CountDeclMethodPrivate,CountDeclMethodDefault,AvgEssential,CountDeclClassVariable,CountDeclClassMethod,AvgLineComment,CountLineComment,CountDeclClass,CountDeclMethodProtected,CountDeclInstanceVariable,CountDeclMethodPublic,RatioCommentToCode,PercentLackOfCohesion,MaxInheritanceTree,CountClassDerived,CountClassCoupled,CountClassBase,CountInput_Mean,CountInput_Min,CountOutput_Min,MaxNesting_Mean,MaxNesting_Min,Added_lines,OWN_LINE,OWN_COMMIT,MINOR_COMMIT,MAJOR_LINE,target
0.0,0.0,1.0,0.0,1.0,4.0,61.0,1.0,0.0,2.0,11.0,1.07,86.0,1.0,0.0,0.0,2.0,0.73,0.0,1.0,0.64,0.0,0.0,0.96,0.0,0.0,1.0,0
4.0,0.0,2.0,3.0,7.0,12.0,134.0,1.0,0.0,0.0,4.0,0.46,83.0,1.0,0.0,5.0,1.0,5.62,0.0,1.0,1.4,0.0,0.0,0.85,0.0,0.0,2.0,0
0.0,0.0,1.0,0.0,0.0,0.0,20.0,1.0,0.0,0.0,15.0,0.74,0.0,0.0,2.0,3.0,0.0,1.8,1.0,0.0,0.0,0.0,0.0,0.63,0.0,0.0,0.0,1
0.0,0.0,1.0,6.0,0.0,2.0,28.0,1.0,0.0,1.0,2.0,1.75,85.0,1.0,0.0,0.0,1.0,2.5,2.0,1.0,0.0,0.0,0.0,0.52,0.0,0.0,1.0,1
0.0,0.0,1.0,8.0,0.0,9.0,30.0,1.0,0.0,0.0,1.0,0.52,25.0,2.0,0.0,2.0,1.0,18.0,18.0,3.0,1.0,1.0,1.0,0.67,1.0,0.0,1.0,1
3.0,0.0,1.0,3.0,12.0,0.0,23.0,1.0,0.0,0.0,9.0,0.19,88.0,1.0,0.0,4.0,1.0,2.58,0.0,1.0,0.71,0.0,0.0,0.78,0.0,0.0,1.0,0
38.0,35.0,1.0,1.0,0.0,1.0,1068.0,1.0,54.0,0.0,6.0,0.57,95.0,2.0,1.0,21.0,2.0,6.56,0.0,0.0,0.83,0.0,0.0,0.94,0.0,0.0,5.0,1
0.0,0.0,1.0,0.0,0.0,9.0,49.0,1.0,0.0,0.0,2.0,2.33,0.0,4.0,0.0,3.0,1.0,1.5,1.0,2.0,0.6,0.0,0.0,0.92,0.0,0.0,0.0,0
8.0,0.0,2.0,4.0,8.0,3.0,91.0,1.0,0.0,1.0,8.0,0.33,93.0,1.0,0.0,16.0,2.0,4.56,0.0,1.0,1.33,0.0,4.0,0.38,1.0,0.0,3.0,0
2.0,0.0,1.0,3.0,0.0,4.0,118.0,3.0,0.0,8.0,17.0,0.52,88.0,2.0,0.0,6.0,2.0,3.05,0.0,1.0,0.78,0.0,0.0,1.0,0.0,0.0,0.0,0
0.0,5.0,1.0,2.0,0.0,1.0,31.0,1.0,0.0,0.0,0.0,0.24,70.0,2.0,0.0,0.0,1.0,2.4,0.0,1.0,1.14,0.0,0.0,0.97,0.0,0.0,1.0,0
1.0,1.0,1.0,9.0,0.0,5.0,116.0,1.0,12.0,15.0,0.0,0.77,88.0,1.0,0.0,5.0,1.0,4.64,1.0,1.0,1.06,0.0,0.0,0.8,0.0,0.0,1.0,1
0.0,0.0,1.0,6.0,1.0,3.0,99.0,1.0,0.0,11.0,17.0,0.5,83.0,2.0,0.0,7.0,1.0,6.53,0.0,1.0,0.74,0.0,15.0,0.86,1.0,0.0,2.0,1
2.0,0.0,2.0,0.0,4.0,9.0,77.0,1.0,0.0,0.0,3.0,1.0,0.0,1.0,0.0,14.0,1.0,3.6,0.0,1.0,1.43,0.0,0.0,0.96,1.0,0.0,2.0,0
0.0,2.0,1.0,0.0,0.0,5.0,349.0,1.0,0.0,0.0,3.0,29.08,0.0,0.0,1.0,2.0,0.0,2.2,1.0,1.0,0.0,0.0,1.0,0.98,1.0,0.0,2.0,1
0.0,0.0,0.0,0.0,0.0,0.0,15.0,1.0,0.0,2.0,0.0,3.0,0.0,0.0,0.0,0.0,0.0,0.0,0.0,0.0,0.0,0.0,0.0,0.8,0.0,0.0,0.0,0
0.0,0.0,1.0,0.0,0.0,12.0,123.0,1.0,0.0,0.0,6.0,12.3,0.0,0.0,10.0,1.0,0.0,3.67,1.0,0.0,0.67,0.0,2.0,0.93,1.0,0.0,3.0,0
0.0,0.0,1.0,0.0,0.0,0.0,19.0,1.0,0.0,0.0,1.0,3.17,0.0,2.0,0.0,0.0,1.0,2.0,2.0,1.0,0.0,0.0,0.0,0.82,0.0,0.0,0.0,0
0.0,0.0,1.0,0.0,0.0,11.0,30.0,1.0,0.0,0.0,1.0,3.0,0.0,0.0,1.0,2.0,0.0,2.0,2.0,1.0,0.0,0.0,0.0,0.88,0.0,0.0,0.0,0
2.0,0.0,2.0,2.0,15.0,4.0,98.0,1.0,0.0,0.0,14.0,0.51,81.0,1.0,0.0,2.0,1.0,15.75,1.0,1.0,1.28,0.0,2.0,0.97,0.5,0.0,3.0,1
0.0,0.0,1.0,0.0,0.0,0.0,25.0,1.0,0.0,4.0,9.0,0.4,44.0,2.0,0.0,0.0,2.0,6.33,2.0,1.0,0.64,0.0,0.0,0.95,0.0,0.0,0.0,0
0.0,0.0,1.0,0.0,0.0,17.0,121.0,1.0,0.0,0.0,6.0,4.84,0.0,0.0,1.0,1.0,0.0,2.67,0.0,0.0,0.44,0.0,0.0,0.96,0.0,0.0,1.0,0
0.0,2.0,1.0,0.0,0.0,4.0,91.0,1.0,0.0,0.0,13.0,3.96,0.0,0.0,1.0,7.0,0.0,7.27,1.0,0.0,0.0,0.0,0.0,0.96,0.0,0.0,1.0,0
0.0,0.0,0.0,0.0,0.0,0.0,22.0,1.0,0.0,0.0,0.0,3.14,0.0,1.0,11.0,0.0,1.0,0.0,0.0,0.0,0.0,0.0,0.0,0.85,0.0,0.0,0.0,0
0.0,1.0,1.0,0.0,0.0,6.0,166.0,1.0,0.0,9.0,20.0,0.93,83.0,2.0,0.0,15.0,3.0,11.19,1.0,1.0,0.61,0.0,55.0,0.98,0.67,0.0,1.0,1
0.0,0.0,1.0,0.0,0.0,5.0,84.0,1.0,0.0,4.0,9.0,1.33,63.0,3.0,0.0,3.0,1.0,3.11,0.0,1.0,0.27,0.0,0.0,0.95,1.0,0.0,0.0,0
0.0,0.0,1.0,4.0,0.0,7.0,378.0,1.0,1.0,21.0,40.0,0.92,91.0,2.0,0.0,18.0,5.0,3.9,0.0,1.0,0.44,0.0,36.0,0.97,0.75,0.0,3.0,1
0.0,0.0,1.0,0.0,0.0,7.0,33.0,1.0,0.0,0.0,1.0,3.67,0.0,0.0,6.0,2.0,0.0,4.0,4.0,0.0,0.0,0.0,3.0,0.89,0.5,0.0,0.0,0
0.0,2.0,1.0,0.0,0.0,21.0,71.0,1.0,0.0,0.0,0.0,3.74,0.0,1.0,0.0,0.0,1.0,1.0,0.0,1.0,0.0,0.0,0.0,0.94,0.0,0.0,0.0,0
0.0,0.0,0.0,0.0,0.0,0.0,20.0,1.0,0.0,0.0,0.0,2.86,0.0,3.0,2.0,0.0,2.0,0.0,0.0,0.0,0.0,0.0,0.0,0.84,0.0,0.0,0.0,0
0.0,2.0,1.0,9.0,0.0,49.0,321.0,1.0,0.0,0.0,3.0,7.3,100.0,1.0,3.0,5.0,1.0,1.6,1.0,0.0,0.0,0.0,0.0,0.98,0.0,0.0,2.0,0
0.0,0.0,1.0,0.0,0.0,5.0,29.0,1.0,0.0,0.0,1.0,7.25,0.0,4.0,5.0,1.0,1.0,1.0,1.0,0.0,0.0,0.0,0.0,0.86,0.0,0.0,0.0,0
0.0,0.0,0.0,1.0,0.0,0.0,18.0,1.0,0.0,0.0,0.0,2.57,0.0,3.0,1.0,0.0,2.0,0.0,0.0,0.0,0.0,0.0,0.0,0.83,0.0,0.0,0.0,0
0.0,13.0,1.0,19.0,0.0,23.0,897.0,1.0,0.0,0.0,20.0,7.12,100.0,0.0,1.0,7.0,0.0,19.33,1.0,0.0,0.0,0.0,27.0,0.87,0.5,0.0,2.0,1
0.0,0.0,0.0,0.0,0.0,0.0,24.0,1.0,0.0,0.0,0.0,6.0,0.0,0.0,1.0,0.0,0.0,0.0,0.0,0.0,0.0,0.0,0.0,0.84,0.0,0.0,0.0,0
0.0,0.0,1.0,7.0,0.0,5.0,79.0,1.0,0.0,0.0,5.0,4.94,100.0,1.0,1.0,1.0,1.0,14.2,2.0,1.0,0.0,0.0,0.0,0.95,0.0,0.0,0.0,1
0.0,0.0,1.0,1.0,0.0,6.0,189.0,1.0,0.0,0.0,24.0,2.74,100.0,1.0,1.0,11.0,1.0,1.25,0.0,0.0,0.0,0.0,16.0,0.83,0.67,0.0,4.0,0
0.0,2.0,1.0,0.0,0.0,5.0,90.0,1.0,2.0,1.0,7.0,1.17,27.0,5.0,0.0,5.0,2.0,2.45,1.0,2.0,0.54,0.0,206.0,0.91,0.57,0.0,1.0,1
0.0,0.0,1.0,0.0,0.0,0.0,22.0,1.0,0.0,0.0,5.0,0.63,0.0,2.0,0.0,5.0,1.0,1.6,0.0,1.0,0.71,0.0,0.0,0.92,0.0,0.0,0.0,0
6.0,0.0,1.0,14.0,2.0,4.0,130.0,1.0,0.0,4.0,11.0,0.8,88.0,1.0,0.0,2.0,2.0,4.59,1.0,1.0,0.63,0.0,1.0,0.98,0.5,0.0,3.0,0
0.0,1.0,1.0,2.0,0.0,4.0,337.0,1.0,3.0,2.0,49.0,0.78,81.0,3.0,0.0,13.0,1.0,2.09,0.0,1.0,0.53,0.0,0.0,0.99,1.0,0.0,1.0,1
2.0,0.0,1.0,0.0,0.0,25.0,440.0,3.0,3.0,7.0,9.0,1.59,68.0,1.0,0.0,10.0,2.0,4.0,1.0,0.0,1.0,0.0,0.0,0.85,0.0,0.0,3.0,1
0.0,0.0,1.0,1.0,0.0,0.0,36.0,1.0,0.0,0.0,1.0,3.6,100.0,0.0,3.0,1.0,0.0,4.0,4.0,0.0,0.0,0.0,0.0,0.89,1.0,0.0,0.0,0
0.0,4.0,1.0,0.0,0.0,6.0,44.0,1.0,0.0,0.0,0.0,1.19,0.0,2.0,0.0,2.0,1.0,2.0,1.0,2.0,0.83,0.0,0.0,0.94,0.0,0.0,0.0,0
0.0,3.0,1.0,1.0,0.0,7.0,58.0,1.0,0.0,0.0,2.0,1.93,19.0,3.0,0.0,4.0,1.0,2.2,0.0,1.0,0.43,0.0,6.0,0.85,1.0,0.0,2.0,0
1.0,1.0,1.0,0.0,0.0,7.0,75.0,1.0,0.0,3.0,4.0,1.03,22.0,3.0,0.0,5.0,1.0,4.17,2.0,2.0,1.78,0.0,164.0,1.0,1.0,0.0,0.0,1
14.0,4.0,1.0,6.0,0.0,9.0,1044.0,1.0,13.0,15.0,60.0,0.97,95.0,1.0,1.0,35.0,2.0,6.21,0.0,1.0,0.83,0.0,497.0,0.77,0.33,2.0,10.0,1
3.0,0.0,1.0,0.0,0.0,7.0,106.0,1.0,0.0,0.0,6.0,0.94,0.0,2.0,1.0,9.0,1.0,3.89,0.0,2.0,0.91,0.0,3.0,0.95,1.0,0.0,3.0,0
0.0,0.0,1.0,0.0,0.0,9.0,44.0,1.0,1.0,0.0,2.0,1.91,0.0,3.0,0.0,5.0,1.0,2.33,1.0,2.0,0.5,0.0,0.0,1.0,0.0,0.0,0.0,0
0.0,0.0,1.0,0.0,0.0,10.0,45.0,1.0,0.0,0.0,3.0,1.88,0.0,3.0,0.0,3.0,1.0,3.0,1.0,2.0,0.5,0.0,0.0,0.98,0.0,0.0,1.0,0
1.0,11.0,2.0,0.0,0.0,10.0,147.0,1.0,0.0,5.0,0.0,0.77,44.0,2.0,0.0,6.0,1.0,4.67,0.0,1.0,1.0,0.0,368.0,1.0,1.0,0.0,0.0,0
0.0,1.0,1.0,0.0,0.0,13.0,74.0,1.0,0.0,3.0,3.0,1.42,16.0,2.0,0.0,6.0,1.0,5.0,0.0,1.0,1.17,0.0,172.0,0.96,0.5,0.0,1.0,0
1.0,0.0,1.0,0.0,0.0,5.0,50.0,1.0,4.0,8.0,0.0,0.45,70.0,1.0,1.0,3.0,1.0,6.0,1.0,1.0,2.29,0.0,75.0,0.56,1.0,0.0,1.0,0
0.0,0.0,1.0,0.0,0.0,0.0,21.0,1.0,0.0,0.0,12.0,0.91,0.0,0.0,2.0,6.0,0.0,1.83,1.0,0.0,0.0,0.0,8.0,0.79,1.0,0.0,0.0,0
6.0,3.0,1.0,0.0,1.0,16.0,360.0,1.0,5.0,3.0,5.0,1.04,61.0,1.0,0.0,31.0,2.0,5.53,0.0,1.0,0.95,0.0,35.0,0.81,0.2,0.0,7.0,1
0.0,0.0,1.0,15.0,0.0,20.0,221.0,1.0,5.0,0.0,4.0,0.43,74.0,2.0,0.0,25.0,1.0,7.89,2.0,3.0,1.27,0.0,8.0,0.99,0.5,0.0,1.0,1
7.0,29.0,1.0,1.0,0.0,11.0,441.0,1.0,0.0,7.0,1.0,0.61,87.0,1.0,0.0,26.0,1.0,9.81,3.0,1.0,1.21,0.0,0.0,0.96,1.0,0.0,3.0,1
0.0,2.0,1.0,0.0,0.0,6.0,42.0,1.0,0.0,1.0,2.0,0.74,75.0,4.0,1.0,11.0,1.0,2.5,1.0,2.0,0.0,0.0,0.0,0.95,1.0,0.0,0.0,0
0.0,0.0,2.0,0.0,0.0,10.0,166.0,1.0,1.0,3.0,7.0,0.79,45.0,3.0,0.0,19.0,1.0,4.25,2.0,2.0,2.1,0.0,19.0,0.83,0.8,0.0,4.0,1
1.0,0.0,2.0,0.0,0.0,14.0,153.0,1.0,0.0,8.0,8.0,0.47,58.0,4.0,0.0,34.0,1.0,8.11,0.0,1.0,1.91,0.0,79.0,0.68,0.56,0.0,2.0,1
0.0,1.0,1.0,0.0,0.0,2.0,35.0,1.0,0.0,2.0,5.0,0.76,66.0,1.0,0.0,0.0,2.0,1.83,0.0,0.0,0.38,0.0,0.0,0.94,0.0,0.0,0.0,0
0.0,0.0,1.0,0.0,0.0,6.0,41.0,1.0,0.0,2.0,3.0,0.73,50.0,4.0,0.0,11.0,1.0,1.67,0.0,1.0,1.2,0.0,0.0,0.95,1.0,0.0,0.0,0
0.0,0.0,1.0,0.0,0.0,5.0,43.0,1.0,0.0,0.0,4.0,1.05,0.0,4.0,0.0,6.0,1.0,0.25,0.0,1.0,0.5,0.0,0.0,0.67,1.0,0.0,0.0,1
3.0,0.0,2.0,0.0,0.0,36.0,338.0,1.0,0.0,2.0,5.0,0.7,75.0,4.0,0.0,24.0,1.0,8.5,4.0,2.0,1.5,0.0,979.0,0.86,0.45,0.0,2.0,1
0.0,8.0,2.0,0.0,0.0,9.0,219.0,1.0,0.0,8.0,12.0,0.71,90.0,4.0,0.0,30.0,2.0,2.8,0.0,0.0,1.68,0.0,26.0,0.94,0.33,0.0,4.0,1
4.0,2.0,1.0,0.0,0.0,10.0,236.0,1.0,1.0,2.0,11.0,1.1,55.0,3.0,0.0,20.0,1.0,3.06,0.0,1.0,0.8,0.0,3.0,0.97,0.33,0.0,3.0,0
1.0,3.0,2.0,0.0,0.0,22.0,167.0,1.0,0.0,6.0,2.0,0.55,52.0,4.0,0.0,33.0,1.0,8.83,2.0,1.0,1.62,0.0,24.0,0.99,0.5,0.0,1.0,0
0.0,1.0,1.0,0.0,0.0,18.0,80.0,1.0,0.0,3.0,2.0,0.62,22.0,4.0,0.0,17.0,1.0,9.67,3.0,1.0,1.4,0.0,2.0,0.98,0.5,0.0,1.0,1
2.0,2.0,2.0,3.0,0.0,8.0,172.0,1.0,0.0,37.0,12.0,0.34,87.0,4.0,1.0,25.0,2.0,8.56,0.0,1.0,2.0,0.0,41.0,0.95,0.38,0.0,5.0,1
1.0,0.0,1.0,1.0,0.0,5.0,88.0,1.0,2.0,12.0,8.0,0.75,86.0,1.0,1.0,3.0,2.0,7.27,0.0,1.0,0.31,0.0,0.0,0.97,1.0,0.0,1.0,0
0.0,0.0,1.0,0.0,0.0,4.0,47.0,1.0,0.0,3.0,6.0,0.55,55.0,3.0,1.0,3.0,1.0,5.67,0.0,2.0,0.0,0.0,0.0,0.96,1.0,0.0,1.0,0
0.0,0.0,1.0,0.0,0.0,5.0,48.0,1.0,0.0,4.0,5.0,0.71,60.0,2.0,0.0,3.0,1.0,5.0,0.0,2.0,0.43,0.0,0.0,0.96,1.0,0.0,1.0,0
0.0,0.0,1.0,0.0,0.0,5.0,133.0,1.0,0.0,15.0,20.0,0.65,84.0,1.0,0.0,4.0,2.0,3.25,1.0,1.0,0.64,0.0,0.0,0.98,1.0,0.0,1.0,0
2.0,3.0,2.0,0.0,0.0,9.0,97.0,1.0,0.0,7.0,2.0,1.15,69.0,3.0,4.0,8.0,1.0,6.71,1.0,1.0,1.0,0.0,204.0,1.0,0.67,0.0,0.0,0
0.0,1.0,1.0,0.0,0.0,6.0,33.0,1.0,0.0,0.0,1.0,2.06,0.0,3.0,0.0,2.0,1.0,1.0,0.0,1.0,0.0,0.0,1.0,0.89,0.5,0.0,1.0,1
0.0,0.0,1.0,0.0,0.0,2.0,28.0,1.0,0.0,3.0,2.0,0.88,16.0,2.0,0.0,5.0,1.0,6.0,3.0,2.0,0.0,0.0,0.0,0.92,1.0,0.0,0.0,0
3.0,0.0,2.0,0.0,2.0,13.0,176.0,1.0,0.0,5.0,8.0,0.48,70.0,1.0,0.0,23.0,2.0,5.0,1.0,1.0,1.46,0.0,1.0,0.9,1.0,0.0,3.0,1
6.0,1.0,1.0,4.0,3.0,15.0,516.0,1.0,10.0,2.0,12.0,0.63,92.0,2.0,0.0,21.0,1.0,5.69,0.0,1.0,1.91,0.0,25.0,0.98,0.67,0.0,3.0,0
3.0,0.0,1.0,1.0,2.0,8.0,126.0,1.0,2.0,1.0,4.0,1.38,66.0,1.0,0.0,9.0,1.0,4.78,2.0,1.0,0.45,0.0,10.0,0.94,0.5,0.0,2.0,0
0.0,0.0,6.0,0.0,0.0,60.0,148.0,1.0,2.0,0.0,0.0,0.58,0.0,3.0,1.0,16.0,1.0,19.0,2.0,1.0,5.25,0.0,6.0,0.98,0.33,0.0,3.0,1
3.0,1.0,1.0,0.0,0.0,13.0,120.0,1.0,0.0,3.0,3.0,0.59,71.0,1.0,0.0,22.0,2.0,4.86,0.0,1.0,2.56,0.0,4.0,0.97,0.67,0.0,3.0,1
0.0,0.0,1.0,0.0,0.0,9.0,123.0,1.0,0.0,0.0,3.0,5.86,0.0,5.0,0.0,1.0,1.0,1.0,1.0,1.0,0.0,0.0,162.0,1.0,1.0,0.0,0.0,0
0.0,0.0,1.0,2.0,0.0,7.0,124.0,1.0,0.0,1.0,11.0,0.95,81.0,1.0,0.0,23.0,3.0,2.45,0.0,0.0,0.62,0.0,26.0,0.9,0.67,0.0,2.0,0
0.0,1.0,1.0,0.0,0.0,25.0,111.0,1.0,0.0,0.0,2.0,1.88,0.0,4.0,0.0,10.0,2.0,6.0,2.0,1.0,0.6,0.0,0.0,0.96,1.0,0.0,2.0,1
0.0,0.0,1.0,0.0,0.0,69.0,253.0,1.0,0.0,4.0,3.0,2.61,25.0,3.0,0.0,9.0,2.0,8.67,6.0,1.0,1.0,1.0,2.0,0.97,1.0,0.0,3.0,0
0.0,2.0,1.0,0.0,0.0,7.0,87.0,1.0,0.0,4.0,4.0,0.71,45.0,3.0,1.0,10.0,1.0,6.5,2.0,2.0,1.75,0.0,5.0,0.96,1.0,0.0,2.0,0
0.0,1.0,1.0,0.0,0.0,2.0,38.0,1.0,0.0,1.0,3.0,0.73,25.0,3.0,0.0,6.0,1.0,3.25,2.0,2.0,1.0,1.0,2.0,0.93,1.0,0.0,1.0,0
0.0,0.0,1.0,1.0,0.0,5.0,134.0,1.0,1.0,1.0,19.0,1.15,80.0,2.0,0.0,9.0,1.0,1.2,0.0,1.0,0.23,0.0,3.0,0.97,1.0,0.0,2.0,0
5.0,0.0,1.0,7.0,2.0,6.0,433.0,1.0,14.0,8.0,15.0,0.85,87.0,4.0,0.0,19.0,1.0,5.85,0.0,1.0,1.06,0.0,2.0,0.88,1.0,0.0,3.0,1
0.0,0.0,1.0,0.0,0.0,4.0,98.0,1.0,1.0,6.0,9.0,0.92,70.0,3.0,0.0,12.0,1.0,3.9,0.0,1.0,0.42,0.0,3.0,0.95,1.0,0.0,3.0,0
0.0,0.0,1.0,0.0,0.0,4.0,91.0,1.0,1.0,2.0,12.0,0.84,61.0,2.0,0.0,13.0,2.0,2.08,0.0,1.0,0.67,0.0,1.0,0.97,1.0,0.0,2.0,0
0.0,0.0,1.0,0.0,0.0,3.0,59.0,1.0,0.0,4.0,8.0,0.6,34.0,2.0,0.0,11.0,1.0,4.0,0.0,1.0,0.9,0.0,2.0,0.96,1.0,0.0,2.0,0
0.0,0.0,1.0,9.0,23.0,6.0,229.0,1.0,0.0,0.0,23.0,0.65,89.0,1.0,0.0,4.0,1.0,7.39,2.0,1.0,1.24,0.0,0.0,0.99,0.0,0.0,2.0,0
6.0,0.0,1.0,5.0,0.0,4.0,218.0,1.0,2.0,7.0,21.0,0.5,79.0,1.0,0.0,6.0,1.0,7.72,2.0,1.0,0.68,0.0,0.0,0.99,0.0,0.0,2.0,0
0.0,0.0,1.0,0.0,0.0,3.0,44.0,1.0,2.0,1.0,3.0,0.96,19.0,2.0,0.0,6.0,1.0,3.0,0.0,1.0,0.43,0.0,1.0,0.94,1.0,0.0,1.0,0
0.0,0.0,1.0,3.0,0.0,8.0,223.0,1.0,0.0,0.0,23.0,6.19,100.0,0.0,3.0,1.0,0.0,5.96,0.0,0.0,0.0,0.0,18.0,0.98,1.0,0.0,1.0,0
0.0,1.0,1.0,0.0,0.0,8.0,67.0,1.0,0.0,1.0,4.0,1.4,19.0,2.0,0.0,1.0,1.0,3.0,2.0,1.0,1.43,0.0,0.0,0.95,0.0,0.0,1.0,0
0.0,1.0,1.0,0.0,0.0,3.0,71.0,1.0,0.0,1.0,11.0,0.73,33.0,2.0,1.0,11.0,2.0,3.42,1.0,2.0,1.14,0.0,0.0,0.96,0.0,0.0,2.0,0
1.0,0.0,1.0,1.0,5.0,10.0,152.0,1.0,0.0,1.0,11.0,1.04,87.0,1.0,0.0,1.0,1.0,6.17,2.0,2.0,1.4,0.0,0.0,0.98,0.0,0.0,2.0,0
1.0,0.0,1.0,0.0,1.0,1.0,21.0,1.0,0.0,0.0,1.0,1.11,0.0,3.0,0.0,4.0,1.0,0.5,0.0,2.0,0.0,0.0,52.0,1.0,1.0,0.0,0.0,0
0.0,0.0,1.0,0.0,0.0,0.0,23.0,1.0,0.0,0.0,8.0,0.32,0.0,2.0,0.0,0.0,1.0,4.25,0.0,1.0,0.7,0.0,0.0,0.94,1.0,0.0,0.0,0
0.0,10.0,1.0,22.0,11.0,2.0,46.0,1.0,0.0,0.0,1.0,0.17,83.0,1.0,0.0,3.0,1.0,6.45,1.0,2.0,1.77,0.0,0.0,0.98,1.0,0.0,1.0,0
0.0,0.0,1.0,0.0,0.0,2.0,33.0,1.0,0.0,4.0,6.0,0.37,58.0,1.0,0.0,0.0,1.0,4.67,4.0,1.0,1.25,0.0,0.0,0.84,0.0,0.0,1.0,0
0.0,0.0,1.0,3.0,2.0,1.0,25.0,1.0,0.0,0.0,2.0,0.38,16.0,1.0,0.0,1.0,1.0,4.0,3.0,4.0,1.75,1.0,0.0,0.94,0.0,0.0,0.0,0
1.0,0.0,1.0,0.0,1.0,1.0,23.0,1.0,0.0,0.0,1.0,0.72,0.0,1.0,0.0,1.0,1.0,1.5,0.0,1.0,1.5,0.0,0.0,0.9,0.0,0.0,0.0,0
0.0,0.0,1.0,1.0,1.0,1.0,50.0,1.0,0.0,1.0,15.0,0.29,46.0,3.0,0.0,1.0,1.0,1.53,0.0,1.0,0.41,0.0,0.0,0.96,0.0,0.0,2.0,1
2.0,0.0,2.0,3.0,2.0,1.0,29.0,1.0,0.0,1.0,1.0,0.22,58.0,2.0,0.0,4.0,1.0,4.33,1.0,2.0,2.6,0.0,13.0,0.91,1.0,0.0,1.0,0
3.0,0.0,1.0,4.0,4.0,2.0,28.0,2.0,0.0,0.0,2.0,0.33,68.0,1.0,0.0,2.0,2.0,2.6,1.0,1.0,1.12,0.0,0.0,0.87,0.0,0.0,1.0,0
7.0,0.0,1.0,0.0,3.0,10.0,293.0,1.0,0.0,0.0,20.0,0.37,0.0,4.0,0.0,2.0,1.0,1.26,0.0,2.0,0.9,0.0,24.0,0.98,0.5,0.0,3.0,1
2.0,0.0,1.0,0.0,2.0,2.0,130.0,1.0,2.0,1.0,39.0,0.32,16.0,4.0,0.0,2.0,1.0,1.44,0.0,1.0,0.62,0.0,3.0,0.77,1.0,0.0,1.0,1
18.0,2.0,1.0,6.0,1.0,1.0,101.0,3.0,2.0,5.0,17.0,0.16,90.0,4.0,0.0,3.0,1.0,2.82,0.0,0.0,0.65,0.0,0.0,1.0,0.0,0.0,0.0,0
1.0,2.0,1.0,0.0,2.0,1.0,28.0,1.0,0.0,0.0,0.0,1.12,0.0,2.0,3.0,0.0,1.0,1.67,0.0,1.0,0.0,0.0,0.0,1.0,0.0,0.0,0.0,0
0.0,0.0,1.0,0.0,1.0,6.0,53.0,1.0,0.0,0.0,5.0,1.18,0.0,4.0,0.0,2.0,1.0,0.6,0.0,2.0,0.0,0.0,0.0,0.91,0.0,0.0,1.0,1
3.0,0.0,1.0,0.0,4.0,4.0,54.0,1.0,0.0,0.0,1.0,0.33,0.0,1.0,0.0,3.0,1.0,4.25,2.0,2.0,2.17,1.0,0.0,0.94,0.5,0.0,0.0,0
0.0,0.0,1.0,0.0,1.0,4.0,23.0,1.0,0.0,0.0,1.0,0.64,0.0,2.0,0.0,2.0,1.0,3.0,3.0,11.0,1.0,1.0,0.0,0.92,0.0,0.0,0.0,0
1.0,0.0,1.0,0.0,3.0,19.0,258.0,2.0,1.0,0.0,8.0,0.42,0.0,4.0,0.0,4.0,2.0,6.5,0.0,1.0,1.15,0.0,848.0,0.82,0.33,0.0,1.0,1
1.0,0.0,1.0,0.0,1.0,11.0,51.0,1.0,0.0,0.0,1.0,0.65,0.0,3.0,0.0,55.0,1.0,1.0,1.0,2.0,1.8,0.0,76.0,0.63,0.42,4.0,5.0,1
1.0,0.0,1.0,0.0,1.0,5.0,77.0,2.0,4.0,1.0,7.0,1.1,33.0,4.0,0.0,2.0,2.0,1.0,0.0,1.0,0.0,0.0,331.0,1.0,0.67,0.0,0.0,0
1.0,0.0,1.0,0.0,2.0,6.0,36.0,1.0,0.0,0.0,1.0,0.37,0.0,1.0,0.0,1.0,1.0,2.5,2.0,3.0,2.5,1.0,0.0,0.96,0.0,0.0,1.0,0
0.0,0.0,1.0,0.0,1.0,5.0,63.0,1.0,2.0,0.0,6.0,0.43,0.0,4.0,0.0,1.0,1.0,0.5,0.0,2.0,0.5,0.0,366.0,0.79,0.67,0.0,0.0,0
21.0,0.0,1.0,0.0,22.0,0.0,50.0,1.0,0.0,0.0,1.0,0.13,0.0,1.0,0.0,4.0,1.0,4.59,1.0,1.0,0.71,0.0,0.0,0.97,1.0,0.0,1.0,0
0.0,0.0,1.0,0.0,0.0,0.0,20.0,1.0,0.0,0.0,5.0,0.22,0.0,2.0,0.0,0.0,1.0,1.4,0.0,1.0,0.86,0.0,0.0,0.96,0.0,0.0,1.0,0
0.0,0.0,1.0,0.0,0.0,1.0,28.0,1.0,0.0,0.0,2.0,0.93,0.0,4.0,0.0,0.0,1.0,0.5,0.0,2.0,0.0,0.0,0.0,0.99,0.0,0.0,1.0,1
0.0,2.0,1.0,9.0,0.0,5.0,124.0,1.0,11.0,0.0,4.0,0.42,92.0,1.0,4.0,4.0,1.0,7.41,0.0,0.0,0.84,0.0,0.0,0.62,1.0,0.0,2.0,0
0.0,0.0,1.0,0.0,2.0,1.0,23.0,1.0,0.0,0.0,2.0,0.74,0.0,1.0,0.0,0.0,1.0,2.0,1.0,2.0,0.75,0.0,0.0,0.86,0.0,0.0,0.0,0
0.0,0.0,1.0,0.0,1.0,6.0,64.0,1.0,0.0,0.0,5.0,0.85,0.0,4.0,0.0,4.0,1.0,0.8,0.0,2.0,1.0,0.0,0.0,0.58,0.0,0.0,0.0,1
1.0,8.0,1.0,3.0,1.0,1.0,45.0,1.0,0.0,0.0,1.0,0.33,80.0,1.0,1.0,2.0,1.0,4.0,2.0,1.0,1.0,0.0,0.0,0.97,1.0,0.0,1.0,0
0.0,0.0,1.0,1.0,1.0,2.0,35.0,1.0,0.0,0.0,3.0,0.85,66.0,5.0,0.0,0.0,1.0,3.0,1.0,2.0,0.6,0.0,0.0,1.0,0.0,0.0,0.0,0
5.0,0.0,2.0,1.0,1.0,7.0,125.0,1.0,0.0,0.0,9.0,0.35,92.0,5.0,0.0,5.0,1.0,3.07,1.0,1.0,1.06,0.0,401.0,0.39,0.2,0.0,2.0,1
0.0,1.0,1.0,0.0,0.0,8.0,239.0,1.0,1.0,1.0,23.0,2.08,4.0,1.0,0.0,2.0,2.0,1.32,0.0,1.0,0.0,0.0,15.0,0.96,0.67,0.0,2.0,0
0.0,0.0,1.0,0.0,1.0,7.0,52.0,1.0,1.0,1.0,3.0,1.0,50.0,5.0,4.0,2.0,1.0,3.25,2.0,2.0,0.67,0.0,0.0,0.95,1.0,0.0,1.0,1
0.0,0.0,1.0,0.0,10.0,0.0,21.0,1.0,0.0,0.0,10.0,0.42,0.0,1.0,1.0,0.0,1.0,0.1,0.0,2.0,0.0,0.0,0.0,0.93,0.0,0.0,0.0,0
28.0,0.0,3.0,46.0,1.0,2.0,126.0,1.0,0.0,12.0,2.0,0.12,92.0,1.0,0.0,0.0,1.0,7.07,2.0,1.0,1.78,0.0,1304.0,0.99,0.75,0.0,1.0,0
3.0,0.0,1.0,2.0,0.0,5.0,98.0,1.0,0.0,7.0,9.0,0.75,70.0,2.0,0.0,1.0,1.0,5.17,0.0,0.0,0.79,0.0,0.0,1.0,0.0,0.0,0.0,0
3.0,1.0,1.0,0.0,18.0,0.0,25.0,1.0,0.0,0.0,15.0,0.16,0.0,1.0,0.0,2.0,1.0,0.79,0.0,0.0,0.57,0.0,0.0,0.97,0.0,0.0,1.0,0
0.0,1.0,1.0,0.0,0.0,0.0,24.0,1.0,0.0,3.0,1.0,1.5,0.0,3.0,0.0,1.0,1.0,6.5,4.0,2.0,0.0,0.0,4.0,1.0,1.0,0.0,0.0,1
1.0,0.0,1.0,0.0,0.0,5.0,45.0,1.0,2.0,2.0,1.0,0.78,25.0,2.0,1.0,1.0,1.0,4.0,1.0,1.0,1.83,0.0,0.0,0.99,0.0,0.0,1.0,1
0.0,1.0,1.0,1.0,5.0,4.0,58.0,2.0,0.0,3.0,8.0,0.59,62.0,1.0,0.0,2.0,3.0,6.22,1.0,1.0,0.5,0.0,185.0,0.93,0.5,0.0,2.0,0
0.0,0.0,1.0,0.0,1.0,4.0,45.0,1.0,0.0,0.0,6.0,1.0,0.0,6.0,0.0,1.0,1.0,1.83,0.0,1.0,0.38,0.0,0.0,1.0,0.0,0.0,0.0,0
0.0,0.0,1.0,0.0,0.0,1.0,30.0,1.0,0.0,2.0,5.0,0.67,60.0,2.0,0.0,5.0,1.0,3.6,2.0,1.0,1.29,0.0,0.0,1.0,0.0,0.0,0.0,0
0.0,0.0,1.0,0.0,0.0,1.0,23.0,1.0,0.0,0.0,2.0,1.35,0.0,2.0,0.0,0.0,1.0,1.5,1.0,1.0,0.0,0.0,52.0,1.0,0.5,0.0,0.0,0
0.0,0.0,1.0,0.0,0.0,5.0,99.0,1.0,5.0,3.0,6.0,1.48,78.0,1.0,13.0,3.0,3.0,32.64,0.0,0.0,0.23,0.0,3.0,0.99,0.5,0.0,1.0,0
2.0,0.0,1.0,1.0,0.0,1.0,35.0,1.0,2.0,1.0,1.0,0.24,70.0,2.0,0.0,6.0,1.0,5.0,1.0,1.0,0.71,0.0,0.0,1.0,1.0,0.0,0.0,0
0.0,0.0,1.0,3.0,2.0,0.0,17.0,1.0,2.0,1.0,2.0,0.81,75.0,4.0,0.0,0.0,1.0,3.25,2.0,1.0,0.0,0.0,0.0,1.0,0.0,0.0,0.0,0
2.0,9.0,1.0,1.0,0.0,6.0,198.0,5.0,2.0,4.0,12.0,0.33,90.0,2.0,1.0,22.0,2.0,2.84,0.0,0.0,0.48,0.0,1.0,0.99,1.0,0.0,2.0,0
2.0,0.0,1.0,0.0,3.0,4.0,41.0,1.0,0.0,0.0,2.0,1.17,0.0,1.0,0.0,5.0,1.0,1.75,0.0,1.0,0.57,0.0,0.0,1.0,0.0,0.0,0.0,0
0.0,1.0,1.0,0.0,0.0,0.0,17.0,1.0,0.0,3.0,1.0,1.0,0.0,1.0,0.0,0.0,1.0,4.0,3.0,1.0,0.0,0.0,0.0,0.86,0.0,0.0,0.0,0
0.0,2.0,2.0,0.0,0.0,1.0,30.0,1.0,0.0,2.0,2.0,0.94,50.0,1.0,0.0,2.0,1.0,4.0,2.0,1.0,0.67,0.0,2.0,0.9,1.0,0.0,1.0,0
0.93,0.93,0.93,1.39,0.0,3.71,91.49,1.0,0.0,17.14,5.56,1.84,40.31,2.39,6.37,11.58,1.46,3.97,0.0,0.46,0.93,0.0,18.99,0.9,0.17,0.0,2.32,0
0.0,0.84,1.0,2.64,0.16,3.84,298.77,1.0,2.52,3.45,43.86,0.74,81.32,2.84,0.0,12.04,1.0,2.81,0.0,1.0,0.56,0.0,2.41,0.97,1.0,0.0,1.16,0
0.41,0.0,1.0,0.0,0.83,5.41,72.87,1.0,2.93,1.76,3.93,1.02,45.65,1.0,7.61,2.17,2.17,20.14,0.83,1.24,1.17,0.41,1.76,0.98,0.29,0.0,1.0,0
0.0,0.43,1.0,0.89,0.0,6.0,173.5,1.0,0.0,0.0,21.43,2.57,89.31,1.11,0.89,10.04,1.0,1.33,0.11,0.21,0.09,0.0,14.29,0.84,0.6,0.0,3.57,0
1.46,0.0,1.73,0.0,2.92,7.65,82.68,1.0,0.27,1.62,4.62,0.98,18.94,1.54,0.0,13.46,1.0,3.68,0.0,1.0,1.15,0.0,0.81,0.96,1.0,0.0,2.27,0
0.0,0.9,1.0,0.0,0.0,5.41,31.93,1.0,0.0,0.0,1.39,1.92,0.0,2.9,0.0,2.29,1.0,1.06,0.0,1.0,0.07,0.0,0.9,0.89,0.45,0.0,0.9,1
1.07,0.93,1.0,5.78,0.0,4.46,120.78,2.07,5.1,4.29,10.98,0.47,89.85,1.54,1.85,5.07,1.54,5.07,0.0,0.54,0.81,0.0,0.0,0.82,0.46,0.0,0.93,0
0.0,0.79,1.0,0.0,0.0,2.62,40.06,1.0,0.0,1.62,3.41,0.73,32.2,2.79,0.0,5.38,1.0,3.61,1.59,2.0,0.88,0.79,1.59,0.94,1.0,0.0,1.0,0
0.0,0.77,1.0,0.61,0.0,1.93,156.7,1.0,0.0,0.0,1.77,13.43,61.44,0.0,2.23,1.39,0.0,3.31,2.84,0.39,0.0,0.0,0.39,0.93,1.0,0.0,0.77,0
0.0,0.0,1.0,0.0,0.0,3.56,60.74,1.0,0.0,0.0,10.25,2.76,0.0,1.98,1.21,2.21,0.4,1.48,1.0,0.4,0.0,0.0,64.07,0.78,0.4,0.0,0.0,0
0.12,0.0,1.0,5.26,0.25,2.49,28.99,1.0,0.0,0.88,1.88,1.58,74.51,1.0,0.0,0.12,1.0,2.5,2.0,1.25,0.31,0.12,0.0,0.57,0.0,0.0,1.0,0
0.0,1.22,1.0,5.49,0.0,31.05,218.77,1.0,0.0,1.56,4.95,4.69,74.25,1.39,1.83,7.34,1.0,2.54,0.61,0.39,0.35,0.0,0.78,0.97,0.39,0.0,2.0,0
0.0,0.4,1.0,0.0,0.0,17.79,111.09,1.0,0.0,0.0,4.81,4.62,0.0,0.2,0.8,0.8,0.2,2.34,0.0,0.2,0.36,0.0,0.0,0.96,0.0,0.0,0.8,0
0.46,0.0,1.46,8.05,0.0,17.22,189.47,1.0,2.68,3.71,5.85,0.45,66.58,2.93,0.0,29.17,1.0,7.99,1.07,2.07,1.57,0.0,40.92,0.85,0.53,0.0,1.46,1
2.7,0.0,1.68,2.03,4.73,8.11,97.02,1.0,0.0,0.0,7.57,0.55,56.08,0.68,0.65,4.35,0.68,4.38,0.32,0.68,0.95,0.0,0.0,0.78,0.0,0.0,1.35,0
0.0,1.0,1.0,0.0,0.0,8.49,72.65,1.0,0.0,2.1,6.61,1.11,23.66,2.0,0.45,8.25,1.45,4.29,0.45,1.45,1.16,0.0,94.46,0.96,0.27,0.0,1.45,0
5.52,1.0,1.0,3.61,2.71,14.23,473.46,1.0,9.04,2.1,11.23,0.67,85.25,2.1,0.0,19.46,1.0,5.54,0.19,1.1,1.89,0.0,38.41,0.98,0.7,0.0,2.71,1
0.0,1.7,1.0,0.15,0.0,4.3,105.93,1.0,0.0,0.0,14.68,3.77,15.23,0.15,1.0,7.61,0.15,6.35,0.85,0.0,0.0,0.0,2.44,0.94,0.1,0.0,1.46,0
1.0,8.58,1.78,0.0,0.0,8.9,125.66,1.0,0.88,5.66,0.0,0.7,49.72,1.78,0.22,5.34,1.0,4.96,0.22,1.0,1.28,0.0,303.54,0.9,1.0,0.0,0.22,0
0.0,1.0,1.0,0.0,0.0,10.68,152.46,1.0,0.0,6.78,15.57,1.16,62.56,2.49,0.0,13.77,2.75,9.91,1.25,1.0,0.61,0.0,41.46,0.98,0.75,0.0,1.25,1
0.93,0.0,1.0,0.0,0.93,1.22,26.07,1.0,0.07,0.14,1.8,1.09,4.41,2.93,0.0,4.65,1.07,0.61,0.0,1.93,0.05,0.0,48.31,1.0,1.0,0.0,0.14,0
0.12,0.0,1.0,0.0,0.12,3.88,52.11,1.0,0.12,2.88,8.03,0.54,52.6,3.06,0.94,2.94,1.0,5.41,0.0,1.94,0.04,0.0,0.18,0.95,1.0,0.0,1.0,0
1.79,1.7,1.0,1.19,0.89,8.68,183.25,1.0,2.98,1.3,4.98,0.71,80.07,3.4,0.7,13.98,1.0,3.45,0.7,1.7,0.57,0.0,7.45,0.96,0.9,0.0,0.89,1
0.77,6.18,1.0,2.32,0.77,1.91,44.54,1.0,0.0,0.0,1.68,0.49,61.77,1.68,0.77,2.91,1.0,3.15,1.54,1.0,0.89,0.0,0.0,0.9,1.0,0.0,0.77,0
0.0,0.0,0.21,0.0,0.0,1.06,45.49,1.0,0.0,3.17,4.23,2.61,17.78,1.0,8.67,0.85,1.21,0.69,0.21,0.21,0.13,0.0,0.0,0.88,0.21,0.0,0.21,0
0.0,0.0,1.0,0.0,0.0,4.0,47.0,1.0,0.0,3.0,6.0,0.55,55.0,3.0,1.0,3.0,1.0,5.67,0.0,2.0,0.0,0.0,0.0,0.96,1.0,0.0,1.0,0
3.27,0.0,1.65,3.77,8.62,6.65,161.01,1.0,0.0,0.0,13.85,0.45,90.96,3.61,0.0,4.65,1.0,4.57,1.35,1.0,1.12,0.0,262.14,0.6,0.13,0.0,2.0,1
17.92,0.0,1.24,0.95,18.68,0.71,59.72,1.0,0.0,0.24,2.66,0.18,22.06,1.0,0.0,6.85,1.24,4.58,0.76,1.0,0.86,0.0,0.95,0.83,1.0,0.0,1.47,0
4.24,1.29,1.0,5.47,2.12,12.07,400.99,1.0,10.29,1.41,9.65,0.57,92.0,1.71,1.17,16.01,1.0,6.19,0.0,0.71,1.59,0.0,17.67,0.87,0.76,0.0,2.71,1
2.05,0.0,1.0,2.73,2.73,2.64,48.03,1.68,0.32,0.64,5.18,0.49,65.77,1.32,0.0,5.5,2.0,2.43,0.68,1.0,0.98,0.0,0.32,0.9,0.32,0.0,1.32,0
0.0,0.0,1.0,0.0,0.7,2.82,38.19,1.0,0.0,0.0,5.7,0.89,0.0,4.82,0.0,2.18,1.0,1.76,0.0,1.0,0.48,0.0,0.0,0.98,0.0,0.0,0.0,0
0.0,0.0,1.0,0.0,0.0,4.34,47.34,1.0,0.0,3.34,5.66,0.6,56.71,2.66,0.66,3.0,1.0,5.44,0.0,2.0,0.15,0.0,0.0,0.96,1.0,0.0,1.0,0
0.97,0.0,1.32,0.0,0.0,15.06,176.57,1.0,3.38,2.68,5.68,1.23,77.03,1.97,8.78,9.82,2.35,24.8,1.3,0.65,0.64,0.0,319.77,0.95,0.49,0.0,1.32,0
1.26,0.0,1.0,0.0,0.0,5.84,72.42,1.0,0.0,2.32,5.42,0.81,34.74,2.0,0.42,5.53,1.0,4.53,0.0,2.0,0.63,0.0,1.26,0.96,1.0,0.0,1.84,0
0.0,0.82,1.0,2.35,0.0,5.76,259.81,1.0,0.59,12.35,28.88,2.17,53.52,1.18,0.41,13.47,2.94,5.29,0.41,0.59,0.26,0.0,21.17,0.97,0.44,0.0,2.18,1
0.98,10.77,1.98,0.0,0.0,9.91,144.38,1.0,0.0,4.89,0.02,0.8,42.99,2.02,0.0,5.91,1.0,4.58,0.0,1.0,0.98,0.0,359.56,1.0,0.99,0.0,0.02,0
0.0,0.0,1.0,0.0,0.84,5.04,48.21,1.0,0.0,0.0,5.48,1.04,0.0,3.68,0.0,1.68,1.0,1.18,0.0,1.84,0.11,0.0,0.0,0.91,0.16,0.0,0.84,0
0.0,0.02,1.0,14.68,0.0,19.61,223.83,1.0,4.95,0.05,5.1,0.44,74.17,2.02,0.0,24.71,1.0,7.75,1.95,2.95,1.25,0.0,7.81,0.99,0.51,0.0,1.0,1
0.6,0.0,1.0,3.6,11.0,13.8,246.4,1.6,0.6,0.0,14.0,0.51,35.59,2.8,0.0,4.0,1.6,6.86,0.8,1.0,1.19,0.0,508.86,0.89,0.2,0.0,1.4,1
0.0,0.34,1.0,0.0,0.0,3.35,95.41,1.0,0.34,0.34,9.04,1.59,1.34,1.66,0.0,0.67,1.34,1.44,0.66,1.0,0.0,0.0,39.6,0.99,0.56,0.0,0.67,0
0.0,0.0,1.0,0.0,0.0,6.06,58.78,1.0,0.0,1.37,5.32,1.99,41.03,1.37,0.32,3.74,0.68,3.3,1.37,0.68,1.02,0.0,0.0,0.99,0.0,0.0,0.32,0
1.28,1.0,1.0,7.74,0.0,6.12,116.56,1.0,10.32,13.32,0.42,0.74,85.61,1.0,0.0,7.39,1.14,4.67,0.86,1.0,1.27,0.0,0.56,0.83,0.09,0.0,1.28,1
0.89,0.21,1.0,0.0,0.89,1.53,25.0,1.0,0.0,0.11,1.11,0.72,7.89,1.32,0.11,2.05,1.0,1.61,0.11,1.11,1.34,0.0,0.0,0.9,0.11,0.0,0.0,0
0.0,0.63,1.0,0.37,0.0,0.0,23.98,1.0,0.0,1.9,1.0,1.95,36.71,0.63,1.1,0.37,0.63,4.0,3.37,0.63,0.0,0.0,0.0,0.87,0.37,0.0,0.0,0
0.08,1.85,1.0,0.0,0.15,6.92,83.17,1.0,0.0,3.7,3.77,0.68,41.62,2.85,0.92,9.32,1.0,6.2,2.0,2.08,1.81,0.08,4.62,0.96,0.92,0.0,1.92,0
0.32,0.84,1.0,0.0,0.48,7.36,62.86,1.0,0.0,0.84,3.68,1.36,15.98,1.84,0.0,1.64,1.0,2.8,1.68,1.0,1.29,0.0,0.0,0.96,0.0,0.0,0.84,0
3.15,0.0,1.03,0.12,0.23,6.88,105.56,1.0,0.0,0.03,6.06,0.92,2.73,1.97,0.97,9.21,1.03,3.91,0.0,1.97,0.92,0.0,3.03,0.93,1.0,0.0,3.0,0
0.9,2.76,1.45,2.0,6.72,2.34,61.02,1.0,0.0,0.0,6.27,0.36,74.93,1.55,0.0,0.9,1.0,8.38,0.45,1.0,1.2,0.0,0.9,0.97,0.22,0.0,1.9,0
0.31,0.0,4.45,0.0,0.31,44.85,118.02,1.0,1.38,0.0,0.31,0.6,0.0,3.0,0.69,28.06,1.0,13.44,1.69,1.31,4.18,0.0,27.64,0.87,0.36,1.24,3.62,1
0.67,0.0,1.0,0.0,0.67,0.67,20.33,1.0,0.0,0.0,1.0,1.8,0.0,2.67,0.0,2.67,1.0,1.0,0.67,1.67,0.0,0.0,34.67,0.94,0.67,0.0,0.0,0
0.0,1.32,1.0,7.99,0.34,33.44,245.9,1.0,0.0,3.72,7.74,5.0,94.25,1.34,1.99,5.68,1.0,3.27,0.66,0.34,0.25,0.0,5.07,0.94,0.34,0.0,2.0,0
0.0,0.0,0.44,0.78,0.0,2.21,50.7,1.0,0.22,0.66,1.55,2.18,9.94,3.0,0.78,4.2,1.78,0.94,0.44,0.44,0.46,0.0,4.2,0.83,0.18,0.0,0.88,0
5.8,0.0,1.0,13.43,1.96,3.88,125.58,1.0,0.0,3.84,10.59,0.81,84.43,1.08,0.0,2.08,1.96,4.42,0.96,1.04,0.61,0.0,3.07,0.98,0.52,0.0,2.88,0
0.0,0.0,1.0,0.0,0.0,3.58,89.7,1.0,0.89,5.37,8.16,1.16,62.64,2.89,0.0,10.74,1.0,3.7,0.21,1.0,0.37,0.0,2.68,0.93,0.89,0.0,2.68,0
0.51,0.49,1.51,0.0,0.0,15.97,117.05,1.0,0.0,5.54,5.05,0.54,40.27,4.0,0.0,25.63,1.0,8.88,1.48,1.0,1.66,0.0,41.08,0.83,0.53,0.0,1.51,1
1.0,0.0,1.0,0.0,0.73,2.07,27.4,1.0,0.53,0.53,1.0,1.02,6.67,2.73,0.27,3.2,1.0,1.43,0.27,1.73,0.49,0.0,38.13,1.0,0.73,0.0,0.27,0
0.0,0.0,5.6,0.0,0.08,55.51,141.03,1.0,1.84,0.16,0.88,0.62,6.89,2.84,0.92,14.72,1.08,17.54,1.84,1.0,4.88,0.0,5.52,0.98,0.31,0.0,2.84,1
11.02,2.01,1.5,5.01,3.97,6.02,570.65,1.0,6.54,8.05,34.17,0.65,94.01,1.0,0.5,25.56,2.0,5.39,0.0,1.0,1.08,0.0,252.13,0.58,0.66,1.01,6.52,1
0.0,0.0,1.0,0.0,1.46,3.18,30.08,1.0,0.0,0.0,2.0,1.17,0.0,1.82,0.0,0.82,1.0,1.86,1.0,2.0,0.71,0.0,0.0,0.88,0.0,0.0,0.0,0
12.81,3.75,1.0,5.49,0.0,8.24,957.02,1.0,11.9,13.98,55.0,0.97,86.95,1.0,0.92,32.04,1.92,6.02,0.25,1.0,0.76,0.0,454.91,0.78,0.31,1.83,9.15,1
2.0,7.68,1.15,1.15,2.2,5.71,183.36,4.41,1.71,3.41,12.29,0.36,88.68,1.85,0.85,19.07,1.85,4.73,0.15,0.15,0.6,0.0,1.15,0.99,0.93,0.0,2.15,0
0.8,0.0,1.0,0.27,0.53,14.6,122.33,1.0,0.53,0.27,5.47,3.92,17.6,0.27,0.73,3.13,0.27,3.23,0.53,0.27,0.45,0.0,2.67,0.96,0.13,0.0,1.27,0
1.38,3.44,1.0,0.38,0.0,5.38,106.59,2.53,3.24,6.47,4.59,0.4,77.65,1.38,1.0,10.26,1.38,4.79,0.62,0.62,1.6,0.0,46.71,0.73,1.0,0.0,1.38,0
0.0,0.0,1.0,0.44,0.0,5.44,60.64,1.0,0.0,0.22,5.52,1.03,17.64,3.35,0.0,9.7,1.44,0.73,0.0,0.78,0.53,0.0,5.66,0.72,0.93,0.0,0.44,0
0.95,0.84,1.0,2.21,0.32,15.79,87.89,1.0,0.0,3.16,3.42,0.65,32.42,3.53,0.0,14.63,1.16,8.86,2.68,1.0,1.28,0.0,1.84,0.98,0.5,0.0,1.32,1
0.85,0.0,0.85,1.85,0.85,0.42,22.66,1.0,0.0,0.42,0.42,1.57,24.59,2.58,0.58,1.7,1.58,1.84,0.42,0.85,1.1,0.0,5.51,0.86,0.42,0.0,0.42,0
0.0,0.26,0.26,0.87,0.0,0.13,19.57,1.0,0.0,0.26,0.26,2.36,6.53,2.74,0.87,0.26,1.87,0.52,0.26,0.13,0.09,0.0,0.26,0.84,0.13,0.0,0.13,0
2.94,0.0,1.02,0.0,0.0,7.06,107.12,1.0,0.02,0.06,6.02,0.94,0.84,2.02,0.98,9.19,1.0,3.9,0.04,2.0,0.93,0.0,3.3,0.95,1.0,0.0,3.02,0
0.64,0.0,1.0,0.0,1.28,8.17,67.41,1.0,0.0,0.0,2.81,4.68,0.0,0.64,3.61,1.0,0.64,2.92,1.64,1.92,1.84,0.64,0.72,0.95,0.36,0.0,1.72,0
0.52,1.05,1.0,0.0,1.05,1.95,42.8,1.0,0.0,1.91,3.82,0.87,16.23,2.0,1.57,5.25,1.0,2.78,0.0,1.0,0.43,0.0,0.95,0.98,0.48,0.0,0.95,0
0.0,0.0,1.0,0.0,0.35,4.65,43.69,1.0,0.0,0.0,4.69,1.03,0.0,4.69,0.0,4.26,1.0,0.8,0.0,1.0,0.46,0.0,0.0,0.78,0.65,0.0,0.0,1
0.0,1.62,1.0,1.92,0.92,4.24,42.82,1.0,0.0,0.0,2.0,1.22,17.62,2.08,0.0,2.62,1.0,3.03,1.38,2.38,1.04,0.46,3.24,0.89,0.54,0.0,1.08,0
0.0,0.01,1.0,0.0,0.99,5.97,63.82,1.0,0.0,0.01,4.99,0.85,0.18,3.99,0.0,4.01,1.0,0.82,0.01,2.0,1.0,0.01,0.01,0.58,0.01,0.0,0.01,1
0.9,7.27,1.0,2.69,0.9,1.1,44.27,1.0,0.0,0.1,1.21,0.37,74.28,1.21,0.9,2.42,1.0,3.92,2.0,1.1,1.0,0.1,0.21,0.97,1.0,0.0,1.0,0
1.62,0.38,1.81,1.62,12.12,7.26,92.82,1.0,0.0,0.0,11.31,1.13,65.46,1.0,0.0,1.62,1.0,12.92,0.81,1.0,1.03,0.0,1.62,0.97,0.4,0.0,2.42,0
0.0,8.34,1.0,12.2,0.0,15.84,596.9,1.0,0.0,1.43,15.7,4.79,76.36,0.72,0.64,8.43,0.36,13.84,0.64,0.36,0.32,0.0,18.05,0.9,0.68,0.0,2.0,1
0.16,2.11,1.0,1.32,4.36,3.52,55.93,1.84,0.0,2.52,6.89,0.55,64.86,1.0,0.16,2.0,2.68,5.87,1.16,1.0,0.58,0.0,155.59,0.94,0.58,0.0,1.84,0
37.58,34.52,1.0,0.99,0.04,1.12,1057.38,1.0,53.26,0.0,6.19,0.57,93.7,2.03,0.99,20.74,1.99,6.49,0.0,0.03,0.83,0.0,0.33,0.94,0.01,0.0,4.97,1
0.21,0.89,1.0,0.0,0.0,18.74,118.01,1.21,0.32,3.42,2.74,0.72,26.86,3.68,0.0,16.26,1.11,9.07,2.79,0.89,1.36,0.0,1.79,0.96,0.45,0.0,1.21,1
0.87,0.0,1.0,0.0,0.87,5.0,77.89,1.87,3.49,1.38,7.25,1.13,36.8,3.87,0.0,2.13,1.87,1.27,0.0,1.0,0.03,0.0,289.04,0.99,0.71,0.0,0.0,0
1.79,0.0,1.9,2.69,1.9,1.52,31.51,1.0,0.0,0.9,1.42,0.32,51.94,2.21,0.0,3.79,1.0,3.94,0.9,2.0,2.33,0.0,11.64,0.91,0.9,0.0,1.0,0
5.54,0.91,1.0,3.64,2.73,14.09,473.04,1.0,9.27,2.0,11.0,0.64,85.89,2.0,0.09,19.18,1.0,5.54,0.09,1.0,1.9,0.0,22.72,0.98,0.61,0.0,2.82,0
0.0,0.0,1.0,0.0,0.6,4.4,25.39,1.0,0.0,0.0,1.0,3.28,0.0,2.8,1.99,1.6,1.0,2.2,2.2,6.61,0.6,0.6,0.0,0.9,0.0,0.0,0.0,0
0.0,0.68,1.0,0.0,0.0,3.51,21.15,1.0,0.0,2.04,1.0,1.64,0.0,0.68,0.32,0.64,0.68,3.36,2.68,1.0,0.0,0.0,0.0,0.87,0.0,0.0,0.0,0
0.0,7.9,1.26,16.22,8.11,1.74,41.8,1.0,0.0,0.53,1.26,0.37,74.33,1.0,0.0,2.74,1.0,5.81,1.26,1.74,1.48,0.0,0.53,0.96,1.0,0.0,1.0,0
5.72,0.95,1.0,4.19,2.86,14.72,493.38,1.0,9.53,1.91,11.49,0.62,88.88,2.0,0.0,20.12,1.0,6.26,0.84,1.09,1.86,0.05,23.88,0.96,0.68,0.0,2.91,1
0.0,0.2,1.0,0.07,0.0,8.87,49.59,1.0,0.0,0.0,2.0,2.3,1.24,3.93,0.0,3.07,1.0,1.55,0.93,1.93,0.59,0.0,0.39,0.92,0.07,0.0,0.13,0
0.0,0.0,1.0,0.54,0.0,3.24,110.91,1.0,0.0,0.0,13.43,2.94,54.06,1.46,0.54,5.95,1.0,1.59,0.92,0.46,0.0,0.0,8.65,0.83,0.36,0.0,2.16,0
0.38,0.92,1.0,0.54,0.15,12.46,101.54,1.0,1.07,3.38,3.92,1.38,21.45,2.15,0.0,7.0,1.0,5.07,0.0,1.0,1.16,0.0,158.96,0.95,0.54,0.0,1.15,0
4.49,1.17,2.0,3.42,3.32,5.92,138.38,1.0,0.0,22.06,10.34,0.34,89.49,2.75,0.58,21.26,2.0,6.9,0.0,1.0,1.72,0.0,25.64,0.72,0.63,0.0,4.17,1
0.0,0.2,0.1,0.9,0.0,0.69,24.82,1.0,0.0,0.4,0.4,2.39,4.45,3.0,1.0,0.99,1.9,0.64,0.2,0.2,0.17,0.0,0.49,0.84,0.1,0.0,0.2,0
0.0,0.25,1.0,0.0,0.0,2.25,42.37,1.0,0.0,3.26,7.23,0.46,51.84,1.25,0.25,2.71,1.25,4.36,3.26,1.25,1.22,0.0,0.0,0.87,0.0,0.0,1.25,0
2.59,0.0,1.0,2.0,0.0,5.27,101.56,1.0,0.0,6.18,9.27,0.78,71.51,1.86,0.0,4.01,1.27,4.8,0.0,0.0,0.76,0.0,3.56,0.99,0.09,0.0,0.27,0
0.88,0.29,1.0,0.0,0.71,6.64,78.29,1.0,0.0,2.29,8.66,0.93,81.6,1.0,0.0,6.45,2.0,1.94,0.0,1.0,1.2,0.0,1.17,0.96,0.2,0.0,1.59,0
1.07,0.14,1.07,1.14,0.0,5.21,93.87,1.0,1.86,13.75,8.28,0.72,86.07,1.21,1.0,4.54,2.0,7.36,0.0,1.0,0.43,0.0,2.87,0.97,0.96,0.0,1.28,0
0.82,0.0,1.0,0.0,2.47,16.51,217.3,1.82,0.82,0.0,6.76,1.63,0.0,4.0,0.89,3.47,1.82,5.52,0.18,0.82,0.95,0.0,697.28,0.83,0.27,0.0,0.82,1
0.24,0.24,1.0,2.12,0.0,53.89,220.67,1.0,2.83,6.6,2.29,2.18,39.87,2.53,0.0,8.06,1.76,7.72,4.82,1.0,1.01,0.76,1.53,0.93,0.76,0.0,2.53,0
0.52,0.48,1.0,0.0,0.52,11.96,62.0,1.0,0.0,1.43,1.96,1.02,7.65,2.52,0.0,31.57,1.0,2.91,0.52,1.52,1.5,0.0,121.9,0.79,0.46,2.09,3.09,1
0.0,0.0,0.76,0.0,0.0,3.82,36.39,1.0,0.0,0.47,3.06,1.51,0.0,3.06,0.0,4.58,0.76,0.19,0.0,0.76,0.38,0.0,0.0,0.7,0.76,0.0,0.0,0
0.02,0.98,1.0,0.0,0.03,0.09,17.29,1.0,0.0,2.95,1.0,0.99,0.0,1.0,0.0,0.02,1.0,3.98,2.98,1.03,0.04,0.02,0.0,0.86,0.0,0.0,0.02,0
0.0,0.0,1.0,0.0,9.72,0.17,21.55,1.0,0.0,0.06,9.81,0.43,1.38,1.08,0.97,0.3,1.0,0.14,0.0,1.97,0.03,0.0,0.0,0.93,0.03,0.0,0.0,0
0.06,0.0,1.0,6.85,0.08,4.98,78.48,1.0,0.0,0.0,4.92,4.84,97.9,1.0,0.98,1.04,1.0,13.99,2.0,1.02,0.05,0.02,0.0,0.95,0.01,0.0,0.0,1
0.92,0.0,1.0,0.48,0.0,4.76,48.23,1.0,3.68,7.44,0.16,0.55,71.21,1.0,0.92,2.76,1.0,5.72,1.08,1.0,2.1,0.0,68.97,0.56,0.92,0.0,1.0,0
0.0,0.6,1.0,0.0,0.0,10.71,55.7,1.0,0.0,1.79,7.26,0.67,13.09,2.38,0.81,11.33,0.6,6.48,2.19,0.6,0.83,0.0,1.19,0.84,0.3,0.0,0.6,0
2.38,0.4,1.0,1.59,1.19,5.95,219.84,1.0,3.97,3.21,10.19,0.49,63.05,2.0,0.0,8.33,1.6,6.08,1.21,1.0,1.14,0.0,9.92,0.96,0.26,0.0,1.19,1
9.17,5.6,1.0,0.62,8.3,3.74,142.15,3.49,1.25,2.49,7.85,0.25,56.03,1.62,0.62,15.21,1.62,3.5,0.38,0.38,0.57,0.0,0.62,0.98,1.0,0.0,1.62,0
0.11,0.21,1.0,0.0,0.21,2.79,42.29,1.0,1.79,0.89,2.68,0.98,16.97,2.0,0.32,5.36,1.0,2.86,0.0,1.0,0.38,0.0,0.89,0.94,0.89,0.0,0.89,0
0.69,0.0,1.0,0.69,2.78,2.31,39.14,1.0,1.54,0.77,4.39,0.78,34.98,1.77,0.0,5.54,1.0,2.9,0.0,1.0,0.49,0.0,0.77,0.9,0.77,0.0,1.0,0
0.0,0.0,1.0,0.0,0.28,3.28,44.28,1.0,1.43,0.72,3.85,0.97,13.59,3.14,0.0,4.58,1.0,2.67,0.0,1.0,0.41,0.0,0.72,0.96,0.72,0.0,0.72,0
1.21,0.0,1.0,1.81,0.4,4.79,92.21,2.21,0.0,4.83,12.24,0.78,53.09,2.79,0.0,4.41,1.6,2.08,0.0,1.4,0.47,0.0,0.0,0.96,0.0,0.0,0.4,0
0.0,0.0,1.0,0.0,0.46,8.27,45.03,1.0,0.91,0.0,3.28,1.83,0.0,1.82,0.54,1.54,0.46,1.32,1.09,1.46,0.23,0.0,166.75,0.84,0.3,0.0,0.0,0
10.49,3.0,1.0,4.75,0.0,8.25,829.7,1.0,9.74,11.24,50.98,1.41,96.25,1.0,1.0,28.98,1.75,4.97,0.0,0.75,0.62,0.0,376.44,0.78,0.42,1.5,8.5,1
1.64,0.0,1.55,0.0,1.1,8.48,116.31,1.0,0.9,3.19,5.74,0.7,46.94,1.45,0.0,15.31,1.55,4.1,0.55,1.0,0.99,0.0,1.0,0.92,1.0,0.0,2.1,0
0.78,0.0,1.0,0.78,3.11,3.71,41.53,1.0,0.0,2.96,6.04,0.58,67.25,1.74,0.0,3.26,1.0,4.37,0.0,1.74,0.5,0.0,0.0,0.91,0.74,0.0,1.0,0
1.01,0.0,1.5,1.01,7.54,2.01,61.7,1.0,0.0,1.99,11.51,0.46,62.6,1.5,0.0,1.01,1.5,11.07,1.5,1.0,0.96,0.0,1.01,0.96,0.25,0.0,1.51,0
0.05,0.0,1.0,0.05,9.74,0.52,27.83,1.0,0.0,0.05,10.05,0.45,4.54,1.0,0.95,0.05,1.0,0.42,0.1,2.0,0.07,0.0,0.0,0.94,0.0,0.0,0.1,0
0.0,0.02,1.0,0.0,0.0,0.0,19.95,1.0,0.0,0.05,14.75,0.74,0.0,0.02,1.96,2.95,0.02,1.84,1.04,0.02,0.0,0.0,0.0,0.64,0.0,0.0,0.0,1
2.76,0.0,1.0,1.76,0.0,5.0,92.32,1.0,0.47,7.12,7.94,0.71,70.0,1.88,0.12,1.24,1.0,5.27,0.12,0.12,0.96,0.0,8.87,0.95,0.12,0.0,0.12,1
0.0,0.74,1.0,0.0,0.0,0.0,23.74,1.0,0.0,2.22,2.82,1.19,0.0,2.74,0.0,0.74,1.0,5.91,2.96,1.74,0.18,0.0,2.96,0.99,1.0,0.0,0.0,1
1.84,0.0,2.0,2.53,1.69,3.04,48.44,1.0,0.0,2.1,2.1,0.26,58.0,2.31,0.0,8.7,1.0,4.93,0.84,1.84,2.49,0.0,23.35,0.88,0.93,0.0,1.16,0
2.12,0.0,1.96,2.2,14.49,4.08,111.21,1.0,0.55,0.32,14.04,0.52,81.24,1.12,0.0,2.67,1.0,15.36,0.96,1.0,1.27,0.0,2.0,0.97,0.52,0.0,3.0,1
0.11,3.54,1.11,0.0,0.0,6.91,56.43,1.0,0.0,0.91,0.91,1.11,6.61,2.23,0.0,5.65,1.0,2.7,0.89,1.89,0.96,0.0,9.01,0.91,0.06,0.0,0.23,0
0.5,1.5,1.5,0.0,0.0,13.49,125.43,1.0,0.0,5.0,5.51,0.94,57.51,3.5,0.0,17.98,1.0,5.97,1.0,1.0,0.95,0.0,11.98,0.97,0.75,0.0,0.5,1
1.94,0.0,1.97,3.15,1.94,1.24,29.03,1.0,0.0,0.97,1.0,0.23,57.01,2.0,0.0,3.94,1.0,4.74,1.51,2.03,2.55,0.03,12.64,0.9,1.0,0.0,1.0,0
4.66,19.29,1.0,2.0,0.0,9.66,419.91,1.0,0.33,11.69,14.06,0.71,88.34,1.33,0.0,23.32,2.34,7.83,2.0,1.0,0.95,0.0,12.05,0.96,0.92,0.0,3.0,1
1.77,0.41,1.0,0.0,2.36,7.68,62.19,1.0,0.0,1.23,1.82,0.78,6.55,1.41,0.0,4.23,1.0,4.56,1.18,1.59,1.76,0.59,70.4,0.95,0.5,0.0,0.41,0
3.7,0.0,1.0,4.05,2.0,7.06,126.94,1.0,1.53,1.7,5.64,1.24,71.15,1.0,0.0,7.36,1.23,4.73,1.77,1.0,0.5,0.0,7.89,0.95,0.5,0.0,2.23,1
1.91,0.36,1.64,0.0,1.27,8.99,124.62,1.0,0.0,3.91,6.91,0.58,68.54,1.0,0.0,14.62,2.0,3.85,0.64,0.64,1.07,0.0,0.64,0.91,0.64,0.0,1.91,0
1.0,4.48,1.0,1.0,0.0,2.99,116.64,2.99,1.0,1.99,6.48,1.97,95.02,1.0,2.0,11.45,1.0,3.42,2.01,0.0,0.24,0.0,0.5,0.94,1.0,0.0,1.0,0
2.23,3.63,1.0,0.0,0.37,9.72,161.46,1.0,1.86,1.12,1.86,1.13,22.67,1.63,0.0,12.78,1.37,3.31,0.63,1.63,0.88,0.0,13.01,0.89,0.07,0.0,2.6,0
0.2,0.0,1.0,0.0,0.0,3.44,69.87,1.2,0.3,0.71,2.71,1.0,6.91,3.7,0.0,1.02,1.1,0.86,0.1,1.8,0.1,0.0,0.0,0.97,0.0,0.0,1.2,0
2.9,0.03,1.0,0.0,0.0,6.78,103.16,1.0,0.0,0.1,5.84,0.94,0.0,1.97,0.97,8.71,1.0,3.89,0.1,1.97,0.88,0.0,2.9,0.95,0.97,0.0,2.9,0
5.26,0.15,1.0,4.26,0.0,4.44,196.96,1.0,1.71,6.41,18.5,0.58,70.61,1.29,0.0,5.85,1.0,7.2,2.0,1.15,0.84,0.0,24.13,0.99,0.15,0.0,1.71,0
0.0,0.0,1.58,0.0,0.88,10.51,56.97,1.0,0.23,0.0,5.3,0.95,0.0,5.65,0.12,2.74,1.0,3.83,0.23,1.0,0.94,0.0,0.7,1.0,0.04,0.0,0.35,0
0.0,0.33,0.33,0.0,0.0,4.24,37.62,1.0,0.0,0.98,0.98,2.39,5.22,2.67,1.35,1.96,1.67,1.63,0.0,0.33,0.38,0.0,56.13,0.88,0.16,0.0,0.33,1
0.0,0.0,1.0,0.0,0.56,3.81,49.13,1.0,0.0,0.87,5.0,0.77,26.24,3.13,0.0,4.44,1.0,2.02,0.87,1.56,1.12,0.0,0.0,0.76,0.0,0.0,0.0,1
0.0,0.0,1.0,0.0,0.0,2.1,54.86,1.0,2.1,1.26,7.16,0.81,32.7,1.58,5.45,1.26,1.84,16.15,0.0,0.58,0.5,0.0,1.26,0.96,0.79,0.0,0.42,0
1.1,9.91,2.0,0.3,0.2,9.1,135.26,1.0,0.0,4.6,0.1,0.72,45.39,2.0,0.0,5.8,1.0,4.63,0.1,1.1,1.16,0.0,332.69,0.99,1.0,0.0,0.1,0
0.0,0.38,1.0,0.76,0.0,4.62,180.2,1.0,1.14,3.24,24.21,1.12,69.84,3.0,0.0,6.8,1.0,2.72,0.0,1.0,0.37,0.0,0.0,0.97,1.0,0.0,0.38,0
0.86,0.0,0.86,0.0,0.86,9.51,47.08,1.0,0.0,0.0,0.86,0.99,0.0,2.73,1.49,47.57,1.0,0.86,0.86,1.73,1.56,0.0,65.73,0.66,0.36,3.46,4.32,1
6.99,0.01,1.0,0.0,2.99,10.0,292.85,1.0,0.0,0.01,19.98,0.37,0.15,4.0,0.0,2.05,1.0,1.26,0.0,2.0,0.9,0.0,23.94,0.98,0.5,0.0,3.0,1
0.15,0.85,1.0,0.0,0.15,15.46,71.47,1.0,0.0,2.55,1.85,0.63,18.71,3.55,0.0,14.61,1.0,8.44,2.55,1.0,1.41,0.0,1.7,0.97,0.43,0.0,0.85,1
0.0,0.0,1.0,0.0,0.0,6.0,41.01,1.0,0.0,2.0,3.0,0.73,50.01,4.0,0.0,11.0,1.0,1.67,0.0,1.0,1.2,0.0,0.0,0.95,1.0,0.0,0.0,0
2.15,0.28,1.0,0.0,0.0,6.72,122.94,1.0,0.0,2.54,9.95,0.94,23.43,2.0,0.72,10.69,1.56,5.95,0.28,1.72,0.82,0.0,17.68,0.96,0.91,0.0,2.44,0
0.0,1.41,1.0,6.35,0.0,37.24,239.59,1.0,0.29,0.0,2.71,5.72,70.61,1.59,2.12,5.0,1.0,1.82,1.0,0.59,0.15,0.0,0.0,0.99,0.0,0.0,1.41,0
0.9,0.0,1.0,0.9,0.0,5.1,83.11,1.0,1.79,10.96,7.48,0.75,82.25,1.31,0.9,3.83,1.9,6.69,0.0,1.0,0.4,0.0,0.0,0.97,1.0,0.0,0.9,0
0.0,1.04,1.48,0.0,0.0,7.41,260.97,1.0,0.48,1.44,4.92,15.47,21.65,1.44,0.52,10.18,0.48,3.19,1.48,1.48,1.01,0.0,9.66,0.91,0.9,0.0,2.96,0
5.9,0.0,1.7,2.8,6.2,3.9,74.48,1.0,0.0,0.7,5.9,0.34,65.07,1.0,0.0,11.5,1.7,3.94,0.6,1.6,1.68,0.3,2.8,0.56,0.7,0.0,2.4,0
4.01,0.0,1.0,2.51,0.0,14.46,328.58,2.0,2.5,7.0,15.02,1.04,73.52,1.0,0.0,7.99,1.5,5.87,1.5,0.5,0.84,0.0,0.0,0.92,0.0,0.0,2.5,0
0.38,0.0,1.0,0.0,0.16,9.05,57.37,1.0,0.95,0.0,2.97,1.83,0.0,3.05,0.0,4.84,1.0,2.28,0.95,2.0,0.52,0.0,1.29,1.0,0.03,0.0,0.16,0
7.76,7.0,1.76,3.28,6.07,4.93,175.48,1.0,0.0,2.45,6.31,0.4,91.55,1.0,0.0,18.41,1.76,5.83,0.72,1.0,1.3,0.0,3.03,0.52,1.0,0.0,3.0,0
0.0,0.0,1.0,0.0,0.56,3.89,37.32,1.0,0.56,0.56,2.11,1.97,27.75,3.67,2.22,1.11,1.0,2.69,2.0,1.56,0.37,0.0,0.0,0.9,0.56,0.0,0.56,0
0.0,0.0,1.0,0.34,1.0,4.65,54.24,1.0,0.0,0.0,4.33,0.85,22.21,4.34,0.0,2.65,1.0,1.54,0.34,2.0,0.87,0.0,0.0,0.72,0.0,0.0,0.0,1
0.04,1.96,1.0,0.0,0.05,6.95,86.16,1.0,0.0,3.93,3.96,0.72,44.18,2.96,0.98,9.91,1.0,6.41,1.96,1.98,1.73,0.0,4.91,0.96,0.98,0.0,1.96,0
0.0,0.0,1.0,0.0,0.0,4.36,23.96,1.0,0.0,0.0,9.45,1.64,0.0,0.0,1.6,2.6,0.0,1.88,1.4,0.4,0.0,0.0,0.0,0.73,0.0,0.0,0.0,0
0.92,0.92,1.0,8.32,0.0,4.62,108.78,1.0,11.1,13.87,0.38,0.73,81.39,1.08,0.0,4.62,1.0,4.4,0.92,1.0,1.05,0.0,0.0,0.81,0.0,0.0,1.0,1
0.0,0.0,1.0,0.0,0.11,5.11,80.54,1.0,0.0,3.55,8.55,1.31,55.97,3.11,0.0,2.89,1.0,2.83,0.0,1.11,0.24,0.0,0.0,0.94,0.89,0.0,0.11,0
10.88,3.52,1.0,4.56,0.48,7.08,799.88,1.0,9.88,11.4,45.58,1.01,72.17,1.24,1.48,26.59,1.76,5.12,0.0,1.0,0.63,0.0,377.58,0.82,0.25,1.52,7.6,1
0.01,0.01,1.0,3.08,1.97,0.07,18.36,1.0,2.14,1.19,1.97,0.81,75.18,3.96,0.0,0.07,1.0,3.27,1.99,1.0,0.01,0.0,0.0,1.0,0.0,0.0,0.01,0
23.65,21.78,1.0,2.89,0.38,1.76,702.12,1.0,33.61,4.15,10.15,0.54,90.47,2.0,0.62,15.71,1.62,6.55,0.0,0.38,0.79,0.0,5.66,0.91,0.38,0.0,3.87,1
0.32,0.0,1.11,0.0,0.0,3.87,53.27,1.0,0.0,0.21,1.43,2.9,8.06,2.21,0.0,2.58,1.0,2.7,2.21,1.11,0.16,0.0,105.16,0.83,0.05,0.0,0.21,0
0.0,1.37,1.0,0.0,0.0,14.38,56.49,1.0,0.0,1.26,2.84,2.69,13.88,1.32,0.0,0.0,1.32,2.68,0.63,1.0,0.2,0.0,0.0,0.94,0.0,0.0,0.0,0
0.0,0.61,0.61,1.0,3.03,2.43,42.28,1.61,0.0,1.82,4.86,1.37,37.63,1.79,0.39,1.21,2.61,3.78,0.61,0.61,0.3,0.0,112.29,0.89,0.3,0.0,1.21,0
2.91,0.0,1.0,3.88,3.88,1.94,27.8,1.97,0.0,0.0,2.29,0.35,66.02,0.97,0.06,2.12,1.94,2.58,1.0,0.97,1.09,0.0,0.23,0.86,0.03,0.0,0.97,0
0.9,0.0,0.45,1.45,1.58,2.71,44.24,1.0,0.0,0.0,0.9,2.09,18.78,2.55,0.77,1.13,1.77,1.27,0.0,0.23,0.32,0.0,0.0,0.83,0.0,0.0,0.45,0
0.0,0.11,1.0,0.04,0.0,5.08,43.57,1.0,0.0,0.0,3.92,1.08,0.73,3.96,0.0,5.92,1.0,0.32,0.0,1.0,0.5,0.0,0.23,0.67,1.0,0.0,0.08,1
0.32,0.0,1.0,0.84,0.84,5.7,100.22,1.32,0.48,1.13,3.97,0.97,66.32,4.36,0.0,1.61,1.16,3.16,1.0,1.68,0.66,0.0,0.0,0.98,0.0,0.0,0.48,0
0.06,0.94,1.0,0.0,0.06,0.06,23.82,1.0,0.0,2.82,1.0,1.48,0.0,3.0,0.0,1.18,1.0,6.15,3.77,2.0,0.0,0.0,6.82,1.0,1.0,0.0,0.0,1
17.79,0.0,2.27,29.23,0.64,3.09,128.55,1.0,0.0,13.09,8.56,0.31,89.08,1.0,0.0,1.46,1.36,5.67,1.64,1.0,1.36,0.0,828.52,0.99,0.84,0.0,1.0,0
0.0,0.35,1.0,4.56,0.0,7.79,77.26,1.0,0.0,1.05,4.3,3.71,70.71,1.35,0.65,2.74,1.0,10.99,1.3,1.0,0.41,0.0,59.97,0.95,0.17,0.0,0.35,0
0.71,0.71,1.0,0.0,0.0,5.29,60.14,1.0,0.0,2.14,3.43,1.12,15.71,2.71,0.0,3.57,1.0,3.4,1.71,1.71,1.27,0.0,131.99,1.0,0.86,0.0,0.0,1
0.54,1.46,1.0,0.0,0.0,7.0,80.53,1.0,0.0,3.46,4.0,0.88,32.59,3.0,0.46,7.3,1.0,5.24,2.0,2.0,1.76,0.0,90.76,0.98,1.0,0.0,0.92,1
0.4,0.0,1.0,0.0,0.4,3.39,37.95,1.0,0.0,2.39,3.39,0.71,35.89,1.6,0.0,2.2,1.0,3.59,0.0,1.6,0.86,0.0,0.0,0.93,0.6,0.0,0.6,0
3.0,0.25,1.0,0.0,7.55,2.99,46.65,1.0,0.0,0.0,4.55,0.29,0.0,1.0,0.0,2.75,1.0,3.37,1.49,1.49,1.76,0.75,0.0,0.95,0.37,0.0,0.25,0
0.0,0.0,1.0,0.0,0.0,4.0,64.08,1.0,0.33,4.0,7.0,0.67,60.02,3.0,0.67,6.01,1.0,5.07,0.0,1.67,0.14,0.0,1.0,0.96,1.0,0.0,1.67,0
1.98,0.0,1.0,2.94,0.0,4.02,116.61,2.96,0.04,7.89,16.69,0.52,86.8,2.0,0.02,5.9,1.98,3.07,0.02,1.0,0.8,0.0,0.0,1.0,0.0,0.0,0.02,0
0.67,1.34,1.0,0.0,1.67,2.65,36.24,1.0,0.0,0.0,1.65,1.14,0.0,2.66,2.01,0.66,1.0,1.31,0.0,1.33,0.0,0.0,0.0,0.97,0.0,0.0,0.33,0
0.0,0.2,5.01,0.2,0.99,48.91,130.18,1.2,1.6,0.59,1.58,0.58,12.28,2.6,0.8,13.23,1.4,16.47,1.8,1.0,4.31,0.0,41.45,0.97,0.37,0.0,2.8,1
1.49,1.4,1.0,2.09,0.6,16.53,178.87,1.0,4.17,2.38,4.47,2.88,25.92,1.89,0.0,5.66,1.0,2.45,0.0,1.0,0.31,0.0,0.6,0.92,0.3,0.0,0.89,0
0.0,0.87,1.44,1.69,1.13,1.0,27.18,1.0,0.0,0.87,2.0,0.62,30.8,1.0,0.0,1.44,1.0,4.0,2.56,2.69,1.28,0.56,0.87,0.93,0.44,0.0,0.44,0
0.0,0.0,1.0,0.74,0.74,2.79,47.87,1.0,0.0,1.05,4.58,0.98,65.21,4.47,0.0,0.79,1.0,3.03,0.74,1.74,0.51,0.0,0.0,0.99,0.26,0.0,0.0,0
1.69,0.66,1.0,2.36,0.68,6.0,168.14,1.0,4.73,2.7,5.73,1.65,29.39,3.34,0.0,7.74,1.0,2.64,0.0,1.0,0.36,0.0,1.34,0.88,0.67,0.0,1.68,0
0.49,0.0,1.84,0.66,0.66,8.69,143.34,1.16,0.84,2.51,6.18,0.71,48.78,2.67,0.0,16.21,1.16,3.98,1.84,1.84,1.94,0.0,15.88,0.84,0.67,0.0,3.51,1
1.42,0.71,1.0,0.0,0.0,3.55,98.52,1.0,0.35,0.71,9.06,0.6,19.5,2.35,0.0,7.09,1.0,3.83,0.0,1.0,0.74,0.0,1.06,0.95,0.76,0.0,1.06,0
0.0,0.0,1.0,0.0,0.0,5.12,126.77,1.0,0.0,14.07,18.82,0.84,78.77,0.94,0.37,3.88,1.88,3.3,1.19,0.94,0.6,0.0,0.19,0.98,0.97,0.0,0.94,0
4.23,2.11,0.7,0.0,0.7,11.28,259.62,1.0,3.52,2.11,3.52,1.58,42.99,1.59,0.59,21.85,2.0,3.89,0.0,0.7,0.67,0.0,24.67,0.82,0.14,0.0,4.93,1
5.91,2.91,1.0,0.09,1.33,15.52,349.89,1.0,4.85,2.91,5.12,1.01,61.81,1.0,0.0,30.19,1.97,5.44,0.0,1.0,0.95,0.0,33.95,0.81,0.19,0.0,6.82,1
0.71,1.0,1.0,0.47,0.35,4.41,123.37,1.0,1.18,1.12,11.12,0.72,39.94,2.0,0.88,12.18,1.88,3.68,0.88,1.88,1.23,0.0,2.94,0.96,0.08,0.0,2.12,0
8.77,0.0,1.63,14.41,0.31,0.63,55.26,1.0,0.0,3.76,6.12,0.26,28.81,1.69,0.0,0.0,1.0,5.13,0.63,1.0,1.04,0.0,408.42,0.96,0.92,0.0,0.31,0
0.0,0.0,1.0,0.0,0.0,2.9,29.52,1.0,0.0,1.05,3.1,3.8,31.44,2.95,2.38,3.1,1.0,2.36,1.52,0.52,0.67,0.0,0.0,0.94,0.0,0.0,0.0,0
1.13,0.44,1.56,1.13,8.44,2.25,65.64,1.0,0.0,1.31,8.32,0.94,45.58,1.87,0.0,1.56,1.0,11.71,2.31,1.44,0.72,0.0,2.87,0.99,0.72,0.0,1.69,0
0.11,0.0,1.0,0.0,0.11,0.11,20.34,1.0,0.0,0.0,4.54,0.28,0.0,1.89,0.0,0.11,1.0,1.41,0.0,1.0,0.93,0.0,0.0,0.95,0.0,0.0,0.89,0
0.52,0.0,1.0,2.48,1.48,1.0,27.6,1.0,0.52,0.26,1.74,0.34,30.02,1.26,0.0,2.3,1.0,4.26,2.48,3.22,1.48,0.74,0.0,0.96,0.26,0.0,0.0,0
0.01,0.0,1.0,0.01,0.0,8.95,44.6,1.0,1.01,0.16,2.08,1.89,1.17,2.97,0.01,4.97,1.01,2.4,0.99,1.99,0.5,0.0,0.0,1.0,0.01,0.0,0.01,0
0.59,0.0,1.0,0.0,0.59,4.59,85.6,1.59,2.77,3.05,7.82,1.03,48.15,3.59,0.0,6.09,1.59,2.19,0.0,1.0,0.17,0.0,196.7,0.98,0.8,0.0,1.23,1
0.06,0.0,1.0,0.0,0.94,5.94,52.49,1.0,0.13,0.13,4.75,1.15,1.59,3.87,0.06,1.94,1.0,0.82,0.06,1.94,0.12,0.0,0.0,0.91,0.0,0.0,1.0,1
0.0,0.71,1.0,2.03,0.0,5.71,140.77,1.0,0.0,6.39,15.65,2.09,87.93,1.71,0.29,10.94,2.42,12.06,1.29,1.0,0.43,0.0,39.05,0.97,0.47,0.0,0.71,0
0.43,0.0,1.0,0.0,1.29,11.0,158.56,1.43,0.43,2.29,8.57,0.94,36.0,3.43,0.0,3.43,1.43,4.56,0.0,1.0,0.65,0.0,363.36,0.89,0.71,0.0,0.43,1
1.24,0.0,1.62,0.0,6.28,5.59,55.75,1.0,0.0,0.0,5.66,0.78,0.0,1.0,0.38,8.69,1.0,2.27,0.0,1.38,0.89,0.0,0.0,0.95,0.62,0.0,1.24,0
0.85,0.0,1.0,0.0,4.07,16.09,221.64,1.85,0.85,0.0,8.31,0.42,0.0,3.54,0.15,3.39,1.85,5.52,0.0,1.15,0.98,0.0,717.9,0.84,0.28,0.0,0.85,1
0.24,0.12,1.0,5.64,0.0,2.49,40.62,1.0,0.06,1.06,2.55,1.71,83.18,1.12,0.0,1.21,1.0,2.53,1.88,1.0,0.05,0.0,0.18,0.54,0.02,0.0,1.12,0
0.0,10.59,1.0,15.48,0.0,19.29,738.96,1.0,0.37,0.19,16.85,5.98,84.99,0.37,0.81,6.81,0.19,16.31,0.81,0.19,0.08,0.0,22.18,0.89,0.59,0.0,1.81,1
10.12,6.5,1.0,9.6,0.0,12.88,1003.25,1.0,9.4,10.84,48.91,2.68,96.39,0.72,1.0,27.24,1.45,9.85,0.28,0.72,0.6,0.0,366.7,0.8,0.38,1.45,7.78,1
1.99,0.0,1.33,1.66,5.66,10.66,146.07,1.0,0.0,0.67,8.69,0.85,85.68,1.0,0.0,2.32,1.0,5.99,1.34,1.67,1.4,0.0,0.0,0.94,0.0,0.0,2.0,0
3.96,0.66,1.0,2.64,5.38,9.9,347.75,1.0,6.6,1.32,11.32,0.56,60.73,1.66,0.34,13.86,1.0,3.79,0.0,1.34,1.26,0.0,16.5,0.96,0.44,0.0,1.98,1
0.0,1.78,1.0,0.33,0.22,4.56,313.61,1.0,0.0,0.0,2.89,25.94,1.75,0.11,0.89,1.89,0.11,2.4,1.22,1.33,0.19,0.11,0.89,0.98,0.89,0.0,1.78,1
2.43,1.53,1.19,0.81,1.62,8.19,143.77,1.0,1.62,2.34,5.53,1.25,70.59,1.57,0.0,13.01,1.19,4.4,1.62,0.81,0.69,0.0,13.06,0.94,0.47,0.0,2.38,1
2.55,0.0,1.27,3.0,1.91,6.18,122.37,2.45,0.0,5.82,13.45,0.5,86.64,1.73,0.0,5.73,1.73,3.75,0.0,1.0,0.95,0.0,0.0,0.96,0.0,0.0,0.55,0
12.39,3.2,1.0,5.8,0.0,7.99,877.91,1.0,10.79,13.39,52.16,0.88,91.78,1.0,0.8,29.17,1.8,6.51,0.4,1.0,0.8,0.0,397.06,0.81,0.27,1.6,8.39,1
0.0,0.24,1.0,0.76,0.76,3.44,83.96,1.0,0.24,0.24,7.8,1.15,51.12,4.04,0.0,0.48,1.24,2.6,0.76,1.76,0.46,0.0,3.6,0.99,0.16,0.0,0.48,0
0.49,0.51,1.0,0.51,3.52,4.98,47.17,1.51,0.0,1.52,4.55,0.48,31.48,1.0,0.0,1.51,2.02,4.39,1.49,1.98,1.48,0.49,93.94,0.95,0.25,0.0,1.51,0
0.55,0.55,1.0,6.76,0.0,5.9,233.55,1.0,7.06,17.69,17.95,0.84,89.35,1.45,0.0,10.83,2.79,4.31,0.55,1.0,0.78,0.0,16.15,0.88,0.34,0.0,1.9,1
0.0,0.0,1.0,0.35,0.65,5.65,88.29,1.0,0.35,0.35,9.86,0.95,27.77,3.31,0.0,5.74,1.0,0.94,0.0,1.65,0.73,0.0,1.04,0.71,0.35,0.0,0.69,1
4.26,3.08,1.0,0.09,1.82,5.56,126.83,1.0,4.75,0.0,1.44,0.39,8.36,1.09,0.09,2.76,1.09,2.86,1.82,2.74,2.35,0.91,0.0,0.96,0.0,0.0,1.35,0
1.7,0.57,1.0,2.6,0.43,8.67,110.9,1.0,0.0,6.47,9.07,0.55,76.2,1.43,0.0,15.5,1.57,5.58,0.0,1.0,1.77,0.0,8.77,0.92,0.81,0.0,2.57,1
0.0,0.0,1.0,0.0,0.28,3.42,34.82,1.0,0.28,2.43,2.28,0.91,25.66,2.85,1.14,4.15,1.0,5.22,2.72,2.0,0.19,0.0,0.0,0.93,1.0,0.0,0.28,0
0.0,1.38,1.0,0.31,0.31,3.76,77.59,1.0,1.38,1.0,9.48,0.9,32.89,4.38,0.0,3.76,1.69,2.17,0.69,1.69,0.5,0.0,142.09,0.92,0.39,0.0,1.31,1
0.0,0.42,1.0,0.58,0.58,8.18,62.67,1.0,0.0,1.84,9.51,0.43,35.86,3.42,0.0,7.76,1.0,4.97,1.27,1.0,0.83,0.0,0.84,0.97,0.21,0.0,1.58,0
3.5,1.75,1.0,1.5,0.0,12.0,316.17,1.0,3.25,6.0,17.23,1.31,35.72,1.75,0.25,13.24,1.25,5.3,0.0,1.0,1.08,0.0,253.14,0.91,0.46,0.5,3.25,1
6.01,7.22,1.0,0.16,0.0,3.53,245.59,1.0,8.54,0.0,11.89,3.42,15.03,0.32,1.0,9.22,0.32,7.16,0.84,0.0,0.13,0.0,0.0,0.95,0.0,0.0,1.63,0
2.51,0.51,1.0,0.0,9.13,12.32,229.45,1.99,1.48,3.45,12.04,0.86,33.5,1.0,0.0,5.94,1.49,2.37,0.49,0.0,0.78,0.0,0.0,0.91,0.0,0.0,1.99,0
0.29,0.85,1.15,0.29,2.2,15.94,82.64,1.0,0.0,2.56,3.76,0.6,30.66,3.56,0.0,14.8,1.0,10.56,2.71,1.0,1.38,0.0,2.0,0.98,0.5,0.0,1.29,1
2.69,1.67,1.0,0.0,0.0,7.38,171.28,1.0,0.67,1.67,8.38,0.98,45.19,3.0,0.0,15.42,1.0,3.12,0.65,1.33,0.87,0.33,2.67,0.95,0.55,0.0,2.35,0
0.72,1.0,1.0,0.0,0.0,5.42,82.84,1.0,0.0,1.48,9.07,0.7,42.18,1.76,0.76,13.66,2.0,3.76,0.76,1.76,1.48,0.0,0.97,0.96,0.16,0.0,2.24,0
0.0,1.93,1.0,0.0,0.0,20.09,82.78,1.0,0.07,0.07,1.61,3.62,0.28,1.0,0.0,0.14,1.07,1.02,0.0,1.0,0.0,0.0,1.05,0.94,0.05,0.0,0.14,0
0.0,4.94,1.0,1.97,0.0,1.17,31.77,1.0,0.0,0.0,0.06,0.29,68.55,2.03,0.0,0.11,1.0,2.39,0.0,1.0,1.12,0.0,0.17,0.96,0.03,0.0,1.03,0
0.0,0.4,1.0,0.0,0.0,5.2,114.94,1.0,0.0,12.22,16.43,0.67,82.21,1.6,0.2,5.39,1.8,3.1,1.0,1.2,0.51,0.0,0.0,0.98,1.0,0.0,0.8,0
1.35,5.59,1.0,3.42,0.0,7.77,390.15,1.0,0.81,18.3,32.48,0.86,90.23,1.81,0.0,19.54,4.23,5.04,0.58,1.0,0.59,0.0,29.06,0.97,0.8,0.0,3.0,1
1.89,0.0,1.0,3.59,1.26,8.37,90.42,1.0,1.26,0.63,2.89,1.06,50.8,1.37,0.0,6.41,1.0,9.68,7.93,1.74,0.66,0.37,6.66,0.84,0.69,0.0,1.63,1
0.0,0.0,1.0,0.95,0.95,2.38,39.73,1.0,0.0,0.0,3.0,1.12,62.46,5.0,0.0,0.05,1.0,2.89,1.0,1.95,0.57,0.0,8.7,1.0,0.05,0.0,0.0,0
1.53,0.0,1.53,1.59,1.53,1.0,26.19,1.0,0.0,0.53,1.0,0.45,30.81,1.53,0.0,2.59,1.0,3.01,0.53,1.53,2.08,0.0,6.91,0.91,0.53,0.0,0.53,0
0.0,0.0,1.0,0.94,0.0,0.11,35.54,1.0,0.0,0.17,1.06,3.44,95.18,0.11,2.83,1.23,0.06,4.11,3.94,0.11,0.0,0.0,0.0,0.89,1.0,0.0,0.0,0
0.0,0.86,1.0,0.0,0.0,9.42,55.28,1.0,0.0,3.14,1.27,1.65,3.41,3.0,0.0,2.09,1.14,6.8,4.27,1.86,0.14,0.14,3.73,1.0,1.0,0.0,0.41,1
20.45,15.19,1.0,0.43,1.7,6.09,629.28,1.0,23.43,0.0,13.93,0.46,41.22,3.13,0.43,10.24,1.43,3.56,0.0,1.13,0.87,0.0,13.59,0.96,0.28,0.0,3.87,1
0.0,0.22,1.0,0.0,0.0,2.52,38.06,1.0,0.0,1.78,4.78,0.83,51.07,2.0,0.0,4.13,1.0,3.47,2.0,1.0,1.32,0.0,0.0,0.99,0.0,0.0,0.22,0
1.31,0.67,1.33,0.98,2.3,12.67,93.7,1.0,0.0,2.02,3.33,1.1,37.99,1.67,0.0,5.67,1.0,5.21,0.0,1.0,1.24,0.0,115.54,0.92,0.34,0.0,1.33,1
0.64,0.0,1.0,0.64,3.22,6.8,106.14,1.0,0.0,0.64,7.8,1.15,56.07,1.36,0.0,0.64,1.0,4.51,1.64,1.64,0.9,0.0,18.48,0.99,0.18,0.0,1.29,0
1.58,0.0,1.58,1.58,11.84,3.16,82.42,1.0,0.0,0.0,11.05,1.67,63.95,0.79,0.21,1.58,0.79,12.43,0.79,0.79,1.01,0.0,1.58,0.95,0.39,0.0,2.37,0
0.35,0.65,1.0,0.0,0.35,3.69,73.08,1.35,1.39,1.0,9.61,0.86,33.0,2.69,0.65,7.88,2.0,2.58,0.65,1.65,0.75,0.0,114.64,0.97,0.23,0.0,1.31,1
2.07,0.0,1.26,1.03,2.07,4.48,45.01,1.0,0.0,0.26,2.81,5.46,24.01,3.23,3.71,4.87,1.26,1.92,0.74,0.26,0.34,0.0,1.03,0.74,0.26,0.0,0.77,0
2.92,0.0,1.0,0.03,3.9,3.9,53.55,1.0,0.0,0.0,1.0,0.41,2.52,0.97,0.08,2.95,0.97,4.24,2.05,1.95,2.11,0.97,0.0,0.94,0.51,0.0,0.0,0
0.0,0.37,1.0,3.78,0.0,2.37,43.89,1.0,0.0,1.0,5.33,1.37,65.78,1.37,0.37,4.06,1.37,2.84,1.63,1.37,0.42,0.0,0.0,0.68,0.0,0.0,1.37,0
28.88,26.6,1.0,0.76,0.24,1.72,826.22,1.0,41.03,0.48,7.2,0.69,92.84,1.76,0.76,15.96,2.0,5.16,0.0,0.24,0.78,0.0,0.0,0.94,0.0,0.0,4.04,1
2.2,0.0,1.0,11.33,0.0,14.13,219.9,1.0,3.9,2.57,10.23,0.46,75.83,1.63,0.0,18.03,1.0,7.83,2.0,2.27,1.05,0.0,5.07,0.99,0.32,0.0,1.37,1
0.32,0.63,1.0,0.0,0.63,3.05,71.13,1.0,0.68,1.37,8.22,0.93,41.76,2.0,0.95,8.9,1.68,1.95,0.0,1.0,0.46,0.0,0.68,0.98,0.68,0.0,1.37,0
3.02,0.0,2.0,0.34,2.98,8.32,93.33,1.0,0.0,0.0,5.04,0.78,31.29,2.36,0.0,10.94,1.0,3.42,0.34,1.0,1.3,0.0,136.39,0.77,0.73,0.0,2.0,1
1.62,0.0,1.0,0.0,1.81,2.38,117.05,1.0,1.62,1.19,33.74,0.46,29.14,3.44,0.0,1.62,1.19,1.31,0.0,1.0,0.63,0.0,2.44,0.8,0.81,0.0,1.0,1
1.94,2.31,1.97,3.45,0.0,8.42,192.3,1.0,0.0,35.96,12.22,0.53,87.36,3.89,1.0,24.5,1.94,8.86,0.03,0.97,1.94,0.0,40.61,0.95,0.38,0.0,4.92,1
0.77,0.0,1.0,0.0,1.54,4.62,33.47,1.0,0.0,0.92,2.84,0.38,10.11,1.23,0.0,0.77,1.23,3.38,2.0,2.54,2.07,0.77,0.0,0.96,0.0,0.0,0.77,0
0.0,0.0,1.0,1.0,1.0,1.1,48.52,1.0,0.0,0.9,13.82,0.35,47.97,3.2,0.0,0.9,1.0,1.68,0.1,1.1,0.43,0.0,0.0,0.97,0.0,0.0,1.8,1
0.0,0.0,1.0,0.0,0.0,11.68,63.29,1.0,0.0,0.0,3.72,2.59,0.0,2.28,0.24,2.52,0.76,2.92,0.76,1.52,0.49,0.0,0.0,0.97,0.0,0.0,1.0,0
0.38,0.0,4.12,0.38,1.88,41.23,149.5,1.0,1.25,0.38,4.13,0.75,32.66,2.25,0.62,10.37,1.0,14.18,2.0,1.38,3.8,0.0,3.75,0.98,0.21,0.0,2.62,0
3.75,1.87,1.0,0.57,1.46,9.75,235.55,1.0,0.94,1.87,11.76,1.07,57.16,2.87,0.0,18.98,1.0,3.33,0.13,1.0,0.83,0.0,2.81,0.97,0.31,0.0,2.94,0
0.0,0.0,1.0,0.0,0.0,1.53,29.98,1.0,0.0,0.0,11.46,1.26,0.0,0.0,1.91,5.55,0.0,1.91,0.91,0.0,0.04,0.0,7.28,0.8,0.91,0.0,0.09,0
3.02,0.0,1.75,2.76,11.19,4.0,128.47,1.0,0.51,1.78,15.78,0.51,80.49,1.0,0.0,3.02,1.0,13.71,1.25,1.0,1.13,0.0,1.49,0.98,0.37,0.0,2.75,0
0.99,0.0,1.5,0.5,1.99,6.99,105.7,1.0,0.5,0.5,11.06,1.08,40.28,1.5,0.0,11.48,1.0,2.39,0.0,1.0,0.82,0.0,1.51,0.96,1.0,0.0,2.0,0
0.0,0.08,1.0,0.0,0.0,8.54,50.67,1.0,0.0,0.08,2.68,2.21,2.51,3.85,0.08,3.61,1.08,1.65,1.0,2.0,0.64,0.0,0.0,0.93,0.0,0.0,0.15,0
0.0,0.0,3.11,0.0,0.0,27.05,87.89,1.0,2.0,0.58,1.73,0.8,10.98,2.42,0.42,10.22,1.0,9.75,0.84,1.0,2.46,0.0,3.11,0.96,0.72,0.0,1.84,0
0.0,0.24,1.0,0.0,0.0,3.76,86.19,1.0,0.76,1.76,11.76,0.81,54.26,2.0,0.24,12.52,2.0,2.4,0.24,1.24,0.78,0.0,0.76,0.97,0.76,0.0,2.0,0
2.27,0.0,1.0,0.0,3.02,5.95,70.85,1.0,0.0,0.0,2.22,3.25,0.0,0.76,2.44,2.51,0.76,4.11,1.76,1.51,1.8,0.76,0.49,0.94,0.62,0.0,0.73,0
0.0,0.0,1.0,0.0,0.0,5.44,44.93,1.0,0.0,3.12,4.12,0.72,55.61,2.88,0.0,6.51,1.0,3.54,0.0,1.56,0.77,0.0,0.0,0.95,1.0,0.0,0.56,0
1.05,0.0,1.0,0.0,1.05,1.05,77.65,1.0,1.05,0.52,27.58,0.52,8.39,2.1,0.95,2.48,0.52,1.61,0.48,0.52,0.33,0.0,1.57,0.7,0.52,0.0,0.52,1
0.0,0.0,1.0,1.0,0.22,4.33,111.99,1.0,0.78,0.78,15.44,1.08,76.89,2.67,0.0,7.0,1.0,1.6,0.22,1.22,0.31,0.0,2.33,0.98,0.78,0.0,1.56,0
1.32,0.0,1.0,0.0,1.32,3.36,99.78,1.0,1.32,1.34,26.78,0.46,27.55,4.0,0.0,5.06,1.0,1.52,0.0,1.0,0.82,0.0,1.98,0.83,1.0,0.0,0.66,1
0.0,0.0,1.0,0.0,0.0,1.0,27.72,1.0,0.0,0.0,2.0,0.95,0.0,3.89,0.0,0.0,1.0,0.56,0.06,1.94,0.0,0.0,2.91,0.99,0.03,0.0,0.94,1
0.0,0.74,1.0,0.0,2.56,4.46,29.92,1.0,0.0,0.0,3.31,1.64,0.0,2.49,0.26,1.49,1.0,0.77,0.0,1.26,0.0,0.0,0.74,0.9,0.37,0.0,0.74,0
0.39,0.39,1.0,5.33,1.22,2.55,60.27,1.0,4.65,5.81,1.22,0.53,43.91,1.0,0.0,2.55,1.0,4.25,2.22,2.84,1.48,0.61,0.0,0.89,0.0,0.0,0.39,0
0.0,0.43,1.0,0.0,0.0,8.57,131.43,1.0,0.43,0.43,11.11,2.22,1.74,2.7,0.0,2.57,1.43,1.42,0.57,1.57,0.34,0.0,6.51,0.94,0.29,0.0,0.87,0
0.0,1.36,1.0,0.0,0.0,4.68,265.88,1.0,0.32,0.64,5.9,19.98,19.65,0.64,0.68,5.54,0.64,2.16,0.68,1.0,0.21,0.0,1.0,0.98,1.0,0.0,2.0,0
0.54,0.0,1.0,0.0,0.54,12.94,123.43,1.0,0.54,0.27,14.92,3.62,4.33,1.08,0.73,1.27,0.27,2.34,0.0,0.27,0.49,0.0,0.81,0.91,0.27,0.0,1.0,0
0.0,0.0,1.0,0.85,2.18,9.62,62.48,1.0,0.0,0.0,4.9,1.76,8.45,2.81,0.0,3.09,1.0,3.42,1.09,1.91,0.57,0.0,0.0,0.98,0.0,0.0,1.09,0
0.0,0.0,1.0,1.43,0.96,0.0,18.57,1.0,0.96,0.48,8.79,0.77,35.85,1.91,1.04,1.57,0.48,2.49,1.48,0.48,0.0,0.0,0.0,0.81,0.0,0.0,0.0,0
1.7,0.15,1.0,0.0,0.0,23.21,385.47,2.7,2.55,6.4,8.11,1.56,60.25,1.15,0.0,9.4,1.85,4.15,0.85,0.15,1.02,0.0,25.62,0.87,0.07,0.0,2.7,1
0.49,1.46,1.49,1.54,1.03,11.22,94.13,1.0,0.0,2.92,2.0,0.46,33.52,2.46,0.0,16.58,1.0,6.35,2.51,2.54,1.69,0.51,11.68,0.97,0.24,0.0,0.49,1
5.21,1.5,1.0,0.0,5.45,5.26,77.83,1.0,0.0,3.01,3.26,0.57,33.84,2.5,0.75,8.51,1.0,6.03,1.75,1.75,1.49,0.0,3.76,0.96,1.0,0.0,1.75,0
1.53,5.13,2.0,1.6,1.07,5.2,84.04,1.0,0.0,2.87,0.53,0.48,51.47,2.0,0.0,4.93,1.0,4.49,0.53,1.53,1.85,0.0,178.58,0.95,1.0,0.0,0.53,0
0.91,0.0,1.0,0.61,0.0,1.52,43.68,1.0,0.0,2.13,6.21,0.38,21.25,2.0,0.0,0.3,1.0,2.54,0.0,0.7,0.84,0.0,0.0,0.97,0.0,0.0,0.7,0
0.65,0.0,1.0,0.0,2.29,14.74,184.91,1.65,1.0,0.35,6.23,0.63,17.74,4.35,1.42,3.29,1.65,5.35,0.71,1.35,0.98,0.0,547.14,0.87,0.57,0.0,1.0,1
0.78,0.0,1.0,0.0,0.78,3.44,45.15,1.0,0.0,0.0,2.11,3.29,0.0,0.78,2.22,1.0,0.78,1.98,0.22,0.78,1.32,0.0,0.44,0.91,0.22,0.0,0.66,0
0.0,0.34,1.0,0.11,0.0,15.87,113.91,1.0,0.0,0.0,5.55,4.51,2.14,0.34,0.89,1.34,0.11,2.61,0.0,0.11,0.44,0.0,0.68,0.95,0.11,0.0,1.11,0
0.0,0.0,1.0,0.0,0.0,4.55,75.63,1.0,0.0,3.85,7.95,1.26,55.98,2.85,0.0,3.3,1.0,3.54,0.45,1.15,0.23,0.0,0.0,0.95,1.0,0.0,0.0,0
0.0,0.96,1.0,3.12,0.0,2.96,58.22,1.0,0.0,0.52,7.28,2.81,44.23,0.52,0.48,3.36,0.52,4.79,1.52,0.52,0.0,0.0,0.0,0.73,0.0,0.0,1.0,0
0.0,0.0,1.0,0.0,0.16,5.0,121.52,1.0,0.33,12.54,17.7,0.61,70.23,1.49,0.0,3.51,1.84,2.8,0.84,1.16,0.61,0.0,60.01,0.95,0.95,0.0,0.84,0
4.23,0.15,1.0,5.93,1.69,7.84,378.83,1.0,11.85,7.23,13.01,0.81,77.03,4.0,0.0,18.69,1.0,6.44,0.46,1.0,1.11,0.0,2.0,0.89,0.92,0.0,2.69,1
0.35,0.88,1.12,0.0,0.0,11.23,98.27,1.0,0.0,1.12,4.12,1.32,25.46,2.23,0.0,3.65,1.0,3.63,2.23,1.12,1.44,0.0,112.97,0.94,0.05,0.0,1.12,0
0.0,0.0,1.0,0.0,0.0,13.29,120.15,1.0,0.86,5.71,8.14,1.16,63.57,3.0,0.0,11.57,1.14,4.58,0.86,1.0,0.5,0.14,2.86,0.95,1.0,0.0,3.0,0
0.0,0.0,1.0,0.0,0.0,6.37,27.05,1.0,0.0,0.0,3.95,1.87,0.0,0.84,0.58,1.16,0.42,2.95,1.16,1.0,0.29,0.0,0.0,0.91,0.42,0.0,0.0,0
0.0,0.0,1.0,0.94,0.94,2.12,38.93,1.0,0.06,0.37,3.37,0.85,66.25,4.88,0.0,0.75,1.0,3.06,0.94,1.94,0.59,0.0,0.19,1.0,0.06,0.0,0.19,0
1.66,0.9,1.55,0.0,0.0,22.12,342.92,1.0,0.0,1.1,4.1,13.41,41.42,2.21,0.45,14.15,0.55,5.68,2.66,1.55,0.83,0.0,541.15,0.91,0.7,0.0,2.0,0
2.07,1.03,1.0,0.0,0.0,5.16,133.96,1.0,0.52,2.97,10.03,0.76,49.68,2.52,0.0,10.33,1.48,4.64,0.97,1.0,0.72,0.0,1.55,0.96,0.17,0.0,1.55,1
1.0,0.99,1.0,0.0,0.03,7.13,77.0,1.01,0.01,2.97,4.04,1.02,21.76,3.01,0.0,4.99,1.01,4.19,1.98,1.99,1.77,0.0,171.48,1.0,0.99,0.0,0.01,1
0.0,0.07,1.0,0.0,0.0,4.63,41.09,1.0,0.0,0.22,3.78,1.05,0.0,3.78,0.0,5.56,1.0,0.53,0.22,1.0,0.46,0.0,0.0,0.68,0.93,0.0,0.0,1
0.0,0.0,1.0,0.0,0.0,37.01,180.03,1.0,0.0,1.75,4.68,8.05,10.97,1.32,5.61,4.51,0.88,5.86,3.19,0.44,0.81,0.44,2.0,0.95,1.0,0.0,3.0,0
0.09,1.65,1.0,0.28,0.09,11.89,71.33,1.0,0.0,2.72,2.82,1.32,21.9,1.91,0.09,5.63,1.0,4.91,0.18,1.0,1.15,0.0,156.14,0.96,0.55,0.0,1.0,0
1.29,0.0,1.0,1.0,4.57,9.71,148.27,1.0,0.29,1.0,10.0,1.09,83.99,1.0,0.0,2.15,1.0,5.97,2.0,1.86,1.26,0.0,1.44,0.97,0.07,0.0,2.0,0
0.57,1.0,1.0,0.0,0.0,4.85,59.06,1.0,0.0,2.14,3.57,0.9,23.29,3.0,0.0,5.43,1.0,3.77,2.0,2.0,1.44,0.43,94.22,0.97,1.0,0.0,0.43,1
2.48,0.0,1.0,0.0,0.17,6.83,96.88,1.0,0.0,0.0,5.83,0.98,0.0,2.34,0.83,7.8,1.0,3.32,0.0,2.0,0.75,0.0,2.48,0.94,0.83,0.0,2.66,0
0.0,0.0,1.0,2.58,0.0,7.71,287.36,1.0,0.64,13.54,26.85,2.68,58.66,3.07,0.0,11.96,3.58,2.87,0.36,1.0,0.28,0.0,80.78,0.98,0.84,0.0,1.93,0
0.0,0.0,1.0,0.0,0.0,1.96,27.89,1.0,0.0,2.93,2.13,0.87,15.65,2.0,0.0,4.89,1.0,5.96,2.93,1.98,0.02,0.0,0.0,0.92,1.0,0.0,0.0,0
0.15,0.0,1.07,0.22,0.15,4.7,93.78,1.0,4.63,2.85,5.63,1.39,76.51,1.07,12.03,3.07,2.85,30.52,0.07,0.15,0.41,0.0,3.75,0.98,0.54,0.0,1.0,0
2.57,0.0,1.64,1.93,4.5,9.14,118.63,1.0,0.36,0.71,6.86,0.6,75.14,1.36,0.0,7.86,1.36,4.36,0.0,1.0,1.14,0.0,0.36,0.89,0.36,0.0,2.0,0
0.87,0.0,1.29,0.0,0.58,6.62,120.67,1.0,0.71,5.71,8.71,0.79,70.0,2.42,0.0,15.2,1.29,4.22,0.29,1.0,0.72,0.0,2.42,0.93,1.0,0.0,3.0,0
1.88,0.0,1.0,0.0,0.0,23.82,416.85,2.88,2.82,6.82,8.76,1.54,67.53,1.06,0.0,9.59,1.94,4.06,0.94,0.12,0.97,0.0,0.0,0.86,0.06,0.0,2.88,1
1.6,0.0,1.0,0.0,2.14,7.72,86.09,1.0,0.0,0.0,3.33,5.9,0.0,0.53,4.65,2.07,0.53,3.98,1.53,1.07,1.47,0.53,0.93,0.94,0.73,0.0,1.4,0
0.45,0.0,1.0,0.0,0.0,9.45,174.88,1.45,4.55,3.89,6.67,1.5,75.77,1.0,10.11,4.56,2.78,26.26,0.22,0.0,0.4,0.0,2.33,0.96,0.39,0.0,1.45,0
1.99,0.0,1.0,2.99,0.0,4.01,117.83,2.99,0.0,7.98,16.97,0.52,87.77,2.01,0.0,5.99,2.0,3.05,0.0,1.0,0.78,0.0,0.0,1.0,0.0,0.0,0.0,0
2.58,1.27,2.0,0.0,1.15,11.3,142.48,1.0,0.0,5.85,5.45,0.76,69.58,1.85,1.7,16.64,1.58,5.73,1.0,1.0,1.27,0.0,87.13,0.94,0.86,0.0,1.73,1
1.08,5.32,1.0,0.54,0.0,3.24,117.96,3.16,1.08,3.54,6.94,0.87,48.6,2.46,0.54,12.34,1.54,4.52,1.84,0.92,0.26,0.0,2.38,0.99,1.0,0.0,1.08,0
2.3,0.0,1.0,2.11,1.18,4.0,99.06,2.41,0.0,5.63,12.26,0.46,61.95,1.7,0.0,5.11,1.7,3.41,0.59,1.3,1.19,0.3,0.0,0.98,0.15,0.0,0.0,0
0.06,0.51,1.0,0.19,0.06,0.06,21.59,1.0,0.0,0.0,14.11,0.71,5.08,0.06,1.94,2.94,0.06,1.94,1.06,0.06,0.06,0.0,0.0,0.66,0.06,0.0,0.06,1
2.69,0.0,1.0,2.54,10.3,0.15,22.69,1.0,0.0,0.0,7.76,0.33,74.39,1.31,0.0,4.0,1.0,2.26,0.0,1.15,0.6,0.0,8.04,0.81,0.15,0.0,0.85,0
0.45,0.45,1.0,0.0,0.0,3.14,46.33,1.0,0.0,1.35,6.21,0.64,9.87,2.45,0.0,2.24,1.0,4.21,0.9,1.45,1.18,0.0,73.58,0.97,1.0,0.0,0.0,0
0.0,0.0,1.0,3.74,0.07,6.93,357.35,1.0,0.93,19.62,37.7,0.92,85.02,2.13,0.0,17.08,4.74,3.7,0.0,1.07,0.48,0.0,33.63,0.95,0.7,0.0,2.8,1
2.37,0.82,1.0,0.0,0.27,8.02,131.47,1.0,2.82,2.27,2.1,0.85,34.88,1.73,0.73,9.24,1.27,4.42,0.73,1.0,1.59,0.0,9.61,0.94,0.05,0.0,2.65,0
1.21,6.31,1.21,3.0,1.21,1.0,41.62,1.0,0.0,0.21,1.0,0.31,75.36,1.21,0.79,2.42,1.0,4.07,1.79,1.21,1.34,0.0,2.74,0.96,1.0,0.0,1.0,0
0.51,0.0,1.17,0.0,0.0,15.26,82.54,1.0,0.0,0.34,1.68,2.61,12.79,0.68,0.83,5.75,0.17,3.11,2.34,1.17,0.26,0.0,167.0,0.88,0.08,0.0,0.34,0
0.0,5.0,1.0,2.0,0.0,1.0,31.0,1.0,0.0,0.0,0.0,0.24,70.0,2.0,0.0,0.0,1.0,2.4,0.0,1.0,1.14,0.0,0.0,0.97,0.0,0.0,1.0,0
1.29,1.29,1.29,0.88,0.0,7.29,103.32,1.0,0.0,12.93,6.34,0.83,40.98,3.29,0.29,10.84,1.29,5.45,1.42,1.71,1.84,0.0,128.09,0.99,0.82,0.0,1.46,1
1.75,0.0,1.0,0.58,1.16,5.49,85.01,1.0,1.16,1.84,3.16,1.17,45.09,1.42,0.0,7.33,1.0,5.29,2.42,1.42,0.26,0.0,5.82,0.93,0.71,0.0,1.16,0
0.0,0.18,1.0,0.82,0.91,8.12,50.31,1.0,0.0,0.0,1.18,1.25,9.16,1.91,0.27,2.27,1.0,2.87,2.82,9.99,0.91,0.91,0.0,0.93,0.0,0.0,0.18,0
4.23,0.41,1.0,1.64,3.59,8.5,242.85,1.0,4.09,0.82,5.5,0.45,37.61,1.41,0.0,10.36,1.0,4.84,1.18,1.59,2.06,0.59,10.22,0.96,0.57,0.0,1.23,0
0.96,0.0,1.0,3.61,0.0,1.52,31.35,1.0,0.96,1.0,1.52,1.03,77.83,1.48,0.0,2.87,1.0,3.69,1.52,1.0,0.34,0.0,0.0,0.75,0.48,0.0,0.52,0
2.52,0.32,1.84,0.0,0.0,31.16,290.27,1.0,0.0,1.84,4.52,0.71,75.0,4.0,0.16,21.9,1.0,7.53,3.52,2.0,1.26,0.0,821.15,0.87,0.54,0.0,1.68,1
0.65,3.61,1.0,0.33,0.0,7.35,109.72,2.3,0.65,1.98,6.61,1.05,42.15,2.0,0.33,7.85,1.33,2.95,1.35,0.67,1.12,0.0,0.33,0.97,0.33,0.0,1.33,0
0.0,0.0,1.0,0.94,0.0,5.62,178.33,1.0,0.0,0.0,23.24,2.62,93.65,0.94,1.06,10.68,0.94,1.29,0.06,0.0,0.0,0.0,15.49,0.83,0.69,0.0,3.75,0
0.1,0.15,1.05,0.0,0.0,5.2,98.9,1.0,4.76,3.2,5.8,1.46,77.56,1.1,12.56,3.24,2.9,31.37,0.05,0.05,0.27,0.0,12.82,0.99,0.51,0.0,0.95,0
2.3,1.15,1.0,0.0,1.0,8.6,165.78,1.0,1.92,1.15,5.62,1.02,23.39,4.08,0.0,12.5,1.38,3.25,0.0,1.0,0.6,0.0,13.42,0.93,0.08,0.0,2.68,1
1.13,0.0,1.57,3.73,8.94,3.57,98.43,1.0,0.0,4.76,15.3,0.51,81.87,1.43,0.0,4.16,1.0,11.76,0.57,1.0,1.04,0.0,7.63,0.92,0.72,0.0,2.57,1
0.0,0.0,1.0,0.94,7.5,0.0,19.75,1.0,0.63,0.31,7.5,0.54,23.45,1.94,0.69,0.0,1.0,1.08,0.63,1.69,0.0,0.0,0.0,0.95,0.0,0.0,0.0,0
0.93,0.0,1.0,0.0,0.93,3.07,85.74,1.0,0.93,2.07,21.4,0.44,36.8,3.47,0.53,2.53,1.0,3.69,0.0,1.53,0.29,0.0,1.4,0.87,1.0,0.0,1.0,1
2.98,0.0,1.75,2.24,5.22,13.27,130.7,1.0,0.0,0.0,4.51,1.57,61.92,0.75,0.25,3.98,0.75,4.87,0.0,0.75,1.16,0.0,0.0,0.88,0.0,0.0,1.75,0
3.76,0.0,1.0,3.13,0.0,2.88,147.83,1.0,1.25,5.13,15.03,0.56,71.91,1.37,0.0,5.63,1.0,6.18,2.0,1.0,0.9,0.0,0.0,0.99,0.0,0.0,1.25,0
0.0,0.13,1.0,0.93,0.0,5.93,182.42,1.0,0.13,0.07,22.87,2.64,95.15,1.27,0.93,10.6,1.07,1.33,0.07,0.13,0.04,0.0,28.62,0.83,0.66,0.0,3.8,0
0.8,0.0,1.4,0.8,6.03,5.2,63.92,1.0,0.0,1.2,7.42,0.64,62.47,2.79,0.0,7.38,1.0,7.33,0.4,1.0,1.23,0.0,0.8,0.96,0.8,0.0,1.21,0
0.0,0.0,1.0,8.43,21.54,6.38,222.25,1.0,0.0,0.0,21.92,1.39,83.34,0.94,0.64,3.81,0.94,7.15,1.94,0.94,1.2,0.0,0.13,0.99,0.06,0.0,2.06,0
0.73,0.27,1.0,0.0,0.73,0.73,19.92,1.0,0.0,0.81,1.0,1.08,0.0,2.46,0.0,2.92,1.0,1.45,0.81,1.73,0.0,0.0,37.94,0.96,0.73,0.0,0.0,0
0.97,1.94,1.0,0.03,1.97,1.03,28.2,1.0,0.0,0.0,0.09,1.11,1.91,2.09,2.91,0.0,1.0,1.71,0.03,1.03,0.02,0.0,0.0,1.0,0.0,0.0,0.0,0
0.94,0.11,1.0,0.0,0.0,5.11,52.09,1.0,3.77,7.77,0.23,0.46,68.59,1.11,1.0,3.4,1.0,6.03,1.06,1.06,2.26,0.0,71.04,0.58,1.0,0.0,1.06,0
0.0,1.44,1.0,7.33,0.56,35.61,238.4,1.0,0.0,0.0,2.72,5.37,76.56,1.0,2.16,3.88,1.0,2.27,1.56,1.12,0.49,0.28,0.0,0.97,0.0,0.0,1.44,0
0.0,0.0,1.0,0.0,0.0,9.0,51.51,1.0,0.0,0.0,2.03,2.45,0.0,4.03,0.0,2.93,1.0,1.48,1.0,1.97,0.58,0.0,5.5,0.93,0.03,0.0,0.0,0
0.39,0.0,1.2,0.8,1.59,3.37,43.24,1.0,0.0,0.0,3.0,0.88,53.04,4.21,0.0,2.75,1.0,3.12,0.8,1.8,0.76,0.0,0.0,0.99,0.2,0.0,0.39,0
0.0,0.0,0.58,0.0,0.0,0.0,22.25,1.0,0.0,0.0,6.99,3.03,0.0,0.0,1.58,3.5,0.0,1.07,0.58,0.0,0.0,0.0,4.66,0.81,0.58,0.0,0.0,0
0.0,0.0,1.0,0.46,0.0,3.37,76.31,1.0,0.46,2.09,9.75,1.0,45.17,2.0,0.0,6.82,1.0,3.81,1.63,1.54,0.1,0.0,1.37,0.94,1.0,0.0,0.91,0
0.0,0.0,1.0,0.0,0.8,5.58,45.53,1.0,0.8,0.8,3.4,0.84,39.89,4.39,3.19,1.6,1.0,2.88,1.6,1.8,0.71,0.0,0.0,0.95,0.8,0.0,1.0,0
0.65,0.0,1.0,0.0,1.94,14.39,180.99,1.65,0.65,0.71,6.23,0.53,17.74,4.0,0.0,6.48,1.65,4.78,0.0,1.0,1.17,0.0,547.07,0.87,0.57,0.0,0.65,1
0.0,0.0,1.0,0.0,0.0,4.34,76.2,1.0,0.0,7.07,10.75,0.58,64.85,2.32,0.66,3.34,1.34,4.85,0.34,1.66,0.22,0.0,0.0,0.97,1.0,0.0,1.0,0
2.69,0.0,1.54,0.54,0.54,6.08,87.1,1.0,0.0,0.0,6.69,0.67,49.47,4.54,0.0,5.46,1.0,1.77,0.54,1.0,0.8,0.0,215.64,0.52,0.57,0.0,1.08,1
4.95,0.0,1.0,3.95,0.21,3.37,177.18,1.0,1.58,5.53,16.81,0.55,62.46,1.0,0.0,4.95,1.0,6.42,1.58,1.0,0.85,0.0,0.0,0.97,0.0,0.0,1.58,0
0.83,0.0,1.0,0.0,0.83,2.32,24.8,1.0,0.17,0.0,1.17,1.24,0.0,3.0,0.0,4.17,1.0,0.8,0.17,2.0,0.08,0.0,43.42,1.0,0.83,0.0,0.0,0
0.0,0.18,1.0,0.0,0.0,0.37,27.46,1.0,0.0,0.0,12.09,1.19,0.0,0.0,1.91,6.09,0.0,2.33,1.0,0.0,0.0,0.0,7.26,0.8,0.91,0.0,0.09,0
0.0,1.0,1.0,0.0,0.0,3.4,82.73,1.0,0.23,1.77,9.21,1.07,51.49,1.0,0.0,0.47,2.0,1.71,0.0,0.23,0.29,0.0,3.51,0.94,0.16,0.0,0.47,0
2.45,0.0,1.0,3.26,3.26,2.37,39.58,1.82,0.18,0.37,3.84,0.42,66.71,1.18,0.0,4.02,2.0,2.5,0.82,1.0,1.04,0.0,0.18,0.89,0.18,0.0,1.18,0
0.99,0.99,0.99,0.0,0.0,6.9,74.25,1.0,0.0,2.96,3.95,1.05,21.7,3.0,0.03,4.93,1.01,4.11,1.97,1.97,1.75,0.0,161.76,1.0,0.99,0.0,0.0,1
0.0,0.0,5.66,0.0,0.0,55.87,139.13,1.0,1.86,0.0,0.07,0.76,0.0,2.93,0.93,14.9,1.0,17.83,2.0,1.0,4.89,0.0,5.59,0.97,0.31,0.0,2.79,1
5.47,0.91,1.0,3.65,2.74,13.86,473.61,1.0,9.12,2.18,11.47,0.61,89.02,1.91,0.0,19.16,1.0,5.6,0.35,1.0,1.85,0.0,22.81,0.97,0.61,0.0,2.82,1
1.27,0.68,1.32,0.95,2.22,16.1,97.11,1.0,0.0,2.05,2.63,0.57,41.33,3.05,0.0,13.2,1.0,8.39,2.05,1.0,1.4,0.0,1.37,0.94,0.34,0.0,1.32,1
0.52,0.48,1.52,0.0,0.0,7.32,91.44,1.0,0.0,5.61,4.66,0.96,30.32,3.52,0.0,18.25,1.0,7.34,1.91,1.48,1.0,0.0,43.21,0.83,0.77,0.0,1.05,1
1.71,0.0,1.0,2.28,2.28,30.89,125.01,1.57,0.0,1.72,2.43,1.31,49.46,1.86,0.0,5.02,2.0,5.22,3.16,1.0,1.07,0.43,0.86,0.91,0.43,0.0,1.86,0
0.83,0.34,1.17,0.0,0.83,4.33,69.11,1.83,3.33,1.17,6.16,1.07,35.85,3.5,0.0,2.0,1.83,1.5,0.34,1.0,0.11,0.0,275.76,0.98,0.72,0.0,0.17,0
0.0,0.0,0.03,0.05,0.0,0.18,24.58,1.0,0.0,0.03,0.28,3.08,2.05,1.0,10.72,0.58,1.05,0.06,0.0,0.0,0.02,0.0,0.66,0.85,0.02,0.0,0.05,0
0.0,0.0,3.41,1.55,0.0,33.11,186.79,1.0,0.97,0.0,11.9,3.48,51.72,1.45,2.03,8.24,0.48,12.25,0.97,0.48,2.53,0.0,12.21,0.98,0.68,0.0,1.97,0
0.0,0.27,1.0,6.05,0.0,7.17,77.91,1.0,0.0,0.0,4.32,4.78,86.43,1.0,0.86,0.86,1.0,12.41,1.73,1.0,0.0,0.0,0.0,0.95,0.0,0.0,0.0,0
0.94,0.0,1.0,0.0,0.94,1.0,21.13,1.0,0.0,0.0,1.06,1.13,0.0,2.94,0.0,3.75,1.0,0.56,0.06,1.94,0.0,0.0,52.0,1.0,0.97,0.0,0.0,0
0.0,0.0,1.0,0.0,0.0,11.7,90.86,1.0,0.0,1.22,6.0,3.09,22.4,1.22,1.0,1.81,0.41,3.89,0.0,0.81,0.26,0.0,0.0,0.96,0.41,0.0,1.0,0
0.41,0.0,1.0,0.59,0.82,2.45,36.0,1.0,0.0,0.0,1.0,2.28,59.23,0.41,1.78,1.0,0.41,3.39,3.18,1.22,1.02,0.41,0.0,0.92,0.59,0.0,0.41,0
0.0,1.01,1.0,1.2,0.0,0.2,34.99,1.0,0.0,0.0,0.8,2.92,93.93,0.4,2.39,0.8,0.2,3.68,3.19,0.2,0.23,0.0,0.0,0.91,0.8,0.0,0.2,0
26.25,0.71,2.94,43.02,0.94,2.52,127.36,1.0,0.0,11.55,1.87,0.16,88.89,1.06,0.0,0.39,1.0,6.91,1.87,1.0,1.73,0.0,1243.4,0.99,0.77,0.0,0.94,0
3.4,0.0,1.43,1.7,3.4,2.43,54.8,1.0,0.0,2.15,4.55,0.65,48.76,1.57,0.0,9.68,1.43,5.39,1.72,1.57,0.57,0.0,1.7,0.69,1.0,0.0,1.28,1
0.94,0.94,1.47,1.41,0.0,8.53,103.97,1.0,0.53,17.34,6.69,1.17,40.76,3.47,0.47,14.37,1.47,5.25,0.53,1.53,1.2,0.0,19.21,0.98,0.18,0.0,2.34,1
0.0,0.0,1.0,6.15,0.0,8.08,29.77,1.0,0.0,0.0,1.0,2.07,19.22,2.46,1.16,1.77,1.0,14.07,14.07,2.31,0.77,0.77,0.77,0.71,0.77,0.0,0.77,0
0.0,0.0,1.0,0.0,0.0,4.22,83.14,1.0,0.78,4.71,7.28,2.28,54.93,3.22,1.08,9.63,1.0,3.28,0.22,0.78,0.33,0.0,2.35,0.93,0.78,0.0,2.35,0
0.61,0.0,1.31,0.92,0.61,4.46,37.31,1.0,0.0,1.69,2.39,0.57,52.46,3.39,0.0,8.85,1.0,2.49,0.31,1.31,1.63,0.0,3.99,0.94,1.0,0.0,0.31,0
4.29,0.0,1.38,1.52,4.29,2.38,115.13,1.0,1.24,1.0,27.18,0.32,45.35,2.86,0.0,7.34,1.38,2.63,0.0,1.0,0.89,0.0,3.38,0.62,1.0,0.0,1.76,1
0.0,0.0,1.0,2.21,1.21,2.96,89.38,1.0,0.0,0.0,10.64,1.31,48.98,1.0,0.39,4.93,1.0,2.92,1.82,2.43,1.06,0.61,6.28,0.9,0.26,0.0,1.57,0
0.07,0.56,1.0,0.21,0.07,8.44,44.07,1.0,0.93,0.0,1.93,1.8,5.55,2.86,0.07,4.79,1.0,2.45,1.07,1.93,0.53,0.0,0.0,1.0,0.07,0.0,0.07,0
0.77,0.0,1.0,0.77,3.84,7.69,121.28,1.0,0.0,0.77,8.69,1.53,66.9,1.23,0.0,0.77,1.0,5.2,2.0,1.77,1.08,0.0,0.0,0.94,0.0,0.0,1.54,0
1.9,0.0,1.24,0.95,1.9,2.24,46.74,1.0,0.0,3.29,6.47,0.36,66.29,1.0,0.0,3.79,1.24,4.64,3.05,1.0,1.27,0.0,0.95,0.73,0.24,0.0,1.47,0
0.0,1.89,1.0,7.98,0.0,44.12,303.42,1.0,0.0,1.02,4.93,6.58,98.07,1.11,2.66,6.13,1.23,2.69,1.0,0.11,0.07,0.0,6.24,0.98,0.08,0.0,1.89,0
4.23,0.7,1.0,2.82,2.11,12.05,372.2,1.0,7.05,1.41,8.75,2.58,64.84,2.59,1.48,15.09,1.0,4.3,0.3,0.7,1.34,0.0,17.62,0.94,0.47,0.0,2.11,1
0.0,0.86,1.0,0.0,0.0,3.0,69.33,1.0,0.0,1.42,10.58,0.71,33.14,2.0,0.86,11.0,1.86,3.5,0.86,1.86,1.11,0.0,0.28,0.96,0.14,0.0,2.0,0
1.38,0.0,1.0,0.0,1.38,22.92,168.41,1.0,1.38,1.94,27.76,1.04,18.81,3.69,0.0,4.19,1.31,3.7,1.87,1.0,0.74,0.31,2.69,0.83,1.0,0.0,1.62,1
0.0,0.0,1.6,0.0,0.0,7.6,136.02,1.0,1.0,2.6,9.0,0.81,51.4,2.6,0.0,16.6,1.4,3.38,1.2,1.6,1.53,0.0,11.8,0.89,0.88,0.0,3.2,1
0.0,1.85,1.0,0.0,0.0,4.63,84.96,1.0,1.85,0.93,7.37,1.15,25.03,4.63,0.15,5.07,1.85,2.41,1.0,1.85,0.5,0.0,191.54,0.9,0.6,0.0,0.93,1
0.36,0.0,1.0,3.86,1.36,4.07,76.5,1.0,0.0,7.07,11.29,0.45,53.36,1.64,0.0,4.86,1.0,5.09,0.71,1.71,1.37,0.36,9.64,0.9,0.64,0.0,1.64,1
0.0,0.0,1.0,0.0,0.0,12.26,122.19,1.0,0.0,0.0,4.22,5.44,0.0,2.96,0.41,1.0,0.59,1.68,0.59,0.59,0.18,0.0,95.99,0.98,0.59,0.0,0.41,0
1.95,0.0,1.0,0.0,1.89,2.16,125.77,1.0,2.11,1.37,36.94,0.33,18.85,3.84,0.05,2.05,1.0,1.68,0.05,1.0,0.71,0.0,6.81,0.76,1.0,0.0,1.0,1
0.0,0.0,1.0,0.78,0.0,1.32,37.1,1.0,0.0,0.44,1.44,2.97,89.03,0.88,2.34,3.19,0.22,3.49,3.12,0.22,0.26,0.0,0.0,0.91,1.0,0.0,0.0,0
0.0,0.0,1.0,0.0,7.38,0.26,23.36,1.0,0.0,0.52,8.69,0.49,15.71,1.26,0.74,1.31,1.0,1.02,0.52,1.74,0.34,0.0,0.0,0.95,0.0,0.0,0.0,0
1.83,0.0,1.83,1.66,12.6,5.2,89.93,1.0,0.0,0.0,11.77,0.53,67.09,1.34,0.0,11.1,1.0,13.22,1.0,1.17,1.37,0.0,14.71,0.92,0.49,0.69,3.34,1
1.86,1.86,1.93,2.8,0.0,8.61,168.52,1.0,0.0,34.47,11.59,0.65,81.06,3.73,1.0,23.36,1.86,8.16,0.0,0.93,1.89,0.0,38.2,0.95,0.35,0.0,4.73,1
1.24,0.0,0.41,0.0,0.0,2.89,56.7,1.0,0.0,0.0,2.48,2.23,0.0,1.41,6.87,3.72,1.0,1.61,0.0,0.83,0.38,0.0,1.24,0.89,0.41,0.0,1.24,0
2.86,0.0,1.0,3.81,3.81,2.14,32.96,1.95,0.0,0.71,2.85,0.35,68.76,1.0,0.0,2.09,2.0,2.63,1.0,1.0,1.1,0.0,0.0,0.87,0.05,0.0,1.0,0
0.0,12.66,1.0,18.46,0.0,22.57,873.36,1.0,0.0,0.03,19.54,6.96,97.69,0.06,0.97,6.83,0.03,18.87,1.03,0.03,0.04,0.0,26.23,0.88,0.49,0.0,1.97,1
0.0,0.0,1.0,0.0,0.83,6.51,74.06,1.0,0.0,0.0,4.66,1.7,0.0,4.17,0.0,3.49,1.0,0.83,0.17,1.83,0.83,0.0,27.61,0.65,0.17,0.0,0.0,1
0.0,0.0,1.0,0.0,0.64,5.0,57.53,1.0,1.27,1.46,5.64,0.53,21.88,3.27,0.0,1.73,1.0,2.14,0.0,2.0,0.47,0.0,232.51,0.85,0.79,0.0,0.36,1
0.0,0.0,1.0,0.38,0.38,6.33,89.48,1.0,0.0,0.0,3.0,3.95,25.14,5.0,0.0,0.62,1.0,1.76,1.0,1.38,0.23,0.0,100.3,1.0,0.62,0.0,0.0,0
1.5,7.77,1.79,0.21,0.0,3.14,117.87,1.0,0.0,3.07,1.79,0.87,57.91,1.0,0.0,7.13,1.0,5.24,2.21,1.0,0.78,0.0,1.57,0.91,1.0,0.0,1.43,0
1.03,0.0,1.0,1.0,0.69,6.03,131.24,1.0,1.34,1.0,13.83,1.23,75.17,1.66,0.0,9.0,1.0,2.43,0.69,1.0,0.31,0.0,5.41,0.96,0.83,0.0,2.0,0
0.19,0.81,1.0,0.81,4.26,3.44,51.49,1.81,0.0,2.44,6.7,0.61,50.46,1.0,0.0,1.81,2.63,5.34,0.81,1.0,0.69,0.0,150.58,0.92,0.41,0.0,1.63,0
2.86,0.0,1.71,2.14,5.57,8.85,102.24,1.0,0.0,0.0,3.43,0.54,59.25,1.0,0.0,3.57,1.0,4.59,0.29,1.29,1.21,0.0,0.0,0.85,0.0,0.0,1.43,0
0.0,0.79,1.0,0.21,0.0,19.83,95.49,1.0,0.0,0.0,1.79,2.24,20.68,3.17,0.62,8.14,1.59,5.59,2.41,0.79,0.48,0.0,0.0,0.95,1.0,0.0,1.59,0
0.99,0.0,1.0,0.0,0.99,4.96,76.58,1.99,3.97,1.02,7.02,1.09,33.09,3.98,0.0,1.98,2.0,1.04,0.02,1.0,0.01,0.0,328.3,1.0,0.66,0.0,0.0,0
1.85,0.0,1.37,1.63,0.37,7.0,124.37,1.0,0.0,0.63,10.26,0.73,85.07,2.48,0.0,16.34,2.26,2.68,0.37,0.37,0.78,0.0,164.78,0.71,0.49,0.0,2.0,1
26.11,24.05,1.0,1.0,0.0,2.56,792.91,1.0,37.1,0.0,11.63,1.25,96.56,1.69,1.0,17.87,1.69,4.9,0.0,0.0,0.57,0.0,5.01,0.9,0.21,0.0,4.69,1
16.06,2.0,1.0,5.17,0.86,2.24,119.67,2.72,1.86,4.59,16.17,0.29,85.16,3.86,0.0,5.35,1.0,2.85,0.0,0.14,0.67,0.0,0.41,1.0,0.05,0.0,0.41,0
0.0,0.0,4.93,0.0,0.0,49.08,142.64,1.0,1.57,0.0,0.64,1.71,0.0,3.43,0.79,12.79,1.0,15.14,1.79,1.0,4.13,0.0,39.42,0.98,0.48,0.0,2.36,0
1.31,5.91,1.0,0.66,0.0,5.31,161.28,3.63,1.66,3.31,12.0,0.5,80.05,2.0,0.66,18.91,2.0,2.58,0.0,0.34,0.55,0.0,1.0,0.98,1.0,0.0,2.0,0
0.0,2.0,1.0,6.15,0.0,35.08,247.91,1.0,0.63,0.32,4.27,5.36,76.9,2.27,2.05,5.0,1.32,1.87,1.0,0.63,0.17,0.0,65.18,0.96,0.18,0.0,1.68,0
0.41,3.85,1.0,1.22,0.41,1.59,39.07,1.0,0.0,1.19,3.37,0.58,71.7,1.0,0.41,0.81,1.59,2.72,0.81,0.41,0.63,0.0,0.0,0.95,0.41,0.0,0.41,0
0.0,0.0,0.74,0.0,0.0,6.66,97.31,1.0,0.0,0.0,2.22,5.9,0.0,3.7,0.26,0.74,0.74,0.74,0.74,0.74,0.0,0.0,119.97,0.96,0.74,0.0,0.0,0
4.04,0.0,1.76,0.76,1.0,5.56,100.01,1.0,0.0,0.0,7.08,0.53,69.89,4.52,0.0,4.76,1.0,2.45,0.76,1.24,0.81,0.0,317.14,0.54,0.39,0.0,1.52,1
0.73,3.28,0.36,0.36,0.0,2.19,86.16,2.46,0.73,1.46,4.37,2.12,32.81,1.36,7.35,8.02,1.36,1.04,0.0,0.0,0.18,0.0,0.36,0.9,0.36,0.0,0.73,0
5.29,2.57,1.0,0.0,1.29,16.43,345.45,1.14,4.43,2.57,5.43,0.95,52.3,1.43,0.0,27.15,2.0,5.67,0.0,1.0,0.98,0.0,150.94,0.81,0.22,0.0,6.14,1
0.0,0.81,0.2,0.0,0.0,1.21,26.45,1.0,0.0,0.0,0.0,2.75,0.0,1.2,8.77,0.4,1.0,0.4,0.2,0.4,0.17,0.0,0.0,0.87,0.0,0.0,0.0,0
0.0,0.0,0.74,0.0,1.49,0.74,20.95,1.0,0.0,0.51,1.49,1.32,0.0,0.74,0.0,0.0,0.74,1.49,0.74,1.49,0.56,0.0,0.0,0.84,0.0,0.0,0.0,0
0.69,0.0,1.0,0.0,2.34,2.03,29.21,1.0,0.0,0.0,2.0,0.89,0.0,1.0,0.0,1.72,1.0,1.91,0.66,1.66,0.69,0.0,0.0,0.91,0.0,0.0,0.0,0
0.92,0.15,1.08,0.0,0.92,4.69,73.41,1.92,3.69,1.08,6.62,1.09,34.3,3.77,0.0,2.0,1.92,1.23,0.15,1.0,0.05,0.0,305.9,0.99,0.69,0.0,0.08,0
0.0,0.98,1.0,0.0,0.0,8.55,35.87,1.0,0.0,0.49,1.49,1.89,36.68,1.96,1.0,6.4,0.49,2.24,1.51,1.49,0.0,0.0,0.0,0.91,0.49,0.0,0.0,0
0.0,0.0,1.0,0.0,0.68,4.32,68.32,1.0,0.0,2.64,10.36,1.15,78.68,1.64,0.0,0.96,1.68,1.49,0.0,1.0,0.52,0.0,0.0,0.95,0.32,0.0,0.68,0
0.83,0.0,1.41,0.83,6.2,3.41,75.12,1.0,0.0,2.35,10.48,0.56,53.43,1.59,0.0,7.28,1.0,8.86,0.41,1.0,1.06,0.0,2.0,0.96,0.79,0.0,2.41,0
0.0,0.0,1.0,0.0,0.93,6.2,62.99,1.0,0.0,0.0,4.8,0.95,0.0,4.0,0.0,3.93,1.0,0.85,0.07,2.0,0.97,0.0,0.0,0.6,0.0,0.0,0.0,1
0.81,0.0,0.81,0.0,0.81,0.81,22.43,1.0,0.0,0.0,0.81,1.13,0.0,1.38,0.38,0.81,1.19,1.21,0.0,0.81,1.21,0.0,0.0,0.89,0.0,0.0,0.0,0
1.67,0.0,1.0,0.0,0.16,21.54,374.91,2.67,2.51,5.85,8.51,1.49,56.79,1.82,0.0,8.52,1.84,3.64,0.84,0.16,0.9,0.0,0.0,0.88,0.0,0.0,2.51,1
0.0,0.0,1.0,0.57,0.0,33.39,216.83,1.0,0.0,1.74,14.87,2.68,67.39,1.87,0.57,10.13,1.43,4.47,2.61,0.43,0.43,0.43,9.91,0.89,0.81,0.0,3.57,0
0.0,5.19,1.0,12.87,6.67,1.04,32.06,1.0,0.96,0.48,1.48,0.48,79.15,2.44,0.0,1.56,1.0,4.91,1.48,1.52,0.92,0.0,0.0,0.99,0.52,0.0,0.52,0
0.19,0.58,1.19,12.09,0.0,20.39,210.52,1.0,4.03,1.16,3.61,0.45,69.73,2.39,0.0,26.55,1.0,8.07,2.0,2.61,1.34,0.0,11.1,0.99,0.5,0.0,1.0,1
2.14,0.0,1.54,1.61,3.75,14.32,127.96,1.0,0.0,0.0,4.93,2.5,44.41,0.54,0.46,3.14,0.54,4.25,0.0,0.54,0.96,0.0,0.0,0.9,0.0,0.0,1.54,0
0.0,0.0,1.0,0.0,0.0,0.0,21.0,1.0,0.0,0.0,6.0,0.25,0.0,2.0,0.0,0.0,1.0,2.35,0.0,1.0,0.8,0.0,0.0,0.95,0.33,0.0,0.67,0
0.0,0.0,0.83,0.0,0.0,4.17,39.51,1.0,0.0,0.0,3.34,1.4,0.0,3.5,1.83,5.0,1.0,0.21,0.0,0.83,0.42,0.0,0.0,0.7,0.83,0.0,0.0,0
1.77,0.0,0.88,1.33,3.09,5.31,67.61,1.0,0.0,1.12,1.77,1.88,36.69,0.44,0.0,2.21,0.44,2.49,0.0,0.44,0.62,0.0,0.0,0.82,0.0,0.0,0.88,0
1.72,0.64,1.0,7.19,1.45,3.92,84.19,1.36,7.66,9.58,0.72,0.61,80.77,1.0,0.0,3.92,1.36,3.9,1.0,1.0,1.09,0.0,0.0,0.82,0.0,0.0,1.0,0
0.75,0.0,1.38,1.25,1.5,7.75,106.35,1.0,0.0,0.62,8.0,0.97,50.58,1.0,0.0,19.62,2.25,2.88,0.0,0.38,0.92,0.0,16.24,0.92,0.79,0.0,2.0,0
0.0,1.75,1.87,0.0,0.13,1.38,33.88,1.0,0.0,2.0,3.13,0.96,54.5,1.0,0.0,1.75,1.13,3.59,1.75,1.0,0.66,0.0,1.75,0.91,0.87,0.0,1.0,0
0.34,0.34,1.0,0.0,0.66,5.02,65.76,1.0,0.0,2.34,8.62,1.06,64.22,1.68,0.0,1.7,1.66,1.9,0.68,1.34,1.03,0.0,55.81,0.97,0.34,0.0,0.66,0
0.0,0.0,3.1,0.0,0.58,29.29,92.38,1.0,1.42,0.58,1.74,0.82,28.97,4.16,2.74,7.89,1.0,9.87,2.0,1.58,2.59,0.0,2.52,0.96,0.72,0.0,1.84,0
4.74,0.05,1.95,0.95,0.95,6.95,127.15,1.0,0.0,0.47,9.58,0.38,91.53,4.84,0.0,5.52,1.1,3.5,1.0,1.0,1.04,0.0,382.88,0.43,0.22,0.0,1.95,1
1.02,0.0,0.51,0.0,1.52,2.03,31.65,1.0,0.0,0.0,1.02,2.14,0.0,1.0,5.42,2.54,1.0,0.89,0.0,0.51,0.29,0.0,0.0,0.93,0.0,0.0,0.0,0
0.0,0.08,1.0,0.35,0.0,5.76,57.73,1.0,0.0,2.88,5.88,0.81,56.76,2.92,1.08,3.08,1.0,5.51,0.04,1.92,0.0,0.0,0.0,0.96,0.96,0.0,1.04,0
0.0,0.0,1.0,0.0,0.88,3.64,23.61,1.0,0.0,0.0,1.12,0.68,0.0,2.24,0.0,1.76,1.0,2.7,2.64,9.91,0.88,0.88,0.0,0.93,0.0,0.0,0.12,0
0.0,1.6,1.0,0.0,0.0,5.0,39.59,1.0,0.0,1.2,2.6,0.73,71.99,3.6,0.8,9.8,1.0,2.72,1.2,1.8,0.26,0.0,0.0,0.96,0.8,0.0,0.0,0
0.0,1.86,1.86,0.0,0.0,1.29,35.85,1.0,0.0,1.86,3.28,0.91,47.57,1.14,0.14,3.28,1.14,3.92,1.86,1.14,0.73,0.0,1.71,0.91,0.86,0.0,1.14,0
2.66,0.0,1.66,0.34,0.0,24.08,234.81,1.0,0.68,1.66,3.64,0.54,73.3,3.32,0.0,17.87,1.0,7.31,2.98,1.66,1.23,0.0,645.59,0.91,0.64,0.0,1.32,1
0.0,0.0,1.0,0.0,0.0,3.01,65.91,1.0,0.51,5.01,7.52,0.65,64.08,2.01,0.0,6.08,1.0,4.28,1.97,1.0,0.83,0.0,1.52,0.9,0.51,0.0,2.01,0
0.0,0.0,1.0,1.82,0.77,5.14,41.58,1.0,0.0,0.0,4.86,0.89,5.7,5.09,0.0,1.23,1.0,5.52,4.1,1.46,0.52,0.23,0.23,0.92,0.23,0.0,0.23,0
0.0,0.0,1.0,0.0,0.43,5.57,50.36,1.0,0.85,1.15,4.28,0.6,28.74,4.0,0.0,6.75,1.0,1.17,0.0,1.43,0.9,0.0,155.64,0.88,0.86,0.0,0.0,0
2.53,0.53,1.47,1.41,0.94,7.35,77.16,1.0,0.0,2.06,2.06,0.42,64.88,1.47,0.0,13.53,1.53,4.61,0.47,1.47,2.58,0.0,8.24,0.94,0.82,0.0,2.06,0
2.9,0.97,1.0,0.0,17.73,0.0,24.87,1.0,0.0,0.0,14.83,0.17,0.0,1.0,0.03,1.93,1.0,0.77,0.0,0.07,0.55,0.0,0.0,0.97,0.0,0.0,0.97,0
0.25,1.51,1.0,0.0,0.74,7.68,131.96,1.25,0.25,0.0,11.77,3.09,0.0,0.98,0.75,6.26,0.49,7.08,0.75,0.25,0.28,0.0,207.99,0.92,0.08,0.0,1.0,0
0.0,0.1,1.0,0.1,0.52,0.41,24.82,1.1,0.0,0.31,11.59,0.88,6.4,0.1,1.79,5.59,0.31,2.29,1.0,0.1,0.05,0.0,26.27,0.8,0.95,0.0,0.21,0
0.0,0.0,1.0,0.0,1.0,5.98,52.92,1.0,0.0,0.0,5.01,1.18,0.0,4.02,0.0,1.99,1.0,0.61,0.0,1.99,0.0,0.0,0.0,0.91,0.0,0.0,0.99,1
0.0,0.0,1.0,1.98,0.0,7.66,158.23,1.0,0.0,0.0,15.5,5.33,65.91,0.0,4.02,1.34,0.0,5.29,1.36,0.0,0.0,0.0,12.89,0.95,0.83,0.0,0.66,0
0.68,0.0,1.0,0.0,0.68,9.1,76.93,1.0,0.0,4.74,7.01,0.65,26.56,2.37,0.0,38.88,1.32,1.71,1.0,1.68,1.43,0.0,51.97,0.74,0.6,2.74,3.74,1
0.64,0.68,1.0,0.96,0.0,6.72,83.35,1.64,0.0,3.24,8.17,1.12,41.12,2.0,0.0,2.6,1.32,3.02,1.36,1.0,1.22,0.0,0.0,0.97,0.0,0.0,0.68,0
0.0,0.0,1.0,3.73,5.69,6.75,149.99,1.0,0.0,0.75,13.97,0.88,82.98,1.0,0.0,18.3,2.5,3.68,0.5,0.25,0.77,0.0,19.56,0.92,0.5,0.0,2.0,0
0.04,1.96,1.0,0.39,0.0,5.96,45.25,1.0,0.53,1.61,1.91,0.74,75.57,3.87,0.96,10.74,1.0,2.59,1.0,1.96,0.05,0.0,0.0,0.94,0.96,0.0,0.04,0
2.64,0.56,1.0,6.15,0.88,6.24,191.09,1.0,0.56,2.32,17.73,1.52,40.92,1.0,0.0,2.0,2.0,2.76,0.44,1.0,0.28,0.0,8.85,0.97,0.59,0.0,2.44,0
0.78,0.78,1.0,0.67,0.44,5.44,62.1,1.0,0.44,2.56,3.56,0.98,33.78,3.22,0.0,3.89,1.0,3.96,2.0,1.78,1.38,0.0,127.53,1.0,0.78,0.0,0.0,1
0.0,0.26,0.26,0.0,0.0,0.51,25.32,1.0,0.0,0.51,1.28,2.53,16.85,1.0,8.19,0.0,1.26,0.47,0.0,0.0,0.1,0.0,0.0,0.87,0.0,0.0,0.0,0
0.12,0.18,1.06,2.82,0.0,8.06,215.48,1.0,0.0,0.42,21.75,5.89,98.15,0.18,3.06,1.42,0.06,6.0,0.06,0.06,0.06,0.0,29.1,0.98,0.98,0.0,0.94,0
0.29,0.0,1.0,0.0,0.44,1.44,31.61,1.0,0.0,1.71,4.56,0.74,51.21,1.85,0.0,5.0,1.0,3.33,1.71,1.0,1.18,0.0,0.0,1.0,0.0,0.0,0.0,0
0.0,0.0,1.0,0.9,1.4,3.1,83.06,1.0,0.0,0.0,8.31,2.38,30.03,0.7,0.9,0.3,0.7,3.19,0.7,1.4,0.52,0.0,5.41,0.89,0.3,0.0,0.3,0
1.2,0.0,1.6,7.8,1.2,8.6,105.83,1.0,2.0,0.6,2.2,0.3,64.4,2.0,0.0,12.4,1.0,5.76,1.4,2.4,2.07,0.0,11.0,0.94,0.8,0.0,1.0,1
1.42,6.39,1.0,0.71,0.29,5.42,158.32,3.84,1.42,3.42,11.71,0.54,88.84,1.71,0.71,15.63,2.0,2.23,0.0,0.29,0.53,0.0,0.71,0.98,0.71,0.0,1.71,0
0.0,1.82,1.0,0.0,0.0,3.82,85.45,1.0,0.0,0.26,12.03,3.69,1.41,0.18,0.91,6.82,0.09,7.16,1.18,0.18,0.0,0.0,0.0,0.95,0.09,0.0,0.91,0
2.68,0.0,1.0,0.89,1.79,7.46,118.81,1.0,1.79,1.32,4.43,1.3,62.56,1.11,0.0,9.21,1.0,4.69,1.79,1.0,0.5,0.0,9.14,0.94,0.55,0.0,2.0,0
0.0,0.96,1.0,4.32,0.0,3.44,76.63,1.0,5.27,2.08,5.04,0.39,74.3,1.0,1.92,1.92,1.0,5.98,2.08,0.52,1.05,0.0,0.0,0.74,0.48,0.0,1.48,0
0.99,0.0,1.0,0.01,2.96,18.81,256.35,1.99,1.0,0.01,8.15,0.43,1.07,3.97,0.0,4.07,1.99,6.43,0.0,1.0,1.14,0.0,836.73,0.82,0.34,0.0,1.01,1
0.82,0.0,1.9,0.82,0.0,14.93,98.84,1.0,2.0,9.83,6.56,0.72,70.47,1.36,1.0,5.35,1.82,9.39,0.36,1.0,1.2,0.0,1.08,0.98,0.88,0.0,1.36,0
0.0,1.0,1.0,0.0,0.0,3.24,34.38,1.0,0.0,1.38,3.76,1.16,45.46,1.62,0.0,0.62,1.69,1.57,0.0,0.31,0.26,0.0,0.31,0.92,0.16,0.0,0.31,0
0.0,10.19,1.0,14.9,0.0,20.19,712.97,1.0,0.0,0.0,16.33,5.99,78.4,0.65,0.78,6.14,0.22,15.81,1.0,0.43,0.11,0.0,21.17,0.9,0.39,0.0,1.78,1
3.57,0.0,3.45,0.0,1.53,34.47,222.02,1.0,0.98,0.0,10.21,0.47,0.0,3.51,0.49,8.85,1.0,9.94,0.98,1.51,3.03,0.0,15.19,0.98,0.42,0.0,3.0,1
13.93,1.55,1.0,4.64,1.0,2.13,92.62,2.55,1.55,3.87,14.28,0.32,69.63,4.0,0.0,3.23,1.0,2.36,0.0,0.45,0.73,0.0,0.0,0.9,0.0,0.0,0.0,0
0.9,0.0,1.45,0.9,7.31,5.1,73.29,1.0,0.0,0.0,9.06,0.88,36.53,2.65,0.0,2.0,1.0,7.43,0.45,1.55,0.58,0.0,0.9,0.94,0.23,0.0,1.9,0
5.11,3.0,1.0,0.15,0.85,14.67,315.43,1.0,4.26,2.56,4.56,1.17,54.8,1.3,0.0,27.01,1.85,5.04,0.0,1.0,0.88,0.0,30.72,0.81,0.32,0.0,6.26,1
2.63,0.0,1.0,0.18,0.92,7.55,114.48,1.0,0.0,0.18,6.92,0.96,16.05,1.82,0.82,7.52,1.0,4.31,0.37,2.0,1.0,0.0,2.45,0.96,0.82,0.0,2.82,0
0.0,2.91,1.0,7.36,0.0,10.58,494.26,1.0,0.78,16.3,35.52,2.31,93.02,1.55,0.22,15.54,3.88,7.36,0.22,0.78,0.34,0.0,33.98,0.95,0.69,0.0,2.78,1
4.26,0.0,1.0,0.0,1.83,8.83,191.21,1.0,0.0,0.0,12.56,1.66,0.0,2.43,2.35,2.0,0.61,2.33,1.57,1.22,0.55,0.0,15.78,0.94,0.5,0.0,1.83,1
0.24,1.53,1.76,0.0,0.24,1.0,28.35,1.0,0.0,1.53,1.76,0.89,38.18,1.0,0.0,1.76,1.0,3.41,1.53,1.0,0.86,0.0,1.53,0.9,0.76,0.0,0.76,0
0.49,0.0,1.0,3.06,1.0,2.02,61.82,1.0,0.0,5.62,9.17,0.61,42.39,1.51,0.0,4.06,1.0,4.07,0.0,1.0,1.11,0.0,7.66,0.88,0.51,0.0,1.02,1
0.0,0.22,1.0,0.0,0.0,3.44,62.07,1.0,0.0,4.0,7.56,0.61,35.21,2.11,0.11,10.89,1.0,4.27,0.22,1.11,0.99,0.0,2.33,0.96,1.0,0.0,2.0,0
0.8,0.73,1.0,2.27,3.21,2.93,253.01,1.0,2.2,1.47,38.3,0.62,82.87,2.47,0.0,10.59,1.0,2.23,0.0,1.0,0.58,0.0,0.0,0.94,0.73,0.0,1.0,0
0.0,1.12,1.56,0.0,0.0,0.56,25.58,1.0,0.0,1.12,3.33,0.62,27.88,1.44,0.0,1.12,1.0,2.85,1.12,1.0,0.75,0.0,1.12,0.93,0.56,0.0,1.0,0
0.31,0.0,1.0,5.16,1.53,6.53,101.34,1.0,0.0,0.31,6.84,3.75,96.02,1.0,0.69,1.0,1.0,11.74,2.0,1.31,0.43,0.0,0.0,0.96,0.0,0.0,0.61,0
1.1,1.45,2.0,0.82,1.92,4.01,58.5,1.0,0.0,1.45,2.55,0.81,59.04,1.0,0.0,2.82,1.0,4.45,1.45,1.0,0.87,0.0,1.45,0.89,0.73,0.0,1.27,0
0.65,1.31,1.0,0.0,1.31,0.65,25.24,1.0,0.0,0.0,5.18,0.99,0.0,1.31,2.65,1.04,0.65,1.71,0.35,0.65,0.0,0.0,0.0,0.87,0.0,0.0,0.0,0
0.0,0.0,0.19,0.0,0.0,0.38,22.49,1.0,0.0,0.77,1.15,2.38,11.11,2.62,1.62,0.0,1.81,0.89,0.77,0.19,0.24,0.0,0.0,0.84,0.0,0.0,0.19,0
0.0,0.0,1.0,0.0,0.0,9.53,29.67,1.0,0.0,0.49,1.16,2.65,2.62,0.33,0.84,2.49,0.16,2.65,2.16,1.16,0.0,0.0,0.0,0.89,0.16,0.0,0.0,0
1.86,0.14,1.0,0.0,1.86,2.28,123.81,1.0,1.86,1.0,36.4,0.35,20.15,4.0,0.07,2.63,1.0,1.52,0.07,1.07,0.58,0.0,2.79,0.78,1.0,0.0,0.93,1
2.57,0.49,1.0,3.6,1.03,6.97,338.74,1.0,7.68,4.6,18.89,1.45,46.67,2.54,0.0,10.74,1.49,3.65,0.0,1.0,0.54,0.0,8.32,0.92,0.84,0.0,2.51,1
0.0,0.66,1.0,0.0,0.0,2.65,29.27,1.0,0.0,0.33,2.0,1.15,24.74,2.66,0.33,3.63,1.0,1.83,1.0,1.33,0.0,0.0,34.84,0.98,0.66,0.0,0.0,0
5.96,0.0,1.04,4.85,0.04,4.11,214.5,1.0,1.92,6.74,20.55,0.49,79.49,1.15,0.0,5.96,1.0,7.55,1.96,1.0,0.69,0.0,15.09,0.97,0.01,0.0,2.0,0
2.39,0.0,1.0,2.17,1.56,1.39,32.27,1.39,1.22,0.61,1.39,0.28,69.22,1.61,0.0,4.44,1.39,4.06,1.0,1.0,0.87,0.0,0.0,0.95,0.61,0.0,0.39,0
0.93,1.86,1.0,0.49,1.86,1.28,31.54,1.0,0.0,0.0,0.35,1.39,6.95,1.93,2.86,0.07,1.0,2.54,0.14,1.0,0.0,0.0,0.0,1.0,0.0,0.0,0.0,0
0.9,2.71,1.9,0.0,0.0,19.88,152.91,1.0,0.0,5.42,2.96,0.58,46.98,3.61,0.19,30.39,0.9,8.16,1.9,0.9,1.47,0.0,22.46,0.97,0.55,0.0,0.9,1
0.0,0.0,0.46,0.0,0.46,1.83,23.54,1.0,0.0,0.0,0.46,3.55,0.0,0.91,0.54,0.91,0.46,1.37,1.37,5.02,0.46,0.46,0.0,0.88,0.0,0.0,0.0,0
0.0,0.0,0.77,0.0,0.0,0.77,27.75,1.0,0.0,1.55,3.87,1.16,46.5,2.23,0.45,3.87,1.23,2.79,1.55,0.77,1.0,0.0,0.0,0.96,0.0,0.0,0.0,0
0.0,0.0,1.0,0.0,0.66,4.34,74.89,1.0,0.0,5.09,10.76,0.88,28.53,4.3,0.0,2.02,1.34,2.31,0.34,1.0,0.46,0.0,0.0,0.99,0.34,0.0,0.34,0
0.57,1.28,1.28,0.85,0.0,3.71,76.11,1.0,0.0,11.24,5.56,0.62,42.63,3.28,0.28,11.4,1.28,4.76,1.43,1.72,1.28,0.72,13.09,0.94,0.82,0.0,2.14,1
1.21,0.0,1.61,2.36,2.82,6.64,85.64,1.0,0.0,4.32,8.5,0.8,32.6,1.39,0.0,11.25,1.0,4.75,0.0,1.0,1.16,0.0,5.89,0.92,1.0,0.0,2.0,0
0.35,0.0,1.0,0.53,0.0,14.7,120.47,1.35,0.0,1.42,7.95,4.07,15.59,0.35,0.82,1.89,0.35,2.74,0.0,0.18,0.5,0.0,0.0,0.97,0.0,0.0,0.82,0
0.0,0.0,1.0,0.0,0.48,11.23,93.11,1.0,0.96,0.0,6.0,2.72,0.0,1.92,0.52,1.0,0.48,1.62,0.0,0.96,0.47,0.0,176.01,0.88,0.32,0.0,0.52,0
1.43,0.52,1.0,0.0,0.0,3.35,59.57,1.0,0.0,1.57,3.39,0.97,0.0,1.48,0.48,4.3,1.0,3.95,1.57,1.48,0.43,0.0,1.43,0.9,0.48,0.0,1.43,0
0.72,1.45,1.0,0.0,1.45,2.38,31.6,1.0,0.0,0.55,0.83,1.01,13.85,2.55,2.17,3.05,1.0,1.67,0.0,1.0,0.33,0.0,0.0,0.99,0.28,0.0,0.0,0
0.33,0.0,1.07,0.07,1.93,1.4,29.83,1.0,0.0,0.0,2.47,0.71,6.16,1.27,0.0,0.33,1.0,2.07,1.0,1.93,0.77,0.0,26.84,0.83,0.01,0.0,0.13,0
15.75,0.87,2.13,25.88,0.56,3.75,89.26,1.0,0.0,7.19,2.0,0.39,84.56,2.31,0.44,4.81,1.0,5.07,1.56,1.44,1.0,0.0,733.65,0.97,0.86,0.0,0.56,1
3.62,1.81,1.0,0.79,0.6,12.43,266.47,1.0,3.02,2.21,7.38,1.0,68.93,1.0,0.0,27.83,2.4,4.31,0.0,0.6,0.82,0.0,31.43,0.84,0.38,0.0,5.02,1
37.74,34.75,1.0,0.99,0.0,1.03,1060.8,1.0,53.63,0.01,5.96,0.57,94.51,2.0,1.0,20.86,1.99,6.55,0.01,0.01,0.84,0.0,0.0,0.94,0.0,0.0,4.97,1
0.0,0.49,1.0,0.75,0.0,1.23,49.28,1.0,0.49,0.25,2.48,3.0,82.05,1.23,2.26,1.98,0.49,3.62,3.26,0.49,0.13,0.0,50.65,0.9,0.89,0.0,0.25,0
0.0,0.82,1.0,1.41,0.0,6.53,142.01,1.0,0.0,7.41,16.65,0.86,72.77,2.0,0.0,12.71,2.65,12.39,4.0,1.35,0.68,0.18,45.48,0.93,0.73,0.0,1.0,1
0.91,0.91,1.09,8.21,0.0,5.44,120.36,1.0,11.04,13.95,0.61,0.77,84.25,1.17,0.0,6.22,1.0,4.61,1.09,1.09,1.15,0.0,1.66,0.8,0.07,0.0,1.26,1
0.0,0.0,1.0,3.0,2.0,0.39,20.1,1.0,1.23,0.61,2.0,0.64,52.16,2.84,0.0,0.39,1.0,3.54,2.39,2.16,0.68,0.39,0.0,0.98,0.0,0.0,0.0,0
0.52,1.56,1.52,0.0,0.0,13.84,134.35,1.0,2.4,4.56,3.92,1.0,64.48,2.56,6.24,18.6,1.96,20.26,1.04,0.52,0.96,0.0,13.92,0.99,0.5,0.0,1.0,1
0.0,5.09,0.51,11.2,5.6,1.02,35.2,1.0,0.0,0.0,0.51,3.03,42.27,0.51,0.49,1.53,0.51,3.29,0.51,1.02,0.9,0.0,0.0,0.91,0.51,0.0,0.51,0
0.41,0.0,1.0,0.41,0.59,5.59,67.46,1.0,0.83,4.96,6.24,1.0,35.52,2.76,0.41,2.41,1.41,3.36,0.0,1.59,0.13,0.0,0.0,0.94,0.41,0.0,1.0,0
0.0,1.76,0.14,2.57,0.0,3.11,138.75,1.0,0.0,0.0,2.71,3.44,13.54,2.59,1.86,0.95,1.73,2.62,0.14,0.0,0.0,0.0,3.66,0.84,0.07,0.0,0.27,0
0.0,0.0,1.0,2.41,0.7,6.91,53.74,1.0,0.0,0.0,3.79,0.75,7.54,3.4,0.0,3.4,1.0,5.99,5.43,2.3,1.0,0.3,0.3,0.61,0.3,0.0,0.3,1
3.5,0.0,1.7,0.7,0.7,10.0,123.8,1.0,0.0,0.0,8.1,1.69,64.45,3.5,0.3,3.8,0.7,2.95,0.7,0.7,0.88,0.0,280.9,0.56,0.14,0.0,1.7,1
1.58,0.0,1.0,1.58,6.31,4.27,70.42,1.0,0.0,0.0,6.15,2.88,46.27,2.9,0.0,2.58,1.0,1.83,0.47,1.0,0.38,0.0,76.82,0.88,0.47,0.0,0.53,1
0.61,0.8,1.2,0.0,0.41,13.0,94.75,1.0,0.0,3.41,4.02,1.23,26.98,1.8,0.0,9.46,1.2,5.0,0.2,1.0,1.23,0.0,137.22,0.95,0.6,0.0,1.41,1
2.39,7.95,1.72,1.39,0.0,8.33,166.71,1.0,0.56,5.56,5.83,0.7,53.72,1.72,0.0,6.0,1.0,5.52,0.56,1.0,0.91,0.0,265.84,1.0,0.72,0.0,0.56,0
0.5,1.49,1.0,1.0,2.52,8.51,105.42,1.0,0.0,0.5,6.54,1.48,53.3,1.99,0.0,2.49,1.0,4.2,1.01,1.5,0.92,0.0,2.97,0.91,0.5,0.0,2.0,1
0.54,0.0,1.0,0.0,0.54,4.08,68.72,1.54,2.16,2.38,7.46,0.87,33.46,3.08,0.0,6.14,1.54,2.38,0.0,1.0,0.41,0.0,179.58,0.98,0.82,0.0,0.92,0
0.09,0.19,1.0,0.0,0.19,0.09,20.74,1.0,0.0,0.0,13.61,0.78,0.0,0.19,2.09,2.72,0.09,1.79,0.91,0.09,0.0,0.0,0.0,0.67,0.0,0.0,0.0,0
0.41,3.28,3.95,1.23,0.41,35.78,105.72,1.0,1.18,0.0,0.41,0.48,32.84,2.18,1.0,10.25,1.0,12.84,2.0,1.0,3.51,0.0,3.54,0.98,0.61,0.0,2.18,0
0.0,0.0,1.0,2.38,0.0,11.04,84.04,1.0,0.0,0.4,4.41,3.61,33.78,0.4,0.6,0.6,0.4,2.6,0.79,0.4,0.27,0.0,0.0,0.79,0.0,0.0,1.0,0
0.32,0.0,1.0,0.0,1.0,3.03,37.89,1.0,0.0,0.0,4.38,0.91,0.0,4.38,0.0,1.0,1.0,1.73,0.0,1.0,0.74,0.0,0.0,0.97,0.0,0.0,0.0,0
0.0,1.71,1.0,0.0,0.0,3.71,81.81,1.0,0.0,0.44,11.4,3.51,2.33,0.29,0.85,6.71,0.15,7.08,1.29,0.29,0.0,0.0,0.0,0.95,0.15,0.0,0.85,0
0.98,0.0,1.0,2.35,2.0,3.28,57.95,1.0,0.65,0.33,2.65,0.71,32.31,1.0,0.0,3.61,1.0,4.25,2.67,3.02,1.33,0.67,3.26,0.94,0.16,0.0,0.65,0
0.0,0.0,0.12,0.12,0.12,0.12,25.29,1.0,0.0,0.12,1.76,2.81,5.41,1.24,9.71,0.12,1.0,0.18,0.0,0.12,0.05,0.0,0.0,0.86,0.0,0.0,0.24,0
0.0,0.09,1.0,0.0,0.96,4.96,64.23,1.0,1.91,0.0,6.31,0.58,0.0,3.82,0.04,1.26,0.96,0.8,0.04,1.91,0.48,0.0,349.97,0.8,0.64,0.0,0.04,0
0.75,0.25,1.0,0.0,0.75,7.01,43.55,1.0,0.0,0.0,1.25,1.3,0.0,3.25,0.0,5.5,1.25,1.88,0.5,1.75,0.15,0.0,38.97,0.99,1.0,0.0,0.5,0
0.94,0.0,1.0,0.94,4.71,9.43,144.44,1.0,0.0,0.94,11.23,1.02,82.02,0.94,0.11,1.11,0.94,5.92,1.94,1.89,1.32,0.0,0.0,0.96,0.0,0.0,1.89,0
0.0,0.0,1.0,0.71,0.48,3.81,40.62,1.0,0.48,3.29,4.29,0.73,63.57,2.48,0.0,2.29,1.0,4.58,0.48,1.76,0.33,0.0,0.0,0.97,0.76,0.0,0.76,0
0.29,0.0,1.0,0.29,1.16,0.9,29.32,1.0,0.0,1.81,5.39,0.62,62.71,1.9,0.0,4.9,1.0,3.5,1.81,1.0,1.23,0.0,0.0,0.98,0.0,0.0,0.1,0
0.93,4.18,1.0,5.29,12.32,6.0,214.61,2.86,0.93,1.86,17.89,0.5,89.46,1.46,0.46,12.36,1.46,5.28,1.07,0.54,0.89,0.0,0.46,0.99,0.46,0.0,2.0,0
0.0,0.41,1.0,0.79,0.0,5.79,222.18,1.0,0.0,0.0,19.64,8.2,79.26,0.79,1.0,9.13,0.79,1.45,0.21,0.21,0.0,0.0,12.89,0.86,0.74,0.0,3.59,0
0.0,0.0,1.0,0.0,0.0,6.05,66.44,1.0,0.0,1.79,3.62,5.5,9.53,1.19,4.05,3.38,0.6,5.06,2.19,1.19,0.27,0.0,0.81,0.93,1.0,0.0,1.21,0
0.0,0.0,1.0,0.58,0.0,3.45,116.8,1.0,0.0,0.0,14.23,2.92,57.53,1.42,0.58,6.33,1.0,1.57,0.85,0.42,0.0,0.0,9.2,0.83,0.38,0.0,2.3,0
7.18,0.0,1.51,14.02,1.74,1.26,50.88,1.0,0.0,3.08,2.0,0.31,35.48,1.0,0.0,0.74,1.0,4.79,2.74,3.23,1.76,0.74,334.16,0.96,0.19,0.0,0.26,0
0.0,0.0,1.0,0.0,0.0,8.14,51.64,1.0,0.0,0.42,2.11,1.11,2.63,3.89,0.0,0.95,1.11,1.36,0.63,1.89,0.11,0.11,0.21,0.98,0.11,0.0,1.21,0
2.42,0.0,1.0,0.0,3.42,4.0,55.35,1.0,0.0,0.39,2.93,0.47,16.56,1.0,0.0,2.42,1.19,3.57,1.61,1.81,1.87,0.81,0.0,0.94,0.4,0.0,0.19,0
0.0,0.0,1.0,6.0,0.97,2.97,97.12,1.0,0.0,10.73,16.6,0.53,83.05,1.97,0.0,6.81,1.0,6.42,0.05,1.0,0.72,0.0,14.6,0.85,0.97,0.0,1.97,1
3.84,0.7,1.92,2.84,6.46,11.53,138.97,1.31,0.16,0.31,4.62,0.45,83.54,1.08,0.08,6.32,1.08,5.41,0.0,0.92,1.33,0.0,0.08,0.86,0.08,0.0,2.0,0
0.0,0.0,1.0,0.0,0.0,6.81,26.19,1.0,0.0,0.0,6.34,2.14,0.0,0.0,1.38,2.38,0.0,1.92,1.62,0.62,0.0,0.0,0.0,0.79,0.0,0.0,0.0,0
0.94,0.0,1.0,0.94,4.75,9.75,146.58,1.0,0.0,0.94,10.63,1.03,81.64,1.18,0.0,1.18,1.0,5.84,1.88,2.0,1.38,0.0,0.0,0.95,0.0,0.0,1.88,0
1.25,0.0,1.0,0.25,0.75,8.51,47.01,1.0,0.5,0.25,1.0,0.55,17.44,2.75,0.0,42.79,1.0,2.0,1.0,1.75,1.53,0.0,57.06,0.72,0.56,3.0,3.75,1
11.18,1.09,1.0,5.09,2.36,1.45,67.82,2.55,1.09,2.73,10.18,0.24,80.0,2.64,0.0,2.55,1.45,2.72,0.45,0.45,0.87,0.0,0.0,0.94,0.0,0.0,0.45,0
1.7,0.14,1.0,0.56,1.28,11.56,116.35,1.0,1.41,0.28,2.55,0.65,12.93,2.86,0.0,50.22,1.0,1.66,0.86,1.86,1.81,0.0,68.83,0.68,0.45,3.44,4.72,1
1.66,0.89,1.0,1.11,0.0,4.55,94.88,1.0,0.0,3.88,10.78,2.18,38.78,1.11,0.45,3.68,0.55,6.1,0.45,0.0,0.44,0.0,0.0,0.98,0.0,0.0,0.45,0
3.67,0.0,1.58,2.09,2.33,6.91,135.83,1.0,0.83,2.92,10.51,0.79,32.96,1.0,0.0,10.66,1.0,5.32,0.83,1.0,1.12,0.0,0.0,0.97,0.58,0.0,2.0,0
0.0,7.59,1.0,17.43,8.35,3.44,88.58,1.0,0.0,0.0,6.29,1.62,87.09,0.76,0.72,2.52,0.76,6.33,0.76,1.52,1.34,0.0,4.33,0.98,1.0,0.0,1.0,0
0.0,5.38,1.0,6.94,0.0,12.21,432.9,1.0,0.0,5.71,20.0,3.19,89.21,1.27,0.37,12.08,1.9,14.16,1.0,0.63,0.39,0.0,44.78,0.94,0.61,0.0,1.37,1
0.0,0.0,1.0,0.0,0.78,4.22,44.56,1.0,0.0,0.0,5.56,1.01,0.0,5.56,0.0,2.11,1.0,1.48,0.0,1.0,0.4,0.0,0.0,0.93,0.22,0.0,0.0,0
0.0,0.44,1.0,8.4,0.0,11.2,134.36,1.0,2.8,1.32,2.68,0.9,41.46,2.44,0.0,14.45,1.0,7.28,2.88,2.56,0.71,0.0,6.24,1.0,0.72,0.0,0.56,1
0.06,1.88,2.0,0.0,0.0,1.79,37.5,1.0,0.0,2.37,2.37,0.91,50.49,1.18,0.0,3.95,1.0,4.25,1.88,1.0,0.74,0.0,6.69,0.89,0.97,0.0,1.06,0
0.0,0.89,1.0,0.0,0.0,12.15,58.27,1.0,0.0,2.21,2.77,2.06,33.2,1.55,0.0,1.66,1.0,3.21,0.0,1.55,0.24,0.0,0.0,0.95,0.55,0.0,0.55,0
0.0,0.0,1.0,1.38,2.03,1.23,58.41,1.0,0.0,0.95,15.38,0.31,48.02,2.91,0.0,1.14,1.0,1.81,0.09,1.0,0.45,0.0,0.0,0.97,0.0,0.0,2.0,1
0.0,1.68,1.0,7.56,0.16,42.12,279.89,1.0,0.0,0.0,3.32,6.27,84.0,1.48,2.52,4.84,1.0,1.47,0.84,0.32,0.16,0.0,0.0,0.92,0.0,0.0,1.68,0
0.52,0.0,1.0,0.26,0.0,1.0,29.82,1.0,0.52,0.26,1.74,0.75,18.22,3.48,0.0,1.56,1.0,1.67,0.26,1.74,0.19,0.0,0.0,0.99,0.26,0.0,0.74,0
5.26,0.0,1.74,2.03,0.74,6.23,148.89,1.0,0.51,1.8,12.08,0.39,88.66,3.97,0.0,5.26,1.0,4.27,1.26,1.0,0.96,0.0,297.99,0.55,0.15,0.0,2.0,1
0.0,0.0,0.54,8.1,0.0,10.81,126.31,1.0,2.7,0.92,2.16,1.61,39.98,1.08,0.0,13.51,0.54,4.26,1.08,1.62,0.69,0.0,4.32,0.9,0.27,0.0,0.54,0
5.02,0.5,1.0,0.0,10.43,5.05,160.26,1.0,0.0,0.0,17.52,0.27,0.0,2.51,0.0,2.0,1.0,1.03,0.0,1.01,0.74,0.0,12.11,0.97,0.25,0.0,2.01,1
0.0,0.0,1.0,6.06,0.0,2.19,28.06,1.0,0.0,0.97,1.97,1.72,83.34,1.03,0.0,0.06,1.0,2.93,2.44,1.06,0.03,0.03,0.03,0.52,0.03,0.0,1.0,1
0.0,0.0,1.0,0.0,0.0,7.73,88.33,1.0,0.0,0.85,3.0,3.69,21.14,4.58,0.0,5.23,1.0,1.28,0.58,1.0,0.51,0.0,93.5,0.98,1.0,0.0,0.0,0
0.21,3.91,1.21,0.0,0.0,5.27,102.88,1.0,0.0,1.06,10.24,3.28,9.33,0.42,0.79,6.79,0.21,6.72,0.79,0.21,0.21,0.0,78.04,0.97,0.21,0.0,0.79,0
0.39,0.0,1.0,0.39,1.55,2.61,54.36,1.0,0.0,3.48,8.13,0.55,40.97,1.87,0.0,10.1,1.0,3.82,0.0,1.0,0.88,0.0,1.74,0.93,0.87,0.0,1.87,0
1.0,0.0,1.0,0.0,0.0,5.0,49.68,1.0,3.87,7.61,0.06,0.47,67.1,1.06,1.0,2.87,1.0,5.87,1.0,1.0,2.26,0.0,70.17,0.59,0.94,0.0,1.0,0
0.47,0.47,1.0,4.75,0.53,2.88,80.96,1.0,5.63,7.57,7.96,0.52,65.7,2.06,0.0,2.88,1.0,2.99,0.47,1.0,0.72,0.0,0.0,0.89,0.0,0.0,1.53,0
0.0,0.0,1.0,4.2,0.0,6.87,358.23,1.0,0.93,19.61,37.69,1.19,91.6,1.93,0.07,16.88,4.74,4.58,0.13,1.0,0.41,0.0,33.62,0.97,0.7,0.0,2.8,1
0.99,0.0,1.0,0.08,2.97,18.84,256.01,1.99,0.99,0.0,7.97,0.47,1.11,3.97,0.01,3.97,1.99,6.59,0.02,1.0,1.14,0.0,838.59,0.82,0.33,0.0,0.99,1
0.36,0.0,1.0,0.54,0.0,1.54,40.13,1.36,0.0,1.44,4.7,1.2,15.87,2.0,0.0,1.08,1.18,1.78,0.82,1.0,0.14,0.0,42.62,1.0,0.41,0.0,0.0,0
0.0,0.92,0.92,0.0,0.0,23.01,103.34,1.0,0.0,0.16,1.84,1.97,0.0,3.68,0.0,9.2,1.84,5.52,1.84,0.92,0.55,0.0,0.0,0.95,0.92,0.0,1.84,1
0.0,1.17,1.0,0.0,0.0,8.66,63.39,1.0,0.0,2.34,2.76,1.66,26.36,1.76,1.0,6.69,0.59,4.64,2.0,1.59,1.03,0.0,2.93,0.93,0.59,0.0,1.17,0
0.98,4.43,1.0,0.49,0.0,7.52,159.93,2.97,0.98,1.97,7.43,3.14,44.32,3.52,0.49,11.34,1.49,1.91,0.51,0.51,0.24,0.0,82.71,0.99,1.0,0.0,0.98,0
0.0,1.83,1.0,1.31,0.0,13.69,130.76,1.0,0.0,2.79,4.17,1.81,21.79,1.86,0.07,6.07,0.93,5.99,0.07,0.93,1.09,0.0,162.0,0.95,0.5,0.0,1.07,0
0.7,0.0,1.0,0.0,2.11,13.38,187.61,1.7,0.7,0.0,10.07,0.51,0.0,2.82,0.59,3.7,1.41,5.11,0.3,0.7,0.81,0.0,597.2,0.77,0.23,0.0,0.7,1
0.0,0.12,1.0,0.23,0.0,1.35,63.97,1.0,0.35,0.23,7.47,0.91,9.43,3.88,0.0,1.51,1.0,0.69,0.0,1.88,0.06,0.0,0.0,0.99,0.12,0.0,1.0,0
0.0,0.0,1.0,7.77,0.0,10.76,36.52,1.0,0.0,0.12,1.06,0.58,25.0,2.03,0.0,2.2,1.03,17.73,17.65,2.94,1.0,1.0,1.03,0.68,1.0,0.0,1.06,1
0.0,0.0,1.0,2.96,0.0,7.93,220.56,1.0,0.0,0.04,22.74,6.12,98.95,0.02,2.96,1.05,0.01,5.96,0.04,0.02,0.0,0.0,17.78,0.98,1.0,0.0,0.99,0
0.0,2.98,1.37,5.02,0.0,9.0,100.31,1.0,0.0,2.98,5.09,0.59,49.18,2.74,0.0,12.42,1.37,12.35,11.3,1.88,1.25,0.63,10.3,0.77,0.75,0.0,2.12,1
0.83,0.41,1.0,0.0,1.86,3.07,69.6,1.0,0.69,0.41,2.41,0.78,8.43,1.0,0.0,4.29,1.14,2.49,0.86,1.86,0.78,0.0,4.84,0.85,0.03,0.0,0.97,0
0.51,0.49,1.0,0.0,0.51,0.51,22.46,1.0,0.0,1.46,1.0,1.3,0.0,3.0,0.0,2.54,1.0,3.42,1.94,2.0,0.0,0.0,28.67,1.0,1.0,0.0,0.0,0
0.0,0.07,1.0,0.32,0.0,10.79,33.32,1.0,0.39,0.0,1.11,2.91,3.25,0.04,1.11,2.07,0.04,2.19,1.93,0.96,0.03,0.0,0.0,0.87,0.04,0.0,0.07,0
2.66,0.0,1.66,1.99,4.65,31.15,173.98,1.0,0.0,1.34,3.66,1.18,63.52,1.67,0.0,6.34,1.34,6.65,2.02,1.0,1.27,0.34,0.67,0.89,0.34,0.0,2.34,0
0.0,1.33,1.0,0.0,0.0,5.67,42.33,1.0,0.0,0.67,2.67,0.84,50.03,4.0,0.67,9.34,1.0,1.75,0.67,1.67,0.17,0.0,0.0,0.85,1.0,0.0,0.0,0
1.1,0.0,1.0,0.0,1.65,4.9,41.0,1.0,0.0,0.9,2.45,0.97,22.47,2.35,0.0,7.7,1.0,1.71,0.0,1.0,0.85,0.0,0.0,0.98,0.45,0.0,0.0,0
2.57,0.0,1.0,0.0,0.0,7.72,108.45,1.0,0.0,0.0,6.0,2.57,0.0,1.71,2.29,7.85,0.86,3.86,0.14,1.71,0.87,0.0,2.86,0.95,1.0,0.0,3.0,0
0.1,0.9,1.0,0.0,0.1,16.25,74.15,1.0,0.0,2.69,1.9,0.63,19.74,3.69,0.0,15.36,1.0,8.83,2.69,1.0,1.41,0.0,1.79,0.97,0.45,0.0,0.9,1
1.0,0.96,1.0,8.62,0.08,5.04,112.61,1.0,11.49,14.36,0.04,0.75,84.27,1.0,0.0,4.83,1.0,4.55,1.04,1.08,1.12,0.04,0.0,0.81,0.0,0.0,1.0,1
2.09,0.61,1.7,0.0,1.39,15.42,144.18,1.0,0.0,3.48,5.58,1.47,48.79,1.0,0.0,16.03,1.7,3.79,0.7,1.0,1.02,0.0,0.7,0.91,0.7,0.0,2.09,0
1.25,0.58,1.0,0.0,0.0,2.92,54.14,1.0,0.0,1.75,3.09,0.97,0.0,1.42,0.42,3.76,1.0,3.95,1.75,1.42,0.38,0.0,1.25,0.9,0.42,0.0,1.25,0
0.0,0.34,1.0,0.0,0.66,4.68,40.91,1.0,0.0,0.0,4.3,1.36,0.0,4.98,0.0,1.34,1.0,1.55,0.0,1.0,0.25,0.0,0.34,0.96,0.17,0.0,0.34,0
1.25,1.17,1.0,1.67,1.67,3.75,64.15,1.42,1.17,0.58,4.92,0.82,44.09,3.33,0.0,3.75,2.0,2.52,1.0,1.58,0.78,0.0,120.11,0.89,0.33,0.0,1.0,1
0.0,0.3,1.0,0.0,0.7,3.4,54.15,1.0,0.0,1.7,8.62,0.97,67.83,1.6,0.0,1.79,1.7,1.48,0.6,1.3,0.75,0.3,0.6,0.95,0.3,0.0,1.0,0
14.2,8.97,1.0,3.97,0.0,3.23,435.83,1.0,15.33,5.21,17.16,0.52,83.1,1.26,0.26,9.84,1.26,7.43,1.49,0.74,0.72,0.0,0.0,0.98,0.0,0.0,2.77,0
0.97,0.03,1.0,0.0,2.9,18.97,251.93,1.97,0.97,0.1,7.8,0.43,0.75,4.0,0.0,4.44,1.97,6.61,0.1,1.0,1.16,0.0,819.15,0.83,0.34,0.0,1.0,1
1.77,0.88,1.0,0.56,0.0,7.21,179.08,1.0,1.0,1.44,15.46,1.13,68.95,2.44,0.0,13.86,1.0,2.02,0.0,1.0,0.48,0.0,3.0,0.97,0.71,0.0,2.44,1
2.66,0.0,1.34,2.34,0.69,3.63,74.3,1.0,0.0,4.94,6.25,0.57,65.88,2.0,0.0,2.03,1.0,4.88,0.34,0.69,1.41,0.0,4.47,0.97,0.34,0.0,0.34,1
0.0,0.36,1.0,0.0,0.82,6.18,68.08,1.0,0.0,0.71,4.82,0.83,7.99,3.82,0.18,5.07,1.0,1.81,0.36,2.0,1.13,0.0,0.89,0.65,0.18,0.0,0.36,1
1.92,0.62,1.92,0.23,3.77,8.38,74.51,1.0,0.0,0.0,2.84,0.95,6.21,1.0,0.08,13.07,1.0,3.63,0.16,1.0,1.4,0.0,0.0,0.96,1.0,0.0,1.92,0
0.0,0.9,1.11,0.89,0.0,6.34,192.36,1.0,0.0,0.9,22.66,2.51,98.88,1.34,0.89,13.13,1.11,1.42,0.0,0.0,0.19,0.0,17.12,0.84,0.63,0.0,4.0,0
0.0,2.24,1.0,0.0,0.0,5.12,67.74,1.0,0.44,2.64,3.96,1.07,30.77,2.44,0.0,6.4,1.0,2.84,0.56,1.56,0.65,0.0,1.32,0.94,0.44,0.0,1.32,0
0.0,0.0,1.0,6.13,0.0,6.9,27.43,1.0,0.0,0.0,1.0,1.14,19.17,2.0,0.0,1.53,1.0,14.27,14.27,2.53,0.77,0.77,0.77,0.7,0.77,0.0,0.77,1
0.0,0.0,1.19,0.0,0.0,7.14,47.08,1.0,0.08,0.0,3.84,1.03,0.0,3.96,0.04,6.39,1.0,0.98,0.08,1.0,0.68,0.0,0.23,0.68,0.97,0.0,0.12,1
2.44,0.0,1.31,1.92,3.14,2.31,52.11,1.0,0.0,0.31,4.53,0.69,74.25,3.78,0.0,4.89,1.31,3.48,0.69,1.69,0.82,0.0,1.22,0.81,0.31,0.0,0.92,1
0.28,0.0,1.0,0.0,0.85,5.37,87.22,1.28,0.28,0.0,13.02,0.65,0.0,1.13,1.44,3.28,0.56,3.13,0.72,0.28,0.33,0.0,239.51,0.69,0.09,0.0,0.28,1
0.03,0.0,1.0,0.0,0.99,5.02,63.48,1.0,1.98,0.0,6.0,0.44,0.0,3.98,0.01,1.09,1.0,0.54,0.0,2.0,0.5,0.0,361.93,0.79,0.67,0.0,0.03,0
0.0,0.45,1.0,0.0,0.0,6.32,58.82,1.0,0.0,0.45,6.02,1.62,14.73,3.11,0.45,6.57,1.45,2.36,1.0,2.0,0.84,0.0,0.0,0.94,0.0,0.0,0.89,0
1.38,0.54,1.0,0.0,0.0,10.24,88.73,1.0,0.0,1.62,4.38,1.2,8.64,2.0,0.46,7.38,1.0,4.49,0.0,1.46,1.05,0.0,94.22,0.95,0.73,0.0,1.92,1
1.31,0.56,1.0,0.88,0.0,2.19,52.47,1.0,0.0,4.75,4.5,0.89,30.65,1.44,0.0,0.44,1.0,4.51,1.69,0.56,0.34,0.0,0.0,0.92,0.0,0.0,0.0,0
2.79,0.0,1.7,2.09,4.88,8.37,100.09,1.0,0.0,0.0,4.3,0.51,57.87,1.3,0.0,5.0,1.0,4.41,0.0,1.0,1.19,0.0,0.0,0.87,0.0,0.0,1.39,0
2.5,0.0,1.0,0.0,5.0,3.34,48.52,1.0,0.0,0.0,2.49,0.34,0.0,1.0,0.17,2.5,1.0,3.56,1.67,2.0,1.81,0.83,0.0,0.94,0.42,0.0,0.0,0
0.12,0.0,0.12,1.12,0.12,0.06,18.65,1.0,0.0,0.06,0.06,2.43,3.41,2.94,0.94,0.24,1.94,0.25,0.06,0.12,0.15,0.0,0.76,0.83,0.06,0.0,0.06,0
1.03,0.0,1.0,0.0,0.09,4.97,44.89,1.0,1.94,1.94,1.03,0.79,24.28,1.97,0.97,1.11,1.0,3.94,0.97,1.0,1.8,0.0,0.0,0.99,0.0,0.0,0.97,1
2.87,0.0,1.0,9.82,0.96,2.96,76.76,1.0,0.0,2.43,6.3,1.3,86.43,1.0,0.0,0.96,1.48,3.5,1.52,1.0,0.3,0.0,0.48,0.74,0.24,0.0,1.96,0
1.35,0.65,1.0,0.0,0.0,18.47,410.29,2.35,2.02,4.71,7.04,10.56,45.8,0.67,0.33,7.39,1.35,3.41,1.0,0.33,0.67,0.0,0.33,0.89,0.33,0.0,2.67,0
0.0,1.06,1.65,0.35,0.0,8.94,127.93,1.0,0.65,1.94,5.24,1.19,35.84,3.0,0.0,13.71,1.0,3.53,1.3,1.65,1.51,0.0,14.42,0.84,0.87,0.0,3.3,1
0.2,0.0,0.2,0.0,0.39,0.88,27.38,1.0,0.0,0.0,0.29,2.93,0.0,1.0,9.92,1.37,1.0,0.35,0.0,0.1,0.14,0.0,0.0,0.86,0.1,0.0,0.2,0
0.21,0.07,1.0,5.59,0.93,3.69,100.44,1.0,0.0,10.45,16.04,0.51,82.18,1.93,0.0,8.03,1.07,6.41,0.0,1.0,0.86,0.0,14.25,0.87,0.98,0.0,2.07,1
0.0,0.85,1.0,9.0,13.17,5.57,184.13,1.0,4.7,0.0,14.88,0.55,90.28,1.0,1.71,4.0,1.0,7.4,1.15,0.57,1.07,0.0,0.0,0.83,0.43,0.0,2.0,0
0.24,0.0,1.0,0.76,0.0,5.0,113.53,1.0,1.73,2.71,14.37,0.98,77.56,1.76,0.24,7.54,1.0,2.37,0.24,1.0,0.73,0.0,20.55,0.87,1.0,0.0,1.76,0
0.0,0.0,1.0,1.67,1.11,4.43,29.41,1.0,1.11,0.56,2.44,1.28,41.76,3.56,0.0,1.33,1.0,3.14,1.56,1.44,0.22,0.0,0.0,0.99,0.0,0.0,0.44,0
1.24,0.0,1.0,0.24,2.28,14.68,204.54,1.76,1.24,0.24,6.32,0.38,16.78,3.52,0.0,4.48,1.76,6.14,0.24,1.0,1.05,0.0,644.71,0.86,0.49,0.0,0.76,1
0.0,0.0,1.0,0.49,1.16,4.35,56.78,1.0,1.67,0.0,5.35,0.42,2.62,3.51,0.0,1.0,1.0,1.07,0.49,2.33,0.7,0.16,306.09,0.82,0.56,0.0,0.0,1
0.0,0.97,1.0,0.08,0.0,6.05,167.56,1.0,0.0,8.75,20.08,1.07,83.47,1.95,0.08,14.62,2.92,11.05,0.97,0.97,0.59,0.0,53.99,0.98,0.68,0.0,1.0,1
0.67,0.67,1.33,0.0,0.67,1.0,24.0,1.0,0.0,0.67,1.33,1.05,16.65,2.33,0.0,3.33,1.0,1.67,0.67,1.67,0.22,0.0,35.35,0.97,1.0,0.0,0.33,0
3.78,0.0,1.61,2.72,0.78,24.32,374.98,1.0,5.45,4.34,8.89,0.76,79.67,4.0,0.0,22.05,1.0,7.47,2.44,1.61,1.33,0.0,598.72,0.86,0.67,0.0,2.39,1
0.46,0.0,1.0,0.23,0.0,4.08,84.28,1.0,4.31,2.54,4.85,1.19,76.16,1.23,10.01,3.69,2.54,26.28,0.23,0.23,0.34,0.0,2.31,0.99,0.61,0.0,0.77,0
1.43,0.0,1.72,1.7,2.86,7.01,63.09,1.0,0.0,0.28,2.72,1.21,24.13,1.0,0.0,10.03,1.0,3.29,0.57,1.0,1.02,0.0,0.0,0.83,0.72,0.0,1.72,0
0.0,0.55,1.0,0.0,0.86,5.14,60.39,1.0,1.72,0.0,5.17,0.53,0.0,3.72,0.0,1.14,1.0,0.71,0.14,2.0,0.55,0.0,315.64,0.81,0.57,0.0,0.0,1
25.39,0.0,2.87,40.53,1.91,2.13,121.44,1.0,0.0,10.57,2.78,0.15,92.13,1.0,0.0,2.08,1.13,6.74,1.74,1.0,1.72,0.0,1134.62,0.91,0.78,0.0,1.26,0
0.98,0.0,1.0,1.51,0.0,4.06,80.36,1.0,0.98,1.0,6.1,0.6,75.61,1.49,0.0,14.66,2.02,3.7,0.49,0.49,0.66,0.0,13.25,0.95,0.83,0.0,1.02,0
0.65,1.0,1.0,0.0,0.0,5.23,60.82,1.0,0.0,2.65,4.35,0.93,37.59,2.29,0.0,3.23,1.35,3.34,1.29,1.29,1.28,0.0,105.88,0.98,0.65,0.0,0.0,1
0.0,1.77,1.0,7.95,0.0,5.0,125.05,1.0,9.71,1.75,5.87,0.45,91.06,1.0,3.53,4.0,1.12,6.93,0.12,0.12,0.82,0.0,0.0,0.66,1.0,0.0,1.88,0
0.0,1.79,1.0,8.07,0.0,44.23,293.8,1.0,0.0,0.42,3.52,6.6,93.15,1.1,2.69,5.62,1.0,1.85,0.9,0.1,0.09,0.0,0.21,0.98,0.1,0.0,2.0,0
7.52,2.0,1.0,7.75,0.42,28.96,229.14,1.84,0.84,2.09,8.85,4.32,95.82,2.25,1.75,4.16,1.0,2.11,0.58,0.0,0.27,0.0,0.0,0.99,0.0,0.0,1.16,0
0.02,12.69,1.0,18.57,0.0,22.57,877.46,1.0,0.05,0.29,19.71,6.97,99.66,0.02,1.0,6.9,0.05,19.04,0.98,0.02,0.01,0.0,26.35,0.88,0.51,0.0,1.98,1
1.7,8.02,1.0,15.78,8.17,5.96,134.75,1.0,1.41,0.85,2.13,0.42,76.78,1.0,0.0,10.91,1.28,6.19,0.72,1.72,1.54,0.0,9.89,0.93,0.77,0.0,2.7,1
0.71,0.57,1.0,0.0,0.0,5.0,135.48,1.0,2.86,5.71,0.86,8.64,49.99,0.71,1.0,2.71,0.71,4.91,1.0,1.0,1.63,0.0,53.84,0.68,1.0,0.0,1.29,0
5.85,0.96,1.0,3.85,3.0,14.58,497.82,1.0,9.62,1.92,11.62,0.65,88.48,1.96,0.0,20.39,1.0,5.54,0.0,1.0,1.86,0.0,24.04,0.98,0.64,0.0,2.89,0
1.54,0.44,1.0,0.66,0.89,5.44,170.59,1.0,3.21,1.65,11.92,0.49,10.42,3.67,0.11,4.73,1.11,1.13,0.0,1.89,0.54,0.0,380.37,0.79,0.63,0.22,1.1,1
9.25,2.7,1.0,3.41,0.0,10.73,644.83,1.0,7.38,9.82,35.38,0.81,84.63,1.0,0.57,29.38,2.0,5.62,0.0,1.0,1.57,0.0,284.02,0.86,0.48,1.14,6.98,1
5.94,0.0,1.0,0.15,2.54,8.48,253.96,1.0,0.0,0.0,17.11,0.86,15.19,3.39,0.46,1.85,0.85,1.68,0.61,1.7,0.76,0.0,20.35,0.96,0.58,0.0,2.54,1
0.0,0.0,1.0,0.0,0.0,4.49,87.26,1.0,0.92,1.84,11.27,0.92,56.04,2.08,0.0,12.19,1.92,2.15,0.08,1.08,0.65,0.0,0.92,0.97,0.92,0.0,1.92,0
0.27,0.73,1.0,0.0,0.27,2.8,46.15,1.27,1.06,1.73,5.53,0.85,57.24,1.8,0.0,0.53,2.0,1.61,0.0,0.27,0.28,0.0,87.85,0.95,0.18,0.0,0.0,0
1.57,0.0,1.0,2.36,0.0,5.07,102.12,2.57,0.21,6.28,13.78,0.82,69.12,2.21,0.0,5.79,1.79,2.9,0.21,1.21,0.72,0.0,0.0,1.0,0.0,0.0,0.0,0
0.0,4.73,1.0,4.11,0.0,9.77,203.1,1.0,0.0,0.0,5.11,2.83,33.01,2.48,0.17,4.52,0.83,5.16,0.17,0.83,0.35,0.0,9.63,0.85,0.91,0.0,2.0,0
0.0,0.4,1.0,0.0,0.0,2.39,81.13,1.0,0.0,5.99,13.38,0.61,59.53,2.0,0.0,5.97,2.4,8.27,1.6,1.0,0.63,0.0,21.9,0.96,0.27,0.0,0.4,1
0.0,0.0,1.0,0.0,0.0,6.85,64.16,1.0,0.0,1.44,3.0,2.18,35.88,4.28,0.0,8.18,1.0,1.48,0.28,1.0,0.86,0.0,45.76,0.96,1.0,0.0,0.0,0
1.62,2.27,1.0,0.0,0.27,19.65,149.01,1.0,1.35,0.81,1.35,3.01,16.47,1.0,0.0,8.37,1.27,2.22,0.0,1.0,0.26,0.0,9.45,0.91,0.05,0.0,1.89,0
0.0,0.75,1.0,4.0,0.0,21.51,204.15,1.0,0.62,0.62,13.0,3.46,87.5,1.62,1.13,7.5,1.0,1.35,0.38,0.62,0.14,0.0,1.87,0.97,0.62,0.0,2.0,0
0.38,2.53,1.0,0.19,0.0,15.71,102.56,1.76,0.38,3.19,3.91,0.56,35.0,3.62,0.19,17.96,1.19,8.36,2.43,0.81,1.22,0.0,1.81,0.98,0.6,0.0,1.19,1
0.0,0.0,1.0,4.25,0.71,3.87,82.11,1.0,0.0,8.38,12.92,0.57,73.39,2.58,0.0,8.17,1.0,5.11,0.0,1.0,0.87,0.0,10.63,0.88,1.0,0.0,1.42,1
0.0,0.0,0.1,0.9,0.0,0.0,18.73,1.0,0.0,0.42,0.94,2.34,4.61,2.9,0.9,0.0,2.0,0.66,0.21,0.1,0.07,0.0,0.0,0.84,0.0,0.0,0.0,0
0.0,1.01,1.01,0.0,0.0,7.94,66.66,1.0,0.0,1.01,3.98,1.4,19.29,1.99,0.0,1.01,1.0,3.01,2.0,1.0,1.42,0.0,0.02,0.95,0.01,0.0,1.0,0
0.22,0.22,1.0,0.0,0.78,5.44,65.66,1.0,1.56,0.67,5.56,0.56,4.88,3.78,0.0,1.89,1.0,1.31,0.44,2.0,0.78,0.0,321.18,0.84,0.74,0.0,0.0,1
0.0,0.0,1.0,6.37,0.0,3.3,28.37,1.0,0.0,0.81,1.81,1.52,73.84,1.19,0.0,0.37,1.0,5.38,4.98,1.37,0.19,0.19,0.19,0.54,0.19,0.0,1.0,0
0.76,0.72,1.0,1.0,0.0,5.48,80.77,1.0,1.52,9.11,6.55,1.03,69.85,1.48,0.76,3.24,1.76,6.05,0.0,1.0,0.34,0.0,1.45,0.94,1.0,0.0,1.24,0
4.94,20.48,1.0,3.35,6.76,9.53,378.7,1.0,0.0,4.94,7.47,0.62,87.59,1.0,0.0,19.53,1.0,9.1,2.71,1.0,1.22,0.0,0.0,0.97,0.71,0.0,2.71,1
0.0,0.0,1.0,4.19,0.0,7.81,96.66,1.0,0.0,0.0,5.4,7.89,59.87,0.6,4.61,1.0,0.6,9.97,1.6,0.6,0.27,0.0,0.8,0.94,0.4,0.0,1.2,0
1.05,0.0,0.35,0.7,0.0,1.76,44.17,1.0,0.0,3.76,3.16,2.21,24.6,0.7,0.0,0.35,0.35,1.82,0.0,0.0,0.28,0.0,0.0,0.87,0.0,0.0,0.0,0
0.0,0.0,1.0,5.06,0.16,2.63,33.63,1.0,0.0,0.84,2.47,1.61,71.71,1.47,0.0,0.63,1.0,2.23,1.69,1.16,0.16,0.0,0.0,0.53,0.0,0.0,0.84,0
0.61,0.0,1.61,0.0,0.0,8.89,101.94,1.0,0.0,4.86,5.64,0.82,35.22,3.21,0.0,20.65,1.0,5.51,0.39,1.0,1.16,0.0,68.4,0.81,0.53,0.0,1.21,1
4.81,20.56,1.0,0.69,0.0,9.75,330.4,1.0,0.0,6.06,1.94,0.64,73.88,1.62,0.31,21.0,1.0,8.78,2.69,1.31,1.38,0.0,1.56,0.96,1.0,0.0,2.69,1
0.0,7.32,1.83,0.0,0.0,8.23,201.55,1.0,0.0,7.49,10.97,0.91,82.3,3.66,0.0,27.43,1.83,2.56,0.0,0.0,1.54,0.0,23.78,0.93,0.3,0.0,3.66,1
0.0,0.56,1.0,0.0,0.0,3.89,58.6,1.0,0.0,0.56,7.9,0.87,18.39,2.89,0.56,8.79,1.56,2.01,0.56,1.56,0.86,0.0,0.0,0.83,0.44,0.0,1.11,0
0.0,0.47,1.0,0.0,0.0,5.84,23.91,1.0,0.0,1.41,1.0,2.06,0.0,0.47,0.53,1.06,0.47,2.94,2.47,1.0,0.0,0.0,0.0,0.87,0.0,0.0,0.0,0
0.0,0.0,0.26,1.77,0.0,1.8,110.48,1.0,0.26,5.39,10.28,2.15,23.38,2.74,0.74,4.62,2.77,1.0,0.0,0.26,0.11,0.0,9.25,0.87,0.19,0.0,0.77,0
0.91,0.0,1.3,0.0,0.0,11.6,118.36,1.0,0.0,0.61,2.91,1.15,22.7,2.61,0.0,7.27,1.0,3.62,1.91,1.3,0.45,0.0,332.62,0.96,0.49,0.0,0.61,1
2.0,2.0,2.0,3.02,0.0,7.99,171.81,1.0,0.04,36.92,11.96,0.34,87.0,3.99,1.0,24.93,2.0,8.55,0.0,1.0,2.0,0.0,40.86,0.95,0.37,0.0,4.99,1
5.07,0.0,1.0,9.99,2.0,5.23,128.77,1.0,0.62,3.07,8.84,0.98,81.21,1.0,0.0,4.16,1.69,4.65,1.31,1.0,0.58,0.0,3.78,0.97,0.5,0.0,2.69,1
0.0,0.0,1.0,0.0,0.0,10.76,80.43,1.0,0.0,0.0,4.96,2.87,0.0,2.08,0.48,3.6,0.52,1.41,0.0,0.52,0.47,0.0,0.0,0.81,0.52,0.0,0.48,0
0.0,0.0,1.0,0.0,0.0,5.0,35.76,1.0,0.0,1.42,2.42,4.92,21.34,3.29,3.22,1.71,1.0,2.42,0.64,0.71,0.15,0.0,0.0,0.9,0.36,0.0,0.36,0
0.79,0.0,1.0,3.64,0.0,11.04,189.89,1.79,1.18,3.36,4.75,1.69,78.32,1.0,0.0,3.93,1.39,3.09,1.61,0.61,0.39,0.0,0.0,0.65,0.0,0.0,1.79,0
0.87,0.0,1.0,0.0,0.0,5.27,43.4,1.0,1.73,1.73,1.0,1.17,21.66,1.73,1.67,1.13,0.87,4.0,1.4,0.87,1.59,0.0,0.4,0.98,0.07,0.0,0.87,0
3.21,0.21,1.0,0.0,0.07,7.64,124.11,1.0,0.36,0.21,5.93,0.95,4.35,1.93,0.93,10.57,1.07,4.01,0.0,1.93,0.91,0.0,5.28,0.94,0.94,0.0,3.29,0
11.73,0.0,1.0,0.0,12.73,2.65,51.32,1.0,0.0,0.0,2.77,0.59,0.0,2.32,0.0,3.12,1.0,2.83,0.56,1.44,0.4,0.0,0.0,0.95,0.56,0.0,1.0,0
0.0,1.16,1.58,0.0,4.22,0.58,26.21,1.0,0.0,1.16,5.37,0.72,28.92,1.0,0.42,1.16,1.0,2.36,1.16,1.42,0.39,0.0,1.16,0.92,0.58,0.0,0.58,0
4.16,0.0,1.0,5.52,1.58,5.79,351.1,1.0,11.47,6.73,12.04,0.84,73.91,3.58,0.21,15.2,1.0,5.46,0.21,1.0,1.22,0.0,1.58,0.9,0.79,0.0,2.58,1
0.0,0.0,1.0,0.0,0.86,3.43,42.16,1.0,0.0,0.57,6.43,0.91,6.26,5.43,0.0,0.86,1.14,2.47,0.28,1.0,0.41,0.0,0.0,0.99,0.0,0.0,0.0,0
0.0,0.0,1.0,3.18,0.0,7.0,273.85,1.0,0.59,12.8,28.11,0.93,86.9,1.59,0.0,20.05,4.18,3.31,0.0,0.59,0.51,0.0,31.9,0.94,0.72,0.0,2.59,1
22.07,0.42,2.58,36.26,0.79,2.64,118.38,1.0,0.42,9.67,3.06,0.34,78.24,1.85,0.0,1.06,1.21,6.09,1.79,1.21,1.52,0.0,1071.53,0.97,0.71,0.0,1.0,0
0.0,2.0,1.78,0.0,0.0,5.41,39.04,1.0,0.0,1.56,1.56,1.56,38.97,1.0,0.0,1.56,1.0,3.34,1.56,1.0,0.52,0.0,1.56,0.91,0.78,0.0,0.78,0
1.56,1.38,1.0,2.18,0.62,5.31,375.22,1.0,4.37,2.5,6.75,20.27,27.15,1.25,0.69,7.31,0.31,3.34,0.69,1.0,0.33,0.0,1.31,0.95,1.0,0.0,2.31,0
0.78,1.0,1.0,0.0,0.0,9.29,80.7,1.0,0.0,1.52,3.74,1.19,32.44,1.74,0.0,6.43,1.26,3.48,1.48,1.0,1.72,0.0,1.03,0.96,0.17,0.0,1.52,0
0.0,0.0,1.0,0.0,2.21,3.46,55.62,1.0,0.0,1.73,10.87,0.98,74.43,1.0,0.13,0.0,1.87,0.64,0.0,1.13,0.56,0.0,0.0,0.95,0.0,0.0,0.87,0
0.95,0.0,1.0,0.0,0.0,5.0,51.59,1.0,3.81,7.81,0.42,0.49,69.67,1.09,0.95,3.0,1.0,5.87,0.95,1.0,2.19,0.0,71.5,0.58,1.0,0.0,0.95,0
3.08,0.0,1.77,2.31,5.4,11.31,131.48,1.0,0.0,0.0,3.77,1.7,63.98,1.92,0.0,4.08,1.0,4.57,0.23,1.0,1.08,0.0,37.12,0.88,0.23,0.0,1.54,0
0.0,0.09,1.0,0.0,0.0,16.22,116.32,1.0,0.0,0.09,5.83,4.54,1.65,0.17,0.91,1.0,0.09,2.7,0.17,0.09,0.53,0.0,0.0,0.96,0.0,0.0,1.0,0
0.0,0.48,1.0,0.0,0.0,15.08,98.43,1.0,0.0,1.44,4.56,3.2,7.68,0.96,0.52,3.4,0.48,3.79,0.0,0.48,0.79,0.0,82.59,0.96,0.24,0.0,1.0,0
0.05,0.0,1.0,0.03,0.0,4.9,97.36,1.0,4.92,2.95,5.87,1.45,77.79,1.03,12.67,3.08,2.95,31.93,0.03,0.03,0.24,0.0,2.92,0.99,0.51,0.0,0.97,0
3.33,0.33,1.67,0.67,0.67,13.02,120.31,1.0,0.0,0.0,6.66,0.86,61.21,4.67,0.0,6.67,1.33,4.05,1.33,1.0,0.91,0.0,266.8,0.58,0.47,0.0,2.0,1
0.0,0.51,1.0,3.95,0.0,7.48,98.85,1.0,0.0,4.56,10.62,0.73,54.36,2.0,0.0,8.58,2.01,14.55,9.39,1.99,0.8,0.49,28.34,0.83,0.83,0.0,1.0,1
0.0,1.41,1.0,0.0,0.0,13.5,82.86,1.0,0.0,3.41,2.82,0.66,31.4,3.59,0.41,14.14,1.0,8.37,2.59,1.41,1.54,0.0,3.23,0.97,0.7,0.0,1.41,1
0.0,0.0,1.0,0.0,0.16,1.48,32.39,1.0,0.0,1.68,5.16,0.72,50.43,2.64,0.0,4.36,1.0,3.32,1.68,1.0,1.14,0.0,0.0,1.0,0.0,0.0,0.0,0
0.35,0.99,1.02,0.57,0.01,2.99,71.68,1.0,0.0,1.14,10.89,0.72,33.73,1.99,0.99,10.86,1.99,3.46,1.01,1.99,1.15,0.0,16.2,0.96,0.01,0.0,1.99,0
0.45,1.0,1.0,0.0,0.0,4.26,54.74,1.0,0.0,1.91,3.45,0.87,23.64,3.0,0.0,5.55,1.0,3.66,2.0,2.0,1.35,0.55,75.31,0.96,1.0,0.0,0.55,0
0.0,1.0,1.0,0.0,0.0,6.06,39.36,1.0,0.03,0.03,1.68,2.06,0.12,2.94,0.0,2.0,1.03,1.01,0.0,1.0,0.0,0.0,1.43,0.89,0.51,0.0,1.03,1
1.83,0.52,2.0,0.0,3.3,11.27,92.74,1.0,0.0,1.05,2.83,0.92,9.1,1.52,0.0,17.32,1.0,4.52,0.35,1.0,1.46,0.0,4.2,0.96,0.91,0.0,1.83,0
0.4,3.6,1.2,0.59,0.0,6.4,69.34,1.0,0.0,7.33,2.38,1.02,17.23,2.4,0.2,6.55,1.2,3.3,0.8,1.8,1.06,0.0,8.12,0.94,0.07,0.0,0.99,0
0.0,3.37,1.0,1.18,0.0,3.86,45.7,1.0,0.0,0.41,1.63,0.71,49.18,2.0,0.0,0.41,1.0,2.64,0.82,1.0,1.26,0.0,0.0,0.96,0.0,0.0,1.0,0
0.0,0.07,1.0,0.03,0.0,0.01,19.17,1.0,0.0,0.0,0.99,3.13,1.02,2.0,0.0,0.0,1.0,2.01,1.97,1.0,0.02,0.0,0.0,0.83,0.0,0.0,0.01,0
5.63,1.18,1.0,1.05,0.18,10.9,116.67,1.35,0.35,3.35,5.45,0.51,74.33,1.53,0.0,18.67,1.82,4.5,0.0,0.82,2.22,0.0,3.3,0.98,0.55,0.0,2.47,1
0.3,2.42,1.0,0.91,1.0,5.18,49.88,1.0,0.7,0.7,2.39,0.8,59.09,3.79,3.09,2.0,1.0,3.48,2.0,1.7,0.77,0.0,0.0,0.96,1.0,0.0,1.0,1
0.44,0.0,1.0,5.04,13.33,5.56,162.2,1.44,1.76,0.44,15.97,0.85,64.39,2.32,0.0,3.12,1.44,4.58,1.12,1.0,0.7,0.0,145.47,0.99,0.29,0.0,1.12,1
0.0,0.0,1.0,0.0,0.14,4.86,49.81,1.0,0.0,3.72,5.83,0.76,63.61,1.86,0.0,2.58,1.14,4.41,0.0,1.86,0.46,0.0,0.0,0.96,0.86,0.0,1.0,0
0.0,0.0,0.81,0.19,0.0,0.0,21.22,1.0,0.0,0.0,4.03,1.01,0.0,2.19,0.19,4.03,1.19,1.29,0.0,0.81,0.58,0.0,0.0,0.9,0.0,0.0,0.0,0
1.7,1.7,1.85,2.55,0.15,7.4,152.84,1.0,0.0,31.42,11.09,0.44,73.87,4.3,0.85,21.38,1.85,7.55,0.0,1.0,1.75,0.0,34.81,0.96,0.32,0.0,4.25,1
0.92,0.65,1.08,0.0,0.0,5.32,63.7,1.0,3.68,8.0,0.97,0.47,71.62,1.24,0.92,5.19,1.08,5.74,0.92,0.92,2.24,0.0,71.03,0.59,0.95,0.0,1.24,0
0.42,0.42,1.0,3.74,0.0,7.34,76.87,1.0,4.99,6.24,1.17,1.68,36.61,2.75,0.0,3.83,1.0,2.81,1.0,1.58,0.79,0.0,0.0,0.87,0.0,0.0,0.42,0
5.7,0.0,1.0,0.0,2.44,8.32,243.64,1.0,0.0,0.0,16.65,0.47,0.0,4.0,0.0,1.63,1.0,1.12,0.0,2.0,0.73,0.0,19.53,0.98,0.41,0.0,2.63,1
0.0,0.0,1.0,4.03,0.42,4.58,55.25,1.0,0.0,0.0,3.3,3.12,57.59,1.42,0.58,1.42,1.0,9.45,2.42,5.24,0.42,0.42,0.0,0.94,0.0,0.0,0.0,0
2.83,1.42,1.0,0.29,0.0,8.54,206.27,1.0,1.0,1.71,13.33,1.11,62.29,2.71,0.0,16.79,1.0,2.51,0.0,1.0,0.63,0.0,3.0,0.97,0.53,0.0,2.71,0
0.0,4.61,1.0,1.81,0.0,1.49,44.15,1.0,0.0,0.88,1.95,0.31,71.27,2.0,0.0,1.46,1.19,3.26,0.1,1.0,1.09,0.0,5.36,0.97,0.06,0.0,1.0,0
1.0,1.0,1.0,9.0,0.0,5.0,116.06,1.0,12.0,15.0,0.0,0.77,88.0,1.0,0.0,5.0,1.0,4.64,1.0,1.0,1.06,0.0,0.0,0.8,0.0,0.0,1.0,1
0.0,0.1,1.0,0.03,0.0,1.21,29.04,1.0,0.0,0.0,2.0,0.96,0.66,3.97,0.0,0.14,1.0,0.56,0.0,1.97,0.01,0.0,0.21,0.98,0.03,0.0,1.03,1
0.81,0.0,1.0,0.68,0.0,15.24,134.12,1.0,0.27,0.95,8.03,4.25,10.68,0.14,0.86,1.68,0.14,3.35,0.27,0.14,0.48,0.0,0.0,0.97,0.0,0.0,1.14,0
0.26,0.09,0.09,0.0,0.0,1.11,28.57,1.0,0.0,0.26,0.26,2.67,6.09,2.83,1.83,1.89,2.0,0.42,0.0,0.09,0.22,0.0,0.34,0.85,0.06,0.0,0.26,0
0.0,0.0,1.0,0.0,0.0,55.23,204.13,1.0,0.0,3.11,2.56,2.85,19.45,2.33,1.33,7.44,1.56,7.63,5.56,0.78,0.78,0.78,2.22,0.95,0.89,0.0,2.33,0
0.0,3.15,1.0,1.26,0.0,0.63,26.92,1.0,0.0,0.0,1.85,0.23,44.06,2.0,0.0,0.0,1.0,2.03,0.0,1.0,1.04,0.0,0.0,0.96,0.0,0.0,1.0,0
0.05,0.0,1.0,0.0,0.07,1.07,28.31,1.0,0.0,0.0,2.0,0.94,0.0,3.93,0.0,0.12,1.0,0.53,0.0,1.98,0.01,0.0,0.0,0.99,0.0,0.0,0.98,1
0.0,0.0,1.0,8.24,21.07,5.5,211.51,1.0,0.0,0.0,22.07,0.67,81.51,0.92,0.17,4.17,0.92,6.92,1.92,0.92,1.14,0.0,0.67,0.97,0.08,0.0,1.83,0
2.84,0.95,1.0,0.0,17.04,0.05,25.16,1.0,0.0,0.0,14.3,0.2,0.0,1.16,0.0,1.89,1.0,0.77,0.0,0.11,0.54,0.0,0.0,0.97,0.0,0.0,1.0,0
0.0,0.0,1.0,5.5,0.0,2.75,28.17,1.0,0.0,0.92,1.92,1.85,77.93,0.92,0.08,0.17,0.92,2.46,2.0,1.0,0.0,0.0,0.0,0.55,0.0,0.0,0.92,1
0.0,1.08,1.08,0.0,0.0,23.05,104.41,1.0,0.0,0.16,2.0,1.8,4.07,3.76,0.0,9.35,1.92,5.84,2.0,1.0,0.61,0.0,0.16,0.95,1.0,0.0,1.92,1
3.91,1.91,1.05,0.14,0.09,9.58,226.28,1.0,0.95,1.95,10.53,1.06,55.14,2.95,0.0,19.25,1.0,3.12,0.05,1.05,0.88,0.0,3.47,0.96,0.36,0.0,2.91,0
1.15,0.45,1.15,0.0,0.85,5.6,79.98,1.85,3.4,1.89,6.26,1.11,38.36,3.85,0.6,2.89,1.85,1.85,0.15,1.0,0.15,0.0,312.09,1.0,0.67,0.0,0.0,0
0.0,0.0,1.0,2.57,0.57,3.72,48.02,1.0,1.14,0.43,4.29,0.99,36.38,2.72,0.0,0.57,1.0,1.36,0.86,1.57,0.29,0.0,209.35,0.67,0.38,0.0,0.43,1
0.0,0.74,1.0,0.74,3.72,4.0,68.22,1.74,0.26,3.77,8.26,0.67,64.04,1.51,0.0,4.55,2.49,5.63,0.74,1.0,0.48,0.0,138.52,0.93,0.63,0.0,2.26,1
0.0,0.0,1.0,0.0,0.27,1.63,28.96,1.0,0.0,0.0,5.0,0.48,0.0,2.54,0.0,0.54,1.0,1.18,0.0,1.27,0.62,0.0,0.0,0.94,0.0,0.0,1.0,0
0.12,0.04,1.0,0.0,0.72,8.64,119.06,1.0,0.0,0.0,3.48,5.63,0.0,4.84,0.0,1.04,1.0,0.99,0.96,0.96,0.02,0.0,155.48,1.0,0.96,0.0,0.04,0
3.87,0.43,1.0,8.04,1.15,5.28,106.58,1.0,0.0,3.57,8.02,0.9,59.89,1.85,0.0,3.28,1.57,4.41,1.43,1.43,1.12,0.0,70.42,0.99,0.71,0.0,1.72,1
1.0,0.0,1.0,0.0,2.97,18.58,250.81,1.97,0.97,0.0,7.77,0.42,0.0,3.9,0.0,3.9,1.97,6.37,0.06,1.06,1.2,0.03,820.54,0.83,0.32,0.0,1.0,1
5.83,0.0,1.0,0.5,2.83,8.33,246.85,1.0,0.33,0.17,16.99,0.44,12.54,4.0,0.0,1.67,1.0,1.59,0.33,1.83,0.75,0.0,19.99,0.98,0.42,0.0,2.5,1
0.0,0.0,0.15,0.46,0.0,1.23,54.51,1.0,0.0,0.0,3.53,6.03,15.33,0.0,1.31,0.15,0.0,0.91,0.0,0.0,0.0,0.0,2.76,0.86,0.15,0.0,0.15,0
1.21,0.0,1.0,2.82,0.4,4.8,105.25,1.0,3.99,3.2,7.01,1.34,80.02,1.0,10.38,2.8,2.8,26.98,0.2,0.2,0.31,0.0,2.6,0.99,0.5,0.0,1.4,0
1.88,1.88,1.94,3.72,0.0,8.72,174.95,1.0,0.3,34.78,11.52,0.35,86.22,3.88,0.94,25.0,1.94,8.52,0.12,1.12,1.96,0.0,39.02,0.95,0.38,0.0,4.76,1
0.37,6.56,1.37,0.0,0.0,7.46,81.64,1.0,0.0,1.83,0.0,1.04,16.08,2.0,0.0,3.46,1.0,2.97,0.63,1.63,0.89,0.0,134.47,0.96,0.37,0.0,0.0,1
20.25,0.29,2.43,32.8,0.71,3.44,111.36,1.0,0.0,9.42,2.57,0.38,71.91,1.57,0.0,1.44,1.0,6.23,2.0,1.29,1.78,0.0,976.76,0.99,0.82,0.0,0.71,0
0.0,0.29,1.0,0.0,0.0,1.73,23.75,1.0,0.0,0.0,3.84,0.75,0.0,2.29,0.0,0.58,1.0,1.28,0.0,1.0,0.61,0.0,0.29,0.94,0.14,0.0,1.0,0
0.0,0.0,1.0,0.0,0.5,5.0,81.0,1.0,0.5,3.0,7.0,0.88,35.0,3.5,0.0,8.0,1.0,2.35,0.0,1.5,0.71,0.0,1.5,0.76,0.5,0.0,1.5,1
0.32,0.68,1.0,0.0,0.32,3.52,32.65,1.0,0.0,2.04,1.0,1.23,0.0,3.0,0.0,18.29,1.0,4.74,3.04,2.0,0.58,0.0,27.05,0.88,0.81,1.28,1.6,1
0.0,1.4,1.0,0.0,0.3,7.0,76.5,1.0,0.3,3.1,3.7,0.8,46.5,3.6,1.9,7.6,1.0,5.53,2.0,2.0,1.43,0.0,3.5,0.95,1.0,0.0,1.7,0
0.0,0.0,1.0,0.0,0.0,2.5,24.0,1.0,0.0,0.0,1.0,3.35,0.0,1.29,2.14,0.71,0.64,2.71,2.71,0.64,0.0,0.0,1.07,0.85,0.18,0.0,0.0,0
0.39,0.77,1.0,0.0,0.77,4.07,35.97,1.0,0.0,1.23,1.84,0.88,30.66,3.23,1.16,6.74,1.0,1.67,0.0,1.0,0.74,0.0,0.0,0.97,0.61,0.0,0.0,0
5.32,0.89,1.0,4.0,2.66,14.09,500.31,1.0,8.98,4.16,15.18,0.66,91.89,2.0,0.0,20.66,1.45,5.49,0.0,1.0,1.74,0.0,26.25,0.98,0.68,0.0,3.0,1
2.0,0.0,1.0,0.0,3.0,4.0,41.0,1.0,0.0,0.0,2.0,1.17,0.0,1.0,0.0,5.0,1.0,1.75,0.0,1.0,0.57,0.0,0.0,1.0,0.0,0.0,0.0,0
18.65,17.18,1.0,1.51,0.0,4.05,587.4,1.0,26.51,0.51,8.55,0.76,87.87,1.49,0.49,22.02,2.51,4.47,0.0,0.0,0.72,0.0,13.24,0.92,0.34,0.0,3.47,1
0.0,0.93,1.0,4.73,0.0,26.03,250.49,1.0,0.0,0.0,14.22,4.86,100.0,1.0,1.93,8.21,1.0,1.41,0.47,0.0,0.0,0.0,8.55,0.9,0.36,0.0,3.07,0
1.0,0.0,1.0,0.93,4.67,9.67,145.31,1.0,0.26,1.46,10.28,1.0,85.88,1.0,0.07,1.13,1.0,6.16,1.93,1.93,1.46,0.0,4.92,0.95,0.07,0.0,1.93,0
1.79,0.0,1.0,1.0,0.79,6.19,103.03,1.0,2.0,7.65,6.42,1.0,78.09,1.0,0.6,5.37,1.6,6.29,0.79,1.0,0.37,0.0,3.96,0.96,0.8,0.0,1.4,0
0.0,0.0,1.0,0.0,0.0,3.92,56.71,1.0,0.15,3.39,7.08,0.8,28.8,2.15,0.0,10.08,1.0,3.75,0.15,1.15,0.84,0.0,1.69,0.96,0.85,0.0,1.69,0
0.29,0.0,1.0,0.0,0.29,3.14,71.49,1.0,0.71,1.43,8.84,0.81,43.5,1.71,0.0,9.56,1.71,1.91,0.0,1.0,0.91,0.0,0.71,0.95,0.71,0.0,1.43,0
0.0,1.0,1.0,0.0,0.0,8.61,147.28,1.0,0.0,7.69,16.08,0.86,69.72,2.44,0.0,15.44,2.56,10.86,1.44,1.0,0.78,0.0,43.46,0.98,0.63,0.0,1.0,1
0.0,0.0,1.0,0.0,0.0,4.57,49.57,1.0,0.0,2.95,5.38,0.67,42.38,3.05,0.0,11.0,1.0,2.78,0.0,1.0,1.06,0.0,0.95,0.95,1.0,0.0,0.95,0
1.43,3.57,1.29,1.71,0.29,2.71,57.81,1.0,0.0,0.0,2.57,0.27,76.27,2.86,0.0,1.43,1.0,2.59,0.29,1.0,1.12,0.0,114.35,0.8,0.06,0.0,1.29,0
3.0,0.0,1.0,1.31,1.31,5.36,80.46,1.33,0.0,0.0,4.69,0.74,22.27,1.67,0.67,6.71,1.33,3.47,0.33,1.67,0.98,0.0,2.02,0.92,0.67,0.0,2.35,1
1.66,0.0,1.83,2.84,12.47,4.17,94.8,1.0,0.0,0.0,12.48,1.26,84.2,1.0,0.17,1.83,1.0,15.49,1.17,1.0,1.06,0.0,1.66,0.97,0.42,0.0,2.49,1
0.0,1.07,0.54,0.46,0.0,3.76,55.02,1.0,0.0,2.15,2.15,1.57,24.15,3.0,1.0,5.37,1.46,3.49,1.07,1.07,0.94,0.0,2.68,0.9,0.54,0.0,1.07,0
0.0,1.0,1.0,0.0,0.0,18.0,80.0,1.0,0.0,3.0,2.0,0.62,22.0,4.0,0.0,17.0,1.0,9.67,3.0,1.0,1.4,0.0,2.0,0.98,0.5,0.0,1.0,1
4.21,0.0,1.0,14.3,1.4,8.76,157.08,1.0,1.49,2.81,8.92,0.69,83.83,1.3,0.0,8.84,1.7,5.57,1.3,1.6,0.82,0.0,3.08,0.98,0.5,0.0,2.4,0
1.9,0.0,1.63,0.0,1.27,33.52,204.22,1.0,0.0,4.63,6.17,1.26,53.51,1.73,0.0,17.87,2.0,6.34,2.83,1.0,1.29,0.37,1.37,0.93,1.0,0.0,3.0,0
2.26,0.0,1.0,3.01,3.01,2.49,32.68,1.75,0.0,0.74,2.99,0.38,64.79,1.49,0.25,2.25,1.75,3.36,0.75,1.25,0.85,0.0,0.0,0.89,0.25,0.0,1.0,0
4.24,1.29,1.0,2.83,2.12,12.65,389.99,1.0,7.06,2.59,9.65,0.65,78.19,2.29,0.29,17.77,1.0,5.93,0.59,1.29,1.86,0.0,19.13,0.97,0.76,0.0,2.71,1
0.0,0.0,1.0,0.0,0.0,56.33,224.1,1.0,0.0,3.11,3.67,4.76,19.44,2.33,2.22,7.22,1.56,7.56,4.89,0.78,0.93,0.78,2.0,0.96,1.0,0.0,3.0,0
0.0,0.03,1.01,0.0,0.0,4.94,29.01,1.0,0.0,0.03,1.01,7.16,0.73,3.96,4.93,1.01,1.0,1.04,1.01,0.01,0.01,0.0,0.03,0.86,0.01,0.0,0.01,0
0.0,0.0,0.59,0.41,0.59,2.36,33.9,1.0,0.0,0.0,3.53,1.65,0.0,4.77,0.41,0.59,1.41,1.08,0.0,0.59,0.22,0.0,0.0,0.93,0.0,0.0,0.0,0
0.0,0.0,1.0,0.0,0.0,6.66,40.3,1.0,0.11,0.67,1.9,3.36,7.87,0.34,5.33,3.12,0.11,3.99,3.55,0.11,0.05,0.0,3.0,0.89,0.56,0.0,0.34,0
7.93,0.0,1.0,0.0,8.3,0.62,37.55,1.0,0.0,1.25,3.49,0.47,37.35,1.62,0.0,4.62,1.0,3.97,1.62,1.0,1.07,0.0,0.0,0.99,0.38,0.0,0.38,0
0.0,0.0,1.0,0.0,0.0,7.29,103.84,1.0,0.0,0.0,3.38,4.87,0.0,4.43,0.0,1.76,1.0,1.11,0.81,1.0,0.14,0.0,131.27,0.98,0.81,0.0,0.0,0
2.34,0.22,1.0,1.56,0.0,5.22,83.76,1.0,0.0,5.47,7.25,1.04,54.66,2.22,0.0,1.22,1.0,4.25,0.0,0.22,0.61,0.0,0.22,0.97,0.11,0.0,0.22,0
0.0,0.0,0.96,0.0,0.0,0.0,24.96,1.0,0.0,3.82,8.6,0.65,42.02,1.91,0.04,0.0,1.91,6.05,1.91,0.96,0.61,0.0,0.0,0.94,0.0,0.0,0.0,0
0.0,0.29,1.0,0.0,0.0,3.44,56.53,1.0,0.0,3.56,7.13,0.62,39.95,2.29,0.15,11.0,1.0,3.78,0.15,1.15,0.77,0.0,1.71,0.96,1.0,0.0,1.71,0
6.09,15.8,1.46,1.0,0.46,9.18,297.14,1.0,0.0,3.81,4.64,0.49,89.28,2.82,0.0,16.44,1.0,6.74,2.09,1.0,1.14,0.0,182.56,0.7,0.64,0.0,2.54,1
0.0,0.0,1.0,4.46,11.4,4.99,159.41,1.0,0.5,1.01,17.45,0.75,74.88,1.5,0.0,8.54,1.5,4.71,0.99,1.0,0.95,0.0,0.5,0.98,0.5,0.0,2.0,0
0.0,0.71,1.0,0.0,0.0,5.03,63.46,1.0,0.0,0.71,8.68,1.06,23.43,2.29,0.71,8.68,1.71,3.3,1.0,2.0,0.96,0.0,0.0,0.96,0.0,0.0,1.71,0
0.0,0.0,1.0,0.0,0.0,6.78,97.58,1.0,0.0,0.0,5.96,4.6,0.0,3.77,0.49,1.49,0.75,1.2,1.0,0.75,0.0,0.0,122.01,0.91,0.75,0.0,0.0,1
1.63,1.0,1.0,0.0,9.79,11.41,64.24,1.0,0.0,0.0,9.07,0.94,0.0,2.37,0.0,5.65,1.46,3.17,0.91,0.46,0.58,0.0,0.0,0.97,0.46,0.0,1.46,0
0.0,0.81,1.0,0.59,0.59,3.43,65.01,1.0,0.0,2.22,10.54,0.46,45.59,3.0,0.41,4.65,1.0,3.55,0.81,1.41,0.95,0.0,2.03,0.96,0.41,0.0,2.0,0
0.0,0.0,1.0,1.75,1.42,1.29,24.46,1.0,0.0,0.29,2.0,1.04,24.84,1.0,0.0,0.0,1.0,2.15,1.29,1.71,0.53,0.0,0.0,0.76,0.0,0.0,0.29,0
0.0,1.08,1.0,2.37,1.19,4.68,93.28,1.0,4.46,2.68,5.46,1.34,78.54,1.0,11.6,3.0,2.78,29.81,0.11,0.22,0.4,0.0,2.68,0.99,0.55,0.0,1.0,0
0.0,0.52,1.0,2.36,0.0,16.54,182.3,1.0,0.0,11.07,15.54,2.39,88.2,1.0,0.79,4.26,1.74,2.82,1.0,0.74,0.47,0.0,0.0,0.98,0.74,0.0,1.26,0
3.58,1.15,1.42,0.0,0.85,11.27,210.6,1.0,0.58,3.27,9.73,0.84,61.35,2.15,0.0,21.27,1.42,3.88,0.42,1.0,1.08,0.0,2.15,0.94,0.62,0.0,3.0,1
0.0,0.02,1.0,0.0,0.0,5.07,83.63,1.0,0.0,3.93,8.89,1.33,62.04,2.98,0.0,2.96,1.0,3.11,0.04,1.0,0.3,0.0,0.0,0.95,0.98,0.0,0.02,0
0.0,0.34,1.0,0.66,0.66,9.27,71.02,1.0,0.0,0.66,10.52,0.84,30.15,3.34,0.0,4.1,1.34,3.07,0.69,1.0,0.48,0.0,0.0,0.96,0.34,0.0,2.0,0
0.0,0.0,0.42,0.0,0.0,0.0,22.0,1.0,0.0,0.0,2.09,2.09,0.0,1.42,6.41,2.09,1.0,0.67,0.0,0.42,0.3,0.0,0.0,0.88,0.0,0.0,0.0,0
0.6,0.0,1.3,0.89,0.6,48.76,186.34,1.0,0.0,3.11,2.4,1.9,34.82,2.7,0.0,7.51,1.7,7.38,4.51,1.3,1.48,0.7,5.27,0.95,1.0,0.0,2.4,0
0.16,0.0,1.0,0.0,0.0,4.16,89.27,1.0,1.16,5.34,7.68,0.9,62.58,2.84,0.16,10.19,1.0,3.92,0.16,1.0,0.65,0.0,2.51,0.95,0.84,0.0,2.67,0
0.91,7.24,1.0,2.72,0.91,2.51,52.17,1.0,0.0,0.0,1.47,0.76,72.45,0.91,1.0,1.91,0.91,3.87,1.81,0.91,0.95,0.0,0.0,0.97,0.91,0.0,1.0,0
0.0,0.0,1.0,0.0,1.0,5.31,49.96,1.0,0.0,0.0,3.63,0.78,0.0,3.31,0.0,3.31,1.0,1.55,1.03,5.08,1.0,0.34,0.0,0.7,0.0,0.0,0.0,1
1.0,0.0,1.0,0.04,1.93,5.96,37.85,1.0,0.07,0.43,1.25,0.38,3.05,1.0,0.04,1.07,1.04,2.67,1.93,2.93,2.42,0.96,0.0,0.96,0.04,0.0,1.0,0
0.72,1.28,1.0,2.49,0.0,6.45,88.55,1.0,3.04,2.17,4.0,0.86,41.35,2.45,1.11,4.72,1.0,5.06,1.45,1.45,1.52,0.0,118.66,0.89,1.0,0.0,0.55,1
0.0,0.0,1.0,0.0,0.0,14.48,115.18,1.0,0.19,0.39,7.16,4.06,11.83,0.39,0.81,3.33,0.39,2.55,0.0,0.19,0.49,0.0,0.19,0.96,0.19,0.0,1.19,0
6.6,27.41,1.0,0.94,0.0,10.55,419.99,1.0,0.0,6.66,1.57,0.62,83.93,1.06,0.06,25.15,1.06,9.45,2.89,1.06,1.2,0.0,0.0,0.96,0.94,0.0,2.94,1
0.0,0.0,1.0,5.03,1.16,2.68,86.71,1.0,0.0,9.22,14.57,0.54,69.58,1.84,0.0,5.87,1.0,5.8,0.16,1.16,0.74,0.0,12.57,0.86,0.84,0.0,1.68,1
1.84,0.0,1.0,0.42,0.84,6.26,78.93,1.0,2.0,1.58,2.26,1.03,42.18,1.58,0.58,4.35,1.0,4.33,1.42,1.0,1.26,0.0,4.19,0.97,0.21,0.0,1.42,0
0.0,0.87,1.0,0.0,0.13,7.74,214.91,1.0,0.87,0.87,20.67,1.96,3.48,1.39,0.0,2.0,1.87,1.23,0.0,1.13,0.0,0.0,13.06,0.95,0.58,0.0,1.87,0
0.0,0.0,1.0,0.33,0.67,2.69,42.05,1.0,0.0,0.0,4.36,1.85,32.79,4.03,0.98,1.0,0.67,2.54,1.31,0.67,0.25,0.0,0.0,0.96,0.33,0.0,0.0,0
1.43,0.57,1.0,0.0,0.0,18.98,339.89,2.43,2.14,4.99,10.15,2.27,48.49,0.71,0.29,9.14,1.43,4.94,1.0,0.0,0.71,0.0,0.0,0.88,0.0,0.0,2.43,0
0.33,1.38,1.0,0.05,0.0,3.38,62.88,1.0,1.9,1.29,2.9,0.94,22.23,1.95,0.0,6.95,1.0,3.32,0.14,1.0,0.47,0.0,0.95,0.94,1.0,0.0,1.1,0
0.0,0.0,1.0,0.4,0.0,0.6,28.18,1.0,0.0,0.0,1.6,2.25,39.82,1.2,1.19,0.4,0.6,2.5,2.19,0.6,0.0,0.0,31.29,0.96,0.7,0.0,0.0,0
0.0,0.0,1.0,10.68,0.0,15.68,169.74,1.0,3.56,0.0,4.0,0.61,52.69,2.58,0.0,19.53,1.0,5.69,1.42,2.42,1.05,0.0,5.7,0.9,0.64,0.0,0.71,1
0.0,0.0,1.0,0.0,0.54,3.54,53.19,1.0,0.92,1.54,7.32,1.02,55.22,1.46,0.0,2.76,1.54,1.77,0.0,1.0,0.54,0.0,0.46,0.95,0.46,0.0,1.0,0
0.0,1.75,1.0,0.0,0.0,5.25,75.51,1.0,1.49,0.75,5.47,1.4,20.14,4.49,0.0,4.24,1.75,2.08,0.75,1.75,0.4,0.0,153.89,0.9,0.55,0.0,1.0,1
0.0,0.85,1.0,1.69,0.0,3.39,288.35,1.0,2.54,1.69,43.78,0.77,68.57,2.54,0.31,11.47,0.85,2.05,0.15,0.85,0.45,0.0,0.0,0.94,0.85,0.0,0.85,0
1.0,0.32,1.11,0.0,1.78,7.73,50.15,1.0,0.0,0.65,1.11,0.39,5.62,1.32,0.0,4.46,1.0,3.18,2.0,2.78,2.41,0.89,2.59,0.97,0.05,0.0,1.0,0
3.03,0.0,1.0,2.52,0.0,7.47,124.86,1.0,1.01,3.53,11.09,1.74,39.86,0.5,0.5,4.02,0.5,4.89,2.0,1.0,0.34,0.0,0.0,0.94,0.0,0.0,1.01,0
0.0,0.0,1.0,2.78,1.89,1.11,26.1,1.0,0.0,0.0,2.11,0.43,21.48,1.44,0.0,0.89,1.0,3.89,2.78,3.78,1.62,0.89,0.0,0.95,0.0,0.0,0.0,0
2.07,1.0,1.0,0.0,0.0,10.84,134.22,1.0,0.0,4.85,8.25,0.7,74.71,1.31,0.0,19.84,2.31,6.81,0.31,1.0,1.95,0.0,19.76,0.98,0.67,0.0,2.38,1
2.74,0.88,1.0,3.75,0.97,4.74,93.44,1.0,0.0,6.39,8.3,0.7,71.14,1.91,0.0,1.18,1.0,5.28,0.09,0.18,0.87,0.0,0.0,1.0,0.09,0.0,0.09,0
0.0,0.74,1.0,0.0,0.26,19.47,97.84,1.0,0.0,0.53,4.37,1.67,22.64,3.21,0.0,7.37,2.0,4.61,1.47,1.0,0.61,0.0,0.0,0.96,0.74,0.0,1.74,0
1.35,0.0,1.0,1.12,0.0,0.9,64.41,1.0,0.45,1.57,16.35,0.69,17.72,0.22,1.55,3.67,0.22,3.13,1.22,0.22,0.15,0.0,0.0,0.71,0.0,0.0,0.45,0
0.0,3.24,1.0,0.0,0.0,6.57,58.97,1.0,0.0,0.0,0.57,2.07,0.0,2.57,0.0,1.81,1.0,1.81,1.0,1.81,0.68,0.0,30.7,0.95,0.19,0.0,0.0,1
0.25,3.74,1.0,1.75,1.26,3.27,61.47,1.0,0.0,0.25,2.77,0.44,74.28,1.75,0.0,0.25,1.0,3.35,0.5,1.25,1.21,0.0,0.0,0.97,0.0,0.0,1.25,0
0.0,0.0,1.0,0.0,7.4,2.02,29.96,1.0,0.29,0.29,7.98,0.59,14.45,2.16,1.87,0.58,1.0,1.01,0.58,2.0,0.19,0.0,0.0,0.94,0.29,0.0,0.29,0
7.91,2.78,1.0,2.34,0.0,9.61,551.67,1.0,5.69,7.08,30.14,1.05,70.63,2.22,0.39,25.86,1.39,4.29,0.0,1.0,0.81,0.0,195.99,0.89,0.33,0.78,5.73,1
0.18,0.0,1.0,0.0,0.18,4.74,101.73,1.0,4.74,2.82,8.9,1.38,72.54,1.26,11.86,2.91,2.82,29.89,0.0,0.09,0.27,0.0,3.0,0.97,0.54,0.0,1.0,0
0.53,0.0,1.53,0.0,0.0,15.41,138.0,1.0,0.0,4.25,7.06,2.52,30.8,2.12,0.47,18.53,0.53,5.56,0.0,0.53,1.22,0.0,41.96,0.81,0.3,0.0,1.53,1
6.34,0.0,1.0,0.0,6.61,0.73,30.21,1.0,0.0,0.0,1.0,0.56,0.0,1.0,0.0,1.8,1.0,2.33,0.27,1.0,1.29,0.0,0.0,0.92,0.27,0.0,0.27,0
1.38,0.0,1.0,0.31,2.07,4.62,87.03,1.0,0.0,0.0,8.84,1.66,31.1,1.0,0.31,6.87,1.0,1.59,0.0,0.69,0.39,0.0,4.98,0.95,0.21,0.0,1.24,0
2.28,1.0,1.0,0.0,13.68,1.92,35.08,1.0,0.0,0.24,12.36,0.46,4.56,1.24,0.0,1.76,1.0,1.32,0.48,0.24,0.78,0.0,0.0,0.97,0.0,0.0,1.0,0
0.36,0.0,1.0,5.09,0.82,2.64,87.38,1.0,0.36,9.18,14.09,0.45,80.64,2.0,0.0,6.82,1.0,6.25,0.18,1.0,0.73,0.0,12.28,0.88,1.0,0.0,1.64,1
0.0,0.56,1.0,0.0,0.89,1.56,29.67,1.0,0.0,1.11,3.67,0.75,36.67,1.0,0.0,0.0,1.56,1.91,0.44,0.89,0.54,0.0,0.0,0.9,0.0,0.0,0.0,0
0.39,0.0,1.0,0.39,2.44,3.48,56.02,1.0,0.0,1.74,10.74,0.95,86.26,1.0,0.0,0.52,1.87,0.97,0.0,1.0,0.65,0.0,0.0,0.93,0.0,0.0,1.0,0
1.9,0.05,1.95,1.9,14.27,4.44,96.84,1.0,0.0,0.15,13.47,0.55,77.85,1.05,0.0,2.19,1.0,15.23,0.95,1.0,1.27,0.0,10.25,0.97,0.5,0.0,2.9,1
0.0,1.63,1.0,0.55,0.37,4.26,289.24,1.0,0.0,0.0,2.82,23.79,2.95,0.18,0.82,1.82,0.18,2.53,1.37,1.55,0.32,0.18,0.82,0.98,0.82,0.0,1.63,0
4.0,2.0,1.0,0.0,0.0,10.0,236.0,1.0,1.0,2.0,11.0,1.1,55.0,3.0,0.0,20.0,1.0,3.06,0.0,1.0,0.8,0.0,3.0,0.97,0.33,0.0,3.0,0
0.0,0.31,1.0,4.81,0.0,5.31,106.2,1.0,0.0,2.81,9.69,3.69,94.68,1.31,0.69,5.38,1.63,13.26,1.69,1.0,0.19,0.0,17.2,0.96,0.21,0.0,0.31,0
1.11,0.0,1.0,0.0,2.11,5.89,37.02,1.0,0.0,0.0,1.0,0.37,0.0,1.0,0.0,1.11,1.0,2.6,2.0,2.94,2.48,1.0,0.0,0.96,0.03,0.0,0.94,0
1.14,4.74,5.18,0.16,0.0,51.99,195.87,1.0,1.67,1.14,0.16,0.58,14.21,2.67,0.84,17.63,1.0,17.5,2.16,1.0,4.59,0.0,5.02,0.98,0.44,0.0,3.0,1
5.74,1.04,1.0,3.83,2.87,15.26,496.72,1.0,9.57,1.91,11.48,0.76,88.01,1.96,0.0,20.09,1.0,5.49,0.0,1.0,1.82,0.0,23.92,0.98,0.64,0.0,2.87,0
1.98,0.0,1.0,0.66,1.32,5.27,89.86,1.0,1.32,0.66,7.75,1.16,43.5,0.66,0.68,6.95,0.66,3.76,1.66,0.66,0.3,0.0,6.59,0.83,0.33,0.0,1.32,0
6.72,27.9,1.0,0.96,0.0,11.28,426.78,1.0,0.0,6.84,1.04,0.61,84.44,1.12,0.0,25.65,1.0,9.81,3.0,1.0,1.21,0.0,0.08,0.96,0.98,0.0,2.92,1
0.0,0.37,1.0,7.37,0.0,13.22,124.19,1.0,0.0,0.0,4.63,5.38,100.0,1.0,1.37,1.75,1.0,11.85,1.81,0.81,0.0,0.0,0.0,0.96,0.0,0.0,0.37,0
0.0,0.7,1.0,0.91,0.0,2.42,84.11,1.0,0.0,2.09,7.65,2.92,30.21,2.09,0.91,1.0,0.7,6.34,2.79,1.4,0.0,0.0,8.23,0.99,1.0,0.0,0.3,0
0.0,0.0,1.0,0.97,0.03,0.12,35.61,1.0,0.0,0.0,1.0,3.51,97.01,0.06,2.91,1.03,0.03,3.97,3.97,0.33,0.03,0.03,0.0,0.89,0.97,0.0,0.0,0
0.36,0.0,1.0,0.0,1.64,1.0,23.0,1.0,0.0,0.0,1.64,0.73,0.0,1.0,0.0,0.36,1.0,1.82,0.64,1.64,1.02,0.0,0.0,0.87,0.0,0.0,0.0,0
0.07,1.07,1.0,0.93,4.79,3.79,55.92,1.93,0.0,2.79,7.44,0.63,57.69,1.07,0.21,1.86,2.86,5.91,0.93,1.0,0.47,0.0,172.15,0.93,0.47,0.0,1.86,0
5.81,0.0,1.0,0.51,2.83,8.47,247.55,1.0,0.0,0.0,16.95,0.37,2.71,3.49,0.0,1.83,1.0,1.72,0.51,2.34,1.04,0.17,19.93,0.97,0.42,0.0,2.49,1
0.0,0.0,1.0,10.84,0.0,15.01,168.87,1.0,3.61,1.11,4.55,0.41,69.56,1.72,0.0,18.07,1.0,7.0,2.55,2.45,1.27,0.0,5.78,0.95,0.36,0.0,1.0,1
3.97,2.19,1.0,0.0,0.59,12.35,244.39,1.0,2.97,3.0,4.59,1.04,45.18,1.81,0.0,20.45,1.59,4.97,0.81,1.41,1.29,0.0,87.33,0.89,0.52,0.0,4.16,1
0.79,6.3,0.79,2.36,0.79,0.79,38.62,1.0,0.0,0.43,0.79,0.9,62.98,0.79,0.79,1.57,0.79,3.15,1.57,0.79,0.79,0.0,0.0,0.94,0.79,0.0,0.79,0
0.0,2.78,1.0,2.14,0.0,5.69,54.71,1.0,0.0,0.0,1.53,2.34,30.61,1.69,0.31,1.69,1.0,5.73,1.31,1.69,0.58,0.0,0.0,0.94,0.0,0.0,0.0,0
0.0,0.0,5.09,1.1,0.18,49.59,139.05,1.0,1.63,2.01,3.1,0.57,15.15,2.82,0.82,14.36,1.0,16.72,1.63,1.0,4.43,0.0,7.64,0.96,0.46,0.0,2.82,1
2.49,0.83,1.0,1.36,0.0,12.32,104.72,1.0,0.0,2.49,2.66,0.58,63.19,1.17,0.0,18.61,1.83,7.09,3.06,1.34,2.29,0.17,3.49,0.92,0.72,0.0,2.66,1
0.0,1.06,1.0,0.0,0.73,4.53,44.73,1.0,0.0,0.0,4.41,1.05,0.0,4.94,0.0,1.27,1.0,1.88,0.27,1.27,0.5,0.0,0.0,0.98,0.0,0.0,0.0,0
2.37,0.0,3.63,3.32,0.95,34.41,283.05,1.0,7.69,3.79,7.11,0.71,41.23,3.47,0.53,17.42,1.0,12.77,1.05,1.0,3.26,0.0,4.1,0.93,0.65,0.0,3.0,1
1.82,0.18,1.0,0.0,2.46,4.54,47.11,1.0,0.0,0.54,2.36,1.14,3.95,1.36,0.0,5.0,1.0,2.18,0.36,1.18,0.79,0.0,29.45,1.0,0.18,0.0,0.0,0
0.0,0.0,1.0,2.85,8.1,3.8,58.98,1.0,0.95,0.0,8.86,0.42,14.05,1.19,0.81,4.75,1.0,1.58,0.38,2.19,0.24,0.0,1.52,0.94,0.09,0.0,0.19,0
2.47,0.0,1.53,0.94,2.13,7.13,86.83,1.0,0.0,3.28,5.81,0.88,32.77,1.47,0.0,7.91,1.0,4.33,0.0,0.53,1.13,0.0,0.0,0.98,0.53,0.0,1.06,0
2.97,0.99,1.0,0.15,0.0,13.07,121.01,1.0,0.05,2.97,3.01,0.59,71.03,1.01,0.0,22.03,1.99,4.89,0.02,1.02,2.54,0.0,4.04,0.97,0.67,0.0,2.98,1
0.0,0.0,1.0,0.96,0.96,2.12,36.96,1.0,0.0,0.16,3.24,0.87,65.88,4.92,0.0,0.12,1.0,3.0,0.96,1.96,0.59,0.0,0.0,1.0,0.04,0.0,0.0,0
3.94,0.71,2.0,1.71,0.65,7.35,141.6,1.0,0.0,13.06,10.06,0.35,90.23,4.65,0.35,12.06,1.35,5.01,0.65,1.0,1.39,0.0,273.88,0.59,0.26,0.0,3.06,1
0.0,0.0,0.68,0.0,0.0,0.68,22.04,1.0,0.0,0.0,1.36,1.83,0.0,2.32,0.64,0.0,1.32,1.02,0.68,0.68,0.0,0.0,35.36,0.95,0.34,0.0,0.0,0
0.0,0.0,1.0,0.0,0.0,3.56,89.44,1.0,0.89,5.33,9.33,0.92,62.21,2.67,0.22,11.33,0.89,3.67,0.11,0.89,0.37,0.0,3.56,0.93,1.0,0.0,2.67,0
0.0,0.0,1.0,1.72,0.0,0.6,41.18,1.0,0.0,0.0,1.48,3.76,100.0,0.12,2.76,1.0,0.12,5.23,3.76,0.12,0.0,0.0,0.0,0.9,0.88,0.0,0.0,0
2.0,6.04,1.33,1.33,4.94,5.34,165.06,3.68,1.34,2.68,12.66,0.39,87.04,1.67,0.67,15.41,1.67,7.09,0.33,0.33,0.75,0.0,1.33,0.98,0.84,0.0,2.33,0
0.36,2.55,1.0,0.0,0.73,6.0,41.09,1.0,0.0,0.0,0.36,0.89,0.0,1.64,0.0,1.64,1.0,2.18,1.36,2.36,1.44,0.36,0.0,0.95,0.0,0.0,0.36,0
1.78,0.0,1.0,2.56,1.1,5.32,125.47,2.56,0.0,6.46,15.68,0.63,87.78,1.78,0.0,4.9,1.78,3.74,0.44,1.22,0.92,0.0,0.0,1.0,0.0,0.0,0.44,0
5.24,21.73,1.0,1.25,0.0,10.0,361.51,1.0,0.0,5.5,3.51,0.7,85.5,1.0,0.0,25.25,1.5,7.97,2.25,0.75,1.06,0.0,6.52,0.94,0.92,0.0,2.75,1
2.57,2.39,1.22,3.13,3.13,3.74,53.86,1.78,0.0,1.09,1.57,0.43,62.78,1.22,0.0,2.87,1.78,3.05,0.78,1.0,1.1,0.0,79.97,0.9,0.22,0.0,0.78,1
0.24,0.0,1.12,1.24,0.24,4.53,121.64,1.0,0.88,1.0,16.88,1.04,77.41,2.0,0.0,8.41,1.0,1.57,0.12,1.12,0.51,0.0,4.18,0.96,1.0,0.0,1.88,0
12.76,11.75,0.34,0.34,0.0,0.34,368.48,1.0,18.13,1.33,2.01,2.18,31.89,0.67,0.34,7.05,0.67,2.2,0.0,0.0,0.28,0.0,0.0,0.85,0.0,0.0,1.68,0
0.01,0.0,1.0,2.99,2.02,1.06,25.86,1.0,0.0,0.01,2.06,0.38,16.48,1.0,0.0,1.0,1.0,4.01,2.99,3.99,1.75,0.99,0.0,0.94,0.0,0.0,0.01,0
0.0,0.22,1.0,1.0,1.1,0.88,40.83,1.22,0.0,0.66,2.54,2.94,91.66,0.22,2.34,1.22,0.66,4.49,3.34,0.22,0.11,0.0,40.59,0.9,0.89,0.0,0.44,0
0.0,1.23,1.0,1.16,0.77,3.68,32.33,1.0,0.77,1.0,2.0,0.77,75.0,4.0,0.61,6.74,1.0,2.79,1.39,1.61,0.0,0.0,0.0,0.97,0.61,0.0,0.0,0
0.0,0.0,1.0,0.0,0.0,3.23,32.68,1.0,0.0,1.08,5.31,0.54,26.9,3.08,0.0,5.92,1.0,2.86,0.0,1.0,0.97,0.0,0.0,0.95,1.0,0.0,0.0,0
0.4,0.81,0.4,0.0,0.81,0.4,25.62,1.0,0.0,0.0,0.0,4.03,0.0,0.81,1.81,0.0,0.4,0.67,0.0,0.4,0.0,0.0,0.0,0.9,0.0,0.0,0.0,0
1.83,0.77,1.23,0.92,1.83,2.23,50.13,1.0,0.0,1.0,4.14,0.64,40.56,2.54,0.0,8.29,1.23,3.55,1.54,1.77,1.08,0.77,2.46,0.8,1.0,0.0,1.46,0
0.82,0.36,1.0,2.44,0.0,12.91,129.9,1.0,1.64,9.84,7.1,1.93,88.52,1.0,1.36,3.36,1.82,6.25,0.18,0.82,0.25,0.0,0.0,0.98,0.82,0.0,1.18,0
0.66,0.34,1.0,0.0,1.99,12.63,177.2,1.66,0.66,1.01,5.65,0.61,0.0,2.99,0.0,2.66,1.66,5.66,1.01,1.0,0.77,0.0,563.69,0.83,0.22,0.0,0.66,1
0.93,0.0,1.0,0.77,0.0,8.23,137.69,1.0,0.31,1.08,5.78,5.03,12.21,4.38,0.0,1.77,1.0,2.04,1.15,1.0,0.1,0.0,136.95,1.0,0.85,0.0,0.31,0
1.22,1.61,1.61,1.82,0.0,7.22,117.45,1.0,0.0,22.48,7.68,1.02,52.86,3.61,0.61,15.97,1.61,5.59,0.0,1.0,1.22,0.0,25.3,0.93,0.42,0.0,3.43,1
0.0,0.0,1.0,0.0,0.0,4.69,88.3,1.0,0.31,4.61,9.0,1.2,65.15,3.0,0.0,5.77,1.0,3.35,0.0,1.0,0.32,0.0,0.92,0.95,1.0,0.0,0.92,0
0.69,0.63,1.0,0.0,2.06,14.62,286.46,1.69,0.69,0.0,6.44,9.38,0.0,2.75,0.31,3.37,1.37,5.16,0.31,1.0,0.79,0.0,583.15,0.87,0.54,0.0,1.31,0
7.43,0.0,1.93,3.72,7.43,2.86,86.54,1.0,0.0,0.93,7.58,0.37,86.42,1.21,0.0,14.87,1.93,4.27,0.0,1.07,1.24,0.0,3.72,0.42,0.93,0.0,2.86,0
1.02,1.54,1.51,0.0,0.0,9.0,71.15,1.0,0.49,3.59,2.0,1.52,35.35,3.0,2.05,6.54,1.0,4.58,1.0,1.49,0.76,0.0,104.5,1.0,0.34,0.0,0.0,0
0.0,0.0,1.0,0.0,0.0,3.82,32.31,1.0,0.0,0.0,3.73,1.12,0.0,2.85,0.0,1.27,1.0,1.44,0.42,1.42,0.75,0.0,0.0,0.94,0.0,0.0,0.58,0
0.0,0.83,1.0,0.0,0.0,5.3,141.94,1.0,0.0,7.95,16.86,0.92,71.32,2.0,0.0,13.26,2.65,10.29,1.35,1.17,0.5,0.0,45.41,0.97,0.72,0.0,0.83,1
0.58,0.1,1.0,0.38,0.29,16.81,158.86,1.0,0.96,0.19,6.58,4.44,8.82,0.19,0.9,2.92,0.1,2.96,0.0,0.1,0.58,0.0,2.4,0.96,0.06,0.0,1.19,0
14.09,11.6,1.0,4.22,0.64,4.55,221.84,2.29,1.29,5.71,11.31,0.32,88.93,2.93,0.0,11.17,1.0,5.3,1.07,0.36,0.85,0.0,0.0,0.98,0.36,0.0,1.07,0
0.59,2.0,1.0,0.0,1.18,3.06,33.77,1.0,0.0,0.41,0.82,0.96,30.93,2.82,2.18,4.54,1.0,2.01,0.41,1.41,0.0,0.0,0.0,0.98,0.41,0.0,0.0,0
0.0,0.83,1.0,0.0,0.17,7.31,65.96,1.0,0.0,1.17,5.21,1.34,30.62,1.83,0.0,0.83,1.17,2.61,1.65,1.0,1.29,0.0,0.0,0.95,0.0,0.0,1.0,0
0.67,0.33,1.0,0.0,0.0,5.33,41.05,1.0,1.34,1.34,1.0,1.2,16.78,2.33,0.67,1.33,1.0,3.01,0.67,1.0,1.23,0.0,0.33,0.96,0.16,0.0,1.0,0
0.0,0.0,1.0,0.0,0.01,10.98,30.08,1.0,0.0,0.01,1.02,2.99,0.17,0.0,1.0,2.0,0.01,2.01,2.0,1.0,0.0,0.0,0.52,0.88,0.0,0.0,0.01,0
2.04,0.0,1.68,0.0,0.0,24.53,236.39,1.0,0.0,1.36,3.73,1.49,51.11,3.36,0.0,16.36,1.0,6.43,3.36,1.68,1.02,0.0,667.16,0.85,0.31,0.0,1.36,1
0.0,0.0,1.0,13.72,0.21,17.87,199.28,1.0,4.68,0.11,3.79,0.47,74.11,2.21,0.0,22.34,1.0,7.4,2.0,2.79,1.14,0.0,7.15,0.99,0.45,0.0,0.89,1
0.0,0.0,1.0,0.0,1.42,3.63,29.43,1.0,0.0,0.0,2.29,1.07,0.0,1.58,0.0,0.88,1.0,2.29,1.0,2.0,0.68,0.0,0.0,0.89,0.0,0.0,0.29,0
0.0,0.0,0.63,0.0,0.63,2.54,21.9,1.0,0.0,0.0,0.63,1.45,0.0,2.37,0.73,1.27,1.37,1.9,1.9,6.98,0.63,0.63,0.0,0.89,0.0,0.0,0.0,0
2.91,0.95,1.0,0.0,0.05,12.44,115.46,1.0,0.0,2.86,2.91,0.6,67.68,1.0,0.0,21.02,1.95,4.7,0.0,1.0,2.51,0.0,3.81,0.97,0.64,0.0,2.86,1
2.94,0.0,1.74,2.21,5.15,13.32,130.57,1.0,0.0,0.0,4.53,1.62,61.1,0.74,0.26,3.94,0.74,4.84,0.0,0.74,1.15,0.0,0.0,0.88,0.0,0.0,1.74,0
0.0,1.57,1.0,0.0,0.0,5.85,285.04,1.0,0.0,0.0,2.79,23.38,0.0,0.85,0.79,2.21,0.21,2.05,1.0,1.21,0.13,0.0,0.79,0.97,0.79,0.0,1.57,1
0.13,1.0,1.0,0.0,0.79,17.21,77.58,1.0,0.0,2.87,2.57,0.6,21.03,3.87,0.0,16.34,1.0,9.28,2.87,0.96,1.36,0.0,1.91,0.98,0.48,0.0,1.0,1
0.0,0.0,1.0,0.0,0.0,4.82,70.54,1.0,0.59,2.0,8.32,0.79,56.5,2.82,0.0,12.18,1.59,1.91,0.0,1.0,0.88,0.0,0.59,0.96,1.0,0.0,1.18,0
0.03,0.03,1.0,0.25,0.97,5.97,65.43,1.0,0.33,0.41,4.86,0.85,2.42,3.92,0.0,4.03,1.0,0.91,0.03,1.97,1.0,0.0,0.0,0.59,0.0,0.0,0.03,1
10.49,0.0,1.7,16.18,1.65,4.59,67.65,1.0,0.0,4.22,1.35,0.28,32.35,1.0,0.0,0.65,1.0,4.11,2.0,2.3,2.25,0.65,458.56,0.97,0.26,0.0,1.0,0
0.14,1.71,1.0,0.0,0.43,7.88,73.17,1.14,0.14,0.86,2.87,0.69,64.18,4.0,0.86,9.99,1.14,3.08,0.86,1.86,0.17,0.0,122.36,0.93,0.9,0.0,0.14,0
5.11,0.0,1.64,2.56,5.11,3.0,79.46,1.0,0.0,2.08,8.0,0.43,71.72,1.36,0.0,14.2,1.64,4.36,0.0,1.0,1.18,0.0,3.28,0.59,1.0,0.0,2.64,0
0.0,0.0,1.0,0.0,0.0,5.58,39.63,1.0,0.0,1.42,3.37,2.19,26.05,1.42,3.63,2.47,0.47,4.79,2.11,0.95,0.0,0.0,1.58,0.92,0.74,0.0,0.47,0
1.0,0.0,1.0,0.0,0.17,4.33,41.0,1.0,1.67,1.67,1.0,0.84,20.83,2.17,0.83,1.5,1.0,3.42,0.83,1.17,1.53,0.0,8.67,0.99,0.17,0.0,0.83,0
6.57,0.0,1.0,6.31,3.96,5.41,395.42,1.0,12.63,7.21,13.63,0.78,78.46,3.71,0.0,17.53,1.0,5.73,0.1,1.0,1.02,0.0,1.8,0.89,1.0,0.0,2.8,1
0.0,0.0,1.0,7.28,0.0,9.0,38.33,1.0,0.0,0.0,1.18,1.0,22.76,2.27,0.0,1.91,1.0,16.48,16.48,2.82,0.91,0.91,15.42,0.7,1.0,0.0,0.91,1
0.43,0.0,1.0,0.0,0.58,0.58,29.19,1.0,0.0,3.42,7.85,0.39,37.65,1.86,0.0,0.43,1.86,6.03,2.0,1.14,0.86,0.14,0.0,0.95,0.07,0.0,0.0,0
2.87,0.0,1.57,0.57,0.57,4.02,79.83,1.0,0.0,0.0,5.59,1.55,52.8,3.72,0.0,2.87,1.0,2.61,1.43,1.0,0.61,0.0,230.12,0.58,0.11,0.0,1.15,1
24.3,0.26,2.74,39.92,0.87,2.4,155.47,1.0,0.0,10.41,2.13,3.95,79.84,0.87,0.13,0.26,0.87,6.42,1.87,1.0,1.55,0.0,1131.79,0.99,0.78,0.0,1.13,0
2.38,0.69,1.0,0.31,0.0,10.52,110.06,1.0,0.62,5.79,4.55,0.64,75.66,1.0,0.31,16.1,2.0,5.61,0.0,1.0,1.86,0.0,2.76,0.97,0.77,0.0,2.38,1
3.2,0.47,1.0,7.47,1.07,2.13,77.28,1.0,0.0,3.53,6.33,0.89,46.94,1.0,0.0,1.07,1.53,4.31,1.93,1.0,0.34,0.0,0.53,0.92,0.27,0.0,1.6,0
0.0,0.0,0.01,0.0,0.0,0.01,20.1,1.0,0.0,0.0,0.02,2.84,0.0,3.01,1.98,0.0,1.99,0.01,0.0,0.02,0.0,0.0,0.0,0.84,0.0,0.0,0.01,0
0.68,0.0,1.34,0.66,2.02,4.38,49.3,1.0,0.0,0.0,3.0,0.9,43.52,3.64,0.0,4.77,1.0,3.2,0.66,1.66,0.88,0.0,0.0,0.99,0.34,0.0,0.68,0
1.93,0.0,1.0,1.29,0.0,9.28,106.21,1.0,0.0,4.5,7.93,2.21,45.01,1.29,0.36,1.0,0.64,4.27,0.0,0.0,0.66,0.0,0.0,0.99,0.0,0.0,0.36,0
0.0,0.46,1.0,0.0,0.0,0.0,18.07,1.0,0.0,1.39,1.0,2.16,0.0,1.54,0.0,0.0,1.0,2.93,2.46,1.0,0.0,0.0,0.0,0.84,0.0,0.0,0.0,0
0.0,0.91,1.0,0.66,0.0,7.72,68.13,1.0,0.0,0.91,4.09,1.73,26.6,1.91,0.09,1.0,1.0,4.05,2.0,1.0,1.29,0.0,0.0,0.95,0.0,0.0,0.91,0
0.0,0.0,1.0,0.68,0.0,6.29,105.0,1.0,1.0,0.68,13.52,1.39,54.22,2.32,0.0,7.71,1.0,1.57,0.32,1.32,0.32,0.0,2.03,0.98,0.68,0.0,1.36,0
0.02,0.03,1.0,0.0,2.0,1.0,23.08,1.0,0.0,0.0,1.97,0.75,0.0,1.02,0.05,0.0,1.0,1.99,0.98,1.98,0.74,0.0,0.0,0.86,0.0,0.0,0.0,0
2.07,1.93,1.47,0.0,0.0,17.19,141.86,1.0,0.0,4.4,2.53,0.57,62.16,2.4,0.0,27.12,1.53,6.71,0.93,1.0,2.12,0.0,13.3,0.98,0.59,0.0,2.07,1
0.0,0.0,1.0,2.91,1.94,1.03,25.23,1.0,0.0,0.11,2.11,0.38,17.2,1.0,0.0,0.97,1.0,4.02,3.03,3.91,1.74,0.97,0.0,0.94,0.0,0.0,0.03,0
0.0,0.0,1.0,4.24,0.0,6.4,336.32,1.0,0.88,18.62,35.47,1.02,90.29,1.88,0.0,15.86,4.52,3.74,0.24,1.0,0.39,0.0,31.71,0.92,0.66,0.0,2.76,1
0.0,0.0,0.11,0.89,0.0,0.33,22.57,1.0,0.0,0.45,0.89,2.35,3.79,2.89,0.89,1.23,1.89,0.45,0.0,0.11,0.1,0.0,0.22,0.84,0.11,0.0,0.22,0
0.0,0.0,1.0,0.69,1.23,3.09,38.6,1.0,0.46,0.23,5.09,0.96,17.14,5.54,0.0,0.77,1.0,2.16,0.46,1.0,0.29,0.0,0.0,1.0,0.0,0.0,0.0,0
0.0,2.41,1.0,1.0,0.2,6.02,53.51,1.0,0.0,0.0,2.2,1.72,28.17,3.39,0.0,3.22,1.0,2.36,0.2,1.2,0.46,0.0,4.83,0.88,0.8,0.0,1.61,0
0.92,0.08,1.0,0.0,0.92,10.77,52.23,1.0,0.0,0.08,1.23,0.71,1.46,2.92,0.0,50.85,1.0,1.15,1.08,1.92,1.77,0.0,70.16,0.66,0.39,3.69,4.69,1
0.94,10.45,1.94,0.0,0.0,9.82,143.31,1.0,0.0,4.94,0.25,0.77,44.06,2.06,0.06,6.25,1.0,4.78,0.12,1.06,1.05,0.0,345.68,1.0,1.0,0.0,0.12,0
0.0,0.53,1.0,0.0,0.74,6.26,61.98,1.0,0.0,1.06,4.74,1.06,11.89,3.74,0.26,4.11,1.0,2.16,0.53,2.0,0.46,0.0,1.32,0.92,0.26,0.0,1.26,0
2.71,0.0,1.9,0.0,0.0,32.49,306.93,1.0,0.0,1.81,4.61,0.94,67.7,3.81,0.0,21.66,1.0,7.87,3.81,1.9,1.35,0.0,883.65,0.85,0.41,0.0,1.81,1
0.0,0.0,1.0,0.0,1.83,56.36,210.5,1.0,0.0,3.27,4.28,2.21,20.42,2.63,0.18,7.35,1.82,7.1,4.9,1.18,0.82,0.82,1.63,0.96,0.82,0.0,2.45,0
0.0,0.0,0.13,0.4,0.0,1.07,48.97,1.0,0.0,0.0,3.09,3.55,13.42,0.87,9.93,0.13,0.87,0.8,0.0,0.0,0.0,0.0,2.42,0.87,0.13,0.0,0.13,0
0.23,0.88,1.0,1.77,0.35,4.0,302.54,1.0,2.65,1.77,43.53,0.83,71.57,2.77,0.0,12.07,1.0,2.05,0.0,1.0,0.53,0.0,0.0,0.99,0.88,0.0,0.88,0
0.0,0.0,1.0,0.91,0.0,4.55,123.59,1.0,0.91,0.91,17.37,1.33,72.76,2.0,0.0,8.19,1.0,1.27,0.18,1.0,0.21,0.0,2.73,0.96,0.91,0.0,1.82,0
0.47,0.0,1.0,0.47,2.34,10.53,87.03,1.0,0.0,0.47,5.67,2.08,40.67,0.47,0.53,1.53,0.47,3.95,2.0,1.47,0.65,0.0,0.0,0.93,0.0,0.0,0.93,0
0.0,0.0,1.0,0.0,0.44,4.56,43.89,1.0,0.0,0.0,4.89,1.03,0.0,4.89,0.0,3.79,1.0,0.95,0.0,1.0,0.44,0.0,0.0,0.81,0.56,0.0,0.0,1
0.0,0.0,0.06,0.47,0.0,0.53,24.35,1.0,0.0,0.0,0.06,5.68,1.47,0.12,0.94,0.12,0.06,1.06,1.06,0.18,0.06,0.06,0.06,0.83,0.06,0.0,0.06,0
0.47,0.53,1.0,0.0,0.47,6.23,42.52,1.0,0.0,1.06,3.12,0.71,34.96,1.94,0.0,25.87,1.53,1.44,0.47,0.94,1.05,0.0,35.74,0.79,0.2,1.88,2.35,1
1.89,0.11,1.0,0.0,0.0,23.87,434.84,2.89,2.83,6.6,8.66,3.15,64.14,0.94,0.06,9.55,1.89,3.9,1.0,0.06,0.94,0.0,0.06,0.86,0.06,0.0,2.94,1
0.0,0.0,1.0,0.0,0.0,2.11,63.52,1.0,0.53,5.06,9.0,0.67,57.72,2.53,0.0,6.33,1.47,5.05,0.94,1.0,0.52,0.0,1.58,0.95,0.53,0.0,1.58,0
0.0,0.72,1.0,0.72,3.6,6.24,76.22,1.72,0.0,2.16,7.44,3.87,44.63,0.72,2.8,1.72,2.16,5.51,1.0,0.72,0.55,0.0,133.72,0.93,0.64,0.0,2.28,0
0.0,1.72,1.0,7.75,0.14,43.15,283.54,1.0,0.14,0.14,3.0,6.42,93.04,1.56,3.14,4.58,1.0,1.83,1.14,0.28,0.09,0.0,0.0,0.98,0.14,0.0,1.86,0
2.0,0.0,1.44,0.0,2.87,5.06,106.84,1.0,1.13,0.56,23.27,0.62,9.01,2.69,0.0,7.24,1.0,2.38,0.0,1.0,0.97,0.0,1.69,0.85,1.0,0.0,1.44,1
3.58,0.6,1.0,2.39,1.79,12.98,326.03,1.0,5.97,1.19,8.37,1.13,54.89,2.4,0.0,13.74,1.0,4.6,0.4,1.4,1.34,0.0,14.92,0.98,0.4,0.0,2.19,1
0.1,0.0,1.0,1.0,0.0,5.75,181.32,1.0,0.1,0.05,22.85,2.62,98.5,1.05,0.95,10.75,1.0,1.44,0.05,0.05,0.04,0.0,15.2,0.84,0.68,0.0,3.8,0
0.0,0.31,0.31,0.0,0.0,0.92,35.66,1.0,0.0,0.31,3.38,2.21,10.13,2.69,1.69,3.38,2.0,1.05,0.31,0.61,0.35,0.0,0.0,0.87,0.0,0.0,0.61,0
2.39,0.0,1.0,3.35,0.96,2.87,219.25,1.0,6.7,3.83,11.35,0.57,41.64,2.96,0.0,9.09,1.0,5.02,0.0,1.0,0.87,0.0,0.96,0.91,1.0,0.0,1.44,0
27.68,0.11,2.98,45.44,0.99,2.05,126.9,1.05,0.02,11.9,2.12,0.12,91.98,1.01,0.01,0.27,1.01,7.01,1.98,0.99,1.77,0.0,1287.72,0.99,0.75,0.0,1.01,0
0.19,0.0,1.0,2.81,1.87,1.38,30.12,1.0,0.0,0.0,2.25,0.42,14.99,1.06,0.06,1.51,1.0,3.99,2.81,3.87,1.7,0.94,0.19,0.94,0.06,0.0,0.19,0
0.11,0.9,1.0,0.34,0.11,1.0,31.7,1.0,0.0,1.77,4.55,0.63,62.26,1.89,0.11,4.66,1.0,3.65,2.0,1.0,1.25,0.0,0.0,1.0,0.11,0.0,0.11,0
1.49,0.25,1.0,0.51,1.49,2.51,182.34,1.0,2.25,1.25,41.53,0.44,32.44,3.75,0.0,4.78,1.0,1.61,0.0,1.0,0.6,0.0,2.24,0.82,1.0,0.0,1.0,1
3.08,0.0,1.0,2.57,0.49,4.49,142.52,1.0,2.0,3.59,13.7,0.47,40.53,2.46,0.0,3.57,1.0,4.21,1.03,1.49,0.59,0.0,178.23,0.89,0.32,0.0,1.03,1
3.0,0.0,1.83,0.34,1.66,11.64,162.76,1.0,0.0,5.34,8.17,0.53,70.0,1.17,0.0,19.26,1.83,5.03,0.83,0.83,1.35,0.0,0.83,0.92,0.83,0.0,2.49,1
2.25,0.75,1.0,0.0,0.0,11.0,123.25,1.0,0.0,6.0,7.24,0.6,74.25,1.0,0.0,17.51,2.0,4.46,0.25,1.0,2.08,0.0,3.0,0.98,0.75,0.0,2.5,1
0.0,0.0,1.0,0.8,0.8,0.8,44.12,1.0,0.0,0.8,13.04,0.28,36.99,2.8,0.0,0.8,1.0,1.51,0.0,1.0,0.5,0.0,0.0,0.96,0.0,0.0,1.8,0
0.3,0.0,1.0,0.3,0.0,5.0,85.2,1.0,0.6,6.39,8.7,1.16,69.87,2.4,0.3,3.0,1.3,4.36,0.0,1.0,0.28,0.0,0.0,0.96,1.0,0.0,0.3,0
6.86,2.0,1.0,2.29,0.38,4.71,92.34,1.76,0.76,4.38,8.96,0.5,62.15,3.38,0.62,7.33,1.0,5.1,1.24,1.24,1.33,0.0,3.09,0.97,0.62,0.0,1.24,1
0.0,0.0,1.0,0.0,0.0,10.2,108.02,1.0,0.0,0.0,6.3,10.51,0.0,0.3,8.5,0.85,0.15,3.75,0.85,0.15,0.67,0.0,1.7,0.93,1.0,0.0,2.55,0
1.0,0.6,1.2,0.8,0.0,8.39,103.74,1.0,1.6,10.8,6.8,0.71,79.23,1.6,0.8,8.98,1.8,7.58,0.4,1.0,0.57,0.0,4.78,0.98,0.9,0.0,1.0,0
0.0,0.13,1.0,0.0,0.0,5.13,63.91,1.0,0.0,4.67,7.02,0.74,63.1,2.0,0.0,4.62,1.27,5.83,0.13,1.87,0.45,0.0,7.42,0.96,0.96,0.0,1.0,0
3.4,1.7,1.0,0.0,0.0,9.25,213.34,1.0,0.85,2.3,10.7,1.13,56.19,3.0,0.0,17.47,1.0,3.06,0.0,1.0,0.72,0.0,2.55,0.96,0.43,0.0,2.55,0
0.06,0.0,1.01,1.0,0.01,6.01,188.23,1.0,0.0,0.0,23.82,2.71,99.9,1.05,0.99,10.93,1.0,1.27,0.01,0.01,0.01,0.0,20.65,0.82,0.66,0.0,3.98,0
0.0,0.91,1.0,0.0,0.0,0.63,18.43,1.0,0.0,2.73,1.0,1.24,0.0,0.91,0.54,0.18,0.91,4.0,3.09,0.91,0.0,0.0,0.27,0.86,0.04,0.0,0.0,0
0.35,0.35,1.0,0.0,0.0,13.54,105.06,1.0,0.0,1.04,5.31,3.52,7.62,1.04,0.65,2.39,0.35,3.19,0.69,0.69,0.91,0.0,56.82,0.98,0.35,0.0,0.65,0
0.11,0.86,1.0,0.32,1.0,5.46,52.14,1.0,0.0,0.0,4.57,1.09,8.6,3.68,0.11,2.0,1.0,0.97,0.21,1.89,0.11,0.0,0.0,0.92,0.11,0.0,1.0,0
0.23,1.01,0.11,1.0,0.0,0.68,38.3,1.45,0.23,0.45,1.35,2.32,10.15,2.89,1.0,2.48,2.0,0.32,0.0,0.0,0.05,0.0,0.11,0.85,0.11,0.0,0.23,0
0.29,0.0,1.0,0.0,0.0,4.42,86.73,1.29,0.43,1.0,3.0,1.02,9.69,3.57,0.0,1.43,1.14,1.0,0.14,1.71,0.14,0.0,0.0,0.97,0.0,0.0,1.29,0
2.0,0.24,2.0,2.12,13.23,4.47,106.75,1.0,0.0,4.37,13.76,0.49,81.71,1.35,0.12,4.72,1.12,14.9,0.88,1.0,1.36,0.0,6.61,0.97,0.49,0.0,3.24,1
0.0,1.49,1.0,0.25,0.0,3.23,42.92,1.0,0.0,0.75,2.75,1.03,23.52,3.0,0.0,5.51,1.0,2.99,1.51,1.75,0.86,0.75,2.98,0.91,1.0,0.0,1.25,0
7.27,0.81,1.0,3.02,0.4,3.38,120.67,1.81,1.4,2.62,18.19,0.75,84.04,2.81,0.0,6.58,1.0,1.85,0.0,0.6,0.4,0.0,1.79,0.98,0.6,0.0,1.19,1
1.0,1.0,1.0,8.98,0.0,4.99,115.73,1.0,11.97,14.96,0.0,0.78,87.76,1.01,0.01,4.99,1.0,4.63,1.0,1.0,1.06,0.0,0.0,0.8,0.0,0.0,1.0,1
4.67,4.3,1.0,0.12,0.0,9.77,157.62,1.0,6.64,0.0,1.61,2.7,11.68,0.25,1.0,4.34,0.25,2.56,1.75,0.88,0.1,0.0,0.0,0.89,0.0,0.0,0.61,0
1.81,1.9,1.9,2.71,0.0,8.49,162.45,1.0,0.0,33.69,11.12,0.45,80.08,3.81,0.9,23.15,1.9,8.22,0.0,1.0,1.92,0.0,53.77,0.95,0.39,0.0,4.61,1
0.0,2.09,0.52,0.0,0.0,2.35,68.3,1.0,0.0,3.57,3.14,2.4,23.51,1.05,0.0,7.84,0.52,0.73,0.0,0.0,0.44,0.0,6.79,0.84,0.09,0.0,1.05,0
0.0,0.0,1.0,11.36,0.0,17.82,174.67,1.0,3.79,0.0,3.27,1.05,56.05,1.51,0.24,19.42,0.76,6.46,2.0,2.51,0.96,0.0,6.06,0.97,0.38,0.0,0.76,1
0.0,5.54,1.38,0.0,0.0,6.23,157.7,1.0,0.0,5.54,8.3,1.37,62.27,3.69,0.62,20.76,2.0,1.94,0.0,0.0,1.16,0.0,17.99,0.91,0.23,0.0,2.77,1
0.0,0.14,1.0,0.93,0.0,5.93,200.12,1.0,0.0,0.0,22.54,4.57,93.05,0.93,1.0,10.37,0.93,1.32,0.07,0.07,0.0,0.0,14.96,0.84,0.69,0.0,3.86,0
2.31,0.0,1.0,2.91,0.23,4.54,98.23,1.0,0.0,7.91,10.83,0.69,72.97,2.0,0.0,2.37,1.0,5.48,0.0,0.23,0.77,0.0,3.43,0.97,0.23,0.0,0.46,1
0.0,3.93,1.0,4.64,0.0,5.62,231.96,1.0,0.0,2.27,5.64,2.49,24.43,0.76,0.24,1.71,0.76,7.75,2.51,0.76,0.0,0.0,6.6,0.86,0.12,0.0,0.49,0
0.0,0.44,1.0,1.98,0.0,1.1,43.68,1.0,2.42,0.0,10.24,0.8,20.26,0.22,2.44,5.56,0.22,3.06,0.78,0.0,0.19,0.0,6.24,0.75,1.0,0.0,0.44,0
0.53,0.0,1.0,0.0,1.6,11.53,165.13,1.53,0.53,1.87,8.0,0.5,15.87,3.07,0.0,7.27,1.53,5.33,0.0,1.0,1.04,0.0,453.2,0.88,0.64,0.0,1.47,1
0.25,0.75,1.0,0.25,0.0,7.24,72.34,1.0,0.51,3.8,5.02,1.23,36.05,1.75,0.25,1.51,1.25,4.09,1.49,1.0,1.14,0.0,0.0,0.96,0.25,0.0,1.0,0
2.86,0.29,1.93,3.21,1.86,1.57,101.64,1.0,0.93,2.0,5.22,0.27,60.65,1.93,0.07,6.22,1.07,4.47,0.93,1.93,2.47,0.0,47.64,0.9,0.95,0.14,1.64,0
0.0,2.0,1.0,0.65,0.0,8.16,346.99,1.0,0.0,0.0,3.0,27.51,7.19,0.07,1.14,2.22,0.07,2.16,1.0,0.93,0.0,0.0,0.93,0.98,0.93,0.0,2.0,1
0.0,0.41,1.0,0.0,0.0,1.81,93.06,1.0,0.0,0.0,2.2,6.64,0.0,3.19,0.2,0.41,0.8,0.84,0.2,1.8,0.0,0.0,0.2,0.99,0.2,0.0,1.2,0
0.0,0.0,1.0,0.0,0.28,1.83,33.58,1.0,0.0,0.56,4.5,1.27,23.94,1.72,0.0,0.0,1.28,1.28,0.72,1.0,0.18,0.0,37.53,0.99,0.36,0.0,0.28,0
2.36,0.0,1.0,0.32,2.71,4.32,64.95,1.0,0.64,3.86,3.25,0.47,27.69,1.0,0.32,3.0,1.32,5.22,1.36,1.68,1.57,0.68,0.0,0.95,0.66,0.0,0.32,0
0.86,0.0,1.0,7.57,17.57,4.86,171.55,1.29,0.0,0.0,17.0,0.56,83.0,1.0,0.0,3.43,1.29,6.02,1.71,1.0,1.21,0.0,0.0,0.95,0.0,0.0,1.71,0
0.0,0.12,1.0,0.88,0.88,2.48,34.76,1.0,0.0,0.0,2.76,0.99,58.12,4.76,0.0,0.24,1.0,2.76,0.88,1.88,0.53,0.0,0.12,0.99,0.06,0.0,0.12,0
0.24,0.0,1.0,0.0,0.24,2.52,38.45,1.0,1.52,0.76,2.52,1.0,14.42,2.24,0.0,5.52,1.0,2.4,0.0,1.24,0.33,0.0,13.31,0.95,1.0,0.0,0.76,0
0.0,0.0,1.0,0.0,0.0,4.02,71.7,1.0,0.0,4.0,8.51,0.97,48.73,2.51,0.0,6.94,1.0,3.55,0.0,1.0,0.58,0.0,0.98,0.95,1.0,0.0,0.98,0
0.0,0.0,2.99,0.0,0.0,27.47,83.55,1.0,0.8,1.2,1.81,0.67,30.12,3.6,0.4,12.99,1.0,8.56,0.8,1.0,2.81,0.0,2.39,0.96,0.73,0.0,1.19,1
1.85,0.62,1.0,0.0,0.0,11.47,92.87,1.0,0.0,1.85,2.62,1.25,43.87,2.15,0.0,14.74,1.62,3.57,0.38,1.38,1.81,0.0,2.47,0.96,0.41,0.0,1.85,0
17.86,16.45,1.0,0.47,0.53,2.59,514.07,1.0,25.38,0.0,3.35,0.61,44.64,2.0,0.47,10.93,1.47,4.67,1.59,5.83,0.92,0.53,0.0,0.93,0.0,0.0,2.35,0
0.04,0.0,1.0,0.0,0.96,6.92,51.92,1.0,1.12,1.28,2.88,0.98,50.81,4.84,3.88,2.04,1.0,3.36,1.96,1.96,0.73,0.0,3.02,0.94,1.0,0.0,1.0,1
0.63,1.88,1.63,0.0,0.0,14.92,126.76,1.0,0.0,5.25,4.24,0.57,45.29,3.25,0.0,24.8,1.0,7.03,1.25,1.0,1.35,0.0,15.8,0.98,0.69,0.0,1.37,1
0.0,0.0,1.0,0.0,0.0,1.42,38.59,1.0,0.14,2.0,5.99,0.69,60.14,2.0,0.0,6.13,1.14,3.39,1.72,1.0,1.2,0.0,0.14,1.0,0.14,0.0,0.28,0
2.25,1.12,1.37,0.0,2.5,10.73,96.28,1.0,0.0,2.24,1.37,0.41,19.46,2.12,0.0,14.22,1.0,5.96,2.0,1.63,1.96,0.63,8.98,0.96,0.5,0.0,0.37,0
0.0,0.0,0.37,0.63,0.0,0.0,18.74,1.0,0.0,0.0,1.85,1.7,0.0,2.63,0.63,0.0,1.63,0.52,0.0,0.37,0.32,0.0,0.0,0.88,0.0,0.0,0.37,0
0.09,0.0,1.0,0.13,0.0,66.14,247.06,1.09,0.0,4.18,3.62,2.52,27.77,2.96,0.0,8.87,2.0,8.42,5.74,1.0,0.99,0.96,1.91,0.97,0.96,0.0,2.87,0
0.0,0.0,1.0,0.0,0.0,0.0,20.0,1.0,0.0,0.0,5.0,0.22,0.0,2.0,0.0,0.0,1.0,1.4,0.0,1.0,0.86,0.0,0.0,0.96,0.0,0.0,1.0,0
5.6,0.0,1.0,0.0,2.4,8.0,238.53,1.0,0.0,0.0,18.4,0.48,0.0,3.2,0.4,2.8,0.8,1.37,0.2,1.6,0.72,0.0,20.8,0.94,0.6,0.0,2.4,1
0.0,0.0,1.0,0.0,0.0,4.39,73.55,1.0,0.0,4.0,8.39,1.13,61.98,2.59,0.0,2.39,1.0,3.43,0.82,1.0,0.47,0.0,0.0,0.93,0.8,0.0,0.2,0
0.61,1.22,2.94,0.0,1.22,23.93,74.65,1.0,0.78,0.0,0.0,0.91,0.0,2.39,2.22,6.22,1.0,8.4,0.78,1.0,2.04,0.0,2.33,0.99,0.13,0.0,1.17,0
0.0,0.0,1.0,0.0,0.13,10.35,32.98,1.0,0.0,0.0,1.52,2.76,0.0,0.52,0.87,2.0,0.13,1.82,1.74,1.13,0.0,0.0,0.0,0.89,0.0,0.0,0.13,0
0.55,0.0,0.55,0.0,0.55,2.76,49.21,1.55,2.21,1.45,3.86,1.95,18.21,2.21,0.0,1.1,1.1,0.55,0.0,0.55,0.0,0.0,182.61,0.91,0.37,0.0,0.0,0
6.65,9.78,1.0,4.1,2.33,13.76,495.08,5.0,9.76,-6.08,5.79,0.31,96.21,2.78,1.0,35.19,1.22,4.73,-0.78,0.0,1.47,0.0,20.39,0.98,0.74,0.0,3.55,1
17.02,0.0,2.22,27.96,0.61,-8.12,33.04,1.0,0.0,9.29,2.57,-2.2,115.92,2.61,-0.61,4.39,1.61,6.27,3.22,1.61,2.1,0.0,792.63,1.02,0.46,0.0,0.0,0
-3.65,-14.06,1.0,-0.52,1.0,0.87,-24.92,1.0,0.0,-3.65,2.04,15.47,-45.32,1.48,0.52,-10.5,0.48,-0.96,1.96,11.0,0.37,1.0,0.52,0.94,0.0,0.0,-0.52,0
0.4,0.0,1.0,1.0,0.26,5.4,117.32,1.0,2.87,-0.74,3.13,1.65,44.3,2.74,0.0,5.53,0.13,4.13,2.87,1.87,1.01,0.0,25.62,0.88,0.33,0.0,2.87,0
0.0,-4.34,0.13,-1.74,1.0,3.13,54.92,1.0,0.0,2.0,11.0,6.07,25.25,-0.74,0.87,0.0,1.13,-1.36,0.0,0.13,-0.35,0.0,0.0,0.85,0.0,0.0,0.13,0
-3.15,0.0,1.0,-10.62,-0.83,2.51,-0.82,1.0,2.0,8.68,-0.3,0.68,12.95,1.0,1.0,2.17,1.17,4.71,-0.83,1.0,1.03,0.0,-0.83,0.91,0.58,0.0,-1.49,0
-20.14,0.0,-0.64,-34.72,0.82,7.28,44.2,3.0,0.0,-1.84,16.18,0.73,12.56,2.0,0.0,6.82,2.0,-0.69,0.0,2.64,1.37,0.82,-1069.34,0.98,-0.62,0.0,0.0,0
-0.61,1.0,1.0,0.61,-1.22,13.0,167.21,1.0,0.0,3.0,17.01,2.86,76.92,2.0,0.61,12.09,1.0,4.24,-1.22,-0.83,-0.36,-0.61,181.75,0.87,0.91,0.0,2.83,0
2.0,0.0,1.0,0.0,0.0,23.26,385.05,3.0,2.13,7.87,0.28,1.62,28.75,1.0,0.0,3.02,1.13,7.42,3.62,0.87,0.42,0.0,-0.87,0.81,0.0,0.0,1.26,0
0.53,0.0,1.0,0.0,0.53,10.27,43.76,1.0,0.0,0.0,0.47,6.88,0.0,4.53,5.0,30.0,1.0,0.74,1.0,0.53,0.95,0.0,12.66,0.67,-0.04,2.11,2.64,0
15.33,2.64,2.0,5.28,0.0,41.28,1194.66,1.0,11.45,14.33,48.14,0.91,129.59,3.12,0.0,45.13,1.0,10.96,3.12,1.12,1.22,0.0,1416.57,0.69,0.75,1.76,9.04,1
0.0,7.26,1.0,11.05,5.26,21.0,76.79,1.0,0.0,0.0,-1.05,3.38,8.95,-1.11,0.0,1.58,1.0,2.82,0.0,1.0,0.62,0.0,0.0,0.93,0.53,0.0,0.53,0
0.77,0.0,1.77,0.0,0.77,12.52,125.9,1.0,1.0,4.45,9.77,-0.9,70.0,5.32,0.0,54.62,1.77,4.67,0.77,2.55,1.81,0.0,61.89,0.82,1.33,3.1,6.87,1
0.0,0.0,0.14,0.86,0.0,7.27,40.36,1.0,0.0,-2.59,0.27,3.79,-13.82,4.86,0.86,-1.32,1.86,-3.68,-1.59,0.27,0.6,0.0,0.0,0.84,-0.86,0.0,0.0,0
13.0,4.0,1.0,6.0,-2.0,9.0,1048.99,1.0,13.0,17.0,62.0,1.33,144.89,3.99,1.0,44.98,2.0,5.38,-2.0,-1.0,-0.47,-1.0,497.0,0.75,1.33,2.0,9.0,1
3.2,0.0,1.0,-3.2,-0.8,15.4,261.01,0.2,0.0,0.0,16.4,2.36,-54.4,6.4,0.0,3.0,0.2,0.43,0.2,2.8,0.42,0.0,19.2,1.01,0.4,0.0,1.6,0
-1.1,2.3,2.0,0.0,0.7,17.81,119.49,1.0,0.7,4.6,2.0,0.84,37.33,6.79,2.79,19.03,0.3,7.71,3.4,1.7,0.31,0.0,21.21,0.97,0.73,0.0,-0.4,0
2.7,8.0,1.85,4.7,13.74,0.15,103.61,1.0,0.0,0.0,12.04,-5.39,148.8,-1.55,-3.25,2.85,1.0,16.53,2.0,1.85,2.09,0.0,1.7,1.07,1.42,0.0,3.55,0
0.0,-0.59,1.0,9.0,23.0,14.25,258.46,1.0,0.0,-0.59,20.05,3.07,69.56,-0.18,0.0,-1.89,-0.18,6.95,1.41,-0.18,0.83,0.0,0.0,0.99,0.0,0.0,1.41,0
2.55,0.0,1.0,0.0,0.55,27.74,471.76,3.55,5.19,7.55,12.29,0.46,86.07,2.1,0.0,11.1,2.55,3.45,-0.1,0.0,1.0,0.0,181.24,0.95,0.37,0.0,3.0,1
-2.78,1.0,1.0,2.0,0.0,1.22,202.04,1.0,2.3,1.3,42.74,0.53,94.91,3.7,0.7,6.74,1.0,1.71,0.7,1.7,-0.03,0.0,-2.09,0.98,1.46,0.0,-1.09,0
0.0,2.52,1.0,6.93,0.0,1.37,-63.1,1.0,10.48,-9.33,-16.21,0.46,44.84,0.48,4.0,-5.33,-1.07,7.46,1.55,0.0,0.61,0.0,-18.66,0.56,0.61,0.0,0.45,0
0.0,2.0,1.0,0.0,0.0,-0.51,-60.48,1.0,-0.9,0.0,2.18,2.74,26.15,0.9,1.9,15.12,0.0,9.16,1.9,0.9,1.03,0.0,-13.53,0.96,-0.6,0.0,1.0,0
0.0,-0.98,1.0,3.0,2.0,0.98,22.89,1.0,2.0,0.02,5.93,-0.0,133.89,3.02,0.0,3.93,1.0,0.4,0.04,0.02,1.26,0.0,-3.93,1.0,-0.98,0.0,0.0,0
0.0,0.64,1.0,0.64,1.0,7.64,62.26,1.0,1.0,0.36,3.0,1.76,14.08,4.36,3.36,-2.49,1.0,3.06,1.36,1.36,0.94,0.0,3.85,0.89,1.0,0.0,2.28,0
-5.63,-22.53,1.0,-0.8,10.0,-2.41,-141.54,1.0,0.8,-4.83,27.7,1.6,-66.79,1.0,1.0,-19.31,1.8,-6.73,-2.41,2.0,-0.97,0.0,12.07,0.94,-0.27,0.0,-0.8,0
0.0,1.12,0.12,0.0,0.0,-2.07,-99.96,1.0,1.12,0.12,-13.32,4.63,23.47,4.12,0.88,3.23,0.23,1.29,1.0,1.12,0.54,0.0,192.75,0.8,-0.02,0.0,-0.77,0
0.0,11.94,1.0,14.24,0.0,22.47,879.56,1.0,-5.29,1.06,24.23,7.34,83.62,0.53,-1.11,11.76,0.53,16.51,1.0,0.53,-0.09,0.0,27.53,1.06,0.5,0.0,2.0,0
-0.75,2.49,1.0,-0.75,0.0,7.25,69.24,1.0,-1.49,-7.97,7.74,3.8,-45.27,1.25,0.0,3.99,-0.49,3.0,2.75,0.25,1.2,0.0,0.0,0.94,-0.75,0.0,1.0,0
0.0,-1.78,1.0,7.12,0.0,10.56,-20.39,1.0,-1.78,-0.89,-4.34,3.09,-1.78,-2.67,6.0,-0.67,-0.89,17.83,19.13,0.89,0.41,0.89,-179.42,0.67,0.88,0.0,0.0,0
13.65,5.9,1.98,14.85,0.0,13.78,1127.62,1.0,23.68,12.68,62.52,-1.56,184.66,1.98,4.98,38.14,2.95,13.47,0.0,0.98,1.65,0.0,484.74,0.59,1.33,1.95,11.75,1
0.0,0.0,1.0,0.0,0.0,-4.72,-46.72,1.0,-4.72,1.17,10.89,-0.69,-29.61,2.94,-12.27,-2.83,0.11,-20.46,2.0,1.94,1.08,0.0,-2.83,0.91,0.47,0.0,-0.94,0
4.28,10.18,2.0,-0.82,0.0,12.46,293.04,1.0,0.82,6.64,7.38,0.09,73.54,2.0,0.0,19.13,1.0,5.37,0.0,1.0,1.3,0.0,365.54,1.1,0.45,0.0,0.82,0
0.0,-6.59,1.0,-15.69,-3.35,4.76,67.86,2.0,0.0,6.04,13.31,0.92,24.82,1.76,0.0,8.07,3.0,4.36,0.24,0.24,-0.16,0.0,186.52,0.91,0.5,0.0,2.76,0
0.0,0.0,1.0,0.0,0.0,7.42,140.98,1.0,0.0,15.82,21.38,-0.05,126.77,2.15,1.0,6.42,1.85,7.16,0.0,2.0,0.54,0.0,-44.43,0.95,1.43,0.0,1.85,0
1.75,0.25,1.0,2.63,0.0,7.0,110.66,2.75,0.0,11.01,7.51,-2.3,122.13,4.75,0.12,9.12,2.75,2.81,1.12,2.88,2.44,0.0,5.0,0.99,1.0,0.0,1.12,0
1.0,0.0,2.0,0.0,0.0,14.87,159.96,1.0,0.0,8.0,-3.31,0.64,58.0,7.48,-1.74,31.39,1.87,6.98,-0.87,2.74,1.91,0.0,79.0,0.99,0.56,0.0,2.87,1
-3.2,0.0,0.2,-0.8,-0.8,3.4,-11.95,1.0,3.2,10.39,-2.19,0.79,42.42,-1.2,0.8,1.4,1.0,7.34,0.0,2.0,1.41,0.0,-260.57,1.09,1.64,0.0,0.2,0
0.0,2.0,1.0,0.0,-6.14,23.73,98.31,1.0,0.0,1.37,0.68,4.18,58.72,1.0,-0.68,0.0,1.68,1.43,0.0,0.32,0.44,0.0,0.0,0.96,0.0,0.0,0.68,0
-20.87,8.0,2.0,0.0,-21.87,17.94,218.01,1.0,0.0,8.0,12.99,2.9,90.0,6.98,0.0,29.01,2.0,-0.27,0.0,0.99,1.57,0.0,26.0,0.89,-0.66,0.0,3.01,0
2.93,2.02,1.0,1.0,3.9,3.1,45.32,1.0,0.0,-0.98,-0.93,0.89,0.46,2.02,0.0,5.95,1.0,3.42,0.0,1.98,1.15,0.98,6.0,0.83,1.49,0.0,1.02,0
-1.18,0.73,1.0,-2.18,-7.73,10.82,234.1,2.0,4.73,1.73,17.18,2.47,-28.09,4.0,0.0,0.55,2.73,0.08,0.0,1.0,-0.52,0.0,341.91,1.13,1.15,0.0,0.73,0
3.08,1.0,1.0,4.31,1.23,4.15,356.66,1.0,8.61,13.92,27.38,-2.15,136.51,1.38,0.0,26.07,3.0,14.18,0.38,1.0,1.26,0.0,-43.4,0.91,0.67,0.0,2.85,0
-9.99,-1.86,1.0,-4.28,0.0,-5.0,-697.61,1.0,-9.28,-4.85,-37.54,1.07,-26.41,3.0,-0.71,-23.98,0.29,5.4,6.86,2.0,0.3,0.0,-350.74,1.05,0.76,-1.43,-6.42,0
0.0,1.58,1.0,3.0,0.0,11.94,278.99,1.0,1.58,0.79,27.73,4.61,121.29,2.37,3.0,4.94,0.79,6.31,-0.79,0.79,0.42,0.0,180.45,1.04,1.45,0.0,1.79,0
28.0,-1.14,3.0,54.58,1.0,10.58,200.92,1.0,1.72,11.43,0.28,-0.3,118.88,-0.72,0.0,11.44,0.43,10.17,2.57,1.57,2.2,0.0,1190.77,1.04,0.71,0.0,1.0,0
0.96,-0.96,1.0,0.0,0.0,11.87,50.69,1.0,2.91,0.96,0.09,1.96,0.0,2.04,0.96,0.22,1.0,3.05,0.04,1.04,1.3,-0.96,-1.91,1.06,-0.96,0.0,0.0,0
27.17,-6.62,3.0,43.52,0.17,1.17,105.32,1.0,0.0,12.0,5.31,0.03,25.81,1.83,-0.83,-1.65,1.0,4.92,0.35,1.0,1.66,0.0,1304.0,0.98,-0.08,0.0,1.0,0
-1.82,13.0,1.0,12.92,1.22,21.78,835.01,1.61,0.0,-2.43,14.53,6.83,87.85,0.0,1.0,7.0,0.0,18.13,1.0,0.0,0.3,0.0,26.39,0.81,0.2,0.0,0.78,1
25.51,0.0,2.61,37.99,2.0,6.39,191.13,1.0,2.0,10.65,0.78,0.67,139.98,-3.02,0.0,8.2,1.0,8.99,3.61,1.0,1.59,0.0,1058.55,0.93,1.1,0.0,2.8,0
16.56,5.28,1.0,2.16,-0.64,13.48,1131.71,1.0,13.64,9.24,56.16,1.35,77.07,1.64,1.0,43.32,2.0,3.98,0.0,1.0,0.87,0.0,489.32,0.84,-0.09,2.0,10.64,1
0.0,0.0,1.0,0.0,0.0,11.0,35.98,1.0,0.0,3.42,-1.56,3.07,7.69,0.85,1.0,1.15,-0.85,3.56,2.0,1.0,-0.21,0.0,1.71,0.86,0.0,0.0,0.85,0
-2.86,0.0,0.0,0.0,-3.81,0.0,63.88,1.0,0.95,5.71,7.61,3.7,66.63,2.9,11.0,8.57,1.0,-0.33,-1.9,-0.95,-1.67,-0.95,2.86,0.86,0.48,0.0,2.86,0
1.46,0.0,2.85,-1.23,7.0,39.04,235.41,1.0,-1.69,-4.23,-9.52,0.63,79.62,3.54,0.0,20.21,1.0,6.28,1.69,1.85,2.1,0.0,827.37,0.74,0.38,0.0,2.0,1
2.64,0.0,1.0,1.64,-0.64,0.18,73.74,1.0,0.0,5.73,7.55,1.03,57.29,1.82,0.0,1.0,1.0,3.68,-1.64,-1.46,0.1,-0.82,0.0,0.93,0.0,0.0,-0.82,0
0.0,0.56,1.0,0.56,2.81,5.56,28.44,1.56,0.0,-0.56,1.0,7.24,15.75,3.44,5.0,-4.06,2.13,2.25,1.56,0.0,-0.23,0.0,102.94,0.85,-0.28,0.0,0.0,0
0.0,10.0,1.0,22.0,11.0,11.48,100.63,1.0,0.0,0.0,-0.11,2.69,83.0,-0.11,0.56,3.56,0.44,5.57,1.0,1.44,1.63,0.0,0.0,0.99,0.44,0.0,1.56,0
0.0,0.0,1.0,0.0,0.76,69.0,264.38,1.0,1.52,0.97,3.76,2.4,-20.52,4.52,0.0,7.48,2.0,5.25,6.0,1.0,1.05,1.0,279.65,0.85,0.75,0.0,2.24,0
1.26,0.0,1.63,-1.9,2.26,6.37,52.63,1.0,1.0,1.0,2.37,0.03,32.93,5.63,4.0,4.53,1.0,4.41,1.37,2.63,2.31,0.0,8.22,1.2,1.63,0.0,1.0,0
2.9,2.9,2.0,11.11,0.0,11.6,251.29,1.0,10.81,50.52,10.2,0.2,166.29,1.3,1.0,29.51,2.0,12.3,0.9,0.1,2.96,0.0,41.0,0.79,0.38,0.0,5.0,1
2.0,6.51,1.0,7.01,0.0,10.02,444.83,1.0,2.0,1.0,8.52,1.33,70.0,1.5,0.0,9.01,0.5,7.57,0.5,0.5,0.71,0.0,13.53,0.96,1.25,0.0,1.0,0
-1.97,0.0,1.0,-2.95,0.98,8.88,145.11,0.02,0.0,0.98,10.86,2.05,18.71,2.0,0.0,-0.98,0.02,5.01,1.98,1.98,0.27,0.0,52.0,1.11,0.5,0.0,0.98,0
-4.36,1.27,1.0,-2.18,-2.18,-0.26,-190.37,1.0,-6.53,3.27,9.08,1.09,36.29,3.0,1.0,1.29,1.0,3.24,2.0,2.0,0.53,0.0,-10.97,0.95,1.24,0.0,1.27,0
0.0,0.0,1.0,0.0,-0.91,2.09,46.25,1.0,0.0,3.09,-4.75,3.62,83.2,-0.73,2.73,11.0,0.09,6.25,3.64,0.09,0.52,0.0,2.0,0.89,1.91,0.0,0.18,0
-3.63,2.0,0.09,-2.73,-6.36,2.18,10.15,1.0,0.0,0.0,12.09,5.25,-75.4,1.82,1.0,5.18,0.0,4.88,1.91,0.91,-0.82,0.0,0.0,1.07,0.0,0.0,0.09,0
0.0,0.0,-2.91,13.69,23.0,-39.36,135.14,1.0,-1.56,0.78,24.56,1.57,155.48,-0.56,-0.78,-8.51,1.0,-5.51,2.0,1.0,-2.87,0.0,-4.69,0.63,-0.26,0.0,0.44,0
2.0,1.57,1.0,8.08,-0.79,36.38,269.32,1.0,2.0,1.0,2.57,5.48,148.63,1.21,2.36,8.36,1.0,3.9,-0.57,-7.65,-0.07,-0.79,0.0,1.05,1.0,0.0,1.57,0
1.83,5.0,1.0,2.0,0.0,1.91,128.74,1.0,1.83,0.91,33.8,-0.14,84.62,4.74,0.0,1.83,1.0,1.89,-0.91,0.09,1.03,0.0,2.74,0.88,0.91,0.0,1.91,1
0.0,0.82,1.0,2.0,3.3,9.47,130.6,1.82,0.0,2.65,5.23,1.2,94.19,-0.65,0.0,23.82,4.65,6.32,0.82,0.0,0.69,0.0,178.54,0.87,1.08,0.0,2.0,0
-4.23,0.13,1.0,5.52,-2.61,-7.2,-309.12,1.0,3.29,13.26,-8.71,1.03,7.86,2.74,0.0,-13.29,1.0,0.12,1.0,1.87,-0.6,0.0,-21.78,0.81,-0.58,0.0,-0.74,0
0.0,-0.85,1.0,0.0,0.0,3.22,6.84,1.0,0.0,-2.54,1.3,6.82,-13.57,4.7,4.24,-1.24,1.0,-0.39,1.85,1.15,-0.49,0.0,-145.85,0.9,-0.42,0.0,0.15,0
1.62,2.62,0.19,0.0,-3.24,2.81,166.94,1.0,0.81,2.62,9.49,0.81,69.6,4.62,0.0,10.87,1.0,2.81,2.0,2.0,0.49,1.0,4.43,0.93,0.46,0.0,1.81,1
0.0,0.0,1.86,0.0,0.0,0.86,22.44,1.0,0.0,0.0,2.72,-1.19,0.0,5.44,-0.86,0.0,1.86,2.43,2.0,2.72,0.0,0.0,0.0,0.95,0.0,0.0,0.86,0
5.31,-0.69,1.0,6.38,0.69,0.54,112.22,-1.77,0.62,4.23,13.4,0.5,72.09,0.31,0.0,-7.83,0.31,8.53,3.38,1.69,1.03,0.0,-0.69,0.98,0.0,0.0,1.31,0
0.0,0.0,1.0,0.0,0.0,-1.52,58.96,1.0,0.0,3.0,8.76,-1.24,55.0,6.68,0.08,6.68,1.92,4.06,-1.84,2.0,0.46,0.0,0.0,0.76,1.92,0.0,1.0,0
-3.07,-0.51,1.0,-2.04,-1.53,3.38,-90.62,1.0,-4.6,2.04,1.47,6.01,-11.24,5.51,0.0,-3.6,1.0,0.09,1.0,1.0,-0.76,0.0,150.76,0.98,1.17,0.0,0.0,0
4.47,0.0,1.0,2.98,2.98,-3.47,38.44,1.0,0.0,0.75,5.73,0.43,69.35,4.0,0.0,1.49,1.75,1.22,0.0,2.0,-0.07,0.0,2.98,0.56,0.0,0.0,1.75,0
0.0,2.0,1.0,2.61,-0.87,6.74,237.82,1.0,2.0,1.0,22.65,5.53,113.95,1.52,2.61,4.13,1.13,7.11,1.0,0.26,0.54,0.0,221.65,0.97,1.44,0.0,1.0,0
0.0,0.0,1.0,5.48,0.0,10.17,105.66,1.0,0.0,-1.83,2.35,13.4,27.38,-1.83,9.09,-1.74,0.0,0.78,2.83,-0.91,0.67,0.0,2.0,0.52,0.09,0.0,3.0,0
0.0,0.0,1.0,0.0,0.77,8.6,124.08,1.0,1.0,6.0,12.07,-0.61,70.0,4.53,0.0,13.53,1.0,2.83,-1.53,1.77,0.42,0.0,3.0,1.01,1.0,0.0,3.77,0
-0.99,0.0,0.0,-0.99,0.0,6.9,58.48,1.0,-1.97,-11.82,-1.97,17.38,-84.72,-0.99,9.87,-1.97,-1.97,-3.55,0.99,-0.99,0.35,0.0,1.97,0.79,0.0,0.0,1.97,0
16.3,1.9,1.0,8.7,12.0,1.9,932.4,1.0,12.35,10.45,62.21,0.44,135.51,-0.9,0.0,27.76,1.95,2.31,-1.9,0.05,-0.16,0.0,467.53,0.6,-0.63,1.9,8.6,1
0.93,0.0,0.0,1.0,1.87,14.01,237.52,1.93,0.93,0.0,6.54,2.36,0.0,4.87,1.0,1.87,2.93,3.27,-2.8,-9.34,0.14,-0.93,792.14,0.74,0.31,0.0,0.93,0
-6.58,0.0,1.0,3.94,-2.82,-1.4,-18.49,1.0,0.0,0.0,5.15,9.23,193.97,-3.76,5.82,0.06,-0.94,8.53,3.76,-1.88,-0.84,0.0,-4.55,0.9,1.47,0.0,-1.82,0
0.0,0.0,1.0,1.0,0.0,2.74,196.18,1.0,0.0,1.3,25.3,1.26,132.62,3.61,0.35,16.87,1.65,1.03,-1.3,0.0,0.78,0.0,16.0,0.87,1.32,0.0,4.0,1
0.0,-0.96,0.02,0.0,0.0,-4.9,-47.63,1.0,-1.96,2.02,-5.85,5.73,-26.44,-3.9,0.98,-4.9,-0.96,1.6,2.02,-0.96,-0.53,0.0,-201.71,0.79,-0.56,0.0,-0.98,0
0.68,0.0,1.0,-4.09,2.05,12.6,179.9,1.68,0.68,-0.68,6.09,0.44,-57.99,4.05,0.0,2.73,1.68,4.23,-0.36,1.0,0.79,0.0,630.49,1.21,0.73,0.0,0.0,1
0.76,0.0,1.0,6.82,0.0,-4.06,59.82,1.0,9.09,12.09,-0.27,0.39,70.55,1.24,0.0,4.24,1.0,5.73,3.76,2.0,-0.08,0.0,-130.31,0.8,0.62,0.0,0.0,0
0.0,-0.94,1.0,7.88,0.0,8.57,128.4,1.0,0.0,-0.88,11.38,1.7,161.0,1.0,0.0,21.58,2.88,1.05,-0.81,0.06,0.58,0.0,24.4,0.55,0.63,0.0,2.88,0
0.0,0.0,-0.53,-1.06,0.0,-3.71,-37.93,1.0,0.0,1.47,-5.82,5.67,-42.88,-0.53,0.53,-12.17,-1.59,-1.3,0.0,0.0,-0.33,0.0,-13.76,0.77,-0.35,0.0,-1.06,0
-0.84,0.0,1.0,0.0,-1.68,5.84,129.19,1.84,8.35,3.84,10.19,1.42,105.68,3.52,13.0,0.48,3.84,32.01,0.0,0.0,-0.25,0.0,280.6,0.99,1.06,0.0,1.0,0
2.9,0.0,1.0,0.0,0.97,12.79,120.88,1.0,1.93,0.97,1.97,4.18,0.0,-3.86,6.0,10.69,0.0,5.72,4.97,-0.97,-0.14,0.0,12.66,0.83,0.98,0.0,1.93,0
-4.58,-2.29,1.0,5.34,-0.76,-8.39,-194.35,1.0,-3.81,-2.29,5.0,3.19,29.75,2.0,0.76,-22.88,0.24,8.02,1.53,1.0,0.13,0.0,-26.7,1.07,-0.15,0.0,-4.34,0
2.0,0.0,1.0,0.0,0.0,17.15,365.47,3.0,3.0,9.94,9.0,-9.93,121.94,3.94,-8.83,11.96,2.98,5.96,0.02,1.96,0.35,0.0,-1.96,0.88,0.0,0.0,1.04,0
-10.56,-1.28,1.0,-0.28,-0.64,8.85,265.95,-0.28,1.36,22.28,22.78,1.24,86.64,-0.28,1.0,12.64,4.57,7.97,0.0,1.64,0.17,0.0,23.13,0.96,1.48,0.0,2.93,0
0.0,0.0,1.0,-4.78,0.68,1.36,6.58,1.0,0.68,4.68,7.64,-2.29,9.89,4.73,2.05,0.68,2.0,-1.14,2.0,1.68,1.09,0.0,0.0,0.95,0.68,0.0,0.68,0
0.0,0.81,0.4,0.0,1.19,5.0,85.83,1.0,2.0,-0.19,7.0,1.05,-2.8,5.0,0.0,3.81,2.0,1.26,0.4,2.6,0.59,0.0,204.81,0.88,-0.02,0.0,0.4,1
1.12,-0.56,1.56,2.12,-1.67,3.33,117.82,0.44,1.0,-0.12,15.09,0.94,77.77,2.56,0.0,10.12,-0.12,0.15,0.0,1.56,1.4,0.0,-92.99,0.96,1.28,0.0,1.44,0
4.26,1.9,1.63,3.0,12.0,3.79,47.0,1.0,0.0,1.9,5.21,0.54,110.11,1.63,2.53,2.1,1.0,4.3,0.63,1.0,0.78,0.0,127.6,0.81,-0.21,0.0,-0.26,0
3.1,2.0,0.1,-2.71,-0.9,10.0,228.77,1.0,1.0,1.1,11.0,1.9,2.57,3.9,0.0,20.0,1.0,-0.41,-0.9,1.0,-1.55,0.0,38.26,1.05,0.33,0.0,2.1,0
4.98,0.0,1.0,4.15,-0.83,9.0,211.0,1.0,1.66,5.82,18.62,2.21,65.63,3.17,0.0,6.32,1.0,5.42,0.17,-6.31,0.33,-0.83,0.0,0.98,0.0,0.0,1.66,0
0.0,0.89,1.0,2.77,1.0,1.0,261.91,1.0,1.77,-2.55,50.47,0.17,55.75,3.0,0.0,1.89,1.0,-0.07,0.0,1.0,0.51,0.0,-2.66,1.0,0.0,0.0,0.23,0
2.0,0.0,1.0,0.0,2.05,2.11,29.66,1.0,0.0,3.78,2.0,0.57,54.83,-3.73,0.0,4.05,1.0,4.43,3.78,1.0,1.4,0.0,0.0,0.85,0.0,0.0,0.95,0
-3.04,-1.28,1.0,0.0,-0.76,12.83,93.75,2.52,-1.52,3.04,4.04,2.48,5.32,3.0,0.0,-13.95,1.0,-0.16,0.76,0.24,0.04,0.0,-25.58,0.92,0.35,0.0,-2.04,0
0.0,-1.84,1.0,3.06,-0.61,-4.34,-27.87,1.0,-1.84,6.45,17.79,0.27,45.01,2.0,0.0,-4.29,0.39,5.34,1.22,1.0,0.73,0.0,-19.41,1.07,0.88,0.0,-1.06,0
-21.65,0.0,-0.62,-36.2,-0.81,11.47,22.49,1.0,2.0,2.29,8.81,2.17,11.59,2.62,1.0,5.43,2.0,3.98,-0.81,1.81,-0.73,0.0,-1054.62,0.96,0.39,0.0,1.0,0
14.0,4.0,1.0,7.89,-1.89,9.0,1092.39,2.26,13.0,20.03,69.43,0.56,150.31,1.63,1.0,35.63,2.63,7.03,0.0,1.0,0.96,0.0,497.0,0.77,0.33,2.0,10.0,1
0.0,1.0,0.27,0.0,0.0,-6.44,-39.46,1.0,0.0,0.0,-3.39,0.82,0.0,3.73,7.32,1.27,1.73,-0.95,0.0,1.0,-0.33,0.0,1.0,0.8,0.5,0.0,0.27,0
8.0,0.0,1.39,1.56,8.0,-1.28,-127.68,1.0,-0.61,-11.83,-16.43,1.52,37.41,1.61,1.22,5.0,0.17,2.18,0.0,0.39,1.06,0.0,-17.99,0.3,0.54,0.0,1.17,0
30.93,0.0,3.73,48.2,5.4,6.4,185.4,1.0,0.0,12.0,1.27,-0.41,152.87,-1.2,0.0,2.2,1.0,10.75,2.0,0.27,2.81,0.0,1304.0,0.94,0.75,0.0,1.73,0
7.0,0.74,1.0,-5.15,3.0,10.74,356.97,1.0,0.0,6.62,31.03,-2.58,-12.5,4.74,-0.74,12.29,2.47,-0.95,-0.74,2.0,1.34,0.0,64.44,1.0,0.99,0.0,3.74,0
0.57,0.0,1.0,0.0,1.14,0.57,12.17,1.0,0.0,-2.28,-1.28,2.98,-34.15,1.43,0.0,-1.14,1.0,0.58,3.14,1.57,1.18,0.57,0.0,0.83,-0.57,0.0,0.0,0
1.0,-0.93,1.0,1.93,4.65,-10.8,75.92,1.93,2.0,14.79,15.43,-2.18,143.61,1.0,1.0,4.86,3.86,12.12,0.93,1.0,0.77,0.0,171.89,0.96,1.46,0.0,2.86,0
0.79,0.0,1.0,0.79,-1.57,4.14,81.08,1.0,1.57,11.43,9.72,0.68,127.58,2.0,0.79,7.36,1.79,7.74,1.21,0.21,0.94,0.0,0.0,1.09,0.79,0.0,0.79,0
0.0,1.0,1.0,0.0,-0.74,-1.7,5.44,1.0,-1.48,2.0,6.48,0.68,66.0,-0.48,0.0,-0.74,2.0,4.6,0.0,-0.74,0.52,0.0,-270.49,1.05,0.25,0.0,0.0,0
1.69,2.54,1.85,-3.69,23.0,-3.3,124.13,1.0,-4.23,5.92,21.31,1.26,84.77,1.85,3.38,-10.38,1.0,6.4,1.15,-0.69,1.01,0.0,165.76,1.0,0.14,0.0,1.15,0
5.34,3.0,1.0,0.66,1.0,9.41,359.34,1.0,5.0,3.66,14.22,0.8,91.3,1.0,0.0,-4.57,2.0,5.88,-0.66,0.34,0.04,0.0,-15.07,1.03,-0.08,-2.64,5.02,0
1.0,8.0,1.0,3.0,1.0,2.59,53.74,1.0,0.79,0.0,1.79,-1.07,80.0,3.38,-3.77,4.38,1.79,2.68,-0.38,2.59,1.4,0.0,-2.38,1.06,0.6,0.0,1.0,0
0.0,-0.64,1.0,0.0,0.0,6.2,97.45,1.0,0.0,4.64,13.13,0.49,74.38,2.0,0.0,12.28,1.0,1.83,-2.56,0.36,1.07,0.0,-0.56,0.92,1.0,0.0,2.0,0
0.0,-1.95,1.0,0.98,0.98,9.07,69.34,1.0,-1.95,-0.98,2.1,11.99,38.05,0.0,10.0,-3.88,-0.98,4.2,1.0,0.0,0.73,0.0,-198.99,1.02,0.44,0.0,2.02,0
0.0,-1.84,0.39,0.0,0.61,-8.42,-27.16,1.61,2.45,-0.06,5.06,1.22,4.36,2.0,0.0,-14.0,1.61,1.2,1.77,2.0,-1.0,0.0,188.16,0.93,1.1,0.0,-0.61,0
-5.1,0.76,0.24,-3.05,-6.1,16.44,36.61,1.0,2.0,3.52,-3.57,1.0,-29.13,4.29,1.0,1.76,0.24,7.89,3.29,1.0,1.88,0.0,-1.52,1.44,-0.38,0.0,-0.52,0
1.8,0.0,1.9,-6.31,-7.22,10.2,4.83,1.0,0.0,0.0,-2.12,12.17,-7.22,0.0,10.0,-0.8,0.0,11.21,0.1,0.0,0.7,0.0,3.8,0.92,1.45,0.0,3.9,0
6.74,0.0,2.0,-7.59,5.9,-4.28,278.13,1.0,8.54,7.59,13.44,1.4,12.33,2.9,0.0,8.31,1.0,1.67,-1.9,-0.9,1.22,0.0,-5.69,0.85,1.47,0.0,3.9,0
0.75,0.75,1.75,0.0,0.0,15.25,84.73,1.0,0.0,2.25,6.0,0.3,16.49,4.5,-8.25,6.75,1.0,6.12,2.5,3.5,1.83,0.0,122.93,1.09,0.75,0.0,1.0,0
3.78,1.0,1.0,-1.57,1.57,16.14,126.28,-0.57,1.57,-2.49,-7.2,1.26,53.74,0.22,0.0,24.35,1.22,6.21,1.57,1.0,2.3,0.0,11.84,0.93,1.06,0.0,4.57,0
0.0,0.0,1.0,0.0,0.25,1.01,66.24,1.0,-0.75,4.25,14.74,0.77,74.02,-1.25,-2.99,6.74,2.0,1.29,-1.5,0.25,0.82,0.0,1.5,0.96,0.0,0.0,1.75,0
2.47,1.82,1.0,0.0,14.83,-2.12,19.05,1.0,0.0,-2.3,11.24,0.28,-24.43,2.18,0.0,5.18,1.0,-0.22,2.0,0.35,1.12,1.0,2.0,0.94,0.18,0.0,1.0,0
14.0,4.0,1.0,6.0,0.54,9.54,1082.02,1.0,13.0,20.35,68.03,0.3,93.93,1.54,1.0,38.75,2.0,8.37,-1.07,1.0,1.22,0.0,505.03,0.95,0.87,2.0,10.54,1
-1.75,11.92,2.0,-3.67,-3.67,8.16,136.9,0.08,0.0,7.75,-0.92,1.39,-18.43,2.0,0.0,4.16,0.08,5.95,1.84,1.0,-0.03,0.0,368.0,0.99,1.0,0.0,-0.92,0
-1.67,-0.56,1.0,1.67,1.11,-5.23,-24.3,1.0,1.11,2.89,5.44,0.49,60.23,2.67,0.0,-12.24,0.44,3.77,5.11,1.0,-0.17,0.0,-2.23,0.86,-0.37,0.0,-0.67,0
3.5,0.0,1.1,3.1,8.0,3.0,25.26,1.0,0.9,1.9,2.6,0.92,55.18,1.0,3.6,13.3,2.0,4.72,0.9,1.9,0.98,0.0,-357.12,0.88,1.72,0.0,2.1,0
0.64,-0.28,1.0,0.0,0.0,0.64,-9.33,1.0,2.57,8.14,-7.35,-1.25,44.95,1.64,0.0,-2.57,1.64,3.19,3.0,1.64,1.47,0.0,48.16,0.61,0.64,0.0,0.0,0
6.17,0.0,1.0,0.83,2.17,5.01,362.09,1.0,0.83,0.83,34.98,0.79,66.59,3.17,0.0,-36.29,1.0,1.43,-0.83,1.17,-0.41,0.0,-36.77,1.26,0.98,-3.33,0.5,0
1.0,0.0,2.96,0.0,1.0,20.81,194.23,1.0,0.98,2.94,7.87,-1.38,44.15,3.0,-1.96,73.64,0.02,5.17,2.96,3.96,3.86,0.0,94.64,0.63,1.2,4.0,8.92,1
1.69,-0.84,1.84,1.69,12.66,-3.38,-97.99,1.0,-0.84,-0.84,4.4,-0.41,64.98,0.0,2.0,6.0,-0.84,14.01,1.84,0.0,1.08,0.0,-2.97,0.8,0.86,0.0,0.84,0
0.0,0.75,1.0,3.0,0.0,11.0,235.01,1.0,0.0,2.25,17.74,6.17,109.01,0.75,3.0,0.25,-0.75,8.27,0.75,0.0,0.46,0.0,21.75,0.98,1.75,0.0,1.0,0
-2.02,1.0,0.33,0.0,-1.35,8.96,-22.35,1.0,0.0,-0.37,-1.72,3.57,-31.17,1.33,4.04,-8.15,-0.35,4.33,2.02,0.33,0.18,0.0,173.35,0.95,0.16,0.0,-1.02,0
0.0,5.0,1.0,2.0,-0.7,-1.1,20.5,1.0,0.0,1.4,-0.7,0.01,112.0,-0.8,0.0,2.8,1.0,3.64,1.4,1.0,1.78,0.0,0.0,0.97,0.0,0.0,1.0,0
-0.73,-5.87,0.27,0.73,1.0,1.8,-20.35,1.0,0.0,-3.67,7.47,1.85,-18.36,6.73,0.0,-0.47,1.0,0.02,0.0,1.0,-0.04,0.0,-265.82,0.89,0.0,0.0,1.47,0
1.57,-0.79,1.79,2.36,1.57,5.07,119.85,1.0,0.0,0.79,3.0,4.41,45.61,4.21,0.0,2.57,1.0,3.62,1.79,1.79,2.04,0.0,171.44,1.02,1.39,0.0,0.0,0
-0.68,16.15,1.0,1.0,0.0,-18.15,91.58,5.0,2.0,9.37,18.26,0.34,103.41,2.0,1.0,27.37,2.89,-2.26,-3.58,-1.79,0.65,0.0,-851.26,1.07,0.89,0.0,3.79,0
-13.56,0.0,-0.08,-23.32,5.97,3.92,-26.85,1.0,0.0,-6.51,4.8,7.29,-2.17,4.0,5.0,3.17,1.0,-1.43,-0.08,0.0,-0.58,0.0,-707.13,0.75,-0.41,0.0,0.0,0
1.26,-5.19,2.0,0.78,1.26,1.74,21.59,1.0,0.0,2.48,3.96,0.54,47.63,2.0,-0.74,2.52,1.74,2.73,-0.48,1.26,2.14,0.0,13.0,0.88,0.26,0.0,0.26,0
0.0,1.35,0.35,0.0,0.0,2.69,79.24,1.0,0.0,-0.65,11.04,5.35,-16.33,0.0,2.31,3.08,0.65,5.14,-0.31,-1.31,-0.65,-0.65,-1.31,0.9,-0.65,0.0,0.35,0
-2.29,0.0,1.0,-3.05,-3.05,20.81,124.81,0.24,0.0,0.0,5.24,7.39,-51.82,-0.76,5.57,1.0,-1.52,3.73,2.29,-0.76,-0.41,0.0,2.29,0.98,0.38,0.0,0.24,0
0.0,0.0,1.0,3.0,2.0,1.0,27.57,1.0,0.0,0.0,4.57,0.47,16.0,1.0,0.0,1.0,1.0,6.44,3.0,4.0,1.62,1.0,0.0,0.93,0.86,0.0,-0.86,0
-0.93,1.0,0.03,0.0,-3.86,0.24,27.67,1.0,0.0,5.9,3.03,0.91,37.45,3.97,0.0,-3.69,1.0,6.48,4.9,2.97,0.4,0.0,164.0,0.96,1.0,0.0,-1.93,0
-2.45,0.0,4.36,0.0,0.0,30.57,-111.98,1.0,2.0,-1.64,-4.09,2.35,-61.32,2.18,2.64,-3.62,1.82,12.05,-1.27,-0.64,4.02,0.0,-794.37,0.96,-0.04,0.0,1.36,0
8.83,0.0,2.0,4.0,8.0,2.17,94.3,1.0,1.65,1.0,6.35,0.37,72.35,-0.65,0.83,7.74,2.0,6.49,0.83,1.0,1.86,0.0,4.0,0.42,0.17,0.0,3.83,0
-22.91,0.0,-0.7,-39.04,0.0,6.55,56.41,1.85,4.39,-3.34,13.24,1.75,19.93,5.55,0.0,13.7,1.85,-1.25,-1.7,1.0,-1.1,0.0,-822.79,0.96,0.93,0.0,2.15,0
0.0,0.0,1.0,0.0,0.0,0.0,23.0,1.0,0.0,0.0,8.0,0.32,0.0,2.0,0.0,0.0,1.0,4.25,0.0,1.0,0.7,0.0,0.0,0.94,1.0,0.0,0.0,0
-1.47,13.0,1.0,16.8,0.0,20.8,832.41,-0.47,0.0,-4.4,11.19,7.23,79.45,0.0,1.0,6.27,-0.73,19.74,2.47,0.0,0.37,0.0,27.0,0.87,0.5,0.0,2.0,1
1.63,0.0,1.0,0.0,1.63,6.63,137.51,1.0,1.63,4.81,24.53,0.37,73.02,5.25,-1.63,2.19,1.81,4.71,-0.81,2.81,0.93,0.0,2.44,1.07,1.81,0.0,1.81,0
0.0,0.0,1.0,10.63,-0.77,23.71,244.66,1.0,2.66,-0.89,6.77,0.51,-0.89,2.23,0.0,26.14,1.0,4.91,0.0,3.77,2.13,0.0,7.08,0.57,0.44,0.0,0.89,1
-1.41,-2.12,0.29,1.0,1.71,-2.53,-2.3,1.0,0.0,-3.95,14.29,-0.07,-2.76,2.29,-2.83,-3.24,1.0,-1.09,1.41,8.07,0.41,0.71,-144.17,0.91,-0.47,0.0,2.0,0
0.0,-1.7,0.0,-0.57,5.67,-3.97,-0.96,1.0,0.0,0.0,4.53,2.0,-10.76,1.87,2.57,-2.27,2.0,-1.19,0.0,0.57,-0.24,0.0,-3.4,0.89,-0.57,0.0,-1.13,0
4.84,3.42,1.0,0.0,0.81,7.65,292.84,1.0,3.23,3.42,5.42,0.03,74.19,1.39,0.0,26.97,1.81,5.82,1.19,1.19,1.36,1.0,30.23,0.77,1.16,0.0,6.65,1
0.0,0.0,1.0,10.99,0.0,12.45,141.66,1.0,3.66,-2.93,5.07,0.2,29.3,2.0,0.0,10.25,1.0,7.1,1.46,2.46,0.97,0.0,4.39,0.97,0.63,0.0,-0.73,0
0.77,0.0,0.0,0.0,1.55,-3.87,13.17,1.0,0.0,-0.77,-1.55,6.29,-58.04,-1.55,2.55,-8.51,0.0,-0.64,-0.77,-0.77,0.0,0.0,0.0,0.88,-0.77,0.0,0.0,0
1.94,0.0,1.0,0.65,1.29,11.58,71.61,1.0,0.65,-0.65,-3.17,2.68,3.23,3.35,0.0,0.42,0.35,3.24,2.29,2.0,0.46,0.0,5.81,0.9,-0.32,0.0,0.0,0
2.06,0.94,1.0,2.0,0.0,2.19,88.64,1.0,-1.87,7.0,12.74,0.73,108.36,1.06,-0.94,0.06,1.94,3.14,-0.94,-0.94,-0.58,0.0,0.0,0.95,0.0,0.0,-0.94,0
0.0,1.04,1.0,-0.96,-3.84,5.0,315.39,0.04,0.0,-2.88,-3.72,29.13,-59.54,0.96,1.0,2.0,-1.92,-0.89,2.92,10.6,0.48,0.96,-176.65,0.98,0.52,0.0,0.08,0
2.5,0.0,1.0,1.66,1.0,8.16,126.75,1.0,0.0,7.83,17.66,-0.94,144.26,1.0,0.0,0.83,2.0,3.36,-1.66,0.17,1.3,0.0,0.0,1.1,0.0,0.0,1.0,0
-2.84,11.36,1.0,25.99,0.0,18.47,765.54,1.0,0.0,-2.84,17.09,6.7,52.45,1.05,0.95,-12.2,-0.89,31.7,18.95,2.05,-1.42,1.0,22.77,0.57,0.84,0.0,0.05,0
21.0,0.0,1.0,0.0,22.0,6.86,62.75,1.0,0.0,0.0,-2.92,3.51,0.0,-0.96,5.88,5.96,0.02,7.14,4.92,0.02,-0.13,0.0,2.94,0.9,1.49,0.0,0.02,0
1.0,8.86,1.0,-1.3,1.0,0.14,266.73,1.0,2.58,1.72,38.82,-3.25,63.67,2.72,0.14,12.31,1.0,-6.4,0.28,1.0,1.45,0.0,0.0,1.01,1.86,0.0,1.86,0
0.0,-0.66,0.0,0.0,0.0,-0.66,2.28,1.0,0.0,3.95,0.0,5.82,0.66,-0.66,1.0,-7.24,-0.66,-5.23,0.0,0.0,0.02,0.0,-36.19,0.84,0.22,0.0,0.0,0
0.0,1.67,1.0,0.0,0.0,13.38,259.84,1.0,1.0,3.02,22.33,2.33,14.76,-0.34,0.0,2.0,2.0,4.51,0.0,1.0,0.45,0.0,130.66,1.15,0.33,0.0,2.67,0
3.03,0.0,1.03,3.0,7.0,1.31,42.68,1.0,0.0,-3.89,4.0,0.59,59.69,-0.94,0.0,-17.34,1.0,1.63,0.0,1.0,0.42,0.0,-74.8,1.12,0.43,0.0,2.0,0
6.0,0.0,1.0,5.0,0.0,12.89,317.82,1.0,2.0,7.0,19.02,5.67,79.0,3.96,0.0,2.05,1.0,7.13,2.99,1.0,-0.03,0.0,160.11,1.07,0.99,0.0,2.0,0
-34.15,-33.3,1.0,0.05,0.0,1.95,-949.69,1.0,-49.38,4.81,1.0,0.05,34.8,1.05,-0.95,-13.98,0.05,3.19,4.81,1.95,1.11,0.0,0.0,0.91,1.0,0.0,-3.81,0
28.0,0.77,3.0,46.0,0.23,2.0,110.57,1.0,0.0,12.0,-1.09,0.8,92.0,0.23,0.0,0.0,1.0,7.38,2.0,0.23,1.78,0.0,1304.77,0.97,1.14,0.0,1.0,0
0.0,0.0,1.0,-0.73,0.27,6.73,51.6,1.0,0.0,2.19,-1.56,0.91,8.75,2.54,0.0,3.27,1.0,3.09,2.92,2.0,1.61,0.0,0.0,0.49,0.0,0.0,-0.73,0
4.75,4.0,1.59,1.78,4.75,4.81,18.45,1.0,-0.59,0.0,-6.54,0.7,7.73,1.41,0.0,6.16,1.59,4.0,1.0,2.0,1.49,0.0,0.59,0.59,0.0,0.0,0.59,0
1.46,6.83,1.0,0.0,-3.64,1.46,118.94,3.18,1.46,3.73,3.91,0.81,20.39,1.73,0.73,14.56,0.27,1.54,2.27,0.27,-0.01,0.0,-133.98,0.9,0.36,0.0,0.0,0
37.03,35.0,1.0,1.0,-0.97,-8.69,1047.65,1.0,54.0,1.94,9.88,0.59,153.13,1.03,1.0,-27.44,2.0,9.08,0.97,-0.97,0.33,0.0,-73.64,1.29,-0.41,-3.88,0.16,0
20.53,1.0,2.47,33.72,0.73,9.47,144.7,1.0,0.0,9.8,1.8,1.33,86.44,1.27,0.0,1.0,1.0,7.15,3.47,1.0,2.11,0.0,955.88,0.98,0.55,0.0,1.0,0
2.0,0.0,2.0,2.99,13.94,-1.97,134.8,1.0,2.0,12.0,20.95,0.61,166.66,-0.99,1.0,-49.78,2.0,21.96,0.0,0.0,-0.21,0.0,-73.69,1.31,1.08,-3.98,-0.99,0
2.86,-1.91,1.0,3.0,2.0,1.91,32.28,1.0,0.09,0.05,1.05,0.59,49.22,1.14,0.95,3.82,0.05,4.62,1.05,1.0,0.35,0.0,-193.82,1.04,0.41,0.0,1.91,0
0.55,13.0,1.0,19.0,1.65,30.7,1012.44,1.55,0.55,-2.2,21.65,6.96,67.02,1.1,1.0,7.55,0.55,20.16,1.0,-0.55,0.4,0.0,493.16,0.8,0.13,0.0,2.0,1
-0.54,0.77,1.0,0.0,-2.31,8.08,65.01,1.0,2.0,2.77,2.54,0.96,39.62,2.77,1.0,-2.08,1.0,4.96,2.54,1.0,2.49,0.0,0.0,0.96,0.0,0.0,1.77,0
1.82,8.18,1.0,0.91,-0.91,1.82,180.05,4.64,1.82,3.64,22.0,0.63,81.8,0.0,2.91,24.18,0.91,1.69,-1.73,-10.0,-0.47,-0.91,8.91,0.85,1.91,0.0,1.82,0
2.88,0.0,1.0,1.92,0.0,4.81,95.18,1.0,0.0,6.88,9.0,0.74,68.99,2.0,0.0,0.96,1.04,5.21,0.08,0.04,0.78,0.0,0.0,1.0,0.0,0.0,0.0,0
1.0,1.97,-3.91,0.0,1.0,-37.32,-54.66,1.0,-1.97,0.0,1.0,4.21,0.0,1.03,-0.98,-11.72,1.0,-17.19,-1.97,2.0,-5.16,0.0,46.1,0.96,0.67,0.0,-2.95,0
0.0,5.22,2.87,0.0,0.0,13.48,278.3,1.0,-0.74,9.09,11.35,0.39,99.85,2.13,0.0,40.76,1.0,4.55,1.13,0.26,3.1,0.0,-137.7,0.87,0.59,0.0,6.61,0
2.0,1.7,1.0,0.0,0.0,42.86,482.52,3.0,3.0,7.0,-1.2,4.0,68.0,1.85,-1.7,4.9,2.85,3.29,0.15,0.85,1.0,0.0,-6.8,0.98,-0.85,0.0,3.0,0
3.0,0.0,1.0,6.99,5.99,2.0,20.0,2.0,2.0,-2.99,-4.99,0.74,98.96,3.0,0.0,2.0,1.0,-0.48,1.0,1.0,0.49,0.0,0.0,0.92,0.0,0.0,1.0,0
-2.65,0.0,5.12,-1.77,0.0,55.58,82.57,1.0,2.0,-6.19,-7.96,5.22,-61.89,1.23,1.88,15.12,0.12,14.43,2.0,1.0,4.56,0.0,6.0,0.84,0.33,0.0,3.0,0
0.0,0.79,1.0,0.0,0.0,8.17,101.58,1.0,0.0,-2.37,13.5,3.39,0.0,3.21,0.79,11.54,0.21,2.84,-1.58,0.21,0.5,0.0,0.0,0.74,1.0,0.0,0.79,0
0.0,1.0,0.08,0.0,0.0,2.0,18.48,1.0,0.0,2.0,4.08,-0.19,-25.79,3.75,-1.84,-0.92,3.84,-1.84,-3.67,0.0,0.38,0.0,0.0,0.88,-0.92,0.0,0.0,0
0.0,0.0,1.0,-0.19,0.0,-4.15,34.81,1.0,0.0,0.59,1.59,4.33,135.6,-0.59,3.0,-0.19,0.0,-5.2,-5.49,-1.19,-0.59,-0.59,-0.59,0.8,0.41,0.0,0.0,0
-1.79,0.0,1.0,0.0,-2.39,11.76,137.98,1.0,1.0,6.0,11.98,3.61,70.0,2.4,0.6,10.81,0.4,2.96,-1.19,-0.19,-0.61,-0.6,3.0,0.96,0.7,0.0,3.6,0
-4.69,1.0,1.0,-12.13,3.12,4.94,-17.06,2.0,3.75,6.75,-2.32,0.26,45.11,1.0,0.94,2.94,2.06,7.55,1.0,1.0,2.05,0.0,254.43,0.54,0.97,0.0,0.12,0
0.0,0.73,1.0,0.0,-0.73,11.91,184.99,1.0,1.73,0.73,14.35,2.69,2.91,-0.63,0.0,5.73,1.73,1.96,1.0,2.0,0.23,0.0,10.9,0.97,0.48,0.0,1.45,0
0.53,4.22,0.0,0.0,0.53,-3.69,-78.79,1.0,0.0,2.0,-11.59,-0.09,-10.54,0.53,-1.05,0.53,0.53,-1.03,1.05,0.53,0.53,0.0,-9.48,0.8,0.0,0.0,0.0,0
37.31,35.0,1.0,2.37,0.0,2.37,1118.78,1.0,51.26,-4.8,13.55,0.91,102.55,2.0,0.31,34.72,3.37,4.13,-0.69,-0.69,-0.32,0.0,-33.62,1.17,-0.23,0.0,5.69,0
1.0,-2.67,1.0,9.0,0.92,5.92,123.35,1.0,12.92,15.92,2.76,0.6,133.93,3.76,3.67,5.0,1.0,5.79,1.92,1.0,0.91,0.0,0.0,0.82,0.92,0.0,1.92,1
0.92,-7.26,1.0,0.0,1.83,7.83,-33.04,-2.67,0.0,-2.75,-6.34,3.02,-22.01,2.08,-0.92,-9.92,0.08,2.78,1.83,1.92,-0.03,0.0,9.26,0.84,0.04,0.0,1.0,0
-0.63,0.0,0.37,8.0,-3.15,2.71,-54.32,1.0,0.0,-0.63,-5.92,1.48,-29.75,3.26,0.63,1.37,1.63,14.12,16.74,1.74,0.12,1.0,1.0,0.57,1.0,0.0,-0.26,0
-0.54,-1.61,5.46,0.0,0.54,57.85,137.25,1.54,4.15,-3.22,2.69,0.55,-19.35,3.54,-1.15,12.78,1.54,15.93,1.46,1.0,4.71,0.0,74.26,0.98,0.33,0.0,3.0,0
13.36,3.0,2.54,24.18,0.0,19.31,167.54,1.0,0.0,12.45,-1.76,0.43,52.0,1.85,0.0,30.31,1.0,10.98,2.54,1.0,2.01,0.0,509.27,1.31,0.8,0.0,0.46,0
-1.8,8.93,1.0,11.4,-15.8,46.74,321.32,1.0,0.0,0.0,-10.2,7.0,173.35,1.0,3.8,4.8,1.0,4.76,2.93,1.0,0.47,0.0,0.0,0.98,1.0,0.0,1.93,0
0.0,-9.69,1.0,-21.31,-10.66,7.78,102.6,1.0,0.0,0.0,3.94,6.44,-80.41,7.88,0.0,-1.94,1.0,-4.78,0.0,1.03,-1.71,0.0,156.95,1.01,0.0,0.0,0.03,0
0.0,5.16,1.64,2.0,0.0,9.58,211.0,1.0,0.0,3.58,12.93,0.55,98.4,1.64,0.0,40.4,3.64,2.25,0.0,-0.64,1.52,0.0,42.76,0.89,0.24,0.0,4.58,1
0.0,0.0,1.0,0.0,1.0,4.82,-6.06,1.0,-0.82,-1.65,-3.06,6.28,-50.24,7.65,4.12,-8.88,0.18,0.95,0.82,0.18,-0.17,0.0,-0.82,0.91,-0.82,0.0,-1.65,0
0.0,1.09,1.91,9.0,0.0,6.81,57.85,1.0,11.0,1.81,-10.5,-0.75,129.15,2.81,4.0,19.4,0.09,10.07,1.81,0.91,2.74,0.0,3.62,0.5,1.12,0.0,3.81,0
-1.2,0.0,0.4,-1.79,-1.2,2.39,87.14,1.0,0.0,12.37,20.35,0.66,59.54,1.4,0.0,0.0,2.6,5.69,2.0,0.4,-0.54,0.0,-7.77,0.99,0.0,0.0,0.0,0
-0.75,8.88,1.0,3.88,2.75,1.0,59.89,1.88,0.0,2.63,6.26,-0.18,134.31,1.0,1.0,-0.63,2.75,7.92,2.88,1.0,0.94,0.0,162.06,0.91,1.44,0.0,2.75,0
6.0,-0.27,1.0,4.0,3.0,15.63,476.74,1.0,10.0,2.0,4.4,2.71,92.0,4.53,2.53,17.2,1.63,1.72,0.0,1.0,1.91,0.0,25.0,0.92,0.67,0.0,2.37,1
41.55,35.0,1.51,3.03,3.55,-3.05,1088.26,1.0,54.0,0.51,9.55,0.41,142.1,0.99,1.0,1.25,2.51,8.37,-0.51,-0.51,0.59,0.0,-36.46,0.81,0.29,-2.03,3.99,0
2.0,-1.89,2.0,2.0,15.0,-0.72,34.81,1.0,-1.89,-0.94,14.94,-0.29,55.54,-1.83,0.0,-2.72,0.06,17.44,0.06,0.06,1.43,0.0,-192.28,1.01,0.9,0.0,2.06,0
-0.57,2.0,1.0,8.43,0.0,49.0,298.19,1.0,-1.14,-4.56,1.29,7.28,85.17,1.57,2.43,5.0,0.43,0.3,1.0,0.57,0.07,0.0,0.0,0.97,0.0,0.0,2.0,0
0.0,0.0,1.0,-0.56,0.0,6.56,37.64,1.0,0.0,3.12,5.24,-0.91,27.6,5.12,-1.68,13.24,1.56,1.44,-1.12,1.56,1.92,0.0,0.0,1.01,0.44,0.0,0.0,0
0.0,0.0,1.0,0.0,0.0,6.67,126.1,1.0,0.0,3.1,6.88,0.52,45.02,2.67,-3.88,0.22,1.0,3.85,3.33,1.78,0.97,0.0,162.0,0.98,1.0,0.0,0.78,1
1.44,6.49,1.0,3.0,2.0,1.72,71.15,3.88,0.72,2.16,-3.05,-0.21,23.21,1.0,0.72,10.37,1.72,5.18,3.0,3.28,1.94,1.0,-1.44,0.96,0.0,0.0,0.0,0
0.0,0.0,1.86,6.05,0.0,4.32,67.52,1.0,0.0,0.0,19.32,-0.18,86.4,0.86,2.0,3.86,0.86,14.07,2.73,0.86,0.0,0.0,0.0,0.73,0.0,0.0,0.0,0
5.0,-1.51,1.0,7.0,2.0,2.22,382.31,1.0,12.49,7.24,15.76,0.21,66.57,1.73,0.0,15.22,0.24,7.21,-0.76,0.24,1.18,0.0,-153.86,0.91,1.32,0.0,2.24,0
-1.64,2.53,0.18,3.64,0.0,-0.64,53.19,1.0,0.0,-4.93,7.4,0.08,79.86,0.36,-3.29,12.33,2.64,-1.1,-0.82,0.18,0.83,0.0,-146.27,0.88,0.0,0.0,2.64,0
1.09,0.0,1.0,0.45,1.55,1.55,93.64,1.0,1.09,1.0,28.09,0.31,29.63,3.55,0.0,1.55,1.0,1.48,0.0,1.0,0.53,0.0,1.64,0.86,0.55,0.0,1.45,1
1.0,0.0,1.0,0.5,-0.5,2.49,89.96,1.0,6.0,3.5,3.99,1.01,113.16,-0.0,13.0,5.01,3.0,34.85,0.5,-0.5,0.59,0.0,3.0,1.04,1.0,0.0,0.5,0
1.0,-1.52,1.0,0.76,1.76,1.2,37.47,2.0,4.0,-2.04,6.24,1.21,48.96,5.52,-0.76,-5.6,2.0,-1.66,-0.76,1.0,-0.87,0.0,327.2,1.03,-0.09,0.0,-1.52,0
5.41,2.0,1.71,0.0,2.82,13.53,221.19,1.0,0.29,-2.23,6.77,1.16,5.64,1.59,0.0,21.41,1.0,2.84,0.0,1.0,1.51,0.0,0.88,0.97,0.33,0.0,2.29,0
0.0,0.0,1.87,0.87,1.0,9.24,192.53,1.0,0.0,0.0,26.95,0.9,87.3,4.25,-0.87,10.6,0.13,2.92,0.0,1.0,0.38,0.0,13.97,0.99,0.58,0.0,3.49,1
6.0,-0.64,1.0,5.0,0.0,-3.63,193.2,1.0,2.0,6.36,21.64,0.57,96.81,1.0,0.0,2.18,1.0,2.64,0.09,1.0,0.55,0.0,-1.27,0.97,0.32,0.0,1.36,0
0.0,1.0,1.0,-2.85,0.95,-2.85,-135.03,1.0,1.9,3.0,-15.15,-4.47,-95.02,4.8,-2.85,0.0,1.95,-1.18,3.0,2.9,0.48,0.0,330.66,0.68,-0.32,0.0,-0.95,0
0.0,-0.64,1.0,0.0,0.0,9.45,123.0,1.0,0.0,2.55,9.18,11.22,36.93,-1.27,10.0,-0.27,0.0,6.0,3.55,0.0,1.46,0.0,1.36,0.9,0.68,0.0,3.0,0
0.0,0.0,1.0,4.71,0.71,1.31,382.27,1.0,0.29,21.71,49.25,-0.23,123.74,2.0,0.0,15.15,5.0,3.33,-0.71,0.29,0.38,0.0,36.0,0.95,0.75,0.0,4.42,1
6.0,1.0,1.0,4.0,3.0,15.0,517.27,1.0,10.0,2.0,12.0,0.81,92.0,0.73,5.7,21.0,0.37,5.69,0.0,1.0,1.91,0.0,25.0,0.99,0.67,0.0,3.0,0
1.0,0.0,2.0,-3.7,-0.62,14.62,148.06,1.0,0.62,2.44,4.91,0.68,44.42,4.0,0.0,37.7,1.62,5.36,0.0,1.0,1.87,0.0,70.36,0.75,0.56,0.0,2.0,1
0.0,0.05,1.0,3.79,0.0,-0.95,311.69,1.0,0.95,21.95,35.11,0.55,68.23,1.0,0.0,16.11,4.79,4.86,1.1,1.0,-0.93,0.0,34.11,0.88,0.71,0.0,1.9,1
1.0,1.0,0.47,0.0,-0.53,4.9,70.79,1.0,0.0,4.05,3.47,2.27,22.0,1.95,0.0,3.95,0.47,2.59,0.42,-3.79,1.25,-0.53,164.0,0.94,1.0,0.0,0.0,0
3.0,0.0,2.0,0.0,0.0,40.96,415.39,1.0,4.96,4.98,-0.95,1.27,152.39,4.99,10.91,21.02,3.98,39.06,3.01,2.0,1.73,0.0,974.04,1.06,-0.04,0.0,2.99,0
-19.02,-17.99,1.0,8.49,23.51,6.0,-309.14,1.0,-27.75,0.0,20.43,0.93,40.17,1.51,-0.51,-4.74,0.49,4.27,2.0,2.03,0.81,0.0,26.73,1.02,0.51,0.0,-0.57,0
2.68,3.0,2.0,0.0,0.0,22.56,203.46,1.0,0.0,4.88,3.68,0.67,23.96,2.88,0.56,31.88,1.0,10.08,2.0,1.56,1.46,0.0,25.68,0.99,0.5,0.0,2.68,1
0.51,0.0,1.0,1.51,0.0,2.97,218.32,1.0,1.01,6.07,27.54,1.6,143.48,1.51,1.0,11.51,2.01,3.92,-1.01,0.0,0.16,0.0,16.0,0.88,1.17,0.0,4.51,0
3.0,0.0,1.0,4.92,4.0,7.54,183.98,2.0,0.0,0.0,10.31,2.18,160.3,1.92,-0.92,9.38,2.92,2.09,0.08,1.0,1.12,0.0,14.77,1.05,0.62,0.0,4.69,0
0.0,0.0,1.0,2.0,0.0,6.06,114.58,1.0,0.0,-0.88,20.42,1.02,24.5,-0.88,1.88,21.12,2.06,0.76,-0.94,-0.94,-0.6,0.0,26.0,0.55,0.67,0.0,2.0,0
0.0,-7.02,0.0,-12.63,0.0,-11.23,-573.84,1.0,0.0,2.0,-12.63,-0.64,-56.85,2.11,-0.7,-2.11,0.7,-12.02,-0.7,0.7,0.3,0.0,-14.74,0.78,0.35,0.0,0.0,0
-18.72,2.41,0.2,-33.0,3.2,18.09,60.98,2.0,0.0,-4.83,2.0,0.68,35.82,3.41,0.0,28.54,2.0,4.02,1.0,1.0,1.0,0.0,-1029.61,0.87,-0.2,0.0,1.0,0
-5.1,1.0,0.24,-0.76,-6.1,10.81,175.58,1.0,0.0,2.24,15.43,5.49,27.33,2.24,2.29,-6.43,-0.52,5.23,2.0,1.24,0.76,0.0,174.67,1.46,1.0,0.0,-1.52,0
2.11,0.0,1.0,16.41,0.0,21.41,259.03,1.0,3.59,4.23,8.23,0.28,109.92,2.0,0.0,21.48,1.0,9.41,2.0,2.3,1.52,0.0,7.3,1.04,-0.2,0.0,0.3,0
0.35,0.0,1.0,0.0,-0.65,3.05,16.45,0.35,-0.6,3.95,0.35,0.31,41.22,0.05,1.0,-0.3,0.35,6.38,3.6,1.0,2.64,0.0,-214.79,0.89,-0.43,0.0,1.65,0
1.7,0.3,1.0,0.0,2.09,11.19,203.49,1.7,0.7,0.91,7.49,0.33,10.83,4.4,0.0,3.6,1.7,5.21,2.0,2.0,1.77,0.0,636.07,0.91,0.88,0.0,0.0,1
-2.58,0.0,1.0,-3.44,-3.44,13.72,139.35,0.14,0.0,2.58,9.44,12.49,-11.19,1.72,10.86,1.86,-0.86,6.31,0.14,0.86,-0.3,0.0,2.0,1.01,1.86,0.0,3.0,0
-0.57,1.0,1.0,2.0,-0.57,4.0,353.09,1.0,3.0,2.0,51.3,1.06,81.0,4.72,0.0,14.72,1.0,1.12,-1.15,0.43,-0.33,-0.57,0.0,0.77,1.0,0.0,0.43,0
0.0,9.75,1.0,19.25,9.62,-2.75,-34.36,1.0,0.0,0.0,-3.37,-8.55,72.61,3.87,-8.75,3.75,1.87,3.44,0.0,2.75,0.96,0.0,-0.75,0.93,0.5,0.0,-0.75,0
-7.21,10.94,1.0,15.91,0.0,24.54,422.83,1.0,-6.69,-7.72,-7.8,12.95,51.09,-0.51,5.63,-10.5,-1.03,18.02,1.51,-0.51,-0.08,0.0,-227.85,0.96,0.84,-1.03,-1.6,0
-1.68,-6.54,0.16,-0.84,0.0,2.97,-78.74,-2.35,-1.68,-2.35,-6.05,6.15,-56.38,0.32,0.0,-17.43,-0.68,0.62,2.0,1.0,1.02,0.0,-0.84,0.83,-0.84,0.0,-0.68,0
2.29,-2.13,-0.42,0.0,4.0,-11.64,-47.66,1.0,0.0,-4.27,-0.42,4.2,-36.97,-1.84,0.71,-20.46,0.29,-2.03,0.58,1.29,1.01,1.0,-17.06,0.83,0.14,0.0,-0.71,0
4.96,-1.98,1.99,0.99,0.99,1.98,59.73,1.0,-1.98,3.01,10.98,-0.41,108.49,2.0,0.0,0.0,1.01,6.95,2.0,0.01,1.16,0.0,193.47,0.44,-0.37,0.0,0.99,0
-0.12,-0.12,1.0,9.0,1.69,1.63,6.34,1.0,11.44,13.88,-5.06,0.81,57.07,-0.12,0.0,-3.44,1.0,3.91,1.0,1.0,0.93,0.0,-1.69,0.82,-0.19,0.0,-0.69,0
0.69,0.0,1.0,0.0,0.0,12.45,57.98,1.0,0.0,0.0,1.31,2.07,0.0,4.0,0.0,3.69,1.0,1.85,1.69,2.69,1.81,0.69,0.0,1.0,0.0,0.0,0.69,0
12.14,4.0,1.0,6.0,0.0,5.9,1117.89,1.0,13.62,13.76,72.42,1.9,53.4,1.0,1.0,22.58,2.0,4.01,0.0,1.0,-0.76,0.0,503.83,0.76,0.33,2.0,9.38,1
0.0,0.82,1.0,1.64,0.0,0.0,224.17,1.0,1.64,0.0,35.41,0.58,16.44,2.82,0.0,5.0,0.18,1.61,0.0,1.0,0.6,0.0,-0.82,0.94,0.0,0.0,-0.82,0
1.05,-1.95,1.02,-2.93,0.0,36.98,290.16,1.0,0.0,-34.12,-3.79,6.09,-9.94,4.98,-0.98,0.57,0.02,1.12,4.98,2.0,-0.45,0.0,1097.14,0.9,1.06,0.0,-2.88,0
10.91,20.36,1.7,14.7,2.0,11.72,429.04,1.0,0.0,7.51,11.7,-0.88,149.07,1.7,0.0,20.25,2.7,11.48,3.11,1.7,1.48,0.0,1.0,1.09,1.2,0.0,5.11,0
0.0,4.0,1.0,4.8,-0.8,2.8,23.98,1.0,0.0,0.8,-2.4,1.65,68.06,-0.4,0.0,0.4,1.0,3.52,2.6,1.2,0.83,0.0,0.0,0.62,0.0,0.0,0.0,0
18.0,2.75,1.0,6.0,1.0,-2.73,102.49,3.0,2.0,6.49,19.98,-2.01,139.17,4.75,-4.47,1.51,2.49,1.21,-2.98,0.0,0.93,0.0,-2.24,1.04,-0.37,0.0,0.0,0
-10.78,-0.92,1.0,-5.51,3.08,15.02,71.45,-0.84,-1.84,-1.84,-11.86,0.72,-17.45,-1.76,0.0,20.45,1.92,6.12,2.0,2.92,3.92,1.0,3.67,0.92,1.11,0.0,2.76,0
-5.26,2.0,0.22,-3.13,-4.26,52.68,154.86,1.0,0.0,2.35,-3.92,2.91,-53.25,3.57,3.0,-5.48,1.0,4.88,4.7,1.0,-0.26,0.78,-1.57,1.46,0.0,0.0,0.0,0
3.0,0.88,1.0,1.0,2.0,-10.38,108.49,1.0,2.0,1.0,13.63,3.2,66.0,-2.5,0.88,6.37,-0.75,5.89,1.12,0.12,-0.07,0.0,10.0,0.93,-0.38,0.0,1.12,0
0.0,0.8,-3.02,8.0,0.0,-37.63,-60.85,1.0,-1.61,1.61,5.02,0.66,78.06,0.39,-0.8,-10.86,1.8,4.2,16.39,2.2,-2.92,1.0,-3.82,0.63,0.73,0.0,-1.41,0
0.0,0.0,1.0,1.0,0.0,2.71,53.59,1.0,0.0,2.03,-3.06,3.36,137.21,2.03,2.32,-1.03,0.68,6.59,3.32,1.35,0.0,0.0,-5.41,1.01,1.0,0.0,0.68,0
-0.01,1.0,1.0,9.0,-0.5,6.01,73.24,1.0,10.99,14.5,-16.6,1.11,79.95,2.01,0.0,4.5,1.0,4.84,1.0,1.0,0.94,0.0,-1.51,0.92,-0.5,0.0,0.5,0
-0.54,0.0,1.0,0.0,-1.08,3.92,77.72,1.0,0.54,5.08,10.94,0.96,92.96,2.54,0.0,9.48,1.54,4.77,-1.08,0.92,-0.56,-0.54,0.54,0.96,1.54,0.0,1.54,0
2.55,-0.7,1.0,0.0,0.0,31.74,296.68,1.0,0.0,2.0,7.55,0.56,87.24,3.55,0.0,18.69,2.0,5.66,1.7,0.85,1.08,0.0,830.08,0.9,-0.46,0.0,0.85,1
25.26,23.27,1.0,0.66,0.0,6.66,734.33,1.0,35.9,-0.66,1.01,0.84,83.9,4.0,0.66,24.96,1.0,1.82,-1.33,0.34,1.33,0.0,0.0,0.94,1.0,0.0,3.32,0
-0.52,-5.2,0.48,0.0,0.0,18.56,83.03,1.0,0.0,-1.04,7.56,5.18,-14.56,0.0,1.0,1.0,0.0,2.84,0.0,0.0,0.53,0.0,-101.95,0.94,-0.26,0.0,1.52,0
4.45,0.0,1.0,10.39,1.48,0.26,20.77,1.0,0.0,-8.17,-4.68,1.46,2.97,2.0,0.0,-1.48,1.0,2.49,1.0,1.0,-0.0,0.0,52.74,0.99,0.13,0.0,1.48,0
4.97,0.0,2.98,0.0,4.95,15.95,188.8,1.0,0.0,5.0,6.03,0.63,70.0,-1.95,0.0,32.85,2.0,7.76,1.0,0.02,1.88,0.0,1.0,1.28,1.98,0.0,4.97,0
5.31,0.89,1.0,3.54,2.66,18.85,414.1,1.0,4.43,-0.89,8.31,1.13,12.39,3.89,-11.51,18.93,-0.77,-20.85,1.0,2.89,1.98,0.0,19.47,0.96,0.15,0.0,2.77,0
4.0,2.0,1.0,0.0,0.0,8.18,223.25,1.0,1.0,3.82,9.18,1.8,32.23,3.0,0.0,15.45,1.0,6.02,1.82,1.0,-0.11,-0.91,4.82,1.03,0.33,0.0,2.09,0
0.0,-2.05,1.0,0.0,0.0,9.2,54.6,1.0,0.0,4.05,6.37,0.28,75.03,3.37,0.0,15.25,1.0,8.84,3.37,0.32,1.67,0.0,1.37,1.03,0.34,0.0,0.68,0
2.75,1.38,1.0,0.0,1.0,-35.57,51.31,1.0,2.69,-1.38,11.5,-0.61,20.63,4.0,0.0,8.56,0.31,-3.36,-4.13,2.0,0.36,-0.69,366.69,0.79,0.21,0.0,0.0,0
2.07,-5.69,0.48,3.62,1.03,6.93,191.94,1.0,8.24,1.55,9.76,1.95,22.24,4.03,0.0,11.72,1.0,2.95,1.0,2.0,0.53,0.0,-189.32,0.94,0.0,0.0,1.55,0
0.0,0.0,2.0,-5.39,0.0,9.1,166.0,1.0,1.0,2.1,7.0,0.05,-31.32,5.69,0.0,19.0,1.0,2.45,0.2,2.9,2.1,0.0,19.0,1.25,0.8,0.0,4.0,0
0.0,-3.04,1.0,-1.22,1.61,5.83,79.26,1.0,0.0,3.22,17.7,1.58,95.74,0.39,0.0,0.0,2.61,-0.29,0.0,1.0,0.34,0.0,0.0,0.95,0.0,0.0,1.0,0
1.53,6.88,1.0,0.76,1.0,9.82,181.34,4.06,1.53,1.53,10.35,0.92,22.92,4.0,0.76,14.99,1.76,0.02,-1.53,1.24,-0.61,0.0,0.76,0.9,0.76,0.0,2.53,0
0.0,0.0,1.0,2.61,1.74,-3.82,23.55,1.0,0.87,3.87,6.0,-0.41,120.15,3.87,1.0,-1.34,1.0,6.46,0.87,1.13,-0.43,0.0,0.0,0.96,1.0,0.0,1.0,0
0.0,2.0,1.0,0.0,0.0,0.89,341.6,1.0,0.0,0.0,6.29,23.3,0.0,-1.64,-3.11,1.18,0.0,2.53,0.18,1.82,0.7,0.0,1.0,1.06,1.0,0.0,2.82,0
2.13,8.0,1.0,3.0,2.7,0.43,20.66,1.0,0.0,-2.26,-2.96,0.24,44.33,-0.13,1.0,3.13,1.0,3.23,2.0,1.0,1.17,0.0,0.0,1.0,0.43,0.0,1.0,0
0.64,0.0,1.0,0.64,13.18,3.82,87.77,1.0,0.0,-1.27,13.18,0.73,20.35,-0.27,0.36,-1.27,1.0,0.42,1.27,2.0,0.89,0.0,0.0,0.94,-0.64,0.0,0.64,0
12.7,4.0,0.35,7.94,-0.65,10.3,1089.36,1.0,13.0,21.48,70.37,1.15,111.2,1.0,1.0,36.94,2.0,7.63,-0.65,0.35,-0.38,0.0,498.3,0.73,0.33,2.0,10.65,1
1.57,-0.52,1.0,2.57,6.29,-1.81,107.27,1.0,1.0,-0.57,22.14,0.51,117.73,1.48,0.0,7.95,1.0,-0.07,0.0,1.0,-0.01,0.0,-87.13,0.88,0.74,0.0,2.0,0
0.0,5.84,1.0,12.85,6.43,-34.14,-77.92,1.0,0.0,-2.34,2.83,-0.38,33.88,2.83,0.0,2.49,0.42,-1.04,-2.92,1.58,0.95,-0.58,-1.17,0.67,1.0,0.0,-1.17,0
0.0,0.0,1.0,0.0,1.0,3.52,-61.99,1.0,1.0,-5.09,-10.05,0.85,35.21,4.13,4.0,-11.05,0.13,-4.89,1.13,1.13,0.46,0.0,-47.86,0.91,0.42,0.0,0.13,0
2.8,-0.8,1.0,0.2,-3.18,1.8,50.12,1.0,5.18,-0.59,0.2,0.65,46.93,4.39,0.0,6.0,0.2,0.84,0.2,1.0,0.32,0.0,116.17,1.06,1.13,0.0,-1.59,0
-1.05,-0.53,0.47,-1.58,0.0,8.96,-12.13,1.0,0.0,-19.49,-0.27,1.03,-45.83,2.0,-0.53,-7.9,1.0,0.05,1.05,1.0,0.12,0.0,-21.6,0.96,0.33,0.0,-0.58,0
4.1,2.0,2.0,3.0,0.0,12.9,230.06,1.0,0.0,37.0,10.6,0.77,87.0,4.0,1.7,31.3,2.0,8.31,0.0,1.7,2.15,0.0,43.1,0.96,0.38,0.0,7.1,1
14.08,0.0,2.01,24.13,0.5,3.99,151.6,1.0,0.5,6.03,13.97,0.79,95.59,1.5,0.0,2.46,0.5,3.71,1.01,1.0,0.79,0.0,658.15,0.98,0.87,0.0,1.5,0
1.0,1.74,1.87,0.0,1.0,7.51,-9.17,1.0,-4.36,-0.87,-2.49,0.18,-24.42,3.0,-11.34,54.13,-0.74,-23.97,2.74,2.87,2.18,0.0,75.13,0.56,0.86,4.0,5.0,0
0.0,0.0,1.0,8.57,2.0,-2.09,-47.73,1.0,2.0,1.0,-1.48,-7.39,92.4,5.39,-6.96,0.7,1.7,13.23,13.83,3.09,0.23,0.7,-0.7,0.82,0.0,0.0,-1.39,0
0.0,0.0,0.0,0.0,0.0,-3.52,-31.34,1.0,0.0,0.0,-2.93,2.06,0.0,1.0,11.0,0.59,1.0,-0.39,1.17,0.59,-0.26,0.0,0.0,0.8,0.0,0.0,-0.59,0
3.95,0.0,2.95,-0.95,2.0,20.62,141.71,1.0,0.0,12.62,-7.24,-1.68,29.99,3.86,-0.95,44.91,2.0,11.54,1.0,1.95,3.28,0.0,61.01,0.76,0.89,0.0,1.09,0
2.0,1.02,1.0,3.0,-0.51,4.51,107.32,3.0,-1.02,8.51,14.97,0.68,126.14,2.0,0.51,11.09,2.0,4.07,0.51,1.0,0.53,0.0,-186.14,1.08,0.17,0.0,0.0,0
24.31,17.79,1.0,3.44,2.0,1.93,960.6,1.0,41.45,8.0,17.54,0.88,122.58,4.0,0.51,28.66,1.51,0.04,-9.15,-0.52,0.97,-0.51,1.49,1.01,0.49,0.0,5.03,0
1.69,0.0,1.56,0.0,2.25,7.25,62.11,1.0,0.0,0.0,4.56,-0.37,0.0,2.88,-1.12,7.69,0.44,2.64,1.12,2.12,1.72,0.56,0.0,0.72,1.28,0.0,0.0,0
-0.53,0.0,1.0,-0.84,1.31,1.47,-28.99,1.0,-1.69,-0.84,2.0,0.89,-55.66,3.53,0.0,2.47,1.0,-2.07,-1.69,1.0,0.61,0.0,-8.43,0.77,0.42,0.0,-1.69,1
0.0,0.76,0.0,1.0,0.0,-0.76,2.86,1.0,-0.76,-0.76,-0.76,2.49,-21.2,3.0,1.76,-1.51,2.0,1.01,0.76,0.76,0.36,0.0,-0.76,0.82,-0.76,0.0,0.0,0
6.0,1.0,1.0,6.78,4.86,6.65,486.31,1.0,11.86,2.93,12.0,-0.78,161.58,2.0,0.0,18.22,1.0,7.31,0.93,0.07,1.35,0.0,25.0,1.05,0.67,0.0,3.0,0
1.68,0.56,1.0,0.0,0.0,11.3,145.46,1.0,1.0,3.68,9.19,0.99,100.86,1.44,0.0,25.35,2.56,2.42,0.0,1.0,1.71,0.0,3.25,0.99,0.81,0.0,3.68,0
25.29,0.0,2.81,42.13,1.0,2.1,123.39,1.0,0.0,11.9,3.45,0.16,91.13,1.1,0.0,0.68,1.0,7.01,1.81,1.0,1.68,0.0,1179.25,0.98,0.77,0.0,1.1,0
3.99,0.0,1.6,0.6,1.6,15.19,112.58,1.0,0.0,0.0,3.39,0.48,55.0,4.79,0.0,55.0,1.0,1.88,1.6,2.0,2.01,0.0,315.74,0.32,0.54,4.0,6.2,1
-2.65,-1.59,1.0,1.0,1.06,6.59,80.01,1.53,-1.12,-0.59,20.59,0.82,47.71,3.59,0.0,-5.29,1.0,1.72,0.0,1.0,0.33,0.0,433.31,0.98,1.07,0.0,-1.18,0
-14.88,0.0,0.78,2.35,-15.66,0.78,7.56,1.0,0.0,0.78,0.0,6.07,45.41,0.78,1.0,0.0,0.0,-0.2,0.0,0.78,1.48,0.0,10.18,0.79,0.0,0.0,0.0,0
1.06,0.99,2.0,4.0,5.03,-3.94,-128.95,1.0,0.0,1.99,-0.92,0.69,125.69,-0.98,0.99,24.92,2.99,6.7,0.99,1.0,1.58,0.0,-19.78,0.36,0.5,0.0,2.01,0
0.0,0.0,1.63,0.0,0.0,9.0,122.37,1.0,0.0,0.0,3.63,6.05,0.0,4.37,-1.26,1.0,0.37,2.26,2.26,1.63,0.0,0.0,162.0,0.99,1.0,0.0,0.0,0
-2.9,0.0,2.0,-1.08,2.0,1.82,-80.43,1.0,-1.63,-1.45,-8.8,0.9,44.93,3.63,0.0,1.55,1.0,0.57,-0.63,2.0,2.27,0.0,13.0,0.88,1.82,0.0,-0.63,0
0.0,-1.86,0.07,0.0,1.0,5.07,55.62,1.0,0.0,-1.86,14.31,0.82,-46.57,3.07,1.86,7.73,0.07,-1.22,-0.93,1.07,0.38,0.0,5.59,0.47,0.0,0.0,-0.93,0
0.58,0.58,0.0,0.0,0.0,2.3,31.2,1.0,0.0,-0.58,-2.3,3.39,-6.9,1.58,11.0,-3.45,1.0,0.1,1.15,0.58,0.5,0.0,93.18,0.87,0.0,0.0,-1.15,0
4.92,0.0,1.7,0.0,3.11,14.04,247.57,1.0,1.0,-0.41,17.07,-0.85,50.0,7.81,4.0,3.41,1.7,4.14,2.0,3.41,1.3,0.0,16.88,1.08,1.35,0.0,3.11,0
0.0,1.0,1.0,0.0,0.0,-22.38,-74.17,1.0,6.1,2.0,5.55,-3.05,61.57,1.0,0.55,-0.55,2.0,5.05,-0.55,0.0,0.84,0.0,0.0,0.74,0.55,0.0,0.0,0
0.0,0.0,1.0,5.0,0.0,-1.67,52.97,1.0,-1.67,9.16,17.16,0.38,69.1,0.33,0.0,5.0,1.0,9.27,0.0,0.17,0.9,0.0,-292.22,1.0,1.28,0.0,1.67,0
0.0,0.52,1.52,6.0,0.0,15.08,78.22,1.0,0.0,-0.05,3.05,1.16,85.0,3.09,0.0,5.23,2.05,5.64,3.05,1.52,0.31,0.0,0.0,0.6,0.52,0.0,2.05,0
25.69,17.83,2.0,0.0,0.0,10.57,749.71,-1.74,35.67,5.26,3.88,0.63,61.43,4.0,0.0,33.31,1.0,10.67,0.0,1.0,2.15,0.0,78.31,0.64,-0.13,0.0,4.06,1
2.0,0.0,1.0,5.2,0.0,30.86,444.55,3.0,3.0,7.0,4.45,1.72,84.26,1.0,0.0,11.3,2.0,12.95,12.71,1.3,1.2,0.65,0.65,0.67,0.0,0.0,3.65,0
5.66,5.26,1.0,8.97,2.66,5.34,440.89,1.0,14.0,5.37,11.71,0.82,101.46,4.0,0.66,20.31,1.0,5.41,-1.31,1.0,0.89,0.0,2.0,0.96,1.66,0.0,3.0,1
0.0,1.0,1.0,0.0,0.0,1.87,75.24,1.0,0.0,-3.38,10.1,0.66,13.69,2.83,0.0,11.7,2.17,12.02,0.17,1.0,0.66,0.0,55.0,0.95,0.67,0.0,0.17,0
-2.62,3.0,0.13,-0.74,-6.11,0.89,17.88,1.0,1.74,10.47,5.49,2.18,21.62,3.0,0.87,2.26,1.87,3.64,0.0,1.0,-0.52,0.0,6.0,0.96,1.87,0.0,1.13,0
1.03,0.0,1.0,0.0,1.03,1.51,79.42,1.0,1.03,-0.51,19.48,0.75,-22.62,5.03,0.0,-1.54,1.0,-0.61,-1.03,2.0,-0.34,0.0,1.54,0.87,0.51,0.0,1.51,0
0.0,0.0,1.0,1.65,1.1,15.9,114.94,1.0,1.1,-1.1,6.0,4.8,32.48,1.1,1.0,-1.75,0.0,1.15,-0.55,-0.55,0.44,0.0,0.0,1.01,-0.55,0.0,1.0,0
2.97,3.66,2.0,1.97,0.66,26.59,422.48,1.0,5.24,6.66,7.24,0.06,69.03,4.66,0.0,40.86,1.0,9.43,0.69,1.0,2.58,0.0,33.83,1.01,0.61,0.0,1.66,1
2.13,2.0,1.57,-5.09,-8.75,2.7,-57.99,1.0,0.0,0.0,-11.31,1.32,-50.35,2.0,3.0,5.66,1.0,-0.48,-1.13,1.0,0.11,0.0,0.0,0.98,0.57,0.0,0.0,0
1.0,1.72,1.0,0.0,0.0,5.55,105.42,1.0,0.0,3.72,11.24,-3.69,45.9,1.55,-2.9,12.24,1.72,5.92,2.0,3.45,2.61,0.0,164.0,1.07,1.0,0.0,1.45,0
1.0,0.0,1.3,0.7,0.0,2.12,80.99,1.0,0.0,8.0,3.81,-1.12,58.0,6.1,0.0,33.3,2.4,6.25,0.0,1.0,1.6,0.0,79.0,0.59,0.56,0.0,1.3,1
-1.8,3.59,1.0,-0.9,0.0,8.49,99.08,1.0,-0.8,1.1,11.1,1.69,-1.84,2.0,0.0,9.41,2.0,-0.62,0.0,1.9,0.77,0.0,1.0,0.91,0.1,0.0,2.0,0
1.0,-9.51,1.0,-15.05,0.0,-8.47,-534.17,1.0,2.0,9.13,1.0,-4.12,11.53,3.58,0.21,7.34,3.38,-2.45,1.0,1.79,2.32,0.0,22.18,1.08,0.13,0.0,0.21,0
6.0,4.41,1.0,0.59,0.0,0.47,175.68,1.0,2.0,7.0,16.59,-3.64,52.55,1.88,-0.88,5.12,1.0,-2.68,0.24,1.0,1.69,0.0,0.0,1.0,0.0,0.0,2.88,0
17.41,1.93,6.0,5.8,0.97,56.13,164.44,2.93,3.93,0.97,7.74,-0.55,26.11,3.97,1.0,16.0,1.0,18.72,2.0,0.03,5.62,0.0,6.0,1.03,-0.63,0.0,3.0,0
-0.64,0.0,0.36,0.0,-0.64,7.4,143.78,1.64,0.64,0.0,5.2,0.56,0.0,5.92,0.0,-6.4,1.64,2.36,0.0,2.0,-0.18,0.0,542.44,0.9,-0.43,0.0,0.36,0
0.0,13.0,0.23,19.0,0.0,22.23,886.97,1.0,0.0,1.54,18.46,8.72,100.0,-3.09,1.0,7.0,-0.77,18.95,1.0,-1.54,0.0,0.0,27.0,0.73,0.5,0.0,1.23,1
1.73,16.72,0.42,4.85,-3.04,2.42,276.0,1.0,0.0,15.04,15.27,0.59,85.31,2.0,0.0,19.11,1.0,8.94,1.73,1.0,0.62,0.0,15.0,0.92,1.58,0.0,2.58,1
2.28,0.76,1.0,1.0,1.0,7.33,95.12,1.0,0.0,0.76,3.0,0.74,81.98,2.72,0.0,8.37,1.76,5.43,1.0,2.0,1.63,0.0,3.04,1.02,-0.25,0.0,2.28,0
1.0,4.03,1.0,1.61,0.0,5.81,53.87,1.0,2.0,2.0,-3.03,0.8,81.42,2.0,1.0,1.0,1.0,4.81,1.0,1.0,2.06,0.0,0.0,1.0,0.0,0.0,1.0,0
-1.44,1.0,0.28,-2.16,0.0,10.84,201.61,1.0,0.0,-23.68,-3.49,22.14,-46.73,-0.88,0.0,-10.58,-0.44,0.41,0.72,1.0,-0.28,0.0,143.16,0.98,0.95,0.0,-1.16,0
0.0,0.0,1.0,0.0,0.0,4.56,35.56,1.0,0.85,2.29,5.15,1.38,15.3,0.15,0.0,-5.12,1.0,5.24,4.85,1.85,0.65,0.0,0.0,0.89,-0.85,0.0,1.0,0
-0.6,0.0,1.35,0.05,10.45,-3.79,25.9,1.0,0.0,0.0,16.6,0.42,27.09,1.65,0.0,-1.25,1.0,14.86,1.0,1.0,0.82,0.0,2.0,1.04,1.15,0.0,1.7,0
1.0,1.0,1.0,9.0,0.0,3.45,105.94,1.0,12.0,11.9,6.97,1.06,43.1,0.23,1.55,7.32,0.23,2.42,-1.32,0.23,0.09,0.0,0.0,0.64,0.0,0.0,0.23,0
1.5,0.0,1.0,-7.0,1.0,-1.0,85.48,1.0,-1.5,15.5,20.0,1.13,80.0,0.5,0.0,-4.0,2.0,1.69,1.0,-0.0,0.23,0.0,1.0,0.96,1.0,0.0,1.5,0
1.37,2.05,1.68,1.0,0.32,3.05,80.1,1.0,0.0,5.79,12.95,0.27,93.2,2.32,2.74,5.1,1.0,5.72,0.68,0.32,1.1,0.0,139.56,1.03,0.46,0.0,1.32,0
0.0,1.0,0.13,0.0,0.0,0.18,-22.45,1.0,3.47,1.0,-2.95,1.38,29.42,-0.61,0.87,-25.92,1.0,1.17,2.87,1.0,1.76,0.0,-3.47,0.85,0.39,0.0,0.13,0
3.0,0.0,0.2,0.0,0.0,-6.59,21.27,1.0,0.0,1.6,1.2,-0.53,0.0,2.0,0.2,8.2,1.0,1.76,0.0,2.0,0.55,0.0,3.0,0.82,1.0,0.0,2.2,0
8.0,0.0,2.0,7.32,8.0,8.8,386.21,1.0,0.83,18.41,37.02,0.57,168.46,1.0,0.0,26.78,5.32,6.47,0.0,1.0,1.11,0.0,33.85,0.43,1.62,0.0,5.49,1
2.6,0.0,1.65,1.95,4.55,10.2,52.42,1.0,-0.65,-3.9,-2.25,6.95,8.46,2.7,5.0,-3.55,1.0,2.12,1.0,0.0,0.64,0.0,-1.95,0.8,-0.65,0.0,-0.65,0
0.0,0.36,1.0,0.82,0.82,-10.36,24.82,1.0,0.0,1.82,14.27,-2.08,112.63,5.64,1.0,11.82,1.0,2.94,1.0,2.0,0.34,0.0,0.0,0.96,1.0,0.0,1.64,0
8.59,29.0,1.0,3.39,-0.8,10.2,484.78,2.59,-1.59,13.37,9.76,0.68,157.05,-0.59,0.0,29.98,1.8,11.84,3.0,0.2,1.43,0.0,-291.33,1.12,0.47,0.0,3.0,0
1.55,13.0,2.03,18.48,1.03,29.72,978.71,1.0,0.0,2.59,24.14,6.04,136.2,-1.03,0.48,18.89,0.0,21.92,1.52,0.52,0.76,0.0,27.52,0.91,1.02,0.0,3.55,0
1.0,1.0,1.0,9.0,0.0,9.12,113.53,1.0,12.0,11.7,-1.65,1.73,38.54,1.82,0.0,5.0,1.0,2.99,1.82,1.0,1.12,0.0,0.0,0.82,-0.82,0.0,1.0,0
0.0,0.0,1.0,0.0,0.0,2.0,32.24,1.0,1.7,8.09,1.15,0.6,54.19,1.15,0.0,6.7,1.0,7.7,3.0,2.0,0.38,0.0,63.66,0.56,1.85,0.0,0.0,0
37.24,34.24,1.0,-5.87,0.0,1.0,1080.98,1.0,44.83,0.0,21.28,0.48,91.94,2.0,1.0,20.24,2.76,5.5,0.0,0.0,0.5,0.0,0.0,1.08,0.76,0.0,5.0,1
1.78,8.0,2.0,0.0,2.38,9.0,223.16,1.0,0.0,6.22,9.03,0.58,57.33,2.81,-0.59,30.0,2.0,1.96,1.19,0.0,2.97,0.59,26.0,0.93,0.04,0.0,3.41,0
0.0,2.0,1.0,-7.19,-18.37,54.32,110.17,1.0,0.0,3.2,-2.98,5.53,-51.12,1.6,1.0,10.99,0.8,8.29,4.2,0.0,-0.19,0.8,1.6,0.94,0.8,0.0,1.8,0
-1.01,0.0,1.0,1.52,10.0,-1.01,-36.29,1.0,0.0,0.0,-8.76,0.67,29.91,1.0,1.0,-1.01,1.0,1.02,1.01,2.0,-0.32,0.0,-1.52,1.05,-0.51,0.0,-0.51,0
0.83,2.0,1.0,0.0,0.83,16.17,112.85,1.0,0.0,4.0,-7.67,0.63,45.0,5.5,-0.67,53.35,1.83,5.83,2.0,3.67,3.25,0.0,68.36,0.95,1.35,3.33,6.17,0
14.46,0.0,1.0,5.15,0.69,-1.08,41.92,2.38,3.38,4.46,3.77,-2.39,132.3,4.77,-0.69,3.23,1.69,1.92,0.31,1.0,1.17,0.0,0.0,1.03,1.0,0.0,-0.69,0
5.45,5.91,1.0,5.63,2.72,10.08,409.62,1.0,4.54,-0.91,5.45,-0.53,82.71,2.91,-11.8,16.34,-0.82,-22.07,0.0,1.91,2.66,0.0,19.98,0.95,0.15,0.0,2.82,0
0.0,2.0,1.98,3.91,0.0,10.84,445.94,1.0,0.98,18.58,52.11,1.93,88.98,1.96,1.0,24.6,4.89,11.08,1.0,0.98,0.43,0.0,35.2,1.12,0.73,0.0,3.93,1
-0.53,0.0,0.47,0.0,-0.53,-0.53,19.47,1.0,0.0,0.0,14.47,2.03,0.0,0.0,7.85,2.47,0.0,1.0,1.0,-0.53,-0.8,0.0,0.0,0.61,0.0,0.0,0.0,0
0.63,-4.06,0.37,0.0,0.63,3.27,-68.31,1.0,0.0,-4.06,-3.96,0.69,-31.95,2.37,0.0,21.82,0.37,2.11,2.63,3.27,1.07,1.0,33.64,0.73,1.05,2.53,1.63,0
2.0,-0.67,1.0,0.67,2.67,0.67,116.01,1.0,2.0,1.0,41.66,0.03,24.66,4.67,-0.67,-4.66,0.33,0.19,-0.67,0.33,0.14,0.0,3.0,0.77,1.0,0.0,1.0,1
-4.85,0.0,1.0,-4.05,0.0,4.19,-85.63,1.0,-1.62,-2.43,-6.52,1.13,-36.41,4.81,0.0,10.05,1.0,-2.76,-1.62,1.0,0.68,0.0,1.62,0.64,1.81,0.0,0.0,0
5.36,-0.81,1.0,-1.91,0.36,18.54,388.59,1.0,6.27,3.64,8.81,1.57,27.32,3.54,-0.64,32.91,2.64,4.54,-0.64,1.64,0.66,0.0,165.9,0.76,-0.07,0.0,7.0,1
0.0,0.0,1.0,-0.74,-0.74,5.0,84.19,1.0,5.0,3.74,-1.41,1.76,88.37,0.26,13.0,5.96,3.0,34.17,1.48,0.0,0.88,0.0,3.0,1.02,0.5,0.0,-0.48,0
2.0,-0.67,2.0,2.0,15.0,4.0,181.13,1.0,0.0,5.36,26.07,0.64,86.36,-0.34,-0.67,4.68,2.34,21.58,1.0,0.33,1.69,0.0,38.87,1.0,0.28,0.0,3.67,0
0.0,2.98,1.0,0.0,0.0,18.06,275.49,1.0,0.98,0.98,21.53,2.84,3.91,1.98,-0.98,0.0,2.96,0.33,-1.96,1.0,0.0,0.0,14.68,1.02,0.65,0.0,1.96,0
1.0,0.0,1.0,0.0,1.15,9.39,24.15,1.0,-1.69,0.0,-2.39,1.98,0.0,1.0,0.0,2.69,1.0,3.35,2.85,3.0,2.58,1.0,-309.73,1.08,-0.56,0.0,1.0,0
0.67,0.0,1.0,9.0,23.67,6.67,229.67,1.0,0.0,0.0,13.59,0.9,89.0,3.02,-1.34,4.67,1.67,6.52,1.33,2.34,1.24,0.0,34.95,1.24,0.67,0.0,2.0,1
1.78,0.0,1.0,-1.82,4.0,3.39,9.02,-0.22,1.22,-4.25,-7.51,0.6,-41.94,1.0,0.0,3.0,0.39,4.22,2.0,2.0,1.95,1.0,0.61,0.9,1.11,0.0,0.61,0
0.73,0.0,1.0,0.73,3.63,3.63,33.81,1.0,0.0,-10.17,-1.54,0.5,2.18,2.0,0.0,-2.18,0.27,3.52,0.73,1.73,1.41,0.0,0.0,0.95,-0.73,0.0,1.73,0
-4.93,0.0,0.38,-2.46,-4.93,1.15,14.64,1.0,0.0,3.38,3.69,2.35,-23.3,2.62,0.0,1.14,0.38,2.42,1.23,1.0,0.08,0.0,-0.46,1.23,0.38,0.0,0.15,0
4.16,29.0,1.57,-2.97,-1.13,13.27,289.58,1.0,-7.37,4.16,-3.54,0.58,63.18,0.43,0.0,26.0,1.0,8.9,4.13,1.57,1.8,0.0,9.64,0.93,0.89,0.0,3.57,0
1.0,1.0,1.0,6.05,0.0,2.05,-55.98,1.0,12.0,18.93,-17.69,-4.62,48.69,2.97,-2.95,6.97,1.98,3.7,1.0,2.97,1.48,0.0,-17.69,0.78,0.0,0.0,1.0,0
-0.97,0.0,1.0,5.03,1.0,-1.84,33.14,1.0,-1.94,-0.62,14.09,-0.01,-0.3,2.97,-0.97,4.09,0.03,0.84,0.0,1.0,1.27,0.0,15.0,0.84,0.03,0.0,2.0,0
0.0,8.0,2.0,-3.09,1.54,4.37,-55.06,1.0,-0.77,-8.21,-17.34,0.57,19.75,3.23,0.0,16.1,-1.09,1.33,0.77,0.77,1.92,0.0,-1.79,0.86,-0.25,0.0,1.68,0
0.0,-0.88,1.0,0.25,0.0,8.75,-135.51,1.0,-2.63,1.0,-29.33,0.91,53.82,1.88,0.0,21.25,3.0,2.08,0.0,0.0,1.21,0.0,26.0,0.86,0.67,0.0,1.12,0
-0.04,-0.52,0.48,0.0,1.0,8.4,47.88,1.0,0.0,-3.63,6.71,2.11,-35.83,1.44,-1.56,54.48,0.48,1.29,1.0,1.48,1.28,0.0,-29.92,0.61,0.07,4.0,5.52,0
-0.6,0.0,1.0,1.81,1.21,0.99,81.13,1.0,1.0,5.4,9.6,0.94,100.13,4.21,-0.6,11.4,1.0,3.45,0.6,1.0,-0.69,0.0,3.0,0.95,1.0,0.0,2.4,0
2.49,-4.58,1.0,4.0,6.55,4.04,4.57,-0.04,-1.02,-1.53,1.49,0.69,66.47,0.49,-0.51,-8.7,1.49,4.29,2.02,2.02,1.59,0.0,-0.51,0.86,-0.51,0.0,1.0,0
0.0,-0.9,1.0,0.0,1.0,4.9,-42.96,1.0,-0.9,1.1,-6.92,4.46,82.42,4.58,0.0,-0.9,1.1,0.44,0.9,1.0,0.64,0.0,131.74,0.99,0.3,0.0,-0.79,0
2.41,-1.22,1.0,1.61,0.0,4.2,133.46,1.0,2.0,6.63,14.24,0.82,83.33,5.0,0.0,4.2,2.0,5.0,0.2,0.39,0.5,0.0,206.0,0.96,0.57,0.0,1.0,1
-2.81,0.0,6.0,0.0,-3.75,60.0,182.72,1.0,2.94,1.88,10.32,1.06,57.24,3.94,1.0,25.38,1.94,16.96,0.12,0.06,3.84,-0.94,6.94,1.01,0.8,0.0,4.88,1
8.6,1.0,1.87,4.0,1.27,45.3,788.73,1.0,10.0,3.73,14.6,0.6,156.94,4.6,0.0,41.78,1.0,11.32,2.6,1.0,2.56,0.0,872.62,0.98,1.06,0.0,4.73,1
-3.55,0.0,1.0,-8.27,-1.18,2.0,4.95,1.0,0.59,1.82,2.59,0.9,0.04,2.59,0.0,11.5,1.0,4.52,2.41,2.0,0.02,0.0,0.0,0.92,1.3,0.0,-0.59,0
-1.83,1.0,1.0,0.0,0.61,2.0,5.09,1.0,0.61,1.61,1.17,0.77,55.47,4.83,1.83,1.73,1.0,2.86,3.22,2.0,0.85,1.0,0.17,0.93,1.0,0.0,-0.22,0
0.0,2.0,2.0,-4.9,-0.82,-1.45,-32.01,1.0,0.0,-6.97,-5.34,0.79,-17.72,1.0,0.0,-3.71,1.0,2.14,2.0,1.0,0.64,0.0,-10.24,0.97,1.0,0.0,-0.63,0
14.0,4.0,1.0,5.46,0.54,5.75,1003.98,1.0,13.0,15.0,62.16,0.61,76.07,2.08,1.0,23.1,0.92,5.71,0.0,1.54,0.72,0.0,482.94,0.8,-0.03,2.0,10.0,1
1.67,0.67,1.0,-0.67,1.0,8.99,77.56,1.0,-1.33,1.33,2.33,1.34,0.67,2.33,0.0,14.65,1.67,0.4,-0.67,2.0,1.23,0.0,54.66,0.98,0.78,0.0,2.0,1
0.0,0.0,1.67,0.0,0.0,7.0,58.29,1.0,0.0,1.33,6.33,5.65,22.64,5.33,5.0,8.32,1.67,3.66,1.0,0.67,0.6,0.0,1.33,0.97,0.67,0.0,1.33,0
-2.15,-1.43,1.0,0.0,0.72,5.72,-89.34,1.0,-0.72,-1.43,-3.15,0.73,-39.34,4.0,0.0,31.04,1.0,-1.22,0.72,1.72,1.22,0.0,52.22,0.43,1.06,2.86,1.43,0
4.92,0.0,1.0,3.0,2.19,6.19,254.71,3.0,0.0,8.0,27.23,0.1,88.0,3.46,-0.73,0.88,2.0,1.13,0.0,1.0,0.77,0.0,15.35,1.02,-0.37,0.0,0.0,0
0.0,3.28,1.0,1.31,0.34,0.07,9.23,1.0,-0.66,-0.66,-0.97,0.14,13.11,0.03,-2.62,0.69,1.0,2.44,1.69,10.34,1.31,1.0,0.0,0.93,-0.66,0.0,0.0,0
0.0,0.0,1.0,-0.82,0.18,19.07,111.0,1.0,0.0,-0.82,-2.35,4.9,-37.58,1.55,0.82,2.0,0.18,1.53,0.0,1.18,0.03,0.0,0.0,0.91,0.0,0.0,0.18,0
2.75,0.0,0.0,4.81,-0.69,-8.94,142.29,0.31,8.94,5.5,4.81,3.44,59.8,1.0,11.0,10.31,0.31,-0.44,0.0,0.0,-0.07,0.0,-581.53,0.89,0.46,0.0,1.37,0
20.87,1.0,2.42,41.65,0.71,-2.1,118.13,1.0,12.0,23.52,-2.84,-7.88,153.3,1.71,-7.1,4.29,1.71,7.06,1.71,1.71,1.85,0.0,924.17,0.84,-0.18,0.0,-0.42,0
0.88,14.68,1.88,2.0,0.0,8.04,135.74,1.0,0.0,1.76,-1.76,0.14,94.64,2.0,0.0,0.88,1.0,1.23,-2.64,0.12,2.02,0.0,323.9,1.03,0.0,0.0,1.0,0
0.0,1.0,1.0,-0.59,-0.59,11.91,217.98,1.0,0.0,9.0,21.77,7.69,44.01,-0.95,5.91,15.59,2.41,11.58,1.0,-0.18,0.65,0.0,56.18,0.94,1.26,0.0,2.77,0
0.39,-0.83,0.39,9.0,0.61,6.22,87.92,1.0,12.0,10.73,-0.61,0.46,45.89,1.0,-2.44,33.69,1.0,1.16,1.0,1.61,1.55,0.0,-78.13,0.58,-0.15,2.44,4.05,0
0.0,1.34,1.0,9.0,0.0,52.97,306.46,1.0,0.0,-0.66,-2.95,8.36,78.18,2.32,2.34,-0.29,0.34,0.33,1.0,0.0,-0.36,0.0,0.0,0.96,0.0,0.0,0.68,0
0.0,-0.55,1.0,18.27,0.55,20.55,254.25,1.0,5.0,5.45,11.63,0.3,105.62,1.45,0.0,25.55,1.0,9.68,0.91,2.45,1.13,-0.55,15.09,0.95,0.5,0.0,1.55,1
0.0,0.0,1.0,0.0,1.0,-0.05,5.97,1.0,0.0,0.0,1.81,0.3,0.0,0.38,0.0,1.19,1.0,4.09,3.0,11.0,1.17,1.0,0.0,1.12,-0.81,0.0,0.0,0
5.21,1.0,1.84,1.68,6.73,5.32,69.11,1.0,0.0,-2.05,3.16,0.68,41.36,2.16,0.0,17.63,1.84,3.66,2.0,2.84,2.24,0.0,167.37,0.48,1.84,0.0,2.53,0
0.0,1.0,1.0,0.0,5.65,10.74,34.44,1.0,-0.57,1.87,1.87,1.18,-18.47,1.43,0.57,-1.35,0.43,3.88,0.0,1.57,0.79,0.0,171.43,0.93,-0.07,0.0,-0.13,0
-2.7,0.0,1.0,-0.9,-0.9,1.4,-24.93,1.0,-1.8,3.1,6.8,0.37,0.57,6.5,0.0,-4.2,1.0,2.35,-1.8,2.0,0.36,0.0,-9.0,1.01,0.55,0.0,-0.8,0
3.0,1.0,1.0,-0.53,15.37,1.05,11.83,0.47,0.0,-1.58,11.31,0.93,-32.66,2.05,0.0,2.0,-0.05,-1.96,-0.53,0.0,0.31,0.0,-96.92,0.95,0.0,0.0,0.47,0
2.0,0.0,2.0,-0.86,2.0,-0.66,3.61,1.0,0.0,3.21,1.55,-2.3,34.82,2.0,-0.55,3.45,1.0,-0.93,2.1,2.0,3.29,0.0,13.0,0.85,1.0,0.0,1.55,0
-0.54,0.77,1.0,1.54,0.46,7.54,195.18,1.0,0.77,0.77,8.69,0.72,49.98,0.23,0.0,9.46,1.0,3.0,2.0,3.0,2.43,1.0,-2.31,1.14,0.0,0.0,1.0,0
1.0,11.0,2.0,-1.38,0.69,5.85,194.67,1.0,0.0,12.6,11.05,0.76,84.07,2.0,0.0,9.45,1.0,-3.26,-12.44,-0.38,0.82,-0.69,377.67,1.13,1.0,0.0,0.69,0
-17.29,0.0,1.96,1.0,-21.13,39.58,410.63,1.0,1.0,2.92,22.84,1.7,152.04,4.88,0.0,28.21,1.0,4.95,2.88,1.96,0.99,0.0,943.36,0.86,0.48,0.0,2.96,1
2.61,-4.17,1.0,0.52,0.52,3.96,49.95,1.0,5.0,-1.17,4.43,1.29,79.04,1.52,13.0,-10.05,2.48,32.78,0.52,0.52,-0.09,0.0,198.68,0.7,0.43,0.0,-0.04,0
1.0,0.0,1.0,9.75,1.0,20.75,130.32,1.0,0.0,-1.95,-0.3,-0.03,-2.6,3.65,-8.45,69.3,-0.3,-15.09,2.3,3.95,2.48,0.0,79.25,0.63,0.42,4.0,5.0,1
2.0,0.72,1.0,0.0,2.0,7.74,122.82,1.0,2.0,1.0,36.13,-1.81,16.0,6.87,-0.72,8.46,2.44,3.84,1.44,1.72,0.73,0.0,3.0,0.76,1.72,0.0,1.72,1
-13.44,0.0,1.0,0.0,-13.44,13.03,34.59,1.0,1.0,0.0,2.0,2.07,0.0,3.0,0.0,2.98,1.0,0.93,1.67,3.34,1.7,0.67,0.0,0.99,-0.67,0.0,0.0,0
0.0,-0.51,1.0,0.0,0.0,0.92,61.07,1.0,0.0,2.47,7.98,4.3,54.85,4.02,2.55,0.45,1.0,1.07,0.51,0.49,-0.32,0.0,-87.64,0.9,0.75,0.0,-0.51,0
-0.55,1.55,1.0,0.0,0.0,9.71,32.8,1.0,0.0,0.35,2.8,2.25,53.88,-0.1,0.0,-2.75,2.0,0.09,-1.1,-0.55,-0.6,0.0,-90.34,0.9,-0.55,0.0,0.0,0
2.0,-0.83,1.0,3.0,0.0,-8.47,63.13,3.0,0.0,8.0,17.83,0.52,88.0,1.17,0.0,0.18,1.17,0.56,-0.83,1.83,0.7,0.0,0.0,1.01,-0.83,0.0,-0.83,0
0.81,1.0,1.81,0.0,0.0,16.13,289.39,1.0,0.19,5.88,19.75,1.78,1.56,2.63,0.0,19.07,1.19,6.22,0.0,1.0,1.01,0.0,78.39,0.72,0.31,0.0,2.0,1
-0.97,0.0,1.0,0.0,-1.94,1.03,21.21,1.0,0.0,3.0,2.0,7.55,16.0,4.91,4.85,5.0,1.0,4.55,2.03,-0.91,-2.42,-0.97,0.0,0.82,1.0,0.0,-0.97,0
14.0,4.0,1.0,3.61,0.0,5.02,913.51,1.0,13.0,18.18,48.06,-3.48,42.49,2.59,-1.39,42.96,2.8,4.65,0.0,1.8,1.54,0.0,484.27,0.75,0.33,2.0,10.8,1
4.3,0.72,1.0,10.86,2.15,19.74,384.4,1.0,7.16,1.43,1.0,0.32,90.87,3.43,-1.43,12.74,1.72,20.76,17.28,3.72,2.36,1.0,13.17,0.8,0.76,0.0,3.15,1
1.47,0.0,1.0,1.0,1.47,5.0,205.18,1.0,2.47,-1.2,43.22,1.11,49.18,4.2,0.0,10.47,1.0,-1.17,-2.94,1.0,-0.23,0.0,5.2,0.91,1.73,0.0,2.0,0
-1.21,11.0,1.26,0.0,-1.47,1.9,38.02,1.0,0.0,3.53,-4.42,1.06,4.24,2.74,0.0,-7.25,0.26,5.4,1.47,1.74,-0.08,0.0,367.26,1.02,1.0,0.0,-2.21,0
-2.61,2.0,0.13,-0.87,-1.74,-1.97,1.12,1.0,0.26,0.13,3.51,5.2,-30.51,4.13,0.87,-2.84,1.13,-1.71,-0.74,1.13,0.14,0.0,197.29,0.82,0.14,0.0,-0.74,0
0.0,0.0,1.0,0.0,1.0,6.0,64.0,1.0,0.0,0.0,5.0,0.85,0.0,4.0,0.0,4.0,1.0,0.8,0.0,2.0,1.0,0.0,0.0,0.58,0.0,0.0,0.0,1
-6.8,0.0,0.15,-3.4,-6.8,3.7,39.8,1.0,4.25,5.7,4.3,1.35,45.26,1.0,11.04,-11.04,1.85,28.51,4.0,0.15,0.31,0.0,-0.85,1.36,-0.42,0.0,-0.7,0
6.91,0.0,1.0,5.0,0.0,1.28,183.55,1.0,2.0,5.19,11.93,0.18,1.04,1.0,0.0,6.91,0.09,8.42,2.0,1.0,1.45,0.0,0.0,0.94,0.0,0.0,1.09,0
0.0,0.0,1.0,-6.83,-20.45,1.98,-79.49,1.0,0.0,0.98,-9.71,1.03,-7.81,1.0,0.0,18.55,2.95,-2.82,-0.95,1.02,0.14,0.0,25.38,0.77,0.65,0.0,0.0,0
4.97,2.0,1.0,0.0,0.97,2.21,213.61,1.0,0.03,2.0,10.03,0.32,55.0,3.0,0.0,19.03,1.0,1.27,-0.97,1.0,0.31,0.0,53.63,0.97,1.31,0.0,3.0,0
3.06,-1.53,1.0,2.04,4.07,13.94,117.94,1.0,0.0,-3.06,9.06,4.42,12.22,-1.02,-1.04,5.07,0.51,1.57,-0.51,0.0,0.61,0.0,-101.84,0.65,0.17,0.0,2.53,0
0.0,0.0,1.89,0.0,1.0,7.89,63.56,1.0,1.0,-0.78,4.78,-0.84,50.0,8.56,4.0,2.0,1.89,3.69,2.0,3.78,0.67,0.0,0.0,1.12,1.0,0.0,1.89,0
-2.31,5.0,1.0,2.0,-3.08,6.39,12.53,1.0,0.0,0.0,0.0,2.29,70.0,1.23,0.77,-0.77,0.23,0.67,0.0,0.23,-0.52,-0.77,0.0,0.92,-0.38,0.0,1.0,0
0.0,8.0,2.0,-0.71,0.71,11.85,225.41,1.0,0.0,8.0,15.56,-1.14,18.79,8.27,-2.14,30.0,2.71,1.26,-2.85,0.71,1.95,0.0,26.0,1.02,-0.38,0.0,4.0,0
0.0,1.0,1.0,5.39,-0.9,4.2,150.74,1.0,0.0,9.9,16.41,1.6,159.31,-2.49,0.0,14.1,3.0,11.79,2.8,1.0,0.27,0.0,55.0,0.55,0.67,0.0,1.9,0
0.0,-7.61,1.86,-18.94,-9.47,12.89,136.3,1.0,0.86,2.58,6.16,2.59,-32.71,4.72,0.0,15.77,1.0,-0.9,0.86,1.0,0.28,0.0,17.36,0.76,0.33,0.0,3.58,0
0.2,-8.75,0.2,0.0,0.0,-2.96,-51.85,1.0,4.0,4.02,0.8,2.36,34.99,1.0,1.0,-1.77,1.0,3.88,2.59,1.0,1.49,0.0,-217.83,0.42,0.2,0.0,1.0,0
1.0,-3.05,1.0,-0.22,5.0,9.39,144.67,1.0,0.0,1.0,11.61,2.83,44.26,1.0,0.0,1.0,1.0,5.92,3.22,2.0,0.7,0.0,0.0,0.89,0.0,0.0,1.39,0
8.0,0.0,1.0,5.0,-1.0,0.0,272.97,1.0,2.0,7.0,26.0,0.79,78.99,0.0,1.0,-39.99,1.0,10.61,1.0,1.0,-0.21,0.0,-72.99,1.31,0.58,-4.0,0.0,0
3.72,0.0,1.0,7.0,1.24,4.38,228.88,1.0,0.0,0.0,16.77,4.77,100.0,1.62,1.0,-31.82,1.0,14.36,1.38,1.0,-0.56,0.0,-32.2,1.16,0.05,-2.48,-1.24,0
0.0,0.0,0.16,-5.02,0.16,1.49,-3.45,1.0,0.0,-7.21,-3.23,3.28,16.53,0.16,9.21,-5.86,2.0,-4.74,0.0,0.16,0.03,0.0,-12.56,0.95,-0.84,0.0,-0.67,0
3.0,0.0,1.0,0.91,4.0,3.03,9.47,2.0,1.03,-5.66,-3.66,0.29,25.28,2.03,0.0,-1.09,2.0,-0.5,1.0,1.51,1.0,0.0,180.64,0.83,-0.17,0.0,-0.03,0
1.19,0.0,1.0,3.0,9.29,-1.81,15.77,1.0,0.0,3.62,12.62,-0.53,140.45,1.0,0.0,-0.52,1.0,5.22,3.62,1.0,1.33,0.0,0.0,0.64,0.0,0.0,1.9,0
0.0,0.0,1.0,0.0,0.0,43.46,124.26,1.0,-0.65,-1.31,-1.92,2.45,-29.4,2.0,0.0,-1.96,1.65,4.61,4.92,1.0,0.38,0.65,51.35,1.02,0.5,0.0,0.0,0
-2.9,2.0,1.0,6.78,0.0,2.06,64.86,1.0,0.0,0.0,12.03,7.83,96.8,-0.97,1.0,-0.74,0.0,17.25,2.94,-0.97,-0.88,0.0,-2.9,0.95,-0.97,0.0,-1.9,0
0.0,-0.97,1.0,0.97,0.97,5.19,-0.96,1.0,0.0,-0.97,0.03,2.47,45.48,2.9,1.0,1.03,0.0,2.0,1.03,1.97,-0.8,0.0,0.0,0.93,0.0,0.0,-0.97,0
-0.88,1.0,1.0,-0.88,-4.39,-8.78,-91.87,1.0,0.0,2.12,-4.27,0.78,-76.37,3.88,0.0,0.12,1.0,2.32,2.24,1.12,-0.48,0.0,4.0,0.98,1.0,0.0,-0.88,0
34.88,31.21,1.0,0.92,0.0,8.08,1071.3,1.0,49.57,-1.84,3.92,5.69,26.62,5.92,0.92,20.28,1.0,5.34,1.0,1.0,0.42,0.0,162.0,1.0,1.0,0.0,4.59,0
1.57,3.36,1.79,0.0,0.0,25.0,148.71,1.0,0.0,5.5,2.0,0.95,54.21,3.21,3.14,13.93,2.0,10.1,2.0,0.21,0.91,0.0,160.28,1.02,1.52,0.0,2.0,0
2.45,0.0,1.0,8.15,-0.63,5.63,144.17,0.18,0.0,5.26,18.34,1.45,102.31,1.0,0.0,0.0,2.0,2.35,0.0,1.0,0.24,0.0,0.82,1.05,0.41,0.0,2.63,0
0.0,2.35,1.0,0.0,0.0,1.18,-10.74,1.0,-0.59,-3.53,6.71,1.07,-41.14,-0.59,2.0,0.12,0.0,0.72,1.59,0.59,0.24,0.0,6.24,0.78,0.41,0.0,-1.76,0
1.9,1.8,1.0,0.1,5.9,10.0,132.18,1.0,0.0,0.1,-2.51,1.79,45.56,0.1,2.7,0.1,1.0,6.29,2.0,2.0,1.03,0.0,0.0,1.01,0.0,0.0,0.2,0
1.0,-3.43,1.0,-1.37,1.0,0.31,14.76,1.0,0.0,0.0,1.69,2.73,-48.05,1.0,0.0,1.0,1.0,1.23,1.37,1.0,0.72,0.0,0.0,0.8,0.0,0.0,-0.69,0
0.0,1.72,1.0,1.0,0.0,-7.76,-81.23,1.0,-0.86,-0.86,-3.31,3.73,104.31,-1.72,3.0,-13.65,0.0,3.78,4.0,-0.86,-1.24,0.0,-14.65,0.95,1.17,0.0,-2.59,0
2.0,2.0,2.0,3.0,-0.57,10.84,186.78,1.0,0.0,37.0,12.57,1.3,87.0,5.14,1.0,25.57,2.0,7.71,-1.14,-4.11,1.77,-0.57,41.0,0.95,0.38,0.0,5.0,1
0.54,2.0,1.0,0.54,2.71,7.8,149.61,1.0,-1.09,0.0,17.34,4.0,36.9,-0.54,1.0,4.29,0.0,8.99,2.09,0.54,0.53,0.0,-0.54,0.98,-0.54,0.0,1.54,0
3.89,-0.89,1.0,4.89,8.45,5.56,133.88,2.0,0.0,0.89,10.9,-0.58,145.41,-0.78,0.0,1.11,2.0,7.2,2.78,1.89,2.37,0.0,-0.89,0.95,-0.44,0.0,1.89,0
1.2,0.0,1.0,0.0,0.0,34.58,500.66,3.0,1.4,5.4,12.99,4.83,48.05,-0.6,0.0,10.0,1.2,2.94,0.2,-0.8,-0.11,0.0,0.0,0.83,0.0,0.0,3.0,1
0.0,1.0,1.0,4.51,5.0,2.25,49.23,2.0,0.0,3.58,6.83,1.0,111.71,-0.75,0.0,-1.51,3.0,7.54,2.17,1.0,0.21,0.0,185.0,0.84,-0.08,0.0,2.58,0
2.95,0.0,1.98,0.98,1.97,17.87,145.32,1.0,1.97,0.98,6.93,-2.66,64.91,3.98,-0.98,11.85,1.98,7.7,2.97,2.98,0.95,0.0,9.84,1.07,0.49,0.0,2.97,0
2.73,0.0,0.0,0.91,0.0,0.0,-10.77,1.0,-0.91,5.46,-9.1,2.78,-9.1,1.0,11.0,-7.28,1.0,3.61,0.0,-0.91,0.51,0.0,-2.73,0.88,-0.91,0.0,-1.82,0
0.0,1.0,1.0,7.63,0.0,2.39,373.99,1.0,3.0,2.0,52.22,1.8,161.42,3.8,-4.02,12.2,1.8,10.3,-1.61,1.8,0.53,0.0,-2.41,1.04,0.6,0.0,1.0,0
12.28,2.86,1.0,7.57,4.0,4.86,710.73,2.0,7.86,2.14,39.14,0.49,74.43,1.0,0.0,24.85,2.0,1.84,1.0,1.0,1.5,0.0,354.93,0.72,-0.48,1.43,7.43,1
6.0,0.0,1.0,21.04,2.0,10.16,131.76,1.0,0.0,1.36,10.12,0.48,95.92,1.0,0.0,-0.64,2.0,15.14,14.2,1.88,1.51,0.88,1.88,0.75,0.5,0.0,3.88,1
1.05,1.57,0.52,0.0,-0.52,2.62,38.87,1.0,0.0,2.62,-4.72,2.9,-8.91,4.05,4.1,4.19,1.48,3.14,0.52,0.0,0.19,0.0,106.94,0.86,0.35,0.0,-0.52,0
-2.03,0.0,1.0,1.35,0.0,0.27,30.69,1.0,3.65,2.32,4.65,0.8,44.18,1.0,13.0,-2.41,3.0,32.11,0.68,2.03,1.11,0.68,-3.76,0.99,0.16,0.0,-0.35,0
0.98,-0.98,0.0,-1.97,0.0,0.98,-260.64,1.0,0.98,5.91,-48.25,2.82,-10.83,-0.97,11.98,-9.85,1.0,3.85,0.98,0.0,1.73,0.0,73.86,0.43,0.0,0.0,0.0,0
0.0,1.73,1.0,0.0,0.0,32.64,129.76,1.0,0.0,3.0,0.54,1.23,22.0,4.0,0.0,19.93,1.73,13.87,4.46,1.0,1.47,0.0,2.0,1.19,0.5,0.0,2.46,1
-0.67,8.69,1.0,15.7,0.66,11.36,592.36,1.0,2.0,1.0,14.7,5.32,141.82,3.33,0.67,4.01,0.33,14.5,1.33,-1.0,-1.67,-0.67,18.04,0.94,0.33,0.0,0.67,0
0.0,1.0,1.0,-2.21,0.0,2.68,-159.33,1.0,-0.55,-10.5,-18.34,1.92,-17.13,3.0,0.0,-5.18,-1.21,0.83,1.11,1.0,0.47,0.0,-18.9,0.9,0.09,0.0,-0.66,0
0.0,10.0,1.0,22.0,11.0,5.98,51.97,1.0,0.0,-1.99,1.0,0.54,83.0,1.0,0.0,3.66,1.0,2.81,-1.65,1.34,1.77,0.0,-1.99,0.9,0.67,0.0,1.66,0
1.75,2.75,1.0,-2.25,-9.02,11.5,245.02,1.0,1.0,3.5,7.99,1.53,38.47,3.0,0.0,16.99,1.75,2.49,0.0,0.25,0.55,0.0,3.0,1.08,0.33,0.0,2.25,0
1.0,3.0,2.0,-0.56,-0.56,22.0,155.86,1.0,0.0,6.56,-3.57,0.76,59.8,3.44,0.0,35.23,1.0,9.98,3.11,1.0,2.11,0.0,24.0,1.01,0.5,0.0,-0.11,0
3.0,4.21,3.05,-0.53,2.0,17.74,281.83,1.0,0.0,9.21,14.32,-0.5,117.39,1.53,-0.53,38.8,2.0,6.47,1.0,1.0,2.35,0.0,14.69,0.96,1.18,0.0,5.11,0
3.0,6.21,2.0,13.66,8.21,10.52,171.65,1.0,0.0,5.0,5.52,-0.15,121.54,-0.86,0.0,23.62,2.0,8.64,1.62,1.0,2.56,0.0,1.0,0.94,1.62,0.0,3.0,0
9.8,2.84,2.0,6.25,12.16,7.55,799.97,1.0,9.22,10.64,55.83,0.96,148.36,1.0,0.71,24.69,1.71,17.14,-0.42,0.29,0.33,-0.71,354.4,0.85,0.38,1.42,10.09,1
0.0,0.47,1.0,0.0,0.0,18.53,67.34,1.0,0.0,4.05,-0.64,0.53,33.6,4.53,0.0,12.78,0.47,10.85,2.47,1.0,0.8,0.0,2.0,0.98,1.03,0.0,0.47,0
-15.1,0.72,1.0,0.0,-15.82,17.98,65.87,1.0,0.0,0.0,5.72,1.89,0.0,4.16,0.0,9.31,1.72,2.61,0.72,1.0,0.64,0.0,0.0,0.91,0.0,0.0,0.72,0
-1.65,0.0,1.0,0.0,-1.65,1.65,31.9,1.0,0.0,0.0,7.47,0.64,0.0,4.47,0.0,2.53,1.0,0.65,0.0,1.82,0.24,0.0,0.0,0.84,0.0,0.0,0.82,1
-0.69,1.38,1.0,0.0,-1.38,2.31,96.28,1.0,1.38,4.69,12.14,1.15,52.64,4.76,0.0,13.76,1.69,3.97,-0.69,0.31,-0.45,-0.69,144.22,0.92,1.39,0.0,2.0,0
0.0,-0.88,1.0,0.88,0.88,3.88,66.82,1.0,2.0,-0.76,15.29,-0.1,59.37,2.0,0.0,6.0,1.0,-1.36,-3.51,0.12,0.79,0.0,-2.51,0.91,0.12,0.0,2.76,0
10.83,1.35,1.0,5.06,-0.68,5.32,169.36,2.35,0.0,2.71,9.1,2.63,150.11,1.0,1.0,11.68,1.0,2.18,0.0,-0.68,0.02,0.0,13.97,0.99,-0.01,0.0,3.32,0
0.0,0.0,1.0,-5.62,0.0,1.79,-10.31,1.0,0.0,1.6,1.0,3.82,-32.09,4.8,4.2,4.21,1.0,-7.5,1.0,0.0,1.03,0.0,0.0,0.9,0.0,0.0,0.0,0
2.0,0.0,-3.36,1.0,0.0,-47.0,-20.86,1.0,0.25,4.49,8.85,0.89,124.98,2.0,-0.87,-5.35,1.0,-8.87,-0.75,1.0,-3.63,0.0,-5.24,0.97,1.58,0.0,-2.62,0
28.0,-1.16,3.0,41.35,1.58,-25.92,-31.61,1.0,0.0,12.58,8.98,-3.96,60.59,2.16,-1.74,-2.33,1.0,7.03,1.42,1.58,2.02,0.0,1304.0,0.98,0.75,0.0,1.0,0
-3.63,0.0,0.27,2.27,1.27,-5.09,-59.28,1.0,2.0,1.0,6.36,1.09,8.17,0.37,1.45,-1.45,0.27,2.33,2.0,0.27,-0.77,0.0,-291.31,1.17,-0.15,0.0,-1.45,0
0.0,-0.9,1.9,0.0,1.0,-0.22,129.61,1.0,1.9,1.0,7.51,1.15,70.76,4.1,4.0,3.8,1.0,-1.64,1.1,2.9,1.3,0.0,15.34,0.82,1.27,0.0,3.71,1
2.22,0.0,1.11,0.33,7.0,23.57,44.11,1.0,0.0,-32.93,-6.68,3.49,5.57,-1.67,-0.89,-17.25,0.11,-1.11,0.0,1.0,-0.38,0.0,-36.49,0.84,-0.33,0.0,-2.45,0
4.64,0.91,1.0,-0.91,-3.55,10.46,239.06,1.09,4.91,0.09,9.73,1.56,26.63,5.82,0.0,18.39,0.18,-1.88,-0.91,1.0,0.27,0.0,165.29,1.03,0.51,0.0,0.91,0
0.0,0.0,1.57,4.0,-1.72,4.13,317.73,0.43,0.43,25.59,40.0,0.95,124.29,2.0,0.0,35.22,4.43,4.83,0.0,1.0,0.88,0.0,-405.43,0.89,0.88,0.0,3.57,1
12.32,1.9,1.0,5.69,-1.9,7.58,984.0,1.0,12.32,14.22,68.87,0.77,90.04,-0.95,0.1,39.17,0.95,6.14,1.0,0.0,0.78,0.0,479.07,0.57,1.32,1.9,9.48,1
-1.7,0.85,0.15,-1.54,-1.7,5.85,139.09,1.0,1.0,1.85,22.39,1.61,86.78,1.15,0.0,5.61,1.85,-0.92,-0.85,-0.7,-1.66,0.0,-8.02,0.99,0.15,0.0,1.15,0
0.0,-0.65,1.0,1.96,1.31,1.16,90.99,1.0,0.0,-1.96,2.35,5.18,0.0,4.35,0.0,-2.27,1.0,0.35,2.96,2.96,0.38,0.65,49.62,0.99,0.67,0.0,-0.65,0
3.0,0.0,1.0,2.0,8.08,5.0,96.38,1.0,0.0,7.0,10.62,0.83,70.0,1.19,0.81,1.0,1.0,1.81,0.0,0.81,0.22,0.0,0.0,0.99,-0.81,0.0,0.0,0
1.0,0.0,1.0,-8.3,3.55,11.81,164.47,2.0,-1.21,0.55,7.45,0.74,-13.28,5.66,2.21,-8.73,2.0,3.93,0.0,0.45,0.82,0.0,843.57,0.8,0.61,0.0,1.0,1
0.0,2.0,1.0,0.0,0.0,4.0,90.32,1.0,0.0,0.0,10.96,4.17,0.0,0.0,1.0,10.4,0.0,5.47,1.0,0.0,0.01,0.0,0.0,0.94,-0.68,0.0,1.0,0
-1.98,1.0,1.99,0.0,0.0,-6.85,-32.19,-0.98,-0.98,-2.96,21.02,1.29,-18.76,2.98,0.0,10.91,1.01,1.57,0.99,2.98,1.09,0.0,33.8,0.94,1.46,0.0,2.99,0
2.63,0.0,1.0,1.0,7.45,12.45,177.3,1.0,0.0,1.0,11.0,0.72,87.0,1.0,0.0,2.63,1.0,8.41,3.63,2.82,1.94,0.82,0.0,1.01,0.41,0.0,2.0,0
0.0,0.0,1.0,0.0,0.0,-0.75,96.1,1.0,1.0,8.85,12.8,-0.77,122.24,2.05,0.95,12.0,1.0,7.86,-0.95,1.0,-0.15,0.0,3.0,0.98,1.95,0.0,3.95,0
-2.52,1.68,1.0,-0.84,-1.68,3.32,-41.69,1.0,-1.68,0.0,-0.68,6.71,7.57,6.52,5.84,2.68,1.0,-0.92,0.16,0.84,-0.38,0.0,-8.42,0.87,0.42,0.0,-1.68,0
-0.74,0.0,1.74,-9.6,-0.74,2.22,16.31,1.0,0.0,-2.95,3.52,-0.11,2.95,4.95,0.0,2.22,0.26,0.28,0.0,1.0,1.18,0.0,295.41,0.53,-0.22,0.0,0.26,0
6.0,10.63,1.95,-1.91,1.0,17.91,450.58,1.0,5.0,9.67,5.95,0.81,69.58,3.86,0.0,37.67,1.05,5.86,0.0,1.0,1.97,0.0,35.0,0.85,-0.12,0.0,8.91,1
2.66,1.0,0.34,9.31,-1.33,-1.32,73.23,1.0,0.0,3.66,8.32,0.6,83.5,3.0,0.0,-1.98,1.66,3.91,2.66,2.0,0.47,1.0,2.66,0.94,0.67,0.0,1.66,0
14.0,2.29,1.0,6.0,0.0,3.0,988.29,1.0,13.0,11.57,60.86,0.9,56.43,0.14,0.14,30.71,2.0,2.01,-1.71,0.14,-0.06,0.0,492.71,0.74,-0.52,2.0,8.29,1
28.0,0.0,3.0,46.0,1.8,-1.21,104.35,1.0,-3.21,5.59,2.8,0.34,35.87,1.0,-0.8,-1.6,1.0,3.46,1.2,1.0,1.15,0.0,1243.86,1.26,-0.05,0.0,0.2,0
0.0,0.94,1.0,0.0,0.0,1.88,32.22,1.0,0.0,1.88,15.0,0.86,62.05,-0.94,2.0,-1.7,0.94,2.02,1.0,-0.94,-0.32,0.0,0.0,0.65,0.0,0.0,0.0,0
0.0,0.14,1.0,0.86,0.86,6.86,55.48,1.0,0.0,-1.73,13.11,1.01,39.77,3.0,0.0,2.0,1.0,-3.29,-3.46,0.14,0.36,0.0,-2.46,0.85,-0.36,0.0,2.73,0
0.0,1.62,1.0,-9.24,0.0,23.77,24.16,1.0,-3.08,1.85,0.77,2.0,-32.02,5.23,0.0,5.07,2.0,7.09,2.62,-0.23,0.68,0.0,-3.7,0.95,1.0,0.0,2.0,0
21.34,17.66,1.0,-4.28,1.0,-1.14,526.2,1.0,23.01,0.0,2.07,1.19,1.61,3.54,-1.61,13.1,1.54,0.05,0.0,2.0,-0.01,0.0,52.0,1.17,0.46,0.0,1.61,0
0.0,3.76,1.0,0.0,0.0,9.51,105.24,1.0,0.0,1.0,12.54,1.43,75.0,2.24,1.88,17.15,0.12,7.13,0.12,1.12,0.0,0.0,0.0,1.06,1.0,0.0,0.88,0
9.02,0.0,1.6,14.6,2.6,4.6,180.79,1.0,0.0,2.79,14.63,0.57,113.39,1.6,0.0,-1.63,2.0,5.44,1.6,1.0,0.55,0.0,243.46,0.64,0.02,0.0,4.21,0
1.0,3.58,2.0,-3.47,0.0,22.58,191.86,1.0,0.0,6.0,7.2,-0.04,21.94,4.58,0.58,39.36,1.58,9.36,1.42,1.58,2.29,0.0,24.0,1.24,0.5,0.0,1.58,0
0.0,1.96,0.04,1.92,0.0,19.24,275.2,1.0,1.92,-0.96,42.33,1.87,34.57,4.0,0.0,4.24,2.0,3.93,0.08,0.04,-0.91,0.0,-18.24,1.11,1.19,0.0,-0.88,0
-0.74,-6.68,0.26,0.0,0.0,6.77,78.43,1.0,0.0,-0.74,5.97,5.82,0.74,5.74,0.74,3.97,1.0,2.36,2.49,1.74,0.56,0.0,-107.62,0.97,1.0,0.0,1.49,0
-0.57,0.0,1.0,7.43,0.57,6.73,-18.31,1.0,-1.14,-0.57,-0.14,0.4,-12.51,2.0,0.0,-0.27,1.0,16.28,16.86,3.0,1.07,1.0,-4.68,0.7,0.72,0.0,-0.14,0
3.0,1.0,1.0,0.0,0.0,54.14,228.64,1.0,0.0,3.0,-0.86,1.41,46.57,1.0,0.0,25.86,2.64,8.43,3.86,1.0,3.02,0.64,5.29,0.99,0.67,0.0,4.93,0
11.42,47.29,1.0,1.63,0.0,12.26,691.41,1.0,-0.63,11.42,0.37,-0.21,141.88,-0.26,0.0,39.25,1.0,14.53,4.26,0.37,1.65,0.0,0.0,0.93,1.63,0.0,4.89,0
1.0,1.0,1.0,9.0,0.0,-1.87,37.36,1.0,12.0,15.0,9.16,-3.14,88.0,-2.82,1.53,6.53,0.24,5.25,1.0,0.24,1.06,0.0,-123.69,0.52,-0.76,0.0,1.0,0
0.61,2.0,1.0,0.0,0.0,2.78,101.36,1.0,2.44,4.87,12.39,2.0,42.65,0.61,-2.05,7.61,0.61,8.49,-0.83,0.61,1.39,0.0,43.87,0.76,0.3,0.0,1.61,0
0.0,0.0,0.29,-0.42,0.0,-4.97,-36.45,1.0,0.0,-0.71,-6.81,5.16,42.46,0.0,10.81,-15.34,-1.42,2.26,4.0,0.0,-0.44,0.0,-18.47,0.86,0.53,0.0,-1.42,0
1.76,-3.81,1.0,-1.53,1.76,11.0,44.9,1.0,0.0,0.0,1.76,1.02,-53.38,2.24,0.0,55.76,1.0,0.31,1.0,2.0,2.07,0.0,76.0,0.58,0.42,4.0,4.24,1
0.69,2.0,1.0,0.0,2.07,17.4,251.92,1.69,2.69,1.0,11.13,0.53,27.0,6.38,0.0,7.76,2.69,5.9,0.31,2.0,1.33,0.0,754.44,0.78,0.46,0.0,1.69,1
3.0,1.0,1.0,0.94,4.7,11.12,18.39,1.94,0.0,-2.65,-8.29,0.27,51.24,0.06,0.0,9.77,2.0,0.18,0.0,1.0,2.45,0.0,126.31,0.92,0.51,0.0,3.94,0
4.7,-1.8,2.0,6.6,5.6,-3.49,-24.04,1.9,0.0,-2.6,-0.8,-0.12,78.68,0.2,-0.9,-3.19,1.9,0.83,0.1,1.1,2.04,0.0,8.51,0.83,0.1,0.0,0.1,0
0.0,1.0,1.0,0.0,0.0,19.95,98.52,1.0,0.0,3.0,1.03,0.47,22.0,2.05,0.0,19.92,1.0,8.66,3.0,1.97,2.01,0.0,2.0,0.57,0.5,0.0,1.0,1
0.36,2.0,1.0,0.0,0.72,4.83,83.48,1.0,0.0,0.0,3.19,8.73,0.0,1.36,9.38,0.0,0.36,2.41,-0.64,-0.91,-1.17,-0.64,1.28,0.98,0.64,0.0,1.28,0
-0.94,0.0,0.03,0.97,-1.91,-2.88,0.67,1.0,0.0,0.0,-0.94,2.08,0.0,2.94,0.97,-3.85,1.97,-0.2,0.0,0.03,0.95,0.0,0.0,0.73,0.0,0.0,0.0,0
-1.33,0.67,0.0,0.0,0.0,-12.68,-251.65,-0.33,-2.0,-4.67,-5.34,3.17,-45.39,4.33,2.0,-5.34,1.33,-2.0,-0.67,0.67,-0.67,0.0,0.67,0.86,0.33,0.0,-1.33,0
-0.52,0.52,1.0,0.0,-0.52,8.48,49.52,1.0,0.0,1.57,2.0,2.74,0.0,5.05,0.0,3.0,1.0,4.12,3.1,2.52,-0.19,0.0,2.1,0.98,0.52,0.0,0.0,0
1.2,1.0,1.6,1.2,9.0,3.0,101.59,1.0,0.0,-0.8,15.8,0.71,48.6,0.8,0.4,10.4,2.0,9.46,1.6,1.4,1.91,0.0,1.2,0.97,-0.3,0.0,3.2,0
0.0,2.0,1.0,9.0,0.0,-47.62,-1.48,1.0,11.81,1.62,8.86,-0.95,128.43,1.0,4.0,6.43,0.19,3.55,-4.86,0.0,0.37,-0.81,0.81,0.6,1.0,0.0,2.0,0
1.88,-7.51,1.0,-2.82,2.82,7.82,37.45,1.0,0.0,0.0,1.0,7.25,-75.11,4.0,4.06,1.94,1.0,1.23,1.0,0.94,1.1,0.94,0.0,0.83,-0.47,0.0,-0.94,0
1.67,1.67,1.84,2.51,0.0,7.49,163.84,1.0,0.0,30.97,12.21,-0.35,72.81,6.35,0.0,22.25,2.67,8.49,-0.67,2.0,2.17,0.0,34.31,1.03,0.31,0.0,5.18,1
2.71,3.0,2.0,0.0,0.71,9.0,81.41,1.71,-0.71,5.58,2.71,0.88,37.11,5.13,-5.21,7.29,0.29,-15.71,1.0,1.71,0.84,0.0,436.46,1.01,0.78,0.0,-0.71,0
-0.57,1.43,1.0,9.0,0.57,4.43,111.37,1.0,11.0,-1.72,4.57,0.51,79.37,1.57,4.0,2.28,1.0,5.36,-1.15,0.0,-0.18,0.0,-94.16,0.57,0.43,0.0,2.57,0
-0.6,12.4,0.4,13.63,0.0,20.02,839.77,1.0,-7.15,-8.94,20.0,8.37,47.54,1.19,2.19,4.02,0.6,16.57,0.4,-0.6,-0.63,0.0,27.0,0.9,0.5,0.0,1.4,0
0.0,0.0,1.0,0.0,0.0,6.91,119.21,1.0,3.91,6.35,8.78,1.26,94.99,1.22,10.16,9.44,2.56,28.27,0.0,0.22,0.52,0.0,4.35,1.01,1.39,0.0,2.78,0
0.0,1.0,1.0,-2.65,-1.76,10.41,47.12,1.0,0.0,1.76,1.88,2.37,30.0,5.65,0.0,10.82,1.0,-1.06,-2.65,-1.65,-0.49,-0.88,1.0,0.89,1.38,0.0,1.0,0
-5.17,0.0,0.35,-2.58,1.29,1.06,-1.22,1.0,2.0,0.35,4.29,1.02,-41.08,2.0,0.65,-4.34,0.35,0.12,0.0,1.65,-0.43,0.0,-1.58,1.29,0.35,0.0,-0.94,0
-2.03,-0.68,1.0,0.0,0.0,4.65,-19.96,1.0,0.0,-0.03,1.65,2.36,1.91,3.32,0.68,-2.55,-0.35,-0.27,1.35,1.0,-0.53,0.0,-2.71,0.89,0.55,0.0,-2.03,0
1.0,2.0,1.0,0.0,2.0,3.39,43.16,1.0,0.0,2.39,3.19,0.82,43.88,1.2,3.8,2.39,1.0,5.79,0.0,1.0,0.0,0.0,0.0,0.98,0.8,0.0,0.0,0
0.0,0.0,1.0,2.62,1.75,-2.75,36.63,1.0,0.0,2.0,3.87,-1.56,64.0,4.87,-0.87,10.13,1.87,3.42,0.87,3.62,2.73,0.87,0.0,1.0,1.0,0.0,0.0,0
0.93,1.86,1.0,0.0,1.86,0.29,33.08,1.0,0.0,3.0,2.29,0.61,55.0,1.14,3.78,-2.57,1.0,6.98,0.0,2.0,-0.46,0.0,0.0,1.27,0.07,0.0,1.0,0
2.14,-2.32,1.77,14.0,1.23,2.46,-29.89,1.0,-3.86,7.86,13.32,0.36,85.68,3.32,0.0,4.32,1.23,6.58,1.0,1.0,1.37,0.0,34.99,0.88,0.77,0.0,-0.86,0
38.56,35.0,1.0,-4.08,-12.99,0.44,964.05,1.0,55.13,1.13,-6.43,0.64,58.84,2.56,1.56,19.31,2.0,4.65,-0.56,0.0,1.16,0.0,0.0,0.94,0.0,0.0,4.44,1
0.0,0.0,0.0,5.59,14.28,3.73,149.93,1.0,0.0,0.0,9.32,3.34,55.27,0.38,11.0,2.48,1.0,1.95,1.24,0.0,0.34,0.0,0.0,0.88,-0.62,0.0,1.24,0
1.0,1.0,1.0,0.0,0.0,11.3,81.14,1.0,0.0,3.0,-0.3,3.09,22.0,1.77,3.69,6.23,0.39,4.01,4.46,1.39,1.35,0.0,165.84,0.96,0.69,0.0,0.0,0
0.0,0.8,1.0,0.0,0.0,4.4,4.78,1.0,0.0,3.0,-5.21,0.89,49.63,3.6,0.0,5.0,0.2,5.27,3.0,2.0,-0.92,0.0,0.0,0.91,1.8,0.0,-1.6,0
0.76,2.27,1.76,0.0,1.0,15.09,156.4,1.0,0.0,4.54,4.24,-0.16,39.38,4.76,0.0,26.72,1.0,5.22,0.76,1.24,1.85,0.0,18.18,0.59,0.38,0.0,0.0,1
2.5,0.17,1.0,0.0,0.0,-7.01,234.83,1.0,1.0,1.0,26.33,1.3,4.0,-0.67,0.83,1.17,1.17,-0.44,-1.67,1.83,0.26,0.0,17.5,0.95,0.67,0.0,2.83,0
-3.73,5.0,-0.49,1.25,-0.75,-4.22,-47.26,1.0,0.0,0.0,-6.71,2.11,1.43,0.51,1.49,-3.73,1.75,0.11,-0.75,0.25,0.35,0.0,-298.89,1.3,-0.15,0.0,-0.49,0
0.0,2.0,1.0,9.0,0.0,3.36,128.91,1.0,10.45,0.55,8.36,0.46,111.63,-1.18,1.82,2.91,1.55,6.04,-1.09,-0.55,0.83,0.0,0.0,0.62,0.45,0.0,2.0,0
0.0,0.0,1.0,0.0,2.0,1.0,60.61,1.0,0.74,2.21,4.21,1.01,11.06,1.0,-0.74,6.64,1.0,0.7,1.0,1.26,1.06,0.0,2.21,0.85,0.0,0.0,1.48,0
0.0,0.66,0.0,0.0,-0.66,9.31,38.27,1.0,0.0,3.99,-2.66,2.75,14.63,-1.33,0.0,10.64,0.0,5.21,1.99,0.0,0.68,0.0,1.33,0.78,0.33,0.0,0.66,0
3.63,0.0,1.0,2.73,5.27,1.37,-27.67,2.0,0.0,-0.63,-4.33,-0.04,16.76,1.0,0.0,-11.92,0.73,2.63,2.27,2.9,2.32,0.63,-16.45,0.91,-0.42,0.0,0.37,0
-0.9,0.0,1.0,0.0,0.0,14.4,71.91,1.0,1.9,0.9,3.8,1.81,45.01,4.8,3.6,3.2,1.0,4.81,2.8,2.0,1.1,0.0,-46.81,0.96,0.0,0.0,0.9,0
4.83,0.8,1.0,3.22,-5.63,13.07,421.46,1.0,8.05,1.61,3.61,1.52,74.06,2.8,-0.8,16.9,1.0,6.0,1.0,0.2,1.53,0.0,72.12,1.04,1.04,0.0,2.41,1
-0.95,0.0,0.05,-1.9,-1.9,4.81,86.18,1.0,1.9,12.48,11.67,1.17,86.66,1.05,0.95,4.05,1.95,6.4,1.05,0.05,-0.9,0.0,-12.38,1.06,0.0,0.0,0.0,0
-10.36,0.71,1.65,7.06,0.65,5.0,77.39,-0.29,9.71,-2.59,-6.36,0.46,71.28,-0.29,4.0,4.65,1.0,8.39,0.65,1.29,2.1,0.0,8.42,0.56,1.65,0.0,2.65,0
1.79,0.0,1.0,15.6,0.6,22.38,259.7,1.0,6.19,-0.6,-0.17,0.61,62.09,2.0,0.0,30.36,0.4,10.3,3.19,3.0,1.16,0.0,13.95,0.98,0.8,0.0,1.6,1
1.57,-1.05,1.0,0.52,1.05,2.57,-88.55,1.0,1.05,0.52,2.52,-13.55,34.5,4.52,-0.52,3.66,1.52,1.85,0.52,2.0,0.24,0.0,4.7,0.96,-0.26,0.0,1.0,0
3.0,1.03,1.0,4.0,4.0,3.03,51.75,2.0,0.0,0.0,4.07,0.44,72.13,2.55,0.0,1.48,2.52,2.32,1.52,1.52,1.18,0.0,105.83,0.85,-0.22,0.0,1.0,0
6.36,-1.12,2.0,2.8,0.0,36.0,409.04,1.0,1.12,5.92,9.48,-1.24,119.19,4.56,-0.56,23.44,1.56,8.76,4.56,2.56,1.88,0.0,979.0,0.87,0.45,0.0,2.56,1
0.0,1.83,1.0,2.0,0.0,6.48,437.9,1.0,1.35,8.62,63.06,0.76,133.93,3.0,0.0,20.44,2.65,8.87,0.83,1.0,0.68,0.0,44.66,1.03,0.72,0.0,1.0,1
0.0,0.51,1.0,0.51,2.53,-1.01,29.61,1.51,0.0,0.51,14.53,0.84,6.08,-1.52,2.0,1.44,1.01,4.14,1.51,0.0,-0.35,0.0,101.74,0.78,0.75,0.0,1.01,0
1.55,-0.78,1.0,2.33,0.0,3.45,109.0,2.55,0.0,6.21,16.42,-0.15,68.33,3.22,0.0,9.11,1.78,1.84,0.0,1.0,1.11,0.0,-0.78,0.76,0.61,0.0,-0.78,1
-4.77,0.0,0.32,-2.73,-4.77,9.64,-16.36,1.0,0.0,-0.68,-3.77,3.27,-63.41,0.0,1.0,-8.23,-0.68,-0.09,2.0,1.0,0.11,0.0,-2.73,1.23,-0.68,0.0,-2.05,0
1.0,1.0,1.0,9.96,0.96,2.12,121.77,1.0,12.0,15.0,1.92,-5.38,151.44,1.96,-4.81,4.04,1.0,6.57,1.0,2.92,1.64,0.0,0.0,0.93,0.0,0.0,1.0,0
-3.25,2.0,-0.63,-2.44,-5.69,-3.75,-49.04,1.0,0.0,1.0,-1.25,2.92,7.53,4.0,9.94,6.94,1.0,-2.07,1.0,1.19,-1.14,0.0,0.0,0.95,1.0,0.0,-1.63,0
0.0,0.79,6.0,0.0,-0.79,56.85,148.79,1.0,2.0,2.36,0.0,1.26,0.0,3.79,1.0,15.21,1.0,21.76,2.79,-6.09,4.46,-0.79,9.15,1.04,1.12,0.0,3.0,0
2.32,19.16,1.0,-2.96,3.68,13.3,157.29,1.0,-9.25,0.34,1.75,0.88,87.0,-0.98,0.0,5.63,1.0,8.78,3.98,2.0,1.5,0.0,-1.32,1.03,0.0,0.0,2.0,0
0.0,2.0,1.0,-2.14,-1.43,7.71,91.28,1.0,-1.43,3.29,4.0,1.1,-8.52,1.57,1.0,10.0,1.0,5.25,1.29,2.0,1.75,0.0,42.11,0.96,1.36,0.0,2.0,0
-0.98,-5.8,1.0,-2.93,-0.98,8.9,333.39,1.0,0.0,0.0,3.0,35.83,-78.03,2.93,4.9,1.02,0.0,-0.73,0.02,0.02,-0.98,0.0,1.0,0.88,0.02,0.0,1.02,0
3.63,2.0,1.0,0.0,2.88,7.14,94.66,1.0,1.75,0.0,-9.65,2.08,17.54,0.25,3.0,7.02,1.0,4.51,1.75,1.0,0.04,0.0,8.77,0.98,0.44,0.0,0.0,0
0.0,-9.08,1.0,-19.06,-9.98,3.63,154.8,1.0,0.0,4.0,29.88,2.73,59.43,2.0,0.91,7.26,2.0,1.61,1.09,-0.82,-0.97,0.0,14.52,0.82,-0.3,0.0,2.72,0
2.39,0.0,1.0,0.0,-0.8,14.39,171.67,1.0,0.0,0.0,6.0,12.25,0.0,-3.19,10.8,7.38,0.0,5.31,1.0,0.8,1.09,0.0,4.39,0.89,1.8,0.0,5.39,0
0.0,-4.47,0.32,0.0,0.0,0.53,32.03,1.0,0.0,3.53,13.16,1.37,21.48,0.63,0.0,-5.51,2.32,10.3,1.68,1.68,-0.54,0.0,72.77,1.02,0.78,0.0,-1.73,0
6.61,27.37,6.0,0.0,0.0,70.38,530.24,1.0,2.0,6.61,0.0,-2.24,-12.27,3.94,-1.83,39.6,1.94,24.48,1.06,1.94,6.39,0.0,6.0,1.04,0.33,0.0,5.83,0
0.97,10.72,2.95,0.0,0.0,13.75,221.78,1.0,1.0,10.87,9.0,-1.12,112.88,2.03,-1.95,17.85,0.03,8.45,0.0,1.97,1.39,0.0,361.67,1.1,1.97,0.0,3.0,0
4.1,0.0,1.0,0.0,1.76,5.27,177.23,1.0,0.0,0.0,11.55,2.6,0.0,3.17,0.0,1.17,1.0,1.86,1.41,1.59,0.53,0.0,-16.41,0.81,0.0,0.0,1.76,0
-1.78,4.78,1.0,1.0,-1.78,9.67,252.57,1.0,-1.78,-0.89,-29.98,27.48,4.78,-0.55,0.89,4.0,0.11,2.87,0.89,1.0,-0.12,0.0,4.22,1.04,1.0,0.0,2.89,0
-0.9,-9.94,0.1,0.0,9.04,-4.04,19.12,1.0,0.0,10.48,29.04,0.33,44.23,0.1,0.9,-1.42,2.0,-0.88,1.0,1.9,-0.27,0.0,-332.6,0.92,0.1,0.0,1.0,0
-0.86,0.0,0.38,0.0,-1.24,3.76,-45.64,1.0,2.0,-1.1,-3.35,2.34,-18.46,1.38,1.62,-12.04,-0.24,2.14,1.62,1.0,0.93,0.0,-0.62,0.98,-0.62,0.0,-0.86,0
6.0,0.0,1.0,11.11,0.07,19.41,222.43,1.0,0.0,4.0,14.85,5.09,72.59,0.04,0.96,2.0,1.04,3.3,-1.89,-2.85,-0.63,-0.96,1.0,1.0,0.5,0.0,3.96,0
0.0,9.96,1.0,11.64,0.0,19.09,627.92,1.0,2.0,1.0,18.64,3.59,88.27,3.77,0.61,9.29,1.39,13.07,0.39,1.39,0.54,0.0,222.54,0.94,0.88,0.0,2.23,1
-0.77,0.0,1.77,9.0,26.08,7.54,206.67,1.0,0.0,0.0,20.69,0.7,89.0,0.23,-0.77,7.85,1.0,7.17,2.0,0.23,1.64,0.0,-2.31,1.0,0.0,0.0,1.23,0
1.48,1.04,1.52,0.52,0.0,26.56,478.53,3.0,3.0,22.62,10.56,1.38,76.85,2.04,0.52,22.5,2.52,5.77,1.0,0.52,1.63,0.0,21.35,0.83,0.2,0.0,5.6,1
0.0,-1.67,0.17,0.0,0.0,9.17,39.16,1.0,0.0,-1.67,8.0,1.36,-41.7,3.83,0.0,1.33,1.0,3.21,-0.67,2.0,0.53,0.0,-1.67,1.01,0.0,0.0,0.17,0
0.0,0.0,1.0,0.0,0.0,9.14,44.66,1.0,0.0,0.0,3.17,1.74,0.0,3.17,0.0,3.52,1.0,2.53,0.83,1.83,0.5,0.0,0.0,0.92,0.17,0.0,0.83,0
-0.55,-5.5,0.45,0.0,0.0,2.9,46.97,1.0,1.0,-0.2,14.2,1.19,47.24,2.0,0.0,10.25,2.0,1.16,1.1,1.0,0.9,0.0,-201.52,0.95,0.45,0.0,2.55,0
-1.45,6.9,1.0,13.04,0.0,18.31,550.35,-1.9,-1.45,-2.9,5.8,6.11,7.24,0.55,0.0,-8.87,-0.45,13.95,1.72,2.0,0.48,0.0,18.83,0.85,-0.36,0.0,0.0,0
-1.96,0.0,0.02,1.98,-14.73,8.93,256.72,1.0,1.0,1.0,27.84,6.73,98.65,1.02,2.95,8.02,0.02,-8.41,-0.98,0.02,-1.03,0.0,18.71,0.97,1.49,0.0,0.04,0
-1.87,0.06,1.0,0.0,0.94,-8.23,-19.75,1.0,0.0,-1.81,9.13,0.85,-33.42,2.0,1.0,-8.65,1.06,0.28,1.0,2.0,0.16,0.0,-3.74,0.89,-0.62,0.0,-0.81,0
1.0,0.0,1.0,0.0,2.0,6.67,41.38,1.0,0.0,0.0,-1.02,0.85,0.0,2.34,0.0,1.0,1.0,1.9,2.0,3.67,1.92,1.0,0.0,0.98,0.0,0.0,1.0,0
-2.42,0.0,1.0,4.84,-3.22,-1.61,1.04,1.0,0.0,0.81,5.81,1.77,68.53,2.0,0.0,2.58,1.0,0.19,0.0,0.19,-1.03,-0.81,0.0,0.58,-0.4,0.0,0.81,0
0.0,2.45,1.0,0.0,1.0,2.16,19.94,1.0,0.0,0.0,-0.22,-0.06,0.0,0.78,0.0,1.39,1.0,3.31,3.0,11.0,1.14,1.0,0.0,0.93,0.0,0.0,0.0,0
3.1,-0.55,0.23,1.55,0.0,-3.1,52.62,1.0,1.55,-20.23,7.97,1.12,-6.2,-1.32,-0.77,-14.71,0.23,3.35,4.55,1.0,-1.02,0.0,-31.75,0.89,-0.29,0.0,-2.32,0
3.0,8.46,1.0,13.36,1.35,18.41,675.71,1.0,1.35,0.35,15.06,5.36,98.53,-2.25,-1.95,12.25,0.35,15.24,1.35,-0.3,0.02,0.0,27.56,0.89,0.17,0.0,2.65,1
3.0,1.47,1.0,4.74,4.0,7.16,53.06,2.0,0.0,-2.21,2.74,0.65,82.0,1.0,0.0,4.21,2.0,-0.57,-1.95,0.26,1.44,0.0,1.47,0.75,0.0,0.0,2.47,0
3.0,5.55,1.0,1.82,18.0,-3.64,14.09,1.0,0.0,0.0,11.36,-0.58,63.66,-0.82,0.0,-3.46,1.0,2.74,0.0,0.0,1.16,0.0,0.0,1.24,-0.91,0.0,1.91,0
3.0,-0.67,2.0,0.0,0.0,30.67,191.99,1.0,-0.67,1.33,-7.0,-0.54,72.33,4.67,0.0,22.67,0.33,8.55,4.0,2.0,2.07,0.0,969.0,0.86,0.01,0.0,1.33,0
-1.55,0.0,1.0,0.23,0.77,8.52,138.26,1.77,-0.77,-0.77,4.1,2.86,48.87,2.32,3.0,-2.87,0.77,5.33,2.45,0.0,0.54,0.0,649.19,0.8,0.87,0.0,-0.77,0
1.67,0.83,1.83,3.5,0.0,6.0,133.18,1.0,-0.83,29.99,14.84,1.29,169.15,3.5,1.83,30.16,1.0,7.28,0.0,0.0,1.67,0.0,37.66,0.82,0.42,0.0,6.5,1
-0.73,0.0,1.0,-2.18,-6.25,5.45,138.62,1.0,1.45,2.73,32.76,1.16,33.77,3.18,0.0,-1.45,2.0,-0.1,0.0,1.0,0.58,0.0,2.18,0.95,0.73,0.0,1.0,0
1.38,-1.38,1.69,1.0,2.76,-3.29,138.15,1.0,1.0,1.0,21.07,-0.74,80.0,2.0,0.0,18.67,1.0,3.0,0.0,1.0,1.21,0.0,3.0,0.98,1.69,0.0,3.38,0
1.09,0.0,1.0,0.0,0.0,8.09,63.48,1.0,-2.18,-4.35,4.27,3.94,-38.1,0.54,6.0,5.27,0.0,2.85,3.46,0.54,-0.75,0.0,-36.19,1.1,0.5,0.0,1.09,0
-0.65,1.0,1.0,0.0,-0.65,1.35,34.35,1.0,0.0,2.0,7.59,0.18,66.0,0.35,0.0,-2.59,2.0,2.42,0.0,-0.65,0.93,0.0,-33.7,0.91,-0.65,0.0,0.65,0
3.0,2.31,1.0,0.0,0.0,10.38,319.91,1.0,-0.66,3.0,3.66,18.4,71.0,-0.97,0.66,20.03,1.34,4.77,0.0,0.34,2.23,0.0,4.66,0.96,1.32,0.0,4.31,0
-1.46,1.46,0.27,3.0,-2.92,5.08,232.5,1.0,1.46,0.73,25.92,6.31,119.73,2.92,3.0,-5.58,0.73,5.12,0.73,0.73,-0.65,0.0,168.52,0.94,0.69,0.0,0.27,0
0.0,-0.52,0.48,3.52,2.0,-6.73,-11.97,1.0,2.0,-0.55,0.45,1.4,66.72,4.52,0.52,-3.1,1.52,0.66,2.0,0.48,-0.6,0.0,-88.98,0.93,-0.26,0.0,-0.52,0
3.0,0.0,0.45,-4.41,0.0,2.04,101.59,1.0,0.0,0.0,5.45,2.38,-13.79,1.45,7.07,7.9,1.0,-6.04,-9.93,0.35,0.36,-0.55,2.45,1.05,0.45,0.0,2.45,0
-0.3,1.66,0.34,-0.66,17.34,-0.66,52.02,1.0,0.0,5.93,22.25,0.54,-5.93,-0.98,0.0,8.59,2.32,6.14,0.0,0.0,0.27,0.0,-228.05,1.36,0.31,0.0,0.34,0
-16.21,1.23,-0.23,-28.27,-0.61,16.68,11.2,1.0,2.0,-5.37,-0.23,3.0,-31.54,2.0,1.0,1.0,1.0,0.27,-0.23,1.0,0.74,0.0,-801.39,0.96,-0.46,0.0,0.39,0
1.0,1.0,1.0,2.48,1.65,3.7,13.91,1.0,-4.13,0.52,0.7,0.12,-29.18,3.0,-10.73,3.35,-0.65,-19.47,4.48,5.3,3.03,0.83,161.52,0.96,0.59,0.0,-0.83,0
27.34,0.0,3.74,39.99,0.87,29.91,340.61,1.0,0.0,12.43,4.13,-4.29,154.98,0.52,0.0,23.13,1.0,13.77,4.87,2.0,3.05,0.0,1971.76,0.85,0.24,0.0,2.87,0
0.0,0.49,1.0,0.0,5.06,-3.04,10.92,1.0,0.0,3.0,5.56,0.17,0.0,-0.01,0.51,-1.01,1.0,3.54,3.0,1.51,0.0,0.0,-0.51,0.88,-0.25,0.0,-0.51,0
0.0,1.0,1.0,0.0,-0.78,6.11,64.79,1.0,0.0,1.0,9.45,1.27,33.0,1.22,1.0,11.78,2.0,5.28,1.78,2.0,1.53,0.0,0.0,1.01,0.0,0.0,2.0,0
-2.44,1.81,1.0,-3.25,-3.25,8.81,101.97,0.19,0.0,1.81,11.32,1.73,-9.46,2.81,0.81,8.32,1.0,3.66,2.0,1.81,1.44,0.0,0.0,1.03,0.0,0.0,1.81,0
0.0,-2.46,0.0,-0.82,0.0,-0.82,8.08,1.0,0.0,1.64,0.82,2.16,25.39,1.82,11.0,5.73,1.0,-0.44,0.0,0.0,0.63,0.0,-4.91,0.93,0.0,0.0,-1.64,0
-2.82,-20.43,1.0,17.11,2.82,13.66,-70.01,1.7,5.0,-4.93,4.7,0.23,60.61,2.0,0.0,8.09,1.7,2.81,0.59,3.0,1.22,0.0,8.0,0.93,-0.2,0.0,-0.41,0
1.0,-0.51,4.55,0.0,0.0,43.6,209.15,1.0,1.02,7.49,6.47,0.39,45.24,4.0,0.51,39.1,1.0,16.15,0.0,0.49,4.08,-0.51,81.04,0.71,0.22,0.0,3.02,1
-0.17,-25.57,1.0,4.12,0.0,-0.41,-134.75,1.0,2.0,2.59,22.76,0.61,46.37,3.65,0.0,-7.23,1.0,0.54,-0.65,1.0,0.67,0.0,0.0,0.98,0.0,0.0,-0.65,0
0.65,0.0,0.32,2.32,-9.46,2.65,75.42,3.0,0.0,8.0,9.56,0.75,77.86,4.7,0.0,4.65,2.0,-5.57,0.0,1.68,0.32,0.0,-1.35,1.02,-0.34,0.0,-2.03,0
3.17,1.72,1.0,9.0,0.0,13.67,182.45,1.0,12.0,17.17,0.72,0.52,139.29,-1.17,0.0,20.89,1.72,7.79,1.0,0.28,2.91,0.0,2.89,0.79,0.48,0.0,2.44,0
0.56,0.0,0.0,1.0,1.69,5.62,93.9,1.56,0.56,0.0,2.81,-0.49,0.0,2.44,1.0,1.69,2.56,3.09,-0.56,0.0,0.65,0.0,385.71,0.73,-0.37,0.0,0.56,1
7.0,29.0,1.0,1.0,0.0,8.92,443.77,1.0,0.0,4.23,7.24,2.86,55.81,-1.08,0.0,23.92,0.31,10.34,2.31,-0.39,-0.01,0.0,-3.47,0.96,0.31,0.0,2.31,0
2.26,-1.48,1.0,9.92,2.52,7.92,29.48,2.0,0.0,0.0,2.74,-0.11,86.49,1.0,-2.22,3.48,2.0,14.68,14.31,2.48,1.86,0.74,0.74,0.62,0.74,0.0,1.74,0
0.0,1.0,-2.53,0.71,0.0,-39.31,-7.99,1.0,-1.41,1.0,11.71,2.86,103.52,-0.12,2.41,0.42,1.29,-7.16,2.41,1.29,-2.56,0.0,-4.23,0.9,0.47,0.0,-0.12,0
-24.67,-22.72,1.0,-0.65,1.0,4.35,-615.31,1.0,-33.05,0.0,7.3,0.27,-61.66,4.0,-0.65,-12.63,0.35,-1.0,0.0,2.65,0.42,0.0,366.0,0.8,1.32,0.0,-3.25,0
1.2,1.0,0.4,0.0,18.0,-18.58,-151.81,1.0,0.0,-1.2,14.4,0.37,-44.95,1.0,0.0,-8.79,1.0,-4.16,-2.4,-0.6,-0.03,0.0,-586.76,0.86,0.33,0.0,-0.2,0
0.92,-4.61,1.0,-0.92,14.61,8.29,132.48,1.0,0.0,0.92,20.13,1.16,15.66,0.08,1.0,0.92,1.0,3.57,1.84,2.92,0.24,0.0,0.0,0.94,0.0,0.0,0.92,0
0.0,0.0,1.61,1.22,0.0,5.27,88.99,1.0,0.0,0.61,8.71,-2.15,49.4,4.61,-0.61,14.03,2.83,2.0,0.0,2.0,0.38,0.0,15.86,1.02,0.41,0.0,2.22,0
-4.11,0.0,0.18,-0.82,-0.82,1.35,-34.98,1.0,2.0,1.0,-3.58,6.64,-56.69,1.18,4.11,2.71,1.0,1.3,0.0,0.18,-0.45,0.0,-328.91,1.32,0.84,0.0,-0.65,0
0.0,0.0,1.0,-3.93,1.0,-1.52,-7.23,1.0,0.0,0.0,0.18,-0.4,-4.38,5.7,-0.7,-0.7,1.0,-5.59,1.0,2.0,0.6,0.0,0.0,0.91,0.0,0.0,0.0,0
0.0,0.52,1.0,0.0,-0.52,-2.1,7.37,1.0,0.0,0.52,10.95,0.85,13.11,-0.52,2.0,7.05,0.0,3.12,2.05,0.0,0.0,0.52,9.05,0.97,1.52,0.0,0.52,0
6.0,1.0,1.0,3.2,3.0,14.2,471.16,1.0,10.0,14.01,8.8,-1.04,79.19,2.0,-0.8,15.39,1.8,7.29,0.8,1.8,2.42,0.0,12.19,1.1,0.93,0.0,0.6,0
-0.59,-0.59,1.0,-5.35,0.0,1.03,42.67,1.0,-6.14,-2.92,13.76,0.65,17.65,3.59,0.0,9.03,1.0,3.67,-0.59,1.0,0.2,0.0,3.0,1.03,1.59,0.0,2.41,0
5.03,-1.44,1.0,0.0,2.15,14.31,190.08,1.0,0.0,0.0,8.03,-0.7,0.0,5.87,-0.72,-0.59,1.72,-1.31,0.28,3.44,1.14,0.0,17.24,0.99,0.36,0.0,2.44,1
38.0,44.8,1.0,16.52,0.0,19.79,1781.3,1.0,54.0,-2.45,21.52,5.16,176.71,-0.45,1.82,25.9,1.18,17.05,-2.45,-1.63,0.83,0.0,18.79,0.83,-0.41,0.0,6.63,1
-5.04,1.0,1.0,-3.2,5.0,3.16,-88.24,2.0,0.0,-2.04,-7.13,0.98,11.57,1.84,0.0,2.0,3.0,2.25,-0.68,1.0,0.29,0.0,185.84,0.89,1.34,0.0,1.16,0
-17.17,0.0,-0.73,-39.72,2.14,12.59,221.34,1.0,0.0,-10.36,21.73,1.17,-79.43,6.59,0.0,7.18,1.0,-4.63,-1.73,2.0,-0.21,0.0,-1101.86,0.7,0.72,0.0,2.14,0
5.35,19.04,0.11,1.89,0.0,7.89,320.05,1.0,0.0,1.78,2.89,1.79,57.33,2.11,0.0,21.83,1.0,6.79,2.67,1.0,0.61,0.0,-322.01,0.81,1.0,0.0,4.67,0
2.35,5.0,1.0,4.35,9.39,1.0,32.57,1.0,0.0,0.0,-2.35,-0.32,138.87,2.78,-1.57,-1.57,1.78,2.99,-0.78,1.78,1.7,0.0,-6.26,0.96,-0.78,0.0,1.78,0
1.04,-6.74,2.0,0.11,1.04,5.81,17.45,1.0,0.0,1.0,1.0,1.88,-18.98,3.92,-0.96,4.0,1.0,1.45,-0.92,2.0,1.64,0.0,13.96,0.83,0.52,0.0,1.0,1
0.23,0.11,1.0,0.0,-0.63,43.32,168.73,1.0,-2.14,2.63,9.74,2.09,32.37,4.26,0.0,6.17,1.0,5.03,3.77,1.0,0.83,0.63,-17.75,1.07,0.84,0.0,0.49,0
6.0,-0.78,1.0,6.56,0.0,-4.59,252.37,1.0,2.0,5.44,28.03,0.76,125.09,-1.34,0.0,10.69,2.56,2.09,-0.34,0.22,0.06,0.0,18.75,0.93,0.13,0.0,2.78,0
4.0,0.93,2.0,3.0,7.0,13.87,148.93,1.0,0.0,0.93,2.13,0.55,106.33,1.93,0.0,5.93,1.0,7.16,1.87,1.93,1.67,0.93,1.87,0.86,0.93,0.0,2.93,1
1.01,0.0,2.01,6.0,3.02,7.56,127.85,1.0,0.0,11.0,18.52,-0.44,83.0,0.99,-1.01,14.09,0.49,8.35,0.0,1.51,1.46,0.0,15.0,0.92,1.51,0.0,3.01,0
-0.78,-0.78,1.0,0.0,10.0,-3.91,-11.81,1.0,0.0,0.78,11.56,-0.1,28.13,-0.56,1.0,-3.91,1.0,0.49,1.56,1.22,-0.41,0.0,-128.13,0.81,-0.78,0.0,0.78,0
0.0,0.0,1.0,-5.16,-13.18,9.0,-63.76,1.0,1.0,1.15,-9.46,1.96,-22.36,4.72,0.0,9.01,1.0,-0.95,-0.15,2.0,0.48,0.0,0.0,0.98,0.57,0.0,-1.15,0
-1.65,9.72,1.0,-2.65,-3.19,17.23,269.49,2.0,1.0,4.42,4.46,0.69,-34.47,4.88,0.0,4.88,2.0,5.65,0.0,1.0,0.8,0.0,1173.25,0.96,1.22,0.0,-0.77,0
2.53,0.0,1.0,8.16,24.69,6.84,230.69,1.0,1.69,0.0,17.1,1.01,76.36,1.0,0.0,-7.8,-0.69,9.35,3.69,1.84,1.1,0.0,-13.48,1.02,-0.14,0.0,2.0,0
2.75,0.0,1.75,3.0,0.75,4.75,120.26,3.0,0.0,8.0,17.75,-1.09,88.0,0.49,-1.51,6.75,1.25,4.18,0.0,1.75,1.91,0.0,0.0,1.05,0.0,0.0,0.0,0
0.85,2.56,1.85,-0.85,0.0,27.8,160.92,1.0,0.0,5.13,2.85,-0.28,-41.01,7.42,-2.56,30.34,1.85,5.63,-0.71,2.85,1.99,0.0,20.5,1.01,-0.43,0.0,0.85,0
2.0,9.0,1.0,1.0,0.0,0.82,179.87,5.0,2.0,2.27,22.36,0.34,46.83,-1.45,2.73,15.09,1.14,2.96,0.86,-0.86,-0.55,0.0,1.0,0.72,0.14,0.0,2.0,0
2.0,0.0,2.0,0.0,3.03,9.97,45.89,1.0,0.0,-1.94,-6.72,7.01,-83.62,3.92,4.86,14.97,0.03,3.87,0.97,0.03,0.8,0.0,0.0,0.87,1.0,0.0,1.03,0
-2.03,-0.67,1.0,0.32,-2.01,-2.71,-171.86,3.0,-6.71,9.34,14.99,0.99,68.54,2.67,0.0,-6.08,2.0,1.32,0.0,1.0,-0.31,0.0,-16.77,0.98,0.22,0.0,-2.01,0
-2.88,0.0,-0.96,0.0,0.0,-30.77,-217.5,1.0,0.96,0.0,6.73,2.99,-13.46,1.08,2.0,-10.58,2.96,-6.18,-3.85,-0.96,-0.8,0.0,-940.37,0.95,0.52,0.0,0.0,0
3.65,0.65,1.0,1.0,2.0,6.06,200.85,1.0,2.65,0.35,9.16,1.71,55.68,2.29,0.0,7.71,0.35,3.62,2.0,1.0,-0.68,0.0,9.35,0.93,0.28,0.0,2.0,0
0.0,0.0,1.63,2.37,2.63,4.41,38.44,1.0,2.63,1.63,3.89,-0.18,106.54,5.26,1.89,1.26,0.37,5.3,3.26,2.26,0.42,0.0,0.0,1.08,0.63,0.0,0.63,0
-1.86,1.86,1.93,1.0,0.0,-22.36,-346.04,-0.86,-2.8,-4.66,-5.52,2.99,83.23,0.0,3.0,-6.45,-0.93,4.0,4.93,0.93,-0.31,0.0,1.86,0.94,1.93,0.0,-1.86,0
4.48,0.0,0.9,0.9,0.9,-4.48,25.79,1.0,0.0,0.0,2.69,-4.7,82.39,4.48,-7.96,3.58,0.9,-0.53,0.0,0.9,0.35,0.0,357.31,0.36,-0.72,0.0,-0.9,0
3.97,0.0,1.97,1.93,-2.9,-1.7,-12.87,1.0,0.0,0.0,-3.66,0.15,-28.03,2.97,1.0,11.9,1.0,2.12,-0.97,2.0,2.07,0.0,15.56,0.89,1.97,0.0,2.03,0
0.0,0.0,1.0,-1.79,-1.86,5.0,135.86,1.0,-0.86,0.07,18.07,3.35,10.14,0.14,0.0,9.0,1.0,0.04,0.0,1.0,0.23,0.0,3.0,0.81,1.0,0.0,2.0,0
0.0,1.0,1.0,0.15,4.15,3.15,31.71,2.0,0.0,2.15,-3.87,3.03,22.99,0.15,0.0,1.15,3.0,6.62,2.7,1.0,0.15,0.0,185.0,0.81,0.5,0.0,0.3,0
0.0,10.0,1.0,22.0,10.22,0.43,42.86,1.0,-1.57,3.14,2.57,0.3,109.67,-0.57,0.0,10.85,1.0,9.2,1.0,1.22,2.08,0.0,-285.57,1.11,1.26,0.0,2.57,0
0.0,0.35,1.0,0.0,0.0,52.93,83.17,1.0,-0.65,4.96,-10.09,1.77,29.75,3.31,0.0,10.58,1.0,9.81,3.93,1.0,1.82,0.65,163.49,0.97,0.72,0.0,1.65,0
0.0,2.0,1.0,0.0,0.0,6.0,42.71,1.0,0.0,1.0,11.92,-0.98,75.0,2.58,2.42,13.13,0.29,2.36,0.29,1.29,0.0,0.0,0.0,0.81,1.0,0.0,0.0,0
8.96,1.91,2.96,4.0,8.0,22.14,214.47,1.0,0.0,5.79,7.04,0.16,118.84,1.96,0.0,41.84,2.0,9.91,0.0,0.04,1.93,-0.96,25.06,0.44,0.52,0.0,3.0,0
0.95,4.86,1.95,-5.72,-0.95,24.13,106.88,1.0,0.0,-3.77,-12.31,0.79,45.42,5.91,1.0,35.81,1.0,4.7,2.91,2.0,0.85,0.0,8.59,1.07,0.52,0.0,-0.95,0
-0.82,0.0,1.0,0.0,1.0,-0.12,22.73,1.0,-3.3,-6.6,12.6,0.89,-57.74,6.82,-0.82,-1.47,1.0,0.39,-0.82,1.0,-0.93,0.0,-61.86,1.32,0.0,0.0,-0.82,0
1.0,-1.05,1.0,-1.58,1.0,-19.75,-77.27,2.0,4.0,1.53,6.47,-1.82,25.1,4.0,-1.58,-0.63,2.0,1.47,0.53,1.53,0.0,0.0,331.0,0.76,0.67,0.0,-0.53,0
-1.28,0.0,1.0,0.64,0.0,3.72,31.46,1.0,1.28,7.69,5.28,0.93,55.15,3.36,0.0,2.15,1.64,2.42,0.0,0.36,0.11,0.0,-1.92,0.68,1.0,0.0,-1.28,0
2.85,2.0,1.0,0.0,17.1,-0.6,-116.34,1.0,-0.95,3.05,-3.6,-1.11,41.2,3.0,1.0,10.0,0.05,6.0,2.0,1.05,2.29,0.0,-9.25,0.97,0.37,0.0,1.05,0
-5.61,0.0,1.0,3.0,-0.41,-7.02,-191.56,1.0,0.0,0.0,-7.62,0.34,16.0,-0.6,0.0,-0.6,1.0,6.4,3.0,3.2,1.59,1.0,-19.25,0.92,0.4,0.0,-2.41,0
-1.07,0.0,1.0,10.21,0.0,-7.3,-141.33,-0.07,-1.6,-3.21,1.26,5.03,109.09,1.0,1.0,-4.35,0.47,13.4,2.53,1.53,-0.53,0.0,0.0,0.77,0.0,0.0,-1.07,0
0.0,-3.08,1.0,3.0,2.0,-3.61,8.08,1.0,0.0,0.0,5.85,-0.05,16.0,1.0,0.0,3.31,1.0,3.69,2.23,3.23,1.66,1.0,0.0,0.93,0.0,0.0,0.0,0
1.0,1.29,1.0,5.79,0.0,34.58,223.12,1.0,0.71,1.36,1.0,4.86,77.09,1.36,2.93,0.36,1.0,3.1,1.64,0.36,1.56,0.0,-0.64,1.02,-0.64,0.0,1.64,0
8.62,1.01,1.0,6.04,0.51,5.97,251.4,2.01,0.0,1.52,31.11,5.88,132.96,1.01,2.49,2.01,0.0,5.36,-0.51,-0.51,-0.6,0.0,18.0,0.98,1.0,0.0,0.49,0
0.95,0.0,1.0,0.0,1.0,4.0,-6.07,1.0,-2.84,-0.95,1.27,0.34,-50.13,6.95,-11.35,-0.89,-0.89,-25.25,0.95,1.95,1.89,0.0,-2.84,1.0,-0.47,0.0,0.0,0
0.0,-0.54,1.0,0.0,0.0,11.56,112.84,1.0,0.0,0.54,8.72,4.39,9.79,0.0,1.0,3.72,0.0,2.12,0.0,0.0,0.3,0.0,-92.43,0.96,0.27,0.0,1.54,0
0.77,1.0,1.0,0.77,0.0,2.64,212.19,1.0,2.53,10.19,24.53,-6.77,69.87,1.77,-6.89,3.53,3.53,4.08,-0.77,1.77,-0.27,0.0,13.47,0.99,0.67,0.0,0.47,0
3.0,0.0,1.0,0.0,0.0,8.74,112.97,1.0,0.0,0.0,3.39,0.91,12.19,1.13,1.0,9.0,0.13,2.44,1.74,2.0,1.44,0.0,3.0,0.86,1.0,0.0,3.87,0
-15.38,6.27,0.43,-26.21,-0.57,4.56,30.96,1.0,0.0,-3.99,-0.14,3.54,-27.35,2.57,0.0,3.42,1.0,0.63,0.86,1.0,-0.45,0.0,-533.28,0.83,0.14,0.0,-0.57,0
6.65,0.0,0.0,-2.85,0.95,9.5,286.31,1.0,-1.9,-0.95,17.11,5.58,-71.28,0.0,1.0,1.9,0.0,-1.89,-1.9,0.95,0.85,0.0,22.81,0.81,0.48,0.0,2.85,0
0.0,13.77,1.0,19.0,0.0,20.7,1112.82,1.0,0.0,-0.77,19.23,28.3,85.46,-1.53,1.77,7.77,-0.77,18.72,0.23,0.0,-1.09,0.0,27.77,0.9,1.27,0.0,2.77,0
3.0,0.0,1.0,0.0,0.0,10.79,168.61,1.0,0.95,-1.9,8.85,1.36,16.13,2.0,1.0,21.33,1.0,-0.15,-1.9,2.0,0.94,0.0,3.95,0.97,1.95,0.0,4.9,0
3.0,1.0,1.0,3.15,-0.53,10.37,107.38,1.0,-0.53,3.0,2.47,0.98,89.4,-1.1,-2.1,20.95,2.0,4.46,0.0,0.47,2.21,0.0,4.0,0.75,0.14,0.0,3.0,0
18.0,2.0,1.0,-3.5,1.63,-7.23,-6.04,3.0,-0.53,5.63,16.37,0.52,74.8,5.9,2.53,-11.57,1.0,-0.12,0.0,-0.63,0.27,0.0,-5.07,0.97,0.32,0.0,0.0,0
0.0,0.0,1.93,-0.93,10.0,4.66,67.58,1.0,-1.86,3.73,13.73,-0.42,3.73,1.0,1.0,13.04,1.93,0.31,-0.93,2.0,0.94,0.0,-8.39,0.9,0.47,0.0,0.93,0
1.96,1.0,-2.91,0.0,3.91,-47.89,-31.46,1.0,-1.96,1.0,5.93,1.14,25.0,1.04,-0.98,4.04,1.0,-11.82,0.04,2.0,-2.74,1.0,-3.87,0.91,1.65,0.0,0.02,0
2.0,-1.86,2.0,3.0,2.0,0.07,16.9,1.0,0.0,0.07,0.07,6.28,-11.81,2.0,3.72,-5.31,1.0,2.94,1.0,0.14,2.6,0.0,13.0,0.84,0.07,0.0,1.0,0
4.78,-0.59,0.41,1.0,12.7,7.41,123.03,1.0,2.0,-0.19,11.73,0.92,36.28,1.0,0.0,9.0,1.0,2.87,0.81,0.41,0.4,0.0,8.81,0.98,-0.09,0.0,2.0,0
-0.97,-2.91,0.03,0.0,0.0,-12.48,10.2,1.0,0.97,0.12,18.71,1.61,71.74,1.06,0.0,-16.42,1.97,-3.45,-1.94,1.0,-0.66,0.0,-22.34,0.93,1.49,0.0,0.97,0
-2.15,0.0,1.0,15.0,-2.87,66.57,363.58,1.0,5.0,2.87,5.43,2.06,91.91,3.43,0.0,29.3,1.72,11.05,4.87,2.28,0.44,0.0,9.43,1.02,0.86,0.0,3.15,0
0.0,1.81,1.0,0.0,-0.91,5.91,129.81,1.0,5.0,6.62,5.09,1.05,118.78,0.09,13.91,10.25,3.0,37.98,1.81,0.0,1.82,0.0,7.53,1.03,1.41,0.0,1.91,0
8.0,0.0,2.0,7.9,8.0,3.0,111.04,1.0,0.0,1.0,8.56,2.5,148.66,-0.67,0.56,13.22,2.0,12.33,1.11,1.0,1.06,0.0,4.0,0.54,0.44,0.0,3.0,0
0.21,0.0,1.0,6.28,0.21,8.14,40.1,1.21,0.86,0.21,2.29,0.64,26.72,2.43,0.0,2.0,1.21,14.35,14.13,2.57,0.79,0.79,71.91,0.74,0.93,0.0,0.79,1
0.0,0.78,1.0,3.0,1.22,5.47,33.42,1.0,2.0,3.35,0.44,1.0,87.51,2.44,0.0,3.13,1.0,6.69,2.0,0.22,0.91,0.0,134.47,1.04,0.39,0.0,0.0,0
0.52,13.0,1.0,19.0,2.08,12.09,696.52,-0.04,-1.56,-3.64,15.85,6.47,64.68,0.0,1.0,3.36,-0.52,19.46,1.52,1.04,0.61,0.52,27.0,0.92,0.76,0.0,0.44,0
-0.23,-1.23,0.39,-0.84,5.0,5.09,61.8,1.0,0.0,-19.25,9.16,1.08,60.61,-0.23,-0.61,-14.34,1.0,4.8,3.23,2.0,0.56,0.0,-25.16,0.98,-0.23,0.0,-1.07,0
2.0,0.0,1.0,1.53,0.0,1.0,43.43,1.0,2.0,1.0,-1.11,2.02,122.69,0.95,1.58,6.53,0.47,6.37,3.11,0.47,0.26,0.0,0.0,0.97,1.53,0.0,-0.53,0
1.95,1.0,1.65,0.0,0.0,23.12,204.06,1.0,0.0,-7.44,1.26,0.76,27.16,3.95,1.0,23.98,1.35,6.82,2.95,2.65,1.7,0.0,635.44,0.87,-0.35,0.0,2.65,1
0.0,-0.67,1.0,-1.35,0.0,-2.02,-186.05,1.0,-2.02,-1.35,-26.65,0.73,-54.54,2.67,0.0,-3.75,1.0,0.53,0.0,1.67,0.36,0.0,0.0,0.91,-0.67,0.0,0.0,0
-16.7,3.63,0.74,-29.08,-0.63,25.79,238.44,1.0,0.63,-0.95,15.28,1.79,-3.63,4.0,0.0,34.26,1.63,5.2,0.74,1.0,0.5,0.0,-790.89,0.97,0.45,0.0,1.63,0
3.42,0.0,1.86,3.86,2.0,5.13,104.23,1.0,2.0,1.0,8.84,0.49,153.68,7.42,0.0,3.42,1.0,4.59,2.86,1.0,-0.37,0.0,342.92,0.57,0.17,0.0,1.71,1
0.0,0.0,0.04,0.96,-1.93,1.04,23.19,1.0,0.0,3.0,0.07,2.64,16.0,3.93,0.96,5.0,1.96,4.07,2.04,0.07,-0.72,0.0,0.0,0.89,1.0,0.0,0.0,0
21.82,0.0,1.0,7.35,22.0,-10.62,79.42,1.0,9.81,9.81,-0.63,0.25,53.93,-1.45,0.0,-5.81,1.0,0.49,-0.63,1.0,0.43,0.0,-1.63,0.83,0.59,0.0,1.0,0
4.0,3.95,1.0,8.76,0.0,10.0,314.83,1.0,11.71,2.0,11.0,0.49,144.54,0.08,3.89,18.05,1.0,10.03,0.0,0.03,1.13,0.0,3.0,0.92,0.33,0.0,4.95,1
6.38,29.0,1.0,1.0,-0.62,7.88,434.76,1.0,0.0,8.25,2.25,0.66,118.22,1.62,0.0,-1.47,1.0,10.23,2.38,0.38,0.83,0.0,-47.45,1.15,1.36,-2.5,-0.12,0
11.32,11.0,2.0,3.44,0.57,-1.47,164.2,2.15,1.15,7.87,9.75,-1.28,95.6,3.72,0.0,7.72,1.0,5.71,0.0,0.43,1.37,0.0,368.0,1.03,1.0,0.0,0.0,0
1.88,0.0,1.94,0.0,0.0,25.47,425.47,2.88,2.82,10.57,14.45,-1.09,121.85,1.0,-10.33,9.39,1.94,8.42,4.94,1.0,2.19,0.0,0.0,0.85,0.0,0.0,3.82,0
1.06,0.0,0.0,1.53,0.0,-4.25,-28.74,1.0,1.06,0.53,-1.06,-0.42,37.18,1.41,1.0,2.66,2.0,2.12,0.0,0.0,0.38,0.0,-86.05,0.83,0.0,0.0,0.0,0
0.0,4.18,1.0,0.0,0.0,7.09,16.38,1.0,-0.55,-0.09,-4.54,0.93,41.75,4.0,1.0,5.0,0.45,2.46,1.55,2.55,0.09,0.0,-0.55,0.93,0.45,0.0,-1.09,0
-1.25,0.0,1.0,0.0,-1.25,0.37,-40.84,1.0,-1.25,-0.63,-21.16,1.73,-10.01,2.0,0.0,-1.25,1.0,0.91,1.0,1.63,-0.39,0.0,50.12,1.14,-0.13,0.0,0.0,0
6.0,0.0,1.0,14.0,2.0,3.07,143.92,1.0,0.0,4.0,12.86,-0.24,88.0,3.78,-0.93,2.93,2.93,5.52,0.07,1.93,1.1,0.0,1.0,1.06,0.5,0.0,3.93,1
-1.84,2.92,0.08,-0.92,-1.84,8.76,325.1,1.0,2.76,1.92,46.12,1.25,96.14,4.92,1.0,19.27,1.0,0.44,0.08,1.08,-1.91,0.0,-11.95,1.02,1.0,0.0,0.0,0
0.0,2.0,1.0,3.82,0.95,17.18,47.14,1.0,0.0,9.54,5.73,3.31,1.91,1.95,0.0,-15.27,-0.91,4.89,0.0,1.95,0.12,0.0,-10.5,0.9,0.32,0.0,0.0,0
6.37,29.0,1.0,1.0,-1.25,9.12,428.47,1.0,0.0,7.0,0.37,0.57,87.0,2.25,0.0,25.37,1.0,9.03,3.0,1.63,0.85,0.0,32.57,0.96,1.63,0.0,3.0,1
0.0,1.0,0.24,2.29,-3.05,4.18,270.31,2.53,1.0,7.11,33.69,1.71,71.2,1.76,0.0,-4.11,2.76,0.9,0.0,1.0,-0.49,0.0,15.0,0.99,-0.1,0.0,0.47,0
0.0,-6.48,1.0,-2.43,-0.81,5.24,33.0,1.0,1.62,5.62,6.0,0.73,13.46,1.81,0.0,-0.81,1.0,4.67,3.19,1.0,1.92,0.0,0.0,0.86,-0.81,0.0,1.0,0
3.2,1.0,1.0,7.53,0.0,11.61,-43.48,1.0,9.8,15.73,-33.81,0.63,80.65,-0.47,0.0,11.61,1.73,6.67,1.0,1.0,2.55,0.0,2.94,0.79,-0.24,0.0,2.47,0
1.23,0.11,0.11,0.0,0.0,10.34,71.28,1.0,0.0,-2.31,3.0,0.23,76.31,1.89,-2.66,24.66,2.0,1.12,0.0,1.89,1.67,0.0,-176.71,0.93,0.96,0.0,3.0,0
0.0,0.0,1.0,0.0,0.69,9.0,65.92,1.69,2.37,-0.69,6.11,2.13,5.48,4.37,-0.69,5.69,1.69,0.28,0.31,2.0,-0.76,0.0,226.77,1.01,0.46,0.0,-0.69,0
1.0,0.0,0.48,0.0,-0.52,2.91,44.48,1.0,2.0,2.0,0.48,2.08,25.0,1.48,6.73,-0.04,1.0,2.44,-0.56,-4.73,1.31,-0.52,0.0,0.95,0.0,0.0,1.0,0
-0.8,0.0,1.8,0.0,0.0,8.21,-108.28,-0.6,-2.4,0.8,5.2,3.95,-7.99,2.4,1.0,20.17,-0.8,5.95,-0.8,0.8,1.17,0.0,63.11,0.83,0.44,0.0,0.2,0
0.0,4.82,1.0,0.0,0.0,2.88,86.47,1.0,2.0,1.0,5.59,0.37,27.0,3.59,0.0,4.29,2.0,2.81,1.0,2.0,0.7,0.0,206.0,0.91,0.57,0.0,1.0,1
18.0,0.51,1.0,6.0,1.75,-1.24,69.71,3.0,2.0,2.02,18.49,0.38,56.47,6.24,-0.75,-3.71,1.0,-0.66,-1.49,-0.75,-0.37,0.0,-3.73,1.03,-0.75,0.0,-1.49,0
1.0,2.0,1.0,0.0,2.99,-4.96,6.13,1.0,0.0,0.0,-1.99,-0.11,0.0,1.01,3.0,-0.99,1.0,1.67,1.99,9.95,0.5,0.99,0.0,0.95,0.0,0.0,-0.99,0
-3.62,-13.98,1.0,-0.52,1.0,1.93,-122.3,1.0,0.0,0.45,12.55,1.12,64.25,2.04,0.52,-8.28,2.0,-0.99,-0.52,1.52,0.92,0.0,2.59,0.96,0.0,0.0,0.48,0
-0.87,-7.55,0.13,9.0,0.0,5.87,22.39,1.0,11.0,-4.34,4.87,2.36,53.79,-0.74,4.87,0.53,0.13,5.1,1.74,0.0,-0.03,0.0,-319.58,0.52,0.13,0.0,2.0,0
-2.92,0.0,1.0,-4.08,-1.17,67.25,34.84,1.0,-8.17,1.67,-1.08,2.46,-5.92,1.83,0.0,4.33,2.0,7.59,6.0,1.0,0.91,1.0,2.0,1.02,1.0,0.0,2.42,0
1.32,-0.32,1.0,1.98,0.0,12.34,-78.25,2.32,0.0,8.27,12.23,-17.4,74.0,3.32,-0.66,8.64,2.32,5.56,-0.66,1.0,1.68,0.0,171.34,0.97,-0.16,0.0,-0.32,0
-3.47,-1.74,1.0,7.95,0.0,5.13,10.07,1.0,-0.87,-1.74,15.31,2.24,73.94,0.13,1.0,-4.63,1.0,14.23,15.63,1.74,0.17,0.87,14.26,0.57,1.25,0.0,2.26,0
0.0,0.0,1.0,4.0,0.0,-44.34,205.37,1.0,1.0,18.02,46.7,-0.34,72.4,-0.23,1.49,15.77,3.51,-1.18,-3.72,0.26,-0.3,-0.74,40.46,0.83,0.75,0.0,0.77,0
2.07,0.0,2.0,0.0,1.07,76.34,392.1,1.0,0.0,8.73,9.86,1.88,93.29,1.0,0.0,27.66,2.93,12.61,6.59,0.07,2.39,0.93,-45.57,0.88,1.0,0.0,5.79,0
2.0,1.86,1.93,0.0,2.0,2.93,138.38,1.0,2.0,2.86,29.69,0.35,62.55,4.93,-1.86,-1.72,1.93,3.46,0.93,1.93,1.24,0.0,-2.59,0.87,1.0,0.0,1.93,1
1.0,0.81,1.81,1.0,5.0,10.0,149.56,1.0,0.0,3.44,11.81,-0.48,87.0,-0.63,-1.63,1.0,0.19,9.43,4.44,2.81,1.4,0.0,0.0,1.0,0.0,0.0,2.0,0
1.05,0.0,1.0,4.57,1.48,-4.18,-47.8,1.52,2.0,0.48,-2.7,0.44,65.07,4.0,0.0,0.52,1.52,1.39,1.48,0.48,-0.14,0.0,0.0,0.94,0.0,0.0,-0.52,0
4.15,0.72,2.0,3.0,2.0,8.16,83.44,1.0,-1.43,2.43,1.0,-0.05,95.25,1.28,0.0,15.46,1.72,5.66,1.0,2.0,4.12,0.0,15.15,0.94,0.76,0.0,2.43,0
0.52,1.04,1.0,0.0,1.04,5.52,47.18,1.0,0.0,0.0,-3.83,1.25,0.0,5.04,0.52,4.43,1.52,0.18,-0.52,1.52,0.5,0.0,0.0,0.86,1.0,0.0,0.0,0
-2.39,2.0,1.0,-0.8,-1.59,1.01,36.6,1.0,0.41,3.39,10.19,0.55,1.49,5.8,0.0,6.59,2.0,1.83,-0.59,2.0,0.89,0.0,199.62,0.92,0.97,0.0,1.0,0
0.68,9.32,1.68,24.03,12.35,-2.06,14.86,1.0,0.0,-1.35,-1.03,-0.38,107.37,0.32,0.0,2.32,1.0,6.57,0.32,2.0,2.33,0.0,-102.2,0.92,1.0,0.0,1.68,0
0.0,2.0,2.0,-2.61,-0.87,7.09,60.44,1.0,-0.87,2.0,2.87,1.11,28.26,1.87,3.48,3.74,1.0,4.0,2.0,1.87,1.25,0.0,2.0,0.86,1.87,0.0,1.87,0
1.77,1.0,1.0,1.77,4.12,-1.18,5.82,1.0,0.0,-1.71,-1.35,0.99,14.71,-0.77,0.0,-17.07,1.0,2.54,3.0,1.0,-0.3,0.0,-46.49,0.96,-0.33,0.0,0.0,0
3.42,0.0,2.0,5.13,1.29,-0.42,75.14,2.42,0.0,6.68,9.52,-0.25,120.46,0.58,0.0,6.84,1.71,6.07,1.0,1.29,3.16,0.0,13.0,0.98,1.0,0.0,0.29,0
-0.68,-2.03,0.32,0.0,0.0,-6.51,-50.42,1.0,0.0,-4.06,3.32,5.59,-35.2,4.0,3.38,-15.66,1.0,-5.05,-0.68,0.32,-0.6,0.0,-16.25,0.58,0.66,0.0,-0.68,0
7.89,0.0,2.97,2.96,9.89,3.96,94.99,1.0,0.0,0.99,9.89,-1.47,91.71,-0.97,-0.99,15.78,1.0,6.5,1.0,2.99,2.06,0.0,3.94,0.42,0.99,0.0,2.96,0
-0.91,0.91,1.0,0.0,-0.91,21.54,130.08,1.0,0.0,0.0,6.0,6.06,0.0,1.82,1.0,1.91,0.0,2.21,0.0,0.0,-0.92,0.0,0.91,0.95,0.45,0.0,1.91,0
0.02,5.06,0.02,3.0,2.96,-19.57,-96.08,1.0,0.0,-5.88,1.0,0.52,29.05,-1.94,1.0,-30.33,1.0,-2.69,1.02,1.98,0.14,0.0,-23.51,0.84,0.51,0.0,0.02,0
-0.83,0.0,1.0,4.98,0.0,6.66,93.7,1.0,0.0,9.12,14.27,6.74,68.85,3.17,5.0,3.49,1.0,6.0,1.0,-0.83,0.61,0.0,-30.69,0.75,0.0,0.0,1.66,0
0.0,0.65,1.65,0.0,0.0,22.16,261.06,1.0,0.65,0.65,20.85,4.16,2.58,0.0,-6.1,2.29,0.65,3.52,0.0,0.65,0.44,0.0,9.68,1.03,0.43,0.0,2.29,0
0.0,0.0,1.0,0.0,0.0,75.09,322.6,1.0,0.0,4.0,4.74,12.4,25.0,-0.48,8.7,4.65,1.13,11.64,6.87,0.13,1.15,1.0,3.74,1.2,1.0,0.0,5.61,0
1.35,0.0,1.0,0.0,12.14,-3.72,-10.71,1.0,0.0,-2.02,9.42,0.76,-14.83,0.65,0.0,-2.02,1.0,-0.78,-0.35,-0.35,-0.81,0.0,-58.57,0.98,-0.17,0.0,0.67,0
3.0,-0.91,1.0,3.64,4.0,8.55,363.7,1.0,0.91,18.22,34.7,0.5,60.12,0.09,0.0,13.93,4.64,4.84,0.18,1.09,1.66,0.09,30.97,0.98,0.27,0.0,1.82,1
-0.52,0.0,1.0,0.0,-0.52,1.51,25.57,1.0,1.01,0.0,3.54,1.16,0.0,4.52,0.0,2.99,1.0,-1.4,-1.01,2.0,-0.85,-0.51,237.69,0.93,1.08,0.0,0.0,0
-0.8,0.0,1.0,9.0,22.2,5.2,230.61,1.0,0.0,3.22,29.44,0.39,124.4,1.8,0.0,3.2,1.8,11.28,3.61,1.0,0.55,0.0,0.0,1.03,0.0,0.0,2.0,0
0.0,-1.93,1.0,0.0,0.0,3.07,-195.13,1.0,0.0,7.85,13.81,-26.08,95.73,4.93,-0.96,11.66,1.96,4.84,-0.96,1.0,1.14,0.0,0.96,0.92,1.0,0.0,0.0,0
0.0,1.0,1.0,1.0,5.94,1.17,72.17,2.0,0.0,3.0,10.83,-0.81,62.0,1.0,0.0,2.94,3.0,5.56,0.06,1.0,0.88,0.0,185.0,0.6,0.5,0.0,2.0,0
3.65,-0.82,1.0,4.65,-4.12,4.0,167.47,3.82,0.0,12.12,24.42,0.46,109.44,2.82,0.0,9.3,1.18,0.44,-0.82,1.0,1.02,0.0,-152.55,1.06,-0.41,0.0,-1.65,0
-19.2,0.77,-0.54,-34.33,13.06,4.46,111.43,1.0,0.0,-9.22,33.98,2.77,29.34,1.0,1.0,12.54,1.0,-3.57,-1.54,-0.77,-0.93,0.0,-985.55,0.82,0.09,0.0,4.0,0
1.63,2.0,1.0,0.0,1.63,18.56,141.89,1.0,1.63,0.81,28.52,3.15,13.04,1.0,0.0,-3.26,1.0,1.97,0.0,1.0,0.1,0.0,2.44,1.02,0.0,0.0,0.81,0
0.0,0.0,1.0,-2.55,0.0,1.7,274.39,1.0,0.85,17.87,34.78,-3.2,-7.66,2.85,-0.85,14.46,4.4,-7.36,-1.7,1.0,1.23,0.0,30.63,0.98,0.64,0.0,3.55,1
23.63,0.0,1.53,0.53,22.53,-1.58,92.03,1.0,0.0,0.0,4.15,-0.67,48.34,2.05,0.0,5.05,1.0,4.63,1.0,0.47,1.0,0.0,210.68,0.67,1.11,0.0,1.53,0
28.0,0.0,3.7,45.3,1.0,2.0,128.09,1.0,0.0,12.0,10.35,-1.03,92.0,-1.09,0.7,4.17,-0.39,8.34,2.7,1.0,1.78,0.0,1309.57,0.96,1.45,0.0,1.0,0
1.2,0.0,1.0,0.0,2.0,5.22,192.75,1.0,0.39,-0.61,40.61,4.41,-4.11,6.41,-0.8,2.0,1.0,-0.97,0.0,1.0,-0.85,0.0,133.33,0.77,1.8,0.0,0.2,0
-2.24,0.0,-0.49,0.0,1.0,-22.9,-218.35,1.0,0.0,0.0,-2.74,2.36,-56.04,-0.99,0.0,-15.93,0.25,-3.35,0.01,9.51,-0.12,1.0,-731.51,0.88,-0.34,0.0,-1.49,0
-1.18,0.59,1.0,1.23,2.0,0.41,-2.71,-0.18,0.0,-4.13,-1.54,0.5,-16.43,1.0,0.59,3.95,1.0,4.21,3.59,4.59,1.96,1.0,0.0,0.92,0.0,0.0,1.18,0
0.0,0.0,1.0,0.0,0.94,21.16,330.65,1.94,0.94,0.0,9.55,5.91,0.0,7.81,0.0,3.81,1.94,4.74,-0.87,-0.87,-1.26,-0.94,955.2,0.87,1.31,0.0,0.0,0
1.0,1.54,1.0,-6.93,1.0,-32.11,-192.3,1.0,0.0,0.0,-1.31,-3.6,-77.01,3.77,-2.31,1.69,1.0,0.81,0.0,3.54,0.64,0.0,52.0,0.97,1.0,0.0,-1.54,0
0.0,-0.54,1.0,0.0,1.0,4.0,24.08,1.0,0.0,-1.62,1.0,1.81,0.0,2.54,0.0,2.0,1.0,1.92,2.46,11.0,1.0,1.0,0.0,0.9,0.0,0.0,0.0,0
0.75,0.25,1.0,0.0,1.49,2.0,-61.97,1.0,0.0,-4.71,-9.17,0.34,4.09,0.25,0.0,-10.44,0.51,-4.65,0.75,1.49,1.79,0.75,-41.03,0.92,-0.5,0.0,0.0,0
4.79,-4.44,1.0,3.4,9.05,11.37,408.99,-1.42,8.79,-0.42,10.79,0.68,37.59,1.4,0.0,7.7,0.4,4.03,0.0,2.21,1.61,0.0,24.4,0.94,0.06,0.0,1.79,0
0.72,5.0,1.0,2.72,0.0,-0.45,70.81,1.0,1.45,8.69,5.07,-1.87,132.25,2.72,-3.62,0.72,2.45,4.77,-2.9,1.72,1.37,0.0,-2.17,1.03,0.36,0.0,1.72,0
1.48,0.0,1.76,-4.33,2.0,13.33,-69.77,1.0,-8.66,-1.29,-1.33,1.1,53.05,-1.29,0.0,12.05,1.76,4.13,2.76,1.0,0.76,0.0,9.24,0.96,0.5,0.0,2.0,0
0.0,0.0,5.08,0.0,1.0,50.87,105.22,1.0,1.63,-3.26,-2.34,0.57,-51.4,4.0,0.82,12.61,1.0,13.56,1.63,2.0,4.06,0.0,4.9,0.93,-0.54,0.0,3.45,1
-0.74,-8.19,0.26,0.0,1.0,49.94,131.94,1.0,0.0,-0.74,7.23,2.55,-14.15,4.74,0.0,4.23,1.74,3.58,4.47,2.0,0.0,0.74,-272.58,0.89,0.0,0.0,3.23,0
0.8,-0.8,1.0,0.0,0.0,1.6,29.43,1.0,1.6,3.8,3.6,0.05,59.79,3.0,1.8,3.0,1.0,6.47,-0.8,2.0,0.32,0.0,0.0,0.99,1.0,0.0,1.0,0
2.0,0.0,2.0,0.0,4.0,13.4,98.98,1.0,-0.88,-5.27,-2.27,5.34,-61.54,2.76,0.0,4.33,1.0,1.05,0.88,1.0,1.06,0.0,139.79,1.01,1.0,0.0,-0.64,0
0.0,3.42,2.0,-5.13,0.0,13.42,179.68,1.0,1.0,2.14,5.29,0.31,-27.68,3.86,0.0,20.71,1.0,3.82,1.14,2.86,2.81,0.0,19.0,1.19,0.8,0.0,3.14,0
0.0,-1.67,0.16,-7.52,0.0,-0.18,-39.95,1.0,-9.2,3.0,2.66,2.59,-21.91,4.67,-0.67,-0.34,1.84,-0.53,0.0,2.0,-0.7,0.0,0.0,1.14,0.16,0.0,-0.67,0
0.0,-0.58,1.0,0.0,0.58,-1.15,37.15,1.0,0.0,1.15,17.77,0.34,49.6,-1.15,2.0,4.85,0.58,1.68,1.0,0.0,0.37,0.0,7.42,0.83,0.71,0.0,0.0,0
1.51,-5.02,2.0,-11.05,-5.52,12.51,196.13,1.0,1.0,3.0,9.51,1.18,3.32,3.5,0.5,22.01,1.0,2.96,1.5,2.0,1.67,0.0,20.51,0.82,0.8,0.0,5.0,1
2.0,-1.96,2.0,2.0,15.0,4.0,98.0,1.0,0.98,1.96,13.02,-2.55,140.91,2.96,-0.98,7.89,2.96,10.65,0.02,1.98,1.93,0.0,2.98,0.99,1.48,0.0,3.98,0
-2.95,-0.98,1.0,0.0,1.0,-0.86,16.62,1.0,1.0,1.98,8.9,1.73,42.14,6.97,4.0,-16.68,0.02,1.53,2.0,2.0,-1.58,0.0,-3.93,0.93,1.33,0.0,-1.95,0
-3.58,-0.79,1.0,0.0,0.0,52.87,39.23,1.0,-0.9,4.79,-6.17,2.85,-26.88,3.0,0.0,-8.86,1.9,11.53,9.38,2.0,0.18,0.9,3.1,1.01,1.6,0.0,0.0,0
1.45,0.0,1.73,2.0,2.18,10.63,163.15,1.0,0.0,1.0,12.45,1.21,81.0,0.27,0.0,31.7,3.0,2.89,-2.18,-7.25,0.93,-0.73,26.0,0.92,1.39,0.0,3.45,0
0.0,0.0,1.0,0.0,-0.7,-2.78,4.92,1.0,0.0,0.0,4.52,1.83,0.0,-0.78,0.0,-0.7,1.0,4.37,1.39,1.0,0.44,0.0,0.0,0.82,1.0,0.0,0.0,0
-1.52,0.0,1.0,1.0,1.0,-16.53,-264.1,-0.52,-2.29,-2.05,9.66,-0.25,6.36,3.76,0.0,-2.81,0.24,3.06,1.52,2.52,-0.35,0.0,0.0,1.02,0.76,0.0,-0.29,0
2.0,0.0,2.0,9.63,2.0,-4.69,75.44,1.0,0.0,1.0,4.79,2.06,152.78,2.95,0.0,3.05,1.95,15.9,1.0,2.0,2.6,0.0,13.0,0.98,1.0,0.0,1.0,0
-0.64,0.0,1.0,-2.27,1.73,12.45,169.99,0.18,3.27,7.54,9.36,1.14,88.64,1.0,0.82,1.82,0.18,8.95,2.0,2.0,2.35,0.0,61.31,0.73,0.82,0.0,2.0,0
30.39,23.46,1.0,4.64,3.0,12.43,1182.75,1.0,44.65,2.0,15.21,-3.66,152.96,0.72,-2.57,33.83,1.64,9.26,-0.64,1.0,2.44,0.0,25.0,1.02,0.67,0.0,6.21,0
-0.7,1.0,1.0,0.0,0.0,46.5,182.63,1.0,-1.39,2.39,4.39,2.0,25.0,3.7,-0.7,11.56,1.7,6.5,5.48,2.0,0.42,1.7,3.39,0.92,1.7,0.0,2.39,0
-2.03,0.0,1.0,0.0,-2.71,8.39,92.23,1.0,5.68,3.0,6.68,2.55,78.0,2.35,13.0,4.35,3.0,31.34,-0.68,0.0,-0.9,-0.68,3.0,1.03,0.16,0.0,1.0,0
2.07,1.0,1.0,2.0,0.0,0.55,364.6,1.0,3.0,2.0,49.69,0.76,114.81,0.93,0.0,16.45,1.69,-1.22,-2.07,1.0,1.32,0.0,1.38,0.99,1.11,0.0,2.38,0
1.43,2.0,1.0,2.15,0.0,5.28,95.79,2.43,0.0,6.74,11.32,0.36,138.12,2.57,1.0,11.0,1.72,4.51,1.0,2.0,0.2,0.0,0.0,1.18,0.28,0.0,0.0,0
23.51,0.0,3.0,41.51,1.0,2.9,-29.27,1.0,0.0,7.51,-15.95,0.37,43.53,1.9,0.9,-4.49,1.0,3.72,1.1,1.0,2.82,0.0,1304.0,0.99,0.75,0.0,0.1,0
0.82,-7.41,1.0,0.0,1.65,6.65,-11.26,-2.29,0.0,1.53,-1.58,1.57,40.25,1.18,-0.82,-7.7,0.18,6.59,1.65,2.82,0.4,0.0,7.41,0.92,0.59,0.0,1.0,0
-2.67,5.5,1.0,0.92,0.08,-8.17,-127.63,4.67,-2.75,0.92,7.42,0.46,26.61,3.92,0.92,-4.26,1.0,-1.96,0.0,1.08,-0.43,0.0,20.81,1.17,1.73,0.0,-4.59,0
1.0,0.0,1.0,2.57,0.36,6.29,279.65,2.0,3.36,14.51,28.87,1.42,91.54,2.71,0.0,12.94,4.57,3.19,0.0,0.36,-0.04,0.0,118.7,1.12,0.72,0.0,1.93,0
0.0,1.0,1.0,-5.53,0.0,0.92,-32.76,1.0,0.0,-7.14,-9.14,1.46,-76.49,4.69,0.0,-5.53,1.0,-0.33,3.0,1.0,-0.33,0.0,-13.82,0.99,-0.92,0.0,-1.84,0
0.0,0.0,1.0,0.82,0.82,10.63,52.16,1.0,1.0,-3.26,-2.9,2.28,17.95,5.45,0.0,5.0,0.18,-0.39,0.18,2.82,0.47,0.0,0.0,1.04,0.0,0.0,0.0,0
0.0,0.0,1.0,3.0,2.71,0.0,31.23,1.0,3.42,1.0,3.42,0.37,75.0,4.0,0.0,-3.56,1.0,3.43,2.0,1.71,0.0,0.0,260.36,1.09,-0.24,0.0,0.0,0
2.0,0.0,1.0,6.34,0.0,-33.25,-7.09,3.0,0.0,6.33,16.44,0.04,121.36,0.89,0.0,1.0,1.44,-0.38,-2.22,1.0,0.23,-0.56,-1.11,0.75,-0.56,0.0,-1.11,0
2.71,0.0,0.29,0.0,3.0,11.82,245.12,2.42,2.13,-0.71,2.71,1.97,7.11,-1.13,0.0,-12.07,1.71,-1.17,0.71,0.29,-0.08,0.0,-56.19,1.12,-0.4,0.0,0.71,0
-1.7,0.85,0.15,-0.7,-12.73,-0.85,13.08,1.0,0.0,0.85,-1.55,3.79,59.26,0.85,3.85,8.64,0.85,-6.47,4.0,0.85,-0.11,0.0,-1.7,0.88,0.58,0.0,-0.85,0
2.54,3.0,2.0,0.0,0.54,6.84,54.82,1.0,-2.7,5.38,-0.7,0.95,26.82,4.08,-3.03,8.54,-0.08,-10.67,1.0,2.08,0.88,0.0,230.5,1.01,0.94,0.0,-0.54,0
0.0,0.0,1.0,0.0,0.0,-3.29,61.89,1.0,0.0,7.68,15.45,-0.45,103.53,1.16,0.0,0.24,1.92,7.56,0.92,0.08,0.31,0.0,0.0,0.97,1.0,0.0,0.0,0
2.0,9.88,1.0,1.0,0.0,11.29,232.38,5.0,2.0,2.24,13.76,0.79,92.64,2.0,1.0,18.47,2.0,0.2,-0.88,-0.88,1.74,0.0,1.0,1.02,0.12,0.0,2.88,0
1.0,12.0,2.0,0.0,0.0,12.0,161.03,1.0,0.0,5.0,-2.0,0.83,49.51,2.5,0.5,5.5,1.0,5.92,1.0,1.5,1.43,0.0,369.5,1.0,1.0,0.0,0.0,0
0.97,-1.94,1.97,-1.94,0.0,23.36,175.84,1.0,2.0,6.82,4.94,1.26,1.55,3.94,0.0,37.99,1.0,9.24,1.94,1.0,0.9,0.0,24.27,0.96,1.48,0.0,1.0,0
0.0,0.0,1.0,0.87,0.0,2.87,81.91,1.0,0.0,-9.1,9.49,2.2,71.97,1.0,0.87,6.11,0.13,2.92,3.13,0.13,0.69,0.0,13.97,0.71,-0.29,0.0,3.62,0
-1.53,1.69,1.84,-2.53,-10.12,5.84,55.91,1.0,4.0,9.69,-5.91,1.08,37.94,1.0,1.0,1.31,1.0,7.2,2.69,1.0,2.25,0.0,76.69,0.67,1.84,0.0,1.0,0
0.0,1.0,1.0,1.0,4.39,4.61,73.26,2.0,0.0,5.44,10.44,0.63,98.62,1.0,0.0,2.61,3.0,7.44,-0.83,-4.49,0.15,-0.61,185.0,0.95,1.11,0.0,2.61,0
0.0,-0.61,1.0,3.0,2.61,-8.51,-17.64,1.0,2.0,-0.82,1.39,0.82,61.63,2.78,0.0,-9.12,1.0,-0.8,2.0,7.08,-0.24,0.61,-1.22,0.97,-0.3,0.0,-0.61,0
-30.06,-26.69,1.0,4.75,0.0,21.16,-702.36,1.0,-42.72,3.0,1.21,4.08,25.96,3.21,0.0,1.18,0.21,15.71,4.58,1.79,0.74,0.0,2.0,0.99,0.5,0.0,-2.96,0
2.0,-0.81,1.0,3.81,0.0,4.0,133.38,3.0,0.0,5.57,17.0,2.62,168.95,1.19,2.43,6.81,1.19,3.05,0.81,0.19,0.78,0.0,0.0,1.03,0.81,0.0,0.0,0
-14.07,1.0,-0.0,-23.11,-0.5,6.51,245.04,1.0,0.0,8.97,20.5,15.2,37.78,0.5,0.5,5.0,1.5,0.8,0.5,1.0,-0.26,0.0,-654.66,0.98,1.13,0.0,1.5,0
5.28,-0.76,1.0,1.48,12.0,2.28,-152.3,1.0,-2.28,-1.52,-23.63,0.31,26.53,0.24,0.76,0.96,1.0,3.95,0.0,1.76,1.0,0.0,2.28,0.75,0.0,0.0,2.52,0
0.75,9.25,1.0,22.0,11.0,5.75,70.77,1.0,3.0,3.75,0.25,-0.24,135.55,1.0,0.75,5.25,1.0,7.96,-0.5,2.0,3.49,0.0,56.3,0.75,1.75,0.0,1.75,0
6.0,0.04,1.0,4.0,3.96,18.82,551.37,1.0,10.0,1.04,21.56,0.22,174.22,0.09,0.0,20.04,1.96,0.17,-3.82,0.04,2.52,0.0,21.18,0.94,-0.29,0.0,3.96,0
2.71,0.0,1.9,2.71,5.43,13.95,193.2,1.0,1.0,2.0,14.71,0.25,136.07,0.19,0.0,13.9,2.0,6.71,0.0,0.1,1.93,0.0,-46.03,0.83,0.1,0.0,3.81,0
0.0,1.0,-2.24,0.0,0.0,-24.45,-1.14,1.0,-1.08,1.0,4.0,2.78,19.0,0.92,5.41,-7.65,1.0,-7.28,0.92,0.46,-1.41,0.0,-3.24,0.88,-0.18,0.0,-0.62,0
3.66,0.0,1.0,5.66,2.0,6.0,400.82,1.0,16.68,8.67,8.97,0.65,87.0,3.33,0.67,20.34,1.0,6.41,0.67,1.67,2.06,0.0,52.28,0.58,1.67,0.0,3.67,1
7.11,2.0,2.85,7.26,0.0,11.41,340.72,1.0,1.7,42.96,29.89,-1.67,154.32,2.3,-0.7,30.11,1.15,15.14,1.7,1.85,2.58,0.0,41.0,1.08,0.38,0.0,6.7,1
-20.1,-18.52,1.0,0.0,1.0,8.65,-401.0,1.0,-28.57,0.0,14.52,2.0,2.65,3.47,0.0,-1.29,0.47,-2.01,0.0,2.0,0.56,0.0,8.46,0.52,0.35,0.0,-0.53,0
2.83,2.0,1.0,4.47,1.13,-2.93,244.01,1.0,16.09,4.53,10.23,0.66,99.36,2.13,4.0,0.6,1.0,6.26,-1.13,-1.13,0.72,0.0,-3.4,0.55,1.28,0.0,3.13,0
-5.72,-0.95,1.0,-3.81,-2.86,1.51,-324.16,1.0,-9.53,0.95,0.28,12.22,-35.28,0.95,10.95,-16.16,0.0,3.64,1.0,0.95,-1.15,0.0,-21.84,0.91,1.32,0.0,1.09,0
0.0,4.0,1.0,0.0,-0.97,8.91,32.36,1.0,0.0,0.0,-4.85,3.78,0.0,-3.82,5.82,2.97,0.03,4.1,4.88,1.03,0.47,0.0,2.91,0.83,0.49,0.0,0.0,0
1.0,2.02,2.0,0.0,0.0,9.32,178.7,1.0,0.0,6.0,5.9,10.71,52.0,0.1,9.75,24.22,-0.95,6.56,1.02,0.02,1.69,0.0,25.95,0.96,0.5,0.0,1.98,0
2.0,10.31,1.0,1.0,-0.65,4.69,215.68,5.0,2.0,4.0,17.24,2.37,90.0,-0.62,1.65,23.96,1.35,7.07,0.65,-1.31,-0.17,0.0,1.0,1.24,1.0,0.0,2.65,0
4.0,0.0,2.0,-1.0,0.0,41.97,408.68,1.0,-1.99,1.0,9.98,1.4,5.31,4.0,1.0,26.99,1.0,7.39,3.0,3.0,1.69,0.0,981.99,0.81,0.45,0.0,4.99,1
1.54,0.0,1.0,1.54,6.17,3.97,78.86,1.0,0.0,1.94,10.54,1.24,78.43,3.0,0.0,5.06,1.0,2.04,-2.06,1.0,-0.0,0.0,0.0,0.92,1.0,0.0,0.0,0
2.0,0.0,1.0,2.17,1.92,6.71,74.56,1.0,-1.08,-0.54,3.62,3.41,13.53,-0.62,0.54,5.54,1.0,7.68,0.0,1.0,0.57,0.0,0.0,0.97,0.0,0.0,0.0,0
0.0,0.62,0.0,0.0,0.0,3.08,68.9,1.0,1.23,-1.23,3.69,6.1,16.61,2.46,1.0,3.08,0.62,-0.95,-1.23,0.62,0.33,0.0,126.7,0.87,0.35,0.0,0.62,0
0.0,2.01,1.0,1.01,0.0,18.0,102.62,1.0,5.53,3.0,1.5,-1.65,17.98,4.0,1.51,18.51,1.0,6.25,1.99,0.5,1.82,0.0,2.0,0.81,1.0,0.0,2.01,0
-3.04,0.0,1.76,0.0,0.0,-1.83,-113.34,1.0,-0.76,0.0,-2.83,0.93,-3.79,2.48,0.0,-7.66,1.0,0.97,1.52,1.0,0.4,0.0,-0.76,0.62,1.51,0.0,-1.52,0
0.0,0.0,1.0,0.96,0.0,-6.53,96.49,1.0,0.96,4.96,21.49,-2.21,139.86,4.92,-0.96,10.69,1.96,1.7,0.0,1.96,0.06,0.0,2.88,0.96,1.96,0.0,0.96,0
-2.24,5.35,1.0,0.56,-0.56,-1.59,0.47,3.24,-1.68,0.56,16.91,3.56,16.21,0.56,1.56,1.97,0.0,5.77,1.0,-0.56,-0.26,0.0,-19.0,1.06,0.45,0.0,-1.79,0
0.76,1.0,1.0,0.0,2.29,10.64,234.54,1.76,0.0,1.0,15.59,-0.41,33.0,2.76,1.0,10.24,2.76,6.6,0.24,1.24,1.64,0.0,648.06,0.82,0.25,0.0,2.76,1
-5.86,1.0,1.0,-13.68,-1.95,9.09,-31.53,1.0,0.0,-0.91,-2.86,1.25,-69.99,2.98,0.0,8.93,0.02,2.08,-0.98,1.0,1.25,0.0,171.02,0.9,0.01,0.0,-1.93,0
0.0,0.0,1.0,0.0,0.0,-3.97,-51.38,1.0,-0.99,-1.98,-5.91,2.53,-60.48,2.0,0.0,-12.89,0.01,1.32,1.98,1.0,0.2,0.0,-0.99,0.81,-0.99,0.0,-0.98,0
-6.6,1.0,0.05,-3.8,-7.6,5.1,17.04,1.0,0.0,3.95,1.15,1.35,-9.36,3.95,0.0,-5.45,0.05,3.25,3.9,2.0,1.73,0.0,160.2,1.59,0.05,0.0,-2.85,0
0.0,0.88,1.0,0.88,0.0,13.76,94.8,1.0,-1.76,-0.88,1.59,12.97,-7.05,-1.76,10.0,0.12,-0.88,3.44,0.12,-0.88,0.57,0.0,-174.25,0.88,1.38,0.0,3.88,0
-0.14,0.43,0.43,9.0,0.0,11.82,101.22,1.0,12.0,11.02,-1.14,2.24,48.78,-0.14,-2.27,0.45,1.0,1.39,0.43,1.0,0.49,0.0,-115.95,0.77,-0.38,0.0,1.0,0
0.0,9.21,1.0,22.0,11.0,10.64,50.71,1.0,0.0,-2.36,1.0,1.35,83.0,-1.36,0.79,3.79,0.21,2.92,-0.57,1.21,1.77,0.0,-3.14,0.89,0.21,0.0,1.0,0
-1.42,0.0,1.71,0.0,-1.83,11.08,93.06,1.0,0.0,5.66,5.95,0.74,41.05,4.12,0.0,23.94,1.0,5.73,1.58,10.29,0.82,0.29,55.91,0.74,0.04,0.0,1.42,1
28.0,-0.54,3.0,47.61,2.08,1.46,120.62,1.0,0.0,10.92,0.39,-0.08,65.09,1.0,0.0,0.54,0.46,8.23,3.61,3.15,2.52,0.54,1304.0,0.99,0.75,0.0,1.0,0
-1.56,0.0,1.78,0.0,1.0,-7.68,-190.35,-0.56,-1.56,-3.11,-0.56,0.02,-17.91,3.56,0.0,9.01,0.22,3.19,3.78,12.56,1.86,1.0,14.79,0.91,0.62,0.0,0.78,0
1.7,0.0,0.85,1.0,3.4,4.25,6.09,1.0,-0.85,-1.7,-7.66,2.71,-51.9,2.15,1.0,0.85,1.15,1.3,0.0,0.0,0.65,0.0,-0.85,0.82,0.0,0.0,0.0,0
-1.28,3.55,2.0,-2.18,-1.64,2.99,-135.12,1.0,-5.46,5.91,2.55,2.97,18.75,1.91,4.55,0.35,0.45,7.58,1.55,0.45,-0.04,0.0,190.35,0.99,0.3,0.0,-1.09,0
0.0,2.0,1.0,0.0,0.0,5.0,349.0,1.0,0.0,0.0,3.0,29.08,0.0,0.0,1.0,2.0,0.0,2.2,1.0,1.0,0.0,0.0,1.0,0.98,1.0,0.0,2.0,1
-0.64,-1.27,1.0,1.27,0.0,-3.18,-67.82,1.0,-0.64,3.18,3.73,-0.0,9.55,1.36,0.0,-12.09,1.0,2.74,0.0,0.36,0.85,0.0,-1.91,0.98,-0.21,0.0,-0.91,0
-0.73,1.73,2.0,0.0,-2.6,14.87,420.12,1.0,0.0,8.0,8.87,24.68,58.0,3.13,0.87,31.4,0.13,8.5,0.87,1.0,1.41,0.0,79.87,0.67,1.42,0.0,3.73,0
0.01,0.0,2.0,-1.0,3.0,37.86,288.94,1.0,0.0,1.99,-0.98,1.35,-16.92,0.0,0.0,32.91,1.0,9.0,2.99,2.0,1.86,0.0,575.11,1.42,1.25,0.0,2.0,0
4.55,1.0,1.65,1.95,5.19,23.7,112.95,1.0,-1.3,-7.14,2.0,1.61,4.55,4.0,-0.65,18.44,2.0,4.24,2.0,1.0,1.27,0.0,2.6,0.57,1.0,0.0,3.3,0
1.0,0.0,1.0,1.0,5.0,-28.21,25.56,1.0,0.0,-1.25,10.44,0.1,72.95,1.56,0.0,-4.06,0.44,1.58,-1.37,2.56,0.84,-0.56,-1.12,0.99,-0.56,0.0,0.88,0
0.0,3.0,1.0,1.97,0.0,7.0,73.5,1.0,0.0,0.0,-1.87,5.2,115.86,1.06,2.91,4.97,0.03,4.72,3.87,0.03,-0.4,0.0,6.0,0.79,1.97,0.0,1.03,0
1.72,0.43,1.0,2.3,2.3,-2.3,-55.32,1.57,0.0,-2.17,-9.35,1.16,-8.62,2.43,0.0,-6.47,0.43,1.56,4.0,2.0,0.3,0.0,-27.61,0.93,0.62,0.0,0.0,0
0.0,0.0,1.0,-5.07,0.0,-0.85,26.69,1.0,0.0,4.85,11.54,-0.51,22.87,2.85,0.0,4.23,2.0,7.26,2.0,1.0,1.72,0.0,0.0,1.36,0.0,0.0,-0.85,0
5.59,-1.4,1.0,11.79,28.59,7.4,271.59,1.0,0.0,-0.7,27.19,0.22,119.02,1.0,0.0,13.77,1.7,7.78,0.6,1.0,1.71,0.0,1.4,0.63,0.0,0.0,3.4,0
6.76,3.0,2.0,0.0,2.47,26.11,372.55,1.0,0.0,6.0,15.15,-0.01,52.0,4.0,0.0,29.71,1.0,9.66,2.0,1.82,1.95,0.0,43.73,1.24,0.09,0.0,3.47,0
0.0,0.0,1.97,3.0,2.0,-3.89,-293.06,1.0,2.0,2.94,1.03,-26.54,123.6,4.97,-0.97,0.0,1.97,5.0,2.97,1.0,0.65,0.0,0.97,0.92,0.0,0.0,-0.97,0
13.07,-3.4,1.0,3.22,0.0,11.78,1058.81,1.0,13.0,16.85,69.26,1.65,100.55,1.0,0.07,33.15,2.93,3.18,-1.85,1.0,0.5,0.0,497.0,0.75,-0.59,2.0,10.0,1
3.61,0.61,1.0,0.0,-14.1,6.39,36.74,1.0,7.36,9.19,-8.1,1.01,-0.61,2.0,1.0,9.61,1.0,2.2,-0.61,2.0,0.8,0.0,3.0,0.84,1.0,0.0,2.39,0
-0.56,2.23,1.0,0.0,0.0,1.56,27.44,1.0,-1.12,-1.12,1.44,1.16,-13.95,4.0,-0.56,0.56,1.0,-0.62,0.0,2.56,-0.56,0.0,0.0,0.95,0.0,0.0,0.44,0
0.0,0.0,1.0,-7.96,-19.45,5.0,-116.87,1.0,0.0,0.0,-14.91,7.43,-78.68,6.65,5.0,1.0,1.0,-4.83,-0.77,0.88,-0.21,0.0,0.0,0.5,0.0,0.0,-1.77,0
0.56,13.0,1.0,19.0,0.0,26.89,891.44,1.0,0.0,-1.11,14.44,6.89,52.18,1.11,1.0,37.58,-0.56,19.48,1.56,0.56,0.64,0.0,69.26,0.69,0.73,2.22,4.22,1
0.95,0.0,1.0,-6.68,0.0,4.0,65.57,1.0,2.91,7.91,5.18,-3.05,-1.54,3.95,0.0,12.0,1.0,-5.83,-0.95,1.0,2.17,0.0,3.0,0.99,1.0,0.0,3.95,0
0.0,0.0,1.0,7.55,1.0,13.55,53.0,1.0,0.0,-1.89,1.22,1.04,-33.03,4.0,0.0,-0.83,1.0,14.19,15.1,3.89,-0.27,0.94,0.94,0.59,0.94,0.0,1.94,0
1.08,1.0,1.0,0.0,1.62,6.0,162.76,1.0,0.0,7.38,17.84,1.26,53.32,0.92,-0.54,16.08,3.0,9.08,1.0,0.46,0.92,0.0,55.0,1.0,0.13,0.0,0.46,0
-0.97,0.0,0.03,0.0,-0.93,-1.8,45.53,1.0,0.0,2.0,10.03,3.48,86.0,2.93,1.93,-0.97,2.97,-1.69,-1.93,-1.9,-1.77,-0.97,0.0,0.83,0.0,0.0,0.03,0
0.09,0.0,1.0,0.0,-1.82,-6.86,-142.03,0.09,1.09,2.0,-1.74,1.47,25.0,2.0,1.0,-0.82,0.09,-1.38,1.0,1.91,0.78,0.0,-773.67,1.07,-0.3,0.0,1.0,0
0.0,0.0,1.0,0.0,-8.17,7.27,104.21,1.0,0.82,4.63,7.63,0.89,104.85,3.82,0.18,13.62,1.82,7.28,0.0,1.18,0.54,0.0,0.82,0.99,1.82,0.0,2.63,0
4.97,-0.99,2.0,0.0,2.96,34.03,214.79,1.0,0.0,-6.87,-12.74,0.94,-6.81,3.01,0.0,14.14,-0.97,-0.81,3.01,2.0,1.46,0.0,924.79,0.87,-0.2,0.0,1.01,1
0.0,4.95,6.0,1.98,0.0,59.01,150.97,1.0,2.0,-2.97,-1.98,-0.05,53.41,3.0,1.0,11.05,1.0,15.44,-0.97,0.01,6.38,0.0,6.0,1.02,-0.66,0.0,3.99,0
-1.31,7.22,1.66,0.0,0.0,1.97,46.9,1.0,0.0,3.28,11.06,0.63,28.87,0.0,1.34,1.03,0.0,2.31,1.0,-0.66,0.06,0.0,239.46,0.67,0.0,0.0,-1.97,0
-1.97,0.99,0.01,7.01,-9.87,9.0,-9.48,1.99,0.0,2.96,-4.92,0.6,6.24,2.0,0.0,2.0,2.97,8.6,18.0,3.0,0.23,1.0,181.64,0.62,1.0,0.0,0.01,0
-1.79,0.0,0.37,-3.16,2.0,-0.53,4.84,1.0,0.74,-3.42,25.73,1.81,-33.94,5.26,1.26,-1.79,1.63,-3.44,-1.26,0.37,0.19,0.0,3.0,0.67,1.0,0.0,-0.26,0
19.64,19.64,1.0,0.56,0.0,1.63,638.76,1.0,35.3,3.0,6.0,1.27,131.3,1.0,13.0,9.73,3.56,34.14,0.0,-1.12,0.19,0.0,1.32,0.98,-0.06,0.0,2.12,0
0.0,0.81,1.0,0.0,2.0,11.58,7.53,1.0,-4.07,0.0,-1.26,0.04,-45.59,3.44,-10.58,11.4,-0.63,-16.7,3.44,2.81,1.7,0.0,-0.81,0.85,0.0,0.0,0.0,0
8.0,0.0,2.0,4.63,8.63,-3.96,44.81,1.0,0.0,1.63,13.69,-7.27,122.1,2.9,-6.33,16.0,2.63,3.21,-0.63,1.63,1.17,0.0,2.73,0.4,0.37,0.0,2.37,0
3.0,0.0,0.18,3.0,12.0,-2.47,-13.22,1.0,0.0,-1.65,2.41,2.17,60.01,-0.65,0.0,-5.05,0.18,-0.71,0.0,0.18,-0.03,0.0,-1.65,0.65,-0.82,0.0,-0.65,0
5.39,0.0,2.0,3.59,0.0,13.59,329.45,1.0,2.8,9.29,24.96,-1.99,26.14,3.9,-2.69,23.49,1.9,7.59,0.2,2.9,2.71,0.0,19.0,0.92,-0.1,0.0,5.8,0
0.0,-1.48,1.0,0.0,0.0,5.26,75.13,1.0,1.48,2.74,8.19,0.72,70.04,6.23,0.0,13.23,1.74,2.0,0.0,1.0,0.98,0.0,152.86,0.93,1.42,0.0,0.74,0
0.67,0.0,1.67,0.0,1.35,-8.08,-157.81,-0.35,-2.02,-1.35,14.33,-0.01,1.35,0.0,2.0,11.76,0.0,2.47,1.0,0.67,0.31,0.0,0.67,0.67,0.67,0.0,0.0,0
-7.46,0.0,0.07,-2.73,-6.46,3.87,-5.11,1.0,0.0,2.8,0.2,1.2,35.22,5.93,0.0,-12.13,0.07,3.41,1.0,2.93,-0.24,0.0,-3.73,1.54,0.0,0.0,-1.87,0
0.69,21.89,1.0,0.08,-1.37,9.8,337.3,1.0,11.0,2.06,-2.86,0.29,91.31,1.0,4.0,20.46,0.31,10.99,1.37,0.0,1.24,0.0,-0.69,0.6,1.34,0.0,2.0,0
3.0,0.92,1.0,4.0,3.08,21.33,74.03,2.0,0.0,-1.84,-6.29,1.08,-11.18,3.76,0.0,11.21,2.0,7.45,2.84,1.0,1.09,0.0,0.0,0.87,0.92,0.0,1.92,0
1.29,10.79,1.0,-7.0,0.0,-8.0,16.22,3.57,-1.93,2.57,5.14,0.18,80.28,2.0,0.64,-1.93,1.64,-0.85,-1.29,-0.93,0.64,0.0,-4.5,0.96,0.32,0.0,1.64,0
1.0,-0.89,1.0,0.0,3.0,21.66,295.27,2.0,1.0,0.89,14.21,0.07,30.17,4.89,0.0,13.76,2.0,6.5,-2.66,1.0,1.95,0.0,849.77,0.91,1.22,0.0,2.77,1
-1.11,0.0,0.44,3.44,0.0,6.44,370.76,1.0,-0.11,20.44,39.44,2.53,52.03,1.44,6.12,14.66,5.0,1.12,-0.56,0.44,0.04,0.0,36.0,0.89,0.19,0.0,3.0,1
-1.28,-0.28,0.36,0.0,0.0,2.24,192.29,1.0,1.0,-1.56,22.36,2.3,-40.15,1.0,-2.56,-2.48,2.0,1.18,1.92,1.64,-0.64,0.0,-112.97,0.96,0.88,0.0,2.0,0
0.0,0.0,1.0,-5.15,-17.04,-0.29,-130.2,1.0,0.0,0.0,-12.04,0.77,-62.69,6.0,0.0,-1.58,1.0,-1.08,0.86,3.58,0.81,0.86,0.0,0.96,0.0,0.0,-1.72,0
1.57,2.35,0.78,0.0,0.0,6.28,74.59,1.0,0.0,3.92,-2.35,3.52,7.06,1.78,14.14,2.35,1.0,2.44,-0.78,0.0,-0.22,0.0,160.12,0.85,0.52,0.0,0.0,0
-0.91,1.0,1.0,-0.91,-4.54,-7.08,-83.96,1.0,0.0,1.09,5.91,0.64,-13.01,0.09,1.82,4.54,1.09,-2.1,-0.91,-1.82,-0.9,0.0,7.27,0.76,0.91,0.0,-1.82,0
3.0,-1.47,1.0,6.21,5.47,-2.42,9.57,2.0,1.47,0.0,2.0,0.38,68.0,1.0,-0.74,-6.11,2.0,3.15,1.74,0.26,1.12,0.0,0.0,0.91,-0.74,0.0,1.0,0
-4.3,0.0,1.0,-2.86,0.0,-1.86,-102.33,1.0,-1.43,-5.01,-12.32,3.15,15.04,3.28,2.15,-3.58,0.28,-2.17,1.43,1.28,-0.49,0.0,0.0,0.92,0.72,0.0,-0.43,0
-0.78,0.0,1.0,-1.57,1.57,-2.35,45.08,1.0,1.57,-4.7,28.52,-0.12,-42.33,3.57,0.0,0.78,1.0,-1.52,0.0,1.78,0.73,0.0,2.35,0.77,0.78,0.0,1.78,0
3.8,-1.9,1.95,5.85,8.65,8.6,65.84,1.0,0.0,0.0,-6.55,-2.94,94.83,1.95,-0.95,-0.9,1.95,2.44,2.05,4.95,3.08,1.0,0.0,0.84,0.0,0.0,0.95,0
-11.57,1.77,1.0,3.09,-14.65,13.57,397.43,1.0,7.71,2.54,11.48,1.12,95.96,3.77,0.0,19.11,1.0,4.1,1.23,2.0,1.92,1.0,21.28,0.93,0.74,0.0,2.54,1
2.0,9.0,1.0,3.19,1.46,-5.66,128.02,5.0,2.0,4.0,9.08,-2.92,101.66,2.73,0.27,22.0,2.73,3.81,2.19,2.92,1.44,0.73,1.0,0.98,1.0,0.0,1.27,0
0.88,-0.88,1.0,0.0,-4.41,17.88,147.47,0.12,1.76,7.94,6.0,4.98,21.18,0.0,1.88,1.88,-0.88,3.59,-0.88,0.0,0.27,0.0,-163.25,1.0,0.44,0.0,0.12,0
22.07,0.0,1.0,1.43,16.07,2.21,237.64,0.11,2.0,7.0,20.11,0.32,18.31,1.0,0.0,7.79,0.11,9.5,2.0,1.0,0.31,0.0,0.0,1.08,0.89,0.0,2.0,0
37.56,32.62,1.0,0.99,1.0,1.03,1010.62,1.0,53.37,0.0,-0.92,-2.35,93.89,7.98,0.0,14.84,2.98,1.14,-0.99,1.0,1.19,0.0,0.0,0.98,0.0,0.0,3.95,0
1.27,0.64,1.64,-5.72,0.0,43.56,110.56,1.0,0.0,8.45,2.36,-1.3,5.29,4.27,0.64,10.91,2.0,11.92,6.0,1.64,1.64,1.0,131.72,0.98,1.42,0.0,1.73,0
0.0,-0.79,1.0,1.79,0.79,3.43,117.46,1.0,1.0,1.0,22.15,0.8,90.24,2.79,-0.79,1.13,0.21,-0.28,-0.79,0.21,-0.35,0.0,3.0,0.97,1.0,0.0,2.0,0
-0.67,3.67,1.0,7.06,0.0,-6.48,-160.3,-0.35,6.06,5.39,-4.06,1.38,32.48,3.0,0.0,0.63,0.33,2.63,0.0,1.67,0.47,0.0,6.0,0.82,1.0,0.0,0.65,0
0.0,0.51,1.0,0.0,0.49,2.99,49.06,1.0,-1.01,0.51,8.54,1.15,16.73,4.99,0.51,6.07,1.51,3.31,0.51,1.0,0.7,0.0,-185.6,1.08,-0.34,0.0,1.01,0
3.15,1.0,2.43,9.0,1.43,14.3,227.63,1.0,12.0,18.58,5.72,-0.93,138.09,-0.43,-1.43,21.46,1.0,8.22,1.72,1.72,2.11,0.0,0.72,0.85,0.72,0.0,3.15,0
-0.74,0.0,0.42,0.0,-0.58,0.95,-14.8,1.0,4.0,5.11,-1.74,0.66,29.5,2.74,1.0,-7.99,0.42,3.57,0.42,1.58,2.02,0.0,74.42,0.38,0.42,0.0,-0.74,0
22.29,0.0,2.59,36.62,2.8,-1.39,85.1,1.0,0.0,6.37,-0.39,0.27,25.48,0.2,0.0,-2.39,1.0,3.65,2.59,1.2,1.83,0.0,1038.24,0.88,-0.2,0.0,0.0,0
3.88,0.0,0.28,2.44,3.56,12.16,288.08,1.0,1.44,5.32,25.4,1.24,102.12,0.28,0.0,2.44,1.0,8.61,2.72,1.28,0.02,0.0,-9.36,1.03,-0.72,0.0,2.72,0
-0.62,2.48,1.0,0.0,0.0,4.62,46.38,1.0,-1.24,1.76,5.38,0.8,39.51,3.0,0.38,3.62,1.0,4.43,0.0,2.62,-0.62,0.0,0.0,0.93,1.0,0.0,0.38,0
0.54,1.0,1.54,-1.63,0.0,11.27,200.85,1.0,1.0,5.36,14.83,-1.04,-18.89,3.18,-1.63,19.98,2.54,2.49,0.0,1.54,1.04,0.0,48.24,0.8,0.42,0.0,2.54,1
0.76,0.0,0.0,0.76,3.82,7.64,115.89,1.0,0.0,2.76,-3.06,3.23,66.5,0.76,-1.53,-1.53,0.76,3.34,0.76,1.53,1.07,0.0,0.0,1.06,0.0,0.0,1.53,0
0.0,2.0,1.0,9.91,0.91,6.82,138.56,1.0,11.0,0.0,5.82,-1.69,152.06,3.73,4.0,4.0,1.0,8.32,-0.91,0.91,1.39,0.0,0.0,0.78,1.0,0.0,2.0,1
13.4,4.6,0.4,6.0,0.0,4.23,972.42,1.0,13.0,10.23,55.82,1.92,60.4,0.4,1.0,15.91,2.0,1.97,0.0,1.0,-0.31,0.0,450.47,0.89,0.3,2.0,9.4,1
0.0,9.42,1.0,12.82,0.0,19.14,631.43,1.0,-1.35,3.33,12.77,4.72,94.25,-0.37,1.67,11.35,-0.35,17.89,2.0,0.65,1.39,0.0,-115.76,0.93,0.95,0.0,2.67,0
-1.64,0.0,1.0,0.0,1.0,2.27,20.46,1.0,2.0,1.64,3.82,0.4,8.73,4.0,-0.55,-1.18,1.0,1.65,1.64,2.0,0.0,0.0,364.36,0.78,0.67,0.0,-1.64,0
0.0,0.0,1.0,0.0,0.78,14.67,66.81,1.0,0.0,-3.12,-0.12,2.49,-34.27,4.56,0.0,4.56,0.22,-1.47,-0.56,2.78,0.0,0.0,0.0,0.94,0.0,0.0,1.78,0
-1.67,1.56,1.0,-0.56,-1.11,0.0,-15.83,1.0,-1.11,3.0,1.0,1.01,-26.15,1.56,0.0,-4.45,1.0,3.01,3.0,1.0,0.54,0.0,-5.56,0.87,-0.28,0.0,-0.56,0
14.52,4.0,1.0,6.0,0.0,6.92,1047.11,1.0,14.56,19.15,58.96,0.21,131.33,-0.04,1.52,33.96,2.0,8.11,0.0,0.48,1.75,0.0,535.93,0.54,0.85,2.0,10.52,1
-32.14,-31.14,2.98,-0.98,0.0,43.14,-615.12,1.0,-52.68,8.95,1.02,1.28,49.49,4.95,3.02,10.93,0.02,8.6,4.9,2.95,1.65,0.0,1159.02,0.92,1.11,0.0,-2.93,0
-5.26,1.0,1.0,-3.5,-2.63,2.63,-365.02,1.0,-8.76,3.88,-7.76,0.99,-61.33,2.75,0.0,-3.5,1.0,7.48,5.63,1.0,-0.44,0.0,-20.15,0.86,-0.15,0.0,-1.75,0
0.0,-7.3,1.0,-16.07,-8.03,0.54,13.28,1.0,0.0,4.0,6.0,2.56,-2.62,1.73,0.0,-2.19,1.0,1.41,4.73,0.27,-0.04,0.0,0.0,0.73,-0.73,0.0,0.27,0
0.77,0.0,1.77,7.0,3.08,8.08,99.79,1.0,-3.08,-6.16,7.31,5.36,46.09,1.0,0.23,9.47,1.0,12.35,1.23,1.0,-0.66,0.0,-57.76,1.25,0.0,0.0,0.77,0
-8.36,-1.29,1.0,0.64,1.64,10.22,265.61,-0.29,8.72,2.93,1.71,1.44,48.07,5.0,4.0,12.29,1.0,5.2,2.0,2.64,0.93,0.0,1.29,0.87,1.64,0.0,2.93,0
0.5,0.5,1.0,2.5,-0.5,6.0,142.51,1.0,7.01,3.0,10.49,1.29,82.5,1.5,0.0,8.0,1.0,0.26,0.5,1.0,0.39,0.0,-4.51,0.94,0.5,0.0,1.5,0
16.32,1.0,2.17,22.73,0.58,4.25,193.4,1.0,0.0,16.0,18.25,-1.88,78.34,2.0,-0.58,14.42,3.0,7.03,1.0,1.0,1.65,0.0,815.13,1.0,1.1,0.0,1.58,0
6.0,1.78,1.0,4.0,3.0,16.55,547.8,1.0,10.0,1.22,16.65,0.68,71.06,2.0,0.78,25.65,1.78,5.55,-0.78,1.78,1.8,0.0,25.0,0.94,0.67,0.0,4.55,1
1.13,0.0,-1.83,0.0,1.7,-24.65,-27.48,1.0,-1.13,0.0,2.13,4.0,0.0,-1.13,5.43,-4.22,0.0,-5.75,2.87,0.0,-2.64,0.0,-0.39,0.9,0.31,0.0,-1.7,0
-1.79,0.6,1.0,0.0,-2.38,19.34,45.48,1.0,0.0,1.79,1.6,3.17,13.1,1.79,1.0,10.34,0.0,5.23,2.6,0.4,-0.46,-0.6,1.19,0.9,0.0,0.0,0.6,0
3.52,1.0,1.0,2.94,0.0,7.41,308.86,1.0,-0.76,3.35,31.81,1.5,4.59,1.0,-7.63,3.76,0.83,-13.3,1.17,1.59,0.26,0.0,13.24,0.96,0.37,0.0,2.59,0
0.0,0.0,1.0,-2.58,0.0,4.72,315.84,1.0,0.86,22.04,38.07,-2.85,26.27,2.86,-0.86,25.6,4.44,-4.85,-1.72,1.0,1.28,0.0,32.92,0.98,1.64,0.0,4.58,0
-2.33,0.0,1.0,-5.76,1.55,5.45,44.83,1.78,0.0,-2.1,4.01,0.59,65.48,1.0,0.0,23.0,3.0,0.91,0.0,0.0,1.0,0.0,25.22,0.81,0.28,0.0,0.45,0
-2.82,-15.35,1.0,1.13,0.0,2.05,-16.07,2.13,0.0,9.56,29.02,0.88,83.56,2.56,0.0,3.73,3.56,7.38,-0.69,1.0,0.37,0.0,55.0,1.01,0.1,0.0,-0.69,0
-1.48,-5.94,1.0,8.26,23.0,3.77,134.77,-1.97,-1.48,-2.23,22.26,0.95,46.71,1.0,0.0,-4.16,1.0,7.82,2.74,2.48,1.73,0.0,-0.74,0.97,-0.74,0.0,2.0,0
0.0,1.95,1.98,0.0,0.0,16.83,115.28,1.0,0.0,1.95,6.9,-0.36,43.93,5.93,0.98,12.76,1.98,9.34,2.95,3.95,2.21,0.0,4.88,1.13,0.98,0.0,2.95,0
0.0,1.92,1.0,0.0,1.0,12.75,71.16,1.0,1.0,1.96,0.13,1.11,121.87,6.92,4.96,7.75,1.0,4.11,2.96,2.96,-0.02,0.0,0.0,0.98,1.96,0.0,1.0,0
5.35,0.0,0.35,4.35,-3.25,-2.5,128.97,1.0,2.0,7.65,13.85,1.77,22.46,0.35,0.0,5.35,0.35,3.72,0.7,-0.3,-0.23,0.0,0.0,0.87,0.0,0.0,0.7,0
0.0,-1.6,1.0,0.0,0.0,5.0,5.76,1.0,0.0,0.0,3.6,2.06,10.41,2.4,-0.8,-5.01,1.0,0.03,2.6,1.2,0.2,0.0,-4.0,0.83,-0.8,0.0,-0.8,0
-0.81,0.0,1.0,0.0,-0.81,-4.86,13.52,1.0,0.0,0.0,17.43,1.06,0.0,0.81,2.0,-36.68,0.0,1.19,0.19,-0.81,-1.05,0.0,-61.55,0.66,0.47,-3.24,-4.05,0
7.68,36.46,1.68,0.32,-0.68,17.11,506.8,1.0,0.0,9.71,-9.18,0.94,85.64,0.32,0.0,29.39,1.0,11.94,3.0,1.0,1.6,0.0,249.63,0.98,1.68,0.0,1.64,1
0.82,0.0,2.0,0.0,0.0,7.55,133.39,1.0,1.0,1.37,-1.15,0.82,-25.1,4.63,0.0,22.26,0.18,4.06,2.0,2.82,1.58,0.0,61.39,0.87,1.62,0.0,3.18,1
1.0,2.0,1.0,0.0,2.0,8.27,72.24,1.0,0.0,-2.42,0.61,3.62,-36.36,0.79,3.61,-1.21,0.39,0.25,0.0,-0.21,0.01,0.0,0.0,1.0,-0.61,0.0,0.0,0
7.0,0.0,0.1,0.0,3.0,1.9,200.3,1.0,0.0,0.0,17.3,-2.33,0.0,2.2,1.8,1.1,1.9,0.36,-0.9,1.1,0.9,0.0,-121.8,0.83,-0.4,0.0,3.0,0
7.13,2.53,1.0,3.06,0.0,28.57,625.14,1.0,6.62,6.62,30.03,1.99,14.78,4.0,0.51,27.83,2.0,8.23,2.0,1.51,0.83,0.0,253.25,0.87,1.17,1.02,7.1,1
0.0,2.81,1.0,-0.81,0.0,11.44,114.96,1.0,2.0,1.81,9.42,-0.6,-38.22,6.61,-2.42,5.0,2.81,1.65,-0.61,2.81,1.69,0.0,206.0,0.95,-0.23,0.0,1.81,0
0.0,1.13,1.0,0.0,0.0,9.35,449.99,1.0,0.0,10.45,19.54,28.78,73.13,0.0,1.0,5.48,0.87,1.55,-0.74,1.0,0.55,0.0,1.0,1.09,1.87,0.0,2.87,0
-1.87,0.62,1.0,-1.24,-2.49,12.24,222.15,0.38,1.87,1.24,30.23,3.28,8.08,1.24,1.0,8.84,-0.62,1.69,1.38,1.0,-0.37,0.0,0.0,0.96,0.62,0.0,0.0,0
5.0,-0.9,2.0,1.9,1.0,11.49,230.17,1.0,0.9,-1.8,25.18,0.48,163.91,5.9,0.0,13.09,1.0,0.55,-1.7,1.0,1.27,0.0,403.7,0.49,1.1,0.0,3.8,1
11.8,1.57,1.0,6.72,-2.36,4.64,160.96,2.57,1.57,4.93,23.58,0.82,151.77,3.36,0.0,23.0,3.0,1.33,-1.57,-1.57,-0.58,-0.79,26.0,0.94,0.27,0.0,2.0,0
4.47,0.0,2.0,1.53,1.0,6.47,135.61,2.06,0.0,0.53,13.24,0.23,101.54,5.0,0.0,7.65,1.53,1.95,1.0,1.53,1.06,0.0,401.0,0.39,0.2,0.0,2.0,1
-0.8,-8.8,0.2,0.8,0.0,-3.0,17.59,1.0,0.8,-3.2,17.21,1.23,28.82,4.0,0.0,2.4,1.0,-2.27,0.0,2.0,-0.62,0.0,-292.16,0.96,0.0,0.0,2.6,0
1.0,11.69,2.0,-0.69,0.0,7.24,225.77,1.0,2.07,6.38,17.97,-2.97,30.87,4.07,-2.07,14.29,1.69,2.0,0.0,1.69,1.36,0.0,355.56,1.01,1.0,0.0,0.0,0
1.0,0.03,1.0,-0.97,0.0,7.0,103.17,1.0,0.0,6.89,5.94,-0.16,47.26,3.0,0.97,10.83,1.0,8.34,3.94,2.97,3.06,0.0,163.03,1.1,1.0,0.0,0.0,0
-5.81,-2.9,1.0,0.97,0.03,-9.48,-249.55,1.0,-4.84,-2.9,1.13,3.33,37.74,3.03,2.9,-25.03,-0.94,-0.68,3.87,1.03,0.08,0.0,-33.87,0.66,0.77,0.0,-6.77,0
-2.06,3.1,1.0,1.52,0.48,-4.16,-33.58,3.06,-1.55,1.52,18.61,-0.08,60.96,3.52,0.52,-3.64,1.0,0.15,0.0,0.48,0.17,0.0,-17.54,1.06,0.41,0.0,-0.58,0
-2.53,1.69,1.0,-0.84,-1.69,15.96,52.63,1.0,3.31,2.16,2.63,3.47,22.36,1.0,13.0,-4.59,3.0,29.45,-1.69,0.0,-0.15,0.0,-5.43,0.99,0.08,0.0,-0.69,0
-0.69,-4.54,0.31,-2.08,-0.69,-0.69,2.45,1.0,0.0,3.0,0.31,4.93,-55.44,0.31,0.0,-1.39,0.31,1.23,1.61,0.31,-0.69,0.0,0.0,0.77,-0.69,0.0,-0.69,0
-1.72,1.14,1.0,3.0,-0.29,1.14,10.13,1.0,2.0,1.57,2.57,1.04,117.94,5.72,0.57,4.58,1.0,2.25,1.43,1.0,-1.24,-0.57,0.0,1.0,0.29,0.0,0.0,0
3.0,0.0,1.0,5.04,12.68,-4.76,-0.79,1.0,0.68,0.0,8.32,0.06,104.99,0.32,-2.72,2.64,1.0,2.58,0.0,0.32,0.26,0.0,0.0,0.81,-0.68,0.0,0.32,0
-5.15,0.0,0.14,-12.02,-1.72,0.57,-45.72,1.0,0.0,-0.43,-3.44,2.56,-20.55,3.0,10.44,1.28,0.14,1.73,-0.86,1.14,-0.54,0.0,-0.86,0.85,0.57,0.0,-1.58,0
-4.54,2.51,1.0,-3.79,0.0,5.27,-28.17,1.0,-1.51,-1.27,-1.87,0.89,7.26,3.51,1.76,14.03,2.0,2.49,1.0,2.76,1.95,0.0,3.79,0.93,0.76,0.0,2.0,0
0.0,0.0,1.0,0.61,0.41,3.18,81.45,1.0,1.2,4.98,7.57,0.9,71.02,3.2,0.0,9.55,1.0,3.77,0.41,1.0,0.33,0.0,2.39,0.96,0.8,0.0,2.39,0
0.0,0.0,1.0,-0.75,1.0,3.24,-72.78,1.0,1.0,1.0,-13.54,-0.04,-25.17,5.75,3.25,-6.27,1.0,3.44,2.75,2.75,0.67,0.0,27.06,1.08,0.87,0.0,-2.01,0
-7.07,-1.53,1.0,16.07,1.77,0.58,-683.54,1.0,-0.49,-9.72,-39.29,0.27,85.82,1.0,3.12,-25.16,1.0,5.98,0.88,0.0,0.67,0.0,-438.23,0.8,1.15,-1.77,-4.18,0
0.0,1.0,1.0,-5.11,0.0,3.81,-4.25,1.0,0.0,2.19,-1.19,-0.91,-61.35,3.73,-0.73,4.92,1.0,-4.99,0.73,1.73,0.0,0.0,1.0,0.87,1.23,0.0,1.0,0
2.08,0.31,1.0,0.69,-3.46,2.69,65.71,0.31,0.0,3.77,3.69,0.84,30.54,3.69,0.0,5.31,-0.39,2.52,1.31,1.31,1.2,1.0,-126.17,0.98,0.65,0.0,-0.39,0
2.74,-7.36,2.0,-13.46,10.58,9.89,176.02,1.0,0.0,0.74,21.36,1.15,83.94,1.0,0.0,0.53,1.0,15.54,1.74,1.0,1.01,0.0,2.0,0.98,-0.24,0.0,3.74,0
0.33,1.0,1.0,0.0,0.0,3.63,61.5,1.0,-1.35,4.35,9.4,0.77,34.82,3.0,-0.67,4.33,1.67,5.74,2.67,2.0,0.97,0.0,164.0,0.97,1.0,0.0,-0.67,0
5.71,0.71,1.71,13.41,2.0,9.56,499.91,1.0,22.54,18.68,15.0,-0.84,149.64,4.0,-7.83,22.56,1.0,9.16,0.71,1.71,1.81,0.0,2.0,0.84,1.0,0.0,3.71,1
38.0,35.0,1.0,1.0,0.0,-2.37,1046.96,1.0,54.0,-3.37,3.48,1.11,44.5,2.0,1.0,18.48,2.0,3.62,0.84,-0.84,0.47,0.0,43.77,0.97,-0.42,0.0,4.16,0
0.0,0.0,1.0,0.0,0.0,0.4,38.2,1.0,-1.73,3.13,18.4,0.41,17.54,0.27,1.73,8.4,0.13,2.96,0.87,0.13,0.53,0.0,1.13,0.69,0.13,0.0,1.13,0
3.0,1.0,2.0,-2.99,0.0,34.0,281.12,1.0,0.0,10.98,2.01,-4.55,58.03,6.0,-2.99,37.97,3.99,13.72,5.0,3.0,2.11,0.0,1015.92,0.86,0.12,0.0,2.0,1
11.86,4.0,0.29,6.0,0.0,-13.09,837.33,1.0,13.0,16.43,60.0,0.98,84.31,-0.43,1.0,20.03,2.0,3.71,-2.85,1.0,0.06,0.0,-200.69,0.84,0.72,2.0,9.29,1
0.0,1.46,1.0,1.0,0.0,2.92,42.58,1.0,0.0,-2.19,-1.92,3.87,112.43,2.19,3.73,9.04,0.0,2.42,1.81,0.73,-0.91,0.0,0.0,0.97,1.73,0.0,-0.73,0
2.55,2.0,1.64,1.91,4.46,11.38,416.59,1.0,0.0,-1.91,4.28,28.81,42.72,-0.64,1.0,2.0,0.0,1.96,-0.91,0.36,0.89,0.0,1.0,0.94,0.36,0.0,3.28,0
3.53,0.0,1.0,0.0,4.0,4.0,55.06,1.0,2.11,2.11,-1.64,0.19,5.28,0.47,0.53,3.0,1.0,4.78,2.53,1.47,3.15,1.0,39.56,0.73,0.5,0.0,0.0,0
2.02,0.0,1.67,6.0,0.0,23.58,189.85,1.0,-0.67,-1.7,-0.7,1.6,88.37,1.67,0.0,8.09,1.0,5.6,4.7,1.67,0.73,0.0,658.19,0.46,-0.37,0.0,0.33,0
14.0,4.0,1.0,3.85,-1.43,11.15,1059.78,1.0,13.0,17.15,62.87,1.09,122.97,2.43,1.72,36.43,2.0,7.4,-2.15,-0.43,-0.43,-0.72,497.0,0.78,1.05,2.0,10.72,1
63.27,25.47,3.0,46.0,1.0,-2.9,978.3,-2.92,50.94,8.08,-3.88,0.36,96.9,1.0,0.0,-0.98,1.0,10.71,2.0,1.0,2.12,0.0,1303.02,0.94,-0.23,0.0,3.94,0
22.54,0.91,3.0,33.26,-0.82,3.82,37.72,1.0,0.0,8.36,-7.1,1.27,11.91,2.82,0.0,0.0,0.09,3.8,1.09,1.0,1.21,0.0,1304.0,0.9,0.75,0.0,-0.82,0
0.0,-0.75,1.0,-6.74,3.5,1.75,-36.87,1.0,-8.98,-11.23,2.75,0.44,-65.86,1.0,0.0,-2.99,1.0,0.4,1.75,3.5,1.83,0.75,0.0,0.98,0.0,0.0,0.0,0
1.0,-1.6,1.0,0.8,2.8,3.6,-7.92,1.0,-1.6,-0.8,-2.19,0.11,31.14,1.0,0.0,-2.99,0.2,2.94,2.0,3.0,2.55,1.0,-164.49,1.04,-0.46,0.0,0.2,0
0.0,1.0,1.0,0.0,-0.86,0.86,43.72,1.0,0.0,4.71,-0.71,1.72,-19.72,4.71,0.0,3.57,0.14,8.54,4.0,2.0,-0.32,0.0,4.0,0.99,1.86,0.0,-0.86,0
2.29,0.0,2.0,0.0,1.29,15.85,195.25,1.0,0.0,7.85,10.85,0.19,112.77,0.29,0.0,22.29,2.0,8.21,1.0,1.0,1.77,0.0,-36.07,0.87,1.0,0.0,3.71,0
-3.03,0.0,1.0,-5.65,-1.61,0.97,-281.8,1.0,-9.3,-4.46,-9.49,0.84,-45.2,2.0,1.0,-14.33,1.0,-0.32,1.0,1.81,0.98,0.0,-1.61,1.08,-0.81,0.0,-0.61,0
0.0,0.0,-0.97,-0.97,0.0,-4.85,-91.35,1.0,-0.97,0.97,-18.42,7.79,-77.55,-1.94,1.0,-8.72,-0.97,-1.16,0.0,-0.97,-0.22,0.0,-2.91,0.67,-0.97,0.0,-1.94,0
3.0,0.0,2.72,0.0,0.72,37.44,350.21,1.0,0.0,2.0,7.15,-0.54,122.41,5.44,-0.72,24.0,0.28,10.65,4.72,3.44,1.93,0.0,979.0,0.98,0.45,0.0,2.0,1
0.0,1.74,1.0,0.0,0.0,4.96,37.96,1.0,0.0,2.0,4.26,0.77,103.04,1.74,0.74,3.7,2.0,1.28,-0.74,0.0,-0.37,-0.74,-1.48,0.95,0.0,0.0,-0.74,0
-3.55,-0.89,1.0,-3.55,10.0,-9.76,-400.45,1.0,-8.87,-1.77,1.13,0.9,-81.63,0.11,1.0,-14.2,1.0,-3.4,0.0,2.0,-1.18,0.0,-22.18,0.95,-0.59,0.0,-2.66,0
0.0,1.63,1.0,0.0,0.0,8.56,77.23,1.0,0.0,0.0,10.77,3.24,0.0,0.0,-3.07,6.07,0.0,4.66,-0.44,1.0,0.0,0.0,-2.44,0.94,-0.41,0.0,0.81,0
17.22,2.0,2.23,37.29,0.62,47.15,316.69,1.0,0.0,-1.85,-8.07,6.97,104.92,1.0,3.0,2.54,0.38,3.95,1.62,0.0,0.7,0.0,802.07,0.98,-0.15,0.0,2.0,0
1.0,13.12,1.0,16.25,2.0,12.98,690.11,1.0,0.0,0.0,14.54,2.2,85.54,-2.28,3.86,5.13,0.14,17.35,0.0,0.14,0.0,0.0,-115.48,0.89,-0.43,0.0,1.71,0
-3.97,0.0,1.0,0.0,-0.79,-1.35,-81.35,1.0,1.59,4.79,20.08,0.67,72.7,2.0,0.0,3.0,1.0,5.14,0.0,1.21,0.21,0.0,-16.66,0.79,1.4,0.0,-0.59,0
1.64,1.93,1.64,0.0,1.0,15.94,153.58,2.0,4.0,2.29,5.07,1.0,27.85,5.29,0.0,21.31,2.0,3.47,1.29,0.36,0.77,0.0,346.44,1.02,0.34,0.0,0.0,0
0.0,0.0,1.0,0.0,0.0,0.63,84.52,1.0,1.0,6.0,11.7,0.43,70.0,1.65,0.0,7.96,1.0,6.6,0.0,1.0,0.55,0.0,3.0,1.13,1.0,0.0,3.0,0
0.0,0.0,0.15,-0.71,-1.71,-0.85,30.03,1.0,0.0,0.0,-0.71,5.47,86.36,1.71,3.85,0.15,0.85,0.59,1.44,-3.41,-1.49,-0.85,0.0,0.79,1.0,0.0,0.0,0
2.34,1.78,1.0,0.0,-0.78,13.13,451.18,0.22,7.79,2.56,18.79,0.96,51.7,2.78,1.0,25.8,1.22,5.82,0.22,2.0,1.75,0.0,19.48,1.04,0.52,0.0,3.56,1
-0.61,1.0,1.0,1.0,5.0,3.39,90.55,2.0,-0.61,5.46,12.91,0.68,89.63,1.61,-0.61,8.75,3.0,6.16,0.39,1.0,-0.37,0.0,186.84,0.9,1.11,0.0,3.23,0
