CountDeclMethodDefault,AvgEssential,CountDeclClassMethod,AvgLineComment,CountDeclMethodProtected,RatioCommentToCode,AvgLineBlank,PercentLackOfCohesion,MaxInheritanceTree,CountClassDerived,CountClassCoupled,CountClassBase,CountInput_Mean,CountInput_Min,CountOutput_Mean,CountOutput_Min,CountPath_Min,MaxNesting_Mean,MaxNesting_Min,Del_lines,OWN_COMMIT,MINOR_COMMIT,MINOR_LINE,MAJOR_LINE,target
3.0,2.0,0.0,2.0,5.0,0.17,0.0,90.0,2.0,1.0,15.0,2.0,6.71,0.0,7.32,1.0,1.0,1.33,0.0,766.0,0.8,0.0,1.0,2.0,0
0.0,1.0,0.0,10.0,0.0,4.0,0.0,100.0,2.0,1.0,2.0,1.0,3.25,1.0,0.25,0.0,1.0,0.0,0.0,89.0,0.67,0.0,2.0,0.0,0
5.0,1.0,1.0,0.0,1.0,0.23,0.0,80.0,2.0,0.0,7.0,2.0,4.48,0.0,5.14,1.0,1.0,1.0,0.0,330.0,0.5,0.0,1.0,0.0,0
0.0,3.0,0.0,0.0,0.0,0.71,0.0,0.0,1.0,0.0,1.0,2.0,1.5,0.0,2.5,1.0,1.0,2.25,0.0,47.0,1.0,0.0,1.0,0.0,0
0.0,1.0,0.0,0.0,0.0,0.31,0.0,58.0,2.0,0.0,9.0,2.0,1.5,0.0,4.75,2.0,1.0,1.83,0.0,108.0,1.0,0.0,1.0,0.0,0
0.0,1.0,2.0,0.0,0.0,0.2,0.0,25.0,2.0,1.0,12.0,2.0,1.11,0.0,5.33,1.0,1.0,0.21,0.0,149.0,0.5,0.0,1.0,1.0,0
0.0,1.0,2.0,7.0,0.0,0.89,2.0,0.0,2.0,0.0,3.0,1.0,4.67,3.0,7.67,6.0,1.0,0.83,0.0,0.0,0.0,0.0,2.0,0.0,0
1.0,2.0,1.0,2.0,0.0,0.26,5.0,75.0,1.0,0.0,9.0,1.0,3.5,1.0,9.5,1.0,1.0,1.82,0.0,0.0,0.0,0.0,1.0,1.0,0
0.0,1.0,1.0,7.0,0.0,2.8,0.0,0.0,1.0,0.0,1.0,1.0,8.0,8.0,1.0,1.0,2.0,1.0,1.0,0.0,1.0,0.0,1.0,0.0,0
1.0,1.0,0.0,3.0,0.0,0.51,0.0,58.0,1.0,0.0,18.0,2.0,6.27,2.0,4.52,1.0,1.0,0.3,0.0,4.0,0.6,0.0,2.0,0.0,0
0.0,1.0,0.0,0.0,0.0,0.57,0.0,54.0,3.0,0.0,3.0,2.0,3.38,1.0,3.88,1.0,1.0,0.7,0.0,8.0,0.67,0.0,3.0,0.0,0
0.0,1.0,0.0,0.0,0.0,0.56,0.0,0.0,1.0,0.0,2.0,2.0,1.27,0.0,1.36,0.0,1.0,0.38,0.0,0.0,1.0,0.0,1.0,1.0,0
0.0,1.0,1.0,7.0,0.0,0.8,0.0,90.0,1.0,0.0,30.0,3.0,8.34,0.0,4.59,1.0,1.0,0.86,0.0,285.0,0.44,0.0,3.0,9.0,1
11.0,2.0,11.0,3.0,3.0,0.31,0.0,93.0,1.0,12.0,46.0,3.0,4.74,0.0,5.18,1.0,1.0,1.02,0.0,734.0,0.36,1.0,4.0,8.0,1
28.0,1.0,0.0,11.0,0.0,7.44,0.0,0.0,2.0,3.0,13.0,2.0,2.26,0.0,0.68,0.0,1.0,0.0,0.0,4.0,0.43,0.0,3.0,4.0,1
0.0,1.0,0.0,4.0,0.0,0.63,0.0,75.0,1.0,0.0,3.0,2.0,3.25,0.0,3.45,1.0,1.0,0.95,0.0,1.0,0.5,0.0,1.0,3.0,0
0.0,1.0,0.0,2.0,0.0,0.57,0.0,14.0,1.0,0.0,3.0,2.0,2.0,1.0,3.71,1.0,1.0,1.1,0.0,0.0,1.0,0.0,2.0,1.0,0
0.0,1.0,0.0,4.0,0.0,0.81,0.0,82.0,3.0,3.0,4.0,2.0,11.94,1.0,2.81,1.0,1.0,0.67,0.0,1.0,0.33,0.0,2.0,2.0,0
0.0,0.0,0.0,0.0,0.0,164.0,0.0,0.0,0.0,0.0,0.0,0.0,0.0,0.0,0.0,0.0,0.0,0.0,0.0,0.0,0.0,0.0,2.0,1.0,0
0.0,1.0,0.0,1.0,0.0,2.0,0.0,100.0,3.0,0.0,0.0,1.0,1.5,0.0,2.0,2.0,1.0,0.0,0.0,0.0,1.0,0.0,3.0,1.0,0
2.0,1.0,0.0,1.0,0.0,2.18,0.0,100.0,3.0,0.0,0.0,1.0,1.0,0.0,2.0,2.0,1.0,0.0,0.0,0.0,1.0,0.0,2.0,1.0,0
0.0,1.0,0.0,3.0,0.0,1.31,0.0,0.0,2.0,0.0,1.0,1.0,0.12,0.0,1.12,1.0,1.0,0.0,0.0,14.0,0.67,0.0,4.0,0.0,0
0.0,1.0,0.0,10.0,0.0,9.57,0.0,0.0,2.0,1.0,2.0,1.0,1.0,1.0,0.0,0.0,1.0,0.0,0.0,6.0,0.67,0.0,1.0,0.0,0
0.0,1.0,0.0,0.0,0.0,1.5,0.0,100.0,3.0,0.0,0.0,1.0,1.33,0.0,2.0,2.0,1.0,0.0,0.0,0.0,0.5,0.0,1.0,0.0,0
0.0,1.0,0.0,0.0,0.0,0.11,0.0,50.0,2.0,0.0,9.0,2.0,2.38,2.0,14.62,4.0,2.0,1.44,0.0,2.0,0.67,0.0,2.0,0.0,0
0.0,1.0,0.0,0.0,0.0,0.14,0.0,0.0,1.0,2.0,6.0,2.0,0.03,0.0,0.03,0.0,1.0,0.0,0.0,1.0,0.5,0.0,2.0,1.0,0
0.0,1.0,0.0,7.0,0.0,0.88,2.0,0.0,2.0,0.0,7.0,2.0,2.0,2.0,11.0,11.0,4.0,3.0,3.0,0.0,0.5,0.0,1.0,0.0,0
0.0,1.0,1.0,3.0,0.0,1.54,0.0,75.0,1.0,0.0,0.0,2.0,28.62,0.0,1.5,1.0,1.0,0.25,0.0,0.0,1.0,0.0,1.0,1.0,0
0.0,0.0,0.0,0.0,0.0,344.0,0.0,0.0,0.0,0.0,0.0,0.0,0.0,0.0,0.0,0.0,0.0,0.0,0.0,0.0,0.0,0.0,1.0,2.0,0
0.0,1.0,0.0,1.0,0.0,3.33,0.0,0.0,1.0,1.0,1.0,1.0,0.0,0.0,1.0,1.0,1.0,0.0,0.0,0.0,1.0,0.0,1.0,1.0,0
2.0,1.0,0.0,10.0,0.0,4.17,0.0,0.0,1.0,1.0,4.0,1.0,1.0,1.0,0.5,0.0,1.0,0.0,0.0,0.0,1.0,0.0,2.0,1.0,0
0.0,1.0,1.0,7.0,0.0,1.41,0.0,68.0,1.0,0.0,4.0,2.0,6.21,1.0,3.07,1.0,1.0,0.38,0.0,255.0,0.67,0.0,1.0,1.0,0
0.0,1.0,0.0,1.0,0.0,2.23,0.0,0.0,2.0,0.0,1.0,1.0,2.67,0.0,1.67,1.0,1.0,0.0,0.0,0.0,1.0,0.0,3.0,1.0,0
0.0,2.0,1.0,1.0,1.0,0.59,0.0,100.0,2.0,5.0,7.0,1.0,6.27,0.0,3.09,1.0,0.0,0.5,0.0,3.0,0.67,0.0,4.0,1.0,0
0.0,2.0,1.0,2.0,0.0,1.46,0.0,0.0,3.0,0.0,4.0,1.0,2.25,0.0,3.0,1.0,1.0,1.0,0.0,0.0,1.0,0.0,1.0,0.0,0
0.0,1.0,0.0,2.0,0.0,2.7,0.0,100.0,2.0,0.0,0.0,1.0,1.5,0.0,1.0,1.0,1.0,0.0,0.0,0.0,1.0,0.0,2.0,0.0,0
0.0,1.0,1.0,0.0,1.0,0.18,0.0,72.0,2.0,0.0,4.0,2.0,2.62,0.0,4.08,1.0,1.0,1.25,0.0,0.0,0.67,0.0,2.0,0.0,0
0.0,0.0,0.0,0.0,0.0,32.0,0.0,0.0,0.0,0.0,0.0,0.0,0.0,0.0,0.0,0.0,0.0,0.0,0.0,0.0,0.0,0.0,2.0,0.0,0
0.0,1.0,1.0,1.0,0.0,0.95,0.0,42.0,3.0,0.0,4.0,1.0,3.14,0.0,2.0,1.0,1.0,0.44,0.0,0.0,1.0,0.0,2.0,1.0,0
0.0,1.0,1.0,6.0,0.0,1.47,0.0,0.0,3.0,0.0,4.0,1.0,3.0,0.0,4.2,2.0,1.0,1.0,0.0,0.0,1.0,0.0,1.0,1.0,0
0.0,1.0,7.0,3.0,0.0,0.64,0.0,88.0,2.0,0.0,2.0,1.0,19.44,0.0,2.56,1.0,1.0,0.82,0.0,6.0,0.5,0.0,6.0,3.0,1
0.0,1.0,0.0,2.0,0.0,0.85,0.0,62.0,1.0,0.0,3.0,2.0,10.5,2.0,2.3,1.0,1.0,0.5,0.0,0.0,1.0,0.0,2.0,0.0,0
0.0,1.0,0.0,3.0,0.0,0.61,0.0,80.0,2.0,0.0,3.0,2.0,3.35,0.0,3.24,1.0,1.0,0.33,0.0,52.0,0.4,0.0,4.0,2.0,0
4.0,1.0,0.0,4.0,1.0,0.74,1.0,62.0,1.0,2.0,2.0,1.0,7.8,3.0,4.4,1.0,1.0,0.43,0.0,112.0,0.4,0.0,1.0,0.0,0
0.0,1.0,0.0,6.0,0.0,3.83,0.0,0.0,0.0,1.0,1.0,0.0,2.46,1.0,0.77,0.0,1.0,0.0,0.0,169.0,0.62,0.0,1.0,0.0,0
0.0,1.0,1.0,2.0,0.0,0.47,0.0,81.0,1.0,0.0,3.0,2.0,3.0,0.0,3.67,0.0,1.0,0.78,0.0,386.0,0.62,0.0,1.0,0.0,0
0.0,1.0,0.0,0.0,0.0,0.57,0.0,53.0,1.0,1.0,1.0,5.0,1.79,0.0,1.79,0.0,1.0,0.0,0.0,0.0,1.0,0.0,1.0,1.0,0
0.0,1.0,3.0,1.0,0.0,0.67,0.0,94.0,2.0,1.0,2.0,1.0,3.47,0.0,2.05,0.0,0.0,0.43,0.0,19.0,0.4,0.0,3.0,0.0,0
0.0,1.0,0.0,5.0,0.0,4.33,0.0,0.0,1.0,2.0,0.0,2.0,1.0,1.0,1.0,1.0,1.0,0.0,0.0,0.0,1.0,0.0,1.0,0.0,0
0.0,1.0,0.0,0.0,0.0,0.77,0.0,100.0,1.0,1.0,5.0,3.0,4.0,0.0,2.0,1.0,0.0,0.38,0.0,22.0,0.33,0.0,2.0,2.0,0
0.0,1.0,0.0,4.0,0.0,1.33,0.0,40.0,1.0,0.0,1.0,2.0,4.0,1.0,3.4,1.0,1.0,1.43,0.0,3.0,0.5,0.0,2.0,1.0,0
0.0,1.0,0.0,0.0,0.0,0.37,0.0,46.0,1.0,0.0,5.0,3.0,3.07,1.0,3.4,1.0,1.0,0.41,0.0,16.0,0.5,0.0,2.0,1.0,0
30.0,1.0,4.0,5.0,5.0,0.63,1.0,100.0,2.0,2.0,12.0,2.0,7.32,0.0,3.93,0.0,0.0,0.59,0.0,1199.0,0.57,0.0,3.0,2.0,0
1.0,1.0,0.0,4.0,1.0,0.42,1.0,85.0,3.0,0.0,22.0,2.0,6.19,1.0,6.71,1.0,1.0,0.76,0.0,384.0,0.59,0.0,3.0,3.0,1
4.0,1.0,1.0,2.0,2.0,0.45,0.0,91.0,2.0,0.0,18.0,3.0,4.77,1.0,4.32,1.0,1.0,0.71,0.0,90.0,0.41,0.0,2.0,6.0,0
0.0,1.0,0.0,0.0,0.0,0.34,0.0,100.0,2.0,0.0,2.0,1.0,1.3,0.0,1.6,1.0,1.0,0.21,0.0,0.0,0.67,0.0,1.0,0.0,0
0.0,1.0,0.0,1.0,0.0,0.35,0.0,76.0,1.0,0.0,9.0,3.0,4.05,0.0,4.71,1.0,1.0,0.54,0.0,26.0,0.5,0.0,2.0,2.0,0
7.0,1.0,0.0,0.0,0.0,0.46,0.0,66.0,1.0,0.0,2.0,2.0,3.78,1.0,3.67,1.0,1.0,0.73,0.0,0.0,1.0,0.0,2.0,0.0,0
0.0,1.0,1.0,3.0,0.0,0.76,0.0,50.0,2.0,0.0,1.0,2.0,6.81,1.0,2.24,1.0,1.0,0.5,0.0,0.0,1.0,0.0,3.0,2.0,0
0.0,1.0,0.0,4.0,0.0,1.18,0.0,45.0,1.0,0.0,1.0,2.0,5.0,1.0,2.21,1.0,1.0,0.44,0.0,0.0,1.0,0.0,3.0,0.0,0
0.0,1.0,0.0,8.0,0.0,7.5,0.0,0.0,0.0,2.0,0.0,0.0,3.0,3.0,1.0,1.0,1.0,0.0,0.0,0.0,1.0,0.0,1.0,0.0,0
0.0,1.0,0.0,0.0,0.0,1.15,1.0,0.0,2.0,0.0,0.0,1.0,2.5,2.0,2.5,1.0,1.0,0.75,0.0,1.0,1.0,0.0,2.0,0.0,0
0.0,1.0,2.0,4.0,6.0,0.32,0.0,80.0,2.0,0.0,15.0,2.0,7.06,0.0,7.56,1.0,1.0,1.29,0.0,69.0,0.71,0.0,2.0,2.0,0
0.0,1.0,0.0,1.0,0.0,0.61,1.0,25.0,2.0,0.0,3.0,2.0,4.0,3.0,7.5,5.0,4.0,1.0,1.0,0.0,0.0,0.0,1.0,1.0,0
0.0,1.0,0.0,1.0,0.0,0.56,0.0,58.0,1.0,0.0,2.0,3.0,2.08,0.0,2.17,1.0,1.0,0.0,0.0,0.0,0.0,0.0,1.0,0.0,0
2.0,2.0,4.0,5.0,0.0,0.46,0.0,83.0,2.0,3.0,5.0,2.0,3.31,1.0,7.62,1.0,1.0,1.23,0.0,0.0,0.0,0.0,2.0,0.0,0
0.0,2.0,0.0,10.0,0.0,1.05,0.0,33.0,2.0,0.0,8.0,2.0,5.0,1.0,5.67,1.0,1.0,1.43,0.0,5.0,1.0,0.0,2.0,0.0,0
2.0,1.0,6.0,1.0,0.0,0.27,0.0,100.0,2.0,0.0,14.0,1.0,5.11,2.0,4.79,1.0,1.0,0.79,0.0,87.0,0.5,0.0,3.0,1.0,0
0.0,1.0,0.0,0.0,1.0,1.24,0.0,0.0,2.0,0.0,2.0,1.0,4.0,4.0,5.0,5.0,6.0,2.0,2.0,0.0,1.0,0.0,1.0,0.0,0
2.0,2.0,5.0,3.0,4.0,0.27,2.0,87.0,2.0,4.0,30.0,2.0,5.09,1.0,9.04,1.0,1.0,1.17,0.0,66.0,0.5,0.0,3.0,5.0,1
0.0,1.0,0.0,7.0,4.0,0.92,0.0,74.0,2.0,1.0,7.0,1.0,2.56,1.0,4.78,1.0,1.0,1.09,0.0,13.0,0.25,0.0,3.0,3.0,0
0.0,1.0,0.0,0.0,0.0,0.85,0.0,0.0,2.0,0.0,0.0,1.0,0.0,0.0,0.17,0.0,1.0,0.0,0.0,0.0,1.0,0.0,1.0,0.0,0
0.0,1.0,0.0,6.0,0.0,0.67,0.0,80.0,1.0,0.0,10.0,1.0,4.55,1.0,4.45,1.0,1.0,0.77,0.0,27.0,0.33,0.0,2.0,2.0,1
0.0,1.0,0.0,4.0,0.0,1.02,0.0,50.0,2.0,0.0,2.0,3.0,2.57,0.0,2.21,1.0,1.0,0.19,0.0,0.0,1.0,0.0,2.0,0.0,0
2.0,1.0,0.0,0.0,0.0,0.59,0.0,52.0,1.0,0.0,1.0,2.0,2.17,0.0,2.0,0.0,1.0,0.11,0.0,0.0,1.0,0.0,3.0,0.0,0
1.0,3.0,0.0,11.0,0.0,0.59,1.0,79.0,1.0,0.0,14.0,2.0,2.84,1.0,6.16,1.0,1.0,1.17,0.0,10.0,0.33,0.0,1.0,3.0,0
0.0,2.0,0.0,2.0,1.0,0.43,0.0,66.0,3.0,0.0,12.0,1.0,4.0,2.0,9.33,3.0,1.0,2.0,0.0,13.0,0.57,0.0,1.0,2.0,0
1.0,2.0,1.0,0.0,1.0,0.16,0.0,71.0,3.0,0.0,12.0,1.0,2.6,1.0,6.3,1.0,1.0,1.46,0.0,3.0,1.0,0.0,2.0,3.0,0
30.0,4.0,0.0,0.0,1.0,0.05,0.0,95.0,2.0,0.0,11.0,2.0,4.35,1.0,5.0,1.0,1.0,2.51,0.0,18.0,0.5,0.0,2.0,2.0,0
0.0,1.0,1.0,0.0,1.0,0.18,0.0,50.0,1.0,0.0,7.0,2.0,1.65,0.0,3.35,2.0,1.0,0.35,0.0,8.0,1.0,0.0,1.0,0.0,0
0.0,1.0,0.0,0.0,0.0,0.43,0.0,64.0,2.0,0.0,0.0,1.0,7.0,0.0,3.0,1.0,1.0,0.44,0.0,0.0,1.0,0.0,2.0,0.0,0
0.0,1.0,0.0,0.0,0.0,0.81,0.0,62.0,2.0,0.0,0.0,1.0,2.5,0.0,1.75,0.0,1.0,0.0,0.0,0.0,1.0,0.0,1.0,0.0,0
0.0,1.0,8.0,4.0,0.0,0.63,0.0,88.0,2.0,0.0,8.0,2.0,3.86,1.0,3.74,1.0,1.0,0.53,0.0,0.0,1.0,0.0,1.0,0.0,0
0.0,1.0,0.0,4.0,0.0,0.64,0.0,82.0,2.0,0.0,3.0,2.0,1.76,0.0,3.24,1.0,1.0,0.95,0.0,8.0,0.8,0.0,1.0,0.0,0
0.0,1.0,0.0,3.0,0.0,2.8,0.0,100.0,3.0,0.0,0.0,1.0,3.0,1.0,2.0,2.0,1.0,0.0,0.0,0.0,1.0,0.0,2.0,1.0,0
1.0,1.0,0.0,4.0,0.0,6.5,0.0,0.0,0.0,1.0,0.0,0.0,1.0,1.0,0.0,0.0,1.0,2.0,0.0,0.0,1.0,0.0,3.0,1.0,0
0.0,1.0,0.0,4.0,0.0,1.65,0.0,72.0,1.0,0.0,0.0,1.0,3.11,1.0,1.89,1.0,1.0,0.0,0.0,0.0,1.0,0.0,3.0,0.0,0
0.0,1.0,0.0,0.0,0.0,1.41,0.0,0.0,3.0,0.0,3.0,1.0,5.5,3.0,2.0,2.0,1.0,0.6,0.0,4.0,0.5,0.0,2.0,0.0,0
14.0,2.0,7.0,3.0,21.0,0.29,0.0,96.0,3.0,3.0,132.0,5.0,6.21,0.0,6.68,1.0,1.0,1.08,0.0,2185.0,0.42,3.0,4.0,9.0,1
0.0,1.0,0.0,6.0,0.0,4.5,0.0,0.0,0.0,4.0,2.0,0.0,4.36,1.0,0.82,0.0,1.0,0.0,0.0,1.0,0.33,0.0,4.0,1.0,0
1.0,1.0,0.0,7.0,5.0,1.02,0.0,90.0,1.0,0.0,3.0,3.0,3.41,0.0,2.87,0.0,1.0,0.65,0.0,0.0,1.0,0.0,2.0,1.0,0
13.0,2.0,1.0,5.0,2.0,0.69,0.0,86.0,2.0,0.0,16.0,2.0,5.46,0.0,6.17,1.0,1.0,1.13,0.0,20.0,0.38,0.0,5.0,5.0,1
2.0,2.0,0.0,4.0,0.0,0.96,0.0,71.0,1.0,0.0,2.0,1.0,4.92,2.0,3.0,1.0,1.0,0.76,0.0,5.0,0.67,0.0,1.0,2.0,0
0.0,1.0,0.0,0.0,0.0,1.5,0.0,0.0,2.0,0.0,0.0,1.0,2.0,2.0,2.0,1.0,1.0,0.75,0.0,3.0,1.0,0.0,1.0,1.0,0
0.0,1.0,1.0,0.0,1.0,0.77,0.0,50.0,1.0,0.0,3.0,2.0,2.4,2.0,2.6,2.0,1.0,0.43,0.0,0.0,1.0,0.0,1.0,0.0,0
0.0,1.0,0.0,6.0,0.0,5.22,0.0,0.0,2.0,1.0,1.0,1.0,2.75,2.0,0.75,0.0,1.0,0.0,0.0,20.0,0.5,0.0,2.0,0.0,0
0.0,1.0,0.0,1.0,0.0,1.44,0.0,80.0,1.0,0.0,1.0,1.0,3.5,1.0,1.75,1.0,1.0,0.0,0.0,2.0,0.5,0.0,1.0,0.0,0
0.0,0.0,0.0,0.0,0.0,3.17,0.0,100.0,1.0,0.0,0.0,1.0,0.0,0.0,1.0,1.0,0.0,0.0,0.0,0.0,1.0,0.0,1.0,0.0,0
0.0,1.0,0.0,5.0,0.0,1.44,0.0,50.0,1.0,0.0,1.0,1.0,4.0,3.0,2.6,1.0,1.0,0.57,0.0,1.0,0.5,0.0,2.0,0.0,0
0.0,1.0,0.0,4.0,0.0,4.67,0.0,0.0,1.0,1.0,1.0,1.0,1.0,1.0,1.0,1.0,1.0,0.0,0.0,0.0,1.0,0.0,1.0,0.0,0
2.0,3.0,0.0,7.0,0.0,0.95,1.0,100.0,1.0,0.0,21.0,1.0,6.86,0.0,7.07,1.0,0.0,0.76,0.0,31.0,0.5,0.0,5.0,3.0,1
3.0,1.0,6.0,3.0,1.0,0.46,0.0,84.0,1.0,0.0,10.0,2.0,3.95,0.0,4.45,1.0,1.0,0.88,0.0,41.0,0.38,0.0,6.0,2.0,1
3.0,1.0,0.0,8.0,0.0,6.12,0.0,0.0,0.0,1.0,1.0,0.0,2.0,2.0,0.33,0.0,1.0,0.0,0.0,0.0,1.0,0.0,1.0,2.0,0
1.0,1.0,0.0,0.0,0.0,0.67,0.0,0.0,1.0,0.0,1.0,1.0,6.0,4.0,4.5,1.0,1.0,1.0,0.0,0.0,1.0,0.0,1.0,0.0,0
1.0,1.0,2.0,4.0,0.0,0.42,0.0,84.0,1.0,1.0,6.0,2.0,4.69,1.0,4.85,1.0,1.0,1.47,0.0,84.0,0.5,0.0,3.0,1.0,0
0.0,1.0,0.0,2.0,0.0,2.7,0.0,100.0,2.0,0.0,0.0,1.0,2.0,0.0,1.0,1.0,1.0,0.0,0.0,0.0,1.0,0.0,1.0,1.0,0
0.0,1.0,3.0,9.0,0.0,1.25,1.0,0.0,1.0,0.0,0.0,1.0,7.75,0.0,3.0,1.0,1.0,1.33,0.0,0.0,1.0,0.0,2.0,0.0,0
0.0,2.0,0.0,4.0,8.0,0.35,0.0,84.0,2.0,0.0,20.0,2.0,6.0,0.0,7.31,1.0,1.0,1.59,0.0,23.0,0.4,0.0,2.0,3.0,1
1.0,1.0,0.0,5.0,1.0,0.5,0.0,78.0,2.0,0.0,7.0,1.0,5.0,1.0,5.67,1.0,1.0,1.12,0.0,5.0,0.5,0.0,2.0,2.0,0
0.0,1.0,0.0,5.0,0.0,2.33,0.0,0.0,3.0,0.0,0.0,1.0,4.0,4.0,4.0,4.0,1.0,0.0,0.0,0.0,1.0,0.0,1.0,0.0,0
0.0,1.0,0.0,3.0,0.0,1.22,0.0,69.0,1.0,0.0,0.0,1.0,10.0,1.0,1.75,1.0,1.0,0.43,0.0,0.0,1.0,0.0,1.0,0.0,0
0.0,1.0,0.0,0.0,0.0,0.35,0.0,33.0,1.0,0.0,3.0,2.0,2.0,0.0,4.33,0.0,1.0,1.67,0.0,0.0,1.0,0.0,1.0,0.0,0
0.0,1.0,0.0,0.0,0.0,1.12,0.0,0.0,3.0,0.0,0.0,1.0,2.0,2.0,2.5,1.0,1.0,0.75,0.0,0.0,1.0,0.0,1.0,0.0,0
0.0,1.0,3.0,2.0,0.0,0.25,0.0,100.0,1.0,0.0,29.0,3.0,5.51,0.0,6.41,1.0,0.0,0.53,0.0,0.0,1.0,0.0,1.0,0.0,0
8.0,1.0,18.0,0.0,4.0,0.04,0.0,94.0,2.0,2.0,3.0,2.0,2.04,0.0,2.77,0.0,1.0,0.31,0.0,0.0,0.0,0.0,2.0,0.0,0
12.0,1.0,34.0,0.0,8.0,0.02,0.0,95.0,2.0,2.0,7.0,2.0,2.27,0.0,3.33,0.0,1.0,0.54,0.0,0.0,0.0,0.0,2.0,0.0,0
0.0,2.0,0.0,1.0,0.0,0.3,0.0,44.0,2.0,0.0,11.0,1.0,3.67,2.0,11.67,3.0,1.0,1.4,0.0,0.0,0.5,0.0,1.0,1.0,0
0.0,2.0,0.0,0.0,0.0,0.09,0.0,80.0,1.0,0.0,3.0,1.0,3.88,1.0,3.35,1.0,1.0,0.93,0.0,0.0,1.0,0.0,1.0,0.0,0
0.0,1.0,0.0,2.0,0.0,0.3,0.0,50.0,2.0,0.0,9.0,1.0,3.0,1.0,26.5,2.0,1.0,2.25,0.0,1.0,0.67,0.0,3.0,0.0,1
2.0,1.0,0.0,1.0,0.0,0.6,0.0,66.0,2.0,0.0,8.0,1.0,2.44,0.0,2.33,1.0,1.0,0.27,0.0,192.0,0.5,0.0,2.0,0.0,0
0.0,1.0,0.0,3.0,0.0,3.89,0.0,0.0,1.0,10.0,3.0,2.0,34.75,17.0,1.0,1.0,1.0,0.0,0.0,0.0,1.0,0.0,1.0,0.0,0
0.0,1.0,11.0,2.0,0.0,0.74,0.0,91.0,1.0,0.0,2.0,2.0,16.04,2.0,3.46,1.0,1.0,0.58,0.0,2.0,0.67,0.0,1.0,1.0,0
0.0,1.0,0.0,2.0,0.0,2.14,0.0,100.0,2.0,0.0,1.0,1.0,1.33,0.0,1.67,1.0,1.0,0.0,0.0,0.0,1.0,0.0,1.0,0.0,0
1.0,1.0,1.0,0.0,0.0,0.11,0.0,67.0,1.0,0.0,2.0,2.0,2.19,0.0,2.36,1.0,1.0,0.17,0.0,0.0,0.33,0.0,1.0,0.0,0
82.0,1.0,247.0,0.0,83.0,0.11,0.0,100.0,2.0,45.0,87.0,4.0,2.69,0.0,2.99,0.0,0.0,0.59,0.0,20224.0,0.75,0.0,4.0,1.0,0
1.0,1.0,3.0,0.0,0.0,0.11,0.0,90.0,2.0,0.0,3.0,4.0,10.5,0.0,2.24,0.0,0.0,0.71,0.0,127.0,0.5,0.0,4.0,0.0,0
1.0,2.0,3.0,0.0,0.0,0.07,0.0,93.0,2.0,0.0,3.0,4.0,3.68,0.0,3.43,0.0,0.0,0.42,0.0,370.0,0.5,0.0,5.0,0.0,0
0.0,2.0,0.0,2.0,0.0,0.37,1.0,80.0,2.0,0.0,6.0,2.0,5.33,0.0,5.44,1.0,1.0,1.14,0.0,71.0,0.43,0.0,1.0,0.0,0
1.0,1.0,3.0,2.0,0.0,0.33,1.0,81.0,1.0,0.0,5.0,1.0,6.43,2.0,5.29,1.0,1.0,0.89,0.0,2469.0,0.5,0.0,2.0,0.0,0
26.0,1.0,79.0,0.0,27.0,0.11,0.0,100.0,2.0,17.0,34.0,4.0,2.58,0.0,2.81,0.0,0.0,0.55,0.0,1490.0,1.0,0.0,1.0,0.0,0
1.0,1.0,3.0,0.0,0.0,0.1,0.0,89.0,2.0,0.0,3.0,4.0,3.09,0.0,2.56,0.0,0.0,0.52,0.0,53.0,1.0,0.0,1.0,0.0,0
1.0,1.0,2.0,0.0,1.0,0.17,0.0,93.0,1.0,0.0,15.0,2.0,5.96,1.0,5.21,2.0,1.0,0.78,0.0,10.0,0.67,0.0,1.0,0.0,0
0.0,1.0,2.0,0.0,7.0,0.28,0.0,83.0,1.0,2.0,1.0,2.0,3.6,1.0,2.2,0.0,1.0,0.89,0.0,0.0,0.33,0.0,1.0,0.0,0
0.0,1.0,2.0,5.0,0.0,0.8,0.0,0.0,1.0,0.0,0.0,1.0,2.5,2.0,4.0,3.0,4.0,2.5,1.0,0.0,1.0,0.0,1.0,0.0,0
0.0,2.0,5.0,1.0,0.0,0.27,1.0,86.0,1.0,0.0,9.0,1.0,3.8,2.0,7.2,2.0,1.0,1.29,0.0,12.0,0.5,0.0,3.0,3.0,0
0.0,1.0,0.0,0.0,0.0,1.11,0.0,0.0,2.0,0.0,0.0,1.0,3.0,3.0,3.0,3.0,1.0,0.0,0.0,0.0,1.0,0.0,1.0,0.0,0
0.0,1.0,2.0,7.0,1.0,0.69,1.0,50.0,1.0,0.0,3.0,1.0,3.5,1.0,8.0,3.0,1.0,1.6,0.0,3.0,0.67,0.0,2.0,0.0,0
0.0,1.0,0.0,3.0,0.0,1.15,0.0,75.0,1.0,1.0,2.0,2.0,1.25,0.0,0.25,0.0,1.0,0.0,0.0,0.0,1.0,0.0,1.0,0.0,0
0.0,2.0,5.0,5.0,0.0,0.5,0.0,80.0,2.0,0.0,8.0,1.0,8.3,2.0,5.5,1.0,1.0,1.29,0.0,46.0,0.6,0.0,2.0,2.0,0
2.0,1.0,0.0,0.0,0.0,4.4,0.0,0.0,0.0,5.0,0.0,0.0,2.0,1.0,1.0,1.0,1.0,0.0,0.0,0.0,1.0,0.0,1.0,0.0,0
0.0,1.0,1.0,1.0,0.0,0.62,0.0,50.0,1.0,0.0,1.0,2.0,2.45,0.0,1.82,0.0,1.0,0.33,0.0,0.0,1.0,0.0,1.0,0.0,0
0.0,1.0,1.0,4.0,2.0,1.06,0.0,75.0,2.0,2.0,1.0,2.0,2.5,1.0,3.0,1.0,1.0,0.83,0.0,0.0,1.0,0.0,1.0,0.0,0
1.0,1.0,0.0,0.0,0.0,0.29,0.0,50.0,2.0,0.0,1.0,2.0,2.89,0.0,2.96,0.0,1.0,0.2,0.0,87.0,0.4,0.0,4.0,2.0,0
5.0,1.0,0.0,3.0,0.0,3.55,0.0,0.0,0.0,0.0,0.0,0.0,1.0,1.0,1.0,1.0,1.0,0.0,0.0,0.0,1.0,0.0,1.0,0.0,0
1.0,2.0,4.0,1.0,0.0,0.32,2.0,0.0,1.0,0.0,3.0,1.0,2.0,1.0,10.25,2.0,1.0,1.83,0.0,2.0,1.0,0.0,4.0,0.0,0
0.0,3.0,1.0,3.0,0.0,0.31,1.0,79.0,1.0,0.0,3.0,1.0,8.61,1.0,5.48,1.0,1.0,2.2,0.0,128.0,0.5,0.0,2.0,2.0,0
0.0,1.0,1.0,7.0,0.0,1.58,0.0,0.0,1.0,0.0,2.0,1.0,0.0,0.0,10.0,10.0,3.0,2.0,2.0,0.0,1.0,0.0,3.0,1.0,0
0.0,1.0,7.0,3.0,0.0,0.67,0.0,100.0,1.0,0.0,4.0,1.0,5.77,0.0,3.03,1.0,0.0,0.64,0.0,108.0,0.5,0.0,3.0,0.0,0
0.0,2.0,1.0,3.0,0.0,1.14,0.0,0.0,1.0,0.0,2.0,1.0,1.5,0.0,7.0,4.0,1.0,1.5,0.0,0.0,0.0,0.0,1.0,0.0,0
0.0,1.0,0.0,3.0,0.0,2.21,0.0,100.0,2.0,0.0,0.0,1.0,1.67,0.0,1.0,1.0,1.0,0.0,0.0,0.0,1.0,0.0,1.0,2.0,0
0.0,1.0,2.0,5.0,0.0,0.4,3.0,75.0,1.0,0.0,6.0,1.0,4.14,0.0,6.29,0.0,1.0,0.33,0.0,0.0,1.0,0.0,2.0,1.0,0
0.0,1.0,1.0,4.0,0.0,0.52,0.0,50.0,1.0,0.0,5.0,2.0,3.0,0.0,4.5,0.0,1.0,0.43,0.0,0.0,1.0,0.0,3.0,0.0,0
2.0,1.0,2.0,2.0,1.0,0.15,1.0,65.0,1.0,0.0,38.0,2.0,2.91,0.0,8.83,0.0,1.0,1.03,0.0,180.0,0.38,2.0,4.0,4.0,1
0.0,1.0,0.0,3.0,0.0,0.37,5.0,100.0,1.0,0.0,4.0,1.0,0.0,0.0,13.0,12.0,1.0,0.0,0.0,0.0,1.0,0.0,1.0,2.0,0
0.0,1.0,4.0,4.0,0.0,0.4,0.0,77.0,1.0,0.0,14.0,1.0,2.64,0.0,6.91,1.0,1.0,1.08,0.0,47.0,0.5,0.0,4.0,0.0,1
0.0,1.0,2.0,2.0,3.0,0.27,2.0,50.0,3.0,2.0,10.0,2.0,2.25,1.0,6.62,1.0,1.0,0.36,0.0,0.0,1.0,0.0,2.0,1.0,0
0.0,1.0,2.0,3.0,0.0,0.48,1.0,55.0,1.0,0.0,8.0,1.0,2.33,1.0,6.67,1.0,1.0,0.0,0.0,1.0,0.5,0.0,1.0,2.0,0
0.0,1.0,0.0,21.0,0.0,0.32,3.0,93.0,1.0,0.0,33.0,1.0,7.0,7.0,15.0,15.0,1.0,0.0,0.0,0.0,0.75,0.0,2.0,1.0,1
0.0,1.0,2.0,1.0,0.0,0.5,0.0,66.0,1.0,0.0,2.0,1.0,1.67,1.0,3.33,1.0,1.0,0.0,0.0,0.0,1.0,0.0,1.0,1.0,0
0.0,1.0,0.0,1.0,0.0,2.89,0.0,0.0,4.0,1.0,1.0,1.0,0.0,0.0,0.0,0.0,1.0,0.0,0.0,0.0,1.0,0.0,1.0,0.0,0
0.0,1.0,0.0,0.0,0.0,2.12,0.0,0.0,2.0,0.0,0.0,2.0,1.0,1.0,1.0,1.0,1.0,0.0,0.0,0.0,0.0,0.0,2.0,0.0,0
0.0,1.0,0.0,1.0,0.0,0.43,0.0,76.0,2.0,0.0,5.0,2.0,3.56,0.0,3.67,1.0,1.0,0.55,0.0,0.0,0.0,0.0,1.0,2.0,0
0.0,1.0,3.0,0.0,0.0,0.16,1.0,74.0,1.0,0.0,17.0,2.0,4.0,1.0,7.12,1.0,1.0,0.42,0.0,8.0,0.5,0.0,4.0,0.0,0
0.0,1.0,2.0,0.0,0.0,0.23,0.0,75.0,3.0,0.0,12.0,2.0,1.41,0.0,2.82,0.0,1.0,0.42,0.0,2.0,0.67,0.0,1.0,1.0,0
0.0,1.0,2.0,1.0,0.0,0.27,0.0,58.0,3.0,0.0,15.0,2.0,2.38,0.0,5.25,0.0,1.0,0.77,0.0,17.0,0.8,0.0,1.0,2.0,0
0.0,1.0,0.0,2.0,1.0,0.67,0.0,80.0,2.0,0.0,6.0,1.0,2.2,0.0,3.2,2.0,1.0,0.0,0.0,0.0,1.0,0.0,1.0,1.0,0
1.0,1.0,2.0,1.0,0.0,0.2,0.0,77.0,1.0,0.0,13.0,1.0,2.43,0.0,3.71,0.0,1.0,1.18,0.0,0.0,0.67,0.0,1.0,1.0,0
0.0,1.0,0.0,4.0,1.0,0.69,0.0,62.0,2.0,0.0,3.0,1.0,1.25,0.0,4.25,3.0,1.0,1.0,0.0,0.0,1.0,0.0,2.0,1.0,0
0.0,1.0,0.0,12.0,0.0,1.03,2.0,14.0,2.0,0.0,7.0,1.0,10.0,10.0,7.0,7.0,1.0,0.0,0.0,0.0,1.0,0.0,1.0,1.0,0
0.0,1.0,0.0,1.0,1.0,0.25,0.0,76.0,2.0,0.0,10.0,1.0,5.3,0.0,4.8,2.0,1.0,0.0,0.0,1.0,0.5,0.0,2.0,1.0,0
0.0,1.0,10.0,2.0,17.0,0.45,0.0,92.0,2.0,23.0,15.0,3.0,7.92,0.0,3.12,0.0,1.0,0.87,0.0,170.0,0.54,0.0,4.0,5.0,0
0.0,1.0,0.0,1.0,0.0,0.81,0.0,0.0,1.0,0.0,2.0,1.0,2.0,2.0,4.0,4.0,3.0,2.0,2.0,43.0,0.5,0.0,1.0,0.0,0
0.0,1.0,1.0,0.0,1.0,0.43,1.0,75.0,2.0,0.0,11.0,1.0,2.25,0.0,5.25,1.0,1.0,0.5,0.0,2.0,0.5,0.0,1.0,0.0,0
0.0,2.0,2.0,6.0,0.0,1.07,1.0,60.0,1.0,0.0,0.0,1.0,2.5,0.0,2.2,1.0,1.0,0.75,0.0,0.0,0.0,0.0,1.0,0.0,0
0.0,1.0,2.0,6.0,0.0,0.79,1.0,56.0,1.0,3.0,0.0,2.0,4.1,3.0,3.9,1.0,1.0,0.94,0.0,0.0,0.0,0.0,1.0,0.0,0
0.0,2.0,3.0,1.0,0.0,0.31,3.0,0.0,1.0,0.0,6.0,1.0,1.33,1.0,9.67,3.0,1.0,2.0,0.0,1.0,1.0,0.0,1.0,3.0,0
0.0,1.0,0.0,0.0,0.0,0.56,0.0,57.0,1.0,0.0,3.0,1.0,2.86,1.0,1.14,1.0,1.0,0.0,0.0,0.0,1.0,0.0,2.0,0.0,0
0.0,1.0,0.0,0.0,0.0,0.44,0.0,63.0,1.0,0.0,4.0,1.0,2.78,1.0,1.78,1.0,1.0,0.27,0.0,0.0,1.0,0.0,2.0,0.0,0
0.0,1.0,0.0,0.0,0.0,0.24,2.0,100.0,2.0,0.0,5.0,2.0,1.0,0.0,2.89,0.0,1.0,0.31,0.0,30.0,0.33,0.0,3.0,2.0,0
1.0,1.0,0.0,5.0,1.0,0.32,1.0,68.0,3.0,0.0,14.0,1.0,5.0,0.0,8.14,1.0,1.0,1.8,0.0,2.0,0.5,0.0,1.0,0.0,1
0.0,1.0,1.0,1.0,0.0,0.18,3.0,79.0,1.0,0.0,7.0,1.0,4.14,1.0,9.43,2.0,1.0,1.0,0.0,7.0,0.5,0.0,1.0,2.0,0
0.0,1.0,1.0,1.0,0.0,0.21,0.0,76.0,1.0,0.0,14.0,1.0,6.0,0.0,7.6,2.0,1.0,1.43,0.0,12.0,1.0,0.0,1.0,0.0,0
5.0,1.0,7.0,1.0,0.0,0.09,1.0,85.0,1.0,0.0,22.0,2.0,5.96,1.0,10.22,1.0,1.0,1.92,0.0,315.0,0.75,0.0,3.0,2.0,1
3.0,1.0,0.0,3.0,0.0,0.31,3.0,82.0,2.0,0.0,9.0,1.0,3.57,1.0,5.79,1.0,1.0,0.88,0.0,19.0,0.67,0.0,1.0,3.0,0
0.0,1.0,0.0,0.0,0.0,0.29,1.0,55.0,1.0,0.0,11.0,1.0,2.67,1.0,9.67,1.0,1.0,1.2,0.0,2.0,0.67,0.0,2.0,3.0,0
1.0,1.0,1.0,4.0,0.0,0.34,4.0,94.0,1.0,0.0,10.0,2.0,2.92,0.0,4.88,0.0,1.0,0.5,0.0,131.0,0.4,0.0,4.0,1.0,0
0.0,1.0,0.0,4.0,0.0,0.59,0.0,100.0,3.0,0.0,5.0,1.0,4.0,4.0,6.0,6.0,1.0,0.0,0.0,0.0,1.0,0.0,1.0,1.0,0
0.0,1.0,2.0,5.0,2.0,0.59,0.0,87.0,3.0,0.0,11.0,1.0,2.95,0.0,3.84,1.0,1.0,0.52,0.0,1.0,0.5,0.0,2.0,1.0,0
2.0,2.0,0.0,2.0,0.0,0.12,1.0,70.0,1.0,0.0,31.0,2.0,5.25,0.0,11.31,1.0,1.0,1.7,0.0,202.0,0.47,0.0,2.0,2.0,1
1.0,3.0,0.0,38.0,0.0,0.59,15.0,66.0,1.0,0.0,28.0,2.0,3.62,0.0,24.62,1.0,1.0,1.09,0.0,337.0,0.47,0.0,2.0,2.0,1
0.0,1.0,0.0,1.0,0.0,0.21,1.0,87.0,1.0,0.0,17.0,1.0,2.5,1.0,11.25,1.0,1.0,1.17,0.0,8.0,0.57,0.0,2.0,0.0,0
0.0,1.0,2.0,0.0,0.0,0.27,1.0,0.0,1.0,0.0,9.0,1.0,1.75,1.0,10.5,1.0,1.0,1.0,0.0,3.0,1.0,0.0,1.0,0.0,0
0.0,1.0,0.0,1.0,0.0,0.13,2.0,95.0,1.0,0.0,18.0,1.0,3.09,1.0,8.0,1.0,1.0,1.54,0.0,7.0,0.75,0.0,1.0,4.0,0
0.0,1.0,8.0,1.0,0.0,0.16,1.0,75.0,1.0,0.0,25.0,2.0,4.25,0.0,8.2,1.0,1.0,1.17,0.0,5.0,0.75,0.0,4.0,0.0,1
0.0,2.0,1.0,0.0,0.0,0.31,3.0,0.0,1.0,0.0,2.0,1.0,1.33,0.0,5.67,1.0,2.0,1.0,1.0,0.0,1.0,0.0,1.0,0.0,0
0.0,1.0,0.0,3.0,0.0,0.52,2.0,100.0,1.0,0.0,4.0,2.0,1.25,1.0,7.75,4.0,1.0,0.43,0.0,0.0,1.0,0.0,2.0,1.0,0
3.0,1.0,2.0,3.0,0.0,0.44,1.0,55.0,1.0,0.0,14.0,2.0,1.89,0.0,5.11,1.0,1.0,0.21,0.0,30.0,1.0,0.0,2.0,2.0,0
3.0,2.0,9.0,0.0,0.0,0.08,2.0,88.0,1.0,0.0,33.0,2.0,5.15,0.0,7.42,1.0,0.0,1.56,0.0,85.0,1.0,0.0,1.0,1.0,1
0.0,2.0,1.0,2.0,0.0,0.19,3.0,80.0,1.0,0.0,7.0,1.0,3.29,0.0,3.86,1.0,1.0,1.67,0.0,8.0,0.5,0.0,1.0,1.0,0
0.0,1.0,1.0,0.0,0.0,1.29,0.0,66.0,2.0,0.0,4.0,1.0,2.0,1.0,2.0,2.0,1.0,0.6,0.0,4.0,1.0,0.0,2.0,3.0,0
0.0,1.0,4.0,3.0,2.0,0.29,1.0,89.0,3.0,0.0,22.0,1.0,4.74,0.0,6.11,1.0,1.0,0.67,0.0,208.0,0.67,0.0,3.0,2.0,1
0.0,1.0,0.0,4.0,0.0,0.21,6.0,74.0,3.0,0.0,15.0,1.0,7.4,4.0,15.8,4.0,1.0,2.0,0.0,0.0,1.0,0.0,1.0,1.0,0
0.0,1.0,0.0,8.0,0.0,0.28,7.0,70.0,3.0,0.0,14.0,1.0,5.29,2.0,17.5,6.0,1.0,0.75,0.0,11.0,0.67,0.0,2.0,1.0,0
0.0,1.0,0.0,2.0,0.0,0.5,3.0,100.0,2.0,0.0,7.0,1.0,2.0,2.0,9.0,9.0,1.0,0.0,0.0,0.0,1.0,0.0,2.0,1.0,0
1.0,2.0,0.0,3.0,0.0,0.34,2.0,100.0,2.0,0.0,3.0,2.0,2.25,0.0,6.5,4.0,1.0,1.88,0.0,9.0,0.5,0.0,3.0,2.0,0
0.0,1.0,0.0,6.0,0.0,0.38,3.0,45.0,1.0,0.0,15.0,1.0,5.14,3.0,12.71,3.0,1.0,0.0,0.0,32.0,0.4,0.0,4.0,1.0,0
0.0,1.0,0.0,2.0,0.0,0.33,4.0,50.0,3.0,0.0,7.0,1.0,4.0,3.0,7.33,6.0,3.0,1.6,1.0,3.0,0.5,0.0,3.0,4.0,0
0.0,1.0,0.0,1.0,0.0,0.14,1.0,58.0,1.0,0.0,11.0,2.0,7.64,1.0,10.55,1.0,1.0,1.5,0.0,81.0,1.0,0.0,1.0,1.0,0
0.0,2.0,2.0,7.0,0.0,0.46,1.0,61.0,1.0,0.0,26.0,1.0,4.93,1.0,12.0,1.0,1.0,1.38,0.0,23.0,0.5,0.0,1.0,2.0,1
2.0,1.0,4.0,1.0,1.0,0.17,0.0,88.0,2.0,0.0,15.0,2.0,4.25,1.0,6.31,2.0,1.0,1.45,0.0,13.0,1.0,0.0,1.0,1.0,0
0.0,1.0,0.0,0.0,0.0,1.12,0.0,50.0,2.0,0.0,3.0,1.0,1.5,1.0,5.0,2.0,1.0,0.75,0.0,0.0,0.0,0.0,1.0,0.0,0
0.0,2.0,3.0,1.0,0.0,0.2,1.0,87.0,2.0,0.0,10.0,2.0,3.93,1.0,6.21,1.0,1.0,1.35,0.0,346.0,1.0,0.0,1.0,1.0,0
0.0,1.0,0.0,0.0,0.0,0.32,1.0,50.0,1.0,0.0,5.0,1.0,2.33,1.0,5.67,5.0,2.0,1.0,1.0,0.0,1.0,0.0,1.0,0.0,0
0.0,1.0,1.0,3.0,0.0,0.51,2.0,14.0,1.0,0.0,5.0,1.0,2.0,0.0,3.43,1.0,1.0,0.44,0.0,0.0,1.0,0.0,1.0,0.0,0
0.0,1.0,1.0,0.0,0.0,0.31,0.0,87.0,1.0,0.0,13.0,2.0,1.42,0.0,2.5,0.0,1.0,0.4,0.0,0.0,1.0,0.0,3.0,0.0,0
0.0,1.0,1.0,0.0,0.0,1.33,0.0,0.0,2.0,0.0,2.0,1.0,2.0,2.0,3.0,3.0,1.0,0.0,0.0,0.0,1.0,0.0,1.0,0.0,0
0.0,1.0,0.0,1.0,0.0,0.18,2.0,72.0,2.0,0.0,20.0,1.0,7.09,0.0,8.27,1.0,1.0,0.79,0.0,0.0,1.0,0.0,1.0,2.0,0
0.0,1.0,1.0,1.0,0.0,0.4,3.0,40.0,1.0,0.0,6.0,1.0,2.5,2.0,7.5,7.0,1.0,0.75,0.0,7.0,0.67,0.0,2.0,1.0,0
0.0,1.0,2.0,1.0,0.0,0.1,3.0,57.0,1.0,0.0,19.0,1.0,8.43,3.0,12.71,3.0,1.0,0.78,0.0,4.0,1.0,0.0,1.0,2.0,0
0.0,1.0,0.0,0.0,0.0,0.3,0.0,75.0,2.0,0.0,4.0,1.0,2.71,0.0,4.57,2.0,1.0,0.0,0.0,0.0,1.0,0.0,1.0,2.0,0
0.0,1.0,0.0,0.0,0.0,0.14,0.0,85.0,2.0,0.0,6.0,1.0,1.6,0.0,6.0,2.0,1.0,0.0,0.0,9.0,0.5,0.0,2.0,2.0,0
0.0,1.0,4.0,0.0,0.0,0.2,0.0,85.0,2.0,0.0,5.0,1.0,2.75,0.0,3.75,1.0,1.0,0.0,0.0,0.0,1.0,0.0,1.0,2.0,0
0.0,1.0,4.0,2.0,0.0,0.28,2.0,64.0,1.0,0.0,12.0,1.0,3.67,2.0,8.33,2.0,1.0,0.0,0.0,0.0,1.0,0.0,2.0,1.0,0
0.0,0.0,0.0,0.0,0.0,9.67,0.0,0.0,0.0,0.0,0.0,0.0,0.0,0.0,0.0,0.0,0.0,0.0,0.0,0.0,0.0,0.0,1.0,0.0,0
0.0,1.0,0.0,1.0,0.0,0.41,0.0,71.0,1.0,0.0,6.0,1.0,2.71,0.0,4.86,3.0,1.0,0.89,0.0,118.0,1.0,0.0,1.0,0.0,0
0.0,1.0,0.0,3.0,0.0,0.72,0.0,100.0,2.0,0.0,4.0,1.0,0.0,0.0,7.0,7.0,1.0,0.0,0.0,0.0,1.0,0.0,3.0,2.0,0
0.0,1.0,0.0,0.0,0.0,0.23,0.0,100.0,1.0,0.0,4.0,1.0,0.0,0.0,5.17,4.0,1.0,0.0,0.0,0.0,1.0,0.0,1.0,1.0,0
0.0,1.0,0.0,2.0,0.0,0.21,0.0,91.0,2.0,0.0,9.0,1.0,2.33,0.0,5.61,0.0,1.0,0.6,0.0,2.0,0.29,0.0,3.0,3.0,1
0.0,1.0,5.0,0.0,0.0,0.21,0.0,80.0,1.0,0.0,8.0,2.0,2.44,0.0,4.22,0.0,1.0,0.67,0.0,3.0,0.5,0.0,1.0,0.0,0
0.0,1.0,0.0,11.0,0.0,0.64,9.0,100.0,2.0,0.0,9.0,1.0,7.0,7.0,19.0,19.0,1.0,0.0,0.0,1.0,0.33,0.0,2.0,1.0,0
0.0,1.0,0.0,4.0,0.0,0.97,2.0,50.0,2.0,0.0,2.0,1.0,3.0,3.0,8.0,8.0,4.0,1.0,1.0,0.0,1.0,0.0,2.0,1.0,0
0.0,1.0,0.0,3.0,0.0,0.32,3.0,100.0,2.0,0.0,4.0,1.0,1.0,0.0,8.8,2.0,1.0,1.71,0.0,0.0,1.0,0.0,2.0,0.0,0
0.0,1.0,1.0,2.0,0.0,0.22,0.0,85.0,1.0,0.0,2.0,1.0,1.73,0.0,3.93,1.0,1.0,0.94,0.0,356.0,0.5,0.0,1.0,0.0,0
0.0,1.0,1.0,1.0,0.0,0.15,0.0,100.0,2.0,0.0,2.0,1.0,1.8,0.0,4.6,2.0,1.0,0.82,0.0,2.0,0.5,0.0,4.0,2.0,0
0.0,1.0,0.0,4.0,0.0,0.3,3.0,100.0,1.0,0.0,6.0,1.0,2.0,0.0,11.2,3.0,1.0,1.29,0.0,5.0,0.67,0.0,2.0,1.0,0
1.0,1.0,1.0,0.0,0.0,0.32,0.0,60.0,1.0,0.0,6.0,1.0,5.43,4.0,3.14,3.0,1.0,0.0,0.0,8.0,0.5,0.0,1.0,1.0,0
0.0,2.0,0.0,0.0,0.0,0.27,1.0,71.0,1.0,0.0,3.0,2.0,3.33,2.0,7.33,2.0,1.0,2.17,0.0,0.0,1.0,0.0,2.0,0.0,0
0.0,1.0,0.0,0.0,0.0,1.15,0.0,100.0,1.0,0.0,2.0,1.0,0.0,0.0,2.0,2.0,1.0,0.0,0.0,1.0,1.0,0.0,2.0,1.0,0
0.0,1.0,0.0,0.0,0.0,0.35,2.0,19.0,1.0,0.0,2.0,2.0,3.0,2.0,6.5,5.0,1.0,0.0,0.0,1.0,0.5,0.0,2.0,0.0,0
0.0,1.0,2.0,1.0,0.0,0.21,1.0,62.0,3.0,0.0,14.0,2.0,2.58,0.0,4.11,0.0,1.0,0.41,0.0,8.0,0.67,0.0,2.0,1.0,0
3.16,1.0,2.4,2.84,0.0,0.41,1.0,57.41,1.0,0.0,14.64,2.0,2.22,0.08,5.52,1.0,1.0,0.35,0.0,52.91,0.98,0.0,2.08,2.0,0
0.6,1.0,1.2,5.61,0.0,3.26,0.0,50.28,0.6,1.4,3.59,1.2,4.01,1.8,3.3,1.0,1.0,0.88,0.0,50.28,0.7,0.0,2.2,0.6,0
0.0,1.88,0.0,3.53,7.06,0.48,0.0,85.87,2.12,0.0,17.66,1.88,5.45,0.0,6.69,1.12,1.0,1.4,0.0,20.31,0.41,0.0,1.88,2.65,0
0.0,1.0,1.31,2.94,0.62,0.34,0.0,85.62,1.62,0.0,4.81,1.0,2.11,0.0,3.9,1.0,1.0,0.81,0.0,245.12,0.5,0.0,1.31,0.31,0
0.0,2.0,0.75,1.75,0.0,0.22,2.26,71.07,1.25,0.0,7.99,1.0,3.38,0.5,5.79,1.5,1.0,1.6,0.0,6.02,0.5,0.0,1.0,1.0,0
0.98,1.0,0.98,0.12,0.0,0.37,0.0,58.57,1.05,0.0,5.86,1.0,5.39,4.0,3.16,3.02,1.0,0.0,0.0,7.81,0.51,0.0,1.0,0.98,0
0.0,1.0,0.0,5.88,2.88,1.45,0.0,81.29,2.28,0.72,5.04,1.0,2.68,1.0,4.0,1.28,1.0,0.79,0.0,9.36,0.46,0.0,2.72,2.44,0
0.0,1.0,0.0,2.67,0.58,1.12,0.0,44.35,2.42,0.0,5.84,1.0,4.76,1.67,4.47,2.83,1.0,0.0,0.0,0.58,0.71,0.0,1.58,0.58,0
2.85,1.0,3.58,2.0,6.29,0.45,0.0,91.29,2.0,6.59,17.14,3.0,5.67,0.71,3.98,0.71,1.0,0.76,0.0,112.91,0.45,0.0,2.57,5.71,0
0.0,1.56,0.56,1.68,0.0,0.69,0.0,22.01,1.44,0.0,5.08,1.44,1.89,0.88,10.36,4.0,1.44,1.47,0.0,0.88,0.29,0.0,1.44,0.0,0
3.55,1.0,1.11,1.78,1.78,0.42,0.0,83.6,2.0,0.11,17.33,2.89,4.36,0.89,4.43,1.0,1.0,0.66,0.0,96.61,0.42,0.0,1.89,5.44,0
0.66,1.0,0.66,4.0,0.0,0.57,2.64,79.06,1.34,0.0,7.28,2.34,2.8,0.0,3.98,0.34,1.0,0.39,0.0,86.53,0.6,0.0,3.32,0.66,0
0.49,1.49,1.98,0.0,0.51,0.13,0.0,82.3,2.0,0.0,3.51,2.98,3.14,0.0,3.76,0.51,0.51,0.84,0.0,181.49,0.58,0.0,3.47,0.0,0
1.17,1.39,0.0,2.0,1.94,0.41,0.0,43.54,1.39,0.39,7.66,2.0,3.83,0.61,5.12,1.0,1.0,1.19,0.0,297.71,0.92,0.0,1.61,1.39,0
0.0,1.0,1.0,4.34,0.0,1.44,0.0,33.26,1.67,0.0,1.0,1.67,7.21,3.34,1.82,1.0,1.33,0.67,0.33,0.0,1.0,0.0,2.33,1.33,0
4.09,1.0,6.09,1.0,0.3,0.11,0.7,85.91,1.3,0.0,19.87,2.0,5.44,1.0,9.03,1.3,1.0,1.78,0.0,223.21,0.83,0.0,2.39,1.7,0
0.55,1.0,0.0,4.1,0.55,0.5,0.55,82.34,2.55,0.0,9.52,1.0,2.76,0.0,7.63,3.69,1.0,0.99,0.0,1.1,0.72,0.0,1.9,0.9,0
0.0,2.0,0.21,3.58,6.33,0.58,0.0,66.47,2.21,0.0,16.66,1.79,5.22,0.0,6.41,1.0,1.0,1.47,0.0,18.2,0.53,0.0,1.79,2.37,0
0.0,1.0,0.0,3.25,0.0,4.01,0.19,0.0,1.19,0.81,0.81,1.0,1.28,1.19,1.28,1.0,1.0,0.14,0.0,0.19,1.0,0.0,1.19,0.0,0
0.0,1.54,0.54,0.46,0.0,0.36,1.63,34.83,1.46,0.0,3.37,1.46,2.35,0.0,4.75,1.0,1.54,0.79,0.54,0.0,0.54,0.0,1.0,0.92,0
0.0,1.0,0.0,18.38,0.0,0.3,2.74,88.42,1.0,0.0,30.12,1.13,7.08,6.22,14.42,13.17,1.0,0.2,0.0,10.6,0.78,0.0,1.87,1.0,1
0.21,1.0,1.0,5.58,0.0,1.24,0.83,19.52,2.58,0.0,5.25,1.21,2.98,0.0,4.34,1.58,1.0,0.9,0.0,27.21,0.88,0.0,1.62,1.0,0
0.0,1.0,0.06,2.89,0.0,1.12,0.0,73.56,1.0,0.94,1.94,2.0,1.32,0.0,0.34,0.0,1.0,0.02,0.0,0.0,1.0,0.0,1.0,0.0,0
0.0,0.86,0.0,0.86,0.0,49.76,0.0,65.07,0.86,0.0,7.71,2.57,3.47,0.0,4.04,0.86,0.86,0.46,0.0,22.26,0.43,0.0,1.86,2.0,0
0.0,1.0,0.0,6.76,0.0,1.61,4.76,100.0,2.0,0.0,4.76,1.0,4.64,3.7,10.52,10.52,1.0,0.0,0.0,0.53,0.65,0.0,1.53,1.0,0
0.0,1.0,0.0,0.0,0.0,0.4,0.32,58.8,1.0,0.0,4.32,1.0,2.63,1.0,3.03,2.29,1.32,0.51,0.32,0.0,1.0,0.0,1.68,0.0,0
2.0,2.18,3.27,5.37,0.0,0.55,0.18,86.11,1.82,2.45,7.92,1.82,3.96,0.82,7.52,1.0,0.82,1.14,0.0,5.66,0.09,0.0,2.55,0.55,0
0.0,1.88,3.0,0.88,0.0,0.29,2.76,8.73,1.0,0.0,7.3,1.12,1.65,1.0,9.37,2.76,1.0,1.81,0.0,1.83,0.94,0.0,1.35,2.65,0
0.0,1.0,2.86,0.14,0.0,0.28,0.95,75.22,1.09,0.0,16.2,1.95,3.95,1.0,6.88,1.05,1.0,0.4,0.0,7.62,0.52,0.0,3.91,0.05,0
0.0,1.72,0.0,0.0,0.0,0.17,0.0,70.5,1.0,0.0,3.56,1.56,3.66,1.0,3.36,1.0,1.0,0.78,0.0,4.47,0.86,0.0,1.28,0.28,0
0.0,1.0,1.96,1.75,0.0,0.42,2.51,93.87,1.75,0.0,11.42,1.25,2.55,1.51,8.8,7.04,1.0,0.29,0.0,1.23,0.94,0.0,2.49,0.75,0
0.17,1.0,0.0,5.5,0.0,3.83,0.0,9.68,0.17,3.33,4.67,0.33,4.68,1.17,1.44,0.17,1.0,0.05,0.0,1.5,0.38,0.0,3.67,0.83,0
0.0,1.0,0.72,2.7,0.0,0.38,2.72,56.62,1.28,0.0,7.0,1.28,3.54,1.28,9.87,4.55,1.85,1.57,0.85,5.02,0.5,0.0,1.0,1.43,0
0.0,1.0,0.0,1.36,0.0,0.28,0.0,82.02,1.68,0.0,7.4,1.0,2.48,0.32,4.38,0.32,1.0,0.49,0.0,1.36,0.51,0.0,2.68,2.04,0
0.0,1.0,0.75,5.68,0.0,0.67,0.0,80.86,1.11,0.0,9.14,1.0,6.14,0.89,4.25,1.0,1.0,0.77,0.0,24.75,0.35,0.0,2.43,2.11,1
0.0,2.0,0.38,3.62,4.97,0.65,0.0,52.2,1.62,0.0,13.18,1.62,4.3,0.0,7.19,2.14,1.0,1.55,0.0,14.29,0.25,0.0,1.62,1.86,0
0.39,1.0,2.0,3.42,1.21,0.44,0.0,83.06,2.21,0.0,11.79,1.0,2.74,0.0,3.79,0.61,1.0,0.78,0.0,0.61,0.57,0.0,1.61,1.0,0
0.0,1.0,0.46,1.08,0.46,0.62,1.61,76.9,1.54,0.0,5.15,1.46,2.18,2.0,6.04,5.77,1.0,0.2,0.0,0.0,1.0,0.0,1.54,0.54,0
0.0,1.1,1.1,0.7,0.9,0.21,0.1,70.9,1.9,0.0,6.19,1.9,2.85,0.1,4.87,1.0,1.0,1.26,0.0,2.29,0.65,0.0,1.9,0.2,0
0.0,1.0,0.0,3.27,0.0,0.58,1.62,92.99,2.27,0.0,6.97,1.0,2.0,1.08,9.37,6.19,1.0,0.54,0.0,0.0,1.0,0.0,2.46,1.73,0
0.0,1.0,0.0,10.77,0.0,0.99,2.0,10.56,2.0,0.0,7.0,1.25,8.04,8.04,7.98,7.98,1.74,0.74,0.74,0.0,0.88,0.0,1.0,0.75,0
0.0,1.0,0.74,5.68,0.0,1.31,0.0,3.69,1.0,0.0,2.26,1.26,0.53,0.26,8.34,7.63,2.47,1.76,1.47,0.0,1.0,0.0,2.74,1.0,0
0.98,1.0,2.96,2.07,0.0,0.35,0.98,79.57,1.04,0.0,4.98,1.0,6.37,1.96,5.27,1.02,1.0,0.89,0.0,2425.5,0.51,0.0,1.98,0.02,0
0.0,1.0,0.81,4.02,0.0,0.7,0.81,8.35,1.4,0.0,3.0,1.6,3.08,1.81,5.31,3.02,1.0,0.99,0.0,0.0,0.6,0.0,2.0,0.6,0
0.01,0.0,0.0,0.0,0.0,9.65,0.0,0.17,0.0,0.0,0.03,0.01,0.01,0.0,0.01,0.0,0.0,0.0,0.0,0.17,0.0,0.0,1.0,0.01,0
0.0,1.0,0.59,2.22,0.0,0.65,1.78,44.08,1.41,0.0,4.37,1.82,2.53,1.18,5.35,4.55,1.0,0.52,0.0,4.15,0.8,0.0,2.0,0.59,0
0.0,1.0,0.15,0.44,0.0,1.21,0.0,96.35,1.0,0.0,1.71,1.15,4.18,0.0,1.93,1.85,1.0,0.04,0.0,0.85,1.0,0.0,1.85,1.0,0
0.88,1.24,0.12,4.76,0.88,0.32,1.0,69.33,2.76,0.0,12.67,1.0,5.44,0.12,7.82,1.0,1.0,1.85,0.0,17.26,0.5,0.0,1.12,0.24,1
0.0,1.0,7.21,3.87,0.0,0.61,0.13,83.65,1.87,0.0,8.0,1.87,3.66,1.0,4.12,1.0,1.0,0.46,0.0,0.13,0.93,0.0,1.0,0.26,0
0.0,1.0,0.0,0.0,0.0,0.29,0.0,56.96,1.46,0.0,6.32,1.46,2.59,1.46,7.75,2.39,1.46,0.82,0.0,0.93,0.85,0.0,2.0,0.0,0
0.0,1.0,0.87,0.13,0.87,0.23,0.13,46.87,1.13,0.0,6.5,2.0,1.94,0.38,3.87,2.38,1.38,0.43,0.13,7.0,0.87,0.0,1.0,0.13,0
0.95,1.0,0.0,4.85,0.95,0.49,0.0,78.66,2.0,0.0,7.1,1.0,4.87,0.95,5.66,0.95,1.0,1.1,0.0,4.85,0.49,0.0,2.05,2.05,0
0.0,1.0,1.0,0.98,0.86,0.59,0.86,64.55,1.86,0.0,9.75,1.0,1.94,0.0,5.91,2.25,1.28,0.71,0.28,1.72,0.57,0.0,1.28,0.14,0
0.12,1.0,0.24,0.88,0.12,0.14,0.88,62.18,1.0,0.0,11.48,2.0,7.44,1.0,9.91,1.12,1.0,1.41,0.0,72.52,0.96,0.0,1.0,0.88,0
0.0,1.0,0.0,1.05,0.0,0.56,0.95,80.05,1.48,0.0,3.95,2.0,5.99,1.05,2.58,0.52,1.0,0.41,0.0,14.25,0.68,0.0,2.48,0.95,0
3.44,1.0,1.19,1.63,1.81,0.4,0.0,91.37,1.81,0.0,17.44,2.81,4.99,1.0,4.49,1.19,1.0,0.72,0.0,75.04,0.46,0.0,1.81,4.88,0
0.0,1.0,0.0,1.0,0.0,1.55,0.0,27.41,1.64,0.0,3.89,1.72,3.16,0.0,2.77,1.0,1.0,0.19,0.0,9.38,0.82,0.0,2.64,1.36,0
2.57,1.29,0.0,6.85,0.0,5.34,0.0,0.0,0.14,0.86,1.0,0.29,1.93,1.71,0.65,0.14,1.0,0.32,0.0,6.78,1.0,0.0,1.0,1.71,0
0.0,1.0,0.0,2.0,0.0,1.47,1.68,100.0,2.0,0.0,3.91,1.0,2.0,1.12,5.47,5.47,1.0,0.0,0.0,0.0,1.0,0.0,1.56,1.0,0
3.3,1.3,4.7,0.9,0.9,0.28,0.7,27.92,1.0,3.6,20.11,1.6,2.65,0.7,8.9,1.0,1.0,1.01,0.0,222.46,0.81,0.3,1.9,2.4,0
0.59,1.0,1.76,0.83,0.0,1.18,0.0,94.13,2.0,0.0,1.76,2.76,6.78,0.0,1.73,0.41,0.41,0.42,0.0,74.57,0.71,0.0,3.17,0.0,0
0.0,1.0,0.93,1.07,0.0,0.59,0.0,52.91,1.07,0.0,1.57,1.93,2.45,0.0,2.09,0.0,1.0,0.35,0.0,0.14,0.95,0.0,1.14,0.21,0
0.89,1.11,0.0,0.11,0.0,0.63,0.0,5.06,1.11,0.0,2.15,1.0,5.73,3.77,5.32,1.23,1.0,1.05,0.0,0.0,0.94,0.0,1.0,0.11,0
1.21,1.4,8.4,2.39,0.0,0.41,0.81,88.0,1.6,0.0,18.07,2.0,4.38,0.6,5.22,1.0,0.6,0.95,0.0,34.25,1.0,0.0,1.0,0.4,0
0.0,1.0,0.14,11.29,0.0,1.11,1.72,12.02,1.86,0.0,6.29,1.0,8.59,8.59,7.42,7.42,1.28,0.28,0.28,0.0,1.0,0.0,1.28,1.0,0
0.0,1.0,0.78,4.55,0.0,0.66,2.0,61.14,1.39,0.0,3.61,1.61,2.58,1.78,7.72,4.78,1.0,0.59,0.0,0.0,0.61,0.0,2.0,0.61,0
0.58,1.0,1.26,3.79,0.0,0.91,0.42,0.0,1.0,0.0,0.58,1.0,6.74,2.32,3.87,1.0,1.0,1.14,0.0,0.0,1.0,0.0,1.42,0.0,0
1.12,1.0,0.88,1.32,0.0,0.54,0.44,53.32,1.0,0.0,4.08,1.56,2.24,0.44,4.05,0.44,1.0,0.06,0.0,0.44,0.78,0.0,2.12,0.88,0
1.43,1.0,2.86,5.09,0.48,0.68,1.05,40.02,1.52,0.0,8.43,2.0,2.93,1.05,7.88,6.24,2.57,1.99,1.57,19.53,0.44,0.0,3.38,0.95,0
0.0,1.0,1.27,2.09,0.0,0.29,1.91,63.54,1.0,0.0,13.18,1.36,6.55,1.91,9.35,2.27,1.0,0.84,0.0,2.91,0.82,0.0,1.0,2.36,0
0.08,1.0,0.0,1.25,0.08,0.23,1.0,86.83,1.17,0.0,17.42,1.08,2.81,1.0,10.87,1.0,1.0,1.13,0.0,39.38,0.57,0.0,2.08,0.25,1
0.0,1.0,0.12,2.6,0.0,2.47,0.0,98.8,1.88,0.0,3.6,1.24,2.76,0.0,1.43,1.0,1.0,0.1,0.0,34.22,0.93,0.0,1.24,1.96,0
0.0,1.0,0.73,3.27,0.0,0.82,0.55,50.0,2.0,0.0,1.27,1.73,5.77,1.55,3.81,2.91,1.82,0.64,0.27,0.0,1.0,0.0,2.73,1.73,0
0.88,1.88,2.63,0.61,0.0,0.59,0.0,81.56,1.88,0.25,2.63,3.75,3.35,0.12,3.13,0.12,0.12,0.37,0.0,324.49,0.56,0.0,4.51,0.0,0
0.0,1.0,0.0,7.05,0.0,1.24,1.89,0.0,1.89,0.11,6.62,1.89,2.05,2.05,10.45,10.45,3.84,2.84,2.84,0.0,0.53,0.0,1.0,0.0,0
0.0,1.64,2.45,0.82,0.0,6.0,0.82,71.12,1.64,0.0,8.18,1.64,3.21,0.82,5.08,0.82,0.82,1.11,0.0,282.86,0.82,0.0,1.18,0.82,0
0.27,1.53,0.0,10.09,0.0,0.58,3.98,57.19,2.47,0.0,9.64,2.0,3.44,0.73,9.39,1.0,1.0,0.8,0.0,95.4,0.61,0.0,2.73,0.53,0
0.0,1.07,4.86,0.1,0.0,0.21,0.03,79.97,1.0,0.0,7.83,1.97,2.66,0.03,4.27,0.03,1.0,0.72,0.0,7.35,0.5,0.0,1.03,0.07,0
0.0,1.59,0.59,1.23,0.0,0.31,3.0,40.95,1.41,0.0,2.82,1.0,1.2,0.0,6.95,1.41,1.59,1.29,0.59,0.0,1.0,0.0,1.41,0.0,0
0.0,1.0,5.75,1.64,0.0,0.6,0.68,75.0,1.0,0.0,16.98,2.0,12.07,0.0,6.05,1.0,1.0,0.87,0.0,3.4,0.83,0.0,3.04,0.32,0
0.0,1.0,2.0,3.44,0.41,0.44,0.41,54.74,2.19,0.0,10.11,1.59,2.83,0.41,6.37,1.22,1.0,1.11,0.0,11.3,0.75,0.0,1.41,1.19,0
0.14,1.0,3.81,2.28,0.0,0.56,1.91,60.97,0.95,0.05,11.48,0.95,3.59,2.0,7.95,1.91,1.0,0.0,0.0,0.0,1.0,0.0,1.95,1.05,0
0.0,1.0,0.0,3.08,0.0,3.65,0.0,6.44,1.16,9.45,3.08,2.0,32.96,15.74,1.14,1.0,1.0,0.05,0.0,0.08,0.95,0.0,1.08,0.16,0
4.01,2.0,0.31,8.46,0.62,0.94,0.0,49.36,2.0,0.0,10.47,2.0,5.14,0.69,5.82,1.0,1.0,1.34,0.0,9.63,0.81,0.0,2.93,1.54,0
1.14,1.09,0.09,4.09,0.18,4.32,0.0,7.53,1.09,0.91,2.31,1.09,1.39,0.91,1.45,1.0,1.0,0.1,0.0,1.75,0.95,0.0,1.35,0.44,0
0.0,1.0,3.39,0.15,0.0,0.51,0.0,72.06,2.0,0.0,4.39,1.0,2.74,0.0,3.43,1.0,1.0,0.0,0.0,0.0,1.0,0.0,1.3,1.85,0
3.74,1.0,10.61,0.0,2.5,0.25,0.0,52.35,1.31,0.62,4.25,2.0,2.08,0.0,4.02,0.0,1.0,1.32,0.0,0.0,0.69,0.0,1.31,0.0,0
0.0,1.0,1.0,0.49,0.51,0.56,0.0,57.22,2.49,0.0,4.0,1.51,2.88,0.0,3.05,1.0,1.0,0.85,0.0,0.0,0.83,0.0,2.0,0.49,0
0.0,1.0,3.92,1.95,0.0,0.31,1.95,62.32,1.03,0.0,11.74,1.0,3.62,2.0,8.19,2.03,1.0,0.0,0.0,0.0,1.0,0.0,1.97,0.97,0
4.28,1.0,0.0,3.72,0.9,3.09,0.0,16.2,0.18,0.0,0.54,0.54,1.43,0.82,1.34,0.82,1.0,0.12,0.0,0.0,1.0,0.0,1.18,0.18,0
0.71,1.24,0.76,0.47,1.95,0.63,0.0,59.45,1.24,0.24,5.84,2.0,3.42,1.53,3.72,1.76,1.0,0.64,0.0,180.98,0.95,0.0,1.0,0.47,0
0.0,1.0,0.0,1.0,0.0,0.79,0.92,23.0,2.16,0.08,2.84,1.92,3.68,2.76,6.9,4.6,3.76,0.92,0.92,0.0,0.08,0.0,1.0,0.92,0
0.0,1.0,0.27,2.4,0.0,2.44,0.0,86.51,1.87,0.0,0.0,1.0,2.07,0.27,1.4,1.27,1.4,0.34,0.13,0.0,1.0,0.0,1.0,0.87,0
0.0,1.0,1.47,6.07,0.0,0.8,0.0,48.14,1.0,0.0,16.05,2.07,5.62,0.93,4.32,1.93,2.4,1.62,0.47,152.46,0.7,0.0,2.07,4.81,0
0.74,1.0,2.23,3.03,0.0,1.59,0.74,60.11,1.26,0.26,3.97,1.0,5.48,2.0,4.12,0.74,1.0,0.66,0.0,1837.45,0.5,0.0,2.0,0.0,0
0.38,1.0,0.76,3.43,0.19,0.82,1.62,57.26,2.0,0.0,4.48,1.19,3.24,2.62,7.68,6.85,3.43,1.09,0.81,2.48,1.0,0.0,1.81,1.0,0
0.0,2.0,3.41,1.82,0.0,0.26,0.8,85.57,2.0,0.0,9.59,1.8,4.82,1.2,6.07,1.0,1.0,1.34,0.0,284.61,0.92,0.0,1.2,1.2,0
0.0,1.0,0.37,8.51,0.0,3.06,0.0,62.7,2.37,0.63,2.75,1.0,3.16,0.63,1.72,0.75,1.0,0.37,0.0,55.81,0.79,0.0,1.63,0.37,0
0.0,1.0,1.0,4.7,0.0,0.95,0.0,39.16,1.0,0.0,2.0,1.0,0.8,0.0,7.2,5.85,2.08,1.51,1.08,164.03,0.77,0.0,2.08,0.54,0
0.0,1.54,0.0,1.46,0.0,1.4,0.0,69.72,2.0,0.0,5.95,1.0,2.9,1.08,6.77,2.08,1.0,0.76,0.0,0.0,0.73,0.0,1.0,1.0,0
0.0,1.15,0.0,2.85,0.15,2.45,0.0,94.98,3.0,0.0,1.77,1.0,3.15,1.15,3.08,2.15,1.0,0.3,0.0,1.92,0.94,0.0,1.85,1.15,0
1.76,1.0,0.41,4.66,0.0,0.51,1.76,85.31,1.59,0.0,17.69,1.83,5.55,0.59,5.29,1.0,1.0,0.87,0.0,129.11,0.57,0.0,1.83,5.48,1
0.0,1.0,1.91,1.19,0.0,0.23,2.72,58.67,1.0,0.0,17.23,1.09,10.31,2.72,11.67,2.81,1.0,0.73,0.0,3.63,1.0,0.0,1.0,1.91,0
2.69,1.0,1.23,5.84,0.31,4.28,0.0,27.15,0.62,0.69,5.32,0.62,2.69,1.69,2.18,0.62,1.0,0.45,0.0,4.01,1.0,0.0,1.0,1.69,0
0.1,1.0,1.1,6.4,0.0,1.44,0.0,7.65,1.0,0.0,3.09,1.0,0.24,0.0,9.38,9.01,2.8,1.92,1.8,0.0,0.97,0.0,2.8,1.0,0
0.0,1.0,0.52,2.57,0.0,1.86,0.0,26.23,1.0,0.48,3.1,1.52,1.57,0.0,2.84,0.48,1.0,0.22,0.0,0.0,1.0,0.0,2.05,0.48,0
0.0,1.0,0.0,6.13,0.0,3.46,0.25,0.0,0.25,0.87,1.76,0.25,2.4,1.13,2.06,1.39,1.38,0.38,0.38,147.63,0.61,0.0,1.0,0.0,0
0.0,1.44,0.89,8.23,0.0,5.8,0.44,26.6,1.56,0.56,1.11,1.0,1.66,0.56,0.98,0.44,1.0,0.33,0.0,3.34,0.37,0.0,1.0,0.0,0
0.0,1.0,0.0,0.47,0.0,0.38,2.0,18.81,1.04,0.0,2.19,1.96,3.27,2.31,6.52,5.08,1.0,0.0,0.0,0.96,0.52,0.0,1.96,0.04,0
1.69,1.56,0.44,1.13,2.81,0.66,0.0,79.51,2.0,0.56,10.19,1.56,4.65,0.44,4.99,1.44,1.0,1.01,0.0,432.81,0.89,0.0,1.44,2.44,0
0.22,1.0,0.65,3.14,0.0,0.52,0.0,78.02,1.22,0.0,3.0,2.43,3.22,0.0,3.26,0.78,0.78,0.86,0.0,12.22,0.61,0.0,1.0,2.35,0
0.0,1.0,1.05,4.14,1.95,1.04,0.05,73.8,1.95,1.9,1.1,1.95,2.55,1.0,3.24,1.1,1.0,0.87,0.0,0.14,0.98,0.0,1.05,0.0,0
0.36,1.03,3.26,2.03,0.1,0.25,0.0,99.77,1.0,0.4,29.56,3.0,5.49,0.0,6.36,1.0,0.03,0.55,0.0,24.18,0.98,0.03,1.1,0.26,0
0.15,1.95,0.95,2.3,0.0,1.69,0.0,0.0,2.85,0.05,3.85,0.95,2.24,0.1,2.87,0.95,1.0,0.95,0.0,0.0,1.0,0.0,1.0,0.1,0
2.0,1.0,2.79,0.4,0.0,0.22,0.4,68.78,1.6,0.0,14.19,2.0,3.28,0.4,6.93,1.6,1.0,1.87,0.0,190.61,0.9,0.0,1.8,0.8,0
0.78,1.39,1.95,1.17,1.56,0.45,0.78,68.72,1.39,1.56,13.55,1.39,3.73,1.0,4.23,1.0,1.0,0.46,0.0,25.78,0.8,0.0,2.39,1.95,0
0.0,1.0,0.0,0.0,0.69,1.2,0.0,0.0,2.0,0.0,1.38,1.0,3.69,3.69,4.38,4.38,4.44,1.38,1.38,0.0,1.0,0.0,1.0,0.0,0
0.7,1.35,0.0,1.4,0.0,0.86,0.0,65.16,1.65,0.0,0.7,1.0,3.35,0.7,2.19,0.35,1.0,0.27,0.0,1.75,0.88,0.0,1.0,0.7,0
0.0,1.0,1.0,6.08,0.0,0.73,0.46,72.59,1.0,0.0,24.27,2.54,6.89,0.0,4.32,1.0,1.0,0.76,0.0,219.72,0.57,0.0,2.54,6.94,1
0.0,1.27,1.27,7.0,0.0,1.28,0.27,16.47,1.0,0.0,8.48,1.0,1.33,0.27,10.54,7.57,2.46,1.83,1.46,6.21,0.86,0.0,2.46,1.27,0
0.0,1.05,0.0,3.05,0.4,1.18,0.0,69.76,1.05,0.0,1.01,1.05,9.8,0.95,2.03,1.0,1.0,0.49,0.0,1.16,0.97,0.0,1.05,0.15,0
0.24,1.0,0.0,4.76,0.0,3.35,0.0,0.0,2.27,0.24,0.0,0.76,3.27,3.27,3.02,3.02,1.0,0.49,0.0,0.0,1.0,0.0,1.49,0.24,0
45.46,1.0,132.75,1.39,44.61,0.2,1.39,91.67,2.0,24.19,50.92,2.61,3.1,0.46,4.28,0.46,0.46,0.72,0.0,10878.42,0.71,0.0,2.61,1.93,0
2.62,1.0,5.87,2.62,0.87,0.43,0.0,83.49,1.0,0.0,9.74,2.0,3.76,0.0,4.42,0.87,1.0,0.85,0.0,36.13,0.39,0.0,5.36,1.74,0
0.55,1.55,3.1,0.55,3.14,0.3,1.1,37.18,1.0,0.9,2.1,1.45,2.72,1.0,6.64,1.1,1.0,1.41,0.0,1.1,0.7,0.0,2.66,0.0,0
0.0,2.72,0.86,3.0,0.0,0.43,0.86,78.44,1.0,0.14,2.86,1.14,7.58,0.86,4.75,0.86,1.0,1.89,0.0,110.07,0.57,0.0,1.86,1.72,0
2.36,1.0,3.3,2.06,0.0,0.24,3.11,92.93,1.0,0.0,12.49,1.47,2.81,0.47,11.69,6.81,1.0,0.91,0.0,148.49,0.88,0.0,1.94,2.0,0
0.71,1.0,1.42,0.71,0.24,0.44,0.0,67.98,1.0,0.0,5.42,1.24,3.06,0.76,2.41,1.0,1.0,0.42,0.0,9.72,0.85,0.0,2.95,0.47,0
2.22,1.74,0.52,2.52,5.26,0.21,0.0,87.39,2.0,0.74,15.0,2.0,6.81,0.0,7.38,1.0,1.0,1.32,0.0,584.39,0.78,0.0,1.26,2.0,0
0.0,1.0,0.43,4.72,0.0,1.9,0.0,39.26,1.0,0.0,0.43,1.0,9.14,4.02,1.43,1.0,1.43,0.67,0.43,0.0,1.0,0.0,1.0,0.0,0
1.77,0.88,0.0,0.88,0.0,0.9,0.0,69.95,1.88,0.0,7.07,1.0,2.16,0.0,2.18,1.0,0.88,0.24,0.0,169.71,0.56,0.0,1.88,0.0,0
0.0,1.53,1.06,4.17,0.0,0.34,1.0,73.27,1.0,0.0,21.75,1.0,3.78,1.0,11.65,1.0,1.0,1.28,0.0,15.92,0.53,0.0,1.47,1.06,1
0.0,2.68,0.84,2.51,0.0,0.45,0.84,82.4,1.0,0.0,2.84,1.0,7.22,0.84,4.92,1.16,1.0,1.84,0.0,107.44,0.58,0.0,2.0,1.84,0
0.0,1.0,2.29,6.42,1.15,0.63,1.0,55.67,1.29,0.0,5.76,1.0,3.68,0.85,7.72,2.71,1.0,1.46,0.0,32.8,0.67,0.0,2.15,0.29,0
0.0,1.0,0.0,0.0,0.0,0.2,0.0,81.37,2.0,0.0,5.27,1.0,2.0,0.0,5.48,2.0,1.0,0.0,0.0,5.73,0.68,0.0,1.64,2.0,0
0.0,1.0,5.66,6.85,0.0,0.21,1.59,80.27,1.0,0.0,27.34,1.71,5.05,2.05,10.19,5.1,1.0,0.83,0.0,3.54,0.75,0.0,3.41,0.29,1
1.46,1.0,0.27,8.91,0.0,3.44,0.0,0.0,1.54,0.73,4.0,1.0,1.54,0.73,1.51,0.54,1.0,0.27,0.0,0.0,1.0,0.0,1.73,1.0,0
0.0,1.0,0.54,9.32,0.0,1.23,0.93,42.96,1.46,0.0,5.39,1.54,7.97,5.17,4.89,3.78,1.0,0.2,0.0,136.77,0.82,0.0,1.0,1.0,0
0.0,2.53,0.76,2.29,0.0,0.37,0.76,73.8,1.0,0.0,3.0,1.0,7.25,1.0,4.45,1.0,1.0,1.68,0.0,97.74,0.62,0.0,2.0,1.53,0
0.05,2.9,1.1,2.95,0.0,0.31,1.0,79.1,1.0,0.0,3.1,1.0,8.5,1.05,5.47,1.0,1.0,2.14,0.0,239.63,0.5,0.0,2.0,1.9,0
0.4,1.4,1.61,2.79,0.0,0.31,2.6,59.72,1.0,0.0,4.79,1.0,2.0,0.4,10.82,2.6,1.0,1.51,0.0,3.79,0.8,0.0,2.81,0.6,0
0.0,1.0,2.49,7.21,0.0,1.05,0.74,20.68,1.0,0.0,0.77,1.26,6.54,0.0,3.17,0.74,1.0,1.19,0.0,98.57,0.9,0.0,1.74,0.0,0
13.27,1.0,44.23,1.96,13.78,0.36,0.0,94.12,2.0,8.67,21.27,3.02,3.2,0.49,3.26,0.49,0.49,0.54,0.0,760.29,1.0,0.0,1.0,0.0,0
0.0,1.0,0.0,4.0,0.0,0.61,2.31,93.52,1.0,0.0,4.61,1.0,2.26,0.23,9.05,2.54,1.0,0.99,0.0,3.84,0.74,0.0,2.23,0.77,0
0.22,1.22,1.78,0.0,0.22,0.25,0.78,15.69,1.44,0.0,9.66,1.0,1.94,1.0,9.57,1.0,1.0,1.1,0.0,3.0,1.0,0.0,1.22,0.66,0
0.0,1.0,0.0,2.52,0.0,1.03,0.0,70.67,1.24,0.0,1.19,1.24,8.46,0.76,2.21,1.0,1.0,0.46,0.0,0.0,0.76,0.0,1.0,0.48,0
0.0,1.0,0.3,0.0,0.0,0.36,0.0,48.02,1.0,0.0,5.18,2.94,3.03,0.94,3.45,0.94,1.0,0.43,0.0,15.23,0.5,0.0,1.94,0.94,0
0.0,1.28,0.28,1.72,1.0,0.65,0.0,85.62,2.0,1.4,6.28,1.0,3.34,0.0,3.17,1.72,0.72,0.14,0.0,0.84,0.91,0.0,1.84,1.0,0
0.0,1.0,0.0,4.11,0.0,0.73,0.0,54.78,1.32,0.0,6.85,1.0,3.11,0.68,3.1,0.68,1.0,0.53,0.0,18.49,0.54,0.0,1.68,1.37,0
0.0,1.0,2.54,1.06,0.0,0.51,0.0,67.51,1.0,0.0,2.0,1.06,2.53,1.06,3.34,1.0,1.0,0.03,0.0,0.12,0.98,0.0,1.0,1.0,0
0.37,1.0,0.0,5.81,0.09,4.8,0.09,5.79,1.91,1.09,1.09,1.0,3.22,2.09,1.09,0.09,1.0,0.04,0.0,28.6,0.49,0.0,1.91,0.0,0
0.0,0.63,0.0,1.25,0.0,1.39,2.51,68.66,2.25,0.0,4.39,1.0,2.51,1.88,4.97,4.13,1.88,1.0,0.63,1.88,0.69,0.0,2.25,2.51,0
0.0,1.0,0.0,2.46,0.0,0.77,0.0,65.72,2.0,0.0,2.46,1.82,3.11,0.36,3.02,1.0,1.0,0.41,0.0,43.26,0.51,0.0,3.46,1.82,0
0.0,1.0,0.0,1.9,0.0,1.49,0.73,100.0,2.0,0.0,1.83,1.37,1.42,0.0,1.69,0.63,1.0,0.11,0.0,10.96,0.76,0.0,1.73,2.0,0
0.96,1.0,1.91,1.0,0.0,0.21,0.0,76.73,1.0,0.0,12.69,1.0,2.44,0.0,3.77,0.13,1.0,1.16,0.0,5.31,0.68,0.0,1.0,0.96,0
0.0,1.0,0.76,1.76,0.0,0.7,0.0,64.87,1.24,0.0,1.76,1.0,1.95,0.0,3.4,1.0,1.0,0.72,0.0,271.69,0.62,0.0,1.47,0.24,0
0.0,1.0,0.0,0.15,0.0,1.46,0.0,7.35,2.93,0.0,2.85,1.0,5.19,2.78,1.98,1.93,1.0,0.56,0.0,3.71,0.54,0.0,1.93,0.0,0
0.0,1.0,0.4,1.81,0.0,2.86,0.0,26.18,1.4,6.03,3.4,1.6,21.76,10.65,1.4,1.4,1.0,0.24,0.0,1.59,1.0,0.0,1.4,1.19,0
0.0,1.0,0.0,9.36,0.0,4.04,0.0,87.26,1.87,1.13,1.75,1.13,2.96,1.0,0.35,0.13,1.0,0.0,0.0,77.66,0.71,0.0,1.87,0.0,0
0.0,1.0,0.0,3.19,0.0,1.08,0.0,32.88,1.0,0.0,1.27,1.73,4.19,1.27,2.7,1.81,1.54,0.86,0.54,11.58,0.87,0.0,2.46,0.0,0
0.46,1.0,1.61,3.39,0.46,0.37,0.0,89.79,1.46,0.0,18.79,2.07,5.28,0.46,6.06,1.0,0.46,0.81,0.0,2.32,0.77,0.0,1.46,0.93,0
0.95,1.68,1.89,7.79,0.32,0.86,0.0,49.07,1.68,0.0,8.63,2.0,4.67,0.68,5.28,1.0,1.0,1.25,0.0,16.34,0.8,0.0,3.26,0.63,0
3.46,1.0,0.87,1.87,1.73,0.66,0.0,92.21,2.13,0.0,15.59,2.73,4.33,0.87,4.01,1.13,1.0,0.62,0.0,77.95,0.49,0.0,2.13,5.33,0
0.0,1.68,2.36,2.91,0.0,0.71,2.04,0.0,1.0,0.0,4.72,1.0,0.91,0.68,9.77,5.23,1.64,2.0,0.64,0.68,1.0,0.0,1.64,2.36,0
0.0,1.0,0.0,0.18,0.0,0.77,0.0,12.66,1.82,0.0,1.07,1.0,0.48,0.0,1.0,0.53,1.0,0.16,0.0,21.04,1.0,0.0,1.0,0.0,0
2.13,1.87,4.26,4.74,0.13,0.46,0.0,83.13,1.87,2.61,5.66,2.0,3.4,0.87,7.21,1.0,1.0,1.18,0.0,5.38,0.05,0.0,2.52,0.26,0
0.0,0.29,0.0,1.74,0.0,117.51,0.0,0.0,0.0,0.29,0.29,0.0,0.71,0.29,0.22,0.0,0.29,0.0,0.0,49.05,0.18,0.0,1.71,0.71,0
0.73,1.0,2.0,3.27,4.19,0.26,0.36,74.56,1.64,0.0,23.34,2.0,5.56,0.0,8.02,0.64,1.0,1.19,0.0,109.27,0.59,0.73,2.73,2.73,1
0.37,1.0,0.37,4.63,0.0,2.85,1.48,34.89,1.0,1.26,3.71,2.0,1.71,0.63,2.44,0.63,1.0,0.19,0.0,48.63,0.78,0.0,2.11,0.37,0
0.01,1.0,0.01,3.99,0.01,4.64,0.01,0.46,1.0,0.99,1.26,1.01,1.01,0.99,1.05,0.99,1.0,0.01,0.0,1.26,1.0,0.01,1.02,0.03,0
0.52,1.0,0.97,3.61,2.58,0.66,0.48,46.47,1.0,0.0,5.9,2.03,2.61,0.48,6.56,0.48,1.0,0.82,0.0,1.45,1.0,0.0,1.52,0.52,0
0.0,1.0,0.1,4.31,0.0,0.35,2.69,98.97,1.0,0.0,8.48,1.21,2.65,0.0,10.52,2.79,1.0,1.24,0.0,33.9,0.64,0.0,2.1,1.83,0
0.0,2.44,0.0,5.57,0.0,0.9,0.0,18.37,1.56,0.0,4.9,2.0,3.45,0.56,4.26,1.0,1.0,1.79,0.0,23.62,1.0,0.0,1.56,0.0,0
0.0,1.0,1.37,1.9,0.0,1.07,0.37,47.5,1.0,0.0,3.3,1.63,18.77,0.37,4.8,1.0,1.0,0.53,0.0,1.1,1.0,0.0,1.0,0.63,0
27.25,1.0,0.68,10.59,0.15,7.16,0.0,3.54,2.0,2.96,12.62,2.0,2.25,0.0,0.76,0.0,1.0,0.01,0.0,3.85,0.41,0.0,2.96,3.85,1
0.0,1.52,0.52,0.48,0.0,0.23,2.03,28.06,1.0,0.0,6.35,1.48,4.38,0.48,8.03,1.0,1.52,1.24,0.52,39.18,1.0,0.0,1.0,0.48,0
0.73,2.47,0.0,28.11,0.0,1.03,10.99,48.35,1.27,0.0,20.78,1.73,3.37,0.0,18.49,1.0,1.0,0.8,0.0,246.88,0.61,0.0,2.27,1.73,1
0.0,1.82,0.82,0.18,0.0,0.84,2.47,0.0,1.0,0.18,1.82,1.0,1.1,0.0,4.84,1.0,1.82,0.82,0.82,0.0,1.0,0.0,1.0,0.18,0
0.0,1.0,0.0,1.28,0.0,0.37,0.0,78.21,1.18,0.0,8.63,2.82,4.04,0.37,4.83,1.46,1.0,0.49,0.0,23.61,0.55,0.0,1.91,1.91,0
0.72,1.0,1.83,3.45,0.0,0.32,3.45,85.74,1.0,0.0,10.55,1.72,3.13,0.55,5.83,0.55,1.0,0.36,0.0,94.94,0.57,0.0,3.45,1.0,0
0.0,1.0,0.0,3.85,0.0,0.31,2.85,98.59,1.0,0.0,6.0,1.0,2.03,0.0,10.89,3.0,1.0,1.27,0.0,10.5,0.68,0.0,1.95,0.95,0
0.0,1.0,0.0,0.8,0.0,0.41,0.0,69.58,1.2,0.0,4.78,1.0,3.59,0.0,4.48,2.59,1.0,0.8,0.0,93.98,1.0,0.0,1.2,0.0,0
1.12,1.0,1.25,6.75,0.0,2.78,0.63,35.14,0.63,2.25,0.37,1.25,3.32,2.63,2.57,0.63,1.0,0.59,0.0,0.0,0.37,0.0,1.0,0.75,0
0.75,2.49,0.0,8.47,0.0,1.01,0.75,58.98,1.25,0.0,10.71,1.75,2.8,0.75,5.02,1.0,1.0,0.87,0.0,7.47,0.5,0.0,1.51,2.49,0
1.43,1.1,0.72,1.2,2.15,3.02,0.0,9.82,1.2,1.2,14.41,1.41,0.64,0.0,1.58,1.0,1.0,0.11,0.0,223.61,0.94,0.31,1.31,1.82,0
0.43,1.43,1.57,3.44,0.43,0.52,0.57,62.39,1.85,1.72,5.11,1.57,3.46,2.15,4.92,1.0,1.0,1.16,0.0,1.28,0.43,0.0,1.43,1.28,0
0.0,1.0,1.37,2.25,0.0,1.15,0.0,71.63,1.0,0.0,0.75,1.63,18.55,0.37,2.19,1.0,1.0,0.16,0.0,0.0,1.0,0.0,1.0,1.0,0
0.0,1.49,0.0,0.0,0.0,0.2,0.49,34.87,1.0,1.02,4.53,2.0,1.65,0.98,3.62,0.98,1.0,1.06,0.0,0.51,0.75,0.0,2.0,0.51,0
0.0,1.0,0.56,4.32,0.0,0.59,1.32,47.81,1.56,0.0,7.14,1.56,6.08,1.88,6.83,1.88,1.0,0.28,0.0,14.03,0.74,0.0,3.44,1.56,0
21.19,1.0,64.56,2.22,21.45,0.41,1.48,36.22,1.26,11.63,26.19,1.78,2.18,0.0,3.31,0.74,0.74,0.48,0.0,5225.52,0.94,0.0,1.78,0.26,0
0.0,0.57,1.15,0.57,0.0,147.34,0.0,37.79,0.57,0.0,1.15,0.57,0.95,0.57,1.91,0.57,0.57,0.0,0.0,0.0,0.57,0.0,1.0,1.43,0
0.0,1.0,0.0,6.0,0.0,2.98,0.0,31.69,0.4,2.42,5.17,0.4,4.44,1.0,2.26,0.4,1.0,0.3,0.0,11.3,0.33,0.0,3.21,1.4,0
0.0,1.0,1.75,6.25,0.0,1.29,0.75,42.05,1.0,2.25,0.25,1.75,5.07,4.25,3.18,1.0,1.25,0.95,0.25,0.0,0.25,0.0,1.0,0.0,0
0.0,1.25,0.0,1.76,2.03,0.41,0.0,78.03,2.0,0.0,8.81,2.0,4.18,0.0,4.59,1.0,1.0,0.81,0.0,5.84,0.1,0.0,1.25,2.25,0
0.78,1.26,2.34,2.96,0.0,0.49,0.52,78.37,1.0,0.0,10.79,2.0,3.74,0.0,4.48,1.0,0.74,1.11,0.0,22.8,0.63,0.0,1.0,2.48,0
0.58,1.0,0.0,4.47,2.89,1.99,0.0,52.09,1.0,0.42,2.16,2.16,1.97,0.0,2.08,0.42,1.0,0.37,0.0,0.0,1.0,0.0,1.58,1.0,0
0.16,1.08,0.0,11.35,0.0,1.02,1.84,18.66,1.92,0.0,6.59,1.0,9.58,9.35,6.67,6.51,1.0,0.06,0.0,0.41,0.97,0.0,1.0,1.08,0
0.0,1.0,2.69,1.0,0.0,0.14,1.66,88.27,1.0,0.0,20.36,1.34,3.48,0.66,8.07,1.0,1.0,1.41,0.0,6.33,0.75,0.0,2.01,2.65,1
0.0,1.94,2.28,6.78,0.0,0.47,0.94,63.18,1.0,0.0,24.77,1.0,4.98,0.94,11.5,1.0,0.94,1.33,0.0,27.75,0.5,0.0,1.11,1.89,1
8.07,1.73,10.73,2.73,6.73,0.35,0.0,92.73,1.27,14.93,37.74,3.0,5.59,0.0,4.63,0.73,1.0,0.98,0.0,583.73,0.41,0.73,4.0,7.2,1
0.11,1.11,0.11,0.89,0.11,0.2,0.89,85.28,1.21,0.0,16.46,1.0,2.51,1.0,10.72,1.0,1.0,1.2,0.0,7.46,0.62,0.0,2.0,0.32,0
2.68,1.62,0.62,1.23,0.0,0.29,1.85,74.64,1.0,0.0,5.08,1.38,3.47,0.38,3.78,1.0,1.0,1.31,0.0,4.93,0.69,0.0,1.38,0.62,0
0.0,1.0,0.0,0.88,0.0,1.82,0.0,95.81,2.88,0.0,0.0,1.0,2.14,0.0,2.12,1.88,1.0,0.05,0.0,0.0,1.0,0.0,2.88,0.88,0
0.0,1.0,5.79,0.26,0.0,0.2,0.26,78.68,1.0,0.0,12.48,2.0,2.92,0.0,5.27,0.26,1.0,0.8,0.0,3.53,0.57,0.0,1.79,0.0,0
0.0,1.0,0.0,3.21,0.0,0.23,4.82,70.85,2.8,0.0,13.82,1.2,6.24,3.21,13.63,3.61,1.0,1.97,0.0,21.24,1.0,0.0,1.0,0.8,0
0.67,1.0,0.0,3.36,0.67,0.7,0.0,68.79,2.0,0.0,5.68,1.0,3.85,1.0,5.45,1.33,1.0,1.0,0.0,3.36,0.34,0.0,1.67,1.34,0
0.04,1.0,0.04,20.1,0.0,0.32,2.87,91.59,1.0,0.0,31.85,1.0,6.93,6.87,14.49,14.49,1.0,0.0,0.0,0.34,0.74,0.0,1.96,1.0,1
0.0,1.18,6.55,5.09,0.0,0.71,0.0,78.02,2.0,0.0,8.0,2.0,4.06,1.0,4.09,1.0,1.0,0.7,0.0,0.91,1.0,0.0,1.18,0.0,0
0.0,1.56,0.44,0.0,0.44,0.34,1.0,72.77,1.44,0.0,6.54,1.56,2.85,1.12,6.41,1.56,1.0,1.43,0.0,0.88,0.78,0.0,1.56,0.0,0
0.78,1.0,0.0,2.26,0.0,0.32,3.74,58.33,2.74,0.0,7.52,1.0,3.89,2.48,6.93,4.7,2.48,1.41,0.74,7.17,0.54,0.0,2.48,3.74,0
0.94,2.89,0.0,10.55,0.0,0.71,0.94,80.18,1.11,0.0,13.22,1.94,2.85,1.0,5.93,1.06,1.0,1.1,0.0,9.44,0.37,0.0,1.06,2.89,0
5.81,1.0,16.45,0.0,3.87,0.41,0.0,97.58,1.48,1.48,5.97,2.52,3.16,0.0,2.64,0.52,0.48,0.46,0.0,11.36,0.17,0.0,2.0,1.03,0
0.0,1.0,0.28,0.7,0.86,1.12,0.42,10.56,1.86,0.0,2.56,1.0,4.02,3.44,5.18,4.3,5.3,1.77,1.72,0.0,1.0,0.0,1.14,0.14,0
3.72,1.0,0.0,1.46,0.0,2.29,0.0,0.0,2.0,0.4,1.73,1.13,2.03,1.73,1.82,0.87,1.0,0.65,0.0,3.13,0.92,0.0,1.27,1.4,0
1.73,1.86,4.31,2.59,3.45,0.34,1.73,83.57,2.0,3.45,25.88,1.86,4.73,0.86,8.04,0.86,1.0,1.01,0.0,56.94,0.57,0.0,2.73,4.31,1
0.17,1.0,3.0,1.67,0.0,0.22,0.0,98.16,1.17,0.0,24.66,3.17,5.11,0.0,5.76,0.83,0.0,0.53,0.0,8.84,1.0,0.0,1.0,0.0,0
0.58,1.0,1.74,0.42,0.0,0.23,0.0,81.47,1.58,0.0,4.26,2.74,2.93,0.0,3.52,1.26,0.42,0.67,0.0,80.2,1.0,0.0,1.0,0.0,0
7.85,1.83,19.87,2.91,4.68,0.41,0.42,97.08,1.58,1.17,12.82,1.58,4.18,0.0,4.88,0.42,0.58,0.64,0.0,12.88,0.21,0.0,3.25,1.25,0
1.52,1.76,0.72,5.19,0.0,1.03,0.24,54.06,1.0,0.0,1.52,1.0,5.6,1.52,3.0,1.0,1.0,0.9,0.0,3.81,0.75,0.0,1.24,1.52,0
0.0,1.0,1.81,8.33,0.0,0.84,2.1,8.85,1.9,0.0,5.86,1.0,4.89,3.38,8.36,6.86,1.0,0.75,0.0,0.0,0.07,0.0,2.0,0.1,0
0.0,1.0,0.0,11.74,0.0,1.42,1.74,25.2,2.0,0.13,6.35,1.0,9.12,8.83,6.12,6.09,1.0,0.0,0.0,11.59,0.96,0.0,1.13,0.87,0
0.0,1.0,1.0,0.0,1.0,0.77,0.0,50.0,1.0,0.0,3.0,2.0,2.4,2.0,2.6,2.0,1.0,0.43,0.0,0.0,1.0,0.0,1.0,0.0,0
0.0,1.46,2.63,0.92,0.0,0.78,0.0,46.08,2.46,0.0,4.54,1.0,2.52,0.0,3.41,1.0,1.0,0.46,0.0,0.0,1.0,0.0,1.0,1.08,0
1.61,1.0,1.36,0.58,0.0,0.61,0.0,61.32,1.0,0.0,1.58,1.81,2.87,0.0,2.2,0.19,0.81,0.21,0.0,20.96,0.9,0.0,3.0,0.0,0
0.27,1.0,0.82,0.73,0.0,0.13,0.73,66.44,1.27,0.0,8.82,2.54,6.4,0.73,8.37,0.73,0.73,1.23,0.0,73.38,1.0,0.0,1.0,0.73,0
0.0,1.0,0.0,0.0,0.0,1.15,0.0,10.25,2.1,0.0,0.0,1.0,2.83,2.69,2.9,2.9,1.0,0.0,0.0,0.0,0.95,0.0,1.0,0.0,0
0.63,1.06,0.63,2.06,0.17,2.56,0.0,99.6,1.94,0.69,2.64,1.11,2.16,0.0,1.24,1.0,1.0,0.06,0.0,42.14,0.96,0.06,1.17,1.4,0
0.0,1.0,0.0,4.86,0.0,1.38,0.27,50.0,1.14,0.0,1.14,1.0,3.86,3.0,3.33,1.95,1.41,0.63,0.14,0.86,0.57,0.0,2.0,0.14,0
0.0,2.0,0.78,3.22,5.93,0.34,0.78,62.26,1.74,0.0,16.38,1.74,4.79,0.26,7.92,1.52,1.0,1.69,0.0,17.31,0.56,0.0,1.74,3.0,0
0.0,1.0,0.0,1.21,0.0,1.41,0.0,0.0,2.24,0.0,0.0,1.0,3.24,3.24,3.24,3.24,1.0,0.0,0.0,0.0,1.0,0.0,1.0,0.0,0
1.0,1.0,0.0,0.02,0.0,0.67,0.0,0.11,1.0,0.0,1.0,1.0,5.99,3.99,4.51,1.0,1.0,1.0,0.0,0.01,1.0,0.0,1.0,0.0,0
0.0,1.0,2.0,0.54,3.2,0.18,1.63,68.9,1.0,0.92,10.76,1.46,6.22,2.08,7.9,1.63,1.0,0.83,0.0,2.17,0.69,0.0,1.0,1.08,0
0.0,1.0,0.29,1.17,0.59,0.56,0.0,45.33,1.29,0.59,2.41,2.0,2.15,0.29,3.94,0.29,1.0,1.42,0.0,0.0,1.0,0.0,1.0,0.0,0
1.92,2.96,0.11,6.77,0.0,0.92,1.0,99.5,1.04,0.0,20.58,1.04,6.75,0.04,7.04,1.0,0.04,0.79,0.0,43.03,0.52,0.0,4.85,2.92,1
0.0,1.0,0.0,0.51,0.0,1.05,0.0,10.5,2.0,0.0,0.38,1.13,2.84,2.62,3.03,2.74,1.0,0.12,0.0,1.02,0.97,0.0,1.0,0.0,0
1.77,1.0,0.0,3.65,0.0,4.27,0.0,0.0,0.65,0.65,0.65,0.65,1.0,1.0,1.0,1.0,1.0,0.0,0.0,0.0,1.0,0.0,1.0,0.0,0
0.0,1.0,1.61,2.4,0.8,0.31,2.8,65.66,3.0,0.0,13.02,1.0,4.3,1.8,6.84,3.99,2.2,1.23,0.6,85.31,0.57,0.0,3.0,3.2,0
0.0,1.0,0.19,2.37,0.0,0.34,0.0,50.0,1.81,0.0,8.25,1.19,3.0,0.81,22.4,1.63,1.0,1.91,0.0,0.81,0.73,0.0,3.0,0.0,1
0.0,1.0,0.0,3.87,0.0,1.09,0.43,58.73,1.22,0.78,3.08,2.0,1.41,0.43,2.58,2.39,1.65,0.65,0.65,0.0,0.89,0.0,1.0,0.0,0
0.0,1.64,0.64,1.36,0.64,0.56,1.09,100.0,2.0,3.19,7.0,1.0,4.73,0.72,5.23,3.9,0.36,0.32,0.0,1.91,0.79,0.0,3.28,1.0,0
0.0,1.0,0.62,0.77,0.0,0.27,0.0,88.53,1.38,0.0,11.47,1.62,1.77,0.0,3.69,0.0,1.0,0.48,0.0,0.77,0.73,0.0,3.0,1.15,0
0.34,1.0,0.07,0.93,0.07,0.77,0.0,5.41,1.07,0.0,2.34,1.07,2.17,1.86,4.08,3.8,2.86,1.93,1.86,62.4,0.5,0.0,1.0,0.0,0
0.0,1.0,0.0,2.82,0.0,1.95,0.0,86.31,1.73,0.0,1.0,1.0,2.06,0.82,1.92,1.0,1.0,0.16,0.0,0.27,0.86,0.0,1.27,0.0,0
0.0,0.94,0.0,0.0,0.0,2.38,0.0,30.88,0.94,0.0,2.81,1.87,1.87,0.0,4.06,0.0,0.94,1.56,0.0,0.0,0.94,0.0,1.06,0.0,0
0.0,1.0,1.0,2.12,0.29,1.14,0.0,74.12,1.29,0.0,1.17,2.0,21.03,0.0,2.25,1.0,1.0,0.54,0.0,0.0,0.9,0.0,1.29,0.71,0
0.0,1.0,0.53,1.0,0.47,0.45,0.0,62.17,1.47,0.0,5.21,1.53,3.79,0.0,3.21,0.94,1.0,0.18,0.0,0.47,0.77,0.0,1.47,0.47,0
0.0,0.91,0.0,0.91,0.0,3.92,0.0,0.0,0.91,0.91,0.91,0.91,0.0,0.0,0.91,0.91,0.91,0.0,0.0,0.0,0.91,0.0,1.0,0.91,0
0.0,1.0,0.0,2.05,0.0,0.81,0.0,72.25,2.51,1.54,2.05,1.51,7.34,0.51,2.29,0.51,1.0,0.34,0.0,0.51,0.66,0.0,1.51,1.02,0
0.0,1.0,0.0,1.28,0.0,1.58,0.84,100.0,2.72,0.0,1.96,1.0,1.64,0.56,3.96,3.96,1.0,0.0,0.0,0.0,1.0,0.0,2.72,1.0,0
25.67,1.01,77.98,0.0,26.61,0.11,0.03,99.83,1.99,16.75,33.99,3.97,2.62,0.0,2.87,0.01,0.0,0.57,0.0,1469.59,1.0,0.0,1.0,0.01,0
0.78,2.57,0.0,8.83,0.0,1.19,0.78,61.84,1.0,0.22,11.18,1.78,2.22,0.78,5.04,1.0,1.0,0.91,0.0,7.83,0.48,0.0,1.0,2.57,0
0.0,1.0,1.39,5.78,0.0,1.8,1.39,0.0,1.7,3.04,3.0,1.3,13.82,7.26,5.64,4.48,1.0,0.58,0.0,0.0,0.3,0.0,1.7,0.0,0
0.0,1.0,1.26,1.74,0.0,0.54,0.0,71.2,1.37,0.0,2.37,1.37,2.29,0.63,3.3,1.0,1.0,0.12,0.0,19.32,0.78,0.0,2.11,1.37,0
1.84,1.0,0.39,7.61,0.0,4.36,0.0,0.0,0.39,0.61,1.39,0.39,1.23,1.23,4.08,3.87,1.77,0.77,0.77,0.0,1.0,0.0,1.77,1.61,0
7.26,1.52,4.11,2.04,10.9,0.45,0.0,73.87,2.04,1.56,68.98,3.56,4.4,0.0,4.34,0.52,1.0,0.72,0.0,1133.83,0.7,1.56,2.56,4.67,1
0.0,1.0,0.0,0.65,0.0,0.86,0.0,37.49,1.71,0.0,2.35,2.29,3.29,1.06,2.11,1.35,1.0,0.21,0.0,1.41,0.18,0.0,1.35,0.0,0
0.0,1.0,0.0,3.95,0.0,2.46,0.0,34.99,2.65,0.0,0.0,1.0,3.13,2.6,2.95,2.95,1.0,0.0,0.0,0.0,1.0,0.0,1.35,0.0,0
5.65,1.0,11.95,2.35,4.34,0.37,0.0,92.65,1.66,1.33,3.0,2.34,2.5,0.0,2.8,0.0,1.0,0.43,0.0,0.0,0.34,0.0,2.0,0.34,0
10.74,1.83,1.0,4.13,1.83,0.64,0.17,84.08,2.0,0.0,15.13,1.83,4.9,0.0,6.01,1.0,1.0,1.02,0.0,16.87,0.4,0.0,4.3,4.13,1
0.0,0.98,0.98,6.84,0.0,1.62,0.0,2.35,1.0,0.0,1.95,1.0,0.0,0.0,9.79,9.79,2.93,1.95,1.95,0.0,1.0,0.0,2.95,0.98,0
0.0,1.68,1.32,1.36,0.0,1.05,0.0,8.06,2.68,0.32,6.58,1.32,1.88,0.0,3.75,1.0,1.0,0.75,0.0,48.01,0.84,0.0,1.0,0.32,0
1.39,1.0,2.78,2.46,1.0,0.57,0.0,81.86,1.54,0.0,7.86,1.46,3.01,0.0,3.78,1.54,1.0,0.41,0.0,19.02,0.71,0.0,3.32,1.46,0
0.88,1.0,2.63,2.69,0.0,0.48,0.0,89.88,2.0,0.0,7.81,1.56,3.23,0.88,3.92,1.0,1.0,0.88,0.0,42.58,0.67,0.0,1.88,0.44,0
2.91,1.03,1.94,3.21,0.0,0.46,0.97,54.33,1.03,0.0,13.82,2.0,1.98,0.03,5.13,1.0,1.0,0.25,0.0,29.24,1.0,0.0,2.0,1.94,0
0.29,1.0,0.71,4.98,0.0,1.21,0.0,14.46,1.29,0.0,1.71,1.29,0.84,0.0,7.97,7.11,2.42,1.48,1.42,25.16,0.83,0.0,3.29,1.29,0
0.0,1.0,5.0,2.71,0.0,0.45,0.0,82.85,1.57,0.0,10.57,1.57,4.78,0.57,5.39,1.43,1.0,0.92,0.0,5.15,1.0,0.0,1.0,0.0,0
0.0,1.0,0.0,3.0,0.0,1.19,0.0,71.85,1.0,0.48,0.95,1.48,5.84,0.52,1.04,0.52,1.0,0.22,0.0,0.0,1.0,0.0,1.0,0.0,0
0.0,1.7,0.0,0.61,0.0,0.71,0.0,86.07,1.3,0.0,2.39,1.0,3.11,0.7,2.84,1.0,1.0,0.65,0.0,0.0,1.0,0.0,1.0,0.0,0
20.38,1.0,4.69,3.63,3.28,0.51,0.66,100.0,2.0,1.31,12.69,1.66,6.56,0.69,4.23,0.34,0.34,0.66,0.0,816.98,0.55,0.0,3.0,1.66,0
0.0,1.0,1.0,0.0,0.63,0.59,0.0,55.84,1.37,0.0,5.9,1.63,1.78,0.37,2.86,2.0,1.0,0.44,0.0,6.54,1.0,0.0,1.37,1.1,0
0.01,1.0,0.0,6.92,3.95,0.92,0.0,73.16,1.99,0.99,6.93,1.0,2.59,1.03,4.77,1.0,1.0,1.09,0.0,12.85,0.26,0.0,2.98,2.97,0
2.57,1.57,0.85,2.0,3.3,0.16,0.43,79.37,1.57,0.57,24.78,2.0,5.1,0.0,7.96,0.57,1.0,1.21,0.0,516.94,0.62,0.85,2.28,2.85,1
5.04,1.0,11.35,0.0,2.89,0.48,0.0,59.27,2.0,1.26,2.63,1.63,2.76,1.48,3.6,1.85,2.85,0.94,0.74,0.0,0.37,0.0,1.63,0.0,0
0.0,1.0,0.0,0.52,0.0,1.41,0.0,100.0,1.26,0.0,1.74,1.0,0.35,0.0,1.91,1.74,1.0,0.0,0.0,0.74,1.0,0.0,1.74,0.74,0
0.45,1.0,1.36,0.55,0.55,0.19,0.0,82.33,2.0,0.0,6.84,2.36,7.65,0.0,3.64,1.1,0.55,0.32,0.0,57.95,0.5,0.0,2.9,0.55,0
0.0,1.0,1.27,4.2,1.9,2.93,1.27,31.63,1.9,2.0,6.33,1.27,2.53,1.73,4.56,1.0,1.0,0.23,0.0,0.0,1.0,0.0,1.63,0.63,0
1.94,1.0,3.89,0.97,0.97,0.18,0.0,87.31,2.0,0.0,14.57,1.97,4.33,0.97,6.22,1.97,1.0,1.42,0.0,12.63,1.0,0.0,1.03,0.97,0
0.0,1.75,0.0,1.49,0.0,0.35,1.0,73.65,1.75,0.0,7.27,1.75,4.66,0.25,6.52,1.0,1.0,1.16,0.0,53.48,0.49,0.0,1.25,0.76,0
0.38,1.38,2.77,1.62,1.85,0.29,2.0,30.76,2.23,1.23,7.31,1.62,2.15,1.0,8.02,1.38,1.0,0.93,0.0,0.77,1.0,0.0,2.77,0.62,0
1.97,1.99,0.06,1.97,0.0,0.12,0.99,70.13,1.0,0.0,30.71,2.0,5.21,0.0,11.22,0.99,1.0,1.69,0.0,199.46,0.47,0.0,1.99,1.97,1
0.0,1.0,0.09,0.0,0.0,0.14,0.03,2.21,1.0,1.94,6.33,2.0,0.15,0.03,0.24,0.03,1.0,0.01,0.0,1.21,0.5,0.0,2.06,0.97,0
0.0,1.0,0.15,5.25,0.0,0.35,2.55,49.66,1.0,0.0,14.85,1.0,5.27,2.55,11.94,2.85,1.0,0.21,0.0,28.99,0.49,0.0,3.55,0.85,0
0.0,1.0,2.41,2.0,0.0,0.73,0.0,100.0,1.2,0.0,23.31,2.61,4.73,0.0,5.35,1.0,0.2,0.43,0.0,0.0,1.0,0.0,1.2,0.0,0
0.0,1.0,0.0,4.0,0.0,0.65,0.0,74.15,1.0,0.0,2.94,2.0,3.3,0.03,3.42,1.0,1.0,0.94,0.0,0.97,0.51,0.0,1.06,2.92,0
0.0,1.0,0.92,4.83,0.0,0.58,2.54,54.13,2.0,0.0,3.54,1.0,2.68,1.38,8.28,3.83,1.0,1.31,0.0,0.0,0.54,0.0,2.0,0.0,0
13.78,1.0,36.36,0.85,12.22,0.53,0.0,71.01,2.0,6.62,19.63,1.44,2.48,0.0,2.43,0.85,0.85,0.32,0.0,3140.95,0.54,0.0,2.29,0.15,0
0.0,1.0,7.94,1.79,13.49,0.45,0.0,88.7,2.0,18.26,12.94,2.79,7.02,0.0,3.23,0.21,1.0,0.8,0.0,134.94,0.43,0.0,3.38,4.38,0
0.0,1.89,0.0,3.32,0.0,0.53,1.66,24.9,1.0,0.0,8.75,1.45,3.52,1.66,8.15,2.11,1.0,1.01,0.0,38.7,0.67,0.0,2.66,0.55,0
0.0,1.0,0.0,2.54,0.0,0.32,2.7,92.4,1.85,0.0,4.15,1.0,1.2,0.15,8.32,2.46,1.15,1.61,0.15,0.0,1.0,0.0,1.85,0.0,0
3.08,1.0,0.0,2.61,0.54,1.41,0.54,79.57,1.92,1.08,1.08,1.0,4.66,1.61,3.29,1.46,1.0,0.23,0.0,60.23,0.68,0.0,1.46,0.46,0
1.7,0.85,0.0,8.49,0.0,4.02,0.0,15.11,1.0,0.85,3.4,1.0,0.85,0.85,0.58,0.15,0.85,0.0,0.0,0.0,1.0,0.0,1.85,0.85,0
0.0,1.0,1.0,1.67,0.0,1.45,0.0,41.66,1.44,0.0,0.89,1.56,16.79,0.89,2.17,1.89,1.0,0.14,0.0,0.0,1.0,0.0,1.0,0.56,0
0.14,1.0,0.0,0.0,0.0,1.31,0.0,0.0,2.73,0.0,2.73,1.0,5.57,3.14,2.34,1.86,1.0,0.65,0.0,3.45,0.57,0.0,1.86,0.0,0
0.0,1.0,0.0,0.0,0.0,0.9,0.27,14.63,2.47,0.0,2.93,1.0,2.18,1.73,4.41,1.0,1.0,0.87,0.0,0.53,0.91,0.0,1.27,0.8,0
0.0,1.0,0.49,1.97,0.98,0.81,0.0,63.82,1.49,1.49,1.0,3.52,2.14,0.49,2.38,0.49,1.0,0.41,0.0,0.0,1.0,0.0,1.0,0.51,0
0.0,1.0,8.35,2.0,14.19,0.41,0.0,91.83,2.0,19.19,14.01,2.67,7.0,0.0,3.53,0.0,1.0,0.82,0.0,142.2,0.5,0.0,3.83,4.67,0
5.59,1.0,0.0,6.2,0.0,2.64,0.0,40.02,1.2,0.6,3.4,1.2,3.65,2.4,2.22,0.8,1.0,0.46,0.0,1.6,0.49,0.0,2.2,0.8,0
3.67,1.0,10.4,0.0,2.45,0.6,0.0,29.05,2.0,0.61,2.14,1.31,0.69,0.0,1.13,0.0,1.0,0.17,0.0,0.0,0.69,0.0,1.31,0.0,0
0.84,1.84,0.0,4.68,0.0,1.16,0.42,41.9,1.58,0.0,9.38,1.0,2.95,0.0,3.62,1.0,0.58,0.32,0.0,21.12,0.6,0.0,4.42,1.26,0
0.0,1.0,0.0,4.81,0.0,0.28,4.78,62.23,2.19,0.0,15.0,1.0,6.48,3.59,14.55,3.59,1.0,1.19,0.0,12.99,0.76,0.0,2.22,1.0,0
0.55,1.0,0.0,0.0,0.0,0.41,0.0,53.12,1.55,0.0,1.89,1.55,2.88,0.45,2.15,0.45,1.0,0.11,0.0,48.18,0.67,0.0,3.11,1.11,0
1.79,1.0,0.11,0.75,0.0,0.61,0.0,56.08,1.0,0.0,4.11,2.11,2.83,0.0,2.28,0.11,1.0,0.19,0.0,30.59,0.94,0.0,3.0,0.97,0
0.0,1.0,0.0,2.12,0.0,0.51,3.18,39.26,2.53,0.0,7.96,1.0,3.93,2.12,8.46,2.12,1.0,1.06,0.0,0.0,1.0,0.0,1.0,0.53,0
3.17,1.0,3.56,0.37,0.63,0.2,0.37,78.17,1.63,0.0,13.57,2.0,4.39,0.0,6.26,1.0,1.0,1.06,0.0,211.31,0.59,0.0,2.1,0.0,0
1.86,1.0,3.86,1.0,0.93,0.18,0.0,85.93,2.07,0.0,15.0,2.0,4.12,0.93,6.24,1.86,1.0,1.4,0.0,13.28,0.99,0.0,1.0,1.07,0
0.0,1.0,0.43,0.57,0.43,0.26,1.0,65.31,1.43,0.0,11.0,1.57,5.32,0.57,8.27,1.0,1.0,1.07,0.0,47.02,0.78,0.0,1.0,0.57,0
26.53,1.0,0.0,10.58,0.0,7.11,0.0,3.62,1.95,2.84,12.32,1.95,2.66,0.05,0.73,0.05,1.0,0.02,0.0,3.79,0.46,0.0,2.89,3.79,0
0.0,1.3,2.79,0.61,0.0,0.25,0.3,83.48,2.0,0.0,5.3,1.3,3.53,0.0,4.26,1.0,1.0,0.35,0.0,21.52,0.83,0.0,1.0,1.39,0
1.56,1.0,0.0,0.22,0.0,3.61,0.0,0.0,0.22,3.91,0.44,0.22,2.0,1.22,1.66,1.66,1.44,0.44,0.44,9.41,0.89,0.0,1.0,0.0,0
0.0,1.0,2.12,4.0,0.47,0.54,0.0,69.94,1.47,0.0,8.82,1.0,1.98,0.0,5.66,1.94,1.0,1.04,0.0,24.87,0.74,0.0,3.06,0.47,0
3.95,1.0,0.79,1.47,0.79,0.37,0.42,63.15,2.0,0.0,7.0,2.0,3.95,0.42,6.38,3.11,1.63,1.42,0.63,260.47,0.5,0.0,1.0,0.0,0
1.16,0.39,2.33,1.16,0.39,210.8,0.0,32.57,0.39,0.0,3.88,0.78,1.53,0.0,1.73,0.39,0.39,0.34,0.0,15.9,0.15,0.0,2.94,2.0,0
1.58,1.0,0.0,8.55,0.0,3.37,0.62,20.75,1.21,0.79,4.0,1.0,1.0,0.79,2.22,0.42,1.0,0.36,0.0,0.0,1.0,0.0,2.0,0.79,0
0.0,1.66,0.66,3.35,0.0,0.35,1.99,80.0,1.0,0.0,8.01,1.0,3.71,0.34,4.06,1.0,1.0,1.36,0.0,14.39,0.44,0.0,1.34,1.34,0
0.0,1.0,0.96,3.61,0.0,0.33,1.57,51.22,1.96,0.0,15.0,1.48,3.82,1.57,9.15,1.57,1.0,0.37,0.0,24.83,0.59,0.0,2.57,1.48,0
1.84,1.61,0.0,1.61,3.07,0.66,0.0,86.14,1.61,0.61,9.59,1.61,5.47,0.39,5.17,1.0,1.0,0.82,0.0,470.79,0.68,0.0,1.0,1.23,0
27.6,1.0,83.14,6.63,27.94,2.69,0.0,100.0,2.0,15.81,30.61,2.01,3.06,0.66,1.17,0.0,0.66,0.2,0.0,6866.13,0.69,0.0,2.67,0.34,0
0.0,1.0,0.0,2.69,0.0,2.66,0.0,29.2,1.45,1.0,1.0,3.2,2.22,0.9,1.32,0.0,1.0,0.0,0.0,8.98,0.78,0.0,1.45,0.55,0
0.0,1.0,0.43,0.0,0.0,0.31,0.0,83.95,2.0,0.21,4.14,1.21,1.26,0.0,2.4,1.0,1.0,0.21,0.0,31.89,0.63,0.0,1.0,0.21,0
1.92,1.28,5.75,0.0,0.0,3.54,1.28,56.23,0.64,0.0,21.09,1.28,3.29,0.0,4.74,0.64,0.0,1.0,0.0,54.31,0.64,0.0,1.0,0.64,0
0.0,1.0,1.48,0.0,0.0,1.55,0.0,23.72,1.7,0.0,2.37,2.0,1.43,0.7,1.96,0.7,1.0,0.2,0.0,0.89,0.15,0.0,1.7,0.0,0
0.47,1.47,1.87,0.47,0.0,0.6,0.94,0.0,1.53,0.0,1.4,1.0,0.94,0.47,4.89,0.94,1.0,0.86,0.0,0.94,1.0,0.0,2.4,0.0,0
0.0,1.0,1.13,1.31,0.0,0.36,0.87,85.91,2.13,0.0,8.51,2.0,1.34,0.44,4.97,1.75,1.0,0.42,0.0,1.13,0.81,0.0,1.44,1.0,0
0.0,1.0,1.95,7.6,0.0,1.63,0.65,0.0,1.7,0.0,0.0,1.0,6.44,1.4,3.35,2.05,1.0,0.87,0.0,0.0,1.0,0.0,1.65,0.0,0
0.89,1.0,1.89,3.66,0.0,0.39,0.0,85.8,1.11,0.89,5.55,1.89,4.37,0.89,4.82,1.11,1.0,1.39,0.0,74.78,0.5,0.0,3.11,1.11,0
0.0,1.0,0.0,0.87,0.0,1.99,0.0,6.02,1.87,0.0,1.52,1.26,2.72,0.13,1.89,1.0,1.0,0.05,0.0,2.09,0.93,0.0,2.87,1.0,0
0.3,1.0,0.0,3.7,0.0,0.83,1.39,52.43,1.7,0.0,6.85,1.3,3.99,2.7,6.94,5.88,3.09,0.79,0.7,1.21,0.88,0.0,2.0,0.7,0
2.58,1.0,5.8,0.68,1.29,0.43,0.68,47.25,2.0,0.64,3.0,2.0,3.37,2.03,5.98,3.39,3.03,0.78,0.68,0.0,0.0,0.0,1.32,0.68,0
4.38,1.0,8.68,0.0,1.93,0.17,0.0,71.22,2.0,0.96,1.96,2.0,2.48,0.0,2.87,0.0,1.0,0.25,0.0,45.03,0.21,0.0,3.04,1.04,0
0.0,1.0,2.99,1.85,0.0,0.36,1.15,97.13,1.0,0.0,12.03,1.0,4.23,0.57,5.88,1.0,0.57,1.15,0.0,50.1,0.64,0.0,1.85,2.29,0
0.0,1.0,0.0,3.02,0.0,0.99,0.0,59.9,1.4,0.0,2.19,1.0,3.49,1.81,3.38,1.4,1.0,0.35,0.0,0.6,0.7,0.0,1.6,0.79,0
23.81,1.18,65.85,0.55,25.9,0.14,0.0,99.27,2.18,14.44,51.9,4.18,3.24,0.0,3.52,0.18,0.18,0.65,0.0,1616.96,0.89,0.55,1.55,1.64,0
0.79,1.0,0.43,0.0,0.0,0.57,0.0,5.32,1.21,0.21,3.34,1.21,4.96,3.15,4.68,1.0,1.0,0.83,0.0,31.72,0.89,0.0,1.0,0.21,0
0.0,1.86,1.0,1.0,0.86,0.59,0.0,92.84,1.86,4.28,6.14,1.14,5.73,0.0,2.91,0.86,0.14,0.48,0.0,2.57,0.71,0.0,3.57,0.86,0
0.0,1.0,0.15,6.12,3.41,0.82,0.0,74.29,1.85,0.85,8.03,1.0,3.06,0.85,5.19,1.15,1.0,1.14,0.0,12.85,0.36,0.0,2.71,2.56,0
0.0,1.0,2.0,3.69,5.53,0.32,0.08,73.73,1.92,0.0,14.53,1.92,6.65,0.08,7.79,1.0,1.0,1.26,0.0,63.83,0.74,0.0,1.92,1.84,0
2.0,1.24,2.47,2.71,0.76,0.22,0.76,69.27,1.24,0.71,30.17,2.0,3.0,0.24,8.55,0.24,1.0,1.08,0.0,137.3,0.29,1.53,3.53,3.05,1
7.62,1.0,17.14,0.1,3.81,0.06,0.14,94.29,2.0,1.9,3.19,1.95,2.04,0.1,3.07,0.43,1.0,0.3,0.0,0.0,0.05,0.0,2.0,0.05,0
0.0,1.0,0.32,3.57,0.0,4.19,0.11,7.93,1.0,0.89,2.72,1.11,1.32,1.0,1.66,1.0,1.0,0.04,0.0,0.86,0.95,0.0,1.32,0.0,0
1.57,1.0,2.74,0.94,0.0,1.25,0.0,58.28,1.37,0.0,3.43,0.69,2.2,0.31,2.89,1.0,1.0,0.0,0.0,0.0,1.0,0.0,1.0,1.37,0
2.59,1.0,3.62,3.41,0.0,2.22,0.52,43.97,0.52,1.93,12.35,1.03,5.19,1.0,5.68,0.52,1.0,0.99,0.0,163.44,0.55,0.0,3.48,1.52,0
22.69,1.0,68.94,0.13,23.56,0.52,0.0,87.27,1.87,14.96,29.8,3.62,2.25,0.0,2.58,0.13,0.13,0.48,0.0,1300.34,1.0,0.0,1.0,0.13,0
0.0,1.72,0.0,0.83,0.0,0.81,0.72,79.07,1.28,0.0,2.17,1.72,2.87,1.44,5.57,1.72,1.0,1.56,0.0,0.0,1.0,0.0,1.72,0.56,0
0.57,1.72,1.85,1.0,1.0,0.47,0.0,96.58,2.0,3.58,9.28,1.28,5.7,0.28,4.01,1.28,0.28,0.77,0.0,5.85,0.76,0.0,3.15,1.0,0
0.29,1.29,2.29,0.0,0.0,0.18,0.0,80.14,2.71,0.0,9.43,2.57,2.06,0.0,3.0,0.0,0.71,0.42,0.0,107.16,0.62,0.0,2.14,0.71,0
0.0,1.0,2.13,1.42,0.0,0.5,0.0,71.0,1.29,0.0,20.59,2.42,4.78,0.87,5.42,1.58,0.29,0.38,0.0,0.0,1.0,0.0,1.0,0.0,0
0.0,1.44,1.31,2.69,0.0,0.49,1.31,42.15,1.0,0.0,4.31,1.56,2.41,0.44,6.17,1.88,1.0,1.41,0.0,1.0,0.72,0.0,1.0,3.0,0
0.0,1.0,0.0,1.46,0.0,0.74,0.0,66.73,1.64,0.0,1.09,1.36,2.77,0.0,2.37,0.36,1.0,0.35,0.0,0.36,0.82,0.0,1.0,1.09,0
0.0,1.0,0.46,4.76,0.0,4.31,0.0,23.18,0.46,1.07,0.46,0.93,2.75,1.61,1.38,0.54,1.0,0.15,0.0,0.0,1.0,0.0,1.0,0.0,0
0.0,1.0,1.02,3.51,3.06,0.46,0.0,80.0,2.0,0.0,9.11,2.0,5.24,0.0,5.44,1.0,1.0,0.82,0.0,60.66,0.56,0.0,2.98,2.0,0
0.0,1.0,0.92,6.43,0.0,0.76,0.0,90.82,1.08,0.0,27.71,2.84,7.76,0.0,4.35,1.0,1.0,0.8,0.0,261.65,0.46,0.0,2.84,8.26,1
0.0,1.0,2.78,1.19,0.0,0.48,1.21,51.13,1.0,0.0,2.79,1.6,4.1,1.21,5.12,3.41,0.6,0.25,0.0,43.45,0.5,0.0,2.4,0.0,0
0.0,1.73,0.0,2.27,0.73,1.35,0.0,48.44,2.47,2.66,9.61,1.27,12.18,5.99,7.12,2.47,1.0,1.47,0.0,9.54,0.69,0.0,1.0,1.47,0
0.0,1.0,0.0,0.0,0.0,1.43,0.71,0.0,2.0,0.0,0.0,1.29,2.07,1.71,2.07,1.0,1.0,0.53,0.0,0.71,0.71,0.0,2.0,0.0,0
0.0,1.0,0.88,0.0,0.88,0.75,0.0,50.35,1.0,0.12,2.77,2.35,2.33,1.77,2.51,1.77,1.0,0.38,0.0,0.0,1.0,0.0,1.0,0.12,0
0.0,1.0,0.0,3.61,0.61,0.89,0.0,64.7,1.61,0.0,1.84,1.0,4.62,0.39,3.29,2.23,1.0,0.78,0.0,0.0,1.0,0.0,1.61,0.61,0
0.0,1.0,0.23,3.32,0.0,0.89,1.55,50.0,1.77,0.0,1.77,1.23,2.88,2.32,6.6,6.19,3.32,0.85,0.77,0.0,1.0,0.0,1.77,0.77,0
0.0,1.0,0.0,7.29,0.0,0.68,5.96,100.0,1.66,0.34,7.65,1.67,5.99,4.64,13.27,12.93,0.66,0.13,0.0,8.08,0.33,0.0,2.0,1.34,0
0.0,1.0,1.0,2.89,0.0,0.57,2.05,75.53,1.0,0.0,6.05,1.32,4.8,1.0,7.43,1.68,1.0,0.8,0.0,85.13,0.55,0.0,1.0,1.68,0
0.0,1.0,0.0,1.0,0.0,1.24,0.0,49.25,2.06,0.35,6.18,2.3,2.62,0.0,3.05,0.65,1.0,0.35,0.0,16.85,0.68,0.0,1.65,1.3,0
0.0,0.0,0.0,0.0,0.0,111.15,0.0,0.0,0.0,0.0,0.0,0.0,0.0,0.0,0.0,0.0,0.0,0.0,0.0,0.0,0.0,0.0,2.0,0.6,0
0.25,1.0,0.5,10.0,0.0,0.88,1.5,31.51,1.75,0.25,6.75,1.25,8.67,7.75,6.46,5.5,1.0,0.37,0.0,21.02,0.87,0.0,1.5,1.0,0
0.0,1.05,4.81,0.14,0.0,0.25,0.0,76.18,1.0,0.0,7.71,1.95,2.4,0.0,4.36,0.19,1.0,0.71,0.0,2.86,0.48,0.0,1.0,0.0,0
0.0,1.0,0.0,4.74,0.0,1.38,0.05,50.0,1.0,0.0,1.21,1.0,3.91,2.89,2.76,1.21,1.05,0.59,0.05,0.95,0.53,0.0,1.95,0.0,0
0.0,1.0,0.32,1.37,0.32,0.64,0.0,65.15,1.32,0.0,3.32,2.0,8.01,1.37,2.86,1.0,1.0,0.74,0.0,0.0,0.89,0.0,2.0,0.0,0
0.0,1.0,5.08,1.0,0.0,0.16,0.58,85.41,1.42,0.0,15.42,1.58,3.23,0.0,6.7,1.42,1.0,1.02,0.0,3.75,0.65,0.0,4.0,0.83,0
0.0,1.36,0.36,2.64,0.0,1.94,0.0,63.9,2.36,0.0,1.44,1.0,1.88,0.0,1.72,1.0,1.0,0.36,0.0,0.0,1.0,0.0,1.0,1.28,0
3.12,1.0,0.0,3.47,0.47,2.08,0.47,39.91,1.41,0.0,10.33,0.94,3.44,1.0,3.68,1.0,1.0,0.36,0.0,180.3,0.81,0.0,1.94,1.41,0
0.03,1.0,0.0,1.02,0.0,0.21,1.02,86.94,1.01,0.0,16.91,1.0,2.51,1.0,11.19,1.0,1.0,1.16,0.0,8.12,0.57,0.0,1.99,0.03,0
0.5,1.0,0.34,10.49,0.0,0.93,1.83,20.89,1.83,0.0,8.18,1.17,8.64,8.32,6.68,5.99,1.0,0.04,0.0,5.04,1.0,0.0,1.17,1.17,0
0.0,1.0,0.27,2.45,0.0,1.06,0.82,10.91,1.73,0.0,2.36,1.0,0.77,0.55,2.86,2.64,1.0,0.2,0.0,12.09,0.67,0.0,3.45,0.27,0
0.37,2.25,0.37,1.49,0.0,0.57,1.49,35.12,1.0,0.0,4.36,2.0,2.03,0.0,3.39,0.63,1.0,1.6,0.0,78.39,0.78,0.0,2.12,0.37,0
0.0,1.0,0.0,0.86,0.0,1.17,0.0,78.99,1.43,0.0,2.7,1.0,2.15,0.57,1.73,1.0,1.0,0.15,0.0,0.0,1.0,0.0,1.57,0.0,0
0.87,1.0,0.0,3.71,0.0,1.26,0.87,74.91,1.29,0.0,2.62,1.0,3.25,1.0,3.02,1.0,1.0,0.26,0.0,5.53,0.9,0.0,2.42,0.87,0
0.86,1.0,1.43,0.86,0.43,0.24,0.43,77.55,1.0,0.0,23.74,2.0,2.06,0.0,5.22,0.0,1.0,0.67,0.0,77.31,0.73,0.86,3.43,1.72,1
0.0,1.0,0.08,9.7,0.0,8.96,0.0,0.0,2.08,0.92,2.15,1.0,1.15,0.92,0.32,0.15,1.0,0.08,0.0,5.55,0.69,0.0,1.0,0.08,0
65.59,1.0,197.78,1.4,66.39,0.25,0.0,98.0,1.8,36.0,75.6,3.8,3.82,0.0,3.31,0.2,0.2,0.64,0.0,16234.94,0.69,0.0,3.8,2.6,0
0.46,1.0,1.92,1.62,0.0,0.33,1.08,48.88,1.46,0.0,4.08,2.38,5.9,0.0,2.88,0.54,0.54,0.57,0.0,58.29,0.77,0.0,2.38,0.0,0
0.0,1.0,0.95,2.05,0.0,0.41,0.0,80.6,1.0,0.52,2.05,1.05,3.44,0.88,3.78,1.0,1.0,0.89,0.0,337.55,0.53,0.0,1.0,0.0,0
0.0,1.02,1.97,0.06,0.12,0.23,0.0,75.14,2.98,0.0,12.12,2.0,1.48,0.0,2.89,0.02,1.0,0.43,0.0,2.32,0.66,0.0,1.02,1.03,0
0.0,1.0,0.99,3.0,0.0,3.44,0.0,14.12,1.0,8.59,3.14,1.86,30.66,14.6,1.29,1.0,0.86,0.09,0.0,15.25,0.93,0.0,1.28,0.0,0
0.0,1.0,0.0,3.22,0.0,1.41,0.0,70.43,1.2,0.0,0.0,1.0,3.87,0.8,2.11,1.0,1.0,0.09,0.0,0.0,1.0,0.0,2.8,0.0,0
0.0,1.82,0.0,1.55,0.0,0.3,0.55,54.29,1.82,0.0,10.08,1.0,3.36,1.63,11.58,3.0,1.0,1.38,0.0,0.92,0.53,0.0,1.18,1.0,0
0.0,1.0,1.57,1.85,0.0,0.34,1.43,41.52,2.15,0.0,10.16,1.57,2.33,0.0,3.82,0.43,1.0,0.42,0.0,4.59,0.81,0.0,1.57,0.57,0
0.0,1.0,0.0,1.58,0.0,0.35,3.15,52.96,2.79,0.0,5.52,1.0,4.63,2.37,6.42,4.94,2.58,1.36,0.79,2.37,0.61,0.0,2.79,3.15,0
0.0,1.0,0.0,3.0,0.0,1.2,0.0,70.47,1.0,0.24,0.49,1.24,7.86,0.76,1.38,0.76,1.0,0.32,0.0,0.0,1.0,0.0,1.0,0.0,0
3.0,1.0,2.0,3.0,0.0,0.44,1.0,55.0,1.0,0.0,14.0,2.0,1.89,0.0,5.11,1.0,1.0,0.21,0.0,30.0,1.0,0.0,2.0,2.0,0
1.53,1.76,3.05,4.76,0.0,0.49,0.0,87.03,2.24,2.29,5.0,1.76,3.48,1.71,7.24,2.19,1.0,0.94,0.0,0.0,0.24,0.0,1.76,0.24,0
0.0,1.0,0.69,5.15,0.0,1.1,0.0,68.92,1.0,0.0,4.62,1.69,5.14,0.69,3.62,1.62,1.0,0.53,0.0,212.86,0.77,0.0,1.0,0.69,0
1.53,2.47,0.0,7.29,0.0,0.79,0.47,74.76,1.0,0.0,7.65,1.47,3.94,1.53,4.49,1.0,1.0,0.95,0.0,7.35,0.51,0.0,1.0,2.47,0
0.89,1.44,1.11,2.33,0.0,0.7,0.0,68.21,1.0,0.0,2.0,1.0,3.11,1.44,3.19,1.0,1.0,0.34,0.0,2.21,0.85,0.0,1.0,1.44,0
0.0,1.0,0.17,5.3,0.0,4.35,0.0,14.81,1.83,0.83,1.17,1.0,2.57,1.65,1.3,0.17,1.0,0.16,0.0,78.56,0.5,0.0,1.83,0.0,0
0.0,1.99,2.98,0.99,0.0,0.31,2.98,0.41,1.01,0.0,6.02,1.01,1.33,0.99,9.63,2.99,1.0,2.0,0.0,1.76,1.0,0.0,1.0,2.98,0
0.0,1.0,1.72,1.56,0.0,0.41,2.58,48.97,1.28,0.0,16.32,1.0,7.8,3.14,11.49,3.14,1.0,0.67,0.0,3.44,1.0,0.0,1.0,1.72,0
0.47,1.53,2.06,0.53,0.0,0.31,1.59,28.27,1.0,0.0,6.0,1.0,3.26,2.41,6.59,3.0,1.0,1.06,0.0,4.3,0.76,0.0,1.0,2.06,0
0.0,1.25,1.49,3.73,1.49,0.51,0.25,82.95,2.49,0.0,8.97,1.25,3.05,0.51,4.73,1.25,1.0,0.94,0.0,0.75,0.63,0.0,2.0,0.75,0
0.0,1.0,0.0,1.97,0.0,0.6,0.0,64.36,2.01,0.0,3.0,2.0,3.31,0.51,3.67,1.0,1.0,0.83,0.0,4.55,0.58,0.0,2.01,1.48,0
0.0,1.0,0.0,1.37,0.0,2.18,0.0,33.6,1.37,0.63,3.95,1.0,0.86,0.0,2.7,0.63,1.0,0.22,0.0,0.74,0.74,0.0,1.74,1.74,0
0.76,1.0,2.27,3.46,0.0,2.07,0.76,61.29,0.76,0.49,3.78,0.76,5.59,2.24,4.24,1.0,1.0,0.67,0.0,1868.25,0.62,0.0,1.76,0.0,0
11.77,1.84,5.88,3.16,17.65,0.34,0.0,92.65,2.68,2.52,111.45,4.52,5.73,0.0,6.17,1.0,1.0,1.06,0.0,1837.04,0.44,2.52,3.52,8.04,1
10.81,1.0,1.91,4.0,0.0,2.77,0.0,57.31,2.0,1.09,6.63,3.27,7.51,0.0,1.67,0.0,0.36,0.45,0.0,82.33,0.47,0.0,3.64,1.45,0
0.0,0.02,0.16,0.08,0.0,160.65,0.0,1.8,0.04,0.0,0.16,0.04,0.08,0.02,0.08,0.02,0.02,0.01,0.0,0.0,0.02,0.0,1.98,0.98,0
2.98,1.0,5.97,2.99,0.99,0.46,0.0,83.75,1.01,0.0,9.96,1.99,3.95,0.0,4.44,1.0,1.0,0.87,0.0,40.76,0.38,0.0,5.98,1.99,1
0.0,1.0,1.0,7.0,0.0,2.55,0.0,0.0,1.0,0.0,1.2,1.0,6.38,6.38,2.82,2.82,2.2,1.2,1.2,0.0,1.0,0.0,1.41,0.2,0
3.7,1.0,0.93,2.0,1.93,0.47,0.0,90.19,2.0,0.0,17.11,2.85,4.58,0.93,4.24,1.07,1.0,0.66,0.0,83.35,0.46,0.0,1.93,5.63,0
0.65,1.0,0.35,4.56,3.26,1.11,0.0,81.63,1.35,0.0,3.35,2.3,2.92,0.35,2.57,0.7,1.0,0.63,0.0,1.39,1.0,0.0,2.0,1.7,0
0.0,1.0,0.0,1.0,0.0,0.69,0.0,67.95,2.21,0.11,4.58,1.89,3.18,0.0,3.28,0.89,1.0,0.49,0.0,0.0,0.11,0.0,1.0,1.79,0
6.15,1.53,15.9,1.6,3.74,0.19,1.06,97.66,2.0,0.94,4.87,2.0,2.26,0.0,5.02,2.13,1.0,1.25,0.0,4.79,0.27,0.0,2.53,1.06,0
0.0,0.77,0.0,1.54,0.0,38.28,2.31,76.89,1.54,0.0,5.38,0.77,1.54,1.54,6.92,6.92,0.77,0.0,0.0,0.0,0.77,0.0,2.0,1.0,0
0.0,1.0,0.46,2.17,0.46,1.07,0.0,44.58,1.0,0.0,1.92,2.0,3.27,1.46,3.03,1.46,1.0,0.97,0.0,1.63,0.73,0.0,1.54,0.54,0
0.0,1.0,1.02,0.02,0.98,0.18,0.02,50.29,1.05,0.0,7.17,2.0,1.67,0.0,3.37,1.95,1.0,0.35,0.0,8.0,0.99,0.0,1.02,0.02,0
0.8,2.0,1.4,1.8,0.0,0.25,4.21,77.38,1.2,0.0,9.2,1.2,3.59,1.0,8.85,1.0,1.0,1.73,0.0,68.67,0.2,0.0,1.0,1.0,0
0.0,1.0,0.1,0.0,0.0,0.43,0.0,61.04,1.05,0.05,4.41,1.05,2.69,0.95,1.96,1.0,1.0,0.27,0.0,7.7,0.97,0.0,1.95,0.05,0
0.0,1.0,0.0,0.21,0.21,1.73,0.0,16.0,2.0,0.0,2.11,1.79,1.91,0.79,1.8,1.21,1.0,0.0,0.0,0.21,0.11,0.0,2.0,0.21,0
0.0,1.0,1.0,4.0,0.0,0.52,0.0,50.0,1.0,0.0,5.0,2.0,3.0,0.0,4.5,0.0,1.0,0.43,0.0,0.0,1.0,0.0,3.0,0.0,0
23.43,1.0,0.33,9.37,0.0,6.26,0.16,10.12,2.16,2.51,13.16,2.0,2.31,0.0,1.24,0.0,1.0,0.07,0.0,4.65,0.47,0.0,2.84,3.51,0
13.29,1.95,6.75,2.95,20.09,0.29,0.1,93.68,3.0,2.95,125.84,4.85,6.01,0.05,6.68,1.0,1.0,1.04,0.0,2074.68,0.45,2.85,3.9,8.6,1
2.4,1.8,10.81,0.8,1.6,0.22,0.8,87.8,1.2,0.4,8.6,1.2,3.49,1.6,6.43,1.6,1.0,1.14,0.0,9.6,0.4,0.0,2.8,2.4,0
0.2,1.8,1.2,1.0,0.8,0.51,0.0,95.32,1.8,3.98,8.22,1.0,5.49,0.0,3.22,0.8,0.2,0.64,0.0,2.39,0.67,0.0,3.39,1.0,0
0.0,0.61,0.0,0.0,0.0,133.58,0.0,30.59,1.22,0.0,5.51,1.22,1.45,1.22,8.95,2.45,1.22,0.88,0.0,1.22,0.41,0.0,1.61,0.78,0
0.0,0.27,0.0,0.8,0.0,252.49,0.0,26.82,0.8,0.0,0.0,0.27,0.8,0.27,0.54,0.54,0.27,0.0,0.0,0.0,0.27,0.0,1.27,1.73,0
0.39,1.79,0.0,16.82,0.0,0.55,7.13,86.58,1.0,0.0,13.47,2.0,2.19,0.61,14.41,2.82,1.0,0.69,0.0,133.03,0.79,0.0,2.0,1.39,0
1.05,1.0,0.05,4.95,0.97,0.5,0.03,77.41,1.97,0.0,7.18,1.03,4.92,0.97,5.65,1.0,1.0,1.1,0.0,5.64,0.51,0.0,2.0,2.0,0
0.55,2.11,3.57,22.85,0.0,0.61,8.32,75.8,1.45,0.0,19.09,2.0,3.73,0.45,15.32,1.0,1.0,0.84,0.0,186.82,0.7,0.0,1.55,1.11,1
0.9,2.81,0.0,11.1,0.0,0.63,1.1,72.74,1.1,0.0,13.33,1.9,3.53,1.87,6.24,1.58,1.0,1.05,0.0,9.04,0.4,0.0,1.0,2.81,0
0.86,1.0,1.29,3.42,0.0,0.31,3.57,91.12,1.0,0.0,11.01,2.0,3.08,0.14,5.2,0.14,1.0,0.49,0.0,113.31,0.41,0.0,4.0,0.86,0
17.01,1.0,0.0,6.68,0.0,4.82,0.0,39.26,1.61,2.21,9.86,2.39,2.94,0.0,1.2,0.39,0.61,0.15,0.0,11.07,0.39,0.0,2.61,3.21,0
0.0,1.0,0.0,7.01,0.0,0.39,6.13,73.73,2.75,0.0,12.51,1.0,4.63,1.75,15.57,5.5,1.0,0.66,0.0,9.76,0.71,0.0,2.0,1.0,0
0.0,1.0,0.0,1.56,0.0,0.79,0.0,54.05,1.0,0.0,2.83,1.39,3.25,1.0,2.41,1.0,1.0,0.72,0.0,1.17,0.81,0.0,2.0,0.39,0
0.71,1.0,1.43,0.71,0.0,0.27,0.0,72.99,1.0,0.0,10.42,1.0,2.53,0.29,3.16,0.29,1.0,0.92,0.0,0.0,0.76,0.0,1.29,0.71,0
0.0,1.0,2.11,1.0,0.0,1.33,0.0,66.0,2.6,1.0,1.7,1.0,2.44,0.0,1.44,0.0,0.3,0.31,0.0,13.34,0.58,0.0,2.4,0.0,0
0.0,1.0,0.2,1.4,0.0,0.75,0.4,2.8,1.0,0.0,2.6,1.0,2.0,1.6,3.89,3.4,2.6,1.69,1.6,34.4,0.6,0.0,1.0,0.0,0
1.1,1.0,0.0,4.48,0.9,0.35,0.9,66.33,2.79,0.0,12.64,1.1,4.7,0.0,7.5,0.9,1.0,1.62,0.0,1.79,0.55,0.0,1.21,0.0,0
0.76,0.76,2.28,0.0,0.0,2.41,0.0,67.54,1.52,0.0,2.28,3.04,2.35,0.0,1.94,0.0,0.0,0.39,0.0,40.22,0.76,0.0,1.0,0.0,0
0.0,1.0,0.22,5.66,3.11,0.76,0.0,74.45,1.78,0.78,8.56,1.0,3.32,0.78,5.41,1.22,1.0,1.17,0.0,12.78,0.42,0.0,2.55,2.33,0
14.9,1.0,43.38,0.93,14.97,0.13,0.46,83.81,1.54,9.14,35.85,3.07,2.73,0.0,5.6,0.0,0.46,0.78,0.0,883.95,0.71,0.93,2.39,1.85,1
0.0,1.0,1.92,1.11,0.0,0.15,2.89,56.35,1.0,0.0,18.31,1.04,8.26,2.92,12.36,2.92,1.0,0.8,0.0,3.96,0.98,0.0,1.04,1.96,0
0.0,1.0,6.97,3.02,0.0,0.64,0.0,88.01,1.99,0.0,2.16,1.01,19.38,0.0,2.57,1.0,1.0,0.82,0.0,7.59,0.5,0.0,5.98,3.03,1
0.0,0.43,0.87,0.0,0.0,194.82,0.43,0.0,0.43,0.0,3.91,0.43,0.76,0.43,4.56,0.43,0.43,0.43,0.0,1.3,0.43,0.0,1.0,1.13,0
0.42,1.58,1.73,2.27,0.42,0.29,1.0,86.15,2.42,0.0,15.07,2.0,4.89,1.0,6.43,1.0,1.0,1.1,0.0,362.07,0.83,0.0,1.85,1.85,0
0.0,2.0,0.72,0.0,0.0,0.25,2.15,22.62,1.0,0.0,2.28,1.0,2.05,0.28,5.01,1.0,1.72,0.98,0.72,0.0,1.0,0.0,1.0,0.0,0
0.0,1.53,1.06,3.72,0.0,0.39,1.0,55.85,1.0,0.0,16.17,1.0,3.71,1.0,9.03,2.87,1.47,1.2,0.47,12.23,0.73,0.0,1.0,1.06,0
1.8,1.0,6.76,1.28,11.25,0.37,0.0,87.69,2.0,14.73,12.12,2.64,6.68,0.0,3.85,0.36,1.0,0.91,0.0,227.51,0.52,0.0,2.92,3.2,0
2.53,1.0,1.1,5.84,0.63,0.93,1.0,39.24,1.0,1.27,1.27,1.0,7.78,1.9,3.89,1.0,1.0,0.76,0.0,70.88,0.62,0.0,1.37,0.0,0
0.08,1.0,1.16,3.84,1.84,1.0,0.08,75.48,1.92,1.84,1.32,1.92,2.82,1.08,3.18,1.0,1.0,0.84,0.0,198.27,0.96,0.0,1.08,0.0,0
0.28,1.0,0.28,2.17,0.0,2.9,0.0,16.57,1.0,7.24,3.83,1.72,26.65,13.41,1.59,1.55,1.0,0.0,0.0,2.21,0.86,0.0,1.0,0.28,0
0.0,1.0,0.0,0.48,0.0,0.27,0.76,63.58,1.24,0.0,10.52,1.0,2.59,0.76,8.7,0.76,1.0,1.06,0.0,2.0,0.58,0.0,2.24,3.0,0
0.42,1.83,0.0,18.15,0.58,0.65,6.24,63.66,1.58,0.0,13.4,1.42,2.24,0.0,12.73,2.17,1.0,1.04,0.0,140.22,0.78,0.0,2.0,1.42,1
0.0,1.52,1.52,5.55,0.96,0.75,0.52,67.75,1.48,0.96,13.95,1.48,3.76,1.0,7.66,1.0,1.0,1.11,0.0,11.91,0.74,0.0,1.0,1.04,0
0.0,1.0,0.68,4.79,0.0,2.27,0.0,0.0,1.63,0.0,0.68,1.0,6.1,6.1,1.47,1.0,1.68,0.92,0.68,0.0,1.0,0.0,1.0,0.0,0
0.0,2.0,1.57,7.64,0.0,0.59,0.79,55.01,1.21,0.0,22.15,1.21,4.94,1.0,10.64,1.0,1.0,1.39,0.0,19.15,0.61,0.0,1.21,1.57,1
2.23,1.0,1.15,4.94,0.0,3.82,0.0,34.46,0.77,0.62,1.77,1.53,5.25,1.23,1.06,0.0,0.62,0.27,0.0,48.62,0.81,0.0,2.15,1.23,0
0.0,1.47,0.0,7.33,0.0,1.62,0.0,50.92,1.73,0.0,5.86,1.73,3.66,0.73,4.42,1.0,0.73,1.05,0.0,3.66,1.0,0.0,1.73,0.0,0
20.37,1.0,61.67,0.0,21.15,0.12,0.0,98.42,1.77,13.17,29.72,3.55,3.34,0.23,3.35,0.45,0.23,0.6,0.0,1156.95,0.92,0.0,1.0,0.0,0
29.86,1.0,3.99,4.98,4.98,0.63,1.01,99.54,2.0,1.99,11.95,2.0,7.29,0.0,3.94,0.0,0.01,0.59,0.0,1193.48,0.57,0.0,2.99,1.99,0
0.92,1.0,0.0,1.08,0.54,0.63,0.0,67.15,1.54,0.0,3.7,1.46,2.18,0.0,2.65,1.08,1.0,0.05,0.0,0.0,1.0,0.0,1.92,0.54,0
0.0,1.0,0.69,1.23,0.69,0.37,0.0,59.87,1.62,0.92,6.08,2.0,4.82,0.31,3.19,1.69,1.0,0.45,0.0,5.84,0.79,0.0,1.31,0.62,0
0.0,1.0,1.37,0.73,0.0,0.19,1.45,74.2,1.73,0.0,16.71,1.27,5.82,0.0,7.16,0.73,1.0,0.75,0.0,0.82,0.86,0.0,1.0,1.45,0
0.0,0.45,0.0,0.0,0.0,90.95,0.0,44.64,0.89,0.0,0.89,0.45,0.58,0.0,0.71,0.45,0.45,0.1,0.0,0.0,0.3,0.0,1.55,0.55,0
0.44,1.0,0.56,0.0,0.0,0.87,0.0,22.04,2.0,0.0,1.56,1.44,2.39,1.12,2.98,1.68,1.0,0.09,0.0,38.36,0.74,0.0,2.32,0.88,0
0.69,1.0,0.0,3.39,0.0,4.57,0.0,27.93,0.61,0.69,2.76,0.31,1.41,0.69,1.72,0.0,1.0,1.57,0.0,0.61,0.78,0.0,3.0,1.61,0
1.28,2.28,0.0,5.55,0.0,0.74,2.45,100.0,1.0,0.0,14.86,1.0,4.38,0.0,9.21,4.98,0.36,0.49,0.0,19.79,0.68,0.0,3.55,2.64,0
0.0,1.0,2.86,0.14,0.0,0.25,1.0,10.75,1.0,0.0,11.29,1.14,2.11,0.86,10.17,1.0,1.0,1.02,0.0,3.29,0.96,0.0,1.43,0.0,0
4.33,1.0,0.83,0.84,1.0,0.25,0.17,77.99,2.17,0.0,8.17,1.83,4.56,0.0,5.65,1.0,1.0,1.13,0.0,275.0,0.5,0.0,1.0,0.0,0
0.0,1.0,0.39,2.82,0.61,0.79,0.0,54.12,2.39,0.0,3.39,1.0,2.0,0.0,3.36,2.21,1.0,0.78,0.0,0.0,1.0,0.0,2.0,1.0,0
0.0,1.08,0.08,0.23,0.0,1.12,0.0,46.14,1.92,0.0,2.92,1.0,1.5,0.92,5.15,2.15,1.0,0.81,0.0,0.0,0.0,0.0,1.0,0.0,0
0.0,1.45,0.45,1.91,0.0,2.34,0.0,0.0,1.0,0.55,1.45,1.0,0.68,0.0,3.72,2.36,1.0,0.68,0.0,0.0,0.55,0.0,1.0,0.55,0
0.0,1.0,0.0,4.89,0.0,2.15,0.0,45.55,1.67,2.11,2.67,1.11,7.73,1.0,1.9,0.56,1.0,0.37,0.0,75.67,0.46,0.0,1.56,1.11,0
0.0,1.0,0.38,0.77,0.0,0.17,0.0,32.68,1.0,1.23,4.46,1.62,0.69,0.0,1.53,0.38,1.0,0.36,0.0,137.49,0.5,0.0,1.62,0.62,0
0.0,1.0,0.0,6.29,0.0,3.96,0.58,0.0,2.0,0.71,2.75,1.29,2.53,2.0,3.73,3.2,1.87,0.87,0.87,14.18,0.5,0.0,1.71,0.0,0
0.2,1.0,2.2,0.04,0.0,0.26,1.0,3.45,1.0,0.0,9.53,1.04,1.92,1.0,10.49,1.0,1.0,1.04,0.0,15.66,0.99,0.0,1.08,0.08,0
0.0,1.0,0.0,7.76,0.0,7.28,0.0,2.26,0.06,1.94,0.12,0.03,2.99,2.91,1.11,1.03,1.0,0.0,0.0,0.0,1.0,0.0,1.0,0.06,0
0.0,1.0,0.0,1.67,0.0,0.15,2.5,59.99,2.42,0.0,11.5,1.58,4.47,2.83,15.11,4.0,1.58,1.67,0.0,1.17,0.81,0.0,1.58,0.42,0
0.69,1.65,2.73,1.65,0.0,1.05,0.0,34.57,2.65,0.0,7.46,1.0,3.24,0.69,3.62,1.0,1.0,0.93,0.0,30.08,0.83,0.0,1.69,0.35,0
0.0,1.0,6.34,1.0,0.0,0.59,0.79,59.45,1.21,0.0,20.02,1.79,3.92,0.0,6.85,1.0,1.0,0.92,0.0,3.96,0.8,0.0,3.79,0.21,0
1.81,1.0,6.19,1.28,0.0,0.3,0.0,98.86,2.0,0.0,13.43,1.09,4.99,1.91,4.69,1.0,1.0,0.77,0.0,78.77,0.55,0.0,2.81,0.91,0
0.0,1.0,0.0,0.44,0.0,0.4,1.56,17.89,1.0,0.0,2.22,2.0,2.78,1.78,5.88,4.11,1.0,0.24,0.0,0.78,0.61,0.0,2.0,0.22,0
0.0,2.0,0.0,1.75,0.75,0.4,0.0,60.59,2.75,0.0,11.75,1.0,3.92,2.0,9.91,3.0,1.0,1.85,0.0,9.8,0.55,0.0,1.0,1.75,0
0.0,1.98,0.0,0.09,0.0,0.31,0.98,69.76,1.03,0.0,2.95,1.98,3.34,2.03,7.28,2.03,1.0,2.13,0.0,0.0,1.0,0.0,1.98,0.0,0
2.18,1.0,1.46,2.18,0.0,0.62,0.73,40.06,1.27,0.0,10.2,1.73,2.19,0.82,4.54,1.54,1.0,0.16,0.0,21.85,1.0,0.0,1.73,1.46,0
0.0,1.0,0.0,2.93,0.0,1.05,0.0,36.64,2.27,0.0,1.47,2.47,2.42,0.53,2.29,1.0,1.0,0.34,0.0,0.0,1.0,0.0,1.73,0.0,0
0.0,1.0,0.0,2.14,0.0,0.6,0.0,72.23,1.71,0.29,2.42,2.86,2.9,0.0,2.82,0.71,1.0,0.24,0.0,37.04,0.57,0.0,3.14,1.71,0
0.0,1.0,0.0,1.26,0.74,0.74,0.0,82.19,2.0,0.0,7.68,1.0,4.28,0.0,3.99,1.74,1.0,0.0,0.0,0.74,0.63,0.0,1.74,0.74,0
0.14,1.0,0.28,0.14,1.0,1.2,0.0,3.89,1.95,0.0,2.37,1.05,4.0,3.81,4.97,4.81,5.77,1.95,1.91,1.9,0.97,0.0,1.23,0.09,0
0.27,2.0,1.41,1.54,0.86,0.57,0.0,97.69,2.0,4.73,6.73,1.14,5.87,0.14,3.71,1.0,0.14,0.6,0.0,2.59,0.58,0.0,3.73,0.86,0
0.0,1.0,0.0,5.59,0.0,0.82,1.6,10.87,2.2,0.0,6.19,2.0,2.28,1.8,9.57,8.99,3.4,2.54,2.4,1.61,0.53,0.0,1.4,0.0,0
0.57,1.0,0.0,3.87,0.0,3.27,0.0,18.68,1.28,1.43,2.26,1.72,1.41,0.72,1.38,1.0,1.0,0.08,0.0,54.35,0.86,0.0,1.28,0.0,0
0.0,1.0,0.0,2.08,0.0,0.69,0.0,70.0,2.04,1.56,3.52,1.52,7.58,1.0,2.01,1.0,1.0,0.35,0.0,0.52,0.65,0.0,2.0,1.04,0
0.0,1.0,0.0,2.6,0.0,0.55,0.0,79.98,2.0,0.0,6.0,1.0,1.2,0.4,14.81,5.0,1.0,0.9,0.0,0.4,0.87,0.0,3.0,1.2,0
0.0,1.35,4.35,1.65,0.0,0.28,1.65,71.77,1.0,0.0,10.94,1.0,3.71,2.0,7.93,2.0,1.0,0.45,0.0,4.24,0.82,0.0,2.35,1.71,0
0.75,1.0,0.75,4.25,0.0,0.84,2.99,70.24,1.51,0.0,7.47,1.75,3.19,1.01,4.66,1.01,1.0,0.37,0.0,97.89,0.55,0.0,3.24,0.75,0
0.0,1.0,0.0,0.33,0.0,1.16,0.89,7.54,1.89,0.0,0.0,1.0,3.32,1.89,2.42,1.0,1.0,0.71,0.0,0.89,1.0,0.0,1.89,0.0,0
0.0,1.0,1.0,6.22,0.0,0.85,0.0,87.32,1.11,0.0,27.09,2.78,7.63,0.11,4.3,1.11,1.0,0.83,0.0,253.58,0.51,0.0,2.89,8.33,1
0.0,1.0,1.92,1.12,0.0,0.14,2.88,56.72,1.04,0.0,18.32,1.08,8.19,2.88,12.29,2.92,1.0,0.75,0.0,3.84,1.0,0.0,1.04,1.92,0
0.0,1.0,0.97,6.81,0.0,0.84,0.0,87.18,1.03,0.0,29.09,2.94,8.16,0.0,4.5,1.0,1.0,0.83,0.0,276.07,0.46,0.0,3.0,8.75,1
0.0,1.39,1.22,3.83,1.22,0.5,0.39,84.28,2.61,0.0,9.06,1.39,3.87,0.0,4.46,1.0,1.0,0.76,0.0,28.21,0.47,0.0,1.61,0.61,0
0.0,1.0,0.0,0.0,0.0,1.11,0.0,16.51,2.0,0.0,0.99,1.0,2.5,2.34,3.66,2.67,1.0,0.25,0.0,0.0,0.67,0.0,1.0,0.0,0
0.0,1.0,1.43,2.14,0.0,0.38,0.71,63.6,1.29,0.0,7.43,1.0,2.12,0.71,6.48,1.29,1.0,0.0,0.0,3.29,0.5,0.0,1.29,2.0,0
0.0,1.0,0.34,5.65,2.65,0.87,0.0,65.88,2.0,0.66,4.97,1.34,3.99,1.0,3.92,1.0,1.0,0.89,0.0,8.6,0.5,0.0,3.0,2.66,0
1.5,1.0,0.0,1.75,0.0,0.86,0.0,67.5,1.75,0.0,6.0,1.0,2.61,0.25,2.22,1.0,1.0,0.2,0.0,144.05,0.62,0.0,2.25,0.0,0
0.24,1.24,3.0,0.0,0.0,0.14,0.76,78.65,1.24,0.0,13.58,2.49,3.92,0.76,6.22,0.76,0.76,0.42,0.0,96.55,0.5,0.0,4.24,0.0,0
1.2,1.0,0.4,0.0,0.4,2.95,0.0,19.97,0.4,3.0,1.2,0.8,2.16,1.4,1.64,1.4,1.0,0.17,0.0,0.0,1.0,0.0,1.0,0.0,0
0.0,1.0,0.0,1.81,0.0,0.55,3.22,55.82,2.61,0.0,5.84,1.0,3.9,2.61,6.25,5.03,2.61,1.29,0.81,2.81,0.5,0.0,2.61,3.22,0
0.0,1.0,0.94,3.06,0.0,1.46,0.35,74.94,1.12,0.0,0.88,1.94,27.39,0.23,2.33,1.18,1.0,0.35,0.0,0.0,1.0,0.0,1.0,1.0,0
0.65,1.0,0.87,5.61,0.0,1.74,0.0,0.0,2.61,0.0,3.48,0.87,2.74,0.13,3.78,1.87,1.0,0.87,0.0,0.0,1.0,0.0,1.0,0.87,0
0.0,1.0,0.0,2.79,0.0,0.3,1.18,69.75,1.61,0.0,7.82,1.0,2.61,0.61,20.46,2.39,1.0,1.87,0.0,2.58,0.67,0.0,2.61,0.39,1
0.0,1.0,0.1,6.05,0.05,4.32,0.05,2.39,0.05,3.81,2.05,0.05,4.32,1.0,1.16,0.14,1.0,0.08,0.0,1.1,0.35,0.0,3.9,0.95,0
0.0,1.0,0.4,1.79,0.4,0.29,2.98,79.79,1.0,0.0,5.21,1.4,0.67,0.0,9.1,7.96,1.0,0.14,0.0,3.23,1.0,0.0,1.0,1.19,0
0.0,1.0,1.73,0.0,0.0,0.4,0.0,78.38,3.0,0.0,10.38,1.86,1.4,0.0,2.71,0.27,1.0,0.36,0.0,1.73,0.64,0.0,1.0,0.86,0
0.0,1.0,2.5,5.0,4.25,3.49,0.0,22.98,0.5,8.75,5.25,0.75,5.25,0.75,1.39,0.0,1.0,0.22,0.0,43.21,0.38,0.0,4.0,2.0,0
0.0,1.0,0.51,4.47,0.0,2.99,0.0,38.27,0.51,1.96,0.98,1.02,16.74,0.49,1.17,0.51,1.0,0.13,0.0,0.49,0.67,0.0,2.47,1.0,0
0.0,1.0,0.61,1.61,0.0,0.6,0.0,49.5,1.0,0.0,2.61,1.61,2.61,0.78,3.8,1.56,1.78,1.25,0.78,252.62,0.58,0.0,1.0,0.0,0
0.85,1.0,0.0,4.26,0.85,0.46,0.0,81.27,1.85,0.0,6.55,1.0,4.26,0.85,5.59,1.45,1.0,0.96,0.0,4.26,0.57,0.0,1.85,1.85,0
2.1,1.45,0.45,2.55,0.0,0.29,3.9,78.83,1.55,0.0,9.0,1.0,3.54,1.0,7.47,1.0,1.0,1.31,0.0,10.4,0.37,0.0,1.0,2.1,0
1.35,1.35,3.39,2.03,2.71,111.19,1.35,58.92,1.35,2.71,20.32,1.35,3.45,0.68,6.13,0.68,0.68,0.79,0.0,44.7,0.34,0.0,2.35,4.03,0
0.07,1.0,0.0,7.65,0.0,0.3,6.51,69.17,2.86,0.0,14.28,1.07,5.35,2.0,16.6,5.65,1.0,0.72,0.0,10.51,0.66,0.0,2.0,0.93,0
2.62,1.0,1.75,2.62,0.0,0.44,0.87,56.01,1.0,0.0,12.73,1.87,2.0,0.13,4.69,1.0,1.0,0.22,0.0,26.2,1.0,0.0,2.0,1.75,0
1.82,1.0,2.45,0.55,0.55,0.2,0.0,89.55,2.0,0.0,7.1,3.73,3.55,0.27,3.04,0.27,0.27,0.57,0.0,63.12,0.84,0.0,1.27,1.64,0
1.68,1.0,0.0,0.0,0.0,0.22,0.0,80.43,1.76,0.0,5.04,1.24,2.12,0.24,5.44,1.76,1.0,0.17,0.0,6.84,0.62,0.0,2.0,1.52,0
0.13,1.13,2.13,0.0,0.0,0.24,0.87,12.2,1.13,0.0,8.21,1.39,2.0,0.87,9.57,0.87,0.87,0.92,0.0,51.14,0.93,0.0,1.52,0.0,0
4.79,2.0,6.49,1.87,1.31,0.31,1.69,40.54,1.0,5.23,23.44,1.87,2.82,0.56,7.71,2.13,1.0,1.57,0.0,320.51,0.72,0.44,2.31,5.18,1
4.42,1.43,0.0,1.29,0.0,0.41,0.86,80.6,1.43,0.0,2.43,2.0,3.12,0.57,4.88,2.29,1.0,1.22,0.0,3.86,0.79,0.0,2.43,0.86,0
0.0,1.0,3.07,1.13,0.13,0.64,0.07,93.67,2.07,0.93,3.33,1.0,3.56,0.0,2.32,0.07,0.07,0.45,0.0,31.61,0.42,0.0,3.0,0.13,0
0.0,1.0,0.1,0.1,0.0,1.02,0.0,55.09,2.0,0.0,2.9,1.0,1.53,0.9,4.96,2.0,1.0,0.76,0.0,0.2,0.05,0.0,1.31,0.2,0
0.0,1.0,0.0,1.88,0.0,1.35,0.0,74.17,2.06,0.0,0.47,1.47,3.06,0.47,2.1,1.53,1.0,0.21,0.0,0.0,0.73,0.0,1.94,0.0,0
0.0,1.42,7.6,1.58,0.0,0.51,0.42,89.3,1.42,0.0,5.4,2.0,10.9,1.58,4.63,1.0,1.0,0.91,0.0,148.15,0.81,0.0,1.0,1.0,0
0.0,1.0,0.12,2.64,0.12,1.17,0.0,66.73,1.0,0.0,0.36,1.12,9.09,1.12,1.85,1.12,1.0,0.43,0.0,0.0,1.0,0.0,1.0,0.0,0
7.37,1.42,19.68,1.26,4.63,0.15,0.84,97.11,2.0,1.16,5.31,2.0,2.26,0.0,4.66,1.69,1.0,1.11,0.0,3.79,0.21,0.0,2.42,0.84,0
1.99,1.0,0.0,1.99,0.0,0.71,1.99,88.04,2.34,0.0,5.98,1.0,2.82,0.66,4.51,1.34,1.0,0.59,0.0,12.62,0.61,0.0,1.0,1.99,0
0.65,1.22,0.78,2.78,1.08,0.44,1.57,30.44,1.22,0.22,7.16,1.22,3.02,0.0,4.27,1.0,1.0,0.64,0.0,165.68,0.96,0.0,1.0,0.43,0
0.0,1.0,0.0,1.08,0.0,0.26,0.46,72.19,1.54,0.0,7.16,1.0,2.33,0.46,5.64,2.29,1.46,0.78,0.46,1.08,0.61,0.0,2.08,1.62,0
0.0,1.0,0.0,1.2,0.0,0.32,0.95,82.57,1.1,0.0,16.13,1.0,2.58,1.15,10.88,1.15,1.0,1.11,0.0,7.59,0.59,0.0,1.95,0.0,0
0.0,1.0,0.0,3.81,0.0,4.56,0.0,0.0,1.19,1.0,1.0,1.0,0.94,0.94,0.94,0.94,1.0,0.0,0.0,0.0,1.0,0.0,1.0,0.0,0
0.7,1.0,0.7,1.78,0.0,1.36,0.0,42.2,0.7,0.3,4.52,0.7,4.55,3.11,2.44,2.11,1.0,0.0,0.0,55.78,0.54,0.0,1.0,0.7,0
0.0,1.22,0.22,3.33,0.22,1.41,0.0,78.25,1.22,1.12,1.56,1.0,3.82,0.78,2.16,1.0,0.78,0.11,0.0,0.67,0.93,0.0,3.22,0.22,0
0.0,1.0,0.0,6.45,0.0,0.57,5.97,100.0,2.0,0.0,7.99,1.0,4.47,4.47,13.95,13.95,1.0,0.0,0.0,0.49,0.67,0.0,2.0,1.0,0
0.56,1.0,0.88,3.24,0.56,0.5,0.0,72.72,1.56,0.0,4.8,1.0,3.53,1.0,4.64,1.0,1.0,0.63,0.0,2.8,0.72,0.0,1.56,1.56,0
0.0,1.0,0.29,4.28,0.29,0.32,2.14,52.76,1.29,0.0,11.84,1.29,4.42,2.14,10.23,2.43,1.0,0.36,0.0,22.81,0.48,0.0,3.43,0.71,0
0.0,1.0,1.32,0.88,0.0,0.59,0.0,44.16,1.56,0.0,12.81,1.88,2.43,0.0,2.92,0.44,0.56,0.24,0.0,0.0,1.0,0.0,1.0,0.0,0
0.0,1.0,0.0,10.9,0.0,0.63,8.93,99.01,2.03,0.0,9.16,1.0,6.94,6.84,18.95,18.57,1.0,0.02,0.0,1.33,0.34,0.0,2.0,1.0,0
0.18,1.09,6.72,3.18,0.0,0.62,0.0,87.54,2.0,0.28,2.28,1.09,17.95,0.09,3.02,1.0,1.0,0.86,0.0,5.45,0.45,0.0,5.63,2.72,0
0.0,1.0,0.83,1.67,0.0,0.52,0.0,83.16,2.17,0.0,1.66,1.0,2.17,0.67,4.5,2.34,1.0,0.68,0.0,1.66,0.58,0.0,3.49,1.66,0
0.0,1.0,0.16,4.08,0.0,1.15,0.0,41.43,1.0,0.0,0.92,1.92,4.8,1.08,2.36,1.16,1.24,0.6,0.08,0.0,1.0,0.0,2.84,0.0,0
0.0,1.79,1.57,5.51,0.0,0.41,0.79,69.31,1.0,0.0,21.31,1.0,3.88,0.79,10.54,1.64,1.0,1.08,0.0,18.1,0.61,0.0,1.0,1.79,1
0.0,1.73,0.0,2.27,0.0,0.58,0.73,78.64,1.73,0.27,4.91,2.0,4.22,0.0,4.03,0.73,1.0,0.83,0.0,51.64,0.58,0.0,1.0,0.0,0
0.0,1.0,0.96,6.7,0.0,2.69,0.0,4.25,1.0,0.0,1.13,1.0,7.66,7.66,1.18,1.13,1.96,0.96,0.96,0.0,1.0,0.0,1.0,0.04,0
0.0,1.0,0.17,3.66,0.0,1.06,0.0,51.09,1.0,0.0,1.34,2.0,4.66,0.83,2.46,0.83,1.0,0.5,0.0,65.29,0.94,0.0,2.66,0.0,0
0.0,1.0,0.0,3.15,0.0,1.0,2.57,100.0,2.0,0.14,6.28,1.0,2.18,1.86,7.74,7.71,1.0,0.0,0.0,12.81,0.95,0.0,2.0,0.86,0
0.0,1.0,2.75,2.31,0.0,0.29,2.31,75.24,1.31,0.0,9.5,1.0,2.83,1.38,8.48,2.0,1.0,0.54,0.0,0.0,1.0,0.0,2.0,0.69,0
0.23,1.0,0.69,0.46,0.0,0.51,0.23,18.64,1.0,0.0,2.69,1.77,2.46,0.46,2.27,0.23,1.0,0.5,0.0,568.13,0.88,0.0,1.23,0.77,0
1.8,2.0,0.3,3.7,0.0,0.9,0.3,63.93,1.0,0.0,2.4,1.0,4.57,1.9,3.66,1.2,1.0,0.89,0.0,4.6,0.7,0.0,1.0,2.1,0
0.0,1.0,0.0,0.93,0.0,0.43,0.0,70.69,1.07,0.0,8.37,2.86,3.9,0.14,4.52,1.0,1.0,0.55,0.0,24.39,0.53,0.0,1.93,1.93,0
1.09,1.0,0.0,0.0,0.0,0.49,0.0,49.26,1.0,0.0,2.82,2.46,2.58,0.46,2.64,0.46,1.0,0.25,0.0,7.29,0.77,0.0,2.54,0.46,0
0.0,1.0,3.73,0.07,0.0,0.2,0.14,85.68,1.93,0.0,5.89,1.0,2.77,0.07,4.04,1.0,1.0,0.1,0.0,0.48,0.98,0.0,1.0,2.14,0
0.0,1.0,0.11,2.92,0.0,2.73,0.0,99.58,2.97,0.0,0.14,1.0,2.99,0.97,2.05,1.97,1.0,0.0,0.0,0.0,1.0,0.0,1.97,1.03,0
22.81,1.0,0.0,8.96,0.0,6.21,0.0,11.49,2.0,2.44,10.59,1.81,2.3,0.0,0.88,0.0,1.0,0.0,0.0,3.26,0.53,0.0,2.63,3.26,0
0.06,1.0,0.06,0.0,0.0,0.14,0.0,3.83,1.0,1.89,5.77,2.0,0.16,0.0,0.17,0.06,1.0,0.01,0.0,0.94,0.49,0.0,1.94,0.94,0
0.0,2.69,0.85,2.54,0.0,0.43,0.85,66.86,1.31,0.0,2.54,1.0,7.59,1.15,5.02,1.0,1.0,1.98,0.0,108.33,0.58,0.0,1.85,1.69,0
0.22,1.0,1.56,6.12,0.78,0.65,0.78,51.75,1.0,0.0,6.29,1.22,4.11,1.22,7.24,2.56,1.0,1.31,0.0,3.22,0.65,0.0,2.0,0.0,0
0.0,1.0,0.0,0.33,0.0,0.91,0.0,16.25,1.16,0.0,1.67,1.84,1.31,0.0,1.3,0.16,1.0,0.32,0.0,0.0,1.0,0.0,1.16,0.84,0
0.0,1.0,1.0,0.85,0.72,0.7,0.57,39.75,1.0,0.0,3.57,1.72,2.29,1.43,2.84,1.72,1.0,0.43,0.0,0.0,1.0,0.0,1.0,0.0,0
0.0,1.0,0.0,0.94,0.0,1.41,0.0,75.3,1.06,0.0,0.94,1.0,3.29,0.94,1.66,0.94,1.0,0.0,0.0,1.88,0.53,0.0,1.0,0.0,0
0.0,1.0,0.17,0.0,0.17,0.99,0.0,95.24,1.17,0.0,2.34,1.17,0.44,0.0,2.35,1.83,1.0,0.21,0.0,0.83,0.94,0.0,2.0,0.83,0
0.31,0.31,0.61,0.0,0.31,22.27,0.0,28.43,0.31,0.0,4.59,0.61,1.82,0.31,1.59,0.61,0.31,0.24,0.0,3.06,0.2,0.0,1.69,0.0,0
0.0,1.0,1.8,0.6,0.0,0.15,0.4,89.56,1.6,0.0,8.02,1.4,2.68,0.4,5.61,1.6,1.0,0.66,0.0,4.41,0.5,0.0,4.0,1.2,0
0.0,1.78,2.33,1.0,0.0,0.25,0.78,84.53,2.0,0.0,8.88,2.0,3.84,0.78,5.64,1.0,1.0,1.17,0.0,268.29,0.78,0.0,1.0,1.22,0
2.25,1.75,3.74,6.01,0.62,0.51,0.38,82.12,1.0,0.0,11.51,2.0,3.54,0.38,5.1,1.0,1.0,0.98,0.0,29.32,0.36,0.0,4.12,2.38,0
0.0,1.0,0.69,0.31,0.0,1.0,0.0,69.12,1.69,0.0,5.56,1.62,2.64,0.69,2.85,1.69,1.0,0.58,0.0,10.86,0.84,0.0,2.0,2.69,0
0.0,1.0,2.03,6.43,0.0,0.91,1.32,23.17,1.32,0.0,6.44,1.0,7.54,0.0,4.7,1.0,1.0,1.16,0.0,0.0,1.0,0.0,1.68,0.64,0
0.0,1.0,1.35,1.04,0.65,0.28,0.35,51.74,1.0,0.0,7.35,1.65,1.89,0.35,4.5,1.65,1.0,0.23,0.0,5.57,0.83,0.0,1.0,0.69,0
0.0,1.46,1.54,0.77,0.0,0.32,0.77,47.86,2.54,0.0,11.03,2.0,2.33,0.0,3.74,0.23,1.0,0.83,0.0,16.9,0.74,0.0,1.77,0.77,0
0.0,1.0,2.4,1.2,0.0,0.41,0.0,91.01,2.0,0.0,4.6,1.0,1.65,0.0,5.05,3.4,1.0,0.0,0.0,0.0,1.0,0.0,1.8,2.0,0
0.0,1.0,0.0,1.51,0.0,0.78,0.0,60.78,1.0,0.0,3.0,1.76,8.63,1.76,2.02,1.0,1.0,0.38,0.0,0.0,1.0,0.0,2.0,0.0,0
0.0,1.0,2.38,2.81,0.0,0.83,1.19,67.23,1.0,0.0,7.15,1.0,3.44,1.6,5.73,1.6,1.0,0.0,0.0,0.0,1.0,0.0,2.4,0.6,0
4.33,1.0,0.0,3.4,0.0,3.59,0.0,0.0,0.0,0.13,0.13,0.0,1.2,1.0,0.97,0.87,1.0,0.0,0.0,22.69,0.95,0.0,1.0,0.0,0
3.07,1.0,1.96,0.96,0.52,0.28,0.48,80.48,1.52,0.0,6.04,1.52,5.42,0.96,5.21,1.0,1.0,0.95,0.0,1359.75,0.5,0.0,1.48,0.0,0
1.0,2.29,0.0,13.0,0.0,0.41,5.71,90.29,1.71,0.0,10.14,2.0,2.64,0.0,11.68,3.14,1.0,1.65,0.0,102.69,0.49,0.0,2.71,2.0,0
0.0,1.0,0.35,4.39,0.0,1.22,3.26,65.18,1.0,0.0,2.96,1.0,2.79,2.79,8.82,8.17,1.35,0.35,0.35,0.0,1.0,0.0,1.0,1.3,0
0.0,1.0,0.0,2.9,0.0,1.01,1.45,36.2,2.28,0.0,1.45,1.0,2.72,2.72,6.48,6.07,3.17,0.93,0.72,0.0,1.0,0.0,1.72,0.72,0
0.0,1.52,1.0,0.78,0.74,0.4,1.0,76.04,1.74,0.0,8.93,1.0,3.9,0.26,5.31,1.0,1.0,0.94,0.0,34.67,0.5,0.0,1.26,0.52,0
0.0,1.0,0.0,0.35,0.0,0.3,0.0,70.67,2.0,0.0,4.87,1.0,2.76,0.17,8.37,2.0,1.0,0.39,0.0,0.17,0.94,0.0,1.35,1.65,0
0.0,1.0,0.0,3.48,0.0,0.52,0.35,95.12,2.83,0.0,7.61,1.0,4.54,3.3,6.4,5.13,1.0,0.14,0.0,0.0,1.0,0.0,1.0,1.17,0
0.0,1.0,5.58,3.09,0.0,1.31,0.0,61.41,2.6,0.3,5.88,1.7,2.69,0.7,2.61,0.7,1.0,0.37,0.0,0.0,1.0,0.0,1.0,0.0,0
0.0,1.0,1.0,5.85,0.16,1.3,0.0,65.04,1.0,0.0,3.84,2.0,5.59,1.16,2.99,1.16,1.0,0.38,0.0,213.02,0.72,0.0,1.0,0.84,0
0.0,1.74,0.74,1.74,0.0,0.51,2.23,80.0,1.0,0.0,5.46,1.0,3.34,0.26,3.32,1.0,1.0,1.24,0.0,6.46,0.5,0.0,1.0,0.74,0
0.0,1.0,2.6,2.77,0.0,0.45,1.4,44.68,1.4,0.0,11.45,1.6,4.26,1.79,7.34,2.98,1.0,0.58,0.0,4.83,0.3,0.0,3.21,0.0,0
0.03,1.0,0.1,2.9,0.0,1.11,0.0,75.47,1.03,0.97,2.03,2.07,1.31,0.0,0.33,0.0,0.97,0.02,0.0,1.79,1.0,0.0,1.0,0.0,0
0.0,1.0,1.72,6.58,0.86,0.62,1.71,53.38,1.28,0.0,4.69,1.0,4.05,1.42,9.1,3.14,1.0,1.66,0.0,2.58,0.71,0.0,1.86,0.14,0
0.0,1.0,0.0,2.27,0.0,0.83,0.0,100.0,2.13,0.0,3.7,1.0,2.27,2.27,4.27,4.27,1.0,0.0,0.0,0.43,1.0,0.0,1.43,1.0,0
0.45,1.0,2.89,5.66,0.22,0.75,0.94,58.12,1.06,2.94,0.17,2.0,3.98,2.83,3.84,0.94,1.0,0.9,0.0,0.0,0.0,0.0,1.06,0.0,0
0.7,0.7,0.0,3.48,0.7,105.04,0.0,54.26,1.39,0.0,4.87,0.7,3.48,0.7,3.94,0.7,0.7,0.78,0.0,3.48,0.35,0.0,1.7,2.0,0
0.29,1.0,0.0,1.46,0.29,0.39,0.0,46.1,1.29,0.0,4.16,1.71,2.87,0.29,4.72,0.29,1.0,1.51,0.0,1.46,0.85,0.0,1.29,0.58,0
0.0,1.33,2.02,2.0,0.0,0.29,0.33,93.48,1.33,0.0,21.51,2.67,5.45,0.0,6.09,1.0,0.33,0.73,0.0,23.13,0.81,0.0,1.0,0.0,0
0.0,1.4,1.19,2.21,0.0,0.82,1.19,45.36,1.0,0.6,3.58,1.6,1.28,0.4,3.97,1.19,1.0,0.79,0.0,0.4,1.0,0.0,1.0,1.19,0
0.0,1.0,0.7,1.04,0.0,0.67,0.35,84.33,1.0,0.65,6.04,2.3,3.42,0.35,3.62,1.0,0.35,0.25,0.0,14.69,0.39,0.0,1.65,2.0,0
1.6,1.0,0.0,0.0,0.0,0.69,0.0,51.6,1.2,0.0,1.4,1.8,2.03,0.2,2.59,0.4,1.0,0.24,0.0,0.0,0.8,0.0,2.6,0.0,0
0.1,1.19,0.0,7.23,0.0,0.33,4.14,96.77,1.0,0.0,8.09,1.1,2.15,0.0,12.48,2.81,1.0,1.27,0.0,36.57,0.65,0.0,2.0,1.1,0
0.0,1.72,0.0,1.85,0.0,0.38,0.0,59.82,2.28,0.0,9.31,1.0,3.76,2.56,10.07,3.85,1.0,1.0,0.0,0.0,0.64,0.0,1.0,1.0,0
6.68,1.89,18.94,0.0,4.46,0.33,0.0,52.92,1.56,1.11,4.34,2.0,1.93,0.0,2.96,0.44,1.0,1.3,0.0,20.82,0.44,0.0,1.56,0.0,0
0.0,1.0,0.62,5.87,0.0,2.13,0.0,18.88,1.38,0.0,1.38,1.76,5.95,4.98,1.46,1.0,1.62,0.69,0.62,0.0,1.0,0.0,1.38,0.0,0
0.25,1.12,1.5,6.5,0.5,1.42,0.25,10.81,1.12,0.5,5.48,1.12,0.63,0.12,9.88,8.88,2.75,1.9,1.75,8.2,0.94,0.0,3.0,1.5,0
0.0,1.0,0.0,0.0,0.0,2.12,0.0,0.08,2.0,0.0,0.01,2.0,1.0,1.0,1.0,1.0,1.0,0.0,0.0,0.03,0.0,0.0,2.0,0.0,0
0.0,1.0,0.94,3.17,0.0,0.98,0.0,47.11,1.88,0.23,1.06,1.88,6.67,1.0,2.16,0.94,1.0,0.47,0.0,0.06,0.96,0.0,3.06,1.94,0
0.0,1.0,0.0,1.99,0.01,2.13,0.0,99.43,2.0,0.0,1.01,1.0,1.35,0.02,1.69,1.02,1.03,0.01,0.01,0.0,1.0,0.0,1.0,0.0,0
0.03,1.03,0.03,5.84,0.03,0.37,2.92,45.7,1.05,0.0,14.92,1.0,5.07,2.95,12.54,2.95,1.0,0.04,0.0,31.22,0.42,0.0,3.95,1.05,0
4.85,1.0,0.95,0.0,0.95,0.25,0.0,78.62,1.95,0.0,6.7,2.0,4.36,0.0,4.99,0.95,1.0,0.96,0.0,313.68,0.52,0.0,1.1,0.0,0
0.0,1.0,0.79,0.0,0.0,1.12,0.0,20.94,2.0,0.0,2.0,1.0,1.85,1.58,2.71,2.58,1.0,0.04,0.0,0.0,0.93,0.0,1.0,0.0,0
0.0,1.0,2.79,1.93,0.0,0.25,0.07,99.11,1.0,0.0,28.18,2.86,5.31,0.07,6.74,1.0,0.07,0.58,0.0,0.55,0.97,0.0,1.07,0.0,0
0.0,1.0,0.79,1.79,0.0,0.26,0.0,83.1,1.21,0.0,2.63,1.21,2.12,0.0,3.88,1.0,1.0,0.86,0.0,280.74,0.39,0.0,1.0,0.42,0
27.04,3.68,0.0,1.06,0.89,0.49,0.0,84.96,1.89,0.11,10.26,1.89,4.0,1.0,4.52,0.89,1.0,2.25,0.0,16.1,0.55,0.0,2.0,1.89,0
0.0,0.11,0.42,0.21,0.0,8.68,0.21,6.74,0.11,0.0,1.26,0.11,0.39,0.21,0.88,0.21,0.11,0.0,0.0,0.0,0.11,0.0,1.11,0.11,0
0.97,1.03,3.06,1.97,0.0,0.33,1.0,81.15,1.0,0.0,5.12,1.0,6.35,2.0,5.34,1.03,1.0,0.9,0.0,2396.67,0.5,0.0,2.03,0.09,0
10.02,1.0,28.54,0.33,6.68,0.09,0.0,92.69,1.83,1.67,6.34,2.0,2.39,0.0,3.38,0.0,1.0,0.58,0.0,63.82,0.1,0.0,1.83,0.0,0
0.75,1.75,0.75,1.01,0.75,0.32,0.0,73.77,3.0,0.76,9.98,1.25,4.95,1.0,5.42,1.0,1.0,1.26,0.0,2.5,0.83,0.0,2.0,2.75,0
12.53,1.96,1.0,5.04,1.93,0.72,0.0,82.9,2.04,0.0,15.57,1.96,5.37,0.0,6.1,1.04,1.0,1.13,0.0,19.28,0.4,0.0,4.86,4.86,1
0.0,1.0,0.0,5.69,0.0,2.34,0.0,38.39,2.0,0.38,1.38,1.0,1.32,0.38,0.79,0.62,1.0,0.0,0.0,42.79,0.67,0.0,3.23,0.0,0
0.68,1.0,2.0,2.93,0.32,0.36,0.32,68.32,1.0,0.0,9.78,1.0,2.77,0.32,5.09,0.96,1.0,1.31,0.0,0.96,0.67,0.0,1.32,0.68,0
1.58,1.79,3.96,3.42,3.17,0.7,1.58,68.94,2.21,3.17,23.77,1.79,4.86,1.62,8.0,1.62,1.0,0.93,0.0,52.3,0.6,0.0,2.58,3.96,0
1.02,2.0,4.49,5.0,0.0,0.48,0.0,81.53,2.0,1.53,6.47,1.51,5.75,1.49,6.59,1.0,1.0,1.26,0.0,22.51,0.29,0.0,2.0,0.98,0
0.89,1.11,2.89,2.55,0.0,0.34,1.0,78.8,1.0,0.0,7.31,1.0,6.26,1.89,6.02,1.0,1.0,0.94,0.0,2199.75,0.5,0.0,1.89,0.22,0
1.68,1.0,1.12,2.56,0.0,0.34,0.56,70.83,1.44,0.0,11.8,1.56,2.08,0.0,5.33,0.56,1.0,0.38,0.0,17.69,0.69,0.0,2.44,2.44,0
0.0,1.0,0.56,4.28,0.0,3.48,0.84,20.91,1.0,0.72,2.39,1.0,1.88,0.72,2.47,0.72,1.0,0.09,0.0,0.0,1.0,0.0,1.28,0.28,0
0.0,1.0,0.0,0.06,0.0,1.42,0.06,3.5,1.94,0.0,0.66,1.06,2.34,1.94,2.52,1.0,1.0,0.8,0.0,7.7,1.0,0.0,1.0,1.0,0
0.0,1.91,0.0,2.0,0.0,0.39,0.91,74.09,1.91,0.0,5.73,2.0,5.03,0.09,5.29,1.0,1.0,1.14,0.0,64.64,0.48,0.0,1.09,0.09,0
0.0,1.0,0.0,0.5,0.0,0.63,0.0,97.75,1.25,0.75,6.0,2.5,3.58,0.0,2.9,0.75,0.25,0.44,0.0,16.99,0.32,0.0,2.25,2.25,0
0.0,1.56,0.0,1.56,0.0,0.39,0.56,76.0,1.56,0.0,6.0,1.56,4.17,0.0,5.18,1.89,1.0,1.03,0.0,91.91,0.68,0.0,1.0,0.0,0
10.73,1.98,10.73,2.93,2.93,0.31,0.0,91.55,1.0,11.71,44.96,2.98,4.67,0.0,5.16,0.98,1.0,1.03,0.0,716.25,0.38,0.98,3.93,7.81,1
4.05,1.0,0.81,1.51,0.81,0.24,1.32,78.11,2.19,0.0,8.32,1.81,4.63,0.38,7.48,1.95,1.0,0.95,0.0,269.68,0.53,0.0,1.19,0.19,0
0.69,1.0,0.0,0.69,0.0,0.4,0.69,68.15,2.0,0.0,2.08,1.0,6.21,0.23,3.64,1.0,1.0,0.55,0.0,4.39,0.92,0.0,1.77,0.69,0
0.33,1.33,1.66,4.68,0.0,0.97,0.0,76.28,1.33,0.0,3.67,2.66,5.38,0.67,3.19,0.67,0.67,0.39,0.0,293.09,0.61,0.0,2.32,0.67,0
0.0,1.88,2.65,1.23,0.0,0.36,2.65,11.64,1.12,0.0,5.77,1.0,1.18,0.88,9.36,3.47,1.0,1.77,0.0,0.88,1.0,0.0,1.23,2.88,0
0.0,1.0,0.0,3.81,0.0,0.73,0.0,83.14,2.06,0.0,2.81,1.94,1.75,0.0,3.16,1.06,1.0,0.89,0.0,7.49,0.81,0.0,1.13,0.06,0
0.0,1.0,1.13,0.0,3.97,0.26,0.87,90.36,1.43,1.13,2.73,2.0,2.47,0.57,2.5,0.0,1.0,0.64,0.0,12.98,0.33,0.0,1.87,0.87,0
0.84,1.0,0.84,0.0,0.0,0.19,0.0,64.7,1.0,0.16,1.84,2.49,2.13,0.0,2.27,0.84,1.0,0.14,0.0,0.0,0.44,0.0,1.0,0.16,0
1.24,1.38,1.9,8.1,0.0,2.78,0.0,30.34,1.38,0.62,5.52,1.0,3.77,1.38,2.4,0.38,1.0,0.49,0.0,17.45,0.85,0.0,2.0,1.38,0
1.07,1.0,0.64,7.36,0.0,3.19,0.0,0.0,0.64,0.36,1.64,0.64,0.71,0.71,6.57,6.45,2.29,1.29,1.29,0.0,1.0,0.0,2.29,1.36,0
0.93,1.0,0.14,4.93,1.35,0.32,0.93,68.85,2.93,0.0,14.07,1.07,5.15,0.0,8.1,1.0,1.0,1.76,0.0,6.73,0.52,0.0,1.07,0.14,1
0.0,1.31,3.69,1.69,0.0,0.26,1.69,71.15,1.31,0.0,11.38,1.31,3.75,1.69,7.67,1.69,1.0,0.42,0.0,107.55,1.0,0.0,1.69,1.0,0
1.21,1.0,0.0,1.58,0.0,3.07,0.0,19.74,0.79,3.03,0.79,1.18,2.23,0.61,1.48,1.0,1.0,0.07,0.0,0.0,1.0,0.0,1.39,0.0,0
0.0,1.0,0.0,3.81,0.0,0.58,0.05,97.6,2.9,0.0,5.0,1.0,3.92,3.86,5.98,5.95,1.05,0.05,0.05,0.0,1.0,0.0,1.0,0.95,0
0.0,1.0,0.0,1.33,0.0,0.67,0.89,27.19,1.89,0.0,2.78,2.0,4.11,2.78,6.92,4.56,3.67,0.94,0.89,0.0,0.11,0.0,1.22,0.89,0
0.0,1.0,0.0,1.0,0.0,0.41,0.0,76.0,1.8,0.0,5.81,2.2,3.66,0.0,3.88,1.0,1.0,0.54,0.0,5.26,0.1,0.0,1.2,2.0,0
0.0,1.0,0.0,0.93,0.0,2.78,0.0,0.0,3.93,0.93,1.14,1.0,0.39,0.22,0.14,0.14,1.0,0.04,0.0,0.29,0.96,0.0,1.07,0.0,0
0.0,1.0,0.0,0.34,0.0,0.68,0.0,76.69,1.66,0.0,2.99,1.0,2.98,0.34,3.62,1.66,1.0,0.0,0.0,0.68,0.83,0.0,1.0,1.32,0
2.4,1.8,0.0,2.79,4.01,0.21,0.6,81.07,1.8,0.8,15.0,1.8,6.4,0.6,8.39,1.4,1.0,1.07,0.0,620.36,0.72,0.0,1.6,1.8,0
0.0,1.0,0.0,8.6,0.0,8.26,0.0,14.04,1.86,0.86,2.28,1.0,0.86,0.86,0.73,0.56,1.0,0.0,0.0,5.16,0.71,0.0,1.0,0.14,0
1.83,1.61,5.5,0.39,0.0,0.12,2.0,81.77,1.39,0.0,27.94,1.61,5.91,0.0,7.75,1.0,0.39,1.26,0.0,51.9,1.0,0.0,1.0,1.39,0
0.0,1.73,2.54,4.38,0.0,0.83,0.73,66.77,1.27,0.0,1.35,1.0,2.57,0.0,2.62,1.0,1.0,0.55,0.0,0.0,0.27,0.0,1.0,0.54,0
0.0,1.0,0.5,0.5,0.0,0.76,1.5,19.95,1.5,0.0,2.99,1.0,2.75,2.5,5.24,4.99,1.0,0.37,0.0,3.49,0.83,0.0,1.5,0.5,0
3.56,1.32,3.56,0.97,0.97,0.62,0.0,97.73,1.0,4.56,18.28,3.0,4.24,0.0,3.03,1.0,0.32,0.59,0.0,252.54,0.34,0.32,2.65,3.94,0
0.0,1.0,0.26,0.52,0.0,0.75,0.0,21.16,1.74,0.0,0.78,1.26,0.78,0.0,1.08,0.0,1.0,0.2,0.0,100.84,0.9,0.0,1.0,0.0,0
0.0,1.0,1.94,2.0,2.91,0.29,1.94,50.36,2.94,1.94,9.79,2.0,2.5,1.03,6.49,1.0,1.0,0.37,0.0,0.0,1.0,0.0,2.0,0.97,0
0.26,1.0,0.0,3.0,0.0,0.76,0.0,75.85,1.9,0.0,2.84,1.9,3.23,0.05,3.12,1.0,1.0,0.32,0.0,49.3,0.43,0.0,3.84,1.9,0
0.0,1.0,0.21,3.14,0.0,1.36,0.0,75.21,1.0,0.0,2.79,1.21,2.75,0.79,2.02,0.79,1.0,0.09,0.0,0.0,1.0,0.0,3.0,0.0,0
0.0,1.0,0.0,5.4,0.0,3.51,0.0,19.93,0.4,0.8,0.8,0.2,2.3,0.8,0.82,0.2,1.0,0.0,0.0,135.33,0.7,0.0,1.0,0.4,0
2.4,1.0,2.19,6.8,0.0,5.05,0.0,18.14,0.2,0.8,1.2,0.4,4.8,2.0,0.96,0.2,1.0,0.11,0.0,0.4,0.93,0.0,1.0,1.8,0
0.0,1.0,0.27,0.0,0.73,0.99,0.0,23.7,1.73,0.0,5.0,1.27,3.3,2.91,4.32,3.64,4.64,1.56,1.46,0.0,1.0,0.0,1.54,0.0,0
0.0,1.34,0.0,0.69,0.34,0.52,0.0,57.47,1.69,0.66,4.78,3.62,2.55,0.69,4.38,1.03,1.0,0.69,0.0,4.47,0.85,0.0,1.0,1.34,0
1.92,1.08,0.04,1.08,0.0,0.59,0.04,66.5,1.96,0.0,7.81,1.0,2.68,0.04,2.46,1.0,1.0,0.35,0.0,189.52,0.5,0.0,2.0,0.08,0
0.0,1.0,0.0,9.41,0.0,8.21,0.44,6.64,1.85,0.85,3.92,1.0,1.61,1.3,1.88,0.44,1.0,0.0,0.0,9.84,0.63,0.0,1.44,0.15,0
0.0,1.0,0.77,1.23,0.0,0.62,2.32,83.74,1.23,0.0,5.65,1.0,3.51,0.77,7.68,1.77,1.0,0.77,0.0,5.42,0.61,0.0,1.0,1.55,0
0.85,1.85,0.85,0.0,0.85,0.16,0.0,60.63,2.71,0.29,11.12,1.15,2.22,0.85,5.38,0.85,1.0,1.25,0.0,2.71,0.93,0.0,2.0,2.71,0
0.0,1.0,1.26,2.74,1.9,0.53,2.0,50.0,2.63,1.26,7.06,1.63,2.53,1.74,7.13,3.57,2.1,0.6,0.37,0.0,1.0,0.0,2.0,1.0,0
0.0,1.0,0.0,0.71,0.0,0.73,0.0,70.01,1.0,0.0,2.0,2.43,1.49,0.0,2.12,1.29,1.0,0.0,0.0,0.29,0.29,0.0,1.29,0.29,0
0.0,1.0,1.62,4.62,0.0,0.42,2.81,79.8,1.0,0.0,5.62,1.19,3.59,0.19,6.57,0.77,1.0,0.35,0.0,0.0,1.0,0.0,2.0,1.0,0
0.0,1.0,0.0,3.49,0.0,0.47,1.54,87.82,1.51,0.0,3.51,1.49,2.1,0.0,6.19,1.51,1.0,1.34,0.0,0.49,0.76,0.0,1.51,1.46,0
0.07,1.07,1.14,0.0,0.93,0.4,0.93,76.26,2.0,0.0,10.44,1.21,2.35,0.0,5.12,0.93,0.93,0.49,0.0,27.66,0.5,0.0,1.28,0.0,0
0.38,1.0,1.14,1.24,0.62,0.46,0.0,83.79,2.0,0.0,4.86,2.14,5.34,0.0,2.84,1.24,0.62,0.27,0.0,48.07,0.81,0.0,2.14,0.62,0
0.0,1.05,0.0,3.89,0.0,0.64,0.0,79.77,1.97,0.0,2.95,2.0,1.76,0.0,3.22,1.0,1.0,0.98,0.0,9.06,0.81,0.0,1.0,0.0,0
6.98,1.54,0.54,4.54,1.54,0.69,0.0,74.89,2.0,0.0,9.98,1.54,3.51,0.0,5.28,1.93,1.0,1.07,0.0,10.74,0.66,0.0,3.61,3.15,0
0.0,1.12,0.35,3.65,0.0,1.5,0.35,63.69,1.0,0.0,0.69,1.0,2.91,1.0,2.79,1.23,1.0,0.23,0.0,0.12,1.0,0.0,2.77,0.35,0
0.0,1.0,0.0,2.79,0.0,1.03,0.84,65.02,1.42,0.0,1.47,1.0,8.74,1.42,2.92,2.05,1.42,0.67,0.21,0.63,0.9,0.0,1.42,0.84,0
0.0,1.0,1.51,0.75,0.0,0.9,0.0,49.82,1.25,0.0,1.51,1.25,1.5,1.0,2.76,1.0,1.0,0.0,0.0,0.0,0.75,0.0,1.25,0.75,0
0.72,1.0,0.48,0.72,0.0,0.96,0.24,51.2,1.76,0.0,5.63,1.24,1.59,0.76,5.03,1.76,1.0,0.62,0.0,7.18,0.24,0.0,1.24,0.48,0
0.19,1.0,0.0,0.76,0.19,0.43,0.19,67.99,2.19,0.0,4.18,1.19,6.85,0.19,3.71,1.0,1.0,0.5,0.0,73.03,0.92,0.0,2.19,0.57,0
0.6,1.0,1.2,1.6,0.6,0.43,0.0,88.6,1.8,1.2,10.6,2.0,8.35,1.0,4.25,1.6,1.0,0.73,0.0,6.4,0.53,0.0,1.4,0.8,0
3.24,1.0,0.0,2.65,0.0,3.05,0.0,35.23,0.7,0.0,0.35,0.35,1.12,0.65,1.23,1.0,1.0,0.0,0.0,0.0,1.0,0.0,1.0,0.0,0
0.91,1.91,3.73,1.0,0.0,0.33,2.09,3.65,1.0,0.0,3.27,1.0,2.05,1.09,10.0,2.46,1.0,1.73,0.0,2.46,0.97,0.0,3.82,0.09,0
0.0,1.88,2.17,0.23,0.0,0.36,2.65,10.65,1.0,0.0,2.0,1.12,3.05,0.23,5.41,1.0,1.88,0.95,0.88,0.23,0.96,0.0,1.0,0.12,0
0.0,1.0,1.3,4.45,0.0,1.81,0.43,0.0,1.57,0.0,0.57,1.0,4.86,0.0,2.24,1.0,1.0,0.58,0.0,0.0,1.0,0.0,2.57,0.57,0
0.0,1.0,6.12,2.71,0.0,0.64,0.0,82.42,1.85,0.0,1.85,1.15,16.95,0.0,2.45,0.85,1.0,0.75,0.0,5.12,0.57,0.0,5.27,2.56,0
1.0,1.0,0.0,3.9,0.9,0.43,0.9,82.23,2.8,0.0,21.59,2.0,6.2,1.1,6.49,1.0,1.0,0.71,0.0,345.06,0.59,0.0,2.9,2.69,1
0.0,1.0,0.0,4.59,0.0,1.81,1.41,35.34,1.41,0.29,1.71,0.71,2.84,2.41,5.88,5.65,3.12,0.71,0.71,49.55,0.89,0.0,1.71,0.71,0
1.59,2.18,1.23,4.13,0.0,0.6,0.59,95.49,1.41,0.0,13.63,2.23,5.31,0.0,5.22,0.59,0.0,0.66,0.0,40.01,0.7,0.0,3.36,1.77,0
0.93,1.0,1.93,4.0,0.14,0.47,0.0,83.35,1.07,1.07,5.64,2.0,4.54,1.0,4.71,1.0,1.0,1.42,0.0,77.97,0.54,0.0,2.86,0.93,0
0.0,1.0,1.46,3.73,0.0,0.8,0.0,83.2,2.73,2.6,3.73,2.0,12.48,1.13,2.9,1.0,1.0,0.65,0.0,1.13,0.38,0.0,1.87,1.87,0
0.0,1.0,0.0,0.0,0.0,0.49,0.0,93.35,1.44,0.56,5.44,2.11,2.94,0.0,3.77,1.44,0.44,0.21,0.0,16.24,0.41,0.0,2.0,2.0,0
0.0,1.0,1.04,1.52,1.56,0.34,1.04,60.11,2.04,1.04,8.07,1.52,2.47,0.52,5.77,1.96,1.0,0.62,0.0,56.79,1.0,0.0,1.52,0.52,0
0.0,1.0,0.0,0.0,0.0,0.7,0.0,100.0,1.0,0.0,2.97,1.0,0.0,0.0,3.54,2.97,1.0,0.0,0.0,0.51,1.0,0.0,1.51,1.0,0
0.0,1.0,0.83,0.0,0.83,0.17,0.0,59.63,1.83,0.34,4.34,2.0,2.17,0.0,3.38,0.83,1.0,1.04,0.0,0.17,0.64,0.0,2.0,0.17,0
26.82,1.11,3.89,4.45,4.45,0.57,0.89,99.23,2.0,1.78,11.01,2.22,6.92,0.0,3.88,0.0,0.0,0.57,0.0,1107.99,0.56,0.0,3.22,1.78,0
0.87,1.0,4.31,5.52,0.0,0.82,0.56,43.52,1.44,0.0,6.09,1.0,6.6,0.87,3.78,1.0,1.0,1.1,0.0,37.87,0.78,0.0,2.44,0.44,0
3.59,1.0,2.83,2.06,0.0,2.0,0.0,47.13,0.94,0.0,6.6,0.47,2.93,1.47,2.79,1.0,1.0,0.37,0.0,41.01,0.76,0.0,1.94,0.47,0
0.0,1.0,1.0,0.23,0.0,0.35,0.0,83.65,1.08,0.0,12.65,1.96,1.48,0.0,2.57,0.08,1.0,0.42,0.0,0.0,1.0,0.0,2.92,0.04,0
0.65,2.29,0.0,7.12,0.0,0.58,0.65,70.18,1.71,0.0,10.12,2.0,3.03,1.0,5.35,1.0,1.0,1.0,0.0,9.29,0.45,0.0,1.71,1.94,0
16.37,1.0,1.66,7.26,0.0,4.47,0.83,26.58,1.58,1.75,12.58,1.58,2.84,0.83,3.86,0.83,1.0,0.0,0.0,2.34,0.67,0.0,2.58,2.75,0
0.0,1.0,0.84,0.84,0.16,0.35,2.51,65.99,1.16,0.0,6.18,1.0,4.12,1.49,8.7,2.49,1.82,1.16,0.33,5.85,0.58,0.0,1.0,1.67,0
0.0,1.69,1.39,5.47,0.0,0.47,1.61,72.9,1.31,0.0,20.2,1.0,4.04,1.31,11.08,3.44,1.0,0.96,0.0,15.98,0.65,0.0,1.31,1.69,1
0.24,1.24,0.73,0.0,0.0,0.63,0.0,69.5,2.0,0.0,0.73,1.73,2.79,0.0,2.16,0.0,0.76,0.1,0.0,89.51,0.88,0.0,1.97,0.0,0
0.0,1.36,1.07,0.36,0.0,0.3,1.07,48.24,1.64,0.0,4.71,1.0,2.22,0.36,6.39,2.36,1.0,0.71,0.0,0.36,1.0,0.0,1.0,2.36,0
0.0,1.0,0.0,1.18,0.0,1.9,0.0,100.0,1.59,0.41,2.06,1.82,2.53,0.0,1.41,1.0,0.59,0.16,0.0,9.07,0.73,0.0,2.0,0.82,0
0.0,1.0,0.0,1.56,0.0,0.42,0.22,66.16,1.93,0.0,2.46,1.0,7.0,0.52,3.89,2.04,1.0,0.41,0.0,0.0,0.98,0.0,2.0,0.07,0
0.0,1.0,4.0,1.19,0.79,0.24,0.4,86.59,2.4,0.0,11.75,1.0,3.54,0.0,4.68,1.0,1.0,0.26,0.0,82.57,0.87,0.0,1.79,2.0,0
0.0,1.0,0.0,1.35,0.0,1.42,1.39,82.62,3.0,0.0,2.43,1.0,2.37,1.04,3.85,3.39,1.7,0.56,0.35,1.04,0.83,0.0,3.0,2.04,0
1.69,1.0,0.0,8.62,0.0,3.59,0.0,10.89,1.0,0.85,4.31,1.0,1.26,0.85,1.17,0.46,1.0,0.14,0.0,18.09,1.0,0.0,1.85,0.85,0
7.14,1.0,1.49,2.81,0.0,2.1,0.74,0.0,1.26,0.77,10.02,1.26,1.88,0.74,7.99,0.74,1.0,0.74,0.0,3.26,0.85,0.0,1.51,1.02,0
0.0,1.0,3.39,2.57,0.0,0.23,2.25,76.79,1.64,0.0,9.93,1.68,3.36,0.64,8.49,1.93,1.0,0.69,0.0,5.57,0.55,0.0,1.32,0.32,0
0.54,1.0,2.0,4.0,2.78,0.37,0.0,82.15,1.46,0.54,10.17,2.0,5.79,0.54,6.11,1.0,1.0,1.38,0.0,77.05,0.6,0.0,2.54,1.46,0
0.0,0.78,0.0,0.0,0.0,2.43,0.0,25.65,0.78,0.0,2.33,1.55,1.55,0.0,3.37,0.0,0.78,1.3,0.0,0.0,0.78,0.0,1.0,0.0,0
0.0,1.0,0.94,0.41,0.23,1.31,0.0,4.33,2.0,0.06,2.29,1.0,2.03,1.94,3.1,2.88,1.0,0.06,0.0,0.76,0.96,0.0,1.12,0.18,0
0.0,0.92,0.92,5.53,0.0,14.13,0.0,0.0,2.77,0.0,3.69,0.92,2.77,0.0,3.87,1.84,0.92,0.92,0.0,0.0,0.92,0.0,1.08,1.0,0
0.0,1.0,0.14,1.0,0.0,2.01,0.0,6.76,1.86,0.0,1.0,1.14,2.64,0.0,1.69,0.86,1.0,0.05,0.0,0.0,1.0,0.0,2.73,0.86,0
0.14,1.27,0.0,3.22,0.0,0.34,0.14,53.92,1.86,0.0,9.68,1.14,2.98,1.0,23.75,1.86,1.0,2.1,0.0,2.22,0.62,0.0,2.73,0.41,1
0.0,1.0,0.0,0.64,0.0,0.77,0.0,45.76,1.71,0.0,4.93,1.0,3.7,1.07,3.84,2.64,1.0,0.79,0.0,77.47,0.82,0.0,1.36,0.0,0
0.59,1.0,1.62,3.19,0.59,0.36,1.41,76.48,2.19,0.0,17.94,1.59,5.17,1.41,7.37,1.41,1.0,0.45,0.0,228.12,0.76,0.0,2.59,2.19,0
0.0,1.77,0.0,0.45,0.0,0.82,0.77,77.56,1.23,0.0,2.32,1.77,2.92,1.55,5.9,1.77,1.0,1.68,0.0,0.0,1.0,0.0,2.0,0.0,0
0.0,1.0,0.35,0.18,0.0,0.5,0.18,10.87,1.35,0.0,4.1,2.0,1.5,0.0,1.84,0.0,1.0,0.39,0.0,1.4,0.94,0.0,1.18,1.0,0
0.0,1.0,0.04,1.22,0.0,2.2,0.0,0.0,2.04,0.0,1.13,1.0,2.68,0.0,1.78,1.04,1.0,0.04,0.0,0.0,1.0,0.0,2.91,1.0,0
0.29,1.0,0.0,0.0,0.0,0.63,0.0,85.34,1.29,0.71,3.83,2.71,3.68,0.0,2.28,0.71,0.29,0.33,0.0,41.06,0.35,0.0,2.59,2.0,0
0.0,1.0,2.0,1.0,0.0,0.17,1.74,57.42,1.84,0.0,17.32,1.42,5.89,1.74,9.59,1.74,1.0,0.77,0.0,9.45,0.92,0.0,1.0,2.0,0
1.0,1.0,0.0,4.07,0.07,6.1,0.0,5.15,0.13,0.93,0.46,0.07,1.26,1.0,0.37,0.07,1.0,1.94,0.0,0.33,0.97,0.0,2.93,1.07,0
0.53,1.6,0.0,20.31,0.0,76.67,8.02,35.27,0.53,0.0,14.96,1.07,1.94,0.0,13.16,0.53,0.53,0.58,0.0,180.09,0.25,0.0,2.0,1.53,0
0.0,1.0,1.37,4.05,0.0,1.13,2.05,82.89,1.32,0.0,4.11,1.0,3.47,0.0,4.62,0.32,1.0,0.23,0.0,0.0,1.0,0.0,1.68,1.0,0
0.97,1.0,0.97,0.11,0.0,0.35,0.0,59.43,1.0,0.0,5.86,1.03,5.39,3.91,3.15,2.94,1.0,0.04,0.0,7.86,0.5,0.0,1.03,1.0,0
0.87,1.0,0.0,0.0,0.0,0.69,0.0,8.35,1.13,0.0,0.87,1.0,5.53,3.46,4.13,0.87,1.0,0.87,0.0,0.0,1.0,0.0,1.0,0.0,0
0.15,1.0,0.15,0.59,0.0,0.31,0.59,77.81,1.85,0.0,4.89,1.15,2.74,0.0,4.62,1.7,1.0,0.07,0.0,19.38,0.91,0.0,1.44,1.85,0
0.0,1.0,1.82,2.55,0.0,0.98,0.23,70.36,1.0,0.0,5.68,1.23,8.69,0.77,3.21,1.0,1.0,0.6,0.0,1.14,0.94,0.0,1.68,0.0,0
0.0,1.0,0.0,5.96,0.0,0.69,0.0,79.35,1.0,0.01,9.93,1.0,4.51,0.99,4.43,1.0,1.0,0.76,0.0,26.78,0.34,0.0,1.99,1.99,1
0.0,1.0,5.28,0.73,0.0,0.44,0.64,33.15,1.0,0.0,6.45,1.36,6.96,1.36,7.94,1.0,1.0,0.85,0.0,2.64,0.88,0.0,1.0,0.36,0
0.0,1.67,1.33,2.32,0.67,0.66,0.0,67.08,1.67,3.35,4.7,1.0,5.03,0.66,3.39,1.66,1.32,1.16,0.33,2.01,0.78,0.0,3.01,0.67,0
1.5,1.0,1.0,1.5,0.0,0.65,0.5,27.46,1.5,0.0,6.99,1.5,0.94,0.0,2.64,0.5,1.0,0.11,0.0,14.98,1.0,0.0,1.5,1.0,0
1.86,2.86,0.07,6.57,0.0,0.91,1.14,95.75,1.0,0.0,19.94,1.0,6.55,0.14,7.1,1.43,0.07,0.76,0.0,29.3,0.51,0.0,4.79,2.86,1
5.12,1.39,0.39,8.03,0.79,6.07,0.0,33.85,2.0,0.61,7.51,1.39,2.76,0.61,2.43,0.39,1.0,0.45,0.0,11.51,0.55,0.0,2.57,1.97,0
0.0,1.09,0.17,0.52,0.0,0.22,0.09,5.2,1.0,1.83,5.48,1.91,0.25,0.0,0.22,0.09,1.0,0.06,0.0,0.91,0.46,0.0,1.91,0.91,0
0.0,1.0,0.7,0.3,0.0,0.94,0.6,74.76,1.7,0.0,8.23,1.0,2.33,1.0,3.81,1.7,1.0,0.88,0.0,4.91,0.92,0.0,1.7,3.3,0
2.36,1.0,0.0,6.5,0.0,4.9,0.0,16.27,0.43,0.79,1.86,0.43,2.33,1.57,1.05,0.21,1.0,0.12,0.0,0.0,0.79,0.0,1.0,2.0,0
0.0,1.0,0.0,2.07,0.0,0.6,0.0,64.94,1.0,0.0,5.42,1.0,3.44,1.0,2.29,1.0,1.0,0.27,0.0,9.32,0.77,0.0,2.0,0.69,0
0.0,1.19,6.88,4.56,0.0,0.6,0.19,82.95,1.81,0.0,11.37,1.81,4.06,1.0,5.28,1.0,1.0,0.69,0.0,4.31,0.91,0.0,1.0,0.37,0
1.1,1.0,2.0,1.1,0.0,0.31,0.37,67.63,2.26,0.0,12.74,2.0,1.59,0.0,3.67,0.37,1.0,0.34,0.0,12.31,0.79,0.0,1.37,1.37,0
0.0,1.0,1.0,4.65,1.56,1.0,0.0,78.27,1.78,1.56,7.32,2.22,3.77,0.78,3.35,1.0,1.0,0.84,0.0,62.08,0.88,0.0,1.44,1.96,0
0.0,1.0,0.0,5.39,0.0,4.6,0.24,11.57,1.88,0.88,3.07,1.0,2.79,1.88,1.63,0.12,1.0,0.19,0.0,18.42,0.53,0.0,1.88,0.49,0
0.13,1.0,0.03,0.0,0.03,1.1,0.0,2.01,2.97,0.0,0.18,1.03,2.06,1.95,2.57,1.0,1.0,0.76,0.0,8.3,0.99,0.0,1.0,0.0,0
0.0,1.0,0.0,1.81,0.0,2.27,0.0,95.5,2.0,0.0,0.94,1.19,1.89,0.0,1.5,1.0,1.0,0.1,0.0,0.0,0.81,0.0,1.81,0.37,0
0.62,1.62,0.0,2.62,0.0,0.43,1.24,67.2,1.62,0.0,3.0,2.0,2.15,0.38,5.44,2.86,1.0,1.58,0.0,5.57,0.69,0.0,2.62,1.62,0
0.0,1.0,0.0,0.0,0.0,0.41,0.0,36.5,1.1,0.0,2.84,1.95,1.97,0.0,4.21,0.1,1.0,1.58,0.0,0.0,0.97,0.0,1.0,0.0,0
0.75,1.25,0.25,0.74,0.0,0.79,0.0,0.0,1.0,0.0,1.25,1.0,4.89,3.01,5.12,1.74,1.0,1.12,0.0,0.0,0.75,0.0,1.0,0.0,0
0.79,1.0,0.42,6.79,3.94,0.97,0.21,82.82,1.0,0.63,2.37,2.79,3.56,0.63,3.09,0.21,1.0,0.71,0.0,0.0,0.79,0.0,1.79,0.79,0
0.46,1.85,2.54,1.31,0.0,0.31,3.0,12.65,1.15,0.0,6.46,1.0,1.68,1.0,9.07,2.69,1.0,1.83,0.0,3.78,0.95,0.0,1.0,3.0,0
0.0,1.96,0.98,0.0,0.0,0.37,2.94,1.95,1.0,0.0,1.96,1.0,1.31,0.0,5.58,1.0,1.96,0.98,0.98,0.0,1.0,0.0,1.0,0.0,0
22.9,1.0,68.99,2.88,23.18,0.49,0.0,87.03,2.0,12.57,26.46,2.56,2.02,0.0,3.17,0.72,0.72,0.85,0.0,5654.64,0.79,0.0,1.84,0.28,0
0.0,1.0,3.58,3.44,0.14,0.37,0.0,73.24,1.0,0.0,13.03,1.14,2.5,0.0,6.41,1.14,1.0,0.98,0.0,41.57,0.57,0.0,3.58,0.0,1
0.0,1.0,0.82,6.45,0.0,2.4,0.0,13.66,1.0,0.0,1.36,1.18,7.14,6.54,1.45,1.0,1.82,0.99,0.82,0.18,0.91,0.0,1.0,0.55,0
6.99,1.5,3.5,2.0,10.49,0.43,0.0,76.98,2.0,1.5,66.93,4.0,4.14,0.0,4.42,1.0,1.0,0.54,0.0,1091.33,0.21,1.5,2.5,4.5,1
0.0,1.0,2.0,2.26,0.32,0.41,1.0,16.12,1.0,0.0,7.07,1.0,2.31,1.0,9.69,1.64,1.0,1.19,0.0,3.0,0.89,0.0,1.32,0.0,0
0.0,0.72,3.61,0.0,0.0,1.03,0.0,85.56,1.0,0.0,5.78,1.72,1.76,0.0,3.33,0.28,0.72,0.48,0.0,2.17,0.64,0.0,1.0,0.0,0
0.07,1.07,0.27,0.07,0.0,1.42,0.14,0.0,1.93,0.0,0.21,1.0,2.0,1.93,2.57,1.07,1.0,0.82,0.0,2.93,1.0,0.0,1.21,0.93,0
0.0,1.86,1.14,2.59,0.0,1.01,0.0,3.44,1.14,0.14,3.37,1.14,1.45,0.0,6.77,3.59,1.0,1.32,0.0,20.49,0.07,0.0,1.0,0.14,0
0.0,1.0,0.0,5.74,3.46,0.98,0.0,60.64,2.0,0.82,6.1,1.0,2.82,1.54,4.82,1.72,1.9,1.26,0.36,10.65,0.39,0.0,2.64,2.46,0
0.0,1.0,0.18,2.64,0.0,0.46,2.18,96.2,1.0,0.0,4.54,1.82,1.77,1.0,8.05,3.64,1.0,0.53,0.0,1.27,0.91,0.0,1.82,1.18,0
0.0,2.0,0.0,4.0,7.99,0.59,0.0,83.94,2.0,0.0,19.99,2.0,6.0,0.0,7.31,1.0,1.0,1.59,0.0,22.98,0.4,0.0,2.0,3.0,1
0.0,1.0,0.0,3.63,1.75,0.64,0.0,75.12,2.0,0.44,5.88,1.56,3.12,0.44,4.15,1.0,1.0,0.78,0.0,5.7,0.11,0.0,1.88,2.44,0
1.89,1.0,5.68,1.05,0.0,0.37,0.0,100.0,2.0,0.0,13.3,1.0,4.9,1.89,4.62,1.0,1.0,0.75,0.0,82.33,0.53,0.0,2.89,0.95,0
0.1,2.0,0.0,9.59,0.0,1.0,0.05,34.9,1.95,0.0,9.18,2.0,5.01,0.95,5.96,1.0,1.0,1.44,0.0,15.14,0.97,0.0,2.0,0.1,0
18.89,1.0,57.38,0.82,19.61,0.85,0.0,100.0,2.27,12.35,24.7,3.18,2.69,0.27,2.59,0.55,0.27,0.4,0.0,1082.28,1.0,0.0,1.27,0.27,0
1.83,1.91,3.65,4.91,0.0,0.47,0.0,82.31,1.91,2.74,4.83,2.0,3.31,0.91,7.26,1.0,1.0,1.2,0.0,0.09,0.04,0.0,1.91,0.26,0
0.0,1.0,5.63,3.0,0.0,0.87,0.0,94.29,1.0,0.0,3.09,1.23,10.99,0.0,2.68,1.0,0.23,0.55,0.0,83.34,0.61,0.0,2.54,0.23,0
0.0,1.0,0.0,0.12,0.0,0.35,0.97,49.85,1.0,0.0,4.88,1.03,2.41,1.0,5.56,4.88,1.97,0.98,0.97,0.0,1.0,0.0,1.06,0.0,0
1.95,1.0,0.0,6.25,0.0,4.38,0.0,26.29,0.35,1.0,1.35,0.7,1.74,1.3,0.3,0.0,1.0,0.0,0.0,0.0,1.0,0.0,1.0,1.3,0
2.34,1.0,0.0,2.66,0.0,0.69,0.0,76.66,2.33,2.0,3.33,2.0,9.21,1.0,3.1,1.0,1.0,0.69,0.0,0.67,0.56,0.0,2.0,1.33,0
0.0,1.02,0.02,1.02,0.0,0.14,1.04,58.49,1.0,0.0,10.91,1.98,7.54,0.98,10.4,1.0,1.0,1.5,0.0,79.38,0.99,0.0,1.0,1.0,0
0.0,1.0,1.36,1.0,0.0,0.2,2.05,61.45,1.0,0.0,14.87,1.0,6.61,2.05,10.22,3.0,1.0,0.81,0.0,40.25,1.0,0.0,1.0,1.36,0
0.0,1.56,0.0,0.56,0.0,0.27,0.89,68.87,2.0,0.0,8.34,1.44,2.48,1.11,7.77,1.67,1.0,0.91,0.0,13.32,0.43,0.0,1.89,1.44,0
0.01,1.01,0.0,0.04,0.0,1.4,0.03,1.31,2.99,0.0,3.0,1.01,5.46,2.96,2.06,2.03,1.0,0.62,0.0,4.07,0.5,0.0,2.01,0.03,0
1.17,1.0,0.0,0.0,0.0,0.44,0.83,72.03,1.42,0.0,2.67,2.0,1.68,0.0,2.37,0.0,1.0,0.19,0.0,12.52,0.72,0.0,3.0,0.83,0
0.0,1.0,0.18,2.06,0.0,2.87,0.0,0.0,3.47,0.82,1.0,1.0,1.42,1.42,0.18,0.18,1.18,0.18,0.18,0.0,1.0,0.0,1.0,0.0,0
0.45,1.55,0.0,2.45,0.0,0.43,0.55,70.04,1.55,0.0,11.43,2.0,5.76,0.91,5.02,1.0,1.0,0.76,0.0,40.68,0.51,0.0,1.45,0.0,0
0.43,1.0,0.57,4.01,0.0,1.09,0.0,38.91,1.0,0.0,2.72,1.57,6.12,2.28,3.68,1.0,1.0,0.64,0.0,145.91,0.81,0.0,1.0,0.57,0
4.21,1.0,13.63,5.87,4.37,1.34,0.0,16.19,1.16,2.75,7.18,1.49,0.42,0.0,8.84,8.38,2.51,1.77,1.68,241.24,1.0,0.0,2.68,0.84,0
0.0,1.0,0.36,3.57,0.0,1.26,0.0,47.13,1.72,0.0,2.07,1.0,3.69,1.93,2.39,1.0,1.0,0.53,0.0,0.64,0.68,0.0,2.0,0.36,0
0.0,1.0,0.66,1.67,0.0,0.55,0.0,73.64,1.0,0.0,9.28,1.0,7.35,0.34,5.63,1.66,1.0,1.09,0.0,7.96,1.0,0.0,1.0,0.0,0
0.84,1.84,2.6,2.0,0.0,0.34,4.2,77.56,1.0,0.0,7.88,1.16,5.5,1.16,8.53,1.0,1.0,1.62,0.0,0.32,0.11,0.0,1.0,1.0,0
1.76,1.0,0.35,2.6,0.35,0.94,0.0,54.04,1.35,0.0,3.11,2.0,4.17,0.65,4.01,1.0,1.0,1.28,0.0,117.78,0.5,0.0,1.65,0.65,0
0.85,1.0,1.0,4.0,0.29,0.45,3.41,91.2,1.15,0.29,8.67,2.0,2.86,0.15,4.6,0.15,1.0,0.55,0.0,111.7,0.49,0.0,3.56,0.85,0
0.0,1.0,0.88,1.68,0.0,0.85,0.44,0.0,1.56,0.0,4.51,1.0,0.84,0.44,5.24,1.0,1.0,0.44,0.0,9.18,0.81,0.0,2.68,0.0,0
1.43,1.0,0.29,1.57,0.0,0.87,0.0,68.58,1.71,0.0,5.7,1.29,9.96,0.0,2.09,1.0,1.0,0.27,0.0,136.86,0.64,0.0,1.71,0.29,0
0.0,1.0,0.0,1.47,0.37,0.47,0.0,86.02,2.0,0.0,2.37,1.0,1.28,0.0,2.58,1.74,1.0,0.5,0.0,0.0,0.79,0.0,1.37,0.37,0
0.0,1.0,0.48,3.29,0.0,0.21,4.81,71.14,3.0,0.0,14.76,1.24,6.25,3.05,13.01,3.05,1.0,1.62,0.0,1.91,0.92,0.0,1.24,1.0,0
0.34,1.17,0.0,10.66,0.0,1.02,1.66,23.56,1.83,0.0,6.16,1.0,9.15,8.66,6.33,5.99,1.0,0.13,0.0,0.84,0.94,0.0,1.0,1.17,0
0.0,1.0,1.0,0.54,0.46,0.44,0.0,76.81,1.54,0.0,2.46,1.46,2.08,0.93,3.67,2.0,1.0,0.64,0.0,1.07,0.73,0.0,2.61,1.07,0
0.0,1.0,0.0,1.12,0.0,0.58,0.0,77.49,2.06,0.0,4.69,1.94,3.52,0.06,3.56,1.06,1.0,0.51,0.0,0.0,0.06,0.0,1.06,1.94,0
0.0,1.0,0.13,2.81,0.0,0.36,4.68,95.23,1.06,0.06,4.51,1.06,0.07,0.0,12.51,11.3,1.0,0.01,0.0,9.48,0.97,0.0,1.0,1.94,0
6.26,1.0,1.61,2.14,0.81,1.59,0.0,74.89,1.19,0.58,14.61,2.0,5.24,0.81,4.33,1.61,1.0,0.63,0.0,8.83,0.62,0.0,1.39,0.78,0
0.0,1.98,1.97,5.9,0.0,1.06,0.98,59.97,1.02,0.0,0.14,1.02,2.48,0.0,2.24,1.02,1.0,0.77,0.0,1.72,0.02,0.0,1.0,0.0,0
0.0,1.18,0.0,0.82,0.0,2.76,0.0,14.02,1.0,0.82,1.35,1.0,0.68,0.18,1.41,1.0,1.0,0.16,0.0,0.0,1.0,0.0,1.0,0.82,0
0.0,1.0,0.08,1.15,0.0,1.42,0.0,76.9,1.0,0.0,0.96,1.0,3.46,1.04,1.84,1.08,1.12,0.1,0.04,1.92,0.52,0.0,1.0,0.0,0
0.0,1.0,0.74,1.85,0.74,0.57,0.0,32.11,1.74,0.0,5.32,1.63,1.89,0.0,2.28,0.37,1.0,0.44,0.0,0.37,0.82,0.0,1.37,1.0,0
0.0,1.0,0.0,0.07,0.04,0.56,0.0,0.77,1.01,0.01,2.05,1.99,1.29,0.01,1.4,0.01,1.0,0.39,0.0,0.13,0.99,0.0,1.02,1.02,0
0.0,1.0,0.37,2.44,0.0,1.84,0.0,86.08,2.0,0.19,2.23,1.19,1.56,0.0,1.8,1.0,1.0,0.04,0.0,27.65,0.91,0.0,1.0,1.81,0
0.0,1.0,0.0,0.84,0.0,0.15,0.84,64.64,1.0,0.0,9.89,1.84,6.43,0.84,9.7,1.47,1.0,1.26,0.0,68.2,1.0,0.0,1.0,1.0,0
0.56,1.0,2.12,4.2,0.0,0.88,0.56,45.34,1.0,0.0,3.68,1.0,3.6,1.12,7.36,4.96,1.88,1.38,0.88,1382.14,0.72,0.0,2.44,0.44,0
0.6,1.0,1.61,4.19,2.99,0.69,0.0,87.99,1.4,0.0,3.8,2.2,3.14,0.0,3.22,0.4,1.0,0.39,0.0,0.0,1.0,0.0,1.6,1.4,0
0.69,1.0,1.38,1.24,0.69,0.53,0.0,76.61,1.0,0.0,10.67,2.0,5.35,1.0,4.65,1.69,1.0,0.98,0.0,7.84,0.62,0.0,1.31,0.31,0
0.0,1.0,0.49,1.49,0.0,0.64,0.0,39.54,1.0,0.0,2.49,1.49,2.49,1.02,3.84,2.05,2.02,1.4,1.02,210.44,0.56,0.0,1.0,0.0,0
0.05,1.95,0.0,1.1,0.0,0.31,0.0,44.7,1.95,0.0,11.35,1.05,3.8,2.0,11.31,2.9,1.0,1.35,0.0,0.2,0.5,0.0,1.05,0.95,0
0.0,1.0,0.07,0.14,0.0,0.55,0.0,58.65,1.0,0.0,3.0,1.07,2.87,0.93,1.32,0.93,1.0,0.05,0.0,26.55,0.97,0.0,1.93,0.0,0
0.0,1.0,0.0,0.98,0.0,0.59,0.67,59.55,1.0,0.0,7.42,1.0,5.05,1.0,7.09,1.0,1.0,0.95,0.0,1.35,0.78,0.0,1.67,2.02,0
0.0,1.0,0.92,3.44,0.0,0.47,1.69,65.99,1.0,0.0,12.5,1.0,4.51,0.69,6.47,1.0,1.0,1.48,0.0,4.86,0.83,0.0,1.31,2.78,0
0.0,1.0,0.5,2.0,0.0,2.4,0.25,95.47,1.87,0.0,1.51,1.0,2.21,0.25,1.92,1.13,1.0,0.0,0.0,0.0,1.0,0.0,1.13,1.0,0
0.0,1.98,0.98,1.04,0.98,0.59,0.04,100.0,1.98,4.89,6.93,1.02,6.16,0.02,3.19,1.07,0.02,0.5,0.0,2.93,0.67,0.0,3.96,1.0,0
45.83,1.0,138.04,0.0,46.39,0.57,0.44,55.89,2.0,25.15,48.62,2.68,2.61,0.88,2.77,0.44,0.44,0.66,0.0,11303.1,0.86,0.0,3.12,0.56,0
6.65,1.0,0.0,0.1,0.0,0.45,0.0,67.27,1.05,0.0,2.35,1.95,3.7,0.95,3.77,0.95,1.0,0.72,0.0,0.1,0.96,0.0,2.05,0.15,0
5.98,1.0,17.45,2.01,4.99,0.54,0.0,84.97,2.0,2.0,3.99,2.0,2.39,0.5,3.16,0.5,1.0,0.69,0.0,0.0,0.5,0.0,1.5,0.0,0
0.0,1.7,0.0,3.4,5.61,0.34,1.19,73.85,2.3,0.0,16.12,1.7,5.4,0.9,7.32,2.49,1.6,1.59,0.3,17.03,0.43,0.0,2.3,3.3,0
0.0,1.0,0.27,4.67,0.0,0.74,0.0,69.89,1.53,0.0,8.4,1.0,4.17,0.73,3.8,1.0,1.0,0.68,0.0,19.81,0.51,0.0,2.0,1.73,0
0.0,1.66,0.66,2.67,0.0,1.42,0.0,13.45,2.33,0.0,2.99,1.34,2.84,0.34,3.13,1.0,1.0,1.14,0.0,1.01,0.83,0.0,1.34,0.34,0
0.68,1.34,2.64,4.0,0.0,0.59,0.0,74.95,1.0,0.0,9.91,1.0,3.42,0.68,5.58,1.0,1.0,0.97,0.0,32.68,0.56,0.0,2.98,0.68,0
0.0,1.0,0.0,0.0,0.0,0.65,0.57,31.16,1.87,0.0,6.23,1.0,2.38,1.43,6.56,1.0,1.0,1.0,0.0,1.13,0.81,0.0,1.57,1.7,0
0.0,0.92,0.0,7.36,0.0,1.03,6.44,64.42,2.76,0.0,12.88,0.92,4.86,1.84,16.11,5.52,0.92,0.69,0.0,10.12,0.61,0.0,1.92,0.92,0
0.0,1.0,0.08,1.84,0.08,0.32,3.68,51.74,2.92,0.0,6.76,1.08,3.89,2.76,7.08,5.6,2.84,1.57,0.92,2.76,0.51,0.0,2.92,3.68,0
0.0,1.0,3.99,1.99,0.0,0.28,1.99,63.75,1.01,0.01,12.0,1.01,3.65,1.99,8.31,1.99,1.0,0.0,0.0,0.95,1.0,0.0,1.99,1.0,0
4.22,1.0,1.01,3.78,1.17,0.7,0.94,63.8,1.06,2.0,2.06,1.06,7.48,2.83,4.31,0.94,1.0,0.42,0.0,105.7,0.38,0.0,1.06,0.0,0
0.0,1.13,0.0,1.13,1.0,0.27,0.0,74.65,2.13,0.0,10.27,1.0,5.12,0.27,5.41,2.13,1.0,0.27,0.0,2.62,0.51,0.0,1.87,1.13,0
1.42,1.0,1.15,4.24,0.58,1.87,0.0,53.54,1.0,0.42,10.33,1.58,3.85,1.0,3.21,1.15,1.0,0.45,0.0,5.76,0.81,0.0,1.42,0.42,0
0.0,1.0,1.33,1.33,2.34,0.41,0.0,81.67,1.0,0.67,2.33,2.0,3.2,0.33,3.18,0.0,1.0,0.81,0.0,256.71,0.53,0.0,1.0,0.0,0
0.0,1.0,0.23,2.31,0.23,2.2,0.0,93.59,2.77,0.0,0.92,1.23,2.91,0.77,2.48,1.77,1.0,0.29,0.0,0.0,0.92,0.0,2.0,0.77,0
0.33,1.0,0.66,0.67,0.33,0.14,1.34,94.34,1.0,0.0,17.0,1.33,4.04,1.0,7.07,1.33,1.0,1.29,0.0,8.0,0.72,0.0,1.0,2.67,0
0.0,1.0,0.0,9.57,0.0,0.6,7.96,93.5,1.87,0.0,8.48,1.0,6.39,6.22,17.27,17.18,1.13,0.13,0.13,0.87,0.42,0.0,1.87,0.87,0
0.16,1.0,0.96,6.88,0.04,1.55,0.04,2.52,1.0,0.08,2.0,1.0,0.32,0.12,9.77,9.63,2.92,1.94,1.92,4.56,0.98,0.0,2.92,0.96,0
0.0,1.0,2.63,2.08,1.08,0.25,0.54,83.05,2.08,0.0,18.34,1.0,5.31,0.0,6.79,1.46,1.0,1.02,0.0,118.31,0.82,0.0,2.08,1.08,1
0.0,1.13,0.38,3.62,0.0,1.06,0.13,50.28,1.13,0.0,2.13,2.0,4.87,1.0,2.72,1.0,1.0,0.55,0.0,43.5,1.0,0.0,2.75,0.13,0
0.0,1.0,0.79,4.21,0.0,3.26,0.0,26.22,1.0,1.48,7.6,2.26,2.18,0.74,2.42,1.0,0.74,0.14,0.0,0.0,1.0,0.0,1.0,0.0,0
0.0,1.0,0.0,1.48,0.0,0.26,2.0,87.8,1.16,0.0,15.44,1.0,3.08,1.32,8.0,2.12,1.48,1.45,0.16,5.88,0.79,0.0,1.16,3.52,0
0.75,1.0,1.0,3.25,0.0,0.36,3.75,80.46,1.0,0.0,9.0,1.75,2.81,0.5,5.54,1.76,1.0,0.56,0.0,99.91,0.47,0.0,3.5,1.0,0
0.35,1.35,0.35,3.93,0.35,3.47,0.0,24.54,2.35,0.65,4.8,1.0,2.7,1.65,2.67,0.35,1.0,0.51,0.0,14.12,0.67,0.0,2.0,1.04,0
0.0,0.06,0.0,0.0,0.0,153.45,0.13,1.22,0.06,0.0,0.13,0.13,0.19,0.13,0.42,0.32,0.06,0.0,0.0,0.06,0.03,0.0,2.0,0.94,0
0.0,1.0,0.0,5.55,0.0,0.39,2.77,45.61,1.0,0.08,13.94,1.3,4.89,2.77,11.89,2.77,1.0,0.0,0.0,29.58,0.45,0.0,3.77,1.0,0
0.0,1.0,1.75,4.39,1.75,0.66,0.0,76.31,3.0,0.0,9.65,1.0,2.83,0.25,3.68,1.0,1.0,0.55,0.0,0.88,0.56,0.0,1.88,0.88,0
0.0,1.0,1.71,1.29,0.0,0.19,2.57,63.15,1.14,0.0,16.86,1.0,7.22,2.57,11.9,3.57,1.0,0.67,0.0,3.43,1.0,0.0,1.29,2.0,0
0.93,1.0,2.78,0.36,0.0,0.27,0.0,83.51,2.07,0.0,2.78,3.78,10.03,0.29,2.36,0.29,0.07,0.66,0.0,117.84,0.54,0.0,3.78,0.0,0
0.0,1.48,2.38,2.57,0.0,0.99,0.48,78.67,1.0,0.0,4.29,1.0,3.44,1.48,4.42,1.48,1.0,0.61,0.0,5.72,0.76,0.0,3.0,1.43,0
0.0,1.0,0.72,1.66,0.72,2.0,0.0,36.16,1.28,0.28,2.45,1.72,2.5,2.0,2.09,1.45,1.0,0.31,0.0,5.54,0.86,0.0,1.28,0.0,0
0.0,1.0,0.0,0.34,0.0,1.05,0.0,85.47,1.0,0.0,2.17,1.17,0.34,0.17,2.29,1.83,1.0,0.19,0.0,0.83,1.0,0.0,2.0,1.0,0
0.0,1.0,0.28,7.89,0.28,0.51,6.45,85.86,1.72,0.0,8.43,1.28,5.49,5.02,14.57,14.19,1.0,0.1,0.0,2.98,0.52,0.0,1.72,0.72,0
0.0,1.0,1.46,4.27,0.0,0.66,0.0,79.08,1.0,0.0,17.26,2.09,5.3,0.46,4.02,1.0,1.0,0.47,0.0,155.29,0.7,0.0,2.09,5.36,1
0.0,1.0,0.0,5.93,2.93,1.42,0.0,80.98,2.27,0.73,5.12,1.0,2.67,1.0,4.03,1.27,1.0,0.8,0.0,9.51,0.45,0.0,2.73,2.46,0
0.0,1.0,0.0,1.14,0.0,0.5,0.0,73.34,2.04,0.0,4.82,1.96,3.57,0.14,3.68,1.11,1.0,0.53,0.0,0.0,0.04,0.0,1.0,1.93,0
0.0,1.0,0.34,5.65,0.0,0.32,5.66,59.92,2.33,0.0,11.31,1.0,4.35,2.0,14.14,6.34,1.0,0.75,0.0,9.66,0.67,0.0,2.0,1.0,0
0.0,1.0,1.11,2.45,1.66,0.66,1.11,61.18,2.11,1.55,6.42,2.0,1.8,0.55,3.77,0.55,1.0,0.2,0.0,0.0,1.0,0.0,1.55,0.55,0
0.0,1.0,1.56,3.07,0.0,0.73,0.0,43.88,1.56,0.56,8.49,2.0,3.35,0.44,4.34,1.0,1.0,0.28,0.0,195.54,0.57,0.0,1.0,1.0,0
0.0,1.0,2.82,4.0,0.79,0.66,0.0,76.21,1.39,0.79,8.89,1.39,2.58,0.39,5.37,1.0,1.0,0.98,0.0,28.52,0.7,0.0,2.82,0.0,0
0.0,1.0,0.0,3.39,0.0,1.03,0.0,80.57,2.19,0.0,3.22,1.0,0.78,0.78,6.42,6.42,1.0,0.0,0.0,0.0,1.0,0.0,2.61,1.61,0
0.0,1.0,7.52,1.1,0.0,0.17,0.9,77.39,1.0,0.0,25.38,2.1,4.37,0.0,8.03,1.0,0.9,1.11,0.0,4.52,0.77,0.0,3.71,0.0,1
0.54,1.54,2.15,1.0,0.0,0.26,2.0,33.3,1.46,0.0,10.86,1.0,4.35,0.54,9.34,1.54,1.0,1.35,0.0,1.08,1.0,0.0,2.61,0.92,0
0.0,1.0,2.26,1.13,0.43,0.7,1.13,36.19,1.43,0.0,7.65,1.0,3.81,2.87,6.88,3.3,3.17,0.87,0.87,0.0,1.0,0.0,1.57,0.57,0
4.04,1.0,0.0,3.24,0.24,2.8,0.24,20.36,0.72,0.0,5.27,0.48,2.24,1.0,2.37,1.0,1.0,0.18,0.0,91.99,0.9,0.0,1.48,0.72,0
0.0,1.0,0.76,1.14,0.0,1.06,0.38,20.86,2.24,0.0,4.9,1.0,4.3,2.24,3.77,1.62,1.0,0.37,0.0,2.86,0.5,0.0,1.62,0.76,0
0.0,1.0,0.49,6.04,0.0,5.72,0.0,18.4,0.74,1.51,2.94,0.49,2.61,2.26,1.45,0.75,1.0,0.1,0.0,0.49,0.92,0.0,1.0,0.25,0
0.0,1.0,1.68,1.0,0.0,0.45,0.68,55.59,3.0,0.0,10.79,1.68,2.76,0.0,3.43,0.32,1.0,0.42,0.0,5.43,0.77,0.0,2.0,1.0,0
0.0,1.0,0.67,0.0,0.0,0.99,0.0,59.4,1.67,0.0,4.33,1.66,2.35,1.0,2.46,1.67,1.0,0.54,0.0,7.96,0.84,0.0,2.0,2.34,0
0.0,1.0,0.0,5.82,0.0,2.34,0.0,81.47,1.4,0.4,0.8,1.0,7.28,1.0,1.15,0.6,1.0,0.26,0.0,35.81,0.87,0.0,1.4,0.0,0
0.0,1.0,0.0,0.0,0.0,0.31,0.61,46.38,1.0,0.0,7.87,1.39,2.41,0.61,7.58,0.61,1.0,1.38,0.0,1.22,0.8,0.0,1.61,1.83,0
0.0,1.0,2.1,2.9,0.0,0.43,0.0,58.25,1.0,0.0,5.83,2.0,2.85,0.0,4.42,0.0,1.0,0.49,0.0,0.83,0.86,0.0,2.45,0.0,0
0.0,1.21,1.07,2.64,0.0,1.79,0.0,95.73,2.0,0.0,2.49,1.0,2.82,0.43,2.48,1.0,1.0,0.27,0.0,9.82,0.91,0.0,1.21,0.43,0
4.72,0.94,0.0,2.83,0.0,12.48,0.0,0.0,0.0,0.0,0.0,0.0,0.94,0.94,0.94,0.94,0.94,0.0,0.0,0.0,0.94,0.0,1.06,0.06,0
2.0,1.0,0.0,0.0,0.0,4.4,0.0,0.08,0.0,4.99,0.0,0.0,2.0,1.0,1.0,1.0,1.0,0.0,0.0,0.0,1.0,0.0,1.0,0.0,0
2.17,1.0,0.0,0.85,0.0,1.29,0.0,92.26,1.08,1.15,5.62,2.92,3.87,0.0,1.9,0.92,0.08,0.35,0.0,20.61,0.34,0.0,2.08,2.15,0
0.0,1.86,0.28,3.44,6.87,0.33,0.0,82.73,2.14,0.0,18.87,2.0,5.35,0.0,6.68,0.86,1.0,1.42,0.0,20.03,0.44,0.0,1.86,2.72,0
2.27,1.0,0.0,4.58,1.0,0.6,0.42,71.23,1.58,0.85,4.88,1.0,6.19,1.85,5.13,1.0,1.0,0.83,0.0,50.29,0.46,0.0,1.58,1.15,0
0.0,1.0,0.0,2.97,0.0,0.37,4.93,99.67,1.01,0.0,4.01,1.01,0.05,0.0,12.87,11.85,1.0,0.01,0.0,0.0,0.99,0.0,1.0,2.0,0
0.0,1.0,0.36,1.07,0.0,0.36,0.0,17.85,1.36,1.29,4.21,2.0,2.45,0.36,0.82,0.36,1.0,0.18,0.0,0.64,0.68,0.0,2.36,1.36,0
0.2,1.0,0.4,1.6,0.2,0.71,0.0,68.2,1.0,0.0,5.4,2.0,9.59,1.8,2.88,1.2,1.0,0.56,0.0,2.0,0.93,0.0,1.8,0.0,0
0.4,1.0,0.79,0.4,0.0,0.22,1.21,90.89,1.6,0.0,8.17,1.6,1.57,0.0,3.22,0.0,1.0,0.65,0.0,18.12,0.47,0.0,2.21,1.6,0
1.39,1.39,2.17,4.39,0.0,0.39,2.44,89.7,1.39,1.17,8.05,2.0,3.07,0.39,5.95,0.39,1.0,0.78,0.0,79.8,0.24,0.0,3.22,0.61,0
4.34,1.0,0.0,2.87,0.0,3.36,0.0,13.15,0.26,0.0,0.13,0.13,1.04,0.87,1.09,1.0,1.0,0.0,0.0,0.0,1.0,0.0,1.0,0.0,0
2.6,1.24,3.37,1.47,0.71,0.19,0.0,98.34,1.76,2.84,12.41,1.47,2.5,0.0,4.74,1.76,1.0,0.87,0.0,175.25,0.47,0.24,4.0,3.42,1
4.1,1.0,0.0,0.0,0.0,2.74,0.0,27.78,0.42,2.9,0.84,0.84,2.75,1.0,2.12,1.0,1.0,0.31,0.0,0.0,1.0,0.0,1.42,0.0,0
0.0,1.0,0.45,1.34,0.0,0.67,0.15,45.13,1.0,0.85,0.85,4.41,2.67,0.0,1.97,0.15,1.0,0.2,0.0,0.0,1.0,0.0,1.15,0.85,0
0.0,1.0,0.05,3.0,0.0,1.15,0.0,75.19,1.0,0.99,2.02,1.99,1.28,0.0,0.27,0.01,0.99,0.0,0.0,0.83,1.0,0.0,1.02,0.0,0
0.0,0.78,1.56,3.89,0.0,1.02,2.33,80.55,1.0,0.0,4.67,1.0,3.22,0.0,5.11,0.22,0.78,0.26,0.0,0.0,1.0,0.0,1.78,0.78,0
0.0,1.0,0.0,9.12,0.0,0.31,1.3,82.81,1.57,0.0,16.59,1.0,4.57,3.04,9.1,7.64,1.0,0.0,0.0,0.0,0.89,0.0,1.43,1.57,0
3.0,1.0,3.5,2.5,0.5,0.26,1.0,85.0,2.0,0.0,22.0,2.0,6.07,1.0,8.46,1.0,1.0,1.34,0.0,349.54,0.67,0.0,3.0,2.5,1
0.69,1.0,1.37,0.34,0.34,0.29,1.31,42.64,1.34,0.0,6.45,2.0,3.43,1.66,6.44,3.97,1.0,0.5,0.0,5.11,0.67,0.0,1.66,0.34,0
0.0,1.0,3.07,0.18,0.0,0.19,0.18,33.95,1.82,0.82,14.33,2.0,1.67,0.0,5.85,1.0,1.0,0.38,0.0,123.23,0.54,0.0,1.54,0.82,0
0.0,1.0,0.0,1.29,0.0,2.09,0.0,9.85,1.86,0.0,0.86,1.0,3.71,0.14,1.68,1.0,1.0,0.06,0.0,0.0,1.0,0.0,2.71,0.86,0
3.75,1.0,4.81,1.63,0.0,0.22,0.69,76.54,1.0,0.0,20.75,2.0,6.06,1.31,8.43,1.0,1.0,1.41,0.0,217.59,0.7,0.0,2.69,1.37,1
0.0,1.0,0.75,0.98,0.75,0.99,0.0,55.41,1.0,0.0,2.26,1.75,2.57,1.75,2.43,1.75,1.0,0.32,0.0,0.0,1.0,0.0,1.49,0.0,0
19.74,1.0,0.0,7.75,0.0,5.48,0.0,18.3,2.0,2.11,9.16,1.7,2.33,0.0,0.99,0.0,1.0,0.0,0.0,2.82,0.6,0.0,2.41,2.82,0
0.0,1.0,0.0,0.26,0.0,0.63,0.0,55.32,2.82,0.0,2.74,1.91,3.96,1.0,3.69,1.0,1.0,0.68,0.0,7.3,0.7,0.0,2.82,0.0,0
0.39,1.78,1.22,4.89,0.0,0.39,0.39,66.16,2.22,0.0,14.61,2.0,2.56,0.39,5.6,0.39,1.0,0.92,0.0,14.28,0.62,0.0,1.0,2.39,0
0.8,1.8,3.41,1.4,0.0,0.36,2.0,2.77,1.0,0.0,3.4,1.0,2.0,0.8,8.9,1.8,1.0,1.56,0.0,1.6,1.0,0.0,3.41,0.0,0
0.47,1.0,0.0,2.35,0.47,0.74,0.47,32.0,2.47,0.0,6.59,1.0,3.94,1.59,5.42,2.06,1.0,0.85,0.0,0.94,0.76,0.0,1.0,0.0,0
18.32,1.0,2.83,3.05,3.44,0.45,0.61,89.09,2.0,1.22,8.88,2.0,5.49,0.0,3.99,0.39,0.39,0.85,0.0,732.0,0.61,0.0,2.61,1.22,0
0.0,1.0,0.0,1.51,0.0,1.02,0.74,44.3,2.0,0.0,2.23,1.74,3.4,2.23,5.83,3.97,3.23,0.74,0.74,0.0,0.26,0.0,1.0,1.26,0
0.8,1.0,1.11,0.16,0.0,0.96,0.16,13.52,2.68,0.0,3.5,1.16,2.63,1.84,3.73,1.0,1.0,0.94,0.0,50.11,0.96,0.0,1.32,0.32,0
1.09,1.78,3.09,5.69,0.0,0.38,1.0,66.26,1.0,0.0,25.12,1.22,5.15,1.0,11.61,1.0,1.0,1.5,0.0,86.94,0.55,0.0,1.44,2.0,1
0.0,1.0,6.52,3.26,0.0,0.5,0.74,79.12,1.63,0.0,9.48,1.63,3.79,1.37,5.44,1.37,1.0,0.34,0.0,0.0,1.0,0.0,1.37,0.37,0
0.33,1.33,1.67,0.65,0.0,0.24,1.63,75.0,2.35,0.0,11.02,1.67,2.09,0.33,4.99,0.33,1.0,0.87,0.0,1.35,0.45,0.0,1.0,1.0,0
0.76,1.25,3.02,0.0,0.75,0.34,1.25,78.28,1.75,0.0,16.55,1.25,2.98,0.0,5.8,1.0,0.75,0.77,0.0,22.93,0.63,0.0,1.0,0.25,0
0.0,1.0,0.75,3.24,0.0,1.59,0.75,62.69,2.63,0.0,1.12,1.0,2.68,1.12,4.11,3.49,1.0,0.31,0.0,0.0,0.63,0.0,2.63,0.63,0
0.0,1.0,0.0,2.6,1.0,0.88,0.0,40.26,2.0,0.0,2.65,1.0,2.21,1.4,4.51,3.7,2.75,1.35,0.7,0.0,1.0,0.0,1.65,0.65,0
0.0,1.0,0.0,5.58,0.0,3.2,0.0,0.0,1.26,0.58,0.58,0.42,3.11,2.26,2.12,1.68,1.0,0.0,0.0,98.22,0.78,0.0,1.0,0.0,0
0.0,1.87,2.61,1.0,0.0,0.2,1.0,87.0,1.87,0.0,10.91,1.87,3.74,1.0,6.87,1.0,1.0,1.33,0.0,302.04,0.94,0.0,1.13,0.87,0
6.9,1.0,0.05,0.0,0.05,0.45,0.0,66.69,1.05,0.0,2.25,2.0,3.81,0.95,3.74,1.0,1.0,0.74,0.0,16.35,0.98,0.0,1.95,0.0,0
0.2,1.2,0.2,6.78,0.0,6.03,1.01,15.21,0.2,1.59,1.82,0.2,3.1,2.59,2.72,1.0,1.0,0.37,0.0,0.0,0.8,0.0,1.0,0.2,0
0.0,1.0,0.0,1.12,0.0,0.84,2.25,28.06,2.56,0.0,3.93,1.0,3.12,2.56,4.99,3.81,2.12,1.23,0.56,3.0,0.72,0.0,2.12,2.68,0
0.97,1.0,0.97,0.13,0.0,0.33,0.0,61.26,1.06,0.0,5.97,1.0,5.38,4.0,3.23,3.09,1.0,0.0,0.0,7.75,0.52,0.0,1.0,1.0,0
0.0,1.0,2.92,0.58,4.96,0.35,0.0,67.93,2.0,6.71,10.75,2.29,3.37,0.0,4.27,1.42,1.0,1.55,0.0,126.1,0.87,0.0,1.88,1.46,0
0.2,1.0,0.0,9.58,0.0,1.83,7.17,79.65,1.59,0.2,7.17,0.8,5.78,5.78,15.13,15.13,1.0,0.41,0.0,0.8,0.47,0.0,2.2,1.0,0
1.47,1.0,0.0,1.47,0.37,0.63,0.37,56.31,1.0,1.37,1.37,3.53,4.0,1.1,2.75,0.37,1.0,0.16,0.0,41.18,0.78,0.0,1.0,0.63,0
0.0,1.0,0.19,1.02,0.33,2.84,0.0,1.78,3.96,1.43,1.27,1.04,0.15,0.0,0.06,0.0,1.0,0.02,0.0,3.29,0.99,0.0,1.06,0.1,0
0.0,1.52,0.0,1.03,1.0,0.82,0.0,34.09,2.52,0.0,7.17,1.0,4.0,2.97,7.24,3.97,3.42,2.0,0.97,6.71,0.78,0.0,1.0,1.03,0
0.7,1.0,2.09,1.22,0.0,0.26,0.0,84.74,1.7,0.0,3.0,3.39,3.14,0.0,2.83,0.3,0.3,0.65,0.0,37.19,0.85,0.0,1.0,0.91,0
8.3,2.0,8.3,2.51,2.26,0.31,0.0,80.98,1.25,9.06,37.42,2.51,4.48,0.49,6.77,1.49,1.0,1.11,0.0,554.02,0.39,0.75,3.26,6.28,1
0.21,1.0,3.79,0.42,0.0,0.23,0.21,84.17,1.79,0.0,5.0,1.0,3.51,0.42,4.07,1.0,1.0,0.18,0.0,512.35,0.9,0.0,1.21,1.58,0
0.12,1.0,2.12,0.0,0.0,0.25,0.88,10.53,1.12,0.0,8.29,1.35,1.91,0.88,9.56,0.88,0.88,0.94,0.0,8.92,1.0,0.0,1.0,0.0,0
1.84,1.0,0.0,9.04,0.0,4.54,0.0,0.0,0.84,1.0,3.36,0.84,1.0,1.0,0.42,0.0,1.0,0.32,0.0,0.0,1.0,0.0,2.16,1.0,0
5.74,1.0,0.0,0.36,0.0,0.47,0.54,72.14,1.18,0.0,2.9,1.82,3.46,1.18,4.63,2.44,1.0,0.6,0.0,0.0,1.0,0.0,2.0,0.18,0
0.0,1.0,0.0,3.21,0.0,0.9,1.6,70.62,1.93,0.0,8.01,1.0,3.37,1.6,7.72,2.53,1.0,0.0,0.0,17.1,0.45,0.0,2.6,0.53,0
0.0,1.0,1.7,0.0,5.97,0.25,0.0,78.13,1.15,1.7,2.18,2.0,3.42,1.15,4.03,0.59,1.15,0.97,0.0,0.3,0.38,0.0,1.15,0.0,0
0.69,0.69,0.0,3.43,0.69,107.89,0.69,46.72,2.06,0.0,9.62,0.69,3.43,0.0,5.59,0.69,0.69,1.24,0.0,1.37,0.34,0.0,1.0,0.63,0
0.4,1.0,1.21,3.4,0.8,0.61,0.0,69.65,2.0,0.0,5.21,1.0,2.03,0.4,4.36,2.6,1.0,0.96,0.0,17.51,0.9,0.0,2.2,1.0,0
0.0,1.0,0.0,4.48,0.0,2.94,0.0,14.65,0.51,0.75,3.02,0.51,2.22,0.75,1.77,0.51,1.0,0.46,0.0,153.59,0.72,0.0,1.0,0.0,0
0.0,1.0,0.44,0.56,0.0,0.94,0.0,83.09,1.0,0.0,6.29,1.44,2.58,0.56,2.08,0.56,1.0,0.18,0.0,1.12,0.72,0.0,1.88,0.0,0
2.7,1.0,3.21,2.39,0.0,0.39,0.7,68.64,1.3,0.0,14.0,1.7,2.86,0.61,5.01,1.0,1.0,0.39,0.0,47.27,0.85,0.0,2.3,1.7,0
0.0,1.0,0.0,0.0,0.0,0.63,0.0,49.43,1.13,0.0,2.6,1.0,2.88,1.27,1.39,1.27,1.0,0.0,0.0,0.0,1.0,0.0,1.87,0.0,0
0.0,1.0,0.0,1.0,0.0,0.24,0.92,59.77,1.0,0.0,10.2,1.92,7.3,1.0,9.84,1.0,1.0,1.38,0.0,74.64,0.96,0.0,1.0,0.92,0
1.04,1.52,2.07,6.44,0.0,0.37,3.37,76.74,2.48,1.56,9.33,1.52,4.26,1.48,12.38,3.41,1.0,1.0,0.0,5.3,0.32,0.0,2.0,0.48,0
0.0,1.0,0.0,1.01,0.0,0.34,2.34,46.14,1.34,0.0,2.67,1.66,2.33,1.33,7.27,3.99,1.0,0.57,0.0,0.66,0.67,0.0,2.0,0.0,0
0.0,1.0,0.78,2.56,0.0,1.03,0.0,60.88,2.22,0.0,0.78,1.78,5.65,0.78,2.19,1.22,1.0,0.39,0.0,0.0,1.0,0.0,3.0,1.78,0
5.47,1.0,12.31,0.0,2.74,0.39,0.32,64.31,2.0,1.37,2.05,1.68,2.18,0.63,2.69,0.32,1.0,0.45,0.0,0.32,0.32,0.0,2.0,0.0,0
1.89,1.0,0.0,0.05,0.0,4.24,0.0,4.3,0.05,4.73,0.05,0.05,2.08,1.0,1.04,1.0,1.0,0.0,0.0,0.11,0.97,0.0,1.0,0.0,0
0.32,1.64,0.68,5.57,0.0,1.23,0.32,76.28,1.0,0.0,4.5,2.0,20.34,0.32,3.0,1.0,1.0,0.54,0.0,3.21,0.79,0.0,1.0,1.64,0
23.46,3.35,0.22,0.0,1.0,0.21,0.0,85.18,1.78,0.0,9.26,2.0,3.93,1.22,4.48,1.22,1.0,2.06,0.0,14.07,0.61,0.0,1.78,1.56,0
0.0,0.42,0.85,0.42,0.0,5.62,1.27,24.1,0.42,0.0,8.03,0.42,3.56,1.27,5.38,1.27,0.42,0.33,0.0,1.69,0.42,0.0,1.0,0.85,0
0.0,1.0,0.0,5.28,0.0,3.3,0.29,13.63,0.14,0.86,3.44,0.14,2.55,1.0,1.81,0.14,1.0,0.22,0.0,145.76,0.64,0.0,1.0,0.57,0
0.0,0.85,0.0,3.39,0.0,53.18,0.0,63.52,0.85,0.0,2.54,1.69,2.75,0.0,2.92,0.85,0.85,0.81,0.0,0.85,0.42,0.0,1.0,2.85,0
0.0,1.0,0.0,7.72,0.0,5.65,0.56,0.0,0.56,1.44,1.96,0.56,2.72,2.72,3.8,3.8,1.84,0.84,0.84,0.0,0.86,0.0,1.0,0.0,0
0.0,1.0,0.21,2.38,0.21,0.33,3.97,89.72,1.0,0.0,4.62,1.21,0.34,0.0,11.02,9.94,1.0,0.07,0.0,1.64,1.0,0.0,1.0,1.59,0
0.0,1.0,0.0,0.71,0.0,0.27,1.06,90.32,2.0,0.0,6.35,1.0,1.74,0.71,7.06,4.48,1.0,0.0,0.0,5.81,0.68,0.0,2.0,1.65,0
0.71,1.0,0.59,2.06,0.29,0.68,0.29,14.74,1.0,0.0,1.59,1.0,5.26,3.12,5.53,1.59,1.0,1.18,0.0,0.88,0.9,0.0,1.29,0.0,0
0.0,1.0,1.36,3.71,0.0,0.66,0.0,24.43,1.0,0.0,2.89,1.64,3.0,1.36,4.23,2.36,3.04,1.87,0.68,8.36,0.84,0.0,1.32,0.64,0
1.12,1.0,0.0,1.84,0.28,0.31,1.0,59.12,1.0,0.56,8.49,1.72,7.68,1.56,8.83,1.0,1.0,1.2,0.0,89.65,0.83,0.0,1.0,0.72,0
2.02,1.0,0.65,5.39,0.0,4.19,0.0,8.15,0.65,1.0,4.59,0.65,1.71,1.35,1.96,0.33,1.0,0.07,0.0,48.6,0.84,0.0,1.0,1.67,0
0.0,1.0,1.02,2.26,1.26,0.57,0.26,82.3,2.26,0.0,10.1,1.0,2.85,0.0,3.94,1.74,1.0,0.17,0.0,53.27,0.91,0.0,1.51,1.26,0
0.0,1.0,0.06,3.23,0.0,2.16,0.0,98.16,1.94,0.0,0.23,1.06,1.93,0.06,1.12,1.0,1.0,0.02,0.0,14.68,0.98,0.0,1.0,1.94,0
0.0,1.0,0.0,7.79,0.84,0.41,5.54,70.84,2.79,0.21,12.54,1.0,4.72,1.79,14.84,4.95,1.0,0.82,0.0,11.42,0.58,0.0,2.21,1.42,0
0.0,1.0,0.98,2.95,0.0,1.52,0.0,74.72,1.02,0.0,0.15,2.0,28.18,0.0,1.55,1.02,1.0,0.28,0.0,1.76,1.0,0.0,1.0,0.98,0
0.46,1.0,2.03,0.08,0.08,0.28,1.0,1.54,1.02,0.03,9.05,1.02,1.84,0.98,10.4,0.98,0.98,0.99,0.0,21.4,0.99,0.0,1.03,0.03,0
0.0,1.0,3.77,3.77,0.0,0.44,0.0,72.59,1.11,0.0,13.2,1.0,2.6,0.11,6.66,1.0,1.0,1.06,0.0,44.31,0.53,0.0,3.83,0.0,1
0.05,1.0,0.0,3.79,0.0,0.62,0.0,80.35,2.0,0.0,2.9,2.0,1.82,0.0,3.22,0.95,1.0,0.91,0.0,12.08,0.78,0.0,1.16,0.1,0
0.3,1.15,1.45,6.7,0.0,0.75,0.0,88.95,1.15,0.45,26.26,2.85,7.59,0.15,5.05,1.0,1.0,0.91,0.0,242.31,0.38,0.0,2.85,7.65,1
10.57,1.0,1.76,2.76,2.76,0.5,0.25,93.27,2.0,0.51,16.48,2.75,5.41,0.75,4.22,0.75,0.75,0.68,0.0,370.11,0.45,0.0,2.25,4.99,0
0.42,1.0,0.84,2.27,0.58,0.32,0.0,79.38,1.58,0.42,8.31,1.42,5.04,0.42,4.82,1.58,1.0,0.62,0.0,36.04,0.5,0.0,2.42,1.0,0
0.93,1.93,0.0,2.86,0.0,0.37,1.86,93.05,1.93,0.0,2.93,1.93,2.23,0.14,6.33,4.0,1.14,1.88,0.14,11.36,0.5,0.0,2.86,1.86,0
0.0,1.0,1.0,7.0,0.0,2.29,0.0,0.0,1.0,0.0,1.42,1.0,4.64,4.64,4.78,4.78,2.42,1.42,1.42,0.0,1.0,0.0,1.84,0.42,0
0.52,1.0,1.9,4.48,0.1,0.38,2.69,75.52,1.1,0.0,6.1,1.1,4.18,0.0,6.17,0.1,1.0,0.4,0.0,34.22,0.95,0.0,1.9,0.9,0
0.0,0.64,0.0,0.0,0.0,11.92,0.0,36.41,0.64,0.0,1.92,0.64,1.82,0.64,0.73,0.64,0.64,0.0,0.0,0.0,0.64,0.0,2.0,0.0,0
1.42,1.71,0.29,3.12,0.0,0.74,0.0,72.46,1.0,0.0,5.5,1.0,5.24,1.42,4.34,1.29,1.0,0.96,0.0,7.04,0.76,0.0,1.0,1.42,0
0.38,1.75,0.0,6.63,0.0,0.83,1.62,60.92,1.62,0.0,6.52,1.38,2.94,2.25,7.31,5.37,2.87,1.06,0.62,3.76,0.75,0.0,1.62,1.75,0
1.0,1.0,0.0,0.96,0.0,0.62,0.0,18.48,1.0,0.0,6.42,1.32,6.09,3.36,4.5,1.0,1.0,0.78,0.0,1.27,0.87,0.0,1.32,0.0,0
0.0,1.33,1.65,0.33,0.0,0.96,0.33,28.28,2.0,0.0,4.6,1.33,2.63,1.67,4.04,2.35,1.0,0.44,0.0,112.48,1.0,0.0,1.0,0.33,0
3.56,1.0,3.64,1.0,0.0,0.33,0.52,75.89,1.48,0.0,15.29,1.52,4.27,0.52,6.44,1.0,1.0,1.13,0.0,256.04,0.63,0.0,2.52,1.04,0
0.0,1.0,0.0,6.69,0.0,0.83,5.47,80.4,2.0,0.0,6.65,1.0,4.84,4.65,13.51,12.34,1.0,0.29,0.0,0.61,0.2,0.0,1.61,0.61,0
0.69,1.0,0.0,3.08,0.0,4.64,0.0,21.68,0.31,0.69,1.83,0.31,1.52,0.69,1.48,0.92,1.0,1.66,0.0,36.03,1.0,0.0,2.39,0.69,0
0.0,1.0,2.0,3.83,0.0,0.35,2.3,63.32,1.23,0.23,7.4,1.23,3.43,0.0,6.06,0.23,1.0,0.31,0.0,34.8,0.88,0.0,1.77,1.0,0
0.0,1.0,0.0,2.97,0.0,0.33,2.97,99.58,2.0,0.0,3.96,1.0,1.02,0.0,8.72,1.98,1.0,1.7,0.0,0.0,1.0,0.0,1.99,0.0,0
0.0,1.0,5.93,1.0,0.0,0.87,0.74,55.63,1.77,0.26,18.8,1.74,3.15,0.0,6.08,0.74,1.0,0.87,0.0,3.71,0.81,0.0,3.23,0.0,0
0.0,1.0,2.0,6.42,0.71,0.61,1.58,57.22,1.0,0.0,3.87,1.0,3.69,0.71,7.5,2.13,1.0,1.23,0.0,2.13,0.76,0.0,2.0,0.29,0
0.7,1.0,1.35,2.0,0.35,0.2,0.35,77.97,1.0,0.0,14.66,1.35,2.15,0.0,5.66,0.65,1.0,0.97,0.0,294.13,0.46,0.7,2.05,1.41,1
0.46,1.0,0.85,7.15,0.0,1.62,0.0,76.18,0.85,0.15,25.55,2.54,7.37,0.31,3.94,0.85,1.0,0.73,0.0,241.24,0.53,0.0,2.69,7.93,1
0.56,1.28,0.0,7.75,0.0,2.91,0.28,91.55,1.72,0.72,10.17,1.28,3.81,0.72,3.37,0.28,1.0,0.48,0.0,120.83,0.61,0.0,2.0,0.56,0
0.52,1.52,0.52,2.48,0.0,0.43,2.6,77.4,1.48,0.0,6.12,1.48,3.43,0.52,6.49,1.0,1.0,1.1,0.0,24.98,0.19,0.0,2.44,1.48,0
0.0,0.55,0.0,3.27,0.0,14.9,0.0,43.65,0.55,0.0,5.46,0.55,2.48,0.55,2.43,0.55,0.55,0.42,0.0,14.73,0.18,0.0,2.0,1.09,0
0.84,1.0,0.0,0.49,0.0,0.66,0.0,13.18,1.16,0.0,1.33,1.16,5.56,3.34,4.29,1.0,1.0,0.89,0.0,8.56,0.9,0.0,1.49,0.33,0
0.0,0.84,0.84,0.0,0.0,27.3,0.0,0.0,1.68,0.0,1.68,0.84,1.68,1.68,2.52,2.52,0.84,0.0,0.0,0.0,0.84,0.0,1.16,0.16,0
0.0,1.0,0.83,0.83,0.0,1.79,0.0,55.08,1.83,0.33,3.34,1.17,1.83,1.0,1.83,1.83,1.0,0.5,0.0,3.34,1.0,0.0,1.83,2.5,0
0.0,1.0,0.0,15.11,0.0,0.3,2.72,94.96,1.28,0.0,25.15,1.28,5.32,5.04,11.61,10.8,1.0,0.09,0.0,8.41,0.63,0.0,2.28,1.28,1
1.6,1.53,4.8,0.0,0.0,0.11,1.07,46.9,1.0,0.93,20.39,2.0,2.76,0.0,3.97,0.53,0.47,0.83,0.0,45.77,0.77,0.0,1.47,1.0,0
0.8,1.0,0.0,6.18,3.98,0.92,0.41,92.04,1.0,0.0,3.2,2.8,2.97,0.2,3.86,0.82,1.0,0.6,0.0,0.0,1.0,0.0,2.0,1.0,0
0.0,1.0,1.75,0.0,6.12,0.39,0.0,85.13,1.0,1.75,1.13,1.87,3.15,0.87,2.17,0.25,1.0,0.78,0.0,0.13,0.42,0.0,1.13,0.13,0
0.0,1.0,0.0,1.0,0.0,2.89,0.0,0.0,4.0,1.0,1.0,1.0,0.0,0.0,0.0,0.0,1.0,0.0,0.0,0.0,1.0,0.0,1.0,0.0,0
0.0,1.0,1.0,1.33,0.0,0.19,2.0,81.01,1.0,0.0,5.33,1.0,3.34,0.67,7.59,1.67,1.0,0.98,0.0,123.64,0.5,0.0,1.0,1.33,0
0.0,2.6,1.0,3.0,0.0,0.64,0.6,47.46,1.0,0.0,2.6,1.0,5.77,0.6,6.09,2.2,1.0,1.92,0.0,76.9,0.3,0.0,1.6,1.2,0
0.1,1.0,2.1,0.0,0.0,0.19,0.0,31.57,2.0,0.9,11.09,2.2,2.06,0.0,5.02,0.9,0.9,0.26,0.0,146.78,0.5,0.0,1.3,0.9,0
0.0,2.18,0.59,3.41,0.0,0.27,3.04,76.96,1.82,0.0,7.89,1.0,8.12,2.22,9.69,2.22,1.0,2.12,0.0,75.83,0.7,0.0,1.59,1.59,0
0.0,1.14,0.41,0.14,0.0,0.16,0.41,73.26,1.86,0.0,6.0,1.0,1.56,0.14,6.51,2.14,1.0,0.28,0.0,7.89,0.57,0.0,1.86,2.14,0
0.0,1.0,0.0,2.69,0.0,3.5,0.0,0.0,2.73,1.42,0.58,1.42,0.42,0.42,0.42,0.42,1.0,0.0,0.0,0.0,1.0,0.0,1.0,0.0,0
0.0,1.0,0.39,4.61,0.78,3.05,0.0,29.39,1.39,2.0,0.39,2.0,1.59,1.0,1.78,1.0,1.0,0.33,0.0,0.0,1.0,0.0,1.0,0.0,0
0.77,1.38,0.62,3.23,0.0,0.37,0.38,57.66,1.0,0.0,14.96,2.0,3.86,0.0,7.11,0.38,1.0,0.92,0.0,77.39,0.8,0.0,2.62,0.77,0
0.88,1.88,1.0,2.0,0.0,0.26,4.41,76.18,1.0,0.0,8.17,1.0,3.29,0.88,8.84,1.0,1.0,1.71,0.0,42.06,0.06,0.0,1.0,0.88,0
0.21,1.21,0.84,0.21,0.0,0.3,1.21,43.47,1.0,0.0,9.32,1.0,2.53,1.0,9.79,1.21,1.0,1.33,0.0,2.0,0.74,0.0,2.42,2.37,0
0.0,1.0,1.81,1.4,0.0,0.47,0.0,70.16,1.0,0.0,12.29,2.4,3.69,0.0,3.67,0.4,0.6,0.41,0.0,0.0,1.0,0.0,1.0,0.0,0
0.23,1.0,0.92,0.23,0.0,0.31,0.23,86.61,1.08,0.0,12.69,1.92,1.58,0.08,2.76,0.08,1.0,0.44,0.0,1.48,0.97,0.0,2.84,0.23,0
0.73,1.0,1.27,2.93,0.0,0.32,3.2,68.94,1.0,0.0,9.73,1.73,2.61,0.27,6.38,0.27,1.0,0.63,0.0,96.88,0.56,0.0,3.2,0.73,0
0.45,1.0,1.55,0.55,0.0,0.26,0.55,61.09,2.09,0.0,10.36,1.55,3.87,1.82,3.67,1.36,1.0,0.22,0.0,8.0,0.59,0.0,1.55,1.0,0
0.0,1.94,1.87,5.61,0.0,1.08,0.94,62.59,1.0,0.0,0.13,1.0,2.34,0.0,2.19,1.06,1.0,0.7,0.0,0.06,0.06,0.0,1.06,0.06,0
0.0,1.0,0.0,2.99,0.0,1.49,0.0,41.72,1.67,0.33,7.51,0.83,3.0,1.33,22.28,1.83,1.0,1.88,0.0,0.83,0.72,0.0,2.67,0.0,0
0.0,1.0,0.0,0.37,0.0,0.23,0.0,59.59,2.0,0.0,7.52,2.0,2.81,1.26,10.58,2.89,1.63,1.11,0.0,1.26,0.42,0.0,1.63,0.74,0
0.99,1.0,0.5,0.0,0.0,0.45,0.0,69.64,1.0,0.0,7.05,2.0,1.79,0.0,2.25,0.0,1.0,0.26,0.0,0.0,1.0,0.0,3.0,0.0,0
0.0,1.04,0.02,3.98,0.0,0.62,0.02,75.08,1.0,0.0,3.0,1.98,3.35,0.02,3.49,1.0,1.0,0.98,0.0,3.39,0.5,0.0,1.02,2.98,0
-1.77,1.0,-1.84,1.23,0.0,6.41,-0.92,41.51,0.92,1.0,-11.07,-0.92,0.46,1.0,-3.24,0.0,1.0,2.0,0.0,-27.67,0.69,0.0,2.08,-0.84,0
0.0,1.61,-0.61,2.22,-4.27,3.28,1.83,-1.83,1.0,-0.22,4.66,0.39,-0.19,-0.61,2.01,1.61,1.0,0.47,0.0,4.88,1.1,0.0,1.0,1.61,0
1.0,0.23,2.0,4.65,0.23,0.94,0.0,15.57,0.23,-3.87,11.13,2.0,1.1,1.0,10.56,8.97,3.32,1.94,1.55,7.68,0.92,0.0,0.23,0.0,0
21.76,0.26,73.77,-32.08,23.5,-0.15,-12.06,115.6,1.87,14.8,14.22,2.74,2.89,2.0,-11.79,1.13,0.13,0.82,0.0,1015.73,0.96,0.0,2.13,1.26,0
-1.19,0.4,-2.98,-1.19,-2.39,0.16,1.4,82.7,1.4,-2.39,-6.33,2.0,2.52,0.0,3.78,0.0,1.0,0.5,0.0,38.95,0.63,0.0,1.81,-0.39,0
0.0,1.0,1.63,2.37,-0.63,0.34,3.9,-11.37,0.37,0.0,5.0,1.0,2.19,1.27,6.16,4.17,1.0,0.92,0.0,4.44,0.79,0.0,1.63,0.0,0
-0.68,0.32,-1.04,9.72,0.0,1.8,0.0,60.53,1.0,0.0,4.0,0.64,4.91,1.0,2.94,1.68,1.68,0.73,0.0,9.18,0.87,0.0,-1.72,1.0,0
0.0,0.57,-5.13,0.57,-9.68,164.39,0.0,-52.41,-0.57,-13.1,-7.41,-1.14,-3.66,0.0,2.21,2.28,0.0,0.36,0.0,-96.84,-0.31,0.0,0.29,-1.85,0
1.0,2.0,5.17,0.42,1.75,-1.8,3.17,29.22,2.17,-4.68,7.09,1.0,-17.0,-8.35,13.54,2.0,1.0,2.05,0.0,2.0,1.0,0.0,4.58,0.58,1
-1.57,2.0,0.0,2.35,0.0,0.84,1.0,50.63,0.22,0.0,-2.49,2.78,4.55,2.78,8.17,2.0,1.0,3.07,0.0,-148.1,1.0,0.0,2.0,0.78,0
0.0,2.81,0.0,5.25,1.0,-6.48,0.0,102.61,3.81,0.0,12.81,2.63,8.07,2.81,11.13,3.81,1.81,2.36,0.0,13.0,1.38,0.0,2.63,2.0,0
-1.26,-0.26,1.0,-0.26,0.0,217.01,2.37,34.86,0.37,0.0,-12.55,-0.26,0.83,1.0,2.3,1.37,0.37,-0.07,0.0,-120.37,0.2,0.0,0.37,2.0,0
0.0,1.0,-0.65,0.65,0.0,4.73,0.0,-25.81,0.35,1.31,-16.6,0.04,-1.49,1.96,1.99,0.0,1.0,1.11,0.0,-186.23,1.36,0.0,-0.31,-5.88,0
0.0,1.0,4.36,2.38,0.0,0.61,0.0,86.44,1.0,0.0,2.49,1.0,11.65,0.38,2.46,1.0,0.38,0.82,0.0,67.26,0.69,0.0,1.0,0.0,0
0.0,-0.24,8.0,-0.34,0.62,0.52,0.0,91.72,3.24,0.0,12.96,2.0,5.93,1.0,4.08,1.0,1.0,0.28,0.0,231.7,1.16,0.0,2.24,0.0,0
-1.31,0.35,0.04,1.0,-2.62,0.41,-0.65,37.06,2.35,-2.62,0.6,1.35,0.57,0.0,3.69,0.0,1.0,0.0,0.0,-25.53,0.8,0.0,-0.31,0.04,0
0.0,1.0,-1.27,-2.17,0.0,0.12,1.0,121.36,1.0,0.63,14.17,3.27,8.59,-0.27,9.28,-0.27,-1.53,0.16,-0.63,94.94,0.58,0.0,1.63,2.27,0
30.0,4.0,-5.39,-1.08,-8.16,-0.07,0.0,99.31,1.46,-12.4,5.07,0.92,0.08,1.0,6.1,3.16,1.0,2.05,0.0,-73.62,0.75,0.0,0.38,-0.16,0
-0.66,1.0,5.01,3.0,0.0,0.81,0.0,50.87,1.34,0.0,2.0,-0.33,18.72,0.0,3.73,1.0,1.66,1.58,0.0,-29.14,0.5,0.0,6.0,3.0,1
0.0,1.92,-0.84,15.21,0.0,2.23,0.0,-38.69,2.08,0.0,0.32,1.0,6.31,0.92,6.82,2.92,1.0,1.93,0.0,2.76,1.31,0.0,1.92,0.08,0
0.0,2.28,-1.28,6.28,0.0,1.21,0.64,40.42,0.36,-0.64,1.64,1.0,7.28,3.64,4.79,1.64,1.64,1.7,0.0,70.64,0.56,0.0,1.36,1.28,0
-0.9,1.1,2.0,4.19,0.0,1.49,-0.81,-30.29,0.1,0.0,-0.9,0.1,2.27,1.81,-0.06,1.0,2.81,0.86,1.81,30.7,0.0,0.0,-0.81,-1.81,0
0.0,1.0,0.7,0.18,-0.7,2.14,-0.7,82.38,0.59,0.0,-11.28,0.3,1.13,2.11,-1.52,2.41,1.0,-0.54,0.0,-265.06,0.94,0.0,-0.41,0.59,0
1.81,0.41,0.59,6.81,0.59,6.16,-0.59,1.19,0.59,1.0,-15.02,0.0,0.44,2.0,-3.96,0.0,1.0,-0.27,0.0,-119.89,1.12,0.0,1.0,0.81,0
1.43,1.71,0.0,8.57,0.0,3.87,-1.43,78.6,2.0,1.0,19.83,1.71,5.57,1.0,0.33,-1.43,1.0,0.3,0.0,229.5,0.53,0.0,2.0,0.71,0
0.0,0.26,-1.47,0.05,-4.42,253.49,5.0,41.08,-0.47,0.0,-7.05,-0.47,-5.2,0.0,7.43,11.26,0.26,-0.95,0.0,-50.82,0.47,0.0,0.26,2.0,0
0.0,1.0,1.0,7.95,1.0,7.92,0.0,50.0,1.88,0.88,7.0,2.0,0.76,-0.88,-0.18,-1.54,-0.77,-1.42,-1.77,-24.7,1.15,0.0,1.0,0.0,0
-0.81,0.19,0.81,0.57,0.81,1.09,-1.62,28.56,0.19,0.0,3.24,1.0,9.51,1.0,-0.8,-0.62,1.0,-0.8,0.0,-0.81,1.4,0.0,-0.62,-1.62,0
0.0,1.0,10.0,3.1,17.0,0.09,1.1,147.01,2.0,23.0,18.85,3.0,7.65,0.0,6.69,4.4,1.0,0.45,0.0,169.45,0.54,0.0,4.0,5.55,0
-1.98,1.0,0.0,-4.92,0.0,-3.38,1.98,169.19,1.0,-0.99,16.88,2.0,5.32,0.0,10.89,1.99,1.0,2.48,0.0,7.94,0.25,0.0,0.01,5.97,1
3.18,1.0,0.79,4.59,1.59,1.37,0.0,35.75,2.79,0.0,11.33,1.0,1.47,0.0,1.86,1.0,1.0,0.24,0.0,72.78,0.6,0.0,4.0,3.97,0
0.0,1.0,1.0,-2.88,1.0,-2.87,0.0,50.0,1.96,0.0,7.0,3.92,-0.28,-1.92,3.35,2.0,1.0,0.35,0.0,8.0,1.0,0.0,1.0,0.0,0
0.0,1.0,7.12,9.69,17.0,0.57,5.77,88.16,3.92,23.0,12.12,2.04,9.16,0.96,13.09,4.8,1.0,1.19,0.0,172.88,0.7,0.0,2.08,5.96,0
0.28,1.0,0.0,0.0,0.0,1.07,0.0,-35.81,1.0,0.0,0.28,0.28,3.93,4.0,2.5,1.0,1.0,0.86,0.0,-62.32,1.43,0.0,-1.15,-1.43,0
0.0,0.1,0.0,3.62,0.0,1.68,0.0,-36.18,1.0,0.0,0.19,2.9,1.38,0.0,1.41,0.0,1.0,0.84,0.0,2.71,0.55,0.0,1.9,1.9,0
0.0,1.0,1.0,0.0,1.0,-1.27,1.0,119.64,2.59,-0.59,13.35,1.59,4.34,0.0,6.82,1.0,1.0,0.82,0.0,2.0,-0.09,0.0,1.0,0.59,1
-1.52,1.0,-1.01,-1.52,0.0,0.32,-0.51,86.79,2.0,0.0,-5.06,0.49,6.04,0.0,3.03,2.52,1.0,0.34,0.0,-15.19,1.0,0.0,1.49,-0.51,0
0.68,1.0,1.36,3.0,0.0,2.07,0.0,106.13,2.0,0.68,2.04,1.0,2.65,0.68,1.95,1.0,1.0,0.35,0.0,56.56,1.0,0.0,2.36,0.64,0
0.0,1.0,1.0,7.0,0.0,1.64,-0.66,48.77,1.0,0.0,-5.95,3.33,5.94,0.34,-2.95,1.0,1.0,-0.4,0.0,249.69,0.29,0.0,0.34,1.0,0
2.0,2.0,0.93,10.53,0.0,1.36,0.0,112.06,1.0,0.0,25.33,1.0,9.84,1.07,4.11,1.0,1.0,1.18,0.0,256.02,0.61,0.0,1.93,9.47,1
1.35,2.68,3.38,4.03,3.7,-0.14,1.35,90.99,3.0,2.7,30.23,1.68,6.42,2.0,12.06,2.32,1.0,2.29,0.0,57.57,0.91,0.0,2.35,5.38,1
1.84,1.0,0.0,6.07,0.0,4.69,0.0,-49.1,0.77,0.61,-0.23,-0.23,-0.7,1.23,-0.66,0.39,1.0,-0.2,0.0,-17.92,1.03,0.0,2.16,0.0,0
0.0,1.0,1.0,6.75,0.0,3.2,-2.26,0.0,3.75,0.0,-1.27,1.0,3.75,-0.75,-1.07,-3.27,1.0,1.0,0.0,0.0,1.0,0.0,1.0,1.0,0
0.0,2.87,1.87,-0.87,0.0,-0.86,3.0,-86.98,1.0,0.0,5.48,1.0,0.68,-0.87,6.54,0.13,2.0,1.87,1.0,0.0,1.0,0.0,0.13,-0.87,0
0.0,1.0,0.0,-4.85,0.0,-1.27,0.0,43.42,1.0,-0.73,6.12,1.0,3.32,1.0,20.95,2.46,1.0,1.65,0.0,-62.38,0.5,0.0,1.73,0.0,0
-1.42,-0.42,2.0,-3.97,0.0,-0.06,0.29,28.62,3.0,0.71,-0.2,4.84,-1.02,0.0,0.35,-0.71,1.71,-0.14,0.0,-14.02,1.02,0.0,-0.84,-0.42,0
-2.34,2.0,-12.0,4.0,2.33,0.49,1.33,94.0,1.33,-0.33,15.67,2.0,6.19,0.67,10.64,3.67,1.0,1.41,0.0,766.0,1.47,0.0,1.0,2.67,0
0.0,1.0,2.0,-2.06,-3.06,-0.21,4.82,81.86,2.24,-0.76,11.71,2.0,0.63,-0.76,10.39,8.4,1.0,-0.43,0.0,-1.93,1.24,0.0,0.47,0.24,0
2.0,0.25,7.74,-1.99,1.0,0.3,-0.75,108.2,2.75,0.0,-2.96,2.0,15.11,0.25,-0.75,2.0,1.0,1.03,0.0,0.28,1.0,0.0,4.74,1.75,0
0.0,1.0,0.68,3.74,1.0,0.4,0.0,58.89,1.32,0.0,10.68,1.68,5.5,0.0,4.75,0.63,1.0,0.29,0.0,1.0,0.5,0.0,3.37,-0.37,0
0.0,1.0,-0.91,3.87,0.0,0.71,4.91,111.71,0.04,-0.96,-1.65,1.0,2.63,2.96,9.81,9.87,1.0,0.95,0.0,-135.46,1.14,0.0,2.96,1.0,0
-16.36,-0.64,3.0,12.45,-0.55,0.82,1.64,92.91,1.45,1.0,14.0,0.45,4.92,3.27,7.51,7.64,0.0,-0.94,0.0,9.18,0.54,0.0,3.0,-0.55,0
0.0,1.0,1.04,0.0,3.13,-1.71,0.0,41.73,1.52,-0.52,9.3,2.52,4.43,-0.52,4.79,0.0,1.0,1.06,0.0,35.99,0.85,0.0,1.52,2.04,0
19.72,1.0,62.32,-5.52,17.35,0.13,0.0,7.89,2.79,13.41,24.45,1.79,-0.66,0.0,0.12,0.0,0.21,-0.07,0.0,1175.34,1.0,0.0,0.21,-0.79,0
0.0,1.0,1.7,4.26,0.0,0.74,1.0,0.61,0.15,0.0,-2.66,0.15,3.18,2.7,5.03,5.85,4.55,1.57,1.85,-91.97,1.0,0.0,1.0,0.0,0
0.0,1.0,-1.32,0.66,0.0,0.25,1.66,76.76,0.34,-0.66,10.34,1.0,6.97,1.66,13.1,1.0,1.0,2.05,0.0,-42.84,1.0,0.0,2.0,3.0,0
0.0,1.0,-1.58,5.45,0.0,0.56,0.0,51.23,1.52,0.52,34.13,3.52,5.93,0.0,5.78,1.0,1.52,0.64,0.0,306.19,0.44,0.0,1.97,9.52,1
0.0,1.0,1.8,-2.2,0.0,0.61,0.0,97.63,2.0,0.0,-1.59,1.0,1.3,0.0,1.05,1.55,1.0,-0.59,0.0,-25.26,1.27,0.0,-0.1,2.55,0
1.14,0.43,4.85,1.71,2.28,-0.02,1.14,124.55,3.57,2.28,28.52,2.0,3.45,0.57,6.55,0.0,1.0,-0.2,0.0,12.82,0.38,0.0,2.14,3.85,1
18.35,2.0,13.08,2.13,20.13,-0.21,0.87,100.35,2.13,3.0,145.9,5.87,9.47,0.87,12.78,0.13,1.0,2.75,0.0,2458.75,0.21,3.0,5.74,9.87,1
0.0,1.0,10.0,6.34,17.0,1.79,0.0,61.62,0.55,23.0,12.83,3.0,11.43,5.79,2.39,0.0,1.72,1.27,0.72,170.0,0.54,0.0,3.28,4.28,0
0.0,1.0,0.0,0.0,0.0,0.3,0.91,1.83,1.0,-0.91,11.14,-1.66,2.08,0.91,8.57,0.91,1.0,1.48,0.0,1.83,0.7,0.0,1.91,2.83,1
0.0,0.0,0.77,0.77,-0.77,163.98,0.0,6.89,-0.77,0.0,-6.12,0.0,-2.73,0.0,-0.66,-0.77,0.0,0.72,0.0,271.74,0.0,0.0,1.23,0.23,0
-0.86,1.0,0.0,-0.43,-0.86,0.29,1.72,94.58,1.14,0.0,12.44,2.0,1.71,0.0,5.24,1.0,1.0,0.69,0.0,53.72,0.61,0.0,3.14,3.72,0
-0.85,1.0,0.85,-2.56,-0.85,-0.09,1.71,44.88,0.29,0.0,-3.79,1.15,0.63,2.0,16.94,4.85,2.0,1.64,0.0,-319.57,0.59,0.0,0.29,-0.85,0
0.0,0.02,1.0,7.0,0.0,2.59,0.0,-78.43,2.96,0.0,-0.94,1.0,-1.85,0.98,9.17,10.0,3.0,1.82,2.0,0.0,1.0,0.0,3.0,1.0,0
1.0,1.87,0.0,0.0,0.87,-6.63,0.0,0.0,2.73,0.0,2.73,1.87,9.46,7.46,8.83,5.33,6.2,2.73,1.73,0.0,1.87,0.0,1.0,0.0,0
0.0,0.17,1.0,7.0,0.0,3.52,-0.83,16.69,1.0,0.0,-3.01,0.17,-3.2,0.0,6.29,10.0,3.0,1.05,2.0,-59.23,1.48,0.0,3.83,1.0,0
14.71,2.0,4.88,7.25,24.54,0.54,0.0,93.17,2.29,2.29,132.71,6.42,6.16,0.0,7.26,1.0,1.71,1.23,0.0,2171.55,0.85,3.0,3.29,9.71,1
0.0,2.0,0.0,9.22,0.0,-0.45,0.0,-6.23,2.0,0.0,15.06,2.0,6.05,1.78,25.68,1.78,1.0,3.19,0.0,5.78,0.74,0.0,3.57,-1.57,1
-2.66,1.0,1.0,1.67,0.67,-1.46,0.67,106.57,3.0,0.0,15.64,3.33,5.91,0.0,5.62,0.0,1.0,0.84,0.0,255.55,0.73,0.0,2.33,2.0,0
7.0,1.0,4.68,0.94,-2.81,0.81,-1.87,101.6,0.06,-1.87,-5.49,1.06,19.88,0.06,-0.15,1.0,1.0,1.15,0.0,5.62,0.53,0.0,5.75,1.87,0
-0.14,1.0,5.27,-4.54,0.0,-2.11,1.14,125.35,2.0,-0.57,7.54,4.0,4.61,0.57,7.01,1.14,0.0,0.52,0.0,53.0,1.0,0.0,1.0,0.0,0
12.0,1.0,33.25,0.75,8.0,-0.88,0.75,138.64,1.25,2.0,13.77,2.75,6.51,-0.75,9.01,-1.5,1.0,1.67,0.0,60.95,0.0,0.0,2.0,0.75,1
21.96,1.0,1.46,9.66,3.66,5.48,0.0,73.19,2.73,2.46,3.2,1.73,6.83,1.27,-4.06,-0.73,0.27,-0.3,0.0,895.32,0.19,0.0,3.46,1.46,0
0.0,1.0,0.0,20.19,0.0,0.56,3.0,45.97,1.81,0.0,31.38,-0.62,5.31,7.0,13.38,14.19,1.0,0.0,0.0,0.0,1.56,0.0,2.0,1.0,0
2.86,1.0,1.91,-8.57,0.0,-0.21,1.05,58.06,0.05,0.0,8.67,2.95,-4.73,-7.53,4.7,-0.72,1.0,0.2,0.0,29.58,0.5,0.0,2.95,0.95,0
0.0,1.0,2.0,4.08,-4.08,0.52,1.0,3.27,2.63,-1.63,17.16,0.18,1.22,0.18,11.84,1.82,1.0,0.7,0.0,3.82,1.14,0.0,1.82,0.82,1
6.49,1.74,2.23,4.49,0.0,3.51,-1.49,51.24,0.74,2.23,0.0,0.74,1.97,1.74,4.12,1.0,1.0,0.58,0.0,0.0,0.26,0.0,1.74,0.0,0
0.0,0.27,-0.73,-4.14,0.0,8.95,0.0,-49.89,3.27,1.0,-1.93,-0.47,-4.56,-0.73,-2.25,-0.73,0.27,-0.28,0.0,-187.08,0.51,0.0,1.0,-0.73,0
0.0,1.0,-1.73,1.0,0.0,0.77,-1.86,19.43,1.0,0.0,-6.38,1.93,0.11,0.07,-0.97,0.07,1.0,1.02,0.0,0.0,1.0,0.0,1.0,1.0,0
0.0,1.0,1.0,-2.55,0.0,-5.76,0.0,0.0,3.86,-0.86,2.29,1.0,3.86,0.86,6.34,2.86,1.0,1.64,0.0,-5.13,1.29,0.0,1.0,1.0,0
1.0,2.0,1.0,-19.27,1.0,1.16,-2.75,-14.36,4.84,0.0,-15.54,1.0,1.22,-2.67,-5.63,-10.93,1.0,2.01,0.0,6.67,0.77,0.0,2.0,2.08,0
0.0,0.0,0.0,0.0,0.0,9.47,0.0,35.41,-0.98,0.0,3.93,0.0,-6.88,0.0,2.13,2.95,0.0,-0.44,0.0,0.0,0.0,0.0,0.02,0.98,0
1.63,1.0,-1.63,-0.81,0.0,5.0,-2.44,-46.37,1.19,4.07,-15.46,0.19,-3.23,0.37,-7.53,-0.63,1.0,0.12,0.0,-0.25,1.0,0.0,1.0,-0.63,0
-1.59,-0.59,2.0,1.82,2.0,0.32,-0.79,71.12,3.79,0.0,-3.3,1.79,0.16,0.0,0.8,1.0,1.79,0.18,0.0,17.68,0.42,0.0,1.21,0.21,0
0.0,1.0,-1.38,-0.69,0.0,0.2,0.0,67.8,0.62,0.0,-2.25,1.0,1.34,0.0,5.37,2.0,1.0,0.62,0.0,-2.69,0.64,0.0,2.0,0.62,0
1.0,1.0,3.0,2.78,0.0,3.19,0.0,40.81,2.0,8.35,4.86,1.22,41.1,15.78,1.51,0.93,0.0,0.71,0.0,127.0,0.5,0.0,4.0,-0.93,0
0.0,1.0,2.0,5.32,0.0,0.33,1.44,50.8,3.0,0.0,17.88,2.0,4.16,1.44,7.45,1.44,1.0,-0.1,0.0,38.61,0.61,0.0,2.44,0.56,0
2.26,1.0,0.57,2.13,1.13,2.03,0.0,16.4,2.0,0.0,11.18,2.13,3.95,0.57,3.12,1.57,1.0,0.4,0.0,50.88,0.67,0.0,3.57,4.39,0
0.0,1.0,10.0,6.88,17.0,5.41,0.0,50.77,2.0,23.54,13.37,2.46,6.54,0.54,1.13,-0.54,1.0,0.57,0.0,173.26,0.9,0.0,4.0,3.91,0
0.0,1.0,0.0,5.49,1.0,0.12,2.25,67.01,2.0,0.0,18.99,1.0,7.01,1.5,13.46,3.5,1.0,0.0,0.0,24.96,0.05,0.0,3.5,1.75,1
0.0,1.0,4.59,-1.56,0.0,0.24,0.22,88.93,1.0,0.0,10.81,1.59,1.45,0.22,2.27,0.22,1.0,0.24,0.0,-19.0,1.36,0.0,1.41,0.41,0
0.0,2.0,5.0,3.19,0.0,-0.37,0.0,80.0,1.4,0.6,11.02,2.21,9.71,2.0,6.1,1.0,0.4,1.52,0.0,59.31,0.2,0.0,2.6,2.0,0
0.0,1.53,-0.06,4.06,2.65,1.58,-1.06,93.0,0.47,-1.06,5.29,2.0,30.61,-0.53,1.86,1.0,1.0,0.9,0.0,12.17,0.68,0.0,1.0,2.06,0
0.43,1.0,-3.15,7.87,-0.79,0.96,7.09,61.45,1.0,0.0,-3.72,1.21,4.33,4.72,11.99,13.38,1.0,-1.03,0.0,-9.45,0.48,0.0,3.79,0.0,0
0.0,1.0,2.0,-2.56,-4.45,0.05,0.0,37.5,1.0,0.0,15.36,0.11,4.22,2.78,4.8,1.89,1.0,-0.31,0.0,3.56,0.64,0.0,1.0,0.11,0
1.56,2.0,4.12,-3.35,0.56,-1.98,0.0,145.0,2.56,-0.56,10.83,5.12,5.64,0.0,5.92,1.12,0.0,0.86,0.0,281.1,0.52,0.0,5.0,0.0,0
-2.06,1.0,4.44,-2.06,1.0,0.11,-2.06,48.62,0.31,0.0,6.31,2.69,0.87,-0.69,2.28,1.31,1.0,0.2,0.0,-3.0,0.89,0.0,1.0,-2.06,0
0.0,1.0,1.0,1.62,2.0,0.26,0.0,15.52,2.0,2.79,4.17,2.0,1.53,1.0,2.83,1.0,1.0,0.83,0.0,0.79,0.6,0.0,1.79,0.79,0
0.59,1.59,6.37,1.63,0.0,-1.98,1.19,77.0,1.0,-1.19,15.78,0.41,3.23,0.0,12.39,1.59,1.0,2.16,0.0,48.19,0.5,0.0,5.78,0.0,1
0.72,1.0,0.0,1.44,-0.72,4.43,2.0,42.45,0.56,0.72,0.68,1.28,0.14,0.72,0.59,-1.44,1.0,1.75,0.0,30.0,0.33,0.0,4.44,2.0,0
0.0,1.0,4.46,1.73,0.0,0.55,0.0,90.35,3.46,1.0,10.03,1.73,3.18,-0.73,4.59,-0.73,0.0,0.8,0.0,31.4,0.25,0.0,2.27,1.46,0
0.0,1.0,0.82,0.82,0.0,0.93,0.0,134.99,2.0,0.0,3.54,1.0,23.42,-0.82,4.19,2.0,1.0,-0.7,0.0,9.0,0.5,0.0,1.18,2.0,0
-9.67,0.31,-4.84,3.69,-14.51,2.16,0.0,52.42,-0.38,-2.07,-91.18,-1.76,7.86,1.69,-1.56,1.0,1.0,-0.32,0.0,-1509.35,1.4,-2.07,0.31,-6.22,0
0.0,1.0,3.63,3.77,0.0,0.64,-0.26,111.67,1.0,0.0,15.74,2.0,4.73,1.0,4.95,1.0,0.37,0.26,-0.63,8.0,-0.13,0.0,4.0,0.0,1
-0.6,-0.21,2.0,-14.11,0.0,0.85,-5.84,20.51,2.0,0.0,-11.47,1.0,3.23,3.6,-2.51,7.81,1.0,0.43,0.0,-203.24,0.32,0.0,2.0,-0.6,0
1.9,1.95,-1.9,0.0,0.0,2.58,0.0,36.98,2.0,0.0,-4.74,2.0,2.83,0.05,-3.67,1.0,0.05,-0.58,0.0,7.59,0.0,0.0,5.79,0.95,0
0.0,1.0,-1.84,1.84,0.0,4.45,0.0,38.69,2.0,0.0,-13.82,1.08,1.58,1.92,-1.99,2.84,1.0,-0.71,0.0,-15.66,0.18,0.0,2.92,-0.92,0
0.0,3.0,1.0,6.58,0.0,4.22,1.0,23.47,1.9,0.9,1.21,0.1,1.67,1.0,4.09,0.1,1.0,1.75,0.0,145.91,0.05,0.0,2.0,2.0,0
0.55,1.0,0.55,-1.1,0.55,0.08,2.0,106.58,2.0,0.0,11.58,2.0,2.62,0.55,3.73,1.1,1.0,0.31,0.0,-176.31,0.36,0.0,3.0,2.0,0
0.0,2.0,5.0,1.86,0.0,3.65,1.0,0.33,0.14,0.86,6.43,1.0,4.66,2.86,2.06,-3.14,1.0,1.29,0.0,12.0,0.5,0.0,1.29,1.29,0
-0.94,1.94,2.0,2.89,0.0,-0.01,0.94,133.5,3.94,0.0,19.72,2.94,1.75,-3.78,6.14,0.0,1.0,0.9,0.0,84.01,0.26,0.0,1.0,2.0,1
0.0,1.0,0.0,-0.45,0.0,3.07,-3.67,92.66,1.39,0.0,-9.18,1.0,-1.0,-2.45,-7.6,-1.45,1.0,-1.22,0.0,0.0,1.0,0.0,1.0,0.39,0
1.0,0.14,2.86,3.44,1.86,0.17,0.0,81.81,1.86,-4.31,18.44,2.0,3.1,1.0,5.86,2.0,1.86,0.8,0.0,8.28,0.52,0.0,-0.72,0.0,0
0.0,1.0,0.28,-1.32,0.0,2.92,0.0,25.99,1.0,0.72,-2.16,1.28,24.15,-0.72,0.01,1.0,1.0,-0.02,0.0,-183.79,1.24,0.0,1.0,1.0,0
-7.52,1.32,-4.84,7.68,-0.68,0.97,1.0,48.69,1.68,-6.84,-4.78,0.32,3.4,1.68,10.51,1.0,1.0,1.25,0.0,-479.03,0.94,-0.68,-1.05,-3.47,0
0.0,1.0,0.0,-0.98,0.0,3.0,-3.96,12.88,2.02,1.0,-1.97,1.0,-1.21,-1.98,-5.5,-4.95,-0.98,-1.32,-0.99,-2.97,1.5,0.0,0.01,-3.96,0
1.0,2.0,4.0,0.21,0.0,-0.31,2.0,25.37,1.79,0.0,4.59,1.79,0.23,-1.38,10.75,2.0,1.0,2.13,0.0,7.55,1.24,0.0,3.21,0.0,0
0.0,1.93,0.93,5.86,0.0,4.58,1.86,23.26,1.0,1.0,-2.72,1.0,1.58,0.07,-4.41,1.0,1.0,0.43,0.0,5.58,0.84,0.0,0.07,-1.86,0
3.15,1.0,0.0,0.74,0.0,1.79,0.63,98.11,1.37,0.0,13.61,1.63,-7.17,0.63,6.5,1.0,1.0,0.7,0.0,194.87,1.16,0.0,-0.89,-0.63,0
0.0,1.0,-0.84,-1.52,0.0,2.53,0.0,62.88,1.0,1.0,1.84,1.84,2.72,0.0,-4.49,-6.55,-0.68,-0.88,-1.68,0.84,0.58,0.0,-0.68,2.68,0
0.0,1.0,-0.83,-4.16,0.0,0.78,0.0,183.11,2.0,0.0,-1.32,1.0,0.05,0.0,-0.23,1.0,1.0,-0.62,0.0,0.0,0.67,0.0,2.66,0.0,0
0.0,0.0,-1.44,2.16,0.0,32.27,0.0,3.59,-0.72,0.0,-6.47,0.0,1.39,0.0,0.3,0.72,0.0,-0.06,0.0,35.93,-0.19,0.0,4.16,0.72,0
-0.87,2.87,-2.6,1.13,0.0,0.36,1.0,65.27,2.87,0.0,3.4,1.13,3.9,0.0,5.43,0.13,1.0,1.15,0.0,62.34,0.43,0.0,1.87,1.73,0
1.0,1.94,1.0,-6.55,0.0,-0.35,2.81,-17.23,1.0,0.0,-24.21,0.13,-4.36,0.0,3.37,1.0,1.94,0.3,0.94,-266.74,0.85,0.0,-0.87,-8.42,0
-1.57,1.0,0.0,-2.19,0.0,-2.56,0.0,14.0,1.52,0.52,5.62,3.05,0.97,-0.05,3.56,1.0,1.0,1.1,0.0,0.52,0.74,0.0,2.52,0.48,0
-0.81,1.0,0.19,10.24,0.81,1.88,0.0,1.62,1.81,0.0,-0.43,1.0,-3.38,-3.24,10.9,10.0,3.0,2.81,2.0,-6.48,1.4,0.0,3.81,1.0,0
0.0,1.0,3.47,0.0,0.0,0.18,-1.02,90.74,1.0,0.0,2.89,2.0,1.46,-1.02,1.97,-0.51,1.0,1.15,0.0,185.01,0.24,0.0,0.49,-0.51,0
0.0,1.6,0.0,-1.4,0.0,3.11,0.6,-2.4,1.0,1.0,1.0,1.0,0.05,1.2,3.33,1.6,1.0,0.73,0.0,-0.6,1.3,0.0,1.6,-0.8,0
-0.96,0.04,-3.82,3.96,-3.82,0.44,6.91,106.69,0.04,-3.82,-15.11,1.0,-2.07,-0.96,9.02,11.04,1.0,-0.64,0.0,62.11,0.9,0.0,1.96,-1.82,0
-6.68,0.49,0.0,2.03,-0.03,1.33,0.0,31.78,1.49,0.0,2.29,0.49,6.6,4.11,2.14,2.0,1.51,-0.07,0.51,-9.28,0.82,0.0,-0.06,-1.57,0
2.57,1.0,5.7,-1.04,0.0,-0.04,0.52,71.17,0.48,0.0,16.09,2.0,2.1,0.0,3.39,1.0,0.48,0.39,0.0,7.31,0.63,0.0,1.0,0.52,0
0.0,1.85,0.15,4.7,-0.85,0.84,4.26,34.67,2.0,0.0,-4.11,1.15,4.72,1.0,5.89,0.15,1.0,1.39,0.0,-8.52,0.43,0.0,3.0,2.85,0
5.0,1.0,5.9,-0.1,-1.1,0.98,1.0,92.15,0.45,0.0,15.95,2.0,5.25,1.0,8.65,1.0,1.0,1.64,0.0,314.45,1.03,0.0,2.45,2.55,0
0.0,1.0,0.56,5.33,0.0,0.73,0.0,19.46,2.0,0.0,4.56,1.0,6.01,0.44,24.46,2.0,1.0,2.99,0.0,0.44,0.94,0.0,3.56,-1.11,1
0.0,-0.94,1.97,4.0,0.97,0.58,0.0,98.57,1.0,0.0,6.94,2.0,3.87,1.94,4.6,0.97,1.0,-1.34,0.0,-45.65,1.0,0.0,3.0,0.0,0
2.4,1.0,4.6,-1.2,1.2,0.34,-3.6,95.21,1.4,0.0,6.8,2.2,1.17,-1.8,-3.15,-0.8,1.0,-0.77,0.0,54.06,0.65,0.0,1.6,5.0,0
0.0,1.0,7.23,1.69,0.0,1.39,-1.54,77.24,2.77,0.0,4.16,2.0,3.86,2.54,2.64,1.0,1.0,0.77,0.0,2.31,1.0,0.0,1.0,0.77,0
0.0,3.42,1.0,3.42,0.71,-22.15,3.0,126.7,3.12,0.0,15.49,1.71,6.12,1.42,10.46,3.12,1.71,3.08,0.0,17.2,0.9,0.0,0.29,2.42,0
2.83,1.94,4.0,1.89,4.72,-0.44,0.0,170.05,2.0,0.94,19.17,1.94,9.09,0.0,10.51,1.94,1.0,1.26,0.0,723.86,0.81,0.0,1.0,3.89,1
3.0,0.28,5.28,3.72,0.28,1.58,0.0,84.0,1.0,-3.6,5.68,2.0,0.4,0.0,3.43,1.0,1.72,0.52,0.0,38.84,0.61,0.0,3.84,1.28,0
21.2,1.0,5.83,2.83,3.53,0.3,1.71,90.96,1.0,1.41,21.95,2.0,6.66,1.0,7.31,0.29,0.29,0.45,0.0,855.15,0.9,0.0,5.41,0.0,1
-0.94,0.06,1.0,3.81,0.0,0.46,-1.88,81.24,1.06,0.0,8.57,0.06,3.95,0.94,2.68,-0.81,1.0,-0.21,0.0,18.89,0.34,0.0,3.06,2.0,1
0.0,1.0,0.0,-1.0,0.0,-2.19,0.0,181.92,4.0,-2.0,3.0,1.0,2.1,-1.0,4.23,2.0,1.0,0.95,0.0,7.99,0.3,0.0,1.0,0.0,0
4.0,1.0,1.0,-2.64,2.0,1.27,-1.33,91.0,2.0,0.0,13.36,3.0,4.1,0.34,-2.31,-5.63,-0.99,-1.28,-1.99,90.0,0.08,0.0,2.66,6.0,1
1.28,1.64,0.0,4.0,0.0,1.89,0.0,53.5,-0.28,0.0,-1.91,1.0,3.7,-0.28,-0.02,-2.19,1.0,0.49,0.0,3.19,0.79,0.0,3.0,0.64,0
0.0,1.0,0.0,-1.88,0.0,0.8,-3.76,55.82,-0.88,1.94,-4.65,8.76,-0.3,-2.82,-3.44,-5.65,-0.88,-1.51,-0.94,-2.82,1.47,0.0,-0.88,-1.82,0
0.0,1.0,-1.39,11.7,0.0,0.82,10.39,40.09,2.0,0.0,-7.72,-0.39,4.55,7.0,16.93,19.0,1.7,-0.06,0.0,1.0,0.33,0.0,2.0,1.0,0
1.0,1.86,4.3,5.72,0.0,6.41,0.0,0.0,0.0,1.0,4.3,-0.86,5.25,2.72,1.94,0.0,1.0,2.82,0.0,-5.16,1.17,0.0,1.28,1.0,0
26.67,3.67,1.0,0.11,0.89,0.61,0.0,58.89,3.0,0.0,9.33,1.0,3.85,0.89,3.19,1.0,1.0,2.19,0.0,16.0,1.44,0.0,2.89,1.0,0
0.0,1.0,0.0,-1.21,0.0,2.6,-1.81,100.0,1.6,0.0,-1.62,1.0,0.0,0.0,-4.16,0.79,1.0,-0.78,0.0,-2.02,1.2,0.0,1.4,1.0,0
1.0,1.0,-0.94,5.0,0.06,1.65,0.0,10.46,2.94,0.0,6.06,0.06,7.71,3.81,3.72,1.94,1.0,0.52,0.0,8.75,0.34,0.0,2.0,2.0,0
0.51,1.0,1.52,2.51,0.0,-1.22,0.51,90.91,2.0,-0.51,11.02,1.0,6.25,2.01,28.66,2.0,1.0,2.7,0.0,1247.94,0.41,0.0,3.51,-0.51,1
0.0,1.0,1.64,-0.64,1.64,-0.13,2.64,77.17,1.82,1.64,22.73,1.82,3.32,1.82,13.2,-0.64,1.0,0.65,0.0,8.0,0.57,0.0,2.0,0.0,0
0.0,1.0,0.7,4.3,0.0,2.81,-0.7,28.81,3.0,0.0,0.7,0.3,2.59,2.59,0.14,1.89,-1.11,-0.28,-0.7,2.81,1.7,0.0,1.7,1.41,0
-0.71,0.29,0.0,-2.85,-0.71,2.53,-0.71,64.68,1.58,0.0,-12.67,1.29,-1.03,0.29,-0.19,1.0,0.29,0.16,0.0,-265.48,0.96,0.0,1.58,-2.14,0
14.36,2.0,6.18,1.12,11.47,0.07,1.0,80.59,1.88,2.65,129.84,4.65,5.43,0.0,10.76,1.0,1.0,1.25,0.0,2110.0,0.49,2.65,3.77,7.3,1
-23.7,1.0,-64.0,4.65,-24.61,0.33,3.73,75.0,0.09,-15.49,-0.52,-0.73,3.72,0.0,15.85,3.73,1.91,1.83,0.0,-1348.4,0.45,0.0,4.91,0.91,1
26.0,1.0,78.21,-0.79,27.0,0.99,-0.79,51.27,1.21,17.0,24.57,3.21,2.12,1.57,1.94,2.36,0.0,0.23,0.0,1483.71,1.26,0.0,0.21,-0.79,0
0.99,1.0,0.0,1.99,0.0,6.33,-1.97,-22.61,1.01,0.99,1.06,0.03,3.31,0.0,-3.98,-2.94,1.0,2.09,0.0,0.0,0.0,0.0,1.99,2.0,0
0.0,0.07,1.86,0.93,0.0,1.35,0.0,-8.38,4.86,0.0,13.24,1.0,4.8,1.14,-1.01,0.14,1.0,-1.04,0.0,11.45,0.19,0.0,2.0,0.93,0
0.92,0.08,-0.75,6.67,0.92,0.59,1.0,37.56,1.92,0.0,11.67,0.08,3.32,0.08,8.44,1.0,1.0,0.41,0.0,-314.82,0.04,0.0,1.0,1.08,1
2.0,1.0,5.35,1.65,0.0,0.21,0.0,112.98,0.7,0.0,13.35,1.65,9.88,3.3,4.98,1.0,1.0,0.83,0.0,87.0,0.5,0.0,3.0,0.35,0
0.86,1.0,1.72,10.0,0.86,4.05,0.0,136.97,1.14,1.0,7.16,1.0,6.33,0.14,-7.85,-1.72,0.14,-0.57,0.0,95.88,0.67,0.0,1.14,0.0,0
82.0,0.45,247.0,-1.64,83.0,1.56,-1.09,100.0,2.0,45.0,84.81,3.45,2.01,-0.55,-0.71,-1.64,-0.55,0.35,0.0,20224.0,0.75,0.0,3.45,0.45,0
-0.67,2.33,-2.0,2.0,0.0,0.74,4.0,-9.4,2.33,0.0,5.67,-0.33,2.94,3.0,7.29,6.67,3.67,2.75,1.0,-1.0,0.5,0.0,3.0,4.0,0
0.0,1.0,2.0,3.49,2.0,0.07,0.5,63.29,3.5,0.0,12.51,1.5,3.4,1.01,6.67,3.02,2.51,1.03,0.5,1.0,-0.0,0.0,0.99,1.5,0
-2.46,0.18,0.0,15.6,-4.1,0.47,4.46,21.46,0.18,-0.82,16.77,1.18,3.23,7.75,12.8,16.49,1.0,-1.09,0.0,-627.73,0.46,0.0,2.82,-0.82,0
2.0,2.0,5.0,6.79,11.58,0.35,1.05,99.32,2.95,4.0,46.11,2.0,7.61,-0.9,9.02,0.05,1.0,0.62,0.0,87.8,-0.07,0.0,3.0,7.84,1
0.0,1.0,2.0,-2.55,0.0,-0.89,1.0,-85.07,1.0,0.0,9.0,1.0,0.33,1.0,9.79,0.15,1.0,1.0,0.0,3.0,1.0,0.0,1.0,-1.7,0
-0.72,1.0,-2.15,4.72,1.0,0.68,1.43,75.61,2.72,0.0,2.28,1.0,-2.64,-1.43,6.77,3.72,1.0,1.59,0.0,-1768.27,1.36,0.0,2.0,1.0,0
0.0,1.0,-0.76,4.76,0.0,0.92,0.76,59.99,4.52,3.0,4.0,2.0,11.83,2.52,1.22,4.04,2.52,1.12,0.76,-2.04,0.33,0.0,3.52,3.52,0
-0.72,1.0,0.55,9.17,0.0,0.9,6.35,-2.17,3.45,0.0,4.45,1.0,8.27,5.9,16.43,8.9,1.0,1.43,0.0,0.0,0.24,0.0,2.0,0.0,0
2.0,4.41,0.71,9.12,0.0,1.07,1.71,95.77,0.29,0.0,18.88,1.0,11.8,0.71,6.7,0.29,0.0,2.32,0.0,114.95,0.5,0.0,5.0,3.0,1
0.0,3.0,-0.09,5.18,0.0,0.98,1.0,24.47,2.09,0.0,-10.63,-0.09,7.24,1.0,4.28,1.55,1.55,2.45,0.0,128.0,0.5,0.0,2.0,2.55,0
0.0,1.0,-0.87,12.61,0.0,3.33,1.74,129.54,1.13,1.0,2.0,1.87,2.6,1.0,5.25,1.74,1.0,-0.15,0.0,85.52,0.67,0.0,2.0,-1.74,0
0.0,2.77,2.0,6.0,0.0,-1.11,2.55,-2.61,1.0,0.0,1.55,1.77,4.82,1.55,6.45,4.09,1.77,0.75,0.0,0.77,-0.39,0.0,1.77,0.0,0
-2.52,1.0,0.0,3.53,-0.5,1.44,0.0,44.65,1.5,0.0,2.97,0.5,3.38,4.04,3.91,2.0,1.5,0.0,0.5,-157.45,0.75,0.0,2.0,2.0,0
0.0,0.46,0.29,1.63,0.0,0.45,0.46,71.83,2.08,1.63,14.29,2.54,8.41,0.46,4.75,0.46,1.0,0.08,0.0,2.04,0.41,0.0,3.46,-0.54,0
0.0,1.0,-0.71,0.0,0.0,0.85,-2.13,-28.42,1.0,0.0,-0.84,2.0,0.92,0.0,-1.12,-2.13,2.42,1.27,1.42,25.58,0.88,0.0,0.29,0.29,0
1.0,1.0,-0.71,4.29,1.71,-0.19,1.0,114.95,4.42,0.0,21.11,1.0,6.78,1.42,9.8,0.29,1.0,2.16,0.0,11.25,0.91,0.0,1.0,1.42,1
0.62,1.0,1.38,4.0,6.0,0.54,0.0,26.33,2.0,0.0,7.6,1.38,9.89,2.47,8.8,1.62,1.0,1.66,0.0,69.0,0.71,0.0,0.77,2.0,0
0.0,1.0,-1.69,8.35,0.67,1.86,-1.35,-1.35,1.67,0.0,-4.06,1.0,-1.63,-1.35,7.25,10.67,3.0,2.67,2.0,0.0,1.0,0.0,3.0,1.0,0
1.83,1.61,-2.72,2.0,3.06,-0.07,2.0,63.39,1.61,0.61,19.94,1.0,-2.03,0.78,10.69,2.0,1.0,0.46,0.0,466.88,1.08,0.0,2.0,1.61,0
0.0,1.0,0.94,1.0,0.0,0.39,2.94,42.06,1.06,0.0,6.9,1.0,2.79,1.87,7.55,6.61,1.0,0.75,0.0,6.55,0.69,0.0,1.94,1.06,0
6.04,1.0,8.56,-1.6,0.52,-0.59,1.0,130.84,0.48,0.0,27.73,2.52,6.61,1.52,11.32,1.0,1.0,2.16,0.0,321.77,0.75,0.0,3.0,2.0,1
0.0,1.0,-1.09,0.0,0.0,0.39,-0.55,131.11,1.0,0.0,0.73,1.0,0.6,0.0,0.06,4.0,1.0,-0.55,0.0,-1.64,1.0,0.0,1.55,1.0,0
0.0,1.0,-5.8,6.28,-12.32,0.63,4.17,-25.35,1.28,-16.66,9.9,0.55,2.37,4.17,17.95,13.17,4.0,2.94,3.0,-120.25,0.83,0.0,-1.17,-2.17,0
14.0,2.79,7.79,0.63,16.27,0.2,0.79,101.52,3.0,3.0,128.06,5.0,3.73,0.79,5.62,1.0,1.0,1.13,0.0,2403.4,0.65,3.0,3.21,8.21,1
0.78,1.0,0.0,1.78,0.78,-0.08,1.78,91.02,2.78,0.0,19.31,2.78,8.71,3.78,11.84,5.0,4.0,1.59,1.0,287.37,-0.06,0.0,0.22,3.33,0
-0.71,1.0,1.29,1.43,0.0,0.27,0.0,42.1,2.71,1.0,16.99,1.29,1.21,0.0,7.65,0.29,1.0,0.52,0.0,150.43,0.47,0.0,2.43,3.14,1
-1.67,0.0,3.33,0.0,-0.83,3.16,0.83,89.16,0.17,0.0,8.33,1.0,0.0,-0.83,2.57,0.17,0.0,-0.24,0.0,-6.67,0.79,0.0,3.5,-0.83,0
0.0,1.0,0.0,11.61,0.0,-0.06,8.2,21.91,3.6,0.0,17.61,1.6,4.38,2.6,23.06,12.01,2.8,2.55,1.8,9.8,0.67,0.0,2.0,1.0,0
8.02,1.0,39.53,-0.67,7.13,0.37,-0.89,126.66,1.89,1.78,-4.24,2.0,16.38,2.0,1.87,0.11,1.0,0.87,0.0,-24.74,-0.22,0.0,1.0,-0.78,0
1.0,1.0,3.69,8.24,0.0,0.45,1.69,31.47,1.85,1.0,6.0,1.15,-0.25,1.85,9.39,5.24,1.0,1.75,0.0,84.0,-0.35,0.0,3.0,1.0,1
-0.78,1.0,0.45,2.55,0.0,0.19,5.33,74.88,1.78,0.0,12.0,1.0,7.32,3.0,16.67,4.55,1.0,1.2,0.0,4.0,1.26,0.0,1.78,1.22,0
0.0,1.0,1.0,-1.02,1.0,-0.74,0.0,35.18,0.49,0.0,10.07,2.0,2.18,0.0,5.32,3.02,1.0,0.8,0.0,68.29,1.0,0.0,1.0,-1.02,0
0.0,1.0,0.0,0.99,0.0,-0.14,4.5,56.04,3.0,-0.5,14.54,0.5,4.63,3.5,12.87,6.5,3.0,2.19,1.0,7.02,0.28,0.0,3.5,4.0,0
0.0,1.0,0.68,0.0,0.0,0.53,-1.36,103.24,1.0,0.0,10.48,1.0,1.78,-0.36,-1.58,-2.4,1.0,0.27,0.0,-0.68,1.34,0.0,2.68,0.0,0
0.0,1.0,0.93,1.14,0.0,2.58,0.93,95.36,3.0,0.0,4.64,1.0,3.05,1.0,3.9,1.07,1.0,0.46,0.0,1.86,0.54,0.0,2.0,0.07,0
0.0,2.0,1.0,8.21,1.0,0.28,5.9,132.78,2.0,5.0,10.93,1.0,9.88,3.93,12.27,12.15,0.0,0.01,0.0,3.66,0.89,0.0,4.66,1.66,0
0.0,1.0,1.0,1.79,0.0,1.61,0.0,25.98,2.9,0.0,0.21,1.0,-0.43,2.0,4.92,6.58,1.0,-0.8,0.0,-105.72,1.0,0.0,2.79,1.79,0
-0.9,-0.8,0.0,-5.29,0.0,2.2,-0.9,102.7,4.8,2.7,-8.99,1.0,9.67,0.0,-1.01,2.0,1.0,-0.45,0.0,-8.09,1.0,0.0,3.9,0.1,0
0.92,1.08,-1.75,1.08,0.0,1.44,-2.75,45.82,3.92,0.0,-0.58,1.92,3.68,-0.92,-3.14,-1.75,1.0,-0.65,0.0,78.8,0.45,0.0,3.75,-0.92,0
0.0,1.0,2.64,4.43,0.0,0.03,2.0,9.64,2.0,0.0,11.35,1.64,3.58,2.36,8.06,5.36,1.0,1.09,0.0,0.0,0.0,0.0,2.0,0.0,0
4.89,1.0,10.39,21.0,1.83,0.08,2.39,104.61,1.0,1.22,28.11,1.61,6.87,7.0,13.49,14.39,1.0,-0.11,0.0,-1.22,0.44,0.0,2.61,1.0,1
1.0,1.0,2.0,1.86,-0.86,0.65,-0.86,48.69,1.86,0.0,6.99,1.0,3.19,0.0,0.93,0.0,1.0,1.13,0.0,-1.72,1.1,0.0,1.86,1.86,0
-22.43,1.0,-3.39,1.3,-4.24,0.05,4.7,82.0,2.0,-1.7,2.22,0.15,-1.78,1.0,9.91,2.7,1.85,1.83,0.0,-997.18,1.03,0.0,0.15,1.3,0
2.07,1.0,0.52,0.48,1.04,2.07,-1.55,95.34,3.0,0.0,7.25,2.04,3.45,0.52,-0.32,1.48,1.0,-0.52,0.0,46.63,0.7,0.0,3.0,4.11,0
0.0,1.0,-2.92,1.96,1.0,0.95,1.0,9.66,3.31,0.0,11.0,1.0,0.44,0.0,6.01,1.65,1.65,0.74,0.0,-68.56,0.83,0.0,-0.31,0.65,0
-1.91,2.0,2.06,-1.91,0.0,0.03,1.03,-53.39,1.0,1.94,-4.77,1.0,0.2,1.0,5.32,1.03,1.0,1.63,0.0,-26.15,0.51,0.0,4.0,-0.97,0
0.0,1.0,0.0,1.48,0.0,0.46,1.55,14.0,1.0,0.0,4.55,2.0,3.04,2.04,4.75,2.04,1.0,1.1,0.0,0.0,1.0,0.0,1.48,0.48,0
-3.83,1.0,4.0,1.47,2.0,-1.81,1.0,89.0,3.77,0.0,23.53,1.77,5.5,0.77,8.4,3.3,2.53,2.2,1.53,240.95,0.28,0.0,3.0,2.0,1
0.0,1.0,-3.44,10.84,0.0,1.57,1.92,-56.11,1.0,0.0,-18.4,0.08,5.68,0.0,-1.39,1.0,1.0,0.67,0.0,-4.6,1.23,0.0,-0.76,0.0,0
3.0,2.6,9.6,1.8,0.0,-5.26,2.0,117.98,2.2,0.0,33.6,3.2,9.23,0.6,8.77,1.6,0.6,1.86,0.0,85.0,1.6,0.0,2.2,2.2,0
-0.94,2.0,-1.89,5.98,-0.98,0.64,0.0,81.04,2.98,3.0,-1.87,2.0,1.16,1.0,6.43,1.0,1.0,1.3,0.0,-32.37,0.42,0.0,-2.9,-1.96,0
0.0,1.0,0.97,-3.85,0.0,-0.05,-1.94,154.52,0.03,0.0,5.12,3.0,5.02,-1.94,-2.39,-9.66,-1.91,-1.62,-2.91,400.19,0.62,0.0,2.0,2.0,0
2.0,1.0,3.48,1.52,1.0,0.51,0.0,80.66,2.0,0.0,9.23,2.52,6.61,2.05,3.53,1.48,1.0,0.96,0.0,6.7,1.0,0.0,1.52,1.0,0
0.84,1.84,0.0,26.63,0.0,2.41,12.66,127.85,2.16,0.0,16.88,1.0,1.84,0.16,18.0,2.0,1.0,-0.29,0.0,280.23,0.55,0.0,2.0,2.69,1
0.0,1.0,3.0,0.82,0.0,0.17,1.77,110.61,1.0,0.0,31.36,2.41,5.65,1.18,9.8,5.72,0.0,-0.02,0.0,-4.72,1.12,0.0,1.59,0.59,0
0.0,1.0,5.01,3.99,-6.95,0.95,0.0,75.17,1.0,-1.99,4.99,1.99,4.26,-0.99,3.0,1.99,0.0,-0.25,0.0,108.0,0.17,0.0,3.0,0.0,0
2.0,1.0,2.45,11.83,1.0,-0.27,0.77,159.94,1.23,0.0,38.21,2.0,6.05,4.09,11.99,8.96,1.0,0.81,0.0,13.0,1.58,0.0,1.0,1.77,1
8.17,2.0,23.15,2.0,5.21,0.08,5.0,104.31,1.0,1.3,12.91,1.0,3.1,1.0,9.74,1.0,1.0,2.04,0.0,-56.67,-0.26,0.0,-0.3,-0.3,0
14.3,2.65,4.26,6.3,4.61,-0.59,1.3,142.73,2.0,2.61,34.91,2.65,7.04,0.65,10.98,1.0,1.0,1.9,0.0,63.04,0.05,0.0,5.0,7.61,1
44.22,0.46,130.5,7.3,44.76,3.79,0.0,110.79,2.0,25.27,44.6,2.62,0.23,-0.08,-1.11,-0.54,0.46,-0.38,0.0,10970.27,0.75,0.0,3.08,-0.54,0
0.0,1.0,2.32,6.32,1.0,0.69,-2.32,90.62,2.0,0.0,9.19,1.0,1.36,-1.55,3.79,-1.64,1.0,1.25,0.0,30.94,0.87,0.0,3.55,0.23,1
-1.43,0.29,-1.85,-2.57,0.0,0.28,0.0,57.46,0.29,-2.14,12.57,0.29,5.68,0.0,2.98,2.0,1.0,0.55,0.0,12.0,1.71,0.0,1.0,0.0,0
0.0,1.0,0.69,-2.07,0.69,-0.17,0.69,50.14,1.69,0.0,12.58,3.0,-2.28,0.31,5.81,1.0,1.0,0.46,0.0,17.38,0.16,0.0,2.0,1.0,0
2.01,1.0,0.0,-2.01,0.0,0.32,0.0,70.84,1.67,0.0,0.97,3.0,2.01,-0.34,-1.25,-0.34,1.0,1.0,0.0,7.27,0.68,0.0,-0.01,2.34,0
0.0,0.39,0.0,0.0,0.0,2.06,-0.61,85.3,2.0,0.0,2.33,2.0,-0.12,-0.61,-0.51,2.0,0.39,1.11,0.0,106.79,1.2,0.0,0.39,-1.82,0
0.0,1.0,0.44,4.5,-0.13,0.16,1.13,37.69,2.0,-1.13,7.38,1.44,6.83,5.06,6.33,4.38,1.0,0.78,0.0,0.0,0.67,0.0,2.0,0.56,0
0.0,1.0,0.0,6.0,0.0,4.3,0.0,27.06,0.0,1.0,0.0,-1.0,0.58,1.0,0.45,0.0,1.0,-0.44,0.0,168.76,0.63,0.0,1.0,0.0,0
0.67,2.0,-1.35,-0.7,0.0,3.05,1.0,23.36,1.33,2.7,1.95,0.65,3.52,0.0,2.85,1.0,1.0,0.15,0.0,14.36,0.77,0.0,-0.35,-0.67,0
0.0,1.0,-3.18,2.54,1.0,1.62,0.0,1.27,3.27,1.91,-0.54,1.0,10.03,4.64,4.1,5.64,6.0,2.0,2.0,-1.27,0.89,0.0,1.64,1.27,0
0.0,1.0,0.0,6.0,0.0,3.78,0.84,18.5,0.0,1.0,7.73,-0.84,3.02,1.84,5.25,0.84,1.0,-0.39,0.0,170.68,0.34,0.0,1.84,2.52,0
0.0,1.81,0.81,3.62,2.43,2.78,1.62,99.19,2.0,3.23,12.13,1.0,2.18,0.0,3.21,0.19,1.0,-0.22,0.0,42.85,0.6,0.0,3.62,3.23,0
0.0,2.0,1.0,-0.72,0.0,0.29,0.28,47.41,1.0,0.0,3.38,1.0,8.72,0.0,-1.39,0.09,1.0,0.52,0.0,8.0,0.5,0.0,1.0,1.0,0
30.0,4.0,0.99,-11.85,1.0,0.35,-1.97,81.18,2.0,0.0,6.06,2.0,-3.54,-6.9,1.05,-2.95,1.0,2.51,0.0,18.0,0.5,0.0,2.0,1.01,0
0.0,1.0,2.63,7.97,1.31,0.42,3.66,37.77,2.31,0.0,26.82,1.0,8.25,3.0,13.33,1.03,1.0,0.44,0.0,168.63,0.18,0.0,5.31,1.66,1
-0.6,1.0,3.19,2.42,0.0,-1.45,1.0,106.12,1.0,3.0,1.19,2.6,6.3,3.0,6.49,1.6,1.0,1.81,0.0,50.12,-0.3,0.0,1.6,0.0,0
0.0,1.61,0.0,4.65,0.0,-98.05,1.82,107.36,1.61,0.0,10.12,1.61,6.63,2.82,9.48,2.82,1.61,0.0,0.0,21.46,0.74,0.0,2.22,0.0,1
1.14,1.57,1.71,1.14,0.0,0.28,-1.14,97.29,2.57,1.71,9.0,2.57,2.25,0.57,7.14,2.0,1.0,2.28,0.0,108.0,0.43,0.0,1.57,0.0,0
3.0,1.0,5.46,3.0,1.0,1.7,-1.09,130.69,2.09,0.0,7.29,2.0,4.5,0.54,3.68,1.54,1.0,0.63,0.0,41.0,0.38,0.0,6.54,2.54,0
82.9,0.1,239.79,1.8,84.8,0.44,-1.8,102.7,2.9,45.0,73.48,4.9,2.35,0.9,0.19,0.0,0.9,-0.18,0.0,20228.51,0.22,0.0,4.9,5.51,0
0.0,1.0,0.0,1.0,0.0,1.1,-3.01,56.66,-0.34,0.0,0.96,2.0,4.77,-1.01,1.24,-1.01,1.0,0.16,0.0,81.0,1.0,0.0,2.34,0.33,0
0.0,1.0,-3.42,21.0,0.0,0.84,3.0,73.31,1.0,0.0,28.72,1.0,6.79,7.0,13.29,14.14,1.0,0.0,0.0,0.0,0.75,0.0,2.0,-0.71,1
10.53,1.81,2.81,10.24,2.62,0.59,1.0,119.69,1.81,0.0,14.34,1.81,6.31,-0.62,9.76,0.57,-0.62,0.9,-1.62,-15.64,0.57,0.0,5.24,4.05,1
0.0,1.0,0.0,0.77,0.0,1.17,0.0,-16.16,2.0,0.0,2.11,1.56,0.02,0.56,1.1,1.0,1.0,-0.3,0.0,22.36,0.67,0.0,4.56,-1.11,0
13.0,2.9,1.0,6.8,2.0,-0.04,0.0,145.41,2.9,0.0,25.0,2.0,5.46,-1.8,10.07,-0.8,-3.5,1.13,-1.8,31.7,-0.01,0.0,5.0,6.8,1
0.0,0.35,-0.65,0.65,0.0,2.99,0.0,65.26,2.0,0.0,-2.61,2.0,1.49,1.65,0.35,1.65,1.0,-0.65,0.0,0.0,0.0,0.0,2.65,0.65,0
1.0,2.0,1.0,-3.17,1.0,0.16,-2.38,51.19,3.79,0.0,10.42,1.0,3.17,1.0,1.05,0.21,1.0,0.44,0.0,-0.96,1.26,0.0,1.21,3.79,0
2.98,2.0,1.0,0.99,1.0,-0.09,0.0,136.22,3.0,0.0,19.9,1.0,5.02,1.0,8.44,1.99,1.0,1.73,0.0,192.72,0.51,0.0,2.99,3.0,1
0.93,1.0,-1.86,1.07,0.93,0.5,0.93,141.08,2.86,0.0,23.47,2.93,13.93,1.07,4.83,-0.86,-1.79,-1.12,-0.93,357.25,0.62,0.0,3.86,2.79,1
0.0,1.0,0.29,2.15,0.0,0.37,1.0,78.03,0.15,0.0,0.32,0.15,1.67,1.0,7.31,2.71,1.0,-0.66,0.0,-5.83,0.24,0.0,1.85,2.0,0
0.0,2.0,1.0,0.0,0.0,0.31,3.0,0.0,1.0,0.0,2.0,1.0,1.33,0.0,5.67,1.0,2.0,1.0,1.0,0.0,1.0,0.0,1.0,0.0,0
0.0,3.21,4.01,5.01,0.0,-205.51,0.0,48.2,4.21,0.0,8.82,1.6,7.25,1.21,6.31,1.6,1.6,1.77,0.0,27.72,1.36,0.0,1.6,0.0,1
0.0,1.0,0.65,1.65,0.0,1.92,0.0,105.85,3.0,0.0,-4.55,-0.3,-0.0,0.0,1.49,2.0,1.0,0.26,0.0,214.45,1.0,0.0,2.35,-0.3,0
0.0,1.0,0.31,-3.45,-0.38,-0.01,0.0,72.0,0.62,0.0,5.38,2.69,1.56,0.0,3.15,0.31,1.0,1.17,0.0,-0.69,1.01,0.0,2.69,-0.69,0
-1.52,-0.76,1.52,2.27,1.52,32.36,-0.76,12.88,1.52,0.0,-15.15,-0.76,-1.74,0.0,-5.66,0.0,0.0,-0.89,0.0,-152.28,0.02,0.0,2.0,-0.76,0
-2.56,2.0,1.0,0.0,1.0,0.69,0.0,37.45,3.51,0.0,10.98,0.49,1.7,1.51,5.45,1.0,1.0,1.47,0.0,4.52,1.0,0.0,1.49,3.51,0
0.0,1.0,0.0,5.0,0.0,1.72,-0.86,54.17,2.14,0.0,3.44,1.0,4.24,3.14,3.38,4.0,1.0,-0.41,0.0,-0.86,1.0,0.0,1.0,0.0,0
8.41,1.76,6.12,1.53,2.29,0.07,0.0,32.24,0.24,8.41,36.65,3.53,2.97,0.0,6.72,0.76,1.76,2.11,0.0,546.75,0.97,0.76,1.76,6.12,1
0.0,1.79,0.79,4.0,-0.79,0.73,0.0,82.0,3.79,3.0,-5.5,3.58,10.14,0.21,1.41,-0.58,0.21,0.38,0.0,285.9,0.2,0.0,5.17,2.0,0
2.0,2.0,0.0,0.59,0.0,-0.04,-1.82,70.0,0.29,0.0,32.41,2.71,4.1,-0.71,16.46,-0.41,0.29,1.59,-0.71,201.29,0.59,0.0,1.29,-0.82,1
0.0,1.0,2.96,12.88,0.0,1.23,0.98,112.53,1.0,2.94,27.06,3.0,10.4,2.94,4.17,1.98,1.0,0.14,0.0,285.0,-0.53,0.0,3.0,9.0,1
2.0,1.0,1.41,-0.71,0.0,2.19,0.0,17.69,0.71,5.0,7.78,0.71,2.79,1.0,4.07,1.0,1.0,0.15,0.0,105.41,0.65,0.0,1.0,0.0,0
0.0,1.0,0.0,-0.39,1.0,0.71,0.0,48.14,2.0,0.0,3.73,1.7,4.92,0.0,4.07,2.0,1.0,0.46,0.0,-15.72,0.62,0.0,2.0,0.3,0
4.0,1.0,-1.71,2.29,1.86,0.68,1.0,38.02,1.86,2.0,-19.41,0.14,5.32,3.0,2.41,1.0,1.86,1.04,0.0,112.0,0.11,0.0,1.86,0.0,0
0.0,1.0,2.94,3.2,1.47,1.06,0.73,99.83,1.73,0.0,17.16,1.0,5.14,1.0,4.95,1.73,1.0,0.49,0.0,154.8,0.26,0.0,2.47,1.47,1
0.0,0.46,-2.17,8.37,-1.09,21.22,-0.54,51.66,0.37,1.0,-9.95,0.46,0.68,1.0,-3.07,-0.54,0.46,-0.36,0.0,-23.97,0.3,0.0,1.46,-1.09,0
6.66,-0.66,14.15,-0.5,3.33,2.48,-0.83,112.49,2.83,1.66,0.0,1.83,-3.97,-0.83,-1.25,0.17,1.0,-1.57,0.0,-106.55,0.58,0.0,2.0,-1.66,0
0.0,1.67,0.33,1.67,-0.67,0.7,0.0,31.21,1.0,0.0,5.7,1.33,3.16,1.34,6.91,1.34,1.0,0.43,0.0,0.0,0.89,0.0,0.33,0.67,0
0.0,2.0,1.0,0.78,0.0,0.22,3.0,69.59,0.39,0.0,3.33,1.61,2.67,-0.61,-9.71,-0.22,1.0,1.31,0.0,7.39,0.7,0.0,-0.22,1.0,0
0.0,1.0,1.4,8.5,0.0,0.77,2.0,31.5,1.65,0.0,8.75,1.0,7.78,7.2,7.47,5.25,1.0,0.0,0.0,0.0,1.0,0.0,1.35,1.0,0
-0.88,1.0,2.65,-3.41,-0.88,1.7,0.88,96.47,2.12,0.0,8.83,1.88,0.62,0.0,3.29,2.0,1.0,-0.63,0.0,2.65,1.0,0.0,4.77,-0.77,0
0.0,0.36,1.29,21.0,0.0,0.37,0.42,96.86,1.0,0.0,30.42,1.0,8.89,7.64,12.29,15.0,1.0,-0.6,0.0,1590.27,1.07,0.0,2.64,0.36,1
1.0,1.0,-0.99,0.99,0.0,0.85,-2.98,71.96,1.0,0.0,-13.88,2.99,4.25,-0.99,-7.98,-0.99,1.0,-0.11,0.0,-3.97,0.33,0.0,1.99,-1.99,0
0.0,1.55,1.0,2.09,0.0,1.36,-1.64,20.1,3.0,0.0,1.81,1.0,2.6,-1.09,1.73,-0.64,1.0,0.86,0.0,-3.83,0.64,0.0,1.45,0.45,0
0.0,1.0,11.0,3.15,0.58,0.85,-1.73,69.13,1.0,0.0,-0.3,2.0,15.61,0.85,0.73,-2.45,1.0,1.15,0.0,2.0,0.67,0.0,1.0,1.0,0
1.0,1.0,3.48,-1.24,0.0,0.1,0.0,4.89,0.38,0.0,2.0,1.38,2.04,0.62,4.69,-0.24,1.0,0.14,0.0,-4.35,0.64,0.0,1.62,-1.24,0
0.0,1.62,0.0,2.87,0.0,-18.46,2.0,157.41,2.25,0.0,18.0,1.62,4.13,1.0,8.62,1.62,1.62,1.54,0.0,7.0,1.37,0.0,0.38,5.25,1
-1.93,-0.93,2.0,-4.79,0.0,1.73,-0.96,-30.47,1.96,0.0,-17.29,1.0,-2.38,1.0,-1.88,1.0,1.96,-0.74,0.0,-29.91,1.48,0.0,-0.93,-0.93,0
38.95,3.11,9.84,-31.32,3.68,-0.2,-13.42,119.16,2.0,10.74,27.11,2.89,5.35,1.0,-12.4,1.0,1.0,2.45,0.0,373.22,0.4,0.89,3.79,7.37,0
0.0,2.0,2.0,5.11,0.0,1.27,1.0,46.66,1.0,0.0,-3.56,1.89,3.59,0.0,0.47,1.89,1.0,0.7,0.0,-1.78,-0.25,0.0,-0.78,-0.89,0
0.0,1.0,0.0,-1.76,0.0,0.82,-1.84,107.83,0.08,0.0,0.47,1.0,4.56,-0.92,-2.14,-6.21,-1.76,-0.56,-2.76,120.76,1.0,0.0,1.92,0.92,0
0.0,2.0,0.9,-0.9,0.0,-1.79,0.0,34.91,0.1,0.0,3.9,1.9,4.75,1.0,4.08,0.1,1.0,1.23,0.0,0.0,1.0,0.0,0.1,0.0,0
0.0,1.0,-0.59,3.41,0.59,4.84,0.0,-24.67,0.41,1.0,-0.17,1.0,1.5,3.35,2.76,3.35,3.94,0.91,1.17,0.0,1.0,0.0,0.41,-0.59,0
2.0,1.0,0.55,0.45,0.0,0.47,0.0,59.45,2.0,0.0,6.91,1.0,-1.94,-1.09,2.07,0.45,1.0,0.18,0.0,192.0,0.5,0.0,1.45,0.0,0
1.19,1.6,3.98,-0.6,2.38,1.1,1.19,58.25,1.4,2.38,18.91,1.6,2.65,-0.79,3.81,-0.98,1.0,1.3,0.0,43.35,0.7,0.0,3.19,5.38,0
0.0,1.54,0.54,4.84,0.0,-0.76,2.0,0.0,3.62,-2.16,8.08,2.54,0.86,1.46,12.18,11.54,4.0,3.54,3.0,-0.54,0.86,0.0,-0.62,-0.54,0
-0.61,3.22,2.0,3.56,0.0,-2.46,1.0,60.0,1.61,-0.61,0.61,2.22,2.8,-0.61,3.72,1.61,1.0,0.9,0.0,28.62,0.0,0.0,-0.22,-0.61,0
0.0,1.0,11.58,6.92,16.29,0.6,1.08,67.33,1.0,22.04,15.58,1.96,10.77,0.0,6.5,0.0,1.0,0.87,0.0,134.14,1.2,0.0,2.96,3.87,0
0.0,1.65,1.65,2.71,2.0,0.87,0.0,42.68,2.0,2.0,1.65,2.0,0.88,-0.94,5.84,2.94,1.0,1.43,0.0,-0.65,0.68,0.0,0.35,0.0,0
-0.78,1.0,4.0,3.0,6.69,0.38,1.0,81.18,3.0,1.56,11.05,1.0,2.89,0.0,3.75,-0.56,1.0,0.75,0.0,200.18,0.41,0.0,3.0,2.0,0
1.0,1.0,2.62,0.0,1.62,0.06,0.0,103.61,1.0,0.0,17.5,2.0,5.74,1.0,4.6,3.25,1.0,-0.04,0.0,14.99,0.67,0.0,1.0,0.0,0
0.0,1.0,0.0,3.77,0.0,1.39,0.0,77.28,1.06,0.0,0.0,2.94,-2.52,-1.83,2.16,0.06,1.0,0.33,0.0,3.77,0.28,0.0,1.06,0.0,0
0.0,1.57,2.85,9.28,3.43,1.06,0.0,76.28,2.0,1.0,5.86,1.0,4.26,2.14,5.18,0.43,1.0,1.82,0.0,38.63,0.31,0.0,3.0,3.57,0
0.0,0.42,0.0,-0.51,0.0,3.97,0.0,7.01,0.42,10.0,-1.09,2.0,34.75,17.0,-1.02,1.0,1.0,-0.58,0.0,-2.92,1.0,0.0,1.58,0.0,0
6.87,1.0,16.45,1.0,3.43,-0.12,0.0,101.75,1.0,1.72,16.58,1.86,1.74,0.0,7.4,1.14,1.0,1.32,0.0,12.0,0.14,0.0,1.0,0.0,1
0.0,1.0,0.76,3.76,0.0,-1.08,5.0,157.86,0.24,0.0,14.66,0.24,3.81,-0.76,18.03,12.76,1.0,1.09,0.0,9.14,1.76,0.0,0.24,2.0,0
0.0,1.0,0.0,4.55,0.0,5.53,0.0,32.63,3.0,1.77,-7.98,0.11,-1.2,0.89,-1.29,2.0,1.0,-0.48,0.0,-23.05,1.44,0.0,2.11,-0.77,0
3.0,1.0,1.38,2.38,0.0,2.22,1.0,55.0,-0.24,1.24,11.52,2.62,0.65,0.62,3.12,0.38,1.0,-0.41,0.0,30.0,1.0,0.0,2.0,1.38,0
31.1,1.0,2.9,2.8,5.0,0.11,1.0,105.51,2.0,2.0,29.07,2.55,8.83,0.0,8.95,0.0,0.0,1.11,0.0,1310.24,0.83,0.0,3.55,3.1,1
0.0,1.0,0.71,5.41,0.0,0.15,0.0,53.83,1.71,0.0,3.0,2.71,5.59,0.0,3.79,1.0,1.0,1.31,0.0,-0.41,0.85,0.0,2.41,4.41,0
0.0,1.0,2.0,3.28,3.0,1.64,2.0,80.17,3.64,1.36,9.36,-0.57,2.39,1.0,6.12,1.64,1.0,0.36,0.0,0.0,1.0,0.0,2.0,1.0,0
0.0,1.0,-7.97,-0.45,0.0,0.13,0.0,-7.92,1.0,1.45,4.9,3.0,-9.51,-1.45,-0.32,0.28,1.0,-0.42,0.0,-0.72,-0.12,0.0,1.72,0.0,0
-2.19,1.0,2.0,-0.46,0.0,0.14,2.27,65.04,1.0,0.0,10.23,0.27,8.27,3.73,11.41,3.0,1.0,0.62,0.0,-17.94,1.0,0.0,0.27,1.27,0
0.0,1.0,0.0,4.05,-0.52,0.6,0.0,89.44,1.48,0.0,6.67,2.0,5.08,0.52,3.35,-0.05,1.0,0.21,0.0,66.16,0.05,0.0,4.0,2.52,0
-1.68,2.0,1.0,-8.39,0.0,-2.22,3.84,0.0,1.84,-0.84,-1.35,1.0,2.59,0.84,7.34,1.84,2.0,1.63,1.0,0.84,1.0,0.0,1.0,-0.84,0
0.0,1.0,1.0,4.35,0.0,0.43,3.0,94.06,1.0,0.0,-3.88,1.0,0.56,-1.51,4.05,-0.51,1.0,0.63,0.0,3.65,0.5,0.0,1.84,1.16,0
2.66,1.0,6.98,1.0,0.83,0.16,0.0,98.6,1.0,0.0,6.36,1.0,0.5,-1.66,3.66,0.0,1.0,1.65,0.0,30.73,0.48,0.0,4.32,2.66,1
0.0,1.0,1.0,2.0,0.0,0.46,3.0,72.47,0.5,0.0,6.5,1.5,8.05,2.0,8.29,1.5,1.0,1.25,0.0,7.0,0.5,0.0,1.5,1.0,0
1.0,2.0,0.0,2.32,0.0,0.55,-0.04,31.84,1.32,0.0,-0.41,2.0,2.25,0.0,3.09,0.59,2.36,3.24,1.36,38.31,0.16,0.0,2.32,1.32,0
2.1,1.7,6.3,-2.1,0.0,-0.06,1.4,63.6,1.3,0.0,30.01,2.0,2.76,0.0,7.68,2.0,0.3,2.7,0.0,131.12,1.42,0.0,-1.1,-0.7,0
0.0,1.66,3.66,3.32,0.0,0.47,0.0,100.0,1.0,0.0,29.0,3.0,5.18,-1.32,8.39,1.0,-1.32,0.2,-1.32,-28.42,0.67,0.0,1.0,0.0,1
-1.21,0.4,-1.21,2.19,-2.42,0.56,-0.6,67.14,0.4,-2.42,-4.86,2.0,2.59,0.0,2.29,1.0,1.0,0.5,0.0,-34.08,0.5,0.0,1.6,-0.02,0
6.55,1.0,-1.01,5.02,1.01,0.91,-1.51,143.36,2.5,0.0,9.04,1.5,2.08,-0.5,5.24,5.99,1.0,-0.44,0.0,9.58,0.68,0.0,5.02,3.01,1
0.0,1.0,4.0,2.39,2.0,-0.72,1.0,121.36,2.39,0.61,22.0,3.44,4.2,0.0,6.18,0.39,1.0,0.67,0.0,208.0,0.67,0.0,1.78,2.0,0
0.0,1.0,0.0,0.0,0.0,1.62,-0.84,7.54,2.84,0.0,-9.21,1.0,5.63,1.16,-3.58,1.0,1.0,0.12,0.0,1.33,1.28,0.0,1.0,-1.51,0
0.0,1.0,-1.19,0.81,0.0,2.44,0.0,100.0,2.59,0.0,1.59,1.0,-0.08,-1.19,-0.04,-0.19,-0.78,-1.48,-0.59,8.32,0.8,0.0,2.78,0.0,0
-1.32,1.0,0.66,4.0,0.0,0.22,6.0,63.45,2.34,0.0,10.38,1.66,7.41,4.0,15.46,3.34,1.0,2.04,0.0,-126.65,1.33,0.0,0.34,1.0,0
0.0,2.55,4.33,1.78,0.0,-7.05,3.33,62.0,3.78,0.0,18.65,2.78,3.61,0.78,11.6,2.33,1.78,1.96,0.0,8.78,1.44,0.0,2.0,3.33,0
0.0,2.0,-5.5,4.05,0.0,-0.01,0.95,76.18,2.0,0.0,22.32,0.05,-4.63,1.05,12.94,1.0,1.0,1.85,0.0,51.73,0.51,0.0,2.95,1.05,1
1.0,1.0,0.71,6.13,1.0,0.38,2.42,56.6,1.58,0.0,23.42,1.29,5.21,0.29,6.4,1.0,1.0,0.58,0.0,378.32,0.82,0.0,1.58,3.0,1
4.84,1.0,-1.69,4.97,-16.47,3.63,0.0,-1.12,0.06,-22.28,-6.53,-0.91,-2.85,1.97,1.69,1.97,1.0,-0.31,0.0,-164.67,1.45,0.0,-1.91,-4.84,0
0.0,2.0,1.0,0.9,0.0,0.49,4.79,-40.39,2.79,0.0,-7.87,1.0,2.15,1.79,5.07,5.49,3.79,1.06,1.9,-3.59,0.78,0.0,2.79,0.0,0
27.75,1.0,3.7,5.92,4.62,1.83,-4.62,74.05,0.08,1.85,-1.77,1.92,3.92,-0.7,-8.37,-2.7,0.08,-0.73,0.0,1109.93,0.1,0.0,3.85,0.92,0
0.0,1.0,0.4,7.8,1.0,3.65,1.0,50.0,0.2,3.2,4.6,0.2,4.99,0.2,5.45,0.6,-1.4,-0.4,-0.8,3.8,0.13,0.0,4.4,0.8,1
0.0,1.0,0.0,9.57,0.0,4.55,1.79,-32.77,0.81,1.0,9.94,1.0,5.02,3.79,7.13,0.6,1.0,0.0,0.0,39.07,0.44,0.0,3.79,0.6,0
-0.55,0.45,1.55,2.35,0.0,1.07,-1.1,-5.07,1.0,0.0,4.45,1.45,2.86,1.1,2.57,-0.55,1.0,-0.6,0.0,-4.96,1.28,0.0,1.9,-1.1,0
0.0,2.0,2.46,4.66,1.0,1.07,0.0,100.0,2.0,3.54,2.61,0.27,8.08,1.46,5.99,3.19,2.19,2.33,0.73,2.27,1.03,0.0,3.27,0.27,0
13.88,2.0,0.12,5.0,2.0,0.73,0.88,9.97,2.0,0.0,10.7,2.0,3.87,-0.88,8.87,1.0,1.0,1.62,0.0,11.16,0.82,0.0,5.88,2.35,0
0.0,1.0,0.0,-4.37,0.0,-2.67,1.0,111.99,1.87,-0.87,9.37,1.87,2.55,0.13,9.24,7.62,2.0,1.78,1.0,-44.53,1.33,0.0,1.0,0.0,0
12.76,1.7,6.88,5.09,14.65,0.54,1.0,121.95,2.39,0.7,101.87,4.09,6.19,0.0,9.75,1.7,1.0,0.97,0.0,1553.14,0.95,2.09,3.39,7.58,1
-4.83,1.97,1.97,6.03,0.0,-2.45,2.9,167.34,1.97,0.0,36.77,3.97,10.55,-0.97,7.35,1.0,1.0,2.47,0.0,292.73,-0.04,0.0,3.0,9.97,1
0.0,1.0,0.0,-0.56,0.0,0.25,0.0,89.31,1.56,1.0,10.06,3.0,0.06,0.0,15.92,1.56,0.0,1.41,0.0,22.56,0.15,0.0,3.13,2.0,0
0.59,2.0,5.0,3.0,4.0,-2.42,2.0,124.25,2.7,1.19,30.7,5.51,4.94,0.3,9.6,0.3,1.0,1.17,0.0,66.0,0.5,0.0,3.0,5.7,1
-6.2,1.0,-19.15,14.25,-4.51,4.68,2.0,-39.52,0.87,-0.56,3.06,-0.13,9.28,10.56,5.12,7.0,1.0,0.82,0.0,0.0,1.56,0.0,1.56,1.56,0
0.38,1.81,4.06,-6.31,0.0,-0.99,0.81,169.81,3.0,-0.81,4.06,1.0,3.27,0.81,7.44,3.62,1.0,1.04,0.0,9.74,0.59,0.0,2.81,2.62,0
0.0,2.0,2.16,3.16,3.48,1.15,0.0,10.43,3.58,0.0,10.95,1.0,0.26,-1.16,6.05,1.0,1.0,1.46,0.0,39.98,0.83,0.0,1.0,1.16,0
1.0,1.0,0.0,2.6,1.0,0.2,1.0,61.41,3.6,0.0,12.2,0.4,7.25,0.0,7.87,1.0,1.0,1.49,0.0,1.4,0.8,0.0,1.6,-1.8,0
0.0,1.0,2.87,-2.83,0.0,0.31,-2.87,128.59,2.0,0.0,18.39,3.91,3.91,-2.87,-2.37,-0.91,0.04,1.06,0.0,-30.6,0.57,0.0,-1.87,1.04,0
-0.77,1.0,-0.77,-2.1,0.0,1.96,-2.32,69.8,3.0,0.0,0.77,0.23,1.3,0.77,5.71,2.77,1.0,0.54,0.0,-99.9,1.21,0.0,1.45,2.55,0
0.0,2.0,-0.88,2.0,0.12,1.03,-0.88,0.1,3.0,0.0,2.34,1.0,4.66,4.64,7.36,4.76,1.0,1.56,0.0,11.24,1.01,0.0,1.0,2.0,0
0.8,1.8,0.0,12.41,0.0,9.59,1.61,33.78,2.0,1.0,-2.83,1.0,1.6,1.0,1.41,1.61,1.0,0.03,0.0,-73.62,0.26,0.0,2.61,1.61,0
-0.77,1.0,0.0,-0.77,0.0,-1.89,0.0,50.0,2.77,6.91,11.3,3.54,28.29,14.28,15.39,4.77,2.0,-0.1,0.0,2.0,0.67,0.0,0.46,-0.77,0
0.0,0.07,-1.87,-2.74,0.0,3.03,-0.93,17.75,4.93,1.0,-20.48,1.93,-1.47,-0.93,-8.18,0.0,1.0,-0.97,0.0,27.09,0.91,0.0,3.8,0.0,0
0.0,-0.17,-0.59,5.24,0.0,1.03,1.41,-12.9,2.0,0.0,7.0,2.0,-1.37,2.0,8.46,11.0,4.0,1.71,3.0,-75.07,0.79,0.0,1.0,-1.17,0
1.75,2.88,3.51,3.75,0.0,0.32,-0.75,65.1,2.88,2.63,6.88,2.0,7.14,0.0,5.33,-1.63,1.0,1.84,0.0,71.0,-0.45,0.0,1.0,-0.88,0
5.31,1.0,11.29,-3.65,3.66,-1.58,0.0,138.43,2.66,1.33,11.33,1.66,1.34,-5.31,5.98,1.34,0.34,-0.46,-0.66,1.0,-0.16,0.0,2.66,1.0,1
0.0,1.0,3.82,4.41,0.0,0.5,2.71,20.36,1.0,0.0,5.71,1.0,2.71,0.71,2.49,1.71,1.0,-0.4,0.0,-1.41,1.24,0.0,1.0,-1.41,0
2.6,1.0,-0.8,2.4,0.0,7.83,-1.6,68.67,1.6,1.0,-3.99,0.0,0.2,1.0,-1.14,0.8,1.0,1.65,0.0,0.0,1.0,0.0,3.8,1.8,0
0.0,2.0,0.0,2.23,8.0,-1.32,0.0,50.41,2.0,0.0,20.0,2.0,6.44,0.0,7.97,0.12,1.0,1.59,0.0,23.0,0.4,0.0,2.0,2.12,1
1.0,1.0,5.11,-1.03,0.0,-1.53,0.0,112.18,2.03,-0.51,5.59,3.03,2.91,0.0,3.89,1.51,1.0,0.44,0.0,-86.76,0.53,0.0,1.0,0.0,0
-0.5,0.5,5.03,-0.5,8.55,1.21,-1.01,95.98,1.0,11.57,8.04,1.5,2.85,0.0,0.3,-0.01,1.0,-0.51,0.0,81.99,1.02,0.0,2.5,2.51,0
0.0,1.0,1.61,-2.41,0.0,0.71,0.0,104.82,4.61,0.0,9.63,1.8,-5.56,-0.8,2.86,1.2,1.0,-0.01,0.0,1.61,0.23,0.0,1.0,0.8,0
1.67,2.0,2.65,-2.37,0.0,0.5,-0.02,-50.48,1.0,0.0,-0.37,1.0,3.25,3.69,9.05,2.67,1.0,2.28,0.0,2.0,1.0,0.0,3.33,-0.67,0
1.0,2.0,4.0,-0.62,0.0,0.07,2.0,0.0,1.0,0.0,2.46,1.0,1.93,1.0,9.73,1.46,1.0,1.83,0.0,-5.54,1.18,0.0,2.38,0.0,0
4.02,2.0,11.04,0.0,0.0,0.11,1.49,107.36,0.49,0.0,33.0,1.49,6.44,1.02,7.77,1.51,0.0,1.76,0.0,125.25,0.92,0.0,1.51,1.0,1
16.52,3.65,1.0,-0.55,0.55,0.22,2.45,4.4,1.55,0.0,-1.3,1.55,2.35,0.0,2.23,1.0,2.0,1.74,1.0,5.51,0.96,0.0,1.0,1.1,0
14.85,1.0,45.11,3.0,15.42,0.36,0.0,132.11,1.0,10.71,21.42,3.71,1.58,-1.14,0.71,-0.57,0.43,-0.11,0.0,849.18,1.0,0.0,1.0,-0.57,0
0.0,1.0,-6.51,4.88,0.0,7.83,0.0,-71.58,1.0,0.81,-2.88,1.19,-1.05,0.0,-1.68,-0.81,1.0,-0.05,0.0,4.88,0.73,0.0,1.0,1.0,0
0.68,1.0,-1.36,-0.68,0.0,0.95,-2.04,18.18,1.0,0.0,-9.26,1.0,1.2,1.68,-4.45,-0.36,1.0,0.15,0.0,-2.72,1.0,0.0,2.0,-1.36,0
0.0,1.94,0.94,8.87,4.0,1.46,0.0,19.71,2.0,1.0,7.0,-0.87,2.01,1.0,9.3,3.81,1.0,2.49,0.0,13.0,0.25,0.0,3.0,3.0,1
-16.78,1.0,-49.98,8.94,-17.42,3.57,0.0,-64.53,1.0,-10.97,-20.3,-0.94,6.42,8.0,-0.09,1.65,2.65,0.64,1.0,-952.51,0.78,0.0,2.94,0.0,0
0.0,1.0,2.09,0.45,0.0,-1.81,0.0,76.0,1.55,-2.18,12.91,1.55,4.98,0.55,9.33,3.64,2.64,2.79,0.55,11.45,1.36,0.0,-0.64,-0.55,0
2.05,1.53,2.63,0.31,2.11,1.6,1.05,45.82,0.0,2.58,14.75,0.53,3.15,1.0,4.76,0.53,1.0,2.62,0.0,31.6,0.91,0.0,4.05,3.63,0
1.16,1.0,4.0,2.58,0.0,0.18,2.58,79.07,0.42,0.0,23.59,1.58,4.58,0.84,8.13,0.84,1.0,0.17,0.0,117.09,0.98,0.0,2.58,1.58,0
1.0,3.0,0.79,35.64,0.0,-2.92,15.0,125.84,1.0,-0.79,38.24,2.0,7.56,-0.79,29.82,1.79,1.0,2.22,0.0,346.45,0.47,0.0,2.0,2.0,1
-7.87,0.28,-7.87,-1.43,-1.15,2.45,0.0,5.01,3.43,-8.58,-30.9,-0.43,1.68,4.0,2.73,5.72,6.0,1.27,2.0,-524.95,1.46,-0.72,0.28,-5.01,0
0.0,1.0,0.0,-8.19,0.0,-2.23,2.0,-62.91,1.0,-0.82,0.36,2.0,0.34,1.18,6.43,5.0,1.0,0.0,0.0,-71.9,0.77,0.0,1.18,0.0,0
0.84,2.67,7.0,12.2,0.0,0.7,0.84,118.4,1.0,0.0,13.2,1.84,5.75,0.0,7.23,1.0,0.0,1.61,0.0,116.36,-0.06,0.0,2.16,2.51,1
0.0,0.25,0.0,1.25,0.0,6.28,3.0,24.62,-0.26,0.0,7.0,0.25,0.87,2.0,7.49,7.49,0.25,0.0,0.0,0.0,0.25,0.0,0.49,0.25,0
0.67,1.67,1.33,0.0,-0.67,2.05,0.0,13.99,2.0,0.0,-0.67,3.33,1.71,1.0,0.57,0.33,0.33,-0.55,0.0,246.46,-0.11,0.0,4.0,0.0,0
-1.58,1.0,0.0,2.37,0.0,-2.83,1.58,178.84,1.79,-3.94,7.15,2.58,-0.59,0.0,10.49,6.37,1.0,0.34,0.0,0.0,1.0,0.0,1.79,1.79,0
-0.63,1.0,0.0,0.48,-0.63,2.1,0.0,93.7,0.74,0.0,-1.89,1.63,3.33,0.63,2.51,1.0,1.0,-0.19,0.0,49.8,1.32,0.0,1.0,2.63,0
0.0,1.0,2.0,0.0,6.18,0.2,0.0,114.29,1.82,2.0,2.65,2.0,5.86,4.29,3.64,2.47,1.0,0.07,0.0,0.0,0.33,0.0,0.18,0.0,0
0.0,1.0,0.0,1.77,0.0,-0.04,0.0,-35.29,0.12,1.0,1.88,5.0,0.57,0.0,1.01,-0.88,1.0,0.0,0.0,12.36,0.71,0.0,1.88,0.12,0
1.0,1.0,3.59,3.14,0.0,0.11,2.28,94.0,1.0,0.0,31.54,2.86,6.59,-0.86,3.72,-2.59,0.14,0.59,0.0,131.0,0.4,0.0,3.14,0.14,1
0.0,1.48,1.0,4.04,0.0,1.25,-0.52,10.36,1.52,0.0,1.48,0.48,0.81,2.07,7.29,6.59,1.0,0.91,0.0,-36.79,0.3,0.0,1.0,0.52,0
0.0,1.0,0.0,-0.03,0.0,0.13,0.0,112.64,1.52,0.0,10.55,2.48,3.84,-0.52,5.89,1.52,1.0,-0.03,0.0,30.64,0.24,0.0,2.0,2.52,0
0.0,1.0,1.0,3.74,2.14,1.18,0.0,78.83,2.0,0.53,6.14,1.0,2.56,1.0,1.88,1.47,1.0,0.78,0.0,10.95,1.13,0.0,3.07,4.6,0
-6.06,1.0,-12.88,0.0,-3.03,1.38,0.0,42.78,2.0,-1.52,0.76,0.24,6.97,0.76,2.41,2.52,1.0,0.66,0.0,3.03,1.76,0.0,2.0,2.27,0
1.0,1.74,1.74,-0.74,0.0,-2.43,2.23,119.53,1.0,-7.44,8.98,0.26,-17.98,-8.65,5.27,3.0,1.0,1.24,0.0,13.95,0.13,0.0,1.0,1.74,1
82.88,1.88,240.87,-1.75,83.0,-0.21,4.38,88.62,1.12,45.0,87.88,3.12,2.38,0.0,8.03,0.0,0.0,1.71,0.0,20224.0,-0.13,0.0,4.0,1.88,0
-0.52,1.0,-0.55,-0.04,0.0,0.57,-0.52,109.85,2.0,0.0,0.45,1.0,-1.53,-1.04,2.9,2.52,1.0,0.36,0.0,-1276.86,0.76,0.0,4.0,2.52,0
1.19,1.59,-0.19,2.19,2.37,0.4,3.0,38.22,1.59,0.59,6.0,1.0,2.95,1.41,8.75,6.41,1.0,1.08,0.0,455.37,0.75,0.0,2.0,2.19,0
0.0,1.0,-1.76,1.24,0.0,1.24,0.0,87.87,2.88,0.0,4.51,1.0,-2.07,-1.76,3.76,4.51,-1.64,-2.2,-0.88,14.0,0.67,0.0,5.76,1.76,0
0.96,1.0,1.0,6.85,0.0,7.57,0.0,-21.14,0.04,0.96,-3.85,1.04,29.59,0.96,-3.47,-2.85,1.0,2.17,0.0,0.0,1.0,0.0,2.92,1.0,0
1.08,0.46,0.54,5.08,0.54,4.58,-1.08,35.16,1.0,1.0,20.47,1.54,1.85,1.0,2.71,0.46,0.46,0.02,-0.54,97.37,0.66,1.08,2.62,2.16,1
-7.98,0.39,10.39,-1.07,-1.23,0.54,0.0,66.44,0.39,0.0,-4.75,2.61,14.57,2.61,1.76,1.0,1.0,0.13,0.0,-0.46,0.74,0.0,-0.84,-1.46,0
1.0,1.0,1.0,1.55,0.0,1.46,2.16,32.74,1.61,0.0,6.32,2.61,2.31,0.61,-1.37,-1.23,1.0,-0.29,0.0,127.94,-0.01,0.0,4.0,0.39,0
-2.09,1.0,1.4,2.3,0.7,0.43,0.7,145.34,3.7,0.0,26.51,2.4,4.33,0.3,7.46,1.3,1.0,0.72,0.0,125.56,0.56,1.4,4.09,3.79,1
-11.25,-0.94,0.94,-0.94,-1.87,163.75,0.0,-1.87,-0.94,0.94,-9.37,0.0,-0.72,0.94,-1.24,0.0,0.0,0.31,0.0,59.98,0.12,0.0,0.13,-2.75,0
0.84,1.84,2.53,5.84,-0.84,4.45,1.68,-60.6,0.16,2.0,-0.84,1.16,0.48,1.84,6.2,1.84,1.0,0.49,0.0,1.68,1.28,0.0,2.68,0.0,0
0.62,2.24,-1.24,24.73,0.0,0.79,3.62,107.29,1.0,0.0,37.97,1.0,9.75,7.0,17.09,15.62,0.38,-0.26,0.0,19.25,0.65,0.0,4.48,2.24,1
8.0,1.0,18.0,0.0,4.0,0.04,0.0,94.0,2.0,2.0,3.0,2.0,2.04,0.0,2.77,0.0,1.0,0.31,0.0,0.0,0.0,0.0,2.0,0.0,0
0.0,1.0,0.0,8.21,0.0,1.12,3.0,-10.23,1.0,0.0,12.79,1.0,3.24,3.0,10.18,2.26,1.0,0.0,0.0,42.31,0.15,0.0,6.21,-0.47,0
9.97,1.99,23.92,0.99,4.0,-338.92,0.0,192.61,3.97,2.0,16.81,2.99,7.07,1.97,7.5,0.99,1.99,1.09,0.0,85.79,0.49,0.0,3.97,-0.99,1
-0.77,1.77,0.0,0.0,0.0,-0.14,0.0,119.7,2.0,0.0,10.54,2.0,-0.13,-2.31,3.86,2.0,1.0,1.78,0.0,108.0,1.0,0.0,1.0,0.0,0
-0.99,1.99,4.94,1.03,0.0,2.56,0.99,127.64,3.0,0.0,-8.88,0.01,0.56,1.0,4.65,2.99,1.0,0.97,0.0,7.9,0.9,0.0,2.99,3.96,0
0.0,1.0,4.0,0.55,0.0,1.67,0.0,29.69,3.66,0.55,3.34,1.0,2.75,0.0,0.89,-1.21,1.0,0.0,0.0,0.0,1.0,0.0,1.0,1.45,0
12.0,1.0,34.0,-0.78,8.78,-1.19,0.0,79.31,2.0,2.0,11.71,2.0,2.69,0.0,5.05,0.78,1.0,0.54,0.0,0.0,0.0,0.0,2.0,-0.78,0
0.0,0.36,-0.64,2.36,0.0,0.25,0.0,88.94,2.0,0.0,3.64,2.64,3.67,0.64,1.14,-0.92,1.0,0.08,0.0,52.0,1.04,0.0,4.64,2.64,0
3.0,1.0,2.0,5.08,0.0,0.85,1.0,46.67,1.0,0.0,12.61,1.31,-2.62,0.69,5.32,1.0,1.0,0.26,0.0,30.69,0.65,0.0,2.0,2.0,0
0.81,1.0,3.62,0.19,0.81,-0.05,3.0,70.75,1.0,0.0,23.85,0.19,9.97,3.81,13.11,3.81,1.0,0.97,0.0,-8.95,1.13,0.0,0.19,0.38,0
0.0,1.0,7.8,2.2,0.0,0.33,2.4,140.11,2.0,0.0,5.21,0.2,21.16,0.0,7.14,1.8,1.0,0.74,0.0,11.61,0.1,0.0,5.2,3.8,1
-10.03,0.09,-9.03,4.27,-2.73,2.84,0.0,-54.69,1.0,-10.94,-38.19,0.09,5.5,8.0,0.23,0.09,2.0,1.59,1.0,-669.04,1.58,-0.91,-1.73,-7.29,0
0.0,1.0,-1.31,1.65,0.0,1.59,0.0,92.36,2.0,0.0,-2.85,1.35,3.61,0.0,3.13,2.31,1.0,0.27,0.0,-1.31,0.22,0.0,2.31,2.0,0
0.0,1.46,0.0,0.0,0.0,17.38,1.0,71.0,0.46,-1.07,-0.22,0.93,3.32,2.0,7.32,2.0,0.46,2.17,0.0,-0.54,0.73,0.0,2.0,-0.54,0
26.0,0.49,77.46,4.63,27.0,4.87,-1.54,100.0,2.51,17.51,31.94,4.0,2.41,0.0,-2.16,-1.54,0.0,-0.47,0.0,1492.57,0.83,0.0,1.0,-1.54,0
-0.52,1.0,4.5,3.01,1.0,-0.91,0.0,122.24,2.5,0.0,17.01,3.01,6.88,1.0,7.36,2.0,1.0,1.64,0.0,141.42,0.83,0.0,1.0,1.5,0
1.99,1.0,0.0,9.64,0.0,5.41,-0.66,11.53,0.34,0.66,-5.63,-0.33,0.26,3.66,-4.17,0.34,1.0,-0.42,0.0,-52.72,0.5,0.0,2.0,0.66,0
0.0,2.82,4.08,3.63,1.0,0.34,0.0,66.0,3.0,0.0,16.08,0.18,8.04,3.63,11.18,3.0,1.0,2.78,0.0,8.1,0.73,0.0,-0.63,2.0,0
53.75,1.0,159.29,-2.62,54.41,0.93,0.0,65.08,2.66,29.5,50.85,2.97,1.54,1.0,2.43,1.34,0.34,0.43,0.0,13225.94,0.16,0.0,1.0,0.66,0
0.0,1.0,1.91,10.0,0.0,3.65,0.0,72.27,1.04,1.96,10.61,1.0,1.09,0.04,1.64,0.0,1.0,-0.46,0.0,223.83,0.51,0.0,0.09,0.96,0
0.0,1.0,0.99,2.0,0.0,-0.23,0.0,21.41,1.0,0.99,10.92,2.99,9.62,1.01,5.6,0.01,1.0,0.12,0.0,143.56,0.5,0.0,1.01,-1.98,0
10.58,1.0,29.97,-8.58,8.05,-0.22,-1.76,151.39,2.0,1.76,6.0,1.88,-4.61,-8.81,-0.04,-4.17,1.0,0.48,0.0,0.0,0.12,0.0,1.88,0.12,1
0.0,1.0,-2.43,2.39,0.0,1.24,-0.61,75.08,1.61,0.0,-12.16,0.39,9.09,1.0,-0.96,1.0,1.0,-0.28,0.0,-3.04,1.15,0.0,-0.82,1.22,0
3.0,1.0,3.91,6.67,1.0,0.59,4.71,96.05,1.52,0.0,7.38,2.0,6.24,3.67,10.79,10.43,1.0,0.31,0.0,16.91,0.29,0.0,4.95,2.52,0
0.0,1.0,7.0,3.96,5.76,0.49,-0.96,112.0,2.96,0.0,8.72,1.96,23.98,-0.96,3.42,1.0,1.0,2.05,0.0,71.27,0.71,0.0,6.96,3.0,1
-1.97,1.0,7.0,4.97,0.0,-1.19,2.96,88.0,1.01,0.0,5.94,1.0,19.44,0.0,9.26,1.0,1.0,2.51,0.0,6.0,0.5,0.0,6.0,2.01,1
0.0,0.25,1.5,-1.26,-6.02,0.02,2.75,78.45,1.75,0.0,13.49,1.0,0.52,1.0,5.59,0.25,1.0,0.65,0.0,-4.29,0.95,0.0,1.0,2.5,0
2.44,1.0,0.31,5.25,4.5,0.6,1.0,49.93,1.0,0.0,23.57,0.87,3.19,0.0,7.29,1.56,1.56,0.87,0.0,-165.31,0.94,0.0,0.31,3.69,1
0.0,0.31,2.0,-0.37,0.0,20.98,0.0,-2.59,-0.37,0.0,1.31,0.31,0.75,1.0,2.19,0.31,0.31,0.0,0.0,0.0,0.31,0.0,1.69,1.0,0
0.0,0.4,-0.6,2.0,0.0,100.84,0.0,60.19,0.79,0.0,-2.41,0.4,0.79,-0.6,-0.21,-0.21,0.4,-0.36,0.0,-2.41,0.4,0.0,1.0,-0.21,0
1.63,4.25,-1.25,44.88,0.0,0.79,15.0,115.43,1.0,0.0,31.13,2.63,4.31,0.0,21.91,1.0,1.0,1.2,0.0,341.38,0.05,0.0,2.0,3.88,1
0.0,1.0,-1.72,5.36,0.0,0.72,2.04,60.2,1.0,0.0,6.36,2.0,2.49,1.36,8.07,5.44,1.0,0.43,0.0,0.0,1.0,0.0,3.68,-0.68,0
0.0,2.0,-0.73,3.9,0.73,-0.16,0.0,88.98,2.0,0.0,11.73,1.0,3.12,0.55,12.57,3.0,1.0,2.13,0.0,0.0,0.5,0.0,1.73,1.73,1
1.5,2.0,0.0,24.0,1.0,0.21,8.5,70.0,2.5,0.0,28.0,1.5,5.56,0.0,19.58,1.5,1.0,2.35,0.0,170.54,0.23,0.0,1.5,1.0,1
-2.88,1.0,-2.88,4.0,0.96,0.67,-0.96,102.88,3.96,0.0,-1.72,1.0,2.36,4.0,2.25,6.96,1.0,-0.45,0.0,-290.0,1.24,0.0,-0.92,0.04,0
13.0,0.75,1.0,6.87,2.0,1.01,0.0,129.02,2.0,0.0,15.38,1.38,10.76,0.62,5.7,1.0,1.0,-0.0,0.0,-9.31,0.38,0.0,5.0,5.0,1
5.0,1.0,0.37,-2.54,1.0,-1.31,3.17,143.43,2.0,0.0,8.9,2.0,-0.6,-5.07,12.75,7.98,0.37,0.37,-0.63,330.0,0.5,0.0,1.0,1.27,1
1.0,1.0,2.0,1.96,0.0,0.68,-1.53,64.65,1.51,1.0,2.94,2.0,4.95,1.0,0.03,-0.53,1.0,0.81,0.0,81.45,0.67,0.0,2.49,0.49,0
-1.71,1.0,-3.61,3.61,-0.9,1.06,1.81,-75.87,1.9,0.0,-5.32,0.1,6.64,6.71,7.4,5.52,1.0,0.96,0.0,-37.03,0.66,0.0,-2.61,-1.81,0
-3.81,1.0,-0.95,-1.91,-1.91,0.65,0.95,60.92,0.05,1.0,-7.39,1.09,1.68,0.0,3.28,4.81,0.95,0.66,0.95,-63.78,0.89,0.0,1.05,-3.72,0
0.0,1.0,-0.95,5.84,0.0,1.3,-1.89,137.51,1.0,1.0,6.74,2.0,3.66,0.95,1.22,0.0,1.0,0.31,0.0,25.57,0.37,0.0,1.95,1.89,0
0.0,0.22,0.0,2.34,-0.78,4.45,0.0,-51.44,1.44,1.56,-6.35,1.78,3.16,2.22,-4.5,0.44,1.0,-0.96,0.0,-6.13,0.83,0.0,2.0,-1.56,0
0.13,3.0,2.61,35.39,-0.87,0.53,14.13,93.79,-0.74,0.0,41.03,3.74,4.07,0.0,23.12,1.0,0.13,-0.01,0.0,335.26,0.9,0.0,2.0,2.0,1
11.0,1.18,11.0,3.0,2.18,-0.05,0.0,93.0,1.0,7.88,41.88,3.0,1.05,0.0,6.42,1.82,1.82,1.29,0.0,733.18,0.22,1.0,4.0,8.82,1
1.0,2.0,2.19,1.0,0.0,0.31,1.4,-44.67,1.0,1.21,-3.64,1.0,-0.39,0.4,5.97,1.4,1.0,1.58,0.0,-2.23,1.0,0.0,2.79,0.6,0
0.0,1.0,0.53,-0.6,0.0,1.6,0.0,-53.24,3.47,0.47,1.0,1.0,-1.73,-0.53,5.19,5.32,2.06,1.06,1.06,-47.38,1.18,0.0,1.53,0.53,0
0.0,1.0,3.34,2.0,0.0,0.29,2.66,39.44,1.0,0.0,6.69,0.34,4.28,2.66,10.44,5.32,1.66,0.4,0.66,0.0,1.0,0.0,0.67,1.0,0
0.0,1.0,-1.36,-4.76,0.0,1.75,-1.36,68.02,2.0,0.0,-0.68,2.0,-1.29,-1.04,-3.13,-2.4,1.0,-0.42,0.0,0.0,0.45,0.0,1.32,0.0,0
0.83,1.0,0.0,4.32,0.83,0.2,1.83,101.16,2.66,0.0,26.77,2.0,11.11,1.83,12.52,1.83,1.0,0.75,0.0,399.73,0.66,0.0,2.66,3.49,1
0.0,-0.61,-1.22,0.0,0.0,363.48,0.0,-15.31,-1.22,-0.61,-7.35,-1.22,-0.68,0.0,-3.27,-0.61,-0.61,-0.13,0.0,-91.26,-0.31,0.0,1.61,1.39,0
0.0,2.29,1.0,-1.27,0.0,2.09,1.0,93.24,1.0,0.0,-4.12,1.0,5.37,0.29,3.02,1.0,0.29,1.65,0.0,108.77,0.97,0.0,1.29,0.58,0
-0.86,1.0,-1.73,1.86,-0.86,4.43,0.0,-11.24,1.0,1.0,-11.1,0.14,-2.13,0.0,-1.99,0.14,1.0,-0.67,0.0,-6.92,0.86,0.0,1.0,1.0,0
0.6,1.0,3.19,-2.57,-2.38,-0.16,0.0,59.79,2.4,-0.6,18.57,2.0,2.3,-0.6,4.62,-0.6,1.0,0.82,0.0,9.26,1.05,0.0,-0.19,0.81,0
0.0,1.0,0.0,0.0,0.0,0.57,0.0,53.0,1.0,1.0,1.0,5.0,1.79,0.0,1.79,0.0,1.0,0.0,0.0,0.0,1.0,0.0,1.0,1.0,0
-0.74,1.0,-3.23,-0.87,1.0,0.31,0.0,61.63,1.0,0.0,2.8,2.0,7.61,-0.74,3.65,2.0,1.0,0.48,0.0,-65.8,1.1,0.0,0.13,-0.87,0
2.41,1.0,4.82,5.41,0.0,-0.31,3.0,167.5,1.2,0.0,10.43,1.8,0.96,-3.21,8.36,-1.21,-3.02,0.81,-1.61,32.95,0.5,0.0,6.02,1.61,1
0.74,1.0,-1.48,-0.74,0.0,0.94,0.0,13.23,2.0,0.0,-0.74,1.0,5.7,2.22,2.61,0.0,1.0,0.74,0.0,0.0,1.0,0.0,1.0,-0.74,0
3.0,2.0,0.0,2.0,5.0,-0.28,0.0,112.44,2.0,1.0,16.28,2.0,6.23,-0.64,7.35,1.0,1.0,1.03,0.0,764.72,0.8,0.0,0.36,3.28,0
3.65,1.0,7.29,-2.29,1.82,-1.61,0.0,160.48,1.18,0.0,27.35,2.82,4.46,-1.47,8.22,0.35,1.0,2.64,0.0,23.71,1.0,0.0,1.0,1.82,1
0.0,1.0,0.0,14.24,0.0,9.54,2.55,-22.07,2.0,1.0,9.64,1.0,3.06,3.55,6.67,0.0,1.0,-0.75,0.0,-67.01,0.16,0.0,3.55,0.85,0
0.0,1.0,1.48,7.07,1.48,0.67,-0.52,99.94,3.52,0.0,7.89,1.0,3.85,2.07,4.23,3.59,1.0,0.26,0.0,-0.04,0.76,0.0,2.0,1.52,0
0.0,2.0,-2.9,5.9,0.0,0.94,4.95,45.86,1.0,0.0,4.07,1.0,3.53,2.93,8.0,7.83,3.93,2.64,0.98,8.0,0.5,0.0,1.98,0.02,0
2.43,1.0,1.81,1.62,0.0,0.54,0.81,50.59,0.19,0.0,22.71,2.81,1.49,0.0,2.91,-0.81,1.0,-0.09,0.0,22.65,1.4,0.0,1.38,0.0,0
-2.62,2.0,-2.66,2.48,0.0,1.32,-0.52,-10.99,1.52,0.0,-9.51,0.48,2.05,-0.52,3.22,4.0,1.0,0.73,0.0,-164.85,0.13,0.0,0.48,-1.05,0
-0.73,1.0,-0.73,0.73,-0.73,0.23,0.73,44.87,1.27,0.0,1.67,1.27,3.97,2.73,13.87,3.27,2.0,1.03,0.0,1801.4,0.3,0.0,2.73,-0.73,0
0.0,1.0,0.0,-3.74,0.0,-0.9,0.0,162.26,1.62,0.38,5.62,3.62,2.47,-0.62,2.77,2.25,0.0,0.38,0.0,-82.6,0.57,0.0,2.62,2.62,0
0.5,1.0,1.49,-1.01,0.0,0.22,-0.5,75.41,3.01,0.0,1.99,4.5,1.56,-0.5,1.85,0.0,0.0,0.42,0.0,-1185.94,1.08,0.0,1.5,0.0,0
3.59,-0.41,7.0,-3.92,0.0,-0.48,0.3,74.46,1.7,0.0,11.46,2.0,2.26,1.0,9.46,1.7,1.7,1.39,0.0,299.54,0.75,0.0,0.89,1.3,0
0.0,1.0,0.0,-2.74,0.0,-0.15,0.0,0.0,3.83,-9.15,0.0,1.09,-25.76,-11.81,1.91,1.91,1.0,0.55,0.0,3.66,-0.46,0.0,2.91,0.0,1
0.0,1.0,0.0,10.0,0.0,5.84,-1.79,35.45,2.0,1.0,-15.04,1.0,-0.72,1.0,-5.67,0.0,1.0,-0.7,0.0,89.0,0.67,0.0,3.79,-0.9,0
-9.62,0.31,-1.44,-0.69,-12.37,0.26,2.37,-31.62,1.0,-0.69,-74.85,-1.06,-0.97,1.69,10.46,1.0,1.0,0.51,0.0,-1498.74,1.4,-2.06,-0.37,-5.5,0
-5.22,1.0,1.0,1.75,0.0,1.36,0.0,101.35,2.49,0.0,12.51,0.25,4.3,-0.75,6.36,2.75,1.0,0.89,0.0,12.0,1.0,0.0,1.75,0.75,0
0.7,1.0,1.0,-2.87,0.0,-0.55,0.0,127.61,1.0,0.0,3.0,2.7,4.53,0.0,-1.65,-6.26,-0.39,-0.49,-1.39,386.0,0.16,0.0,-0.39,-0.7,0
19.62,1.0,2.62,1.96,3.27,-0.68,0.65,58.0,2.0,1.31,16.19,2.65,5.41,0.0,6.23,1.35,0.35,2.22,0.0,892.07,0.72,0.0,2.31,1.31,0
2.06,2.0,8.06,0.0,0.0,0.82,2.0,31.66,1.94,0.0,27.37,2.0,2.87,-0.94,7.29,1.0,0.0,1.56,0.0,77.49,1.47,0.0,1.0,0.06,0
0.0,2.83,0.0,-3.66,0.0,-2.51,0.0,0.0,3.0,-0.92,0.0,1.92,2.46,1.08,3.87,1.0,1.0,2.81,0.0,43.04,1.0,0.0,1.0,0.0,0
0.0,2.0,2.61,7.0,1.83,0.34,2.22,42.13,2.22,1.22,30.26,1.0,4.47,1.61,13.8,1.61,1.0,1.12,0.0,-211.93,0.73,0.0,1.61,2.61,1
0.0,0.4,2.39,1.4,0.0,0.24,0.0,74.46,2.0,0.0,5.42,1.0,2.45,-0.19,21.78,0.81,1.0,1.41,0.0,1.0,0.96,0.0,3.0,0.6,1
0.0,1.91,0.0,4.62,0.0,-6.39,0.0,125.28,2.81,0.0,2.81,3.72,5.83,1.0,3.76,1.91,1.91,0.17,0.0,2.0,1.41,0.0,1.91,0.0,0
0.0,1.0,2.0,-0.1,0.0,1.18,-4.42,35.64,-0.55,0.0,-2.07,1.77,2.11,0.23,-5.17,-2.87,1.0,-0.24,0.0,-7.52,0.76,0.0,1.77,1.23,0
0.69,0.31,0.0,-1.38,-0.69,0.74,0.0,7.43,-0.38,1.0,-6.59,5.0,3.17,1.38,-1.55,-1.38,1.0,-0.69,0.0,-8.98,1.3,0.0,1.0,-0.38,0
57.87,1.0,175.75,3.0,59.3,0.57,0.0,128.58,2.71,32.15,61.87,3.14,-1.95,-2.86,6.89,4.86,0.29,0.42,0.0,14442.76,1.18,0.0,5.14,2.0,0
-1.13,1.0,-0.57,-1.13,0.0,1.16,-0.57,53.5,2.0,0.0,-19.84,1.0,2.21,1.13,-1.78,1.13,1.0,-0.34,0.0,-102.05,1.35,-1.13,-0.7,-2.27,0
0.65,2.3,0.0,8.55,0.0,1.19,0.65,38.05,-0.3,-1.95,7.5,2.0,-1.91,1.0,5.57,1.0,1.0,1.75,0.0,8.85,0.5,0.0,1.35,1.65,0
0.0,2.0,0.0,3.06,0.0,2.7,1.0,71.0,0.23,0.77,3.77,2.0,2.57,1.23,6.57,2.0,1.0,1.59,0.0,-2.3,1.0,0.0,2.0,-0.77,0
0.0,1.0,4.0,2.0,0.0,0.35,2.0,-23.11,1.87,-0.87,7.64,-0.74,0.18,2.0,6.74,1.13,1.87,-0.34,0.0,-19.16,1.58,0.0,1.13,-0.74,0
0.0,1.0,0.0,2.62,-0.69,0.47,0.0,63.31,0.31,0.0,1.62,2.0,3.65,0.69,2.47,0.31,1.0,1.14,0.0,1.0,0.5,0.0,1.69,2.31,0
0.82,1.0,10.46,-0.64,0.0,-0.22,1.0,136.41,1.82,0.0,25.0,3.64,5.14,-0.82,7.25,0.18,0.18,0.69,0.0,48.4,0.75,0.0,3.18,-0.82,0
0.0,-0.96,0.0,3.98,0.0,0.22,3.98,124.45,2.98,0.0,5.96,1.0,3.44,2.93,13.69,5.91,3.93,0.49,0.98,-45.96,0.02,0.0,2.0,0.98,0
3.79,1.0,0.95,3.95,1.89,-2.41,3.0,186.2,2.95,-0.95,20.1,2.89,5.51,0.95,11.94,2.0,1.0,2.39,0.0,85.26,0.44,0.0,2.95,4.74,1
2.0,1.0,1.87,-3.69,0.0,-3.27,0.0,89.43,2.94,-0.94,19.25,1.0,2.55,-0.94,6.4,1.0,1.0,0.47,0.0,331.67,0.03,0.0,2.0,0.94,1
0.0,1.0,2.0,6.59,0.0,6.15,-0.8,11.67,2.2,1.6,6.21,0.4,-1.33,1.6,-2.37,0.0,1.0,-0.43,0.0,-47.7,0.8,0.0,1.0,1.2,0
12.29,2.94,1.94,4.7,2.88,0.18,0.0,151.9,3.94,0.0,26.11,1.94,2.1,-2.76,7.87,1.0,1.0,1.59,0.0,21.81,0.41,0.0,5.76,7.7,1
0.0,0.0,0.0,1.17,0.0,9.72,1.17,-12.25,-0.58,0.0,4.08,0.0,0.53,1.17,2.67,0.58,0.0,0.0,0.0,0.0,0.0,0.0,1.58,-0.58,0
6.68,1.0,-1.91,-6.68,0.0,0.7,-1.91,63.03,1.05,0.0,-0.95,1.95,2.15,1.09,-0.82,-1.77,1.0,-0.1,0.0,0.0,1.95,0.0,1.0,0.0,0
6.83,1.53,8.53,6.63,1.05,-0.12,0.0,133.17,2.0,0.0,16.4,2.0,6.2,0.47,6.45,1.0,1.0,1.13,0.0,10.5,1.2,0.0,2.58,2.63,0
-4.17,3.0,-5.0,0.0,0.0,0.97,1.67,-37.49,1.0,0.0,-12.33,1.17,-1.38,0.83,0.24,6.0,1.0,1.27,0.0,-209.62,0.93,0.0,0.17,-0.83,0
0.0,1.0,0.0,1.0,0.0,0.94,1.0,58.0,1.0,0.0,6.26,1.21,6.95,0.21,2.94,-0.58,0.21,0.95,0.0,79.42,0.47,0.0,0.21,1.0,0
0.0,1.0,0.92,1.0,0.92,1.77,0.0,87.17,2.08,0.0,6.42,1.92,-3.41,0.0,2.32,2.92,1.0,-0.09,0.0,7.33,1.0,0.0,2.08,1.0,0
-0.54,1.0,3.09,-1.63,0.0,0.38,-2.18,25.0,2.54,1.54,7.64,1.46,1.41,0.0,3.79,1.0,0.46,0.18,0.0,88.02,0.5,0.0,0.46,0.46,0
-1.68,1.0,1.0,-4.9,0.0,-2.7,0.0,160.23,1.84,-0.84,14.0,1.0,5.16,-0.84,13.07,7.9,1.0,1.43,0.0,12.0,1.0,0.0,1.84,0.84,0
0.55,1.0,-1.86,0.9,-6.38,0.08,2.0,48.35,3.0,-10.69,3.38,2.55,-0.41,1.0,6.32,1.0,0.45,0.17,0.0,-64.54,1.25,0.0,0.35,-1.76,0
26.98,3.7,0.0,-4.5,0.9,-2.73,0.0,135.45,2.9,-1.8,12.89,1.0,4.52,1.0,8.6,2.0,1.0,3.01,0.0,16.19,-0.45,0.0,1.9,1.8,1
0.0,1.0,1.0,-3.17,1.0,0.41,1.79,39.35,2.79,0.0,10.21,0.21,0.27,0.79,5.48,1.0,1.0,0.75,0.0,2.79,0.5,0.0,0.21,0.0,0
0.61,1.0,0.39,-1.06,-1.22,0.18,0.0,68.75,-0.22,0.0,-2.51,2.61,2.54,0.0,2.76,0.0,1.0,0.56,0.0,385.39,0.52,0.0,0.39,-0.61,0
1.34,0.34,2.66,5.32,0.34,0.31,2.99,67.66,-0.33,0.0,34.01,2.0,3.93,-0.66,8.82,-0.66,1.0,0.28,0.0,178.01,0.38,2.0,4.0,2.67,1
0.0,1.0,0.0,7.86,0.0,5.1,-1.95,148.83,2.0,0.98,1.0,1.0,1.58,-1.95,-5.9,-6.81,-1.93,-0.98,-0.98,86.91,0.67,0.0,1.0,-0.98,0
0.0,0.41,-0.59,-1.18,0.0,-0.04,0.0,109.27,2.0,0.0,4.0,2.18,3.06,0.0,1.72,0.23,1.0,-0.89,0.0,0.0,1.0,0.0,1.0,2.0,0
0.57,0.43,1.71,1.0,0.0,0.09,1.43,82.81,2.57,0.0,20.0,2.14,11.17,-1.14,5.37,-0.14,0.43,-0.04,0.0,72.25,0.72,0.0,2.14,2.0,1
1.0,1.0,0.0,2.91,0.0,-1.85,2.91,97.16,-1.91,-0.97,5.86,1.0,7.94,4.0,15.38,3.91,1.0,2.25,0.0,4.86,0.68,0.0,1.97,0.97,0
1.0,3.0,0.0,11.79,0.0,0.99,-0.59,39.35,1.79,0.0,12.41,2.79,3.89,0.21,1.77,-1.38,1.0,0.98,0.0,10.0,0.33,0.0,1.0,2.21,0
5.06,1.0,14.01,3.38,2.17,1.21,-0.72,86.8,0.28,1.45,-3.95,2.72,4.07,1.0,-0.81,0.28,1.0,-0.7,0.0,253.55,0.31,0.0,1.72,1.0,0
1.0,2.0,3.81,0.0,0.0,-0.03,0.0,112.38,2.0,0.0,10.27,4.81,2.59,-0.81,4.02,-0.81,0.0,0.52,0.0,370.0,0.5,0.0,5.81,0.0,0
0.0,0.19,0.0,1.61,0.0,0.36,2.42,41.06,3.61,0.0,12.23,1.19,2.04,0.81,4.75,5.23,2.61,1.38,0.81,110.42,0.6,0.0,1.81,3.23,0
0.0,1.0,0.98,-3.9,0.0,-3.49,0.0,142.01,1.98,-3.9,4.98,2.95,1.45,0.02,4.56,1.0,1.0,1.03,0.0,375.56,1.28,0.0,-0.93,-0.98,0
-2.87,1.0,0.0,-3.83,0.0,-4.29,1.0,93.28,1.96,-0.96,11.0,2.91,4.58,0.04,12.6,1.96,1.0,2.57,0.0,4.87,0.19,0.0,2.96,2.04,1
1.0,-0.24,1.24,1.24,1.87,0.02,1.24,81.1,3.24,1.24,6.6,2.0,3.36,0.62,5.53,0.0,1.0,-0.97,0.0,57.77,0.4,0.0,4.62,2.62,0
-4.69,3.03,-13.58,6.69,-4.14,0.61,2.52,-8.27,0.48,-1.03,6.62,1.0,2.29,1.52,11.71,2.52,1.0,2.15,0.0,7.17,1.17,0.0,3.48,1.55,0
0.0,1.0,-4.86,4.94,0.0,0.64,5.89,70.83,2.94,0.0,3.03,1.03,2.76,3.92,10.78,9.83,2.94,1.34,0.97,0.0,1.0,0.0,3.94,4.89,0
0.0,1.0,11.0,-2.7,0.0,0.87,0.0,15.83,1.0,0.0,-5.52,2.0,13.65,2.94,3.03,3.82,2.88,1.73,1.88,17.03,0.82,0.0,0.06,-0.88,0
0.0,0.0,0.0,2.57,-0.86,33.42,0.0,-68.48,0.86,0.0,-5.14,0.0,1.54,3.42,0.68,1.71,0.0,0.0,0.0,0.0,0.0,0.0,2.0,-0.86,0
0.59,1.59,-0.59,1.18,0.0,0.57,0.59,1.77,1.0,0.0,19.09,2.0,3.07,0.0,6.64,0.0,1.0,1.29,0.0,119.01,1.08,0.0,1.59,2.18,0
0.0,1.0,-3.59,1.0,0.0,3.61,-1.8,112.33,1.9,0.0,-9.78,1.0,1.55,-0.8,-4.84,0.1,1.0,0.0,0.0,2.0,0.5,0.0,1.0,-0.9,0
-1.85,1.0,1.0,-0.46,0.0,1.25,-0.92,-92.28,3.0,0.0,-14.46,1.92,-1.94,0.0,-0.02,2.0,1.92,2.37,0.0,14.76,1.46,0.0,-2.69,-1.77,0
2.45,2.0,0.61,10.61,1.23,1.24,-0.61,53.21,2.61,0.0,12.29,2.61,3.24,1.0,1.85,1.0,1.0,0.95,0.0,10.51,0.64,0.0,2.61,3.06,0
-0.84,-0.69,0.0,-4.9,0.0,3.62,1.16,5.37,2.0,0.84,9.04,0.16,5.54,0.0,3.92,1.0,1.0,-0.2,0.0,-8.43,1.56,0.0,1.0,-0.53,0
-1.26,1.0,0.0,5.26,0.63,0.22,4.74,65.17,3.63,0.0,18.16,1.0,8.3,3.37,17.29,4.0,1.0,2.58,0.0,-10.73,0.89,0.0,1.0,-0.89,0
-10.78,0.02,-9.8,-1.94,-1.96,0.48,1.0,-17.15,2.0,-11.76,-35.23,1.02,0.97,3.0,5.71,5.98,4.0,0.34,1.0,-711.72,0.63,-0.98,-1.94,-6.84,0
-0.54,3.0,-4.61,38.77,0.0,0.56,15.77,66.77,2.54,0.0,37.22,2.0,5.34,0.77,26.36,1.0,1.0,1.0,0.0,600.55,0.63,0.0,-0.31,2.77,1
0.0,2.0,0.0,2.85,0.0,-0.06,1.0,122.64,2.85,0.0,11.97,2.0,6.19,-0.85,24.63,-0.71,-0.71,1.36,-1.71,35.18,0.57,0.0,2.71,0.0,1
0.0,1.0,-4.79,-0.8,0.0,0.15,0.0,42.82,2.0,0.0,8.2,2.8,-0.71,0.0,5.26,1.2,1.8,1.95,0.0,330.07,1.1,0.0,-0.6,0.0,0
0.58,1.0,0.0,-12.22,0.0,0.76,-1.75,-54.11,1.0,0.0,-16.62,2.0,0.69,-1.75,-4.75,-8.14,1.0,0.97,0.0,0.0,1.15,0.0,0.42,0.42,0
0.0,0.32,1.36,6.08,0.0,2.49,0.0,89.81,2.0,2.04,-1.04,1.0,1.85,0.68,-0.67,0.32,1.0,-0.84,0.0,0.0,0.32,0.0,0.32,0.0,0
2.53,1.0,3.55,2.51,1.0,0.43,0.51,94.19,2.0,0.0,15.63,1.51,3.77,0.0,7.8,2.0,1.0,0.97,0.0,159.61,0.87,0.0,1.51,2.01,0
23.15,1.0,58.17,3.26,20.88,-0.82,1.0,135.64,1.0,14.52,26.3,3.21,7.73,3.0,5.24,0.26,0.26,0.84,0.0,1209.17,0.4,0.0,-0.47,-0.74,0
0.0,1.0,0.0,1.6,0.8,-0.21,0.0,148.94,2.0,0.0,10.8,1.0,0.96,-2.4,6.16,1.2,1.0,0.0,0.0,9.0,0.5,0.0,2.0,2.8,1
0.0,2.0,4.42,0.86,0.0,-2.3,4.71,54.73,1.0,-0.86,11.41,1.0,4.47,1.71,11.94,1.86,2.0,1.0,1.0,0.0,1.0,0.0,1.86,0.0,0
0.0,0.41,0.0,-4.69,0.0,2.26,-4.11,17.6,-0.17,0.0,-6.21,2.0,-1.83,-1.17,-8.32,-2.93,0.41,-0.06,0.0,-6.45,1.2,0.0,0.41,0.41,0
0.0,1.0,0.21,0.1,0.0,0.97,1.0,126.61,3.0,0.0,14.0,2.0,3.13,-0.9,2.21,-1.79,-1.69,-1.84,-0.9,8.0,0.67,0.0,3.79,1.0,0
1.53,2.53,-0.76,5.58,0.0,1.02,0.76,71.0,0.24,0.0,20.51,1.0,6.58,0.0,6.74,2.24,0.24,0.84,0.0,140.15,1.0,0.0,1.76,0.76,0
1.0,2.0,0.92,1.16,0.0,-0.17,2.92,111.02,2.92,0.0,14.94,2.0,-1.63,-0.92,8.21,3.08,1.0,1.79,0.0,16.35,0.19,0.0,2.08,1.08,0
-1.0,1.0,-3.0,3.0,0.0,0.82,5.0,66.99,0.0,0.0,4.0,-2.0,-7.63,1.0,11.9,12.99,2.0,-0.71,0.0,-126.88,1.5,0.0,-1.0,2.0,0
1.65,2.0,3.35,-0.31,0.65,-0.37,2.65,55.62,1.0,0.0,14.78,1.65,4.09,1.65,11.9,1.35,1.0,1.68,0.0,253.29,0.73,0.0,5.31,1.31,0
0.0,1.0,0.0,3.69,0.0,1.31,1.0,30.37,2.0,0.0,-0.58,2.0,10.46,3.0,7.48,5.0,4.0,1.14,1.0,0.0,0.0,0.0,0.1,1.0,0
1.0,1.0,3.0,6.79,0.0,0.33,1.51,24.12,2.0,0.0,5.26,4.0,10.64,7.54,2.56,0.0,0.0,0.52,0.0,53.0,1.0,0.0,-0.51,-0.75,0
0.0,0.49,0.0,-1.06,0.0,5.43,0.0,21.26,0.49,0.0,-2.09,1.49,8.19,1.49,0.03,0.49,0.49,0.11,0.0,-13.75,0.83,0.0,1.49,-1.02,0
1.0,1.0,1.44,2.31,0.0,0.43,0.0,112.18,0.44,1.56,8.25,2.56,3.11,0.44,4.71,1.0,0.44,1.4,0.0,96.4,0.12,0.0,2.44,1.0,0
0.0,1.87,0.0,1.74,0.0,-0.12,0.0,69.63,1.0,0.0,7.22,2.87,3.74,-1.74,3.93,0.0,1.0,0.73,0.0,60.92,0.5,0.0,0.13,1.0,0
0.0,1.0,0.0,6.7,0.0,0.78,-0.7,74.39,1.7,0.0,8.6,0.3,1.29,1.0,15.65,1.7,1.0,1.3,0.0,-29.13,0.1,0.0,3.4,1.3,1
1.73,2.0,0.63,2.63,5.0,-1.07,0.0,80.5,0.73,1.0,16.27,2.0,7.18,0.0,8.55,0.37,1.0,1.93,0.0,991.38,0.48,0.0,0.37,1.37,0
-1.25,1.0,2.5,1.25,-0.62,0.82,0.0,71.89,0.38,0.62,-0.11,2.0,0.57,-0.62,0.44,-1.25,1.0,-0.24,0.0,-5.11,0.5,0.0,1.0,-0.62,0
0.0,1.0,1.93,7.82,0.96,0.79,-1.93,31.8,1.04,0.0,-0.86,2.0,4.8,-0.96,2.28,-4.78,1.0,1.88,0.0,54.89,0.08,0.0,4.0,1.04,1
-0.65,1.0,0.65,-1.3,0.0,1.78,0.0,-10.36,3.3,0.0,-9.07,0.35,-0.03,0.7,0.37,1.0,1.0,0.84,0.0,0.41,1.26,0.0,1.0,1.65,0
3.82,1.64,8.37,7.91,1.27,0.84,1.0,64.28,0.36,10.64,24.84,2.64,4.27,3.0,3.92,1.0,1.0,0.95,0.0,257.34,-0.09,0.64,2.91,5.1,1
-0.94,1.0,2.0,-0.7,5.06,1.1,-0.94,110.07,0.12,0.0,3.72,2.0,2.36,0.0,1.79,1.94,1.0,-0.41,0.0,68.06,1.18,0.0,2.94,2.94,0
0.0,1.0,1.0,-2.96,-0.99,-0.08,0.0,51.28,0.01,-1.98,15.98,1.0,5.9,0.99,7.2,2.99,1.0,1.03,0.0,12.0,1.0,0.0,1.0,0.0,0
0.0,1.82,0.82,6.46,0.0,0.95,4.36,-8.15,2.18,0.0,12.54,0.18,7.81,4.0,19.18,7.29,1.0,2.98,0.0,-24.64,0.73,0.0,-0.64,-0.64,0
0.0,1.0,0.64,1.64,0.0,0.13,2.0,72.0,2.64,0.0,18.71,1.0,8.25,0.0,7.91,-0.29,1.0,1.32,0.0,1.29,0.68,0.0,2.93,2.64,1
0.0,1.0,0.0,7.04,0.0,0.58,3.54,135.39,3.01,0.0,10.07,0.49,2.03,1.01,15.16,10.03,1.0,0.18,0.0,5.56,0.83,0.0,3.51,2.0,0
3.0,0.0,0.0,1.0,0.0,0.43,0.0,89.0,2.0,0.0,15.0,2.0,1.7,1.0,4.43,0.0,1.0,-0.38,0.0,10.98,1.17,0.0,3.0,2.0,0
-24.52,1.0,0.0,-5.13,0.0,-3.96,0.0,171.81,3.0,-2.63,-8.76,1.0,1.07,0.0,4.24,2.88,1.0,0.83,0.0,3.5,1.33,0.0,1.25,-2.5,0
0.0,1.9,0.0,5.9,0.0,1.9,0.9,3.62,2.1,0.0,20.79,1.9,6.54,4.0,12.12,4.0,1.0,1.29,0.0,9.04,0.97,0.0,1.0,1.81,0
0.0,1.0,-8.53,1.89,-14.21,1.02,0.0,46.89,1.0,-19.9,-9.26,0.05,-2.36,1.95,1.67,1.95,1.0,0.24,0.0,-161.06,1.44,0.0,-0.84,-4.74,0
3.0,1.0,4.26,3.0,1.0,0.49,-1.74,84.87,1.0,0.0,3.03,2.87,3.26,-1.74,2.56,-0.74,1.0,1.5,0.0,108.13,0.38,0.0,6.0,1.13,0
0.0,1.0,-4.23,7.76,0.0,2.75,-0.53,113.22,2.53,0.53,-8.16,0.47,-0.53,0.53,2.8,6.47,1.0,-0.62,0.0,44.41,0.96,0.0,1.94,2.0,0
0.0,1.0,1.0,7.0,0.0,0.76,0.72,92.89,1.0,0.0,29.28,3.0,8.49,0.0,3.76,1.0,1.0,0.6,0.0,278.49,0.35,0.0,3.72,8.28,1
0.0,1.96,2.0,0.96,0.0,-30.0,1.0,72.88,2.92,0.0,13.79,2.92,5.16,1.0,14.02,1.96,1.96,1.52,0.0,3.0,1.0,0.0,0.04,1.92,1
0.66,1.66,0.0,5.63,0.66,-0.66,0.66,65.12,2.32,1.0,16.49,2.66,5.33,0.66,4.01,0.0,1.66,0.5,0.0,252.85,0.73,0.0,2.32,1.98,0
8.55,0.29,24.22,-1.42,4.99,1.21,0.0,20.66,1.29,1.42,-3.56,1.71,0.77,0.58,-2.28,-1.14,1.0,-0.29,0.0,-6.26,0.59,0.0,1.71,-0.42,0
3.0,1.0,6.97,3.0,1.0,-5.06,1.0,161.55,2.0,1.0,5.98,2.0,12.55,2.0,7.42,2.0,0.0,-0.93,0.0,219.52,-0.1,0.0,1.0,-1.0,0
0.0,1.0,1.45,0.45,0.0,0.26,1.0,78.52,3.55,0.0,12.9,2.0,2.77,0.0,3.41,0.55,1.0,0.35,0.0,36.63,0.34,0.0,2.55,2.1,0
0.0,1.0,0.0,5.04,0.0,0.67,0.0,80.44,3.52,2.48,8.15,-0.07,12.57,1.52,15.63,2.04,1.0,1.83,0.0,1.52,0.16,0.0,3.04,1.48,1
0.0,1.0,-1.78,3.22,0.0,3.81,4.44,15.99,2.78,-0.67,13.33,1.11,3.93,1.89,11.57,3.67,1.0,0.94,0.0,0.0,1.89,0.0,1.0,0.89,0
-0.86,1.0,1.14,2.14,0.57,2.0,0.57,99.43,3.0,0.0,20.56,1.0,0.5,-0.57,4.95,1.43,1.0,0.17,0.0,102.82,0.64,1.14,3.14,3.28,1
2.0,1.0,-1.0,1.0,0.0,2.67,0.0,102.0,2.0,0.0,0.0,1.0,1.21,0.0,1.18,1.0,1.0,-0.22,0.0,0.0,1.0,0.0,4.0,0.0,0
0.0,1.0,1.89,4.0,0.0,0.48,0.89,93.42,0.11,-0.89,9.43,2.0,5.56,0.89,6.09,0.0,1.0,0.61,0.0,-124.95,1.0,0.0,5.66,-0.89,0
3.34,0.33,-0.67,-3.01,0.67,-0.15,-0.67,84.36,1.67,0.0,10.68,1.67,4.03,0.0,6.82,3.0,1.0,1.06,0.0,338.51,1.33,0.0,1.0,0.0,0
4.05,1.0,-0.68,0.0,0.0,-0.25,2.05,56.78,1.68,0.0,7.14,1.32,-14.92,0.68,4.92,0.0,1.0,0.54,0.0,12.96,0.77,0.0,3.0,1.36,0
2.0,3.75,0.75,8.51,0.0,0.83,3.26,135.45,1.0,0.0,24.02,0.25,7.83,0.0,6.71,1.75,0.0,0.76,0.0,37.03,0.12,0.0,5.0,3.75,1
15.87,0.49,-2.06,15.14,0.0,7.83,-1.03,0.0,1.51,2.54,9.14,1.51,1.13,0.49,-4.42,-1.03,1.0,-0.94,0.0,1.03,0.71,0.0,1.49,3.06,0
0.93,1.07,-4.67,3.73,0.93,0.32,1.0,54.2,2.87,0.0,7.67,2.0,4.45,0.13,8.21,1.07,1.0,2.65,0.0,-9.33,1.0,0.0,0.13,-2.8,0
0.0,1.0,0.91,12.56,-0.91,8.07,0.0,-65.73,-0.91,2.0,-3.65,-0.91,2.89,4.83,0.93,2.83,3.74,1.14,0.91,0.0,1.3,0.0,0.09,0.0,0
-2.62,1.0,1.75,1.25,0.0,0.69,-0.62,86.02,0.13,0.0,-2.12,2.0,-0.41,1.0,5.61,4.0,1.0,-0.34,0.0,-16.61,1.29,0.0,2.0,-0.75,0
1.0,2.0,1.46,-0.77,0.0,0.24,-1.54,94.54,2.0,0.0,-4.72,4.0,2.14,-0.77,-0.43,-0.77,0.0,0.42,0.0,370.0,0.5,0.0,4.23,0.0,0
15.64,1.0,-2.79,6.14,0.0,4.18,0.0,40.32,2.56,1.68,8.79,1.0,1.5,0.0,4.02,2.0,1.0,-0.37,0.0,9.56,0.46,0.0,3.12,4.23,0
0.0,1.0,0.0,7.88,0.0,9.39,-1.42,53.12,1.29,1.0,-0.83,1.0,1.89,-0.42,-5.35,-7.08,-1.12,-1.45,-2.12,6.71,0.67,0.0,1.0,2.12,0
2.0,0.1,0.0,-1.79,-0.9,4.14,0.0,-59.13,-1.79,6.79,-5.38,0.9,-1.55,-0.79,-7.33,-1.69,1.0,-1.79,0.0,-10.75,0.94,0.0,1.9,-0.9,0
0.0,1.21,3.79,1.0,0.0,0.32,3.0,17.31,-0.57,0.0,8.36,1.79,3.98,1.0,8.81,3.79,1.0,1.46,0.0,6.51,0.74,0.0,0.21,0.64,0
0.99,1.0,-0.97,-0.97,0.99,0.1,-1.97,104.59,1.0,0.0,16.96,1.99,8.26,-0.99,4.52,2.0,1.0,2.2,0.0,21.86,0.67,0.0,0.01,-0.99,1
0.0,1.0,0.48,0.48,0.0,0.93,3.0,44.19,0.48,0.0,0.23,0.48,2.3,2.52,5.8,8.05,1.0,0.66,0.0,0.18,0.77,0.0,2.52,1.52,0
0.55,2.55,4.11,1.55,0.0,-90.44,1.0,129.61,2.55,0.0,17.19,2.55,5.27,1.0,8.27,1.0,1.55,2.0,0.0,346.0,1.37,0.0,0.45,1.0,1
0.0,1.0,-7.94,0.38,0.0,0.55,0.0,92.31,1.0,0.0,2.0,0.19,-11.3,-1.62,2.75,1.81,1.0,0.47,0.0,355.19,0.77,0.0,1.81,0.0,0
-0.73,1.0,-0.73,-2.92,0.0,1.24,-2.92,-32.11,3.73,0.0,2.27,1.0,5.1,4.46,9.11,4.92,1.73,1.29,0.0,-90.15,0.69,0.0,0.54,-0.73,0
0.0,1.0,0.0,-0.82,0.0,1.99,1.0,-0.86,3.46,0.82,3.36,0.18,-6.28,-0.64,3.78,4.18,2.0,0.59,1.0,0.0,1.0,0.0,0.18,0.0,0
0.0,2.75,-2.63,33.26,0.0,0.73,13.13,54.87,1.12,0.0,25.88,-0.75,3.18,0.0,23.89,2.88,1.88,0.5,0.0,248.61,0.53,0.0,1.88,3.75,1
-1.93,1.0,1.64,-0.93,0.0,0.4,1.07,43.21,0.36,0.0,8.57,1.64,1.12,1.36,5.39,6.36,1.0,0.44,0.0,-5.2,0.88,0.0,3.28,-0.93,0
0.0,1.0,1.87,6.0,0.0,-0.16,3.93,45.0,0.07,0.0,23.39,1.0,6.78,3.93,22.35,3.93,1.0,0.93,0.0,34.8,0.4,0.0,4.0,1.0,1
0.0,1.0,-0.93,-0.93,0.0,0.29,0.93,53.0,1.0,1.0,4.7,4.07,1.67,0.93,5.35,4.63,1.93,0.62,0.93,0.0,1.0,0.0,1.0,1.0,0
0.0,1.0,-1.71,0.0,0.0,0.14,0.0,21.43,-0.71,2.0,8.57,1.14,-0.04,0.86,6.16,0.86,1.0,0.65,0.0,1.0,0.42,0.0,2.0,0.14,0
-21.29,2.0,2.51,1.0,-3.72,0.45,1.26,-74.3,0.26,-1.49,-5.92,0.26,-1.58,2.49,10.3,4.23,3.97,3.25,0.74,-888.9,1.32,0.0,2.51,-1.49,0
0.0,1.0,-2.65,3.0,0.0,2.2,0.0,53.1,1.73,0.0,-3.65,1.27,27.94,0.73,2.07,2.46,1.0,0.31,0.0,-2.19,0.63,0.0,1.0,1.0,0
1.0,2.76,5.51,4.03,-0.76,0.62,2.76,-15.15,0.24,0.0,-1.54,1.0,2.23,1.0,9.49,1.24,1.0,2.4,0.0,2.0,0.24,0.0,4.0,-0.76,0
1.78,1.0,0.89,3.55,0.0,1.38,0.11,-3.55,2.0,2.66,-4.44,1.0,1.95,2.0,3.75,1.0,1.0,0.64,0.0,-306.17,0.11,0.0,2.89,-0.89,0
1.0,3.27,4.0,1.0,-0.63,-0.02,2.0,0.0,0.37,0.0,2.37,1.63,0.42,-1.53,8.67,-0.53,-2.16,1.99,-1.27,31.73,1.0,0.0,4.0,0.0,0
1.0,1.0,3.67,1.83,0.0,0.17,-0.83,45.3,1.83,0.0,20.51,1.0,3.75,0.0,4.73,0.0,1.0,1.26,0.0,-18.35,0.94,0.0,0.17,0.17,0
0.0,1.0,1.82,2.82,0.0,0.6,0.0,85.0,1.0,0.0,-4.53,1.82,4.84,0.0,-15.88,0.18,1.0,-0.49,0.0,355.18,0.77,0.0,1.0,1.63,0
0.0,1.0,9.39,1.39,17.0,0.93,0.0,61.33,2.61,23.0,12.55,2.39,6.16,0.0,1.05,0.61,1.0,0.6,0.0,178.59,0.33,0.0,4.61,5.0,0
3.23,1.0,11.65,0.06,0.65,0.15,0.0,94.23,1.65,-0.65,5.23,2.0,18.12,2.0,6.62,1.65,1.0,1.22,0.0,214.9,0.34,0.0,1.0,1.0,0
0.0,1.0,-1.72,5.44,1.0,1.73,-0.86,69.69,0.28,0.0,-5.17,0.14,3.42,2.58,1.91,2.86,1.0,0.14,0.0,-6.01,0.86,0.0,1.0,0.14,0
73.56,1.0,223.59,-0.9,73.56,0.1,0.0,96.53,3.0,40.37,81.08,4.69,-0.93,0.0,1.2,-1.79,0.1,0.94,0.0,18144.32,0.89,0.0,2.79,1.0,0
0.0,1.0,0.0,11.31,0.0,0.48,3.0,65.35,1.0,0.0,21.19,1.0,6.64,3.0,15.64,3.0,1.0,0.68,0.0,55.89,-0.19,0.0,4.0,2.77,1
-2.67,1.0,0.67,4.0,-0.67,0.61,-0.67,32.69,1.0,-1.34,21.69,3.34,2.36,-1.0,3.84,1.0,1.0,1.39,0.0,115.49,1.03,0.0,3.34,7.01,1
9.7,1.0,35.15,1.73,7.42,0.11,0.58,59.33,2.58,0.85,7.58,2.0,0.47,0.0,5.21,2.88,1.0,0.78,0.0,-64.44,-0.23,0.0,2.58,0.0,0
82.0,1.0,248.21,-3.62,83.0,-0.13,0.6,51.75,2.0,45.0,86.4,4.0,1.01,0.0,6.63,0.0,0.0,0.73,0.0,20209.53,1.15,0.0,3.4,-0.21,0
0.0,1.0,0.0,3.0,0.0,2.05,0.0,78.9,3.58,0.0,-0.58,0.21,0.17,0.0,1.63,2.58,1.0,-0.3,0.0,14.0,0.27,0.0,4.0,-0.79,0
0.0,-0.77,0.12,5.23,0.0,145.17,0.0,0.0,-1.65,0.0,-1.53,0.12,-1.99,0.0,7.35,9.12,2.12,1.12,2.0,0.0,0.12,0.0,3.88,1.88,0
2.0,0.42,6.31,-0.15,1.0,-0.55,0.0,134.11,0.85,0.0,17.31,2.58,4.36,1.0,7.02,1.42,1.0,1.26,0.0,14.73,0.71,0.0,1.0,1.0,0
-0.69,1.0,0.0,1.0,0.0,0.35,0.69,79.44,0.31,0.0,15.88,2.31,3.89,0.69,9.33,1.69,1.0,1.23,0.0,-32.48,0.68,0.0,0.62,2.69,0
0.0,1.0,-0.75,-1.51,0.0,0.75,2.26,137.66,1.75,1.0,6.51,2.25,3.25,1.51,5.39,7.78,0.0,0.06,0.0,22.0,0.33,0.0,1.25,2.75,0
3.0,1.0,-1.65,0.52,0.0,0.28,2.17,88.61,2.0,0.0,5.7,1.0,3.94,1.0,1.75,1.0,1.0,1.11,0.0,18.17,1.08,0.0,1.83,1.35,0
0.0,1.0,-0.57,9.14,-0.57,1.38,7.0,98.52,3.57,0.0,12.29,0.43,5.06,0.86,16.59,5.43,1.0,0.51,0.0,11.0,0.67,0.0,2.0,1.57,0
0.0,2.0,-1.86,2.93,0.0,0.48,1.0,80.93,0.14,0.0,3.21,2.93,7.79,0.0,7.2,1.93,1.0,1.26,0.0,93.33,0.27,0.0,1.93,0.93,0
4.26,0.26,1.0,-2.21,1.0,0.08,-1.47,6.45,1.26,1.47,9.21,2.0,2.84,0.0,0.39,-1.94,1.0,-0.38,0.0,324.12,0.5,0.0,0.26,-0.74,0
-2.6,0.13,-5.95,6.87,0.0,1.58,-1.74,-10.42,3.0,0.0,-12.5,0.13,3.74,0.0,4.35,2.87,1.87,0.88,0.0,-63.38,1.0,0.0,1.0,0.13,0
0.0,2.12,1.56,2.12,0.0,0.15,0.56,80.49,1.0,0.0,12.31,1.0,9.31,0.56,7.95,0.88,1.0,2.17,0.0,17.62,0.72,0.0,1.56,1.12,0
-5.38,1.0,-12.11,1.0,-2.69,0.27,1.0,62.04,0.33,-1.35,11.67,1.33,6.27,1.0,12.16,3.69,1.0,1.29,0.0,81.0,1.67,0.0,0.33,1.67,0
0.0,1.79,-0.79,-3.77,1.0,-1.74,0.0,110.95,2.79,0.0,17.94,1.0,1.86,-4.77,13.27,3.59,0.21,0.32,-0.79,1.0,0.1,0.0,2.0,1.79,1
28.59,1.0,0.59,12.18,0.0,7.46,2.36,25.97,1.41,3.0,13.59,2.59,2.21,-0.59,-12.08,-1.18,1.0,-1.03,0.0,80.72,0.27,0.0,3.59,4.59,0
4.24,1.0,0.85,2.3,0.85,0.06,0.0,115.26,3.85,0.0,8.39,1.0,-1.11,2.3,8.41,6.0,1.0,0.42,0.0,279.75,0.58,0.0,0.15,1.0,0
0.0,0.31,1.39,4.0,4.85,0.43,3.0,102.08,1.0,1.39,4.61,1.69,1.8,0.0,10.41,2.31,1.0,1.26,0.0,5.0,0.2,0.0,2.0,1.0,0
0.0,1.0,1.0,-5.34,0.0,0.65,-6.01,70.31,0.33,0.67,8.33,2.67,-2.42,-4.67,-10.02,-12.68,1.0,0.4,0.0,-0.67,1.45,0.0,2.33,-0.67,0
-0.68,0.32,0.0,-1.35,0.68,0.42,-2.71,75.0,2.68,0.0,5.35,1.0,1.87,-0.68,1.7,2.0,1.0,-0.89,0.0,1.35,1.34,0.0,1.0,1.32,0
0.0,0.49,1.46,1.0,0.0,0.67,-0.51,79.66,3.02,1.0,5.07,1.51,2.74,-1.02,1.05,-1.02,0.0,0.17,0.0,21.56,0.55,0.0,1.98,-0.51,0
2.53,1.0,-1.53,3.47,1.0,0.42,-0.76,86.4,2.0,0.0,8.53,1.0,6.85,2.53,6.28,1.0,1.0,1.14,0.0,8.82,1.01,0.0,2.0,3.53,0
0.0,1.0,-5.53,-0.51,-12.8,0.48,0.0,44.91,1.0,-17.32,-9.3,-0.51,0.97,1.0,3.24,1.75,1.0,-0.32,0.0,-128.02,1.35,0.0,-0.51,-2.77,0
29.09,4.0,0.91,8.23,0.09,1.04,0.91,9.95,2.0,0.0,-2.72,1.09,5.99,0.09,2.98,0.09,1.0,3.02,0.0,8.85,0.8,0.0,2.91,2.0,0
1.0,0.37,0.0,0.0,0.0,216.76,-1.26,-11.95,0.37,0.0,-0.26,-0.26,4.11,2.74,0.41,-2.14,0.37,1.0,0.0,-0.63,0.69,0.0,0.37,1.26,0
0.0,1.0,0.69,11.38,0.0,9.8,0.69,-30.97,1.31,1.0,6.13,1.0,1.37,1.69,1.42,-0.69,1.0,-0.57,0.0,5.31,0.67,0.0,-1.06,0.0,0
82.73,1.73,246.27,2.91,83.0,0.57,0.0,107.99,2.0,45.0,84.09,4.0,2.33,-1.45,2.88,-1.45,0.0,1.14,0.0,20221.82,0.87,0.0,4.0,1.73,0
2.0,1.0,4.0,2.29,0.35,0.34,1.29,103.52,1.35,0.0,11.12,2.65,1.63,1.65,8.22,3.29,1.0,1.73,0.0,12.35,1.32,0.0,1.0,1.0,0
0.86,1.0,2.71,-2.0,0.0,-0.6,0.0,67.99,1.86,0.0,4.14,3.71,0.33,-0.86,4.06,-0.86,0.14,0.55,0.0,-173.02,1.29,0.0,3.0,-0.86,0
-0.77,0.0,-1.53,0.0,-0.77,3.15,0.0,28.78,1.0,1.53,-6.89,1.0,-4.54,-0.77,-2.96,-0.53,0.0,-0.6,0.0,-6.89,0.87,0.0,1.77,0.77,0
-0.5,1.5,0.5,2.5,-0.5,1.6,0.0,2.52,2.5,0.0,0.47,1.5,2.73,-0.5,1.67,1.0,1.0,0.54,0.0,-1.51,0.5,0.0,0.5,-0.5,0
0.0,1.0,0.0,2.0,0.81,2.06,0.0,100.0,2.81,0.0,1.81,-0.63,2.35,0.0,1.74,1.81,1.0,-0.44,0.0,-20.37,1.0,0.0,1.0,-0.81,0
-60.08,1.73,-180.97,0.0,-60.81,1.14,0.0,85.35,0.27,-32.97,-59.55,-1.2,0.87,0.73,2.26,2.73,1.73,0.25,0.0,-14816.85,1.18,0.0,-0.2,0.27,0
3.84,-0.89,1.89,2.84,0.0,0.41,0.95,52.02,1.0,0.0,13.3,1.0,6.37,4.0,6.97,1.0,1.0,-0.93,0.0,-16.08,1.0,0.0,1.95,1.89,0
0.0,1.0,1.77,-2.36,0.0,-0.42,0.0,55.38,0.41,0.59,3.18,2.0,0.96,-2.36,0.22,-2.36,0.41,0.64,0.0,11.19,0.65,0.0,2.18,1.0,0
0.0,1.0,0.59,2.24,0.0,1.45,0.83,-8.67,2.59,0.0,0.83,0.41,3.44,3.59,5.21,7.41,4.0,0.75,1.0,0.0,1.0,0.0,1.41,0.41,0
-0.93,2.0,0.07,1.87,0.0,0.21,3.0,28.95,1.93,0.0,4.8,1.0,-1.56,-3.74,7.97,-1.8,2.0,1.56,1.0,-5.6,0.8,0.0,2.87,1.87,0
24.73,2.65,-0.82,-2.47,0.82,0.22,0.0,78.31,3.82,0.0,7.42,1.82,4.35,2.82,0.85,-1.47,1.0,1.59,0.0,14.84,1.41,0.0,1.82,1.65,0
-1.71,1.0,2.14,2.57,-0.57,0.57,0.0,83.28,1.57,0.0,1.86,2.0,2.94,0.57,3.26,0.0,1.0,0.58,0.0,362.65,0.98,0.0,-1.85,-1.14,0
-4.69,1.06,0.0,-0.81,1.0,319.71,0.0,66.0,3.0,0.0,12.0,1.0,3.06,1.06,8.4,2.06,0.06,2.0,0.0,13.0,-0.37,0.0,1.0,3.88,0
0.0,1.0,-0.97,2.06,0.0,1.72,0.0,-82.81,3.0,-0.99,-0.93,0.01,4.29,2.96,3.86,2.0,1.0,0.54,0.0,-82.81,1.49,0.0,-0.97,0.01,0
0.0,1.0,0.0,12.0,0.73,1.11,1.27,27.19,2.73,0.0,6.27,0.27,8.29,9.27,2.79,7.73,1.0,-1.1,0.0,-58.64,0.63,0.0,1.73,1.0,0
0.0,1.0,0.0,3.0,0.0,4.12,-0.66,43.01,3.66,0.0,-10.48,1.0,3.11,0.34,-4.28,2.0,1.0,-0.76,0.0,-5.24,1.28,0.0,2.66,1.66,0
0.0,1.7,-2.09,0.52,5.57,0.7,-0.7,98.5,1.7,0.0,14.93,2.7,2.78,1.0,6.4,1.0,1.0,1.61,0.0,19.02,0.08,0.0,2.0,3.09,0
-1.44,0.28,2.0,-2.87,7.0,0.42,0.0,103.81,1.0,2.0,1.0,2.0,0.07,-0.44,1.48,0.72,1.0,0.34,0.0,-2.87,0.57,0.0,1.72,-0.72,0
0.0,1.0,0.0,-0.26,0.0,2.36,-2.44,74.76,2.0,0.0,-9.77,1.81,-0.89,-1.63,-6.33,-0.63,1.0,0.9,0.0,-26.05,1.49,0.0,-0.63,2.0,0
1.0,1.0,-2.89,8.82,1.0,0.99,1.0,7.91,3.0,0.0,14.29,1.04,6.24,2.93,6.5,3.89,3.89,2.53,0.96,381.11,1.07,0.0,3.0,3.0,0
2.0,1.0,4.0,4.61,1.0,0.22,1.2,81.99,2.0,0.0,17.4,2.0,5.74,2.2,8.14,3.2,1.0,0.73,0.0,31.03,0.84,0.0,2.2,-0.2,0
0.0,1.0,0.0,5.7,0.0,-0.4,3.0,100.0,1.85,0.0,7.7,1.85,1.87,-0.85,12.46,3.0,1.0,1.57,0.0,47.41,0.58,0.0,4.54,2.7,1
0.0,0.23,0.0,1.54,0.0,1.45,-0.77,1.54,2.77,2.31,-1.54,1.0,8.09,3.77,0.97,3.0,1.0,-0.37,0.0,-53.94,0.93,0.0,1.77,1.54,0
0.0,1.0,3.05,1.05,0.0,-0.51,0.0,22.72,2.48,0.0,12.0,2.0,1.85,1.05,4.39,1.05,2.57,1.72,0.52,2.0,0.67,0.0,1.0,-0.05,0
0.8,3.6,-1.4,11.81,0.0,1.48,0.0,4.0,1.0,0.0,-0.4,1.0,0.57,0.0,6.23,4.0,1.0,2.1,0.0,1.6,-0.13,0.0,-1.4,2.4,0
14.49,2.89,6.25,4.68,18.74,-0.61,1.0,155.65,1.89,2.68,148.77,5.57,8.11,-2.68,14.6,-0.78,1.0,2.66,0.0,2151.49,-0.04,2.68,4.68,10.03,1
0.0,1.0,-0.88,4.64,0.0,0.94,0.0,13.12,1.0,0.0,-6.67,2.88,-0.42,1.0,0.07,0.12,1.0,0.68,0.0,-9.67,0.56,0.0,2.0,3.64,0
0.57,1.0,1.71,-1.14,0.0,-0.12,1.43,117.66,1.43,0.0,6.71,2.0,2.95,-0.57,1.34,-3.99,-0.71,0.24,-0.57,1436.19,0.05,0.0,3.0,1.43,0
2.0,1.92,2.16,2.84,1.92,0.35,0.0,79.74,2.0,0.0,15.0,1.08,6.63,2.84,12.29,4.75,1.0,2.9,0.0,23.1,0.91,0.0,1.0,1.92,0
1.18,1.59,5.31,-2.36,0.0,-3.23,1.18,108.92,1.59,-0.59,22.47,2.18,5.31,0.41,5.52,1.59,0.41,-0.26,0.0,50.15,1.0,0.0,0.82,0.0,0
0.0,3.0,1.89,3.0,0.0,-0.81,3.67,78.11,1.0,0.0,8.35,1.0,9.18,1.0,12.32,1.89,1.0,3.09,0.0,132.46,0.5,0.0,2.0,3.78,0
0.0,1.0,1.0,7.0,0.0,2.82,-1.86,25.16,1.0,0.0,3.8,1.93,8.06,7.07,-1.89,-2.73,2.0,1.38,1.0,13.98,1.0,0.0,1.0,0.93,0
-7.64,1.0,-14.23,0.95,3.18,0.39,0.0,88.73,1.0,0.09,0.05,1.05,3.37,1.0,3.95,1.91,1.0,1.38,0.0,1.91,0.81,0.0,2.91,1.91,0
0.0,1.78,2.0,3.56,3.78,-0.29,2.0,23.5,4.56,2.0,17.79,2.0,5.37,2.56,12.34,1.78,1.0,1.92,0.0,9.35,0.67,0.0,1.22,1.78,0
0.0,2.0,5.0,5.0,0.0,0.38,2.36,80.0,2.0,0.0,8.0,0.21,7.31,1.21,9.64,7.31,1.0,0.95,0.0,46.0,0.6,0.0,1.21,2.79,0
-1.09,1.0,0.0,6.28,0.0,2.85,3.0,71.57,2.55,0.55,4.0,0.45,1.32,1.09,8.12,2.0,1.0,1.65,0.0,10.94,0.73,0.0,1.45,0.0,0
0.0,0.32,0.0,-0.03,0.0,0.45,0.0,58.61,1.0,0.0,8.42,2.0,10.39,2.68,5.32,1.0,1.0,-0.01,0.0,0.68,1.34,0.0,2.0,1.35,0
24.61,1.0,0.0,7.03,0.0,7.41,-1.64,-87.9,2.0,2.64,7.91,1.88,3.61,2.0,-4.64,-0.76,1.0,-0.76,0.0,4.52,0.5,0.0,2.88,3.52,0
2.0,2.0,7.03,1.19,11.95,-1.89,0.0,135.68,2.41,13.36,11.14,3.11,7.42,1.3,4.62,1.0,1.0,1.37,0.0,123.81,0.81,0.0,1.0,4.81,0
0.0,1.0,0.0,4.0,0.0,0.97,2.0,50.0,2.0,0.0,2.0,1.0,3.0,3.0,8.0,8.0,4.0,1.0,1.0,0.0,1.0,0.0,2.0,1.0,0
0.0,1.0,2.74,2.52,6.0,0.46,-0.74,108.89,2.74,0.74,10.55,2.0,7.91,-0.74,4.14,0.26,0.26,1.61,0.0,82.34,0.64,0.0,3.48,0.52,0
0.0,2.0,1.3,6.3,0.0,0.33,1.0,70.78,1.7,0.0,25.3,0.3,8.1,1.0,12.83,1.7,1.0,1.45,0.0,23.0,0.5,0.0,1.7,2.0,1
0.0,1.0,2.83,1.0,0.0,0.28,3.91,17.17,0.09,0.0,10.57,0.09,1.57,2.91,10.63,7.0,1.0,0.45,0.0,-39.58,0.76,0.0,-0.74,1.0,0
-0.61,1.61,-3.64,3.21,0.0,0.34,1.21,50.0,2.0,0.0,2.33,1.61,1.27,-0.21,27.54,3.82,1.0,2.91,0.0,-46.3,0.67,0.0,3.0,0.61,1
0.0,3.0,0.19,3.81,0.0,0.55,-0.63,134.25,2.63,2.44,2.19,1.81,16.68,1.81,4.98,1.0,1.0,2.38,0.0,128.81,-0.04,0.0,2.81,3.63,0
1.1,1.0,0.0,2.34,0.0,3.19,-0.76,-5.19,1.45,2.76,-0.21,0.45,4.1,3.55,1.38,1.93,4.0,1.0,1.0,0.0,1.0,0.0,2.0,-0.1,0
2.0,1.0,1.46,0.92,1.0,-0.01,0.46,104.3,1.0,0.0,44.46,2.0,3.18,0.54,13.04,0.0,1.0,1.42,0.0,184.31,0.14,2.0,4.54,4.0,1
0.0,0.22,0.0,-1.35,0.0,6.68,2.0,95.0,-0.57,0.0,17.22,0.22,2.99,1.0,7.12,0.22,0.22,1.54,0.0,-3.97,0.23,0.0,-1.35,4.0,1
0.86,2.71,0.0,32.53,0.0,0.01,12.84,156.49,0.14,0.0,27.97,1.86,3.1,0.0,26.1,4.86,1.0,0.93,0.0,288.45,0.54,0.0,1.86,2.71,1
0.0,1.0,3.0,4.36,0.0,1.18,0.0,86.44,0.32,1.0,0.32,1.0,4.84,0.0,0.66,0.0,0.0,0.21,0.0,12.28,0.68,0.0,3.0,0.0,0
1.0,1.0,5.13,2.71,0.0,0.22,1.0,101.56,1.0,0.0,21.31,2.42,8.41,2.0,6.38,-0.42,0.29,0.64,0.0,2385.33,0.5,0.0,2.0,0.0,0
0.0,1.0,1.97,5.99,0.0,1.57,0.0,69.71,1.0,0.0,-1.96,-0.97,2.62,3.0,2.53,1.0,1.0,0.17,0.0,-14.77,0.99,0.0,1.01,0.0,0
-1.67,1.83,2.0,-8.35,7.0,-3.13,0.0,149.77,1.0,1.17,0.17,2.0,6.01,1.0,4.58,0.83,1.0,1.66,0.0,0.0,0.33,0.0,0.17,-0.83,0
11.0,2.0,9.74,3.0,3.0,0.25,0.0,96.15,1.0,12.0,48.52,3.0,5.4,-0.63,6.14,2.26,1.0,1.58,0.0,808.45,0.36,1.0,4.0,7.37,1
2.66,0.11,1.0,-2.54,0.0,0.38,3.0,34.69,1.0,0.0,-4.63,1.89,-0.19,1.11,1.4,7.0,1.0,-0.28,0.0,13.2,1.11,0.0,2.89,1.0,0
0.0,1.0,5.44,5.72,7.72,0.45,0.0,106.7,3.72,0.0,24.47,1.14,4.57,-0.86,3.74,1.0,1.0,0.57,0.0,178.38,0.43,0.0,3.72,2.86,1
4.74,1.91,8.22,1.0,0.0,0.15,1.83,97.97,2.0,-0.91,37.23,-1.74,5.52,0.0,7.48,1.91,0.09,1.7,0.0,269.65,0.5,0.0,2.0,0.0,1
-1.41,1.0,1.32,2.68,0.32,0.14,1.68,69.77,0.32,0.0,44.82,1.32,1.56,0.68,13.0,0.0,1.0,1.15,0.0,-39.49,0.42,2.0,4.68,4.0,1
0.0,1.5,2.5,2.0,0.0,0.19,1.5,81.56,3.0,0.0,17.01,1.5,3.02,0.0,5.01,0.5,1.0,0.77,0.0,21.01,0.55,0.0,1.0,2.5,0
0.79,1.0,3.36,0.0,0.0,0.71,0.0,136.77,2.0,0.0,6.36,3.36,10.26,1.0,3.63,2.0,0.21,1.16,0.0,103.86,0.61,0.0,4.36,3.0,0
0.0,1.0,-0.6,4.0,0.0,1.18,0.0,32.46,1.4,0.0,4.42,3.0,3.12,0.0,2.37,1.6,1.0,0.23,0.0,70.16,1.3,0.0,0.19,-1.21,0
0.52,2.56,0.0,5.71,0.0,-15.96,0.52,74.02,1.52,0.0,10.27,3.04,3.48,0.52,7.53,0.52,1.52,2.27,0.0,5.19,1.17,0.0,0.48,1.56,0
0.0,1.0,1.0,0.78,0.0,1.35,2.33,38.85,2.0,0.0,-1.88,1.0,0.45,1.22,-10.75,3.0,1.0,-0.42,0.0,-0.78,1.26,0.0,0.22,0.0,0
8.0,1.0,9.88,4.06,-9.8,0.39,1.62,19.33,2.0,-16.67,-3.49,1.19,-2.77,1.62,9.17,8.93,3.43,2.05,2.43,-137.97,-0.03,0.0,-0.43,-4.06,0
-61.72,1.0,-185.9,0.0,-62.47,1.11,0.0,24.74,0.25,-32.87,-58.97,1.49,2.93,0.0,0.78,1.0,0.75,0.23,0.0,-15199.35,0.52,0.0,-0.26,2.0,0
5.9,1.0,13.27,-2.21,2.95,0.11,-3.69,28.58,1.74,1.47,2.26,2.74,3.5,0.0,-3.21,-8.85,1.0,1.9,0.0,0.0,0.26,0.0,1.74,-1.47,0
2.0,1.0,4.0,3.9,1.0,-1.46,0.0,157.67,2.0,-0.97,14.03,2.0,7.26,1.97,7.17,2.0,1.0,1.45,0.0,13.0,1.0,0.0,2.94,0.03,0
0.7,1.0,3.3,0.91,0.6,0.16,0.3,89.0,2.3,0.0,8.74,3.09,3.59,0.0,3.63,0.3,0.3,0.56,0.0,99.79,0.9,0.0,1.6,0.6,0
0.0,1.0,-2.8,2.1,0.0,1.01,0.0,92.99,1.3,0.7,-0.1,1.7,0.25,0.0,-0.85,0.3,1.0,0.21,0.0,0.0,0.67,0.0,1.0,-1.4,0
-1.12,-0.12,1.56,-2.36,0.0,-0.22,1.12,64.23,1.0,0.0,6.15,1.0,4.48,0.56,8.92,2.56,1.56,1.56,0.0,-1.45,1.0,0.0,-1.24,-0.56,0
0.0,1.0,1.0,-3.78,1.0,-5.23,1.26,81.48,1.0,-0.63,7.0,2.0,2.91,1.26,8.39,7.04,2.89,0.98,0.63,4.22,1.21,0.0,1.63,0.63,0
0.0,1.91,1.0,0.09,0.91,-0.32,3.0,37.26,2.83,0.0,16.97,1.0,-2.98,2.91,14.43,8.83,1.0,2.19,0.0,18.88,0.28,0.0,2.0,2.83,0
0.0,0.41,0.41,0.0,0.41,97.51,0.41,30.49,0.81,0.0,4.47,0.41,0.91,0.0,2.13,0.41,0.41,0.2,0.0,0.81,0.2,0.0,1.59,0.59,0
-0.89,0.05,-4.73,4.05,-2.78,0.38,2.89,33.02,3.95,-3.78,-7.74,0.05,3.97,1.89,6.53,5.73,2.89,2.2,0.95,-57.55,0.5,0.0,1.0,-0.95,0
0.0,1.94,-8.42,6.68,0.0,0.04,0.94,21.94,2.0,0.0,31.45,0.06,-7.39,0.06,34.49,2.0,1.0,3.0,0.0,20.64,0.51,0.0,3.0,0.94,1
3.0,1.0,2.0,3.0,0.0,-1.05,1.0,23.03,0.06,0.0,21.52,2.0,3.25,0.0,5.42,0.06,1.0,0.47,0.0,210.52,0.53,0.0,2.0,1.06,1
-0.58,2.0,5.3,1.0,0.0,-3.31,1.0,131.29,2.58,-0.58,18.05,2.58,4.87,0.42,10.19,1.58,1.0,0.82,0.0,373.04,0.71,0.0,1.58,0.42,0
0.94,1.0,-0.87,0.06,0.0,0.97,0.0,34.51,2.06,0.0,-9.11,1.0,3.63,0.0,-0.14,1.0,1.0,-0.09,0.0,65.57,0.63,0.0,4.81,1.0,0
0.0,1.58,-0.58,0.0,0.0,0.83,1.16,62.0,2.0,0.0,-4.05,1.0,2.26,-0.58,-1.05,0.0,1.58,0.0,0.58,-1.74,1.0,0.0,1.0,0.0,0
1.0,1.0,-0.38,-4.14,0.0,0.6,-0.69,28.35,1.69,-2.07,2.0,1.31,0.74,-0.69,1.05,1.0,1.0,0.04,0.0,2.07,1.02,0.0,1.0,0.69,0
3.81,1.0,2.43,-0.24,0.0,0.15,0.57,73.1,2.81,0.0,6.57,3.43,4.46,1.0,-1.21,-1.43,0.19,0.26,0.0,57.84,0.94,0.0,0.19,2.19,0
0.0,1.0,0.0,24.26,0.0,0.76,4.04,9.23,1.32,0.0,26.75,1.0,14.77,14.77,12.45,12.45,1.0,0.0,0.0,0.0,0.83,0.0,0.32,0.32,0
-17.67,1.0,0.0,0.41,-1.95,0.11,-0.59,62.45,1.41,-1.18,11.18,0.41,2.54,0.0,6.55,2.59,1.59,0.29,0.0,-677.65,0.46,0.0,2.59,-0.18,0
0.0,0.1,-0.8,0.1,0.0,3.11,2.1,25.1,1.0,1.8,7.0,1.9,2.8,1.9,8.35,2.0,1.0,0.33,0.0,7.0,1.4,0.0,1.0,2.0,0
0.0,1.0,0.0,5.1,0.0,2.89,0.0,7.07,1.0,1.1,1.0,2.55,0.05,1.0,1.8,1.0,1.0,0.2,0.0,0.0,1.0,0.0,3.0,0.0,0
0.0,1.0,2.0,0.54,0.0,0.19,0.0,81.52,2.46,0.0,16.89,3.09,-0.19,0.0,3.75,0.0,1.0,0.47,0.0,16.12,0.4,0.0,1.0,2.09,0
0.0,1.0,7.87,-6.62,0.0,1.27,-7.87,12.52,1.0,0.0,-2.12,1.0,1.39,-4.37,-10.96,-13.0,0.0,0.64,0.0,107.13,1.08,0.0,2.13,-0.87,0
0.0,1.0,0.89,3.0,0.0,1.24,3.23,83.18,1.89,0.0,4.0,0.11,-0.89,0.0,9.9,10.23,1.0,0.0,0.0,-0.89,1.44,0.0,0.11,2.0,0
0.35,2.65,4.0,-0.96,0.0,0.16,2.65,8.5,1.0,0.0,-6.81,1.0,0.08,1.0,12.09,2.65,1.0,3.05,0.0,-0.62,1.26,0.0,4.0,0.0,0
0.0,2.0,5.0,2.97,0.0,1.15,-3.04,42.48,1.49,0.0,0.39,1.0,5.56,0.99,-1.5,-0.52,1.0,0.65,0.0,47.52,0.6,0.0,2.0,2.0,0
27.76,1.0,0.0,22.91,0.0,7.31,2.0,14.0,2.0,2.97,19.89,1.99,9.26,7.03,4.7,4.03,1.0,0.0,0.0,3.97,0.43,0.0,2.98,4.97,0
26.96,1.0,3.85,5.85,4.81,0.6,0.96,46.74,1.0,1.93,6.85,2.96,6.69,1.0,5.26,0.04,0.04,1.41,0.0,969.61,1.07,0.0,2.96,2.93,0
0.0,0.49,-0.51,0.51,0.0,3.02,-1.54,8.94,2.0,5.13,0.95,1.51,17.65,9.73,3.53,2.0,1.0,-0.11,0.0,-4.11,0.26,0.0,1.0,-0.51,0
0.0,1.0,0.0,2.42,0.0,4.15,0.0,69.78,-0.21,1.21,2.79,-0.81,0.26,1.81,4.43,4.0,1.0,-0.11,0.0,0.0,1.0,0.0,0.4,1.0,0
0.0,2.0,1.0,-0.96,-0.96,0.75,3.0,12.42,0.04,0.96,1.04,1.96,1.33,0.0,1.85,-1.87,2.0,0.04,1.0,0.0,1.0,0.0,0.04,-0.96,0
-0.72,1.0,-0.72,1.72,0.0,0.11,2.45,95.68,1.72,0.0,27.12,1.0,3.7,-1.89,14.96,-0.45,1.0,1.73,0.0,2.21,0.93,0.0,2.0,0.72,1
11.37,2.87,5.87,4.5,1.75,0.57,1.0,94.74,1.87,0.0,15.12,0.13,5.04,2.0,8.47,2.0,1.0,1.81,0.0,6.75,0.39,0.0,5.62,5.62,1
8.0,1.0,18.0,0.0,4.0,-0.34,0.0,121.44,1.11,2.0,5.66,1.11,0.47,-0.89,4.65,0.89,1.0,-0.31,0.0,0.89,-0.15,0.0,1.11,1.77,0
0.0,0.0,1.0,-1.51,0.0,163.84,-1.0,-37.64,0.5,0.5,4.01,0.0,-0.07,-0.5,-1.21,-1.51,0.0,-0.11,0.0,74.77,-0.25,0.0,1.5,1.0,0
1.0,1.0,-1.83,3.78,1.0,0.37,1.0,68.0,3.61,0.0,-2.5,-0.22,2.43,0.0,5.21,1.0,1.61,1.6,0.0,2.0,0.3,0.0,1.0,0.0,0
0.0,0.09,-0.91,4.0,0.0,0.6,0.0,117.38,0.09,0.0,4.54,1.0,3.79,1.91,23.22,1.91,1.0,1.13,0.0,0.91,0.7,0.0,4.82,0.0,1
0.0,1.0,-6.21,-0.11,0.0,5.05,0.0,-68.32,1.0,10.0,-3.21,2.0,32.53,17.0,-1.13,1.0,1.0,-0.41,0.0,0.0,0.22,0.0,1.78,0.0,0
0.0,0.0,0.0,-3.28,-0.82,163.68,0.0,10.67,0.0,0.0,0.82,0.0,1.2,0.0,0.26,-0.82,0.0,-0.82,0.0,0.0,0.0,0.0,1.18,1.82,0
1.78,1.89,0.0,1.0,0.0,-0.12,1.0,114.58,1.0,0.0,17.89,0.11,3.32,1.89,10.89,1.0,1.0,0.58,0.0,9.78,0.72,0.0,1.11,0.89,0
-2.8,-0.87,0.0,1.13,-4.66,324.51,0.0,-83.93,-0.87,9.07,-10.99,0.13,28.49,17.0,-5.83,0.07,0.07,-1.24,0.0,-714.3,0.25,0.0,1.0,0.0,0
0.0,1.0,-2.28,-1.64,0.82,1.51,0.0,68.46,2.82,0.0,-2.56,1.0,1.64,1.0,-1.04,2.82,1.0,-0.28,0.0,-34.53,1.41,0.0,-0.46,3.82,0
-3.96,1.0,-0.99,5.01,-1.98,5.48,0.0,-10.89,-0.99,4.0,-14.83,-1.98,3.11,1.0,-1.73,0.0,1.0,-0.7,0.0,-86.13,0.42,0.0,3.01,-4.94,0
0.0,1.0,4.74,6.59,0.0,0.3,3.59,45.0,0.41,0.0,27.45,1.59,6.05,3.0,14.86,2.41,1.0,0.69,0.0,34.96,0.25,0.0,5.78,-0.19,1
0.0,1.0,3.14,4.0,0.0,0.66,0.0,127.51,3.0,0.0,1.86,0.21,4.29,2.43,-2.55,3.64,0.21,-1.13,0.0,-1.57,1.26,0.0,0.21,2.57,0
0.0,3.0,-0.52,3.0,-2.29,0.36,2.52,79.0,1.0,-1.52,0.71,0.24,9.94,2.52,6.02,4.81,2.52,3.14,0.76,130.29,0.12,0.0,2.76,4.29,0
82.0,-0.44,243.4,-3.6,83.0,2.03,0.0,114.41,1.28,45.0,81.24,4.0,-3.29,-1.44,-0.26,0.0,-0.72,-0.34,0.0,20190.86,1.04,0.0,3.28,-0.44,0
0.0,1.0,1.61,4.83,0.0,1.48,0.54,-29.0,0.93,0.0,-1.61,0.46,5.35,2.46,2.53,3.0,1.0,0.34,0.0,-4.3,1.18,0.0,0.46,0.0,0
27.09,2.81,-0.81,-0.32,0.9,1.1,-0.9,30.71,3.9,0.0,-9.55,1.9,2.48,0.0,-2.12,2.0,1.0,2.03,0.0,-4.52,1.0,0.0,1.9,1.0,0
-1.24,1.0,0.0,1.0,0.0,-2.41,2.62,128.99,1.62,-3.09,24.8,1.62,3.5,1.0,13.36,1.0,1.0,2.28,0.0,8.24,0.54,0.0,1.62,5.85,1
-1.84,1.0,-3.67,2.08,-0.92,2.11,3.0,19.2,2.0,0.0,-9.77,1.0,-1.98,0.0,3.92,1.08,1.0,0.38,0.0,-11.94,0.08,0.0,2.92,-0.92,0
7.0,0.03,-2.91,2.91,0.0,0.48,1.94,157.06,1.0,0.0,8.78,2.97,4.67,0.03,-1.54,-0.94,1.0,-0.56,0.0,124.96,0.42,0.0,2.0,0.97,0
0.0,1.0,-0.97,-0.99,0.0,2.26,-0.99,37.52,0.03,0.0,-9.85,0.01,-0.55,2.0,0.92,4.97,1.0,-0.4,0.0,-6.91,1.33,0.0,1.0,0.0,0
0.0,2.85,1.0,8.09,0.0,1.17,0.0,-14.43,1.0,0.0,7.09,0.15,3.56,0.85,9.93,4.0,1.0,2.55,0.0,4.24,0.0,0.0,1.0,0.0,1
1.47,1.73,4.93,7.73,1.0,0.32,-0.47,74.19,1.0,2.2,5.2,1.73,3.73,-0.47,7.73,-2.13,-1.2,1.77,-0.73,3.0,-0.07,0.0,2.0,-0.73,1
0.0,1.0,3.48,3.69,0.0,0.18,0.83,69.65,1.0,0.0,18.07,2.83,6.95,1.0,7.4,1.0,1.0,0.72,0.0,261.62,0.25,0.0,1.83,1.0,0
0.0,2.0,0.0,2.0,0.0,-0.36,1.0,124.23,1.12,0.0,10.42,2.0,5.19,-0.88,8.25,4.54,1.88,1.36,0.88,70.12,0.43,0.0,0.12,0.0,0
0.0,1.0,-1.8,-0.6,0.0,0.35,2.0,85.59,2.6,0.0,-9.41,1.4,-0.18,0.0,1.24,0.0,1.6,0.31,0.0,30.0,-0.27,0.0,3.0,3.2,0
-0.9,1.0,-1.81,4.71,-0.9,0.82,4.81,106.33,2.0,0.0,-2.94,1.0,-2.26,2.0,11.3,10.81,1.0,-0.32,0.0,-9.04,1.3,0.0,2.9,1.9,0
2.97,1.0,3.95,7.99,5.99,0.63,0.0,123.57,0.01,0.0,14.85,3.0,4.27,0.0,5.28,0.99,1.0,1.39,0.0,4.94,1.33,0.0,0.03,1.99,0
14.0,2.76,3.97,31.03,21.0,0.49,9.85,145.99,3.0,3.0,150.94,5.76,7.44,-0.76,17.57,0.24,1.0,0.52,0.0,2438.75,0.02,3.0,2.49,10.51,1
0.0,1.0,0.67,5.0,0.0,1.54,0.0,33.57,1.0,1.33,2.69,2.67,2.34,0.33,3.35,0.33,1.0,0.29,0.0,0.0,1.0,0.0,2.34,0.0,0
-58.59,1.0,-176.49,15.0,-59.31,1.27,2.14,45.0,1.29,-32.15,-35.58,-1.14,4.58,6.0,13.58,12.72,1.71,0.33,0.0,-14450.47,0.0,0.0,-0.43,0.0,0
1.0,1.0,0.0,-3.93,0.0,0.67,-2.95,-24.57,1.98,0.0,-0.97,1.0,6.7,4.0,-2.02,0.02,1.0,-0.26,0.0,-4.91,1.33,0.0,0.02,0.98,0
0.0,1.88,-1.75,6.38,0.0,0.49,3.12,47.37,3.0,0.0,19.28,1.0,5.11,2.12,10.55,5.12,3.0,2.81,1.0,23.17,0.06,0.0,2.12,4.88,1
0.0,2.0,-1.44,-0.72,0.0,0.54,0.28,76.03,1.0,0.0,-0.59,2.72,9.2,2.72,4.19,2.0,1.0,2.53,0.0,-0.72,1.36,0.0,2.72,-1.44,0
0.0,1.0,4.07,4.0,0.0,-0.12,-0.81,147.04,1.19,0.0,9.5,2.81,1.72,-1.63,4.64,0.19,1.0,0.88,0.0,9.63,0.39,0.0,0.19,0.0,0
0.0,0.16,-3.18,-2.51,1.0,0.72,1.0,59.95,1.16,0.0,6.82,1.84,4.09,0.0,2.57,1.0,1.0,-0.16,0.0,-36.46,0.83,0.0,1.0,-1.67,0
5.0,1.0,5.7,2.3,-11.02,0.21,1.0,82.41,1.0,-14.9,17.46,1.35,3.32,1.65,10.62,1.65,1.0,1.71,0.0,204.84,1.05,0.0,1.06,-1.24,1
-1.79,1.0,-0.7,7.79,-0.4,3.33,0.0,14.48,0.6,2.79,-4.17,-1.09,4.72,1.0,3.22,0.3,1.0,0.63,0.0,-57.12,0.45,0.0,3.4,-1.49,0
0.0,1.0,0.0,12.16,0.0,-0.09,1.04,157.81,1.0,0.0,29.07,1.98,0.47,-2.82,11.31,9.11,1.0,0.33,0.0,51.06,0.16,0.0,4.95,1.98,1
1.0,1.0,0.14,5.14,-0.86,0.49,2.57,36.88,0.14,0.0,15.42,0.14,7.59,6.57,10.54,4.71,1.0,-1.07,0.0,35.4,0.27,0.0,2.71,1.86,0
0.0,1.51,4.03,12.6,0.0,1.36,0.49,-20.07,0.49,0.0,10.81,0.49,9.77,0.51,7.69,1.51,1.0,1.88,0.0,-3.6,1.09,0.0,0.97,0.0,0
0.0,1.0,0.0,8.44,0.0,0.2,7.72,91.84,-0.81,0.0,14.88,0.09,1.6,1.81,21.02,13.81,1.0,-0.63,0.0,21.76,0.76,0.0,1.91,2.91,0
14.0,2.0,7.0,8.74,21.0,3.31,-2.46,96.0,3.0,3.82,130.36,5.0,8.05,0.82,-0.33,-0.64,1.0,-0.33,0.0,2258.03,0.15,3.0,4.0,9.0,1
4.0,1.0,0.0,-1.67,1.0,0.31,1.0,37.42,2.89,2.0,2.0,0.05,4.9,2.05,3.39,1.0,1.0,0.49,0.0,-129.03,0.72,0.0,1.95,0.0,0
0.0,1.0,-1.51,4.0,0.0,0.9,1.51,84.06,2.76,0.0,-1.03,3.0,1.56,-0.76,3.83,1.76,1.0,1.49,0.0,-0.76,1.38,0.0,2.76,-1.51,0
-0.03,-0.03,4.07,-0.55,0.0,-0.08,-0.52,65.1,1.0,0.0,9.38,1.0,0.24,0.0,3.63,0.0,1.52,1.34,0.0,8.28,0.67,0.0,0.48,-0.55,0
0.16,1.0,0.0,3.69,0.0,3.72,0.0,-46.11,-1.84,5.0,0.92,0.0,4.77,3.77,1.55,0.08,1.0,0.53,0.0,0.92,0.54,0.0,1.0,-0.92,0
0.89,4.78,-1.78,5.35,0.0,0.88,-1.78,3.56,1.0,0.0,8.13,2.89,0.34,0.89,2.39,1.89,1.0,2.99,0.0,55.91,0.41,0.0,0.11,1.78,0
2.0,1.58,0.58,-0.15,0.0,0.85,0.0,37.24,2.58,0.0,9.15,-0.15,2.26,0.0,2.79,1.0,1.0,0.74,0.0,192.0,0.5,0.0,1.42,0.0,0
-14.49,1.0,5.7,-2.25,-3.25,-0.14,1.0,20.02,0.35,-1.3,20.05,1.35,2.34,1.65,14.48,1.65,1.65,2.19,0.0,-462.19,1.03,0.0,1.7,0.7,0
6.69,1.84,17.04,1.0,3.34,-26.61,3.0,135.56,2.67,1.67,21.51,2.67,10.13,3.0,15.03,3.0,1.84,1.04,0.0,4.0,1.0,0.0,1.0,2.0,0
0.0,0.0,7.98,-4.98,0.0,-0.71,0.0,39.95,2.0,1.0,36.92,3.0,2.86,0.0,11.31,1.0,1.0,0.63,0.0,153.98,1.25,0.0,3.99,1.0,1
-0.81,1.0,4.07,2.93,3.19,0.83,-0.81,83.78,0.37,1.0,2.11,1.81,0.47,1.0,1.58,0.19,1.0,0.17,0.0,13.81,0.25,0.0,3.0,3.0,0
0.0,1.0,0.0,4.51,0.0,1.21,0.0,18.06,2.0,0.0,0.99,3.0,2.18,0.51,3.34,2.52,2.01,1.06,1.01,21.8,0.75,0.0,1.49,0.0,0
7.0,1.0,1.04,0.0,0.0,0.42,0.0,56.6,2.04,0.0,5.13,1.48,2.9,1.0,3.95,0.48,1.0,0.85,0.0,-4.7,1.16,0.0,1.48,0.0,0
-0.75,1.75,-2.25,-0.75,0.0,0.27,0.25,27.2,1.75,0.0,15.51,1.0,0.59,1.0,14.46,2.5,1.0,1.58,0.0,-1852.87,0.67,0.0,1.25,3.75,0
0.72,1.36,0.8,6.92,-2.56,2.74,-1.28,27.4,0.72,1.08,-13.53,0.72,1.63,1.0,2.34,0.36,1.0,0.48,0.0,65.82,0.08,0.0,0.72,-3.2,0
1.0,0.0,1.0,-2.0,1.0,0.21,0.0,92.88,0.0,0.0,10.99,2.0,5.7,3.0,4.21,2.0,1.0,0.53,0.0,12.99,0.67,0.0,1.0,1.0,0
-1.81,1.0,-5.43,15.04,0.0,0.71,11.14,45.0,1.0,0.0,10.48,1.0,6.86,7.52,25.56,19.28,1.0,-0.72,0.0,-45.76,0.25,0.0,3.1,1.0,0
0.0,1.0,3.24,3.24,0.0,0.69,-2.29,16.72,1.0,0.0,10.19,1.76,0.45,-0.76,0.76,-0.53,1.0,0.61,0.0,41.66,0.88,0.0,4.0,-0.76,0
0.64,0.36,1.28,7.64,4.0,0.88,-0.64,77.84,2.0,1.0,13.39,0.36,1.98,-0.28,2.46,-0.28,1.0,0.46,0.0,13.0,0.04,0.0,2.36,3.64,1
0.0,0.0,-0.75,2.25,0.0,3.48,-2.25,115.77,2.5,0.0,-1.5,1.0,-0.11,2.25,-1.58,4.0,0.0,-0.75,0.0,-5.26,1.38,0.0,1.0,-0.75,0
0.0,0.35,-1.96,6.0,0.0,2.14,2.35,-11.77,2.3,0.65,9.13,0.35,2.58,2.35,8.66,2.35,1.0,-0.88,0.0,-193.76,0.4,0.0,4.0,0.35,0
-0.7,0.3,1.89,8.22,0.0,0.82,0.0,67.85,0.3,0.0,18.93,-1.11,3.24,0.7,7.63,1.7,1.7,1.32,0.0,-194.53,0.38,0.0,1.89,1.41,1
1.0,1.0,0.0,9.3,0.0,8.53,0.0,24.75,0.59,1.59,0.0,-1.18,1.69,1.59,-1.13,-0.59,1.0,2.0,0.0,52.45,1.39,0.0,3.59,1.0,0
0.65,1.0,-0.65,-0.29,-1.94,1.34,-1.29,91.0,-0.29,-1.29,-4.18,1.0,3.46,0.35,-1.01,1.0,1.0,-0.12,0.0,2.0,0.07,0.0,0.35,-0.65,0
-0.7,1.0,4.91,3.0,0.0,1.1,0.0,94.96,1.3,0.7,3.39,0.3,14.92,0.0,2.39,1.7,1.0,0.59,0.0,-67.04,0.38,0.0,4.61,4.39,1
0.95,1.0,0.11,5.0,-6.62,0.77,3.0,-3.5,1.0,-1.89,6.0,0.05,6.41,2.84,8.46,0.95,1.0,0.44,0.0,0.0,1.63,0.0,2.0,1.0,0
-1.56,1.0,0.0,-3.47,1.0,-1.69,0.0,138.65,2.0,0.0,4.44,1.78,2.4,-0.78,3.0,2.0,1.0,0.0,0.0,0.0,1.0,0.0,0.22,0.22,0
0.0,1.0,0.54,-1.42,0.0,-3.28,0.0,45.0,1.0,-0.54,1.0,2.0,5.54,1.54,3.84,2.63,1.0,0.44,0.0,-3.25,1.18,0.0,3.0,0.0,0
-1.95,1.0,-1.95,-1.95,-0.98,0.88,1.02,97.07,2.98,0.0,-32.08,1.02,0.6,0.0,-4.02,0.0,1.0,-0.7,0.0,-145.66,0.94,-1.95,0.07,-1.9,0
0.0,1.0,0.74,1.26,0.0,0.48,2.22,-6.69,1.0,0.0,15.56,2.0,6.95,3.22,10.2,2.48,1.0,0.98,0.0,-260.15,1.37,0.0,2.0,2.48,0
0.0,1.0,5.68,1.89,0.0,1.91,0.0,11.35,2.95,0.0,-11.35,1.0,14.72,2.0,-2.77,0.05,1.0,0.17,0.0,-2.68,0.53,0.0,5.73,3.84,0
1.8,1.9,0.0,0.9,0.0,-7.41,0.0,159.53,2.8,1.0,12.22,3.9,6.2,0.0,4.1,1.9,0.9,0.63,0.0,195.18,0.78,0.0,2.9,2.0,0
-0.76,1.0,1.0,-2.29,-0.76,1.18,0.0,-21.42,2.0,0.0,3.53,1.0,0.47,2.0,18.93,3.76,1.0,0.86,0.0,-3.06,1.13,0.0,1.76,-1.53,0
0.0,1.65,0.65,0.0,0.65,0.86,0.0,12.97,3.65,3.24,6.89,1.0,7.3,2.35,2.87,2.0,0.35,0.92,0.0,4.65,0.61,0.0,3.95,0.65,0
0.0,1.0,2.16,3.68,0.0,1.4,0.0,184.04,1.0,0.0,27.32,3.0,5.51,-1.68,4.72,-0.68,0.0,0.53,0.0,0.0,1.0,0.0,1.0,0.84,1
0.0,1.0,0.01,-7.93,1.0,-0.96,1.98,128.53,2.0,0.0,22.84,2.0,3.29,2.98,13.71,2.98,1.0,0.7,0.0,3.97,0.67,0.0,1.01,1.98,0
-1.2,1.0,0.0,0.0,0.0,-1.0,1.2,160.18,4.2,-3.01,3.01,2.2,0.73,-0.6,3.14,1.4,1.0,0.19,0.0,18.05,0.1,0.0,2.2,1.2,0
0.0,1.0,-0.74,-1.47,0.0,-0.35,0.74,55.89,1.26,0.0,16.37,2.0,2.98,2.0,20.74,4.0,2.0,2.18,0.0,61.67,0.67,0.0,0.53,-0.74,0
2.0,2.0,0.0,3.99,-1.0,0.97,0.0,16.17,2.0,0.0,7.0,0.0,1.55,-1.99,6.72,2.99,1.0,1.34,0.0,192.0,-0.5,0.0,2.0,0.0,1
0.0,1.0,-0.55,2.77,0.0,0.42,3.88,47.23,3.11,0.0,10.75,0.45,-11.42,2.11,13.86,4.77,1.0,1.03,0.0,6.09,-0.18,0.0,1.55,0.0,0
0.0,1.92,1.0,1.0,0.0,-28.82,3.0,137.79,2.84,0.0,7.0,1.92,10.57,1.0,12.18,2.92,1.92,1.41,0.0,7.0,1.42,0.0,1.0,2.0,0
1.19,1.0,0.0,1.21,0.0,0.65,-0.98,71.43,1.0,0.0,2.21,2.6,2.54,1.0,1.2,-3.14,1.0,0.49,0.0,0.0,1.0,0.0,3.19,-0.19,0
0.0,1.51,-0.51,1.0,0.0,1.95,0.51,99.49,3.51,0.0,1.53,1.0,2.69,0.0,2.9,2.51,1.0,0.19,0.0,-160.23,0.9,0.0,3.0,1.0,0
0.0,1.0,-1.14,7.0,0.0,1.48,-0.71,37.22,1.71,0.0,17.88,2.29,7.63,1.43,1.65,2.43,1.0,0.56,0.0,279.29,0.8,0.0,0.86,9.0,1
3.57,2.78,5.0,1.43,4.0,-0.14,2.78,77.6,1.22,4.0,51.93,2.0,7.82,1.0,15.37,1.0,1.0,1.76,0.0,217.97,0.24,0.0,3.78,6.57,1
0.0,1.0,2.57,4.92,0.0,0.05,5.35,137.81,1.0,0.0,10.14,0.22,6.39,1.0,13.29,2.0,1.0,0.96,0.0,7.0,0.5,0.0,1.78,2.0,0
1.69,1.0,-4.22,20.45,0.0,4.38,2.0,-53.6,2.0,0.84,3.62,0.16,8.78,10.84,3.85,7.0,1.0,-0.56,0.0,-2.53,1.42,0.0,1.84,1.84,0
0.0,1.0,0.86,-0.45,0.0,0.28,2.0,88.8,-0.72,0.0,10.89,2.86,-0.98,-2.45,4.73,-1.17,1.0,0.77,0.0,0.0,1.0,0.0,3.72,0.14,0
0.0,0.3,-0.7,6.0,0.0,5.25,-0.7,13.28,2.0,1.0,1.0,1.7,3.92,3.4,1.33,2.8,0.3,-0.7,-0.7,20.7,0.15,0.0,2.7,0.0,0
0.81,1.81,0.81,-1.62,0.81,2.08,0.0,-16.19,2.81,0.0,2.43,2.0,1.22,1.81,1.56,1.81,1.0,0.7,0.0,0.81,0.58,0.0,1.19,0.0,0
1.88,0.06,4.7,-0.94,0.0,0.64,-2.82,75.81,1.94,0.0,9.58,1.0,4.57,2.88,2.02,1.0,1.0,-0.82,0.0,74.3,1.0,0.0,3.88,0.0,0
0.0,1.0,0.0,1.08,0.0,2.37,3.0,43.17,4.75,0.92,5.17,0.08,-7.62,0.17,6.89,8.08,1.0,-0.46,0.0,0.0,1.0,0.0,1.08,1.0,0
3.15,1.0,4.41,5.0,0.0,4.03,0.63,17.0,1.0,2.0,12.59,1.37,3.44,1.63,6.07,1.0,1.0,1.21,0.0,198.3,1.47,0.0,2.26,1.26,0
0.61,0.39,1.0,-0.07,0.0,0.23,-0.61,60.43,2.0,0.0,8.97,2.0,6.77,1.0,3.17,0.39,1.0,0.76,0.0,0.0,1.41,0.0,3.0,2.61,0
0.0,1.0,1.72,6.04,0.0,2.14,-0.72,42.0,2.28,0.0,4.72,1.0,7.1,4.32,0.92,1.0,1.72,0.62,0.72,-0.72,1.0,0.0,1.28,1.0,0
0.79,3.57,0.0,30.91,0.0,0.16,11.81,17.24,2.0,-0.79,29.1,0.21,3.37,2.0,29.47,3.0,1.79,1.96,0.0,247.91,0.6,0.0,1.0,1.0,1
3.0,1.0,0.0,7.17,0.0,4.94,0.0,51.37,0.0,1.0,0.17,0.0,1.86,2.0,0.4,-0.83,1.0,0.0,0.0,0.0,1.0,0.0,-0.66,1.17,0
0.0,3.68,3.84,2.68,0.0,-6.61,3.0,0.0,3.53,0.0,9.37,1.84,3.23,1.0,12.19,3.84,1.84,2.84,0.0,1.0,1.84,0.0,1.0,3.0,0
6.43,1.0,-1.84,-0.59,0.0,1.24,-2.76,36.73,1.0,0.0,-2.68,2.92,4.66,1.92,-0.19,1.92,1.0,0.8,0.0,0.0,1.0,0.0,3.0,-0.92,0
-0.8,0.2,4.82,6.41,-0.8,1.36,2.0,63.64,1.2,0.0,-6.03,1.0,16.52,2.2,4.99,8.0,4.0,0.48,1.0,2.41,0.6,0.0,5.21,1.0,0
-1.66,1.0,0.34,4.17,-0.83,0.45,3.0,64.21,1.83,0.0,3.51,1.0,1.79,-0.83,3.39,-1.66,1.0,-0.52,0.0,-9.13,0.72,0.0,2.0,1.0,0
-0.95,1.0,5.8,4.05,2.0,0.37,1.9,92.71,3.0,0.0,5.29,0.05,0.47,0.0,7.47,1.95,1.0,0.24,0.0,-2.8,0.88,0.0,2.0,1.95,0
1.0,0.47,-1.06,4.88,5.0,1.38,-0.53,97.4,1.0,0.53,-9.69,3.53,1.46,-0.53,-3.35,-0.53,1.0,-0.08,0.0,-12.16,1.26,0.0,2.0,-0.06,0
0.0,1.0,2.0,2.47,0.0,3.3,3.0,20.33,0.27,0.73,13.13,1.0,6.96,3.0,-5.99,2.27,1.0,-0.87,0.0,3.27,1.24,0.0,-0.47,2.0,0
1.77,2.59,3.0,2.18,2.96,0.08,3.0,19.52,1.59,0.59,13.1,1.59,3.62,0.41,13.32,3.0,1.0,2.79,0.0,454.14,0.88,0.0,0.41,4.18,0
2.7,1.43,4.0,2.7,0.0,0.44,3.7,1.13,1.57,0.0,6.39,1.0,1.82,1.0,11.63,2.0,1.0,1.81,0.0,12.74,0.81,0.0,4.0,1.7,0
0.0,1.0,-1.43,5.86,0.0,1.68,5.0,52.77,2.43,0.0,2.57,1.0,1.67,2.15,13.48,14.15,1.0,0.0,0.0,0.0,1.0,0.0,1.0,1.28,0
-0.95,0.0,0.0,-1.9,0.0,9.72,0.0,0.0,0.0,0.0,-15.17,0.95,-3.97,-1.9,-2.23,0.0,0.0,-0.28,0.0,-3.79,-0.57,0.0,0.05,0.0,0
0.0,1.0,-1.53,-2.07,1.0,0.56,-2.3,18.44,2.0,0.0,6.93,1.0,3.66,1.53,3.05,5.07,2.53,1.28,1.53,34.0,0.12,0.0,1.23,0.23,0
-23.04,-0.65,6.11,6.47,8.47,0.5,1.65,73.42,2.0,3.29,30.63,2.0,7.67,0.0,10.89,1.0,1.0,0.18,0.0,108.5,0.71,0.0,2.82,4.47,1
0.55,1.0,-1.1,3.9,-1.66,1.66,-1.1,22.42,-0.1,-1.1,-3.97,0.45,6.07,4.66,1.43,1.0,1.0,0.92,0.0,1.0,0.5,0.0,1.45,-0.55,0
-3.29,1.0,2.0,3.03,0.66,-0.72,0.0,0.0,2.32,0.0,1.32,1.66,4.47,3.97,6.63,5.63,7.29,3.82,2.32,0.0,1.0,0.0,1.0,0.0,0
-0.79,1.0,6.21,6.16,-0.79,0.95,0.0,65.99,1.0,0.0,-3.91,1.0,3.43,-0.79,2.47,-0.58,0.0,0.36,0.0,100.09,0.76,0.0,4.58,0.0,0
-2.0,0.0,1.0,0.0,-4.99,3.26,4.99,85.02,0.0,-1.0,-5.99,0.0,-3.21,1.0,3.18,1.0,0.0,0.48,0.0,-764.99,0.2,0.0,1.0,-1.0,0
4.0,0.06,0.06,0.12,2.0,-0.82,0.0,138.03,1.06,0.0,22.7,3.94,4.88,2.88,15.25,3.82,1.94,1.13,0.0,91.88,0.1,0.0,2.94,6.0,1
36.48,1.81,8.05,5.0,6.62,0.51,1.0,107.29,2.0,11.72,41.17,2.81,7.96,0.0,4.52,0.0,0.0,0.71,0.0,1760.48,0.56,0.81,1.38,6.86,1
0.0,1.0,2.9,-1.55,0.0,-0.05,1.0,66.71,1.0,0.0,22.45,1.36,3.52,-0.64,8.73,1.64,1.0,0.83,0.0,5.0,0.75,0.0,4.0,1.28,1
0.1,-0.8,0.0,-4.98,0.0,7.77,-0.9,18.86,1.8,1.0,-12.57,-0.9,-0.21,0.1,-3.73,0.9,1.0,0.95,0.0,-8.98,1.6,0.0,4.8,-0.8,0
0.0,1.0,1.0,-0.52,0.0,0.99,0.0,62.07,2.76,0.0,-2.55,1.0,3.7,1.52,-13.98,2.0,1.0,-0.43,0.0,4.28,0.37,0.0,3.24,2.0,0
0.87,1.0,2.0,4.37,0.87,-0.47,0.87,134.48,3.0,0.0,24.25,2.0,4.04,-1.75,7.76,0.0,1.0,1.34,0.0,3.75,0.23,0.0,1.0,1.0,1
1.0,2.0,1.0,-2.24,0.0,-1.59,7.12,130.84,1.0,0.0,13.24,1.0,0.77,-3.95,15.46,1.71,0.29,1.82,-0.71,4.95,-0.35,0.0,1.0,2.41,1
0.72,1.0,3.17,7.45,0.0,0.9,0.72,22.45,2.28,0.0,5.45,1.0,6.57,0.72,4.41,1.28,1.0,1.1,0.0,1788.25,1.36,0.0,1.72,1.0,0
0.0,0.06,-0.94,9.55,0.0,0.38,8.5,156.43,1.94,0.0,9.61,2.0,15.69,8.61,13.63,15.16,1.0,-0.92,0.0,0.94,1.31,0.0,2.94,0.94,0
0.0,2.58,0.0,-0.16,0.0,0.94,-1.58,35.53,0.21,1.0,1.21,2.79,0.07,-2.37,-4.09,-5.53,-1.37,0.99,-0.79,37.1,1.0,0.0,0.21,-0.79,0
0.0,1.0,1.0,-2.51,0.0,-0.77,0.0,116.17,2.0,-1.0,6.01,0.5,1.5,0.5,4.09,3.5,1.0,0.6,0.0,4.0,1.0,0.0,2.0,3.5,0
7.0,1.0,-1.3,-2.59,0.0,0.35,0.0,64.7,2.3,0.0,0.7,2.65,2.98,1.0,1.02,0.35,1.0,0.3,0.0,-29.14,1.11,0.0,0.06,0.65,0
3.0,1.0,2.0,3.0,0.0,-0.42,1.0,109.75,0.0,0.0,24.95,2.0,2.05,-1.0,12.24,1.0,1.0,0.66,0.0,31.0,0.67,0.0,2.0,4.99,1
0.86,1.0,0.0,-1.73,0.0,0.41,0.0,64.55,2.0,0.0,-4.92,1.86,1.78,0.0,-0.69,1.0,1.0,-0.13,0.0,73.5,0.77,0.0,1.86,-0.86,0
0.0,1.0,0.0,4.0,0.0,1.88,-3.65,22.69,0.12,0.0,-11.18,1.94,0.74,0.17,-4.79,5.17,4.0,-0.47,1.0,0.0,1.0,0.0,3.88,0.06,0
1.88,1.88,3.88,0.0,0.0,-0.16,4.38,143.48,2.0,0.0,8.26,3.12,11.82,0.0,7.31,0.0,0.0,1.34,0.0,127.0,-0.38,0.0,3.12,0.0,0
0.0,1.0,2.44,6.28,0.0,1.54,-2.88,5.76,1.0,0.0,7.76,1.72,-1.17,-2.16,8.5,5.68,1.56,1.4,1.28,10.08,1.22,0.0,1.56,-0.44,0
0.0,1.0,2.12,-3.18,0.0,-3.58,3.06,133.89,2.53,-1.06,11.35,2.53,1.35,-0.53,6.77,0.53,1.0,0.31,0.0,30.0,0.33,0.0,3.53,2.53,0
-0.85,1.0,0.45,9.0,0.0,1.35,1.0,8.5,0.15,0.0,0.85,-1.55,-1.17,0.0,5.49,4.4,1.85,0.73,0.0,-107.92,1.42,0.0,-0.55,0.85,0
1.0,2.0,0.03,7.81,0.0,1.59,4.03,15.01,-0.94,0.0,-2.61,0.03,1.0,1.0,15.2,10.68,2.94,3.36,1.94,-7.74,0.32,0.0,1.97,1.0,0
1.0,1.0,3.0,-1.23,0.0,-0.08,3.43,161.85,0.19,0.0,2.57,0.19,4.81,0.38,6.9,1.81,-1.43,-1.54,-2.43,2469.0,0.9,0.0,2.0,1.62,0
1.0,1.0,2.12,6.47,5.0,-0.06,0.0,135.09,1.0,0.0,5.12,3.0,3.45,0.0,3.97,0.0,1.0,0.65,0.0,0.0,1.0,0.0,0.94,1.53,0
1.36,0.32,0.68,2.0,0.68,-0.68,0.68,135.05,0.64,0.0,32.04,1.68,2.78,0.0,9.56,-0.68,1.0,0.62,0.0,123.97,-0.14,1.36,5.03,5.71,1
0.0,1.0,1.89,1.11,0.0,0.16,0.0,61.9,0.11,0.0,-0.67,1.89,-1.51,0.0,2.65,1.0,1.0,1.25,0.0,362.22,0.94,0.0,0.11,-0.89,0
28.57,1.0,2.57,3.93,4.93,0.54,0.79,99.64,1.21,1.57,7.0,2.0,9.12,0.0,6.02,1.0,0.21,1.14,0.0,1270.25,0.43,0.0,2.57,0.79,0
-0.84,1.0,1.16,5.0,2.0,0.97,0.0,76.12,4.67,0.0,11.84,1.0,3.94,0.84,5.11,1.0,1.0,0.96,0.0,7.69,0.78,0.0,3.67,1.0,0
0.0,1.0,-1.11,-3.9,0.0,1.46,-1.11,0.0,3.0,0.0,-1.67,1.0,0.51,1.44,-0.66,-1.79,1.0,0.7,0.0,1.67,1.56,0.0,0.44,0.56,0
5.0,0.18,1.0,3.28,1.0,-0.05,0.0,153.83,2.0,0.0,29.97,3.64,10.09,0.0,3.17,-1.46,1.0,0.47,0.0,563.78,0.86,0.0,2.64,7.38,1
0.59,3.18,-1.18,5.89,0.0,0.32,1.59,78.66,1.0,0.0,10.07,2.59,4.03,2.0,9.0,2.0,1.0,2.85,0.0,5.89,0.61,0.0,2.0,1.18,0
1.0,1.0,-1.16,2.84,0.0,7.32,0.0,58.13,0.58,1.0,0.0,0.0,0.52,-0.16,-1.74,-1.16,-0.74,0.55,-0.58,0.0,1.0,0.0,3.0,2.16,0
2.0,1.0,0.0,0.77,0.0,4.32,1.54,-3.86,0.0,5.0,10.8,0.0,4.38,1.77,3.19,-1.31,1.0,1.19,0.0,5.4,0.81,0.0,1.0,2.31,0
0.0,2.0,1.0,2.0,0.0,0.19,3.0,80.0,1.0,0.0,7.0,1.0,3.29,0.0,3.86,1.0,1.0,1.67,0.0,8.0,0.5,0.0,1.0,1.0,0
-0.6,1.0,0.6,1.21,-0.6,3.98,-0.6,7.75,-0.19,10.0,-3.56,2.6,33.56,17.0,-1.67,0.4,1.0,-0.61,0.0,228.85,1.07,0.0,1.0,0.0,0
0.0,1.0,1.59,0.65,0.0,0.46,0.0,55.86,2.0,0.0,1.59,2.59,7.61,1.0,2.14,-0.17,1.0,0.65,0.0,0.0,0.8,0.0,3.0,1.41,0
0.0,1.0,2.0,3.13,0.0,0.04,0.0,1.87,1.0,0.0,5.6,1.0,-4.3,1.07,6.9,4.87,4.0,2.93,1.0,110.15,1.0,0.0,1.0,0.0,0
10.52,2.61,8.26,4.39,12.79,0.51,-3.65,96.4,2.0,4.83,76.24,4.44,2.59,-1.44,2.07,-0.83,1.0,0.67,0.0,1330.39,-0.35,1.83,3.83,4.87,1
1.66,2.66,3.32,5.15,0.0,-283.03,0.0,168.86,4.66,2.49,4.15,2.66,4.25,0.83,8.33,2.83,1.83,1.02,0.0,0.0,1.0,0.0,3.83,-0.66,1
1.0,1.0,-1.33,5.67,1.0,0.26,1.67,56.69,1.67,0.0,13.33,1.0,9.14,0.67,13.28,1.67,1.0,2.52,0.0,54.57,0.72,0.0,1.0,0.0,1
1.0,0.27,3.73,4.18,0.0,-0.44,3.18,135.61,-0.46,0.0,6.46,1.0,7.81,2.0,7.68,0.27,1.0,0.4,0.0,2469.0,0.5,0.0,2.73,0.73,0
2.76,1.0,8.55,-1.21,0.55,-0.36,1.0,94.29,1.55,0.0,28.31,2.0,3.96,-0.55,9.81,1.0,1.0,1.48,0.0,186.92,0.47,0.0,2.9,0.0,1
7.06,0.54,3.8,-0.54,11.41,28.63,0.0,52.17,1.63,1.09,71.73,2.72,2.83,-0.54,3.63,0.54,0.0,-0.5,0.0,1187.38,-0.31,1.63,2.54,4.35,1
0.0,1.0,0.0,-0.55,-2.6,0.42,3.0,51.85,1.0,-0.65,1.45,1.0,2.29,1.3,10.04,4.3,1.0,0.58,0.0,-3.46,1.15,0.0,0.7,-0.95,0
4.0,1.0,0.93,6.79,1.0,1.72,1.0,-12.52,1.0,2.0,1.07,1.0,5.58,2.07,7.8,3.79,1.0,0.96,0.0,112.0,-0.53,0.0,1.0,0.0,0
-1.12,1.0,0.56,3.12,0.0,0.5,0.0,145.29,2.56,-2.8,1.68,2.12,2.56,-0.56,2.49,0.44,1.0,0.43,0.0,215.82,0.79,0.0,1.0,1.0,0
1.0,1.0,0.65,-1.58,0.0,-1.77,1.31,1.7,0.35,-0.65,19.96,2.0,5.45,1.35,6.6,1.65,1.0,0.59,0.0,-54.26,0.82,0.0,1.35,0.0,0
12.0,0.4,34.0,-1.2,8.6,-0.75,0.0,124.98,0.8,2.0,8.8,2.6,1.91,0.0,3.54,0.6,1.0,0.16,0.0,4.8,0.0,0.0,2.0,0.0,0
0.0,2.0,2.24,1.0,0.0,-0.6,2.52,112.91,2.0,0.0,10.76,2.76,3.17,0.24,6.89,-0.52,1.0,1.13,0.0,365.82,0.49,0.0,1.76,0.24,0
2.27,1.0,0.73,5.3,0.0,4.29,1.0,2.78,-0.52,0.0,16.24,1.24,2.88,2.52,5.82,1.0,1.76,0.09,0.0,-6.39,0.95,0.0,2.48,1.52,0
0.0,1.0,0.0,11.77,0.0,1.02,1.94,15.79,1.97,0.0,6.88,1.03,9.8,9.71,6.9,6.82,1.0,0.03,0.0,0.03,0.99,0.0,1.0,1.06,0
1.0,0.2,-4.02,-4.02,0.0,0.73,0.0,-21.72,0.2,0.8,-4.63,4.22,0.76,2.39,1.51,0.2,1.0,-0.03,0.0,-37.01,1.32,0.0,0.2,-0.8,0
0.0,1.0,-0.58,3.68,0.0,4.4,0.0,-28.94,0.58,1.0,-1.89,-0.58,1.88,2.16,-0.68,0.58,1.0,0.19,0.0,170.74,0.62,0.0,-0.16,0.58,0
8.0,1.0,18.0,0.59,4.0,-0.09,1.19,130.74,2.0,2.0,11.89,1.41,2.68,0.59,4.94,0.59,1.0,0.24,0.0,4.15,-0.15,0.0,2.0,2.37,0
1.0,1.0,-1.77,4.16,0.0,1.19,0.0,4.58,2.39,0.0,3.23,0.31,5.81,4.0,3.13,4.39,1.0,0.23,0.0,5.92,0.85,0.0,1.0,1.69,0
0.0,0.37,0.0,-0.26,-0.63,1.62,0.0,16.54,0.37,0.0,-5.54,3.63,0.2,-0.63,-3.07,-0.26,1.0,-1.26,0.0,-8.17,-0.36,0.0,1.63,-1.26,0
0.0,1.0,3.66,1.43,-3.66,4.63,1.83,-9.14,1.09,0.09,5.57,1.0,3.77,2.91,4.0,0.91,1.0,-1.0,0.0,8.11,1.19,0.0,1.09,-1.83,0
0.0,1.0,0.8,4.0,0.8,1.7,0.8,95.08,1.8,0.0,4.78,-0.59,2.46,0.2,3.36,1.0,1.0,0.07,0.0,-11.14,1.0,0.0,2.2,-0.8,0
3.0,2.0,0.0,2.0,5.0,0.17,0.0,90.0,2.0,1.0,15.0,2.0,6.71,0.0,7.32,1.0,1.0,1.33,0.0,766.0,0.8,0.0,1.0,2.0,0
4.11,1.0,-0.59,3.0,-0.59,0.48,3.0,96.47,1.41,0.0,2.82,1.0,1.68,0.59,8.56,2.0,1.0,1.41,0.0,0.0,1.2,0.0,2.0,0.0,0
0.0,0.75,0.0,1.49,0.0,140.26,0.0,67.95,1.49,0.0,6.72,0.75,1.74,0.0,4.19,0.0,0.75,0.45,0.0,1.49,0.21,0.0,2.75,3.24,0
0.21,0.21,-2.36,5.0,1.0,2.11,0.0,4.78,2.0,0.0,4.64,-0.57,2.89,1.79,3.75,1.79,1.79,0.79,0.0,-286.3,0.11,0.0,-0.36,2.0,0
0.0,1.0,1.56,6.0,0.0,0.11,3.78,48.13,2.56,0.0,24.38,0.22,5.53,3.0,14.23,2.22,1.0,0.32,0.0,38.25,0.92,0.0,4.78,1.78,1
2.0,1.3,-2.1,3.3,0.0,0.92,-0.7,69.6,1.0,0.0,-0.8,0.3,3.29,1.3,2.85,1.7,1.0,-0.18,0.0,-231.18,0.32,0.0,1.7,2.7,0
-1.55,1.0,4.77,2.0,-0.77,0.05,2.77,43.87,0.23,0.0,27.49,0.23,2.23,1.23,11.83,1.23,1.0,0.25,0.0,69.68,0.97,1.55,3.55,-0.55,1
1.71,1.0,0.0,2.14,0.0,1.0,-1.71,43.14,2.0,0.0,-11.57,2.86,2.56,-0.86,-1.9,0.14,1.0,-0.89,0.0,46.0,0.61,0.0,5.71,-1.43,0
-0.69,1.0,-1.06,4.62,0.0,2.01,-0.69,-21.32,3.69,0.0,2.62,1.0,-0.39,-0.69,4.0,2.69,1.0,0.9,0.0,-1697.8,0.66,0.0,0.31,1.0,0
0.0,1.0,0.0,-1.86,0.0,-4.29,1.0,83.57,3.43,-1.43,5.14,3.43,3.12,0.86,9.1,5.0,4.0,1.68,1.0,5.71,-0.14,0.0,1.0,1.0,0
0.0,1.0,-0.99,-2.97,0.0,0.47,0.0,71.93,2.0,0.0,-2.97,1.99,6.09,0.0,0.69,1.99,1.0,0.02,0.0,0.0,0.01,0.0,0.02,0.0,0
0.0,1.0,3.24,-0.48,3.0,-2.46,2.62,50.0,3.0,1.38,14.96,2.0,2.72,1.0,12.52,1.0,1.0,0.98,0.0,1.86,1.0,0.0,2.0,1.0,0
88.51,4.0,180.64,-0.73,61.7,-0.31,0.0,119.86,2.0,32.91,68.77,4.19,4.53,1.0,5.48,0.27,0.27,2.74,0.0,14667.74,0.68,0.0,3.46,2.73,0
-2.12,1.0,1.87,1.87,0.62,0.71,0.62,5.61,1.62,0.0,10.35,0.38,6.16,4.0,5.1,1.0,1.0,0.79,0.0,-76.05,1.1,0.0,2.25,1.25,0
0.0,1.0,2.0,0.94,0.94,-0.86,0.0,146.4,2.06,0.0,18.58,2.0,1.22,-2.82,5.45,0.0,1.0,-0.15,0.0,-0.82,0.67,0.0,1.0,1.94,1
2.0,1.0,2.93,2.93,1.0,-0.55,2.86,102.23,0.07,0.0,43.58,2.0,2.91,0.0,13.49,5.58,1.0,1.03,0.0,185.58,0.06,2.0,4.0,4.93,1
0.0,1.0,0.0,2.35,0.0,2.32,2.0,21.46,2.0,0.67,18.65,1.0,6.92,0.67,8.78,1.67,1.0,0.79,0.0,0.0,1.0,0.0,1.0,2.0,0
0.0,1.0,0.0,8.0,0.0,-1.36,7.0,62.35,3.0,0.0,20.8,1.0,6.14,2.0,20.85,5.15,1.0,1.26,0.0,12.7,0.06,0.0,3.7,3.55,1
-19.74,2.66,-1.97,-2.63,-2.63,0.24,0.34,71.0,1.0,1.97,-0.29,1.34,2.65,2.0,6.78,2.66,1.0,2.11,0.0,-786.92,1.06,0.0,2.66,-0.66,0
0.0,1.0,0.75,-0.76,0.0,3.11,0.0,49.61,0.25,10.0,6.01,2.0,33.25,14.75,-0.5,-0.5,1.0,0.45,0.0,3.01,1.0,0.0,1.75,2.25,0
-0.58,0.42,0.58,4.84,0.0,0.39,0.69,1.63,1.0,0.0,15.0,1.0,4.13,3.0,13.29,3.0,1.0,-0.47,0.0,33.73,0.98,0.0,4.0,0.42,0
0.0,1.0,0.0,6.04,0.0,9.65,-4.94,-18.79,0.02,1.0,-1.96,1.0,-3.68,-1.97,-6.07,-2.97,1.0,-0.79,0.0,7.98,0.34,0.0,1.99,1.98,0
0.0,1.0,-1.16,2.26,-1.16,0.8,0.0,30.42,1.84,3.0,-3.53,2.0,10.21,1.58,5.36,1.0,1.0,0.86,0.0,-117.8,0.53,0.0,0.84,0.84,0
1.5,1.5,-0.5,3.5,0.0,2.28,-2.51,33.33,2.51,0.5,-2.02,1.0,3.17,1.5,-1.77,0.5,1.0,-0.15,0.0,5.0,1.17,0.0,1.0,1.5,0
0.0,1.0,0.0,-0.23,0.0,1.37,0.07,-5.96,2.0,0.0,-12.32,1.64,12.25,6.78,-1.18,-2.01,1.0,0.32,0.0,0.0,1.16,0.0,1.0,0.36,0
0.0,2.0,-6.61,1.87,0.0,-0.12,5.37,94.86,2.0,0.0,11.75,1.13,-10.08,-0.75,14.55,10.61,1.0,0.85,0.0,344.25,1.29,0.0,1.0,1.87,0
3.0,1.0,-1.09,5.73,0.0,2.25,3.0,50.37,0.36,0.55,1.36,-0.09,3.62,1.55,3.34,1.0,1.0,0.46,0.0,101.9,0.57,0.0,1.0,1.91,0
4.01,1.0,0.0,2.4,0.0,1.52,0.0,46.0,-0.6,0.0,5.0,1.4,3.07,1.0,3.4,1.0,1.0,0.41,0.0,16.0,1.3,0.0,1.2,1.0,0
0.0,1.0,0.39,-1.82,-3.64,1.25,1.82,-0.61,1.39,0.0,-2.85,0.39,0.23,2.61,4.13,3.61,1.0,-0.17,0.0,-37.62,0.87,0.0,0.39,0.0,0
0.0,1.0,0.0,2.0,6.46,0.22,-0.92,167.59,2.0,1.85,1.62,1.92,4.04,0.0,-2.05,-0.92,1.0,0.5,0.0,-0.77,-0.33,0.0,3.0,3.0,0
0.0,1.0,-1.47,-2.68,0.0,2.2,-1.47,45.62,1.26,0.0,1.0,1.74,6.96,-0.74,-2.28,-2.68,1.0,-0.25,0.0,0.0,1.74,0.0,3.0,1.0,0
0.0,1.0,1.0,-3.86,1.0,0.94,-0.96,1.77,1.0,0.0,1.07,2.0,1.92,1.04,-2.7,-4.75,-1.89,0.19,-0.96,0.96,1.0,0.0,1.0,-0.96,0
1.52,2.0,1.0,9.6,0.0,3.14,2.24,38.2,1.0,0.76,1.68,1.0,2.02,0.0,-3.11,0.24,1.0,0.75,0.0,6.48,0.75,0.0,1.0,-0.52,0
3.0,2.0,0.0,5.85,5.0,-2.2,5.77,154.1,2.64,-0.28,20.77,1.36,10.56,3.85,18.86,12.54,1.0,1.33,0.0,766.64,0.37,0.0,1.64,2.64,0
0.0,0.13,0.0,-0.06,0.0,3.87,2.6,57.96,0.0,4.0,-1.46,-0.87,0.9,0.13,3.53,0.87,1.0,0.25,0.0,-3.33,0.33,0.0,4.0,1.0,0
0.0,3.0,-0.07,0.85,0.0,0.54,-0.07,79.0,1.0,0.0,1.93,1.0,6.17,-0.61,1.96,-1.69,1.0,1.75,0.0,135.52,0.86,0.0,3.07,2.0,0
3.0,1.0,0.0,10.23,0.0,6.55,0.0,22.32,0.0,1.0,0.44,0.0,3.52,2.56,1.47,0.56,1.0,0.58,0.0,1.67,0.72,0.0,1.56,2.0,0
0.0,1.63,1.9,-0.63,0.0,-0.46,0.63,-8.22,3.0,0.0,6.32,1.63,3.22,2.63,5.8,1.0,1.0,1.61,0.0,218.69,1.0,0.0,1.0,0.0,0
2.0,1.0,0.0,0.79,0.0,4.61,-3.97,-14.3,0.79,5.0,-0.79,0.79,3.4,1.0,-6.76,-7.74,1.0,0.75,0.0,6.35,0.84,0.0,1.0,-1.59,0
0.0,1.0,1.82,2.59,0.0,0.29,2.36,95.29,1.0,0.0,24.29,2.41,6.47,1.77,7.63,4.53,1.18,1.02,0.59,-8.24,0.82,0.0,2.18,1.18,0
0.0,1.0,0.0,8.47,0.0,6.58,2.0,43.52,0.09,1.82,1.27,0.18,-5.58,1.91,6.57,4.0,1.0,-0.03,0.0,0.0,1.0,0.0,1.09,1.0,0
53.97,1.0,173.14,4.9,58.18,-1.53,2.0,70.1,3.4,31.54,67.98,4.8,3.19,1.3,12.39,10.3,3.3,3.41,3.0,14176.11,0.32,0.0,3.1,0.7,0
4.0,1.0,1.75,2.0,2.75,0.4,-1.51,69.92,2.0,0.0,17.25,3.0,5.98,1.0,5.21,1.75,1.0,1.42,0.0,67.41,0.66,0.0,1.25,4.49,0
0.0,1.0,1.07,2.0,1.07,1.77,0.0,146.44,2.0,0.0,5.87,1.0,1.44,-2.14,0.92,-0.6,1.0,0.28,0.0,0.53,0.73,0.0,1.53,1.53,0
0.0,1.0,0.0,1.28,0.0,0.05,3.86,147.19,2.0,0.0,10.86,1.0,0.86,-0.86,11.09,0.28,-1.57,-0.43,-0.86,0.86,0.57,0.0,2.0,1.72,0
1.0,1.0,0.69,3.55,5.0,1.21,0.0,63.8,2.38,0.0,-1.14,3.0,2.44,-0.69,1.18,0.0,1.0,0.42,0.0,-18.61,1.46,0.0,2.0,0.31,0
2.0,1.0,0.0,2.96,0.0,2.23,3.26,116.3,2.35,0.0,0.0,1.0,-0.77,0.0,7.5,8.52,1.0,0.0,0.0,0.0,1.0,0.0,2.0,1.0,0
5.0,1.0,0.3,2.81,3.81,-0.2,0.0,79.3,2.7,0.7,11.91,1.3,-13.81,0.7,7.44,1.0,1.0,1.59,0.0,339.12,-0.03,0.0,2.4,1.4,0
7.0,1.0,1.92,-3.85,0.0,-0.91,0.0,68.89,2.92,0.0,13.55,2.96,2.14,0.04,4.57,0.04,1.0,1.13,0.0,1.92,0.68,0.0,0.08,0.96,0
1.0,1.0,1.84,10.52,1.0,1.13,0.92,-2.04,2.92,0.0,-5.88,1.0,6.99,2.84,2.37,5.6,1.0,0.82,0.0,-2.36,-0.03,0.0,2.0,2.0,0
0.0,1.0,-1.87,1.93,0.0,3.67,-0.93,0.0,1.0,0.93,-5.48,1.0,0.36,1.07,-4.88,4.0,3.0,1.07,2.0,40.2,0.5,0.0,1.0,0.93,0
0.0,1.0,1.0,-3.25,1.0,-1.98,0.0,96.09,1.0,-0.54,5.71,2.0,1.78,0.92,5.45,3.08,1.0,0.43,0.0,-5.96,1.0,0.0,1.0,1.08,0
8.0,1.0,18.0,-18.6,4.0,0.47,-2.66,66.54,2.89,2.0,-26.23,2.0,-1.95,-6.2,-8.97,-13.29,1.0,0.31,0.0,0.0,0.22,0.0,1.11,-0.89,0
0.0,2.17,-3.33,0.0,0.0,1.0,-0.83,-30.01,1.0,0.0,-5.67,2.83,0.38,-1.67,-1.99,-0.67,1.0,1.46,0.0,37.0,1.42,0.0,-0.67,-2.5,0
-0.5,1.0,2.0,6.99,0.0,1.62,1.5,-42.14,1.5,-0.5,-3.01,0.5,6.65,0.5,1.82,1.0,1.0,0.97,0.0,-41.63,1.25,0.0,1.5,-0.5,0
2.0,2.0,0.0,2.0,0.0,-0.21,2.32,82.51,0.34,0.0,32.32,2.66,7.23,1.32,15.48,4.29,1.0,1.7,0.0,202.66,0.14,0.0,2.66,2.0,1
1.74,3.0,-2.23,43.96,0.0,3.45,14.26,5.68,1.0,0.74,27.26,2.0,-0.42,-0.74,21.06,0.26,1.0,0.43,0.0,-1501.79,0.84,0.0,2.0,2.74,1
0.0,1.0,1.0,5.25,0.0,0.91,0.0,49.65,2.17,0.0,31.75,3.0,5.71,1.17,4.74,1.58,1.0,0.96,0.0,287.34,0.15,0.0,3.58,9.0,1
0.0,1.0,-0.6,-0.6,0.0,0.26,0.0,44.64,1.4,0.0,6.6,1.6,1.72,0.0,5.84,0.8,1.0,0.51,0.0,7.8,0.8,0.0,0.19,0.8,0
0.0,1.0,-2.15,4.58,0.0,0.63,3.43,0.45,2.72,0.0,4.26,0.28,4.58,1.43,11.56,8.15,3.86,2.55,2.15,0.0,0.64,0.0,1.0,2.0,0
0.0,2.72,0.0,11.45,0.0,0.23,0.72,90.81,2.0,0.0,12.34,2.72,7.41,-0.45,8.16,1.0,1.0,1.71,0.0,54.14,0.59,0.0,2.0,-0.72,0
1.0,1.0,-1.54,0.0,0.0,2.39,0.0,60.0,1.85,0.0,-18.51,-0.69,2.46,4.0,-1.43,3.0,1.85,-0.45,0.0,8.0,0.5,0.0,1.0,1.85,0
40.0,4.91,10.0,1.82,3.73,0.21,-1.82,93.18,2.0,10.91,36.45,3.82,5.85,0.09,2.43,1.0,1.0,2.04,0.0,678.85,0.15,0.91,4.73,5.64,1
30.0,4.0,-1.89,-5.66,1.0,0.39,0.0,42.16,2.94,-2.83,11.0,1.06,2.84,0.06,3.68,1.0,1.0,2.34,0.0,18.94,1.44,0.0,2.94,2.0,0
2.14,1.0,1.0,-0.14,0.0,0.22,0.0,80.29,1.0,-2.14,13.0,2.0,1.42,-2.14,4.53,0.0,1.0,0.26,0.0,407.43,1.34,0.0,1.71,1.43,0
1.0,2.0,6.42,1.0,0.0,0.17,2.81,33.04,1.0,0.0,14.28,1.0,3.61,1.81,12.5,2.81,1.0,0.83,0.0,8.45,0.6,0.0,6.42,0.0,0
-10.44,1.0,5.8,0.8,-1.61,0.52,0.8,59.12,0.2,0.0,-4.85,1.2,0.06,0.0,1.03,0.0,1.0,0.36,0.0,-13.06,0.2,0.0,-2.21,-4.01,0
0.0,1.0,1.7,1.7,0.0,-2.32,0.85,96.88,2.0,-0.85,14.97,2.0,4.36,2.85,19.46,4.0,2.0,1.44,0.0,2.85,0.24,0.0,2.0,0.85,1
-8.6,0.22,-7.6,4.44,-2.34,3.49,0.0,-72.68,5.34,-8.6,-31.17,-0.56,-0.71,0.0,0.15,1.22,1.0,0.2,0.0,-573.62,1.5,-0.78,-1.34,-5.25,0
1.0,1.0,2.52,5.52,0.0,0.55,2.48,18.23,1.0,0.0,6.97,1.24,3.87,0.76,2.04,-0.76,3.27,2.07,0.76,131.0,0.4,0.0,3.24,0.24,0
2.7,1.0,0.0,3.6,0.0,5.54,0.0,-90.12,-1.7,0.9,-1.6,1.1,-0.53,-1.8,-3.74,-5.41,1.0,0.38,0.0,0.0,1.0,0.0,1.0,1.9,0
0.0,1.0,0.0,5.12,0.0,4.49,0.0,38.92,0.0,4.0,1.12,0.88,4.44,0.12,-0.55,0.0,1.0,-0.97,0.0,1.0,-0.55,0.0,3.12,0.12,0
26.0,-0.08,78.46,-1.62,27.0,1.2,0.0,153.9,2.0,17.0,32.92,4.0,1.77,0.0,-0.43,-1.62,-0.54,-0.25,0.0,1490.0,1.54,0.0,1.0,0.0,0
0.0,1.0,0.0,3.0,0.0,2.51,0.84,121.01,3.84,0.0,6.72,0.16,2.87,-0.68,4.23,1.16,1.0,0.06,0.0,1.68,0.58,0.0,2.0,1.0,0
-23.31,1.9,-70.82,4.79,-23.31,1.44,0.0,44.52,1.9,-14.24,-17.72,-0.69,2.52,1.79,6.1,2.69,1.9,1.3,0.0,-1324.01,0.62,0.0,1.0,1.79,0
0.0,1.0,-1.9,-3.75,0.0,0.14,1.0,80.14,2.95,0.0,11.56,2.95,3.05,1.1,8.21,4.05,1.15,0.37,0.05,102.68,0.0,0.0,1.0,1.0,0
30.0,4.0,0.0,-1.77,-0.18,-0.49,0.0,109.74,2.0,-1.18,11.59,1.41,3.94,0.41,5.94,1.59,1.0,2.51,0.0,19.18,0.21,0.0,3.77,3.18,0
28.0,1.0,0.0,13.45,0.0,7.38,1.84,5.51,2.0,3.0,15.45,2.0,3.77,-0.61,2.49,-0.61,1.0,0.2,0.0,4.0,0.43,0.0,3.61,4.0,1
1.99,1.0,6.96,3.01,0.0,-1.89,0.0,50.0,1.0,0.0,18.91,2.0,6.58,1.99,8.27,0.0,1.0,1.22,0.0,86.45,0.5,0.0,3.99,0.99,1
0.0,1.0,0.66,1.41,0.0,0.58,-4.59,99.69,0.34,0.0,2.12,1.0,2.26,-0.31,-4.01,-1.63,1.0,0.82,0.0,21.09,0.22,0.0,3.31,2.66,0
1.0,1.0,0.86,5.0,1.0,0.54,1.0,59.41,2.14,0.0,8.85,1.86,5.57,0.0,6.47,1.0,1.0,1.95,0.0,331.71,0.79,0.0,-0.72,-2.58,0
3.94,1.98,0.0,1.04,4.9,-0.94,0.0,75.64,1.98,0.98,32.7,2.98,9.8,1.02,9.84,1.0,1.0,1.61,0.0,754.52,0.4,0.0,0.04,1.96,1
0.0,-0.88,1.0,-2.4,0.0,3.4,0.0,131.0,0.06,0.0,-3.52,1.06,1.51,0.06,-1.32,1.0,0.06,-0.97,0.0,250.3,0.67,0.0,0.06,1.0,0
2.0,1.0,6.0,-0.55,0.0,-0.01,0.0,151.8,1.48,0.52,16.07,2.04,7.11,2.0,5.24,1.0,0.48,0.99,0.0,91.14,0.33,0.0,1.96,2.04,0
-1.87,1.62,1.0,1.38,0.0,0.26,-1.25,83.75,1.0,0.0,0.13,1.62,2.83,-0.62,3.72,1.0,1.0,1.1,0.0,388.39,0.35,0.0,1.0,-1.87,0
-2.61,2.0,-0.52,2.0,-0.52,0.83,1.0,38.24,2.0,0.0,2.35,1.48,4.56,1.57,4.33,2.04,1.0,0.62,0.0,-101.27,0.69,0.0,1.0,0.0,0
1.38,1.0,2.0,7.0,0.0,0.9,2.0,-0.69,2.0,-0.69,3.0,-1.06,4.93,3.0,7.81,6.0,1.0,0.91,0.0,0.0,0.0,0.0,3.38,-0.69,0
3.0,2.0,10.78,-2.37,0.0,-0.38,2.0,114.11,1.59,0.59,33.59,2.0,4.84,-1.78,7.1,0.41,-0.59,1.48,0.0,95.68,0.94,0.0,1.59,1.0,1
12.28,0.28,7.86,-2.16,21.0,-0.4,-0.86,96.0,3.86,3.0,115.66,5.0,1.86,0.0,4.56,1.86,1.86,1.13,0.0,2160.05,0.42,3.0,3.14,8.14,1
5.83,1.0,4.66,1.09,-0.74,0.45,-1.83,136.72,1.09,-1.83,21.66,2.09,7.38,1.91,2.64,1.0,1.0,1.1,0.0,169.55,-0.05,0.0,2.91,6.0,1
0.0,1.0,3.51,3.56,0.0,1.2,0.0,55.1,2.51,1.0,1.49,0.49,3.19,0.0,2.33,0.51,0.0,0.67,0.0,19.0,0.91,0.0,3.0,-0.51,0
-2.28,1.0,0.76,-4.56,0.0,-3.37,0.0,64.55,2.76,-0.76,0.76,1.76,2.8,1.48,5.73,3.76,1.0,0.71,0.0,270.36,0.62,0.0,1.0,-1.52,0
2.52,2.0,1.0,8.89,0.0,4.41,0.0,0.0,-0.68,0.84,2.0,0.16,0.94,1.68,5.88,3.16,1.0,1.5,0.0,0.0,0.0,0.0,-0.68,0.84,0
0.0,1.61,4.0,4.82,2.0,-1.2,1.0,89.0,3.61,0.0,24.43,1.0,4.74,0.0,9.75,4.65,1.61,0.67,0.0,208.0,0.67,0.0,4.22,3.22,1
0.0,1.0,0.0,6.76,0.0,2.21,1.36,31.98,2.68,-0.68,2.36,0.32,-0.03,1.36,7.79,7.8,3.72,1.78,2.04,-14.96,1.11,0.0,0.32,-1.36,0
2.0,1.57,2.57,5.4,1.0,0.06,1.57,71.23,1.0,0.0,52.17,1.43,4.31,0.57,14.6,0.57,1.0,1.62,0.0,193.03,0.09,2.0,4.0,5.13,1
