commit_id,project,buggy,date,repo,gap,LA,LD,NF,ND,NS,Entropy,NDEV,AGE,NUC,EXP,REXP,SEXP,target,LT,fix_date,fix,HV,TE,DD,DD_HV,MDNL,NB,EC,NOP,NOGV,NOMT,II
4e8e3e6573926bdd227b4b499e14bb8da6727dce,ignite,False,2014-02-20 21:09:51,ignite,,14,0,1,1,1,0.0,1.0,0.0,1.0,0,0.0,0.0,done,8155.0,,False,310.0,4.863530092527563,9.0,0.0290322580645161,0.0,0.0,0.4285714285714285,2.0,0.1666666666666666,20.0,0.0
4d024ca9dc64d7b65171446e5c4b668eb6b7e34d,ignite,True,2014-02-21 18:30:14,ignite,444.0,1100,527,21,4,3,4.13516505896002,0.0952380952380952,0.0,0.4761904761904761,2,2.0,0.444444444444444,done,8169.0,2015-05-12 17:32:46,False,262.3084942066396,4.951276420598746,8.0,0.0304984404877785,0.0,0.0,0.4285714285714285,2.0,0.1666666666666666,20.0,0.0
6efcb1cbec512883920956a50d54e4843dd1760b,ignite,False,2014-02-21 19:46:35,ignite,,20,12,4,4,2,1.9836796919475,0.5,0.5,2.0,4,4.0,0.625,done,8359.0,,False,434.2267754594073,4.743340137188089,15.0,0.0435593465833405,0.0,0.0,0.5625,1.0,0.25,16.0,0.0
5d34e8b3975c13fe99401544200384e9f24cd78b,ignite,False,2014-02-22 01:09:08,ignite,,1,1,1,1,1,0.0,1.0,0.0,2.0,11,11.0,7.0,done,237.0,,False,364.17909420309263,5.179431085031482,16.0,0.0439344274690222,1.0,1.0,1.0,2.0,0.0,25.0,0.0
7cbe05fdadb92a8eb53f631dbbc8aaf17f8bd420,ignite,False,2014-02-24 14:22:12,ignite,,4,7,1,1,1,0.0,1.0,0.0,1.0,10,10.0,9.0,done,136.0,,False,165.0586500259616,4.839377703758719,8.0,0.0484676204412292,1.0,0.0,0.6666666666666666,1.0,0.5714285714285714,15.0,0.0
425c61c15e509cdfee26ad5b8e96df26b92addf4,ignite,False,2014-02-24 15:35:49,ignite,,19,15,1,1,1,0.0,3.0,0.0,5.0,1,1.0,1.0,done,627.0,,False,152.85878746826012,4.440979905974548,7.0,0.0493774368161312,0.0,0.0,1.0,0.75,0.511904761904762,13.5,0.0
b366547c3be08b68fd958c674f17447a287df799,ignite,False,2014-02-24 15:59:48,ignite,,9,13,3,2,2,1.11807820934971,0.666666666666667,0.0,2.6666666666666696,2,2.0,1.25,done,1683.0,,False,159.76167309156065,4.427771703490121,7.75,0.090299635632102,0.125,0.0,0.4835069444444444,0.875,0.5691964285714286,16.125,0.0
e05bfa9ba8254683a30c133333c69aad02b3c856,ignite,False,2014-02-24 17:57:16,ignite,,2,1,1,1,1,0.0,2.0,0.0,4.0,2,2.0,2.0,done,3060.0,,False,1710.832725609708,4.600084748568399,54.0,0.0315635767259218,1.0,1.0,1.0,1.0,0.4,19.0,0.0
6b576f966db0f0daf322fc376e808aaccad2d520,ignite,False,2014-02-24 18:18:57,ignite,,37,28,1,1,1,0.0,3.0,0.0,6.0,3,3.0,2.0,done,631.0,,False,140.1098565179053,4.439066448394962,5.666666666666667,0.0439401416580296,0.238095238095238,0.0,0.3321384964242106,0.7619047619047619,0.6187830687830688,16.476190476190474,0.0
0f9570ede24e462a8315d271a83f658cdb7d3477,ignite,False,2014-02-24 18:55:13,ignite,,4,4,1,1,1,0.0,2.0,0.0,2.0,0,0.0,0.0,done,960.0,,False,784.6289376573933,4.6648249551831205,21.0,0.0412442575871524,0.0,0.0,0.7911255411255412,0.0,0.9166666666666666,17.333333333333332,0.0
d2314752c4cd29e68bc3b39a85c1b6a629a37294,ignite,False,2014-02-24 22:14:43,ignite,,14,13,6,3,1,2.48510185345442,0.5,0.166666666666667,1.6666666666666698,7,7.0,4.0,done,4705.0,,False,6651.3317005984645,5.235099394468472,176.0,0.0259570093434139,0.6666666666666666,0.0,0.8252834467120181,1.3333333333333333,0.2529325513196481,22.0,0.0
765e6b993f32511e6d0d1e3c750f20b6e5e15eaf,ignite,False,2014-02-24 22:39:26,ignite,,3,0,1,1,1,0.0,3.0,0.0,4.0,6,6.0,4.0,done,3512.0,,False,425.0821285889304,4.835018623364743,8.0,0.0188198925853603,0.0,0.0,0.1666666666666666,1.0,0.25,24.0,0.0
2aaff0d8daa9e2ceeadba7ed972f4f28889bd6aa,ignite,False,2014-02-25 00:55:59,ignite,,8,16,3,2,1,0.973783729871222,0.333333333333333,0.666666666666667,0.333333333333333,4,4.0,1.0,done,674.0,,False,488.2210694776343,4.919560690266885,5.0,0.0098152928229823,0.5,0.0,0.5982142857142857,1.0,0.5,24.5,0.0142857142857142
991e6d406dbc60216ba83a0ff939a5a1cfbde1c2,ignite,False,2014-02-25 20:12:14,ignite,,51,15,1,1,1,0.0,1.0,5.0,1.0,5,5.0,2.0,done,188.0,,False,608.7705355890025,5.007916615244521,21.5,0.0409570196488879,1.0,0.0,0.8333333333333333,1.0,0.2083333333333333,20.5,0.0
4e960adde9329bcc5be86ef5135ed0f7f01278e2,ignite,False,2014-02-25 21:47:03,ignite,,22,6,2,2,2,1.0,0.5,4.5,2.0,6,6.0,0.859375,done,418.0,,False,587.575424759099,4.3644235667436035,11.0,0.0187654761345528,0.5,0.5,0.5555555555555556,0.5,0.7777777777777778,20.0,0.0
10445aa32908c69520bb1de6fef9c3dbb1639f90,ignite,False,2014-02-26 11:03:29,ignite,,34,32,3,2,1,0.760732746031896,1.0,1.0,6.0,30,30.0,14.0,done,1169.0,,False,50.36010745695252,4.341965093766772,4.0,0.0819572403563962,0.0,0.0,0.75,2.0,0.3333333333333333,16.0,0.0
57063fa0f869a831e8b607fac18f14e7ead3fdf4,ignite,False,2014-02-26 15:50:19,ignite,,5,9,3,3,1,1.4926140680171298,1.33333333333333,0.333333333333333,3.3333333333333304,16,16.0,5.0,done,2693.0,,False,2652.4225558605413,5.30261734559595,32.0,0.0195993493524825,1.3333333333333333,0.0,0.6604617604617604,1.0,0.4388888888888889,29.333333333333332,0.0
ef4a0d788fdc54a55cd8931cfd0ee411181dd601,ignite,False,2014-02-26 18:06:38,ignite,,4,0,1,1,1,0.0,1.0,4.0,2.0,18,18.0,6.0,done,424.0,,False,1804.024178837644,5.49725750276476,70.0,0.0388021406925387,1.0,4.0,0.7586206896551724,1.0,0.3333333333333333,20.0,0.0
1d3cb67284d7640e351267092f7bba36c0e0b250,ignite,False,2014-02-26 20:19:52,ignite,,15,22,5,4,1,2.17956914033613,0.8,0.0,2.0,21,21.0,2.0,done,237.0,,False,1037.0143336143044,4.977396384956971,42.0,0.0407537401126179,1.0,0.0,1.0,0.0,0.4142857142857142,14.5,0.0
fc18e1b40aed35e3b19a67f4b8d23f37dd2e2100,ignite,False,2014-02-26 21:09:30,ignite,,4,2,1,1,1,0.0,2.0,0.0,4.0,24,24.0,5.0,done,76.0,,False,348.83654644490844,4.900349917031261,17.0,0.0487334259361634,1.0,0.0,1.0,0.0,0.1111111111111111,14.0,0.0
e1812413956fdbd5021c0cd7a9f6a847b63774da,ignite,False,2014-02-26 21:33:43,ignite,,2,0,1,1,1,0.0,0.0,0.0,0.0,26,26.0,6.0,done,100.0,,False,647.5122879147619,4.880140180948202,29.0,0.044786794847386,1.0,0.0,1.0,0.0,0.3333333333333333,14.0,0.0
757ecba81536fcfe326b63d0c64d0241ab4c65ee,ignite,False,2014-02-26 22:07:22,ignite,,17,3,2,2,1,0.6098403047164,1.5,0.0,3.0,29,29.0,15.0,done,178.0,,False,567.6421664380513,4.901063251345866,26.0,0.0458474319126172,1.0,0.0,1.0,0.0,0.2166666666666666,14.0,0.0
35fdab808fe78373217b1745658e3ea02521b1df,ignite,False,2014-02-26 22:12:27,ignite,,2,2,1,1,1,0.0,1.0,0.0,2.0,30,30.0,16.0,done,126.0,,False,1060.2945601180904,5.189120480025942,10.0,0.009431341417885,0.0,0.0,0.5263157894736842,1.0,0.2857142857142857,20.0,0.0
8f66e9ad4dcb283e9c0d9f42b6a94a56d8db846d,ignite,False,2014-02-26 23:38:09,ignite,,10,3,1,1,1,0.0,1.0,0.0,3.0,17,17.0,7.0,done,126.0,,False,1182.0,5.312417934377707,10.0,0.0084602368866328,0.0,0.0,0.55,1.0,0.2857142857142857,20.0,0.0
3af1e61a283a56131f55c718822c742e6e3a8ea8,ignite,False,2014-02-27 03:12:12,ignite,,9,1,1,1,1,0.0,1.0,6.0,1.0,0,0.0,0.0,done,5067.0,,False,239.72242562519568,4.655355679665737,12.0,0.0500578949537325,0.0,0.0,0.8333333333333334,1.0,0.5,23.0,0.0
5418c998be6d6346e757e23166634f2037c86c63,ignite,False,2014-02-27 08:04:16,ignite,,19,8,1,1,1,0.0,3.0,0.0,4.0,16,16.0,11.0,done,375.0,,False,185.53228099474376,4.152886710471348,8.0,0.043253762311137,0.0,0.0,0.7083333333333333,0.5,0.8333333333333333,16.0,0.0
998d1f7d4f598173cc93f8b69276486ce7f57941,ignite,False,2014-02-27 16:52:57,ignite,,0,45,1,1,1,0.0,1.0,0.0,1.0,36,36.0,19.0,done,237.0,,False,2603.2330916281994,5.326508811743764,71.0,0.0272737774532486,1.0,0.0,0.6896551724137931,1.0,0.2777777777777778,26.0,0.0
cb59a762ec98eb2b5e260d635c79bad9a7cfcbf5,ignite,False,2014-02-27 18:41:06,ignite,,25,22,1,1,1,0.0,1.0,1.0,1.0,47,47.0,29.0,done,213.0,,False,346.5160370019309,4.838989883175526,14.333333333333334,0.0433972884647506,0.3333333333333333,0.0,0.7727272727272728,1.0,0.5075757575757576,19.333333333333332,0.0
4ecfdae3ca1096b44fc1c016fcc735047b0f77b3,ignite,False,2014-02-27 18:45:58,ignite,,3,2,1,1,1,0.0,2.0,0.0,3.0,49,49.0,31.0,done,216.0,,False,618.2943622748929,5.185702556829676,27.0,0.0436685204449524,1.0,0.0,0.8181818181818182,1.0,0.2727272727272727,19.0,0.0
5aa4c0967710ab2695df91358a53ee12e9ac5c64,ignite,False,2014-02-27 19:28:26,ignite,,2,4,1,1,1,0.0,1.0,1.0,1.0,50,50.0,32.0,done,191.0,,False,119.86717113054974,4.51315908305323,4.5,0.0403574427663312,0.0,0.0,0.9,1.0,0.45,16.0,0.0
1df62846ecbe44ca28fa35c3177ceb82e7b74cd1,ignite,False,2014-02-27 19:57:30,ignite,,1,1,1,1,1,0.0,2.0,0.0,4.0,35,35.0,8.0,done,217.0,,False,623.9667876168645,5.181677968985237,27.0,0.0432715338954528,1.0,0.0,0.8181818181818182,1.0,0.2727272727272727,19.0,0.0
d7cb9e04a034acd3b17a89121f9a87317f2aafdf,ignite,False,2014-02-27 22:13:38,ignite,,7,2,1,1,1,0.0,3.0,0.0,4.0,24,24.0,12.0,done,604.0,,False,5123.715816941012,5.7424454281521475,105.0,0.0204929398412044,1.0,3.0,0.7586206896551724,1.0,0.25,30.0,0.0
fb0b12d454077fbde6573dc7976cbeed61e6ecaa,ignite,False,2014-02-27 22:18:59,ignite,,2,2,1,1,1,0.0,3.0,0.0,7.0,26,26.0,13.0,done,1181.0,,False,2149.905143350265,5.544266349130099,49.0,0.0227917032300512,0.0,0.0,0.7058823529411765,2.0,0.5909090909090909,28.0,0.0
443543e61aac777e23f9f6db5eabfa5867d635f8,ignite,False,2014-02-27 22:48:12,ignite,,137,130,11,4,1,3.3178607928507,0.363636363636364,0.272727272727273,1.54545454545455,42,42.0,23.0,done,2639.0,,False,536.4860902741074,4.930221784102789,16.095238095238095,0.0334688887289676,0.2857142857142857,0.0,0.7652527088617315,1.4285714285714286,0.3654349618635333,19.38095238095238,0.0
b76a80380c12e04fe7c3319fccd730e48e59cd86,ignite,False,2014-02-28 03:19:43,ignite,,70,85,10,9,1,3.1531938153189,0.4,0.4,1.6,45,45.0,26.0,done,1191.0,,False,978.4132386715462,4.779834183595723,29.5,0.0341301080775804,0.3,0.0,0.7617103510239489,1.0,0.4527777777777776,21.1,0.0
e8c9cdaffcfda2707125f168256b0618211c97cc,ignite,False,2014-02-28 04:39:04,ignite,,2,1,1,1,1,0.0,4.0,0.0,9.0,23,23.0,13.0,done,731.0,,False,574.8833010612883,5.086918668904581,23.0,0.0400081198349992,0.0,0.0,0.8,7.0,0.0,24.0,0.0
0b4c671fc3d04bf2b0953bb13a469b52160c5170,ignite,False,2014-02-28 05:48:06,ignite,,18,1,3,2,1,1.18973191682073,1.33333333333333,0.0,7.66666666666667,25,25.0,15.0,done,2427.0,,False,102.24166131941736,4.495086643299928,5.75,0.0634697654836175,0.0,0.0,0.5708333333333333,1.625,0.5145833333333334,22.0,0.0
ae4a6ff905710456653552f2328f466d90bf3bb5,ignite,False,2014-02-28 06:58:45,ignite,,1,1,1,1,1,0.0,1.0,6.0,2.0,17,17.0,12.0,done,2136.0,,False,1343.8753804911971,5.4658154892501125,57.0,0.042414647092624,0.0,0.0,0.72,5.0,0.3181818181818182,27.0,0.0
efcc80611988b97cc2c6c1ca6cc9869ee9e5f101,ignite,False,2014-02-28 08:09:58,ignite,,1,1,1,1,1,0.0,2.0,0.0,2.0,52,52.0,24.0,done,1372.0,,False,289.50654514090263,4.657122875314893,7.0,0.0241790733836193,0.0,0.0,0.6666666666666666,0.0,0.5,18.0,0.0
2e46f071e4de0b8e86ff7d34d62a998537b051ba,ignite,False,2014-02-28 08:11:33,ignite,,1,1,1,1,1,0.0,2.0,0.0,3.0,18,18.0,13.0,done,2136.0,,False,371.5647232790156,4.8726370238924215,18.0,0.0484437807797039,0.0,0.0,0.7142857142857143,6.0,0.3571428571428571,22.0,0.0
3fc5447f28e92a898647d6a9fa917ad839913f84,ignite,False,2014-02-28 08:16:13,ignite,,14,59,5,3,2,1.56958180060242,0.8,1.4,2.8,53,53.0,1.91892980682104,done,178.0,,False,316.2734189360605,4.652247402892452,11.0,0.0405880285055167,0.5,0.0,0.6666666666666666,1.5,0.375,17.5,0.0
27803ad1a1240b82e67eeb38f25b232cc1198150,ignite,False,2014-02-28 12:32:09,ignite,,4,1,1,1,1,0.0,1.0,0.0,1.0,21,21.0,15.0,done,393.0,,False,1825.876800830772,5.577760410744282,76.0,0.0416238379092281,4.0,3.0,0.6923076923076923,3.0,0.24,19.0,0.0
0b8fd756a8a9c26397dff24ae04d8dc91d4976ce,ignite,False,2014-02-28 15:48:41,ignite,,54,82,2,2,1,0.191433254814193,2.0,0.0,7.0,56,56.0,28.0,done,214.0,,False,59.207035490257475,4.711369038851402,1.0,0.0168898846517074,0.0,0.0,0.25,2.0,0.25,22.0,0.0
ff1885ee30e6952f09f9b7fdc4730e3216ed044a,ignite,False,2014-02-28 16:10:15,ignite,,4,4,2,2,1,0.811278124459133,1.5,0.0,7.5,29,29.0,18.0,done,2322.0,,False,351.08322735691735,4.780648099032419,11.666666666666666,0.0338082512692066,0.0,0.0,0.5888888888888889,3.6666666666666665,0.0208333333333333,24.333333333333332,0.0
6555602ec3303be68132c6ecc9d7d34d48486c49,ignite,False,2014-02-28 16:21:11,ignite,,52,98,9,6,2,2.09504389317389,0.333333333333333,4.0,1.22222222222222,59,59.0,1.91892980682104,done,102.0,,False,93.04955409500408,4.571476798505703,3.0,0.0323361134278436,0.0,0.0,0.4,1.5,0.5833333333333333,18.75,0.0
25ad936015526eb3363ce38f70a3cd0f6f9c5a4d,ignite,False,2014-02-28 16:53:31,ignite,,3,0,1,1,1,0.0,3.0,0.0,5.0,52,52.0,13.0,done,161.0,,False,260.0,4.916610172634496,8.0,0.0307692307692307,0.0,0.0,0.6,3.0,0.5,20.0,0.0
5fd528f852129551b2fd4d1ff069883f47847674,ignite,False,2014-02-28 17:33:42,ignite,,2,0,1,1,1,0.0,2.0,4.0,3.0,31,31.0,19.0,done,1286.0,,False,300.82814196102987,4.691709030807734,9.0,0.0299174137809416,0.0,0.0,1.0,1.0,0.1,16.0,0.0
b9bb776e4f06ca138ee2d878a3a8d8f3cd09a847,ignite,False,2014-02-28 20:24:12,ignite,,8,4,1,1,1,0.0,4.0,0.0,12.0,37,37.0,23.0,done,734.0,,False,74.00879436282185,4.443887733284372,6.0,0.0810714463281959,0.0,0.0,0.5,2.0,0.25,15.0,0.0
37739aced51306193805ced35b56143f20a624c8,ignite,False,2014-02-28 21:01:22,ignite,,1,16,1,1,1,0.0,4.0,0.0,10.0,34,34.0,17.0,done,687.0,,False,120.92782504182703,4.39067459687816,6.0,0.0496163723934065,0.0,0.0,0.8333333333333334,2.0,0.5,29.0,0.0
b29385a0e4e211c067f45c4970a9eaeef4fc5f99,ignite,False,2014-02-28 22:21:25,ignite,,4,4,1,1,1,0.0,4.0,0.0,8.0,38,38.0,19.0,done,1764.0,,False,5676.986584764348,5.769513810124161,172.0,0.0302977640393948,3.0,4.0,0.7164179104477612,0.0,0.2884615384615384,26.0,0.0
017f11f7decccd4ac398f9d81efe1b3adec81975,ignite,False,2014-02-28 22:44:55,ignite,,7,52,6,6,1,2.44029987105048,0.666666666666667,0.833333333333333,2.5,62,62.0,32.0,done,607.0,,False,503.4103948737707,4.533007360924429,21.571428571428573,0.0417563879170159,0.0,0.0,0.9126984126984128,0.1428571428571428,0.4207697064839921,12.571428571428571,0.0
4ecf3a338a33d886691c4834380af9fed8e8d2be,ignite,False,2014-03-01 03:13:06,ignite,,1,1,1,1,1,0.0,4.0,0.0,6.0,25,25.0,16.0,done,2151.0,,False,358.2030134794219,4.841715358198003,17.0,0.0474591205553233,0.0,0.0,0.7142857142857143,6.0,0.3571428571428571,20.0,0.0
23fd55839f84bf0b151e1d11cdf0504a3d7b54f2,ignite,False,2014-03-01 19:31:31,ignite,,7,2,2,1,1,0.7642045065086199,3.0,0.0,12.0,40,40.0,26.0,done,1760.0,,False,2168.4637655074757,4.718631186524446,75.0,0.03458669736289,0.0,0.0,1.0,1.0,0.85,19.0,0.0
b006d3cfaa7be0914a127930ae97471c572a3ddf,ignite,False,2014-03-01 19:44:47,ignite,,4,1,1,1,1,0.0,0.0,0.0,0.0,42,42.0,27.0,done,663.0,,False,60.94436251225965,4.296569165021608,4.0,0.065633634270854,0.0,0.0,1.0,2.0,0.3333333333333333,11.0,0.0
f6ec5aab3917aae65b00791f4547875fc07607e2,ignite,False,2014-03-02 03:06:07,ignite,,5,0,1,1,1,0.0,3.0,2.0,5.0,48,48.0,25.0,done,1398.0,,False,705.3258850500085,5.394961038263647,31.0,0.0439513147852245,0.0,0.0,0.7777777777777778,1.0,0.6428571428571429,20.0,0.0
3e97bd418f5265475a90837957845bec43030eee,ignite,False,2014-03-02 05:15:05,ignite,,21,2,2,1,1,0.426228656998145,2.5,0.0,5.0,50,50.0,26.0,done,3015.0,,False,11510.393147648803,5.835204742653405,214.0,0.0185918931920855,1.0,3.0,0.5467625899280576,2.0,0.4285714285714285,30.0,0.0
f43aec276f9f9c187662bbf87d65f099b73f9dc1,ignite,False,2014-03-04 18:05:24,ignite,,1,0,1,1,1,0.0,1.0,2.0,2.0,2,2.0,0.0,done,834.0,,False,994.350783834608,4.330630917230719,28.0,0.0281590767113603,0.0,0.0,1.0,1.0,0.0,8.0,0.0
0b75735ef40b40076a9fa6ac4cc8fe74081bee38,ignite,False,2014-03-04 21:29:34,ignite,,3,0,1,1,1,0.0,1.0,0.0,3.0,3,3.0,1.0,done,303.0,,False,788.788065895864,5.304527075160916,20.0,0.0253553531863911,0.0,0.0,0.8,0.0,0.5,18.0,0.0
9de65d0167b0ab9ad587c45fdb39c6f6bf788323,ignite,False,2014-03-04 22:08:48,ignite,,4,1,1,1,1,0.0,3.0,0.0,5.0,56,56.0,29.0,done,5075.0,,False,297.2517786232125,4.811106946626801,15.0,0.0504622716455249,0.0,0.0,0.8571428571428571,1.0,0.625,23.0,0.0
992237f22708ab4f68f736f1de2a3ac914920ea0,ignite,True,2014-03-04 22:59:24,ignite,736.0,35,55,4,3,1,0.263674383675904,1.5,0.0,7.75,59,59.0,22.0,done,9788.0,2016-03-10 12:37:14,False,199.80028371313205,4.844248491131231,5.25,0.0368084014701581,0.125,0.0,0.7569444444444444,2.5,0.2708333333333333,20.625,0.0
7934a00fc9794cf279da5219fa00e0a8864f075d,ignite,False,2014-03-05 00:44:38,ignite,,7,2,1,1,1,0.0,1.0,0.0,3.0,60,60.0,32.0,done,191.0,,False,457.9669250591348,5.339802985625586,18.0,0.0393041484331554,0.0,0.0,0.8333333333333334,2.0,0.5,18.0,0.0
87257062cd5dacd091ce1001176ea3fd2ffac3bb,ignite,False,2014-03-05 17:23:45,ignite,,20,3,1,1,1,0.0,4.0,0.0,6.0,32,32.0,0.0,done,457.0,,False,502.6441380011882,4.86583209731465,8.0,0.0159158326839595,1.0,1.0,0.3684210526315789,1.0,0.375,31.0,0.0
c08189470239497a50a86490669351461adabd0c,ignite,False,2014-03-05 18:36:15,ignite,,4,21,2,2,2,0.402179190202273,3.0,0.0,6.0,50,50.0,1.36588597052428,done,474.0,,False,160.5395382709427,4.348987422772776,2.0,0.0124579902343097,0.0,0.0,0.2,1.0,0.5,13.0,0.0
d07b6c50e9fbbc0c6e0fa7a159e80471e35e4636,ignite,False,2014-03-05 19:25:21,ignite,,20,0,1,1,1,0.0,4.0,0.0,7.0,6,6.0,3.0,done,5099.0,,False,2951.6564606672982,4.741196410696337,83.0,0.028119803610626,0.0,0.0,0.7407407407407407,1.0,0.7857142857142857,28.0,0.0
7f54a6e06083653ea838fc423cee88c6f3aa5045,ignite,False,2014-03-05 19:57:55,ignite,,3,4,3,2,2,1.55665670746282,1.33333333333333,0.0,4.66666666666667,69,69.0,0.707042256794596,done,719.0,,False,313.21655260404583,4.5733621757639735,6.666666666666667,0.0143677150438684,0.0,0.0,0.4761904761904762,0.6666666666666666,0.2222222222222222,11.333333333333334,0.0
850cd510f391679f57f0b1c624bba31af0c43fd9,ignite,False,2014-03-05 20:31:15,ignite,,6,1,1,1,1,0.0,3.0,0.0,6.0,6,6.0,6.0,done,1269.0,,False,102.79858289555531,4.551764892280303,5.0,0.0486388027846654,0.0,0.0,0.8,2.0,0.0,23.0,0.0
dc3d4495db97fc6cced8a932d3425bf50bb1b8bf,ignite,False,2014-03-05 20:53:50,ignite,,4,3,1,1,1,0.0,1.0,0.0,3.0,70,70.0,27.0,done,545.0,,False,170.77580957716015,4.478862855655085,8.0,0.0398254844483633,0.0,0.0,0.4404761904761904,2.0,0.7,18.5,0.0
e8f0b5ede2e258653b74f586e27e97582859cc79,ignite,False,2014-03-05 22:39:59,ignite,,87,82,1,1,1,0.0,4.0,0.0,8.0,67,67.0,35.0,done,5116.0,,False,3310.829619386344,5.11579482765417,99.0,0.0321713394999901,1.3333333333333333,3.3333333333333335,0.7794612794612795,1.3333333333333333,0.5317460317460317,20.666666666666668,0.0
42b3077276fedc95a41e48b6db5b95b458c8db7d,ignite,False,2014-03-05 22:46:29,ignite,,3,2,1,1,1,0.0,3.0,1.0,4.0,68,68.0,12.0,done,206.0,,False,208.9735285398626,4.560568096095628,9.0,0.0430676558073393,0.0,0.0,0.375,1.0,0.5,13.0,0.0
1d22d8e65143edec6829f4a98f2dda61fff877f0,ignite,False,2014-03-06 09:26:56,ignite,,11,7,1,1,1,0.0,1.0,0.0,1.0,48,48.0,31.0,done,465.0,,False,1036.126148620608,5.203950627033158,37.5,0.0404792929999626,0.5,1.0,0.9545454545454546,3.5,0.3273809523809524,18.0,0.0
a7964a8c5eb39b6d015b3095155b55dbdba0b503,ignite,False,2014-03-06 09:46:12,ignite,,1,1,1,1,1,0.0,1.0,0.0,3.0,50,50.0,33.0,done,470.0,,False,178.8135375281251,4.881909210373752,12.0,0.067109012918625,1.0,0.0,0.6,1.0,0.2857142857142857,22.0,0.0
bd630c0a6b6f5d92df50be0ff1553df65bef8bcc,ignite,False,2014-03-06 15:57:43,ignite,,1,1,1,1,1,0.0,4.0,0.0,9.0,8,8.0,5.0,done,5121.0,,False,7093.91946932407,5.679762419835065,212.0,0.0298847486099528,4.0,10.0,0.7777777777777778,1.0,0.4285714285714285,27.0,0.0
2f25ebd6747c25da30fa03efd8564d73b9a62a26,ignite,False,2014-03-06 17:09:49,ignite,,5,3,1,1,1,0.0,5.0,0.0,12.0,34,34.0,15.0,done,8172.0,,False,82.0447025077789,4.108301249767508,1.0,0.0121884773718959,0.0,0.0,0.5,1.0,0.0,10.0,0.0
e29259176375c1cf0b3f618f5750e644f74e2861,ignite,False,2014-03-06 17:22:45,ignite,,7,36,5,5,1,2.27302069163176,1.6,0.0,6.2,11,11.0,6.0,done,12579.0,,False,887.6189597854011,4.867982238178219,28.0,0.0321488907387423,0.4,0.4,0.8707331208345407,0.4,0.6051282051282051,20.6,0.0
e85f6cb019b769fcf21e648ca8e18f92212d209c,ignite,False,2014-03-06 17:42:16,ignite,,1,1,1,1,1,0.0,4.0,0.0,7.0,12,12.0,1.0,done,69.0,,False,310.33523331627066,4.538460707829012,14.0,0.0451125057583527,0.0,0.0,1.0,0.0,0.4285714285714285,16.0,0.0
0f6b2b5b83e84d1712a10b03340530a294fd362c,ignite,False,2014-03-06 23:35:38,ignite,,1,1,1,1,1,0.0,3.0,2.0,5.0,56,56.0,32.0,done,1666.0,,False,346.7937417270812,4.663137194949495,14.0,0.0403698173164199,0.0,0.0,0.7142857142857143,1.0,0.625,14.0,0.0
18871ff0fc8dbe6953d94e6933e235df73684bf5,ignite,True,2014-03-07 15:08:48,ignite,2201.0,337,15,10,4,1,2.4803026957315897,0.2,0.1,0.8,82,82.0,35.0,done,1354.0,2020-03-16 15:43:22,False,184.4773317567079,4.1628260624988584,9.0,0.0487864818636327,0.0,0.0,0.875,0.0,0.6,16.0,0.0
c273190276190a2bf7b20da515a18f44e90ea96d,ignite,False,2014-03-07 16:38:44,ignite,,1,1,1,1,1,0.0,5.0,1.0,8.0,71,71.0,13.0,done,454.0,,False,160.5395382709427,4.348987422772776,2.0,0.0124579902343097,0.0,0.0,0.2,1.0,0.5,13.0,0.0
c699533c891830963916b60e691e185e54892146,ignite,False,2014-03-07 17:13:07,ignite,,9,7,4,2,1,1.75,0.25,0.0,1.25,87,87.0,39.0,done,98.0,,False,95.0304742133564,4.589856088125963,3.0,0.0314070907981955,0.0,0.0,0.9,1.0,0.7083333333333333,15.5,0.0
b2aaa5a6e30e21f433fa6fd3bf31a3e50df63fec,ignite,False,2014-03-07 22:39:20,ignite,,12,15,13,11,2,3.6898916687500094,0.7692307692307689,1.0,6.307692307692308,14,14.0,0.6116943359375,done,203.0,,False,762.1399314089209,4.843707231121391,38.5,0.0487850417754811,0.0,0.0,0.9583333333333331,0.5,0.3257575757575757,16.0,0.0
da47fe60341977e9cf77974b3b1d9d67567792cc,ignite,False,2014-03-08 05:08:00,ignite,,58,19,13,7,1,2.8603475078865803,0.0769230769230769,0.0769230769230769,0.923076923076923,98,98.0,47.0,done,4714.0,,False,584.6152257273919,4.550921475772674,16.416666666666668,0.0231262715035143,0.0833333333333333,0.0,0.6138877534001373,0.4166666666666667,0.4046795911346995,18.0,0.0
0fb446db643f3c6244dadaf40f0c0d6fbeab34ee,ignite,False,2014-03-09 15:24:36,ignite,,5,5,3,3,1,1.37095059445467,0.333333333333333,0.666666666666667,1.0,100,100.0,48.0,done,71.0,,False,367.213038547228,4.903781281401575,13.0,0.0354017930611362,1.0,0.0,0.4,0.0,0.5714285714285714,19.0,0.0
f96692ec0235a0af728e920f8dd329057c09c354,ignite,False,2014-03-09 17:02:29,ignite,,7,2,2,2,2,0.91829583405449,1.0,1.0,2.0,101,101.0,0.707042256794596,done,1076.0,,False,526.5293250129808,4.82176198964258,15.0,0.0292227079644607,0.0,0.0,0.5622222222222222,0.0,0.8210526315789474,31.0,0.0
6933cc568a4c24231527d7532751073c29ed27a9,ignite,False,2014-03-10 10:09:51,ignite,,24,24,1,1,1,0.0,1.0,1.0,5.0,54,54.0,35.0,done,765.0,,False,1003.5162526549057,5.153342648707178,46.0,0.048145890824369,2.3333333333333335,1.6666666666666667,0.7172619047619048,4.0,0.1693121693121693,25.333333333333332,0.0
509a9a7b4bf9b5051c4fc2df44471c5960ef06fe,ignite,False,2014-03-11 05:15:00,ignite,,20,9,7,4,1,2.77988918455894,0.142857142857143,2.71428571428571,1.28571428571429,106,106.0,53.0,done,586.0,,False,246.92611687281615,4.503808753996861,7.5,0.0288796237071162,0.0,0.0,0.675974025974026,0.0,0.75,16.833333333333332,0.0
00b26f2e05545388d8e04e80c019df32df653c93,ignite,False,2014-03-11 13:18:18,ignite,,1,15,2,2,1,0.5435644431995961,1.0,3.0,4.0,107,107.0,54.0,done,483.0,,False,1137.1228074467326,5.2764582809381935,27.0,0.0237441372410998,0.0,0.0,0.6190476190476191,0.0,0.375,24.0,0.0
7585751a5f435fd9f0bcef911173427d811c0c7c,ignite,False,2014-03-11 15:17:43,ignite,,8,5,3,3,1,1.1981839479118,0.333333333333333,2.0,2.0,111,111.0,58.0,done,579.0,,False,802.1763673879675,5.02105379365154,28.75,0.0360889336159013,0.0,0.0,0.7133890415140415,0.0,0.2624542124542124,26.5,0.0
98833ab4bcc76f1755edd9bade4f84ca9bc4320a,ignite,False,2014-03-11 17:19:59,ignite,,40,32,1,1,1,0.0,6.0,0.0,20.0,116,116.0,62.0,done,1622.0,,False,991.2806355747864,5.241462308127391,30.0,0.0302638818144618,2.0,0.0,0.7916666666666666,0.0,0.2666666666666666,28.0,0.0
bd09aaa46919500264e7a5f16c960cb643b90ad8,ignite,False,2014-03-11 18:15:33,ignite,,16,6,1,1,1,0.0,2.0,6.0,3.0,15,15.0,8.0,done,663.0,,False,1788.8592975163251,5.552664345159672,64.0,0.0357769893299369,1.0,0.0,0.85,3.0,0.3043478260869565,28.0,0.0
c192a39a884fc00b391c009934e84070651e18db,ignite,False,2014-03-11 21:16:05,ignite,,1,1,1,1,1,0.0,3.0,4.0,6.0,58,58.0,33.0,done,1666.0,,False,378.329558951884,4.769597897474649,14.0,0.0370047744585046,0.0,0.0,0.7142857142857143,1.0,0.625,15.0,0.0
3bf3dba744ab7cdcbdff300e1ac52a02ce33b586,ignite,False,2014-03-11 22:05:15,ignite,,4,5,2,2,2,0.5032583347756461,4.0,1.5,12.5,18,18.0,0.611774444580078,done,8224.0,,False,703.7052750908657,4.861263356091786,24.0,0.0341051870001983,0.0,0.0,0.8,4.0,0.3636363636363636,20.0,0.0
203d9aab567de14bb4ea7ce27e5c4b4ed2d6dc9e,ignite,False,2014-03-12 15:14:58,ignite,,1,1,1,1,1,0.0,5.0,0.0,12.0,118,118.0,64.0,done,1897.0,,False,1114.138045410264,5.443843467562244,38.0,0.034107084087598,2.0,4.0,0.5789473684210527,4.0,0.125,25.0,0.0
785f1fc64de04b91e5d98641c7985415c841c8b5,ignite,True,2014-03-13 17:15:49,ignite,600.0,77,35,4,4,1,0.526422405968006,1.75,4.0,7.0,70,70.0,20.0,done,348.0,2015-11-04 09:50:11,False,1166.777587666011,5.322369680088957,38.0,0.0326622854074803,0.5,0.0,0.7635869565217391,1.0,0.3550420168067227,17.0,0.0
2846384ba57c951cae72a339fb43efb336931e32,ignite,False,2014-03-13 19:29:02,ignite,,6,6,6,6,2,2.25162916738782,1.0,5.5,3.0,24,24.0,0.6077184081077579,done,2213.0,,False,18060.894817292577,5.998786611715061,461.0,0.025524759690124,1.0,0.0,0.9588477366255144,1.0,0.3951612903225806,26.0,0.0
8a4dc1a97a56f16fd80562bff5e995ca8afc8067,ignite,False,2014-03-13 21:49:42,ignite,,1,1,1,1,1,0.0,2.0,9.0,4.0,73,73.0,36.0,done,27.0,,False,28.52932501298081,4.186704345910023,1.0,0.035051652976192,0.0,0.0,1.0,1.0,0.5,13.0,0.0
a92c14358983b9643df5a4357e51210d00fa64bc,ignite,False,2014-03-13 21:49:47,ignite,,1,1,1,1,1,0.0,2.0,0.0,5.0,74,74.0,37.0,done,27.0,,False,28.52932501298081,4.201841232302569,1.0,0.035051652976192,0.0,0.0,1.0,1.0,0.5,13.0,0.0
377b3edaf7fb82a1c4b2a8bdc153b4e1b0591fed,ignite,False,2014-03-13 22:31:21,ignite,,2,2,1,1,1,0.0,0.0,0.0,0.0,75,75.0,40.0,done,8172.0,,False,212.3963756721793,4.331489034467855,13.0,0.0612063174753259,0.0,0.0,0.5,1.0,0.0,13.0,0.0
e72154ff2e9b98ddf18335c3fc0df88fa912cae0,ignite,False,2014-03-14 11:16:16,ignite,,3,0,2,1,1,0.91829583405449,2.0,0.0,8.0,60,60.0,41.0,done,650.0,,False,154.1248179718647,4.46783002580716,7.0,0.0626532916821568,0.0,0.0,0.8888888888888888,1.6666666666666667,0.3809523809523809,17.333333333333332,0.0
51bc1d5c70a011f074c39505353c33a963b03bf4,ignite,False,2014-03-14 21:29:18,ignite,,3,4,2,2,1,0.985228136034252,4.0,0.0,9.5,78,78.0,23.0,done,3803.0,,False,364.17909420309263,4.718772733382236,14.0,0.0384426240353944,0.0,0.0,0.6363636363636364,0.0,0.4615384615384615,19.0,0.0
2d6744be05eb6e4b70005b9133ed19ed4e75c692,ignite,False,2014-03-14 22:30:18,ignite,,2,1,1,1,1,0.0,6.0,0.0,11.0,79,79.0,24.0,done,2156.0,,False,1238.1151694228831,5.36169508404643,53.0,0.0428070031842874,1.0,2.0,0.6956521739130435,3.0,0.5555555555555556,29.0,0.0
8a48f0a7642408fd349f4519c8834fc8e67fe495,ignite,False,2014-03-14 22:31:55,ignite,,10,11,1,1,1,0.0,8.0,0.0,15.0,32,32.0,18.0,done,3089.0,,False,13412.825435175471,5.9292787564074265,214.0,0.015954878488076,1.0,3.0,0.5714285714285714,2.0,0.4285714285714285,37.0,0.0
dd453de6f8c8ff3c378ef87bf2a357e897fbe2ac,ignite,False,2014-03-15 08:49:18,ignite,,6,3,3,2,1,1.53049305675748,2.0,0.333333333333333,6.66666666666667,65,65.0,45.0,done,3516.0,,False,627.269541986507,5.003427079646078,26.0,0.0404772364481924,0.6666666666666666,1.3333333333333333,0.6409749670619236,1.3333333333333333,0.4296296296296296,27.333333333333332,0.0
abd969d34bf1c24431484ffd8fa465f3b9ab4618,ignite,False,2014-03-15 15:15:50,ignite,,3,3,1,1,1,0.0,6.0,1.0,19.0,98,98.0,48.0,done,8179.0,,False,455.823806995363,5.072500600068383,5.0,0.0109691506307191,0.0,1.0,0.8333333333333334,2.0,0.0,18.0,0.0
303676ec7790ea9ec9f172c3ef218132456bc9f3,ignite,False,2014-03-17 17:52:54,ignite,,17,17,3,2,1,0.6402064333604699,2.0,0.0,8.33333333333333,125,125.0,67.0,done,710.0,,False,883.6798632968702,5.106683109984364,27.0,0.0305540514403793,1.0,0.0,0.7037037037037037,4.0,0.2941176470588235,36.0,0.0
77d484d8c3487c7476880aba1db30c4b3e7eeb25,ignite,False,2014-03-17 22:13:07,ignite,,33,78,5,3,1,1.9992107641062096,1.4,4.4,11.6,131,131.0,70.0,done,6863.0,,False,1680.6739541730833,5.3180262901576745,56.583333333333336,0.0377752673222199,1.0833333333333333,1.0833333333333333,0.8057741526097617,4.166666666666667,0.3456338187523078,24.083333333333332,0.0
75a20d97141029c1223496d38d8b61a3a1c309da,ignite,False,2014-03-17 22:13:45,ignite,,11,13,5,4,1,2.25162916738782,0.4,9.0,2.8,79,79.0,42.0,done,1588.0,,False,170.8063158382886,4.4636890243965,8.75,0.0512001999948975,0.0,0.0,1.0,0.75,0.525,14.75,0.0
19d750d83d3a9fcb0ed3f7001763971496c53308,ignite,False,2014-03-17 22:25:30,ignite,,2,2,1,1,1,0.0,8.0,2.0,14.0,94,94.0,28.0,done,4813.0,,False,72.33974351909448,4.088465279604108,2.0,0.0276473194775993,0.0,0.0,0.5,0.0,0.5,11.0,0.0
bb674402cdeafd0325d7acd7f63dd4525969528b,ignite,False,2014-03-18 11:00:53,ignite,,8,3,3,2,1,1.309296668237,1.6666666666666698,0.0,7.33333333333333,69,69.0,48.0,done,5547.0,,False,317.4226800194393,4.746926379233735,13.333333333333334,0.0428652970386275,0.3333333333333333,0.0,0.5317460317460317,1.6666666666666667,0.5138888888888888,17.333333333333332,0.0
959591bc61896ea9231df45475b89b35789516af,ignite,False,2014-03-18 16:30:25,ignite,,12,6,3,2,1,1.22439444540599,2.0,0.0,14.666666666666698,134,134.0,72.0,done,7699.0,,False,3174.143010720127,5.633024240931334,93.4,0.0303705511552437,0.4,0.2,0.712910824031105,9.0,0.3087759681733857,27.4,0.0
87136585f334dff97a442d22b75e8a00b58b1c5c,ignite,False,2014-03-18 17:46:14,ignite,,21,6,2,1,1,0.825626526157895,4.0,8.0,10.0,33,33.0,19.0,done,3338.0,,False,4011.678755481637,5.274832338786768,86.6,0.0284495172562298,0.6,0.6,0.691576808037426,1.0,0.6116959887403237,24.0,0.0
75afccc58668e61ddec28eaa22b514f29894796f,ignite,False,2014-03-18 18:55:30,ignite,,0,2,1,1,1,0.0,2.0,0.0,5.0,34,34.0,20.0,done,306.0,,False,788.788065895864,5.304527075160916,20.0,0.0253553531863911,0.0,0.0,0.8,0.0,0.5,18.0,0.0
7b838c91f59245af806c1d9339e80ff7f9b7fe64,ignite,False,2014-03-19 04:05:47,ignite,,3,7,2,2,1,0.468995593589281,3.5,2.5,14.5,136,136.0,74.0,done,2646.0,,False,992.2284673009862,5.321211621786911,45.0,0.0453524581111917,1.0,2.0,0.85,2.0,0.2777777777777778,26.0,0.0
1128dacef7c122fc9ffabbee955968c7e26f641a,ignite,False,2014-03-19 06:43:36,ignite,,1,1,1,1,1,0.0,4.0,0.0,12.0,72,72.0,51.0,done,1629.0,,False,183.31714900750256,4.844398493371044,8.0,0.0436402161135104,1.0,0.0,0.8333333333333334,2.0,0.3333333333333333,19.0,0.0
bfdcf6a6cec0d30c246bcfc7ff069fef2ff31704,ignite,False,2014-03-19 15:17:23,ignite,,0,3,1,1,1,0.0,2.0,0.0,6.0,36,36.0,22.0,done,301.0,,False,747.0956672689539,5.288530702353651,19.0,0.0254318166098532,0.0,0.0,0.7857142857142857,0.0,0.5,18.0,0.0
67077e02eb5eb371a56e214fcf0945acb8e20db9,ignite,False,2014-03-19 18:03:01,ignite,,2,2,1,1,1,0.0,2.0,14.0,5.0,84,84.0,45.0,done,176.0,,False,608.7595915594559,4.812370193890103,20.0,0.0328536917977195,1.0,0.0,0.9,2.0,0.5,28.0,0.0
f46c4969c39f3a090e967cd7b5ce9cc09bbac3b3,ignite,False,2014-03-19 18:32:01,ignite,,5,12,1,1,1,0.0,8.0,1.0,17.0,42,42.0,26.0,done,3047.0,,False,8677.643716962317,5.740571225054743,180.5,0.0218589430588184,1.0,1.5,0.6871743984123047,1.5,0.5422149122807017,28.5,0.0
705cce53a467b82007c3d1cb881af6d6330c5804,ignite,False,2014-03-19 18:35:53,ignite,,9,12,7,3,1,2.6654287319935,0.857142857142857,0.857142857142857,11.142857142857098,138,138.0,75.0,done,5255.0,,False,2541.0539222574675,5.350680313569904,71.33333333333333,0.032733262901653,0.3333333333333333,0.0,0.6086235489220564,8.0,0.3804256745433216,22.0,0.0
98c1c9e9f07b41c96bdd9101505905f73ebdf97c,ignite,False,2014-03-19 19:31:47,ignite,,24,1,3,2,1,1.54131527740124,2.0,0.333333333333333,14.0,139,139.0,76.0,done,3507.0,,False,1778.486078179329,5.463481094318605,66.14285714285714,0.0397547729420988,1.2857142857142858,1.2857142857142858,0.8010841351855177,5.428571428571429,0.3199384464777472,26.285714285714285,0.0
7fa86cc1e8bbd4d7dd995cd8ee7f403bc1636db7,ignite,False,2014-03-19 21:30:22,ignite,,2,25,4,2,1,1.80809036107691,1.5,0.0,13.5,140,140.0,77.0,done,3891.0,,False,1552.1607321591086,5.404816369762996,59.25,0.0439314603437764,1.125,1.125,0.8096158494852143,5.625,0.3186681463070034,25.75,0.0
65a48769773155cc7fa04ab3df8f84bb08572716,ignite,False,2014-03-19 22:56:51,ignite,,2,2,1,1,1,0.0,3.0,1.0,9.0,143,143.0,79.0,done,710.0,,False,883.6798632968702,5.106683109984364,27.0,0.0305540514403793,1.0,0.0,0.7037037037037037,4.0,0.2941176470588235,36.0,0.0
d828f91e92c3abf24a04c2d5cd11fcf52911b103,ignite,False,2014-03-19 23:04:14,ignite,,10,2,2,2,1,0.91829583405449,2.0,7.5,8.0,144,144.0,80.0,done,543.0,,False,46.60451250937503,4.317121392085727,3.0,0.0643714489964145,0.0,0.0,1.0,1.0,0.5,15.0,0.0
589b0f48d4edd8b42dc538b78afa62ac9eafed1d,ignite,False,2014-03-20 02:24:39,ignite,,1,1,1,1,1,0.0,3.0,0.0,11.0,145,145.0,81.0,done,361.0,,False,604.2631877271641,5.38412656488773,34.0,0.0562668729297996,1.0,0.0,0.9375,7.0,0.4347826086956521,27.0,0.0
b3608063d4a225c6e3e44bb3ece5b7479a8ea266,ignite,False,2014-03-20 16:36:19,ignite,,2,2,2,2,1,1.0,3.0,0.0,11.0,147,147.0,82.0,done,2648.0,,False,725.7953959092998,5.03755871906159,17.5,0.0239389678406038,0.5,0.0,0.661904761904762,1.5,0.5555555555555556,36.5,0.0
1233a8ce06710366cbb2fc0005e556c4e2261a58,ignite,False,2014-03-20 18:24:55,ignite,,6,2,1,1,1,0.0,2.0,3.0,9.0,80,80.0,40.0,done,357.0,,False,89.62406251802891,3.986328519399577,4.0,0.0446308713041807,0.0,0.0,1.0,2.0,0.3333333333333333,19.0,0.0
be345d0e86e38e5bd5b8c65eb25a33767768a181,ignite,False,2014-03-20 18:40:39,ignite,,1,7,1,1,1,0.0,6.0,0.0,11.0,82,82.0,41.0,done,1532.0,,False,78.13781191217038,4.706722908721946,3.0,0.0383937037214723,0.0,0.0,1.0,4.0,0.2,21.0,0.0
4f10cdd73eb9fd24c5ff2d858792e3d9778cd9a0,ignite,False,2014-03-20 18:43:34,ignite,,1,7,1,1,1,0.0,7.0,0.0,12.0,83,83.0,42.0,done,1520.0,,False,78.13781191217038,4.706722908721946,3.0,0.0383937037214723,0.0,0.0,1.0,4.0,0.2,21.0,0.0
9e9196142ca819478bebe75b971bbf93e96872c2,ignite,False,2014-03-20 19:29:56,ignite,,4,8,3,2,1,1.45914791702724,1.6666666666666698,0.0,10.0,150,150.0,84.0,done,1222.0,,False,441.92238143244526,4.745799371955435,11.0,0.0377559469248958,0.5,0.0,0.7727272727272727,1.0,0.45,29.0,0.0
a9f1fba2ca03ff1876f2222d60294cee0a3b72cc,ignite,False,2014-03-20 21:37:21,ignite,,1,1,1,1,1,0.0,5.0,1.0,10.0,103,103.0,33.0,done,2232.0,,False,18708.484034158155,6.016202263906967,472.0,0.0252291954355156,1.0,0.0,0.9591836734693876,1.0,0.3968253968253968,26.0,0.0
38b2f4d96d01eada61f7e7b43d9e9f5e03e4da87,ignite,False,2014-03-20 22:12:13,ignite,,22,18,2,2,1,0.7219280948873621,3.5,1.0,14.5,49,49.0,28.0,done,10077.0,,False,721.3820425990848,5.153945573091728,23.5,0.0326562937276188,0.5,0.0,0.65,2.5,0.4943181818181818,19.5,0.0
7d7245a53d0b1d6e1fae18a2699be62fcdf78ac6,ignite,False,2014-03-20 22:21:33,ignite,,18,54,3,2,1,0.5559139549282429,1.0,15.333333333333302,2.3333333333333304,96,96.0,15.0,done,49.0,,False,173.9162695712204,5.107849645502939,6.0,0.0344993600356805,1.0,0.0,1.0,2.0,0.0,21.0,0.0
025bbc00ccbc4e7806be78b6c22d07949005155b,ignite,False,2014-03-20 22:43:19,ignite,,4,6,2,2,1,0.7219280948873621,2.0,0.0,13.5,152,152.0,86.0,done,970.0,,False,353.08695718871354,5.019169387028281,19.5,0.0560302689345205,0.5,0.0,0.9411764705882352,4.0,0.467391304347826,22.0,0.0
3163e378d8be78cd31ddb990a85894ddba03305f,ignite,False,2014-03-20 22:56:31,ignite,,6,4,1,1,1,0.0,3.0,0.0,10.0,108,108.0,34.0,done,361.0,,False,674.918107858274,4.960273987532276,28.5,0.0421981295010102,0.5,0.0,0.9230769230769232,1.0,0.375,27.5,0.0
38fd13fc80d2a33d8a5f484207aa6709bd6a1b46,ignite,False,2014-03-21 09:51:19,ignite,,1,1,1,1,1,0.0,4.0,0.0,17.0,77,77.0,54.0,done,3519.0,,False,927.3818235105374,5.20119059287544,30.0,0.0323491352099582,0.0,0.0,0.3809523809523809,8.0,0.0909090909090909,32.0,0.0
5d891f7e148e81c1b5403864c60270bbbfd16bb0,ignite,False,2014-03-21 14:30:49,ignite,,8,6,1,1,1,0.0,3.0,0.0,12.0,153,153.0,87.0,done,613.0,,False,974.1966155674776,5.227841477647917,25.5,0.0257555809344888,0.5,0.0,0.4458041958041958,5.5,0.2294117647058823,33.5,0.0
5ff1f006498c8b8df5c830fdd3515f54aac531f0,ignite,False,2014-03-21 15:49:53,ignite,,1,1,1,1,1,0.0,4.0,0.0,14.0,98,98.0,47.0,done,771.0,,False,28.07354922057604,3.624510162331972,0.0,0.0,0.0,0.0,0.0,0.0,0.0,17.0,0.0
18865f82baf0fc5b4ed8afc53f736cad5d319283,ignite,True,2014-03-21 17:14:21,ignite,482.0,4,0,1,1,1,0.0,7.0,0.0,22.0,111,111.0,35.0,done,8231.0,2015-07-17 11:32:11,False,847.8738186204101,5.132861744579961,20.0,0.0235884155882326,2.0,3.0,0.5882352941176471,0.0,0.4545454545454545,28.0,0.0
98356a85117b02e1032adbd6467a2d3e30c2df34,ignite,False,2014-03-22 08:42:46,ignite,,12,7,1,1,1,0.0,3.0,3.0,7.0,81,81.0,57.0,done,764.0,,False,241.48052186828568,4.935737455489601,11.0,0.0455523282577627,0.0,0.0,0.4,1.0,0.5,20.0,0.0
7defb022e7d198ad27516dabeb481c1262e44d72,ignite,False,2014-03-22 09:43:03,ignite,,6,6,1,1,1,0.0,8.0,0.0,21.0,82,82.0,58.0,done,4808.0,,False,71.69608381343684,4.3634408748335884,4.666666666666667,0.0621078447572075,0.0,0.0,0.4722222222222221,1.0,0.4166666666666667,19.0,0.0
b54aed37f37c2f44fa9bd9c8564dd2e0247522c6,ignite,False,2014-03-22 09:56:01,ignite,,1,1,1,1,1,0.0,1.0,0.0,1.0,83,83.0,59.0,done,774.0,,False,183.31714900750256,4.844398493371044,8.0,0.0436402161135104,1.0,0.0,0.8333333333333334,2.0,0.3333333333333333,19.0,0.0
88054a17a3d823e759ae9871d535e9ce395959a1,ignite,True,2014-03-22 12:04:32,ignite,1048.0,17,2,1,1,1,0.0,5.0,0.0,13.0,12,12.0,12.0,done,2324.0,2017-02-03 08:41:14,False,1366.1819583327351,5.594658826471721,42.0,0.0307426106338397,1.0,0.0,0.6190476190476191,1.0,0.6071428571428571,19.0,0.0
ab84418cb01d2a44544ef84399e8b01e3c5122d7,ignite,False,2014-03-24 22:07:10,ignite,,2,2,1,1,1,0.0,4.0,2.0,9.0,105,105.0,51.0,done,2448.0,,False,958.8708170459802,5.326093915332601,41.0,0.0427586274095918,1.0,2.0,0.8571428571428571,2.0,0.5,18.0,0.0
5a9413fdd3508891e8e21df2ac4e6f3aef694cc8,ignite,False,2014-03-24 22:41:34,ignite,,1,1,1,1,1,0.0,8.0,5.0,18.0,108,108.0,52.0,done,3099.0,,False,13476.063423707228,5.933623004530791,215.0,0.0159542140193381,1.0,3.0,0.5714285714285714,3.0,0.4210526315789473,37.0,0.0
94199d2a52f0daf7f2887d8824d049a26e55397f,ignite,False,2014-03-24 23:10:31,ignite,,17,17,3,2,2,1.08631284074129,0.666666666666667,6.33333333333333,1.33333333333333,56,56.0,0.6117791521789421,done,809.0,,False,31.836774610288025,3.8143701429396617,2.6,0.1105059814014877,0.0,0.0,0.2,1.6,0.2,12.0,0.0
bef2f1a17084f86b96c83e16ae87a44800fc0319,ignite,False,2014-03-25 20:16:02,ignite,,16,12,13,5,1,3.66449777920046,0.384615384615385,16.076923076923098,5.6153846153846105,115,115.0,61.0,done,6660.0,,False,71.04042209103135,3.722310581689359,3.4615384615384617,0.1970619014522523,0.0,0.0,0.0591715976331361,0.1538461538461538,0.9467455621301776,8.846153846153847,0.0
74d415fe2e38c3ec9e414e6879f0d540ab2f3f04,ignite,False,2014-03-26 21:31:59,ignite,,20,13,1,1,1,0.0,8.0,0.0,21.0,112,112.0,53.0,done,3099.0,,False,13982.2740346075,5.93426664343806,215.0,0.015376611806338,1.0,3.0,0.5743243243243243,3.0,0.4210526315789473,37.0,0.0
79508c0243a98c1b3ead3379ccf2571d6d3ff89c,ignite,False,2014-03-26 21:39:25,ignite,,15,16,1,1,1,0.0,8.0,0.0,22.0,113,113.0,54.0,done,3106.0,,False,13599.866033245466,6.020372416216734,215.0,0.015808979255709,1.0,3.0,0.5714285714285714,3.0,0.4210526315789473,30.0,0.0
1a4ea047e6ec7fa1b52e7e6d1fe61267ad1bc6ac,ignite,False,2014-03-26 21:40:52,ignite,,6,6,1,1,1,0.0,8.0,0.0,23.0,114,114.0,55.0,done,3105.0,,False,13599.866033245466,6.020372416216735,215.0,0.015808979255709,1.0,3.0,0.5714285714285714,3.0,0.4210526315789473,30.0,0.0
40ab8521972fac1acb5782878980ef1325c3cc11,ignite,False,2014-03-26 22:04:07,ignite,,0,5,2,2,1,0.7219280948873621,2.0,5.0,7.5,116,116.0,56.0,done,914.0,,False,413.43252329695395,4.414772676502581,13.0,0.0314440670906351,0.0,0.0,0.6363636363636364,1.0,0.2222222222222222,29.0,0.0
577899b05400ff4985419eaa800ffb2a437bd7cb,ignite,False,2014-03-26 22:26:14,ignite,,2,5,2,1,1,0.8631205685666309,4.0,0.0,16.0,118,118.0,57.0,done,301.0,,False,294.41343573651113,4.715749852916186,15.0,0.0509487617726265,0.0,0.0,0.6,1.0,0.8571428571428571,17.0,0.0
9c2b35b47e095ef0e668d8ed966de3c41dd895ff,ignite,False,2014-03-26 22:30:12,ignite,,4,4,1,1,1,0.0,8.0,0.0,25.0,119,119.0,64.0,done,3055.0,,False,11558.281575863291,5.848286388299689,216.0,0.0186878991121884,1.0,3.0,0.5467625899280576,3.0,0.4210526315789473,30.0,0.0
d456ce494af13a4123fa7711f21bebcb1db2465b,ignite,False,2014-03-27 14:32:09,ignite,,1,1,1,1,1,0.0,0.0,0.0,0.0,124,124.0,40.0,done,91.0,,False,24.0,4.011365041826378,1.0,0.0416666666666666,0.0,0.0,1.0,0.0,1.0,12.0,0.0
6f14cfbde4279ca7250e0540817bc75746e67ce4,ignite,False,2014-03-27 17:49:50,ignite,,3,1,1,1,1,0.0,9.0,5.0,25.0,65,65.0,23.0,done,8251.0,,False,153.73110979725664,4.33328877076923,6.0,0.0390291854909062,1.0,0.0,0.6666666666666666,1.0,0.4,18.0,0.0
1e6c2d09ecef1e5ddb058d62f6c040627306c20b,ignite,False,2014-03-27 18:13:29,ignite,,1,3,1,1,1,0.0,9.0,0.0,26.0,39,39.0,18.0,done,8253.0,,False,153.73110979725664,4.33328877076923,5.0,0.0325243212424218,1.0,0.0,0.6666666666666666,1.0,0.25,18.0,0.0
72c1cad8fc6c13f4ce20c2f099531d05deb96b00,ignite,False,2014-03-27 21:30:20,ignite,,22,42,1,1,1,0.0,5.0,0.0,13.0,68,68.0,36.0,done,5131.0,,False,3030.490191653149,5.293395071691666,95.66666666666669,0.0363069680237069,1.6666666666666667,5.0,0.8025163919900762,1.3333333333333333,0.4362962962962962,22.666666666666668,0.0
b41cb25767cda66b930679979a5d97f4b96d413c,ignite,False,2014-03-27 23:57:56,ignite,,55,42,7,7,1,2.39787529118751,1.28571428571429,1.0,7.28571428571429,126,126.0,68.0,done,225.0,,False,1046.4276041973992,5.6037959476478365,32.0,0.0305802330439703,0.0,0.0,0.75,1.0,0.4117647058823529,22.0,0.0
d6f8e1375a5dd56b6f0766221642ea44e8fbb64f,ignite,False,2014-03-28 18:22:11,ignite,,6,6,1,1,1,0.0,5.0,0.0,14.0,70,70.0,37.0,done,5111.0,,False,4390.893152105225,5.603858932594205,136.5,0.0334560433288307,2.5,7.5,0.7593301435406699,1.5,0.4044444444444444,22.5,0.0
bf0f8437774d2d8dc3b16039ca5ce7659228a8ae,ignite,False,2014-03-28 23:09:53,ignite,,16,10,1,1,1,0.0,2.0,21.0,5.0,127,127.0,69.0,done,252.0,,False,847.8738186204101,5.061036824475187,25.0,0.0294855194852907,0.0,0.0,0.9166666666666666,0.0,0.7272727272727273,18.0,0.0
af5d798ed0e4586d44c1c545e1328800df88fbc7,ignite,False,2014-03-31 21:16:56,ignite,,7,2,3,3,1,1.43552050428267,0.333333333333333,8.0,0.666666666666667,104,104.0,50.0,done,1265.0,,False,196.21499122004107,4.671154497847338,9.0,0.0458680549535949,0.0,0.0,0.6666666666666666,2.0,0.2,16.0,0.0
2560d8acd1773b5f526caad4b0422d94ae5066d3,ignite,False,2014-04-01 19:43:53,ignite,,23,55,6,6,1,1.25296805099687,0.333333333333333,11.666666666666698,1.5,108,108.0,52.0,done,3607.0,,False,738.3149314270859,4.922788405177654,23.8,0.0431516473779578,0.4,0.0,0.6953510436432637,1.0,0.3678571428571428,18.4,0.005
46c79c4fa8c0acb44acaa4752ed183db5e3b746e,ignite,False,2014-04-01 20:51:23,ignite,,26,24,2,2,1,0.1414405425418209,0.5,11.5,1.5,109,109.0,53.0,done,2398.0,,False,916.23552407748,5.148256476847488,28.0,0.0302803674718718,0.0,0.0,0.7432539682539683,0.1111111111111111,0.7749765260730174,28.88888888888889,0.003584229390681
4d43e783b6a0e337ef0208b46d3d25e6b73cee16,ignite,False,2014-04-01 21:15:45,ignite,,2,2,2,2,1,1.0,4.0,0.0,20.5,122,122.0,59.0,done,5190.0,,False,1582.5985721474285,5.5132895252952645,36.0,0.0334391769847508,1.5,2.5,0.8158730158730159,5.0,0.3458646616541353,28.5,0.0
ba0919076b58abb5a1496882d15ebfbb955ba18b,ignite,False,2014-04-01 22:25:28,ignite,,4,15,3,3,1,1.40299341844305,0.666666666666667,16.6666666666667,1.0,111,111.0,55.0,done,1852.0,,False,333.0861619366575,4.822615145011455,11.0,0.035402686573013,0.0,0.0,0.7666666666666666,0.5,0.4423076923076923,27.5,0.0
fe3875944669d6f48bd703077b6f9f28045aa1f2,ignite,False,2014-04-01 23:14:54,ignite,,3,25,2,2,1,0.8631205685666309,2.0,0.0,6.0,180,180.0,102.0,done,3745.0,,False,470.48093504763824,5.0955441760523,15.0,0.0327287468929491,0.5,0.0,0.7596153846153846,2.0,0.4272727272727272,34.5,0.0
c6960bc8cfd918a58715ddb08a3910eeaeb43b40,ignite,False,2014-04-02 00:23:34,ignite,,1,2,1,1,1,0.0,2.0,11.0,4.0,136,136.0,73.0,done,594.0,,False,1705.2899473202465,5.439444171351471,65.0,0.0381166851432762,2.0,5.0,0.9090909090909092,1.0,0.4090909090909091,25.0,0.0
905d5a27630b11c4156c061615d3d555994836b1,ignite,False,2014-04-02 04:22:26,ignite,,3,1,1,1,1,0.0,3.0,12.0,7.0,85,85.0,61.0,done,237.0,,False,580.6103287531245,4.819541358513781,26.0,0.0447804641295921,0.0,0.0,0.3636363636363636,2.0,0.5384615384615384,17.0,0.0
80509bfc52cc5829609737012bfcc4fcb784543d,ignite,False,2014-04-02 19:38:30,ignite,,8,2,1,1,1,0.0,1.0,0.0,8.0,187,187.0,106.0,done,232.0,,False,615.1803246854449,5.241033277425823,27.0,0.0441754218229129,2.0,1.0,0.5476190476190476,0.5,0.554945054945055,19.0,0.0
70f985b2bafa6150771a602041b63d3ae4900aeb,ignite,False,2014-04-02 21:53:40,ignite,,3,4,2,1,1,0.8631205685666309,0.5,24.0,2.0,116,116.0,60.0,done,51.0,,False,125.33591475173353,4.639309824194959,4.0,0.0319142362978978,0.0,0.0,0.8,1.0,0.75,18.0,0.0
00a78a237ddfd6bdecf3c4d800518ff53bf2e397,ignite,False,2014-04-02 23:27:42,ignite,,31,16,2,2,1,0.973385435229956,1.0,16.0,2.0,117,117.0,61.0,done,837.0,,False,168.92071474022248,4.461898389421256,9.0,0.053417593305602,0.5,0.0,0.9333333333333332,0.5,0.5773809523809523,15.0,0.0
fce9c7fa476a4fe8106f880bb99c031f54e5821b,ignite,False,2014-04-03 02:04:48,ignite,,1,0,1,1,1,0.0,1.0,22.0,2.0,120,120.0,63.0,done,299.0,,False,4901.324913270916,4.015389451657488,191.0,0.0389690549758994,0.0,0.0,1.0,0.0,0.9090909090909092,13.0,0.0
20eac953b8283d6614d346a83d926d7bd4277cc1,ignite,False,2014-04-03 05:47:56,ignite,,3,1,1,1,1,0.0,4.0,7.0,11.0,86,86.0,62.0,done,3138.0,,False,4861.2091509778875,5.9742503268580425,147.0,0.0302393901258968,2.0,5.0,0.6346153846153846,13.0,0.2619047619047619,34.0,0.0
bff4c68428da85908875b47023293b7cc7cb98c2,ignite,False,2014-04-03 07:45:23,ignite,,4,4,2,2,1,0.811278124459133,3.5,0.0,12.5,87,87.0,63.0,done,1813.0,,False,100.20945814311176,4.406677273773621,4.0,0.0766708159908656,0.0,0.0,0.75,2.5,0.0,18.5,0.0
ac8f5cb475b776b46d59db41d23cd3541cc5fae2,ignite,False,2014-04-03 10:56:12,ignite,,26,2,2,1,1,0.940285958670631,3.0,9.0,12.0,89,89.0,65.0,done,1436.0,,False,702.0962752639431,5.281675350421539,20.0,0.0284861217822032,1.0,0.0,0.7692307692307693,2.0,0.4545454545454545,34.0,0.0
34293d1871290768956a829551f442b2813460ac,ignite,True,2014-04-03 14:51:44,ignite,950.0,92,92,2,1,1,0.207310185859482,0.5,0.0,11.0,190,190.0,109.0,done,1238.0,2016-11-09 10:07:13,False,257.0706417261548,4.391505050263573,8.529411764705882,0.0477137357757799,0.1764705882352941,0.0,0.7382352941176471,1.1764705882352942,0.4011204481792717,20.235294117647054,0.0
18a91010a32e68c9fce57b26b67b9e93f0bf546e,ignite,False,2014-04-03 17:03:06,ignite,,19,27,4,3,1,1.52736154808991,0.5,13.25,1.0,122,122.0,64.0,done,1990.0,,False,243.904981799937,4.378332973385216,8.727272727272727,0.0657247503729197,0.3636363636363636,0.0,0.4743867243867244,1.0,0.502092352092352,18.727272727272727,0.0
980d6751afb1bc86367e7aef211f3cbec7ba4190,ignite,False,2014-04-03 18:39:42,ignite,,18,0,2,2,2,0.650022421648354,1.0,14.5,2.5,139,139.0,1.60468512798131,done,684.0,,False,1772.9522249371553,5.270240823782648,58.5,0.0331635189252107,0.5,0.5,0.8452380952380952,5.0,0.4644736842105263,25.5,0.0
6afc6aa20ccef62e1eea6f2b27c6ac1b11b05315,ignite,False,2014-04-04 07:11:33,ignite,,1,1,1,1,1,0.0,1.0,0.0,1.0,17,17.0,14.0,done,467.0,,False,874.2198081500608,5.609772974709728,19.0,0.0217336644890327,0.0,0.0,0.7142857142857143,7.0,0.2857142857142857,23.0,0.0
307d29b54a49997af84979f43cd368273ec55c81,ignite,False,2014-04-04 14:52:06,ignite,,1,1,1,1,1,0.0,1.0,0.0,14.0,194,194.0,113.0,done,916.0,,False,8.0,3.521640636343319,0.0,0.0,0.0,0.0,0.0,0.0,0.0,6.0,0.0
bfc53e218e796db537110171fc8d8c973d81c07c,ignite,False,2014-04-04 19:43:46,ignite,,4,2,1,1,1,0.0,3.0,0.0,8.0,132,132.0,65.0,done,585.0,,False,1084.026206345122,5.320526155885424,41.0,0.0378219638602969,0.0,0.0,0.8125,2.0,0.5789473684210527,26.0,0.0
3ddb136c71ae460cc7ae51f93e8a41be43b446a5,ignite,False,2014-04-04 20:57:56,ignite,,5,1,1,1,1,0.0,3.0,0.0,9.0,143,143.0,76.0,done,587.0,,False,289.50654514090263,4.61807297265735,17.0,0.0587206067887899,0.0,0.0,0.9,1.0,0.5,15.0,0.0
44eb21a3f71a7d65cd4080f39124b3debd7b6b59,ignite,False,2014-04-04 21:05:24,ignite,,6,3,1,1,1,0.0,0.0,0.0,0.0,132,132.0,71.0,done,3105.0,,False,6954.518213784958,5.5230244567219975,129.66666666666666,0.0199894588110735,1.0,1.0,0.6842869773904257,1.6666666666666667,0.5589559386973181,29.0,0.0
d19af9857596f3b808c3d153b2b942e34a85d96c,ignite,False,2014-04-05 05:04:44,ignite,,50,15,1,1,1,0.0,6.0,2.0,37.0,93,93.0,67.0,done,2188.0,,False,1856.3802541381733,5.360259057310747,76.75,0.041298700123156,1.5,1.25,0.8555548549810844,5.5,0.2688527557713604,25.0,0.0
37b013bbdac1adbaa38cf78c83f0e67f2d2a8afa,ignite,False,2014-04-05 08:15:14,ignite,,11,2,1,1,1,0.0,0.0,0.0,0.0,97,97.0,70.0,done,222.0,,False,868.9880128266838,5.041913246122079,30.0,0.0345229158022728,4.0,0.0,0.4285714285714285,1.0,0.0769230769230769,28.0,0.0
e47f1a4d779fa2c005f56af5bbc5b845bcaac062,ignite,False,2014-04-07 22:43:07,ignite,,1,5,1,1,1,0.0,0.0,0.0,0.0,133,133.0,66.0,done,2232.0,,False,18552.850516647788,6.006104464781371,469.0,0.0252791343076449,1.0,0.0,0.9591836734693876,1.0,0.392,26.0,0.0
ffbc0ec2cc4785cd637430f2177ebbd354034c66,ignite,False,2014-04-08 03:54:59,ignite,,43,16,1,1,1,0.0,1.0,0.0,3.0,213,213.0,125.0,done,478.0,,False,799.8476417932671,4.8426653933706065,25.666666666666668,0.029955082192105,1.3333333333333333,0.0,0.3763736263736263,0.3333333333333333,0.15,24.333333333333332,0.0
c9c88fabdf7cae7e2a09f605af3bfd4bad466d7c,ignite,False,2014-04-08 17:44:57,ignite,,2,2,2,1,1,1.0,0.5,0.0,1.0,140,140.0,70.0,done,307.0,,False,4.754887502163468,3.584962500721156,1.0,0.2103099178571525,0.0,0.0,0.0,0.0,1.0,8.0,0.0
21776e4156fb3eb1d1c7ee367a1acd9a49ed32b2,ignite,False,2014-04-08 20:59:30,ignite,,104,104,53,14,1,3.850219859070549,0.0566037735849057,0.0,1.05660377358491,2,2.0,1.0,done,17201.0,,False,62.674108652059786,3.60558177426829,0.0566037735849056,1.8410882900212587e-05,0.0188679245283018,0.0,0.0,0.0188679245283018,0.0,8.018867924528301,0.0
2961eff3ad16fda2264e99e94ebe5885e47feab4,ignite,False,2014-04-08 21:30:19,ignite,,50,31,1,1,1,0.0,1.0,0.0,5.0,218,218.0,128.0,done,1244.0,,False,1091.3735658747746,5.057839434468489,27.2,0.0322917124394638,0.8,0.2,0.6933621933621934,1.4,0.3983333333333333,21.2,0.0
1f60b1181030ce4c7d194c8156dc69c61bd6d034,ignite,False,2014-04-08 22:23:27,ignite,,1,1,1,1,1,0.0,1.0,1.0,1.0,219,219.0,129.0,done,364.0,,False,404.4665352114396,5.121714706895562,1.0,0.0024723924303829,0.0,0.0,0.8333333333333334,3.0,0.25,21.0,0.0
b5ffb80059dcc460d8658f1be2eac6a9fcef87ee,ignite,False,2014-04-09 16:04:54,ignite,,39,58,21,7,1,3.90174331378976,0.0952380952380952,0.0,1.38095238095238,143,143.0,18.0,done,400.0,,False,63.54294599110409,3.947339517571277,3.75,0.0590951227807458,0.0,0.0,0.0,0.0,1.0,8.0,0.0
82467b733942fa35135daf0508f44ff93c8eac8d,ignite,False,2014-04-09 20:21:10,ignite,,14,1,4,3,1,1.9329145639794,0.5,2.25,1.75,225,225.0,131.0,done,836.0,,False,429.95663401997166,4.9316486892107125,17.333333333333332,0.0408553707444731,1.0,0.6666666666666666,0.7332010582010583,0.5,0.4501332001332001,16.333333333333332,0.0
183b6a4c44566b5e56a24406e2de027aa0d4df7a,ignite,False,2014-04-09 20:40:39,ignite,,6,1,2,2,1,0.8631205685666309,0.5,0.0,1.0,226,226.0,132.0,done,1498.0,,False,420.0828263262337,5.093263367447444,14.0,0.038091750961629,0.5,0.0,0.7857142857142857,2.0,0.5267857142857143,22.5,0.0
dc6058345ac32c886fbd9363c2c0ce60975e7b11,ignite,False,2014-04-09 20:53:01,ignite,,3,20,5,3,1,2.23533628287916,0.2,0.0,2.4,227,227.0,133.0,done,2177.0,,False,503.5059751198468,5.005990557845889,17.25,0.0343669065837695,0.875,0.5,0.7170100732600733,1.125,0.4261415667665668,19.125,0.0
0a34a12d55309c35354d7b15e76a685c58bd09d7,ignite,False,2014-04-09 23:38:02,ignite,,12,6,1,1,1,0.0,2.0,12.0,6.0,144,144.0,77.0,done,140.0,,False,192.29419688230416,4.5130842673856035,9.0,0.0468032844772146,1.0,0.0,0.0,1.0,0.8333333333333334,9.0,0.0
21d710b5da6cc58aefa10b66a9781ab09913a6e7,ignite,False,2014-04-10 14:55:14,ignite,,2,2,1,1,1,0.0,2.0,1.0,3.0,146,146.0,78.0,done,91.0,,False,66.96808839366918,4.323936634924094,5.0,0.0821899200073695,0.0,0.0,1.0,1.0,0.575,13.0,0.0
bf051d7a8640b45bfb045088383cb77dffbeaece,ignite,False,2014-04-10 18:06:11,ignite,,3,4,1,1,1,0.0,0.0,0.0,0.0,152,152.0,74.0,done,1353.0,,False,827.8567394664335,4.9285245534223785,30.0,0.0366992572611665,0.5,0.0,0.903846153846154,1.0,0.5625,23.5,0.0
51921f5fb565c072e7703976dc5921fb22333438,ignite,False,2014-04-10 20:07:34,ignite,,1,2,1,1,1,0.0,3.0,0.0,7.0,151,151.0,81.0,done,146.0,,False,185.4406125843753,4.517224650611467,9.0,0.0485330579670351,1.0,0.0,0.0,1.0,0.8333333333333334,9.0,0.0
49095bc321a8f75ecfcb467fcff9a7b6a58303e6,ignite,False,2014-04-10 20:45:53,ignite,,3,0,1,1,1,0.0,0.0,0.0,0.0,129,129.0,42.0,done,467.0,,False,68.53238859703687,4.302722752862488,4.0,0.0583665633415985,0.0,0.0,1.0,1.0,0.75,10.0,0.0
ee898c05ad340884c36cc5373e90e9460b59646a,ignite,False,2014-04-10 20:46:04,ignite,,1,1,1,1,1,0.0,1.0,33.0,1.0,130,130.0,43.0,done,581.0,,False,8656.085813730035,4.587834678879206,190.0,0.0219498748150841,1.0,0.0,0.5833333333333334,0.0,0.3333333333333333,40.0,0.0
7f0e33228ee928e0f88c5cde21a9a2b262accbce,ignite,False,2014-04-10 20:46:10,ignite,,1,1,1,1,1,0.0,2.0,0.0,2.0,131,131.0,44.0,done,581.0,,False,8656.085813730035,4.587989900399656,190.0,0.0219498748150841,1.0,0.0,0.5833333333333334,0.0,0.3333333333333333,40.0,0.0
e21e74c31e3e33aa099675186d7d5a6553f2c6fe,ignite,False,2014-04-10 21:07:17,ignite,,2,4,1,1,1,0.0,1.0,0.0,3.0,241,241.0,141.0,done,196.0,,False,982.706448854159,5.321280546556422,36.0,0.0366335237160356,2.0,0.0,0.6190476190476191,0.0,0.2222222222222222,24.0,0.0
f281308339e24c165f336097805d6b6a34217046,ignite,False,2014-04-10 22:41:29,ignite,,7,7,2,1,1,0.985228136034252,0.5,0.0,7.0,241,241.0,141.0,done,1021.0,,False,1146.4505545009338,5.377495131724257,33.0,0.029765442314637,2.0,0.0,0.6220238095238095,0.5,0.1825396825396825,29.0,0.0
4211525f54c461b0d5e2787a1468bc8640396a8c,ignite,False,2014-04-10 23:51:40,ignite,,14,5,5,1,1,2.20430007011146,0.2,0.8,0.8,158,158.0,77.0,done,8095.0,,False,190.69931684231528,4.7004525938482615,8.0,0.0668522990610574,0.0,0.0,0.7000000000000001,2.0,0.3444444444444444,21.333333333333332,0.0
e73008b8b1b2ac671a7367854110ae5f4e26833f,ignite,False,2014-04-12 00:36:28,ignite,,21,17,1,1,1,0.0,0.0,0.0,0.0,161,161.0,79.0,done,814.0,,False,634.626433374566,4.958059672430431,23.5,0.0429706367032021,0.75,0.25,0.796875,1.0,0.4937062937062937,16.5,0.0
8765a5c6a75427b4d6ff794bd2881b9a863d755b,ignite,False,2014-04-14 11:06:01,ignite,,1,1,1,1,1,0.0,3.0,18.0,15.0,105,105.0,77.0,done,786.0,,False,3723.6231423655095,5.775786060099763,129.0,0.034643677694529,2.0,2.0,0.8461538461538461,4.0,0.391304347826087,27.0,0.0
147bf3380e18983e7c88d8eb11368552ee0d35aa,ignite,False,2014-04-14 12:44:26,ignite,,1,1,1,1,1,0.0,4.0,0.0,16.0,106,106.0,78.0,done,786.0,,False,3744.278250365938,5.78309957356716,129.0,0.034452567724472,2.0,2.0,0.8461538461538461,4.0,0.391304347826087,27.0,0.0
f1cd08635d2df20fde2935330198a6b0147f13ef,ignite,False,2014-04-14 17:43:01,ignite,,3,3,1,1,1,0.0,6.0,0.0,39.0,249,249.0,145.0,done,2263.0,,False,136.19146247091098,4.452595683954488,8.0,0.0548721891190377,0.0,0.0,1.0,1.0,0.3333333333333333,10.0,0.0
909b657864d56ed5a0c75e41dfa595e8e4d64f5a,ignite,False,2014-04-14 17:46:03,ignite,,5,0,1,1,1,0.0,6.0,0.0,40.0,250,250.0,146.0,done,2263.0,,False,171.01809557275126,4.4066598540363575,10.0,0.0546623330419252,0.0,0.0,1.0,1.0,0.3214285714285714,10.0,0.0
fd11e09a4d52fb1eec952ea2798b5e1c486015f1,ignite,False,2014-04-14 17:47:16,ignite,,2,2,1,1,1,0.0,4.0,19.0,11.0,164,164.0,82.0,done,2453.0,,False,15.509775004326936,3.75,1.0,0.0644754678724236,0.0,0.0,1.0,0.0,1.0,8.0,0.0
0efed817908fcff4c651cfb5c9ffcfec159234a5,ignite,False,2014-04-14 18:12:08,ignite,,163,24,1,1,1,0.0,6.0,0.0,41.0,251,251.0,147.0,done,2268.0,,False,441.0810666548962,4.620668183828294,14.0,0.0355264220994281,1.0,0.0,1.0,1.0,0.4833333333333333,11.5,0.0
1dbd268e108ebd5dfd625efc9d45aa05089ac41a,ignite,False,2014-04-14 18:24:38,ignite,,2,2,1,1,1,0.0,7.0,0.0,28.0,252,252.0,148.0,done,1817.0,,False,6726.91693501952,5.797458556273464,195.0,0.0289880196059584,3.0,10.0,0.7058823529411765,0.0,0.2884615384615384,26.0,0.0
4d03b20b3d71148aa15288828321faee095946fa,ignite,False,2014-04-14 20:32:45,ignite,,29,20,3,3,1,1.20438910256757,2.3333333333333304,5.66666666666667,24.0,252,252.0,148.0,done,4224.0,,False,2399.42564336311,4.776028797875155,72.75,0.034490402303275,1.375,1.25,0.9583762223365928,0.875,0.4553758741258741,15.25,0.0
94e3bc603e007f616c1799e3871589fa5c80c659,ignite,False,2014-04-14 22:12:18,ignite,,2,0,1,1,1,0.0,6.0,0.0,43.0,259,259.0,152.0,done,2407.0,,False,296.1277022428888,4.640014967907533,10.0,0.0337692148497401,1.0,0.0,1.0,1.0,0.5,12.0,0.0
31b37b9f4c018045ec847a9c2294b8a3194c5b13,ignite,False,2014-04-14 23:46:48,ignite,,2,2,1,1,1,0.0,0.0,0.0,0.0,262,262.0,154.0,done,2453.0,,False,15.509775004326936,3.75,1.0,0.0644754678724236,0.0,0.0,1.0,0.0,1.0,8.0,0.0
2634bff3185e4b7035eabf87db33c124abd69aba,ignite,False,2014-04-15 04:14:23,ignite,,149,141,4,2,1,0.960057541437117,0.25,4.5,1.5,267,267.0,157.0,done,1921.0,,False,2771.463508991058,5.021103487979447,83.8,0.0322058101864318,1.6,0.0,0.9549019607843136,1.0,0.6032920514532649,18.0,0.0
85cfffbb047fdaf02df24cb17ccf58bc72b389c1,ignite,False,2014-04-15 07:49:48,ignite,,8,10,3,2,1,1.22439444540599,0.666666666666667,1.0,6.33333333333333,110,110.0,79.0,done,325.0,,False,227.2146084075075,4.42448746501577,7.75,0.0264759236070254,0.25,0.0,0.5660714285714286,1.0,0.2,20.75,0.0
7ccb1c594cad2680e169d32e31b22f95108e6f0b,ignite,False,2014-04-15 09:44:59,ignite,,21,19,4,2,1,1.61924070463685,0.5,0.0,7.75,116,116.0,83.0,done,487.0,,False,239.30247970559887,4.347861966957125,8.857142857142858,0.0649644999699006,0.4285714285714285,0.0,0.4273654916512059,1.1428571428571428,0.2755102040816326,15.428571428571429,0.0
8c77e11974a852b39ec840f0d315fa5e10de6c41,ignite,False,2014-04-15 11:13:12,ignite,,1,1,1,1,1,0.0,0.0,0.0,0.0,119,119.0,85.0,done,1454.0,,False,702.0962752639431,5.281675350421539,20.0,0.0284861217822032,1.0,0.0,0.7692307692307693,2.0,0.4545454545454545,24.0,0.0
11a75cae7fbc0aac52f979457c1854f6f6c6a93c,ignite,False,2014-04-15 13:47:25,ignite,,2,2,1,1,1,0.0,1.0,0.0,1.0,131,131.0,64.0,done,1454.0,,False,702.0962752639431,5.281675350421537,20.0,0.0284861217822032,1.0,0.0,0.7692307692307693,2.0,0.4545454545454545,24.0,0.0
59bed7c0be3155b7fcb80b58a492680556259ce9,ignite,False,2014-04-15 22:42:57,ignite,,1,1,1,1,1,0.0,4.0,0.0,18.0,173,173.0,91.0,done,2208.0,,False,2590.044266790448,5.443237923914973,72.0,0.0277987526789345,2.0,0.0,0.875,1.0,0.3461538461538461,35.0,0.0
2b570a83ef13933321de678827d4cb10e521276d,ignite,False,2014-04-15 22:45:25,ignite,,2,2,2,2,1,1.0,0.5,0.0,3.0,174,174.0,92.0,done,2335.0,,False,1656.8154415169583,5.2418636556488,48.5,0.0311744332841275,1.5,0.0,0.8958333333333333,2.0,0.4003496503496503,31.5,0.0
7cdb55ab530505dc4ead90f2e7e74232167b95cc,ignite,False,2014-04-15 23:33:36,ignite,,5,6,2,2,1,0.4394969869215129,2.0,0.0,10.5,177,177.0,95.0,done,187.0,,False,687.8883839482994,5.040280300039885,24.0,0.0348893811264064,1.0,0.0,0.9090909090909092,3.0,0.4545454545454545,28.0,0.0
cd1c6285f5bb14849709951ab8bfa82391edec9b,ignite,False,2014-04-16 00:32:36,ignite,,1,3,1,1,1,0.0,3.0,0.0,10.0,181,181.0,98.0,done,187.0,,False,668.6473604245663,4.9873388969220604,23.0,0.03439780273027,1.0,0.0,0.9090909090909092,3.0,0.5,28.0,0.0
33ef8eafc38a19be7d43052704e4603e8ac2043b,ignite,False,2014-04-16 03:41:23,ignite,,2,1,2,1,1,0.91829583405449,1.0,0.0,8.5,122,122.0,88.0,done,258.0,,False,40.61948787921779,3.631684966507746,2.0,0.0550586412770976,0.0,0.0,1.0,0.5,0.5,7.5,0.0
b01547ef1128ef7dc14d123dc044bb14c78783d3,ignite,False,2014-04-16 04:22:50,ignite,,20,53,8,4,1,2.66589311899884,0.25,0.25,3.0,271,271.0,159.0,done,9266.0,,False,2284.2076354256515,5.123636036915347,62.76923076923077,0.0294715346677523,1.2307692307692308,1.6923076923076923,0.5756724747598295,3.5384615384615383,0.3479625928836061,22.76923076923077,0.0
9498843867677d6d2de938fc140247ea6bce7b43,ignite,False,2014-04-16 05:56:45,ignite,,21,17,1,1,1,0.0,2.0,0.0,9.0,169,169.0,86.0,done,814.0,,False,634.626433374566,4.958059672430431,23.5,0.0429706367032021,0.75,0.25,0.796875,1.0,0.4937062937062937,16.5,0.0
7bd04183015632e42671c3a0b7361b32328ea6e8,ignite,False,2014-04-16 14:45:51,ignite,,4,5,3,1,1,1.53049305675748,1.0,0.0,5.0,273,273.0,160.0,done,7060.0,,False,1905.1362467409608,4.929289384773184,56.333333333333336,0.0274297461701832,0.6666666666666666,1.6666666666666667,0.4170370370370371,4.666666666666667,0.6206349206349207,25.666666666666668,0.0
da6fe5c8d5ca7c64b79a7f0d78046bae93eea20c,ignite,False,2014-04-16 18:34:30,ignite,,16,9,5,3,1,1.37131468864972,0.4,1.6,3.4,276,276.0,162.0,done,3446.0,,False,1529.275834983967,5.491913069986433,44.0,0.0266360821466509,2.0,0.5,0.5860805860805861,5.0,0.2333333333333333,26.5,0.0
e27c9b281bfdd595b5b40965d58cecd90dd6f7c7,ignite,True,2014-04-16 20:01:41,ignite,372.0,2,2,1,1,1,0.0,1.0,0.0,2.0,281,281.0,164.0,done,789.0,2015-04-24 07:52:25,False,3744.278250365938,5.78309957356716,129.0,0.034452567724472,2.0,2.0,0.8461538461538461,4.0,0.391304347826087,27.0,0.0
b5ed8778b97788eb1c666b117d68c02cb0540841,ignite,False,2014-04-16 20:48:01,ignite,,6,3,2,2,1,0.7642045065086199,1.0,0.0,1.5,135,135.0,46.0,done,3361.0,,False,652.3571473124468,5.237207834039253,35.666666666666664,0.0523013316353904,0.3333333333333333,0.0,0.794973544973545,3.6666666666666665,0.4393939393939394,21.0,0.0
04485e65676dddde83e233f2851b89f01fa52f46,ignite,False,2014-04-17 00:37:10,ignite,,18,17,1,1,1,0.0,2.0,0.0,4.0,137,137.0,48.0,done,1543.0,,False,1709.6294035305316,5.481194086029316,91.0,0.0532279099856829,1.0,0.0,0.9,3.0,0.3666666666666666,35.0,0.0
37170d7ae2ca08e58279bac63e7cc32c9ded1b98,ignite,False,2014-04-17 11:19:26,ignite,,8,4,1,1,1,0.0,2.0,0.0,17.0,128,128.0,92.0,done,378.0,,False,24.0,3.8365916681089782,2.0,0.0833333333333333,0.0,0.0,1.0,1.0,0.5,9.0,0.0
7174d6be9619fc518e88d88cae8885d596f22609,ignite,False,2014-04-17 14:56:47,ignite,,10,10,1,1,1,0.0,2.0,0.0,5.0,138,138.0,49.0,done,1544.0,,False,1919.9807053946613,5.487934726763314,103.0,0.0536463724404083,1.0,0.0,0.9,3.0,0.34375,35.0,0.0
46b7ce5d1aa7509658b4fd9138c767b57b389922,ignite,False,2014-04-17 15:25:51,ignite,,29,1,3,3,1,1.09115647605449,1.0,0.0,3.6666666666666696,139,139.0,50.0,done,3377.0,,False,1288.3667427562875,5.294527212226626,46.0,0.0373962733939074,0.3333333333333333,0.6666666666666666,0.8055555555555555,2.3333333333333335,0.4542483660130719,27.666666666666668,0.0
9e107dcbf7efe2312d082e9d60e61ec0a646099b,ignite,False,2014-04-17 17:17:10,ignite,,15,2,1,1,1,0.0,0.0,0.0,0.0,59,59.0,31.0,done,463.0,,False,943.9985252206736,5.333461725214109,31.0,0.032839034354162,2.0,0.0,0.75,0.0,0.5,27.0,0.0
1ef078d055ab0c6dbfe45deaa969ae60f4c83190,ignite,False,2014-04-17 21:25:42,ignite,,0,7,2,2,1,0.985228136034252,1.5,0.0,6.5,173,173.0,88.0,done,2890.0,,False,671.1257654884749,5.285722694047649,24.0,0.0307416299031189,0.5,0.5,0.79004329004329,1.5,0.2857142857142857,21.0,0.0
17dcca7f51b243f400bfcfe2180f5dbfdad821de,ignite,False,2014-04-17 21:28:09,ignite,,0,4,1,1,1,0.0,4.0,0.0,6.0,175,175.0,89.0,done,1434.0,,False,363.1963765938086,5.141421441137447,17.0,0.0468066343597156,1.0,2.0,1.0,3.0,0.1666666666666666,23.0,0.0
19a2d2dc5d850da8b1f3f634b2a9e2c9ae46dd81,ignite,False,2014-04-17 21:34:19,ignite,,1,1,1,1,1,0.0,4.0,0.0,7.0,289,289.0,167.0,done,1430.0,,False,703.2762043599083,5.233818636898522,2.0,0.002843832888986,0.0,0.0,0.3333333333333333,1.0,0.0,25.0,0.0
69cab1afce87183db9ba97d0ee893e65d30376d9,ignite,False,2014-04-18 00:06:50,ignite,,0,7,2,1,1,0.985228136034252,1.5,0.0,4.5,188,188.0,102.0,done,3119.0,,False,4422.444569311967,5.389226469681041,136.0,0.0307522226380688,1.0,0.0,0.828125,2.0,0.7073170731707317,30.0,0.0
15f0050d4db1899aeab01e19eacbd7eb111600a7,ignite,False,2014-04-18 11:37:50,ignite,,17,15,2,1,1,0.997180398894264,0.5,0.0,0.5,60,60.0,32.0,done,923.0,,False,682.8555381808897,5.29030281580454,27.0,0.0390589139831108,1.0,1.0,0.7285714285714285,0.5,0.525,23.5,0.0
199a4edaef9d894330d764009a3b2366009c6772,ignite,False,2014-04-18 16:20:34,ignite,,5,1,1,1,1,0.0,3.0,0.0,10.0,141,141.0,52.0,done,1585.0,,False,1720.9321442523492,5.447022570824243,90.0,0.0522972392029437,1.0,0.0,0.9047619047619048,3.0,0.4444444444444444,26.0,0.0
5ebffcde90b8553ea438960ffcd4cb13fc283402,ignite,False,2014-04-18 18:53:27,ignite,,0,4,1,1,1,0.0,1.0,2.0,2.0,291,291.0,169.0,done,2062.0,,False,2053.2958666879217,5.462992425575383,32.0,0.0155846999544287,0.0,0.0,0.7096774193548387,0.0,0.2307692307692307,30.0,0.0
a0d3ca1e6ca24ecd0dd3c818eb70a7ad9726e076,ignite,False,2014-04-18 20:49:26,ignite,,12,13,2,1,1,0.634309554640566,1.0,0.0,1.5,185,185.0,93.0,done,887.0,,False,1657.6692111022724,4.620541205358366,39.5,0.02979912638286,1.0,0.5,0.7642140468227425,0.5,0.4732142857142857,21.5,0.0
beb87ebed25aac695150399b239ea4c1398cd97b,ignite,False,2014-04-18 23:44:50,ignite,,5,10,1,1,1,0.0,2.0,7.0,3.0,191,191.0,103.0,done,180.0,,False,151.6206750336681,4.513598452745273,9.0,0.0593586593517111,1.0,0.0,0.0,1.0,0.8333333333333334,9.0,0.0
3fa4f502c2551dc066d5cc1b0c7cfb42b4cb26d7,ignite,False,2014-04-21 15:18:24,ignite,,21,17,1,1,1,0.0,1.0,0.0,1.0,152,152.0,63.0,done,87.0,,False,317.7592993879305,4.668884742314233,19.666666666666668,0.0626877870123048,0.3333333333333333,0.0,0.6388888888888888,1.3333333333333333,0.3444444444444444,19.333333333333332,0.0
46a7ce490b88ba8c3fa40789f8562eaf82e80124,ignite,False,2014-04-21 15:41:10,ignite,,4,6,2,2,1,1.0,0.5,0.0,2.0,64,64.0,34.0,done,881.0,,False,897.834587018156,5.305266009225423,30.5,0.0343375991433109,1.5,0.0,0.7171052631578947,0.5,0.5643939393939394,27.0,0.0
05a5c21e1a95aea86607194b6701dde77821863b,ignite,False,2014-04-21 16:26:36,ignite,,1,5,1,1,1,0.0,1.0,0.0,3.0,301,301.0,174.0,done,775.0,,False,327.842542340636,4.622708177861286,7.5,0.0227859842658542,0.5,0.0,0.3727272727272727,0.0,0.4166666666666666,26.5,0.0
10594aeff5dd2fba689dbf78213d745fcfb61220,ignite,False,2014-04-21 17:23:30,ignite,,2,2,1,1,1,0.0,1.0,0.0,2.0,66,66.0,35.0,done,399.0,,False,656.0938714542881,5.162667807452567,24.0,0.0365801313565114,1.0,0.0,0.6842105263157895,1.0,0.5833333333333334,27.0,0.0
7376da38672962b7083932c7bc418742a4335628,ignite,False,2014-04-21 18:21:38,ignite,,19,1,2,1,1,1.0,0.0,0.0,0.0,303,303.0,176.0,done,317.0,,False,937.9725262145396,5.215159743674082,24.0,0.0273195377553584,1.0,0.0,0.6040372670807453,1.0,0.2658730158730158,22.0,0.0
44346431519d3229f6aab6d350e87cc44e255eff,ignite,False,2014-04-21 20:04:55,ignite,,0,1,1,1,1,0.0,2.0,3.0,3.0,194,194.0,104.0,done,55.0,,False,158.12342722003538,4.348325598980249,10.0,0.0632417357491536,0.0,0.0,0.8571428571428571,1.0,0.6,12.0,0.0
061e8717fdd629261d1df3864be0fda7f154870d,ignite,False,2014-04-21 20:14:47,ignite,,2,4,2,2,1,0.91829583405449,2.0,3.0,4.0,188,188.0,95.0,done,2637.0,,False,138.24238017775622,4.540677064198125,8.0,0.0578693739916323,1.0,0.0,0.0,1.0,0.8333333333333334,9.0,0.0
abf9ca94cc2687efdd8d58cb659b5c985f5aa7f6,ignite,False,2014-04-21 21:35:41,ignite,,8,4,2,2,1,1.0,1.0,20.5,3.5,196,196.0,106.0,done,2084.0,,False,345.83798120680405,4.883743498826427,19.75,0.0673737566766878,0.25,0.5,0.9642857142857144,1.0,0.5989583333333333,14.75,0.0
c2d3d09557c5384e2b720d098ab1a00806380a26,ignite,False,2014-04-22 12:39:58,ignite,,22,13,2,2,1,0.9517626756348307,0.5,0.0,3.5,67,67.0,36.0,done,879.0,,False,862.070293959317,5.2316825382237155,30.0,0.035199401336025,1.5,0.0,0.7612781954887218,0.5,0.5643939393939394,27.0,0.0
5f3c1a4e8cfcae8817b90a52ca080f48f9b4d96f,ignite,False,2014-04-22 14:08:01,ignite,,4,6,1,1,1,0.0,1.0,0.0,5.0,69,69.0,37.0,done,486.0,,False,1043.3767683311332,5.396911285766001,35.0,0.0335449293700319,2.0,0.0,0.7692307692307693,0.0,0.5454545454545454,27.0,0.0
9fb573a5e782b8de9ca3b72b15314d3d36d294e6,ignite,False,2014-04-22 14:38:04,ignite,,4,2,1,1,1,0.0,1.0,5.0,5.0,309,309.0,179.0,done,248.0,,False,71.69925001442311,3.796739233965583,2.0,0.0278942945651129,0.0,0.0,0.0,0.0,1.0,10.0,0.0
0ccde8f0b436e0c6c531fbf501007504bbd819e5,ignite,False,2014-04-23 14:40:45,ignite,,0,2,1,1,1,0.0,1.0,5.0,4.0,317,317.0,184.0,done,975.0,,False,30.0,3.573660689688185,0.0,0.0,0.0,0.0,0.0,0.0,0.0,7.0,0.0
87cd68cb025941475cc502f6ae889b19c5dce343,ignite,False,2014-04-23 14:42:35,ignite,,2,4,1,1,1,0.0,1.0,1.0,6.0,319,319.0,185.0,done,250.0,,False,118.41407098051496,3.739049429249623,4.0,0.0337797693034149,0.0,0.0,0.0,0.0,1.0,10.0,0.0
d1041c29855eb25d33b5cac02b5ea2dea8c59d37,ignite,False,2014-04-23 23:03:03,ignite,,136,55,10,7,3,2.22050136281465,0.3,0.0,7.0,163,163.0,0.458333803947604,done,308.0,,False,250.76823424783512,4.5626974057386445,11.0,0.0438652049889567,0.0,0.0,1.0,5.0,0.125,18.0,0.0
beb631fa899a7a0cb624bbe7bdb1e91d9071d569,ignite,False,2014-04-24 11:28:06,ignite,,19,6,3,3,1,0.794309554640566,1.0,0.0,9.66666666666667,144,144.0,104.0,done,1063.0,,False,488.04192996548034,5.071142130084344,18.75,0.0315807335507863,0.75,0.0,0.801994301994302,1.25,0.1451086956521739,24.25,0.0
6a9da119a9747d1a6f704df0a779127d1135be7a,ignite,False,2014-04-24 14:28:29,ignite,,1,1,1,1,1,0.0,3.0,4.0,3.0,2,2.0,2.0,done,544.0,,False,373.28516483252554,4.616072180083542,14.0,0.0375048389782141,0.0,0.0,0.6153846153846154,0.0,0.5714285714285714,21.0,0.0
5ce05b6187669bf242298924155a73be251e3d8d,ignite,False,2014-04-24 18:30:47,ignite,,2,6,1,1,1,0.0,1.0,7.0,4.0,0,0.0,0.0,done,224.0,,False,15.509775004326936,3.625,1.0,0.0644754678724236,0.0,0.0,1.0,0.0,1.0,8.0,0.0
dcbf996f92bd53fe8666d9ce85433d7947a11843,ignite,False,2014-04-24 22:09:34,ignite,,1,0,1,1,1,0.0,1.0,6.0,1.0,82,82.0,40.0,done,320.0,,False,4482.681516363309,4.874985200020785,152.0,0.0339082755366733,1.0,0.0,0.968,3.0,0.4761904761904761,21.0,0.0
b952849c4ad17213d62e29d3cf82bd7f3ee723a5,ignite,False,2014-04-24 23:17:07,ignite,,8,6,1,1,1,0.0,3.0,0.0,6.0,83,83.0,41.0,done,8271.0,,False,499.9129966509874,5.079814201664263,5.0,0.0100017403698162,0.0,1.0,0.8333333333333334,2.0,0.0,18.0,0.0
b3b76456c2bfebf95943a523f766787ed6cb173d,ignite,False,2014-04-25 00:22:10,ignite,,3,2,2,2,1,0.970950594454669,1.5,24.0,2.0,212,212.0,111.0,done,61.0,,False,532.8633194123173,3.7399096732989694,28.0,0.0525463078053121,0.0,0.0,1.0,0.0,0.0,9.0,0.0
4c010e3e06b4ed985d3a70ce68ad14429a071b25,ignite,False,2014-04-25 04:15:51,ignite,,27,0,2,2,1,0.825626526157895,0.5,0.0,3.0,145,145.0,105.0,done,347.0,,False,463.09128387926546,4.943255795650611,20.5,0.0467428243392515,0.5,0.0,0.818922305764411,2.5,0.2797619047619047,20.5,0.0
a1773ee939ec4ca2cf026b2276fa80fa88103233,ignite,False,2014-04-25 04:46:31,ignite,,4,0,2,2,1,1.0,1.5,0.0,18.0,147,147.0,106.0,done,826.0,,False,361.7172302352519,4.817272250831664,14.0,0.037873726011393,0.0,0.0,0.641025641025641,0.5,0.35,21.0,0.0
7ee1739a26fe63b397660b4f95ed51c9af67ce9b,ignite,False,2014-04-25 07:25:44,ignite,,38,25,4,3,1,1.60209722811811,0.5,0.0,3.25,63,63.0,47.0,done,913.0,,False,188.52966069780376,4.399273591190036,10.428571428571429,0.0668767663240397,0.4285714285714285,0.0,0.588095238095238,1.7142857142857142,0.288095238095238,15.285714285714286,0.0
2f70a609c19f38f8a15e3d9f9e1643096878c44d,ignite,False,2014-04-25 09:31:55,ignite,,2,1,2,2,1,0.91829583405449,1.0,0.0,11.5,153,153.0,111.0,done,363.0,,False,842.7964692134883,5.425696782815545,9.0,0.0106787348176706,1.0,0.0,0.6875,2.0,0.3333333333333333,23.0,0.0
bb9fd70a3bcebb33ee1758ad159b56ab1401d7ba,ignite,False,2014-04-25 18:35:47,ignite,,2,2,2,2,2,1.0,1.0,8.0,1.5,203,203.0,0.877227347967014,done,1992.0,,False,2763.1028993678256,5.450623041595318,56.5,0.0135154624455106,0.5,0.5,0.8191964285714286,2.5,0.2096774193548387,26.0,0.0
ca72dd3f96c4651702084dae6451814bd21a7740,ignite,False,2014-04-25 19:20:32,ignite,,2,1,2,2,1,0.91829583405449,0.5,6.0,2.0,328,328.0,190.0,done,118.0,,False,66.60791492653966,4.253055907333275,4.0,0.060052923206071,0.0,0.0,1.0,1.0,0.0,12.0,0.0
0be81ff96b03b72c74a453cbb5de6b04ec92af1d,ignite,False,2014-04-25 20:28:36,ignite,,13,4,1,1,1,0.0,2.0,0.0,5.0,13,13.0,6.0,done,1088.0,,False,3353.657890966411,5.4319196646172285,125.0,0.0372727344481697,2.0,14.0,0.7916666666666666,1.0,0.3333333333333333,27.0,0.0
64e234e8ae5866da986b423a82b5642bda48a3e8,ignite,False,2014-04-25 21:56:41,ignite,,7,4,3,2,1,1.4353713907745302,0.333333333333333,16.3333333333333,0.333333333333333,208,208.0,105.0,done,553.0,,False,258.78620222525217,4.923222414123199,6.5,0.0250378148955783,0.0,0.0,0.3333333333333333,1.0,0.3875,29.5,0.0
6073b3c6b7b86dbb2653db4b732436c8e7f39155,ignite,False,2014-04-25 22:11:08,ignite,,1,0,1,1,1,0.0,1.0,49.0,1.0,210,210.0,107.0,done,70.0,,False,1015.6102436293094,3.8259687287935105,44.0,0.0433237063883531,0.0,0.0,1.0,0.0,0.9285714285714286,14.0,0.0
35dbebbc9e34249d4f282206bbb1471ec5d3ac6b,ignite,False,2014-04-26 00:11:05,ignite,,3,3,1,1,1,0.0,2.0,2.0,2.0,176,176.0,94.0,done,827.0,,False,323.1448300675329,5.037145029281973,6.0,0.0185675258946463,0.0,0.0,0.5454545454545454,0.0,0.25,22.0,0.0
a77357d571d540f089a6c2d837d9a59448623391,ignite,False,2014-04-26 00:16:00,ignite,,3,3,1,1,1,0.0,3.0,0.0,3.0,217,217.0,115.0,done,827.0,,False,323.1448300675329,5.037145029281973,6.0,0.0185675258946463,0.0,0.0,0.5454545454545454,0.0,0.25,22.0,0.0
b2ccbc8a5df307ff2360544c5e19c987a8a33966,ignite,False,2014-04-26 00:23:47,ignite,,7,2,2,1,1,0.7642045065086199,1.0,35.5,1.5,218,218.0,116.0,done,550.0,,False,487.5845095857766,4.971299456916627,16.0,0.0328088734952813,1.0,0.5,0.7797202797202798,0.5,0.487012987012987,15.0,0.0
b9dd966835979289abd67c1032d57ca48da498c3,ignite,False,2014-04-26 00:47:34,ignite,,1,1,1,1,1,0.0,3.0,0.0,4.0,213,213.0,109.0,done,827.0,,False,323.1448300675329,5.090836304449758,6.0,0.0185675258946463,0.0,0.0,0.5454545454545454,0.0,0.25,22.0,0.0
a164626dedb6c295e48a046d964d1c49e4a98f6f,ignite,False,2014-04-26 00:50:13,ignite,,1,1,1,1,1,0.0,4.0,0.0,5.0,215,215.0,110.0,done,827.0,,False,323.1448300675329,5.037145029281973,6.0,0.0185675258946463,0.0,0.0,0.5454545454545454,0.0,0.25,22.0,0.0
fa5014aa6097277e8956b804dcec8eb034b3816a,ignite,False,2014-04-26 01:14:43,ignite,,2,1,1,1,1,0.0,1.0,0.0,2.0,219,219.0,113.0,done,39.0,,False,265.0,4.883886302715472,2.0,0.0075471698113207,0.0,0.0,0.2857142857142857,2.0,0.25,24.0,0.0
6d0d100a2a572327e27921e0af3c67427813b6d7,ignite,False,2014-04-26 01:20:16,ignite,,13,6,2,2,1,0.742487569542124,1.0,0.0,3.5,221,221.0,115.0,done,528.0,,False,221.707449981288,4.8827884082088895,5.5,0.024052571762748,0.5,0.0,0.625,1.5,0.2083333333333333,21.5,0.0
987ffc2ba3d05edb49dac4662207d458102d4e39,ignite,False,2014-04-26 02:48:39,ignite,,1,0,1,1,1,0.0,1.0,49.0,1.0,210,210.0,107.0,done,70.0,,False,1015.6102436293094,3.8259687287935105,44.0,0.0433237063883531,0.0,0.0,1.0,0.0,0.9285714285714286,14.0,0.0
c67094ffdf34ee0e90eee0630c0c3040a461ed0e,ignite,False,2014-04-26 02:48:39,ignite,,13,6,2,2,1,0.742487569542124,1.0,0.0,3.5,221,221.0,115.0,done,528.0,,False,221.707449981288,4.8827884082088895,5.5,0.024052571762748,0.5,0.0,0.625,1.5,0.2083333333333333,21.5,0.0
877fe914624ccb0ff82a9a1922365d7a19f00d44,ignite,False,2014-04-26 02:48:39,ignite,,7,4,3,2,1,1.4353713907745302,0.333333333333333,16.3333333333333,0.333333333333333,208,208.0,105.0,done,553.0,,False,258.78620222525217,4.923222414123199,6.5,0.0250378148955783,0.0,0.0,0.3333333333333333,1.0,0.3875,29.5,0.0
33ba136c5f6806ab80d12b229f4d51d2bba6a78c,ignite,False,2014-04-26 02:48:39,ignite,,2,1,1,1,1,0.0,1.0,0.0,2.0,219,219.0,113.0,done,39.0,,False,265.0,4.883886302715472,2.0,0.0075471698113207,0.0,0.0,0.2857142857142857,2.0,0.25,24.0,0.0
6c6fc27af869767c10a1c5d6305737423bbb8152,ignite,False,2014-04-29 00:17:17,ignite,,2,8,1,1,1,0.0,1.0,0.0,2.0,11,11.0,9.0,done,141.0,,False,22.458839376460833,4.023136955868885,1.0,0.0445258983885027,0.0,0.0,0.5,0.0,1.0,11.0,0.0
bc34197500d9f391754c5bc46cd59aa0a521ba4b,ignite,False,2014-04-29 01:22:12,ignite,,11,5,3,3,1,1.5612781244591298,1.6666666666666698,0.0,4.0,234,234.0,121.0,done,590.0,,False,1756.530649540308,5.568325930580702,48.0,0.0272889729345979,0.0,0.0,0.8984848484848484,2.0,0.5441176470588236,17.5,0.0
de60da8f11b96458513234b4750f508a901bf5f4,ignite,False,2014-04-29 08:37:53,ignite,,1,2,1,1,1,0.0,2.0,13.0,3.0,160,160.0,117.0,done,1697.0,,False,482.9375631684867,5.199398194610592,9.0,0.018635949419532,0.0,0.0,0.9166666666666666,1.0,0.375,23.0,0.0
31733a644aa8dc36658565537d061aeca8f4b540,ignite,False,2014-04-29 17:56:10,ignite,,24,24,2,1,1,0.413816850303634,0.5,0.0,1.5,12,12.0,10.0,done,310.0,,False,791.3026336257001,5.11147664345471,26.0,0.0312397063904764,0.0,0.0,0.642292490118577,0.0,0.4246031746031746,22.0,0.0
473982b59f0231332fd4b6151e010f2edbf52ab9,ignite,False,2014-04-30 12:48:15,ignite,,4,3,2,2,2,0.8631205685666309,4.0,4.5,8.0,137,137.0,0.959846524675673,done,5114.0,,False,6660.186619113123,5.270748363058892,179.0,0.0268761237840263,0.0,0.0,0.6739130434782609,1.0,0.4285714285714285,23.0,0.0
3b923108bf6131e9b3e28f659a3354a303bf2e90,ignite,False,2014-04-30 14:41:47,ignite,,23,13,1,1,1,0.0,2.0,8.0,3.0,333,333.0,193.0,done,823.0,,False,634.8729763001454,4.789897125657706,24.0,0.0378028375689653,1.0,1.0,0.6470588235294118,0.0,0.4545454545454545,26.0,0.0
2ce02965cff68ec16cc9a95e8bfdba7185a9563e,ignite,False,2014-04-30 16:34:42,ignite,,23,25,18,1,1,3.87837610570254,0.0,0.0,0.0,163,163.0,69.0,done,1153.0,,False,2745.7527919783897,5.173252443532217,96.5,0.036275438930476,0.5,0.5,0.8708333333333333,0.0,0.2508361204013378,29.0,0.0
8e7bcf5fa085603164f2068feb072bf2b5118020,ignite,False,2014-04-30 17:02:21,ignite,,1,1,1,1,1,0.0,3.0,4.0,4.0,171,171.0,77.0,done,2228.0,,False,18531.74771127436,6.002842419321168,468.0,0.0252539591673416,1.0,0.0,0.9591836734693876,1.0,0.3870967741935484,26.0,0.0
502660356e768c09435b244a04394ad06846dc21,ignite,False,2014-04-30 17:11:47,ignite,,15,17,2,1,1,0.8960382325345569,0.0,0.0,0.0,175,175.0,81.0,done,2046.0,,False,504.5332230866601,4.754034054880842,25.75,0.0531707408252188,0.0,0.0,0.7622549019607843,2.5,0.5220588235294117,18.0,0.0
9ac42cc1c42b9a49ce5ffc5516282771db1debb6,ignite,False,2014-04-30 17:14:49,ignite,,18,2,2,1,1,0.811278124459133,0.5,0.0,0.5,177,177.0,83.0,done,546.0,,False,1792.9278665618854,5.678231411458087,68.0,0.0379267907360917,1.0,4.0,0.9375,4.0,0.1818181818181818,17.0,0.0
148c8843e6668a8f85b507b0d1c6a814e6660026,ignite,False,2014-04-30 17:19:33,ignite,,1,3,2,2,1,1.0,0.5,0.0,1.0,179,179.0,85.0,done,547.0,,False,415.2084415539646,5.364359682714044,17.0,0.0409432908839126,1.0,1.0,0.5,3.0,0.4166666666666667,18.0,0.0
0098365dff2d757573fa11e0f9e6f88d5620fca6,ignite,False,2014-04-30 21:32:14,ignite,,16,4,4,4,1,1.59546184423832,1.75,4.25,5.25,241,241.0,124.0,done,13387.0,,False,1164.5366094369715,5.093377949079894,37.5,0.0539527537300816,1.5,1.0,0.9230769230769232,1.0,0.3666666666666666,18.5,0.0
255daeb4eb4da60b7141499d797aa2dbcf19eac5,ignite,False,2014-04-30 21:40:52,ignite,,5,5,3,1,1,1.52192809488736,1.33333333333333,0.0,3.0,187,187.0,91.0,done,577.0,,False,54.76071017654237,4.431396634863511,2.0,0.0481932040743569,0.0,0.0,0.7,1.0,0.4166666666666666,19.5,0.0
261cc9c42a3c8278ca989541c61e7134841ac6fd,ignite,False,2014-04-30 22:38:03,ignite,,2,1,1,1,1,0.0,1.0,0.0,1.0,189,189.0,93.0,done,188.0,,False,185.75424759098897,4.87995001443372,14.0,0.0753683976628438,0.0,0.0,1.0,3.0,0.5,22.0,0.0
cf7024f36d57dd65cbdc199248ffcbb670074d85,ignite,False,2014-05-05 17:49:27,ignite,,3,1,1,1,1,0.0,5.0,0.0,13.0,228,228.0,121.0,done,8273.0,,False,160.47368752524045,4.894776544287524,8.0,0.0498524095966929,0.0,0.0,1.0,2.0,0.3333333333333333,14.0,0.0
283c07f26745a90f546faf88dcaa0b229d85e251,ignite,False,2014-05-06 01:54:26,ignite,,8,5,5,3,2,2.2954656791802903,1.2,8.8,7.0,251,251.0,0.587298315640356,done,8325.0,,False,471.894037558937,4.564557601812188,20.0,0.0423823960638665,0.0,0.0,0.875,2.0,0.4285714285714285,14.0,0.0
c0f80f0a24400cacfb5d30b053cf08c67ecbfa5d,ignite,False,2014-05-06 16:18:50,ignite,,7,8,3,2,1,0.90558726169826,0.666666666666667,3.3333333333333304,2.6666666666666696,253,253.0,130.0,done,532.0,,False,50.17574767582121,3.9895710180792103,2.0,0.0948216893345773,0.0,0.0,0.2,1.0,0.1666666666666666,15.0,0.0
2de6bba345b895b68dfe4c27fd1fa98d137223e7,ignite,False,2014-05-06 19:55:33,ignite,,36,40,8,3,1,1.5377329839191598,0.125,0.5,0.75,29,29.0,20.0,done,1037.0,,False,347.51019891617955,4.679493699285637,13.11111111111111,0.0456574535890221,0.4444444444444444,0.0,0.8786275452942119,1.2222222222222223,0.2550575785869904,19.77777777777778,0.0
0b7e9dcb20d8c2d9660cc3ddb8c2ad5c51d64a6f,ignite,False,2014-05-06 19:55:34,ignite,,2,2,1,1,1,0.0,1.0,11.0,1.0,194,194.0,100.0,done,270.0,,False,129.32351694048162,4.706248331194274,6.0,0.04639527397605,0.0,0.0,0.5,1.0,0.3333333333333333,20.0,0.0
46f848a6711861ac6b6ef5fbb3dd9b2c51f7e3ff,ignite,False,2014-05-06 23:09:57,ignite,,19,1,1,1,1,0.0,1.0,0.0,1.0,212,212.0,106.0,done,189.0,,False,589.5445336320969,5.005896713545355,15.0,0.0254433705077158,2.0,0.0,0.8461538461538461,1.0,0.4,21.0,0.0
9baa4c90a21763542551f21bb2b8cfeb7cd43f07,ignite,False,2014-05-07 12:31:07,ignite,,1,1,1,1,1,0.0,4.0,6.0,6.0,150,150.0,35.0,done,5116.0,,False,6775.614476235324,5.285249338726982,184.0,0.0271562085837909,0.0,0.0,0.6808510638297872,1.0,0.4285714285714285,23.0,0.0
f0a233b506e86afbe92836231a4f40e369e8fa9b,ignite,False,2014-05-07 22:09:51,ignite,,2,2,1,1,1,0.0,1.0,28.0,1.0,257,257.0,24.0,done,210.0,,False,157.89111045234063,4.876298408153298,6.0,0.0380008727711817,1.0,0.0,0.6666666666666666,1.0,0.2,18.0,0.0
ae373cf82d03205bd8acb98688b348b75892ba5b,ignite,False,2014-05-07 22:25:25,ignite,,16,15,4,4,1,1.82839941182864,1.0,3.0,4.0,259,259.0,132.0,done,1146.0,,False,822.5002479334731,4.587498497359633,30.5,0.0387275389770564,0.5,1.0,0.44,0.0,0.8214285714285714,15.0,0.0
c4c7f20be53581f2bb043157ceb597539f35e0ef,ignite,False,2014-05-08 15:33:09,ignite,,24,8,2,1,1,0.811278124459133,0.5,0.0,2.0,220,220.0,112.0,done,436.0,,False,945.6404868122404,5.034084480237103,33.5,0.0354512162701964,1.0,3.0,0.7949999999999999,1.0,0.5753968253968254,31.5,0.0
438957a05aca46e0b1857bc8d5b2c05164849aba,ignite,False,2014-05-08 18:13:53,ignite,,8,4,1,1,1,0.0,0.0,0.0,0.0,225,225.0,117.0,done,360.0,,False,285.80293720132477,4.788981853365798,14.333333333333334,0.0502010553262084,0.0,0.0,0.9166666666666666,4.666666666666667,0.3869047619047618,16.0,0.0
f09f9e5f9554887674703a8fff49d44d7bf06e65,ignite,False,2014-05-08 20:31:23,ignite,,27,19,3,2,1,0.678407090937567,0.666666666666667,1.6666666666666698,2.6666666666666696,38,38.0,26.0,done,119.0,,False,131.50579849608596,4.6107887239883105,7.0,0.0515965093459026,0.0,0.0,1.0,1.5,0.4151785714285714,15.0,0.0
59719977aa8bbeaf6f4984a126fcf3cedd528b2f,ignite,False,2014-05-08 20:48:45,ignite,,3,5,2,2,1,0.954434002924965,1.5,0.0,4.0,40,40.0,27.0,done,254.0,,False,62.06350182874227,4.123054529320787,5.0,0.0822405417635837,0.0,0.0,1.0,2.3333333333333335,0.3444444444444444,13.666666666666666,0.0
a65018ad05dbbd2e75f8f85a4cfcd1ee08034af3,ignite,False,2014-05-08 21:00:21,ignite,,4,2,1,1,1,0.0,1.0,1.0,1.0,41,41.0,28.0,done,74.0,,False,468.8508029066055,4.695682252503512,16.0,0.0341259946678329,0.0,0.0,0.7272727272727273,0.0,0.4285714285714285,25.0,0.0
5c33c6bdba36b992cc787cd5c8a531257cc2d291,ignite,False,2014-05-08 21:18:06,ignite,,4,1,1,1,1,0.0,1.0,8.0,2.0,232,232.0,121.0,done,2680.0,,False,3633.6507056702185,5.708783217381647,124.0,0.03412545950179,3.0,4.0,0.8378378378378378,5.0,0.1351351351351351,24.0,0.0
b2ac175e150dd640130516749e4b5c68be25e759,ignite,False,2014-05-08 21:22:33,ignite,,21,3,2,2,1,0.413816850303634,2.0,12.0,7.5,206,206.0,103.0,done,5070.0,,False,2891.2949129414446,5.205448681945442,74.0,0.024361065817988,0.6666666666666666,0.3333333333333333,0.4935545935545935,6.333333333333333,0.2847805788982259,26.0,0.0
d288bac0c40df79a11df41260c217ee3c93d5032,ignite,False,2014-05-08 21:45:41,ignite,,6,5,2,1,1,0.845350936622437,0.5,0.0,3.5,43,43.0,29.0,done,211.0,,False,121.54966055303908,4.601078376332113,6.5,0.0569461138240202,0.0,0.0,0.75,2.0,0.1630952380952381,15.5,0.0
405ac0dd027fe95e4d6f6be4d5f2563a01642c49,ignite,False,2014-05-08 22:45:50,ignite,,1,2,1,1,1,0.0,1.0,0.0,1.0,257,257.0,130.0,done,156.0,,False,799.1059319405696,5.180774672716102,27.0,0.0337877606970486,0.0,0.0,0.8823529411764706,1.0,0.4666666666666667,16.0,0.0
db0974fd824c992a97ae08347d19f730834c7af3,ignite,False,2014-05-09 00:51:28,ignite,,24,2,2,2,1,0.779349837292085,3.0,7.0,8.5,262,262.0,134.0,done,2779.0,,False,11606.652036404665,5.888768282536942,241.0,0.0129690066729033,1.0,0.5,0.658410138248848,0.5,0.3580729166666666,27.5,0.0
72370828a633b3ca2fdb319972335827f0799728,ignite,False,2014-05-10 11:29:27,ignite,,4,4,1,1,1,0.0,0.0,0.0,0.0,138,138.0,51.0,done,82.0,,False,131.76952268336282,4.350010514501723,1.0,0.0075890082898984,0.0,0.0,0.4285714285714285,1.0,0.0,23.0,0.0
28bb3506cf457f7943a5e06d0fa0a2aad2f11188,ignite,False,2014-05-12 15:06:45,ignite,,12,16,3,3,1,1.3381280379269298,0.333333333333333,3.0,2.3333333333333304,364,364.0,218.0,done,1148.0,,False,323.88885863666695,3.801993093151715,17.0,0.030077841376343,0.0,0.0,0.5,0.6666666666666666,0.3333333333333333,12.666666666666666,0.0
4cd93b0ce74a2da47bac783d615384a71fc8e92e,ignite,False,2014-05-12 15:52:10,ignite,,5,4,1,1,1,0.0,2.0,3.0,3.0,93,93.0,65.0,done,491.0,,False,298.0489680886781,4.804256324791973,13.333333333333334,0.0461554379331498,0.6666666666666666,0.0,0.8690476190476191,2.6666666666666665,0.3777777777777777,18.333333333333332,0.0
d2cb1a189b68b7f889a0a7686a2435e077567b44,ignite,False,2014-05-12 18:02:55,ignite,,4,3,3,3,1,1.37878349348618,1.6666666666666698,1.0,6.0,369,369.0,222.0,done,2473.0,,False,243.12856359798215,4.514514393179185,8.25,0.0422043165905447,0.0,0.0,0.9090909090909092,0.75,0.3371212121212121,14.25,0.0
b3f4edfae05ddb5d3e113d1174b9826b1218300b,ignite,False,2014-05-12 18:21:04,ignite,,8,7,1,1,1,0.0,2.0,3.0,3.0,269,269.0,136.0,done,1423.0,,False,1417.0987218720763,4.69397154726094,40.0,0.0282266855389986,2.0,1.0,0.4166666666666667,0.0,0.375,30.0,0.0
6702be4b34f16dba02b13eb86d762b228d3d604a,ignite,False,2014-05-12 19:37:56,ignite,,20,13,4,3,1,1.59802524771961,1.0,2.75,4.25,373,373.0,225.0,done,759.0,,False,269.01369858254367,4.496162136503717,9.22222222222222,0.0500460671441043,0.1111111111111111,0.0,0.878395061728395,1.0,0.5405723905723906,13.77777777777778,0.0
a9756cbf0294e3a316d871d2af2e18e547ffa782,ignite,False,2014-05-12 20:23:49,ignite,,6,21,4,4,1,1.81644452734293,0.75,16.0,3.0,270,270.0,137.0,done,1838.0,,False,1164.536788221436,5.161268260590109,33.333333333333336,0.0359169948343276,0.0,0.0,0.9323232323232324,1.6666666666666667,0.5496031746031745,16.0,0.0
5ce90ea0c5b35b1fbc71572c76f97f36cc7e9520,ignite,False,2014-05-12 20:28:10,ignite,,155,5,6,6,2,0.883671970904218,1.33333333333333,22.1666666666667,7.5,376,376.0,0.707042256794596,done,640.0,,False,1202.6453932881811,4.5366129504163615,44.833333333333336,0.0269464569132584,0.1666666666666666,0.0,0.6964285714285715,0.1666666666666666,0.5964285714285714,16.0,0.0
869802dd2b203769ed2a2afb24f4b7377d5b5047,ignite,False,2014-05-12 20:50:55,ignite,,6,9,2,2,1,0.566509506552905,2.5,0.0,6.0,262,262.0,55.0,done,213.0,,False,87.56842503028855,4.353701696057347,4.0,0.0456785650605964,0.0,0.0,0.5,0.0,0.6666666666666666,14.0,0.0
892edcf64095f9c7ab738188d6f31564eaeb9b6a,ignite,False,2014-05-12 21:17:04,ignite,,1,1,1,1,1,0.0,3.0,0.0,4.0,271,271.0,138.0,done,1405.0,,False,677.2627427729669,5.17589862401967,19.0,0.0280541048547966,1.0,0.0,0.7647058823529411,0.0,0.2857142857142857,24.0,0.0
1a993045d50a18c2db87ef53e11e81b2d136536b,ignite,False,2014-05-12 22:56:49,ignite,,1,1,1,1,1,0.0,5.0,0.0,18.0,382,382.0,233.0,done,2247.0,,False,629.6860629904995,5.098668051731043,17.0,0.0269975802215849,0.0,0.0,0.6363636363636364,2.0,0.1818181818181818,22.0,0.0
59dc750c0b38d14d91a0629645e3afeae9f60d11,ignite,False,2014-05-12 23:06:10,ignite,,8,6,1,1,1,0.0,4.0,7.0,7.0,49,49.0,34.0,done,380.0,,False,3088.7224548811287,4.664099337681523,67.0,0.0216918162699013,2.0,1.0,0.9166666666666666,1.0,0.375,22.0,0.0
329993766cc4ce46be1b14c2ead1a4752edac024,ignite,False,2014-05-12 23:11:40,ignite,,4,4,1,1,1,0.0,4.0,0.0,8.0,272,272.0,139.0,done,382.0,,False,3098.517229448846,4.672347503855664,67.0,0.0216232459071779,2.0,1.0,0.9166666666666666,1.0,0.375,22.0,0.0
9ecaa482178aee4196d9e220319c40bbbf7246d0,ignite,False,2014-05-12 23:27:47,ignite,,2,3,2,2,1,0.7219280948873621,2.0,0.0,3.5,274,274.0,140.0,done,2406.0,,False,72.0,4.6180115569773665,3.0,0.0416666666666666,0.0,0.0,1.0,1.0,0.3333333333333333,16.0,0.0
3fd9093a8fd038fdc61cf80e9fc25a30cd039292,ignite,False,2014-05-12 23:34:53,ignite,,2,14,1,1,1,0.0,2.0,0.0,2.0,276,276.0,141.0,done,725.0,,False,683.1503574115478,4.953694454075901,18.666666666666668,0.0320771657435133,0.6666666666666666,0.6666666666666666,0.4852518315018315,0.1666666666666666,0.1608465608465608,17.666666666666668,0.0
e40c88a8e4d65d10c0b5ff415925511582b90e1d,ignite,False,2014-05-13 00:02:05,ignite,,6,0,2,2,1,1.0,2.0,6.5,5.0,219,219.0,107.0,done,178.0,,False,153.80110650593844,4.5463853379911745,9.0,0.0585171342681627,1.0,0.0,0.0,1.0,0.8571428571428571,9.0,0.0
e97304b3d9963aa12f3409cdcd0bdea8801f4f4a,ignite,False,2014-05-13 14:59:23,ignite,,3,6,2,2,1,0.91829583405449,0.5,35.5,1.0,384,384.0,235.0,done,205.0,,False,130.56250021139843,4.397119412367668,6.333333333333333,0.0465254203879889,0.0,0.0,0.6666666666666666,0.3333333333333333,0.75,10.666666666666666,0.0
07a7bc89eddfb95ef4e15cd0c5bcb7cfd8200e86,ignite,False,2014-05-13 15:58:25,ignite,,2,2,1,1,1,0.0,1.0,0.0,1.0,245,245.0,128.0,done,337.0,,False,92.0,4.64152726285211,5.0,0.0543478260869565,0.0,0.0,1.0,1.0,0.6,23.0,0.0
d16e795ba56498d46d42e7dfd06d407a12e09b19,ignite,False,2014-05-13 16:02:24,ignite,,4,1,2,1,1,0.970950594454669,0.5,0.0,1.0,246,246.0,129.0,done,316.0,,False,51.80615605397529,4.389364858634393,2.0,0.0386054506324742,0.0,0.0,1.0,0.0,0.5,12.0,0.0
d65949ffbc4408de59d16fefac644881eff1c77d,ignite,False,2014-05-13 16:15:21,ignite,,5,1,2,1,1,0.91829583405449,0.5,0.0,2.0,184,184.0,137.0,done,833.0,,False,391.3085263711265,4.578616400390164,14.0,0.0382130512087223,0.0,0.0,0.8214285714285714,0.5,0.4875,22.0,0.0
1780c19da109bfd5ac1e73a02f6741e2c0342708,ignite,False,2014-05-13 16:32:09,ignite,,5,1,1,1,1,0.0,0.0,0.0,0.0,268,268.0,135.0,done,460.0,,False,1918.1137466271807,5.552300482168382,67.0,0.0349301495376971,1.0,3.0,0.8260869565217391,2.0,0.1764705882352941,21.0,0.0
5aa8a494ea9f7348066d33642f9b03969b83b1ce,ignite,False,2014-05-13 16:39:57,ignite,,26,4,3,3,3,1.52192809488736,2.3333333333333304,0.0,26.3333333333333,248,248.0,0.483340266787851,done,346.0,,False,164.99896988958,4.577316637094895,5.0,0.0303032194888615,0.0,0.0,0.5,0.0,0.8,18.0,0.0
a921daa47b97130a58b8ce3f12e09c3e59d1d258,ignite,False,2014-05-13 16:59:43,ignite,,1,3,1,1,1,0.0,2.0,4.0,2.0,249,249.0,132.0,done,434.0,,False,64.72503367497927,4.162722123650558,2.0,0.0308999452984933,0.0,0.0,0.3333333333333333,1.0,0.0,15.0,0.0
cce0781aa16828c2f1c4fb22af432d1a944de28a,ignite,False,2014-05-13 17:01:55,ignite,,3,9,1,1,1,0.0,2.0,0.0,2.0,280,280.0,27.0,done,249.0,,False,647.2550113656415,5.1988371890884375,25.0,0.0386246526654966,1.0,0.0,0.7272727272727273,1.0,0.3076923076923077,19.0,0.0
a6ac8b347386da3d25f594348f921f4fdf5030c7,ignite,False,2014-05-13 17:34:52,ignite,,8,1,4,3,1,1.7527152789796998,0.25,17.5,1.75,387,387.0,237.0,done,173.0,,False,558.0294250283132,3.827966305315293,26.0,0.0454231644540346,0.0,0.0,1.0,0.0,0.3333333333333333,11.666666666666666,0.0
b795b2dc5024d90f4df6c3a4ebb6fa4b2c92b764,ignite,False,2014-05-13 17:51:53,ignite,,12,1,2,1,1,0.6193821946787641,0.5,0.5,2.0,388,388.0,238.0,done,556.0,,False,1406.742900328847,4.972950442212976,46.0,0.0326996496582615,0.0,0.0,0.8235294117647058,0.0,0.75,16.0,0.0
ec3199560348d731b4a9771021864a17611acea4,ignite,False,2014-05-13 19:41:21,ignite,,9,9,2,2,1,1.0,0.5,2.5,2.5,394,394.0,244.0,done,146.0,,False,600.4750635930424,3.820343210902299,30.0,0.0474544465302941,0.0,0.0,1.0,0.0,0.0,11.0,0.0
5a1badaff30da6cbfa10e0fd2378d1c712d7d2c0,ignite,False,2014-05-14 00:28:53,ignite,,111,65,6,5,3,1.9147015046574,1.0,21.0,14.166666666666698,223,223.0,0.458333803947604,done,4156.0,,False,131.97076981852302,4.133885295905752,6.75,0.0733996886358553,0.5,0.1666666666666666,0.2777777777777778,1.0,0.1984126984126984,18.25,0.0
91551b73912e617d09c8e97263bcbcae206c4bc3,ignite,False,2014-05-14 03:21:02,ignite,,86,64,2,2,1,0.904381457724494,1.0,0.0,4.5,100,100.0,69.0,done,1126.0,,False,1454.092718496365,5.2771263758678195,51.0,0.036261114120268,3.0,1.3333333333333333,0.6772486772486772,1.0,0.266923076923077,21.0,0.0
aa46809d86d2e5f0ce76a4f757c8fe169845b083,ignite,False,2014-05-14 16:00:41,ignite,,1,3,1,1,1,0.0,1.0,19.0,1.0,404,404.0,252.0,done,128.0,,False,28.52932501298081,4.334962500721156,2.0,0.0701033059523841,0.0,0.0,1.0,1.0,0.6666666666666666,14.0,0.0
90e1e06942369a70e8371f8518b49127f0a46077,ignite,False,2014-05-14 16:30:27,ignite,,2,1,1,1,1,0.0,2.0,6.0,3.0,287,287.0,143.0,done,162.0,,False,72.33974351909448,4.122593675377216,3.0,0.0414709792163989,0.0,0.0,1.0,1.0,0.6666666666666666,24.0,0.0
f958879e735a039723c8ef0a2fb1e55cc7551937,ignite,False,2014-05-14 17:00:58,ignite,,9,2,3,3,1,1.309296668237,0.666666666666667,9.0,2.6666666666666696,261,261.0,143.0,done,1152.0,,False,317.927825041827,4.190651459650389,6.0,0.1138698905624765,0.0,0.0,0.3125,0.5,0.8,13.0,0.0
0b9676ef7b191f98355c722c705793e0cac41cd1,ignite,False,2014-05-14 17:44:00,ignite,,12,7,3,3,1,1.31243080234794,0.666666666666667,0.666666666666667,2.3333333333333304,289,289.0,144.0,done,2263.0,,False,1755.3673565808208,4.638755868674766,57.5,0.0407767187619626,0.0,0.0,0.9411764705882352,1.0,0.6666666666666666,17.0,0.0
04353deb58090ca694963d956dd9eb571f96b048,ignite,False,2014-05-14 18:04:26,ignite,,2,0,1,1,1,0.0,1.0,22.0,6.0,263,263.0,145.0,done,484.0,,False,1707.3800263999128,5.264423571447722,43.0,0.025184785657044,1.0,0.0,0.8214285714285714,2.0,0.1666666666666666,19.0,0.0
64ad399a8798219e15d4fbb2d4cf7a552381c10d,ignite,False,2014-05-14 21:51:33,ignite,,19,20,5,4,1,1.94041313350967,1.2,2.0,7.8,290,290.0,145.0,done,534.0,,False,97.91067810697524,4.1408983790663925,3.25,0.0192963162326711,0.0,0.0,0.5,0.75,0.2083333333333333,13.5,0.0
5e1a3246585c8da829e4eea4d06ab471e5d3aef1,ignite,False,2014-05-15 00:08:40,ignite,,6,2,2,2,1,1.0,1.0,6.0,4.5,276,276.0,138.0,done,119.0,,False,642.447631547506,3.7996059965886326,27.0,0.0405781698488104,0.0,0.0,1.0,0.0,0.4615384615384615,13.5,0.0
bb9301c19dca518d7c6176b1596864b765e95273,ignite,False,2014-05-15 03:10:18,ignite,,1,2,1,1,1,0.0,2.0,35.0,3.0,148,148.0,56.0,done,166.0,,False,933.4670110194104,5.408403094701468,21.0,0.0224967778744173,0.0,0.0,0.8571428571428571,0.0,0.2857142857142857,21.0,0.0
ec64a0f8fe0703e8c427c3f714ffb117333dc384,ignite,False,2014-05-15 17:17:33,ignite,,4,2,1,1,1,0.0,1.0,6.0,2.0,418,418.0,259.0,done,52.0,,False,319.8178134528388,3.808975736946838,12.0,0.0375213621481705,0.0,0.0,1.0,0.0,0.0,13.0,0.0
b6ee60328677f4bb3a9e8c017868bda0e43e848c,ignite,False,2014-05-15 17:52:16,ignite,,3,2,1,1,1,0.0,5.0,0.0,38.0,276,276.0,153.0,done,3050.0,,False,14419.572158496449,6.056975586401926,243.0,0.0168520950087147,1.0,3.0,0.60625,3.0,0.4705882352941176,30.0,0.0
3d1fd31336d63a0b134228e37c4ba08809970c79,ignite,False,2014-05-15 20:30:39,ignite,,13,7,1,1,1,0.0,1.0,0.0,1.0,295,295.0,31.0,done,182.0,,False,696.2240206702859,4.815610827658551,14.0,0.0201084702399689,1.0,0.0,0.7857142857142857,1.0,0.6,24.0,0.0
ecef2571c04ddd720adfdf16717cad9648f43650,ignite,False,2014-05-15 22:28:30,ignite,,5,2,1,1,1,0.0,1.0,3.0,1.0,101,101.0,70.0,done,168.0,,False,112.37013046707143,4.7536160545378605,7.0,0.0622941343122428,1.0,0.0,1.0,1.0,0.3333333333333333,16.0,0.0
4d096f0edf7c3b43275feee175f31426b89a84c4,ignite,False,2014-05-16 06:59:15,ignite,,7,8,1,1,1,0.0,0.0,0.0,0.0,191,191.0,142.0,done,171.0,,False,671.6059253077289,5.170007924749388,12.0,0.0380529104183852,1.0,0.0,0.9130434782608696,1.5,0.3333333333333333,24.0,0.0
a28730a38976ab4277dd10eeb007215fb46fb69f,ignite,False,2014-05-16 17:26:28,ignite,,9,6,2,2,1,0.7219280948873621,1.5,2.0,6.0,102,102.0,71.0,done,1148.0,,False,804.3627739666414,4.867534000155534,20.333333333333332,0.0290011557270302,2.0,0.0,0.7861861861861863,0.0,0.5641025641025642,17.666666666666668,0.0
cc85cf9399ed9baedeacf088f6db66556b5e2bb8,ignite,False,2014-05-16 18:21:47,ignite,,13,10,5,1,1,2.0527392854783,0.2,0.0,2.0,166,166.0,37.0,done,69.0,,False,190.3981037807637,4.939954988620687,7.0,0.0367650720306555,1.0,0.0,0.6,2.0,0.25,21.0,0.0
e12ef4ca3d511ea6ec1ac2475c007f9b1c403203,ignite,False,2014-05-16 19:33:02,ignite,,1,2,1,1,1,0.0,5.0,0.0,43.0,297,297.0,147.0,done,3040.0,,False,13801.343648622053,6.041151724257752,227.0,0.0164476739206956,1.0,3.0,0.5771812080536913,3.0,0.4516129032258064,30.0,0.0
4f5f6c7927c34f4c6eafc2f9a1d492644dab28b4,ignite,False,2014-05-16 20:01:03,ignite,,8,6,1,1,1,0.0,3.0,0.0,7.0,103,103.0,72.0,done,890.0,,False,574.5090849294022,5.034566293438825,26.5,0.0461512892986105,3.0,0.0,0.4285714285714285,1.0,0.3583333333333333,19.0,0.0
86eddc629e3e5282c30c762e146cef477c00ac83,ignite,False,2014-05-16 22:15:49,ignite,,16,19,6,4,1,1.9917533732842496,1.16666666666667,0.666666666666667,13.5,300,300.0,148.0,done,3395.0,,False,3442.615867529916,5.0889730500600985,74.625,0.0395823826617121,0.5,0.375,0.6955201123155283,1.125,0.6865180367018602,21.625,0.0
b77eaaa2061d5f921db897a2cd78116d35847186,ignite,False,2014-05-16 22:54:33,ignite,,8,11,2,2,1,0.8997437586982628,1.5,14.5,13.0,290,290.0,143.0,done,331.0,,False,223.4671257758683,4.905851088949871,3.0,0.0134247934213326,0.0,0.0,0.5,1.0,0.75,29.0,0.0
b757e659fe8e0096405c7d26ff63280caab1ce2d,ignite,False,2014-05-17 08:27:31,ignite,,18,1,2,2,1,0.949452015387948,1.5,0.0,11.5,193,193.0,144.0,done,2020.0,,False,1623.146788492062,5.2523034254606955,54.333333333333336,0.0334236700083991,1.3333333333333333,2.6666666666666665,0.8464387464387464,1.6666666666666667,0.512962962962963,28.666666666666668,0.0
45cbc0b472dc414be769f2da983e1183fcabc4d2,ignite,False,2014-05-19 16:54:02,ignite,,9,5,1,1,1,0.0,1.0,0.0,4.0,304,304.0,173.0,done,271.0,,False,69.48686830125577,4.465945933079575,1.0,0.0143912083598956,0.0,0.0,1.0,0.0,0.5,10.0,0.0
1bf7ebabdd6f68cef2e651319ae0fbb135b5f464,ignite,False,2014-05-19 20:45:29,ignite,,3,0,1,1,1,0.0,2.0,3.0,2.0,54,54.0,36.0,done,171.0,,False,1345.42483714711,5.4680553478102984,17.0,0.0126354141313813,1.0,0.0,0.782608695652174,2.0,0.3333333333333333,32.0,0.0
29a406d70f321d880057ac8e6d3d08aa7bd16048,ignite,False,2014-05-19 21:01:16,ignite,,2,5,1,1,1,0.0,1.0,4.0,3.0,294,294.0,145.0,done,54.0,,False,386.7821689652434,3.7939371147938927,15.0,0.0387815189105781,0.0,0.0,1.0,0.0,0.5,13.0,0.0
9ca8d95a1d75d614a4913cd36542db1df9cdf712,ignite,False,2014-05-19 21:36:08,ignite,,1,1,1,1,1,0.0,1.0,0.0,1.0,55,55.0,37.0,done,43.0,,False,266.43165970615865,3.7929946510068944,10.0,0.0375330770037944,0.0,0.0,1.0,0.0,0.0,13.0,0.0
ed87ccb7482f1ab9caaaebd53b84e1b5bf0b5c33,ignite,False,2014-05-19 21:38:29,ignite,,1,3,1,1,1,0.0,6.0,2.0,47.0,107,107.0,74.0,done,3033.0,,False,14176.489560514949,6.035464139580474,236.0,0.0166472806256154,1.0,3.0,0.5987261146496815,3.0,0.5074626865671642,30.0,0.0
9fee6c0de119d00352729f30df331cfd16c773b7,ignite,False,2014-05-19 23:04:57,ignite,,5,3,1,1,1,0.0,2.0,0.0,3.0,56,56.0,38.0,done,171.0,,False,1349.0090801099,5.496874174284338,21.0,0.0155669819496612,1.0,0.0,0.7692307692307693,2.0,0.3,32.0,0.0
41a5236a4baa52f30661ababef6f50798a4a35dc,ignite,False,2014-05-19 23:06:29,ignite,,5,3,1,1,1,0.0,2.0,0.0,3.0,56,56.0,38.0,done,174.0,,False,1399.4393260953168,5.519861850894719,21.0,0.0150060096271509,1.0,0.0,0.7692307692307693,2.0,0.3,32.0,0.0
65f5856a7ead14728831e7df58fa0ac344c5c7e6,ignite,False,2014-05-20 15:26:54,ignite,,65,50,6,2,1,0.7999748573783341,1.0,10.5,5.16666666666667,307,307.0,176.0,done,12288.0,,False,881.3310557517424,5.1128761406971055,32.25,0.0377629599490786,0.25,0.0,0.7672554347826088,5.75,0.3053571428571429,23.75,0.0
d4dc42cb7c12a0a17732b076ef46093de1a39cc4,ignite,False,2014-05-20 15:30:56,ignite,,4,4,2,2,1,0.811278124459133,1.0,0.0,2.0,34,34.0,7.0,done,136.0,,False,661.8120627487989,5.354590778799388,25.0,0.0377750745372695,1.0,0.0,0.8,1.0,0.2,15.0,0.0
da5c88bb939079ac5a112307a43ac00e43ce458c,ignite,False,2014-05-20 15:47:28,ignite,,24,32,11,6,1,3.06581977351183,0.6363636363636359,17.818181818181802,7.545454545454548,308,308.0,177.0,done,20383.0,,False,503.7792407332126,4.788909735953481,14.333333333333334,0.0708970897700188,0.0833333333333333,0.25,0.3697089947089947,11.0,0.1059009582035897,17.25,0.0
5b7ab08aefacbe0804da94c8160b7468df9b6cc2,ignite,False,2014-05-20 15:50:00,ignite,,56,59,3,2,1,0.6063690964523311,1.0,0.0,2.6666666666666696,309,309.0,178.0,done,4774.0,,False,1097.5937244604438,5.203849330569388,36.0,0.0335341392507169,0.6666666666666666,0.6666666666666666,0.7637566137566137,3.3333333333333335,0.287037037037037,26.0,0.0
a25a9fb8577770994c1a1e1cd7c334e37c2f4c53,ignite,False,2014-05-20 16:27:00,ignite,,1,1,1,1,1,0.0,1.0,0.0,2.0,63,63.0,40.0,done,43.0,,False,292.33473773314626,3.784921950937873,11.0,0.0376280974519052,0.0,0.0,1.0,0.0,0.0,13.0,0.0
55241c077216fb832d38c384705fe7771234597e,ignite,False,2014-05-20 18:26:35,ignite,,9,8,1,1,1,0.0,8.0,5.0,28.0,299,299.0,146.0,done,8122.0,,False,229.0621890290302,4.423666367044322,13.0,0.0567531466240918,0.0,0.0,0.5,1.0,0.0,12.0,0.0
b7cea7d6efadd056c6c3fbc171266e11edec90eb,ignite,False,2014-05-20 22:24:31,ignite,,0,2,1,1,1,0.0,1.0,0.0,1.0,324,324.0,186.0,done,1959.0,,False,535.8413335052626,5.186928287172522,14.0,0.0261271371292272,0.0,0.0,0.75,0.0,0.4166666666666667,27.0,0.0
428d97ab3daefa6a5853c9da7c675677fe972861,ignite,False,2014-05-20 22:44:19,ignite,,3,2,1,1,1,0.0,2.0,0.0,2.0,326,326.0,188.0,done,32.0,,False,68.11428751370197,3.8963907222237504,3.0,0.0440436229975468,0.0,0.0,1.0,0.0,0.0,13.0,0.0
63e0b29f0f5133f2997891f1b6dbb16c8414027a,ignite,False,2014-05-20 22:50:05,ignite,,2,3,1,1,1,0.0,2.0,0.0,3.0,327,327.0,189.0,done,33.0,,False,68.11428751370197,3.8963907222237504,3.0,0.0440436229975468,0.0,0.0,1.0,0.0,0.0,13.0,0.0
039e63f2be95b3b8b6871df33a1ddaa32194f880,ignite,False,2014-05-21 15:09:07,ignite,,3,2,1,1,1,0.0,2.0,0.0,4.0,329,329.0,191.0,done,32.0,,False,85.95159310338741,3.976033054793903,4.0,0.0465378226926937,0.0,0.0,1.0,0.0,0.5,11.0,0.0
dc39f66ac3da5378470c5505a8a479064b50cdc3,ignite,False,2014-05-21 16:10:51,ignite,,1,1,1,1,1,0.0,5.0,6.0,23.0,1,1.0,0.0,done,2250.0,,False,18986.667601194255,6.016984635904597,480.0,0.0252808976320735,1.0,1.0,0.9596774193548387,1.0,0.3828125,26.0,0.0
5e93321ecdbd505fcfdb3d459465f196f0df89ee,ignite,False,2014-05-21 23:20:53,ignite,,2,1,2,2,1,0.91829583405449,1.0,0.0,3.0,114,114.0,80.0,done,51.0,,False,399.7722668160485,3.801019399826151,15.0,0.0375213621481705,0.0,0.0,1.0,0.0,0.0,13.0,0.0
9592cb5b405e59e071dff56d97b729f919f1950f,ignite,False,2014-05-22 00:10:35,ignite,,2,1,1,1,1,0.0,1.0,0.0,11.0,342,342.0,202.0,done,441.0,,False,277.434993381665,5.058256144332975,12.0,0.0432533756961642,0.0,0.0,1.0,4.0,0.1428571428571428,18.0,0.0
a85df60bf130b67b2cdec02ee7c6ae27aaa9f974,ignite,False,2014-05-22 07:51:07,ignite,,18,6,3,3,1,1.45914791702724,1.33333333333333,0.0,15.0,205,205.0,152.0,done,1898.0,,False,1050.9668129683805,5.249510878950666,20.0,0.0215293663868305,0.3333333333333333,0.0,0.890652557319224,1.3333333333333333,0.5666666666666667,23.666666666666668,0.0
5a988e4a81a0a40e04167f62e41f6d6755513190,ignite,False,2014-05-22 08:41:18,ignite,,4,4,1,1,1,0.0,1.0,0.0,15.0,206,206.0,153.0,done,515.0,,False,798.0629785712566,4.73259033763012,38.0,0.0476152897958379,0.0,0.0,0.6923076923076923,2.0,0.5,23.0,0.0
84777c2737834430b525c67c43eec242879ac951,ignite,False,2014-05-22 14:56:07,ignite,,1,1,1,1,1,0.0,1.0,0.0,8.0,344,344.0,204.0,done,2384.0,,False,157.89111045234063,4.763281624801758,7.0,0.0443343515663787,0.0,0.0,0.6,0.0,0.5714285714285714,12.0,0.0
0e8f2215baaf1f91a3c52c1da59e7e3f3fc8fe5a,ignite,False,2014-05-22 17:11:32,ignite,,4,1,2,2,1,0.970950594454669,0.5,0.0,2.0,347,347.0,207.0,done,437.0,,False,444.5093904792446,4.285762336842235,16.333333333333332,0.0545900394612875,0.3333333333333333,0.3333333333333333,0.9682539682539684,0.0,0.2916666666666667,13.666666666666666,0.0
9a843733fe1de08b9bdf34fe1a96988f235199bb,ignite,False,2014-05-22 17:25:25,ignite,,2,2,1,1,1,0.0,1.0,0.0,12.0,348,348.0,208.0,done,442.0,,False,287.34338600243876,5.03416823224455,12.0,0.0417618799825034,0.0,0.0,1.0,4.0,0.1428571428571428,18.0,0.0
475f280fecc55a289fc51a304aca579d5846e888,ignite,False,2014-05-22 17:54:09,ignite,,10,3,2,2,1,0.961236604722876,0.5,0.0,7.0,349,349.0,209.0,done,3558.0,,False,891.9907234153773,5.194144291438484,27.0,0.0332118757342701,1.0,0.0,0.7115384615384616,1.0,0.3763736263736263,22.0,0.0
d2bca94a7009c52c32de471732d77934add0e9af,ignite,False,2014-05-22 20:01:37,ignite,,33,64,11,4,2,2.7138876429313905,0.545454545454545,3.18181818181818,4.09090909090909,350,350.0,0.900760886824626,done,5897.0,,False,685.3030697422602,5.0364450302273704,21.916666666666668,0.0338306054466118,0.5833333333333334,0.0833333333333333,0.749394256521772,0.7083333333333334,0.3447237947237947,20.458333333333332,0.0
eddc168e995d646aba218b8f73426ecc48456c46,ignite,False,2014-05-22 20:21:25,ignite,,49,49,20,5,2,3.81223577318219,0.3,0.05,4.15,351,351.0,0.900760886824626,done,8492.0,,False,714.7294232831306,4.961088393859347,23.6,0.0323365500265789,0.5333333333333333,0.1333333333333333,0.7498032981523697,0.5666666666666667,0.3672735325676501,20.033333333333335,0.0083333333333333
8f65761089e49d3d865d1768455a7d28422d8f53,ignite,False,2014-05-22 20:32:58,ignite,,1,1,1,1,1,0.0,3.0,0.0,7.0,310,310.0,152.0,done,406.0,,False,11.60964047443681,3.625,0.0,0.0,0.0,0.0,0.0,0.0,0.0,8.0,0.0
8b09b4b5b4810784b10b6e228b7fa52289b6c538,ignite,False,2014-05-22 21:00:12,ignite,,5,5,2,1,1,0.7219280948873621,1.5,0.0,5.5,311,311.0,153.0,done,455.0,,False,319.0976283976252,4.531938616439696,10.0,0.0223556647410883,0.3333333333333333,0.0,0.5211640211640212,0.6666666666666666,0.25,17.333333333333332,0.0
c340d8920bf00374335e080aca7aaae08d7b2fe1,ignite,False,2014-05-22 21:21:01,ignite,,12,6,5,2,1,2.22439444540599,0.6,0.0,3.4,355,355.0,215.0,done,3585.0,,False,298.595011308344,4.59354102207197,13.833333333333334,0.0550190130488116,0.1666666666666666,0.0,0.7670250896057347,2.6666666666666665,0.3626984126984127,19.5,0.0
2c31b8da8d27dfa93a91d97792818c1a17c4d18b,ignite,False,2014-05-22 23:14:57,ignite,,8,4,1,1,1,0.0,3.0,0.0,10.0,115,115.0,81.0,done,568.0,,False,295.003516581973,5.058194566652009,13.5,0.0459251613061206,0.0,0.0,0.5833333333333333,4.0,0.2597402597402597,19.5,0.0
d7debac944bcb1a4131e22c39f7b93bd4b925160,ignite,False,2014-05-22 23:16:19,ignite,,1,1,1,1,1,0.0,3.0,0.0,11.0,116,116.0,82.0,done,572.0,,False,297.2517786232125,5.036719506885877,15.0,0.0504622716455249,0.0,0.0,0.5,2.0,0.4285714285714285,18.0,0.0
1b6d92a17539097aa70b8100bacc3fff4d591484,ignite,False,2014-05-23 01:00:53,ignite,,3,9,8,2,1,2.8553885422075296,0.375,1.25,0.625,315,315.0,155.0,done,2730.0,,False,802.3789500201924,4.4793245681057074,21.0,0.0220055911639156,1.0,0.5,0.4423076923076923,1.0,0.1875,32.5,0.0
31f4b8ff84fdec3fee5ecdc974a96e88cd2af851,ignite,False,2014-05-23 06:17:13,ignite,,16,16,8,7,1,2.82781953111478,0.625,14.25,2.875,159,159.0,76.0,done,7388.0,,False,1349.7116629996567,4.83242810014306,23.666666666666668,0.029353710097298,0.2222222222222222,0.0,0.3804841730373645,1.5555555555555556,0.2563492063492063,22.22222222222222,0.0
afa17f6dd4fda6f04fadb51411268dd0f186bb7c,ignite,False,2014-05-23 12:06:20,ignite,,46,44,1,1,1,0.0,1.0,0.0,2.0,92,92.0,52.0,done,584.0,,False,8743.805563668539,5.235791660409294,103.0,0.0117797678882495,1.0,0.0,0.9421052631578948,1.0,0.3666666666666666,21.0,0.0
e818a64d28a74cc867f97e1c2afb605dc5e0a49a,ignite,False,2014-05-23 16:53:41,ignite,,13,28,5,2,1,1.7407640759008998,0.2,0.0,4.6,362,362.0,220.0,done,2590.0,,False,766.3510671739275,4.805848276707737,27.0,0.038584138871934,0.5,0.5,0.8273809523809523,1.5,0.3666666666666667,25.0,0.0
ad105d0f82f39812f85abd8d4bda604bb67334d5,ignite,False,2014-05-23 19:46:33,ignite,,1,2,1,1,1,0.0,5.0,0.0,22.0,365,365.0,222.0,done,3661.0,,False,884.548036169273,5.137516095781732,23.0,0.0260019796093906,1.0,5.0,0.5,3.0,0.3333333333333333,18.0,0.0
578af41bbfa2f3b3ff4fd1ac7e37c5797ef16aff,ignite,False,2014-05-23 22:05:22,ignite,,2,2,1,1,1,0.0,2.0,0.0,3.0,369,369.0,226.0,done,460.0,,False,24.965784284662085,4.062326591064282,1.0,0.0497786020616716,0.0,0.0,0.5,1.5,0.0,15.0,0.0
225be2071e7cd2066f5df2002efa308de7ea82d1,ignite,False,2014-05-24 01:28:00,ignite,,6,8,1,1,1,0.0,1.0,0.0,3.0,32,32.0,16.0,done,393.0,,False,2493.7456112314335,5.609147645501818,38.0,0.0152381220557758,0.0,3.0,0.8620689655172413,2.0,0.5,23.0,0.0
c5ff1a4b2a545aee23e695032ef00d8de738b5d9,ignite,False,2014-05-24 06:30:26,ignite,,12,0,5,4,1,2.2924812503605803,1.0,1.8,10.6,210,210.0,157.0,done,9964.0,,False,1218.4932762994706,5.2918227370392925,23.5,0.0326860382048069,0.3333333333333333,0.8333333333333334,0.7191375875586402,5.666666666666667,0.3285954785954786,22.833333333333332,0.0
953bc6bfbcdb90a95ad94e4e1267b80429554824,ignite,False,2014-05-24 10:08:56,ignite,,17,1,4,3,1,1.91829583405449,1.5,19.75,4.75,212,212.0,159.0,done,1407.0,,False,1632.3767063614189,5.396333740180317,19.5,0.0136028219280099,0.0,0.0,0.6684210526315789,1.5,0.4545454545454545,21.0,0.0
c0fbc26a8d9310b115a3596b58a8f106069f6d1a,ignite,False,2014-05-24 19:18:41,ignite,,11,7,3,2,1,1.29973676369525,0.666666666666667,0.0,2.3333333333333304,321,321.0,160.0,done,613.0,,False,1186.2951403536672,5.356725999243222,24.0,0.0220330444252431,0.0,1.5,0.861764705882353,2.5,0.4375,21.5,0.0
e6130d545da46771c631db1aba1bf133478cab98,ignite,False,2014-05-26 15:03:50,ignite,,2,4,1,1,1,0.0,1.0,0.0,3.0,96,96.0,56.0,done,116.0,,False,197.1533875310097,4.670214241795028,8.0,0.0405775426949826,1.0,0.0,0.8571428571428571,1.0,0.3333333333333333,17.0,0.0
ac331ba3cf693dcbbfdbad2a079f5cb7a87d7f62,ignite,False,2014-05-26 15:17:13,ignite,,2,7,2,2,1,0.91829583405449,1.0,0.0,3.5,179,179.0,44.0,done,627.0,,False,9979.777905867317,5.287296789694982,111.0,0.0111224920080376,1.0,0.0,0.9493087557603688,1.0,0.3492063492063492,21.0,0.0
9ec7d74e1eef296739804ce15ea1b638a33ddaba,ignite,False,2014-05-26 20:37:17,ignite,,17,1,2,2,1,0.91829583405449,1.5,1.0,7.0,386,386.0,235.0,done,96.0,,False,1100.804734391338,5.260373986138359,35.0,0.0317949213938949,0.0,0.0,0.7307692307692307,1.0,0.1428571428571428,34.0,0.0
b2e43ff166ed66ddb83a2fc0ca5e56b20b664b53,ignite,False,2014-05-26 22:29:01,ignite,,2,1,2,2,1,0.91829583405449,1.0,4.5,6.5,391,391.0,240.0,done,440.0,,False,497.1446449598502,4.531854596495515,15.0,0.038339135681415,0.5,0.0,0.9,0.0,0.5147058823529411,17.5,0.0
ffd6c0eae1279c86785fd1c6d5f3dfd0e4968118,ignite,False,2014-05-26 22:29:20,ignite,,2,2,1,1,1,0.0,2.0,0.0,6.0,392,392.0,241.0,done,33.0,,False,85.95159310338741,3.976033054793903,4.0,0.0465378226926937,0.0,0.0,1.0,0.0,0.5,11.0,0.0
509f09c953ccae500648ad775a8e85dabaaef0c6,ignite,False,2014-05-26 23:18:52,ignite,,1,1,1,1,1,0.0,1.0,0.0,2.0,394,394.0,243.0,done,115.0,,False,82.0447025077789,4.348752859555048,4.0,0.0487539094875839,0.0,0.0,1.0,3.0,0.25,24.0,0.0
a6a602491dbebefd0cd5ebf8499e797427a6127f,ignite,False,2014-05-26 23:30:15,ignite,,1,2,1,1,1,0.0,6.0,0.0,13.0,425,425.0,264.0,done,870.0,,False,1204.0221229018266,5.475333256811153,25.0,0.0207637380779576,0.0,0.0,0.4166666666666667,6.0,0.2352941176470588,22.0,0.0
43b51eafeb42f2f75511b879d3c17bfaa400f653,ignite,False,2014-05-27 11:56:57,ignite,,18,24,1,1,1,0.0,1.0,6.0,1.0,183,183.0,46.0,done,89.0,,False,41.51393895599251,3.8985210536931705,2.25,0.0826713502126429,0.0,0.0,0.75,1.5,0.0833333333333333,12.75,0.0
bf64fb33747103107fc06423f777764b31f6413d,ignite,False,2014-05-27 14:54:30,ignite,,4,5,2,1,1,0.991076059838222,1.0,5.0,3.5,98,98.0,58.0,done,53.0,,False,190.3981037807637,4.901456231688047,8.0,0.042017225177892,1.0,0.0,0.6,2.0,0.0,21.0,0.0
3bb7eb1293e93b1d4ef078f4c0a73f1afe245e13,ignite,False,2014-05-27 18:14:02,ignite,,4,0,2,1,1,0.811278124459133,1.5,0.0,7.5,69,69.0,44.0,done,774.0,,False,131.46541879002416,4.206593446933153,6.5,0.0545241572248414,0.5,0.0,0.3333333333333333,2.0,0.25,13.5,0.0
b577a72e4a27512eab14e4109bf8c2e88134205e,ignite,False,2014-05-27 18:17:22,ignite,,3,0,1,1,1,0.0,1.0,0.0,1.0,128,128.0,89.0,done,216.0,,False,604.2466101229558,5.038721579385043,23.0,0.038063928890424,0.0,0.0,0.7333333333333333,0.0,0.6111111111111112,31.0,0.0
62ad1f547160f179ca920510ef34461fa408da6b,ignite,False,2014-05-27 19:11:52,ignite,,34,27,1,1,1,0.0,7.0,1.0,30.0,326,326.0,163.0,done,2277.0,,False,10029.131422617127,5.2996892344825834,264.0,0.0444538532747112,0.5,0.5,0.7299196787148594,1.0,0.6646520146520146,19.5,0.0
fa7e517d203406bded1d00a6b403af4cfd40d91b,ignite,False,2014-05-27 20:39:14,ignite,,40,24,1,1,1,0.0,1.0,5.0,13.0,399,399.0,248.0,done,948.0,,False,1117.044010849687,5.1531482253198675,28.4,0.0289491833716029,0.0,0.4,0.7830061892130858,2.2,0.5429292929292929,21.8,0.0223623374575673
a8504b6119927613fb161ef059ee2d81bbcabb7f,ignite,False,2014-05-27 20:53:12,ignite,,4,1,1,1,1,0.0,8.0,0.0,56.0,327,327.0,164.0,done,3084.0,,False,271.5175402423349,4.701886330875119,8.5,0.0309406788291609,0.0,0.0,0.9166666666666669,1.0,0.2976190476190476,13.5,0.0
f940e2b90d4c2286091ea614ab8a4722ea585bac,ignite,False,2014-05-27 20:55:10,ignite,,8,6,2,2,1,0.371232326640876,0.5,8.5,6.0,400,400.0,249.0,done,1426.0,,False,441.7200318756511,4.862495318026348,17.0,0.038485915904275,0.0,0.0,0.7777777777777778,0.0,0.5454545454545454,19.0,0.0
c28210828d97981010803a40e68895442e29a0dd,ignite,False,2014-05-27 21:52:17,ignite,,3,9,4,3,1,1.91829583405449,1.75,0.0,12.0,433,433.0,269.0,done,4281.0,,False,9866.969073634968,5.298833716141083,249.5,0.0367078009999277,0.5,0.5,0.7301587301587302,1.5,0.3629629629629629,23.5,0.0
b006dcc84a1d7a92629f198d05db274fcd72c282,ignite,False,2014-05-27 21:53:50,ignite,,1,0,1,1,1,0.0,7.0,0.0,33.0,36,36.0,19.0,done,2285.0,,False,19692.424967846287,6.0302139313686345,497.0,0.0252381309468742,1.0,1.0,0.9603174603174603,1.0,0.3925925925925926,26.0,0.0
b0008b83f23374310aa3b0622983689c1ccdcfdf,ignite,False,2014-05-27 22:00:14,ignite,,0,2,1,1,1,0.0,7.0,0.0,34.0,435,435.0,270.0,done,2288.0,,False,19692.424967846287,6.0302139313686345,497.0,0.0252381309468742,1.0,1.0,0.9603174603174603,1.0,0.3925925925925926,26.0,0.0
f0618184fed97d5b11b58560a289d73b404b1575,ignite,False,2014-05-28 00:04:14,ignite,,1,1,1,1,1,0.0,1.0,0.0,1.0,132,132.0,92.0,done,597.0,,False,155.58941141594505,4.6790436051394435,6.0,0.0385630355266265,0.0,0.0,0.5,2.0,0.25,17.0,0.0
8df4ef6b7c011186c55752b79f34280a44a61631,ignite,False,2014-05-28 10:52:58,ignite,,17,24,1,1,1,0.0,1.0,0.0,1.0,99,99.0,59.0,done,322.0,,False,1431.8791027024424,5.371953275455491,35.0,0.0244434044284486,1.0,0.0,0.52,1.0,0.3333333333333333,27.0,0.0
447b2c23973efacc91f02026777fda33f1bc004c,ignite,False,2014-05-28 11:38:15,ignite,,7,4,2,1,1,0.4394969869215129,1.0,3.5,1.5,188,188.0,49.0,done,51.0,,False,252.61501174663377,4.727362794384149,8.0,0.0316687434554514,0.0,0.0,0.6666666666666666,1.0,0.4,16.0,0.0
4db78699d311d2324e8519a84d3fc6a1997a4a61,ignite,False,2014-05-28 14:34:32,ignite,,11,4,2,2,1,0.970950594454669,1.5,0.0,11.5,409,409.0,256.0,done,630.0,,False,769.562281287826,5.135686946476506,25.5,0.0334210026870386,0.0,0.0,0.7625,0.0,0.5555555555555556,27.5,0.0
4c1bf1a32389c2f3bd7f9af92a0d11813880a9a1,ignite,False,2014-05-28 20:55:41,ignite,,7,5,2,2,1,0.811278124459133,1.0,2.5,1.0,321,321.0,159.0,done,882.0,,False,547.3356047688587,4.6142819587087995,25.0,0.0464692998349511,0.0,0.0,0.7867647058823529,6.5,0.3857142857142857,16.0,0.0
43d7e3233176c3a65b9c181c210b840c4730c66e,ignite,False,2014-05-28 21:05:52,ignite,,2,2,1,1,1,0.0,5.0,0.0,18.0,284,284.0,137.0,done,450.0,,False,201.18251441994929,5.1548348198209455,9.0,0.0447354981418184,0.0,0.0,0.8,0.0,0.5,15.0,0.0
faa1150d111bdbfc25045082f24bea07568dae3f,ignite,False,2014-05-28 21:42:49,ignite,,27,15,9,8,1,2.83992791144452,0.444444444444444,0.222222222222222,9.44444444444444,422,422.0,265.0,done,4321.0,,False,502.8151736322997,4.905969923108688,20.09090909090909,0.0478728435125226,0.2727272727272727,0.0909090909090909,0.8770562770562772,2.272727272727273,0.4331349206349206,19.0,0.0
64170277f39c37747a64e9c5fed0ec805bd02be1,ignite,False,2014-05-28 22:31:55,ignite,,14,4,4,4,1,1.83659166810898,1.0,0.0,15.25,423,423.0,266.0,done,1369.0,,False,1054.596554301537,5.352703333045745,27.4,0.0268652505439343,0.4,0.2,0.8023310023310024,1.0,0.6055553904524156,24.4,0.0
1885d1944db5ce725cf4e0d5714031f13a5764ad,ignite,False,2014-05-28 22:36:58,ignite,,0,2,1,1,1,0.0,4.0,0.0,9.0,425,425.0,268.0,done,170.0,,False,82.01229106038286,4.056678418783608,3.0,0.0370630835339594,0.0,0.0,0.7,1.0,0.0,13.0,0.0
e64a49ed5df0c6cfafa20d0615c1fc36d3ffb3ff,ignite,False,2014-05-28 23:10:48,ignite,,283,382,23,16,1,2.62359224323532,0.1739130434782609,0.0,0.8695652173913041,104,104.0,63.0,done,179.0,,False,21.961087978308615,3.762098880093584,2.1666666666666665,0.1492124099128428,0.0,0.0,0.0,1.6666666666666667,0.5,10.833333333333334,0.0
25d63fbf0e003b3ed4be8982deb0bfcc5fecc590,ignite,False,2014-05-29 01:16:09,ignite,,26,23,2,1,1,0.803090976014698,2.0,1.0,9.5,71,71.0,45.0,done,392.0,,False,757.0718649916365,5.153743075081373,22.0,0.0316317418497592,0.3333333333333333,0.0,0.7761904761904761,1.3333333333333333,0.4259259259259259,26.0,0.0
10bfa1ebcd5083f67972614d1289bebd60fb6b03,ignite,False,2014-05-29 03:13:35,ignite,,19,13,2,2,1,0.448864488723029,1.5,0.0,4.0,439,439.0,274.0,done,2559.0,,False,1366.0483155713457,5.037119963024848,54.0,0.0440621293714993,1.3333333333333333,2.0,0.9005952380952381,1.3333333333333333,0.2838827838827839,16.333333333333332,0.0
b14eb64db7071126b06ada48a03d5964bd6eb8a1,ignite,False,2014-05-29 03:54:50,ignite,,33,12,3,3,1,1.14497219689775,2.0,11.0,8.0,230,230.0,177.0,done,1505.0,,False,2039.28704864736,5.084474789515611,57.0,0.0260321716457615,1.5,2.5,0.9045454545454544,1.5,0.3095238095238095,24.0,0.0
cee11cf53936f3b36a5d5037b0740788abae59ff,ignite,False,2014-05-29 05:34:41,ignite,,8,0,2,1,1,0.811278124459133,2.5,0.5,7.5,287,287.0,140.0,done,1213.0,,False,946.8901980356447,4.882886304824025,25.5,0.0465508959469806,0.0,0.0,0.967741935483871,1.5,0.5625,17.0,0.0
9c9bf07c82992cfca82fd15df946b6d91877f310,ignite,True,2014-05-29 14:50:54,ignite,1826.0,5,2,1,1,1,0.0,2.0,0.0,3.0,440,440.0,275.0,done,605.0,2019-05-30 12:49:23,False,498.5531137771406,4.699385522154595,16.0,0.0320928694613513,1.0,0.0,0.8571428571428571,0.0,0.9,24.0,0.0
08160c408c2db6bdb18e0f9948a7a8b572e5a262,ignite,False,2014-05-29 16:25:24,ignite,,26,19,2,2,1,0.836640741941167,1.0,0.0,2.5,40,40.0,23.0,done,1384.0,,False,814.9449099693405,4.812599123000925,33.0,0.052038636892165,0.6666666666666666,0.0,0.489760348583878,1.0,0.3830409356725146,20.333333333333332,0.0
065816e74f37f084a288b12a4de7ad59f0c1ea20,ignite,False,2014-05-29 18:14:35,ignite,,0,8,2,1,1,0.811278124459133,3.0,0.0,9.0,290,290.0,141.0,done,1221.0,,False,859.7265313603776,4.799530624101238,22.0,0.04919951087177,0.0,0.0,0.9666666666666668,1.5,0.4791666666666666,17.0,0.0
0a56838ef1eef608be8fec00bc163f37cb347e91,ignite,False,2014-05-29 20:28:18,ignite,,31,23,8,7,1,2.87394790367527,1.125,0.0,7.875,292,292.0,143.0,done,2327.0,,False,408.0125558609865,4.566117011246534,15.5,0.059736572089102,0.375,0.0,0.4621212121212121,1.0,0.6238782051282051,14.25,0.0
810ad8bb5ff7aeb756530213b927ba9dff28164e,ignite,False,2014-05-29 22:58:25,ignite,,56,23,3,2,1,1.05272833422032,0.666666666666667,0.333333333333333,2.3333333333333304,198,198.0,57.0,done,139.0,,False,214.0414981608413,4.404792586342858,12.833333333333334,0.0735411819788943,0.8333333333333334,0.0,0.8456349206349206,1.0,0.4317099567099567,16.666666666666668,0.0
650bf8c0682f1464906afe04e1cef52913e21254,ignite,False,2014-05-30 09:33:40,ignite,,3,0,1,1,1,0.0,8.0,0.0,64.0,240,240.0,186.0,done,3109.0,,False,48.105716335834195,4.093069207771889,2.0,0.0415751006811261,0.0,0.0,1.0,0.0,1.0,9.0,0.0
23ee83e498fb8ba3a98cd0099c5552506e71a3fa,ignite,False,2014-05-30 16:08:48,ignite,,5,29,8,7,1,2.24721504624185,1.125,2.0,6.125,244,244.0,188.0,done,479.0,,False,242.1602133046108,3.723531698883086,10.0,0.0412949751882696,0.0,0.0,1.0,0.0,0.0,13.0,0.0
34dcadefda94f29c13c32f4ee366f7d6d871033c,ignite,False,2014-05-30 16:16:18,ignite,,2,1,1,1,1,0.0,2.0,0.0,10.0,203,203.0,62.0,done,425.0,,False,1013.8419204576862,5.22861130461802,50.0,0.0493173531209166,2.0,5.0,1.0,1.0,0.1875,13.0,0.0
fcd7b78b9a8caf53da2ea75ebc28d65044eee95b,ignite,False,2014-05-30 17:08:08,ignite,,2,4,1,1,1,0.0,1.0,0.0,1.0,337,337.0,170.0,done,166.0,,False,2052.755661845248,5.4695719582836935,27.0,0.0131530510434589,0.0,0.0,0.8571428571428571,3.0,0.1428571428571428,17.0,0.0
9dbd6159f4ca6b8a34d9aa15d944b6e03bdd73f6,ignite,False,2014-05-30 17:38:25,ignite,,10,19,5,3,1,1.68556720202412,0.2,0.0,6.0,434,434.0,275.0,done,972.0,,False,1319.7224814284004,4.493178637961489,28.25,0.0253706151183697,0.25,0.75,0.3283898305084746,0.75,0.2103448275862069,17.0,0.0
e70a1e6378315e462ffdcfbeefd8debda071d63a,ignite,False,2014-05-30 18:51:48,ignite,,3,1,1,1,1,0.0,2.0,0.0,12.0,436,436.0,277.0,done,34.0,,False,85.95159310338741,3.976033054793903,4.0,0.0465378226926937,0.0,0.0,1.0,0.0,0.5,11.0,0.0
1545303573760b09445cf9e60a54e28809277335,ignite,False,2014-05-30 21:15:53,ignite,,17,9,5,4,1,1.50587625560411,2.0,0.0,19.6,441,441.0,281.0,done,7126.0,,False,4621.852700731831,4.864432945606455,120.66666666666669,0.0411219919291745,0.6666666666666666,1.8333333333333333,0.7619047619047619,0.3333333333333333,0.5653172348484848,20.0,0.0
f7e36e2eca8743f478abd9871a7a4ce53bc59e98,ignite,False,2014-05-30 22:49:03,ignite,,1,1,1,1,1,0.0,2.0,0.0,5.0,327,327.0,164.0,done,438.0,,False,24.0,4.011365041826378,1.0,0.0416666666666666,0.0,0.0,1.0,0.0,1.0,12.0,0.0
76a05227022b4770c4a50051cb75c94faa8fdc5f,ignite,False,2014-05-30 23:11:25,ignite,,5,3,1,1,1,0.0,4.0,0.0,8.0,455,455.0,285.0,done,1248.0,,False,3175.966877272606,5.546273230705441,100.0,0.0314864744703748,1.0,7.0,0.7142857142857143,5.0,0.2413793103448276,28.0,0.0
615a9f065f7325521f3b3d68a1d0113886f8021b,ignite,False,2014-05-31 02:22:37,ignite,,1,3,1,1,1,0.0,3.0,1.0,4.0,248,248.0,191.0,done,832.0,,False,3826.7995248857537,5.42046386506499,123.0,0.0321417412122397,1.0,1.0,0.6595744680851063,2.0,0.1621621621621621,24.0,0.0
5884da0ae59ae61b300bf891eda3f02225814bbb,ignite,False,2014-05-31 02:32:32,ignite,,14,4,1,1,1,0.0,2.0,4.0,6.0,340,340.0,172.0,done,833.0,,False,759.2544054796165,5.00713512615083,29.0,0.0384669653391948,0.0,0.0,0.7619047619047619,0.5,0.4895833333333333,18.0,0.0
101e746f24911ff7865aeaff22ce076429cae457,ignite,False,2014-05-31 02:57:52,ignite,,4,2,3,3,1,1.45914791702724,1.6666666666666698,34.0,3.6666666666666696,342,342.0,173.0,done,188.0,,False,1380.210562777645,3.810552622338855,57.0,0.0412980464989984,0.0,0.0,1.0,0.0,0.0,13.0,0.0
158133192ef7440b4b30a6e30631f820afe52861,ignite,False,2014-05-31 03:29:23,ignite,,1,4,1,1,1,0.0,2.0,31.0,5.0,250,250.0,192.0,done,599.0,,False,4889.888850983657,5.707049433877537,104.0,0.0212683770877694,1.0,3.0,0.8214285714285714,1.0,0.2413793103448276,31.0,0.0
954d117f2067ca1898f45f53f2a123dc2b4138c6,ignite,False,2014-05-31 13:57:37,ignite,,10,21,4,2,1,1.54085639012478,1.5,0.0,16.25,457,457.0,286.0,done,7800.0,,False,3417.309423209314,5.395227151352952,84.25,0.028576516942163,0.25,0.5,0.4414758628468306,8.75,0.2941086691086691,27.75,0.0
909dfe3e46a212c42ec36a214bcc4b1ba9749c7b,ignite,False,2014-05-31 15:36:03,ignite,,5,5,2,2,1,0.7219280948873621,3.0,0.5,13.5,343,343.0,174.0,done,4739.0,,False,1436.4082637789795,4.605539104503399,47.666666666666664,0.0730069085919634,0.3333333333333333,0.3333333333333333,0.2513661202185792,5.0,0.4275362318840579,23.0,0.0
fe6653b1c98d424527053ffe9e1c6f208d9e974a,ignite,False,2014-05-31 16:06:19,ignite,,4,4,1,1,1,0.0,5.0,0.0,19.0,344,344.0,175.0,done,4942.0,,False,275.7085700626724,4.687110883694162,13.5,0.0343323009116288,0.5,0.0,0.6666666666666666,1.0,0.3611111111111111,19.5,0.0
ec37e93855994e244094c700e2502fb8c6e118f5,ignite,False,2014-06-02 14:02:37,ignite,,1,1,1,1,1,0.0,2.0,0.0,6.0,206,206.0,63.0,done,629.0,,False,114.4489595550095,4.57212780078736,5.0,0.043687596806826,1.0,0.0,0.0,1.0,0.0,22.0,0.0
fe4db24c8612d85f8f324956a5ae2f9a44138f35,ignite,False,2014-06-02 18:00:01,ignite,,12,12,5,2,1,2.2924812503605803,0.4,3.2,2.8,207,207.0,64.0,done,577.0,,False,24.12338575346896,4.155416778916416,2.2,0.0962152779846126,0.0,0.0,0.8,2.2,0.0,14.4,0.0
a476e6fba6b28d40fa48cf5bee1e7e7550b172df,ignite,True,2014-06-02 20:40:37,ignite,254.0,26,26,12,6,1,2.7696472714653395,0.833333333333333,14.666666666666698,8.33333333333333,347,347.0,177.0,done,9109.0,2015-02-12 11:01:57,False,173.0304737154562,4.740265605472481,6.666666666666667,0.0342944909860215,0.0,0.0,0.6,0.3333333333333333,0.611111111111111,12.0,0.0
72ea7f173e8cfdc8b41858c84c7977ef8c2bda03,ignite,False,2014-06-02 21:19:23,ignite,,7,6,1,1,1,0.0,2.0,2.0,23.0,79,79.0,50.0,done,463.0,,False,123.17914566864846,4.602359429010008,4.5,0.0408010798987486,0.5,0.0,0.8,1.5,0.25,16.5,0.0
57909d6ae78cc4e240090f2d8f328362c6d0f428,ignite,False,2014-06-02 21:40:52,ignite,,16,18,1,1,1,0.0,3.0,5.0,3.0,350,350.0,178.0,done,883.0,,False,866.9913572039502,4.842192995563697,27.142857142857142,0.0412054301201485,0.1428571428571428,0.0,0.6497538409303115,1.5714285714285714,0.6575178789464503,19.857142857142858,0.0
f704d3614f51adbc60bc9b89ee967df7c0cea9c1,ignite,True,2014-06-02 21:43:45,ignite,693.0,2,2,1,1,1,0.0,4.0,0.0,4.0,351,351.0,179.0,done,881.0,2016-04-26 02:57:00,False,377.83057586185595,4.582200450057705,14.0,0.0370536449255465,0.0,0.0,1.0,0.0,0.8571428571428571,25.0,0.0
4026d700ad0b52fd546a3540752fd75c4b6609a4,ignite,False,2014-06-02 22:16:00,ignite,,6,2,2,2,1,1.0,0.5,2.5,0.5,353,353.0,180.0,done,468.0,,False,279.69276394968557,4.725416983863034,8.0,0.0286028136267377,0.0,0.0,0.6,1.0,0.6,17.0,0.0
821e667dbbee15f57731f277670eb9474ae359dc,ignite,False,2014-06-03 00:03:39,ignite,,6,5,4,3,1,1.98082593622908,1.25,4.75,12.0,82,82.0,53.0,done,189.0,,False,10.0,3.238901256602631,0.0,0.0,0.0,0.0,0.0,0.0,0.0,7.0,0.0
8049e0386223e0411509525d901e14ad2d6e85dc,ignite,False,2014-06-03 11:42:46,ignite,,13,4,1,1,1,0.0,0.0,0.0,0.0,212,212.0,67.0,done,126.0,,False,132.64361252668277,4.226239254480125,9.0,0.0678509867800045,0.0,0.0,0.0,9.0,0.0,6.0,0.0
4cfd48a92f0d70a2e645fd580556c7d7bd975e27,ignite,False,2014-06-03 15:14:00,ignite,,0,12,1,1,1,0.0,8.0,0.0,19.0,47,47.0,29.0,done,5196.0,,False,216.22022703449025,4.560413652339356,7.0,0.0323743994537726,1.0,0.0,1.0,0.0,0.5,20.0,0.0
f6d80929d28eb5bf61d8dea9aee70353c6ee6d54,ignite,False,2014-06-03 16:28:56,ignite,,19,28,13,7,1,3.5251403839062703,0.230769230769231,1.7692307692307698,4.30769230769231,216,216.0,71.0,done,754.0,,False,351.8650195569524,4.452197260276434,20.333333333333332,0.0646809848954002,0.3333333333333333,0.0,0.4236111111111111,4.333333333333333,0.2291666666666666,12.333333333333334,0.0
ababf68ca66437d14a504c9a3b305a0c5d4d6f39,ignite,True,2014-06-03 18:12:19,ignite,255.0,33,23,3,2,1,1.44881563572518,3.3333333333333304,1.33333333333333,30.0,359,359.0,182.0,done,8539.0,2015-02-14 11:34:43,False,3801.9615352162514,4.935390726062344,98.66666666666669,0.0261772254515946,0.3333333333333333,0.0,0.7169312169312169,0.6666666666666666,0.3055555555555556,18.0,0.0
4f707860aea50e3729eb37fce2e152dd7e6ee0a2,ignite,False,2014-06-03 22:03:26,ignite,,12,9,7,2,1,2.5993895916167005,0.285714285714286,0.0,5.14285714285714,217,217.0,72.0,done,484.0,,False,371.87483346707216,4.897349114447493,13.8,0.0457329539973982,1.6,0.0,0.8729629629629629,1.0,0.2444444444444444,19.6,0.0
e4452bdecc1397b837482f8fa4c1ee818cd9b3dd,ignite,False,2014-06-03 23:50:54,ignite,,2,2,2,1,1,1.0,0.5,6.0,3.5,445,445.0,284.0,done,122.0,,False,27.0,3.9321380397593737,0.0,0.0,0.0,0.0,0.0,0.0,0.0,10.0,0.0
8701787d94a06980b6022e3e4b7439542a4de872,ignite,False,2014-06-04 06:59:46,ignite,,11,8,3,2,1,1.4329831210560102,2.0,3.3333333333333304,6.0,265,265.0,202.0,done,2154.0,,False,1111.7740657709844,5.1984619907228975,50.0,0.044973166346821,1.0,0.0,0.96,1.0,0.5714285714285714,18.0,0.0
f0da12e7e3d0c9b6e6947b6bec4b2801d9938873,ignite,False,2014-06-04 16:37:58,ignite,,14,6,2,1,1,0.811278124459133,3.5,4.0,17.0,462,462.0,290.0,done,1780.0,,False,1046.480701272823,5.321802965820589,33.6,0.0373344468107207,0.0,0.0,0.720402711323764,4.8,0.4842730953257269,17.6,0.0
6c5ca0a1638392c3a28b3ffabb6feb577a207be3,ignite,False,2014-06-04 16:43:44,ignite,,3,2,2,1,1,0.970950594454669,0.5,9.5,4.0,448,448.0,286.0,done,311.0,,False,686.1477858493201,4.777961504695851,22.5,0.0393241191244125,0.5,0.5,0.931818181818182,1.5,0.325,23.5,0.0
437ec72dbf39c645ccb981e7417aea3229336e82,ignite,False,2014-06-04 17:17:12,ignite,,1,1,1,1,1,0.0,1.0,4.0,16.0,450,450.0,288.0,done,404.0,,False,34.86917501586544,4.082597923010943,3.0,0.0860358754870169,0.0,0.0,1.0,1.0,0.0,10.0,0.0
c81164ed9c14a497b5da5b523ccd30312e064e9d,ignite,False,2014-06-04 17:31:08,ignite,,0,2,1,1,1,0.0,0.0,0.0,0.0,451,451.0,289.0,done,360.0,,False,482.1526035928269,5.296207964462376,33.0,0.0684430608776058,0.0,0.0,1.0,6.0,0.0769230769230769,20.0,0.0
efbe4ca72e3b7671e87350d5543417949c3b828f,ignite,False,2014-06-04 18:08:46,ignite,,2,2,1,1,1,0.0,1.0,0.0,17.0,453,453.0,290.0,done,404.0,,False,129.76616877560105,4.264562853561609,6.5,0.0652734777420321,0.0,0.0,0.75,1.0,0.25,13.0,0.0
d64e8b99cc6696ab3d439277dbea16dec590f131,ignite,False,2014-06-04 18:14:11,ignite,,1,2,1,1,1,0.0,1.0,0.0,6.0,455,455.0,291.0,done,196.0,,False,1261.7465516152165,5.004786024890749,38.0,0.0301169834396254,1.0,1.0,0.8636363636363636,0.0,0.4,23.0,0.0
493e65b2307ce707d6777491368234bb97f43bbb,ignite,False,2014-06-04 18:52:59,ignite,,9,8,4,3,2,1.7574839898128798,1.25,19.75,6.5,457,457.0,0.900760886824626,done,517.0,,False,751.9324709323562,4.855830168357842,31.0,0.0457480551292639,0.2,0.2,0.8093939393939393,0.4,0.5,19.8,0.0
909741a4bc1e9162a29b56c900892f42b5a01a7c,ignite,False,2014-06-04 19:22:39,ignite,,5,3,1,1,1,0.0,7.0,0.0,26.0,463,463.0,291.0,done,714.0,,False,598.8888512198058,4.603650683134192,13.0,0.047521381411961,0.0,0.0,0.8125,2.6666666666666665,0.5146198830409356,13.0,0.0
a298fb2b0174209859e77fe57e2f7564552b3998,ignite,False,2014-06-04 19:58:24,ignite,,11,8,3,2,1,1.432983121056,2.0,3.3333333333333304,6.0,265,265.0,202.0,done,2154.0,,False,1111.7740657709844,5.1984619907228975,50.0,0.044973166346821,1.0,0.0,0.96,1.0,0.5714285714285714,18.0,0.0
6f4420f31a063f33095bb0d230638ceaf8e25139,ignite,False,2014-06-04 21:23:19,ignite,,45,7,4,2,2,1.32733370723595,0.0,0.0,0.0,363,363.0,0.877227347967014,done,505.0,,False,76.0,4.432294243948858,4.0,0.0526315789473684,0.0,0.0,1.0,0.0,0.75,11.0,0.0
c90fb378814f63c9ec6c57ede55d600dbdd995f1,ignite,False,2014-06-04 21:39:45,ignite,,4,0,1,1,1,0.0,8.0,1.0,70.0,365,365.0,186.0,done,3079.0,,False,9977.720747197664,5.874450866071058,197.0,0.0219269619105676,1.0,1.5,0.7019230769230769,2.0,0.5726129216695255,28.5,0.0020242914979757
0e1c08adbfe7c69f5d28c28122cc32ad471a6ab8,ignite,False,2014-06-04 22:32:04,ignite,,59,65,2,2,2,0.2795055456366799,1.5,0.0,4.5,464,464.0,0.9000590146315519,done,96.0,,False,64.72503367497927,3.9683403313485464,3.0,0.04634991794774,0.0,0.0,1.0,0.0,0.5,11.0,0.0
10bd22043f911a918e03a20cf5a7cebec0ae4b4c,ignite,False,2014-06-04 22:38:41,ignite,,1,1,1,1,1,0.0,8.0,0.0,23.0,320,320.0,156.0,done,5239.0,,False,2965.185735164298,5.629069502967473,88.0,0.0296777361891375,2.0,2.0,0.8333333333333334,0.0,0.6756756756756757,20.0,0.0
246e4ebca973bdbdd9a1b05f2feb4b67240d22c0,ignite,False,2014-06-04 23:17:47,ignite,,59,59,1,1,1,0.0,2.0,0.0,8.0,466,466.0,300.0,done,96.0,,False,1308.3616741406242,3.894036606441672,48.0,0.0366871033818137,0.0,0.0,1.0,0.0,0.6666666666666666,13.0,0.0
0ebc9be6d657c3ddb629c1eca8d030d45150cf29,ignite,False,2014-06-05 15:57:33,ignite,,9,9,5,3,1,1.87996494872711,0.2,71.2,0.8,51,51.0,32.0,done,353.0,,False,77.70923408096293,3.822579761842492,1.0,0.012868483544158,0.0,0.0,0.0,1.0,0.0,8.0,0.0
28088089772015e1fa6dbf93635ffafc4c97ccac,ignite,False,2014-06-05 18:43:42,ignite,,9,21,9,4,1,3.0540969647593905,0.666666666666667,0.555555555555556,6.44444444444444,468,468.0,294.0,done,2000.0,,False,558.1048532576017,5.101041133488806,22.5,0.0400792359883636,0.0,0.0,0.7777777777777778,2.5,0.2111111111111111,19.0,0.0
30a2fde8618545f938d7c1cc05cfb77082117c11,ignite,False,2014-06-05 20:18:15,ignite,,4,2,1,1,1,0.0,1.0,0.0,1.0,368,368.0,188.0,done,353.0,,False,97.67226489021296,3.85058790580886,1.0,0.0102383209923926,0.0,0.0,0.0,1.0,0.0,8.0,0.0
b17fd0267c0404549c044da9ce22c43a00f31cf3,ignite,False,2014-06-05 20:50:28,ignite,,1,1,1,1,1,0.0,6.0,0.0,19.0,98,98.0,51.0,done,2957.0,,False,4556.635832237318,4.76435219037094,96.0,0.021068174753141,0.0,0.0,1.0,1.0,0.0,12.0,0.0
b3309cc8a7ac234dc1f19a9ac1fd70c139dc31c7,ignite,True,2014-06-05 23:30:21,ignite,1085.0,7,7,5,3,1,1.9852281360342496,0.8,9.2,7.8,155,155.0,108.0,done,880.0,2017-05-26 12:27:56,False,352.0864447849443,4.817891793674336,16.5,0.0595928637173532,0.5,0.0,0.75,1.5,0.2916666666666666,20.0,0.0
1a9e04451da7051123e33d4ecccfc0740f3698ab,ignite,False,2014-06-06 01:08:14,ignite,,1,1,1,1,1,0.0,1.0,0.0,15.0,156,156.0,109.0,done,578.0,,False,522.1624251456735,4.78616747761702,30.0,0.0574533872130507,3.0,4.0,0.5714285714285714,3.0,0.1818181818181818,15.0,0.0
4d08ab4b41a958400301e4e518c5b8102d561d1e,ignite,False,2014-06-06 10:36:54,ignite,,1,0,1,1,1,0.0,1.0,0.0,1.0,145,145.0,99.0,done,325.0,,False,2341.018854376675,5.4203064950864945,65.0,0.0277656883790058,1.0,0.0,0.8461538461538461,1.0,0.1111111111111111,29.0,0.0
c640ffb92067c0ab49509e61ffff1469ec59df66,ignite,False,2014-06-06 14:32:40,ignite,,196,84,13,5,1,3.56808993983615,0.307692307692308,0.0,5.230769230769232,279,279.0,214.0,done,7686.0,,False,1955.8755457313264,4.861193265600695,59.0,0.0333268797666632,1.4838709677419355,0.0,0.9543876420727464,1.3225806451612905,0.659829356423078,16.612903225806452,0.0
5fbc3d981ef9fd1092ec7cd0d35c5dfaadde1be1,ignite,False,2014-06-06 16:24:56,ignite,,2,2,1,1,1,0.0,2.0,49.0,5.0,474,474.0,297.0,done,942.0,,False,73.08241808752197,3.6672356897691465,4.0,0.0547327264843602,0.0,0.0,0.8,0.0,1.0,7.0,0.0
5f35a03aadf2db8655976085f37b3d9e3fe6710e,ignite,False,2014-06-06 19:34:03,ignite,,9,9,9,1,1,3.1699250014423104,0.333333333333333,0.8888888888888891,1.6666666666666698,332,332.0,162.0,done,2824.0,,False,299.95810215383034,4.6181347844523115,5.0,0.0216750098559251,0.0,0.0,0.4541666666666666,0.0,0.5208333333333333,18.125,0.0
b1a614384ba3d3693c382c128ee626940ef52fe7,ignite,False,2014-06-06 20:11:01,ignite,,34,12,5,4,2,2.01633554546292,1.8,3.8,6.0,91,91.0,0.9984725502862328,done,438.0,,False,373.83951873331046,4.8757979362848936,12.5,0.0336769013003062,0.5,0.0,0.6666666666666666,1.0,0.2083333333333333,15.5,0.0
c123935ae8dcf8212ff6814a23ea84fb99f3f9a6,ignite,False,2014-06-06 20:13:51,ignite,,1,1,1,1,1,0.0,3.0,0.0,25.0,485,485.0,313.0,done,435.0,,False,1018.0376252379816,5.492732871555582,5.0,0.0049114098300946,0.0,0.0,0.8235294117647058,1.0,0.6666666666666666,20.0,0.0
bb2a6e9a84179b315ece22e6973cd97a91886a53,ignite,False,2014-06-06 22:25:14,ignite,,2,8,3,3,1,1.4854752972273302,1.33333333333333,0.0,26.0,488,488.0,316.0,done,2567.0,,False,552.2020567566688,4.338773376770994,8.0,0.0144874505665328,0.0,0.0,0.7058823529411765,1.0,0.7142857142857143,22.0,0.0
b67df662bdf46f88528fb216a15a83963d444a5f,ignite,False,2014-06-06 23:44:33,ignite,,9,4,3,3,1,1.1981839479118,1.33333333333333,0.0,15.333333333333302,490,490.0,318.0,done,1412.0,,False,477.4852936876924,4.8233550920609805,17.75,0.042199856880175,0.75,0.0,0.7286330049261083,1.75,0.3200757575757575,21.5,0.0
a5bde6d91531420b4480ca9dd01d35bb5ce3eff3,ignite,False,2014-06-06 23:55:52,ignite,,11,2,1,1,1,0.0,4.0,0.0,45.0,491,491.0,319.0,done,1314.0,,False,235.35122889322875,4.610751567748428,14.8,0.0636032688994905,0.2,0.0,0.9666666666666666,1.2,0.6083333333333334,19.0,0.0
501a36c2ee04c8c9cb388378a43e54f215e77148,ignite,False,2014-06-07 10:14:46,ignite,,3,0,1,1,1,0.0,5.0,0.0,22.0,286,286.0,221.0,done,4957.0,,False,327.9908289333776,4.878423891866539,15.666666666666666,0.0599973463106528,0.6666666666666666,0.0,0.6309523809523809,1.3333333333333333,0.5693935693935693,19.0,0.0
915df1cebb39d3354b009c4303c508218dc6e9ea,ignite,False,2014-06-07 10:17:43,ignite,,9,5,2,2,1,0.8631205685666309,2.0,0.0,9.0,288,288.0,222.0,done,198.0,,False,203.6237850504986,4.242596647043605,9.0,0.0442371782522291,0.0,0.0,0.875,1.0,0.3333333333333333,19.0,0.0
c35d8e645ef7b4e51c4ff3bbb6dce88cb623466d,ignite,False,2014-06-07 10:39:10,ignite,,2,3,2,2,1,0.970950594454669,3.0,0.0,10.0,290,290.0,224.0,done,1832.0,,False,261.6781405955539,4.806469524556366,6.5,0.0297204999738809,0.0,0.0,0.2,3.0,0.4375,21.0,0.0
3d1f8e1b53b72f808000586583b0390a339f494e,ignite,True,2014-06-07 11:25:41,ignite,1553.0,52,8,3,2,1,1.36289809711513,1.0,0.666666666666667,5.66666666666667,291,291.0,225.0,done,1398.0,2018-09-07 15:02:12,False,1383.844054706506,4.667685336050137,42.666666666666664,0.0618511578485667,0.6666666666666666,0.0,0.7750677506775068,2.6666666666666665,0.5067567567567567,14.0,0.0
ef7254d575dc17e2027ddbffb90279c0c3ef47df,ignite,False,2014-06-09 13:12:54,ignite,,12,11,2,1,1,0.96563613337061,1.5,2.0,6.5,292,292.0,226.0,done,233.0,,False,184.4773057458928,4.449052048683258,10.0,0.0542917185444986,0.5,0.0,0.6666666666666666,1.0,0.675,15.0,0.0
1e0120986f8b1934bbd67e343f189e1008195bf2,ignite,False,2014-06-09 16:01:02,ignite,,17,17,1,1,1,0.0,4.0,2.0,46.0,492,492.0,320.0,done,1323.0,,False,852.9736429547456,4.788962185404626,31.714285714285715,0.0583370626925401,1.0,1.0,0.9077104304990362,1.1428571428571428,0.4759819580005914,19.714285714285715,0.0
06493e83ea21fe92f5fb3038d5eca6bf1caf4be6,ignite,False,2014-06-09 16:21:43,ignite,,1,1,1,1,1,0.0,4.0,0.0,47.0,494,494.0,321.0,done,1323.0,,False,1378.6930389528782,5.434273679113073,49.0,0.0355409062173953,3.0,0.0,0.7931034482758621,1.0,0.3478260869565217,20.0,0.0
3984f97494678fa560d4e5759b341cce37ddbe98,ignite,False,2014-06-09 17:29:56,ignite,,3,2,1,1,1,0.0,3.0,20.0,6.0,165,165.0,60.0,done,451.0,,False,199.68581616031315,4.806928736355419,4.0,0.0200314678173671,0.0,0.0,0.4285714285714285,0.0,0.3333333333333333,22.0,0.0
e515d2b1d01807a2c18e889273fcf3bf46bf7292,ignite,False,2014-06-09 17:42:15,ignite,,1,1,1,1,1,0.0,2.0,4.0,6.0,248,248.0,88.0,done,548.0,,False,1326.0,3.9900321432615553,54.0,0.0407239819004524,0.0,0.0,0.9814814814814816,1.0,0.0,14.0,0.0
eaf33573cd2fa0663216c9b623d82303da902d89,ignite,False,2014-06-09 18:09:50,ignite,,4,1,1,1,1,0.0,2.0,0.0,7.0,249,249.0,89.0,done,548.0,,False,1423.2861984293131,4.203350922491764,56.0,0.0393455652572192,0.0,0.0,0.9821428571428572,1.0,0.0,17.0,0.0
76ccf4fd6018bb6af2e0b03956020b0965c0f52a,ignite,False,2014-06-09 22:03:57,ignite,,2,0,1,1,1,0.0,2.0,0.0,3.0,501,501.0,325.0,done,274.0,,False,121.01398665684616,4.436844497123309,3.0,0.0247905228385456,0.0,0.0,1.0,0.0,0.6666666666666666,10.0,0.0
fe245b2ed533b4f44e56e0cdc8e6d9a1cd031a28,ignite,False,2014-06-10 03:31:25,ignite,,2,0,1,1,1,0.0,4.0,2.0,4.0,293,293.0,227.0,done,251.0,,False,404.09041853515606,5.063908755854236,2.0,0.0049493873357603,0.0,0.0,0.6666666666666666,1.0,0.3333333333333333,21.0,0.0
ff95e68e0580b7a26bb9f1fbb6070fa5b96d348b,ignite,False,2014-06-10 17:45:29,ignite,,23,2,1,1,1,0.0,3.0,3.0,19.0,167,167.0,116.0,done,355.0,,False,28.52932501298081,4.262692390839622,2.0,0.0701033059523841,0.0,0.0,1.0,0.0,1.0,11.0,0.0
2d8e9e25f691f0310d4a0689f5b20f17d3ff5a99,ignite,False,2014-06-10 19:23:27,ignite,,10,3,1,1,1,0.0,1.0,0.0,1.0,168,168.0,117.0,done,232.0,,False,1694.2767294298133,4.939395627358392,47.0,0.0277404506498871,2.0,0.0,0.7272727272727273,0.0,0.5,23.0,0.0
026709a224490d2519a438fe10776239caa29fbb,ignite,False,2014-06-11 20:23:57,ignite,,2,2,1,1,1,0.0,8.0,4.0,76.0,179,179.0,122.0,done,3107.0,,False,14399.257485079534,6.04597522333981,241.0,0.0167369741286815,1.0,3.0,0.6037735849056604,3.0,0.4848484848484848,30.0,0.0
750a2df4e2c33664a9a62e333e74ad935655893a,ignite,False,2014-06-11 20:50:13,ignite,,2,1,1,1,1,0.0,8.0,0.0,77.0,180,180.0,123.0,done,3107.0,,False,14407.93696517904,6.044977866324361,241.0,0.0167268916141461,1.0,3.0,0.6037735849056604,3.0,0.4848484848484848,30.0,0.0
69f040e909ed00264562f190bf3ea78b30df2f54,ignite,False,2014-06-11 21:25:17,ignite,,3,0,1,1,1,0.0,7.0,5.0,43.0,181,181.0,124.0,done,2323.0,,False,20835.526369598603,6.0356196083392115,514.0,0.0246694031570032,1.0,1.0,0.9581749049429658,1.0,0.3925925925925926,26.0,0.0
d85828e1a748e8abcedf61fbb362b5d3cc6214b2,ignite,False,2014-06-14 03:25:34,ignite,,13,1,1,1,1,0.0,5.0,7.0,24.0,308,308.0,238.0,done,2785.0,,False,482.1526035928269,4.8666688019136695,19.0,0.0394066108083185,0.0,0.0,0.6666666666666666,0.0,0.6666666666666666,16.0,0.0
747f73e8557898fd6c3442438d22c3119d0bc54c,ignite,False,2014-06-16 16:17:34,ignite,,5,4,1,1,1,0.0,2.0,11.0,11.0,166,166.0,114.0,done,174.0,,False,510.61490042993574,4.588387610100185,20.0,0.0387316474176438,0.6666666666666666,0.0,0.7301587301587301,1.0,0.2939393939393939,16.333333333333332,0.0
73c5e43c6c161aa18aa9e8ff2b09e582c7aedce4,ignite,False,2014-06-17 20:17:47,ignite,,41,32,3,3,1,0.485331740240692,2.3333333333333304,6.0,21.3333333333333,329,329.0,166.0,done,362.0,,False,990.779343172649,5.286855653094829,24.5,0.0258450431795336,0.5,0.0,0.8131868131868132,2.0,0.3766233766233766,18.0,0.0
a60daff4f36c9c26bfa4ef2e2af6f52f6ed0f9fb,ignite,False,2014-06-17 21:33:11,ignite,,1,1,1,1,1,0.0,3.0,0.0,9.0,330,330.0,167.0,done,371.0,,False,466.5854635409216,5.252490534021889,12.0,0.025718760950956,0.0,0.0,0.8571428571428571,4.0,0.1818181818181818,14.0,0.0
273b5755279439aa8ee41a3cd441cfbc77954d9a,ignite,False,2014-06-17 21:44:35,ignite,,3,3,1,1,1,0.0,1.0,0.0,1.0,185,185.0,127.0,done,277.0,,False,1833.599461953906,5.41833040061384,43.0,0.0234167987865424,2.0,0.5,0.8116883116883117,1.0,0.201863354037267,23.0,0.0
e76df33308b8d45ac48d1fe2f682adf52319484a,ignite,False,2014-06-17 23:07:58,ignite,,13,6,1,1,1,0.0,1.0,35.0,1.0,99,99.0,52.0,done,464.0,,False,2055.3265255679553,5.535160117275533,72.0,0.0350309301730555,1.0,3.0,0.8333333333333334,2.0,0.2222222222222222,21.0,0.0
a6ef8ae5287d5a703b204c3a0838bd705897378d,ignite,False,2014-06-18 04:23:45,ignite,,82,1,1,1,1,0.0,1.0,0.0,6.0,392,392.0,188.0,done,463.0,,False,839.6684021509736,4.570099164723009,27.0,0.032155550847018,1.0,0.0,1.0,1.0,0.5,9.0,0.0
cbb4e7e8a13283c39a1757ab713ca35595511df6,ignite,False,2014-06-18 16:45:59,ignite,,2,2,2,1,1,1.0,0.5,0.0,4.5,393,393.0,189.0,done,1471.0,,False,1092.2332714248234,4.84328869174821,42.5,0.0481728379229272,1.0,12.5,0.7833333333333333,1.5,0.6,14.5,0.0
a773cb35722a8125bbc986a455e84e0e2325acf4,ignite,False,2014-06-18 17:46:37,ignite,,2,0,1,1,1,0.0,8.0,1.0,79.0,332,332.0,169.0,done,3079.0,,False,14141.828216846208,6.04589660714123,235.0,0.016617370568825,1.0,3.0,0.5935483870967742,3.0,0.5230769230769231,30.0,0.0
f3bb3579a6ce7e3aad3e588f50c153cd714363f9,ignite,False,2014-06-18 21:33:56,ignite,,17,14,2,2,1,0.5547781633412739,1.5,0.5,9.5,391,391.0,194.0,done,110.0,,False,15.509775004326936,3.521640636343319,1.0,0.0644754678724236,0.0,0.0,1.0,0.0,1.0,7.0,0.0
1e452b40d4818cbbcd385e0cf0ba306fe1d68f8d,ignite,False,2014-06-18 23:38:31,ignite,,3,3,1,1,1,0.0,3.0,0.0,12.0,334,334.0,171.0,done,381.0,,False,1031.0234034775306,5.327391748448513,24.0,0.0220594547066782,0.5,0.0,0.7222222222222222,2.0,0.349802371541502,18.0,0.0
63a45b0d778307b339eaed4971b5af6f8007761e,ignite,False,2014-06-18 23:39:37,ignite,,0,2,1,1,1,0.0,3.0,0.0,13.0,335,335.0,172.0,done,381.0,,False,1622.9632740824186,5.429576789375829,38.0,0.023413961737048,1.0,0.0,0.7692307692307693,0.0,0.5909090909090909,22.0,0.0
6aaeaa4051267b4200f4f8ec47fd59f58d373a84,ignite,False,2014-06-19 21:03:24,ignite,,1,3,1,1,1,0.0,3.0,0.0,23.0,191,191.0,132.0,done,955.0,,False,420.60075897674335,5.060573008607752,20.0,0.0475510316449663,1.0,0.0,1.0,1.0,0.5833333333333334,14.0,0.0
555b971f26f35df5679461f1ea89c12ab529c38c,ignite,False,2014-06-20 01:03:38,ignite,,1,1,1,1,1,0.0,0.0,0.0,0.0,195,195.0,136.0,done,305.0,,False,65.72920075410865,3.606137660667954,0.0,0.0,0.0,0.0,0.0,0.0,0.0,29.0,0.0
7ba91bb16ac5d1731fde020fe72b9487d2d191d3,ignite,False,2014-06-20 23:22:26,ignite,,1,1,1,1,1,0.0,2.0,13.0,2.0,338,338.0,174.0,done,1359.0,,False,194.51316411045156,4.406209237817107,9.0,0.0462693619794775,0.0,0.0,0.625,2.0,0.5714285714285714,17.0,0.0
7469f4b678d2ea8ad331ea5a47cdc69e4a6e6815,ignite,False,2014-06-21 01:56:00,ignite,,6,1,1,1,1,0.0,3.0,1.0,16.0,196,196.0,137.0,done,135.0,,False,544.2188792043723,4.83398119814135,14.0,0.0273532884975613,0.5,0.0,0.7611111111111111,1.0,0.4923076923076923,22.0,0.0
175cc61cb850fbaa0e4828ac98842b6dbdb00478,ignite,False,2014-06-22 01:30:29,ignite,,6,2,1,1,1,0.0,1.0,0.0,2.0,226,226.0,120.0,done,577.0,,False,225.8628963480933,4.483652656598936,7.5,0.0364493163687412,0.5,0.0,0.5892857142857143,0.5,0.425,19.5,0.0
372411b98f1415989b8d913d83e7247363c6c186,ignite,False,2014-06-22 06:24:26,ignite,,13,9,4,4,1,1.24330036853896,2.75,0.0,17.25,413,413.0,206.0,done,6536.0,,False,2363.723211581122,4.586298166368464,58.54545454545455,0.061459946408275,0.0909090909090909,0.0909090909090909,0.2686106346483705,0.2727272727272727,0.3989145183175033,14.272727272727272,0.0
0ddcc7b13b6fd93e1242f58ec13d5f95105562f7,ignite,False,2014-06-22 13:35:33,ignite,,12,2,1,1,1,0.0,1.0,0.0,5.0,229,229.0,123.0,done,662.0,,False,2034.416641477787,5.539314320239801,68.0,0.0334248150617787,1.0,3.0,0.9,2.0,0.2083333333333333,25.0,0.0088495575221238
9dd3da57bdee3f6fa14bedf64b80d1f22ccc3260,ignite,False,2014-06-24 02:34:13,ignite,,2,0,1,1,1,0.0,4.0,0.0,50.0,201,201.0,141.0,done,1349.0,,False,788.2741686144868,5.332894819395864,33.0,0.041863606996031,0.0,0.0,0.7222222222222222,2.0,0.4,20.0,0.0
25a82e1c8cb9b9f47d6d8ab512315847310df3b1,ignite,False,2014-06-24 04:29:49,ignite,,10,0,2,2,1,0.468995593589281,1.5,6.5,12.5,328,328.0,249.0,done,298.0,,False,5043.458750793272,4.018472387919707,196.0,0.0388622192992401,0.0,0.0,1.0,0.0,0.9090909090909092,13.0,0.0
370aa7975cf491d87ad65b1bb983afb916e6f38c,ignite,False,2014-06-24 04:32:17,ignite,,2,1,1,1,1,0.0,3.0,2.0,5.0,330,330.0,250.0,done,506.0,,False,374.43766023698254,5.20997237676845,19.0,0.0507427591230402,0.0,0.0,0.875,3.0,0.375,25.0,0.0
54981ae2a55f7962e8811693be2bd1000d3b60df,ignite,False,2014-06-24 04:32:35,ignite,,8,8,1,1,1,0.0,1.0,0.0,9.0,424,424.0,217.0,done,1247.0,,False,476.218064229967,4.864377109088173,14.75,0.0514354555591481,0.5,0.0,0.1712962962962962,1.25,0.3005952380952381,19.0,0.0
3942568ae5887df2d8808d2d654db72809a58d0d,ignite,False,2014-06-25 15:59:44,ignite,,3,8,6,3,1,2.41308843642576,0.666666666666667,0.0,12.0,115,115.0,70.0,done,261.0,,False,8.0,3.238901256602631,1.0,0.125,0.0,0.0,1.0,1.0,0.0,7.0,0.0
da27d88ecdb6b4d97e0260b2095432150612f078,ignite,True,2014-06-25 16:02:29,ignite,1659.0,25,54,8,5,2,2.75955758067804,0.75,38.625,4.75,114,114.0,0.9984725502862328,done,336.0,2019-01-10 13:38:00,False,128.62740010998235,4.424453918806314,5.0,0.031322273010343,0.5,0.75,0.425,0.5,0.6785714285714286,12.25,0.0
7a181a964480541851f4aeac81019b5153dc56c3,ignite,True,2014-06-25 18:31:17,ignite,1065.0,26,17,6,5,1,2.3312934800081098,0.666666666666667,6.5,14.5,206,206.0,145.0,done,1794.0,2017-05-26 12:27:56,False,805.6116979746571,5.158035448186224,19.833333333333332,0.0327040946818395,0.1666666666666666,0.3333333333333333,0.697165072925722,1.6666666666666667,0.4524410774410774,21.666666666666668,0.0
fc45ad4679259b6513d7a82007d3e15928783da7,ignite,False,2014-06-25 19:07:27,ignite,,2,2,1,1,1,0.0,1.0,0.0,4.0,437,437.0,229.0,done,1062.0,,False,140.55415752892034,4.69868935122372,10.0,0.0711469527177978,0.0,0.0,1.0,1.0,0.5,17.0,0.0
ed5adaa5827e653ef004e1fc3612e30474791339,ignite,False,2014-06-25 19:10:39,ignite,,2,2,1,1,1,0.0,9.0,0.0,27.0,392,392.0,195.0,done,5318.0,,False,237.64370102116973,4.703802053222393,9.0,0.0405971747723266,1.0,0.5,0.4791666666666666,1.5,0.3928571428571428,20.0,0.0
a0586844c2e5fe787d5bbdf9eb9ce47e6586e3db,ignite,False,2014-06-25 20:08:22,ignite,,69,27,2,2,1,0.249882292833185,1.0,0.0,4.5,439,439.0,230.0,done,1062.0,,False,90.31934817749844,4.445359025540017,6.529411764705882,0.083852254381539,0.0,0.0,0.8431372549019607,1.0,0.5,13.470588235294118,0.0
fc566a6c0d48126335d410488be19844e499b07b,ignite,False,2014-06-25 20:53:31,ignite,,19,18,8,6,1,2.9210470287895696,0.875,9.0,5.25,440,440.0,231.0,done,1392.0,,False,653.0796595648876,4.244643511863515,24.25,0.0413862918555855,0.0,0.0,0.7753623188405797,0.75,0.4666666666666667,16.375,0.0
2fca33c3952efc511dea241281b62bc5e7c18c39,ignite,False,2014-06-26 11:36:55,ignite,,118,97,3,2,1,0.176139088148131,3.3333333333333304,1.33333333333333,20.0,241,241.0,132.0,done,3303.0,,False,4692.258605094101,4.925519525072895,122.8,0.0334567379577953,0.8,1.0,0.8116859716859718,1.0,0.4067599067599068,20.0,0.0064
5528a3d265bfe98a627917196861a8d288935f23,ignite,False,2014-06-26 11:51:04,ignite,,45,30,1,1,1,0.0,3.0,0.0,5.0,335,335.0,254.0,done,2048.0,,False,1170.6459668230066,4.722981248497615,34.0,0.0290437937374626,1.0,0.0,0.6363636363636364,0.0,0.8,37.0,0.0
de3e2f082e2c7214752c1cd167858f0e52f5b89d,ignite,False,2014-06-26 17:00:21,ignite,,22,18,4,3,1,1.7822287189138002,1.75,31.25,7.5,243,243.0,134.0,done,1448.0,,False,269.39139423259127,4.384268899512347,9.6,0.0461943431441907,0.2,0.0,0.4228571428571429,0.4,0.5288888888888889,14.0,0.0
ab68aa2fab626358cc92ccba067be0158adb50bf,ignite,False,2014-06-26 18:01:47,ignite,,49,33,4,2,1,1.81145617898446,1.0,0.0,10.25,569,569.0,381.0,done,359.0,,False,2060.5586863452977,5.169517394689364,73.0,0.0354272850774642,1.0,0.0,0.8181818181818182,1.0,0.8125,12.0,0.0
655526d0ed185e9e6797e9f75b8224073de8701c,ignite,False,2014-06-26 21:03:58,ignite,,3,1,1,1,1,0.0,1.0,0.0,1.0,121,121.0,75.0,done,283.0,,False,88.0,4.150333532528701,2.0,0.0227272727272727,0.0,0.0,0.4,0.0,0.5,24.0,0.0
6a5b5e367c738d16c85a861ade4336e403615f95,ignite,False,2014-06-27 00:25:59,ignite,,48,39,1,1,1,0.0,1.0,0.0,4.0,213,213.0,150.0,done,389.0,,False,1616.7664577532744,5.235486657749557,34.666666666666664,0.0229612232771841,1.3333333333333333,0.3333333333333333,0.6861111111111112,1.0,0.2387301587301586,24.333333333333332,0.0
35c39e33edd7fa7dc50ccc433b810acb238e4c51,ignite,False,2014-06-27 00:56:21,ignite,,1,1,1,1,1,0.0,1.0,0.0,6.0,215,215.0,152.0,done,421.0,,False,187.9834625295674,4.504839350267392,7.0,0.0372373181438712,0.0,0.0,0.5,1.0,0.1666666666666666,19.0,0.0
ce7d19f6ff4d31222d15eac02eb2ec9901c41acc,ignite,False,2014-06-27 02:44:58,ignite,,28,24,3,2,2,1.58103096275637,0.666666666666667,6.0,3.3333333333333304,219,219.0,0.999891025420705,done,421.0,,False,3292.797562753322,5.4216609794382284,67.0,0.0203474397448159,1.0,0.0,0.813953488372093,0.0,0.24,17.0,0.0
13430c4488c67f302fb6c49f6af474135a67b048,ignite,False,2014-06-27 16:53:38,ignite,,13,2,1,1,1,0.0,10.0,1.0,45.0,344,344.0,179.0,done,8417.0,,False,267.017600897679,4.895366884402894,7.5,0.0283397088121089,0.0,0.0,0.5833333333333333,0.5,0.1547619047619047,20.0,0.0
1dc8e0a0b0dd4dff51512569f71cb6666f7b0f43,ignite,False,2014-06-27 21:11:31,ignite,,14,3,1,1,1,0.0,4.0,0.0,15.0,224,224.0,156.0,done,201.0,,False,326.90013469991703,4.506491226174269,18.0,0.0550626876202525,0.0,0.0,1.0,0.0,0.6666666666666666,11.0,0.0
45db10c950642fd2cfdd25273104e5b30544fb5f,ignite,False,2014-06-27 22:49:11,ignite,,8,6,1,1,1,0.0,4.0,2.0,25.0,228,228.0,159.0,done,560.0,,False,352.7072090556364,5.1834577226065255,9.0,0.0255169153590516,0.0,0.0,0.5714285714285714,2.0,0.7142857142857143,18.0,0.0
0d143b6bd0c14269136411ca390597c9f2c949ef,ignite,False,2014-06-27 22:50:20,ignite,,4,1,2,1,1,0.970950594454669,1.5,0.0,4.5,585,585.0,395.0,done,344.0,,False,2018.958144883376,5.148465105444532,73.0,0.0361572626876902,1.0,0.0,0.8181818181818182,1.0,0.8125,12.0,0.0
abe44a8565b328919d4b274774081cdbc2d585de,ignite,False,2014-06-27 23:28:54,ignite,,2,0,1,1,1,0.0,4.0,0.0,26.0,229,229.0,160.0,done,562.0,,False,459.82999304101565,5.012093178634024,14.0,0.0304460348647836,0.0,0.0,0.6666666666666666,6.0,0.1666666666666666,23.0,0.0
1c61e177b0238c495607003fd19f25ff26716125,ignite,False,2014-06-27 23:34:36,ignite,,3,3,2,2,1,0.91829583405449,2.5,35.5,24.0,187,187.0,126.0,done,350.0,,False,687.8883839482994,4.30235912498224,26.0,0.0377968295536069,0.0,0.0,0.7142857142857143,0.0,0.8,22.0,0.0
8d2cbfe774e5f58484e393149d6a1339f1ac9b5f,ignite,False,2014-06-28 02:40:49,ignite,,8,14,4,4,1,1.93626002753153,1.75,4.0,13.75,339,339.0,256.0,done,483.0,,False,158.32466846199546,4.759713253983113,2.0,0.0126322702547144,0.0,0.0,0.5,2.0,0.25,29.0,0.0
02078856a709bc636e66a529bbb6c659d044622c,ignite,False,2014-06-28 06:58:14,ignite,,365,111,21,11,1,3.5034645952883,0.333333333333333,14.3809523809524,6.80952380952381,341,341.0,257.0,done,1553.0,,False,929.9940366882532,4.651127153936687,36.25,0.0484653110092841,0.5,1.0,0.9538352272727272,1.5,0.4298204080276449,14.75,0.0
a96fc4763adf120ad7b90fbccbc37c67e52fe5ad,ignite,True,2014-06-29 01:11:10,ignite,227.0,215,299,10,2,3,2.91708300291152,0.8,4.8,5.2,230,230.0,0.499999697109882,done,662.0,2015-02-11 07:11:53,False,1451.6965030066483,4.998480492694675,31.0,0.0255078213618099,0.3333333333333333,0.0,0.825925925925926,0.3333333333333333,0.442002442002442,16.666666666666668,0.0
87ff6385e49dad04e8cd5e4ff809320433d410b4,ignite,False,2014-06-29 10:27:22,ignite,,0,2,1,1,1,0.0,1.0,0.0,5.0,248,248.0,139.0,done,185.0,,False,208.9735285398626,4.528280481163568,8.0,0.0382823607176349,0.0,0.0,0.3,1.0,0.25,17.0,0.0
a344e879746a31716bdf8bd13da4f3c700f65039,ignite,False,2014-06-29 17:18:24,ignite,,12,10,3,2,1,1.54402409648195,0.333333333333333,0.0,4.33333333333333,249,249.0,140.0,done,1355.0,,False,389.73602981663953,4.5013970541764445,12.2,0.041819855017635,0.0,0.0,0.6566666666666666,0.6,0.6357142857142858,20.0,0.0
23a3a1104d6208e7af8240ee790a8f274bc9c539,ignite,False,2014-06-29 19:49:54,ignite,,1,4,1,1,1,0.0,1.0,0.0,2.0,399,399.0,197.0,done,757.0,,False,85.95159310338741,4.292349502113516,4.0,0.0465378226926937,0.0,0.0,1.0,1.0,0.75,18.0,0.0
607ded6bde649b982ed8653bfd913ca37df525c9,ignite,False,2014-06-29 21:17:11,ignite,,1,1,1,1,1,0.0,2.0,1.0,2.0,463,463.0,246.0,done,344.0,,False,390.0,4.901690773424367,22.0,0.0564102564102564,0.0,0.0,0.8888888888888888,3.0,0.3333333333333333,17.0,0.0
903cdb50158e14312dce1bf39cb459d5ae13d57e,ignite,False,2014-06-30 00:38:09,ignite,,3,3,2,1,1,0.91829583405449,1.0,1.5,9.5,465,465.0,248.0,done,2851.0,,False,555.9312653668582,4.885998604301104,23.0,0.049731944571623,0.6666666666666666,0.6666666666666666,0.3777777777777777,2.3333333333333335,0.3333333333333333,16.0,0.0
15944133b6f4ae733fe8458aaa0eb71cae95f581,ignite,True,2014-06-30 06:59:02,ignite,198.0,15,4,1,1,1,0.0,1.0,1.0,11.0,233,233.0,163.0,done,455.0,2015-01-14 13:01:03,False,1613.000145557575,5.15837515187038,34.333333333333336,0.0225900912877721,1.3333333333333333,0.3333333333333333,0.5703703703703703,1.0,0.3467643467643467,19.666666666666668,0.0
92e64a72e28261b521ade0a4457ff1553a76a152,ignite,True,2014-06-30 07:58:26,ignite,254.0,12,0,1,1,1,0.0,1.0,22.0,1.0,234,234.0,164.0,done,407.0,2015-03-11 09:26:07,False,1316.0251735459292,5.381979045261198,43.0,0.0326741470181302,1.0,0.0,0.8260869565217391,0.0,0.5,18.0,0.0
901d8402ca86d9cc3637a17ec209b45db949a232,ignite,False,2014-06-30 16:17:45,ignite,,13,12,4,1,1,1.88410745138709,0.75,0.0,3.0,466,466.0,249.0,done,1335.0,,False,799.7313706549796,5.301231221069524,30.5,0.0441260580093193,1.5,1.5,0.7973856209150327,4.0,0.196078431372549,25.0,0.0
f66c728ba1a938759ca806269aab3e11789f367e,ignite,False,2014-06-30 20:40:47,ignite,,19,19,19,3,1,4.24792751344359,0.105263157894737,3.89473684210526,4.84210526315789,348,348.0,183.0,done,216.0,,False,70.30835464468075,3.9165371209077375,2.0,0.0284461215186652,0.0,0.0,0.75,1.0,0.6666666666666666,24.0,0.0
0f5a7e8f75ef449018260481a8251cc5eeaebcdf,ignite,False,2014-06-30 21:39:19,ignite,,31,53,19,5,1,4.14265012487166,0.421052631578947,3.63157894736842,7.42105263157895,349,349.0,184.0,done,3182.0,,False,2176.541253604863,4.719560701386587,55.0,0.0454410997802841,0.3333333333333333,1.0,0.9198717948717948,2.0,0.4979518689196108,21.666666666666668,0.0
0d0b8399407f1c952935e9b75104db52f24d63dd,ignite,False,2014-06-30 23:43:03,ignite,,30,45,2,2,1,0.2422921890824149,1.0,0.5,1.5,350,350.0,185.0,done,754.0,,False,364.3313335877719,4.769771935717712,8.9,0.0266765029761199,0.0,0.0,0.1842857142857142,1.0,0.0916666666666666,16.8,0.0
c20f710d69f978e2df4dc86c7fc7b7577f2dcc6b,ignite,False,2014-07-01 18:48:45,ignite,,14,13,1,1,1,0.0,1.0,11.0,2.0,300,300.0,106.0,done,612.0,,False,225.6211064707724,4.625384275307687,10.0,0.0443220944902839,1.0,1.0,1.0,1.0,0.5714285714285714,15.0,0.0
c6787f981b0d4f1da7378c8a51adb82805cf783d,ignite,False,2014-07-02 00:42:39,ignite,,25,6,2,2,1,0.9932338197397068,0.5,0.0,2.0,477,477.0,257.0,done,430.0,,False,583.623627131283,5.25066470828601,5.5,0.0099832103744292,0.0,0.0,0.7261904761904762,1.0,0.6333333333333333,23.0,0.0
59b48e059104c5a3f170b8f20cd7d48920b2e610,ignite,False,2014-07-02 06:51:40,ignite,,3,1,1,1,1,0.0,1.0,0.0,7.0,349,349.0,262.0,done,369.0,,False,1982.5612711495728,4.992724226353987,41.0,0.0206803192398822,1.0,0.0,0.8181818181818182,1.0,0.5833333333333334,12.0,0.0
32c43a2ff169ee968662a4f17f2d528a2962bf38,ignite,False,2014-07-02 11:16:29,ignite,,43,32,7,7,1,2.36984293978572,1.14285714285714,2.71428571428571,8.142857142857139,350,350.0,263.0,done,835.0,,False,990.5632218439432,5.044756917256112,32.5,0.0408850593064616,0.5,2.0,0.8032258064516129,2.0,0.3,21.5,0.0
c89c58c46fe8f9b5054c25ad584dfebecd8c654b,ignite,False,2014-07-02 17:22:56,ignite,,1,1,1,1,1,0.0,1.0,0.0,3.0,302,302.0,107.0,done,613.0,,False,108.0,4.227976439385299,5.0,0.0462962962962962,0.0,0.0,1.0,1.0,0.6,11.0,0.0
9249ec24063b261ed126a6c8fbac0d56f35dab45,ignite,False,2014-07-02 18:47:04,ignite,,29,7,2,2,1,0.887976319515135,1.5,3.5,18.0,126,126.0,78.0,done,764.0,,False,598.7932389525577,4.849822641294037,18.625,0.032792442033194,0.125,0.0,0.6694316117679495,0.375,0.5338068181818182,22.375,0.0
3b978f68cb395def070117fc818aaddcc63246f0,ignite,False,2014-07-02 18:47:50,ignite,,0,2,1,1,1,0.0,1.0,0.0,4.0,303,303.0,108.0,done,613.0,,False,183.31714900750256,4.663222717835852,8.0,0.0436402161135104,1.0,1.0,1.0,1.0,0.5714285714285714,15.0,0.0
81e97652ec8a1962cf5664b60238bbd8e4dfd46a,ignite,False,2014-07-02 20:52:44,ignite,,1,3,1,1,1,0.0,3.0,7.0,6.0,355,355.0,189.0,done,1623.0,,False,158.45715005480787,4.242110731612633,6.0,0.0378651263002312,0.0,0.0,1.0,1.0,0.25,21.0,0.0
b81ede56bcc08dcbf6248872c2470539f0debb1d,ignite,False,2014-07-02 21:22:58,ignite,,12,7,2,1,1,0.4854607607459129,1.5,0.0,20.5,128,128.0,80.0,done,303.0,,False,407.2954030187401,4.610754694002749,12.5,0.0275141242834688,1.0,0.5,0.8928571428571428,1.0,0.5,26.5,0.0
1a52fddc504549a7853faa47b5edbe2043100da8,ignite,False,2014-07-02 23:22:48,ignite,,9,9,2,2,1,0.650022421648354,5.5,4.0,57.5,403,403.0,199.0,done,8450.0,,False,11215.962925432385,5.714340295482051,227.5,0.0215647699042541,0.5,1.5,0.6578536233625766,2.0,0.4554367201426025,26.0,0.0
2674ff1ba7a2b48a56229a86bd68f7bdec352348,ignite,False,2014-07-03 01:28:16,ignite,,5,5,1,1,1,0.0,2.0,0.0,9.0,489,489.0,262.0,done,1113.0,,False,872.167276875587,4.861948802382686,33.0,0.0378367784196372,0.0,0.0,0.8823529411764706,1.0,0.5833333333333334,14.0,0.0
dcacc0645da1239c811100684d5f8cdc4392c251,ignite,False,2014-07-03 08:43:18,ignite,,10,24,1,1,1,0.0,2.0,2.0,7.0,352,352.0,264.0,done,1632.0,,False,2217.0613403722236,5.535311752528419,34.0,0.0153356153845936,0.0,0.0,0.7096774193548387,8.0,0.1818181818181818,32.0,0.0
d4b29c2afd957470ad369e518d9c3bff4cdf9fc4,ignite,False,2014-07-03 15:54:26,ignite,,15,18,7,4,1,2.3091013161314704,0.5714285714285711,0.0,23.0,133,133.0,85.0,done,2359.0,,False,871.2470577551412,4.943018811207635,29.0,0.0394382934234248,0.625,1.0,0.7892829500221141,1.75,0.3783489658489658,20.125,0.0
d66a4a993a9680e3cb0dc2651d3d19ed3ef54991,ignite,True,2014-07-03 18:55:00,ignite,1406.0,11,11,2,2,1,0.976020648236615,3.0,53.0,8.5,406,406.0,200.0,done,4626.0,2018-05-10 09:05:37,False,1750.6892686595293,5.554210070004481,64.33333333333333,0.0422507154820021,1.0,1.3333333333333333,0.6645021645021645,5.666666666666667,0.345578231292517,19.666666666666668,0.0
8a5461060028fc4c03169398b695b96ca361f15e,ignite,False,2014-07-04 10:08:43,ignite,,2,0,1,1,1,0.0,1.0,0.0,7.0,357,357.0,268.0,done,455.0,,False,486.0734521330171,5.2422247264051824,25.0,0.0514325559034205,1.0,1.0,1.0,5.0,0.0833333333333333,14.0,0.0
fc10c0383339617da5f24511dffa28433f4a35c2,ignite,False,2014-07-04 16:06:22,ignite,,1,1,1,1,1,0.0,2.0,8.0,3.0,242,242.0,169.0,done,112.0,,False,83.39850002884624,4.3572958738405685,1.0,0.0119906233284065,0.0,0.0,0.5,0.0,1.0,14.0,0.0
9d1a7c051ecf7912ecf27ed9339f44c5c4a3ce82,ignite,False,2014-07-04 16:59:48,ignite,,5,2,1,1,1,0.0,11.0,0.0,49.0,364,364.0,192.0,done,2320.0,,False,20648.907723884273,6.044682734572774,508.0,0.0246017855662362,1.0,1.0,0.958490566037736,1.0,0.3880597014925373,26.0,0.0
8265835dc9d81908210950a54c6b3d2cf10bd444,ignite,False,2014-07-04 17:25:15,ignite,,2,2,1,1,1,0.0,11.0,0.0,50.0,365,365.0,193.0,done,2323.0,,False,20588.405450000027,6.044027467149451,506.0,0.0245769397357578,1.0,1.0,0.9583333333333334,1.0,0.3880597014925373,26.0,0.0
7ce0ac63222a97f124ca3acf76f265a5af1c3689,ignite,False,2014-07-04 22:56:20,ignite,,6,2,1,1,1,0.0,3.0,0.0,3.0,209,209.0,135.0,done,77.0,,False,2235.887976261208,4.749815063705267,47.0,0.0210207311363569,0.0,0.0,0.6666666666666666,0.0,0.8,57.0,0.0
12341c4f9c60fcdf00e1e801144126dcfa0e4c4b,ignite,False,2014-07-04 22:58:24,ignite,,2,7,1,1,1,0.0,3.0,0.0,4.0,211,211.0,136.0,done,86.0,,False,2209.177082757586,4.692334504226095,53.0,0.0239908336971535,0.0,0.0,0.75,0.0,0.8,57.0,0.0
1955dc26452d0ca420c411d772a08711c3e2ccef,ignite,False,2014-07-05 00:00:53,ignite,,2,5,1,1,1,0.0,3.0,4.0,4.0,366,366.0,194.0,done,740.0,,False,572.5850637404733,4.801494614587789,11.5,0.0322377876373783,0.0,0.0,0.725,1.0,0.375,23.5,0.0
b65a28346fa22c22e85b4e94f50f73c3eb1a40aa,ignite,False,2014-07-05 00:10:27,ignite,,16,0,1,1,1,0.0,11.0,0.0,51.0,367,367.0,195.0,done,2326.0,,False,729.9122797349771,5.0712762075836855,20.0,0.0274005528544632,0.0,0.0,0.8,2.0,0.1666666666666666,18.0,0.0
6ee6d38170a121f6c9ba7b1e2a45d553ca86f2aa,ignite,False,2014-07-05 03:01:41,ignite,,24,2,1,1,1,0.0,1.0,7.0,1.0,566,566.0,366.0,done,24.0,,False,317.79682951958256,4.9877044943098365,11.0,0.0346133094424788,0.0,0.0,1.0,2.0,0.0,15.0,0.0
e6652c246d5633904097800e1dbeb9f846d7357b,ignite,False,2014-07-05 08:50:18,ignite,,14,4,1,1,1,0.0,2.0,0.0,10.0,362,362.0,272.0,done,1696.0,,False,1327.8170137383563,5.099776852148354,59.5,0.0447933646637683,2.0,0.0,0.7727272727272727,3.5,0.1380952380952381,32.0,0.0
777dbbbbd16f54d36c72a1cdc91c2f6e5e5810f6,ignite,False,2014-07-05 22:55:47,ignite,,18,4,4,3,1,1.56327903635225,2.0,26.25,9.75,245,245.0,171.0,done,221.0,,False,494.35840779930976,5.054502741014379,21.0,0.0424793017953993,0.0,0.0,0.75,0.0,0.6363636363636364,16.0,0.0
e776ab89b5600b0ace761763dd8e4e394c936175,ignite,False,2014-07-06 04:35:21,ignite,,1,1,1,1,1,0.0,4.0,4.0,10.0,411,411.0,202.0,done,2186.0,,False,3531.975077035313,5.733027358201517,25.0,0.0070781926414341,0.0,1.0,0.5833333333333334,0.0,0.4705882352941176,27.0,0.0
7df25da0615c76030773ba90463e7280c727ee45,ignite,False,2014-07-06 17:30:01,ignite,,9,1,2,2,1,1.0,0.5,81.0,2.0,364,364.0,274.0,done,2455.0,,False,4367.474235166384,5.383690380734464,116.0,0.025303401543897,1.0,3.0,0.7334096109839817,1.5,0.4668192219679633,26.0,0.0
81f812a657d4edeff80abd86710c66ca09c9c5c5,ignite,False,2014-07-07 03:46:35,ignite,,1,0,1,1,1,0.0,3.0,12.0,24.0,366,366.0,276.0,done,299.0,,False,5066.383563296878,4.019125302020039,197.0,0.0388837516028504,0.0,0.0,1.0,0.0,0.9090909090909092,13.0,0.0
02176e65eb851bdd47692455b0a94bbca39272ff,ignite,False,2014-07-07 17:22:40,ignite,,16,24,5,4,2,1.5221380190661,2.2,1.4,24.6,247,247.0,0.999891025420705,done,226.0,,False,510.52642983163713,4.596887355242256,26.0,0.0509278236752098,0.0,0.0,0.7,0.0,0.625,16.0,0.0
7c9c90855b342f04fb1e98cf825321c1ecad5487,ignite,False,2014-07-07 17:51:52,ignite,,3,2,1,1,1,0.0,3.0,2.0,5.0,368,368.0,196.0,done,737.0,,False,614.3384679428882,4.881043769853213,11.5,0.0207711828287986,0.0,0.0,0.6,1.0,0.375,23.5,0.0
e15dbedb91fb78cdd975b2779eb13e0c210139fd,ignite,False,2014-07-07 18:33:16,ignite,,9,25,2,2,1,0.191433254814193,5.5,1.0,26.0,369,369.0,197.0,done,2323.0,,False,20065.74601617528,6.024844677048371,379.0,0.0188879097589734,1.0,1.0,0.9576923076923076,1.0,0.3893129770992366,26.0,0.0
5d9ddb2b365e21740d3169dabb9cdbaa4c73878e,ignite,False,2014-07-07 21:53:55,ignite,,5,1,1,1,1,0.0,3.0,0.0,7.0,370,370.0,198.0,done,738.0,,False,162.51574464281416,4.337256170529762,4.0,0.02461299985913,0.0,0.0,0.75,1.0,0.75,20.0,0.0
d5c527e427a39183f10ccdf3ab2fa36d21bb822b,ignite,False,2014-07-07 21:58:07,ignite,,2,2,1,1,1,0.0,3.0,0.0,9.0,373,373.0,200.0,done,724.0,,False,503.03250397059224,4.786068930781042,10.5,0.022382971298604,0.0,0.0,0.5694444444444444,1.0,0.375,23.5,0.0
f8e06844765b7431bee5956ca7e72c5531f4ece7,ignite,False,2014-07-07 23:22:36,ignite,,21,0,3,2,1,1.12549080686791,1.0,30.6666666666667,5.33333333333333,104,104.0,55.0,done,6271.0,,False,863.0392983896439,4.364510315653635,14.0,0.0114819003361298,0.8,0.2,0.2224437748631297,0.0,0.2155844155844156,24.0,0.0
4aca5d71327a0864fb01e7cd6251f98141650749,ignite,False,2014-07-08 03:08:23,ignite,,1,1,1,1,1,0.0,3.0,0.0,10.0,2,2.0,1.0,done,724.0,,False,169.4584015082173,4.386834624370667,4.0,0.0236046130755342,0.0,0.0,0.75,1.0,0.75,20.0,0.0
1387fec8dc685ad0e7e42cf035aa2286d58dc3cb,ignite,False,2014-07-08 16:14:12,ignite,,4,0,2,1,1,1.0,1.5,28.0,7.5,141,141.0,91.0,done,613.0,,False,828.4733095805366,4.7119422802519555,32.0,0.0428129214204848,0.0,0.0,0.972972972972973,0.0,0.7341269841269842,19.0,0.0
49ff20c657be74a0242491ecddfa1fc917fc30b1,ignite,True,2014-07-08 16:50:41,ignite,1302.0,53,14,1,1,1,0.0,3.0,0.0,8.0,375,375.0,283.0,done,5000.0,2018-01-31 13:52:24,False,1887.5340571444544,4.990717761789387,56.0,0.0296683388509128,2.0,0.0,0.375,0.0,0.2941176470588235,27.0,0.0
856e80f39a0bdc12545d2de79017d875b44bdbd0,ignite,True,2014-07-08 18:12:35,ignite,531.0,37,16,2,1,1,0.7717094696953629,3.5,1.5,8.0,212,212.0,137.0,done,361.0,2015-12-22 15:14:25,False,1884.7289475678865,4.902858147663196,46.0,0.0276355761030517,0.0,0.0,0.8388888888888889,0.5,0.5538461538461539,37.5,0.0
76699b9b2be6fa5a6426080fcf7be3dfd0f75f5c,ignite,False,2014-07-08 18:15:25,ignite,,6,6,1,1,1,0.0,7.0,0.0,12.0,314,314.0,112.0,done,280.0,,False,863.2677220963817,5.207575891386538,29.0,0.0335932865989425,0.0,0.0,0.9,1.0,0.3076923076923077,18.0,0.0
0521c258370696abb89174e6bb05a27a3acffb7f,ignite,False,2014-07-08 18:25:10,ignite,,2,0,1,1,1,0.0,3.0,54.0,7.0,214,214.0,138.0,done,68.0,,False,942.1229943568356,3.8320621417512335,41.0,0.0435187340141185,0.0,0.0,1.0,0.0,0.9230769230769232,14.0,0.0
9251e67301bc2cd2b618f00bb40310fb83d80136,ignite,False,2014-07-08 18:45:50,ignite,,7,1,1,1,1,0.0,2.0,74.0,2.0,416,416.0,205.0,done,68.0,,False,290.8939861525192,4.761618440280438,13.5,0.0473672195174791,1.0,0.5,0.7291666666666667,0.5,0.5817307692307692,23.0,0.0
f07f3595f089b504ed7533b99ec3469f2d94074e,ignite,False,2014-07-08 22:36:08,ignite,,7,1,1,1,1,0.0,5.0,0.0,11.0,514,514.0,275.0,done,613.0,,False,3121.3224872854007,5.346887415611743,54.0,0.0114983272698512,0.5,1.5,0.765625,1.0,0.1206896551724138,27.5,0.0
99b7815c7efddcb93bb51e21d3c05edab0d576ce,ignite,False,2014-07-08 23:37:25,ignite,,1,0,1,1,1,0.0,2.0,29.0,2.0,145,145.0,93.0,done,461.0,,False,304.22721692772814,4.543164669617576,19.0,0.0624533208825744,0.0,0.0,0.9090909090909092,1.0,0.5,15.0,0.0
841fffc661e5fbe06cfc2b2776d83e302489c49f,ignite,False,2014-07-08 23:46:52,ignite,,1,1,1,1,1,0.0,1.0,123.0,1.0,515,515.0,276.0,done,124.0,,False,714.7255930884083,5.028565259464745,15.0,0.0209870755224859,0.0,0.0,0.5263157894736842,0.0,0.2,24.0,0.0
bc82fdd8faf1aac05bbf415e41f30ecf11ac8fc6,ignite,False,2014-07-09 00:26:46,ignite,,6,2,1,1,1,0.0,4.0,0.0,12.0,377,377.0,285.0,done,1735.0,,False,3914.6134115136056,5.669848876018572,112.0,0.0286107434441897,1.0,6.0,0.7368421052631579,1.0,0.28125,36.0,0.0
6587f9379837df6a7c8f78553db2992bafbebd03,ignite,False,2014-07-09 06:05:09,ignite,,41,15,3,2,1,1.06247313644418,1.0,2.6666666666666696,6.0,379,379.0,287.0,done,1860.0,,False,756.1584680918584,4.86552618582697,18.4,0.0397984980126307,0.4,0.0,0.7333333333333332,2.8,0.4038302277432712,26.0,0.0
a67b3d26eed0ef0557e7d51c3cdf6d6cded4b42c,ignite,False,2014-07-09 11:14:22,ignite,,4,2,1,1,1,0.0,0.0,0.0,0.0,217,217.0,139.0,done,188.0,,False,389.9007751774044,3.98887918196623,18.0,0.0461655917247407,0.0,0.0,0.9411764705882352,1.0,0.0,14.0,0.0
8912913271fc9495473c96c85a3abbf5d9b1b56b,ignite,False,2014-07-09 17:37:25,ignite,,2,3,1,1,1,0.0,11.0,1.0,53.0,420,420.0,208.0,done,2306.0,,False,19981.247165513407,6.020988479461794,498.0,0.0249233691908642,1.0,1.0,0.9575289575289576,1.0,0.3893129770992366,26.0,0.0
53e88c0bca61598e4824f3e8831cbb2b4afaf1bc,ignite,False,2014-07-09 18:29:50,ignite,,4,4,2,2,1,1.0,1.5,14.5,18.0,156,156.0,97.0,done,3585.0,,False,370.4391786580448,4.782877980721608,14.333333333333334,0.0362808755239406,0.3333333333333333,0.0,0.6513888888888889,1.0,0.5134502923976608,21.0,0.0
b56fc8f34504bcd25a6feddd194235dcc8abc797,ignite,False,2014-07-09 20:52:08,ignite,,3,1,1,1,1,0.0,2.0,29.0,6.0,158,158.0,98.0,done,186.0,,False,455.4762858375663,5.286424321678966,11.0,0.0241505438198002,0.0,0.0,0.6666666666666666,0.0,0.4444444444444444,20.0,0.0
c57f80aac0e2a1fb1876049ef456a435340d447d,ignite,False,2014-07-09 22:32:56,ignite,,2,14,1,1,1,0.0,1.0,0.0,6.0,527,527.0,282.0,done,187.0,,False,1059.936735093008,5.265904196668014,35.0,0.033020838736124,0.0,0.0,0.8571428571428571,2.0,0.5294117647058824,22.0,0.0
b2278dbd6f028b61e1cdfdfd205d4f0f994e2c37,ignite,False,2014-07-09 23:18:13,ignite,,3,1,1,1,1,0.0,1.0,0.0,3.0,529,529.0,284.0,done,332.0,,False,1521.7973562771035,5.595357214980193,50.0,0.0328558857023638,1.0,1.0,0.8461538461538461,0.0,0.375,29.0,0.0
8c8fee410bf6dcd630b0bf2610319dc9fc5e1f2b,ignite,False,2014-07-10 00:09:44,ignite,,1,7,1,1,1,0.0,1.0,35.0,1.0,378,378.0,201.0,done,162.0,,False,864.2289053892403,5.586870063058118,30.0,0.0347130254645767,0.0,0.0,0.875,1.0,0.4375,17.0,0.0
068d3079ebb0aed42cf313bfecddd6a83d0ba573,ignite,False,2014-07-10 00:35:17,ignite,,1,1,1,1,1,0.0,0.0,0.0,0.0,531,531.0,286.0,done,234.0,,False,574.8833010612883,4.578913370211372,6.0,0.0104369008265215,0.0,0.0,0.4615384615384615,0.0,0.0,28.0,0.0
9b9e2729b85f85cce435762e6fc1eec753614ee8,ignite,False,2014-07-10 01:01:05,ignite,,3,1,1,1,1,0.0,1.0,124.0,1.0,532,532.0,287.0,done,526.0,,False,129.32351694048162,4.750489295854282,4.0,0.0309301826507,0.0,0.0,0.6666666666666666,2.0,0.3333333333333333,22.0,0.0
85a023a2161908db0a2038382b7f8836391ae893,ignite,False,2014-07-10 02:42:04,ignite,,7,2,3,2,1,1.43552050428267,1.6666666666666698,0.0,12.666666666666698,382,382.0,289.0,done,458.0,,False,169.64361252668277,4.759687505211201,2.0,0.0117894211884071,0.0,0.0,0.4285714285714285,2.0,0.25,21.0,0.0
b09178b09f8d514129e7de186d1822801ee13f50,ignite,False,2014-07-10 05:17:20,ignite,,10,0,1,1,1,0.0,2.0,0.0,13.0,383,383.0,290.0,done,459.0,,False,1709.0692253995203,5.106629146272669,46.0,0.0269152350977748,1.0,4.0,0.8064516129032258,0.0,0.3333333333333333,27.0,0.0
50cc53d3d242e66ecbc66cc27e72356c362dd375,ignite,False,2014-07-10 08:57:30,ignite,,4,2,1,1,1,0.0,3.0,0.0,7.0,386,386.0,293.0,done,424.0,,False,1679.2604252680778,5.5325515447098494,10.0,0.0059550024817643,0.0,0.0,0.5641025641025641,3.0,0.2857142857142857,35.0,0.0
c683960f0e52441ac627ea1b26b36dcec0534412,ignite,False,2014-07-10 17:39:40,ignite,,4,6,3,2,1,1.52192809488736,2.0,0.0,7.0,423,423.0,210.0,done,2644.0,,False,1183.583476175031,4.930618090662976,34.666666666666664,0.0420953931666971,0.3333333333333333,0.0,0.8738095238095238,2.6666666666666665,0.4206349206349206,22.666666666666668,0.0
1daaa66c773780afc6498dab9c006bef33fa4d41,ignite,False,2014-07-11 22:48:45,ignite,,8,5,1,1,1,0.0,6.0,2.0,23.0,571,571.0,369.0,done,1134.0,,False,168.55519570060713,4.855539000552653,12.0,0.0711932963568489,0.0,0.0,1.0,2.0,0.5,21.0,0.0
6a6c4f9d86e5d89800435c1dea5e6f2f6f4f5109,ignite,False,2014-07-15 01:15:13,ignite,,1,1,1,1,1,0.0,1.0,41.0,4.0,250,250.0,175.0,done,503.0,,False,2209.749011373873,5.093491695194385,78.0,0.0352981264381265,1.0,1.0,0.9375,0.0,0.65,32.0,0.0
df3890995f50c796a06e1d583fccef45ebb15b52,ignite,False,2014-07-15 16:19:55,ignite,,6,235,15,3,1,3.38743849479666,0.133333333333333,0.0,2.6,341,341.0,123.0,done,57.0,,False,68.53238859703687,4.465551745758733,3.0,0.0437749225061989,0.0,0.0,0.6666666666666666,1.0,0.75,15.0,0.0
1f866cb7e4e6483181f4371154be9b3b34dccc87,ignite,False,2014-07-17 05:48:36,ignite,,12,16,2,2,1,0.966618632548103,1.0,27.5,1.0,254,254.0,178.0,done,2413.0,,False,956.6699464360468,4.804689512682462,22.5,0.023698526611673,1.0,0.0,0.5441176470588236,2.5,0.2409090909090909,32.0,0.0
67182d4aa2a26b93313ff66555af84755c44cd33,ignite,False,2014-07-17 15:42:00,ignite,,12,7,2,2,1,0.9980008838723,3.0,65.5,18.0,555,555.0,306.0,done,4618.0,,False,918.199408292816,4.805703998962922,23.0,0.0250492307956467,0.0,0.0,0.4621212121212121,0.5,0.2727272727272727,23.5,0.0
8cf77058af9cbdef39f782913ca3d4c392020156,ignite,False,2014-07-17 15:44:34,ignite,,5,5,1,1,1,0.0,2.0,0.0,2.0,556,556.0,307.0,done,785.0,,False,920.8307742663112,4.576300983389304,23.0,0.0249774449798614,0.0,0.0,0.3333333333333333,0.0,0.0,15.0,0.0
8223fc9a4c12d1b3b550dbecf8f2e29c830c9795,ignite,False,2014-07-17 16:40:36,ignite,,12,6,2,2,1,0.7642045065086199,0.5,0.0,1.5,256,256.0,180.0,done,684.0,,False,184.8884295846813,4.37481746245654,10.333333333333334,0.0423404864516326,0.3333333333333333,0.3333333333333333,0.7777777777777777,0.6666666666666666,0.6444444444444444,14.666666666666666,0.0
102c222df1189e7efc29e09078c03bdc7dc4113d,ignite,False,2014-07-18 01:57:34,ignite,,99,60,4,2,2,1.8376232708456104,1.0,0.0,4.25,17,17.0,0.8639068603515621,done,542.0,,False,178.90465690874058,4.281376826136727,8.6,0.0621534720503148,0.2,0.0,0.8472727272727273,0.4,0.73,11.4,0.0
fe150010636f3f7ccb4320a88c63411f15238d1d,ignite,False,2014-07-21 05:52:13,ignite,,0,5,1,1,1,0.0,4.0,0.0,15.0,394,394.0,300.0,done,1773.0,,False,1170.75521375835,5.456594712460215,3.0,0.0025624485500853,0.0,1.0,0.76,1.0,0.1666666666666666,32.0,0.0
e1778e175231b411bf93243cbd93d3fa925cf222,ignite,False,2014-07-21 22:27:22,ignite,,24,20,3,3,1,1.43654555209103,2.0,23.3333333333333,18.6666666666667,395,395.0,301.0,done,1153.0,,False,584.4568761588398,5.10781753704648,18.0,0.0326621725609944,1.0,0.3333333333333333,0.7037037037037036,0.6666666666666666,0.3666666666666667,20.333333333333332,0.0
307a0a84b545119163c8ca0e1a8c388acbbdddc9,ignite,False,2014-07-22 17:47:40,ignite,,6,0,1,1,1,0.0,6.0,0.0,36.0,429,429.0,215.0,done,670.0,,False,418.68471190675166,4.960137633013566,13.0,0.0310496171230998,1.0,5.0,0.6666666666666666,2.0,0.3333333333333333,15.0,0.0
530c0429e416f701d731297e0acb3766a9584fc9,ignite,False,2014-07-22 22:50:29,ignite,,8,2,2,2,1,0.970950594454669,6.0,9.5,39.5,383,383.0,204.0,done,13805.0,,False,3758.033561500887,5.2907888961228196,115.0,0.0373349633886462,2.5,5.5,0.7958833619210979,2.0,0.2638888888888889,22.5,0.0
64ca1ffe6b10eb5018e4c4fb4626aee51e8075a1,ignite,False,2014-07-23 16:39:19,ignite,,1,0,1,1,1,0.0,2.0,48.0,9.0,233,233.0,148.0,done,57.0,,False,216.22022703449025,5.018191316089929,9.0,0.0416242278691362,1.0,0.0,0.6666666666666666,2.0,0.0,21.0,0.0
c462888f361f0edf7c201f4db513d493712e332a,ignite,False,2014-07-23 18:05:26,ignite,,7,3,2,2,1,0.468995593589281,2.5,4.0,15.0,385,385.0,206.0,done,2037.0,,False,3167.4887105938287,4.7793853785729645,77.0,0.0408117276345169,0.5,1.5,0.9433962264150944,2.0,0.4,23.0,0.0
35a903559dc267a8b2523fee12aa7a241f45ed3a,ignite,False,2014-07-23 19:19:33,ignite,,6,1,1,1,1,0.0,6.0,1.0,37.0,621,621.0,420.0,done,676.0,,False,483.3089699187822,4.937246331518117,15.0,0.0310360471946562,1.0,6.0,0.6666666666666666,2.0,0.3333333333333333,15.0,0.0
3676fc2c8fe8b89d2d6a711de7ac401043e6df32,ignite,False,2014-07-24 19:09:57,ignite,,11,4,2,1,1,0.836640741941167,1.5,25.0,9.5,234,234.0,149.0,done,109.0,,False,128.9912279734977,4.283677921535034,6.5,0.0865016843472895,0.5,0.0,0.9285714285714286,1.5,0.0,15.0,0.0
53c62e93636594d57a11812ef41e119bb4b550f5,ignite,False,2014-07-25 14:10:53,ignite,,1,1,1,1,1,0.0,5.0,0.0,65.0,266,266.0,188.0,done,1473.0,,False,106.27403387250882,4.371666588488411,6.0,0.0564578174118983,0.0,0.0,0.5,1.0,0.3333333333333333,20.0,0.0
daa5402fd7d7044fcc71d20a5aea32e1f95e75e8,ignite,False,2014-07-28 22:36:39,ignite,,1,1,1,1,1,0.0,1.0,0.0,5.0,269,269.0,190.0,done,2483.0,,False,220.81007680238335,5.032957553275583,7.0,0.0317014517696342,0.0,0.0,0.4285714285714285,2.0,0.0,28.0,0.0
2e5031eceb76fd62342666dd8fca97b211d23f6d,ignite,False,2014-07-29 01:03:32,ignite,,7,5,5,2,2,2.25162916738782,2.2,17.0,21.4,181,181.0,0.9984725502862328,done,947.0,,False,163.67970000576923,4.433951048945231,8.5,0.0383465966812274,0.0,0.0,0.5,0.5,0.6666666666666666,18.5,0.0
ceb19e283e176938f16351720f70020704c9d3cc,ignite,False,2014-07-29 22:16:37,ignite,,1,1,1,1,1,0.0,3.0,22.0,25.0,402,402.0,210.0,done,300.0,,False,5043.458750793272,4.018472387919707,196.0,0.0388622192992401,0.0,0.0,1.0,0.0,0.9090909090909092,13.0,0.0
ec4d427c7c498abed9e5b2847a442275c196dda8,ignite,False,2014-07-30 15:15:39,ignite,,11,6,5,1,1,2.28574575400971,0.4,55.0,2.4,236,236.0,150.0,done,464.0,,False,68.78385239364125,4.188956116975934,7.666666666666667,0.1338923995336477,0.0,0.0,0.6666666666666666,7.5,0.1666666666666666,16.5,0.0
132658167159cf70d59d73cd7ed49e2f12b1e8ec,ignite,False,2014-07-30 15:36:38,ignite,,20,11,2,1,1,0.7088356733321959,1.0,38.0,3.0,365,365.0,131.0,done,396.0,,False,427.21346636430576,4.221667809566901,20.5,0.0479496312746694,0.0,0.0,0.891640866873065,1.0,0.1666666666666666,14.0,0.0
4b14f0d8e3e68b7ece3cf5086a3acfc5ee56078b,ignite,False,2014-07-30 19:40:59,ignite,,1,1,1,1,1,0.0,4.0,0.0,26.0,406,406.0,211.0,done,300.0,,False,5066.383563296878,4.019125302020039,197.0,0.0388837516028504,0.0,0.0,1.0,0.0,0.9090909090909092,13.0,0.0
5ea5e46d250f87bc23aa294af62f7a1ee10d1582,ignite,False,2014-08-01 20:32:01,ignite,,14,2,1,1,1,0.0,2.0,87.0,5.0,622,622.0,421.0,done,594.0,,False,1258.3560380963029,5.322044666730623,48.0,0.0381450070940308,0.0,0.0,0.8,2.0,0.55,26.0,0.0
66508744d50c5bf84c1e2133d6a519d5a795cd4f,ignite,False,2014-08-01 20:52:40,ignite,,61,32,1,1,1,0.0,3.0,21.0,23.0,408,408.0,213.0,done,1056.0,,False,1080.225106731156,4.930632207727055,22.333333333333332,0.0188531884480562,0.6666666666666666,0.0,0.6057342657342657,1.0,0.3871794871794872,25.333333333333332,0.0
212ef2a0f17b602b11a57e9d072e8e121dd2bb59,ignite,False,2014-08-01 21:02:28,ignite,,6,1,1,1,1,0.0,0.0,0.0,0.0,410,410.0,215.0,done,790.0,,False,1571.1171003285629,5.210216309228769,40.0,0.0254595917717622,0.0,0.0,0.8,3.0,0.6153846153846154,24.0,0.0
60ba12a6baf0feddef3ba5b9987c797e4deb1ecd,ignite,False,2014-08-01 21:28:43,ignite,,9,11,1,1,1,0.0,3.0,0.0,6.0,439,439.0,218.0,done,606.0,,False,1258.3560380963029,5.321755464228056,48.0,0.0381450070940308,0.0,0.0,0.8,2.0,0.55,26.0,0.0
381f940b36f915c74db3373a88e83f4dd6f656d0,ignite,False,2014-08-02 11:19:13,ignite,,18,14,1,1,1,0.0,2.0,0.0,6.0,397,397.0,303.0,done,513.0,,False,502.6466250649041,5.073622142496151,18.0,0.0358104463502082,1.0,2.0,0.5454545454545454,0.0,0.6363636363636364,23.0,0.0
134c3c79f1b1145d95081ecfcec8416a14f93c5a,ignite,False,2014-08-07 17:47:55,ignite,,6,5,2,2,1,0.684038435639042,3.5,0.5,11.5,419,419.0,221.0,done,4188.0,,False,413.67732990633345,4.606789023885935,14.0,0.0365824689711053,0.5,0.0,1.0,1.0,0.5,26.0,0.0
cf50a7ed9d99224f25729e8904488b460667649f,ignite,False,2014-08-07 21:09:38,ignite,,21,0,2,2,1,0.791858352567484,3.0,56.5,4.0,421,421.0,223.0,done,155.0,,False,962.3420676834866,5.223211317823246,33.0,0.0342913409983586,0.0,0.0,0.8947368421052632,1.0,0.5,16.0,0.0
9cce20ec10fc215871d2f17bab65ac218f8035b6,ignite,False,2014-08-08 22:51:59,ignite,,18,4,1,1,1,0.0,1.0,87.0,1.0,424,424.0,226.0,done,250.0,,False,494.3421327903328,5.26931626688351,14.5,0.0295538834398441,0.5,0.0,0.7619047619047619,2.0,0.1875,22.5,0.0
c219a867d83e97b3683b56f43acc2123171bccfb,ignite,False,2014-08-09 05:30:19,ignite,,23,2,3,3,1,1.0154312795576,3.3333333333333304,33.6666666666667,16.6666666666667,440,440.0,219.0,done,7055.0,,False,2898.9816990935055,5.231955150594298,92.33333333333331,0.0369050284844442,1.6666666666666667,4.0,0.7154150197628458,1.0,0.481708238851096,21.333333333333332,0.0
2b11aef719afcd7bda7961224c3fe6eaa18d8b6a,ignite,False,2014-08-09 07:33:34,ignite,,10,9,2,2,1,0.4854607607459129,5.0,0.0,20.0,441,441.0,220.0,done,5382.0,,False,2262.0451936551385,5.138921303529209,87.0,0.0384607700341391,1.0,0.0,0.8636363636363636,1.0,0.5,33.0,0.0
ee8a0895d01ce4c311ddc262de4d24247fa14551,ignite,False,2014-08-11 19:29:25,ignite,,48,0,1,1,1,0.0,2.0,18.0,5.0,582,582.0,377.0,done,413.0,,False,2653.545648925574,5.100889423207557,77.66666666666667,0.0312088558678472,0.0,0.0,1.0,1.3333333333333333,0.3382325230827209,18.333333333333332,0.0
70ce89761f49f34ede7d332c19ee29d22eef10d2,ignite,False,2014-08-11 22:23:11,ignite,,15,13,2,2,1,0.905928216042999,1.5,10.0,12.5,445,445.0,222.0,done,1880.0,,False,1282.2513737552722,5.055378976973028,28.0,0.0194595851549672,0.3333333333333333,0.0,0.6581818181818182,2.0,0.5256410256410257,24.0,0.0
730a6f89d6360698ba54b44e70f0c16b2d58b302,ignite,False,2014-08-11 22:50:05,ignite,,33,31,2,1,1,0.3372900666170139,0.5,9.0,1.5,447,447.0,223.0,done,940.0,,False,673.966910772796,4.912126393723716,24.0,0.0355485916398953,0.0,0.0,0.8873626373626373,0.0,0.6666666666666666,16.0,0.0
cb18940a0b8a978f74c3e8dffae27933012759ce,ignite,False,2014-08-12 20:32:04,ignite,,0,4,1,1,1,0.0,2.0,82.0,4.0,429,429.0,229.0,done,158.0,,False,218.7248250995195,4.5920406821491255,13.0,0.0594354115683257,0.0,0.0,1.0,1.0,0.4444444444444444,12.0,0.0
40491c2924e417e51ecb6a296a0cd494249fc068,ignite,False,2014-08-13 05:36:55,ignite,,2,42,1,1,1,0.0,2.0,0.0,3.0,404,404.0,306.0,done,191.0,,False,88.09768269704017,4.410590894927635,5.5,0.066863720394239,0.0,0.0,0.75,1.0,0.5,13.5,0.0
716c58b2d9b1d0c95b6deee3fd078cdbc1eedd01,ignite,False,2014-08-13 18:15:38,ignite,,12,11,4,3,2,1.52736154808991,2.75,7.5,8.5,432,432.0,0.677461862745227,done,171.0,,False,946.7172133515132,5.213078982375783,33.0,0.0348572937458011,0.0,0.0,0.8947368421052632,1.0,0.5,16.0,0.0
5d897b379494cf7acb77d5994640aaf1648d5bf5,ignite,False,2014-08-13 21:29:02,ignite,,34,10,2,2,1,0.266764987803026,3.0,0.0,29.5,434,434.0,232.0,done,3118.0,,False,434.57182571156136,4.75924081822024,9.0,0.0284699841687218,0.6,0.6,0.5746753246753247,0.2,0.5,19.8,0.0
49ea52428e9ff388d161d8c071bf0073501b60ca,ignite,False,2014-08-13 22:47:13,ignite,,31,13,7,3,1,2.60995297460406,1.0,6.142857142857139,14.2857142857143,606,606.0,340.0,done,5116.0,,False,1757.679580864012,4.617930504391099,53.0,0.0520923114226829,0.2857142857142857,0.0,0.5490386237139484,1.4285714285714286,0.3361801242236025,18.857142857142858,0.0
c758ebea807b078875a7dd1b7ed90fa6c2ab3b89,ignite,False,2014-08-14 03:05:56,ignite,,2,0,1,1,1,0.0,2.0,26.0,4.0,407,407.0,308.0,done,229.0,,False,726.3896433958189,5.174372845267189,18.0,0.0247800889834432,3.0,2.0,0.6428571428571429,0.0,0.3636363636363636,23.0,0.0
8e8e5e18cea4aab4b3991e746d6e80dc4634332b,ignite,False,2014-08-14 13:38:54,ignite,,1,1,1,1,1,0.0,3.0,1.0,6.0,409,409.0,310.0,done,1020.0,,False,582.1364282109455,4.986801416544567,19.0,0.0326383972540455,0.0,0.0,0.7333333333333333,2.0,0.8,22.0,0.0
162612ef88dc8ad346b7f0b37b681ab0750235f5,ignite,False,2014-08-14 21:53:41,ignite,,0,1,1,1,1,0.0,4.0,37.0,8.0,134,134.0,65.0,done,70.0,,False,893.8685031034732,3.839810982370727,39.0,0.0436305786193312,0.0,0.0,1.0,0.0,0.9166666666666666,14.0,0.0
a7d556ecb4db6b977c58b53432473b02dbfbd9b9,ignite,False,2014-08-14 23:16:00,ignite,,53,54,14,10,1,2.5108305542235603,0.5,9.64285714285714,17.1428571428571,617,617.0,345.0,done,15515.0,,False,1757.037811893316,5.10478679712815,44.23076923076923,0.0301423582779707,1.0769230769230769,2.0,0.6268446846962022,4.0,0.2653328921645494,23.153846153846153,0.0
7bd0e603854ba8deaabd7c2a871499637c663dcf,ignite,False,2014-08-15 19:45:04,ignite,,1,1,1,1,1,0.0,2.0,1.0,5.0,619,619.0,346.0,done,125.0,,False,598.2637365325687,4.9632461023627075,30.0,0.0501451085333614,0.0,0.0,0.9,1.0,0.4444444444444444,20.0,0.0
17f93163a6fc411d23b84f22d0e08b91c28d449e,ignite,False,2014-08-15 21:04:44,ignite,,5,5,4,4,1,1.92192809488736,0.75,0.0,3.25,137,137.0,67.0,done,1801.0,,False,266.6901353094072,4.480864350707643,8.8,0.0309616442880266,0.0,0.0,0.578021978021978,0.0,0.3,21.6,0.0
fede45898c88a67c0de6a973c00938a71679c56b,ignite,False,2014-08-15 22:18:47,ignite,,2,6,2,2,1,0.954434002924965,3.5,1.0,21.5,454,454.0,226.0,done,770.0,,False,111.25933427502632,4.316732373315865,8.0,0.0771893313806793,0.0,0.0,0.5,2.5,0.3571428571428571,12.5,0.0
08663c70c184367b77e6053a8b5ece9f7871bae8,ignite,True,2014-08-15 22:52:40,ignite,1616.0,9,2,1,1,1,0.0,7.0,0.0,38.0,622,622.0,348.0,done,371.0,2019-01-18 14:01:30,False,1084.8998534718726,4.857074262195357,23.5,0.0479576955458208,0.0,0.0,0.9583333333333331,1.5,0.5441176470588236,16.0,0.0
19722a33f2b7aa6a427c731b60d5861fb39f57b0,ignite,False,2014-08-15 23:18:05,ignite,,4,8,1,1,1,0.0,2.0,7.0,2.0,438,438.0,234.0,done,264.0,,False,494.3421327903328,5.2696139158427115,14.5,0.0295538834398441,0.5,0.0,0.7619047619047619,2.0,0.1875,22.5,0.0
1af5645ae26fe0f45212826f0ca7411f9516f69d,ignite,False,2014-08-18 13:02:53,ignite,,0,1,1,1,1,0.0,3.0,0.0,8.0,412,412.0,313.0,done,1057.0,,False,114.22064766172812,3.7939115610601046,6.0,0.0525299070074387,0.0,0.0,1.0,0.0,0.8571428571428571,7.0,0.0
cc825a89e4e9fade0b2fad9a416a43e9babdaa4a,ignite,False,2014-08-18 18:51:36,ignite,,2,2,2,2,1,1.0,3.5,3.0,20.5,146,146.0,71.0,done,3290.0,,False,1135.5309494296023,5.316379976645521,26.0,0.0257159747883203,0.5,0.0,0.7908653846153846,2.0,0.4444444444444444,24.0,0.0
9be74055c6151dd2cbd11234105bfae64d73eeae,ignite,False,2014-08-18 21:14:11,ignite,,2,1,1,1,1,0.0,4.0,0.0,6.0,455,455.0,227.0,done,1217.0,,False,1494.7628910369049,5.639064080522641,26.0,0.0173940630690691,0.0,0.0,0.7692307692307693,3.0,0.3888888888888889,23.0,0.0
3374b932cced6adebd90472e336292ce5be5dc3a,ignite,False,2014-08-18 22:23:15,ignite,,1,1,1,1,1,0.0,5.0,0.0,12.0,148,148.0,72.0,done,827.0,,False,62.907475208398566,4.3572958738405685,4.0,0.0635854481005458,0.0,0.0,0.0,0.0,1.0,10.0,0.0
4991d6bf8d12c3bd8a494f1d2ec196cdbf208201,ignite,False,2014-08-18 23:10:01,ignite,,10,2,1,1,1,0.0,10.0,3.0,37.0,460,460.0,229.0,done,5689.0,,False,6546.508772156353,5.624771281665159,196.0,0.0299396222966397,4.0,11.0,0.7021276595744681,1.0,0.4047619047619047,23.0,0.0
1be85787360e68ed5b53c7e8d4419bbb5bbce523,ignite,False,2014-08-19 20:31:35,ignite,,2,1,1,1,1,0.0,1.0,164.0,1.0,461,461.0,230.0,done,192.0,,False,463.0077442552005,4.595078422722917,23.0,0.0496751950380399,0.0,0.0,0.9375,1.0,0.5555555555555556,13.0,0.0
29f770f6464864c2df854e0afddcfbcd079783eb,ignite,False,2014-08-20 04:24:23,ignite,,2,8,1,1,1,0.0,5.0,13.0,22.0,628,628.0,353.0,done,228.0,,False,295.0728447925197,4.797898191373842,12.0,0.0406679239102391,0.0,0.0,0.7,0.0,0.625,16.0,0.0
6e23665aaa57cf4ef6180be08c62ddecb34991aa,ignite,False,2014-08-20 04:51:36,ignite,,22,12,1,1,1,0.0,6.0,0.0,23.0,630,630.0,354.0,done,222.0,,False,249.96023895642773,4.538932039632459,8.333333333333334,0.0363309621845683,0.3333333333333333,0.0,0.4185185185185185,0.0,0.6083333333333333,13.333333333333334,0.0
fe868321a367cab4bdbbaed4ea857ab8b8bf9b3b,ignite,False,2014-08-20 04:57:58,ignite,,23,6,2,2,1,0.9991421039919092,1.0,55.5,2.5,413,413.0,314.0,done,945.0,,False,830.8397763604166,5.181176457505581,23.0,0.0292466469075681,2.0,1.0,0.8194444444444444,0.0,0.5809716599190283,25.0,0.0
7a4752928f2e874c5a956dcce18a9ed4d11449be,ignite,False,2014-08-20 15:29:36,ignite,,8,4,2,2,1,0.650022421648354,1.5,2.0,3.5,588,588.0,382.0,done,125.0,,False,634.2482662634699,5.008224526064524,32.0,0.0504534292044986,0.0,0.0,1.0,1.0,0.4,20.0,0.0
00ca65e033fc7c56f373f6dbc7b2f8d94402c0e5,ignite,False,2014-08-20 19:18:53,ignite,,2,13,1,1,1,0.0,4.0,0.0,7.0,465,465.0,231.0,done,519.0,,False,32.756589711823786,4.003878032064258,1.0,0.0328777010965786,0.0,0.0,1.0,0.5,0.5,11.0,0.0
1233fbd820ce065d26e9ead901d300cfcfd6973c,ignite,False,2014-08-20 19:43:43,ignite,,11,2,3,1,1,1.46048468131311,1.6666666666666698,36.3333333333333,12.333333333333302,590,590.0,383.0,done,546.0,,False,264.54225550415464,4.396888394679489,17.5,0.0637247654745065,0.25,0.0,1.0,0.75,0.5641025641025641,13.75,0.0
be96dae6ad9aacb918139e6135b4f45dca7e5cd2,ignite,False,2014-08-20 19:50:54,ignite,,23,141,10,6,1,3.3149693307844705,0.9,0.5,6.9,153,153.0,76.0,done,2545.0,,False,38.75672074467988,4.03920539020646,1.0,0.0282726061112601,0.0,0.0,0.865,0.5,0.5,13.35,0.0
d657216193f23661d9f6fbafe70176c1d4841af5,ignite,False,2014-08-20 20:50:24,ignite,,2,1,1,1,1,0.0,3.0,42.0,22.0,194,194.0,120.0,done,63.0,,False,559.6811735424678,3.780663911088788,21.0,0.0375213621481705,0.0,0.0,1.0,0.0,0.0,13.0,0.0
ad771a04671993ae3b22bb03601763bda1c11b5b,ignite,False,2014-08-20 20:52:19,ignite,,2,2,1,1,1,0.0,2.0,41.0,9.0,593,593.0,385.0,done,870.0,,False,662.8274347268416,5.274415266826599,37.0,0.0558214673405123,0.0,0.0,1.0,2.0,0.1818181818181818,14.0,0.0
51571fcb61684bbc769dc586d36bb347a43524ba,ignite,False,2014-08-20 21:28:55,ignite,,3,3,1,1,1,0.0,3.0,41.0,11.0,595,595.0,386.0,done,443.0,,False,93.76537429460444,4.285742181283294,5.0,0.0533245885020449,0.0,0.0,1.0,0.0,0.6666666666666666,11.0,0.0
fd5c05eb836ac204d4c93572d37f119697fec07e,ignite,False,2014-08-20 22:02:52,ignite,,7,6,1,1,1,0.0,10.0,5.0,93.0,469,469.0,233.0,done,3187.0,,False,572.0240989653507,4.803417824415739,19.0,0.0332153838175109,1.0,0.0,1.0,1.0,0.5,21.0,0.0
3b417f933861f3a326439738227d09d536a7f551,ignite,True,2014-08-20 23:31:34,ignite,177.0,15,13,4,2,1,1.68939174674309,3.0,40.5,34.25,156,156.0,77.0,done,5670.0,2015-02-14 11:34:43,False,2432.942741119058,4.892107123776747,60.2,0.0218269816430135,0.2,0.0,0.5886002886002885,0.4,0.2,16.6,0.0
5bac10a6d0fce8a2e1315604d6ca62ecd00d7050,ignite,False,2014-08-21 06:28:00,ignite,,1,1,1,1,1,0.0,3.0,2.0,8.0,419,419.0,317.0,done,910.0,,False,133.437600046154,4.364253313899315,5.0,0.0374706979012705,1.0,0.0,0.8333333333333334,1.0,0.3333333333333333,24.0,0.0
693692cb5628b7af05e1acde49e77c127148226c,ignite,False,2014-08-21 07:41:12,ignite,,2,13,1,1,1,0.0,3.0,2.0,9.0,420,420.0,318.0,done,1056.0,,False,1455.0984856647317,5.025841976775595,27.5,0.0162839075738889,0.0,0.0,0.5464285714285715,0.0,0.6833333333333333,22.5,0.0
a90c5c1f7fb195faf87fd7f8b81d7f3591bfa855,ignite,False,2014-08-21 07:45:49,ignite,,9,12,1,1,1,0.0,3.0,0.0,9.0,421,421.0,319.0,done,910.0,,False,1700.865511238375,5.3554023080050435,47.0,0.0276329901979022,1.0,1.0,0.7666666666666667,0.0,0.45,27.0,0.0
5c8a9bcd9b04f850f6b5cfe585838b91e9d85a45,ignite,False,2014-08-21 17:40:18,ignite,,2,0,1,1,1,0.0,1.0,166.0,1.0,424,424.0,322.0,done,938.0,,False,476.82212841100943,5.039595396026374,15.0,0.0314582715571252,1.0,0.0,0.6666666666666666,0.0,0.125,30.0,0.0
25a8b718eb4d559fbc58d2480aa88397dd1522ff,ignite,False,2014-08-21 18:35:45,ignite,,2,0,1,1,1,0.0,1.0,138.0,1.0,639,639.0,425.0,done,231.0,,False,897.762450337501,4.964956597980769,30.0,0.0334164120906615,4.0,0.0,0.4285714285714285,1.0,0.0769230769230769,31.0,0.0
eacdb03721090ae658251b1135359be8c3117cf6,ignite,False,2014-08-21 18:40:56,ignite,,13,6,2,2,1,0.8997437586982628,0.5,62.0,1.0,253,253.0,155.0,done,454.0,,False,368.1887018337484,5.096250029773067,16.0,0.042953887263757,0.5,0.0,0.8611111111111112,2.0,0.1875,23.5,0.0
a408c58cd1e3c32d56fc221dd09d4865903e9f7f,ignite,False,2014-08-21 21:52:26,ignite,,333,325,4,3,1,0.9289258482265892,1.5,20.5,11.5,641,641.0,427.0,done,5677.0,,False,1155.782071612422,4.525115103813061,36.0,0.0407209748428187,0.75,0.5,0.8717320261437909,0.5,0.3478506787330316,17.5,0.0
dc99cc1b8ff973d5726e390c7ba5351e58d9a63d,ignite,False,2014-08-21 22:20:48,ignite,,6,5,2,2,1,0.94566030460064,4.5,1.0,17.5,644,644.0,429.0,done,4306.0,,False,89.97106615793548,4.5843061630104645,3.3333333333333335,0.1138876673416409,0.3333333333333333,0.0,0.1818181818181818,0.3333333333333333,0.4666666666666666,21.666666666666668,0.0
278780ff9fd6362318be363c91a892a266b290b6,ignite,False,2014-08-22 00:10:37,ignite,,1,4,1,1,1,0.0,2.0,0.0,2.0,254,254.0,156.0,done,378.0,,False,384.6962262708725,4.998845970710402,18.0,0.0467901652545087,1.0,0.0,0.875,3.0,0.25,24.0,0.0
86c3a0962058303f78931b68a818563932038d0d,ignite,False,2014-08-22 05:32:26,ignite,,9,3,2,2,1,0.650022421648354,2.5,52.5,7.0,427,427.0,324.0,done,5429.0,,False,1988.6137080398987,5.029449469755397,46.5,0.0273021392856885,1.5,0.5,0.5550245098039216,0.25,0.1221590909090909,24.25,0.0
07b9abbd5ce1e819c39acee097311cb1f775588e,ignite,False,2014-08-22 15:30:51,ignite,,27,24,1,1,1,0.0,4.0,0.0,7.0,646,646.0,430.0,done,1371.0,,False,747.2729045329237,4.838961732691896,15.0,0.0200729879392263,0.0,0.0,0.5,0.0,0.75,18.0,0.0
348e139c14091ee6d5240a15effefb7a2a869287,ignite,False,2014-08-22 16:43:09,ignite,,109,85,4,4,1,1.48664993207601,3.25,3.75,32.25,472,472.0,235.0,done,9293.0,,False,2416.778351881405,4.847975314671937,65.22222222222223,0.0337124240571695,0.5555555555555556,0.3333333333333333,0.7121465275979165,0.7777777777777778,0.4822789308199219,17.444444444444443,0.0
860d89d407e41a958c5fb1333831a1bfc0e8bbed,ignite,False,2014-08-22 17:08:19,ignite,,2,2,1,1,1,0.0,4.0,0.0,11.0,602,602.0,390.0,done,743.0,,False,453.5072273019498,5.109269051062019,17.0,0.0382367362703952,0.5,0.0,0.6190476190476191,0.0,0.4545454545454545,22.5,0.0
191a3758608f9bb6e0aee7ec166e84ec9beb9bd3,ignite,False,2014-08-22 22:34:53,ignite,,31,0,1,1,1,0.0,10.0,0.0,40.0,473,473.0,236.0,done,5472.0,,False,3681.417176153333,5.5641577523916155,121.0,0.0332361162202551,1.3333333333333333,3.6666666666666665,0.7790422000948317,0.6666666666666666,0.5706797706797707,21.666666666666668,0.0
dd5255e49d5260c6b2415b6afb32a76f52e9b668,ignite,False,2014-08-22 23:20:08,ignite,,2,3,1,1,1,0.0,1.0,0.0,8.0,608,608.0,394.0,done,231.0,,False,333.4050154002528,5.00408713677296,1.0,0.0029993550001025,0.0,0.0,0.7,1.0,0.5,14.0,0.0
b361c7e95f2da7a4cc225d405d0f376baf6e11d5,ignite,False,2014-08-23 00:00:57,ignite,,1,1,1,1,1,0.0,10.0,0.0,41.0,276,276.0,157.0,done,5503.0,,False,2969.646930483892,5.616090092414053,88.0,0.0296331523780373,2.0,2.0,0.8108108108108109,0.0,0.6756756756756757,22.0,0.0
bd0ba27090b6b9e0b7a2014330c0d6f73c7a9e9b,ignite,False,2014-08-23 09:34:50,ignite,,3,3,3,3,1,1.58496250072116,2.3333333333333304,6.33333333333333,4.0,433,433.0,327.0,done,1313.0,,False,506.9725014937976,5.011030396466085,21.5,0.043223287242638,1.0,0.0,0.7692307692307692,1.0,0.45,24.0,0.0
cb4d2117c10c643e3cdc51a83923d3d79f261475,ignite,False,2014-08-23 11:16:00,ignite,,2,0,1,1,1,0.0,2.0,1.0,3.0,434,434.0,328.0,done,396.0,,False,533.3974351909447,5.073728068076744,19.0,0.0356207187108022,2.0,0.0,0.5833333333333334,0.0,0.3636363636363636,25.0,0.0
d2ae7b63ed99e5bef942c363a92138a936fe2627,ignite,False,2014-08-23 14:38:24,ignite,,28,14,1,1,1,0.0,3.0,14.0,13.0,649,649.0,364.0,done,1694.0,,False,1162.8980701829469,5.21577452649179,23.5,0.0359704837475035,0.25,2.5,0.7622655122655122,2.25,0.4404761904761904,19.75,0.0
2a83a72903f44db7dad5b770746edb4b1d5d13dc,ignite,False,2014-08-23 15:12:23,ignite,,3,1,1,1,1,0.0,10.0,0.0,42.0,474,474.0,237.0,done,5503.0,,False,1767.222807543077,5.540891873717102,65.0,0.0367808743314985,1.0,4.0,0.7368421052631579,2.0,0.4,18.0,0.0
87c616b5cf6f52e508ff7086ed3cc3dd331747c1,ignite,False,2014-08-24 00:50:01,ignite,,20,18,2,1,1,0.629249223856035,3.5,0.0,19.5,650,650.0,365.0,done,1450.0,,False,222.9050971091868,4.471727998899364,9.0,0.0403759273193806,0.0,0.0,1.0,0.0,0.8333333333333334,21.0,0.0
26b313a98daaf81951d91a1ea47ed4c62b3697e0,ignite,False,2014-08-24 02:53:30,ignite,,1,6,1,1,1,0.0,7.0,0.0,47.0,652,652.0,366.0,done,5075.0,,False,95.1838730514401,4.196530904653279,3.0,0.0315179442044632,0.0,0.0,1.0,0.0,0.5,21.0,0.0
83b12cd3f22b0f06a3a1443e675b12f3d02005db,ignite,False,2014-08-25 11:40:34,ignite,,11,2,2,2,1,0.961236604722876,1.0,3.0,2.5,257,257.0,158.0,done,458.0,,False,401.1279091534292,5.08574959445494,17.0,0.0423973866681155,0.5,0.0,0.8819444444444444,2.0,0.2361111111111111,23.5,0.0
9571d3251541bbd993b6c9b6b02b61de2df1624f,ignite,False,2014-08-26 09:51:12,ignite,,1,1,1,1,1,0.0,7.0,3.0,39.0,284,284.0,163.0,done,2086.0,,False,6065.998949116713,5.3328222418915106,135.0,0.0222551967338632,1.0,3.0,0.8867924528301887,2.0,0.6,28.0,0.0
69fe71c48b966692ee08757069747fe76bcb5fab,ignite,False,2014-08-28 02:45:04,ignite,,8,8,2,2,1,0.954434002924965,3.5,2.0,17.0,439,439.0,331.0,done,2023.0,,False,1005.01093680299,5.370292188183004,23.0,0.0252642990398406,1.0,0.0,0.5982142857142857,4.5,0.1602564102564102,29.0,0.0
1c980b1cb93ee7db6ed29e615af29695f410d1ca,ignite,False,2014-08-29 21:53:29,ignite,,2,1,1,1,1,0.0,10.0,6.0,43.0,477,477.0,239.0,done,5505.0,,False,3016.6636352582236,5.625975279512035,89.0,0.0295027920779048,2.0,2.0,0.8108108108108109,0.0,0.6756756756756757,22.0,0.0
fa0852ba76eae92666def012ba026bfb721aa9b0,ignite,False,2014-09-01 21:00:17,ignite,,1,1,1,1,1,0.0,7.0,55.0,13.0,443,443.0,238.0,done,280.0,,False,65.72920075410865,3.7004397181410913,4.0,0.060855752909029,0.0,0.0,0.0,0.0,1.0,19.0,0.0
ccd069eb622fb8324eeab7257ad16bea1dc1d10c,ignite,False,2014-09-01 21:03:53,ignite,,4,8,1,1,1,0.0,7.0,0.0,14.0,444,444.0,239.0,done,280.0,,False,187.6219805325117,4.416757603390623,9.0,0.046276769880364,0.0,0.0,0.0,2.0,0.4,19.5,0.0
044479cde409848ce14ffebce84d8f8cf01bc593,ignite,False,2014-09-01 21:34:33,ignite,,2,2,1,1,1,0.0,5.0,17.0,24.0,161,161.0,78.0,done,322.0,,False,1229.9494239009364,5.347039806179539,37.0,0.0300825377702523,1.0,0.0,0.6666666666666666,1.0,0.2666666666666666,24.0,0.0
6cd3a402a9b5fb776fc093f29f44f7836053c12c,ignite,True,2014-09-01 21:50:09,ignite,1735.0,8,1,1,1,1,0.0,7.0,0.0,15.0,445,445.0,240.0,done,276.0,2019-06-03 10:49:26,False,260.0,4.8012180216118985,8.0,0.0307692307692307,0.0,0.0,0.6,0.0,0.7142857142857143,21.0,0.0
994f211ed741b6cb20e04065f41eae4aa4024d45,ignite,False,2014-09-02 14:59:33,ignite,,2,1,1,1,1,0.0,6.0,0.0,37.0,666,666.0,443.0,done,2805.0,,False,4089.655352356678,5.784188047579029,151.0,0.0369224267059535,1.0,1.0,0.828125,9.0,0.2391304347826087,33.0,0.0
7e1bd2d87bb48c65e8e15cba7af22d8f77b18373,ignite,True,2014-09-02 19:29:08,ignite,188.0,3,3,2,2,1,0.91829583405449,1.0,1.5,5.0,203,203.0,127.0,done,2066.0,2015-03-10 13:58:37,False,1086.7362979835125,5.414325321701007,34.0,0.0288955544387646,0.6666666666666666,0.3333333333333333,0.7817760942760943,0.3333333333333333,0.4255050505050504,20.333333333333332,0.0
51508c90395e68ae33382003657c7e1f364e098d,ignite,False,2014-09-02 20:30:50,ignite,,12,9,5,2,1,2.08139718406539,0.6,0.0,12.4,205,205.0,129.0,done,9709.0,,False,514.8450859668604,4.761685236668413,17.666666666666668,0.0325528485412321,0.3333333333333333,0.0,0.7186147186147186,2.0,0.5238095238095238,17.666666666666668,0.0
f5edc751499750a4c437b18baefc01cb31ed98b0,ignite,False,2014-09-03 15:04:27,ignite,,1,2,1,1,1,0.0,6.0,1.0,38.0,669,669.0,445.0,done,2806.0,,False,4131.245761321131,5.793674608723885,153.0,0.0370348337618801,1.0,1.0,0.828125,9.0,0.2391304347826087,33.0,0.0
935e613ea6e2d2fbc122ed7b4cdbbf14b49881dc,ignite,False,2014-09-04 10:04:47,ignite,,24,8,5,5,1,2.20818873999517,2.6,5.4,13.2,452,452.0,339.0,done,3590.0,,False,1117.711182567866,4.921325402809019,32.0,0.0292608266488312,1.75,0.0,0.6657925407925408,0.25,0.5574404761904762,24.75,0.0
84507cae1181bf886d18f4a809809c0476265eef,ignite,False,2014-09-04 10:19:29,ignite,,107,5,4,3,1,1.68542772906919,1.25,0.0,7.75,695,695.0,393.0,done,1985.0,,False,198.5071087595818,4.603418532220089,9.5,0.0475588629800873,1.0,0.0,1.0,1.0,0.5,10.0,0.0
c344b193de646393cf8bc1ebe92d0bd7dd1d9626,ignite,False,2014-09-04 10:55:56,ignite,,4,2,2,2,1,1.0,2.0,5.0,6.5,454,454.0,340.0,done,1267.0,,False,333.4033961014228,4.889709812963787,15.0,0.0449905435139506,0.0,0.0,0.8333333333333334,1.0,0.4285714285714285,16.0,0.0
29fda1f334d6b099ac075047f6591b54ad17a08b,ignite,False,2014-09-04 21:01:00,ignite,,4,2,1,1,1,0.0,1.0,141.0,2.0,457,457.0,247.0,done,176.0,,False,132.0,4.6562398796703866,7.0,0.053030303030303,0.0,0.0,0.0,6.0,0.0,7.0,0.0
751909af8e5af2330c41f83230a03457002e2dbb,ignite,False,2014-09-04 21:06:11,ignite,,2,0,1,1,1,0.0,10.0,2.0,46.0,492,492.0,248.0,done,5758.0,,False,2138.694574433564,5.402067795294036,61.0,0.0285220717016855,0.0,0.0,0.7692307692307693,1.0,0.5526315789473685,28.0,0.0
5ebb67cafa6a7c6fe2ad0fcd68d6ab9fc160cb90,ignite,False,2014-09-04 22:48:51,ignite,,14,13,7,4,1,2.3187972239850496,1.57142857142857,35.4285714285714,9.571428571428571,459,459.0,249.0,done,6897.0,,False,1449.6875733174838,4.9233143541814,48.5,0.0267053681829489,0.75,0.5,0.4824646074646075,0.75,0.4393939393939394,18.25,0.0
ab88d6f573e477fe4188d94b1660825308e535bc,ignite,False,2014-09-05 00:36:36,ignite,,56,33,2,1,1,0.1551032721030339,5.0,59.5,26.5,460,460.0,250.0,done,6911.0,,False,699.1996407392278,5.06633968566643,23.25,0.0317697008848162,0.5,0.25,0.7349081839213418,1.0,0.4530075187969924,18.75,0.0
59ed726c02e5b1b478fc0a91e72623cb708aacb4,ignite,False,2014-09-05 01:02:07,ignite,,11,16,1,1,1,0.0,1.0,0.0,4.0,494,494.0,249.0,done,134.0,,False,566.720840404926,4.730998216968402,24.5,0.047212446513045,0.5,0.0,0.6428571428571428,0.5,0.5681818181818181,17.5,0.0
5ef760b20647ef6d8be277be4ecdf6530d8a78da,ignite,False,2014-09-05 09:10:42,ignite,,0,3,1,1,1,0.0,5.0,0.0,26.0,699,699.0,397.0,done,2033.0,,False,5340.199826426028,5.647762786805848,128.0,0.0239691405116697,2.0,9.0,0.7205882352941176,1.0,0.2571428571428571,36.0,0.0
39ee58cd0ea9e10a880436d6d6fa5e5b63133e68,ignite,False,2014-09-05 09:13:18,ignite,,2,1,1,1,1,0.0,0.0,0.0,0.0,700,700.0,398.0,done,632.0,,False,1243.3375751752735,5.245155477710736,25.0,0.0201071700068871,1.0,0.0,0.5714285714285714,0.0,0.2857142857142857,30.0,0.0
50e17ebb8dc7cd4d7e782338d4b6d0cd442d7af6,ignite,False,2014-09-05 10:25:50,ignite,,2,2,2,2,1,1.0,2.0,6.5,10.5,461,461.0,344.0,done,2702.0,,False,3997.062052286144,5.650425438710294,114.0,0.0285108900560946,3.0,1.0,0.6867201426024956,1.0,0.3516081871345029,27.0,0.0
99d00417a9f7c0b699f2a4397805b2197a4e7f8c,ignite,False,2014-09-05 21:38:16,ignite,,4,2,2,1,1,0.91829583405449,0.5,0.0,1.0,216,216.0,137.0,done,2417.0,,False,2666.35189323421,5.34295110372991,69.0,0.0219086603068878,0.0,0.5,0.885483870967742,2.0,0.2571428571428571,27.0,0.0
efce67b1b7dde37b7459b11533bcdf48067c1222,ignite,False,2014-09-06 00:26:48,ignite,,2,2,2,1,1,1.0,1.5,2.0,5.5,279,279.0,196.0,done,1007.0,,False,274.78587335407707,4.6178928456691235,10.0,0.0364967145413122,0.0,0.0,0.7727272727272727,3.0,0.4583333333333333,21.5,0.0
8452ea878fde515c5dd2dbbddc2ae4d0fcc64b5c,ignite,False,2014-09-06 03:47:11,ignite,,3,0,1,1,1,0.0,4.0,1.0,12.0,462,462.0,345.0,done,1266.0,,False,369.87118895965546,4.884834865231498,16.0,0.0432583031000698,0.0,0.0,0.8571428571428571,1.0,0.4285714285714285,16.0,0.0
4f032a00a9a7cf35909b9a48ba02b54e132be169,ignite,False,2014-09-06 04:09:22,ignite,,5,7,1,1,1,0.0,6.0,64.0,16.0,463,463.0,346.0,done,2445.0,,False,87.56916320732489,4.628085278891397,7.0,0.0799368150113197,0.0,0.0,1.0,2.0,0.3333333333333333,15.0,0.0
fe6a19a037799e3d5b3ca158e57a103091657258,ignite,False,2014-09-06 07:35:37,ignite,,19,1,2,2,1,0.468995593589281,3.0,2.0,27.5,464,464.0,347.0,done,4625.0,,False,4426.027944122935,5.51007203676334,115.0,0.0267719793984201,1.5,1.5,0.6270058040286788,0.5,0.4771241830065359,27.0,0.0
f90fbdfc1b6947c3d90541a81a90b0949142dc09,ignite,True,2014-09-06 10:17:40,ignite,1440.0,128,4,1,1,1,0.0,1.0,0.0,2.0,710,710.0,405.0,done,226.0,2018-08-17 00:24:16,False,274.01923055728344,4.797290806602564,11.0,0.0401431679726597,0.0,0.0,1.0,0.0,1.0,11.0,0.0
29843b9b9d9885f1820c65735e3c2be3b491408d,ignite,False,2014-09-08 21:12:40,ignite,,14,13,6,3,2,1.9918001342328104,1.5,3.1666666666666696,12.5,223,223.0,0.9984725502862328,done,477.0,,False,3674.55677691524,5.487301748486726,76.0,0.0206827665522701,1.0,1.0,0.7608695652173914,0.0,0.2592592592592592,17.0,0.0
8986bbf6dce09604281ad435b77cc5bb8da0db0f,ignite,False,2014-09-08 22:22:33,ignite,,4,0,1,1,1,0.0,1.0,185.0,1.0,467,467.0,253.0,done,453.0,,False,1420.4326180492365,5.2192248195054285,7.0,0.0049280760741847,0.0,0.0,0.8461538461538461,0.0,0.1666666666666666,18.0,0.0
8227e4fd0354151281779226939928f73dd1ab94,ignite,False,2014-09-09 00:37:13,ignite,,38,9,5,4,1,1.6767713565283602,1.6,8.0,28.0,470,470.0,254.0,done,10850.0,,False,629.8706041405204,5.143713853332405,23.307692307692307,0.0460353872057086,0.6923076923076923,1.2307692307692308,0.7311060586922656,4.538461538461538,0.4481684981684981,21.923076923076923,0.0
57b1d92ee3c86ab45ab7d9921bd82b96534d7817,ignite,False,2014-09-09 20:27:21,ignite,,11,20,2,2,1,0.962900414771327,5.5,4.0,29.0,507,507.0,255.0,done,6895.0,,False,1523.9499428022375,5.12975563208298,52.25,0.0372114534368877,1.0,0.5,0.5538931788931789,1.5,0.5258928571428572,20.0,0.0
8d989a2a1005938a2bbd2112250e0f48582dc5aa,ignite,False,2014-09-09 21:40:49,ignite,,40,34,1,1,1,0.0,10.0,0.0,50.0,509,509.0,256.0,done,5783.0,,False,1230.8417201483862,5.343094382271353,52.0,0.0422475117220848,1.0,1.0,0.875,1.0,0.4761904761904761,23.0,0.0
827eb79e858247642e545cb79351992cb816a4bb,ignite,False,2014-09-09 21:41:34,ignite,,3,0,1,1,1,0.0,7.0,0.0,54.0,473,473.0,257.0,done,5053.0,,False,133.97977094150824,4.596413245427524,11.0,0.0821019466050758,1.0,1.0,1.0,1.0,0.6666666666666666,11.0,0.0
c709d2812dc765d0972ecc44ca5a8d3c94c703bb,ignite,False,2014-09-09 22:26:45,ignite,,9,4,4,3,1,1.8843135277998,0.75,0.0,25.0,287,287.0,198.0,done,1598.0,,False,1719.5736562155914,5.244455172803002,60.5,0.0380833344576895,0.5,0.0,0.8611111111111112,2.5,0.2708333333333333,22.0,0.0
5a42de4adc622e1906f45e31fc1a2b9343404ccc,ignite,False,2014-09-09 23:33:39,ignite,,4,2,1,1,1,0.0,2.0,15.0,4.0,80,80.0,26.0,done,393.0,,False,2631.167568847568,5.553375814217329,104.0,0.0395261788839816,1.0,0.0,0.9230769230769232,4.0,0.15625,30.0,0.0
7472e46101ca403b3e42d3094438d4dc0eccb64e,ignite,False,2014-09-10 01:58:20,ignite,,0,4,1,1,1,0.0,2.0,1.0,2.0,468,468.0,349.0,done,457.0,,False,1346.2773756267752,5.182382512357788,6.0,0.0044567338860661,0.0,0.0,0.88,0.0,0.0,18.0,0.0
2da2d38f8836dac8bb95da196f5e0a8cf69f428b,ignite,False,2014-09-10 02:22:34,ignite,,4,1,1,1,1,0.0,1.0,0.0,1.0,289,289.0,200.0,done,193.0,,False,162.51574464281416,4.393397006878755,9.0,0.0553792496830426,0.0,0.0,0.6666666666666666,1.0,0.6666666666666666,10.0,0.0
0336e50c3245ea809157f3e0568c77fb6dc98c94,ignite,False,2014-09-10 09:39:45,ignite,,21,22,1,1,1,0.0,9.0,19.0,29.0,292,292.0,169.0,done,3170.0,,False,5.504189287568687,3.50914824255891,1.0,0.1945513581632736,0.0,0.0,0.0,0.1428571428571428,0.8571428571428571,7.380952380952381,0.0
ae25f1ef10e3bc35be027c22255784a8816b9f1e,ignite,False,2014-09-11 23:01:03,ignite,,3,3,1,1,1,0.0,1.0,2.0,1.0,512,512.0,257.0,done,254.0,,False,668.6473604245663,4.733925055963233,19.0,0.0284155761684839,0.0,0.0,0.8181818181818182,1.0,0.25,22.0,0.0
f842774295f86c7c68fa851ab4ae3e4478db875e,ignite,False,2014-09-11 23:28:53,ignite,,8,14,2,2,1,0.684038435639042,4.5,1.0,34.0,514,514.0,258.0,done,5056.0,,False,81.26358304024686,4.372693800278229,5.5,0.0770997476979512,0.5,0.5,1.0,1.0,0.675,10.0,0.0
0ddfffbb194c2d7ad2563091dc9f6a4e18d3ccb1,ignite,False,2014-09-11 23:50:51,ignite,,2,3,1,1,1,0.0,1.0,7.0,4.0,516,516.0,259.0,done,178.0,,False,103.96391252091352,4.449784624764419,7.0,0.0673310558468244,0.0,0.0,0.0,6.0,0.0,6.0,0.0
f08e36a6698f03e315db5c242a0f6fce57930df9,ignite,False,2014-09-12 20:39:45,ignite,,41,47,3,3,1,0.527628446978307,0.666666666666667,112.0,1.6666666666666698,488,488.0,263.0,done,653.0,,False,491.9554073735676,4.656247953150022,13.75,0.0456526006155597,0.5,0.5,0.85625,0.0,0.3083333333333333,16.75,0.0
1efe7c96c88ac919fa25bcaa7c9821c8a87c252d,ignite,False,2014-09-12 22:48:35,ignite,,0,4,1,1,1,0.0,8.0,3.0,44.0,171,171.0,81.0,done,2136.0,,False,9263.628980923731,5.713944256122442,230.0,0.0248282827899984,3.0,10.0,0.7222222222222222,0.0,0.3090909090909091,26.0,0.0
e717a5179ffbdbb7668c0a0c5b9ae52e2fb661b4,ignite,False,2014-09-12 23:56:21,ignite,,1,6,2,1,1,0.591672778582327,4.0,0.0,19.5,230,230.0,143.0,done,312.0,,False,669.6940005772605,3.97397108613248,5.0,0.0074660964495577,0.0,0.0,0.3333333333333333,1.0,0.0,10.0,0.0
3fac93a5faca96d70656eae2f7b9c86c32a947b7,ignite,True,2014-09-13 23:28:24,ignite,477.0,20,1,1,1,1,0.0,2.0,0.0,7.0,299,299.0,205.0,done,409.0,2016-01-04 06:47:28,False,2379.3157531589823,5.717360414893321,23.0,0.0096666446937373,0.0,0.0,0.6666666666666666,2.0,0.1818181818181818,26.0,0.0
6abf0ec8268129871f015cb491786703c96d10c1,ignite,False,2014-09-13 23:44:33,ignite,,16,11,4,3,1,1.19116906661698,2.0,0.0,37.0,301,301.0,206.0,done,571.0,,False,279.89554233064047,4.676535324810487,12.5,0.0536204240732069,0.0,0.0,0.9230769230769232,0.5,0.282051282051282,17.0,0.0
ff735485d2b91a3f08532229f109eacebd18a1ad,ignite,True,2014-09-14 01:11:49,ignite,732.0,11,4,2,2,1,0.566509506552905,2.0,1.0,29.5,234,234.0,147.0,done,459.0,2016-09-15 10:58:38,False,796.3489038002532,4.952262092485571,25.5,0.0318655258703501,0.5,0.0,0.6888888888888889,0.5,0.5686274509803921,24.5,0.0
5e9c222d9715722eb876908a484324f75937734d,ignite,False,2014-09-14 03:06:39,ignite,,4,0,1,1,1,0.0,3.0,0.0,64.0,235,235.0,148.0,done,214.0,,False,89.85848369899593,4.524629180774193,5.0,0.055643048871699,0.0,0.0,1.0,1.0,0.5,26.0,0.0
10d56c5f7423b20add11aadf9055a13bce3b2431,ignite,False,2014-09-14 22:36:38,ignite,,7,1,2,2,1,0.811278124459133,1.5,1.0,40.0,306,306.0,210.0,done,417.0,,False,57.73052914984521,4.057058185625376,3.0,0.0554237181364995,0.0,0.0,1.0,1.0,0.3333333333333333,15.5,0.0
5d86039c44dae222bbc37a74bc29f6af65db32db,ignite,True,2014-09-15 23:11:53,ignite,896.0,11,4,4,2,1,1.8294732983598403,1.5,4.25,10.5,522,522.0,262.0,done,1397.0,2017-02-28 13:05:06,False,635.0010607629619,4.817855721974044,9.25,0.0090375518445654,0.25,0.5,0.6084656084656085,1.25,0.3273809523809524,19.75,0.0
040337a617bab4fe1e35f5381e1c434f7259ed69,ignite,False,2014-09-16 02:17:31,ignite,,59,59,1,1,1,0.0,3.0,0.0,31.0,242,242.0,152.0,done,101.0,,False,1364.0,3.721202034286324,39.0,0.0285923753665689,0.0,0.0,0.6666666666666666,0.0,0.5,16.0,0.0
89b12ec283aeb06b400ec1596b502240ca6d6110,ignite,False,2014-09-16 02:46:27,ignite,,1,1,1,1,1,0.0,2.0,40.0,25.0,313,313.0,216.0,done,703.0,,False,80.0,4.3523814564716385,4.0,0.05,1.0,0.0,1.0,1.0,0.0,11.0,0.0
83498cd1dc6bac20329d85d3fb3ab5ec0e6ef698,ignite,True,2014-09-16 02:47:36,ignite,122.0,13,7,3,2,1,1.44064544961535,3.0,8.33333333333333,32.3333333333333,243,243.0,153.0,done,3337.0,2015-01-16 14:58:12,False,220.14325498251907,4.456275935765831,11.5,0.0541233131673833,0.0,0.0,0.8295454545454546,0.5,0.7777777777777778,14.0,0.0
15dfcffac883c439ba01a65955d542e83885b6fe,ignite,True,2014-09-16 09:21:27,ignite,1004.0,6,2,3,2,1,1.2987949406954,2.0,50.0,13.0,470,470.0,351.0,done,2188.0,2017-06-16 12:10:05,False,826.8529726277014,4.945574282616406,28.666666666666668,0.0353998013512225,0.6666666666666666,1.3333333333333333,0.8073593073593073,7.333333333333333,0.1654320987654321,20.666666666666668,0.0
5276b8d8dd9bec2d7f688180ec7cdace92621208,ignite,False,2014-09-16 16:05:08,ignite,,5,3,2,2,1,0.811278124459133,1.5,44.0,5.5,454,454.0,165.0,done,351.0,,False,75.05865002596161,4.439079570624174,9.0,0.1199062332840657,0.0,0.0,1.0,3.0,0.6666666666666666,15.0,0.0
568ef65cc191710fd556df2db9b56920162feefc,ignite,False,2014-09-16 19:43:53,ignite,,7,0,1,1,1,0.0,3.0,68.0,15.0,498,498.0,267.0,done,1131.0,,False,1464.7781192910986,4.999168390277191,51.0,0.0348175599623799,1.0,2.0,0.7058823529411765,2.0,0.4615384615384615,20.0,0.0
aebc11b622014c738c4e0d65126483c60d15bf22,ignite,False,2014-09-16 21:53:08,ignite,,7,0,1,1,1,0.0,1.0,193.0,1.0,621,621.0,403.0,done,255.0,,False,114.20025299224778,5.033068069995607,7.0,0.0612958361876411,1.0,0.0,0.6666666666666666,3.0,0.1428571428571428,17.0,0.0
861ba9c2f85f7ff97b7dcaf86a3adb74d9891317,ignite,False,2014-09-16 22:49:03,ignite,,4,2,2,1,1,0.650022421648354,1.5,0.0,21.0,250,250.0,156.0,done,58.0,,False,472.0,3.758491242247984,14.0,0.0296610169491525,0.0,0.0,0.5,0.0,0.5,16.0,0.0
770cb36adc828c529f39e3f429563a9f43d91a95,ignite,False,2014-09-17 02:15:07,ignite,,5,5,1,1,1,0.0,6.0,0.0,71.0,316,316.0,218.0,done,1519.0,,False,601.2770862489784,5.300398553469145,26.0,0.0432412952274616,1.0,1.0,0.7692307692307693,1.0,0.4166666666666667,20.0,0.0
89163a2423ab7e6fb4c025c936aaa94faf528f0a,ignite,False,2014-09-17 03:59:58,ignite,,2,1,1,1,1,0.0,6.0,0.0,19.0,471,471.0,352.0,done,1327.0,,False,1120.3582451572831,5.5605317788693265,40.0,0.0357028657332588,2.0,4.0,0.6363636363636364,7.0,0.2,24.0,0.0
b7d706e90d965ce73c185a9a872bc40267c566b4,ignite,False,2014-09-17 04:54:56,ignite,,3,3,2,2,1,0.91829583405449,3.0,34.5,22.0,474,474.0,354.0,done,2839.0,,False,181.52097998526924,4.897169962289252,8.0,0.0440720406018588,0.0,0.0,0.8333333333333334,4.0,0.1666666666666666,23.0,0.0
fc5abbbda319308c2791032461221f4fa58fd8df,ignite,False,2014-09-17 15:44:15,ignite,,3,3,1,1,1,0.0,8.0,19.0,35.0,695,695.0,463.0,done,792.0,,False,1214.5158034881415,4.05868540411506,41.5,0.1220672196744921,0.0,0.0,0.5,0.5,0.5121951219512195,9.5,0.0
cf93278485381b6bcc58b1870b803a3d3c8d55a3,ignite,False,2014-09-17 16:04:32,ignite,,3,0,1,1,1,0.0,6.0,15.0,45.0,623,623.0,404.0,done,3884.0,,False,455.0,4.618698303824173,16.0,0.0351648351648351,0.0,0.0,0.4545454545454545,7.0,0.1666666666666666,20.0,0.0
dd69c379e0a72c525dd018f27f91ded45621ecc7,ignite,False,2014-09-17 16:35:45,ignite,,2,1,1,1,1,0.0,1.0,1.0,5.0,526,526.0,265.0,done,1405.0,,False,1625.6350549934657,5.285401525100761,48.0,0.029526922326483,1.0,0.0,0.8484848484848485,0.0,0.5294117647058824,22.0,0.0
ca51bd41b4cda60e2e115e134406e41ef29cf5fe,ignite,False,2014-09-17 21:29:48,ignite,,23,24,1,1,1,0.0,4.0,0.0,9.0,528,528.0,266.0,done,824.0,,False,1738.5302260940248,5.3035453390854395,34.0,0.0195567494252821,1.0,0.0,0.8205128205128205,3.0,0.2,19.0,0.0
9c0318c1a4bbd4cdc51f1c3621ee1c84cc72be41,ignite,False,2014-09-17 23:14:08,ignite,,7,2,1,1,1,0.0,4.0,0.0,10.0,176,176.0,84.0,done,823.0,,False,1883.934572276434,5.266321166305642,39.0,0.0207013558612466,1.0,0.0,0.8205128205128205,3.0,0.2,19.0,0.0
09a55c97fe1daea31147ca92c93504ed883f9ce0,ignite,False,2014-09-18 00:11:32,ignite,,6,4,4,3,1,1.92192809488736,0.5,4.0,12.75,256,256.0,160.0,done,764.0,,False,835.6469718108475,4.76117305675258,18.333333333333332,0.0378231727063309,0.3333333333333333,0.0,0.6566951566951568,1.3333333333333333,0.4222222222222222,20.666666666666668,0.0
af80b1a1ce5f75de889b699aca836eef4e80e520,ignite,False,2014-09-18 01:43:12,ignite,,0,2,1,1,1,0.0,3.0,1.0,68.0,257,257.0,161.0,done,257.0,,False,503.6098884340999,4.831567640580633,17.0,0.0337562871389578,1.0,0.0,0.6153846153846154,3.0,0.1818181818181818,22.0,0.0
52f1fc80a7be918ba6ba0049669dd85c2d07cbe0,ignite,False,2014-09-18 18:36:03,ignite,,24,36,1,1,1,0.0,10.0,8.0,51.0,506,506.0,270.0,done,5770.0,,False,3639.3591395054177,5.306487971375049,127.5,0.0401717731247638,0.5,2.5,0.7875000000000001,0.5,0.6892857142857143,23.5,0.0
25a1e41183472a2aa4b7fe6464e3ff0f057aba60,ignite,False,2014-09-18 21:01:42,ignite,,3,2,1,1,1,0.0,3.0,2.0,16.0,530,530.0,267.0,done,1138.0,,False,1482.6295394977385,5.011360979772094,51.0,0.0343983433766448,1.0,2.0,0.7058823529411765,2.0,0.4615384615384615,18.0,0.0
2ad1b656ef259ef3ff0e21981237a5fff6754cb6,ignite,False,2014-09-19 01:49:03,ignite,,5,2,1,1,1,0.0,3.0,9.0,22.0,259,259.0,162.0,done,1237.0,,False,1286.106403043565,5.3234918806912495,50.0,0.0388770321659819,1.0,0.0,0.4666666666666667,1.0,0.4375,18.0,0.0
739616144b0c488a3e278e44e7dc2acbb38b409f,ignite,False,2014-09-19 19:45:45,ignite,,6,0,3,1,1,1.58496250072116,0.0,0.0,0.0,4,4.0,4.0,done,1419.0,,False,676.317529613054,4.675206579110549,23.666666666666668,0.0352851911236974,0.0,0.0,0.5,0.0,0.5555555555555556,19.0,0.0
104ff3e0061f6163a6ba0dacce486f6c71a7e540,ignite,False,2014-09-19 19:59:48,ignite,,22,26,2,2,1,0.99498482818597,1.5,4.5,21.0,262,262.0,163.0,done,1240.0,,False,1215.8011542003917,5.320404449652339,48.0,0.0394801401809563,1.0,0.0,0.4666666666666667,1.0,0.4375,18.0,0.0
e705c0e01123befde015403b08585ba89adbfe7c,ignite,False,2014-09-20 06:46:33,ignite,,12,5,1,1,1,0.0,4.0,18.0,20.0,481,481.0,357.0,done,2298.0,,False,1968.8337662158583,4.943557305841303,50.0,0.0253957448607258,1.0,0.0,0.84,3.0,0.3846153846153846,35.0,0.0
af3a1593b68c8d053797a6bb56270f0e27f5dcd4,ignite,False,2014-09-22 18:57:13,ignite,,3,3,1,1,1,0.0,1.0,131.0,1.0,1,1.0,1.0,done,336.0,,False,255.15831097164295,4.6134080111298825,7.0,0.0274339486467989,0.0,0.0,1.0,2.0,0.25,20.0,0.0
9694ad1929c72d1136d9775163f0fbe8696ada20,ignite,False,2014-09-22 22:55:56,ignite,,17,12,1,1,1,0.0,1.0,0.0,1.0,532,532.0,268.0,done,898.0,,False,160.40630055373512,4.50317544330843,8.666666666666666,0.0533756878490553,1.0,0.6666666666666666,0.3555555555555555,1.3333333333333333,0.0666666666666666,13.333333333333334,0.0
8785e46fc0fe7f3d2ac833485aeb9a49ee79c0ad,ignite,False,2014-09-23 07:29:17,ignite,,4,4,1,1,1,0.0,4.0,2.0,20.0,484,484.0,359.0,done,824.0,,False,656.2311061925092,5.3240046727871855,21.0,0.0320009213245669,0.0,0.0,0.5,3.0,0.4615384615384615,23.0,0.0
725f35387f1fe89719f21c27ee820edf128631b0,ignite,False,2014-09-23 11:35:11,ignite,,10,7,1,1,1,0.0,1.0,33.0,1.0,748,748.0,427.0,done,432.0,,False,426.3534106220076,5.0082485929196405,15.0,0.0397153273956245,0.0,0.0,0.7710084033613446,2.4285714285714284,0.4222222222222221,26.0,0.0129870129870129
1810d737ca8267eea88414a893ad0d8e90bdcaba,ignite,False,2014-09-23 20:16:12,ignite,,4,6,1,1,1,0.0,2.0,0.0,2.0,5,5.0,5.0,done,898.0,,False,140.2304206377674,4.614415769042713,7.0,0.0499178421355653,1.0,1.0,0.4,1.0,0.0,11.0,0.0
735374763ea5a51bc479aff5ab640b78b3fefda4,ignite,False,2014-09-23 20:44:55,ignite,,43,53,1,1,1,0.0,2.0,0.0,3.0,7,7.0,6.0,done,896.0,,False,235.53511087309312,4.747584858639909,9.666666666666666,0.0444882132203576,1.0,0.6666666666666666,0.3555555555555555,1.3333333333333333,0.1142857142857142,15.0,0.0
4bb4d14bf86ab202ced6fa325c7e4ccdda6f811c,ignite,False,2014-09-23 20:53:15,ignite,,13,18,1,1,1,0.0,2.0,0.0,4.0,8,8.0,7.0,done,886.0,,False,58.57705285975551,4.033014157524757,3.0,0.0508817113991935,0.0,0.0,0.3333333333333333,1.0,0.0,14.0,0.0
bd823298226e78006d596c39bbe9d454e46950e1,ignite,True,2014-09-24 00:31:06,ignite,1322.0,62,57,1,1,1,0.0,2.0,0.0,6.0,10,10.0,8.0,done,888.0,2018-05-08 13:35:05,False,305.55058658093355,4.887181256829895,12.5,0.0422443252789516,1.5,0.75,0.5892857142857143,1.75,0.1571428571428571,20.0,0.0
0b269afe46ba48085cbede48bfd5c376a6464c1a,ignite,False,2014-09-24 04:09:29,ignite,,24,0,2,2,1,0.5435644431995961,5.0,5.0,30.5,488,488.0,361.0,done,2132.0,,False,9772.93137947856,5.684081094251814,235.0,0.0240460094187767,3.0,10.0,0.7222222222222222,0.0,0.3090909090909091,26.0,0.0
109ea1c4f1aade3fd0f5a89f26f3f8e46668833f,ignite,False,2014-09-24 07:46:00,ignite,,3,3,3,3,1,1.58496250072116,1.6666666666666698,17.6666666666667,22.0,333,333.0,229.0,done,360.0,,False,85.95159310338741,4.384183719779188,5.0,0.0581722783658671,0.0,0.0,0.0,2.0,0.25,13.0,0.0
3a19a506a34b86c89e8708d52dbdb975505f9518,ignite,False,2014-09-24 11:19:41,ignite,,20,4,2,1,1,1.0,1.5,16.0,11.0,491,491.0,364.0,done,2245.0,,False,1988.4639290061475,5.255374747732027,52.0,0.0263235013077545,1.5,1.5,0.8035117056856187,1.0,0.5118421052631579,30.5,0.0
9d0c8e91520a54acaf245968a5424224935ee2dd,ignite,False,2014-09-24 18:04:04,ignite,,0,3,1,1,1,0.0,3.0,4.0,24.0,266,266.0,164.0,done,1247.0,,False,1147.115394625559,5.286262200129065,47.0,0.0409723382845382,1.0,0.0,0.4666666666666667,1.0,0.4666666666666667,18.0,0.0
ab1e2b211a34f989f9a9c7747987883bcdc9d3a8,ignite,False,2014-09-24 20:26:29,ignite,,6,1,1,1,1,0.0,6.0,6.0,30.0,629,629.0,407.0,done,2030.0,,False,548.1585937733984,5.036662553591291,19.0,0.0346615016453693,0.0,0.0,0.7272727272727273,3.0,0.1428571428571428,25.0,0.0
a7fbbbce4d7eb447d2e9191d9ef2de5c04d0ac79,ignite,False,2014-09-24 20:40:53,ignite,,1,1,1,1,1,0.0,2.0,124.0,2.0,630,630.0,408.0,done,44.0,,False,162.81934759820803,3.8662370384013216,8.0,0.0491342098958763,0.0,0.0,1.0,0.0,0.0,9.0,0.0
3fc55c352958f2772d4046e867ccf1b20a5e716e,ignite,False,2014-09-24 21:17:47,ignite,,1,2,1,1,1,0.0,0.0,0.0,0.0,335,335.0,230.0,done,821.0,,False,497.1205760451312,4.941247332285744,17.0,0.0341969349473409,2.0,2.0,0.6666666666666666,0.0,0.8181818181818182,26.0,0.0
f3fe90a9e7c44052b0270384ec8e105e81fc7d4c,ignite,False,2014-09-24 21:25:43,ignite,,4,2,1,1,1,0.0,3.0,2.0,26.0,336,336.0,231.0,done,284.0,,False,859.1880681844798,5.064403644501021,19.0,0.022113901139419,1.0,4.0,0.6923076923076923,2.0,0.2,36.0,0.0
5b12f8f0aa1108dbd7bfb62685c8bec4990da3c1,ignite,False,2014-09-24 22:10:30,ignite,,49,3,2,2,1,0.235193381819241,4.0,0.0,11.5,14,14.0,10.0,done,492.0,,False,53.96515977449619,4.328361601450493,3.0,0.058717634890602,0.0,0.0,0.25,1.5,0.1666666666666666,14.5,0.0
ad3ba4e2db70ef768150c189aa11853f124b2f2b,ignite,False,2014-09-24 23:27:55,ignite,,2,1,1,1,1,0.0,6.0,11.0,26.0,339,339.0,233.0,done,217.0,,False,592.8457306866735,4.895201989713491,17.0,0.0286752507778194,1.0,0.0,0.6153846153846154,0.0,0.3333333333333333,16.0,0.0
de55bfdec69eea27ae439114278db902b86a8807,ignite,False,2014-09-25 02:13:24,ignite,,4,4,2,1,1,1.0,1.5,3.0,45.5,340,340.0,234.0,done,675.0,,False,523.9797979492542,4.854636414258486,17.0,0.0324931055754165,1.0,0.0,0.6900452488687783,3.5,0.2062937062937063,26.5,0.0
81b1bf061cca717cb29d4af7b6b5ec355aa62360,ignite,False,2014-09-25 03:15:56,ignite,,16,19,1,1,1,0.0,6.0,0.0,77.0,342,342.0,235.0,done,1668.0,,False,2917.1614762467107,5.42819255653559,95.0,0.0325659037984518,2.0,7.0,0.7560975609756098,3.0,0.32,23.0,0.0
4119bccfe24426120bdd7ac84f5b65b9395fd3af,ignite,False,2014-09-25 16:14:20,ignite,,10,3,1,1,1,0.0,4.0,0.0,22.0,493,493.0,365.0,done,2305.0,,False,3320.843581921184,5.184325486355892,86.5,0.02581694474929,1.5,2.0,0.8473193473193473,3.0,0.3244047619047619,29.5,0.0
5e7af918863fa80515d5d97536ef2a5bed5ca928,ignite,False,2014-09-25 16:37:11,ignite,,2,2,1,1,1,0.0,4.0,0.0,23.0,494,494.0,366.0,done,2312.0,,False,3347.7848996693056,5.195069773395478,86.5,0.0255810052428502,1.5,2.0,0.8473193473193473,3.0,0.3244047619047619,29.5,0.0
ad23a7e1a5c0debcf43bb3cc5fff26c23b86f4c0,ignite,True,2014-09-25 18:13:29,ignite,1809.0,14,11,1,1,1,0.0,3.0,135.0,3.0,766,766.0,433.0,done,456.0,2019-09-09 12:14:22,False,4276.621998134328,5.556522920694254,105.0,0.0245520880839611,2.0,8.0,0.6470588235294118,1.0,0.2857142857142857,21.0,0.0
f5330a80bbed28e7fcb949b8968076b377a5a776,ignite,False,2014-09-25 19:26:03,ignite,,1,0,1,1,1,0.0,3.0,0.0,4.0,767,767.0,434.0,done,459.0,,False,4297.421453939382,5.561206207962396,105.0,0.0244332563434633,2.0,8.0,0.6470588235294118,1.0,0.2857142857142857,21.0,0.0
2f53f13dc805239407d9d1a18e79389a64812998,ignite,False,2014-09-26 10:52:39,ignite,,1,1,1,1,1,0.0,2.0,113.0,6.0,339,339.0,179.0,done,442.0,,False,1011.166338028599,4.055362364516064,46.0,0.045492020719047,0.0,0.0,0.9772727272727272,1.0,0.0,13.0,0.0
5b82546a9639838edd5daa24e53ebcb8834e3030,ignite,False,2014-09-26 21:28:23,ignite,,7,3,1,1,1,0.0,0.0,0.0,0.0,542,542.0,274.0,done,933.0,,False,2059.2832310473145,5.52285298340095,24.0,0.011654540588763,1.0,0.0,0.75,2.0,0.25,33.0,0.0
e8c3f2d8c7878924cc4c0686bbea9f0fc090477c,ignite,False,2014-09-27 01:09:07,ignite,,7,3,1,1,1,0.0,1.0,0.0,1.0,296,296.0,172.0,done,937.0,,False,2107.110511806415,5.527128278894573,30.0,0.0142375066860072,1.0,0.0,0.75,2.0,0.25,33.0,0.0
4f7735a596b141a05cd402345ed0840f5543fa9f,ignite,False,2014-09-27 01:11:49,ignite,,1,1,1,1,1,0.0,2.0,0.0,2.0,297,297.0,173.0,done,941.0,,False,2107.110511806415,5.527128278894574,30.0,0.0142375066860072,1.0,0.0,0.75,2.0,0.25,33.0,0.0
73651cf89606fff019107ad3406ab45552973fb7,ignite,False,2014-09-27 08:11:53,ignite,,7,10,1,1,1,0.0,1.0,3.0,2.0,772,772.0,436.0,done,435.0,,False,360.92863124654184,4.87765621819455,14.714285714285714,0.0505365680766514,0.0,0.0,0.7384199134199134,2.4285714285714284,0.4222222222222221,19.571428571428573,0.0129870129870129
b98fe26fc5fcc237d3a24f49c28878739c7f3f23,ignite,False,2014-09-30 14:49:54,ignite,,22,8,1,1,1,0.0,2.0,0.0,6.0,636,636.0,411.0,done,593.0,,False,900.9445005050502,5.328542088925998,22.0,0.024418818237602,1.0,0.0,0.6428571428571429,1.0,0.2941176470588235,24.0,0.0
2ea2a6a7d1c9e6a0a957b7f067e2699314adc835,ignite,False,2014-09-30 17:49:58,ignite,,1,8,1,1,1,0.0,4.0,84.0,5.0,639,639.0,413.0,done,479.0,,False,1487.6922565697964,5.131859196414383,28.0,0.0188210968204944,2.0,1.0,0.3333333333333333,0.0,0.2142857142857142,23.0,0.0
e6352dcb157d623b3e968292b19120914a0cbe11,ignite,False,2014-09-30 20:25:29,ignite,,17,5,1,1,1,0.0,3.0,68.0,5.0,641,641.0,414.0,done,199.0,,False,686.4816370412093,4.583227027316031,19.0,0.0276773608714306,1.0,1.0,0.3125,0.0,0.25,23.0,0.0
fd1b2051a823b470b6254930dfb0bb14d0b660f7,ignite,False,2014-09-30 22:34:31,ignite,,2,4,2,1,1,0.91829583405449,1.0,16.0,1.5,552,552.0,48.0,done,37.0,,False,64.72503367497927,4.491729296672174,3.0,0.04634991794774,0.0,0.0,1.0,1.0,0.75,13.0,0.0
af632ef31e77d1ea2a4b7b82f2cca033fb49cc38,ignite,False,2014-10-01 01:43:30,ignite,,2,0,1,1,1,0.0,13.0,6.0,57.0,554,554.0,278.0,done,8618.0,,False,115.94522208456974,4.585604972944458,3.0,0.0258742874097202,1.0,1.0,1.0,0.0,0.6,9.0,0.0
d8a814005419729c5bcbcfe59f372840b832b37b,ignite,False,2014-10-01 21:23:41,ignite,,25,31,5,5,1,1.93752964545564,2.4,5.8,30.6,557,557.0,280.0,done,5297.0,,False,3778.706282378338,4.641545151497739,68.5,0.0580714799948969,0.25,0.75,0.7771739130434783,1.5,0.4964285714285715,15.5,0.0
5ad5f88f7f7c581e77bbb4d3de9e2a7d40b509b8,ignite,False,2014-10-01 22:56:52,ignite,,25,31,5,3,1,2.02786412822898,2.2,41.6,20.4,558,558.0,281.0,done,4182.0,,False,348.5886161784984,4.935102475077177,9.75,0.0300788391966219,0.25,0.75,0.5876623376623377,0.25,0.3,17.0,0.0
bb0ec65d43bf8b54fe7205c5db7fba7b2225fbec,ignite,False,2014-10-02 16:31:36,ignite,,7,28,6,5,3,2.46236676191313,2.3333333333333304,58.0,33.5,353,353.0,0.498416650457062,done,1678.0,,False,402.0680438353462,4.9668869897408605,16.5,0.0413307673307907,1.0,0.0,0.753968253968254,1.25,0.4432539682539683,18.75,0.0
a6dda9b543aca74f60c6513b7e62b3d4f73a12ae,ignite,False,2014-10-02 16:34:58,ignite,,4,4,3,2,1,1.5,2.0,34.0,14.333333333333302,647,647.0,418.0,done,2484.0,,False,167.38822213752815,4.161134732294388,7.75,0.0871353704312345,0.0,0.0,0.125,6.75,0.0147058823529411,13.75,0.0
3779fffcba707e8aa00cce52a374a4e33aee0573,ignite,False,2014-10-02 19:42:56,ignite,,39,13,3,2,1,0.4681666405523329,2.0,0.0,15.333333333333302,648,648.0,419.0,done,2484.0,,False,114.3195694211188,4.096812728218809,5.5,0.1074977851994615,0.0,0.0,0.0833333333333333,4.5,0.3431372549019607,12.166666666666666,0.0
2c9b170e19ba83ec29dcdf231cb8b0653e36d5c2,ignite,False,2014-10-02 20:58:20,ignite,,13,4,3,3,1,1.48365916439796,4.66666666666667,13.0,21.6666666666667,267,267.0,165.0,done,8855.0,,False,389.3836463902905,4.644403601674373,14.0,0.0334419936553431,0.0,0.0,0.8857142857142858,1.0,0.7380952380952381,22.0,0.0
f065a56d042137d1b085722dbb2a7430350e5767,ignite,False,2014-10-02 22:55:55,ignite,,13,4,2,2,2,0.522559374536941,2.5,1.0,3.0,26,26.0,0.990902632474899,done,8836.0,,False,235.07473930887377,4.586871624853229,10.0,0.039037525903205,0.5,0.0,0.875,1.5,0.25,22.0,0.0
ee80510dfe6cef231966e6c35284451f5798f221,ignite,False,2014-10-02 23:42:06,ignite,,1,2,1,1,1,0.0,2.0,120.0,3.0,562,562.0,283.0,done,228.0,,False,333.4050154002528,4.964865159605199,12.0,0.03599226000123,1.0,0.0,0.3,0.0,0.5,18.0,0.0
d5c2782454c7ac220482f2aeb5d5d201567a27b4,ignite,False,2014-10-03 17:52:31,ignite,,11,4,1,1,1,0.0,5.0,0.0,7.0,27,27.0,19.0,done,8818.0,,False,560.0,4.938815429164921,24.0,0.0428571428571428,1.0,0.0,0.75,2.0,0.0,31.0,0.0
e261f19ffa749f350441adecf2e350206abf43c7,ignite,False,2014-10-03 17:53:55,ignite,,1,17,1,1,1,0.0,5.0,0.0,8.0,28,28.0,20.0,done,8825.0,,False,300.82814196102987,4.910158931393214,13.0,0.0432140421280268,1.0,0.0,0.8571428571428571,2.0,0.0,31.0,0.064516129032258
d066a6df62546fe99cad56f97f7d9b5f5ea8e057,ignite,False,2014-10-03 18:15:02,ignite,,17,1,1,1,1,0.0,5.0,0.0,9.0,31,31.0,21.0,done,8809.0,,False,560.0,4.938815429164921,24.0,0.0428571428571428,1.0,0.0,0.75,2.0,0.0,31.0,0.0
a90ded140f6a29562d79499971e40402685912a3,ignite,True,2014-10-03 18:49:04,ignite,146.0,19,11,1,1,1,0.0,2.0,0.0,2.0,564,564.0,284.0,done,66.0,2015-02-27 16:09:27,False,173.9162695712204,4.806412377789903,7.0,0.0402492533749606,0.0,0.0,0.3333333333333333,2.0,0.4,19.0,0.0
a21ffa28f4dafb74a9f906b29aafc10c36bb39fb,ignite,False,2014-10-03 22:07:25,ignite,,1,3,1,1,1,0.0,2.0,78.0,3.0,568,568.0,286.0,done,785.0,,False,463.73929835897343,4.747086171124207,25.0,0.053909599830049,0.0,0.0,0.9285714285714286,1.0,0.6666666666666666,12.0,0.0
507042837b43f3847880148d4d679cffd74bb360,ignite,False,2014-10-04 02:07:55,ignite,,1,1,1,1,1,0.0,5.0,0.0,15.0,654,654.0,424.0,done,2526.0,,False,1123.9685000471832,5.453605719578057,50.0,0.044485232457939,2.0,0.0,0.5882352941176471,1.0,0.4583333333333333,28.0,0.0
8429c02fc2c9243f96136c9f4b4f27220e39e5b3,ignite,False,2014-10-04 09:55:48,ignite,,2,2,1,1,1,0.0,3.0,16.0,11.0,495,495.0,367.0,done,1037.0,,False,1381.7091204921771,5.192177754985574,15.0,0.0099056940047596,0.5,1.0,0.6120967741935484,1.0,0.641025641025641,21.5,0.0
f2babc8ba598ec8a1fbd88823d447519d8c999b0,ignite,False,2014-10-07 21:06:48,ignite,,2,1,1,1,1,0.0,5.0,5.0,6.0,571,571.0,288.0,done,82.0,,False,194.9503875887022,4.622915650346339,10.0,0.0512951019163786,0.0,0.0,0.6666666666666666,0.0,0.6666666666666666,15.0,0.0
d2aeac0f18185bfb91e84d178dcb993ae3ed9096,ignite,False,2014-10-07 22:26:12,ignite,,0,7,2,2,2,0.591672778582327,5.5,6.0,31.5,501,501.0,0.959846524675673,done,499.0,,False,4107.70688814297,5.444456042085969,94.0,0.0228838139038922,1.0,1.0,0.7619047619047619,0.0,0.2333333333333333,19.0,0.0
ff89c2ecf4999a087712ca5879a10c3d126e2667,ignite,False,2014-10-08 11:12:52,ignite,,2,3,1,1,1,0.0,1.0,214.0,1.0,502,502.0,179.0,done,160.0,,False,185.26061827260327,4.060091544563855,12.5,0.0695128315520556,0.0,0.0,0.8611111111111112,0.0,0.8285714285714285,10.0,0.0
62ceb07cae451fc1eeb703d30fc21cb66e1fcf6a,ignite,False,2014-10-08 15:54:12,ignite,,1,4,2,1,1,0.7219280948873621,5.0,0.0,32.0,572,572.0,289.0,done,5708.0,,False,974.7120419140794,5.12402797307654,42.0,0.0429557004658676,1.0,0.0,0.9444444444444444,0.5,0.5580357142857143,17.0,0.0
3394fb5b5bf07211323bce1831b84d21e0654273,ignite,False,2014-10-08 20:38:26,ignite,,2,1,1,1,1,0.0,3.0,1.0,3.0,9,9.0,9.0,done,246.0,,False,104.2481250360578,4.645836815018714,5.0,0.0479624933136262,0.0,0.0,0.0,0.0,0.3333333333333333,25.0,0.0
b496e4711a3731128201b0c0c5337908943f7d95,ignite,False,2014-10-08 22:29:57,ignite,,1,1,1,1,1,0.0,11.0,6.0,104.0,47,47.0,25.0,done,3219.0,,False,14901.082917737263,6.038797120566942,259.0,0.0173812870802633,1.0,3.0,0.6086956521739131,3.0,0.4857142857142857,30.0,0.0
8e287e64d8861b71df7abb748a55b80304a527c9,ignite,False,2014-10-08 23:38:03,ignite,,22,9,3,2,2,1.14004579818191,1.0,81.3333333333333,3.0,574,574.0,0.877227347967014,done,403.0,,False,924.1452331200096,4.754899913433167,29.5,0.0493092849597056,0.5,0.5,0.9230769230769232,0.0,0.5208333333333333,19.0,0.0
b9c4a7401a592a86f00383a7a501b39c3d9c8af6,ignite,False,2014-10-09 20:16:07,ignite,,2,2,2,2,1,1.0,3.5,0.0,11.0,51,51.0,28.0,done,1374.0,,False,155.88872502451932,4.731429529116516,5.0,0.0320741605861075,0.0,0.0,1.0,0.0,0.5,30.0,0.0
229b72f6397b7879740eb8d02e34c3c4fd0a8b2e,ignite,False,2014-10-09 20:34:58,ignite,,1,1,1,1,1,0.0,6.0,0.0,54.0,668,668.0,431.0,done,4163.0,,False,1045.5196354227078,4.876172833233581,21.0,0.0200857059862961,0.0,0.0,0.5,0.0,0.6,32.0,0.0
cf4414963f7992ee09b35da240bf07c1d73a3263,ignite,False,2014-10-10 01:36:33,ignite,,1,1,1,1,1,0.0,1.0,0.0,1.0,304,304.0,180.0,done,125.0,,False,24.0,4.3845171317931,2.0,0.0833333333333333,0.0,0.0,1.0,1.0,0.5,18.0,0.0
8294ecb081bf8931f0c9cb44611d1dcf22a8d5e1,ignite,True,2014-10-10 06:37:41,ignite,851.0,6,3,3,3,1,1.43552050428267,4.33333333333333,15.333333333333302,33.6666666666667,497,497.0,368.0,done,2895.0,2017-02-07 11:19:16,False,375.4870845936885,4.635633899231927,14.0,0.0439516040704961,0.0,0.0,0.9,1.0,0.625,16.0,0.0
04a9193f595853bf399828003dbc1ab755ce5aef,ignite,False,2014-10-10 14:22:38,ignite,,1,1,1,1,1,0.0,4.0,22.0,9.0,671,671.0,434.0,done,537.0,,False,1044.0873125354888,5.088434979531809,36.0,0.0344798749757591,0.0,0.0,0.4117647058823529,4.0,0.5454545454545454,28.0,0.0
03df8c247e29c133ac653e7aa861878cabea5bb9,ignite,False,2014-10-10 18:08:06,ignite,,12,3,4,4,2,1.60493559474313,3.5,0.5,31.75,56,56.0,0.990902653779377,done,5278.0,,False,2479.178674322892,5.184076760937501,68.0,0.0331850708148399,0.0,0.0,0.6796875,5.5,0.3719512195121951,25.5,0.0
69ba005ecbe8245d840ff837e8e19dd32e38869f,ignite,False,2014-10-10 18:09:02,ignite,,1,10,2,2,2,0.684038435639042,6.5,0.0,52.0,57,57.0,0.990902653779377,done,3904.0,,False,4902.976866833565,5.71341125525042,136.0,0.0277382503923236,0.0,0.0,0.3538461538461538,11.0,0.2439024390243902,28.0,0.0
41b66174142ce6567c404f36b7e7c9a09bcb44e2,ignite,False,2014-10-10 21:01:57,ignite,,2,0,1,1,1,0.0,3.0,42.0,6.0,59,59.0,6.0,done,120.0,,False,297.6192530421487,4.891929316208703,13.0,0.0436799698511404,0.0,0.0,0.6666666666666666,1.0,0.5,16.0,0.0
ac6798affacbf8616da28b6f7249b47d48b259ba,ignite,False,2014-10-10 21:52:24,ignite,,3,5,2,1,1,0.811278124459133,2.5,21.0,6.0,60,60.0,7.0,done,144.0,,False,121.68975306454608,4.241019872788,5.0,0.0226325588886556,0.0,0.0,0.25,0.5,0.1666666666666666,11.0,0.0
8a118cf8f8dd802eec66ee0db780ba1e89a07537,ignite,False,2014-10-11 00:29:17,ignite,,1,2,1,1,1,0.0,5.0,34.0,5.0,580,580.0,292.0,done,1387.0,,False,1789.402756507995,5.57837523164767,55.0,0.0307365123921749,0.0,0.0,0.5925925925925926,0.0,0.6190476190476191,20.0,0.0
ebddae49466f1cf9f23dd8ba1e193856bd0d22c4,ignite,False,2014-10-13 14:50:14,ignite,,9,6,2,2,1,0.7219280948873621,0.5,4.0,2.0,678,678.0,439.0,done,379.0,,False,413.6403177873932,4.901421249779176,22.0,0.0531863047530772,1.0,1.0,0.7272727272727273,0.0,0.5,20.0,0.0
f33f42aab2080ef47b4737e2ade2e92f2a8cddf6,ignite,False,2014-10-13 21:56:03,ignite,,2,2,1,1,1,0.0,1.0,0.0,1.0,99,99.0,32.0,done,81.0,,False,292.57485892279027,4.909405105013879,12.0,0.0410151441042539,2.0,0.0,0.8888888888888888,1.0,0.2222222222222222,23.0,0.0
1fbc9d6c522f112b50b8cf272abaf3a60b619927,ignite,False,2014-10-13 23:14:31,ignite,,13,17,6,3,1,2.07507548350153,1.33333333333333,3.1666666666666696,28.0,583,583.0,294.0,done,9231.0,,False,1906.061039291648,5.0012341992031,51.6,0.0427282995987358,0.6,0.8,0.3041025641025641,5.6,0.213073593073593,21.4,0.0
90f1de8e27eed8ab0feef188aa3297e0a89c1ff6,ignite,False,2014-10-14 13:40:17,ignite,,9,11,1,1,1,0.0,1.0,0.0,2.0,506,506.0,180.0,done,81.0,,False,280.0,4.941998694768952,12.0,0.0428571428571428,2.0,0.0,0.8888888888888888,1.0,0.2222222222222222,20.0,0.0
f6cfcc2996f7328b9222d729f415a3e9b168177f,ignite,False,2014-10-14 19:35:58,ignite,,3,0,1,1,1,0.0,7.0,0.0,17.0,690,690.0,448.0,done,584.0,,False,4973.427259061165,5.8067059980371045,3.0,0.0006032057661111,1.0,0.0,0.3623188405797101,0.0,0.3333333333333333,29.0,0.0
34298bac55c2c067336800f97eceb350c174ae02,ignite,True,2014-10-14 21:23:17,ignite,385.0,6,1,1,1,1,0.0,2.0,4.0,3.0,72,72.0,8.0,done,147.0,2015-11-04 09:28:49,False,833.8465252698098,4.830137814786454,30.0,0.035977843752833,1.0,0.0,0.6666666666666666,1.0,0.3333333333333333,22.0,0.0
f0fa12dd387218919c839511ebc566e705cb88ef,ignite,False,2014-10-15 01:01:25,ignite,,12,7,4,2,1,1.81294527625988,1.5,12.0,19.0,502,502.0,370.0,done,1232.0,,False,298.24322713729447,4.88312278919658,11.0,0.0455450885426247,0.0,0.0,0.5643274853801169,1.6666666666666667,0.5126984126984127,18.666666666666668,0.0
a849d8e755d9147dace76832633385e99d7923e3,ignite,False,2014-10-15 07:08:10,ignite,,33,15,1,1,1,0.0,5.0,0.0,43.0,76,76.0,42.0,done,1309.0,,False,225.95395643282149,4.798625904847956,8.0,0.0354417216491364,0.0,0.0,0.3222222222222222,2.0,0.1875,20.0,0.0
bb7ffad98b1117df824313624c44eb20154f08aa,ignite,False,2014-10-15 15:44:24,ignite,,2,1,1,1,1,0.0,5.0,0.0,44.0,590,590.0,297.0,done,1327.0,,False,280.0,5.00920181028776,3.0,0.0107142857142857,0.0,0.0,0.4444444444444444,1.0,0.75,26.0,0.0
17c7c70239045872173f1c699f84633719da9c89,ignite,False,2014-10-15 18:11:42,ignite,,2,1,1,1,1,0.0,2.0,0.0,5.0,360,360.0,183.0,done,91.0,,False,661.2510073043667,5.206143551789522,22.0,0.0332702706793362,1.0,0.0,0.9375,1.0,0.3076923076923077,23.0,0.0
ab42e4d402e8ef6c73d46159ff6294698e909532,ignite,False,2014-10-15 18:53:10,ignite,,1,1,1,1,1,0.0,7.0,5.0,13.0,79,79.0,43.0,done,1374.0,,False,155.88872502451932,4.731429529116516,5.0,0.0320741605861075,0.0,0.0,1.0,0.0,0.5,30.0,0.0
386ee7c29967c4b8cb8e08f7bb602505b00dca4d,ignite,False,2014-10-15 22:50:59,ignite,,13,4,1,1,1,0.0,1.0,0.0,1.0,509,509.0,183.0,done,115.0,,False,311.06747091730045,4.892208950159237,15.333333333333334,0.0468088298388641,1.0,0.0,0.7666666666666666,1.6666666666666667,0.2611111111111111,22.0,0.0518518518518518
c122c3c68047d0a0a770416fcf758055bdc427b5,ignite,False,2014-10-15 22:51:56,ignite,,1,0,1,1,1,0.0,1.0,0.0,2.0,510,510.0,184.0,done,124.0,,False,561.570108855178,5.331103422451736,30.0,0.0534216467845097,2.0,0.0,0.8,2.0,0.1333333333333333,19.0,0.1739130434782608
3da1eef91e790622958c3988a2e2022fb50e7c40,ignite,False,2014-10-15 23:00:30,ignite,,4,14,1,1,1,0.0,1.0,0.0,3.0,511,511.0,185.0,done,125.0,,False,216.37945490496884,4.73264848571714,11.666666666666666,0.0509890642569663,1.0,0.0,0.6666666666666666,1.6666666666666667,0.1944444444444444,19.666666666666668,0.0
9dde66b52145948462e4eaff1754eaa57c9ec41e,ignite,False,2014-10-16 11:38:34,ignite,,10,6,1,1,1,0.0,1.0,0.0,4.0,513,513.0,186.0,done,115.0,,False,403.2971224869286,4.851055205962411,20.0,0.0493671738267869,0.6666666666666666,0.0,0.7777777777777777,2.0,0.1944444444444444,20.666666666666668,0.0
54274b1607f53b092d3a755fa0751af26df80c78,ignite,False,2014-10-16 19:22:06,ignite,,5,5,3,1,1,1.52192809488736,1.6666666666666698,3.0,3.0,592,592.0,299.0,done,262.0,,False,277.44167656471495,4.948273087039448,12.0,0.0432523337826677,1.0,0.0,0.625,0.0,0.5714285714285714,24.0,0.0
542dd783518e4fdd58fee6e713a4798c6a344128,ignite,False,2014-10-16 19:22:54,ignite,,4,3,2,1,1,0.8631205685666309,3.0,0.0,4.5,81,81.0,45.0,done,1257.0,,False,614.119603231198,4.913142521091457,24.5,0.0430040128953104,1.0,0.0,0.6568627450980392,0.5,0.4142857142857142,20.5,0.0
ccf047703b3c1afd503a8250c8378aee2e40f33d,ignite,False,2014-10-16 19:47:15,ignite,,1,1,1,1,1,0.0,4.0,0.0,6.0,83,83.0,46.0,done,995.0,,False,905.397982823455,4.919710536078263,33.0,0.0364480599979807,1.0,0.0,0.6470588235294118,1.0,0.4,22.0,0.0
257c98c3c90557c747e5a36ebc9c6e7f5733af32,ignite,False,2014-10-16 21:52:08,ignite,,6,2,1,1,1,0.0,2.0,2.0,4.0,593,593.0,53.0,done,152.0,,False,510.0,4.602154060170104,2.0,0.0039215686274509,0.0,0.0,0.4444444444444444,1.0,0.0,24.0,0.0
cbb6a7077b08617d621333b328a78ce95a235b30,ignite,False,2014-10-16 21:59:51,ignite,,1,1,1,1,1,0.0,1.0,109.0,1.0,702,702.0,453.0,done,839.0,,False,753.1372703609895,5.497225826987387,12.0,0.0159333503628737,1.0,0.0,0.7058823529411765,0.0,0.1666666666666666,25.0,0.0
389acac515f4920e05fea1bf6826545eb8f2baf4,ignite,False,2014-10-17 15:28:36,ignite,,8,5,2,1,1,0.995727452084926,2.5,6.0,7.0,595,595.0,54.0,done,143.0,,False,69.93156856932417,4.1568680139716285,2.0,0.02,0.5,0.0,0.0,0.0,0.25,12.0,0.0
8b6723e7c8a79adbdc39673861340d37db4b7788,ignite,False,2014-10-17 15:58:24,ignite,,2,0,1,1,1,0.0,11.0,7.0,107.0,0,0.0,0.0,done,3219.0,,False,4890.198017850883,5.475299819147397,146.0,0.0298556417280139,1.0,0.0,0.835820895522388,2.0,0.6590909090909091,30.0,0.0
09fffcc7eee480c41970a6bb8527ca12ad700c55,ignite,False,2014-10-17 19:16:42,ignite,,16,7,1,1,1,0.0,13.0,7.0,65.0,597,597.0,300.0,done,8810.0,,False,359.4522822283975,5.0122545448985925,15.5,0.043084068268139,1.5,0.0,0.825,0.0,0.2361111111111111,15.5,0.0
b9ff23defcdfd0330571d83bfddcdbd8b267209d,ignite,False,2014-10-17 20:36:33,ignite,,0,2,1,1,1,0.0,12.0,0.0,109.0,520,520.0,191.0,done,3221.0,,False,4821.5589029855555,5.463375890275764,144.0,0.0298658593408106,1.0,0.0,0.8333333333333334,2.0,0.6511627906976745,30.0,0.0
e5c0e5b14923824bc33e09321020465e25fa7c18,ignite,False,2014-10-18 23:29:19,ignite,,1,1,1,1,1,0.0,1.0,225.0,1.0,605,605.0,305.0,done,342.0,,False,1059.0351656937532,5.596941752965107,15.0,0.0141638356174639,2.0,3.0,0.7727272727272727,0.0,0.25,23.0,0.0
c1b8a2f1b5991f78dbb70c616595297adbbd3daf,ignite,False,2014-10-20 12:31:05,ignite,,4,4,1,1,1,0.0,3.0,4.0,6.0,525,525.0,192.0,done,92.0,,False,661.2510073043667,5.2061435517895225,22.0,0.0332702706793362,1.0,0.0,0.9375,1.0,0.3076923076923077,23.0,0.0
5f06131efb05fe5823bd4133f09a07f2f0fdda42,ignite,False,2014-10-20 14:42:56,ignite,,1,1,1,1,1,0.0,5.0,34.0,16.0,606,606.0,306.0,done,2076.0,,False,415.11039140121426,5.122028004996994,15.0,0.036134966290213,0.0,0.0,0.7,2.0,0.5,25.0,0.0
01c0189284a75abf7f0c252a623e2d57c50a555c,ignite,False,2014-10-20 14:43:20,ignite,,1,1,1,1,1,0.0,5.0,0.0,17.0,607,607.0,307.0,done,2076.0,,False,415.11039140121426,5.122028004996994,15.0,0.036134966290213,0.0,0.0,0.7,2.0,0.5,25.0,0.0
2f8f8800c783d491301400e0cf2a99f761efc689,ignite,False,2014-10-20 19:52:10,ignite,,2,2,2,2,1,1.0,3.5,7.5,14.0,94,94.0,55.0,done,1374.0,,False,127.37720526058406,4.65076495694924,5.0,0.039253491154647,0.0,0.0,1.0,0.0,0.5,23.0,0.0
31117099622a6d67c38a331c739139c589f0a325,ignite,False,2014-10-21 01:23:25,ignite,,3,3,2,1,1,0.91829583405449,2.0,4.0,4.0,98,98.0,58.0,done,262.0,,False,180.6857250822118,4.907962016217063,9.0,0.0498102437030098,1.0,0.0,0.6,0.0,0.5,15.0,0.0
264b44f7f2b1106c3d4ecb7f1175ae7d6653bc02,ignite,False,2014-10-21 03:02:55,ignite,,2,0,1,1,1,0.0,5.0,3.0,10.0,611,611.0,55.0,done,121.0,,False,249.9824559469954,4.756272764488377,11.0,0.0440030879700308,0.0,0.0,0.6,1.0,0.3333333333333333,12.0,0.0
7402e2c117687fd882dc0f6a83b54576d920f890,ignite,False,2014-10-21 05:04:46,ignite,,11,9,2,2,1,0.468995593589281,2.5,63.0,5.5,614,614.0,310.0,done,938.0,,False,814.2593583227325,5.029297822614623,36.0,0.0442119573229778,0.0,0.0,0.8636363636363636,1.0,0.5294117647058824,14.0,0.0
bf3b2553ffb7086d34f82c24d8d20f8d8a96e60d,ignite,False,2014-10-21 20:26:21,ignite,,3,2,2,1,1,0.970950594454669,2.0,0.0,2.0,99,99.0,59.0,done,262.0,,False,277.44167656471495,4.948273087039448,12.0,0.0432523337826677,1.0,0.0,0.625,0.0,0.5714285714285714,24.0,0.0
566719433d0099084437a802796d62252c90dc7d,ignite,False,2014-10-22 20:57:18,ignite,,10,3,1,1,1,0.0,5.0,0.0,61.0,617,617.0,311.0,done,1171.0,,False,1452.640075015957,5.025969655730035,47.0,0.0323548832283755,1.0,1.0,0.6956521739130435,2.0,0.4615384615384615,24.0,0.0
07e8db8930bbc0282e5a0530860ed2f1893b93d1,ignite,False,2014-10-23 19:10:24,ignite,,122,84,17,7,2,3.2463076435797205,0.529411764705882,60.94117647058821,6.882352941176469,712,712.0,0.707042256794596,done,4234.0,,False,468.45453107486594,4.703752559522412,13.83783783783784,0.0318333486561665,0.1081081081081081,0.027027027027027,0.4608565311705034,0.5135135135135135,0.3188487188487188,20.35135135135135,0.0
eeb272527046a5363aa4bc5dff2866aa08bbabf2,ignite,False,2014-10-23 19:28:33,ignite,,11,17,8,6,2,2.85274578087187,0.75,64.625,2.625,713,713.0,0.707042256794596,done,1145.0,,False,700.688922286034,5.080757365076871,10.571428571428571,0.0130888790967728,0.2857142857142857,0.0,0.5366173742224162,0.5714285714285714,0.3253968253968254,22.571428571428573,0.0
8c1468b5556fdb871ba68bea628b20511c0380f3,ignite,False,2014-10-23 20:11:06,ignite,,38,21,8,6,1,2.61861716147769,1.0,59.25,12.125,714,714.0,463.0,done,7655.0,,False,520.4208769124692,4.97824564192118,10.666666666666666,0.020430900413683,0.0833333333333333,0.0,0.6297288359788361,0.9166666666666666,0.2764880952380952,21.833333333333332,0.0
5c85a11ee9e18fe53c10ca3724151b1a3c386dd2,ignite,False,2014-10-24 15:56:12,ignite,,3,0,1,1,1,0.0,8.0,0.0,66.0,717,717.0,477.0,done,5129.0,,False,203.5602880225656,4.6688876045716485,7.0,0.0343878468045005,0.0,0.0,0.8571428571428571,1.0,0.6,37.0,0.0
72874037e6de86254e2eff5448f343465a57533d,ignite,False,2014-10-24 16:19:29,ignite,,1,2,1,1,1,0.0,8.0,0.0,67.0,718,718.0,478.0,done,5132.0,,False,212.6074119346796,4.685455184015489,7.0,0.0329245341745218,0.0,0.0,0.8571428571428571,1.0,0.6,41.0,0.0
fda79875a04e40de91e5a0983d547cf5ea32dcf6,ignite,False,2014-10-24 16:21:06,ignite,,1,1,1,1,1,0.0,8.0,0.0,68.0,719,719.0,479.0,done,5131.0,,False,250.76823424783512,4.671413872583767,7.0,0.0279142213566088,0.0,0.0,0.875,1.0,0.6,49.0,0.0
8adc5415007091760b14b7c8032571c10bbd7a12,ignite,False,2014-10-24 16:56:57,ignite,,3,1,1,1,1,0.0,8.0,0.0,70.0,720,720.0,480.0,done,5131.0,,False,584.75807019516,4.911496658604568,13.0,0.0242972702982455,0.5,0.0,0.654891304347826,1.0,0.4818181818181818,51.0,0.0
9f7c95069acc84ee06b98e6b2fe37500d1f68ed6,ignite,False,2014-10-24 17:30:04,ignite,,5,5,6,6,2,2.44643934467102,1.33333333333333,0.5,12.0,720,720.0,0.707042256794596,done,5789.0,,False,485.2402287602085,4.665490039712221,20.5,0.0213793137047959,0.5,1.0,0.4285714285714285,1.0,0.25,16.0,0.0
a535822c30311e272432cd68f35dd55afee69549,ignite,False,2014-10-24 18:52:07,ignite,,20,6,2,2,2,0.995727452084926,3.0,0.0,8.0,550,550.0,0.959846524675673,done,1380.0,,False,774.942031823655,5.182590650291517,21.5,0.0363980103224553,0.75,0.0,0.8300438596491229,1.25,0.5488095238095239,24.75,0.0
6decdb7972c894f4c1cc120917c0538c7e53f63a,ignite,False,2014-10-24 18:59:53,ignite,,0,4,1,1,1,0.0,8.0,0.0,71.0,721,721.0,481.0,done,5133.0,,False,351.0968810120157,4.807012832403014,9.5,0.0412084538085279,0.5,0.0,0.75,1.0,0.4,23.5,0.0
e37cd61f5312019ac3db5ff62c328107f02ccb7d,ignite,False,2014-10-28 01:27:26,ignite,,4,2,1,1,1,0.0,13.0,0.0,112.0,560,560.0,208.0,done,3220.0,,False,4934.654363467709,5.495128099606059,145.0,0.0293840235444787,1.0,0.0,0.835820895522388,2.0,0.6363636363636364,30.0,0.0
a38449621dc0d272d32e449886e057c4f6f53e62,ignite,False,2014-10-29 18:28:15,ignite,,7,1,1,1,1,0.0,2.0,167.0,2.0,365,365.0,7.0,done,147.0,,False,92.5109929535273,4.174885868724235,6.0,0.0648571570625567,0.0,0.0,1.0,0.0,1.0,15.0,0.0
f36a1a5837801e2c3c25c2ccca76cd144dd9f4e6,ignite,False,2014-10-29 19:22:09,ignite,,13,15,2,2,1,0.371232326640876,4.5,2.0,11.0,624,624.0,314.0,done,585.0,,False,537.6722001500004,4.575552825272459,21.0,0.0390572545765642,1.0,0.0,0.9,0.0,0.5714285714285714,17.0,0.0
1f65ffd15e5514da2359e97f5c1017481478dee3,ignite,False,2014-10-30 00:45:57,ignite,,1,1,1,1,1,0.0,3.0,70.0,7.0,625,625.0,315.0,done,129.0,,False,644.8190707011944,5.00324814407115,33.0,0.0511771464266943,0.0,0.0,1.0,1.0,0.4,20.0,0.0
a0cb1ce59f10ade3d5a64d0abef5954b42a33860,ignite,False,2014-10-30 18:45:40,ignite,,5,2,3,3,1,1.55665670746282,2.0,27.0,12.666666666666698,729,729.0,484.0,done,67.0,,False,19.651484454403228,3.94770277922009,1.0,0.0508867410154317,0.0,0.0,0.0,0.0,1.0,10.0,0.0
2aab09f164b9fa9e4e4dc1b6cbf3ed677e073f68,ignite,False,2014-10-30 19:45:47,ignite,,15,20,4,3,1,1.8066379094438896,2.25,81.25,10.0,627,627.0,316.0,done,2809.0,,False,154.11952716666994,4.562391191882175,5.875,0.0504101172744981,0.0,0.0,0.6869047619047619,1.625,0.28125,16.875,0.0
13a3148680b8caae40384ce94c94430714b45e99,ignite,False,2014-10-30 20:19:10,ignite,,2,41,2,2,1,0.271389587508111,4.5,0.0,20.5,354,354.0,242.0,done,2809.0,,False,4837.592929092929,5.596934270823931,115.5,0.0239061355688187,2.0,5.5,0.7263655462184874,1.0,0.2327380952380952,33.0,0.0
1392a967a40276935a279bb4492f3f881e4c4473,ignite,True,2014-10-30 22:33:55,ignite,367.0,75,33,1,1,1,0.0,2.0,23.0,2.0,572,572.0,211.0,done,486.0,2015-11-02 12:34:49,False,3066.7795428230797,5.553996913531607,111.0,0.0361943199535694,1.0,0.0,0.9272727272727272,3.0,0.1891891891891892,25.0,0.0
379b608de192ba5f1ae177f044c3ed9a4e84c09b,ignite,False,2014-10-31 15:34:39,ignite,,1,1,1,1,1,0.0,4.0,0.0,9.0,734,734.0,475.0,done,400.0,,False,405.2133583386524,4.730635696657664,17.0,0.0419532072429666,0.0,0.0,0.5714285714285714,1.0,0.6,15.0,0.0
98e4d8309bc635dba23297cbec9d08076a4eefe4,ignite,False,2014-10-31 15:35:16,ignite,,1,5,1,1,1,0.0,3.0,1.0,3.0,579,579.0,21.0,done,153.0,,False,24.0,3.75,2.0,0.0833333333333333,0.0,0.0,1.0,0.0,1.0,8.0,0.0
289a27666674666d511913b09b23547773ebb7ea,ignite,False,2014-10-31 16:31:08,ignite,,40,29,1,1,1,0.0,4.0,42.0,17.0,633,633.0,319.0,done,1139.0,,False,1696.177600442092,5.730364306910761,61.0,0.0359632151633773,0.0,0.0,0.875,14.0,0.2777777777777778,18.0,0.0
3cb6cf345e26d259f714b1cefa68b583125b25f4,ignite,False,2014-10-31 18:40:06,ignite,,17,18,2,2,1,0.985228136034252,2.0,0.0,5.0,584,584.0,213.0,done,1263.0,,False,1050.833858724381,5.2630461115106035,36.5,0.0348789039386723,1.5,0.0,0.7811671087533156,0.5,0.5,27.0,0.0
2350d01b3b8931aa9414fbd9c40fe0006f4b94a7,ignite,False,2014-10-31 20:11:51,ignite,,1,1,1,1,1,0.0,6.0,3.0,9.0,27,27.0,25.0,done,1864.0,,False,4817.879476480719,5.423476468132465,111.0,0.0230391815614867,1.0,1.0,0.7878787878787878,2.0,0.4193548387096774,27.0,0.0
9697d2b73538f72a080e4d6d3990dc07e09434be,ignite,False,2014-11-02 10:56:20,ignite,,2,1,1,1,1,0.0,13.0,1.0,114.0,587,587.0,215.0,done,3219.0,,False,582.3702816601061,4.88968961724355,19.0,0.0326252911564074,0.0,0.0,1.0,0.0,0.8,14.0,0.0
b8fd2b1140df3a1e72d9eb773b7a4da6383cee1c,ignite,False,2014-11-03 01:00:24,ignite,,4,2,2,2,1,1.0,8.0,1.0,94.0,588,588.0,216.0,done,12039.0,,False,445.1829354872966,4.858311482678545,16.0,0.0370393172728708,0.0,0.0,1.0,1.0,0.5888888888888889,19.5,0.0
ce219f0584651c18424fe1c61cd4501b9590eace,ignite,False,2014-11-05 17:41:09,ignite,,1,2,1,1,1,0.0,7.0,9.0,7.0,28,28.0,6.0,done,575.0,,False,904.061619603169,5.467039734600749,2.0,0.0022122385870975,0.0,0.0,0.8181818181818182,2.0,0.0,22.0,0.0
7d7535382b24ada3a84f5efc115439d8b8b2f0bd,ignite,False,2014-11-06 00:39:55,ignite,,20,5,1,1,1,0.0,6.0,0.0,14.0,597,597.0,220.0,done,1350.0,,False,1520.7043116388595,5.189724282301888,35.0,0.0361465251263371,1.0,0.0,0.6920289855072463,1.5,0.2592592592592592,23.5,0.0
873cbdc641a4b97f975de89b137edd731bb913b6,ignite,True,2014-11-06 08:15:24,ignite,482.0,16,8,3,2,1,1.45914791702724,2.3333333333333304,3.0,37.0,351,351.0,217.0,done,1514.0,2016-03-02 23:39:04,False,258.3771900125366,4.797432948915641,10.0,0.0380278321961907,0.0,0.0,0.5,3.5,0.2,23.0,0.0
06cc99716fbb32c4e149e4d6b3c2c333cd389fe2,ignite,False,2014-11-06 13:11:15,ignite,,0,5,1,1,1,0.0,3.0,17.0,7.0,374,374.0,189.0,done,92.0,,False,468.3296723500879,5.065174927643325,18.0,0.0384344641450447,1.0,0.0,0.9166666666666666,1.0,0.2727272727272727,18.0,0.0
8a5d9aff6731c9ce6f874e1d6b59a1c34692e5ac,ignite,False,2014-11-06 13:32:11,ignite,,0,5,1,1,1,0.0,10.0,0.0,52.0,804,804.0,454.0,done,2163.0,,False,676.9695207110249,4.977863079782781,22.0,0.0324977703233866,2.0,0.0,0.7857142857142857,1.0,0.0909090909090909,16.0,0.0
feea0a49aff82474342360ae6105d7af41d4d407,ignite,False,2014-11-06 15:57:37,ignite,,18,12,1,1,1,0.0,5.0,0.0,11.0,357,357.0,70.0,done,147.0,,False,485.30856805008847,4.823940650134978,12.0,0.0247265364553825,0.0,0.0,0.6,1.0,0.4,20.0,0.0
83c5f8501e6c625d0c75f1b314a725f067fcc7fd,ignite,False,2014-11-06 17:15:03,ignite,,1,1,1,1,1,0.0,2.0,153.0,4.0,375,375.0,190.0,done,301.0,,False,540.5365338846893,4.569984193353945,12.0,0.0222001645545755,0.0,0.0,0.7272727272727273,1.0,0.2,31.0,0.0
48f2df08a60e5f42bc4b638c7192979f1fe66017,ignite,False,2014-11-06 22:49:06,ignite,,2,2,1,1,1,0.0,1.0,147.0,1.0,38,38.0,33.0,done,268.0,,False,1045.3238859703686,5.3375972588690335,46.0,0.0440054997473806,1.0,0.0,0.9333333333333332,3.0,0.2142857142857142,28.0,0.0
37230da05217808a61603c7d5ba12bfd09d613e0,ignite,False,2014-11-07 00:06:56,ignite,,9,4,2,2,1,0.6193821946787641,4.0,8.0,8.0,643,643.0,321.0,done,2767.0,,False,2408.201513603696,4.369998786378809,55.5,0.1165855536859413,0.5,0.5,0.3923076923076923,1.0,0.7096774193548387,16.5,0.0
ad7ae2cc486ebde1bbe95817967be90d35cd0bf6,ignite,False,2014-11-07 00:25:06,ignite,,1,0,1,1,1,0.0,6.0,0.0,7.0,644,644.0,322.0,done,908.0,,False,675.9488119940328,4.209169281278562,27.0,0.0399438530269039,0.0,0.0,0.0,1.0,0.9285714285714286,10.0,0.0
bcd37935668260588e15194ac3b36f391cee9b52,ignite,False,2014-11-07 01:13:32,ignite,,3,1,1,1,1,0.0,3.0,0.0,8.0,377,377.0,192.0,done,87.0,,False,553.4790049796139,5.062633810730269,23.0,0.041555325121767,1.0,0.0,0.8461538461538461,1.0,0.2727272727272727,20.0,0.0
b4766dbf548aa3b0e18d105a69e7b808a595be9b,ignite,False,2014-11-07 03:30:52,ignite,,35,21,4,1,1,1.39710962558418,1.75,7.25,14.0,748,748.0,484.0,done,952.0,,False,364.86009364808046,4.707490247555775,9.555555555555555,0.0268983455965214,0.5555555555555556,0.0,0.3928312428312428,0.0,0.0185185185185185,23.22222222222222,0.0
677b46b9e68cc0f6094a9a6fce86a64599cbda27,ignite,False,2014-11-07 05:14:50,ignite,,2,3,2,1,1,0.970950594454669,4.0,1.5,11.0,521,521.0,379.0,done,1908.0,,False,2146.4351813958374,4.572493110295833,57.5,0.2632840182015928,2.0,4.5,0.3220338983050847,2.0,0.6851851851851851,19.5,0.0
89c8864035433f2e1e98e5a0d267b66b1234c44e,ignite,False,2014-11-07 13:46:21,ignite,,10,5,1,1,1,0.0,6.0,0.0,16.0,605,605.0,221.0,done,1302.0,,False,1610.109882647234,5.068193008999291,38.0,0.0383601683199636,1.0,0.0,0.8586956521739131,1.5,0.4592592592592592,22.0,0.0
c340b008b109204e177cb3ecac7a386dd52ce579,ignite,False,2014-11-07 15:22:16,ignite,,19,15,2,2,2,0.936667381877563,3.0,0.0,8.0,750,750.0,0.707042256794596,done,516.0,,False,468.9786876393861,4.923108788057048,14.4,0.031103913328424,0.8,0.0,0.4727272727272726,0.4,0.2133333333333333,23.4,0.0
98872c1ff852847aa53dc7e4e14d85993c063e87,ignite,False,2014-11-07 15:32:47,ignite,,2,2,2,2,1,1.0,4.0,1.0,11.5,751,751.0,486.0,done,1586.0,,False,156.03848113690242,4.689437619332923,3.5,0.0249676120237343,0.5,0.0,0.4910714285714285,0.0,0.2,26.5,0.0
94c7c4bea2e76358fa9cb5be3683da7ae99e1ba3,ignite,False,2014-11-07 16:19:23,ignite,,5,4,1,1,1,0.0,6.0,0.0,16.0,649,649.0,324.0,done,1528.0,,False,1190.7456415136153,5.218817461133312,47.0,0.0394710661634301,1.0,1.0,0.72,1.0,0.4,26.0,0.0
237e0d905dd0dde9aef621e8faf0d6a67302b7be,ignite,False,2014-11-07 18:39:21,ignite,,6,2,1,1,1,0.0,2.0,1.0,4.0,42,42.0,36.0,done,432.0,,False,328.74364172415443,4.923008032307716,13.333333333333334,0.0419303547920393,0.0,0.0,0.7757575757575758,2.0,0.3928571428571428,17.0,0.0
f34a19e9a72e254d553e74b7145c3e62784c67dd,ignite,False,2014-11-07 22:53:12,ignite,,24,2,1,1,1,0.0,10.0,0.0,68.0,653,653.0,326.0,done,5771.0,,False,2099.639616442578,4.88459342501082,71.5,0.0458202683488562,0.5,0.0,0.912280701754386,0.5,0.7253787878787878,25.0,0.0
15aa4a45bba0ba95847f4664100d107cbb9166f4,ignite,False,2014-11-07 22:56:03,ignite,,11,2,1,1,1,0.0,10.0,0.0,69.0,654,654.0,327.0,done,5793.0,,False,4487.279054031334,5.357618898274767,141.0,0.0314221599107652,1.0,0.0,0.8305084745762712,1.0,0.5757575757575758,27.0,0.0
5b2fe1f558dcc6784eaec81843332633372e4630,ignite,False,2014-11-08 00:56:34,ignite,,4,0,1,1,1,0.0,1.0,8.0,2.0,655,655.0,328.0,done,118.0,,False,116.75790004038474,4.378544559247537,6.0,0.051388385693171,0.0,0.0,1.0,0.0,0.6666666666666666,11.0,0.0
c888a390ab46a53d7a375f5f0b2175002e5d5e21,ignite,False,2014-11-08 02:07:06,ignite,,8,4,1,1,1,0.0,2.0,7.0,2.0,364,364.0,247.0,done,633.0,,False,1304.8826148726605,5.263085957245518,27.0,0.0206915163802951,1.0,0.0,0.5714285714285714,0.0,0.2666666666666666,31.0,0.0
00c33406380ec31d705d55d19d0b1f9d50fd49e3,ignite,False,2014-11-08 05:15:31,ignite,,22,2,2,2,1,0.7382848661434509,4.0,6.0,39.0,525,525.0,382.0,done,1349.0,,False,1504.1300673190267,4.915409178176239,42.0,0.0296875358260522,1.0,2.0,0.8628998968008256,1.25,0.4635327635327635,20.0,0.0
d51f8ab2e5d2e918e50859e99adbf0348f20bf8b,ignite,False,2014-11-08 05:40:36,ignite,,3,0,1,1,1,0.0,5.0,0.0,68.0,526,526.0,383.0,done,1299.0,,False,2564.291511347794,5.115315781767493,79.0,0.030807729796086,2.0,2.0,0.7333333333333333,1.0,0.4615384615384615,24.0,0.0
109de1c36781643a71cfe9afdc4d42304a3a621c,ignite,False,2014-11-08 06:49:39,ignite,,3,1,1,1,1,0.0,5.0,0.0,69.0,527,527.0,384.0,done,1302.0,,False,2739.781543523651,5.125248658116198,84.0,0.03065937873717,2.0,2.0,0.7333333333333333,1.0,0.4615384615384615,24.0,0.0
78a2eb9943149cc17e062e563071254d4379490c,ignite,False,2014-11-08 07:31:09,ignite,,0,6,1,1,1,0.0,5.0,0.0,70.0,528,528.0,385.0,done,1304.0,,False,1557.1696523285989,5.360538535874637,39.5,0.0167635858107394,1.0,3.0,0.8444444444444444,2.0,0.2962962962962963,22.5,0.0
7f69f01e08b1af1fa6c293ade5114646adceb575,ignite,False,2014-11-08 09:50:21,ignite,,6,0,1,1,1,0.0,5.0,0.0,71.0,529,529.0,386.0,done,1298.0,,False,2942.1264421817127,5.113524234184101,93.0,0.0316097903430134,2.0,2.0,0.7333333333333333,1.0,0.4615384615384615,24.0,0.0
1c60843fd47f3126f629e6bc9b92bc3dc34309df,ignite,False,2014-11-08 10:53:27,ignite,,42,67,1,1,1,0.0,5.0,0.0,72.0,530,530.0,387.0,done,1304.0,,False,1886.3027487491652,5.041155472132072,59.0,0.0312781180216822,2.0,2.0,0.7241379310344828,1.0,0.4615384615384615,24.0,0.0
6054dc95168d6997018c5aea31cdbf9edd1f2b2b,ignite,False,2014-11-08 10:54:50,ignite,,2,3,1,1,1,0.0,6.0,0.0,12.0,531,531.0,388.0,done,70.0,,False,893.8685031034732,3.839810982370727,39.0,0.0436305786193312,0.0,0.0,1.0,0.0,0.9166666666666666,14.0,0.0
671afada7ee494930abe3141a2591ebb2a8c0a09,ignite,False,2014-11-10 12:07:11,ignite,,15,9,1,1,1,0.0,3.0,3.0,9.0,389,389.0,195.0,done,89.0,,False,607.5918151662714,5.107838022211333,22.0,0.036208519356008,1.0,0.0,0.7857142857142857,1.0,0.1818181818181818,17.0,0.0
b15fa45044aa6a91904f0f1687356d6dee749498,ignite,False,2014-11-10 17:21:22,ignite,,33,14,4,2,1,1.55267648416749,0.75,100.25,1.0,757,757.0,490.0,done,535.0,,False,525.9313720045668,5.162923701555778,14.8,0.0443192830642336,0.6,0.0,0.5156140350877193,2.2,0.1761904761904761,20.6,0.0
bf42eb5f0beaafa75b781833b5c1437a317cb084,ignite,False,2014-11-10 19:12:03,ignite,,3,5,2,2,1,0.5435644431995961,0.5,123.5,0.5,759,759.0,492.0,done,539.0,,False,1449.1638750044892,4.990745798264257,53.0,0.0365728134092742,0.0,0.0,0.7333333333333333,2.0,0.3333333333333333,29.0,0.0
b1e22887ce7390224f22f7690190fcbe1dbeb8e4,ignite,False,2014-11-11 11:23:33,ignite,,1,1,1,1,1,0.0,3.0,3.0,9.0,816,816.0,459.0,done,802.0,,False,1187.055254043816,5.456237413145412,35.0,0.0294847269162654,1.0,0.0,0.68,3.0,0.3333333333333333,25.0,0.0
b229a2746fd67b0d96c8a0dd815ac9cad3cb5d05,ignite,False,2014-11-11 12:44:19,ignite,,36,2,6,3,1,2.18364519735896,2.0,3.5,11.166666666666698,398,398.0,196.0,done,301.0,,False,781.5726727796028,4.954453490263084,23.0,0.0282893006650166,0.5,0.0,0.75,1.5,0.284313725490196,26.5,0.0
5debfb09ebcf361bcccbbb85c402881ed9447867,ignite,False,2014-11-11 17:18:52,ignite,,2,0,1,1,1,0.0,10.0,0.0,48.0,661,661.0,330.0,done,3224.0,,False,158.12342722003538,4.3746879390769,11.0,0.0695659093240689,0.0,0.0,1.0,0.0,0.8333333333333334,16.0,0.0
4899fd60c6ce70bb1af2b1d40fb3d9783dd37dac,ignite,False,2014-11-12 08:12:14,ignite,,6,1,1,1,1,0.0,11.0,0.0,49.0,820,820.0,461.0,done,3232.0,,False,1588.3487660764497,5.450145648440795,19.0,0.0119621083264564,0.0,1.0,0.71875,1.0,0.1111111111111111,33.0,0.0
edfb7a878744f7578352c7136a96915056b9d7ea,ignite,False,2014-11-12 08:37:49,ignite,,5,3,1,1,1,0.0,3.0,0.0,10.0,821,821.0,462.0,done,802.0,,False,1193.1427168850664,5.468940513536193,37.0,0.0310105400438564,1.0,0.0,0.68,3.0,0.3157894736842105,25.0,0.0
791448b5c06c5aa03f426c81767ae65366bf55ac,ignite,False,2014-11-12 09:32:38,ignite,,0,5,1,1,1,0.0,3.0,0.0,11.0,822,822.0,463.0,done,804.0,,False,1047.93855062809,5.431216641234014,32.0,0.030536141628553,1.0,0.0,0.6521739130434783,3.0,0.3333333333333333,25.0,0.0
b0ebd39948570108c1f448204ca5bb8a61a444d4,ignite,False,2014-11-12 10:14:03,ignite,,1,14,3,1,1,1.45656476213095,2.6666666666666696,0.666666666666667,32.3333333333333,823,823.0,464.0,done,5743.0,,False,1471.84173860055,5.4818377908118405,42.666666666666664,0.027900877409539,1.6666666666666667,0.3333333333333333,0.6916460468952517,4.333333333333333,0.3259803921568627,27.0,0.0
32dbc5eeebbead3132c80cafac0f7055f8909ee2,ignite,False,2014-11-12 10:36:23,ignite,,9,27,2,1,1,0.811278124459133,4.5,0.0,47.0,824,824.0,465.0,done,5978.0,,False,607.8354473630512,4.456711151643786,4.333333333333333,0.0844953997491463,0.0,0.0,0.4139784946236559,1.3333333333333333,0.5740740740740741,19.666666666666668,0.0
a1fd1a7ed65d37074e503c630985749f8b6003a2,ignite,False,2014-11-12 13:54:26,ignite,,2,4,1,1,1,0.0,3.0,0.0,14.0,825,825.0,466.0,done,772.0,,False,998.2645106578397,5.446549428412585,29.0,0.0290504166885482,1.0,0.0,0.6363636363636364,3.0,0.375,25.0,0.0
901884f2177efbdc2cf20dc32e3b02b842fffcf7,ignite,False,2014-11-12 23:26:00,ignite,,42,21,4,2,1,0.810314643833396,2.25,0.0,36.0,768,768.0,497.0,done,8346.0,,False,7202.175062761555,5.638622923505115,175.0,0.0245073781998805,1.3333333333333333,2.0,0.5550438625020055,7.333333333333333,0.4005635587568361,26.333333333333332,0.0
08920be7771b4e1b23494ea369d9ce3cdcd91529,ignite,False,2014-11-12 23:55:19,ignite,,2,2,1,1,1,0.0,13.0,0.0,125.0,770,770.0,499.0,done,3352.0,,False,16101.734254368152,6.090382772064583,288.0,0.0178862720903414,1.0,3.0,0.6184971098265896,3.0,0.4675324675324675,30.0,0.0
4292e66734d3e457860ae5d48010216052e0a72b,ignite,False,2014-11-13 18:47:43,ignite,,1,1,1,1,1,0.0,8.0,0.0,70.0,772,772.0,501.0,done,4110.0,,False,8984.93808239596,5.75995887717937,206.0,0.0229272587201922,0.0,0.0,0.4691358024691358,22.0,0.196078431372549,27.0,0.0
6b758bd2ab71444155dcb29c8681215c0a6b6801,ignite,False,2014-11-13 20:04:42,ignite,,0,2,1,1,1,0.0,0.0,0.0,0.0,671,671.0,335.0,done,343.0,,False,394.2031036087235,4.397045031747503,12.0,0.0304411606355867,0.0,0.0,0.6363636363636364,1.0,0.2222222222222222,29.0,0.0
aae116787ec4c2ee39cfdd4b06a60e3f2ea43136,ignite,False,2014-11-13 22:48:55,ignite,,1,1,1,1,1,0.0,5.0,75.0,7.0,673,673.0,336.0,done,886.0,,False,136.16184010614157,4.752480860868315,8.0,0.0587536125669556,0.0,0.0,0.75,3.0,0.5,24.0,0.0
f4fdd76947e353c5339d905fafb318daf1088c53,ignite,False,2014-11-13 23:09:13,ignite,,8,5,4,2,1,1.95006375643621,1.75,0.5,17.75,675,675.0,337.0,done,165.0,,False,44.97261104228487,4.0060710131011685,2.0,0.0444715117412135,0.0,0.0,0.3333333333333333,1.0,0.5,10.0,0.0
33d0a321d1f3fed6b77e2a29a040b3ce4ce46b8b,ignite,False,2014-11-13 23:13:31,ignite,,1,1,1,1,1,0.0,1.0,111.0,1.0,33,33.0,28.0,done,447.0,,False,1867.7753343389572,5.260429515545389,49.0,0.0262344186150964,2.0,0.0,0.9565217391304348,2.0,0.7307692307692307,29.0,0.0
20ce9c955cb57fceb9eea074d64a7498c582f4b2,ignite,False,2014-11-13 23:13:31,ignite,,16,24,1,1,1,0.0,1.0,6.0,2.0,54,54.0,47.0,done,133.0,,False,165.26986254151834,4.411313397912528,9.666666666666666,0.0586499740114672,0.0,0.0,0.8333333333333334,1.0,0.365079365079365,21.0,0.0
a87e8df41df07e79a7645b1a5b63a2907b0b8c72,ignite,False,2014-11-20 00:41:23,ignite,,1,2,1,1,1,0.0,1.0,0.0,2.0,285,285.0,173.0,done,393.0,,False,568.9268814738723,4.742278613587673,11.0,0.0193346462580625,1.0,0.0,0.6363636363636364,0.0,0.5714285714285714,26.0,0.0
7af2dc60b1f44c5fa9cf50ff02f197025ff3db2c,ignite,False,2014-11-20 17:43:30,ignite,,0,1,1,1,1,0.0,1.0,10.0,3.0,59,59.0,51.0,done,76.0,,False,44.37895002019237,3.5130059710789405,0.0,0.0,0.0,0.0,1.0,0.0,0.0,6.0,0.0
52f3b92761906e0ed13805c3e6c962a48a2cd27e,ignite,False,2014-11-20 17:43:31,ignite,,6,4,2,2,1,0.881290899230693,3.5,8.0,10.5,63,63.0,55.0,done,319.0,,False,5046.0255785459285,4.960603140095723,157.0,0.0311135957509833,1.0,2.0,0.927007299270073,3.0,0.4347826086956521,33.0,0.0300751879699248
6dd28e6728dc92cb36e18d0edfbcefd3c0331c26,ignite,False,2014-11-20 17:43:31,ignite,,31,32,1,1,1,0.0,1.0,0.0,1.0,62,62.0,54.0,done,202.0,,False,884.8983533475532,5.164190782088418,30.0,0.0339021989209388,1.0,0.0,0.8571428571428571,2.0,0.2142857142857142,19.0,0.0
50095e3f962f8ba1fc3bb510ada30c785a5ed6e9,ignite,False,2014-11-20 17:43:31,ignite,,23,22,1,1,1,0.0,6.0,0.0,25.0,65,65.0,57.0,done,2086.0,,False,3844.6250321426182,5.738083594557217,27.0,0.0070227915009315,1.0,1.0,0.5846153846153846,0.0,0.4705882352941176,27.0,0.0
6897b28fe121295ee6df7b6439a29793f126bc54,ignite,False,2014-11-20 17:43:31,ignite,,25,23,2,1,1,0.249882292833185,3.0,0.0,12.5,64,64.0,56.0,done,2084.0,,False,3274.448248159033,5.497265355630221,65.0,0.0223811745954682,1.5,3.5,0.6716180371352785,0.0,0.5448179271708684,24.0,0.0
ca29ea55b835b33b76991230d1b4312906653a00,ignite,False,2014-11-20 17:43:33,ignite,,1,84,5,5,1,2.01250474651237,3.0,44.6,25.6,73,73.0,65.0,done,5583.0,,False,3723.806366521648,5.172104540823844,93.57142857142856,0.035527250589858,1.0,1.2857142857142858,0.5698130869684025,1.4285714285714286,0.4813512625465663,20.0,0.0
41a7f7b82e764ec4ae795dc74b407e267113c4e4,ignite,False,2014-11-20 17:43:33,ignite,,3,8,1,1,1,0.0,6.0,0.0,29.0,677,677.0,338.0,done,2088.0,,False,3288.847592848706,5.500543994556674,65.0,0.0223546734954647,1.5,3.5,0.6716180371352785,0.0,0.5448179271708684,24.0,0.0
2915216af067637390b18369367b6101a1bd84ac,ignite,False,2014-11-20 18:51:52,ignite,,1,1,1,1,1,0.0,7.0,9.0,28.0,617,617.0,226.0,done,1608.0,,False,44.37895002019237,3.7004397181410913,1.0,0.0225332054846949,0.0,0.0,0.0,1.0,0.0,16.0,0.0
8bbd6c8998534ca616be522673d12267dd3af91f,ignite,False,2014-11-21 17:08:14,ignite,,26,9,7,6,2,2.5937096345391404,2.57142857142857,61.28571428571429,28.5714285714286,783,783.0,0.6679793004319828,done,3249.0,,False,308.4482447891053,4.544180518977456,9.5,0.0357025058805883,0.0,0.0,0.7875000000000001,0.5,0.5763888888888888,15.5,0.0
1b2e5bf766d658810206dd22421fe767c0d09423,ignite,False,2014-11-21 21:19:00,ignite,,4,16,3,3,2,1.58129089923069,5.66666666666667,0.0,56.6666666666667,785,785.0,0.6679793004319828,done,237.0,,False,74.23092131656186,4.301238869995241,2.0,0.0269429499799805,0.0,0.0,1.0,0.0,0.0,12.0,0.0
3e15f6b75900ffe64acd719b2d128a04c88358b4,ignite,False,2014-11-25 13:33:36,ignite,,4,2,2,2,1,0.91829583405449,0.0,0.0,0.0,638,638.0,242.0,done,65.0,,False,158.32466846199546,4.807579443114799,7.0,0.0442129458915007,0.0,0.0,0.8,1.0,0.4,22.0,0.0
ed6b7ba00cd1d1a90dc0cece250c7e142546ae64,ignite,False,2014-11-25 13:36:43,ignite,,2,4,1,1,1,0.0,0.0,0.0,0.0,639,639.0,243.0,done,154.0,,False,155.1050766434961,4.3943149061981845,5.0,0.0320516267459664,1.0,0.0,0.7916666666666667,1.5,0.2,24.5,0.0
e94ddb1069ec1c9be2c025755a5ad4029911edec,ignite,False,2014-11-26 09:11:57,ignite,,5,2,2,1,1,0.985228136034252,4.0,21.0,37.5,556,556.0,407.0,done,3785.0,,False,2822.013171765846,5.323296489717242,75.0,0.0237057037057478,2.5,2.5,0.4885304659498208,4.0,0.2278325123152709,30.0,0.0
aa983df5f9b391f132377ed1ed6e9d3c27fe8a7e,ignite,False,2014-11-26 11:29:16,ignite,,13,9,4,2,1,1.81221202965877,1.25,0.75,12.0,558,558.0,409.0,done,3696.0,,False,503.7607497311476,4.561217972735815,13.833333333333334,0.03657007798867,0.3333333333333333,0.0,0.6073507180650037,1.5,0.3355089355089355,22.0,0.0
09708a863486a22148f488483d41f2e60d0e5043,ignite,False,2014-11-27 01:09:23,ignite,,2,5,2,2,1,0.985228136034252,7.0,10.0,64.5,85,85.0,75.0,done,4350.0,,False,230.8194979200344,4.857484788388747,8.5,0.0375504330271284,0.0,0.0,1.0,0.5,0.4142857142857142,18.5,0.0
c3c9a47c49fc00ab3f3256af34deccb43bfb6f0f,ignite,False,2014-11-27 01:31:14,ignite,,1,1,1,1,1,0.0,5.0,30.0,9.0,682,682.0,341.0,done,1735.0,,False,180.94247824228052,4.706815464621063,3.0,0.0165798547093127,0.0,0.0,1.0,1.0,0.5,12.0,0.0
0686829c14eee5395eab7d33c48a5527723cdcf6,ignite,False,2014-11-28 21:10:08,ignite,,9,1,1,1,1,0.0,3.0,2.0,8.0,293,293.0,179.0,done,201.0,,False,178.37726474549189,4.7507582071005565,13.0,0.072879242870712,0.0,0.0,1.0,3.0,0.1666666666666666,18.0,0.0
242bfdaa9c8fb8cb4c7cac01c1403d0b89c41f5d,ignite,False,2014-11-29 10:31:23,ignite,,2,0,1,1,1,0.0,3.0,18.0,9.0,647,647.0,248.0,done,293.0,,False,748.7929955062214,5.178204803386878,30.5,0.0406876913476632,1.0,0.0,0.6583333333333333,0.0,0.2333333333333333,15.0,0.0
ec6f2ab5a0abd9817ee0d8b871cce5c8c732f7e9,ignite,False,2014-11-29 13:55:16,ignite,,5,5,1,1,1,0.0,2.0,0.0,27.0,849,849.0,482.0,done,1180.0,,False,2555.015987846035,5.450002074424079,101.0,0.039530085322537,3.0,2.0,0.8387096774193549,1.0,0.5,20.0,0.0
c6fafca0391a12b7b5c24cd8e8a478efff5355e4,ignite,False,2014-12-02 06:50:32,ignite,,6,1,2,2,1,0.8631205685666309,1.0,15.5,10.0,563,563.0,414.0,done,1894.0,,False,1217.8943673899937,4.981091932411805,26.5,0.0225039250616277,0.5,0.5,0.8333333333333333,2.5,0.3166666666666666,24.5,0.0
86894458a85ac12f88c79adfc5ea7e012091b75e,ignite,False,2014-12-03 06:02:59,ignite,,34,5,4,3,1,1.60186778689761,3.5,69.0,25.75,565,565.0,416.0,done,3927.0,,False,5609.970821238356,4.925706078499276,140.5,0.0301894289298136,0.5,0.25,0.7345924908424909,0.75,0.2836538461538462,20.75,0.0
3c49e17ac7fa547993b76ffaf4a8ac6c916248fb,ignite,False,2014-12-03 13:22:49,ignite,,43,9,2,2,1,0.235193381819241,0.5,0.5,0.5,654,654.0,253.0,done,165.0,,False,62.96315938635821,4.045526864408557,4.0,0.1341851331724207,0.25,0.0,0.4583333333333333,1.0,0.5625,12.25,0.0
0745287a8a516c45d9eb35b7ba68c62c682b35ca,ignite,False,2014-12-03 22:19:06,ignite,,14,14,2,2,1,0.591672778582327,4.0,13.5,16.5,859,859.0,488.0,done,2090.0,,False,257.826862610466,4.526402885215469,9.444444444444445,0.0407198614929276,0.8888888888888888,0.0,0.4612794612794613,1.3333333333333333,0.3507936507936508,18.11111111111111,0.0
00a0d1311c59d472e6724251508b0e8d2374974f,ignite,False,2014-12-04 08:58:02,ignite,,26,23,2,2,1,0.730016630145794,1.5,0.5,12.5,569,569.0,419.0,done,2099.0,,False,1042.7433701555335,4.3603020838707085,27.2,0.0686121680973462,0.8,1.4,0.5424797843665768,0.2,0.6555362318840581,17.6,0.0
a15b28c9110820a786f886ebb1827c7ef0ab3feb,ignite,False,2014-12-04 10:18:42,ignite,,5,5,1,1,1,0.0,6.0,42.0,10.0,570,570.0,420.0,done,72.0,,False,532.8633194123173,3.7399096732989694,28.0,0.0525463078053121,0.0,0.0,1.0,0.0,0.0,9.0,0.0
ed0058ff5c7d4c15dc5e577ebcccba7818538fca,ignite,False,2014-12-04 16:09:00,ignite,,2,2,1,1,1,0.0,2.0,26.0,3.0,573,573.0,422.0,done,271.0,,False,160.5395382709427,4.439464015923012,4.0,0.0249159804686194,0.0,0.0,0.5,0.0,0.4,20.0,0.0
f8d4294e5a55a6507cb80e3ee82ef600f92adfa6,ignite,False,2014-12-04 16:16:48,ignite,,12,0,3,2,1,1.58496250072116,2.0,162.666666666667,6.33333333333333,574,574.0,423.0,done,195.0,,False,455.43091333222657,3.95351330537529,18.666666666666668,0.0439986115021799,0.0,0.0,1.0,0.0,0.0,10.333333333333334,0.0
1a008eaf7ed9f291ab7b3e032a184366ed1219e1,ignite,False,2014-12-04 17:16:30,ignite,,5,0,1,1,1,0.0,2.0,0.0,9.0,575,575.0,424.0,done,90.0,,False,925.9330711592188,3.785328787206029,34.0,0.0367197166393828,0.0,0.0,1.0,0.0,0.0,13.0,0.0
b1422afc281a52147e08e655cb75107928a22a67,ignite,False,2014-12-04 19:46:41,ignite,,2,2,2,1,1,1.0,5.0,136.5,45.0,861,861.0,489.0,done,5184.0,,False,5765.927913879038,4.56445134296141,139.5,0.0125100218949005,0.0,0.0,0.3660714285714285,0.5,0.1973684210526315,22.5,0.0
ab6275cb5f992f5e9ab5964bd87ee6e90509d15c,ignite,False,2014-12-06 07:43:02,ignite,,7,7,2,2,1,0.8631205685666309,3.0,0.5,18.0,577,577.0,426.0,done,1081.0,,False,465.1871561829223,4.287044355296551,23.5,0.0493350181813073,0.5,0.0,0.95,0.5,0.3333333333333333,13.0,0.0
1021f373b0faa91c88ab13457c8e8668ba5b48f6,ignite,False,2014-12-06 10:01:40,ignite,,15,10,4,4,1,1.81069933284231,2.0,0.25,31.0,578,578.0,427.0,done,3244.0,,False,1911.1583412745135,4.73742085758794,68.25,0.0323163037711046,0.75,0.75,0.6852941176470588,0.75,0.5109126984126984,19.25,0.0
544b8b810823ec6df6217d5da7d55b13512f9fe3,ignite,False,2014-12-06 10:05:20,ignite,,1,1,1,1,1,0.0,6.0,0.0,49.0,579,579.0,428.0,done,321.0,,False,4530.782524535494,4.011440641549989,180.0,0.0397282365739799,0.0,0.0,1.0,0.0,0.8888888888888888,13.0,0.0
984373dc308b79f374112d66ada1f79daf91de1f,ignite,False,2014-12-08 20:57:59,ignite,,8,9,2,2,1,0.936667381877563,3.0,2.0,19.5,863,863.0,490.0,done,1191.0,,False,335.5288370502954,4.236665259293138,11.666666666666666,0.0302551777191448,0.0,0.0,0.4686147186147186,0.3333333333333333,0.5656565656565656,21.0,0.0
06fbf5735caa7e30d52c121389875ab974f96ddd,ignite,False,2014-12-09 22:57:15,ignite,,72,72,40,16,1,5.2322892374933305,0.175,2.4,3.9,1037,1037.0,745.0,done,1520.0,,False,268.75009747445824,4.7980497952331,9.0,0.0336437397374484,0.0,0.0,0.1,1.0,0.2,14.5,0.0
73b5ef6b040c0a9805d939bef2effba767181c66,ignite,False,2014-12-10 21:17:11,ignite,,60,99,11,8,2,2.82356057496788,1.0,20.8181818181818,15.727272727272696,371,371.0,1.6566293066707,done,1998.0,,False,167.17882283189007,4.884858369579825,7.0,0.0418713320349132,0.0,0.0,0.0,3.0,0.4285714285714285,17.0,0.0
3b41e62050d368a211fd7f579a14aac8137d6282,ignite,False,2014-12-10 21:24:58,ignite,,3,3,3,3,1,1.58496250072116,5.0,0.0,98.0,1045,1045.0,751.0,done,3623.0,,False,8.0,4.306256857196537,0.0,0.0,0.0,0.0,0.0,1.0,0.0,22.0,0.0
6f535d6a25b0d052d2b6443c32a205ec6478b635,ignite,False,2014-12-11 23:05:43,ignite,,2,3,1,1,1,0.0,11.0,0.0,85.0,869,869.0,493.0,done,1833.0,,False,4831.562103567372,5.209996826541802,109.0,0.0225599915024418,1.0,3.0,0.8181818181818182,2.0,0.7083333333333334,28.0,0.0
3e795a941ee7363bd8a02dab178cec90c90625f5,ignite,False,2014-12-12 16:03:21,ignite,,32,24,8,6,1,2.65085702410448,1.25,0.875,23.5,586,586.0,435.0,done,8410.0,,False,932.1881092253022,4.614371313408478,36.4,0.0276859070577145,0.3,0.0,0.5516900093370681,0.5,0.5712394957983193,28.0,0.0
c67dcde9f967349dec79b66bc19babb50e2d04f0,ignite,True,2014-12-12 16:14:01,ignite,1841.0,18,18,6,3,1,2.28801928027969,0.333333333333333,0.666666666666667,1.33333333333333,1052,1052.0,755.0,done,5522.0,2019-12-28 01:37:02,False,864.7034791768973,4.999123424614909,25.384615384615383,0.0326373552190974,1.0769230769230769,0.4615384615384615,0.6347311813375162,0.9230769230769232,0.3750353882460905,20.615384615384617,0.0
7de61e77096e2927a21b7d6e39883a7def88e102,ignite,False,2014-12-12 18:28:11,ignite,,16,16,2,2,1,0.3372900666170139,4.0,0.5,26.5,1054,1054.0,756.0,done,925.0,,False,109.51264949765196,4.758374710405101,6.25,0.0567445694165414,0.0,0.0,1.0,1.5,0.4011904761904762,15.75,0.0
a94ce9311c678ae3e35e5d7d9ddb908ae76144d6,ignite,False,2014-12-15 04:48:16,ignite,,2,2,1,1,1,0.0,2.0,1.0,10.0,598,598.0,447.0,done,91.0,,False,902.9072912264264,3.7401946759858298,48.0,0.0531616041496366,0.0,0.0,1.0,0.0,0.0,9.0,0.0
2ad4e6d1a405b68221e096d315fc98244e459fcf,ignite,False,2014-12-15 04:50:51,ignite,,3,3,1,1,1,0.0,2.0,10.0,10.0,599,599.0,448.0,done,95.0,,False,1007.9777736669978,3.7847630604604583,37.0,0.0367071585967564,0.0,0.0,1.0,0.0,0.0,13.0,0.0
c3fbf9d3ef9c82e3bcd49df9f13e2ef8b4acefdd,ignite,False,2014-12-15 19:26:31,ignite,,1,1,1,1,1,0.0,7.0,0.0,73.0,1059,1059.0,761.0,done,2496.0,,False,2530.120363445682,5.544633236952663,94.0,0.0371523826921754,1.0,0.0,0.64,4.0,0.2083333333333333,26.0,0.0
03c17b8f3caaa45fd3554a5a306d6e431d74e0ca,ignite,False,2014-12-16 11:48:04,ignite,,7,6,3,2,1,1.41955629857161,2.3333333333333304,2.3333333333333304,41.0,602,602.0,451.0,done,4225.0,,False,839.7118622702053,4.880590600927877,24.5,0.0326618384991904,1.0,0.25,0.8036184210526316,3.0,0.2264610389610389,21.25,0.0
a70cfa2c24cd56656f09e3717326a94decd2c544,ignite,True,2014-12-17 16:02:17,ignite,103.0,24,4,2,1,1,0.222284830685688,4.0,0.5,81.5,604,604.0,453.0,done,3168.0,2015-03-31 12:34:05,False,449.7834751254812,4.8569097379720985,19.0,0.0422425479164154,1.0,0.0,0.9090909090909092,1.0,0.3333333333333333,16.0,0.0
246bc860cb477e8ba7061546aa7c9c55bf9c6729,ignite,False,2014-12-19 09:16:27,ignite,,26,17,4,1,1,1.68740473278322,3.75,2.75,68.25,607,607.0,456.0,done,8792.0,,False,474.9066791512308,4.508295481445094,18.6,0.0763037140698218,0.8,0.4,0.6148717948717949,1.4,0.4342105263157895,18.6,0.0
22ad105a209725b0be93b47b7acb193fec416b26,ignite,True,2014-12-19 13:01:40,ignite,52.0,111,107,9,4,1,2.35893907389442,1.44444444444444,7.888888888888888,24.4444444444444,1071,1071.0,770.0,done,12373.0,2015-02-09 23:11:54,False,2524.862027953403,5.0758762887709015,63.23076923076923,0.0281785858300449,0.3846153846153846,0.2307692307692307,0.4755065294223681,4.153846153846154,0.3242364307077116,23.53846153846154,0.0
50e88a642829b69e4ab9aefec115134913c6f5d8,ignite,False,2014-12-19 21:11:05,ignite,,0,2,1,1,1,0.0,1.0,0.0,3.0,378,378.0,256.0,done,295.0,,False,205.1338544573157,4.512589330457659,11.0,0.0536235231824636,0.0,0.0,0.75,0.0,1.0,11.0,0.0
fad02131003d2aea4be0dd5033eed7cd21ece691,ignite,False,2014-12-19 22:53:30,ignite,,18,19,6,1,1,2.31703309512479,1.0,0.166666666666667,16.1666666666667,6,6.0,5.0,done,1079.0,,False,715.6423416839881,4.919279431216646,13.5,0.0194227861695591,0.0,0.0,0.5605396554554836,0.75,0.2525530025530025,31.0,0.0
d0ecc3fd21cd2ac07595c78140932f6044ad7d0d,ignite,False,2014-12-20 01:16:51,ignite,,2,6,2,1,1,0.811278124459133,2.0,0.0,8.5,882,882.0,504.0,done,1829.0,,False,12.203185978283347,3.3694013504217923,1.5,0.156041699944008,0.0,0.0,0.5,0.5,0.75,7.5,0.0
5e146123170080b37b0a74586a62bb205c7d8766,ignite,False,2014-12-20 05:59:35,ignite,,2,7,1,1,1,0.0,2.0,5.0,11.0,611,611.0,460.0,done,95.0,,False,991.7178444618128,3.753758009698203,38.0,0.0383173502546199,0.0,0.0,1.0,0.0,0.0,13.0,0.0
c7a96e1f90437f408fc2d5ced4f42cdc168ba5e3,ignite,False,2014-12-20 07:37:59,ignite,,4,4,2,2,1,0.811278124459133,3.0,1.0,20.5,613,613.0,462.0,done,890.0,,False,1070.0683724974847,4.3437456634404,43.0,0.0399615052877949,1.0,1.5,0.7272727272727273,0.0,0.1666666666666666,16.0,0.0
7f3ece4f67b30a4491aa1748e659b5e5b2b3cb07,ignite,False,2014-12-20 20:20:15,ignite,,14,10,3,2,1,1.25162916738782,1.0,4.0,12.0,8,8.0,7.0,done,372.0,,False,390.1488135893751,4.6893953512221245,10.0,0.0219995785643059,0.3333333333333333,0.0,0.5625,1.0,0.4226190476190476,21.333333333333332,0.0
575dbae8fd752c397771239359e39258b8c492d5,ignite,False,2014-12-22 20:16:58,ignite,,1,0,1,1,1,0.0,6.0,10.0,17.0,1083,1083.0,778.0,done,326.0,,False,5088.932197497921,4.9637669004082845,159.0,0.031244275582641,1.0,2.0,0.927007299270073,3.0,0.4583333333333333,33.0,0.0298507462686567
b16f120bf0958b2047b51605a3cdf19f7974df5f,ignite,False,2014-12-22 22:05:34,ignite,,12,12,2,2,1,0.811278124459133,1.0,3.0,8.5,380,380.0,257.0,done,555.0,,False,636.162601352809,5.044483672123239,19.666666666666668,0.0290003047315689,1.0,0.0,0.7407407407407408,0.3333333333333333,0.0904977375565611,24.666666666666668,0.0
f5b3f26e4ff9f8dbcbd1089aa9ddd309e462edc6,ignite,False,2014-12-23 07:39:29,ignite,,852,776,82,22,1,5.91485173237329,0.158536585365854,3.41463414634146,10.7073170731707,883,883.0,505.0,done,29439.0,,False,1059.3614148108163,4.923259295349137,32.89204545454545,0.0372341769624749,1.3295454545454546,0.0,0.904484308377206,1.0454545454545454,0.5812845761283755,15.352272727272728,0.0
e9f8b57a15ef12a464a6e4a1ea850b1640d4a84a,ignite,False,2014-12-23 10:07:04,ignite,,90,90,4,2,1,1.93594570844196,1.5,0.0,21.75,888,888.0,507.0,done,1947.0,,False,1686.7945654292612,5.021026057196337,51.25,0.0309310348338086,1.75,0.0,0.961738782051282,1.0,0.5886466784989859,17.0,0.0
7f91a904a112864cdcd5f04d17f3b0d0016b30ec,ignite,False,2014-12-23 10:33:08,ignite,,6,6,3,2,1,1.58496250072116,2.0,0.0,21.0,889,889.0,508.0,done,2078.0,,False,2689.101609388965,5.148615504992322,73.33333333333333,0.0272215808297786,2.0,0.0,0.9553571428571428,1.0,0.6087145969498912,19.0,0.0
e1bfb8f1560d1989a77bb1cfe359713f0cbbfa87,ignite,False,2014-12-23 11:03:46,ignite,,8,2,2,1,1,1.0,3.5,9.0,28.0,629,629.0,477.0,done,1695.0,,False,59.00047452540936,4.017265768675427,3.0,0.0506816354529799,0.0,0.0,1.0,0.5,0.8333333333333333,17.0,0.0
3f254252b6a366060fbc65de59fc988ab4a2d9b9,ignite,False,2014-12-23 11:25:29,ignite,,6,7,1,1,1,0.0,1.0,3.0,1.0,631,631.0,478.0,done,263.0,,False,1213.3996056343187,4.16132792780005,22.0,0.0181308778228086,0.0,0.0,0.8823529411764706,1.0,0.25,25.0,0.0
c541d65987a019d0a2ee550422edaecd09ad5869,ignite,False,2014-12-24 18:13:13,ignite,,17,11,1,1,1,0.0,3.0,6.0,6.0,1095,1095.0,786.0,done,205.0,,False,229.48086775694117,4.702497722127106,11.0,0.0476755154690314,0.0,0.0,0.6904761904761905,2.0,0.5844155844155844,21.0,0.0
d60f91e4baa3e54ed7777f39c6a884248241df17,ignite,False,2014-12-26 23:01:42,ignite,,13,1,1,1,1,0.0,1.0,0.0,11.0,1101,1101.0,790.0,done,913.0,,False,102.18657103125848,4.797526228372832,7.0,0.0685021517931032,0.0,0.0,0.75,1.0,0.5,15.0,0.0
1600e5c57b89ce50449e507d4aa733b4ce621933,ignite,False,2014-12-29 21:35:27,ignite,,2,3,1,1,1,0.0,2.0,2.0,13.0,1105,1105.0,794.0,done,91.0,,False,991.7178444618128,3.753758009698203,38.0,0.0383173502546199,0.0,0.0,1.0,0.0,0.0,13.0,0.0
71b0b81264c80c00327b89b8f44dd390a10005aa,ignite,False,2014-12-29 23:00:19,ignite,,5,3,1,1,1,0.0,1.0,0.0,9.0,1106,1106.0,795.0,done,3546.0,,False,2751.8870004796386,5.620554351653141,83.0,0.0301611221629135,2.0,1.0,0.7954545454545454,10.0,0.2222222222222222,32.0,0.0
794e05412e2f9cb600ae15d74f7636a889284dc0,ignite,True,2014-12-30 02:30:14,ignite,86.0,4,2,2,1,1,0.91829583405449,0.5,18.0,1.0,91,91.0,81.0,done,793.0,2015-03-26 16:06:06,False,573.1015314609382,4.521509003919983,29.5,0.0874509210276939,0.5,0.0,0.2647058823529412,1.5,0.4166666666666666,15.0,0.0
679608c21a6a9dd1061ba41c1a2eaa13560e5a1d,ignite,False,2014-12-30 15:51:23,ignite,,3,0,1,1,1,0.0,1.0,25.0,1.0,1109,1109.0,798.0,done,315.0,,False,351.74793803746815,4.693957221205314,18.0,0.0511730078658844,1.0,0.0,1.0,0.0,0.5555555555555556,25.0,0.0
e01bf3c783d7f595246d7f08fcbfaac488c8aeed,ignite,False,2014-12-30 16:00:52,ignite,,3,2,1,1,1,0.0,2.0,0.0,14.0,1110,1110.0,799.0,done,90.0,,False,939.9116884078376,3.752607744932357,36.0,0.0383014707062342,0.0,0.0,1.0,0.0,0.0,13.0,0.0
7543f27ab14e324926606cc86acba5787a135342,ignite,False,2014-12-30 16:06:39,ignite,,3,2,1,1,1,0.0,3.0,14.0,6.0,1111,1111.0,800.0,done,47.0,,False,125.81495041679712,3.9146279551873175,6.0,0.0476890860754093,0.0,0.0,1.0,0.0,0.0,9.0,0.0
6fd75f907c96a0b5eb31b0e118a4e88895a501fd,ignite,False,2014-12-30 17:23:16,ignite,,2,2,1,1,1,0.0,11.0,3.0,152.0,1113,1113.0,802.0,done,4778.0,,False,5599.019385360701,5.696335856671212,81.0,0.0144668189954448,2.0,5.0,0.7627118644067796,8.0,0.21875,27.0,0.0
310f8e872f7355e80785c8ee622f0feeecfc12c1,ignite,False,2014-12-30 18:22:36,ignite,,3,2,1,1,1,0.0,10.0,5.0,53.0,1115,1115.0,803.0,done,1418.0,,False,310.0,4.411118714872157,7.0,0.0225806451612903,1.0,0.0,0.4444444444444444,0.0,0.5,24.0,0.0
5fd0d7c9ad979e46b46465f836508ad201a48ef3,ignite,False,2014-12-30 21:25:12,ignite,,2,1,1,1,1,0.0,3.0,0.0,7.0,1120,1120.0,806.0,done,48.0,,False,107.31275182609168,3.9452965646181326,5.0,0.0465927852460896,0.0,0.0,1.0,0.0,0.0,9.0,0.0
7f190ca9cd731f3f93c92fbbd16a4c652c7bb767,ignite,False,2015-01-12 20:04:14,ignite,,5,3,1,1,1,0.0,5.0,23.0,8.0,1123,1123.0,809.0,done,3299.0,,False,556.5298405023475,5.015626029922577,28.333333333333332,0.0553585544043534,0.3333333333333333,0.3333333333333333,0.9285714285714284,2.6666666666666665,0.3686868686868687,17.0,0.0
83fb794691f1a51fa643ab8d4cfc72a9e30be0f0,ignite,False,2015-01-14 16:46:41,ignite,,10,1,3,3,1,1.24067053167669,3.0,19.0,38.6666666666667,1131,1131.0,814.0,done,1686.0,,False,63.716150172986616,4.4057660499172755,3.5,0.0536346954760412,0.0,0.0,0.375,1.5,0.0,14.5,0.0
39946d07698c1493be92192527ed10e7aa16a5c5,ignite,False,2015-01-14 20:43:20,ignite,,33,27,2,1,1,0.99919835426364,5.0,0.0,45.0,1137,1137.0,818.0,done,6418.0,,False,80.01821169508845,4.493392980417443,4.0,0.0495554809755628,0.3333333333333333,0.0,0.7611111111111112,0.5,0.2777777777777777,16.166666666666668,0.0
b5201b49df7e6305ae584cb07f1ce933d4611aa2,ignite,True,2015-01-14 22:01:03,ignite,55.0,16,16,3,3,1,1.5,6.0,0.0,79.6666666666667,2,2.0,1.0,done,3963.0,2015-03-11 09:26:22,True,501.7592840959382,5.00744116881931,16.666666666666668,0.0300245925520222,0.0,0.0,0.7361111111111112,0.6666666666666666,0.6273148148148148,14.333333333333334,0.0
0d5ea9998eedccc1ca8488ec29c000ab3031a7b7,ignite,False,2015-01-14 22:54:45,ignite,,5,7,1,1,1,0.0,5.0,0.0,19.0,1140,1140.0,820.0,done,517.0,,False,340.0,4.808748180888507,15.0,0.0441176470588235,0.0,0.0,0.8,2.0,0.5714285714285714,15.0,0.0
e4c2bc4662f69fdb05d8d99779ebdface45c7c60,ignite,False,2015-01-15 16:53:04,ignite,,32,21,1,1,1,0.0,6.0,0.0,11.0,661,661.0,257.0,done,299.0,,False,1929.0518492768692,5.433668244613872,53.0,0.027474637356102,1.0,0.0,0.65625,1.0,0.1904761904761904,24.0,0.0
68f704edf87e34754ded1ea5a1bf7faa32c98c61,ignite,False,2015-01-15 20:34:46,ignite,,1,4,1,1,1,0.0,1.0,0.0,1.0,8,8.0,7.0,done,192.0,,False,129.26767504471167,4.106263405471176,5.0,0.0386794300916341,0.0,0.0,0.3333333333333333,0.0,0.6666666666666666,8.0,0.0
ea40627f70dd511991a6f8239cb2e345e36cad2c,ignite,False,2015-01-16 01:09:14,ignite,,15,22,2,2,1,0.639457132485164,2.5,0.0,14.0,104,104.0,91.0,done,574.0,,False,741.458400899104,4.816557106452289,9.571428571428571,0.0198767135497313,0.1428571428571428,0.0,0.7185596460806545,0.0,0.2857142857142857,16.571428571428573,0.0
ae4cbca3286fcfe1c3fd91d1241d9b143cb29ef6,ignite,False,2015-01-16 18:06:48,ignite,,4,0,1,1,1,0.0,7.0,1.0,32.0,1150,1150.0,825.0,done,508.0,,False,1031.235162377821,5.310297057775896,32.0,0.0310307495006419,0.0,0.0,0.7142857142857143,3.0,0.4444444444444444,31.0,0.0
5e24d63e49abdb3cbebdf4e51b653542df7e0942,ignite,False,2015-01-16 19:13:02,ignite,,8,6,4,3,1,1.8423709931771104,1.25,0.0,20.0,106,106.0,93.0,done,2276.0,,False,1108.3292503141051,4.5008106609118075,32.4,0.0276130816543419,0.4,0.0,0.5458333333333333,0.2,0.1114285714285714,20.8,0.0
ae20d1091516fefe147d71c2b71615b2251aae39,ignite,False,2015-01-16 19:35:34,ignite,,13,10,4,3,1,1.81318385050756,1.5,0.0,22.5,108,108.0,95.0,done,2143.0,,False,764.7165046710157,4.63660442530569,18.666666666666668,0.0271590112457514,0.0,0.0,0.8253676470588235,0.1666666666666666,0.2624999999999999,17.5,0.0
b7dd37370910a389ddcf5835186d16ce91de57c0,ignite,False,2015-01-16 21:34:16,ignite,,26,24,1,1,1,0.0,6.0,0.0,43.0,17,17.0,16.0,done,1194.0,,False,303.9999225148516,5.019107179851679,13.416666666666666,0.0443567971464972,0.0,0.0,0.5909090909090908,1.3333333333333333,0.4564393939393938,21.0,0.0
eec3b6c71c7bc285440422b13b6d5a44a6fd3d24,ignite,False,2015-01-16 21:45:41,ignite,,15,22,2,2,1,0.639457132485164,2.5,0.0,14.0,104,104.0,91.0,done,574.0,,False,741.458400899104,4.816557106452289,9.571428571428571,0.0198767135497313,0.1428571428571428,0.0,0.7185596460806545,0.0,0.2857142857142857,16.571428571428573,0.0
785bf106568963b2cd52706cb3654f8de76f4e89,ignite,False,2015-01-16 21:45:41,ignite,,13,10,4,3,1,1.81318385050756,1.5,0.0,22.5,108,108.0,95.0,done,2143.0,,False,764.7165046710157,4.63660442530569,18.666666666666668,0.0271590112457514,0.0,0.0,0.8253676470588235,0.1666666666666666,0.2624999999999999,17.5,0.0
80b986f46340a811cd6d991218249a30f5a7ada3,ignite,False,2015-01-16 22:49:13,ignite,,1,1,1,1,1,0.0,11.0,0.0,117.0,110,110.0,97.0,done,4231.0,,False,1616.8309274992844,5.221787903041944,43.0,0.0265952359449897,0.0,0.0,0.5151515151515151,2.0,0.4,30.0,0.0
20566ffee0da6744e183b881ad871fcac0f0a317,ignite,False,2015-01-17 01:43:45,ignite,,25,8,3,2,1,1.309296668237,1.0,0.0,9.66666666666667,398,398.0,271.0,done,724.0,,False,775.6992581325566,4.789287370694747,24.666666666666668,0.030832261466144,0.6666666666666666,0.6666666666666666,0.6871794871794873,1.0,0.261111111111111,23.333333333333332,0.0
7ec45544f4f0c0c7dc84b782825f6f876e1b86fb,ignite,False,2015-01-19 16:10:49,ignite,,1,0,1,1,1,0.0,5.0,2.0,21.0,21,21.0,19.0,done,178.0,,False,315.76876468329215,4.306962504677682,16.0,0.0506699895287223,0.0,0.0,0.9090909090909092,1.0,0.5,10.0,0.0
7bf6cde8d57f1ab0f2b4602831af79861fe08d13,ignite,False,2015-01-19 16:43:59,ignite,,4,0,3,1,1,1.5,3.0,2.0,13.333333333333302,22,22.0,20.0,done,1060.0,,False,154.5856769171687,4.347671220181669,10.0,0.0682183739215793,0.0,0.0,0.8296296296296296,1.0,0.4285714285714285,12.0,0.0
1f22fec31a2d079bfb6d1cd2af9bb9d5afb55e5d,ignite,False,2015-01-19 17:07:10,ignite,,24,0,1,1,1,0.0,6.0,0.0,18.0,23,23.0,21.0,done,737.0,,False,602.6302935001903,4.84380487251121,16.166666666666668,0.0267749414507718,0.0,0.0,0.3592657342657343,0.0,0.2678571428571428,19.166666666666668,0.0
0d74bc73434d333b7339e1ad0288a708bb4b9463,ignite,True,2015-01-19 19:01:03,ignite,134.0,7,38,1,1,1,0.0,6.0,0.0,19.0,24,24.0,22.0,done,761.0,2015-06-02 23:30:14,False,457.0650210234122,4.651997161383623,11.333333333333334,0.0247233195222197,0.0,0.0,0.3227272727272727,0.0,0.2527777777777777,18.166666666666668,0.0
4a64d435441a2b45fb12e53c7c3c1305128b3918,ignite,True,2015-01-19 21:26:18,ignite,1305.0,1,1,1,1,1,0.0,7.0,5.0,34.0,1160,1160.0,832.0,done,1847.0,2018-08-17 09:07:07,False,529.5648670078178,5.262922011939927,33.0,0.0623153121664939,0.0,0.0,0.9,5.0,0.3333333333333333,18.0,0.0
fd408ffb37745ea6d58d5d9e52d77595539b0ba0,ignite,False,2015-01-19 21:50:15,ignite,,1,0,1,1,1,0.0,2.0,0.0,7.0,1162,1162.0,833.0,done,1722.0,,False,2550.8699106718404,4.5886745240895275,62.0,0.0243054338994773,0.0,0.0,1.0,1.0,0.0,9.0,0.0
6d920419b6156aa6e1ce4cf77916a3f63c8727a9,ignite,False,2015-01-19 22:08:34,ignite,,4,2,1,1,1,0.0,1.0,5.0,7.0,1163,1163.0,834.0,done,1005.0,,False,98.09910819000814,4.406074107186407,6.0,0.0611626355295565,0.0,0.0,0.75,1.0,0.3333333333333333,12.0,0.0
0b48f37c2f4fed67dc6fa9a827a1a3b37f159ac6,ignite,False,2015-01-19 22:35:34,ignite,,2,0,1,1,1,0.0,3.0,5.0,3.0,11,11.0,10.0,done,153.0,,False,633.2940677619265,5.134928265361,20.0,0.0315809053299368,0.0,0.0,0.625,1.0,0.1428571428571428,22.0,0.0
2c76212f255c8e83028a3b285c71374bd738f5bc,ignite,False,2015-01-19 23:14:59,ignite,,9,5,2,1,1,0.985228136034252,3.0,0.0,37.0,114,114.0,100.0,done,1834.0,,False,785.4104101320794,4.85825535465668,6.0,0.0116461753045407,0.0,0.0,0.6972222222222223,0.3333333333333333,0.2666666666666666,20.0,0.0
222721bfe5637af4e97a85c1f6c69b4561350a80,ignite,False,2015-01-20 01:45:51,ignite,,3,2,1,1,1,0.0,2.0,0.0,2.0,14,14.0,12.0,done,227.0,,False,145.08501678041293,4.653062618757952,8.5,0.0586159578815145,1.0,0.0,1.0,0.0,0.55,17.5,0.0
c500eda65bb2aa96360027b96dac0169c8c979dc,ignite,False,2015-01-20 17:27:36,ignite,,24,6,1,1,1,0.0,6.0,0.0,53.0,16,16.0,13.0,done,1194.0,,False,111.55604645023844,4.736177980709113,6.0,0.0538272151490262,0.0,0.0,0.6,1.0,0.5,15.0,0.0
286038862f5b148315232a7c56ae0430306e2a8e,ignite,False,2015-01-20 19:10:07,ignite,,15,31,3,3,1,1.01972738980751,1.6666666666666698,0.0,14.333333333333302,121,121.0,105.0,done,1393.0,,False,754.725853412524,4.848994295362155,11.0,0.0182366207699891,0.1111111111111111,0.0,0.667330635958087,0.2222222222222222,0.412962962962963,18.666666666666668,0.0
7c979e1e56699485a3ed1c63529cc8fc9bec959e,ignite,False,2015-01-20 20:43:52,ignite,,30,7,3,3,1,1.41921915270046,1.6666666666666698,0.666666666666667,6.33333333333333,1170,1170.0,840.0,done,1244.0,,False,451.17983163871816,4.877253777884262,19.2,0.0428165109591526,0.4,0.0,0.5831080031080031,0.8,0.2753246753246753,20.8,0.0
83a571bc8d5bea30d2b81114857ebaad25972961,ignite,False,2015-01-20 20:48:59,ignite,,8,2,2,1,1,0.7219280948873621,5.0,0.0,63.5,17,17.0,14.0,done,6482.0,,False,339.0548245462197,4.835750257103543,12.5,0.0391564675195789,0.5,0.0,0.5484848484848485,0.0,0.3857142857142857,24.0,0.0
8a6387bf5fd10ebfaaa0a5521d1882d1893d250f,ignite,False,2015-01-20 21:47:08,ignite,,11,1,5,2,1,2.11749246118476,0.6,2.0,9.8,1171,1171.0,841.0,done,2947.0,,False,138.26242126890264,4.264576331171662,7.25,0.0546803704593192,0.0,0.0,0.925,1.0,0.2083333333333333,12.0,0.0
edf0b1851ed95f6819f038e0e870f932af977004,ignite,False,2015-01-20 22:24:35,ignite,,3,0,1,1,1,0.0,6.0,6.0,19.0,18,18.0,15.0,done,951.0,,False,2263.7701048701847,5.555046686163052,33.0,0.0145774519811022,2.0,1.0,0.7647058823529411,2.0,0.2307692307692307,33.0,0.0
1eb8ba3468c415acd26ef00202537caf2ae4e9f9,ignite,False,2015-01-20 23:31:43,ignite,,28,19,2,2,1,0.253878440298162,4.5,0.5,39.5,1172,1172.0,842.0,done,5406.0,,False,776.1507277812481,4.601767305660783,32.0,0.0486890616066148,0.5,0.0,0.725,1.5,0.1428571428571428,18.5,0.0
8efb40e2c18d75064f7cd52f064038b0af96e25b,ignite,True,2015-01-20 23:36:14,ignite,37.0,82,82,34,30,5,4.81159888302652,0.558823529411765,112.558823529412,12.3823529411765,11,11.0,1.0080130048,done,5720.0,2015-02-27 16:09:27,False,4494.33056047243,5.189703313964579,122.33333333333331,0.0376050749162354,0.3333333333333333,1.0,0.7579365079365079,1.0,0.4415204678362572,22.666666666666668,0.0
b85a35f9cd968139c6b4717666c0439fc285a057,ignite,False,2015-01-21 15:44:08,ignite,,16,21,3,2,1,1.12928255011998,4.33333333333333,0.0,78.0,33,33.0,28.0,done,7495.0,,False,563.2598271341551,4.9438935340006,14.714285714285714,0.030565108316873,0.0,0.0,0.7332326007326007,2.142857142857143,0.3687250657838893,19.714285714285715,0.0
55bbebcb3610821a2639c9615280fd8a3db9a3ae,ignite,False,2015-01-21 17:36:13,ignite,,0,1,1,1,1,0.0,3.0,6.0,13.0,37,37.0,30.0,done,102.0,,False,902.9072912264264,3.7401946759858298,48.0,0.0531616041496366,0.0,0.0,1.0,0.0,0.0,9.0,0.0
7f36224c0d4ee56c0de548f60c222b4fd10ba615,ignite,False,2015-01-22 00:56:47,ignite,,7,20,3,2,1,1.22439444540599,3.0,0.0,32.6666666666667,710,710.0,354.0,done,5180.0,,False,477.56140372336625,5.0720403065388515,10.0,0.0209397156512937,0.0,0.0,0.8181818181818182,0.0,0.5,24.0,0.0
64fb77bb3f4f68ce0ba49df28babdc2bd0a92488,ignite,False,2015-01-22 01:17:03,ignite,,6,4,1,1,1,0.0,7.0,1.0,40.0,712,712.0,355.0,done,1748.0,,False,2409.052533352716,4.582740974015538,59.0,0.0244909561676883,0.0,0.0,1.0,1.0,0.0,9.0,0.0
5598513c9ed88c3c784f7cd31e5557f401e20343,ignite,False,2015-01-22 01:41:54,ignite,,6,11,4,2,1,1.27720181120226,2.25,1.75,43.75,713,713.0,356.0,done,4982.0,,False,419.7670088959751,5.168525403442494,12.75,0.0453826135417766,0.25,0.0,0.5437062937062936,4.25,0.1189839572192513,18.25,0.0
e8de0fce2a4cb35eb9f82ee22de18053bb3e6ae5,ignite,False,2015-01-22 02:30:15,ignite,,9,12,4,2,1,1.28001997343156,4.0,3.75,59.5,718,718.0,358.0,done,10143.0,,False,646.1311505741376,5.009995970713765,13.25,0.0319788357525876,0.25,0.25,0.7427978883861237,1.25,0.3539682539682539,30.5,0.0
5ed84ecf2a4f50c0136f5002c19ad475edd09da4,ignite,False,2015-01-22 02:46:36,ignite,,43,12,1,1,1,0.0,8.0,0.0,31.0,20,20.0,7.0,done,1900.0,,False,90.9335499242058,4.51177403053029,3.0,0.0478540130496765,0.0,0.0,0.6666666666666666,1.6666666666666667,0.125,16.0,0.0
c7db90e636a1a2c6c8258aa9d9397d6277a641f0,ignite,False,2015-01-22 02:47:33,ignite,,6,5,1,1,1,0.0,7.0,1.0,20.0,721,721.0,359.0,done,954.0,,False,1245.4178711132504,5.247962271150425,20.5,0.0244757626363756,1.5,0.5,0.7573529411764706,2.0,0.3653846153846154,25.0,0.0
42959617a5c7348f470271388775919dd923abe4,ignite,False,2015-01-22 13:51:22,ignite,,19,21,14,7,1,3.63797193398008,0.857142857142857,2.78571428571429,16.071428571428598,1185,1185.0,852.0,done,905.0,,False,725.9193652572004,5.419432411168008,26.0,0.0358166502291724,0.0,0.0,0.6842105263157895,8.0,0.2666666666666666,24.0,0.0
74efcecaf0ab3aa9f9398c324bda9648c7212928,ignite,False,2015-01-22 18:03:33,ignite,,2,2,1,1,1,0.0,9.0,0.0,80.0,14,14.0,12.0,done,5091.0,,False,915.0271128439914,5.07485834167199,21.0,0.0229501396245298,1.0,1.0,0.75,0.0,0.3333333333333333,16.0,0.0
dde7f7a779bbe31470cf0f2d45ca912ea2935dc9,ignite,False,2015-01-22 18:54:33,ignite,,2,3,1,1,1,0.0,2.0,0.0,15.0,1192,1192.0,857.0,done,3575.0,,False,7135.615037758376,5.9820275204111395,203.0,0.0284488441326806,2.0,5.0,0.6507936507936508,15.0,0.24,25.0,0.0
78ce7af867c0cfd37e10508e571d58164689027c,ignite,False,2015-01-22 19:24:16,ignite,,7,5,2,2,1,0.811278124459133,3.5,1.0,41.0,20,20.0,16.0,done,1406.0,,False,822.8232522792052,5.352276314009041,17.5,0.0234064079663851,1.0,0.0,0.6275362318840579,0.5,0.4553571428571428,30.5,0.0
5e01febcd3936860862dc3227835d98f95fdab29,ignite,False,2015-01-22 20:08:50,ignite,,12,19,3,1,1,1.4248838831403998,4.66666666666667,0.333333333333333,96.6666666666667,723,723.0,361.0,done,8116.0,,False,524.6176954775424,4.690923363030867,17.5,0.0382530395520021,0.0,0.0,0.6083333333333334,1.5,0.2833333333333333,19.5,0.0
92e5d5a5444be4c227c7ac75762c907be410d0de,ignite,False,2015-01-22 20:13:32,ignite,,2,2,1,1,1,0.0,8.0,6.0,20.0,1195,1195.0,859.0,done,834.0,,False,361.2139611096211,4.180955624174315,7.0,0.0193790959200373,0.0,0.0,0.3333333333333333,0.0,0.5,17.0,0.0
c3b64871a922df4fbc1cda0ae7f1e96434e89211,ignite,False,2015-01-22 20:46:17,ignite,,4,4,2,2,1,1.0,4.0,4.0,17.5,21,21.0,8.0,done,104.0,,False,180.0,3.983067527828476,2.0,0.0111111111111111,0.0,0.0,0.5,1.0,0.0,26.0,0.0
84aba1f5b850cbf7205e1d57b96e804e55bf0e4a,ignite,False,2015-01-23 00:56:33,ignite,,7,6,2,1,1,0.6193821946787641,4.0,0.0,28.5,23,23.0,17.0,done,1071.0,,False,365.5786911718987,4.917601161196651,16.0,0.0450493750523035,0.6666666666666666,0.0,0.6972222222222223,1.3333333333333333,0.5505050505050505,24.333333333333332,0.0
6d5ed0ebe6c6c57d0eaa05710f0e7697db2e81f9,ignite,False,2015-01-23 02:19:16,ignite,,2,9,2,1,1,0.684038435639042,8.5,0.0,137.5,731,731.0,364.0,done,4225.0,,False,10.1323312532452,3.584147917027245,1.0,0.137392692864788,0.0,0.0,0.5,0.0,1.0,8.0,0.0
a8f87668472e732cfc0a664acbb180087da954e0,ignite,False,2015-01-23 02:42:36,ignite,,1,1,1,1,1,0.0,9.0,0.0,37.0,24,24.0,18.0,done,511.0,,False,480.97160191646464,5.03726744265509,21.0,0.04366162142697,1.0,0.0,0.625,0.0,0.8,17.0,0.0
fbf6e60aeb6bad52c1473485cc4b5d267240b530,ignite,False,2015-01-23 03:14:07,ignite,,14,19,4,2,1,1.87599286878184,4.0,0.0,68.75,732,732.0,365.0,done,10091.0,,False,646.5313628791016,5.031811956774735,12.75,0.0302282323338749,0.25,0.25,0.5458333333333334,2.25,0.2777777777777778,25.0,0.0
9520f006c1baafa81c066500e23ec0c06423970d,ignite,False,2015-01-23 19:42:58,ignite,,10,11,8,4,2,2.851149423893029,0.5,1.0,2.0,1279,1279.0,0.707042256794596,done,108.0,,False,119.17420556870002,4.355189426610483,5.5,0.0464976589244309,0.0,0.0,1.0,0.0,0.5833333333333333,12.0,0.0
fe11163627df0246275a022a9bf3337e19f42649,ignite,False,2015-01-23 20:01:02,ignite,,3,7,3,2,1,1.37095059445467,3.3333333333333304,0.0,61.6666666666667,30,30.0,22.0,done,295.0,,False,1211.2574919559156,5.678386297076085,23.0,0.0189885306408797,2.0,0.0,0.5,1.0,0.2857142857142857,28.0,0.0
f90b641629a4e54b073683b10fa294f43a4f6e0d,ignite,False,2015-01-23 20:35:22,ignite,,0,10,1,1,1,0.0,7.0,0.0,30.0,25,25.0,11.0,done,795.0,,False,87.56842503028855,4.807460641914682,4.0,0.0456785650605964,1.0,0.0,0.3333333333333333,0.0,0.3333333333333333,21.0,0.0
958401d8c3824f8c8d0ef7dbd22c30b7e95ded2e,ignite,False,2015-01-23 21:59:49,ignite,,5,0,1,1,1,0.0,7.0,0.0,32.0,34,34.0,26.0,done,956.0,,False,224.66316253533665,4.467187435388653,12.0,0.0534132959964567,1.0,0.0,0.8,1.0,0.4,34.0,0.0
68d01efcfdac7c951074803a2b411ae295e410f0,ignite,False,2015-01-23 22:06:19,ignite,,3,7,1,1,1,0.0,9.0,0.0,89.0,35,35.0,27.0,done,5274.0,,False,274.01923055728344,4.676204594409498,14.0,0.051091304692476,1.0,0.0,0.3636363636363636,0.0,0.2,15.0,0.0
7d68c88281f30a94e9984f59d2bf4fa7b2271a68,ignite,False,2015-01-23 22:39:17,ignite,,26,28,3,2,1,1.11030174402937,2.6666666666666696,0.0,8.66666666666667,66,66.0,42.0,done,1259.0,,False,971.3448030319312,4.407256026856536,21.0,0.0216195113562672,0.0,0.0,0.9411764705882352,1.0,0.4,21.0,0.0
6e1aa2a538f5109ed64f4c8a981e65502780c16a,ignite,False,2015-01-23 23:03:14,ignite,,1,3,1,1,1,0.0,7.0,0.0,33.0,37,37.0,28.0,done,961.0,,False,224.66316253533665,4.451361908633153,12.0,0.0534132959964567,1.0,0.0,0.8,1.0,0.4,34.0,0.0
bd6847717308652a6ebed680882a0a3a20d71fee,ignite,False,2015-01-23 23:18:12,ignite,,12,4,1,1,1,0.0,8.0,0.0,27.0,38,38.0,29.0,done,722.0,,False,307.35774857210805,5.076516748693432,13.0,0.0422959891539878,2.0,1.0,0.6666666666666666,1.0,0.3636363636363636,25.0,0.0
cb767aaadc36d1efbeff5605f85c6668128c3b70,ignite,False,2015-01-24 02:08:36,ignite,,7,7,1,1,1,0.0,2.0,0.0,2.0,737,737.0,368.0,done,961.0,,False,283.76302447194826,4.769746507488029,12.0,0.044813939193596,1.0,0.0,0.8636363636363636,1.0,0.4666666666666667,21.5,0.0
5a6eb78345520ccb2c1cb8917a84aa44eead3154,ignite,False,2015-01-26 00:42:54,ignite,,65,60,26,10,2,4.0824271612628005,0.153846153846154,0.0,4.07692307692308,5,5.0,0.125,done,15315.0,,False,716.0808911366762,4.502174898967326,25.166666666666668,0.03538316891143,0.6190476190476191,0.1904761904761904,0.4985576324443156,0.1428571428571428,0.4132917347203061,18.166666666666668,0.0
0ba574c14f5f3c745cb90975a09bc0b01eebceb3,ignite,False,2015-01-26 01:13:34,ignite,,4,6,2,2,1,0.970950594454669,2.0,0.0,7.5,6,6.0,3.0,done,5442.0,,False,607.9025641987162,4.890699952705002,19.333333333333332,0.0362520350317289,1.6666666666666667,0.0,0.4793028322440086,0.0,0.2,21.666666666666668,0.0
657563274b2ea3192a106580fe74441d5b4050ac,ignite,False,2015-01-26 02:35:24,ignite,,10,0,1,1,1,0.0,1.0,2.0,3.0,7,7.0,4.0,done,603.0,,False,1825.059190335396,5.095630080643642,28.0,0.015341968166443,2.0,1.0,0.4117647058823529,0.0,0.2142857142857142,23.0,0.0
5c8869f4ffdfab0f1385f16337c8bd9fbe334757,ignite,True,2015-01-26 03:48:37,ignite,231.0,18,10,5,4,1,2.04214342329973,2.0,3.8,31.4,738,738.0,369.0,done,3918.0,2015-09-15 00:09:58,False,714.9621402724172,4.747592265877592,22.2,0.0351018576152424,0.2,0.6,0.7405594405594406,0.8,0.7416666666666666,16.8,0.0
b27d701f8a1461710fe0c88755c8ae3b708877de,ignite,False,2015-01-26 04:34:33,ignite,,3,2,1,1,1,0.0,2.0,0.0,4.0,9,9.0,6.0,done,613.0,,False,1849.124783308585,5.106582402843694,28.0,0.0151422988068444,2.0,1.0,0.4,0.0,0.2142857142857142,23.0,0.0
7870d431ae71641b2bbb708fc22e2b6a78d211a3,ignite,False,2015-01-26 05:30:20,ignite,,14,9,2,1,1,0.987692508895803,1.0,1.0,4.0,10,10.0,7.0,done,1317.0,,False,732.6891345497154,4.981710091455804,25.4,0.0344736759821497,1.2,0.0,0.615,0.0,0.32,23.0,0.0
00fa47008c4cd46d8126a3ff74a1a4f67b29625b,ignite,False,2015-01-26 05:59:41,ignite,,25,4,2,2,1,0.849751137253297,1.5,0.0,5.0,11,11.0,8.0,done,797.0,,False,632.6600636285852,4.82342340556151,26.0,0.0398319211355506,1.5,1.0,0.5897435897435898,1.0,0.6111111111111112,19.5,0.0
eda4dd0e04f4825bb9ae6f556edc74c38dcb2d04,ignite,False,2015-01-26 06:22:08,ignite,,5,4,1,1,1,0.0,1.0,5.0,7.0,405,405.0,274.0,done,251.0,,False,1782.0,5.051871941870485,53.0,0.0297418630751964,1.0,3.0,0.5555555555555556,3.0,0.2777777777777778,26.0,0.0
0c5bae31dd23a41e195d7c3ea953964506efb601,ignite,False,2015-01-26 12:40:35,ignite,,5,1,1,1,1,0.0,1.0,0.0,5.0,674,674.0,267.0,done,604.0,,False,726.0704437723514,5.206766354623051,8.0,0.0110182146493051,0.0,0.0,0.5555555555555556,0.0,0.1666666666666666,21.0,0.0
b8deac3f82c914c44d0e715e29f078ce573ba387,ignite,True,2015-01-26 13:01:03,ignite,52.0,21,16,2,1,1,0.699772221773307,0.5,0.0,6.5,675,675.0,268.0,done,1729.0,2015-03-20 09:01:00,False,2057.020992356454,5.146131608345119,24.666666666666668,0.0207981169524773,0.0,0.0,0.5782051282051283,0.0,0.438423645320197,18.333333333333332,0.0
9941b8e605aab76eafb66ab063092af6ff944221,ignite,False,2015-01-26 15:13:04,ignite,,5,3,1,1,1,0.0,1.0,0.0,9.0,677,677.0,270.0,done,1098.0,,False,5192.267385305717,5.998069529821074,57.0,0.010977862997062,0.0,0.0,0.5636363636363636,0.0,0.1785714285714285,20.0,0.0
7faa36f58404c96ff89a0e7128d15ff66732e78a,ignite,False,2015-01-26 16:25:19,ignite,,2,2,1,1,1,0.0,1.0,2.0,3.0,1310,1310.0,968.0,done,220.0,,False,98.09910819000814,4.465979129983103,2.0,0.0203875451765188,0.0,0.0,1.0,0.0,0.0,18.0,0.0
d00486f952951cda119d4ec16f2d46c47c0da817,ignite,True,2015-01-26 18:37:11,ignite,408.0,1,8,1,1,1,0.0,2.0,2.0,3.0,742,742.0,371.0,done,2030.0,2016-03-10 12:37:14,False,82.0447025077789,4.564735178725505,4.0,0.0487539094875839,0.0,0.0,1.0,2.0,0.3333333333333333,25.0,0.0
165698d2983cf449ec3f09565fb7a5f87c4b5889,ignite,False,2015-01-26 18:43:48,ignite,,7,7,1,1,1,0.0,4.0,0.0,10.0,1312,1312.0,970.0,done,5268.0,,False,569.7958382200379,4.667411438374544,21.0,0.0368553060436542,1.0,0.0,0.5714285714285714,0.0,0.25,16.0,0.0
20424760d6827a26399080d72a0fbf0a9c1239b9,ignite,False,2015-01-26 19:01:09,ignite,,3,3,1,1,1,0.0,4.0,0.0,4.0,51,51.0,35.0,done,961.0,,False,299.62511285225764,4.753148620156821,12.0,0.0420766029189698,1.0,0.0,0.8636363636363636,1.0,0.4666666666666667,21.5,0.0
eefcf2559de38883ab272186356fef8094e410ce,ignite,True,2015-01-26 20:06:16,ignite,408.0,9,16,1,1,1,0.0,3.0,0.0,4.0,37,37.0,17.0,done,2023.0,2016-03-10 12:37:14,False,88.16699693912815,4.558425054353444,4.0,0.0448287224483555,0.0,0.0,1.0,2.0,0.3666666666666666,23.0,0.0181818181818181
c46c7f25a3cbe0dc8464378129e4555818bdd3cd,ignite,False,2015-01-26 20:15:23,ignite,,1,1,1,1,1,0.0,1.0,0.0,7.0,746,746.0,373.0,done,2399.0,,False,18837.2962240018,5.9813145064260995,480.0,0.0254813639012801,1.0,1.0,0.9616858237547892,1.0,0.3801652892561983,26.0,0.0
32203b2b6bed211fc5d2ea0968c03d1a01620963,ignite,False,2015-01-26 20:23:39,ignite,,89,23,1,1,1,0.0,3.0,2.0,5.0,54,54.0,36.0,done,735.0,,False,163.25860547254544,4.572379801828801,5.428571428571429,0.0326547683187269,0.2142857142857142,0.0714285714285714,0.2829931972789115,1.2142857142857142,0.4440476190476191,20.857142857142858,0.0
cafe7aba83c3b1cefb17ac70994ebc05dd3765a5,ignite,False,2015-01-26 20:40:48,ignite,,25,53,3,3,1,1.24003625010867,1.6666666666666698,0.0,10.0,75,75.0,48.0,done,967.0,,False,616.7462992256368,5.134058974284799,25.333333333333332,0.0399678729743106,1.3333333333333333,0.0,0.4675716440422322,0.3333333333333333,0.2694805194805195,29.333333333333332,0.0
c60edcc669eebac522f1baa73c5d3c7661dd9fd4,ignite,False,2015-01-26 22:19:08,ignite,,3,1,1,1,1,0.0,4.0,0.0,15.0,1316,1316.0,973.0,done,5484.0,,False,382.854537017292,5.238507904210214,7.0,0.0182837065339096,0.0,0.0,0.6,3.0,0.4285714285714285,40.0,0.0
80131b7a086d0aa5e6ff0664998eb15af95f4deb,ignite,False,2015-01-26 22:51:21,ignite,,27,25,1,1,1,0.0,2.0,0.0,2.0,42,42.0,19.0,done,939.0,,False,2875.7841751120127,4.830256827081833,86.33333333333333,0.0325708756343062,1.3333333333333333,0.0,0.6333333333333333,1.0,0.6795928635009094,17.666666666666668,0.0
b910a4c423eded1b9d62c0ee4f3d54c16896a22b,ignite,False,2015-01-27 16:38:19,ignite,,6,6,4,3,1,1.7295739585136205,1.0,2.25,3.0,758,758.0,380.0,done,3172.0,,False,4346.041901424483,5.567272970175971,115.0,0.0264608585486271,4.0,9.0,0.639344262295082,4.0,0.3333333333333333,31.0,0.0
7871d381aedf69de53d66540ff833c5f2df84f75,ignite,False,2015-01-27 19:08:08,ignite,,14,4,2,2,1,0.852405178649479,0.5,2.5,2.0,689,689.0,279.0,done,533.0,,False,988.6697442865308,5.112332264606769,39.5,0.0346623795601233,0.5,0.5,0.6959459459459459,4.0,0.1625,31.0,0.0
d468943c84fe519ac2ac1aedfd9eb5555794a5cd,ignite,False,2015-01-27 19:11:28,ignite,,4,1,1,1,1,0.0,1.0,0.0,6.0,690,690.0,280.0,done,400.0,,False,6019.761316240299,5.324562092900675,198.0,0.0328916695527162,2.0,8.0,0.5714285714285714,6.0,0.2083333333333333,30.0,0.0
f757a10471d1b3b9666af0881dfd74816ae2fbb7,ignite,False,2015-01-27 19:12:53,ignite,,1,0,1,1,1,0.0,1.0,0.0,7.0,691,691.0,281.0,done,403.0,,False,6049.599042714848,5.318019546743601,199.0,0.0328947420473499,2.0,8.0,0.5714285714285714,6.0,0.2083333333333333,30.0,0.0
ef1d03b4c1c3c4bafe193fad595438782122aa48,ignite,False,2015-01-27 19:34:44,ignite,,6,21,2,2,1,0.5032583347756461,0.5,0.0,5.0,692,692.0,282.0,done,304.0,,False,505.2962626680293,4.9212836569174865,17.5,0.0350452999707555,1.5,0.5,0.4090909090909091,1.5,0.2307692307692307,19.0,0.0
8d58c9b05574cf49c3812a0f9e252fa35b9ded91,ignite,False,2015-01-27 19:35:26,ignite,,0,2,1,1,1,0.0,1.0,0.0,5.0,693,693.0,283.0,done,290.0,,False,723.9558442039187,5.114958579576464,24.0,0.0331511931178496,2.0,1.0,0.8095238095238095,1.0,0.4166666666666667,23.0,0.0
4b690fc4217e26a27f7385f1c3ecb0b006e9eb15,ignite,True,2015-01-27 21:56:35,ignite,19.0,21,10,1,1,1,0.0,4.0,1.0,5.0,60,60.0,40.0,done,961.0,2015-02-16 12:33:06,False,335.41345998122677,4.8279023426556416,14.0,0.0452341557359199,1.0,0.0,0.9166666666666669,1.0,0.4166666666666666,15.5,0.0
0349c858bd60202880a8e5d6631eac9d62d7e5dc,ignite,True,2015-01-27 22:10:43,ignite,19.0,6,8,1,1,1,0.0,4.0,0.0,6.0,761,761.0,382.0,done,972.0,2015-02-16 12:33:06,False,315.4105624020522,4.849878677610896,13.0,0.0446599597536113,1.0,0.0,0.9090909090909092,1.0,0.4166666666666666,16.5,0.0
03c9be6d626afac111db112f041d3783759be64b,ignite,False,2015-01-27 23:32:10,ignite,,14,29,1,1,1,0.0,1.0,0.0,2.0,767,767.0,386.0,done,260.0,,False,109.67943182993449,3.828238308393188,5.2,0.1383107216466952,0.2,0.0,0.1571428571428571,0.6,0.8,11.6,0.0
cd613db8bc16dcdefa495cdd0c23ad9b85061018,ignite,False,2015-01-28 00:55:34,ignite,,15,12,1,1,1,0.0,2.0,0.0,4.0,7,7.0,4.0,done,292.0,,False,222.59785003659036,4.897729105271794,8.333333333333334,0.0373568205692239,0.6666666666666666,0.0,0.7185185185185184,1.3333333333333333,0.2686868686868687,22.0,0.0
0be7e6eca60f04f4342a5de4b3f774790fcefde8,ignite,False,2015-01-28 01:03:01,ignite,,2,1,1,1,1,0.0,2.0,0.0,4.0,66,66.0,43.0,done,259.0,,False,363.04195997053847,4.232256784929912,19.0,0.0523355482147074,1.0,0.0,0.7692307692307693,2.0,0.0,25.0,0.0
77efad96287be8df139f79d0547f4b72b5567faf,ignite,True,2015-01-28 01:37:15,ignite,1513.0,1268,1268,29,14,2,0.7856934530792891,0.655172413793103,22.6551724137931,8.75862068965517,54,54.0,1.1341103213764,done,14489.0,2019-03-21 10:30:02,False,331.78301355588786,4.651852335490237,12.083333333333334,0.0337837569524259,0.0,0.0,0.7177579365079366,0.9166666666666666,0.7136243386243386,15.833333333333334,0.0
277dc153c28435e99b273f37a1784bfd7a61255f,ignite,False,2015-01-28 01:44:24,ignite,,9,1,1,1,1,0.0,3.0,0.0,4.0,92,92.0,57.0,done,434.0,,False,240.36774610288015,4.742322515362454,14.0,0.0582440873494226,0.0,0.0,0.5,4.0,0.1428571428571428,17.0,0.0
2451bec15cedc28781e468c9e61965fc51ba491e,ignite,False,2015-01-28 02:01:13,ignite,,7,2,1,1,1,0.0,1.0,0.0,14.0,696,696.0,286.0,done,1125.0,,False,804.9388219547343,5.087538697463208,30.0,0.037269913168242,0.0,0.0,0.8823529411764706,1.0,0.3888888888888889,20.0,0.0
d97965b04aac201fe1d176e2510913832e90430f,ignite,False,2015-01-28 17:55:32,ignite,,18,0,2,2,1,0.309543429150325,2.0,0.0,4.0,70,70.0,45.0,done,373.0,,False,6336.418175996638,4.046547327072004,252.0,0.0397701024459869,0.0,0.0,1.0,0.0,0.9090909090909092,13.0,0.0
5e3d2fe41c923869ef9e0aeb26e4d6f1a9cc0bba,ignite,False,2015-01-28 18:44:07,ignite,,1,1,1,1,1,0.0,0.0,0.0,0.0,72,72.0,47.0,done,734.0,,False,125.33591475173353,4.3396119273012195,2.0,0.0159571181489489,0.0,0.0,0.3333333333333333,0.0,0.5,17.0,0.0
db4b1d2b6b3247083ead64dc1f98d1f029475551,ignite,True,2015-01-28 18:45:46,ignite,6.0,283,285,84,43,2,5.182125547756678,0.142857142857143,1.77380952380952,5.21428571428571,56,56.0,1.13533102453098,done,39611.0,2015-02-04 13:38:48,False,1045.794055323237,4.710667750475651,30.051948051948052,0.0423933843890188,0.4545454545454545,0.2467532467532467,0.8017804821779088,0.8441558441558441,0.6012185816437591,17.51948051948052,0.0
256a70b13d4985262df66e835915d64eb9b34026,ignite,False,2015-01-28 18:52:01,ignite,,1,0,1,1,1,0.0,0.0,0.0,0.0,11,11.0,8.0,done,40.0,,False,136.9162695712204,3.8734946320435792,5.0,0.0365186695172053,0.0,0.0,1.0,0.0,0.0,13.0,0.0
a6d87acfdda20c4f96eed1a448abb3e667e3c614,ignite,False,2015-01-28 19:03:11,ignite,,7,2,1,1,1,0.0,4.0,0.0,6.0,139,139.0,112.0,done,691.0,,False,1035.8797503894243,4.903828866307329,16.0,0.0154458082552391,0.0,0.0,0.64,0.0,0.25,31.0,0.0
7614cff4143099be261ed43ea15da66144aa2989,ignite,False,2015-01-28 19:06:48,ignite,,10,4,2,2,1,0.940285958670631,1.5,0.0,4.0,140,140.0,113.0,done,575.0,,False,85.11011351724513,4.1097917016899705,7.0,0.082246394825706,0.0,0.0,0.0,0.0,0.6666666666666666,8.0,0.0
7d262168d17d1eff19b867be79494e9b49a1ae0d,ignite,False,2015-01-28 19:12:38,ignite,,44,44,9,5,1,2.8015316005784,0.555555555555556,2.55555555555556,4.0,57,57.0,23.0,done,2179.0,,False,1264.197163957274,4.948041595857253,37.25,0.0450141879728235,0.625,0.5,0.9200473137973136,2.5,0.4679783771215996,22.0,0.0
fc88c7d515154f039aa88996968b2c75d12827c2,ignite,False,2015-01-28 19:34:49,ignite,,5,5,1,1,1,0.0,0.0,0.0,0.0,79,79.0,52.0,done,254.0,,False,750.3575318413918,4.877944918806584,13.5,0.0183225537314598,0.0,0.0,0.5753676470588236,0.5,0.1742424242424242,31.0,0.0
ebe7d96fa400d0bc5927c0e21b530ada4c9e618b,ignite,False,2015-01-28 20:20:58,ignite,,1,1,1,1,1,0.0,1.0,5.0,1.0,82,82.0,55.0,done,795.0,,False,1977.7982433904472,5.448568483796449,35.0,0.0176964460945223,1.0,0.0,0.6,0.0,0.2272727272727272,27.0,0.0
7e40e222fabaf9477564706264b1bd4718098b45,ignite,False,2015-01-28 22:09:10,ignite,,3,3,2,1,1,0.91829583405449,1.0,0.0,1.0,87,87.0,59.0,done,552.0,,False,140.1816079436383,4.559977331073359,4.0,0.0285344137414106,0.0,0.0,1.0,1.0,0.0,34.0,0.0
1719ab5b8691427396af02d53eff2e1ce90f4e9f,ignite,False,2015-01-28 22:14:35,ignite,,16,17,5,5,1,1.77731722456678,0.4,2.2,5.4,61,61.0,26.0,done,694.0,,False,1547.6326454813673,5.318972168433604,19.666666666666668,0.0246352354574995,0.3333333333333333,0.0,0.7746031746031745,1.0,0.3637992831541218,17.0,0.0
ebcf9c04aad5b5cb32d13ef97d885f22be8c2d9d,ignite,False,2015-01-28 22:34:39,ignite,,21,25,5,3,2,1.8005536741835002,0.4,3.0,1.4,64,64.0,1.13533102453098,done,1103.0,,False,863.057343813942,5.0388363884399325,27.5,0.0376598181329671,0.25,0.0,0.8166666666666668,1.75,0.280672268907563,17.5,0.0
4b2c5664dba57460e54f6311a2d4906161938257,ignite,False,2015-01-28 22:37:17,ignite,,10,10,4,2,1,1.97095059445467,0.25,1.25,0.75,65,65.0,29.0,done,1438.0,,False,608.4894024433491,4.759414696144587,21.833333333333332,0.0411741524131449,0.1666666666666666,1.0,0.8906648906648907,1.1666666666666667,0.405050505050505,19.166666666666668,0.0
a8fb6676f67ecd3e99efd03339396fd145496abf,ignite,False,2015-01-28 22:38:46,ignite,,4,4,1,1,1,0.0,2.0,0.0,3.0,66,66.0,30.0,done,506.0,,False,1429.731217470967,4.737634660072531,33.666666666666664,0.029807794127987,0.3333333333333333,0.3333333333333333,0.8650793650793651,1.3333333333333333,0.2444444444444444,17.0,0.0
bc3f2efc2b5a2108cbf14b109042b25b8f33ef1c,ignite,False,2015-01-28 22:41:09,ignite,,8,8,2,1,1,0.811278124459133,0.5,0.0,0.5,67,67.0,31.0,done,878.0,,False,887.7975462816748,5.269989762620252,40.333333333333336,0.0467305525188176,0.3333333333333333,2.0,0.8424242424242424,2.3333333333333335,0.255050505050505,16.0,0.0
4e69eb05e3cea4d13e3b5bdcfe772dd56924db58,ignite,False,2015-01-28 22:57:49,ignite,,4,4,3,3,1,1.5,0.666666666666667,0.0,2.0,68,68.0,32.0,done,506.0,,False,333.24666467416773,4.723501147310339,10.0,0.0343175595602398,0.0,0.0,0.85,1.5,0.5142857142857142,20.5,0.0
4618caa5710e9cceccf3f1d833bf38b630e3c851,ignite,False,2015-01-28 23:00:10,ignite,,8,8,2,2,2,0.954434002924965,2.5,0.0,4.5,69,69.0,1.1341103213764,done,268.0,,False,1018.6150878829338,5.2120602165645336,44.0,0.0431959044426178,0.0,0.0,1.0,2.0,0.25,18.0,0.0
999614076c45dbe69d7d2ccb2eff30bcab345365,ignite,True,2015-01-28 23:08:42,ignite,153.0,2,1,1,1,1,0.0,2.0,1.0,4.0,90,90.0,61.0,done,2042.0,2015-07-01 08:50:08,False,2525.5360380768952,5.377395197159662,92.0,0.0364279101992362,1.0,3.0,0.8181818181818182,4.0,0.375,22.0,0.0
79ba5af86bdcda62b36a2d1287fcd13a1811c455,ignite,False,2015-01-29 00:03:04,ignite,,1,1,1,1,1,0.0,7.0,0.0,20.0,91,91.0,62.0,done,9100.0,,False,31.69925001442312,4.103465189601646,1.0,0.0315464876785728,0.0,0.0,0.5,1.0,0.0,12.0,0.0
ac5b2c4caec3e86f1100cfea9810ffa41a6afc04,ignite,False,2015-01-29 00:09:26,ignite,,1,1,1,1,1,0.0,1.0,1.0,6.0,708,708.0,293.0,done,288.0,,False,250.94737505048093,4.722401424767586,9.0,0.0358640930122881,1.0,0.0,0.0,2.0,0.0,15.0,0.0
38164d05670f920123078865bd6f0fec72020422,ignite,False,2015-01-29 01:00:11,ignite,,15,15,1,1,1,0.0,6.0,0.0,31.0,775,775.0,391.0,done,3322.0,,False,5831.0720761537905,5.701843038614143,158.0,0.0270962179744171,1.0,0.0,0.8148148148148148,1.0,0.6666666666666666,27.0,0.004
ddbd18e4a3872cd31c036693650990e506334c99,ignite,False,2015-01-29 01:12:59,ignite,,31,13,2,2,2,0.92568598698213,1.5,2.5,3.5,776,776.0,0.877227347967014,done,1427.0,,False,1051.090890092254,5.280774798374456,32.333333333333336,0.0364634057274833,1.0,0.0,0.8166666666666668,2.0,0.4807692307692308,26.0,0.0
61ac2c4e2bf3a1696da70020f75e357156cf9ae8,ignite,False,2015-01-29 02:22:39,ignite,,10,5,3,2,1,0.90558726169826,0.333333333333333,0.0,11.0,710,710.0,295.0,done,1802.0,,False,2083.199171382172,5.25081241708208,29.0,0.0265670704777696,0.0,0.0,0.6373737373737374,1.3333333333333333,0.1592592592592592,21.666666666666668,0.0
d01fa229ea9552e9e5b7272dea89266a63fac3ed,ignite,False,2015-01-29 03:30:00,ignite,,83,16,4,2,1,1.87327902258498,1.75,0.0,5.75,18,18.0,13.0,done,9171.0,,False,222.3097848908091,4.738514778766793,7.0,0.0328699021998814,0.5,0.0,0.9285714285714286,0.5,0.4583333333333333,16.5,0.0
673d11b591789d37f5f5240ad267e875f76d3821,ignite,False,2015-01-29 10:45:30,ignite,,9,9,1,1,1,0.0,3.0,0.0,3.0,895,895.0,512.0,done,1118.0,,False,391.3815085205631,4.401128878713891,16.0,0.0408808276621974,0.0,0.0,0.625,0.0,0.8333333333333334,22.0,0.0
ee0ec687fa5063c74eb43beeb41b3137e67f4375,ignite,False,2015-01-29 11:51:35,ignite,,8,0,1,1,1,0.0,1.0,2.0,4.0,712,712.0,297.0,done,356.0,,False,1233.4520883026382,5.534777030630035,39.0,0.0316185771379804,1.0,0.0,0.782608695652174,4.0,0.3181818181818182,17.0,0.0
8112a5062adcd0931caafd166c0e2bf6e2b2674e,ignite,False,2015-01-29 12:27:23,ignite,,0,8,1,1,1,0.0,1.0,0.0,2.0,715,715.0,299.0,done,60.0,,False,274.78587335407707,4.830534296674573,8.0,0.0291135781557865,0.0,0.0,0.5,1.0,0.5,19.0,0.0
e4cd6321c34e2b1490d360fc6e7d236d4be6c1b0,ignite,False,2015-01-29 13:27:05,ignite,,6,5,1,1,1,0.0,1.0,5.0,6.0,1337,1337.0,987.0,done,286.0,,False,949.9411016428896,4.7472722645134855,23.0,0.0242120274196182,0.0,0.0,0.3846153846153846,0.0,0.4285714285714285,33.0,0.0
e178459544efdc5d8fac9941c4e9df2e6341e09d,ignite,False,2015-01-29 15:39:50,ignite,,12,0,1,1,1,0.0,1.0,0.0,22.0,723,723.0,306.0,done,1277.0,,False,1580.9156527435348,5.501093149283711,20.0,0.0126508963114457,0.0,0.0,0.5769230769230769,0.0,0.25,21.0,0.0
27fab4b8457acca0b8549f8e4da64bada331b81b,ignite,False,2015-01-29 17:15:53,ignite,,19,13,1,1,1,0.0,1.0,0.0,23.0,726,726.0,307.0,done,1289.0,,False,2388.5661158360836,5.334016499861279,36.0,0.0188825562306358,0.0,0.8,0.6902143327994069,0.2,0.5151054692434004,20.2,0.0
b6dde63e69c0b74271d4648ab97974dc0bd2c758,ignite,False,2015-01-29 17:46:31,ignite,,1,1,1,1,1,0.0,1.0,0.0,24.0,727,727.0,308.0,done,1295.0,,False,1594.1450724317651,5.472674481920465,20.0,0.0125459096200644,0.0,0.0,0.5769230769230769,0.0,0.25,21.0,0.0
e561bd4450a211a5e9842cb8bc9e3dfcb0e924cc,ignite,False,2015-01-29 19:01:58,ignite,,12,12,10,10,3,3.0220552088742,1.2,1.7,7.5,76,76.0,1.03751584251235,done,2518.0,,False,672.7459507365415,5.1119205424443885,10.5,0.0145125190394679,0.0,0.0,0.5800000000000001,1.0,0.25,18.5,0.0
23fd3d738842db83190de3e6898bdeeced81cdd6,ignite,False,2015-01-29 20:22:12,ignite,,18,18,12,8,2,2.96706475397547,0.5,0.4166666666666671,3.4166666666666696,78,78.0,1.1341103213764,done,2573.0,,False,463.2006427469857,4.765783436888458,18.333333333333332,0.0422910965724502,0.1666666666666666,0.0,0.7531119465329992,1.1666666666666667,0.4631794131794131,19.166666666666668,0.0
25fb8e5ca42d8137c37ce513868bd246a5cc146a,ignite,False,2015-01-29 23:22:35,ignite,,4,23,1,1,1,0.0,3.0,0.0,8.0,145,145.0,116.0,done,114.0,,False,26.325742227201616,3.710427059435341,0.5,0.0254433705077158,0.0,0.0,0.0,0.5,0.0,8.5,0.0
72365618e7040ed3fded571e2a6c8c456608afd9,ignite,False,2015-01-30 07:08:22,ignite,,5,5,3,2,1,1.37095059445467,0.333333333333333,0.333333333333333,1.0,642,642.0,487.0,done,718.0,,False,767.3368347534204,4.906927183552527,24.2,0.0276579353052193,0.8,0.0,0.503530303030303,0.4,0.1471428571428571,21.4,0.0
746ce78ac39f63374dfe76129bd226b1fa3b2c75,ignite,False,2015-01-30 19:21:26,ignite,,1,1,1,1,1,0.0,1.0,1.0,1.0,29,29.0,20.0,done,78.0,,False,194.9503875887022,4.669081585974782,6.0,0.0307770611498271,0.0,0.0,0.5,0.0,0.6,9.0,0.0
ff01e66e78cdf836066ec9aaf7eedf2f450c3929,ignite,False,2015-01-30 19:42:17,ignite,,3,3,1,1,1,0.0,1.0,2.0,2.0,740,740.0,316.0,done,325.0,,False,506.18115848033347,4.720461847335316,10.5,0.0204497975456356,0.0,0.0,0.575,1.0,0.1666666666666666,28.0,0.0
57f55f6dfba2a6661f46ca5184131e6689c20dd1,ignite,False,2015-01-30 21:39:25,ignite,,2,2,1,1,1,0.0,2.0,1.0,5.0,100,100.0,67.0,done,708.0,,False,2972.7343183692674,5.686529980947085,86.0,0.0289295950427135,1.0,0.0,0.6326530612244898,3.0,0.3076923076923077,28.0,0.0
0331e7bf307ba87b36d4303ae6dc3df49ce79a21,ignite,False,2015-01-30 22:11:47,ignite,,2,2,1,1,1,0.0,1.0,7.0,3.0,101,101.0,68.0,done,441.0,,False,1161.1940281781483,5.472015176087886,23.0,0.0198071979719752,1.0,0.0,0.55,0.0,0.4375,27.0,0.0
4fde8d3ddbc0585b8e8ea349b15fbf2f8150dc12,ignite,False,2015-01-31 10:18:15,ignite,,18,15,3,3,1,1.34567119781391,2.6666666666666696,0.0,17.0,649,649.0,492.0,done,10502.0,,False,4565.8569178336975,5.529028783879352,120.33333333333331,0.0276797640369331,1.6666666666666667,1.3333333333333333,0.7415408439798684,0.6666666666666666,0.4133730552797087,25.666666666666668,0.0
bda40e27524ab9deb6b306db947c891524ac2076,ignite,False,2015-01-31 19:55:49,ignite,,3,0,1,1,1,0.0,1.0,0.0,1.0,41,41.0,28.0,done,58.0,,False,255.09277977785948,3.9253593037165952,11.0,0.0431215654538676,0.0,0.0,1.0,0.0,0.0,13.0,0.0
60f1967831832f8e180bd55acc01f518fe54ed16,ignite,False,2015-01-31 23:16:29,ignite,,1,1,1,1,1,0.0,1.0,2.0,2.0,1354,1354.0,996.0,done,67.0,,False,118.9419703764204,4.741500356874086,0.0,0.0,0.0,0.0,0.5,0.0,0.0,22.0,0.0
ece021f6c3b6a92a12c574688cd4b44ccff847fb,ignite,False,2015-02-01 21:40:42,ignite,,18,16,1,1,1,0.0,2.0,0.0,7.0,147,147.0,118.0,done,186.0,,False,698.0667509942793,4.591033410824652,17.5,0.0250231902865694,0.0,0.0,0.6312217194570136,0.0,0.4285714285714285,17.5,0.0
8176780aefbeeff5265bf68a99ebb0c112498fd1,ignite,False,2015-02-02 12:05:48,ignite,,26,30,2,2,2,0.222284830685688,7.0,2.0,47.5,745,745.0,0.9598465245592508,done,325.0,,False,437.59408271283183,4.862494923269884,8.0,0.0182817828577676,0.0,0.0,0.4,1.0,0.0,25.0,0.0
28ad3dfeb049fcd41dcd05325ea8f6b5a43296f4,ignite,False,2015-02-02 13:35:42,ignite,,1,1,1,1,1,0.0,1.0,0.0,1.0,747,747.0,320.0,done,30.0,,False,43.01955000865387,4.429229296672174,1.0,0.0232452454709274,0.0,0.0,1.0,0.0,1.0,20.0,0.0
6706dbd8b338d72f5cc223c33432116787c3235b,ignite,False,2015-02-02 18:27:57,ignite,,17,15,1,1,1,0.0,1.0,0.0,3.0,756,756.0,327.0,done,144.0,,False,902.129073249646,5.149719871334703,27.0,0.0299291983826002,1.0,0.0,0.7857142857142857,2.0,0.25,22.0,0.0
367ab94bbc34255c81de43b622b86c14de4b9ea9,ignite,True,2015-02-02 19:43:02,ignite,458.0,230,157,14,7,1,2.31867201669211,0.5,4.357142857142859,3.64285714285714,1357,1357.0,999.0,done,12462.0,2016-05-06 13:12:36,False,788.5025142269824,5.005839212714224,23.03030303030303,0.0423627712787853,0.3636363636363636,0.5757575757575758,0.8299477478547209,2.878787878787879,0.2686413334140606,21.09090909090909,0.0
510349615010a14f4a7d648ba9d4c5fbe117b55d,ignite,False,2015-02-02 20:33:17,ignite,,11,11,3,3,1,1.32217934551667,1.0,4.66666666666667,2.6666666666666696,1358,1358.0,1000.0,done,764.0,,False,314.2009260305266,4.43018252379832,15.0,0.048469752050763,0.0,0.0,1.0,2.0,0.4090909090909091,14.5,0.0
a234cdda168bdc9f8d4ededf360131da8ab6b3ec,ignite,True,2015-02-02 21:13:36,ignite,3.0,377,375,71,23,1,5.78116409546703,0.253521126760563,2.08450704225352,4.84507042253521,107,107.0,6.0,done,7343.0,2015-02-06 11:24:06,False,474.66378685415305,4.894450026991372,12.830985915492958,0.0290849524252377,0.4507042253521127,0.0,0.7058577181816618,0.943661971830986,0.43041887689775,20.295774647887324,0.0003806623524933
7a8cde7a971344364a45c1f3d4407790719eca39,ignite,False,2015-02-02 21:27:23,ignite,,2,2,1,1,1,0.0,2.0,0.0,2.0,1360,1360.0,1002.0,done,1253.0,,False,612.6753243819337,5.043355676978525,28.0,0.0457059942287372,0.0,0.0,0.6214285714285714,2.0,0.5714285714285714,26.0,0.0
605088c60865dd9bed40525ce547a0dbb183c0b7,ignite,False,2015-02-02 22:29:24,ignite,,34,12,2,1,1,0.7553754125614291,0.5,0.0,3.5,759,759.0,330.0,done,306.0,,False,1229.203382506218,5.328685915899747,44.5,0.0362020952423249,2.0,1.0,0.8655172413793104,2.0,0.4465195246179966,21.5,0.0
42dc66f259a1cb8ef9237cc8f8182876e0517a81,ignite,False,2015-02-02 22:51:22,ignite,,59,43,1,1,1,0.0,4.0,2.0,4.0,45,45.0,31.0,done,2396.0,,False,1060.7849430900646,5.424795405793734,33.5,0.0308115734285987,0.5,0.0,0.8438735177865613,3.0,0.212406015037594,19.5,0.0
e24622ef9e8eb195c6eb192cb21f9b2829b5f453,ignite,False,2015-02-02 23:35:16,ignite,,8,6,3,2,1,0.7345299214394699,0.333333333333333,0.0,9.0,761,761.0,332.0,done,1516.0,,False,223.47971260168305,4.934142441708373,11.0,0.0492214701367803,1.0,0.0,1.0,3.0,0.1428571428571428,16.0,0.0
48a7281e77abb11995642524fd9bde378d005542,ignite,False,2015-02-02 23:57:23,ignite,,39,39,12,7,2,2.73500451994964,0.666666666666667,0.0,5.83333333333333,113,113.0,0.9921108325858472,done,5736.0,,False,1507.1604433367445,4.778423145183198,32.72222222222222,0.0370006456757326,0.3333333333333333,0.6111111111111112,0.5393968356376874,0.7777777777777778,0.5817019400352734,18.38888888888889,0.0002222222222222
7c7ec7dc5b0d20cf19b2c9a0b1d647896c96909f,ignite,False,2015-02-03 01:35:03,ignite,,32,24,2,2,1,0.8631205685666309,3.5,1.0,6.5,49,49.0,33.0,done,2575.0,,False,1011.4602720513508,5.45106007533726,33.333333333333336,0.0327412520941258,0.3333333333333333,0.0,0.8573232323232324,2.3333333333333335,0.2473604826546003,18.666666666666668,0.0
72b557a8cbd4826f67a5b7d8b1fd811936f92b5c,ignite,False,2015-02-03 01:47:09,ignite,,9,7,2,2,1,0.696212260125146,3.5,0.0,7.5,50,50.0,34.0,done,2583.0,,False,1011.4602720513508,5.448449742592037,33.333333333333336,0.0327412520941258,0.3333333333333333,0.0,0.8573232323232324,2.3333333333333335,0.2473604826546003,18.666666666666668,0.0
e7562eb3adfae95e30980de650f8db4a73940d74,ignite,False,2015-02-03 01:54:47,ignite,,3,3,1,1,1,0.0,5.0,0.0,7.0,51,51.0,35.0,done,2414.0,,False,919.236194450421,5.162636758054598,27.0,0.029372211585013,0.0,0.0,0.8333333333333334,2.0,0.1538461538461538,18.0,0.0
d6a8823224120e269b9210764c26a3daeceebb48,ignite,False,2015-02-03 04:44:00,ignite,,17,4,1,1,1,0.0,4.0,0.0,13.0,787,787.0,400.0,done,2037.0,,False,245.0,5.1250031040127935,13.0,0.0530612244897959,0.0,0.0,1.0,5.0,0.1,19.0,0.0
844bb3aacb009e7f486caab9e12f6b94eaa5e191,ignite,False,2015-02-03 05:01:08,ignite,,5,5,1,1,1,0.0,5.0,0.0,8.0,789,789.0,401.0,done,2414.0,,False,919.236194450421,5.162636758054597,27.0,0.029372211585013,0.0,0.0,0.8333333333333334,2.0,0.1538461538461538,18.0,0.0
0ab8a275aec136c952a8dffaf4bdd3dc48b58d55,ignite,False,2015-02-03 06:22:54,ignite,,47,67,17,10,4,3.39105317664022,1.0,6.52941176470588,12.0588235294118,790,790.0,0.25421245419814,done,560.0,,False,806.9972869458129,5.3369726347391016,33.0,0.040892330784522,1.0,0.0,0.8,1.0,0.3333333333333333,15.0,0.0
f8f78d6a7ca5f1352c5401527d22de77de33465f,ignite,False,2015-02-03 09:55:33,ignite,,15,4,3,2,1,1.1674367232867,2.6666666666666696,0.333333333333333,9.0,904,904.0,517.0,done,6419.0,,False,168.9940451838354,4.429558966138627,6.0,0.049998659790811,0.0,0.0,0.875,0.5,0.375,14.5,0.0
32cff0bc4d9b796d0fc2eaf293927aaf6a811198,ignite,False,2015-02-03 15:21:47,ignite,,2,2,2,1,1,1.0,1.5,1.0,5.5,1370,1370.0,1009.0,done,1308.0,,False,581.4235975520783,5.243518711560183,12.5,0.0214952719828819,1.0,0.0,0.2857142857142857,2.0,0.4285714285714285,31.0,0.0
fb409b3c902d5f701b1f92808f1bb16b9de6ed18,ignite,False,2015-02-03 20:04:44,ignite,,2,5,1,1,1,0.0,1.0,0.0,9.0,771,771.0,339.0,done,444.0,,False,101.2230576747666,4.396492826674049,5.5,0.054336479970398,1.0,0.0,1.0,0.5,0.2916666666666666,16.5,0.0
c34d24e64244c3e2b5734ef35bee3a6f65a04d10,ignite,False,2015-02-03 21:31:29,ignite,,2,1,2,2,1,0.91829583405449,2.5,0.0,10.0,159,159.0,127.0,done,484.0,,False,257.6182081401175,4.901960218533893,3.0,0.0116451396105057,0.0,0.0,0.6,2.0,0.25,21.0,0.0
f6fa0274124b63879e624edcb1b69c9b7a75c081,ignite,False,2015-02-03 22:46:25,ignite,,1,1,1,1,1,0.0,10.0,0.0,45.0,161,161.0,128.0,done,5887.0,,False,532.7097503439785,5.0257140327587715,13.0,0.0244035330526721,1.0,0.0,0.6153846153846154,0.0,0.375,31.0,0.0
4ebc46f59eccdf08656c098bb28ce7aa6433a844,ignite,False,2015-02-03 22:51:19,ignite,,15,13,3,2,1,1.13581599797376,3.3333333333333304,0.0,20.3333333333333,162,162.0,129.0,done,6704.0,,False,748.4356382070903,4.807299245229243,15.5,0.0257648080055403,1.25,0.25,0.436996336996337,0.0,0.3968253968253968,23.5,0.0
3104e4fc5517b0e5c8ac285f9a948136b6f76b74,ignite,False,2015-02-03 22:54:39,ignite,,3,3,1,1,1,0.0,1.0,0.0,18.0,773,773.0,340.0,done,1413.0,,False,72.33974351909448,4.191611641751377,2.0,0.0276473194775993,0.0,0.0,0.0,0.0,1.0,10.0,0.0
30f562ac2fea5c1710a1ab89feb740c40502889d,ignite,False,2015-02-03 23:41:07,ignite,,10,5,2,2,1,0.836640741941167,1.5,0.0,4.0,121,121.0,17.0,done,122.0,,False,942.9254826199189,5.498428313150128,22.0,0.0233316422193543,0.0,0.0,0.9411764705882352,0.0,0.25,20.0,0.0
aa74616e0268e3d6e7a68a9e26faca8d35e87e5f,ignite,True,2015-02-04 03:11:01,ignite,139.0,25,25,24,19,1,4.56385618977472,0.4583333333333329,1.7083333333333302,9.91666666666667,70,70.0,48.0,done,487.0,2015-06-23 03:14:38,False,660.1835540671054,5.173964967097214,23.0,0.0356808398727987,1.0,0.5,0.8947368421052632,2.0,0.3809523809523809,22.0,0.0
dea25967c2f7899a191e52bf528b861a03e83e20,ignite,False,2015-02-04 07:21:14,ignite,,10,10,10,4,3,3.3219280948873595,0.7,0.5,4.9,125,125.0,0.4995425202805539,done,2940.0,,False,255.94385291954427,4.432490529713025,10.5,0.0398945123073326,0.0,0.0,0.625,1.25,0.3583333333333333,27.0,0.0
1a11aedce64884072c56ead8270d0ea412b63ecd,ignite,False,2015-02-04 16:11:56,ignite,,1,1,1,1,1,0.0,10.0,0.0,47.0,166,166.0,132.0,done,5887.0,,False,474.5239332045309,4.885231395517169,11.0,0.0231811279269211,1.0,0.0,0.5384615384615384,0.0,0.4285714285714285,23.0,0.0
91e34767a5ce64928e719aa66967b8c3c7fd1384,ignite,False,2015-02-04 16:12:01,ignite,,5,2,1,1,1,0.0,1.0,0.0,21.0,778,778.0,343.0,done,1469.0,,False,995.8567691716872,5.332991832390996,42.0,0.0421747396816249,0.0,0.0,0.5882352941176471,1.0,0.2307692307692307,23.0,0.0
666ad8b0dfc856d89366d8b4cc4f3b786924a52f,ignite,False,2015-02-04 16:32:16,ignite,,11,11,1,1,1,0.0,1.0,0.0,22.0,779,779.0,344.0,done,1472.0,,False,1168.9343390173906,5.325219317522877,47.5,0.0408619880676871,1.0,0.5,0.7226890756302521,2.5,0.2582417582417582,21.5,0.0
bd4db8736b57a16fa37b1859c957a7399c91464a,ignite,False,2015-02-04 18:54:02,ignite,,3,3,3,3,1,1.58496250072116,2.3333333333333304,0.333333333333333,9.33333333333333,1388,1388.0,1018.0,done,4586.0,,False,1597.2727502781547,4.847707497763671,13.666666666666666,0.0109611803044657,0.3333333333333333,0.3333333333333333,0.7590967590967591,0.3333333333333333,0.4555555555555555,28.666666666666668,0.0
e601a6d7ad64e5c5ba55164384a7f7edb1fd246b,ignite,False,2015-02-04 19:01:12,ignite,,1,1,1,1,1,0.0,8.0,0.0,27.0,168,168.0,133.0,done,5435.0,,False,780.6586752177891,4.373765756261573,13.0,0.0166526042849306,1.0,0.0,0.2857142857142857,0.0,0.5,24.0,0.0
e494237ef4f10215b3752d32e887d583fc0aa9bd,ignite,False,2015-02-04 19:30:09,ignite,,16,3,3,2,1,1.18973191682073,1.33333333333333,2.3333333333333304,4.33333333333333,1389,1389.0,1019.0,done,1566.0,,False,1120.841907900479,4.8111692119008,27.0,0.0233504646607035,1.0,2.0,0.6988562091503269,0.3333333333333333,0.4070048309178743,18.333333333333332,0.0
5c65bf752e93f5dfd4575c79269e4b9b75a7befb,ignite,False,2015-02-04 19:32:55,ignite,,2,2,1,1,1,0.0,1.0,0.0,7.0,1390,1390.0,1020.0,done,711.0,,False,657.3038727707846,4.943742064371852,18.0,0.0273845944709304,1.0,3.0,0.6666666666666666,1.0,0.4285714285714285,15.0,0.0
81625f5135abbf27a290bdc084fbd5d78a6b6e01,ignite,False,2015-02-04 20:32:28,ignite,,82,77,1,1,1,0.0,4.0,0.0,11.0,1391,1391.0,1021.0,done,1306.0,,False,2653.489018398361,4.801043466308431,33.0,0.0124364562171501,1.0,0.0,0.6086956521739131,0.0,0.2,28.0,0.0
3bcf4703cec716b489efa0af8e80aa7f826857cc,ignite,False,2015-02-04 21:11:29,ignite,,16,8,1,1,1,0.0,1.0,0.0,8.0,1392,1392.0,1022.0,done,711.0,,False,765.1398625987983,4.910100165049461,22.0,0.0287529131279044,1.0,3.0,0.6923076923076923,1.0,0.4285714285714285,15.0,0.0
8a76806faaafd382e409e9d629818767df6dcd57,ignite,False,2015-02-04 21:28:03,ignite,,8,11,3,3,2,1.08698770233991,0.333333333333333,0.333333333333333,0.333333333333333,1394,1394.0,0.707042256794596,done,361.0,,False,46.541209043760986,3.8516372272649,2.75,0.0778107184629552,0.0,0.0,0.921875,0.125,0.9375,8.625,0.0
6ec46227ad71ec0d351f15911252c09486ea398e,ignite,False,2015-02-04 23:22:36,ignite,,4,4,4,2,1,2.0,1.25,0.5,10.0,171,171.0,13.0,done,398.0,,False,671.4295290103421,5.05261171179356,18.0,0.0281189830226135,0.5,0.0,0.810515873015873,1.0,0.5980769230769232,22.5,0.0
857c5259afd8583cef31ee03a07f8d1d637b9661,ignite,False,2015-02-05 11:03:13,ignite,,19,21,4,3,1,1.81433403179241,1.0,3.5,6.5,13,13.0,2.0,done,1781.0,,False,399.2979496999364,4.5442731659403535,15.75,0.0874498631779198,0.0,0.0,0.9558823529411764,0.75,0.5416666666666666,20.0,0.0
d126ec4ed2004f6629d0a0dc5ff37a5cff2597b9,ignite,False,2015-02-05 13:32:24,ignite,,42,9,2,1,1,0.322756958897398,5.0,0.0,26.5,1401,1401.0,1027.0,done,6147.0,,False,1441.7291713255945,4.652931845432467,47.0,0.0227010678738304,1.0,2.3333333333333335,0.4038095238095238,0.6666666666666666,0.1592592592592592,24.333333333333332,0.0
7b9e7d16fd5ec3b89d10e251bd359309e14c17eb,ignite,True,2015-02-05 15:18:05,ignite,529.0,15,8,1,1,1,0.0,2.0,0.0,25.0,785,785.0,348.0,done,1553.0,2016-07-19 04:28:32,False,900.48092290131,4.714956401243586,41.0,0.045531225545456,0.0,0.0,1.0,3.0,0.1666666666666666,20.0,0.0
c102312ddae32275feea71222cf66c24a4c713b0,ignite,False,2015-02-05 17:31:34,ignite,,45,0,2,1,1,0.623570208212797,1.5,0.0,4.0,1408,1408.0,1029.0,done,295.0,,False,3512.276901598082,4.950463468958542,193.0,0.0549501094040123,1.0,0.0,0.5526315789473685,1.0,0.391304347826087,28.0,0.0
4299661358bbe1a221a1ee22ec04a96f1cc77882,ignite,False,2015-02-05 17:59:10,ignite,,12,29,8,6,1,2.3273406417314,0.875,0.0,4.75,1411,1411.0,1031.0,done,4466.0,,False,361.3738610099549,3.9578888100036056,8.142857142857142,0.0277688941028683,0.0,0.0,0.0989010989010989,0.2857142857142857,0.3714285714285714,12.571428571428571,0.0
f0b071e0877439e62a850f8262343bf7db36cd7c,ignite,False,2015-02-05 18:40:00,ignite,,13,13,6,4,1,1.46048468131311,0.666666666666667,0.666666666666667,3.0,1,1.0,0.0,done,902.0,,False,735.1870116065539,4.900804767361414,22.428571428571427,0.0259470070598236,0.0,0.0,0.5737804906037989,0.8571428571428571,0.2483855743254239,21.142857142857142,0.0
b4b954ca75d9349dbbf347402850cf9cc21c75ff,ignite,False,2015-02-05 19:01:09,ignite,,7,7,5,5,1,2.12808527889139,1.2,0.8,6.8,5,5.0,3.0,done,1399.0,,False,2199.592873925312,5.216274390207667,52.5,0.0303111999274859,0.5,0.5,0.8809523809523809,3.0,0.1722222222222222,15.5,0.0
cbf4bfccfccb54a5433d7ef1a35bee34c9431798,ignite,False,2015-02-05 19:02:22,ignite,,1,1,1,1,1,0.0,9.0,0.0,30.0,173,173.0,136.0,done,5435.0,,False,829.808148361373,4.4493439254454525,13.0,0.0156662718071293,1.0,0.0,0.2666666666666666,0.0,0.5,24.0,0.0
5dce207830e9df7519be3525d9f67f91792b84f5,ignite,False,2015-02-05 19:27:40,ignite,,7,7,2,2,1,0.8631205685666309,1.5,1.0,7.5,790,790.0,352.0,done,1154.0,,False,325.0,5.12313649310126,10.0,0.0307692307692307,0.0,0.0,0.625,4.0,0.1111111111111111,34.0,0.0
202f90fa73c15b1402cff300fbc159a0d88ae6ef,ignite,False,2015-02-05 19:53:53,ignite,,4,4,3,2,1,1.5,1.0,0.333333333333333,3.6666666666666696,444,444.0,300.0,done,325.0,,False,268.3354620518416,4.357168381362581,7.333333333333333,0.0256925048418363,0.0,0.0,0.7962962962962963,0.6666666666666666,0.0666666666666666,16.666666666666668,0.0
b4d97f5487313b2bafb5a887b8fc8c37ed634ce7,ignite,True,2015-02-05 20:20:21,ignite,461.0,132,132,55,35,1,5.237965491502849,0.236363636363636,1.96363636363636,5.6909090909090905,13,13.0,8.0,done,33434.0,2016-05-12 03:45:41,False,1651.7809241164157,4.977193739639605,41.872727272727275,0.0279767591526419,0.3454545454545454,0.3818181818181818,0.7208502270515382,0.9090909090909092,0.4834082237910125,19.454545454545453,7.272727272727273e-05
f9fe11e36e8a171b5d630322c4fb60e0445464cc,ignite,False,2015-02-05 21:39:10,ignite,,35,10,1,1,1,0.0,10.0,0.0,55.0,174,174.0,137.0,done,5881.0,,False,893.555590911859,5.073864811458514,35.0,0.0391693593056511,2.0,0.0,0.75,0.0,0.3076923076923077,23.0,0.0
a72e031b43a41994b317eb6b4b73bb1c2a9d0058,ignite,True,2015-02-05 22:15:14,ignite,1314.0,13,13,11,6,1,3.3927474104487803,0.9090909090909092,1.54545454545455,4.72727272727273,156,156.0,88.0,done,7927.0,2018-09-12 14:41:33,False,594.3922826354496,4.159654441166726,18.09090909090909,0.0350973170862291,0.0,0.0,0.8970494417862839,0.0909090909090909,0.1878787878787879,16.0,0.0
ec1a01f6fc8f256cc2f32d9af0fca6da06bc3fc1,ignite,False,2015-02-05 22:37:24,ignite,,6,6,2,2,1,0.413816850303634,5.0,0.0,31.5,177,177.0,139.0,done,262.0,,False,553.0919733154535,4.97119130196939,17.5,0.0305476117682199,1.5,0.0,0.6581196581196581,0.0,0.3809523809523809,23.0,0.0
08213dfbd7cd605f7a319ab88c30179fc909108e,ignite,False,2015-02-05 22:46:16,ignite,,39,39,15,11,1,3.02220574433685,0.866666666666667,0.733333333333333,5.4,157,157.0,89.0,done,1111.0,,False,2090.097963014975,5.102391684102624,46.5,0.0235330774208813,0.25,0.25,0.7095238095238094,0.25,0.2534090909090909,21.0,0.0
e5b41cc82b0b058ef2254a2471d814b16e4196ec,ignite,False,2015-02-05 23:04:17,ignite,,4,15,1,1,1,0.0,3.0,0.0,7.0,180,180.0,140.0,done,263.0,,False,513.1865721519059,5.060048501245673,19.0,0.0370235719931812,2.0,0.0,0.75,0.0,0.2727272727272727,23.0,0.0
c0571b899651f53edb54866d6f0944e0fedcaecc,ignite,False,2015-02-05 23:06:33,ignite,,2,6,1,1,1,0.0,3.0,0.0,8.0,181,181.0,141.0,done,252.0,,False,415.11039140121426,4.96562581687645,16.0,0.0385439640428938,2.0,0.0,0.8333333333333334,0.0,0.3333333333333333,28.0,0.0
052b4362663fc189a07e602f7aaec3e0a9809f0e,ignite,False,2015-02-05 23:51:55,ignite,,21,12,1,1,1,0.0,3.0,0.0,9.0,182,182.0,142.0,done,248.0,,False,561.0134740194414,4.995048637327935,16.0,0.0285198141238324,2.0,0.0,0.625,0.0,0.375,28.0,0.0
4de0be91b74cf6dd777ba64fea56b182f32cada6,ignite,False,2015-02-06 00:58:39,ignite,,17,17,13,5,1,3.49922754713269,0.538461538461538,0.384615384615385,5.0,25,25.0,15.0,done,827.0,,False,415.43662617167104,4.7988380599677045,14.0,0.0335380072108159,0.5,0.0,0.6590909090909092,0.5,0.1704545454545454,19.5,0.0
ce0c3047557768221ea0623878e9f62513e561d0,ignite,False,2015-02-06 02:45:28,ignite,,2,0,1,1,1,0.0,2.0,0.0,8.0,1424,1424.0,1036.0,done,697.0,,False,483.3089699187822,4.946232960309279,15.0,0.0310360471946562,1.0,6.0,0.6666666666666666,2.0,0.3333333333333333,15.0,0.0
bcec7d9feadbd0d1b6769148508db986d58671df,ignite,False,2015-02-06 03:32:40,ignite,,2,2,2,2,1,1.0,4.0,0.0,10.5,162,162.0,92.0,done,723.0,,False,494.35840779930976,5.109801269451162,17.0,0.0343880062153233,1.0,0.0,0.8181818181818182,1.0,0.0909090909090909,23.0,0.0
5de977c64218fa076e7a4384391aced3dd9cf689,ignite,False,2015-02-06 07:10:03,ignite,,155,79,41,16,1,5.0625294241795,0.146341463414634,2.04878048780488,4.585365853658541,915,915.0,524.0,done,21375.0,,False,2131.653207418713,4.959386277707905,58.5,0.0291835961327192,1.9047619047619049,0.0,0.9937888198757764,1.119047619047619,0.2730252321555948,19.47619047619047,0.0
5353dcb79d11e5b618661bd082a41e7c53276668,ignite,False,2015-02-06 09:26:54,ignite,,7,7,5,4,1,2.23592635062903,2.0,0.2,26.2,659,659.0,500.0,done,11052.0,,False,1317.559814613978,5.340337212949082,32.857142857142854,0.0386015878244898,0.5714285714285714,1.1428571428571428,0.6703273334852282,8.285714285714286,0.2041176085818943,23.142857142857142,0.0005370569280343
888e8ed2a380ed8d5dbc71d7b28c0bba866c5be3,ignite,False,2015-02-06 10:10:37,ignite,,6,1,1,1,1,0.0,3.0,2.0,5.0,917,917.0,526.0,done,562.0,,False,70.30835464468075,4.291127939003701,0.0,0.0,0.0,0.0,1.0,0.0,0.0,11.0,0.0
3294c60f8dcc136245675a3ecfbbb845af3d5245,ignite,False,2015-02-06 16:05:34,ignite,,6,1,1,1,1,0.0,2.0,0.0,3.0,443,443.0,207.0,done,116.0,,False,585.4975673420433,4.885743345528972,22.0,0.0375748785769894,1.0,0.0,0.7647058823529411,1.0,0.2,17.0,0.0
522a0a2981546f84007cec900c94a539e6cb0289,ignite,False,2015-02-06 17:00:41,ignite,,2,0,1,1,1,0.0,3.0,0.0,7.0,1430,1430.0,1041.0,done,1016.0,,False,24.0,3.9321380397593737,0.0,0.0,0.0,0.0,0.0,0.0,0.0,10.0,0.0
05697b4a0d5e348f61a96302c05e9fecb72c832d,ignite,False,2015-02-06 17:36:21,ignite,,4,2,1,1,1,0.0,4.0,0.0,11.0,187,187.0,146.0,done,257.0,,False,597.5909875771637,4.9955794958512785,17.0,0.0284475508389504,2.0,0.0,0.6470588235294118,0.0,0.375,28.0,0.0
2b4cdf673d90ec41699676f91b7b3e34bcc13c3e,ignite,False,2015-02-06 19:20:36,ignite,,7,3,2,1,1,0.881290899230693,3.0,0.0,7.0,450,450.0,304.0,done,819.0,,False,1599.1905273121324,4.502166999562715,41.5,0.0202441151824561,0.5,0.0,0.4615384615384615,0.5,0.108695652173913,13.5,0.0
92ae28d4650812520d970c5e6fe6c94918eaef4c,ignite,False,2015-02-06 19:25:55,ignite,,8,2,1,1,1,0.0,2.0,0.0,4.0,446,446.0,209.0,done,121.0,,False,703.3807424044654,4.974644022403291,25.0,0.0355426279009842,1.0,0.0,0.7647058823529411,1.0,0.2,16.0,0.0
15c3c912cdd01d0fd197de11e5bb9639309815c9,ignite,True,2015-02-06 20:51:30,ignite,2.0,154,152,15,6,1,3.1065598688965803,0.866666666666667,0.666666666666667,13.066666666666698,193,193.0,148.0,done,11043.0,2015-02-09 20:36:45,False,635.0028763617158,4.712292469739245,21.403846153846153,0.0309774210255606,0.3846153846153846,0.0384615384615384,0.433602841880408,0.1923076923076923,0.3518980485326638,21.28846153846154,0.0
7dcd1641b4bba71e61350545ffe1ddd563eda3b1,ignite,False,2015-02-06 21:34:09,ignite,,8,8,5,4,2,2.0,3.4,0.4,28.4,168,168.0,0.992109878911502,done,1518.0,,False,1107.8692595082332,5.104907136425755,25.0,0.0291547036369006,0.3333333333333333,0.0,0.8008658008658008,2.6666666666666665,0.2445887445887446,19.666666666666668,0.0
1ac099ae95a384d41e76dff77a1bcaa55cc7cd7a,ignite,False,2015-02-06 22:28:05,ignite,,13,13,7,3,1,2.62351664121802,0.857142857142857,1.0,3.0,171,171.0,97.0,done,1183.0,,False,2580.661731520009,5.121795261706038,66.66666666666667,0.0273111772716598,1.0,2.3333333333333335,0.7261904761904762,1.0,0.1686868686868687,23.666666666666668,0.0
724a3f1b2d93d67d59e16b810fbd3483edab25f2,ignite,False,2015-02-06 22:31:38,ignite,,2,2,1,1,1,0.0,1.0,0.0,1.0,1434,1434.0,1043.0,done,1131.0,,False,2278.736582998137,4.972984221084468,122.0,0.0535384391992708,1.0,0.0,0.6666666666666666,0.0,0.5238095238095238,19.0,0.0
3efa8ae052d1a4f2a86735f215de621d2501d108,ignite,True,2015-02-06 23:06:40,ignite,437.0,6,6,4,2,1,1.79248125036058,2.75,0.0,16.25,36,36.0,22.0,done,7318.0,2016-04-19 04:11:54,False,579.0772146126226,4.984364555020697,16.0,0.0315693089687529,0.5,0.0,0.6226325757575757,0.5,0.3152777777777777,19.25,0.0
0194aefb97e9b9e21f964c1f6feae6245d6adba0,ignite,False,2015-02-06 23:10:20,ignite,,5,1,1,1,1,0.0,4.0,0.0,9.0,197,197.0,151.0,done,592.0,,False,982.030977020802,5.113807690161617,33.0,0.0336038279567437,1.0,0.0,0.7333333333333333,0.0,0.2857142857142857,17.0,0.0
dc33058da3ac5e62ab38b2d158701a1986ba7629,ignite,True,2015-02-06 23:21:11,ignite,1651.0,15,15,3,3,1,0.6998428398862391,3.3333333333333304,0.333333333333333,14.0,37,37.0,23.0,done,10798.0,2019-08-16 11:43:24,False,362.95003676743175,4.419863611971796,10.6,0.0179047443314818,0.2,0.0,0.5464285714285715,1.4,0.1857142857142857,14.4,0.0
2ac7a8d8a352cd93e594decf897db5d931c20e8b,ignite,False,2015-02-07 05:44:51,ignite,,5,3,5,4,1,2.25,2.0,0.0,9.6,56,56.0,38.0,done,1888.0,,False,6987.537202746163,4.56852008945207,228.0,0.0326295221598811,2.0,0.0,0.942528735632184,1.0,0.5333333333333333,20.0,0.0
08643445b3859e679be51e792cc3bac78747e6c9,ignite,False,2015-02-07 07:48:28,ignite,,2,0,1,1,1,0.0,3.0,0.0,4.0,926,926.0,530.0,done,651.0,,False,435.0,4.498464128745935,21.0,0.0482758620689655,0.0,0.0,1.0,1.0,0.5,16.0,0.0
ce7cea01033b34cef69a472f943eb49d8e6acd1d,ignite,False,2015-02-08 07:36:43,ignite,,2,2,1,1,1,0.0,6.0,0.0,22.0,827,827.0,423.0,done,4308.0,,False,787.3770991720443,4.955532516691985,21.0,0.0366781370547455,0.0,0.0,0.5462962962962963,1.0,0.4807692307692308,27.5,0.0
fd700908a7d5e053b78367e0a5634125e5a4e947,ignite,False,2015-02-08 07:50:25,ignite,,33,33,1,1,1,0.0,5.0,0.0,13.0,661,661.0,502.0,done,965.0,,False,628.3197844705936,5.014240668355232,3.0,0.0047856946770243,0.0,0.0,0.7261904761904762,0.0,1.0,24.666666666666668,0.0
5055a90517838baa4100741276fde177170cd7e8,ignite,False,2015-02-08 07:51:29,ignite,,15,14,1,1,1,0.0,5.0,0.0,14.0,662,662.0,503.0,done,965.0,,False,760.9786726798363,5.116043042367622,5.0,0.0065704863743318,0.0,0.0,0.6666666666666666,0.0,0.8,31.0,0.0
24c2a4d24da16e45c4604b35a9146e3e92f1bd00,ignite,False,2015-02-08 07:52:23,ignite,,2,3,1,1,1,0.0,5.0,0.0,15.0,663,663.0,504.0,done,966.0,,False,760.9786726798363,5.116043042367622,5.0,0.0065704863743318,0.0,0.0,0.6666666666666666,0.0,0.8,31.0,0.0
b049b06405f255e005b9eac4d469fdf93979578f,ignite,False,2015-02-08 08:16:50,ignite,,17,4,2,1,1,0.8631205685666309,5.5,0.0,33.5,829,829.0,424.0,done,8243.0,,False,96.93609377704334,4.172963092333232,2.75,0.0080594334840529,0.0,0.0,0.125,0.5,0.1071428571428571,11.75,0.0
8af208fa30427554369fa4cc7af135a2bc0684be,ignite,False,2015-02-08 08:29:33,ignite,,3,3,2,1,1,0.91829583405449,1.5,0.0,7.5,831,831.0,425.0,done,2498.0,,False,201.4393883082971,4.742358304107203,5.0,0.02415855837368,0.0,0.0,0.5499999999999999,0.6666666666666666,0.4349206349206349,32.333333333333336,0.0
62ae0d7730595763c9e4bbc3f0b1b13e799e9c4f,ignite,False,2015-02-08 11:26:45,ignite,,15,13,1,1,1,0.0,1.0,3.0,10.0,802,802.0,358.0,done,341.0,,False,783.5857313801687,4.984880730072935,21.0,0.0191570555789043,0.5,0.0,0.7083333333333333,3.0,0.1521739130434782,19.0,0.0
b00461f9669373a8a8f9013a6a2636e461b0a254,ignite,False,2015-02-08 15:04:24,ignite,,8,5,2,2,1,0.6193821946787641,3.0,0.0,26.5,664,664.0,505.0,done,7949.0,,False,371.16552878041426,5.1964567287104035,12.0,0.0325069848674053,0.0,0.0,0.7333333333333334,2.0,0.3095238095238095,24.5,0.0
de8b54c69483e4a47014e9d61fe074be1fa3b4a7,ignite,False,2015-02-09 00:03:09,ignite,,31,27,3,2,1,1.23109452956364,2.3333333333333304,2.0,13.666666666666698,457,457.0,9.0,done,812.0,,False,264.72556055279273,4.815888851277504,4.888888888888889,0.0230661341302611,0.0,0.0,0.4890109890109889,0.3333333333333333,0.2731481481481481,23.22222222222222,0.0
505e2fc716906e9cd11cc63bb70d14e2bd36c463,ignite,False,2015-02-09 00:06:55,ignite,,6,6,1,1,1,0.0,5.0,0.0,13.0,458,458.0,10.0,done,408.0,,False,301.46667351107266,4.746193700961174,8.666666666666666,0.0257207697746224,0.0,0.0,0.5297619047619048,0.0,0.2962962962962963,21.0,0.0
d82f4cb1eed6edd178ba340f796db0b9372b72df,ignite,False,2015-02-09 01:43:40,ignite,,1,1,1,1,1,0.0,5.0,0.0,13.0,205,205.0,159.0,done,667.0,,False,284.89791911001896,5.077687062974631,19.0,0.0666905537932791,1.0,0.0,0.6,3.0,0.0,22.0,0.0
68a23d98eb7a72d868734a3a78b71a0848968472,ignite,False,2015-02-09 01:48:33,ignite,,2,3,1,1,1,0.0,3.0,0.0,5.0,206,206.0,160.0,done,1667.0,,False,1785.151938606429,5.349908758668366,52.0,0.0291291731955284,3.0,3.0,0.6666666666666666,0.0,0.2307692307692307,20.0,0.0
0bbcffdf1158a23aa823cd3b336d6acf862079bf,ignite,False,2015-02-09 03:05:10,ignite,,5,1,1,1,1,0.0,2.0,0.0,6.0,207,207.0,161.0,done,156.0,,False,555.8976835132065,5.247753223561217,18.0,0.0323800593775497,0.0,0.0,0.5833333333333334,2.0,0.3636363636363636,23.0,0.0
8992c6cf8b2487755bcb1a956446e24a1fa3abd1,ignite,False,2015-02-09 03:08:16,ignite,,1,2,1,1,1,0.0,5.0,0.0,16.0,208,208.0,162.0,done,967.0,,False,819.5769266126539,4.622536322345391,17.0,0.0207424092211352,0.0,0.0,0.4117647058823529,0.0,0.5,26.0,0.0
32d4dec8e076827947bf65b7646ac41a0c13309e,ignite,False,2015-02-09 03:18:17,ignite,,2,1,1,1,1,0.0,2.0,5.0,7.0,209,209.0,163.0,done,358.0,,False,296.3368407027819,4.641502285053387,7.0,0.0236217676593941,0.0,0.0,0.5,0.0,0.6666666666666666,22.0,0.0
90d61e0e3da0496e5046283f732ed899a238b749,ignite,False,2015-02-09 03:55:12,ignite,,0,3,1,1,1,0.0,5.0,0.0,14.0,461,461.0,11.0,done,408.0,,False,506.6526501413466,4.671238350786549,17.0,0.0335535598111592,0.0,0.0,0.8571428571428571,0.0,0.125,17.0,0.0
167549b17506c86c500651c84c7c468ca41c8975,ignite,False,2015-02-09 06:57:27,ignite,,14,2,2,2,1,0.696212260125146,3.0,0.0,14.5,463,463.0,311.0,done,2445.0,,False,645.7096617713034,4.762591250869091,29.0,0.0578827701382187,0.75,0.0,0.8279761904761904,3.0,0.0777777777777777,22.75,0.0
33e3b38c533be607d062b91a6642bff0758f5180,ignite,False,2015-02-09 07:00:08,ignite,,4,4,2,2,1,1.0,4.5,8.0,26.0,212,212.0,166.0,done,3968.0,,False,1060.445164270163,5.0309162263498575,21.5,0.0283123769780691,1.5,0.0,0.4,1.0,0.1875,20.0,0.0
89977d7bcfce37993646feea48dfedf5b6e6467f,ignite,False,2015-02-09 08:01:45,ignite,,40,52,5,5,1,2.05907302594479,1.6,2.0,7.8,940,940.0,542.0,done,6651.0,,False,812.2059485922687,5.12183781600273,31.555555555555557,0.0434195412277021,1.1111111111111112,0.2222222222222222,0.6899150232483565,3.6666666666666665,0.4840811965811966,26.444444444444443,0.0
46ea0dd7798c0098dd4a22ac9c0668a3aeebfbfe,ignite,False,2015-02-09 08:07:34,ignite,,75,84,22,10,1,4.120040131635991,0.272727272727273,0.0,8.86363636363636,941,941.0,543.0,done,11861.0,,False,704.2315462313564,4.748865969840893,25.568181818181817,0.0373961519813817,0.5227272727272727,0.0,0.9049073401346128,1.1590909090909092,0.8048907532549529,18.545454545454547,0.0
a0e1772f0d44716bcdb963451e23916092327431,ignite,False,2015-02-09 10:46:34,ignite,,6,6,3,2,1,1.45914791702724,3.0,1.0,17.6666666666667,36,36.0,23.0,done,3130.0,,False,723.5692624176137,5.006908872315131,12.0,0.0216468948489291,0.5,0.0,0.5909090909090908,1.0,0.15,22.0,0.0
d64fefb9d3459ca7b0cdb7183514e46c2d995b1d,ignite,False,2015-02-09 13:43:31,ignite,,2,2,2,2,1,0.811278124459133,2.0,0.0,10.0,951,951.0,552.0,done,175.0,,False,8.0,3.734521664779752,0.0,0.0,0.0,0.0,0.0,0.0,0.0,8.0,0.0
1d7321b0612c633758b54c5e32b6cfa2f1fbdc69,ignite,False,2015-02-09 15:01:14,ignite,,2,0,1,1,1,0.0,3.0,2.0,6.0,448,448.0,210.0,done,127.0,,False,225.94568133670737,4.6153572529386215,7.0,0.0309808975262886,0.0,0.0,0.8,0.0,0.4285714285714285,16.0,0.0
656b8e40e1beaed8ee5aae670c59e37b931e39f8,ignite,False,2015-02-09 15:16:34,ignite,,1,1,1,1,1,0.0,11.0,0.0,31.0,108,108.0,66.0,done,3487.0,,False,169.64361252668277,4.492889266687085,6.0,0.0353682635652213,0.0,0.0,0.0,5.0,0.0,13.0,0.0
c89ed06ecd966aa4c37a6c0b11b509c1e7ee36d9,ignite,False,2015-02-09 16:08:10,ignite,,2,0,1,1,1,0.0,2.0,0.0,5.0,470,470.0,317.0,done,356.0,,False,318.5774626449524,4.721558968347384,22.0,0.0690569879530948,1.0,0.0,0.75,3.0,0.0,20.0,0.0
44ab171e1ed9d86161b4757e6ca7fba090bfaa29,ignite,False,2015-02-09 17:35:19,ignite,,2,1,1,1,1,0.0,4.0,2.0,5.0,953,953.0,554.0,done,653.0,,False,2243.8388786345968,5.587190576468505,18.0,0.0080219663592571,0.0,4.0,0.9411764705882352,2.0,0.1818181818181818,25.0,0.0
2307f7404ce1d2069dbaaddc591a4ca4ea8ca3e6,ignite,False,2015-02-09 18:17:29,ignite,,12,30,1,1,1,0.0,11.0,0.0,37.0,111,111.0,68.0,done,2358.0,,False,8246.342746555278,5.061956224491328,218.0,0.0442834234740861,0.5,0.5,0.7258454106280193,1.0,0.6313603322949117,19.5,0.0024549918166939
5a307bc18899278c94e639ff43db24d28af5e031,ignite,False,2015-02-09 20:06:06,ignite,,11,10,2,2,1,0.998363672593813,4.5,0.5,35.0,838,838.0,430.0,done,4302.0,,False,1686.800261104553,4.974383005428745,41.333333333333336,0.0347209294851372,1.0,0.0,0.4682092974775901,0.6666666666666666,0.2061403508771929,20.0,0.0
62007484378cd6af7a7733c87f15f10c2b1213b1,ignite,False,2015-02-09 20:06:33,ignite,,6,6,1,1,1,0.0,4.0,0.0,18.0,839,839.0,431.0,done,441.0,,False,461.63547152504697,4.793391049029108,19.0,0.0411580157331326,1.0,0.0,0.4615384615384615,0.0,0.0,22.0,0.0
0bd6b838585d961731ea3b83c1549f362fe5371c,ignite,False,2015-02-09 20:20:15,ignite,,3,1,1,1,1,0.0,9.0,0.0,54.0,840,840.0,432.0,done,3862.0,,False,913.1393873391838,4.747638212295938,47.0,0.0514707838164273,0.0,0.0,0.6363636363636364,0.0,0.4444444444444444,19.0,0.0
5f5af6fdd459100379af7a3d7c867af16a89aaa4,ignite,False,2015-02-09 21:45:19,ignite,,2,0,1,1,1,0.0,10.0,0.0,56.0,841,841.0,433.0,done,3864.0,,False,1437.365720093493,4.971998235929491,31.0,0.021567232031931,1.0,0.0,0.5714285714285714,0.0,0.4,18.0,0.0
03d0282df3daeda0de324720e596e95cd7831e40,ignite,False,2015-02-09 22:50:54,ignite,,150,144,19,3,1,3.55049044259906,0.526315789473684,3.84210526315789,7.68421052631579,215,215.0,169.0,done,7616.0,,False,680.9319364272349,4.945455566799856,19.30909090909091,0.0292415573585977,1.1090909090909091,0.2727272727272727,0.3471486820612055,1.181818181818182,0.3490640452208141,21.87272727272727,0.0
740d6087a1fbd3d1d4aa8875a81e83451735d1d0,ignite,False,2015-02-10 00:44:47,ignite,,1,1,1,1,1,0.0,8.0,1.0,27.0,72,72.0,50.0,done,1454.0,,False,18.094737505048094,3.74741303953164,0.0,0.0,0.0,0.0,0.0,0.0,0.0,8.0,0.0
d461dd124b081d833a9e528d1bed12c16d2ef937,ignite,True,2015-02-10 00:59:35,ignite,3.0,15,19,3,3,1,1.48365916439796,1.0,4.0,1.33333333333333,146,146.0,62.0,done,593.0,2015-02-13 07:50:34,False,1234.7747643541932,4.686697735745495,31.333333333333332,0.0396861640787817,0.0,0.0,0.8925925925925925,1.0,0.5597069597069597,30.666666666666668,0.0
9ba0030e85d29ca48ad3b894fb7d4e68f424351b,ignite,False,2015-02-10 02:58:28,ignite,,0,1,1,1,1,0.0,2.0,4.0,3.0,220,220.0,174.0,done,72.0,,False,706.7839861649486,3.744285376847023,27.0,0.0382012050761132,0.0,0.0,1.0,0.0,0.0,13.0,0.0
cabc840a2959b09006c9985efaa7fc2cedb0e747,ignite,False,2015-02-10 03:36:36,ignite,,24,21,1,1,1,0.0,3.0,2.0,9.0,221,221.0,175.0,done,272.0,,False,1430.5537676938295,5.524632507797034,4.0,0.002796119999354,0.0,0.0,0.7894736842105263,0.0,0.1666666666666666,17.0,0.0
35b4bc24f4adfd31b2abe57dc0f2629cf7ce2e7f,ignite,False,2015-02-10 03:39:58,ignite,,24,21,1,1,1,0.0,3.0,2.0,9.0,221,221.0,175.0,done,272.0,,False,1430.5537676938295,5.524632507797034,4.0,0.002796119999354,0.0,0.0,0.7894736842105263,0.0,0.1666666666666666,17.0,0.0
2a6aa9fb4af19efdbea0884355a2f81491fb1659,ignite,False,2015-02-10 04:00:55,ignite,,2,0,1,1,1,0.0,4.0,3.0,9.0,958,958.0,63.0,done,98.0,,False,599.8955959811849,4.587130158478838,29.0,0.0483417451207785,0.0,0.0,1.0,0.0,0.4545454545454545,12.0,0.0
4e434848b9fd26ef78b0210f622ffd0ffd332f64,ignite,False,2015-02-10 04:05:55,ignite,,4,5,1,1,1,0.0,4.0,0.0,6.0,959,959.0,558.0,done,654.0,,False,1347.78431338923,5.037010548181837,19.5,0.0287790763289325,0.0,2.0,0.9705882352941176,1.5,0.3392857142857143,20.5,0.0
8558fc880805e381fef48e398139d7c67e39f648,ignite,False,2015-02-10 07:51:56,ignite,,33,4,1,1,1,0.0,3.0,0.0,9.0,476,476.0,319.0,done,266.0,,False,707.6062930696118,4.968145121589647,21.0,0.0323329446532249,0.6666666666666666,0.0,0.8380952380952381,2.0,0.3912280701754385,24.0,0.0
a5b3fdc3ee6f105174fd00231ad8b09aee17844d,ignite,False,2015-02-10 07:56:10,ignite,,0,3,1,1,1,0.0,6.0,1.0,26.0,477,477.0,320.0,done,2101.0,,False,312.7524354002241,5.173367475035431,11.0,0.0351715886270349,1.0,1.0,0.5,3.0,0.0,12.0,0.0
4ef1baea4c95a42ab6744516a18919ee29b4fee0,ignite,True,2015-02-10 08:06:51,ignite,1438.0,8,6,5,3,1,2.23592635062903,1.6,0.0,5.6,961,961.0,560.0,done,2031.0,2019-01-18 14:01:30,False,1195.6817140111868,4.963854959547321,34.25,0.0252049733071458,0.0,0.0,0.5621237000547344,2.75,0.5501488095238095,16.5,0.0
6f27726d8e0a5f48189ee8dafc0e26367df9c8aa,ignite,False,2015-02-10 08:21:18,ignite,,1,1,1,1,1,0.0,7.0,0.0,17.0,962,962.0,561.0,done,1601.0,,False,428.67491562146574,5.105485731171717,18.0,0.0419898607174267,1.0,0.0,0.6153846153846154,0.0,0.1818181818181818,16.0,0.0
6c11ac03393043ed5278392473dbbfb1825f3762,ignite,False,2015-02-10 09:24:19,ignite,,1,2,1,1,1,0.0,4.0,1.0,16.0,964,964.0,562.0,done,320.0,,False,70.30835464468075,4.4441638504630525,5.0,0.071115303796663,0.0,0.0,0.5,0.0,0.3333333333333333,18.0,0.0
f3c503ed5a5bb04514458d6b422bcb880dd9bbc0,ignite,False,2015-02-10 12:12:52,ignite,,23,9,1,1,1,0.0,4.0,0.0,12.0,970,970.0,567.0,done,560.0,,False,63.07063837094255,4.1328925917101245,2.0,0.0335159711382929,0.0,0.0,0.0,0.0,1.0,10.5,0.0
8ae4e9129aaa78f98d2a9f60d23151cdf8e51af0,ignite,False,2015-02-10 15:57:17,ignite,,1,1,1,1,1,0.0,8.0,0.0,28.0,74,74.0,51.0,done,1485.0,,False,19.651484454403228,4.186704345910023,0.0,0.0,0.0,0.0,0.0,0.0,0.0,11.0,0.0
137b729684128adf9f06dc3ba6f6e1f6cb0ddcd4,ignite,False,2015-02-10 20:36:36,ignite,,6,10,3,2,1,1.4056390622295702,3.3333333333333304,0.0,30.0,226,226.0,179.0,done,4701.0,,False,970.3117520770757,4.092138434947271,52.666666666666664,0.0388604334424667,0.0,0.0,0.1794871794871795,0.3333333333333333,0.5833333333333334,22.0,0.0
eb9f7029c28f31428949abbabdb186d297ca77fa,ignite,False,2015-02-10 21:19:26,ignite,,22,22,4,2,1,1.84330031763645,2.0,0.75,9.5,229,229.0,182.0,done,1685.0,,False,740.1004717203714,5.0068754958927775,19.88888888888889,0.0262178348968753,0.2222222222222222,0.1111111111111111,0.5847246562760838,0.0,0.1690169670561827,21.11111111111111,0.0
9b8c3d7c99d1b84b71f4fbcc69febeae3b1f29ae,ignite,False,2015-02-10 21:20:42,ignite,,1,1,1,1,1,0.0,10.0,0.0,67.0,230,230.0,183.0,done,3807.0,,False,379.7810388425507,4.827094605822939,15.0,0.0394964425968056,0.0,0.0,0.8181818181818182,0.0,0.1666666666666666,21.0,0.0
3d89cfdf7bf220cc79491479ed6b2be63850374b,ignite,False,2015-02-10 21:51:03,ignite,,11,31,5,3,1,1.5946655647507302,2.4,2.4,32.0,79,79.0,53.0,done,5339.0,,False,6698.760187551913,4.95332685073457,168.66666666666666,0.0264580169190943,0.3333333333333333,0.3333333333333333,0.983739837398374,1.0,0.1226415094339622,14.0,0.0016474464579901
1d6a442e67458bd1defe40ac9ef3cade56d87ba5,ignite,False,2015-02-10 22:01:45,ignite,,1,2,1,1,1,0.0,5.0,2.0,14.0,54,54.0,35.0,done,1162.0,,False,160.5395382709427,4.5891382073299845,6.0,0.0373739707029292,0.0,0.0,1.0,1.0,0.5,17.0,0.0
ad0bd6440e7f918c32f3a74d1391102a1fc9bcf7,ignite,False,2015-02-10 22:15:39,ignite,,7,7,2,2,1,0.591672778582327,3.0,0.0,13.5,231,231.0,184.0,done,898.0,,False,153.61614391884711,4.417273018393916,3.25,0.0325052618067279,0.25,0.0,0.0833333333333333,0.75,0.0416666666666666,18.5,0.0
7757c4480c827d3a7b1077b8a442d6410ced8273,ignite,False,2015-02-10 22:38:59,ignite,,11,2,3,3,1,0.9912642605354292,3.6666666666666696,0.0,33.0,854,854.0,440.0,done,3905.0,,False,4670.285057681876,5.315597842286948,107.0,0.0229108070874607,1.0,0.0,0.5581395348837209,2.0,0.35,27.0,0.0
7996d1dff9de0bb61bfcb15017d138706339648d,ignite,False,2015-02-10 23:14:21,ignite,,4,1,2,2,1,0.970950594454669,3.0,1.0,9.0,232,232.0,185.0,done,589.0,,False,249.50774425520052,4.584754866540635,4.0,0.0081463825349681,0.5,0.5,0.1538461538461538,0.0,0.1111111111111111,27.0,0.0
70f51ad67b69fa34e2bfe1b07e713b093a27aa0a,ignite,False,2015-02-10 23:16:14,ignite,,2,0,1,1,1,0.0,10.0,2.0,23.0,82,82.0,56.0,done,1430.0,,False,1217.052859663274,4.872643219191358,47.0,0.0386178789415963,0.0,0.0,0.9166666666666666,2.0,0.3571428571428571,14.0,0.0
e92eb9c2abdeaded5ed91150539eeeedaa5084dc,ignite,False,2015-02-10 23:35:59,ignite,,10,11,1,1,1,0.0,5.0,0.0,17.0,124,124.0,76.0,done,1011.0,,False,399.6764147454174,4.7244529413901315,14.333333333333334,0.0360801102590804,0.0,0.0,0.4043956043956044,0.0,0.0555555555555555,20.666666666666668,0.0
6366718a503ab8d100cd46f297c13b86a54ee998,ignite,False,2015-02-11 02:36:04,ignite,,0,1,1,1,1,0.0,11.0,0.0,38.0,180,180.0,102.0,done,3437.0,,False,4258.336912847212,5.398853576030832,127.0,0.0298238496857415,1.0,0.0,0.819672131147541,2.0,0.6842105263157895,30.0,0.0
fb583724681ebfebf8da56c736f44bc1d947533f,ignite,False,2015-02-11 03:05:13,ignite,,0,3,1,1,1,0.0,5.0,0.0,13.0,241,241.0,193.0,done,485.0,,False,447.4085184406181,4.953105205719147,8.0,0.0178807502992632,1.0,1.0,0.3076923076923077,0.0,0.2222222222222222,36.0,0.0
6f7ad436af07fa980c2aa70f88e330ae09550e35,ignite,False,2015-02-11 04:10:14,ignite,,4,4,3,2,1,1.5,0.333333333333333,6.66666666666667,1.6666666666666698,1451,1451.0,1052.0,done,203.0,,False,143.06119944376186,4.480317880531096,6.0,0.041940092934553,0.0,0.0,0.5,2.0,0.4,14.0,0.0
1e65f16369284dbefb7d3cd7deb894e9e8173876,ignite,False,2015-02-11 04:58:06,ignite,,4,4,4,2,1,2.0,2.75,1.0,13.5,1453,1453.0,1054.0,done,10459.0,,False,85.890368322721,3.8396285798647942,4.0,0.0778605999016293,0.25,0.0,0.25,0.25,0.5,11.0,0.0
9d26ec6087e966ad115a9f025b6338e7ed82494f,ignite,False,2015-02-11 15:06:47,ignite,,3,5,1,1,1,0.0,3.0,1.0,6.0,487,487.0,326.0,done,106.0,,False,791.8940996821938,3.737376304120289,42.0,0.0530373947941468,0.0,0.0,1.0,0.0,0.0,9.0,0.0
8117f576bf7383329d8b3cbb50b361e04efe771d,ignite,False,2015-02-11 17:30:50,ignite,,1,1,1,1,1,0.0,2.0,6.0,3.0,89,89.0,61.0,done,552.0,,False,185.8429080801566,4.56061926876176,4.0,0.0215235547125357,0.0,0.0,1.0,1.0,0.0,46.0,0.0
2ea5785b631bea9c0c229262bbdaeecd60f29064,ignite,False,2015-02-11 17:44:30,ignite,,17,12,3,2,1,1.2011464305695,2.0,1.6666666666666698,9.66666666666667,127,127.0,79.0,done,1296.0,,False,1008.0107685243944,4.725006080514612,28.4,0.0283254214438238,1.4,0.6,0.3923081749168705,0.0,0.0883333333333333,23.4,0.0
b3cf44ba196889340e31a74a678f778572f995a0,ignite,False,2015-02-11 18:31:58,ignite,,1,6,1,1,1,0.0,11.0,0.0,39.0,92,92.0,62.0,done,3467.0,,False,7528.780519042469,4.748589117528729,136.5,0.1141898191825053,0.5,1.5,0.3018292682926829,4.5,0.7266666666666667,19.0,0.0
7f6091bc2e0ed3e7a2ddb4535c09d97d14a12132,ignite,False,2015-02-11 19:09:16,ignite,,2,2,2,2,1,1.0,3.5,0.5,9.5,128,128.0,80.0,done,2235.0,,False,1732.0276599679917,5.231031348801495,41.5,0.0324801429278126,1.0,1.0,0.7191558441558441,0.5,0.4901185770750987,27.5,0.0
b64ab8023c414dcf1737517bf57d34e6e728c88a,ignite,False,2015-02-11 19:34:16,ignite,,4,1,2,1,1,0.970950594454669,1.5,4.0,6.5,490,490.0,327.0,done,295.0,,False,604.2466101229558,5.131265665295913,15.0,0.0248243014502765,0.0,0.0,0.8125,2.0,0.3,25.0,0.0
ff0dd3c7fc9919324631a5e6e3d7be24d2c073c1,ignite,False,2015-02-11 19:37:34,ignite,,2,1,1,1,1,0.0,3.0,1.0,8.0,129,129.0,81.0,done,510.0,,False,447.5623460906371,5.049485040388759,0.0,0.0,0.0,0.0,0.6923076923076923,0.0,0.0,17.0,0.0
5da06080d59dccc66c62bc23e2dc83f103bcf018,ignite,False,2015-02-11 19:44:09,ignite,,13,2,3,2,1,1.3995812306460602,0.666666666666667,5.33333333333333,14.666666666666698,810,810.0,365.0,done,1800.0,,False,4168.800717029127,5.90252765535583,48.5,0.014456759648519,0.5,4.0,0.4799789251844046,2.0,0.2944444444444444,21.5,0.0
0f17330ef05b8f89e81bec82b66d03a4d2979b10,ignite,False,2015-02-11 19:47:37,ignite,,2,1,1,1,1,0.0,1.0,8.0,3.0,463,463.0,214.0,done,127.0,,False,201.90890672641936,5.0145703020723635,11.0,0.054480013677181,1.0,0.0,0.625,2.0,0.5,19.0,0.0
76b3c470539bf37962e5caa5eadacd456c52d911,ignite,False,2015-02-11 20:51:25,ignite,,32,29,1,1,1,0.0,6.0,0.0,12.0,243,243.0,195.0,done,1851.0,,False,2811.5628707717165,5.345700263061299,56.0,0.0199177477346004,1.0,1.0,0.7804878048780488,1.0,0.4347826086956521,31.0,0.0
9bfd7f191e6aa5367b53abf28609cece301134e4,ignite,False,2015-02-11 21:42:39,ignite,,1,1,1,1,1,0.0,7.0,0.0,13.0,131,131.0,83.0,done,1850.0,,False,2890.628201878346,5.335632174648205,55.0,0.0190270059512533,1.0,1.0,0.7954545454545454,1.0,0.4347826086956521,31.0,0.0
8874417578f211161327d31f5c1de064a48fa7ba,ignite,True,2015-02-11 22:23:10,ignite,6.0,58,39,1,1,1,0.0,4.0,5.0,10.0,244,244.0,196.0,done,762.0,2015-02-18 17:27:35,False,435.1365702966283,4.779368458400481,14.375,0.0377250528049267,0.625,0.125,0.4428763440860214,1.0,0.5467757936507937,16.5,0.0
8083d9a25e85a68f292a18281ce0c2bf452af6a7,ignite,False,2015-02-11 23:40:48,ignite,,17,10,3,1,1,1.43552050428267,4.33333333333333,5.33333333333333,47.6666666666667,245,245.0,197.0,done,1589.0,,False,346.9099083493081,4.564021861373246,14.0,0.0441355256203613,0.0,0.0,0.5583333333333333,1.75,0.1398809523809523,18.25,0.0
49cddf4aa291841ba365493c2aeb38446b0951d9,ignite,False,2015-02-12 00:20:21,ignite,,4,1,1,1,1,0.0,10.0,0.0,71.0,859,859.0,443.0,done,3934.0,,False,985.7584123938412,4.83311501358581,36.0,0.0365201042642655,1.0,0.0,0.3846153846153846,0.0,0.4,22.0,0.0
a4f9375f808cab9e3f8f8ea666fe38e5da38d141,ignite,False,2015-02-12 00:30:56,ignite,,11,8,3,1,1,1.5574319619297,0.333333333333333,4.0,0.666666666666667,246,246.0,198.0,done,245.0,,False,82.04593730405679,4.382236054548129,3.0,0.0366074250500145,0.0,0.0,0.6666666666666666,1.0,0.0,16.0,0.0
04927740bccae57ba6e9c9b440c18b8a191f9fa4,ignite,False,2015-02-12 07:06:12,ignite,,10,0,3,3,1,1.4854752972273302,2.6666666666666696,2.6666666666666696,12.0,683,683.0,516.0,done,1885.0,,False,1053.8927469384769,5.142988074789382,37.0,0.0351079368441274,1.0,0.0,0.6923076923076923,0.0,0.5882352941176471,24.0,0.0
7a4711cdf671faea158b64bd73bc5d9597fcfd52,ignite,False,2015-02-12 07:45:30,ignite,,49,58,2,2,1,0.960255359606761,6.5,0.5,99.0,684,684.0,517.0,done,1083.0,,False,313.8225751427889,4.763771336041708,9.0,0.0286786251623389,0.0,0.0,0.8333333333333334,0.0,0.6666666666666666,18.0,0.0
67f2fd8627a57eb7ab17a363d3ca7ee4b93e7f2c,ignite,False,2015-02-12 13:45:37,ignite,,4,3,1,1,1,0.0,10.0,0.0,35.0,468,468.0,215.0,done,9197.0,,False,82.0447025077789,4.108301249767508,1.0,0.0121884773718959,0.0,0.0,0.5,1.0,0.0,10.0,0.0
b434ae8f8f5876e3f9a9fa07b8af56fcf3f5a98e,ignite,True,2015-02-12 16:31:52,ignite,6.0,9,3,1,1,1,0.0,11.0,0.0,86.0,1457,1457.0,1056.0,done,6431.0,2015-02-19 14:57:04,False,860.9612720100338,5.020510450422799,20.0,0.0232298486008635,1.0,0.0,0.5294117647058824,2.0,0.25,23.0,0.0
533944a5a62e9d4d08bb25dcd4bb2be9ea9f67f5,ignite,False,2015-02-12 16:41:09,ignite,,15,2,2,2,1,0.977417817528172,3.5,3.0,12.0,1458,1458.0,1057.0,done,1480.0,,False,646.3086220240035,4.916693798968441,19.333333333333332,0.0243964995819094,0.3333333333333333,0.0,0.6055555555555555,1.6666666666666667,0.375,22.333333333333332,0.0
03890cc6fcd0f3c601d89ef97c16607a5dc61329,ignite,False,2015-02-12 17:22:59,ignite,,4,0,2,2,1,0.811278124459133,5.0,1.0,44.5,1459,1459.0,1058.0,done,319.0,,False,1016.137586994986,5.027551149361428,26.0,0.0255870861709678,2.0,0.0,0.5769230769230769,0.0,0.3333333333333333,32.0,0.0
362820e775985b1f243725f277ab895c08249d9f,ignite,False,2015-02-12 17:44:05,ignite,,8,1,2,1,1,0.991076059838222,2.5,1.5,12.0,1461,1461.0,1060.0,done,765.0,,False,214.86919291270812,4.55984022764291,8.5,0.0378055711607194,0.0,0.0,0.6190476190476191,1.5,0.25,16.0,0.0
f84e19e20c0c206f3594e369dc7849f0f30b4a9a,ignite,False,2015-02-12 18:41:56,ignite,,1,1,1,1,1,0.0,3.0,0.0,4.0,136,136.0,86.0,done,89.0,,False,15.509775004326936,4.021928094887362,0.0,0.0,0.0,0.0,0.0,0.0,0.0,11.0,0.0
78cc69e03e6340cafb439e5c320175de50fe9f1b,ignite,False,2015-02-12 19:07:38,ignite,,35,8,3,1,1,0.8440628803439408,4.33333333333333,0.0,46.0,1462,1462.0,1061.0,done,1235.0,,False,95.76461363828663,4.301948555339204,4.166666666666667,0.0544878545256328,0.0,0.0,0.2666666666666666,1.0,0.5277777777777778,12.333333333333334,0.0
c443245b12e7e4272ab006c51851396374877ff8,ignite,False,2015-02-12 19:19:52,ignite,,36,25,3,3,1,1.17872698349885,2.0,2.3333333333333304,13.666666666666698,867,867.0,448.0,done,2789.0,,False,3071.031614821273,5.4168189522841494,54.5,0.0152238000745062,0.5,0.5,0.6373626373626373,2.5,0.3842105263157894,26.5,0.0
4db559b895f0fac86d6bbe64d8125b299d63aa31,ignite,False,2015-02-12 19:30:57,ignite,,8,10,1,1,1,0.0,4.0,1.0,14.0,815,815.0,368.0,done,487.0,,False,2944.9755961050037,5.565038967213632,105.0,0.0356539457029362,1.0,0.0,0.8867924528301887,3.0,0.1428571428571428,25.0,0.0
c049edb0bd43a5fe2dd518980521a701b9ae596f,ignite,False,2015-02-12 21:56:29,ignite,,6,1,1,1,1,0.0,5.0,0.0,19.0,138,138.0,87.0,done,899.0,,False,4673.114880295621,5.1126551042003054,97.0,0.0207570330464171,1.0,0.0,0.5128205128205128,1.0,0.3684210526315789,27.0,0.0
4064da30ae18c7f6e0aabdae8c2df692f3a09bc0,ignite,False,2015-02-12 22:17:34,ignite,,8,11,5,4,1,2.1029334343823503,2.4,0.2,16.2,186,186.0,106.0,done,3365.0,,False,1184.0766728754425,4.295782896542156,43.0,0.0363152158851146,1.0,0.0,1.0,1.0,0.5,15.0,0.0
5fb28ffaf648218f160cd6e0ddd998e5f3de1d4c,ignite,False,2015-02-12 22:55:47,ignite,,4,1,2,2,1,0.970950594454669,1.0,4.0,3.0,495,495.0,329.0,done,165.0,,False,36.0,4.106873795623342,2.5,0.0625,0.0,0.0,0.5,1.5,0.5,14.5,0.0
deabbaeff13de0b02cb7c1dc7d59559074ef449f,ignite,False,2015-02-13 01:30:38,ignite,,15,17,3,2,1,1.4185644431996,0.666666666666667,3.0,5.0,142,142.0,90.0,done,2058.0,,False,473.47430256242615,4.868303754519915,15.0,0.0326933962059017,0.5,0.0,0.7186387686387686,0.3333333333333333,0.1071428571428571,19.166666666666668,0.0
be23ac6189de38f54b6bb830f029beaeb9ea2937,ignite,False,2015-02-13 02:28:37,ignite,,12,18,1,1,1,0.0,4.0,0.0,7.0,248,248.0,200.0,done,445.0,,False,937.056499334936,5.205496404187994,35.0,0.0373510028742565,0.0,0.0,0.85,2.0,0.4166666666666667,31.0,0.0
422ffb140b4f423c953860c44b91d74db74ebfbd,ignite,False,2015-02-13 02:36:44,ignite,,2,0,1,1,1,0.0,4.0,0.0,7.0,248,248.0,200.0,done,439.0,,False,185.75424759098897,4.469877007124096,6.0,0.0323007418555044,1.0,0.0,0.6666666666666666,0.0,0.4,25.0,0.0
b5b6c3ec0ea0074329c29259ce6485eeb3ddfe00,ignite,False,2015-02-13 05:03:30,ignite,,24,33,4,2,1,0.849061943382014,3.0,2.25,35.75,690,690.0,521.0,done,11325.0,,False,1907.4320675567692,4.988337865363778,53.4,0.0353259162577304,0.4,0.0,0.8710489510489511,3.6,0.2854135338345864,21.4,0.0
fce74d45b2a9c466f9767e64a07dea7105aabee3,ignite,False,2015-02-13 05:07:44,ignite,,8,8,2,2,1,0.696212260125146,4.5,0.0,34.5,691,691.0,522.0,done,7449.0,,False,6301.8825766769805,5.46807516935281,174.0,0.0519197172985956,0.25,1.5,0.5706964237887822,14.75,0.1673507864684335,27.25,0.0
420c74f8c30c8ea85f57619e6faaa5db6475a0de,ignite,False,2015-02-13 05:44:32,ignite,,1,1,1,1,1,0.0,3.0,3.0,6.0,692,692.0,523.0,done,780.0,,False,140.2304206377674,4.898201081604751,7.0,0.0499178421355653,0.0,0.0,0.3333333333333333,3.0,0.2,21.0,0.0
36ecaff7464091fa15916801f2c442518371b1bb,ignite,False,2015-02-13 06:40:26,ignite,,5,5,1,1,1,0.0,2.0,10.0,8.0,878,878.0,454.0,done,248.0,,False,152.22293222349893,4.7534267345373475,5.5,0.0463860125821516,0.0,0.0,0.9,1.5,0.6190476190476191,15.5,0.0
0e50dbdd2a3c1a235e50e3ef200bd54567ebcfb7,ignite,False,2015-02-13 08:22:25,ignite,,1,4,2,2,1,0.970950594454669,5.5,3.0,45.5,696,696.0,526.0,done,6094.0,,False,547.2566989722359,4.897277361138201,19.5,0.0373135623575046,1.0,0.5,0.5797101449275363,0.5,0.2111111111111111,22.5,0.0
09dc44430b2904e70c02e538e17c21c9f8f14895,ignite,False,2015-02-13 12:36:04,ignite,,90,50,13,6,1,3.13244710223956,1.0,6.307692307692308,24.076923076923105,702,702.0,530.0,done,20906.0,,False,3004.1345666321467,5.547379939800821,78.44444444444444,0.0294178898754911,1.5555555555555556,3.4444444444444446,0.6565498463599294,6.555555555555555,0.250548661109006,26.0,0.0004177109440267
f0b624701975b1b2fe6c4a411190a5efe4902317,ignite,False,2015-02-13 12:52:54,ignite,,6,0,1,1,1,0.0,4.0,0.0,23.0,703,703.0,531.0,done,1327.0,,False,1506.2571018801725,5.216194076115096,48.0,0.0318670696656529,2.0,3.0,0.9090909090909092,1.0,0.2666666666666666,26.0,0.0
4f430a15e420505ec3c00931f1408c3ed57120d1,ignite,False,2015-02-13 12:55:53,ignite,,13,5,1,1,1,0.0,4.0,7.0,8.0,705,705.0,532.0,done,574.0,,False,199.03672606650855,4.390982597662241,7.0,0.0351693887773301,0.0,0.0,0.4,2.0,0.5,16.0,0.0
156bd5aa456559f6199fe91b99be15eb9bf68d42,ignite,False,2015-02-13 16:16:08,ignite,,2,2,1,1,1,0.0,2.0,0.0,2.0,822,822.0,372.0,done,1583.0,,False,819.0926250025374,5.375819699642956,43.0,0.0524971153291324,1.0,0.0,0.3333333333333333,1.0,0.0769230769230769,18.0,0.0
b0a7790d45761ef6a82f8743cab7847ec9b0d3b4,ignite,False,2015-02-13 16:27:20,ignite,,9,2,1,1,1,0.0,5.0,1.0,16.0,1468,1468.0,1064.0,done,1047.0,,False,3902.678808027973,5.348575251087682,125.0,0.0320292819749526,2.0,12.0,0.8888888888888888,1.0,0.3043478260869565,26.0,0.0
03c899224e19af3597652a64ea1a4c0075c8e74c,ignite,False,2015-02-13 16:45:23,ignite,,2,0,1,1,1,0.0,2.0,0.0,8.0,147,147.0,92.0,done,1764.0,,False,389.82550928781745,4.8256884363888775,11.0,0.0282177531688374,0.0,0.0,0.4166666666666667,0.0,0.5,31.0,0.0
ce926e973a65d5f40a79e0c8096aaf605fe05e83,ignite,True,2015-02-13 16:50:34,ignite,311.0,27,7,3,3,2,1.22104778517972,5.66666666666667,1.0,49.6666666666667,118,118.0,0.9274597670806792,done,400.0,2015-12-22 15:14:25,True,2303.672189278877,4.889253938229084,51.0,0.0263197080127844,0.0,0.0,0.797979797979798,0.5,0.5538461538461539,37.5,0.0
43790d7ce5b8bce68fbb131020084e5e49e9d917,ignite,False,2015-02-13 17:03:58,ignite,,8,2,1,1,1,0.0,2.0,0.0,9.0,148,148.0,93.0,done,1766.0,,False,781.3821246771021,4.891357075341182,19.0,0.0243158877071209,0.0,0.0,0.5833333333333334,0.0,0.5,19.0,0.0
0802cf2b538d96200856a2fac1e3d3d0c655051c,ignite,False,2015-02-13 17:27:43,ignite,,7,10,1,1,1,0.0,1.0,4.0,5.0,149,149.0,94.0,done,580.0,,False,472.66125355321424,4.9908835733391586,16.75,0.0390030478810477,1.0,0.0,0.7222222222222222,0.0,0.3008928571428572,20.5,0.0
d9a3b3bdbac406a3cc51632b3e3236ffdaf98bfd,ignite,False,2015-02-13 17:37:39,ignite,,2,4,1,1,1,0.0,1.0,3.0,6.0,150,150.0,95.0,done,766.0,,False,327.3631518806074,4.875259999176294,8.333333333333334,0.0273177016141032,1.0,0.0,0.3895502645502645,0.3333333333333333,0.0833333333333333,23.0,0.0
196868f8c6dd89c36eacec8c8d2b8d7d64b4062e,ignite,False,2015-02-13 17:47:25,ignite,,3,59,6,5,1,1.53276379085282,2.1666666666666696,1.16666666666667,7.5,205,205.0,122.0,done,1178.0,,False,1744.1285133972335,5.143435378939291,68.0,0.0636833196656304,0.6666666666666666,0.0,0.9289294665234517,2.6666666666666665,0.3116987179487179,24.666666666666668,0.0
602eef7a4ed319b3134e3aa5f8a589f3c628f804,ignite,False,2015-02-13 18:09:41,ignite,,3,3,1,1,1,0.0,1.0,4.0,5.0,151,151.0,96.0,done,135.0,,False,333.4033961014228,5.181305467673898,5.0,0.0149968478379835,1.0,0.0,0.4285714285714285,0.0,0.3333333333333333,19.0,0.0
161eaf6b953b2ceb598c877fed8f07adc5f7371c,ignite,False,2015-02-13 19:32:23,ignite,,10,0,1,1,1,0.0,6.0,0.0,17.0,1471,1471.0,1066.0,done,211.0,,False,439.3192643786829,4.62539550650253,18.0,0.0409724805158656,0.0,0.0,0.6666666666666666,1.0,0.2857142857142857,13.0,0.0
7848855acbd8c888c942a6b3a26d605f84a30bd4,ignite,True,2015-02-13 20:31:15,ignite,46.0,91,91,6,1,1,1.8485422469512296,0.166666666666667,0.0,2.3333333333333304,143,143.0,101.0,done,6605.0,2015-04-01 12:42:30,False,645.3981640472646,4.778974404970013,16.425,0.032501071293381,0.4,0.15,0.6906120259001703,1.375,0.4984055643695232,21.6,0.0
9cf92dd533c11970f4d5cd8bffd0ce7b15da9c7d,ignite,True,2015-02-13 21:08:56,ignite,423.0,84,84,15,4,1,3.2227972406955403,0.4666666666666671,0.0,6.06666666666667,152,152.0,110.0,done,8531.0,2016-04-12 13:00:36,False,765.2895811461827,4.5659367480518895,26.48,0.0434044194054629,0.16,0.12,0.6540839208684035,1.04,0.6007753034868394,21.68,0.0018181818181818
04da5066fe8397087a310030ca5691219a84b081,ignite,False,2015-02-13 22:20:49,ignite,,1,1,1,1,1,0.0,11.0,0.0,37.0,154,154.0,111.0,done,9184.0,,False,46.60451250937503,4.32316116739216,2.0,0.042914299330943,0.0,0.0,0.0,2.0,0.0,14.0,0.0
2316c9acb014c1dbea3cc37d4e4bdf21d469b87e,ignite,False,2015-02-13 22:30:07,ignite,,1,1,1,1,1,0.0,11.0,0.0,38.0,156,156.0,112.0,done,9184.0,,False,46.60451250937503,4.32316116739216,2.0,0.042914299330943,0.0,0.0,0.0,2.0,0.0,14.0,0.0
186aa20d37890452ca0b0608ee4f4890c5ff8823,ignite,False,2015-02-13 22:48:28,ignite,,2,30,1,1,1,0.0,2.0,0.0,2.0,1478,1478.0,1069.0,done,187.0,,False,88.09768269704017,4.410590894927635,5.5,0.066863720394239,0.0,0.0,0.75,1.0,0.5,13.5,0.0
426e48ef7d15ebfb5e9f0c16879e8eb5d3260b30,ignite,False,2015-02-13 23:18:54,ignite,,12,7,1,1,1,0.0,1.0,4.0,4.0,163,163.0,103.0,done,320.0,,False,315.95293700650245,4.984360733601902,10.0,0.0321702819205719,0.0,0.0,0.5454545454545454,0.0,0.25,19.0,0.0
d2207c6c11407e9f842bf9d555547c71f8740485,ignite,True,2015-02-14 00:23:31,ignite,494.0,100,100,40,15,3,4.8414969706177695,0.375,0.25,5.4,163,163.0,0.48622982310385,done,4401.0,2016-06-22 14:29:56,False,568.6177351728709,4.602416735024719,16.444444444444443,0.03842955399658,0.5555555555555556,0.1111111111111111,0.5977777777777776,0.4444444444444444,0.6169753086419754,15.555555555555555,0.0
440c629d0e3489beb453800302494e0d174d11ec,ignite,False,2015-02-14 01:03:40,ignite,,1,1,1,1,1,0.0,4.0,1.0,9.0,165,165.0,105.0,done,105.0,,False,902.9072912264264,3.7401946759858298,48.0,0.0531616041496366,0.0,0.0,1.0,0.0,0.0,9.0,0.0
e91f214f829b1615578e430d16a09c1a14ac68d9,ignite,True,2015-02-14 05:27:39,ignite,72.0,5,17,6,2,1,1.61382439435876,2.0,2.6666666666666696,28.0,709,709.0,534.0,done,7600.0,2015-04-27 13:18:47,False,765.7752053704795,5.082637499272992,16.714285714285715,0.0342859126433518,0.5714285714285714,0.8571428571428571,0.7055860805860805,1.4285714285714286,0.3509720093571025,28.142857142857142,0.0047619047619047
85ff699510843b0bb8b1442b6ffab0463bbb31d2,ignite,True,2015-02-14 08:24:56,ignite,16.0,29,19,9,5,1,2.81965194199355,1.0,2.88888888888889,19.2222222222222,712,712.0,536.0,done,8633.0,2015-03-02 14:28:39,False,1664.6148958008882,4.999057191975927,53.09090909090909,0.0342977788924522,0.9090909090909092,1.6363636363636365,0.5167099567099567,3.0,0.2370052525658932,23.181818181818183,0.0
7f7b5620bdeb6450eeadd93626bdd37cfe74e97d,ignite,False,2015-02-14 09:20:31,ignite,,3,1,2,2,1,1.0,5.5,0.0,51.0,713,713.0,537.0,done,6502.0,,False,2909.407185784362,5.038632914914228,51.0,0.0281641865748148,1.0,2.0,0.5181818181818182,5.0,0.109375,22.5,0.0018796992481203
25980ba4d0ffdd53073a251fd9961cc9a797b421,ignite,False,2015-02-14 11:49:29,ignite,,9,2,2,2,1,0.994030211476956,2.0,0.5,22.5,714,714.0,538.0,done,2352.0,,False,1665.4441418349006,5.00763271286996,43.5,0.0264461236199577,1.5,1.5,0.8688311688311688,2.0,0.4083333333333333,32.0,0.0
25f55de1ec650f7a342693b9f4888f3785542689,ignite,False,2015-02-14 11:51:38,ignite,,7,13,1,1,1,0.0,3.0,0.0,22.0,715,715.0,539.0,done,1024.0,,False,2030.1849166925065,5.00312868622243,49.0,0.0241357324631436,1.0,1.0,0.8285714285714286,4.0,0.4,39.0,0.0
79d5d325d68092385a34b8adc63a9fb0244dc79e,ignite,False,2015-02-14 12:03:33,ignite,,0,2,1,1,1,0.0,5.0,0.0,36.0,716,716.0,540.0,done,3687.0,,False,6548.66044846453,5.973379942775028,196.0,0.0299297851129166,2.0,3.0,0.6307692307692307,15.0,0.24,25.0,0.0
947723c92df8d430675f04f00762b1d8f0261682,ignite,False,2015-02-14 12:34:24,ignite,,1684,1771,93,23,1,6.3201142033813,0.0752688172043011,3.68817204301075,6.96774193548387,980,980.0,574.0,done,32078.0,,False,472.9874922048503,4.4888066740299175,15.365019011406844,0.0246042258752371,0.6501901140684411,0.0,0.6349142754181366,0.688212927756654,0.3045107047348444,12.634980988593156,0.0
6699188fe3c0a4fe6e64f908706dd313150f111a,ignite,False,2015-02-14 12:55:22,ignite,,2,5,2,1,1,0.8631205685666309,3.5,0.5,18.5,717,717.0,541.0,done,2075.0,,False,3248.8169788242826,5.487898189279284,84.5,0.0274853281041321,1.5,2.0,0.731729055258467,1.5,0.3393829401088929,27.0,0.0
e66c060ed6bcb4fe8a45790ecfb1476f1bc3b7b5,ignite,False,2015-02-14 13:17:06,ignite,,8,5,3,2,1,1.57662122010749,1.0,0.0,6.33333333333333,981,981.0,575.0,done,959.0,,False,264.47219175272465,5.000799679209323,11.666666666666666,0.0449157808850278,0.0,0.0,0.8333333333333334,1.6666666666666667,0.6343434343434343,17.0,0.0
bdb5ded04b9c41f4dd552c63ba280ff09c769c84,ignite,False,2015-02-14 15:17:26,ignite,,0,2,1,1,1,0.0,2.0,10.0,4.0,983,983.0,577.0,done,644.0,,False,114.4489595550095,4.188177628869049,4.0,0.0349500774454608,0.0,0.0,0.3333333333333333,1.0,0.5,10.0,0.0
09ff25c4692147c53612d804593f5eca01517c55,ignite,True,2015-02-14 18:37:13,ignite,1433.0,13,3,1,1,1,0.0,4.0,4.0,7.0,831,831.0,376.0,done,335.0,2019-01-18 14:01:30,False,1837.9117198448,5.432592507849775,44.0,0.0239402140619221,0.0,0.0,0.935483870967742,2.0,0.5625,20.0,0.021505376344086
5993a245d6be6a2f85c5630ae8b1eb24e483ee59,ignite,False,2015-02-14 18:45:27,ignite,,7,5,2,1,1,0.650022421648354,1.5,1.5,6.0,833,833.0,377.0,done,110.0,,False,446.2476224742121,4.960078339518534,15.0,0.0336136244644459,2.0,0.0,0.8571428571428571,1.0,0.1428571428571428,25.0,0.0
2950a16a5d409340f28ff391e8486733dd38f778,ignite,False,2015-02-14 19:15:22,ignite,,5,95,1,1,1,0.0,10.0,1.0,35.0,166,166.0,106.0,done,5159.0,,False,8206.448342503081,5.380518797912951,218.0,0.0265644759951668,0.0,0.0,0.6785714285714286,1.0,0.3888888888888889,32.0,0.0
9ddc9813cc97992e261c829061cbde0ea6f48962,ignite,False,2015-02-14 19:20:18,ignite,,20,16,10,6,1,3.18587161351952,1.5,4.0,14.1,253,253.0,205.0,done,6890.0,,False,403.1141240459172,4.647751344837984,14.4,0.0401225130900811,0.6,1.1,0.6030049261083743,0.8,0.4728373015873016,26.9,0.0
f1e453c3b93500a2d70085aa71166a1ae0425779,ignite,False,2015-02-14 19:46:25,ignite,,24,28,3,3,1,0.7025882405064989,2.6666666666666696,0.333333333333333,13.0,834,834.0,378.0,done,647.0,,False,926.657761825334,4.5509405633218405,26.5,0.057185002250931,0.5,0.0,0.296875,1.0,0.3804347826086957,23.5,0.0
23781f3bfb4ece965bda8d67aec13609271e7de9,ignite,False,2015-02-14 20:09:28,ignite,,4,4,2,2,1,0.811278124459133,7.0,0.0,72.5,510,510.0,340.0,done,1383.0,,False,957.6738726477034,5.295259843623591,22.0,0.0229723297547797,0.0,0.0,0.6923076923076923,2.0,0.1666666666666666,23.0,0.0
40a95ccca0988690d192b9a2a3d9a317efb39b49,ignite,False,2015-02-14 20:47:59,ignite,,1,2,1,1,1,0.0,2.0,9.0,7.0,223,223.0,37.0,done,126.0,,False,1378.1218592137277,4.881686860547099,36.0,0.0261225085135355,0.0,0.0,0.8823529411764706,1.0,0.5,17.0,0.0
e06e97345be8b573f3d8fbe190c1baa446fc5b43,ignite,True,2015-02-14 21:15:00,ignite,58.0,233,210,48,17,1,4.61156876232741,0.2916666666666669,1.5833333333333302,10.770833333333302,254,254.0,206.0,done,18632.0,2015-04-14 08:43:59,False,798.6086045609627,4.969320867558427,17.41830065359477,0.0266015384825496,0.6601307189542484,0.1699346405228758,0.594780446786946,0.1568627450980392,0.2389861908484268,26.81699346405229,0.0006224712107065
efd0902764f6ddfafd53a5612ffff74cf9875b33,ignite,False,2015-02-14 23:44:23,ignite,,11,1,1,1,1,0.0,1.0,0.0,1.0,177,177.0,111.0,done,371.0,,False,289.7397615207366,4.697342506051493,11.0,0.0393388114503106,0.5,0.0,0.8846153846153846,1.5,0.4499999999999999,21.0,0.0
5fac852c40261cb76dae48d1e6c2b214a3e01f30,ignite,False,2015-02-14 23:53:39,ignite,,6,6,1,1,1,0.0,1.0,0.0,2.0,178,178.0,112.0,done,381.0,,False,290.0428711780318,4.730958797406733,8.75,0.0313974578329138,0.25,0.25,0.6482142857142856,0.75,0.4821428571428571,20.0,0.0
a8573b48ad454c7c27271e8eb2dd512ff9fb1f05,ignite,False,2015-02-15 12:11:40,ignite,,7,8,3,3,1,0.6998428398862391,2.6666666666666696,0.333333333333333,10.6666666666667,519,519.0,346.0,done,326.0,,False,2050.4819168050594,4.891100621132953,42.0,0.0319761997514328,0.5,0.0,0.859375,0.5,0.140625,16.5,0.0
16c3cceeb2e5110832b34d8b77596036071c2f4c,ignite,False,2015-02-15 12:59:59,ignite,,5,6,1,1,1,0.0,4.0,0.0,28.0,725,725.0,546.0,done,1303.0,,False,1036.8626361375802,5.258955929886423,25.0,0.0241111976926158,0.0,0.0,0.5555555555555556,2.0,0.5,28.0,0.0
911f33741b53ff0d250bfa86b386f7d88ca4111a,ignite,False,2015-02-15 14:01:06,ignite,,2,2,1,1,1,0.0,4.0,0.0,29.0,726,726.0,547.0,done,1302.0,,False,491.1428751370197,4.7180711556285955,18.0,0.0366492133169565,0.0,0.0,0.7777777777777778,0.0,0.6666666666666666,27.0,0.0
953e2437af01180840240451698973d37991784c,ignite,False,2015-02-15 14:57:56,ignite,,0,11,1,1,1,0.0,2.0,0.0,25.0,996,996.0,588.0,done,844.0,,False,705.3258850500085,5.311067155674865,24.0,0.0340268243498512,1.0,0.0,0.875,4.0,0.2,27.0,0.0
5085e46810534f4e536b1c3f2e85466ea2f2a5a9,ignite,False,2015-02-15 15:41:33,ignite,,1,70,1,1,1,0.0,2.0,0.0,28.0,999,999.0,591.0,done,835.0,,False,856.0793678998616,5.313628476134301,30.5,0.0380324413758322,1.0,0.0,0.719047619047619,1.0,0.3708791208791209,25.0,0.0
387c24dd8b87ba5b0dadb420247c0505ffcf1163,ignite,False,2015-02-15 16:48:46,ignite,,5,5,2,2,1,0.7219280948873621,3.5,0.0,10.5,727,727.0,548.0,done,451.0,,False,1323.6216813999013,4.054586517175236,53.4,0.0333403293550288,0.0,0.0,1.0,0.0,0.98,10.6,0.0
4e0ccef955138052e87ce5f63e85a9b94fcab0b0,ignite,False,2015-02-15 17:05:06,ignite,,2,2,2,2,1,1.0,1.5,0.0,9.0,729,729.0,550.0,done,1177.0,,False,1484.0513927496308,4.65222229383815,40.5,0.0328473008580993,0.0,0.0,0.9285714285714286,1.5,0.1785714285714285,20.0,0.0
b46cea826650fe83072dea431d4fe2a234778c27,ignite,False,2015-02-15 17:18:14,ignite,,3,4,1,1,1,0.0,3.0,0.0,12.0,1006,1006.0,597.0,done,164.0,,False,46.50699332842307,4.173033892020167,3.0,0.0645064276422816,0.0,0.0,0.6666666666666666,2.0,0.0,13.0,0.0
497fc8761e158c11cecd83c7d2606d6dd059b5cb,ignite,False,2015-02-15 17:23:23,ignite,,69,69,1,1,1,0.0,3.0,0.0,12.0,1007,1007.0,598.0,done,217.0,,False,451.6488019994424,4.579204895205956,17.5,0.0387155458455809,1.0,0.0,0.95,1.5,0.4761904761904761,12.0,0.0
70c50f526af009f6f54d98770dd98eae9ac99ce6,ignite,False,2015-02-16 02:52:44,ignite,,32,38,3,1,1,1.5803341042062602,1.0,1.0,6.33333333333333,520,520.0,347.0,done,298.0,,False,300.428875629965,4.889460587910449,11.375,0.0456591584882909,0.5,0.0,0.7173611111111111,1.375,0.286075036075036,23.125,0.0
274679d74cf482703e0f78493287e5253df605c5,ignite,False,2015-02-16 04:42:31,ignite,,10,4,2,2,1,0.591672778582327,1.0,17.5,3.5,892,892.0,464.0,done,602.0,,False,284.8705737141674,4.4931172792859035,10.5,0.0352264998107121,1.0,0.0,0.1666666666666666,0.0,0.0,16.5,0.0
7326485ba5854b2596ff9b3d54b727ad841a6fff,ignite,False,2015-02-16 10:01:40,ignite,,25,27,2,2,1,0.3912435636292561,7.0,0.0,75.0,1011,1011.0,601.0,done,705.0,,False,1759.5228834506995,5.654718776662143,41.0,0.0233017713981602,1.0,2.0,0.5945945945945946,11.0,0.3571428571428571,28.0,0.0
7b0466e55ce1ac2fd7be92b4a01eb7fd31a9a5f2,ignite,False,2015-02-16 12:46:06,ignite,,1,1,1,1,1,0.0,1.0,0.0,4.0,1014,1014.0,603.0,done,731.0,,False,2035.3991216952236,5.709948763164188,41.0,0.0201434694370175,1.0,3.0,0.5897435897435898,11.0,0.3571428571428571,28.0,0.0
2d20498d2eb2b7210b68dbc25e84fd741d645368,ignite,False,2015-02-16 12:48:49,ignite,,3,0,1,1,1,0.0,1.0,0.0,5.0,1015,1015.0,604.0,done,731.0,,True,2086.9747624990473,5.703633773707561,41.0,0.0196456616230972,1.0,3.0,0.575,11.0,0.3571428571428571,28.0,0.0
33d50f672ebbaabc8acec8fb777fc1dc987951ba,ignite,False,2015-02-16 15:18:07,ignite,,2,1,1,1,1,0.0,2.0,10.0,5.0,1017,1017.0,606.0,done,106.0,,False,1069.4270785427757,3.755686390450233,41.0,0.0383382848841526,0.0,0.0,1.0,0.0,0.0,13.0,0.0
522b23b4a0776795251956a0e6ce4c21dd25ce13,ignite,False,2015-02-16 18:35:16,ignite,,1,49,1,1,1,0.0,12.0,0.0,50.0,224,224.0,134.0,done,2320.0,,False,12465.276988122776,6.098177316687377,319.0,0.0255910879721285,1.0,1.0,0.924812030075188,1.0,0.375,26.0,0.0054945054945054
60d678056688316b5b4380651c84b4ef94684be4,ignite,False,2015-02-16 18:41:30,ignite,,2,0,1,1,1,0.0,12.0,0.0,51.0,225,225.0,135.0,done,2272.0,,False,12567.942582567915,6.095454239896776,320.0,0.0254616058195435,1.0,1.0,0.925925925925926,1.0,0.3846153846153846,26.0,0.0054744525547445
cd74359c982efe24d9e4247af61629c4d4538fbf,ignite,False,2015-02-16 18:43:17,ignite,,8,8,2,2,1,0.811278124459133,4.5,0.0,25.5,1484,1484.0,1072.0,done,6022.0,,False,2179.476259073043,4.590962889411504,51.125,0.0743389240515409,0.0,0.0,0.1198403426791277,4.75,0.5385436432637571,19.25,0.0007621951219512
b1a7ab40fbe46709bf1c460e874ad8c1c3620834,ignite,False,2015-02-16 19:48:55,ignite,,2,2,1,1,1,0.0,2.0,0.0,2.0,1490,1490.0,1075.0,done,240.0,,False,542.6368353362358,5.276132066522825,23.0,0.0425415475263113,1.0,1.0,0.7,0.5,0.641025641025641,24.0,0.0
d220443a356676db07e9e05e27f670ca6212f210,ignite,False,2015-02-16 19:57:10,ignite,,4,4,2,2,2,0.811278124459133,10.0,0.5,95.5,57,57.0,0.0,done,385.0,,False,366.13687830605954,4.690704376891636,11.0,0.0278573035281506,0.0,0.0,0.5714285714285714,0.0,0.2291666666666666,20.5,0.0
f0209856df3b4898fd54b331e05ba0a7956ab250,ignite,True,2015-02-16 21:46:06,ignite,23.0,118,1795,8,4,2,1.23199465529884,1.25,0.0,10.375,850,850.0,0.959846524675673,done,385.0,2015-03-12 08:44:25,False,227.77444074418676,4.603612578343028,7.0,0.0311513824328141,0.0,0.0,0.5,0.0,0.2569444444444444,21.5,0.0
9138bd628a869ff0e9342f738e58880825807f9a,ignite,False,2015-02-16 22:15:08,ignite,,30,19,1,1,1,0.0,1.0,0.0,6.0,1491,1491.0,1076.0,done,734.0,,False,205.3862416759684,4.786071962908755,10.0,0.048545634860873,1.0,2.0,0.6666666666666666,1.5,0.25,22.0,0.0
9e058a1d20bf4f54d1f81915ccbf6aa180a2b88d,ignite,False,2015-02-16 22:19:34,ignite,,1,0,1,1,1,0.0,13.0,0.0,130.0,229,229.0,137.0,done,2291.0,,False,3282.579337001232,4.641701542343001,75.0,0.0228478864637329,0.0,0.0,1.0,1.0,0.0,8.0,0.0
b20091270022f24e7427c04d6db6b476a9c4b16b,ignite,False,2015-02-16 23:13:39,ignite,,1,0,1,1,1,0.0,13.0,0.0,131.0,231,231.0,138.0,done,1939.0,,False,2870.099643664315,4.609001794525971,67.0,0.0233441372489979,0.0,0.0,1.0,1.0,0.0,8.0,0.0
a4101a5f52415abe68e4ac471b317657d49099ff,ignite,False,2015-02-17 12:36:27,ignite,,1,0,1,1,1,0.0,4.0,1.0,7.0,496,496.0,231.0,done,159.0,,False,291.4272625247477,4.12540278503478,15.0,0.0514708194080717,0.0,0.0,1.0,1.0,0.0,11.0,0.0
684ed836aa13386cc5dae364b18890562e727ba7,ignite,False,2015-02-17 17:27:29,ignite,,2,1,1,1,1,0.0,7.0,6.0,24.0,1499,1499.0,1080.0,done,731.0,,False,18.094737505048094,4.195975712100504,1.0,0.0552646867477916,0.0,0.0,0.0,2.0,0.0,21.0,0.0
862fac94ad9d7ca541d839e5f54dc051516cadcb,ignite,False,2015-02-17 17:52:05,ignite,,12,2,1,1,1,0.0,7.0,3.0,20.0,1500,1500.0,1081.0,done,1427.0,,False,766.5708497116037,5.241569527186383,31.0,0.0404398367243715,1.0,0.0,0.6818181818181818,2.0,0.1176470588235294,28.0,0.0
570bbfd975e8996f4f1aca1236e0c90688a56175,ignite,False,2015-02-17 18:31:37,ignite,,2,4,1,1,1,0.0,10.0,5.0,29.0,233,233.0,139.0,done,1428.0,,False,201.90890672641936,4.515910631267916,6.0,0.0297163710966442,1.0,0.0,0.4285714285714285,0.0,0.5,24.0,0.0
5de17ee0deebdf1013583fa83679f941257008e1,ignite,False,2015-02-17 19:57:58,ignite,,1,1,1,1,1,0.0,1.0,3.0,3.0,863,863.0,396.0,done,79.0,,False,756.1806256313128,3.905166343186578,29.0,0.0383506255212354,0.0,0.0,1.0,0.0,0.5,13.0,0.0
81a688d563414638e3d35e804fe517f48d11b318,ignite,False,2015-02-17 19:58:54,ignite,,1,1,1,1,1,0.0,7.0,0.0,25.0,1501,1501.0,1082.0,done,732.0,,False,39.86313713864835,4.135303210267544,1.0,0.0250858329719984,0.0,0.0,0.3333333333333333,1.0,0.0,18.0,0.0
7e19e2e82cb5b361c38d5a8a9f32ce43cc738a8a,ignite,False,2015-02-17 20:49:23,ignite,,2,2,1,1,1,0.0,7.0,0.0,26.0,1502,1502.0,1083.0,done,732.0,,False,294.9617470975577,5.109704194133179,19.0,0.0644902062926407,1.0,0.0,0.6,3.0,0.0,21.5,0.0
69e2a7d97d6c04a1244cdbfbd0b3855ee6216759,ignite,False,2015-02-17 21:09:29,ignite,,12,11,1,1,1,0.0,0.0,0.0,0.0,911,911.0,65.0,done,96.0,,False,289.1397816379256,4.651945199080393,11.0,0.0377464505275776,0.5,0.0,0.7571428571428571,0.5,0.5,16.5,0.0
0dda33a309e5928362a4a165d39cb51979b06a0e,ignite,False,2015-02-17 21:14:56,ignite,,4,9,1,1,1,0.0,1.0,0.0,2.0,914,914.0,67.0,done,96.0,,False,202.04660144782295,4.247958336583811,7.0,0.0346454726277971,0.0,0.0,0.75,1.0,0.6666666666666666,15.0,0.0
0865ad4d95cccb05286077ce1d649f590500e79e,ignite,False,2015-02-17 21:24:41,ignite,,4,0,1,1,1,0.0,12.0,0.0,106.0,1503,1503.0,1084.0,done,6326.0,,False,91.28162353435572,4.4382820976140485,5.5,0.0688592655532017,0.0,0.0,1.0,1.0,0.5,14.0,0.0
e3a6c22f7e41b0b4171f12e3708eaf69a735cebc,ignite,False,2015-02-17 22:10:01,ignite,,1,1,1,1,1,0.0,1.0,13.0,2.0,1506,1506.0,1086.0,done,527.0,,False,285.0,5.249572975446573,20.0,0.0701754385964912,0.0,0.0,1.0,7.0,0.1428571428571428,22.0,0.0
7cfcaa7e4f77135db8a1bf31d2f33114a027eb83,ignite,False,2015-02-18 07:43:01,ignite,,26,30,1,1,1,0.0,2.0,2.0,31.0,1023,1023.0,607.0,done,788.0,,False,583.404161201578,4.983472706553588,20.666666666666668,0.0341145011086726,0.6666666666666666,0.0,0.8126984126984128,1.0,0.2472527472527472,21.0,0.0
c7dad84fb3b8ee6d2199e23644f2335837781b70,ignite,False,2015-02-18 12:02:56,ignite,,6,3,1,1,1,0.0,0.0,0.0,0.0,498,498.0,232.0,done,248.0,,False,41.209025018750054,3.823934896284056,3.0,0.0727995869505527,0.0,0.0,1.0,1.0,0.6666666666666666,15.0,0.0
3cbc0ca392a4622c81028f5815b1319db9097f41,ignite,True,2015-02-18 12:29:04,ignite,63.0,11,0,2,2,1,0.845350936622437,2.5,0.5,20.5,739,739.0,556.0,done,3711.0,2015-04-22 13:41:28,False,2413.349467164025,4.9857769235494285,73.5,0.0290004400693784,1.0,2.0,0.4943181818181818,4.5,0.2956989247311827,24.0,0.0
7ada6a5f5a339b1282bd554c068b380254f78065,ignite,True,2015-02-18 17:28:42,ignite,283.0,22,6,1,1,1,0.0,1.0,5.0,1.0,499,499.0,233.0,done,205.0,2015-11-29 13:44:51,False,564.723588890506,5.129035752502784,22.333333333333332,0.0414413072649465,0.6666666666666666,0.0,0.8222222222222223,3.6666666666666665,0.1809116809116809,22.333333333333332,0.0
ca2f6683b88803597644ad862df67ac5aeeafb42,ignite,False,2015-02-18 18:05:46,ignite,,0,1,1,1,1,0.0,13.0,1.0,60.0,235,235.0,140.0,done,3052.0,,False,10943.49418500352,5.991493019485986,229.0,0.0209256747551263,1.0,3.0,0.608,9.0,0.45,28.0,0.0
6289eae3de1147cb6cc9ead50a2a15e2df2183f9,ignite,False,2015-02-18 18:07:06,ignite,,1,3,1,1,1,0.0,13.0,0.0,61.0,236,236.0,141.0,done,3051.0,,False,106.27403387250882,4.1399348820243445,4.0,0.0376385449412655,0.0,0.0,0.6,1.0,0.5,22.0,0.0
b70a4d983adeec7893d4e9f30972542232a12ace,ignite,False,2015-02-18 18:13:28,ignite,,0,7,1,1,1,0.0,9.0,0.0,39.0,239,239.0,144.0,done,856.0,,False,2215.585045192593,4.507445399094164,77.0,0.0347538002059887,0.0,0.0,1.0,1.0,0.0263157894736842,15.0,0.0
fdbf0ed3be36bbeccd1441d0504cf5f99a2453ad,ignite,False,2015-02-18 19:53:25,ignite,,3,0,1,1,1,0.0,2.0,2.0,8.0,870,870.0,399.0,done,875.0,,False,22.458839376460833,3.5304930567574826,1.0,0.0445258983885027,0.0,0.0,0.0,0.0,1.0,8.0,0.0
0c8c2eb550d6bbdeedb4ed9aec8659753c381f6f,ignite,False,2015-02-18 20:28:33,ignite,,8,8,6,3,1,2.40563906222957,1.8333333333333304,0.833333333333333,14.666666666666698,247,247.0,150.0,done,8584.0,,False,3054.7300006899454,5.30497758937404,72.85714285714286,0.019132158552765,0.5714285714285714,0.4285714285714285,0.6073378077549002,0.4285714285714285,0.355484693877551,22.428571428571427,0.0
30108dbf02c4684bf9752ed039e6d26877414102,ignite,False,2015-02-18 20:48:15,ignite,,1,1,1,1,1,0.0,7.0,5.0,17.0,918,918.0,471.0,done,1008.0,,False,216.22022703449025,4.560413652339356,7.0,0.0323743994537726,1.0,0.0,1.0,0.0,0.5,20.0,0.0
7f06ab0d1dc2b6676c60472cee83c37a7ee80404,ignite,False,2015-02-18 22:55:40,ignite,,19,16,2,2,1,0.7219280948873621,5.5,0.0,32.0,254,254.0,157.0,done,7241.0,,False,5056.484773031355,5.518950460974251,121.5,0.0230050551196921,0.75,0.75,0.6983823806828899,0.5,0.5109871031746032,26.5,0.0
590908227402f81df68f65c342a46159d2231649,ignite,False,2015-02-18 23:05:52,ignite,,21,13,2,1,1,0.522559374536941,3.0,4.0,9.0,1511,1511.0,1090.0,done,505.0,,False,276.84246476409055,4.777418441182548,7.6,0.0286854851579325,0.2,0.0,0.2545454545454545,0.0,0.2999999999999999,24.8,0.0
510fd17e796e4286e19cc109a920e2245d7b44ff,ignite,False,2015-02-18 23:42:06,ignite,,16,15,4,2,1,1.6001908764824502,2.5,0.0,30.0,741,741.0,492.0,done,5901.0,,False,1188.3712052695955,4.96024515611303,42.0,0.0448743381326846,0.4285714285714285,0.2857142857142857,0.9223361475737836,4.714285714285714,0.5018095150147971,20.571428571428573,0.0
b1531c029f92b724a04e4bae0f6a4b7dffac4a09,ignite,False,2015-02-19 01:56:22,ignite,,2,5,2,2,1,0.591672778582327,4.5,0.0,26.5,1516,1516.0,1091.0,done,2106.0,,False,212.3963756721793,4.445881611822378,6.0,0.0282490696039965,0.0,0.0,0.5,0.0,0.6666666666666666,23.0,0.0
83d073f366fd8d851a06fdc8882eb37067f12cbd,ignite,False,2015-02-19 12:12:25,ignite,,13,3,1,1,1,0.0,2.0,1.0,8.0,872,872.0,400.0,done,84.0,,False,460.7494723971552,5.260909701782191,22.0,0.0477482912471715,1.0,0.0,1.0,1.0,0.2727272727272727,27.0,0.0
1944ae3aa0af4fe9c4c0eb2511591a9962fe420c,ignite,False,2015-02-19 21:14:33,ignite,,1,1,1,1,1,0.0,10.0,0.0,37.0,745,745.0,496.0,done,1780.0,,False,98.09910819000814,4.321095905910891,7.0,0.0713564081178159,0.0,0.0,0.5,1.0,0.5,12.0,0.0
4565dfdc86866ee6fe7256595b4a089d02c167ed,ignite,False,2015-02-19 21:44:58,ignite,,1,1,1,1,1,0.0,6.0,0.0,26.0,264,264.0,164.0,done,681.0,,False,908.6608465537306,4.952527323954554,28.0,0.0308145774148796,0.0,0.0,0.9285714285714286,1.0,0.2727272727272727,22.0,0.0
75debb4387bdcb39109c3444c44b4d7a6b649c45,ignite,False,2015-02-19 21:59:53,ignite,,8,6,1,1,1,0.0,6.0,0.0,27.0,265,265.0,165.0,done,681.0,,False,1521.022589737764,5.291626581618099,35.0,0.0230108351027411,0.0,0.0,0.7142857142857143,1.0,0.5,21.0,0.0
203da0201ccf9908fdc07bb129245b730dd73fa1,ignite,False,2015-02-19 23:03:26,ignite,,7,4,2,1,1,0.845350936622437,1.0,16.0,7.0,925,925.0,475.0,done,626.0,,False,33.0,3.9219280948873623,2.0,0.0606060606060606,0.0,0.0,0.0,0.0,1.0,11.0,0.0
446192fafdca3f3ec9d58e9b78fd17417e62de3d,ignite,False,2015-02-20 00:08:18,ignite,,2,2,1,1,1,0.0,13.0,0.0,66.0,267,267.0,166.0,done,2717.0,,False,553.4805218682857,4.861339067682962,18.0,0.0325214696611916,0.0,0.0,1.0,0.0,0.7777777777777778,13.0,0.0
b4cb17cabfe18af03a38356daba58e0e108a7fed,ignite,False,2015-02-20 07:58:06,ignite,,4,4,2,2,1,1.0,6.0,3.0,41.5,742,742.0,558.0,done,4102.0,,False,539.8596340396986,4.964470488460634,18.333333333333332,0.036421941012369,1.3333333333333333,0.0,0.8037037037037037,1.6666666666666667,0.2576312576312576,25.333333333333332,0.0
86b233c9ecf27ed88880231d983e823af5f819d1,ignite,False,2015-02-20 13:42:41,ignite,,16,3,2,1,1,0.949452015387948,1.5,2.0,15.0,1035,1035.0,616.0,done,524.0,,False,5000.065993563383,4.806412662836153,15.0,0.0029999604043845,2.0,86.0,1.0,1.0,0.3333333333333333,13.0,0.0
cad3dde6acd552aa0dfa209b525ede51b835c281,ignite,False,2015-02-20 18:13:42,ignite,,5,3,1,1,1,0.0,4.0,4.0,12.0,748,748.0,498.0,done,194.0,,False,200.67442283867837,4.854831348378027,11.0,0.0548151570309628,1.0,0.0,0.6,0.0,0.2,30.0,0.0
add4ee47b1b74ab993dd2155847e4134395058ad,ignite,False,2015-02-20 18:22:49,ignite,,7,7,2,1,1,0.591672778582327,6.5,0.0,46.0,749,749.0,499.0,done,6168.0,,False,3524.1365020016237,5.1668934388042675,97.5,0.033990981713013,0.0,0.0,0.734375,7.0,0.3289473684210526,24.5,0.0
36e9236c97ec0b8d98b929ff965405f688d5c24f,ignite,False,2015-02-20 20:05:09,ignite,,2,2,1,1,1,0.0,11.0,0.0,40.0,5,5.0,1.0,done,1798.0,,False,270.5127875425482,4.538391056293428,10.0,0.03696682915009,0.0,0.0,1.0,1.0,0.3333333333333333,22.0,0.0
56d278d26b8b1fcd0a6d3dd5e106ea69c9c740be,ignite,False,2015-02-20 20:35:29,ignite,,5,10,1,1,1,0.0,5.0,0.0,13.0,1533,1533.0,1102.0,done,196.0,,False,835.9953394786509,5.145101556923585,17.0,0.0272288490732983,1.5,0.0,0.4492753623188406,1.5,0.1916666666666666,22.0,0.0
687b618efc653e5129a1d04c7b3f42fde556c155,ignite,False,2015-02-20 20:59:41,ignite,,15,13,1,1,1,0.0,13.0,0.0,70.0,276,276.0,171.0,done,2736.0,,False,941.6226067672682,4.900870426155586,29.0,0.0307979011884191,0.0,0.0,0.8461538461538461,0.0,0.7272727272727273,22.0,0.0
5eeb8a2a578d77d648977dc58b7588da5e6df6fc,ignite,False,2015-02-20 21:15:40,ignite,,3,3,2,2,1,0.91829583405449,7.5,1.5,102.0,279,279.0,174.0,done,4675.0,,False,391.6582355644366,4.657440738866982,13.333333333333334,0.0372386164822456,0.3333333333333333,0.0,0.6153846153846154,0.0,0.7757575757575758,19.333333333333332,0.0
d57dc2373a0127a16f0c1f10860c40259b228882,ignite,False,2015-02-20 21:23:12,ignite,,7,1,2,2,1,0.954434002924965,7.0,0.0,37.5,280,280.0,175.0,done,2737.0,,False,220.0782000346155,4.730730293901446,10.0,0.0454383941636524,1.0,0.0,1.0,0.0,0.6,20.0,0.0
a96bb1029c68eda1dee28a424cc8874ad04c31aa,ignite,False,2015-02-20 21:28:07,ignite,,2,2,1,1,1,0.0,13.0,0.0,74.0,281,281.0,176.0,done,2738.0,,False,220.0782000346155,4.730730293901446,10.0,0.0454383941636524,1.0,0.0,1.0,0.0,0.6,20.0,0.0
798cce8161c88a87c2bb60973c2d5ceabf22826b,ignite,False,2015-02-20 22:03:29,ignite,,9,31,3,3,2,1.32936588746849,3.0,11.666666666666698,4.66666666666667,73,73.0,0.366077834244976,done,183.0,,False,1173.085694255636,5.212536818600042,42.0,0.0358030109868916,0.0,0.0,0.75,1.0,0.6428571428571429,22.0,0.0
7e2b2e250ba70b5f936036d0d9003812f2a6d07d,ignite,False,2015-02-20 23:07:15,ignite,,29,29,1,1,1,0.0,12.0,0.0,54.0,285,285.0,178.0,done,2231.0,,False,11409.246935478235,6.068398605482397,281.0,0.0246291452528914,1.0,1.0,0.9193548387096774,1.0,0.3409090909090909,26.0,0.0059405940594059
51e25c1b4108d147fae0628cd9e74ac0376893d4,ignite,False,2015-02-21 01:02:40,ignite,,7,1,2,2,1,0.811278124459133,7.5,0.0,105.0,290,290.0,182.0,done,1938.0,,False,4.754887502163468,3.906890595608518,1.0,0.2103099178571525,0.0,0.0,0.0,0.0,1.0,11.0,0.0
51b8ae51d24a7fca41f083794866eac30ec58a98,ignite,False,2015-02-21 01:09:50,ignite,,4,3,1,1,1,0.0,13.0,0.0,77.0,291,291.0,183.0,done,2751.0,,False,116.0,3.867794392287773,4.0,0.0344827586206896,0.0,0.0,0.6666666666666666,0.0,1.0,18.0,0.0
e7171b064457e50ce141261f0946326f4165f565,ignite,False,2015-02-22 19:10:25,ignite,,1,2,1,1,1,0.0,8.0,2.0,19.0,262,262.0,211.0,done,1118.0,,False,499.9129966509874,5.174523068484879,6.0,0.0120020884437795,1.0,1.0,0.75,2.0,0.2857142857142857,20.0,0.0
b5c966d7c3f3b2eb07462dc02ad8a89ec422d669,ignite,False,2015-02-24 18:55:17,ignite,,4,4,1,1,1,0.0,12.0,0.0,43.0,293,293.0,184.0,done,1894.0,,False,2983.2104790358244,5.133003378749772,89.0,0.0298336307898612,0.0,0.0,0.9705882352941176,1.0,0.6956521739130435,21.0,0.0
17344b9b66d1349df52a077c4430ac59a653a640,ignite,False,2015-02-24 20:46:43,ignite,,3,0,1,1,1,0.0,3.0,3.0,7.0,295,295.0,186.0,done,828.0,,False,366.2973245700245,4.558178639313051,23.0,0.0627905214077072,0.0,0.0,0.9,1.0,0.8181818181818182,16.0,0.0
962f78c79da4a3280b61d535c772c290def65b38,ignite,False,2015-02-24 21:00:59,ignite,,3,0,1,1,1,0.0,1.0,19.0,4.0,296,296.0,187.0,done,598.0,,False,488.0572587502534,4.54791363388519,26.0,0.0532724378827538,0.0,0.0,0.9090909090909092,1.0,0.8,14.0,0.0
dc085d828cd5ec574da2e6abdf5dca7c3bb4d8a5,ignite,False,2015-02-24 23:05:15,ignite,,6,3,2,1,1,0.991076059838222,2.0,9.0,4.5,6,6.0,2.0,done,495.0,,False,278.67061206436153,5.0494519533767965,8.5,0.0306642554606149,0.0,0.0,0.6527777777777778,2.5,0.2936507936507936,20.0,0.0
d6793f24b0b6c689321759d61c1cf20fcac11bf9,ignite,False,2015-02-24 23:21:55,ignite,,2,3,1,1,1,0.0,5.0,0.0,10.0,7,7.0,3.0,done,335.0,,False,292.36913196586306,5.036255353314086,8.0,0.0273626697394787,0.0,0.0,0.5555555555555556,3.0,0.4444444444444444,22.0,0.0
387547b883ea3ec5bbcf852e67fe859cef29b812,ignite,False,2015-02-25 00:44:03,ignite,,3,3,1,1,1,0.0,7.0,13.0,20.0,298,298.0,189.0,done,1451.0,,False,36.0,4.000559961488395,1.0,0.0277777777777777,0.0,0.0,0.3333333333333333,1.0,0.0,18.0,0.0
e8ff77931dd481b96321c89280c27e4567ae9598,ignite,False,2015-02-25 00:57:19,ignite,,2,1,1,1,1,0.0,5.0,14.0,12.0,299,299.0,190.0,done,81.0,,False,243.00301253822127,4.5271336419417025,14.0,0.0576124544867441,1.0,0.0,0.7142857142857143,0.0,0.2,22.0,0.0
93c03ae33a0ceacdfc9d90c066862bdb4a30e65f,ignite,False,2015-02-25 08:06:05,ignite,,5,1,2,2,2,0.91829583405449,8.0,0.0,46.5,537,535.0,1.6566293066707,done,1778.0,,False,1196.7900356329735,5.435086592312635,35.0,0.029244895894783,0.0,0.0,0.6666666666666666,7.0,0.2941176470588235,28.0,0.0
9ed2a39bd6aba5db40b29141a5994d29576f8f39,ignite,False,2015-02-25 08:48:45,ignite,,9,1,1,1,1,0.0,15.0,4.0,154.0,540,537.5,358.0,done,1430.0,,False,310.5573837501194,4.725088346981554,12.0,0.0369760521274973,0.0,0.0,0.5,1.0,0.5,27.666666666666668,0.0
dd51ef5f14e4b0bee8ff7192978b4ff153618a71,ignite,False,2015-02-25 13:27:13,ignite,,17,11,1,1,1,0.0,1.0,4.0,5.0,1044,1040.5,624.0,done,826.0,,False,1298.7443458516966,4.996506231405261,57.0,0.0436287980855683,0.6,0.0,0.5652380952380953,3.2,0.2991575091575091,31.0,0.0
c982177761dfb3fed83c304a0c6f1b8056f69a91,ignite,False,2015-02-25 15:24:44,ignite,,5,5,2,2,1,0.970950594454669,2.5,0.0,5.5,1542,1537.0,1105.0,done,937.0,,False,569.1636465399296,4.683230708733381,21.5,0.039654824349617,0.5,0.0,0.7624223602484472,1.5,0.4861111111111111,23.5,0.0
e24e917930fbb81abdd7e3bf95b2303db49586c0,ignite,False,2015-02-25 18:03:02,ignite,,11,0,1,1,1,0.0,4.0,15.0,4.0,301,301.0,191.0,done,170.0,,False,548.0527402249119,4.810013037313122,17.0,0.0310189125101782,0.0,0.0,0.4285714285714285,0.0,0.1428571428571428,18.0,0.0
c0345ada9d59e7a3b54e5a58b43fe0d22d5a4bac,ignite,False,2015-02-25 18:26:43,ignite,,0,11,1,1,1,0.0,5.0,0.0,5.0,302,302.0,192.0,done,181.0,,False,432.38462934720286,4.840662369119202,17.0,0.0393168462664038,0.0,0.0,0.4285714285714285,0.0,0.1428571428571428,18.0,0.0
b39df2456431d2475880cde6c73931e1311d22c2,ignite,False,2015-02-25 19:18:25,ignite,,1,0,1,1,1,0.0,6.0,0.0,22.0,303,303.0,193.0,done,956.0,,False,25.26619429851844,3.641249800455478,0.0,0.0,0.0,0.0,0.0,0.0,0.0,10.0,0.0
96e449a7dfce4385100058a99e0fecd30aeb9a4e,ignite,False,2015-02-25 21:02:16,ignite,,20,28,1,1,1,0.0,2.0,0.0,5.0,200,200.0,122.0,done,418.0,,False,767.5582858003079,5.257503206807181,24.0,0.0307779284249073,1.0,0.0,0.5227272727272727,0.0,0.5357142857142857,25.0,0.0
07cc9212cbb1222292c40b7506d81da8c2e7fae6,ignite,False,2015-02-25 21:47:24,ignite,,10,2,1,1,1,0.0,5.0,0.0,15.0,304,304.0,194.0,done,720.0,,False,809.6560943709644,4.891731361049712,23.5,0.0380237717732493,0.5,0.5,0.6480769230769231,0.5,0.3454545454545454,18.0,0.0
c26f64a187c5683714b1ce2b695702a42d21b73f,ignite,False,2015-02-25 22:05:35,ignite,,10,2,1,1,1,0.0,5.0,0.0,16.0,306,306.0,196.0,done,652.0,,False,854.9666648999189,4.91575286043828,24.0,0.033722118188216,0.5,0.5,0.6583333333333333,0.5,0.3232323232323232,18.0,0.0
c80ab63626a5c9519476a66cb386b427449f5cea,ignite,False,2015-02-26 00:02:49,ignite,,409,10,24,2,1,4.58156109381841,0.166666666666667,275.95833333333303,1.125,82,82.0,46.0,done,85.0,,False,50.18947501009619,4.510012584300539,4.0,0.0796979844717513,1.0,0.0,1.0,1.0,0.0,14.0,0.0
a2dec177e962816aa2cb6ed1dc59f64d955284f4,ignite,False,2015-02-26 03:01:37,ignite,,10,396,24,2,1,4.5497972843963215,0.166666666666667,0.0,2.125,87,87.0,49.0,done,102.0,,False,50.18947501009619,4.528465488430548,4.0,0.0796979844717513,1.0,0.0,1.0,1.0,0.0,14.0,0.0
4a356f8195a44c10b8b30d7fabc0a77df6cb60a9,ignite,False,2015-02-26 15:17:38,ignite,,1,8,3,3,1,1.22439444540599,3.3333333333333304,0.333333333333333,17.0,1552,1544.0,1111.0,done,1247.0,,False,85.91292365115237,4.03155226237134,1.0,0.0065048642484843,0.0,0.0,0.125,0.5,0.0,23.0,0.0
f27e9d216b0a612058f71730704eb1daf5b22544,ignite,False,2015-02-26 15:29:55,ignite,,6,5,1,1,1,0.0,4.0,0.0,12.0,311,311.0,199.0,done,360.0,,False,77.03902265540897,4.126407184066809,1.5,0.0194215158953253,0.0,0.0,0.1666666666666666,1.0,0.0,24.0,0.0
631a953f6b4f6863a76e2a4f1edd5ce656e51972,ignite,False,2015-02-26 17:26:30,ignite,,0,2,1,1,1,0.0,12.0,3.0,58.0,312,312.0,200.0,done,2228.0,,False,11156.323628883449,6.078709231444559,275.0,0.0246496972612045,1.0,1.0,0.9159663865546218,1.0,0.3409090909090909,26.0,0.006
7b79009e2d01f937038e28d233ca38d0e9fdae71,ignite,False,2015-02-26 17:35:19,ignite,,24,6,2,2,1,1.0,4.0,5.0,6.5,94,94.0,4.0,done,185.0,,False,1254.3886631644425,5.219067361900193,47.0,0.0374684508718639,0.0,0.0,0.7619047619047619,1.0,0.5714285714285714,21.0,0.0
3a466e8cbdbde90bbc4debb5f9b998621e2804e7,ignite,False,2015-02-26 19:03:07,ignite,,3,5,2,1,1,0.954434002924965,4.5,0.0,15.0,202,202.0,123.0,done,1378.0,,False,563.3430790362975,4.815016771881454,16.5,0.0292702749675998,0.5,0.0,0.5538461538461539,1.0,0.4147727272727273,23.0,0.0
5ed43d19995f70e0bd338c74626d5236be3b639a,ignite,False,2015-02-26 19:18:12,ignite,,63,18,1,1,1,0.0,1.0,8.0,1.0,97,97.0,51.0,done,282.0,,False,158.26133577454226,4.792957610863439,6.428571428571429,0.0406730147148501,0.0,0.0,0.5142857142857143,1.7142857142857142,0.2174603174603174,14.142857142857142,0.0
dd11f19c1a340b1478a14fcb4270edf11d00b0f9,ignite,False,2015-02-26 19:30:37,ignite,,3,4,1,1,1,0.0,2.0,12.0,3.0,752,738.5,502.0,done,263.0,,False,2425.9308005386897,3.741442683063817,83.0,0.0342136717096668,0.0,0.0,0.5,0.0,0.3333333333333333,22.0,0.0
7aec19e583690bc14e5c9235b54ed0d7ca6959f0,ignite,False,2015-02-26 20:47:11,ignite,,160,192,2,2,1,0.994030211476956,7.0,1.5,97.5,323,323.0,205.0,done,4166.0,,False,6461.999327431103,5.583717744228995,139.0,0.0210860704491678,1.0,0.5,0.936046511627907,1.0,0.2384312097945631,26.5,0.0040983606557377
6a5b42f5d9fd0523c9203389cfcce4829ddc0df1,ignite,False,2015-02-26 21:49:42,ignite,,3,5,1,1,1,0.0,0.0,0.0,0.0,328,328.0,209.0,done,1925.0,,False,166.9080620655929,4.185649421655455,11.0,0.0659045456754337,0.0,0.0,1.0,1.0,0.6,13.0,0.0
df3c76e4a353c599832a105ce0fc22f73104edf1,ignite,False,2015-02-26 21:53:43,ignite,,11,19,1,1,1,0.0,2.0,7.0,2.0,330,330.0,211.0,done,289.0,,False,218.0968125570724,4.287604542660218,9.666666666666666,0.0432874638654725,0.3333333333333333,0.0,0.5138888888888888,1.0,0.4285714285714285,17.333333333333332,0.0
f358766f944714acb29a9df313db70dd4ff01f8e,ignite,False,2015-02-26 22:09:03,ignite,,25,27,12,7,1,3.56080270027878,0.666666666666667,15.166666666666698,7.66666666666667,332,332.0,213.0,done,3509.0,,False,540.2407410493481,4.688897165875044,18.416666666666668,0.0506324722111724,0.3333333333333333,0.0,0.8151696667028331,0.6666666666666666,0.4755574638726812,17.416666666666668,0.0
13d0627183b6b65a8696a9f3b45765c3489480eb,ignite,False,2015-02-26 22:12:28,ignite,,0,1,1,1,1,0.0,5.0,12.0,5.0,334,334.0,215.0,done,79.0,,False,908.590080268887,3.89315223383784,38.0,0.0418230408026844,0.0,0.0,1.0,0.0,0.9090909090909092,14.0,0.0
81fb145dfbe02268d7cba49915fae5861752838a,ignite,False,2015-02-26 22:16:57,ignite,,7,5,5,5,1,2.2924812503605803,2.0,13.4,9.8,336,336.0,217.0,done,1302.0,,False,276.5743177349031,4.521541192219313,13.0,0.0539240265902751,0.3333333333333333,0.0,0.6074074074074074,0.6666666666666666,0.5185185185185185,14.333333333333334,0.0
6130f7e52214ab0b0d0876d8be0c141e9dc1a2df,ignite,False,2015-02-27 00:11:50,ignite,,29,20,2,1,1,0.591672778582327,6.0,0.0,38.0,271,271.0,216.0,done,6364.0,,False,987.91071270699,5.257302450516238,28.333333333333332,0.0282603331915053,1.0,1.0,0.8369809203142536,0.0,0.5452380952380952,19.333333333333332,0.0
971f7b9284e002936270e28ef7bf976dcf3c8431,ignite,False,2015-02-27 03:02:31,ignite,,12,8,3,1,1,1.44064544961535,3.0,0.0,15.0,1556,1541.0,1114.0,done,2168.0,,False,212.33587611226056,4.748418366384592,9.75,0.0459703353985016,0.0,0.0,0.5666666666666667,2.0,0.5625,19.5,0.0
4348d9ca8a0e6e95817ec90b43bc4f39847e1d9e,ignite,False,2015-02-27 12:07:51,ignite,,15,1258,24,17,1,4.07348434281065,0.5,7.95833333333333,3.3333333333333304,893,885.0,412.0,done,270.0,,False,259.73938610612385,4.699972913145178,12.5,0.0511789652782488,0.5,0.0,1.0,0.5,0.6666666666666666,18.5,0.0
c6be5f2b22f27ba1890092eecd65f2997079f7ee,ignite,False,2015-02-27 18:22:06,ignite,,8,5,2,2,1,0.995727452084926,1.5,0.0,2.5,895,885.0,414.0,done,377.0,,False,148.85531695912243,4.632665019487917,8.0,0.0627878204866892,1.0,0.0,0.7857142857142857,1.0,0.2083333333333333,19.0,0.0
39428532fbd3fc402323b7e4580328fcc11cf653,ignite,False,2015-02-27 18:23:51,ignite,,4,3,2,2,1,0.591672778582327,6.5,1.0,38.0,345,345.0,224.0,done,2211.0,,False,3973.256727008344,5.546751247449674,91.0,0.0229031261386722,0.0,0.0,0.8181818181818182,1.0,0.5,26.0,0.0144927536231884
120711b2f8e81634f11b762d3c8f7f0f8aafd18c,ignite,False,2015-02-27 18:51:07,ignite,,5,29,1,1,1,0.0,2.0,0.0,6.0,346,346.0,225.0,done,601.0,,False,2072.372632446758,5.427891911370297,37.0,0.0178539319718364,2.0,0.0,0.5641025641025641,0.0,0.3333333333333333,43.0,0.0
d254da4ba7e22f3ba6931e24c0e9a4ed7139db09,ignite,False,2015-02-27 21:26:57,ignite,,17,2,1,1,1,0.0,7.0,1.0,26.0,350,350.0,228.0,done,956.0,,False,1274.1636562228812,5.056689369374558,34.0,0.0236323079996657,1.0,0.5,0.4699248120300752,0.0,0.3809523809523809,28.0,0.0
148ca09572b336cfe4c55683e059ca13fa8cd238,ignite,False,2015-02-27 21:53:51,ignite,,8,0,1,1,1,0.0,6.0,0.0,12.0,351,351.0,229.0,done,599.0,,False,1542.3035411285034,4.737799410160008,41.0,0.026583612697926,0.0,0.0,0.9722222222222222,2.0,0.024390243902439,17.0,0.0
8476463b9145eff58d28da7e57d83d96e50a066c,ignite,False,2015-02-28 00:17:07,ignite,,2,2,1,1,1,0.0,12.0,0.0,65.0,360,360.0,232.0,done,2209.0,,False,3556.638138349164,5.492306197292384,78.0,0.0219308225818565,0.0,0.0,0.8163265306122449,1.0,0.5405405405405406,26.0,0.0154639175257731
414410bea39a7d8bdc46b1b63c5f506ec96d653e,ignite,False,2015-02-28 00:34:08,ignite,,7,2,1,1,1,0.0,4.0,0.0,5.0,363,363.0,234.0,done,163.0,,False,246.1243780580604,4.356682678300534,13.0,0.0528188231599444,0.0,0.0,0.8888888888888888,1.0,0.0,14.0,0.0
eae78d227da0709ac4b9843bd08ab3c8a6afa738,ignite,False,2015-02-28 12:06:57,ignite,,8,11,5,5,1,2.31345975017182,0.8,0.0,4.6,907,894.5,419.0,done,1263.0,,False,369.1815284447541,4.585447215365668,4.75,0.0189327304717615,0.25,1.25,0.5014454499748617,0.0,0.8333333333333333,16.5,0.0
375376b68ccb9e8d83746f6eeac49a6388396012,ignite,True,2015-02-28 13:50:04,ignite,20.0,3,3,1,1,1,0.0,3.0,22.0,4.0,48,48.0,16.0,done,88.0,2015-03-20 14:35:08,False,353.92052816920267,4.766263886612633,16.0,0.045207889134791,0.0,0.0,1.0,0.0,0.2857142857142857,15.0,0.0
6097e7bfc3af49296b50017d5661d313aaa3db80,ignite,False,2015-02-28 14:29:42,ignite,,3,3,1,1,1,0.0,3.0,11.0,3.0,50,50.0,17.0,done,308.0,,False,281.30113971403927,4.639930502966007,8.333333333333334,0.02982471614158,0.0,0.0,0.7724358974358975,0.6666666666666666,0.5396825396825397,23.666666666666668,0.0
cfb5f056e7dda87c5637eeceaefebec289cb9edd,ignite,False,2015-03-01 08:03:19,ignite,,21,10,1,1,1,0.0,1.0,0.0,2.0,1050,1029.5,628.0,done,418.0,,False,239.15039033132425,4.626862399127791,12.75,0.0514258402233577,0.5,0.0,0.8276515151515151,1.5,0.4571428571428571,26.0,0.0
6a8b322440e48bf0577700e615e196df55d77891,ignite,False,2015-03-01 14:19:59,ignite,,22,2,2,2,1,0.413816850303634,6.0,1.0,28.5,1052,1031.5,629.0,done,8827.0,,False,121.01398665684616,4.848884616629119,7.0,0.0578445532899397,0.0,0.0,1.0,2.0,0.4,18.0,0.0
6deba53c2747432c36503ba83932199a943cdcb7,ignite,False,2015-03-02 04:59:47,ignite,,3,16,1,1,1,0.0,7.0,2.0,28.0,374,374.0,240.0,done,971.0,,False,1668.0,4.680728475170357,54.0,0.0323741007194244,2.0,1.0,0.5,0.0,0.4444444444444444,30.0,0.0
08df446b39f28b7a4b670650f0e39797c0cfa5c5,ignite,False,2015-03-02 18:15:13,ignite,,4,6,1,1,1,0.0,13.0,0.0,69.0,377,377.0,241.0,done,2209.0,,False,3604.3143631874977,5.619956083579786,109.0,0.0302415352870622,1.0,0.0,0.9285714285714286,1.0,0.4333333333333333,26.0,0.0
7f9a6630b9480c580b4312a44e20eeac866fe4a0,ignite,False,2015-03-02 22:29:23,ignite,,8,4,1,1,1,0.0,1.0,0.0,2.0,1572,1547.0,1123.0,done,242.0,,False,260.66582535409185,4.276204394059229,8.5,0.1206415246624852,0.5,0.0,0.3181818181818182,0.0,0.65,17.0,0.0
0a084f65ae9d837ba43a50a2e73a84b09f43ee0a,ignite,False,2015-03-02 22:50:04,ignite,,5,3,1,1,1,0.0,8.0,2.0,28.0,550,547.0,366.0,done,2084.0,,False,1304.209175948421,5.442548993043245,54.0,0.0414044012232402,0.0,0.0,0.75,5.0,0.3333333333333333,27.0,0.0
6642c660e200bb1dfacd71d8c8766d5e845c4b9b,ignite,False,2015-03-02 22:50:17,ignite,,15,31,6,2,1,2.19210114725438,2.5,0.333333333333333,41.0,1574,1549.0,1124.0,done,10618.0,,False,813.9603910584532,4.922853179323183,29.666666666666668,0.0528718392294034,1.3333333333333333,1.0,0.5128205128205128,3.3333333333333335,0.2681159420289855,17.0,0.0
4e3b4cbba2f10f63d53c7623c64141f5198842b8,ignite,False,2015-03-02 23:03:39,ignite,,1,1,2,2,1,1.0,4.0,1.5,10.0,553,550.0,368.0,done,421.0,,False,1650.6369529814085,4.404558670770026,39.0,0.023627242761988,0.0,0.0,0.96875,2.0,0.7,15.0,0.0
99d62df3680499eeae82acec472ba6e25d876aed,ignite,False,2015-03-02 23:04:21,ignite,,5,4,1,1,1,0.0,2.0,0.0,4.0,1576,1551.0,1125.0,done,261.0,,False,519.4015125670675,4.978975106821713,15.0,0.0288793922179099,1.0,0.0,0.6363636363636364,0.0,0.3,26.0,0.0
874a0009f1e94abbd63ead3638f4d973dd45a85e,ignite,False,2015-03-02 23:46:17,ignite,,13,1,1,1,1,0.0,10.0,0.0,66.0,1577,1552.0,1126.0,done,4533.0,,False,715.9900568203999,5.102341696378824,27.0,0.0377100208903777,0.0,0.0,0.6842105263157895,0.0,0.4615384615384615,15.0,0.0166666666666666
5850e1c3ae211138588650add2565351dab3a316,ignite,False,2015-03-03 00:09:04,ignite,,7,3,1,1,1,0.0,2.0,0.0,6.0,388,388.0,249.0,done,334.0,,False,1121.6587921009288,5.132740901867669,20.0,0.0178307343916405,1.0,0.0,0.6521739130434783,0.0,0.3333333333333333,32.0,0.0
f144a892e9747b297610f7d9d19c44f362dd4b1f,ignite,False,2015-03-03 01:29:55,ignite,,0,2,1,1,1,0.0,4.0,3.0,11.0,391,391.0,251.0,done,784.0,,False,631.5631060779126,4.887652037274372,24.0,0.0380009531415523,1.0,1.0,0.5882352941176471,0.0,0.5,25.0,0.0
dbca43386b7d5ab4f981d09d9f76567f25fd06ca,ignite,False,2015-03-03 03:42:42,ignite,,6,6,1,1,1,0.0,1.0,1.0,6.0,1056,1035.5,633.0,done,421.0,,False,287.34338600243876,5.082767301069165,19.0,0.0661229766389637,0.0,0.0,0.8571428571428571,4.0,0.2727272727272727,26.0,0.0
15768ce99fff886c8ce778fea9b77c5ae73134e3,ignite,False,2015-03-03 11:57:33,ignite,,2,2,1,1,1,0.0,1.0,0.0,5.0,1067,1046.5,642.0,done,156.0,,False,406.5694380135226,4.899068794347013,16.0,0.0390366196401855,0.5,0.0,0.8636363636363636,1.5,0.4595959595959596,22.5,0.0
d2b13535a7189a02dca0bdc679ac81b92676079e,ignite,False,2015-03-03 12:11:09,ignite,,12,12,1,1,1,0.0,1.0,0.0,6.0,1068,1047.5,643.0,done,156.0,,False,377.3267037342557,4.936698055059621,15.0,0.0395815468360038,0.5,0.0,0.8636363636363636,1.5,0.4595959595959596,22.5,0.0
f26b0e82a23024cd83a079e0e09ff63bd5a7daef,ignite,False,2015-03-03 12:34:23,ignite,,7,5,1,1,1,0.0,1.0,0.0,3.0,1069,1048.5,644.0,done,68.0,,False,255.0,4.700611645466518,9.0,0.0352941176470588,1.0,0.0,0.625,0.0,0.3333333333333333,18.0,0.0
7aad6a4849caa023e4a9270bc142855733e3e002,ignite,False,2015-03-03 12:47:36,ignite,,2,2,2,1,1,1.0,7.0,0.0,92.0,749,727.0,561.0,done,8288.0,,False,879.3414048043305,5.125835910656548,25.5,0.0317994757690219,0.0,0.0,0.7395833333333333,7.5,0.3071428571428571,18.5,0.0
0687b03822c2b2aac28bd9f1b718fcb46996127f,ignite,False,2015-03-03 13:55:55,ignite,,1,5,1,1,1,0.0,10.0,0.0,68.0,1583,1558.0,1128.0,done,4451.0,,False,972.6409233603134,5.024716872081735,25.0,0.0257032162636434,0.0,0.0,0.4347826086956521,7.0,0.1818181818181818,33.0,0.0
379b7f799f5b9e7280e4f9b0ddd0115bc630c81d,ignite,False,2015-03-03 17:24:05,ignite,,76,60,6,3,1,1.6055419880216202,1.8333333333333304,3.3333333333333304,37.6666666666667,1585,1560.0,1130.0,done,14387.0,,False,3503.8154162958313,5.2451075386992345,102.64285714285714,0.0362486039008132,0.2857142857142857,1.2142857142857142,0.6170562122929467,7.857142857142857,0.3414611385542972,22.214285714285715,0.0011009919796202
38ebb3e3aeb242efda79d652e83a41ed7b53cd6c,ignite,False,2015-03-04 00:25:19,ignite,,40,27,4,4,1,1.3134532007675,3.75,2.0,30.0,275,275.0,219.0,done,6403.0,,False,1023.6803805766364,4.651680871562216,38.666666666666664,0.0513265254403172,0.0,0.0,0.8181818181818182,1.0,0.6818181818181818,19.333333333333332,0.0
5c26926c7c23544f9cdb49ce0fbeb87d80131f1c,ignite,False,2015-03-04 00:37:59,ignite,,12,16,3,3,1,1.0575851584676998,2.0,0.0,35.6666666666667,397,397.0,255.0,done,1159.0,,False,499.74043003718344,4.905664780642677,24.0,0.0477038004459937,1.0,0.0,0.8839285714285715,1.6666666666666667,0.4212121212121212,17.333333333333332,0.0
954777cc33db970848a8b006e339a0e316d645fa,ignite,False,2015-03-04 00:54:38,ignite,,13,9,1,1,1,0.0,1.0,0.0,1.0,402,402.0,260.0,done,319.0,,False,596.4211922770007,4.679702369468022,19.5,0.0326896690077467,1.0,0.0,0.9166666666666669,2.0,0.3958333333333333,19.5,0.0
3d2415af4b7cd77eaeeaa100de95d6a0e92ac88d,ignite,False,2015-03-04 01:23:50,ignite,,27,14,1,1,1,0.0,8.0,0.0,35.0,405,405.0,263.0,done,979.0,,False,985.664605201574,4.260783060226629,28.0,0.0191566008740559,0.6666666666666666,0.0,0.6153846153846154,1.3333333333333333,0.2857142857142857,12.333333333333334,0.0
0fb139ebdc7ac38127a7f6a94f24a71a6400d087,ignite,False,2015-03-04 04:31:44,ignite,,1,1,1,1,1,0.0,4.0,0.0,13.0,750,728.0,562.0,done,185.0,,False,158.12342722003538,4.644933939807094,9.0,0.0569175621742382,0.0,0.0,0.6666666666666666,3.0,0.3333333333333333,13.0,0.0
836c410404ebac5150726f4f4561d23706385f56,ignite,False,2015-03-04 06:37:57,ignite,,0,8,2,2,1,0.5435644431995961,7.5,1.0,105.0,556,553.0,370.0,done,1922.0,,False,2807.867160427377,4.577455461807302,66.0,0.0235053854862401,0.0,0.0,1.0,1.0,0.0,8.0,0.0
a06dc4ab44d84a02b767467f6a2892cd423aca80,ignite,False,2015-03-04 06:47:37,ignite,,13,11,1,1,1,0.0,1.0,0.0,8.0,1073,1052.5,646.0,done,120.0,,False,351.5521930783431,4.9103006199612445,19.0,0.0555941993527272,0.0,0.0,1.0,2.0,0.4722222222222222,16.5,0.0
fe2185d0424ff607173472f4fb9de02afe371146,ignite,False,2015-03-04 07:00:03,ignite,,1,1,1,1,1,0.0,4.0,0.0,14.0,752,730.0,563.0,done,185.0,,False,191.75555960140375,4.699788143465335,13.0,0.0677946445308949,0.0,0.0,0.75,5.0,0.1666666666666666,11.0,0.0
8e65817dbc89f7e30423d70a6c4c225787dfc80c,ignite,False,2015-03-04 09:49:40,ignite,,96,94,7,3,1,2.40401593835082,1.57142857142857,3.0,37.0,1077,1056.5,650.0,done,6438.0,,False,1246.8497926931125,4.435636854177477,39.0,0.0223784350524231,0.6666666666666666,0.1333333333333333,0.5804403774293615,1.1333333333333333,0.3245665445665445,16.4,0.0
0147c4e1cb75f33ad1378b9b1b9e7ceb20abe7bd,ignite,False,2015-03-04 11:29:38,ignite,,30,6,3,2,1,1.52449516080036,0.333333333333333,0.333333333333333,5.0,1080,1059.5,651.0,done,201.0,,False,310.61691444513247,4.660932203222889,8.5,0.0271822405897739,1.0,1.0,0.7525252525252526,0.0,0.3333333333333333,18.0,0.0
d8036ee228ae95ee81fcf6b285ce6b48df167906,ignite,False,2015-03-04 15:09:50,ignite,,9,3,3,2,1,1.5545851693378,1.6666666666666698,2.3333333333333304,6.0,1082,1061.5,653.0,done,126.0,,False,279.81045626876863,4.63455427593859,8.0,0.0285907828702287,1.0,1.0,0.7777777777777778,0.0,0.2857142857142857,18.0,0.0
43753a8e0d777177dfe0b637df69c75e93ff2e96,ignite,False,2015-03-04 15:59:16,ignite,,16,5,1,1,1,0.0,10.0,0.0,91.0,1593,1566.5,1137.0,done,4171.0,,False,447.04195997053847,4.88673405259415,23.0,0.0514493091465413,1.0,0.0,0.4666666666666667,0.0,0.1428571428571428,15.0,0.0
c32e4e086abe4ef2143bc2ad0aa2b49918e04453,ignite,False,2015-03-04 16:05:48,ignite,,1,0,1,1,1,0.0,7.0,1.0,14.0,557,554.0,371.0,done,1712.0,,False,2651.600471579619,4.597883315151774,64.0,0.024136366200702,0.0,0.0,1.0,1.0,0.0,9.0,0.0
25b1e5a23e0bc81d3abf92110af1a1a1418ac9e4,ignite,False,2015-03-04 16:23:22,ignite,,5,2,2,2,1,0.8631205685666309,6.0,0.0,30.0,925,909.5,428.0,done,2795.0,,False,2367.6918137545226,5.38771790065095,33.0,0.0203762912659582,1.0,0.5,0.7803819444444444,0.0,0.475,23.0,0.0
0aedd9cee143f4c121112217c916c952abcc92eb,ignite,False,2015-03-04 17:41:39,ignite,,4,6,2,2,1,0.970950594454669,4.0,0.0,38.5,406,406.0,264.0,done,635.0,,False,696.4817606003509,5.006491988438028,32.0,0.0459452089203552,1.0,0.0,0.875,2.0,0.6,18.0,0.0
3dbf815ca7fab42d9b66e395d14acdb2ee3569f7,ignite,False,2015-03-04 18:48:06,ignite,,5,19,1,1,1,0.0,8.0,0.0,39.0,409,409.0,267.0,done,996.0,,False,901.414105944199,4.256712792481348,26.0,0.019442515905435,0.6666666666666666,0.0,0.6153846153846154,1.3333333333333333,0.282051282051282,12.333333333333334,0.0
362d073d42336f1d30e6f0e671d266ea62bf188c,ignite,False,2015-03-04 19:28:08,ignite,,23,8,1,1,1,0.0,8.0,0.0,41.0,412,412.0,269.0,done,978.0,,False,807.998889612698,4.570065629930673,27.2,0.038857671252694,0.8,0.0,0.641025641025641,2.0,0.4092307692307692,15.8,0.0
b4f2f8f5e46edf65bcc3f3544d86e43582dae8eb,ignite,False,2015-03-04 21:19:50,ignite,,20,26,2,2,1,0.66657835799492,4.0,0.0,22.0,413,413.0,270.0,done,1133.0,,False,696.2065785124549,4.579934853403504,23.666666666666668,0.0504802235168472,0.8333333333333334,0.0,0.6431623931623931,2.0,0.4302951950010774,16.333333333333332,0.0
8157fedfb3b3d56209e7f7125a331726a06d5b94,ignite,False,2015-03-04 22:09:05,ignite,,15,16,2,2,1,0.869137580612638,4.5,3.0,38.0,414,414.0,271.0,done,2456.0,,False,817.5108298299441,4.808591032870424,29.0,0.0425478030257651,1.0,0.0,0.6333333333333333,2.5,0.719047619047619,22.5,0.0
e7f7f57d47305ad0c476f91ddcc1a748e17a7e7f,ignite,False,2015-03-04 23:44:27,ignite,,1,1,1,1,1,0.0,1.0,1.0,1.0,932,916.0,433.0,done,138.0,,False,2246.1811713300676,4.918663976417202,71.0,0.0316092045050656,1.0,0.0,0.9166666666666666,5.0,0.2666666666666666,20.0,0.0
882ded509d7eac6e24fcc69206fab70c33aed60e,ignite,False,2015-03-04 23:45:05,ignite,,5,2,1,1,1,0.0,1.0,28.0,11.0,933,917.0,434.0,done,105.0,,False,1195.2101883042685,5.266518812256039,40.0,0.033466916858156,1.0,0.0,0.8260869565217391,2.0,0.25,23.0,0.0
6f649413cfd0af1eeddd352df77aa2e2ac77869c,ignite,False,2015-03-05 01:19:31,ignite,,38,2,2,2,1,1.0,0.5,0.0,2.5,128,128.0,67.0,done,1453.0,,False,118.59257041502654,4.55437892342713,7.0,0.0590256200325433,0.0,0.0,1.0,0.0,0.8,9.0,0.0
b93f7a3ceefa9ad9326cb636ca183ed7bc6f8139,ignite,False,2015-03-05 06:13:33,ignite,,37,10,1,1,1,0.0,11.0,0.0,81.0,1606,1575.5,1143.0,done,4386.0,,False,11.60964047443681,3.8073549220576055,0.0,0.0,0.0,0.0,0.0,0.0,0.0,10.0,0.0
d427cd50be00f1e2e424f386049970cbd8f2461a,ignite,False,2015-03-05 08:05:58,ignite,,0,4,1,1,1,0.0,1.0,0.0,1.0,560,557.0,373.0,done,541.0,,False,622.5493264066025,4.564126052092121,31.5,0.0534055917140905,0.0,0.0,0.9212962962962964,0.0,0.71875,11.0,0.0
3b8c8f05c2466ca1ff6a93feaa502ab8950c2e2b,ignite,False,2015-03-05 10:07:47,ignite,,7,9,2,2,1,0.811278124459133,4.0,0.0,29.5,563,560.0,376.0,done,2270.0,,False,636.060123770318,4.843967220135869,19.666666666666668,0.0412818158533523,0.6666666666666666,0.0,0.896551724137931,1.3333333333333333,0.4912280701754386,21.666666666666668,0.0
a851cd9468bba159636a1187348a3139a13aaaa4,ignite,False,2015-03-05 11:13:50,ignite,,1,35,1,1,1,0.0,9.0,0.0,33.0,1091,1067.5,661.0,done,2112.0,,False,980.3609163549576,5.214099614028049,35.25,0.0317763518944984,0.5,1.5,0.7391129032258064,3.25,0.3706866804692891,20.25,0.0
162760b65b18ba09e50c428d73cc130ee5c770db,ignite,False,2015-03-05 11:34:20,ignite,,4,2,1,1,1,0.0,8.0,0.0,31.0,1092,1068.5,662.0,done,403.0,,False,6527.49990259027,4.050448325615679,265.0,0.0405974728386961,0.0,0.0,1.0,0.0,0.9,13.0,0.0
2e2fe349feb1d64c4431feb994c96ba4366f8030,ignite,False,2015-03-05 15:19:59,ignite,,3,0,2,1,1,0.91829583405449,0.5,0.0,4.5,1096,1071.5,665.0,done,1891.0,,False,29.43458750793272,3.950569834817683,0.0,0.0,0.0,0.0,0.0,0.0,0.0,10.0,0.0
1bdd8aa86dadec9706c18f9ac538ff1f835302b4,ignite,False,2015-03-05 17:00:40,ignite,,2,2,1,1,1,0.0,3.0,27.0,4.0,1097,1072.5,666.0,done,734.0,,False,862.4060269588438,5.243896502299087,17.0,0.0197122926656115,0.0,0.0,0.3684210526315789,1.0,0.0,31.0,0.0
e4d04761d1699f067def01a9ee8c2b7375f78418,ignite,False,2015-03-05 17:13:22,ignite,,10,10,1,1,1,0.0,1.0,23.0,1.0,55,55.0,33.0,done,331.0,,False,5.830376252379816,3.2739842527152385,1.0,0.1957264728586796,0.0,0.0,0.0,0.0,1.0,6.3,0.0
49af1cf28a0c15d208375f821c2c262794704c9b,ignite,False,2015-03-05 17:40:09,ignite,,46,49,1,1,1,0.0,1.0,29.0,5.0,941,924.5,439.0,done,144.0,,False,1332.9671997661185,5.494792202817365,51.0,0.0382605063417527,2.0,2.0,0.88,2.0,0.46875,21.0,0.0
121ce6ba642ab42a152f0e804de7fe9069bdb0e9,ignite,False,2015-03-05 17:41:32,ignite,,21,38,1,1,1,0.0,11.0,0.0,85.0,418,418.0,273.0,done,4388.0,,False,318.5774626449524,4.736886888800868,13.0,0.0408064019722833,0.0,0.0,0.8333333333333334,0.0,0.5714285714285714,21.0,0.0434782608695652
ae413fb5871436f7d57761d0dca85a5aa68b2a37,ignite,False,2015-03-05 17:57:43,ignite,,3,1,1,1,1,0.0,0.0,0.0,0.0,181,181.0,133.0,done,414.0,,False,76.0,4.344187428818823,2.0,0.0263157894736842,0.0,0.0,0.3333333333333333,0.0,0.5,16.0,0.0
b4b077dc58264588caeb77750986c004c23b0a46,ignite,False,2015-03-05 18:25:09,ignite,,21,2,1,1,1,0.0,1.0,29.0,9.0,943,926.5,440.0,done,257.0,,False,657.7292007541087,4.997563727334121,30.5,0.0467285223250979,1.0,0.0,0.86,2.5,0.2875,20.0,0.0
88760b72158b08489f0a9f8e827a92d88da36d44,ignite,False,2015-03-05 18:34:26,ignite,,9,2,1,1,1,0.0,15.0,0.0,150.0,182,182.0,134.0,done,6423.0,,False,507.72714053326865,5.242163628341573,9.0,0.017726056540029,0.0,0.0,0.8333333333333334,1.0,0.6,22.0,0.0
aba2b55b0f8f076b097babdff137d0d55ab5e8d5,ignite,True,2015-03-05 19:35:44,ignite,147.0,52,21,2,2,1,0.455831458440823,0.5,10.5,7.0,944,927.5,441.0,done,496.0,2015-07-31 09:33:11,False,479.8173067969061,4.958074506261918,21.5,0.0444347431595481,0.75,0.0,0.7926767676767676,2.75,0.3270146520146519,24.5,0.0
1ba48774cb9cb270d93177fe1da94e5717761aa5,ignite,False,2015-03-05 20:20:53,ignite,,3,11,3,1,1,1.28705402811873,5.0,0.0,58.3333333333333,420,420.0,275.0,done,6915.0,,False,357.1472347386069,4.82011567157303,9.5,0.0284483942963487,0.0,0.0,0.4,2.0,0.3392857142857143,23.5,0.0
8d9724e89e2c49992259289adc672e328dbb7e98,ignite,False,2015-03-05 20:58:05,ignite,,7,4,2,2,1,0.94566030460064,5.5,0.0,77.5,1614,1578.5,1148.0,done,8005.0,,False,1936.210105979256,5.330157848909946,53.5,0.0347089995298741,0.5,0.0,0.6618644067796611,9.5,0.064516129032258,28.5,0.0032679738562091
e40d5f45e205744842f1e09969fcb503a6a66f70,ignite,False,2015-03-06 00:10:11,ignite,,6,0,1,1,1,0.0,1.0,0.0,7.0,422,422.0,276.0,done,66.0,,False,425.7304904064322,4.851600283461822,16.0,0.0375824620518142,0.0,0.0,0.375,1.0,0.5,28.0,0.0
83c10649c5a72d1075b67e9cc7f2feddfe19b831,ignite,False,2015-03-06 00:16:15,ignite,,4,15,1,1,1,0.0,3.0,0.0,10.0,970,934.5,501.0,done,365.0,,False,659.022371559561,5.07854029196782,19.0,0.0288305842410735,1.0,0.0,1.0,0.0,0.3,15.0,0.0
d3a3a3e5d2a018471eabf145da0e2dadf595758c,ignite,False,2015-03-06 01:23:15,ignite,,15,1,1,1,1,0.0,6.0,1.0,8.0,537,537.0,250.0,done,359.0,,False,1751.6000251918276,5.4744888468434265,43.0,0.0245489834331846,1.0,0.0,0.7857142857142857,0.0,0.5652173913043478,22.0,0.0
d1ebb02bb58b0c2e2e76bccafe832a900b91e729,ignite,False,2015-03-06 03:33:22,ignite,,9,2,1,1,1,0.0,1.0,0.0,1.0,10,10.0,5.0,done,416.0,,False,312.11436755437313,4.756202570182304,16.0,0.0512632600843428,0.0,0.0,0.8333333333333334,2.0,0.4444444444444444,13.0,0.0
5a2d62e6d64e6fc310bc5303a8095c225b88e765,ignite,False,2015-03-06 04:52:16,ignite,,0,4,1,1,1,0.0,9.0,0.0,32.0,1620,1582.5,1152.0,done,405.0,,False,6267.836962305291,4.050564844313215,261.0,0.0416411597126171,0.0,0.0,1.0,0.0,0.875,13.0,0.0
df281a3f00004c422c25eea95a3b76df4701f476,ignite,False,2015-03-06 07:00:52,ignite,,1,1,1,1,1,0.0,5.0,5.0,9.0,1100,1073.5,668.0,done,501.0,,False,2186.2075502394237,5.60135849901824,73.0,0.0333911572082922,1.0,2.0,0.8333333333333334,4.0,0.3448275862068966,25.0,0.0
b8c3d0764d2618e9f4d76e43620fa6476553a440,ignite,False,2015-03-06 08:40:22,ignite,,1,1,1,1,1,0.0,4.0,0.0,5.0,1102,1075.5,669.0,done,734.0,,False,865.8876512841814,5.251678603466403,17.0,0.0196330320391884,0.0,0.0,0.3684210526315789,1.0,0.0,31.0,0.0
1a1a49bca0b9cc36c78cd37414c6923e4feef0a0,ignite,False,2015-03-06 09:55:17,ignite,,2,15,2,2,1,0.522559374536941,6.0,0.0,35.0,1104,1077.5,671.0,done,373.0,,False,1533.4205520119972,5.401469167345984,37.0,0.0241290622793938,1.0,0.0,0.76,0.0,0.5714285714285714,22.0,0.0
5825666f8ee1eed22e5811b62f3d59b32e021085,ignite,False,2015-03-06 10:05:30,ignite,,3,0,1,1,1,0.0,2.0,27.0,3.0,1105,1078.5,672.0,done,103.0,,False,325.4847266735473,4.748293855024849,16.0,0.0491574525278649,0.0,0.0,0.75,0.0,0.125,20.0,0.0
ff5c047c66d98b5fd937dff3c8b2ff8ccd7b31b3,ignite,False,2015-03-06 10:17:33,ignite,,14,17,2,1,1,0.7706290693639399,7.0,0.0,37.5,762,736.5,573.0,done,2615.0,,False,709.0511677137825,4.8163899946807085,22.5,0.03293045974663,1.0,0.0,0.749204218740832,0.8333333333333334,0.3709235209235209,22.166666666666668,0.0
71be6c6c869f5a745c783e4a6b57920b7d99e49b,ignite,False,2015-03-06 10:25:57,ignite,,17,12,1,1,1,0.0,1.0,1.0,7.0,1107,1080.5,674.0,done,81.0,,False,379.83853282914686,4.898554907854549,11.0,0.0289596737805109,2.0,1.0,0.7272727272727273,0.0,0.3,18.0,0.0
94c683889eed397753c6d50fbfc6ffa89818b891,ignite,False,2015-03-06 11:54:36,ignite,,10,4,3,2,1,1.14883485428092,2.0,10.3333333333333,5.66666666666667,1108,1081.5,675.0,done,806.0,,False,202.36913894897415,4.7275917730137635,10.25,0.058562969954513,0.0,0.0,1.0,1.25,0.4386904761904762,15.75,0.0
1bd34b509ff554f637a031eb1c9f6cadb707f771,ignite,False,2015-03-06 12:03:58,ignite,,1,1,1,1,1,0.0,1.0,2.0,36.0,948,931.0,442.0,done,1615.0,,False,1272.0711671329734,5.301219008410214,17.0,0.0133640321699257,0.0,0.0,0.7352941176470589,0.0,0.5555555555555556,17.0,0.0
ebf8efc789aeff5ef5210afb42589831a2b5b3b2,ignite,False,2015-03-06 12:14:09,ignite,,32,40,1,1,1,0.0,5.0,7.0,6.0,1110,1083.5,677.0,done,78.0,,False,51.80615605397529,4.018081793978685,2.0,0.0386054506324742,0.0,0.0,1.0,0.0,0.0,9.0,0.0
a847b8bce9d8fb57fe1658c4a5c436d80006e9d1,ignite,False,2015-03-06 12:18:24,ignite,,1,1,1,1,1,0.0,13.0,0.0,105.0,766,740.5,576.0,done,2693.0,,False,10401.141433827968,6.004750306202895,188.0,0.0180749392935434,1.0,3.0,0.608,9.0,0.4385964912280701,27.0,0.0
551b3d1eab2a0b78d3f259f1bf24f1f6f3ff7b06,ignite,False,2015-03-06 12:19:39,ignite,,1,1,1,1,1,0.0,8.0,0.0,10.0,538,538.0,251.0,done,373.0,,False,367.213038547228,5.1576016402041045,8.0,0.021785718806853,0.0,0.0,0.8,4.0,0.1,14.0,0.0
caebf623e132b053be33b9657e7a6dd4d645a558,ignite,False,2015-03-06 14:19:02,ignite,,43,32,2,2,1,0.2422921890824149,3.5,0.0,7.5,1111,1084.5,678.0,done,1157.0,,False,471.7296276423763,3.931076931856917,19.0,0.0209115204013422,0.0,0.0,0.5,0.0,0.4545454545454545,12.0,0.0
31f2c0de29c9e7bdad0d940ae0d9983fb0b20d97,ignite,False,2015-03-06 15:51:55,ignite,,19,21,2,2,1,0.286396957115956,5.5,0.0,49.0,1623,1585.5,1153.0,done,4561.0,,False,799.2270655386037,4.905499517418533,25.333333333333332,0.0371863753400006,0.0,0.0,0.581605222734255,1.3333333333333333,0.3928571428571428,21.333333333333332,0.0
7bc901f23e174965a3653f7df066de8f3ad9a758,ignite,False,2015-03-06 16:14:46,ignite,,3,3,1,1,1,0.0,0.0,0.0,0.0,187,187.0,138.0,done,505.0,,False,73.57433114250611,4.486395566074295,3.0,0.0407750903530376,0.0,0.0,0.5,1.0,0.75,11.0,0.0
a806cdd8b1d119682b8d46a9fd9ce86c3a053059,ignite,False,2015-03-06 16:59:46,ignite,,13,13,1,1,1,0.0,11.0,1.0,94.0,976,940.5,506.0,done,4086.0,,False,2706.943346234938,4.435572857741296,153.0,0.0565213159014968,0.0,0.0,0.5384615384615384,0.0,0.8333333333333334,26.0,0.0
13badb8c5585754f5a70ebea8f120fb49b0c5192,ignite,False,2015-03-06 18:06:45,ignite,,4,2,1,1,1,0.0,9.0,0.0,75.0,979,943.5,507.0,done,2944.0,,False,5075.0754698849,5.886807136245351,161.0,0.0317236661711459,1.0,2.0,0.7903225806451613,16.0,0.2653061224489796,31.0,0.0
189366bf2db548ac3cdbf9bd4961c5670c70cb93,ignite,False,2015-03-06 18:06:45,ignite,,2,1,1,1,1,0.0,9.0,0.0,75.0,1114,1087.5,680.0,done,2947.0,,False,5075.0754698849,5.886807136245351,161.0,0.0317236661711459,1.0,2.0,0.7903225806451613,16.0,0.2653061224489796,31.0,0.0
7fe6c27b41f2f5e95524769526b3c0221a06eb39,ignite,False,2015-03-06 19:06:17,ignite,,1,1,1,1,1,0.0,1.0,0.0,2.0,189,189.0,139.0,done,474.0,,False,162.84823041805248,4.794062126773288,0.0,0.0,0.0,0.0,1.0,0.0,0.0,18.0,0.0
7070eb326c67658f937ee7981dd6246aa44b10c8,ignite,False,2015-03-06 19:15:44,ignite,,7,2,1,1,1,0.0,5.0,0.0,33.0,424,424.0,277.0,done,684.0,,False,351.86167516009664,4.623831834642883,15.0,0.0426303887548282,1.0,0.0,0.6,2.0,0.0,18.0,0.0
18a3ddba42b2c2b2848ebe226ba398e312884ca2,ignite,False,2015-03-06 19:37:49,ignite,,1,1,1,1,1,0.0,2.0,0.0,3.0,190,190.0,140.0,done,474.0,,False,162.84823041805248,4.7304453080609905,0.0,0.0,0.0,0.0,1.0,0.0,0.0,18.0,0.0
6a96fd40656d56140a4859164dc1c843b40ea00d,ignite,False,2015-03-06 19:46:48,ignite,,1,1,1,1,1,0.0,2.0,0.0,4.0,191,191.0,141.0,done,474.0,,False,162.84823041805248,4.794062126773288,0.0,0.0,0.0,0.0,1.0,0.0,0.0,18.0,0.0
9f3c240422e63a91bbe01e10024ef3ef3da257e5,ignite,False,2015-03-06 20:17:10,ignite,,6,2,1,1,1,0.0,5.0,0.0,16.0,428,428.0,280.0,done,420.0,,False,136.41221010994738,4.600392729970935,9.0,0.0665486378524774,0.0,0.0,1.0,1.5,0.4523809523809523,14.5,0.0
efd4d5aee7dd11adf0d2405247e524d0065e4051,ignite,False,2015-03-06 20:32:36,ignite,,5,4,3,3,1,1.22439444540599,3.3333333333333304,0.333333333333333,35.6666666666667,1628,1589.5,1157.0,done,1274.0,,False,1036.8626361375802,5.202128731484294,25.0,0.0241111976926158,0.0,0.0,0.5555555555555556,2.0,0.5,22.0,0.0
8a5bc28035f36634aec5d1c73c1adfcd214bcc4f,ignite,False,2015-03-06 20:55:06,ignite,,5,2,1,1,1,0.0,9.0,0.0,33.0,1629,1590.5,1158.0,done,401.0,,False,6223.913788077504,4.0499223541581255,259.0,0.0416136869530775,0.0,0.0,1.0,0.0,0.875,13.0,0.0
e986b62f2e5a29210fcf9f4b57e5fddc9559bfd8,ignite,False,2015-03-06 21:12:07,ignite,,3,1,1,1,1,0.0,12.0,0.0,63.0,192,192.0,142.0,done,8982.0,,False,300.16030763377,5.0576293798221945,10.0,0.033315530886919,0.0,0.0,0.5714285714285714,2.0,0.1428571428571428,20.0,0.0
623709395072a61a3ed4164e1895a845c52dff02,ignite,False,2015-03-06 21:13:15,ignite,,7,3,1,1,1,0.0,12.0,0.0,64.0,193,193.0,143.0,done,8984.0,,False,312.88626403364293,5.025993109476364,11.0,0.0351565449316663,0.0,0.0,0.5714285714285714,2.0,0.1428571428571428,20.0,0.0
d4eb97ce43e0d99ed272b838ca1bcfd55708e1f1,ignite,False,2015-03-06 21:23:38,ignite,,32,20,2,2,1,0.7062740891876009,7.5,4.0,37.5,983,947.5,510.0,done,2919.0,,False,466.01095873229065,4.7032267640463,12.0,0.0289155813345852,0.3333333333333333,0.0,0.7121693121693121,0.3333333333333333,0.6444444444444444,21.666666666666668,0.0
ccd956e11c6014d3bd2a4ebdb12384890a945c30,ignite,False,2015-03-06 22:04:19,ignite,,7,0,1,1,1,0.0,3.0,18.0,4.0,222,222.0,135.0,done,285.0,,False,691.1242085957329,4.827760676634339,25.0,0.0361729479145239,2.0,0.0,0.5,3.0,0.1818181818181818,19.0,0.0
0fbd3906cc074b853e5ddc64a3bae3e2f6db342f,ignite,False,2015-03-06 22:33:41,ignite,,2,0,1,1,1,0.0,6.0,3.0,10.0,223,223.0,136.0,done,497.0,,False,495.51406150301233,4.649367496078639,18.0,0.0363259116106649,1.0,0.0,0.8666666666666667,0.0,0.6666666666666666,19.0,0.0
f86bbe8b90d5324d7c17bd231003050414aa66e7,ignite,False,2015-03-07 04:18:36,ignite,,33,15,4,2,1,1.20413347790371,3.0,1.5,43.75,1632,1591.0,1160.0,done,8717.0,,False,1712.2372156898864,5.13297811339571,44.111111111111114,0.0284099622956325,0.5555555555555556,0.2222222222222222,0.6730166060426384,4.0,0.3542012811749654,26.444444444444443,0.0
1f2b8027bc34075fba1e0d0e906a432090a93482,ignite,False,2015-03-07 04:22:26,ignite,,1,1,1,1,1,0.0,13.0,0.0,106.0,138,138.0,70.0,done,2687.0,,False,10337.107392620506,5.997804521104452,185.0,0.0178966893709616,1.0,3.0,0.608,9.0,0.4464285714285714,27.0,0.0
1e7408e37a54a668877688ac7ae7db89a775e3dd,ignite,False,2015-03-07 06:15:06,ignite,,4,8,1,1,1,0.0,1.0,0.0,6.0,1633,1592.0,1161.0,done,192.0,,False,528.4471074323186,5.116492941973009,22.0,0.0416314134197766,0.0,0.0,0.5714285714285714,3.0,0.2727272727272727,25.0,0.0
13518b256727fc51965c69f604271766c3b5a26b,ignite,False,2015-03-07 08:11:45,ignite,,0,2,1,1,1,0.0,1.0,0.0,14.0,1118,1089.5,682.0,done,96.0,,False,401.9095644587768,4.893324450532444,18.0,0.0447861946859595,0.0,0.0,1.0,2.0,0.5,18.0,0.0
8b26ec63400ebe0634a7f9db51448b2aa503b1ad,ignite,False,2015-03-07 15:24:00,ignite,,2,2,1,1,1,0.0,4.0,1.0,6.0,1123,1094.5,686.0,done,734.0,,False,865.8876512841814,5.251678603466403,17.0,0.0196330320391884,0.0,0.0,0.3684210526315789,1.0,0.0,31.0,0.0
eedab93b628405cbffcb8cf73235fd55d9da829b,ignite,False,2015-03-07 17:52:57,ignite,,46,3,3,2,1,0.489538633200201,0.333333333333333,0.0,2.3333333333333304,1125,1096.5,688.0,done,113.0,,False,11.60964047443681,4.106603137064473,1.0,0.0861353116146786,0.0,0.0,0.0,2.0,0.0,13.0,0.0
bd8339322c724f8bfdae6695b9d5ccf2a274b1c5,ignite,False,2015-03-08 22:17:10,ignite,,3,1,1,1,1,0.0,2.0,2.0,10.0,430,430.0,281.0,done,77.0,,False,439.4436251225966,4.874932594390951,16.0,0.0364096759750156,0.0,0.0,0.5,1.0,0.5,18.0,0.0
45b676afc1b6f2555d438c56c9654be8926fae5b,ignite,False,2015-03-10 00:52:17,ignite,,2,1,1,1,1,0.0,1.0,7.0,1.0,990,952.5,512.0,done,117.0,,False,967.9398751947122,3.7911478850790647,40.0,0.0413248808372044,0.0,0.0,1.0,0.0,0.0,13.0,0.0
95672d6cfbd61173b82dc86811dec33cf657b9a6,ignite,False,2015-03-10 02:04:42,ignite,,50,49,5,3,1,1.73030672102299,1.0,3.8,9.6,991,953.5,513.0,done,1677.0,,False,106.63218223002616,4.599064433927429,6.8,0.0786294076603447,0.0,0.0,0.75,1.0,0.4166666666666667,18.0,0.0
ed9602112095e572bf72f95e18cf9d0ac59a9410,ignite,False,2015-03-10 05:45:44,ignite,,7,2,1,1,1,0.0,11.0,0.0,101.0,432,432.0,283.0,done,4373.0,,False,206.32331253245204,4.685398744880882,11.0,0.0533143824853521,0.0,0.0,0.8333333333333334,1.0,0.6666666666666666,21.0,0.0
0ab6a5896217d0e85ac3d8d95ebe58a98ed92e12,ignite,False,2015-03-10 08:32:26,ignite,,5,6,1,1,1,0.0,12.0,0.0,72.0,65,65.0,34.0,done,9009.0,,False,15.509775004326936,3.5068905956085183,0.0,0.0,0.0,0.0,0.0,0.0,0.0,7.0,0.0
9f3380f1c746f028c48cc5d5d326199efc4df166,ignite,False,2015-03-10 13:59:00,ignite,,2,2,2,2,1,1.0,7.5,2.0,54.5,1128,1099.5,690.0,done,3972.0,,False,4994.066605492927,5.574627985788512,154.0,0.0362346170842281,2.0,6.0,0.6828776333482742,1.5,0.4649122807017544,29.0,0.0
9d740c693a4ede29885ca9cf3977d0f5c01d6008,ignite,False,2015-03-10 14:19:26,ignite,,26,100,5,4,1,0.7209461596000841,1.0,2.4,6.4,1129,1100.5,691.0,done,231.0,,False,1111.7740657709844,5.060360319726309,28.0,0.0251849731542197,1.0,1.0,0.7727272727272727,2.0,0.4,28.0,0.0
888a0a2b1e4d717950fa9694774160a29f539644,ignite,False,2015-03-10 14:59:13,ignite,,1,27,10,2,1,3.23592635062903,0.4,0.4,2.6,568,564.5,379.0,done,6484.0,,False,877.3823565536311,4.778291776551675,37.92307692307692,0.046937264647451,0.0,0.0,0.9134499874906296,0.6923076923076923,0.6172832800154782,13.923076923076923,0.0155031011078171
9bd2887038c1fc5bb6f1df8bb54373532937af08,ignite,False,2015-03-10 15:36:33,ignite,,3,3,1,1,1,0.0,1.0,12.0,8.0,570,566.5,381.0,done,747.0,,False,352.14970641932365,4.135589156866532,12.0,0.017154018887115,0.0,0.0,0.4210526315789473,0.5,0.25,11.5,0.0
026c09a35ec27368f4cee429d67d2832e5cb2e49,ignite,False,2015-03-10 18:25:43,ignite,,13,12,8,5,1,2.72385618977472,1.5,6.5,17.875,226,226.0,137.0,done,1681.0,,False,510.22545960385105,4.765756671178285,23.625,0.0497543741729844,0.25,0.0,0.7653959602489014,1.0,0.6269209956709957,16.25,0.0
f2dbede4804288187af40087ac71aaf9f3f4c58a,ignite,False,2015-03-10 18:53:02,ignite,,22,2,4,4,1,1.95914791702724,3.5,22.75,21.5,954,932.5,446.0,done,1507.0,,False,313.0364533418943,4.6928444041853385,14.0,0.0463675572149648,0.5,0.0,1.0,0.5,0.5416666666666666,13.5,0.0
d7a969bd653f01a712bfa3e2fe5d4bfc6387f724,ignite,False,2015-03-10 19:47:48,ignite,,8,7,1,1,1,0.0,2.0,0.0,7.0,957,935.5,447.0,done,228.0,,False,703.8496460004011,5.160609205852299,26.0,0.0400092773379035,0.6666666666666666,0.0,0.8047785547785548,3.6666666666666665,0.2142450142450142,23.333333333333332,0.0
6c82371fb674b340e44d30434391a8ab67b94d7a,ignite,False,2015-03-10 19:58:23,ignite,,12,13,4,3,1,1.8577968115986,3.75,10.75,41.75,144,144.0,72.0,done,2916.0,,False,5564.675397725236,5.0954555050168455,103.0,0.022286811294055,0.5,1.5,0.804,5.0,0.4732142857142857,22.5,0.0
ff40a19f03ccaa5e6f3f7333921aabee54d7d69f,ignite,False,2015-03-10 20:36:36,ignite,,2,2,1,1,1,0.0,5.0,0.0,15.0,1648,1596.5,1171.0,done,278.0,,False,46.50699332842307,3.6711499390701863,1.0,0.0215021425474272,0.0,0.0,0.0,1.0,0.0,22.0,0.0
b6876f30698e5c0812a992e6f68083a730b0c5ed,ignite,False,2015-03-10 20:39:42,ignite,,3,4,1,1,1,0.0,1.0,0.0,1.0,292,292.0,236.0,done,137.0,,False,956.3647877599868,5.278465539618613,26.0,0.0271862790566532,2.0,0.0,0.6470588235294118,0.0,0.4666666666666667,21.0,0.0
ac3987b78ddc016fb54015c5989be9f581895d8e,ignite,False,2015-03-10 21:27:56,ignite,,21,30,12,9,1,3.2719864324113,1.08333333333333,8.08333333333333,16.0,147,147.0,73.0,done,13129.0,,False,140.0795746886584,4.156488264818756,6.055555555555555,0.0508460606010224,0.1111111111111111,0.0555555555555555,0.8979828042328042,0.8333333333333334,0.7455387205387205,17.38888888888889,0.0
e962ed69f4125949c07c8155b93ac9d97b259497,ignite,False,2015-03-10 21:40:47,ignite,,3,4,1,1,1,0.0,4.0,0.0,9.0,543,543.0,21.0,done,122.0,,False,382.5744501067311,4.756960715294187,17.0,0.0444357954255892,0.0,0.0,1.0,0.0,0.2857142857142857,15.0,0.0
b404071f0ba7a5af0d251c1406a9933cc8a269ae,ignite,True,2015-03-10 21:50:30,ignite,1356.0,4,2,2,1,1,1.0,5.0,0.0,65.5,1651,1599.5,1173.0,done,4553.0,2018-11-26 13:57:47,False,3278.2119351784368,5.760826482887987,101.5,0.0307255781160542,1.0,1.5,0.7334426229508197,13.0,0.2363552266419981,31.5,0.0
68e47936b6d33e103140a34354e354645ddcc907,ignite,False,2015-03-10 22:43:47,ignite,,5,4,2,1,1,0.991076059838222,4.5,0.0,28.5,1653,1601.5,1175.0,done,4112.0,,False,618.5941820360391,5.064655490784371,16.0,0.025865099389292,0.0,0.0,0.631578947368421,0.0,0.2222222222222222,30.0,0.0
acf140c40369e659c963f0b0665105dcdcb74203,ignite,True,2015-03-10 22:58:37,ignite,351.0,29,12,6,4,1,2.39855245974467,0.833333333333333,0.833333333333333,3.3333333333333304,200,200.0,149.0,done,5686.0,2016-02-25 11:38:22,True,610.9175674144007,4.866327172432095,22.571428571428573,0.0429257776435908,0.1428571428571428,0.0,0.7582417582417582,2.2857142857142856,0.3219908714473932,20.285714285714285,0.0
231731f8fc0ba58c068c8f362044146c41d6c09e,ignite,False,2015-03-11 01:04:31,ignite,,0,2,1,1,1,0.0,8.0,2.0,27.0,294,294.0,238.0,done,1847.0,,False,500.5028407520689,4.654687251561306,20.0,0.0399598131550012,0.0,0.0,0.75,2.0,0.4444444444444444,20.0,0.0
2a6536d01725d6c4a833d1b0a3ac0b5d909d4d2a,ignite,False,2015-03-11 01:43:15,ignite,,13,1,1,1,1,0.0,11.0,0.0,104.0,436,436.0,286.0,done,4469.0,,False,13639.449048834636,5.935027501296851,340.0,0.0249276931042203,0.0,0.0,0.5333333333333333,23.0,0.1343283582089552,25.0,0.0
01bc45dd201b2d7962be8e02443052380629f944,ignite,False,2015-03-11 01:49:27,ignite,,14,5,1,1,1,0.0,11.0,0.0,105.0,437,437.0,287.0,done,4481.0,,False,13748.75201774344,5.940397354991185,342.0,0.0248749849847195,0.0,0.0,0.5333333333333333,23.0,0.1343283582089552,25.0,0.0
697d19997ecb213a4d5b5dd2538dc5d636e459f5,ignite,False,2015-03-11 09:51:09,ignite,,6,4,2,2,1,0.970950594454669,0.5,3.0,12.0,1135,1106.5,694.0,done,1215.0,,False,676.2350086129318,5.091774544119453,13.333333333333334,0.0341799705724427,0.3333333333333333,0.0,0.48130081300813,0.6666666666666666,0.5022556390977444,16.0,0.0
47fc925b6487b9e89d5eb50c94e15e8ed077e207,ignite,False,2015-03-11 16:17:26,ignite,,1,9,2,1,1,0.7219280948873621,3.5,19.0,17.5,969,946.0,454.0,done,673.0,,False,483.3089699187822,4.932226299437344,15.0,0.0310360471946562,1.0,6.0,0.6666666666666666,2.0,0.3333333333333333,15.0,0.0
a5e9abcc5bac7a607a1426d8b012615201b37df3,ignite,False,2015-03-11 17:32:47,ignite,,37,2,2,2,1,0.291818256598886,1.5,14.0,6.5,1659,1600.5,1179.0,done,593.0,,False,465.6099484794944,4.183317541646746,25.0,0.0542438316277863,0.0,0.0,1.0,0.5,0.25,10.5,0.0
caa0039f65a017a7aeef426cea7c9230c73993e6,ignite,False,2015-03-11 17:42:03,ignite,,8,8,1,1,1,0.0,9.0,0.0,35.0,1660,1601.5,1180.0,done,2046.0,,False,1323.1892412281609,5.211310940083873,36.75,0.0320336942213971,0.25,0.25,0.7927927927927928,2.75,0.303785030758715,29.25,0.0
4809eab5b39be91a02435220753be3d9177ae4ee,ignite,False,2015-03-11 17:49:23,ignite,,4,4,2,2,1,0.811278124459133,5.5,0.0,44.5,1661,1602.5,1181.0,done,1955.0,,False,784.2685742186874,4.411585493677196,23.5,0.1198628889099823,0.0,0.0,0.375,7.0,0.5909090909090909,13.0,0.0
3c15d6a4c360466ed45b9a6440871d39b307caac,ignite,False,2015-03-11 17:57:14,ignite,,3,3,1,1,1,0.0,2.0,1.0,25.0,1662,1603.5,1182.0,done,157.0,,False,270.46370159609774,4.530937948831197,12.0,0.0443950456035613,1.0,0.0,0.9,2.0,0.375,14.5,0.0
4df20f3643a01f526afa4db27fc92c1c775cf2cb,ignite,False,2015-03-11 18:27:47,ignite,,1,2,1,1,1,0.0,12.0,0.0,75.0,971,948.0,455.0,done,9041.0,,False,220.0782000346155,4.393662232510456,5.0,0.0227191970818262,1.0,1.0,0.75,1.0,0.0,24.0,0.0
b9485529e775c7813c4fd2fb83af7a37474534ac,ignite,False,2015-03-11 18:30:28,ignite,,4,4,3,3,1,1.5612781244591298,0.0,0.0,0.0,207,207.0,154.0,done,635.0,,False,175.69269691115042,4.411584057167604,9.0,0.0512258059568144,0.0,0.0,0.3333333333333333,1.0,0.5,16.0,0.0
b1b8aca1b6e39a3005938ea2ebbaed5aa81c8ed5,ignite,False,2015-03-11 21:26:16,ignite,,0,14,1,1,1,0.0,4.0,33.0,10.0,999,961.5,519.0,done,1289.0,,False,3970.072276471453,5.798393102895534,118.0,0.029722380798789,0.0,0.0,0.6428571428571429,6.0,0.2894736842105263,23.0,0.0
efed98d2dbf7fc602dc2d28a892ec773642b82ad,ignite,False,2015-03-11 21:36:33,ignite,,10,7,1,1,1,0.0,4.0,0.0,11.0,1000,962.5,520.0,done,1275.0,,False,2204.0493542406907,5.362365620308779,67.0,0.0355407316604853,0.0,0.0,0.75,3.5,0.3590225563909774,19.5,0.0
fb60ee21b4dc8c3fee4abee349630d5e4a6810eb,ignite,False,2015-03-11 21:49:42,ignite,,1,1,1,1,1,0.0,11.0,0.0,106.0,439,439.0,288.0,done,4347.0,,False,14192.472761367444,5.906028358829327,356.0,0.025083719094325,0.0,0.0,0.5555555555555556,22.0,0.1304347826086956,29.0,0.0
c55c24c04e80ac96f4c77bc9f989789461126424,ignite,False,2015-03-12 00:33:50,ignite,,2,1,1,1,1,0.0,2.0,2.0,4.0,285,285.0,229.0,done,854.0,,False,150.11730005192322,4.347365302769695,8.0,0.0532916592373625,0.0,0.0,0.6,1.0,0.5,26.0,0.0
e5569512eda93dd0d1b7cd560f3a510d9d907e27,ignite,False,2015-03-12 00:33:59,ignite,,1,1,1,1,1,0.0,1.0,32.0,2.0,286,286.0,230.0,done,1266.0,,False,335.20068866380245,4.563806417023692,9.0,0.0268495868426653,0.0,0.0,1.0,1.0,0.3333333333333333,17.0,0.0
a46067a464c80d07f0cc0b31b34b3afd3db15a8a,ignite,False,2015-03-12 00:34:53,ignite,,6,8,1,1,1,0.0,0.0,0.0,0.0,293,293.0,237.0,done,3825.0,,False,106.19818783608964,4.519087818311513,5.0,0.0470817826733276,0.0,0.0,1.0,1.0,0.5,14.0,0.0
98b6643f74b34bf68f0b417687ff2d06e85acf35,ignite,False,2015-03-12 00:43:33,ignite,,12,14,1,1,1,0.0,0.0,0.0,0.0,1008,970.5,526.0,done,1405.0,,False,1205.1835297844736,4.76419103732286,28.5,0.0975995804820077,1.0,0.0,0.3970588235294117,2.0,0.6724137931034483,15.5,0.0
bc0f87d60f9619e082a006a5588f3f82515032e3,ignite,False,2015-03-12 07:10:08,ignite,,2,2,1,1,1,0.0,9.0,1.0,54.0,441,441.0,289.0,done,1262.0,,False,4797.277523189415,5.488752601646177,117.0,0.0243888329233481,2.0,4.0,0.7575757575757576,0.0,0.3103448275862069,27.0,0.0
934304a17eb4e5af179a75eb84521fe1ce752325,ignite,False,2015-03-12 20:30:20,ignite,,4,1,1,1,1,0.0,4.0,1.0,8.0,309,309.0,248.0,done,507.0,,False,140.1816079436383,4.685913888632891,5.0,0.0356680171767633,0.0,0.0,0.4,2.0,0.0,24.0,0.0
5506cce4c6fe0cd9dde0ebbbd3dba40e73bd3bcb,ignite,False,2015-03-12 20:42:51,ignite,,42,19,2,1,1,0.9982545693874828,3.0,0.0,5.0,311,311.0,18.0,done,394.0,,False,385.7808787965932,4.9689407872170985,14.0,0.0363518565091501,0.0,0.0,0.625,1.0,0.5727272727272728,19.0,0.0
b9203abc60b3834ba85253310c76fedb286b1493,ignite,False,2015-03-12 21:59:30,ignite,,4,1,1,1,1,0.0,4.0,1.0,8.0,309,309.0,248.0,done,507.0,,False,140.1816079436383,4.685913888632891,5.0,0.0356680171767633,0.0,0.0,0.4,2.0,0.0,24.0,0.0
a892c7565510194d21d4192a89e43c7f2112d3c9,ignite,False,2015-03-13 00:12:25,ignite,,1,1,1,1,1,0.0,13.0,1.0,76.0,315,315.0,252.0,done,8921.0,,False,220.0782000346155,4.393662232510457,5.0,0.0227191970818262,1.0,1.0,0.75,1.0,0.0,24.0,0.0
f64212d02ed03c7670cc963ba4040ea348e8e011,ignite,False,2015-03-13 01:49:00,ignite,,6,5,1,1,1,0.0,11.0,0.0,60.0,317,317.0,254.0,done,5246.0,,False,1334.7376441318522,5.030856036704091,58.0,0.0366815794928913,1.5,0.5,0.7807807807807807,0.5,0.489010989010989,18.5,0.0
c757c0b26c4a05328588586d031a40a3d8804cbf,ignite,False,2015-03-13 01:49:00,ignite,,1,1,1,1,1,0.0,13.0,1.0,76.0,315,315.0,252.0,done,9040.0,,False,220.0782000346155,4.393662232510457,5.0,0.0227191970818262,1.0,1.0,0.75,1.0,0.0,24.0,0.0
e13d9d5e89fbed7a8b2c6ed787f1c066943e9b39,ignite,False,2015-03-13 02:18:03,ignite,,8,6,1,1,1,0.0,11.0,0.0,101.0,454,454.0,295.0,done,4291.0,,False,788.4671225340378,5.100846370268098,26.0,0.0329753762166254,2.0,0.0,0.3888888888888889,2.0,0.1111111111111111,16.0,0.0
6f5944cca3da334691f84a5a8f40e7194d551beb,ignite,False,2015-03-13 10:08:45,ignite,,7,18,1,1,1,0.0,1.0,2.0,1.0,987,964.0,459.0,done,1615.0,,False,349.115788595467,4.6968482920587,12.333333333333334,0.0376584688867589,0.0,0.0,0.65,2.0,0.1222222222222222,17.0,0.0
4f26c2ca886d088bf0b51a52e37422856bbf69f7,ignite,False,2015-03-13 18:04:34,ignite,,3,8,2,2,1,0.994030211476956,7.5,0.0,128.0,458,458.0,297.0,done,1567.0,,False,66.60791492653966,4.588354347173232,6.0,0.0900793848091065,0.0,0.0,1.0,1.0,0.6,15.0,0.0
2442881a2d540f476261b1d3869cbaed7c534508,ignite,False,2015-03-13 19:00:00,ignite,,9,1,1,1,1,0.0,11.0,0.0,104.0,462,462.0,301.0,done,4261.0,,False,598.6119874999346,4.985342163710025,17.0,0.0283990303485224,2.0,0.0,0.1333333333333333,0.0,0.0,26.0,0.0
3e3905ba5d6b8cbaa7ecc2f0b5bc035cd99165be,ignite,True,2015-03-13 19:34:59,ignite,1034.0,24,343,8,6,3,2.17777344976056,2.5,12.25,31.5,547,543.5,0.498416650457062,done,344.0,2018-01-11 14:05:17,False,2396.1889325642765,5.425097209961844,55.0,0.0229531149453819,0.0,0.0,0.7428571428571429,0.0,0.3461538461538461,33.0,0.0
0448526c272d80bd5f4c94c4bed02dde58fde1cc,ignite,False,2015-03-13 19:46:35,ignite,,0,1,1,1,1,0.0,13.0,0.0,78.0,320,320.0,255.0,done,9040.0,,False,180.94247824228052,4.398027659815561,5.0,0.0276330911821879,1.0,1.0,0.75,1.0,0.0,24.0,0.0
1c97e8449c930203dd53624f11d3699388a6c66f,ignite,False,2015-03-13 20:22:32,ignite,,0,1,1,1,1,0.0,13.0,0.0,78.0,320,320.0,255.0,done,8921.0,,False,180.94247824228052,4.398027659815561,5.0,0.0276330911821879,1.0,1.0,0.75,1.0,0.0,24.0,0.0
b12945a05feca1c418d5ed76b71f69daaf2cc2a9,ignite,False,2015-03-13 20:39:33,ignite,,4,1,1,1,1,0.0,15.0,0.0,172.0,464,464.0,303.0,done,6314.0,,False,324.39562257612886,4.916483015546235,14.5,0.0446030221835827,0.5,0.0,0.6181818181818182,2.5,0.3666666666666667,31.0,0.0
42b32947cf0b7b859d16c5a0eabb4c7315780e3a,ignite,False,2015-03-13 21:26:12,ignite,,7,6,1,1,1,0.0,15.0,0.0,173.0,465,465.0,304.0,done,6317.0,,False,311.7397281762644,5.016352318435347,13.5,0.0480006840179252,0.5,0.0,0.6515151515151515,2.5,0.35,22.5,0.0
c2a895d4957e5b7429b1de142edc2873e591849c,ignite,True,2015-03-14 00:59:55,ignite,1034.0,1,1,1,1,1,0.0,1.0,0.0,1.0,1000,976.5,466.0,done,308.0,2018-01-11 14:05:17,False,2396.1889325642765,5.425097209961844,55.0,0.0229531149453819,0.0,0.0,0.7428571428571429,0.0,0.3461538461538461,33.0,0.0
7c6317047efb2fddd6a2f9d5ebaf4d9051ef55c2,ignite,False,2015-03-14 02:44:18,ignite,,1,1,1,1,1,0.0,9.0,0.0,40.0,583,579.0,390.0,done,2068.0,,False,385.0,4.7146452972991995,11.0,0.0285714285714285,0.0,0.0,0.8333333333333334,3.0,0.1428571428571428,17.0,0.0
3f23de3ddf79c2dc1b2a08202d5d9c42c86d9a1e,ignite,False,2015-03-14 08:50:51,ignite,,25,11,3,3,1,1.23266025681582,5.33333333333333,0.333333333333333,35.6666666666667,1139,1107.0,697.0,done,772.0,,False,35.96712399150689,3.4639884529960847,1.75,0.0878983675614581,0.0,0.0,0.5,0.5,0.25,6.75,0.0
6b0503a148a6ac19761bc8615edbb8ddfb117cc0,ignite,False,2015-03-16 02:20:23,ignite,,3,0,1,1,1,0.0,4.0,13.0,5.0,587,583.0,393.0,done,195.0,,False,944.2801047851984,4.673180783519626,52.0,0.0550684058008706,0.0,0.0,0.9444444444444444,1.0,0.75,12.0,0.0
43f13f957357a243d1a90c300edee38cdf02ab31,ignite,False,2015-03-16 02:24:12,ignite,,0,1,1,1,1,0.0,8.0,4.0,17.0,588,584.0,394.0,done,1018.0,,False,344.9166506540576,4.87229859642385,3.0,0.0086977534842437,0.0,0.0,0.6666666666666666,0.0,0.2,12.0,0.0
0e8a44232379f950dc12b2121b77b8572382445c,ignite,False,2015-03-16 03:14:54,ignite,,165,1,2,1,1,0.0940844388326735,2.0,15.0,4.0,590,586.0,395.0,done,327.0,,False,15.509775004326936,3.378783493486176,0.0,0.0,0.0,0.0,0.0,0.0,0.0,8.0,0.0
4644fa676d9a2d644f08e4996f855fe5ea1f1f04,ignite,True,2015-03-16 04:12:40,ignite,197.0,14,9,3,1,1,1.2799376545732,0.666666666666667,1.0,6.66666666666667,591,587.0,396.0,done,930.0,2015-09-30 00:04:52,False,1288.1270363337314,4.817675636567974,40.0,0.0323546220278028,0.5,1.5,0.7710622710622711,2.5,0.325,28.5,0.0
95666e99b00687e2bcf18d2a373acae9cd3ad6da,ignite,False,2015-03-16 06:20:14,ignite,,5,2,2,2,1,0.8631205685666309,2.0,18.5,10.0,595,591.0,400.0,done,322.0,,False,590.8284356294668,4.2369137583619185,32.5,0.056848897000043,0.0,0.0,0.9545454545454546,0.5,0.2777777777777778,10.5,0.0
5d2de377e785ec8a6b63f9fa7221d4ad4d2250df,ignite,False,2015-03-16 14:27:00,ignite,,1,3,1,1,1,0.0,15.0,0.0,179.0,793,760.0,597.0,done,1611.0,,False,46.50699332842307,3.777362795064168,2.0,0.0430042850948544,0.0,0.0,1.0,0.0,1.0,9.0,0.0
72f9038da7cef1d8cfdd50d8e14791267c6270b3,ignite,False,2015-03-16 15:00:51,ignite,,2,1,1,1,1,0.0,7.0,5.0,13.0,794,761.0,598.0,done,197.0,,False,1384.9598254935731,4.8766434374572665,51.0,0.0368241728469088,1.0,0.0,0.9722222222222222,1.0,0.4,15.0,0.0
524dd05c6a121bfb3640786e058e70a712a2d614,ignite,False,2015-03-16 16:47:46,ignite,,3,3,1,1,1,0.0,4.0,9.0,7.0,237,237.0,142.0,done,734.0,,False,510.6908149248215,4.78279423524711,10.5,0.0222032721106524,0.0,0.0,0.5592105263157895,1.0,0.375,25.5,0.0
f3c866f1d0986a9492124c315ceb92766c008199,ignite,False,2015-03-16 17:17:25,ignite,,3,3,1,1,1,0.0,4.0,2.0,20.0,1675,1611.5,1190.0,done,775.0,,False,108.41805003750012,4.197883797818738,4.0,0.0368942256258663,0.0,0.0,0.3333333333333333,0.0,0.6666666666666666,19.0,0.0
e84ffa0ce9268f325e6ce82e7fd16e4b87ccd6ed,ignite,False,2015-03-16 17:43:50,ignite,,14,0,1,1,1,0.0,5.0,2.0,14.0,238,238.0,143.0,done,308.0,,False,345.9474732050231,4.533388369907361,21.0,0.0607028570130775,0.0,0.0,0.9230769230769232,1.0,0.6,12.0,0.0
57119b0587ad8da0a5b139debe1066e014166466,ignite,False,2015-03-16 18:08:30,ignite,,7,0,2,2,1,0.8631205685666309,3.5,8.0,11.5,1677,1613.5,1192.0,done,308.0,,False,279.69276394968557,4.509084353400935,18.0,0.0643563306601598,0.0,0.0,0.9090909090909092,1.0,0.5555555555555556,12.0,0.0
cbdebf17454f7f66ac553d599ef0733d8bee0a4d,ignite,False,2015-03-16 18:15:36,ignite,,3,6,1,1,1,0.0,6.0,18.0,16.0,1678,1614.5,1193.0,done,191.0,,False,838.0644817174659,5.132223252128809,17.0,0.0291111985088708,1.5,0.0,0.4851190476190475,1.5,0.1964285714285714,20.5,0.0
953e7b3f8408324d48e9f7c708606337d2594f1d,ignite,False,2015-03-16 18:32:35,ignite,,2,0,1,1,1,0.0,15.0,0.0,181.0,324,324.0,257.0,done,1617.0,,False,206.43891887060175,4.335180086798155,7.0,0.0339083349123121,0.0,0.0,0.75,1.0,0.6666666666666666,16.0,0.0
c9b0bb219331be024430079c65b763e3184458cc,ignite,True,2015-03-16 18:33:57,ignite,427.0,13,7,1,1,1,0.0,15.0,0.0,182.0,325,325.0,258.0,done,1619.0,2016-05-17 14:19:02,False,433.3465436363006,4.6908863856906295,11.666666666666666,0.0361598659481794,0.0,0.0,0.7307692307692308,2.3333333333333335,0.2222222222222222,24.0,0.0
6862ba91b1df75d27a1c2c243336c1c51ef3e997,ignite,False,2015-03-16 21:29:36,ignite,,2,4,1,1,1,0.0,1.0,0.0,2.0,1681,1617.5,1195.0,done,271.0,,False,584.2015251629813,4.604310660348694,24.0,0.0410817140426061,0.0,0.0,0.9473684210526316,1.0,0.2,16.0,0.0
6cbaab4c70c778a550218a9342b42ce4814fab6c,ignite,False,2015-03-16 22:02:20,ignite,,8,2,1,1,1,0.0,1.0,5.0,1.0,1013,987.5,475.0,done,138.0,,False,2387.623675916867,4.871816488722405,75.0,0.0314119853796471,1.0,0.0,0.9166666666666666,5.0,0.2666666666666666,20.0,0.0
17ce4e9bd01950eb83584dd353d6727fcea1bf1d,ignite,False,2015-03-16 22:22:00,ignite,,2,2,1,1,1,0.0,6.0,6.0,17.0,1682,1618.5,1196.0,done,760.0,,False,2365.212803559802,5.551927456086768,78.0,0.0329780051429642,1.0,2.0,0.8275862068965517,1.0,0.4230769230769231,18.0,0.0
6d8f0403b723fd053505f5e497ef3a1eed774424,ignite,False,2015-03-16 22:32:05,ignite,,3,3,3,1,1,1.58496250072116,6.33333333333333,0.0,152.666666666667,330,330.0,262.0,done,10456.0,,False,453.6893943304612,4.769268716272076,12.333333333333334,0.0238635581438221,0.0,0.0,0.587719298245614,0.3333333333333333,0.5683760683760682,27.0,0.0
795630ad902583c3af465ca78851b80815954acb,ignite,False,2015-03-16 22:35:27,ignite,,3,0,1,1,1,0.0,4.0,0.0,16.0,175,175.0,84.0,done,105.0,,False,921.409489817132,3.740777983882584,49.0,0.0531793958511593,0.0,0.0,1.0,0.0,0.0,9.0,0.0
dbfdf76b8d96477c79d13c3cecda6970d563e9fc,ignite,False,2015-03-16 22:40:37,ignite,,4,3,2,1,1,0.985228136034252,3.0,14.0,10.5,176,176.0,85.0,done,164.0,,False,569.481648196999,3.835410605679917,29.0,0.047762216190721,0.0,0.0,1.0,0.0,0.0,11.0,0.0
5ab695bbe9b4f8e741b9f4fe6cb5076cd185faa0,ignite,False,2015-03-16 22:59:38,ignite,,366,6,8,3,1,0.9598799559833292,0.125,0.0,0.75,240,240.0,36.0,done,1530.0,,False,537.5476174737105,4.8945489481332345,9.4,0.0225482004176846,0.0,0.0,0.8362637362637363,1.0,0.3857142857142857,19.2,0.0
c72a45875b55de9f49375070ad3821a9138458bc,ignite,False,2015-03-16 23:00:33,ignite,,3,0,1,1,1,0.0,5.0,2.0,11.0,1684,1620.5,1197.0,done,508.0,,False,2283.151975731252,5.51583612001814,11.0,0.0048179009180836,0.0,0.0,0.5581395348837209,3.0,0.2857142857142857,25.0,0.0
5d6257c7ac0c7b97f2c83a70546316e79d7601e6,ignite,False,2015-03-16 23:14:43,ignite,,4,0,1,1,1,0.0,1.0,5.0,3.0,332,332.0,264.0,done,131.0,,False,878.6971492691358,5.27160863261032,23.0,0.0261751162151037,2.0,0.0,0.8571428571428571,0.0,0.5714285714285714,21.0,0.0
7b255c09287380ff48fa6501cecbad02682cd86e,ignite,False,2015-03-16 23:20:16,ignite,,1,5,1,1,1,0.0,10.0,0.0,64.0,1011,973.5,529.0,done,910.0,,False,238.6636980936812,4.329067116660815,9.0,0.0506432680910705,0.0,0.0,1.0,6.0,0.53125,10.0,0.0
3161c3cded1e3b6cd657d86cfec30a7f124ff1be,ignite,False,2015-03-16 23:25:05,ignite,,1,2,2,2,1,0.91829583405449,2.5,0.0,5.0,468,468.0,306.0,done,93.0,,False,1502.2111303080774,5.378272638467905,43.0,0.0286244717087014,1.0,0.0,0.7857142857142857,2.0,0.2222222222222222,29.0,0.0
d81c08b5674d0abcc7bc4b9cb2eac7edc89164b3,ignite,False,2015-03-17 00:03:36,ignite,,1,1,1,1,1,0.0,7.0,0.0,29.0,333,333.0,265.0,done,1179.0,,False,2683.1038605876565,5.159212214725356,67.0,0.0249710795710031,1.0,2.0,0.6551724137931034,0.0,0.6538461538461539,22.0,0.0
fbc56e856904932af77dca6e5c6f240441b344e5,ignite,False,2015-03-17 01:01:11,ignite,,8,2,1,1,1,0.0,4.0,0.0,16.0,334,334.0,266.0,done,393.0,,False,526.8708813938489,4.850650731586511,17.0,0.0322659698995437,0.0,0.0,0.8333333333333334,4.0,0.2,20.0,0.0
d9d895f3a470ca0ac9dce47f938e9e4104cfebd0,ignite,False,2015-03-17 01:24:03,ignite,,5,2,1,1,1,0.0,4.0,0.0,17.0,335,335.0,267.0,done,399.0,,False,429.1037751197119,4.8149695191634265,16.0,0.037287017564775,0.0,0.0,0.8888888888888888,4.0,0.2727272727272727,16.0,0.0
04537ffe1cad319c826cbbb18365719dda213948,ignite,True,2015-03-17 08:57:14,ignite,3.0,10,7,1,1,1,0.0,9.0,0.0,34.0,601,597.0,404.0,done,1004.0,2015-03-20 14:23:22,False,391.1012963371201,5.232989038730651,10.0,0.0255688234573895,0.0,0.0,0.6153846153846154,0.0,0.375,22.0,0.0
4d0cc8a8a924929ade342809b438e776968bf77e,ignite,False,2015-03-17 12:36:28,ignite,,7,1,1,1,1,0.0,3.0,0.0,4.0,1018,992.5,478.0,done,80.0,,False,575.1840639984224,4.875621274235991,21.0,0.0365100518502153,1.0,0.0,0.5714285714285714,0.0,0.3333333333333333,19.0,0.0
734f820fffa5863ccd9bf45fb7986dd0705871d5,ignite,False,2015-03-17 13:16:29,ignite,,12,2,1,1,1,0.0,3.0,0.0,5.0,1020,994.5,479.0,done,86.0,,False,748.7601451402373,4.939266466668297,23.0,0.030717446901093,1.0,0.0,0.5625,0.0,0.2857142857142857,19.0,0.0
9267b90bb8f8909618cf0918ce9d6a76a7b9f83f,ignite,False,2015-03-17 13:37:29,ignite,,3,1,1,1,1,0.0,3.0,0.0,6.0,1021,995.5,480.0,done,96.0,,False,836.276386366227,4.946163957685917,23.0,0.0275028691171577,1.0,0.0,0.5625,0.0,0.2857142857142857,19.0,0.0
f65cbdb0eaba0ae325e0aa4dc2565b769a8e6884,ignite,False,2015-03-17 15:17:20,ignite,,6,0,1,1,1,0.0,2.0,5.0,16.0,1687,1623.5,1200.0,done,120.0,,False,504.4394119358453,4.771282987458203,13.0,0.0257711822121728,0.0,0.0,0.375,2.0,0.4,29.0,0.0
0c06c62305c8ce700698608a99a558b4d2bfabb8,ignite,False,2015-03-17 15:20:52,ignite,,3,1,1,1,1,0.0,3.0,0.0,7.0,1023,997.5,481.0,done,98.0,,False,872.9853167422236,4.9353543591862685,23.0,0.0263463766903097,1.0,0.0,0.5555555555555556,0.0,0.2857142857142857,19.0,0.0
0f1fc65bd595b55e81639f96378c532820e0b441,ignite,True,2015-03-17 15:50:47,ignite,841.0,8,8,1,1,1,0.0,1.0,0.0,3.0,1688,1624.5,1201.0,done,269.0,2017-07-06 11:32:27,False,321.2737088360032,4.729292809049676,11.0,0.0296607836950317,0.25,0.0,0.6118421052631579,1.0,0.3416666666666667,20.0,0.0
cb3eecf83d31ae1dee05803b2ebab6888d6d828b,ignite,False,2015-03-17 15:54:38,ignite,,9,1,1,1,1,0.0,3.0,0.0,8.0,1024,998.5,482.0,done,100.0,,False,1041.227819737046,4.963024033968369,29.0,0.0278517337419237,1.0,0.0,0.5555555555555556,0.0,0.25,19.0,0.0
8e0c00590473914fde415524854322a5408c6fe6,ignite,False,2015-03-17 16:03:03,ignite,,14,6,1,1,1,0.0,1.0,0.0,1.0,78,78.0,21.0,done,179.0,,False,1176.1471208543455,5.388996070534559,33.0,0.0280577143920813,2.0,0.0,0.76,1.0,0.5263157894736842,23.0,0.0
87da8961cd973caf8923e46976270d6545a018e1,ignite,False,2015-03-17 16:40:05,ignite,,7,5,1,1,1,0.0,3.0,0.0,9.0,1025,999.5,483.0,done,108.0,,False,1015.9851824446652,5.017910440835867,30.0,0.0295279896974618,1.0,0.0,0.5555555555555556,0.0,0.2222222222222222,19.0,0.0
1108b45715828b3b8485774124653b18ba739cdf,ignite,False,2015-03-17 23:40:21,ignite,,2,6,1,1,1,0.0,2.0,39.0,3.0,338,338.0,270.0,done,804.0,,False,729.9122797349771,5.218186755651111,43.0,0.0589111886370959,2.0,0.0,0.7647058823529411,1.0,0.2666666666666666,26.0,0.0
2ee732701fad3366f9d9f0f0e914b63ae778defe,ignite,False,2015-03-18 04:44:48,ignite,,3,7,1,1,1,0.0,1.0,0.0,1.0,610,606.0,409.0,done,200.0,,False,322.841223638941,4.805564996306573,17.0,0.0526574636546801,0.0,0.0,1.0,1.0,0.5,15.0,0.0
7deceb2ab433b443a65837c7b0fcbdd762b3acec,ignite,False,2015-03-18 10:54:14,ignite,,7,6,6,1,1,1.85428587198725,0.666666666666667,0.833333333333333,7.16666666666667,1029,1003.0,486.0,done,120.0,,False,193.3973469854141,4.416887435853358,7.5,0.0405774998014042,0.5,0.0,0.6666666666666667,1.0,0.1666666666666666,16.0,0.0
42f3f2fae957f06a8ef520b846dbb11b23d22c23,ignite,False,2015-03-18 11:42:56,ignite,,2,0,1,1,1,0.0,5.0,0.0,15.0,810,775.0,612.0,done,662.0,,False,24.0,4.011365041826379,0.0,0.0,0.0,0.0,1.0,0.0,0.0,10.0,0.0
1708c5851714a0bb75d2588dea73461f114a8b7f,ignite,False,2015-03-18 12:04:43,ignite,,9,3,2,2,1,0.91829583405449,5.0,0.0,28.0,1032,1006.0,488.0,done,629.0,,False,1680.4729587450345,5.238214914525175,53.5,0.0370556008156568,1.0,0.0,0.7179054054054055,2.5,0.2401960784313725,24.5,0.0
412b87d020a67ee96d11265073e3800d9b904414,ignite,False,2015-03-18 17:36:18,ignite,,10,4,1,1,1,0.0,5.0,0.0,10.0,1033,1007.0,489.0,done,1711.0,,False,391.1197641958064,5.037639415645276,15.0,0.0383514242263925,1.0,2.0,1.0,4.0,0.1666666666666666,18.0,0.0
26bda0c67e0987bff8a5431a0d38ff7b4fb53bd0,ignite,True,2015-03-18 23:11:28,ignite,840.0,25,25,24,8,1,4.56385618977472,0.5,17.8333333333333,9.75,345,345.0,277.0,done,6495.0,2017-07-06 11:32:27,False,434.64991212428185,4.621487156118459,20.25,0.0470485001589571,0.0,0.0,0.841575754719137,0.7916666666666666,0.443376517273576,13.666666666666666,0.0
7e57d47a737a2aab86dc93693456df1142db43c9,ignite,False,2015-03-19 00:45:43,ignite,,4,4,1,1,1,0.0,4.0,7.0,10.0,349,349.0,281.0,done,254.0,,False,597.5909875771637,4.828013044484198,31.0,0.0518749456474979,0.0,0.0,0.8823529411764706,1.0,0.6428571428571429,14.0,0.0
d683fbe4daade5ffbec805e009f1e182ddeb6144,ignite,False,2015-03-19 00:47:20,ignite,,4,1,1,1,1,0.0,3.0,1.0,5.0,244,244.0,147.0,done,96.0,,False,512.9283016944967,4.583410438782721,17.0,0.0331430337219436,1.0,0.0,0.2307692307692307,0.0,0.2857142857142857,29.0,0.0
fd3018c0960661d84e21c2e928e9c902ff791ba8,ignite,False,2015-03-19 01:12:30,ignite,,1,1,1,1,1,0.0,3.0,0.0,6.0,351,351.0,283.0,done,266.0,,False,584.2015251629813,4.568004332718154,24.0,0.0410817140426061,0.0,0.0,0.9,1.0,0.2,13.0,0.0
591b365638309a57e52a06a67328c7d4f6c5b3b8,ignite,False,2015-03-19 01:29:05,ignite,,2,2,1,1,1,0.0,2.0,1.0,10.0,260,260.0,109.0,done,573.0,,False,4304.1248069280155,5.342637765271486,148.0,0.0343856199898701,1.0,0.0,0.86,1.0,0.6440677966101694,33.0,0.0
796ff52e9f6de8a8cb1ae300e38fb3dad650f984,ignite,False,2015-03-19 01:44:43,ignite,,34,16,3,2,1,0.6395563653739029,4.33333333333333,14.0,40.3333333333333,261,261.0,110.0,done,4641.0,,False,731.041297349109,4.6749386980496,13.666666666666666,0.0141354398117096,0.0,0.0,0.5978835978835979,0.0,0.0833333333333333,17.333333333333332,0.0
3065b0ba03402252423a127a45e748e50689316f,ignite,False,2015-03-19 08:54:12,ignite,,3,6,4,2,2,1.97493750120193,3.75,30.0,21.25,817,780.5,1.55001762914767,done,500.0,,False,531.7207696671411,4.766783945919575,16.333333333333332,0.0298580706622746,0.0,0.0,0.5203703703703705,0.0,0.0952380952380952,20.333333333333332,0.0
934d4e069095c8bc4fb6c320c243da2e0c97ff48,ignite,False,2015-03-19 09:43:31,ignite,,1,0,1,1,1,0.0,13.0,6.0,81.0,819,782.5,619.0,done,2278.0,,False,376.4722502525251,4.444261900472871,20.0,0.0531247654683304,0.0,0.0,1.0,2.0,0.6666666666666666,12.0,0.0
f48c968c43f522a23dd33451a9378e6f7682441a,ignite,False,2015-03-19 14:54:17,ignite,,8,13,4,3,1,1.8735625185129896,2.75,0.0,13.25,83,83.0,26.0,done,313.0,,False,359.65518950441,5.188881718313063,6.333333333333333,0.0184679757241086,0.6666666666666666,0.0,0.9629629629629628,1.0,0.6051587301587301,21.666666666666668,0.0
2af8c3172f94b4a9a8aa87a374cd3c8d8fcfe977,ignite,False,2015-03-19 15:14:04,ignite,,2,0,1,1,1,0.0,5.0,8.0,12.0,825,788.5,622.0,done,479.0,,False,688.2810216714395,4.9248050667774255,40.0,0.0581157968047164,0.0,0.0,0.85,1.0,0.75,12.0,0.0
3d6534f735935a9bed6d83d98f4ea592a8056fea,ignite,False,2015-03-19 15:57:37,ignite,,3,9,2,1,1,0.413816850303634,0.5,0.0,2.0,84,84.0,27.0,done,142.0,,False,455.823806995363,5.2021613563272675,8.0,0.0175506410091506,1.0,0.0,1.0,1.0,0.8571428571428571,22.0,0.0
28ad5e2bbbe756cd9ce7c2a21393cd1c1697944e,ignite,False,2015-03-19 16:25:23,ignite,,34,3,3,1,1,1.41921915270046,0.333333333333333,0.0,2.3333333333333304,85,85.0,28.0,done,136.0,,False,365.2734002114406,5.1345799783383885,8.0,0.0233354414107103,1.0,0.0,0.9444444444444444,1.0,0.7410714285714286,22.0,0.0
30591b2db0967be32ed759c575bc9853502bfe76,ignite,False,2015-03-19 19:49:03,ignite,,0,7,2,1,1,0.985228136034252,2.5,2.0,17.5,1020,981.0,536.0,done,778.0,,False,88.81055323538621,4.530057719116298,4.0,0.0450396924045532,0.0,0.0,0.3333333333333333,2.0,0.0,22.0,0.0
839cfd0acee72fb3903822c8fba3512b72ad23a4,ignite,False,2015-03-19 20:29:11,ignite,,2,0,2,1,1,1.0,1.0,0.0,9.0,1690,1620.0,1203.0,done,2010.0,,True,40.68808417214426,3.963615399272936,0.0,0.0,0.0,0.0,0.0,0.0,0.0,10.0,0.0
944b98c3d4c447533ceb164c851f5499b7b44311,ignite,False,2015-03-19 20:30:52,ignite,,1,1,1,1,1,0.0,8.0,2.0,19.0,356,356.0,286.0,done,941.0,,False,284.98440323159184,4.048214264370171,7.0,0.0245627477175004,0.0,0.0,0.0,0.0,0.5,8.0,0.0
99321a1adb54899bf65ac88e8c20ae51d41c6bc1,ignite,False,2015-03-19 23:02:22,ignite,,5,1,1,1,1,0.0,7.0,0.0,32.0,358,358.0,288.0,done,1178.0,,False,147.14866228501222,4.181575744499176,8.0,0.0543667871373835,0.0,0.0,1.0,0.0,0.8571428571428571,10.0,0.0
a8505ff3d71e4b15f4e2ce2b0f25c1b9961481c2,ignite,False,2015-03-19 23:02:37,ignite,,2,8,2,2,1,0.970950594454669,4.5,1.5,20.5,359,359.0,289.0,done,1337.0,,False,97.09924901864032,4.246172491472262,1.0,0.035051652976192,0.0,0.0,0.4285714285714285,0.0,0.5,11.5,0.0
852b0352503e1087e17cdd752f0ceef34471ca9a,ignite,False,2015-03-19 23:44:55,ignite,,3,8,2,2,1,0.684038435639042,5.5,1.0,44.5,361,361.0,291.0,done,13258.0,,False,31.5413651655627,4.17033186880047,2.0,0.0614202250979728,0.0,0.0,0.6666666666666666,0.3333333333333333,0.8333333333333334,15.0,0.0
58f0ec97c201890de95e25586278c4cc5b377e3e,ignite,True,2015-03-20 00:32:31,ignite,844.0,71,57,15,11,1,3.50277001654126,0.933333333333333,17.266666666666698,18.0,362,362.0,292.0,done,10499.0,2017-07-11 08:27:57,False,169.8028771674901,4.459934250165783,8.333333333333334,0.0591352285163964,0.0666666666666666,0.0,0.813015873015873,0.8,0.6644444444444445,18.133333333333333,0.0
a7c201cded47a7a1066c3780623696699f2f37f4,ignite,False,2015-03-20 02:55:45,ignite,,1,1,1,1,1,0.0,4.0,1.0,8.0,192,192.0,99.0,done,270.0,,False,121.11360846386408,4.403927043960143,7.0,0.0577969733441518,0.0,0.0,1.0,4.0,0.1666666666666666,18.0,0.0
77d7eb8f1a6074aba2cc4a543d528c03ccc95035,ignite,False,2015-03-20 05:49:21,ignite,,8,2,1,1,1,0.0,12.0,0.0,53.0,834,797.5,628.0,done,2455.0,,False,88.72013848724943,4.14242480995083,4.0,0.0442755283451588,0.0,0.0,1.0,1.0,0.525,17.75,0.0
6482ae56b731df62890cc984f85e01cb8503bbff,ignite,False,2015-03-20 13:17:42,ignite,,30,32,3,2,1,1.16634197978619,0.333333333333333,0.0,3.3333333333333304,86,86.0,29.0,done,277.0,,False,380.18956395826285,5.03170876305616,13.0,0.0348221246147434,1.3333333333333333,0.0,0.9629629629629628,1.0,0.5111111111111111,20.333333333333332,0.0
f9a85b0f28693b483bd774bd263313e845393951,ignite,False,2015-03-20 15:15:07,ignite,,0,4,2,2,1,1.0,3.0,7.0,9.0,840,803.5,26.0,done,351.0,,False,573.1824489198984,4.917879031137749,19.0,0.0336716911392097,0.0,0.0,0.7626262626262625,1.0,0.5852272727272727,20.0,0.0
fbe025f6836cad2f52a1ac7414865e6c3d998e7b,ignite,False,2015-03-20 18:46:03,ignite,,1,4,1,1,1,0.0,5.0,0.0,12.0,1024,981.0,538.0,done,350.0,,False,19.651484454403228,3.6168746059562222,2.0,0.1017734820308634,0.0,0.0,1.0,1.0,0.5,8.0,0.0
385f86895f378dabc2de55ef67763d4e71116b52,ignite,False,2015-03-20 19:26:44,ignite,,2,11,1,1,1,0.0,11.0,4.0,81.0,1693,1618.0,1205.0,done,1957.0,,False,491.9688605505062,4.25407157749371,15.333333333333334,0.0106886225350944,0.0,0.0,0.25,4.666666666666667,0.064516129032258,17.333333333333332,0.0
e6fbedf822069a728438d394268803c9b8cc0b31,ignite,True,2015-03-20 21:30:57,ignite,480.0,25,23,2,2,1,0.7765557854444599,1.5,1.0,5.5,490,490.0,323.0,done,1403.0,2016-07-13 12:28:20,False,89.77315395317302,4.257027364589944,3.0,0.0281722863289534,0.0,0.0,0.2589285714285714,0.5,0.3511904761904761,14.75,0.0
659396f2ba64d7ddad53985489ed985747fe70fd,ignite,False,2015-03-20 23:01:39,ignite,,5,15,17,16,3,4.02192809488736,1.47058823529412,1.94117647058824,32.4705882352941,272,272.0,1.03753403205111,done,74.0,,False,892.0647778231529,3.8961821875093543,31.0,0.034750839592218,0.0,0.0,1.0,0.0,0.75,18.0,0.0
0d8ec47b9231671b40369a800b9f9b9452a40c65,ignite,False,2015-03-20 23:40:13,ignite,,3,3,1,1,1,0.0,3.0,0.0,3.0,494,494.0,326.0,done,1404.0,,False,106.06202760343513,4.39424424875972,3.6666666666666665,0.0372973470149709,0.3333333333333333,0.0,0.5277777777777778,0.3333333333333333,0.4682539682539682,11.0,0.0
204627a14e9cbbf12405f2fb75fe7daf8a14c1b8,ignite,False,2015-03-21 00:39:36,ignite,,1,1,1,1,1,0.0,5.0,0.0,9.0,275,275.0,45.0,done,74.0,,False,867.3444003000009,3.844720128943531,31.0,0.035741281075058,0.0,0.0,1.0,0.0,0.75,13.0,0.0
e99a52bc55908f39bb43ddc6ca5592e4aef728aa,ignite,False,2015-03-21 01:27:21,ignite,,16,10,7,6,2,2.49969814318441,1.7142857142857095,7.428571428571429,6.71428571428571,1033,984.5,0.877227347967014,done,133.0,,False,417.1719529825278,4.9459561755662165,9.0,0.0215738376840902,0.0,0.0,0.4545454545454545,0.0,0.5,22.0,0.0
4af3397a3805c24d18f6d3481c7baf8461404bb0,ignite,True,2015-03-21 01:56:20,ignite,1411.0,5,3,2,1,1,0.811278124459133,8.5,3.5,127.5,1034,985.5,542.0,done,3454.0,2019-01-30 13:58:06,False,218.7189250176872,4.123228751336928,8.5,0.068838499660237,0.0,0.0,1.0,1.0,0.4166666666666666,15.0,0.0
9a8abf3ce806bc020c2dab5f71df0e66912d80c9,ignite,True,2015-03-21 03:30:56,ignite,45.0,8,0,1,1,1,0.0,6.0,0.0,39.0,1698,1621.5,1208.0,done,1141.0,2015-05-05 23:20:36,False,1301.11570929375,5.181026677127762,30.0,0.0230571345697486,1.0,1.0,0.4166666666666667,3.0,0.0833333333333333,25.0,0.0
886ba0393787b2656aa41ea69d5b919806ac15b2,ignite,False,2015-03-21 10:29:20,ignite,,3,0,1,1,1,0.0,1.0,0.0,20.0,852,813.0,639.0,done,745.0,,False,876.9105932306982,5.236565945161546,15.0,0.0171055066682878,1.0,2.0,0.4285714285714285,0.0,0.2,21.0,0.0
e444ffc2c0a55f0b0d067ed36dd09799c4a04783,ignite,False,2015-03-21 10:55:43,ignite,,4,2,1,1,1,0.0,7.0,0.0,52.0,617,612.5,413.0,done,1804.0,,False,1936.8534333546097,5.2324264017811535,69.0,0.0356247916397539,2.0,0.0,0.8064516129032258,2.0,0.2777777777777778,32.0,0.0
c9c4f639879d8997685a559c529f4143b78da7ec,ignite,False,2015-03-21 11:26:39,ignite,,1,1,1,1,1,0.0,5.0,0.0,20.0,856,817.0,643.0,done,418.0,,False,554.6771627292972,4.958985353526339,20.0,0.0360570099940471,0.0,0.0,0.9090909090909092,4.0,0.3076923076923077,16.0,0.0
1229c7fb9ceecbbc90f3c05cb72c543e211beb50,ignite,False,2015-03-21 11:30:57,ignite,,2,2,1,1,1,0.0,9.0,0.0,16.0,1154,1111.5,708.0,done,295.0,,False,336.51484454403226,5.039847155163734,17.0,0.0505178308642951,0.0,0.0,1.0,1.0,0.4444444444444444,18.0,0.0
6d551b11434b87612294d2f06be00af23fb9b3a2,ignite,False,2015-03-21 14:30:48,ignite,,2,11,1,1,1,0.0,14.0,0.0,109.0,858,819.0,644.0,done,2574.0,,False,732.825043639688,4.840884734848559,25.333333333333332,0.0490765883860731,0.3333333333333333,1.0,0.7563131313131314,2.3333333333333335,0.3525641025641026,20.0,0.0
77ca91c1c390804f1df92ebc22feb9526cac427f,ignite,False,2015-03-21 14:44:53,ignite,,14,7,2,2,1,0.91829583405449,4.5,5.0,21.0,860,821.0,645.0,done,418.0,,False,603.1759500778849,4.989563941694077,20.0,0.0331578206946372,0.0,0.0,0.8333333333333334,4.0,0.3076923076923077,16.0,0.0
01bc9847814f2854889fb2b4f9b87f25e83e2a2d,ignite,False,2015-03-21 14:55:15,ignite,,2,1,1,1,1,0.0,15.0,0.0,191.0,1166,1123.5,713.0,done,1541.0,,False,845.9684628180298,5.252948127399268,7.0,0.0082745401367352,0.0,0.0,0.6190476190476191,2.0,0.2857142857142857,27.0,0.0
dfc1a49c69c259126c25dda15c37025dc16b50de,ignite,False,2015-03-21 17:44:45,ignite,,4,6,2,1,1,1.0,0.5,0.0,1.0,99,99.0,33.0,done,199.0,,False,143.70280735692097,4.59389990647846,3.0,0.020556699519835,0.25,0.0,0.5952380952380952,1.5,0.0833333333333333,19.25,0.0
d94641e10a8f27ef44dba54ffd17f10f54fa815a,ignite,False,2015-03-21 20:31:50,ignite,,0,2,1,1,1,0.0,14.0,0.0,111.0,865,826.0,649.0,done,2595.0,,False,316.61964492324813,4.203123316979181,11.0,0.0347420009351173,1.0,0.0,0.5555555555555556,0.0,0.25,18.0,0.0
f279b44da837969abca431b0474e4d58bc6bff7b,ignite,False,2015-03-21 22:09:32,ignite,,3,1,1,1,1,0.0,5.0,43.0,7.0,1038,987.5,545.0,done,724.0,,False,240.4376391848174,4.50486477075674,5.0,0.0207954129684189,0.0,0.0,0.2,0.0,0.5,23.0,0.0
7a68a06787d398089ff5a44f86112a967b8b7ab0,ignite,False,2015-03-22 03:47:09,ignite,,12,14,2,1,1,1.0,0.5,0.0,1.0,104,104.0,37.0,done,45.0,,False,44.97261104228487,4.2851028180230495,2.0,0.0444715117412135,0.0,0.0,1.0,0.0,0.0,16.0,0.0
94ea692508b903e2ce05b6efc70d30c4011b03dd,ignite,False,2015-03-22 13:55:47,ignite,,2,1,1,1,1,0.0,1.0,0.0,3.0,1180,1136.5,84.0,done,68.0,,False,364.17909420309263,4.726898545066763,9.0,0.024713115451325,1.0,0.0,0.8571428571428571,1.0,0.5,13.0,0.0
b98be0c669ad701b6a3f633e012bf6ec724964b2,ignite,False,2015-03-22 13:57:42,ignite,,7,2,1,1,1,0.0,4.0,40.0,10.0,871,829.0,653.0,done,357.0,,False,176.68551326953545,4.468196809812082,3.0,0.0241251383461344,0.0,0.0,0.5185185185185185,0.3333333333333333,0.3333333333333333,13.0,0.0
a6e063b6c21d82e58b7be96f5af004782797b30c,ignite,True,2015-03-22 14:36:28,ignite,427.0,4,1,1,1,1,0.0,14.0,0.0,130.0,874,832.0,655.0,done,2813.0,2016-05-23 06:52:43,False,4280.44522586106,5.571099053086839,124.0,0.028968949129598,1.0,1.0,0.8478260869565217,1.0,0.6888888888888889,27.0,0.0047619047619047
4ef066375c7676feb7ef4b5150a5dc5ca68fd93d,ignite,False,2015-03-22 15:39:32,ignite,,1,1,1,1,1,0.0,10.0,0.0,46.0,876,834.0,656.0,done,415.0,,False,6487.452833444229,4.053651388130023,271.0,0.041772943396665,0.0,0.0,1.0,0.0,0.875,13.0,0.0
5a46b2977e898ab01f53bfd85a64f6ef751da63b,ignite,False,2015-03-22 15:57:49,ignite,,10,16,3,2,2,1.54858060652285,3.0,12.0,15.333333333333302,1040,988.0,0.877227347967014,done,518.0,,False,232.66192252932825,4.568481943294557,10.0,0.0510370645708875,0.0,0.0,0.6944444444444444,0.5,0.65,14.0,0.0
5f3c90b325c15f84a97388e1918a887368c4bb69,ignite,False,2015-03-22 16:00:37,ignite,,8,1,1,1,1,0.0,5.0,0.0,25.0,1042,990.0,548.0,done,414.0,,False,152.92539048396907,4.5696387578477795,10.0,0.0653913648240661,0.0,0.0,0.6,1.0,0.6,10.0,0.0
c2bfd69626523b0d35bae08b4aa39dbec46a8724,ignite,False,2015-03-22 17:12:29,ignite,,18,28,2,1,1,0.950337669971027,2.0,0.5,2.0,109,109.0,40.0,done,253.0,,False,85.17612946769988,4.027262921804285,3.5714285714285716,0.0760966667980145,0.0,0.0,0.9523809523809524,0.8571428571428571,0.6571428571428571,13.0,0.0
b8d18b84b760a5539e2d3daa285ccf10fe1545aa,ignite,True,2015-03-22 18:07:15,ignite,769.0,14,16,5,4,2,2.08012093313027,3.8,7.2,22.0,1188,1144.5,1.36588597052428,done,624.0,2017-04-30 08:23:14,False,3467.477539757963,5.51039794669278,101.0,0.0291278022256634,2.0,6.0,0.9183673469387756,3.0,0.2916666666666667,25.0,0.0
249537cd2c0c7dadcd70a946c67ae668e68890ff,ignite,False,2015-03-22 18:35:40,ignite,,3,9,2,2,1,0.811278124459133,0.5,0.0,1.0,120,120.0,48.0,done,123.0,,False,810.771711968899,5.282841881636927,21.0,0.0259012490075696,0.0,0.0,1.0,1.0,0.1428571428571428,24.0,0.0
6ff0792fd119adf5bcefa04633a845d959d41170,ignite,False,2015-03-22 20:07:02,ignite,,0,4,1,1,1,0.0,5.0,3.0,13.0,1063,1033.5,505.0,done,1718.0,,False,711.7858998067965,5.057672929105816,25.0,0.0351229211013956,1.0,0.0,0.875,3.0,0.25,13.0,0.0
2f32b7ed68bac65f2748631bc1e41088a8fbf6ca,ignite,False,2015-03-22 20:07:41,ignite,,11,48,2,2,1,0.9528588097297792,1.5,1.0,4.5,1064,1034.5,47.0,done,82.0,,False,127.37720526058406,4.409771663013134,5.0,0.039253491154647,0.0,0.0,0.75,0.0,0.8,17.0,0.0
c2eab73e636d79e1dcc7e5df6aba88a0e6a56e74,ignite,False,2015-03-22 20:11:59,ignite,,1,1,1,1,1,0.0,2.0,0.0,2.0,1065,1035.5,48.0,done,81.0,,False,102.18657103125848,4.616174630069642,4.0,0.0391440867389161,0.0,0.0,1.0,1.0,0.5,22.0,0.0
ea5346130eea5857ec5503bea4537d68064d9a40,ignite,False,2015-03-22 21:09:36,ignite,,3,0,1,1,1,0.0,1.0,0.0,1.0,1066,1036.5,49.0,done,56.0,,False,436.39810378076373,4.963062936353657,14.0,0.0320807993405793,0.0,0.0,1.0,1.0,0.4285714285714285,20.0,0.0
082ad6b0ad44f8134b83733e756b151acefdc81a,ignite,False,2015-03-23 03:44:10,ignite,,2,1,1,1,1,0.0,1.0,0.0,1.0,1192,1148.5,91.0,done,68.0,,False,372.2346001038465,4.75373109195922,9.0,0.0241783004521588,1.0,0.0,0.8571428571428571,1.0,0.5,14.0,0.0
75a8dcc0b71dc76fe74df48f5153e427b786fdc5,ignite,False,2015-03-23 12:25:12,ignite,,2,1,1,1,1,0.0,1.0,0.0,1.0,884,842.0,31.0,done,73.0,,False,432.38462934720286,4.920162248692201,11.0,0.025440312290026,1.0,0.0,0.7777777777777778,1.0,0.2857142857142857,16.0,0.0
36d3a552ccdc6f9e0c2845de38222baba6734b49,ignite,False,2015-03-23 14:43:49,ignite,,4,20,1,1,1,0.0,1.0,0.0,2.0,137,137.0,53.0,done,124.0,,False,356.702134347855,4.869980963607356,12.0,0.0336415144303499,0.0,0.0,0.8888888888888888,1.0,0.7142857142857143,18.0,0.0
20c103ef1c3e763734a4264a447e6bc208107e4c,ignite,False,2015-03-23 16:13:56,ignite,,27,41,2,2,2,0.322756958897398,0.5,0.0,5.0,1073,1043.5,0.959846524675673,done,1732.0,,False,3474.3891887060176,5.64231529586887,99.0,0.0284942171480999,1.0,0.0,0.6666666666666666,1.0,0.6491228070175439,21.0,0.0
77dba0c2ba65a9ee981efced392ba32a7a70324c,ignite,False,2015-03-23 16:22:32,ignite,,4,4,1,1,1,0.0,2.0,0.0,3.0,568,554.0,29.0,done,80.0,,False,688.5504551525164,5.124338103465371,19.0,0.0275942014965213,0.0,0.0,1.0,0.0,0.6666666666666666,26.0,0.0
c99469f8aad704bed32b6f34ee6e1a5a9a2aaf87,ignite,False,2015-03-23 17:29:17,ignite,,13,2,1,1,1,0.0,3.0,17.0,9.0,278,278.0,222.0,done,343.0,,False,212.0484332345015,4.2980470715037224,11.5,0.0731777925371357,0.0,0.0,0.2692307692307692,2.5,0.2142857142857142,17.0,0.0
8a22c32ef8fb807d86c9679a9ed5acd39ddea46e,ignite,False,2015-03-23 19:05:03,ignite,,2,0,1,1,1,0.0,2.0,2.0,2.0,501,501.0,330.0,done,48.0,,False,187.53074858920888,3.920771469067463,8.0,0.0426596708016359,0.0,0.0,1.0,0.0,0.5,13.0,0.0
e10fb963c90b59da62226990f068cf77d9ec79d3,ignite,False,2015-03-23 20:12:16,ignite,,9,6,2,2,2,0.566509506552905,1.5,0.0,5.5,571,557.0,0.9775839454555352,done,1718.0,,False,3411.271383123012,5.635375648685421,97.0,0.0284351460513812,1.0,0.0,0.6666666666666666,1.0,0.6491228070175439,21.0,0.0
48cc689fa6dcd9d03b9caeaf2ba448ec5f0f04d3,ignite,False,2015-03-23 21:03:09,ignite,,2,2,1,1,1,0.0,7.0,13.0,25.0,1708,1626.0,1212.0,done,776.0,,False,611.4563412873773,5.041491565919221,23.0,0.0376151140269069,2.0,0.0,0.7,0.0,0.625,22.0,0.0
4ef189ea7d5afb335d58512326fe0eddf33e2fd8,ignite,False,2015-03-23 21:26:31,ignite,,1,1,1,1,1,0.0,2.0,48.0,5.0,1709,1627.0,1213.0,done,647.0,,False,823.7779644494512,5.09993163735298,35.0,0.0424871767763189,0.0,0.0,0.9,2.0,0.6153846153846154,27.0,0.0
d67e7dd201f1c1a99b6974177a2ed9d39d124505,ignite,False,2015-03-23 21:42:53,ignite,,1,1,1,1,1,0.0,1.0,46.0,1.0,1711,1629.0,1214.0,done,56.0,,False,125.81495041679712,3.9146279551873175,6.0,0.0476890860754093,0.0,0.0,1.0,0.0,0.0,9.0,0.0
54c653f62621ceffefc398a3c62cbcf6d34143b3,ignite,False,2015-03-23 22:09:21,ignite,,1,1,1,1,1,0.0,2.0,0.0,2.0,1712,1630.0,1215.0,done,56.0,,False,107.31275182609168,3.9452965646181326,5.0,0.0465927852460896,0.0,0.0,1.0,0.0,0.0,9.0,0.0
69c67c36a2c96c77a53397c8decdee15505953bc,ignite,False,2015-03-23 22:59:01,ignite,,5,2,2,1,1,0.8631205685666309,0.5,0.0,2.0,507,507.0,336.0,done,32.0,,False,41.51317942364757,4.351823225551767,3.0,0.0722662065794719,0.0,0.0,1.0,1.0,0.3333333333333333,10.0,0.0
10e78bcb67e5b0ee63583d95eac85ce2fbafc950,ignite,False,2015-03-23 23:08:13,ignite,,7,0,1,1,1,0.0,1.0,0.0,4.0,508,508.0,337.0,done,237.0,,False,310.89122713518793,4.601179904492485,7.666666666666667,0.0247360009013974,0.0,0.0,0.2166666666666666,0.0,0.1222222222222222,14.333333333333334,0.0
32af4a60cc7b0b598c1c19fff0e8dbb4dbf8c0cc,ignite,False,2015-03-23 23:19:44,ignite,,6,8,3,1,1,1.28705402811873,4.66666666666667,0.0,47.3333333333333,1718,1636.0,1217.0,done,3144.0,,False,282.5863475626632,4.770561809177981,9.6,0.0374906631455175,0.0,0.0,0.5050000000000001,0.6,0.265,17.2,0.0
bf5b8f4112d904e85ae4d6575abb5b077e8e3313,ignite,False,2015-03-24 00:04:10,ignite,,6,3,1,1,1,0.0,7.0,0.0,19.0,1719,1637.0,1218.0,done,325.0,,False,2823.4286134559547,5.762241221467287,66.0,0.02337583450329,3.0,0.0,0.5405405405405406,2.0,0.12,23.0,0.0
0af0baf926d351c6e1eb47f8e300129f6780e517,ignite,False,2015-03-24 00:33:05,ignite,,2,2,1,1,1,0.0,2.0,0.0,12.0,572,558.0,265.0,done,1729.0,,False,516.5767632060202,5.135814060035568,21.0,0.0406522350515112,0.0,0.0,0.8888888888888888,4.0,0.2307692307692307,20.0,0.0
67a73557d5f858fc3552becad855e3d282986361,ignite,False,2015-03-24 00:37:41,ignite,,23,27,1,1,1,0.0,6.0,3.0,26.0,513,513.0,339.0,done,877.0,,False,605.6405279436476,4.950006341354805,3.5833333333333335,0.0062365599190953,0.0,0.0,0.6001221394990744,0.0,0.9791666666666666,25.0,0.0
23217e4789d1fa3ee651059efc768a3c97410866,ignite,False,2015-03-24 00:40:45,ignite,,3,0,1,1,1,0.0,2.0,0.0,13.0,1084,1054.5,514.0,done,1729.0,,False,2069.4358963055115,5.587568844406948,16.0,0.0077315755605497,0.0,0.0,0.7948717948717948,0.0,0.6,24.0,0.0
2c62edd552cc58e656b1b7b3f222d2047e0907e0,ignite,False,2015-03-24 02:12:58,ignite,,4,4,1,1,1,0.0,3.0,4.0,3.0,515,515.0,341.0,done,979.0,,False,1645.123777203737,5.570461398404671,22.0,0.0133728539486518,0.0,0.0,0.6296296296296297,0.0,0.0,20.0,0.0
9b54ec037fef12256d39c430452682e695dc0c45,ignite,False,2015-03-24 04:46:19,ignite,,8,5,2,2,1,0.995727452084926,4.5,3.0,24.5,892,850.0,663.0,done,1644.0,,False,2334.252789169113,4.977669551353574,53.0,0.0237288032613981,0.5,1.0,0.813953488372093,0.0,0.75,18.5,0.0
59960c9643b56700a79cba2e3fbc005465f7fe9b,ignite,False,2015-03-24 11:02:33,ignite,,2,3,1,1,1,0.0,3.0,0.0,7.0,147,147.0,59.0,done,126.0,,False,125.09775004326936,4.58382245524385,6.0,0.0479624933136262,1.0,0.0,0.6666666666666666,1.0,0.3333333333333333,17.0,0.0
e1a067b3ac279f8cf80222842d0572e61fdde331,ignite,False,2015-03-24 11:45:25,ignite,,4,0,1,1,1,0.0,9.0,0.0,33.0,896,854.0,665.0,done,1174.0,,False,592.8457306866735,5.3230752257778695,7.0,0.0118074562026315,1.0,0.0,0.7692307692307693,0.0,0.3333333333333333,21.0,0.0
4bd46420c11b4a59b5f9757f30a6393986b08eb2,ignite,False,2015-03-24 11:49:44,ignite,,1,1,1,1,1,0.0,5.0,0.0,12.0,898,856.0,666.0,done,362.0,,False,401.54359184795527,5.298325456835369,1.0,0.0024903896371446,0.0,0.0,0.5555555555555556,0.0,0.5,19.0,0.0
03170829bdd6e4d704f072a5e5567a87e6bd38fb,ignite,False,2015-03-24 12:06:45,ignite,,6,16,1,1,1,0.0,1.0,0.0,3.0,1088,1057.0,516.0,done,579.0,,False,1920.574637076454,5.112123203259469,69.0,0.0359267474785741,1.0,0.0,0.5882352941176471,5.0,0.25,20.0,0.0
fd30ef2122cf234529a40dbc2195dd89875bdddd,ignite,False,2015-03-24 12:14:29,ignite,,1,2,1,1,1,0.0,1.0,0.0,4.0,1090,1059.0,517.0,done,569.0,,False,1903.0541627084144,5.102353060248811,69.0,0.036257507196642,1.0,0.0,0.5882352941176471,5.0,0.25,20.0,0.0
cd1f1de355f1c9adde917709fc984650f564beed,ignite,False,2015-03-24 12:18:55,ignite,,6,1,1,1,1,0.0,1.0,0.0,5.0,1091,1060.0,518.0,done,568.0,,False,2057.3873481703044,5.082326241361228,74.0,0.0359679474386825,1.0,0.0,0.5882352941176471,5.0,0.25,20.0,0.0
b0caf3a4a7d898109a67ce409646671ab126a419,ignite,False,2015-03-24 12:20:14,ignite,,4,4,1,1,1,0.0,1.0,0.0,6.0,1092,1061.0,519.0,done,573.0,,False,2057.3873481703044,5.08232624136123,74.0,0.0359679474386825,1.0,0.0,0.5882352941176471,5.0,0.25,20.0,0.0
f164cb4ebc2e65f7ae90e72ec13cd7aefd863840,ignite,True,2015-03-24 12:37:39,ignite,516.0,3,3,5,3,1,1.58496250072116,1.2,1.6,3.6,575,560.5,267.0,done,50.0,2016-08-22 03:14:27,False,271.8519998980832,4.950183797525366,11.0,0.0404631932232386,1.0,0.0,0.4285714285714285,0.0,0.5714285714285714,18.0,0.0
d5cfe33529b8bf30c07cb0358a9214f549ee2785,ignite,False,2015-03-24 14:11:32,ignite,,6,1,1,1,1,0.0,6.0,0.0,22.0,1096,1065.0,521.0,done,1722.0,,False,2072.234697909247,5.575662845564059,79.0,0.038123094879024,3.0,0.0,0.5769230769230769,2.0,0.2307692307692307,22.0,0.0
1628f67a432eb59a871b7c883cd2888032c325e0,ignite,False,2015-03-24 16:09:38,ignite,,2,0,1,1,1,0.0,7.0,0.0,22.0,1723,1641.0,1220.0,done,371.0,,False,3576.915227551796,5.792512854925917,71.0,0.0198495059242976,3.0,0.0,0.6222222222222222,2.0,0.1379310344827586,23.0,0.0
83fdf7b9919ab3f2d4b0310247cf3cba075e9c35,ignite,False,2015-03-24 18:01:44,ignite,,11,12,3,2,1,1.16256330784804,3.3333333333333304,2.0,13.333333333333302,517,517.0,342.0,done,1720.0,,False,1073.8511751263632,5.273482025587572,22.4,0.023555712336184,0.8,0.8,0.5002635882635882,0.0,0.1681818181818181,22.8,0.0
b981d2061e9b11ad1e86baa8aa1d2519db22167e,ignite,False,2015-03-24 19:41:38,ignite,,3,23,1,1,1,0.0,1.0,0.0,8.0,1099,1068.0,523.0,done,674.0,,False,3379.280150031914,5.285186250255888,108.0,0.0319594692375475,3.0,0.0,0.6875,5.0,0.2,24.0,0.0
d8cb6ca36fcd3f3321c057bfa3658ea339c6fbe4,ignite,False,2015-03-24 20:15:54,ignite,,5,2,1,1,1,0.0,1.0,0.0,9.0,1100,1069.0,524.0,done,654.0,,False,3412.705546446623,5.310341312870631,108.0,0.031646445475629,3.0,0.0,0.6875,5.0,0.1904761904761904,24.0,0.0
5aabf2237b0813b381b2ed4c59bee5329fd95c75,ignite,False,2015-03-24 20:18:39,ignite,,1,0,1,1,1,0.0,1.0,0.0,10.0,1101,1070.0,525.0,done,657.0,,False,3441.2637518562187,5.299752636504151,109.0,0.0316744102922088,3.0,0.0,0.6875,5.0,0.1904761904761904,24.0,0.0
6d0d4ed5022cba0332d1450a2e233a59f05162a8,ignite,False,2015-03-24 20:27:53,ignite,,5,3,1,1,1,0.0,9.0,0.0,35.0,370,370.0,298.0,done,1160.0,,False,181.54220705637184,4.300937835837776,10.0,0.057789385410631,0.0,0.0,1.0,1.0,0.6333333333333333,11.5,0.0
8b6643c7c4a4a0b9d795852730213f067a2a92ec,ignite,False,2015-03-24 20:31:46,ignite,,1,1,1,1,1,0.0,1.0,0.0,11.0,1102,1071.0,526.0,done,658.0,,False,3441.2637518562187,5.299752636504151,109.0,0.0316744102922088,3.0,0.0,0.6875,5.0,0.1904761904761904,24.0,0.0
69b52dfc96d04751a260d9aedb1e9a3a466d20c0,ignite,False,2015-03-24 21:13:39,ignite,,5,3,1,1,1,0.0,9.0,0.0,35.0,370,370.0,298.0,done,1160.0,,False,181.54220705637184,4.300937835837776,10.0,0.057789385410631,0.0,0.0,1.0,1.0,0.6333333333333333,11.5,0.0
d99f272623c40f3bd669f648843f0f5ac44dfc40,ignite,False,2015-03-25 01:19:51,ignite,,4,2,1,1,1,0.0,5.0,0.0,13.0,374,374.0,301.0,done,353.0,,False,112.58797503894245,4.285074606634958,2.0,0.0177638864124541,0.0,0.0,0.2,1.0,0.5,21.0,0.0
6d70ce2dc6ac1a006da372c44713515d9a72a324,ignite,False,2015-03-25 02:03:46,ignite,,5,3,2,2,2,0.954434002924965,2.0,0.0,12.5,1105,1074.0,0.959846524675673,done,802.0,,False,1813.924699107188,5.104401532332135,57.5,0.0336734383678012,1.5,0.0,0.6294642857142857,3.0,0.4285714285714285,21.0,0.0
216f8cbd6dbd7b4370b3c9b1ccd6623a4b0975cd,ignite,False,2015-03-25 06:34:15,ignite,,1,1,1,1,1,0.0,9.0,0.0,36.0,903,861.0,669.0,done,1183.0,,False,624.3868490606633,5.364172127929498,9.0,0.014414140870423,1.0,0.0,0.7692307692307693,0.0,0.5,21.0,0.0
c745d1284e1d9f11d822c69b3ebf79a95508219a,ignite,False,2015-03-25 09:18:55,ignite,,0,4,1,1,1,0.0,11.0,0.0,31.0,156,156.0,64.0,done,394.0,,False,325.5976218400217,4.917014817185921,7.0,0.0214989285254649,0.0,0.0,0.4285714285714285,1.0,0.6,18.0,0.0
740d4be2e3cec587c3a98d03a6658e918ed2d034,ignite,False,2015-03-25 10:18:27,ignite,,8,8,5,1,1,2.1556390622295702,0.8,0.0,4.0,158,158.0,66.0,done,303.0,,False,37.24700342675139,3.92338567790419,1.0,0.0092858140028831,0.0,0.0,0.1964285714285714,0.75,0.1666666666666666,12.125,0.0
1424f9d7a67c2d2759d9063ae03b4766a55fd4cc,ignite,False,2015-03-25 10:29:37,ignite,,7,11,2,2,1,0.91829583405449,8.0,0.0,109.5,1238,1193.0,735.0,done,966.0,,False,803.6111423279917,4.615930490476203,16.0,0.0199101271214948,0.0,0.0,0.4117647058823529,0.0,0.5,26.0,0.0
987a5dc2d8dc1f4bea123f6777db11c93a45f796,ignite,False,2015-03-25 10:36:35,ignite,,6,1,1,1,1,0.0,4.0,7.0,9.0,1239,1194.0,736.0,done,193.0,,False,260.0652015672515,4.8983419324370905,14.0,0.0538326539484355,1.0,0.0,1.0,3.0,0.5,19.0,0.0
f78138e4e38fe7fe85ac990fa066de31ca383dda,ignite,False,2015-03-25 13:25:11,ignite,,1,1,1,1,1,0.0,3.0,0.0,16.0,1107,1076.0,529.0,done,1742.0,,False,7108.55048227862,6.134271149273395,62.0,0.0087218906519077,0.0,4.0,0.575,0.0,0.2,21.0,0.0
68e08291c5bc3fb1094ccce8d1673fc5413b761f,ignite,False,2015-03-25 15:23:21,ignite,,1,1,1,1,1,0.0,1.0,0.0,2.0,904,861.5,670.0,done,319.0,,False,48.43204266092216,4.09306920777189,0.0,0.0,0.0,0.0,0.0,0.0,0.0,12.0,0.0
688e52e52662c9229f66780a77c73b90e3ced26a,ignite,False,2015-03-25 15:28:11,ignite,,0,2,1,1,1,0.0,1.0,39.0,1.0,224,224.0,166.0,done,182.0,,False,58.81033751683405,3.920481684613113,3.0,0.0510114399384508,0.0,0.0,0.25,0.0,0.5,8.0,0.0
c25e37a63c3a26478eefbbf3fd86ccc42d379b3f,ignite,False,2015-03-25 15:43:11,ignite,,15,4,2,2,1,0.629249223856035,6.0,0.0,42.0,1730,1646.0,1225.0,done,1364.0,,False,1337.0021047180835,5.1343982475607355,35.0,0.0261779692615966,2.0,0.0,0.6176470588235294,0.0,0.25,28.0,0.0
ac9ffe8cde3e15a0dae458e7489b54237c73e561,ignite,False,2015-03-25 16:11:39,ignite,,2,4,1,1,1,0.0,11.0,0.0,36.0,161,161.0,69.0,done,423.0,,False,418.7639251168273,4.96499897832664,10.0,0.0238798029157124,0.0,0.0,0.4375,1.0,0.5714285714285714,16.0,0.0
905b67b6e1a9c5a1d55da7383835c4aaf7b0f0d0,ignite,False,2015-03-25 16:53:29,ignite,,50,1,2,2,1,0.6722948170756379,4.0,0.0,15.0,1732,1647.5,1226.0,done,735.0,,False,1164.7549330534632,5.074572731882071,36.5,0.0312343278292358,1.0,0.5,0.6477272727272727,0.5,0.1714285714285714,23.5,0.0
7161112bfe8e792101c9dfd925dc5f0241901d5e,ignite,False,2015-03-25 17:24:32,ignite,,3,1,2,1,1,0.811278124459133,5.0,0.5,27.5,1735,1650.5,1228.0,done,481.0,,False,3358.0784711920596,3.9603881728310784,141.0,0.0454724830119345,0.0,0.0,1.0,0.0,0.4375,11.0,0.0
e4fa375bc48945655ecbfd1fb437510e26b941f1,ignite,False,2015-03-25 17:45:58,ignite,,30,5,2,1,1,0.775512658133148,4.0,0.5,11.0,1736,1651.5,1229.0,done,645.0,,False,1202.6264582977406,5.350766254816211,29.5,0.0259278183966798,2.0,0.5,0.5294736842105263,0.5,0.1875,24.5,0.0
528bf007a252017592ca34623ed89190da6f59b3,ignite,False,2015-03-25 18:19:51,ignite,,2,2,2,2,1,1.0,5.5,0.0,38.0,526,526.0,351.0,done,921.0,,False,1230.9468655610965,5.067401691751513,25.5,0.0215533363856678,2.0,0.5,0.3844696969696969,0.0,0.2403846153846154,26.0,0.0
3462d7446889cebd7bc973fb019cd1358cdf7acc,ignite,False,2015-03-25 18:23:28,ignite,,1,5,1,1,1,0.0,7.0,13.0,28.0,1738,1653.0,1230.0,done,682.0,,False,194.9503875887022,4.613147322315838,7.0,0.035906571341465,0.0,0.0,0.5555555555555556,1.0,0.7142857142857143,20.0,0.0
14ed9ec80d60604375ce74e79023c0054a51505e,ignite,False,2015-03-25 19:07:05,ignite,,4,0,1,1,1,0.0,6.0,1.0,25.0,528,528.0,353.0,done,948.0,,False,270.5127875425482,4.394557445059711,10.0,0.03696682915009,1.0,0.0,0.3,0.0,0.0,17.0,0.0
c983325195f0022205b8d0956c84057de3d8b8b0,ignite,False,2015-03-25 19:36:04,ignite,,14,14,2,2,1,0.940285958670631,5.0,0.0,21.0,529,529.0,354.0,done,1522.0,,False,1449.1320376545766,4.903273024676264,40.0,0.0332629426901474,1.0,0.5,0.5852860589702694,0.0,0.4653926955397544,22.333333333333332,0.0
df029c917121044f79664787b0af43efa22998be,ignite,False,2015-03-25 19:47:05,ignite,,2,2,1,1,1,0.0,6.0,0.0,12.0,530,530.0,355.0,done,977.0,,False,171.8953543301665,4.533899782806093,5.0,0.0290874644023031,0.0,0.0,0.3333333333333333,0.0,0.0,15.0,0.0
15c9b3f1f2e3016198beea65a9e8bc698c27f19c,ignite,False,2015-03-25 19:48:53,ignite,,2,2,1,1,1,0.0,6.0,0.0,13.0,531,531.0,356.0,done,977.0,,False,1199.0987909085293,5.1462042025386845,44.0,0.036694224307125,2.0,3.0,0.7647058823529411,0.0,0.3076923076923077,25.0,0.0
cfef5943a5c29142bb2fd18c23f72d5d3593a879,ignite,True,2015-03-25 20:32:50,ignite,1335.0,9,4,2,2,1,0.890491640219491,4.0,0.0,15.5,532,532.0,357.0,done,1822.0,2018-11-20 08:25:23,False,1666.987452050851,5.039254850253007,55.0,0.0325278736120095,1.0,0.0,0.5987179487179487,0.0,0.2184873949579832,23.0,0.0
43723b6dd57770f085cd737c3ff8310f25bfaed5,ignite,False,2015-03-25 20:34:37,ignite,,1,1,1,1,1,0.0,7.0,0.0,13.0,533,533.0,358.0,done,259.0,,False,682.4383908973924,4.7412806429980945,27.0,0.0395640109937185,0.0,0.0,0.5,5.0,0.2222222222222222,29.0,0.0
e12a4e2c009e2eb85b4ae5a2968f4ea00ab2151e,ignite,False,2015-03-25 20:38:05,ignite,,3,3,1,1,1,0.0,5.0,1.0,8.0,534,534.0,359.0,done,104.0,,False,998.205747224486,5.154255453065792,13.0,0.013023367212768,1.0,2.0,0.3,0.0,0.2857142857142857,40.0,0.0
3631132c5cce0c839f7d03d5651119f62a39a848,ignite,False,2015-03-25 20:43:20,ignite,,2,5,1,1,1,0.0,9.0,1.0,36.0,535,535.0,360.0,done,637.0,,False,5052.112986575871,5.265124609259497,124.0,0.0245441858346169,1.0,0.0,0.3902439024390244,1.0,0.35,27.0,0.0
465e2ffac2feaf91f7899a01c49f1965f8fea3f9,ignite,True,2015-03-25 20:44:37,ignite,630.0,1,1,1,1,1,0.0,8.0,0.0,36.0,536,536.0,361.0,done,421.0,2016-12-15 09:15:22,False,798.0615605397528,5.064565002848139,13.0,0.0162894701897529,1.0,3.0,0.3157894736842105,0.0,0.0,27.0,0.0
eb0474e8387526ea5655eeca195286953df6372a,ignite,False,2015-03-25 21:11:34,ignite,,3,4,1,1,1,0.0,3.0,0.0,6.0,538,538.0,362.0,done,269.0,,False,647.4507915722863,5.30283712419092,12.0,0.0185342270890717,2.0,0.0,0.6428571428571429,0.0,0.5555555555555556,21.0,0.0
6bf2cdf9fa80891dd1e167990aa5548d00bfc82e,ignite,False,2015-03-25 21:18:31,ignite,,2,3,1,1,1,0.0,2.0,0.0,6.0,1742,1657.0,1233.0,done,63.0,,False,181.32154618891352,3.8474986585521633,9.0,0.0496355793846097,0.0,0.0,1.0,0.0,0.0,9.0,0.0
57948af4264e53185a13374a353682f116aea67e,ignite,False,2015-03-25 21:36:00,ignite,,12,6,1,1,1,0.0,7.0,0.0,18.0,540,540.0,364.0,done,108.0,,False,351.0349360462734,4.841908141316619,16.0,0.045579508923553,1.0,0.0,0.5454545454545454,0.0,0.2,20.0,0.0
0a1df71b8a3b6b2b3f9cda26f32cbfe7947f1d22,ignite,False,2015-03-25 21:38:03,ignite,,8,0,1,1,1,0.0,5.0,1.0,13.0,1743,1658.0,1234.0,done,163.0,,False,116.75790004038474,4.274621458086301,6.0,0.051388385693171,0.0,0.0,0.8,1.0,0.3333333333333333,16.0,0.0
8ad18f747b72901977a5f78c51699fb5f2ec59a6,ignite,True,2015-03-25 22:15:34,ignite,19.0,43,34,7,4,1,2.05849584908159,1.42857142857143,4.42857142857143,17.7142857142857,542,542.0,366.0,done,2614.0,2015-04-14 09:38:35,False,666.0019463069806,4.796289850544686,18.166666666666668,0.0332389052925956,0.4166666666666667,0.0,0.5997970779220779,0.4166666666666667,0.1572153540903541,24.75,0.0
b5b369582fb1fb8543fd74699fbb1146553122cc,ignite,False,2015-03-25 22:18:17,ignite,,3,6,1,1,1,0.0,8.0,0.0,37.0,543,543.0,367.0,done,421.0,,False,1009.6917108709262,4.880561170076773,26.0,0.0257504342365782,2.0,1.0,0.45,0.0,0.3333333333333333,26.0,0.0
7d8ad6e5d630768a045b997dd128bc086aa246db,ignite,False,2015-03-25 22:20:14,ignite,,6,6,5,5,1,2.25162916738782,2.0,0.0,15.4,378,378.0,305.0,done,2897.0,,False,1016.3073235514872,4.939302915608823,28.8,0.0217317055540899,0.6,0.6,0.4904220779220779,3.0,0.3061624649859943,21.0,0.0
5b0a5f3878e82dce23b35815ed738d2d12f8e825,ignite,True,2015-03-25 22:21:48,ignite,1205.0,10,6,2,2,1,1.0,5.0,0.0,24.5,379,379.0,306.0,done,2395.0,2018-07-13 16:57:35,False,1746.4805072145723,5.168687926832899,59.0,0.0337143444910821,1.0,1.5,0.6288032454361054,1.0,0.3487394957983193,23.0,0.0
e373dff5eea6d6a9ec4f1b594c7663ca573ca1e3,ignite,True,2015-03-25 22:48:38,ignite,41.0,7,6,3,2,1,1.41955629857161,3.0,3.0,15.333333333333302,545,545.0,369.0,done,1498.0,2015-05-06 10:44:30,False,1125.991085937354,5.004127106660597,33.25,0.0380558041225474,1.0,0.0,0.568655303030303,0.0,0.4248433583959899,21.5,0.0
5771dcae0def87a248172f28a78f5e4a48e1278d,ignite,False,2015-03-25 22:50:20,ignite,,10,7,5,2,1,2.228072225107,2.0,15.6,15.0,629,621.5,420.0,done,3834.0,,False,649.4390205084246,4.710319351355283,19.75,0.051895828904522,0.5,0.0,0.634963768115942,2.0,0.4773351648351648,17.25,0.0
e712b490a9b7e036186605bb58ac88fd35d2045a,ignite,False,2015-03-25 23:33:47,ignite,,2,7,2,2,1,0.7642045065086199,3.5,0.0,17.5,630,622.5,421.0,done,851.0,,False,1131.388789149583,4.539137899460405,35.0,0.0346698088753703,0.5,2.0,0.8333333333333333,0.0,0.1153846153846153,18.5,0.0
50fc5a9d1adec115a5ebcae26aecfd752ecf37ba,ignite,False,2015-03-26 00:47:32,ignite,,6,0,1,1,1,0.0,5.0,3.0,10.0,205,205.0,107.0,done,625.0,,False,1792.8296653022996,5.324287729230244,69.0,0.0384866456280806,0.0,0.0,0.7916666666666666,3.0,0.4210526315789473,21.0,0.0
5d7568a8f4fe5d7f48867c87fb571c5016473a2c,ignite,False,2015-03-26 01:39:56,ignite,,1,2,1,1,1,0.0,10.0,0.0,39.0,551,551.0,374.0,done,787.0,,False,70.30835464468075,4.2102717936902865,2.0,0.0284461215186652,0.0,0.0,0.3333333333333333,2.0,0.0,29.0,0.0
a9b43a2f865e4dde0b482a093645c3151c8e5c5d,ignite,False,2015-03-26 02:18:55,ignite,,8,8,5,4,1,2.25,2.0,0.0,15.2,381,381.0,308.0,done,2549.0,,False,1108.7366280190631,4.851035955663428,32.25,0.021128192870289,0.75,0.75,0.4347998566748566,0.5,0.2888888888888888,20.25,0.0
8906d345a6a1b50afab5a165721ccadb2ad70d6a,ignite,False,2015-03-26 02:50:18,ignite,,5,5,2,2,1,0.7219280948873621,4.0,0.0,21.5,552,552.0,375.0,done,1058.0,,False,739.2499755575101,5.121586177373032,6.0,0.009337564251826,0.3333333333333333,0.0,0.5263157894736842,0.0,0.6388888888888888,23.666666666666668,0.0
76e45aca730cad36f56baec080c04974f61ef1b0,ignite,True,2015-03-26 09:22:53,ignite,1000.0,9,8,2,2,1,0.7871265862012691,4.0,10.5,18.5,1250,1205.0,740.0,done,2348.0,2017-12-20 10:05:24,False,1310.0726997945203,5.15043367928583,14.857142857142858,0.0164881562779121,0.2857142857142857,0.1428571428571428,0.6378760282977348,0.0,0.538034188034188,22.0,0.0
486ff5d00350d0bc2fcfac34d183e1b282a46851,ignite,False,2015-03-26 13:48:15,ignite,,51,40,3,2,2,1.1803534579092,5.0,7.0,42.0,164,164.0,0.127090250158091,done,148.0,,False,242.8990497563786,4.903131295626317,12.0,0.0494032397905042,0.0,0.0,0.75,3.0,0.3333333333333333,23.0,0.0
bbeac6b24c94152a9c567b490900d3f3bdb65f8a,ignite,False,2015-03-26 16:05:51,ignite,,3,3,1,1,1,0.0,7.0,0.0,34.0,1056,1001.5,556.0,done,858.0,,False,3503.2653121251774,5.678439516135622,107.0,0.030542933653829,1.0,3.0,0.7647058823529411,5.0,0.4324324324324324,30.0,0.0
ad5de5ff3e7dadcd02da31572ca4086ea33091e0,ignite,False,2015-03-26 17:42:46,ignite,,4,4,1,1,1,0.0,6.0,0.0,29.0,553,553.0,376.0,done,872.0,,False,806.9039200905995,4.9338176611952065,3.5,0.0043239490598914,0.0,0.0,0.6228070175438596,0.0,0.875,26.0,0.0
d4400c48db4a7b9fc348ebe874a89a026009cdce,ignite,False,2015-03-26 17:50:11,ignite,,25,35,1,1,1,0.0,5.0,0.0,8.0,554,554.0,377.0,done,265.0,,False,1161.6942463839157,5.045009941377745,22.333333333333332,0.0298929896533729,0.6666666666666666,0.3333333333333333,0.6447981366459627,0.6666666666666666,0.2777777777777777,27.333333333333332,0.0
3c216569e4c45951bea76c75196a531d2b0394be,ignite,False,2015-03-26 18:13:17,ignite,,1,1,1,1,1,0.0,7.0,8.0,24.0,1110,1078.0,530.0,done,376.0,,False,2995.4790177383643,5.6124968678740315,88.0,0.0293776052106822,1.0,0.0,0.7894736842105263,3.0,0.1470588235294117,25.0,0.0
417961f77027c6c87eb158ea9bc0a181d6f3cf7b,ignite,False,2015-03-26 20:09:59,ignite,,7,7,1,1,1,0.0,6.0,0.0,30.0,559,559.0,381.0,done,872.0,,False,619.7516150039982,4.931537843737375,3.142857142857143,0.0053004766799551,0.0,0.0,0.6684423769507803,0.0,0.9642857142857144,24.285714285714285,0.0
1a07868fedb9b8b21aa030d25c946428e1248394,ignite,False,2015-03-26 20:19:17,ignite,,1,1,1,1,1,0.0,7.0,0.0,16.0,560,560.0,382.0,done,1719.0,,False,247.70981551934375,4.87139066499173,7.0,0.0282588721214939,1.0,0.0,0.1428571428571428,2.0,0.2,24.0,0.0
ea903772efcb978c4b653687b675d0ff0469c842,ignite,False,2015-03-26 21:52:33,ignite,,2,2,1,1,1,0.0,12.0,0.0,56.0,227,227.0,168.0,done,2463.0,,False,92.0,4.339011923790012,4.0,0.0434782608695652,0.0,0.0,1.0,1.0,0.3333333333333333,14.0,0.0
f1ab7bce69eec1332fcf2e2284c05ff691e587a7,ignite,True,2015-03-26 22:24:56,ignite,14.0,43,45,8,6,1,1.49017548392982,2.25,1.875,69.875,313,313.0,133.0,done,16304.0,2015-04-10 13:58:14,False,951.3411026602248,4.762230900946223,26.176470588235293,0.0340380402542272,0.7058823529411765,0.5882352941176471,0.7866240461701921,1.0,0.5436307652160868,21.529411764705884,0.0
9a955e75b0005f918dcd17d5da67e7a14760c409,ignite,False,2015-03-27 00:16:51,ignite,,2,13,2,2,1,0.996791631981637,5.0,17.5,12.5,1112,1080.0,532.0,done,45.0,,False,70.32403072095333,4.114718016821338,3.0,0.0426596708016359,0.0,0.0,1.0,1.0,0.6666666666666666,20.0,0.0
676a568cc6d7c59285ad468a1adcef8a747c2e9f,ignite,True,2015-03-27 00:36:12,ignite,1483.0,18,16,5,4,1,2.02237462335138,2.2,0.0,17.2,1063,1003.5,561.0,done,2549.0,2019-04-18 06:47:28,False,1108.7366280190631,4.851035955663428,32.25,0.021128192870289,0.75,0.75,0.4347998566748566,0.5,0.2888888888888888,20.25,0.0
0bbf011716b8032140ff63c71d65a82de843b4cc,ignite,False,2015-03-27 07:35:51,ignite,,13,3,2,2,1,0.5435644431995961,7.5,3.5,52.0,1251,1203.5,741.0,done,295.0,,False,919.7030162350288,5.209780791945564,29.0,0.031531917899668,0.0,0.0,0.8181818181818182,1.0,0.3076923076923077,18.0,0.0
b87d4ef5ff4154efc26200d1f7abdab66dbef442,ignite,False,2015-03-27 08:53:14,ignite,,7,2,2,2,1,0.7642045065086199,6.0,0.0,34.0,915,872.5,676.0,done,2763.0,,False,240.86090628064915,4.144926186329171,6.0,0.032002861822337,0.0,0.0,0.625,0.5,0.4166666666666666,17.0,0.0
756f3e6e448366de300b63b476a3f7a566101585,ignite,False,2015-03-27 13:30:39,ignite,,35,39,4,3,1,0.8800013089686809,0.75,7.5,11.75,1252,1204.5,742.0,done,744.0,,False,296.81962048007534,4.969451415172098,15.666666666666666,0.0560848087661743,0.0,0.0,0.85,2.6666666666666665,0.1944444444444444,16.666666666666668,0.0
988b6b914a9033c3c08023644e792ba39f1f034a,ignite,False,2015-03-27 13:31:26,ignite,,1,1,1,1,1,0.0,2.0,0.0,21.0,1253,1205.5,743.0,done,100.0,,False,401.81640034635626,5.371623251541944,15.0,0.0373304822477886,0.0,0.0,1.0,2.0,0.3333333333333333,15.0,0.0
71c69391c6347afd4fb85f5de0168e6b97a31ff6,ignite,True,2015-03-27 13:47:45,ignite,161.0,8,5,1,1,1,0.0,2.0,0.0,22.0,173,173.0,60.0,done,100.0,2015-09-04 22:08:18,False,417.88905636021053,5.363686257819984,15.0,0.0358946944690275,0.0,0.0,1.0,2.0,0.3333333333333333,15.0,0.0
300a52824b22137f3d0bf9d1a9211c336a27ada1,ignite,False,2015-03-27 17:55:01,ignite,,1,1,1,1,1,0.0,5.0,0.0,12.0,572,572.0,390.0,done,300.0,,False,398.89173756274056,3.778343860999024,8.0,0.0200555670791293,0.0,0.0,0.1818181818181818,0.0,0.5,21.0,0.0
484005a641cc98318c2142872ee71ad42fa2242a,ignite,False,2015-03-27 18:27:07,ignite,,9,13,1,1,1,0.0,1.0,6.0,18.0,209,209.0,109.0,done,857.0,,False,153.1908871942243,4.411810050813448,7.0,0.0742202112719437,0.0,0.0,0.3023809523809523,1.2,0.55,14.6,0.0
fd370b9a40a61c4c0219cc61fb9016e763a5f6c3,ignite,False,2015-03-27 20:12:25,ignite,,3,0,1,1,1,0.0,3.0,0.0,5.0,575,575.0,393.0,done,1625.0,,False,1395.3592925874193,5.426786067501568,46.0,0.0329664196485924,3.0,1.0,0.6896551724137931,1.0,0.3043478260869565,20.0,0.0
684db5218db2dff143ba392fa46df933aa0a72c0,ignite,False,2015-03-27 20:59:03,ignite,,0,3,1,1,1,0.0,3.0,0.0,6.0,1766,1680.0,1244.0,done,1628.0,,False,1355.800270417258,5.41455506432646,45.0,0.0331907294768062,3.0,0.0,0.6896551724137931,1.0,0.3043478260869565,20.0,0.0
748ddb65e80ae164e3ce2f257acb50a4ad557c7d,ignite,False,2015-03-27 22:10:03,ignite,,3,24,5,2,1,1.93792985731273,2.2,9.0,19.8,584,584.0,396.0,done,1916.0,,False,1221.039492617816,4.965130943967072,44.6,0.0403379260217507,1.2,0.2,0.3364459930313589,1.4,0.4324283559577678,16.8,0.0
520eef1c5aabec9209aeda45f8ab4d8f2d6087e3,ignite,False,2015-03-27 23:17:22,ignite,,2,2,1,1,1,0.0,9.0,0.0,47.0,589,589.0,401.0,done,909.0,,False,4304.85468792117,5.794363440161853,165.0,0.0383288198932631,2.0,1.0,0.8536585365853658,4.0,0.4313725490196078,24.0,0.0
be6a16140f6c56beee5fc5c82d95beb26936a3a2,ignite,False,2015-03-27 23:53:30,ignite,,0,18,3,3,1,1.3516441151533898,0.666666666666667,20.0,0.666666666666667,590,590.0,402.0,done,598.0,,False,69.6323312532452,3.869415374202979,3.0,0.0430435467620722,0.0,0.0,0.75,0.5,0.6666666666666666,10.5,0.0
fc123eb6bfd07cca05501e0db613b3258714945f,ignite,False,2015-03-28 01:33:25,ignite,,0,4,1,1,1,0.0,6.0,0.0,16.0,594,594.0,406.0,done,1680.0,,False,335.20068866380245,4.50350173830344,13.0,0.0387827365505166,0.0,0.0,0.2857142857142857,0.0,0.1818181818181818,19.0,0.0
50701cbdbb07bac7ea078be40010a4bf45f02b00,ignite,False,2015-03-30 02:26:01,ignite,,1,1,1,1,1,0.0,0.0,0.0,0.0,595,595.0,407.0,done,624.0,,False,453.22244280971864,4.778984897983415,19.0,0.0419220193117775,1.0,0.0,0.6,3.0,0.3333333333333333,33.0,0.0
d172832bea28d411ec4301ded91060f7ebed1cc7,ignite,False,2015-03-30 02:44:21,ignite,,1,1,1,1,1,0.0,1.0,0.0,1.0,596,596.0,408.0,done,624.0,,False,453.22244280971864,4.778984897983415,19.0,0.0419220193117775,1.0,0.0,0.6,3.0,0.3333333333333333,33.0,0.0
2289f64b9a955da28b2e63fa0758c9f964ae8d93,ignite,False,2015-03-30 02:59:11,ignite,,1,1,1,1,1,0.0,6.0,2.0,24.0,597,597.0,409.0,done,708.0,,False,70.32403072095333,4.335727659493041,2.0,0.0284397805344239,0.0,0.0,1.0,0.0,0.5,10.0,0.0
2062fecfa560fc474faa617f52d43af9b90fd46b,ignite,False,2015-03-30 04:43:51,ignite,,14,2,2,1,1,1.0,2.5,2.0,9.0,600,600.0,412.0,done,716.0,,False,312.88626403364293,4.992157286073665,10.0,0.0319604953924239,0.0,0.0,0.5714285714285714,0.0,0.7777777777777778,25.0,0.0
87cec9823a2df33a89d73f68770d4d7af0c89aee,ignite,False,2015-03-30 15:18:13,ignite,,4,4,1,1,1,0.0,5.0,3.0,7.0,1773,1684.0,1248.0,done,308.0,,False,48.98195626045676,3.5968904888823943,1.0,0.1105192463449441,0.0,0.0,0.0,0.0,1.0,8.5,0.0
a1725e140eddf9eeb77084089bebf67a414f8705,ignite,False,2015-03-30 17:50:15,ignite,,2,10,2,1,1,1.0,2.5,0.0,10.0,603,603.0,415.0,done,728.0,,False,97.70233280920246,4.763933055316903,5.0,0.0511758507318778,0.0,0.0,1.0,0.0,0.75,14.0,0.0
bca419877f2e136a3e9d35ecb6c9af8e770bf0ee,ignite,False,2015-03-31 00:24:36,ignite,,11,8,1,1,1,0.0,2.0,6.0,2.0,1778,1689.0,1251.0,done,130.0,,False,850.5922457676267,5.359080695974324,9.0,0.0105808629749238,1.0,0.0,0.5625,1.0,0.3333333333333333,24.0,0.0
053d32cfa79f0cc0ce6b47386471ba3b1786753d,ignite,False,2015-03-31 06:41:23,ignite,,3,0,1,1,1,0.0,12.0,0.0,122.0,610,610.0,419.0,done,4321.0,,False,412.08449014127746,4.732221516004346,18.0,0.043680362718405,1.0,0.0,0.4375,0.0,0.0,18.0,0.0
768ca6aab93c63f37e506318065bb491870ee8f4,ignite,False,2015-03-31 13:44:10,ignite,,11,7,1,1,1,0.0,3.0,0.0,4.0,1116,1078.5,535.0,done,211.0,,False,198.2560780826117,3.945542238379902,5.0,0.0742059374111678,0.0,0.0,0.2307692307692307,1.3333333333333333,0.0,16.333333333333332,0.0
6047580daecad8014d4bac4bb6cbac6020fb7382,ignite,False,2015-03-31 15:29:52,ignite,,1,0,1,1,1,0.0,5.0,1.0,8.0,612,612.0,421.0,done,308.0,,False,103.6123121079506,3.6118597626451754,1.0,0.0096513626581185,0.0,0.0,0.0,0.0,1.0,9.0,0.0
a9996d8fdb2ae5ecbf1a56b88a4161f5d8bcf5de,ignite,False,2015-03-31 17:01:37,ignite,,9,9,7,4,1,2.52494497508471,2.14285714285714,0.285714285714286,39.4285714285714,1781,1692.0,1253.0,done,1037.0,,False,86.91088052976154,4.053772940198734,4.333333333333333,0.0513306525267652,0.0,0.0,0.0,0.0,0.8333333333333334,11.0,0.0
50998c504573834e243df8b00681dcc8aa22dcf6,ignite,False,2015-03-31 18:30:44,ignite,,28,0,1,1,1,0.0,12.0,0.0,123.0,614,614.0,423.0,done,4324.0,,False,867.7127892200887,4.863243108697973,39.0,0.0449457475843518,1.0,0.0,0.5833333333333334,0.0,0.1,19.0,0.0
d7dad487da127b66554f48e96800509be7830d78,ignite,False,2015-03-31 19:16:19,ignite,,2,8,1,1,1,0.0,7.0,5.0,58.0,230,230.0,170.0,done,1882.0,,False,1147.637745311984,5.399680000319369,33.0,0.0287547182329986,0.0,0.0,0.7,7.0,0.3125,28.0,0.0
67bb43aaf1a233393e5d88bdc60161b454c0939a,ignite,False,2015-03-31 19:36:21,ignite,,16,7,3,1,1,0.966451628747226,6.0,0.666666666666667,145.333333333333,1786,1697.0,1256.0,done,10101.0,,False,129.77347029867687,4.434780713578129,5.333333333333333,0.0483276064744987,0.0,0.0,0.4761904761904762,0.3333333333333333,0.5813492063492064,17.333333333333332,0.0
79c76cd16d0a506a2775cb41f885bd3aff39f96e,ignite,False,2015-03-31 20:23:06,ignite,,7,22,3,1,1,1.07355199917306,5.66666666666667,0.0,121.666666666667,1787,1698.0,1257.0,done,8578.0,,False,418.81334602272847,4.580553390488018,9.25,0.0389547187852188,0.0,0.0,0.7708333333333333,0.25,0.4958333333333333,23.5,0.0
7aba4bad9aac10dc140c484580bce195b25634fc,ignite,False,2015-03-31 23:31:06,ignite,,5,1,1,1,1,0.0,5.0,7.0,15.0,1792,1703.0,1261.0,done,208.0,,False,558.7417627876977,5.294743613238056,1.0,0.0017897355569248,0.0,0.0,0.4615384615384615,0.0,0.0,20.0,0.0
00c934cc3921d05f92e1c0f7400ae9253b779b01,ignite,False,2015-04-01 06:52:31,ignite,,26,5,1,1,1,0.0,3.0,0.0,24.0,1267,1213.0,750.0,done,177.0,,False,440.70937035034075,5.212862679824865,14.5,0.0329271050772053,0.5,0.0,0.8785714285714286,1.0,0.5227272727272727,20.5,0.0
685209c6e360dc8299e9e5b3227e8e9a7929898b,ignite,True,2015-04-01 07:37:24,ignite,286.0,6,27,2,2,1,0.329846070207146,5.0,2.5,37.0,1268,1214.0,751.0,done,1225.0,2016-01-13 05:59:39,False,888.5037693779165,5.032181113988056,27.666666666666668,0.0353092675911838,1.3333333333333333,0.3333333333333333,0.8030303030303031,0.6666666666666666,0.4907407407407407,22.333333333333332,0.0
f7e32fb596a71f630237b8a06f846febbdbcf005,ignite,False,2015-04-01 17:58:16,ignite,,6,6,1,1,1,0.0,11.0,6.0,38.0,210,210.0,17.0,done,421.0,,False,310.010510885702,4.847815731670844,9.666666666666666,0.029677942379723,0.0,0.0,0.5694444444444444,0.0,0.337037037037037,23.0,0.0
3a8a15507d83f00c433240f39fc2af1eae5c51ae,ignite,False,2015-04-01 19:04:47,ignite,,2,2,2,2,1,1.0,1.0,23.0,2.0,1069,1008.5,563.0,done,465.0,,False,4297.421453939382,5.562034059419,105.0,0.0244332563434633,2.0,8.0,0.6470588235294118,1.0,0.2857142857142857,21.0,0.0
39cfcbdf68a20aad45fd8f5802f2f1d78a16e6ea,ignite,False,2015-04-01 22:26:10,ignite,,1,1,1,1,1,0.0,11.0,1.0,65.0,1073,1011.5,565.0,done,5269.0,,False,9031.876952159031,5.62882000486497,300.0,0.0332156872363375,1.0,9.0,0.7719298245614035,0.0,0.5777777777777777,25.0,0.0
3bc3b07b3705d66169284b99acab6d1fea3298fa,ignite,False,2015-04-02 04:34:18,ignite,,1,1,1,1,1,0.0,3.0,23.0,3.0,179,179.0,62.0,done,280.0,,False,280.53836262764463,4.758274580953905,13.0,0.0463394734261522,0.0,0.0,1.0,1.0,0.2857142857142857,22.0,0.0
e2cbd2178a9a4b7a4db171386fda0143b0a025ef,ignite,False,2015-04-02 13:38:54,ignite,,29,61,2,2,1,0.53571501954077,5.5,12.0,14.5,1125,1085.0,541.0,done,95.0,,False,230.70165975890765,4.291974915383807,8.0,0.0346768203070594,0.0,0.0,0.6666666666666666,1.0,0.25,13.0,0.0
69f50791818eb21bbc99e9568c54fb27bd732956,ignite,False,2015-04-02 16:04:28,ignite,,2,0,1,1,1,0.0,5.0,1.0,10.0,1801,1709.0,1266.0,done,308.0,,False,110.41329273967052,3.6802719820405674,1.0,0.0090568805185239,0.0,0.0,0.0,0.0,1.0,9.0,0.0
0e297a6e97af1a284a1be676763bf49922e91215,ignite,False,2015-04-02 18:31:05,ignite,,4,4,3,3,2,1.5,0.666666666666667,41.0,0.666666666666667,1128,1088.0,0.9598465245592508,done,1019.0,,False,153.73110979725664,4.604415169683186,7.0,0.0455340497393905,0.0,0.0,0.75,1.0,0.25,16.0,0.0
4f4772fee06a0fd358f2f5a57f858d3d1cd0c2fa,ignite,False,2015-04-03 17:20:59,ignite,,1,4,2,2,1,0.970950594454669,5.0,0.0,37.5,622,622.0,429.0,done,975.0,,False,2265.6567306190564,4.544361020665187,79.0,0.0348684771758934,0.0,0.0,1.0,2.0,0.0256410256410256,15.0,0.0
e69ef35b6c89c22dd34fcf1623cee4856060ae44,ignite,True,2015-04-03 17:31:04,ignite,506.0,34,7,1,1,1,0.0,7.0,7.0,24.0,593,567.5,273.0,done,1727.0,2016-08-22 08:00:06,True,1136.274554435446,5.249397677925057,46.333333333333336,0.0401023602712019,1.3333333333333333,0.0,0.6856771558525945,0.6666666666666666,0.3858974358974358,22.833333333333332,0.0
1f337110705c88435f1b5472ed13caba2adedbd1,ignite,False,2015-04-03 17:36:59,ignite,,4,4,2,2,1,1.0,7.5,0.0,73.5,624,624.0,431.0,done,2811.0,,False,5665.221395512311,5.550929881090814,107.5,0.0239749343527726,0.5,1.5,0.7137784090909092,6.0,0.2780172413793103,23.0,0.0
c4611b83aeaf67f51b7ef9959e20a233a3883e00,ignite,False,2015-04-03 18:08:21,ignite,,3,0,1,1,1,0.0,2.0,9.0,6.0,237,237.0,177.0,done,450.0,,False,464.0842589809777,4.762865556263561,25.0,0.0538695280354784,0.0,0.0,0.8333333333333334,3.0,0.4545454545454545,13.0,0.0
3af69146f37bf6938b408da3584d722088d2dc4a,ignite,False,2015-04-03 20:59:02,ignite,,1,1,1,1,1,0.0,8.0,0.0,24.0,1817,1721.0,1276.0,done,594.0,,False,2257.3284354817547,4.4873274229847375,55.0,0.0243650853528817,1.0,0.0,0.32,0.0,0.2727272727272727,42.0,0.0
8a5180c5f83013eff0e09f7698313fb947fdc756,ignite,True,2015-04-03 22:18:26,ignite,32.0,31,12,1,1,1,0.0,5.0,11.0,29.0,387,387.0,313.0,done,565.0,2015-05-06 08:21:57,False,723.3420644611153,5.188225266533301,26.5,0.0357245056148647,1.0,0.0,0.9,1.5,0.2085561497326203,25.5,0.0
a28bc74ce45c50730f0ccb1511f120ceaa34b74f,ignite,False,2015-04-03 23:19:18,ignite,,2,2,1,1,1,0.0,13.0,0.0,130.0,1823,1726.0,1279.0,done,4169.0,,False,180.0850143339292,4.36623739439073,7.0,0.0388705302653334,0.0,0.0,0.8,1.0,0.6,8.0,0.0
0e3e6d0961ca9568144a2831f25781f6920dfc7b,ignite,False,2015-04-04 07:45:36,ignite,,0,1,1,1,1,0.0,1.0,0.0,1.0,923,876.5,680.0,done,217.0,,False,390.7090024221712,4.587268640511473,20.0,0.0511889920017493,0.0,0.0,1.0,1.0,0.5555555555555556,12.0,0.0
7fa7f425ff23ac2246f94e6816480123163b0507,ignite,False,2015-04-06 12:17:53,ignite,,51,27,2,2,1,0.3435197410074009,4.0,28.0,14.5,1,1.0,0.0,done,1754.0,,False,1295.5130953858768,5.256482663483292,52.4,0.0385931315156069,1.0,0.0,0.6209427609427609,1.0,0.3718681318681319,20.2,0.0
6924f0fa92f8c812182f3b9977b7dba1d16ac8ea,ignite,False,2015-04-06 18:01:22,ignite,,5,5,4,3,1,1.92192809488736,3.25,5.25,18.0,1833,1730.0,1281.0,done,1022.0,,False,712.0392405639999,4.6555758716484,29.75,0.046598331708394,0.25,0.0,0.8882623224728488,1.0,0.438034188034188,14.0,0.0
e1db4076f1719364a8498d7e6f6a52d13a454443,ignite,False,2015-04-06 20:59:26,ignite,,12,17,1,1,1,0.0,6.0,0.0,31.0,389,389.0,315.0,done,581.0,,False,695.9688064631837,5.150721725033523,33.0,0.0474159182042962,1.0,0.0,1.0,1.0,0.1333333333333333,20.0,0.0
a7ba0bea463648031bb7b2afb626a63ef2215f96,ignite,False,2015-04-06 21:55:21,ignite,,5,3,1,1,1,0.0,8.0,2.0,62.0,647,637.5,429.0,done,1881.0,,False,1251.1895827072,5.4536459942421285,37.0,0.029571857463793,0.0,0.0,0.7368421052631579,7.0,0.2941176470588235,30.0,0.0
2f34c46a695ed93f39cbc9f32b790f443fe0596b,ignite,True,2015-04-06 23:41:17,ignite,5.0,18,4,1,1,1,0.0,3.0,0.0,15.0,650,640.5,431.0,done,378.0,2015-04-12 08:10:04,False,2042.7587505588024,5.180736812547462,64.0,0.0314531485250884,1.0,1.5,0.7048726467331119,3.0,0.195,28.0,0.0
369a36d70f27571cd084b3b1b4990440cd4a510c,ignite,True,2015-04-07 00:57:34,ignite,930.0,4,4,2,2,1,0.954434002924965,7.0,0.0,46.5,1081,1014.5,570.0,done,9460.0,2017-10-23 14:08:07,False,240.74136256995217,4.361367927443322,8.0,0.0471095316477785,0.5,0.0,0.8333333333333333,0.5,0.5,12.0,0.0
650bfc790662b64fc9b5fc6e0ca5dff40dd14094,ignite,False,2015-04-07 02:52:56,ignite,,3,6,3,3,1,1.43552050428267,3.6666666666666696,2.0,51.3333333333333,926,877.0,683.0,done,5919.0,,False,801.0150520662024,4.8412180120594135,22.666666666666668,0.0239514658757242,0.3333333333333333,0.0,0.6740196078431372,2.3333333333333335,0.2709551656920078,24.666666666666668,0.0
3629cee2e79eba9581e8a3f79d6f05aba0538711,ignite,False,2015-04-07 12:27:20,ignite,,17,17,1,1,1,0.0,8.0,1.0,26.0,4,4.0,2.0,done,1781.0,,False,1241.2130516018224,5.3130694996257635,49.285714285714285,0.0386549157056389,1.1428571428571428,0.0,0.6138923454712929,0.8571428571428571,0.2440345368916797,23.571428571428573,0.0
eadb5d5c2b53ba4ae374258e950ac137e713c650,ignite,False,2015-04-07 16:57:00,ignite,,2,2,2,1,1,1.0,0.0,0.0,0.0,193,193.0,77.0,done,176.0,,False,1008.6049197083364,5.63053194836357,22.0,0.0218123068508944,1.0,0.0,0.9047619047619048,1.0,0.5294117647058824,23.0,0.0
6be884eec804c5ef1f060a7b0364f5ab52caf23a,ignite,False,2015-04-07 18:17:31,ignite,,2,1,1,1,1,0.0,6.0,0.0,16.0,1843,1737.5,1288.0,done,386.0,,False,430.8597734233772,4.801855949684633,13.0,0.0301722295788002,0.0,0.0,0.5555555555555556,1.0,0.5,26.0,0.0
404da5f2368f48f9c99c467c98a2af53481962bd,ignite,False,2015-04-07 19:08:19,ignite,,3,5,2,2,1,0.954434002924965,1.5,46.0,6.5,5,5.0,3.0,done,397.0,,False,713.9614077326314,5.183426996331249,25.333333333333332,0.037102423685473,0.6666666666666666,0.3333333333333333,0.8499525166191834,1.0,0.2676767676767677,33.666666666666664,0.0
8f6e7a624306cbf184f7879c8f0169a3755ed1e4,ignite,False,2015-04-07 19:45:01,ignite,,3,0,1,1,1,0.0,6.0,0.0,24.0,644,644.0,442.0,done,1853.0,,False,294.28526732617695,4.2992014607436255,5.0,0.0169903170669367,1.0,0.0,1.0,2.0,0.25,16.0,0.0
8125ecce51d3eae1ffeb453c9b1cd0ed5cc25d64,ignite,False,2015-04-07 19:49:48,ignite,,0,19,1,1,1,0.0,3.0,0.0,10.0,645,645.0,443.0,done,375.0,,False,102.18657103125848,4.376192213249308,7.0,0.0685021517931032,0.0,0.0,1.0,1.0,0.25,12.0,0.0
39e5f4d27dbafc5b2667bbfb146f061caf069364,ignite,False,2015-04-07 21:53:03,ignite,,2,0,1,1,1,0.0,6.0,0.0,25.0,646,646.0,444.0,done,1856.0,,False,261.3428625411059,4.1021863693771135,17.0,0.0650486484869129,0.0,0.0,1.0,2.0,0.5,11.0,0.0
aa812a130a2b35b221392513fe9bfd6ca79b18bb,ignite,False,2015-04-07 21:59:52,ignite,,2,1,2,2,1,0.91829583405449,0.5,0.5,0.5,1084,1017.5,571.0,done,62.0,,False,525.4624399760351,3.75365954616687,20.0,0.0380617118911717,0.0,0.0,1.0,0.0,0.0,13.0,0.0
cceceb674bc6f132fb0203db5458b669567dfa85,ignite,False,2015-04-07 23:48:32,ignite,,3,2,1,1,1,0.0,3.0,24.0,8.0,263,263.0,157.0,done,91.0,,False,310.19550008653874,5.167772037724111,11.0,0.0354615073298329,2.0,0.0,0.8571428571428571,0.0,0.5,22.0,0.0
cb21533eb665776bcd11531f678b1e87b1d3951d,ignite,False,2015-04-08 00:33:53,ignite,,115,269,1,1,1,0.0,5.0,28.0,10.0,392,392.0,317.0,done,1548.0,,False,2853.3274249005426,3.983221534498824,114.0,0.0399602672242735,0.0,0.0,1.0,2.5,0.3809523809523809,15.5,0.0
27a73f027a70de93197fd79b654bf2f26ed5d78a,ignite,False,2015-04-08 01:34:01,ignite,,1,0,1,1,1,0.0,6.0,0.0,26.0,647,647.0,445.0,done,1858.0,,False,305.52858167917094,4.089475859984733,19.0,0.0621873079617523,0.0,0.0,1.0,2.0,0.5,11.0,0.0
beedb1789c6636f5823b445cb219ffa9ae28d6d0,ignite,False,2015-04-08 04:23:23,ignite,,10,100,1,1,1,0.0,5.0,1.0,17.0,1853,1746.0,1293.0,done,357.0,,False,113.51010440082098,4.633803981283588,3.0,0.0270857279232887,0.0,0.0,0.1777777777777777,0.0,0.0,17.0,0.0
3f6beb36e207c76244dee7a6696d9414a65e7a24,ignite,False,2015-04-08 16:16:10,ignite,,1,1,1,1,1,0.0,6.0,0.0,16.0,1856,1747.0,1294.0,done,808.0,,False,296.3368407027819,4.784526226320655,16.0,0.0539926117929008,0.0,0.0,0.7777777777777778,3.0,0.5,19.0,0.0
8cc456ca6f4f3b296d71e94bd0612266bf185734,ignite,False,2015-04-08 18:56:50,ignite,,3,3,1,1,1,0.0,3.0,0.0,7.0,650,650.0,447.0,done,114.0,,False,1198.9424686777138,3.7592678902251495,46.0,0.0383671453816565,0.0,0.0,1.0,0.0,0.0,13.0,0.0
21c8e893e2170ae7ab11761676ddb4f2dce912f9,ignite,False,2015-04-08 18:59:17,ignite,,4,2,1,1,1,0.0,9.0,4.0,37.0,242,242.0,180.0,done,2205.0,,False,2106.1750592165,4.80190413999283,57.0,0.0281274325999588,1.0,0.0,0.6252276867030966,1.0,0.5,29.5,0.0
fa552bc08f2835eaa9d7f91ef88e1ac43201a363,ignite,False,2015-04-08 19:29:06,ignite,,0,5,1,1,1,0.0,14.0,0.0,95.0,394,394.0,319.0,done,2234.0,,False,1142.3062940498764,4.979704936442403,32.0,0.0280135023037899,1.0,0.0,0.8421052631578947,1.0,0.375,21.0,0.0
ab2fe77642294b9cfb432ed43ad41bf320503839,ignite,False,2015-04-08 20:28:24,ignite,,11,1,1,1,1,0.0,8.0,0.0,32.0,662,651.5,436.0,done,8025.0,,False,113.29982727264704,4.547054197456665,8.0,0.0706091102923629,0.0,0.0,0.6666666666666666,2.0,0.0,27.0,0.0
c2c4da48a9ebaf5d41e61bb006e9d590edcd5f8b,ignite,False,2015-04-08 20:33:23,ignite,,4,1,2,1,1,0.970950594454669,1.5,0.0,5.0,663,652.5,437.0,done,423.0,,False,58.0,4.049692380340486,4.5,0.0416666666666666,0.0,0.0,0.5,1.5,0.25,10.5,0.0
ada2bdefe2fe662c0bad26e623f39474876dd873,ignite,False,2015-04-09 02:26:15,ignite,,2,1,1,1,1,0.0,9.0,4.0,42.0,935,886.0,687.0,done,1191.0,,False,3421.2514639869737,5.577829825237377,92.0,0.0268907447957032,2.0,2.0,0.7796610169491526,1.0,0.46875,24.0,0.0
998d1fa4e2f5515ed7f008ac2f866ce0178638cd,ignite,False,2015-04-09 16:41:27,ignite,,3,0,1,1,1,0.0,9.0,0.0,38.0,1869,1757.5,1300.0,done,1258.0,,False,735.3567236402008,5.114908070461887,20.0,0.027197684276272,1.0,1.0,0.6842105263157895,2.0,0.3,24.0,0.0
bb0ce4b3567fa60a4c2097e4128ccaa0ef9e0a92,ignite,False,2015-04-09 17:47:56,ignite,,1,1,1,1,1,0.0,7.0,0.0,17.0,1870,1758.5,213.0,done,142.0,,False,687.6478442630214,4.768788082658378,22.0,0.0319931200010933,0.0,0.0,0.8571428571428571,1.0,0.6666666666666666,28.0,0.0
fdad1e7f22f945c8e0d02ee5353285aaeed8dc59,ignite,False,2015-04-09 17:57:42,ignite,,8,4,4,4,1,1.55109817100726,3.25,3.5,28.75,29,29.0,14.0,done,2940.0,,False,855.4878975208321,4.185976569030788,21.0,0.012495366786772,0.25,0.0,0.4270833333333333,0.75,0.1923076923076923,16.0,0.0
5720aedbb3fead0d7e37066684fb76b705291569,ignite,False,2015-04-09 18:09:12,ignite,,92,44,41,5,2,5.30256217555171,0.2682926829268289,0.024390243902439,5.5853658536585415,658,658.0,0.9921108325858472,done,2906.0,,False,18.235156869303175,3.6523384500047986,1.7179487179487178,0.2024151300444655,0.0512820512820512,0.0,0.0455840455840455,0.1025641025641025,0.9715099715099714,8.794871794871796,0.0
c279485070090996a9558cb2f395f00be3904631,ignite,False,2015-04-09 18:19:17,ignite,,1,1,1,1,1,0.0,5.0,0.0,20.0,1170,1124.5,562.0,done,286.0,,False,1491.9750303934177,5.366296025251542,51.0,0.0341828777030885,1.0,0.0,0.6538461538461539,1.0,0.3,28.0,0.0
ca568f5b4b1e0d181bd19b86f8b3f362ea05c2d6,ignite,False,2015-04-09 18:53:11,ignite,,1,1,1,1,1,0.0,6.0,1.0,11.0,397,397.0,320.0,done,1394.0,,False,2820.0539433127055,3.9634408557513288,113.0,0.0400701554904511,0.0,0.0,1.0,3.0,0.3333333333333333,17.0,0.0
d175ca683a38e104de60d53f0db8fc95add578a6,ignite,False,2015-04-09 23:09:07,ignite,,84,75,5,4,1,1.48867482153548,3.4,0.0,85.4,667,667.0,460.0,done,9752.0,,False,1295.092777467686,5.159283509282578,40.5,0.0473897293101002,0.75,0.5,0.5388198757763975,2.0,0.2633333333333333,25.75,0.0
27b6b78875ad803c3c8b19fb4410e00f48791e92,ignite,False,2015-04-10 00:02:15,ignite,,7,5,1,1,1,0.0,1.0,0.0,1.0,665,654.5,438.0,done,834.0,,False,95.20563807596923,4.097989012552207,2.3333333333333335,0.0166436407163449,0.0,0.0,0.1111111111111111,0.0,0.1666666666666666,15.333333333333334,0.0
968a3ad35b98a6989f0f64003166f977564af713,ignite,True,2015-04-10 00:05:57,ignite,172.0,17,7,1,1,1,0.0,3.0,1.0,16.0,666,655.5,439.0,done,619.0,2015-09-30 00:04:52,False,2672.5298976636927,5.035843096655006,92.5,0.0373670106507612,0.5,0.5,0.7829411764705883,1.0,0.6137005649717514,27.5,0.0
c0e6cd51ce1fe2d50bb084fdfd574abad7d66033,ignite,False,2015-04-10 00:20:05,ignite,,44,21,3,3,2,1.30709406309832,3.6666666666666696,32.6666666666667,14.666666666666698,1171,1124.5,0.9598465245592508,done,335.0,,False,452.3819625584137,5.20595731558633,17.0,0.0375788634539222,0.0,0.0,1.0,3.0,0.3333333333333333,22.0,0.0
5701ff032f2ffd491bf472d5799874a39d5f5c77,ignite,False,2015-04-10 00:56:48,ignite,,2,6,1,1,1,0.0,8.0,0.0,30.0,8,8.0,6.0,done,224.0,,False,84.90676876406253,4.0940877771772906,3.0,0.0181753576654609,0.0,0.0,0.3,0.5,0.1,17.0,0.0
d471a0b1cd86e6f7897f211825a970090dd1506c,ignite,False,2015-04-10 01:17:05,ignite,,21,21,12,9,1,2.81044690140383,1.6666666666666698,11.583333333333302,47.4166666666667,398,398.0,321.0,done,15216.0,,False,85.51092461580062,3.941549955098311,2.5789473684210527,0.0722533010816302,0.0526315789473684,0.0,0.2050438596491227,0.3157894736842105,0.3728070175438596,11.63157894736842,0.0
caa54a2d9a35e90bee6fba1d71d6a8790712428d,ignite,False,2015-04-10 06:34:20,ignite,,5,3,1,1,1,0.0,13.0,0.0,42.0,669,657.5,441.0,done,1591.0,,False,84.0,4.575070520364182,3.0,0.0357142857142857,0.0,0.0,1.0,1.0,0.3333333333333333,18.0,0.0
03f87b3e0c3882b32d939b3bbdae11b84b8b72b2,ignite,False,2015-04-10 19:47:10,ignite,,2,1,1,1,1,0.0,2.0,0.0,2.0,9,9.0,5.0,done,213.0,,False,1056.0,5.104763592306311,31.0,0.0293560606060606,1.0,1.0,0.8095238095238095,2.0,0.4375,28.0,0.0
46ae32bd7a748db2ea35361fd830ecb08d562e5c,ignite,False,2015-04-10 19:54:47,ignite,,37,10,2,2,1,0.9440870182837792,0.5,0.0,2.5,12,12.0,9.0,done,193.0,,False,449.1176982231648,4.9837101313373315,11.0,0.0278231915386451,0.6666666666666666,0.0,0.8030303030303031,0.6666666666666666,0.2587301587301587,22.333333333333332,0.0
1239a66fc7c4f4dc1a86ba27288d3d068d02eb36,ignite,False,2015-04-10 21:11:27,ignite,,4,6,1,1,1,0.0,1.0,0.0,4.0,16,16.0,12.0,done,233.0,,False,560.6987131986446,4.776202431374365,8.5,0.0383751510952983,1.0,0.0,0.5333333333333333,0.5,0.0,19.0,0.0
410256dfb504d3bb4c55ed359b1664cd6001d2d8,ignite,False,2015-04-10 23:30:54,ignite,,11,3,6,3,1,2.27094242174854,3.5,1.5,131.833333333333,17,17.0,13.0,done,16301.0,,False,404.5923898900508,4.98621547907729,15.333333333333334,0.0427790659180981,0.3333333333333333,0.0,0.6575925925925926,2.8333333333333335,0.3217171717171717,23.0,0.0
9f44423cd819f76e636aad82bb777253b56db412,ignite,False,2015-04-11 02:06:07,ignite,,2,2,1,1,1,0.0,13.0,0.0,81.0,1888,1765.0,1311.0,done,5586.0,,False,316.96620246626964,4.973472828392822,14.5,0.0458210987855677,1.0,0.5,0.5,1.0,0.4595959595959596,16.5,0.0
876beff516e02c205e69c02d8bbd48811aec15e6,ignite,False,2015-04-11 02:36:07,ignite,,4,4,1,1,1,0.0,13.0,0.0,82.0,1890,1767.0,1312.0,done,5586.0,,False,395.5323962296409,4.62841083489548,15.5,0.0383898801096625,0.0,0.0,0.6875,1.5,0.5777777777777777,19.0,0.0
c85175b7ebaf24c0c1cd3519b4c9889ca7efb071,ignite,False,2015-04-11 02:43:20,ignite,,14,10,1,1,1,0.0,13.0,0.0,83.0,1891,1768.0,1313.0,done,5586.0,,False,423.2466083648286,5.2275836366779185,17.0,0.0401657087476207,1.0,0.0,1.0,1.0,0.4,21.0,0.0
c3210d8035bca7dccae2b1accacd7e641c4e8cc6,ignite,False,2015-04-11 02:57:51,ignite,,4,4,2,1,1,0.811278124459133,1.0,31.0,6.0,3,3.0,0.0,done,1037.0,,False,821.8572674555618,5.148349180904454,33.0,0.0389834566416599,0.3333333333333333,0.0,0.9333333333333332,0.3333333333333333,0.7527870680044594,18.0,0.0069444444444444
f316e9afa523a945d8d02886a896fc6add8d83c6,ignite,False,2015-04-11 02:58:20,ignite,,7,0,1,1,1,0.0,13.0,0.0,84.0,1892,1769.0,1314.0,done,5590.0,,False,456.5696936695919,4.893421716198367,12.0,0.0262829534381756,0.0,0.0,0.5,1.0,0.5,22.0,0.0
439af36517d98280805c711eeaf9e24114c3fd6d,ignite,False,2015-04-11 03:04:01,ignite,,8,13,1,1,1,0.0,13.0,0.0,85.0,1893,1770.0,1315.0,done,5597.0,,False,348.4591972755072,4.506468367160964,13.5,0.0406630045872199,0.0,0.0,0.6506410256410257,1.25,0.5666666666666667,19.25,0.0
1a5990c99536580ad934cd916fc64695c86b9350,ignite,False,2015-04-11 11:51:17,ignite,,3,1,1,1,1,0.0,5.0,0.0,23.0,1190,1140.5,570.0,done,75.0,,False,553.1819751543273,4.82735054740617,16.0,0.028923574372676,0.0,0.0,0.5333333333333333,2.0,0.375,19.0,0.0
d333feb6bf4a540b63027fe3a67fc2d795c3ed7d,ignite,False,2015-04-11 18:30:10,ignite,,2,0,1,1,1,0.0,4.0,31.0,15.0,1902,1778.5,1321.0,done,441.0,,False,593.1201344036049,5.191311931003276,19.0,0.0320339824900817,0.0,0.0,0.6923076923076923,6.0,0.3125,22.0,0.0
9b21a9763802db62d781d1469678a3f8d596ebeb,ignite,False,2015-04-11 18:36:43,ignite,,2,0,1,1,1,0.0,2.0,1.0,2.0,1903,1779.5,1322.0,done,236.0,,False,518.9212098075346,4.692306781408559,20.0,0.0385414965162397,1.0,0.0,0.3333333333333333,0.0,0.5,14.0,0.0
6dc400359256a1d268bba792f11cd909536ae071,ignite,False,2015-04-12 01:32:01,ignite,,2,0,1,1,1,0.0,3.0,1.0,15.0,1905,1781.5,1324.0,done,225.0,,False,1771.8094613584,5.342000624435404,57.0,0.0321705021014503,3.0,0.0,0.6451612903225806,0.0,0.1904761904761904,34.0,0.0
22cee3f2e686b580da67d9d1b12c4c42600a6099,ignite,True,2015-04-12 01:42:04,ignite,24.0,1,1,1,1,1,0.0,8.0,1.0,36.0,2,2.0,1.0,done,576.0,2015-05-06 08:21:57,False,656.2311061925092,5.167006699570765,17.0,0.0259055077389351,1.0,0.0,0.8,2.0,0.1818181818181818,31.0,0.0
9c8160bf79fe4f441a212631d6630366648eed8f,ignite,False,2015-04-12 02:36:09,ignite,,1,0,1,1,1,0.0,6.0,1.0,24.0,678,662.0,446.0,done,110.0,,False,976.9160855892484,3.742672845398472,52.0,0.0532287273871993,0.0,0.0,1.0,0.0,0.0,9.0,0.0
686431517f816676ef5bd4d92a86807fb2cb77af,ignite,False,2015-04-12 17:23:39,ignite,,0,6,1,1,1,0.0,6.0,2.0,12.0,400,400.0,323.0,done,1394.0,,False,2665.8094243225905,3.859432657500293,110.0,0.0412666541080202,0.0,0.0,1.0,2.5,0.3809523809523809,15.5,0.0
b39fd2a46350d7113cc0db411206dc47d4328aaf,ignite,False,2015-04-12 19:21:48,ignite,,3,0,1,1,1,0.0,6.0,0.0,13.0,402,402.0,325.0,done,1388.0,,False,2820.0539433127055,3.9634408557513288,113.0,0.0400701554904511,0.0,0.0,1.0,3.0,0.3333333333333333,17.0,0.0
e5742de5a535b86942b385fef1af4c8c768658da,ignite,True,2015-04-13 12:24:39,ignite,255.0,1,5,1,1,1,0.0,1.0,0.0,1.0,199,199.0,82.0,done,83.0,2015-12-24 13:26:39,False,538.7951186127309,5.175934156067051,16.0,0.0296958889330627,1.0,0.0,0.9166666666666666,1.0,0.4615384615384615,30.0,0.0
c7396a56092fac4f0ec1458738e3d667ab3ae8fc,ignite,True,2015-04-13 13:21:22,ignite,252.0,13,13,3,2,1,1.2389012566026298,2.0,7.66666666666667,10.3333333333333,682,664.5,448.0,done,477.0,2015-12-21 16:58:29,False,2501.0132079953773,5.2841185906272035,81.0,0.0321570590789493,1.0,1.5,0.717687074829932,4.0,0.1894586894586894,26.0,0.0
ecbc23874a9076b25d64711c9ae022c33e2274f5,ignite,False,2015-04-13 15:42:32,ignite,,10,1,1,1,1,0.0,9.0,2.0,30.0,1909,1785.5,1326.0,done,1315.0,,False,121.01398665684616,4.702319305762452,7.0,0.0578445532899397,0.0,0.0,0.6666666666666666,1.0,0.4,17.0,0.0
81a009e42dc21142bfc4e24b9be5c56474eb4b5d,ignite,False,2015-04-13 17:38:14,ignite,,3,11,6,3,1,2.27094242174854,3.6666666666666696,1.8333333333333304,133.0,19,19.0,15.0,done,16309.0,,False,365.6698853410301,4.8869675398925585,13.833333333333334,0.0491888283145687,0.3333333333333333,0.0,0.5202380952380952,2.8333333333333335,0.2017316017316017,21.5,0.0
7703ed1954e5e26056d4318fd13165425e788a46,ignite,False,2015-04-13 17:58:21,ignite,,11,29,3,3,1,0.7475846798245741,6.33333333333333,2.0,86.3333333333333,1912,1788.5,1329.0,done,6030.0,,False,404.2600020837564,5.005384356721102,8.8,0.0306487018663062,0.0,0.0,0.6006410256410257,1.6,0.52,22.2,0.0066666666666666
4596bb26db4c706cb0871357f0f4799d05b2b673,ignite,False,2015-04-13 18:49:13,ignite,,5,5,1,1,1,0.0,11.0,0.0,87.0,695,695.0,483.0,done,766.0,,False,24.10444997153602,4.2461416984633775,2.6,0.1087711925521842,0.0,0.0,1.0,1.6,0.3999999999999999,16.4,0.0
5f81edb43bd258ec6c192d692a0348a7765d4949,ignite,False,2015-04-13 20:10:13,ignite,,6,6,2,1,1,0.91829583405449,9.0,0.0,173.5,1916,1792.5,1332.0,done,6588.0,,False,135.80245029421096,4.599106184103789,4.333333333333333,0.0898255025324416,0.0,0.0,0.8333333333333334,2.3333333333333335,0.3333333333333333,19.5,0.0
dd5705c801b863c8a43a56e000c349c9bdde1dbc,ignite,False,2015-04-13 20:20:50,ignite,,2,2,1,1,1,0.0,18.0,0.0,259.0,704,704.0,492.0,done,5765.0,,False,356.8590709141638,5.232262222853593,7.0,0.0196155865733443,0.0,0.0,0.5,3.0,0.3333333333333333,26.5,0.0
114af54e7d0c3807d7f54533d9b393d0948ebab8,ignite,False,2015-04-13 21:00:43,ignite,,1,1,1,1,1,0.0,2.0,5.0,10.0,1920,1796.5,1335.0,done,65.0,,False,292.33473773314626,3.780712612665131,15.0,0.0513110419798708,0.0,0.0,1.0,0.0,0.0,9.0,0.0
0cdd605763c6e17b6989c93045eacf07d20f4148,ignite,False,2015-04-13 22:23:14,ignite,,4,2,2,2,1,1.0,8.5,9.5,105.0,711,711.0,499.0,done,1558.0,,False,905.397982823455,4.835982341291601,27.0,0.0298211399983478,0.0,0.0,0.4666666666666667,1.0,0.5555555555555556,35.0,0.0
aad30f7ff8ee14e519e271dc124352f7aef4ed08,ignite,False,2015-04-13 22:38:03,ignite,,4,4,1,1,1,0.0,7.0,0.0,20.0,712,712.0,500.0,done,912.0,,False,2322.3880563562966,5.430004188107234,53.0,0.0228213367937975,1.0,1.0,0.6086956521739131,3.0,0.2222222222222222,28.0,0.0
fd82d19158039843949bcd1f2b0a5418358983b4,ignite,False,2015-04-13 23:09:22,ignite,,7,8,1,1,1,0.0,3.0,19.0,10.0,714,714.0,502.0,done,158.0,,False,666.4576322037944,4.536661348122963,20.0,0.0300094095011942,0.0,0.0,0.5384615384615384,0.0,0.0,18.0,0.0
50dd6e4631a36dad0733aed0a05b52cc4a40fbfd,ignite,False,2015-04-13 23:12:47,ignite,,6,11,1,1,1,0.0,3.0,0.0,11.0,715,715.0,503.0,done,157.0,,False,615.0,4.461785014076565,18.0,0.0292682926829268,0.0,0.0,0.5384615384615384,0.0,0.0,18.0,0.0
4dd76db661f482d36a11dfc3dc98cbf34684ac9c,ignite,False,2015-04-13 23:16:11,ignite,,7,10,1,1,1,0.0,8.0,0.0,23.0,717,717.0,505.0,done,114.0,,False,364.17909420309263,4.812966081558891,17.0,0.0466803291858361,1.0,0.0,0.6363636363636364,0.0,0.4285714285714285,25.0,0.0
cc97b63758da239e77f32888de3e04dd2b6ab649,ignite,False,2015-04-13 23:46:10,ignite,,2,0,1,1,1,0.0,9.0,0.0,32.0,405,405.0,328.0,done,1328.0,,False,955.3113253591356,5.0478444432969445,40.0,0.0418711669569734,0.0,0.0,0.6666666666666666,1.0,0.6,21.0,0.0
b388252ee366fcb8d8b14f9f05d1b10bbcaa8067,ignite,False,2015-04-13 23:57:42,ignite,,29,23,1,1,1,0.0,5.0,0.0,13.0,718,718.0,506.0,done,255.0,,False,1194.7490517321212,5.031699753982262,23.666666666666668,0.0303043624353008,0.6666666666666666,0.3333333333333333,0.6418219461697722,0.6666666666666666,0.2333333333333333,26.333333333333332,0.0
8420ea2aae5029325ce455a0ee3d981cae02de39,ignite,False,2015-04-14 01:34:35,ignite,,17,13,1,1,1,0.0,3.0,19.0,4.0,724,724.0,512.0,done,412.0,,False,203.71184726945177,4.761316603671902,5.333333333333333,0.026147259492698,0.0,0.0,0.2777777777777777,0.0,0.4000000000000001,28.0,0.0
67adbcb18ccd3358ff471829ea0ca28287a13d13,ignite,False,2015-04-14 01:40:14,ignite,,7,8,1,1,1,0.0,10.0,0.0,28.0,725,725.0,513.0,done,1282.0,,False,263.77779670849975,4.862867898213285,6.5,0.0244822731113585,0.5,0.0,0.3541666666666666,0.0,0.2916666666666666,24.5,0.0
21f6cb2ef6a0efd0cfe68e0ed231994a81fc07a0,ignite,False,2015-04-14 01:50:10,ignite,,13,11,4,4,1,1.79085208297275,3.5,0.0,28.0,1096,1014.0,579.0,done,5442.0,,False,342.6832510159856,3.879181181537812,12.8,0.1756183803154392,0.2,0.0,0.15625,0.2,0.8845238095238095,10.8,0.0
b39aa56fc140dae157d07c8ff48c755c6f831b24,ignite,False,2015-04-14 16:24:04,ignite,,19,4,1,1,1,0.0,3.0,21.0,4.0,1923,1799.0,1337.0,done,131.0,,False,1308.0,5.441124070894122,5.0,0.0038226299694189,0.0,0.0,1.0,2.0,0.4,25.0,0.0
658fb44a961f555a9d7eab95880ab1a44257b1d7,ignite,False,2015-04-14 18:51:02,ignite,,20,5,1,1,1,0.0,6.0,0.0,13.0,1926,1799.0,1340.0,done,346.0,,False,1341.4434729744155,5.513920127472125,28.0,0.020873037562973,1.0,0.0,0.4347826086956521,2.0,0.3333333333333333,24.0,0.0
9c0ef57198105c04c3a54581432bdc8232658129,ignite,False,2015-04-14 18:57:12,ignite,,2,0,1,1,1,0.0,6.0,0.0,14.0,1927,1800.0,1341.0,done,361.0,,False,1373.231232997506,5.505702271985067,30.0,0.0218462843541037,1.0,0.0,0.4347826086956521,2.0,0.3333333333333333,24.0,0.0
e928b6a7b89f293b4504eb4fea53de09eef5726d,ignite,False,2015-04-14 20:46:27,ignite,,54,3,1,1,1,0.0,14.0,0.0,136.0,25,25.0,20.0,done,4503.0,,False,2656.105573866854,4.760084982176437,125.5,0.048022249472825,1.0,0.0,0.7222222222222222,3.0,0.25,22.0,0.0
a9bd0178772fbe785da496ea791bfc984b56b9a5,ignite,False,2015-04-14 22:18:37,ignite,,2,4,1,1,1,0.0,17.0,0.0,209.0,740,740.0,526.0,done,911.0,,False,70.0,4.303883360861618,2.5,0.0545977011494252,0.0,0.0,0.875,1.0,0.25,14.0,0.0
bd80bca168f4468b7302c55f025f47eedfe5a090,ignite,False,2015-04-14 22:20:59,ignite,,70,70,1,1,1,0.0,17.0,0.0,210.0,741,741.0,527.0,done,909.0,,False,70.64253631674761,4.522335024674953,5.2835820895522385,0.083387180632806,0.0,0.0,0.9737621416725896,1.1492537313432836,0.5858919687277897,15.82089552238806,0.0
e15f4b9c13093cb7eea252d2caed65884c46c608,ignite,False,2015-04-14 22:46:59,ignite,,1,1,1,1,1,0.0,2.0,1.0,4.0,1929,1798.5,1343.0,done,53.0,,False,88.81055323538621,3.979747927003888,4.0,0.0450396924045532,0.0,0.0,1.0,0.0,0.0,9.0,0.0
9816ee4f14f19a18558da21ec5b80885f137cb0f,ignite,False,2015-04-14 23:01:59,ignite,,2,0,1,1,1,0.0,7.0,0.0,29.0,747,747.0,530.0,done,112.0,,False,1013.9204827706592,3.744037784422721,54.0,0.0532586143761871,0.0,0.0,1.0,0.0,0.0,9.0,0.0
1a0ff8f154a6bfc853139fc50e09ca14065e1ef6,ignite,False,2015-04-14 23:32:46,ignite,,3,4,1,1,1,0.0,6.0,0.0,15.0,1930,1799.5,1344.0,done,363.0,,False,162.16517027586767,4.997549722834627,8.0,0.0493427821686791,1.0,0.0,1.0,2.0,0.2,21.0,0.0
49e358e03b97397e9cc5cbfa2952ef9d94e8a412,ignite,False,2015-04-15 00:10:38,ignite,,17,3,1,1,1,0.0,13.0,0.0,94.0,268,268.0,161.0,done,5177.0,,False,3305.596553066784,5.139566014748716,99.33333333333331,0.0366593515084944,1.6666666666666667,4.666666666666667,0.757471264367816,0.6666666666666666,0.5859929078014184,19.333333333333332,0.0
b5ebe233930981df2ae180c0a389b1111a52e7de,ignite,False,2015-04-15 08:58:59,ignite,,1,3,1,1,1,0.0,5.0,3.0,24.0,1194,1142.0,573.0,done,77.0,,False,488.39643276003255,4.884477662202286,16.0,0.0327602720388037,0.0,0.0,0.5714285714285714,2.0,0.375,19.0,0.0
8b904516afff7cf49492494660e691a015dfd4f3,ignite,False,2015-04-15 17:01:48,ignite,,28,2,1,1,1,0.0,3.0,1.0,5.0,1933,1798.5,1346.0,done,146.0,,False,1706.6963211958712,5.583275418870264,5.0,0.0029296365955113,0.0,2.0,1.0,2.0,0.4,25.0,0.0
77b802ccad5ffd688ebb338cdda412809f1c0233,ignite,False,2015-04-15 17:24:28,ignite,,3,2,1,1,1,0.0,3.0,0.0,6.0,1934,1799.5,1347.0,done,172.0,,False,1706.6963211958712,5.583275418870264,5.0,0.0029296365955113,0.0,2.0,1.0,2.0,0.4,25.0,0.0
0eadae95a38d0ff71ffe24e07bbc7ca8a17a2ea9,ignite,False,2015-04-15 17:45:59,ignite,,2,2,1,1,1,0.0,3.0,0.0,7.0,1935,1800.5,1348.0,done,173.0,,False,1736.9238487373168,5.587271948072212,5.0,0.0028786523966694,0.0,2.0,1.0,2.0,0.4,25.0,0.0
dbcb60a134d6f919d8b0e95c96a7730705fed75f,ignite,False,2015-04-15 17:47:21,ignite,,39,46,2,1,1,0.160823020822469,3.5,2.5,6.5,748,748.0,531.0,done,1648.0,,False,564.6498475738349,4.983281231918195,23.0,0.0560997487510214,0.5,0.5,0.8392857142857143,2.5,0.0833333333333333,25.5,0.0
a4143aa35bf0704e16320d8631820901b151680b,ignite,False,2015-04-15 17:57:47,ignite,,1,1,1,1,1,0.0,17.0,0.0,212.0,750,750.0,533.0,done,909.0,,False,330.3427076686749,4.7805319688407195,7.0,0.0211901151062211,0.0,0.0,0.75,0.0,0.6,22.0,0.0
eb715746b69ad87e385f9f2ae330c859d6516b0d,ignite,False,2015-04-15 18:36:38,ignite,,1,1,1,1,1,0.0,9.0,2.0,18.0,1936,1801.5,1349.0,done,724.0,,False,833.5874834541625,4.956538653328876,34.0,0.040787560603853,0.0,0.0,0.9090909090909092,1.0,0.6666666666666666,14.0,0.0
c8ca4e31beba720db0c14b688a99dfce00b3b434,ignite,False,2015-04-15 18:43:00,ignite,,3,1,1,1,1,0.0,5.0,0.0,25.0,1195,1143.0,574.0,done,75.0,,False,553.1819751543273,4.82735054740617,16.0,0.028923574372676,0.0,0.0,0.5333333333333333,2.0,0.375,19.0,0.0
ecf963e4de1cc508d213170802515a20d7543396,ignite,False,2015-04-15 20:54:48,ignite,,7,0,1,1,1,0.0,6.0,0.0,10.0,755,755.0,536.0,done,1434.0,,False,1115.5295090839838,5.347978193381777,41.0,0.0367538461924392,1.0,1.0,0.6666666666666666,2.0,0.1666666666666666,25.0,0.0
3a0338203c139065169fbf4756546263f92468cb,ignite,False,2015-04-15 20:58:42,ignite,,5,0,1,1,1,0.0,10.0,0.0,47.0,1938,1803.5,1350.0,done,1306.0,,False,470.0439718141092,4.429440675632775,27.0,0.057441434459408,1.0,0.0,0.5,0.0,0.5,18.0,0.0
921a40c5235cf5e7c96e1051a4dd9650f8f0ff0e,ignite,False,2015-04-15 23:20:51,ignite,,21,7,8,6,1,1.91240313541612,1.875,0.75,33.625,362,362.0,154.0,done,6200.0,,False,419.7416136270833,4.618282266992587,8.5,0.0166369110142657,0.25,0.0,0.3133333333333333,1.0,0.4107142857142857,23.75,0.0
56aec5f036b04f1ab1472a6d54ca4e343d7eb21a,ignite,False,2015-04-15 23:31:57,ignite,,1,1,1,1,1,0.0,13.0,2.0,125.0,1940,1804.5,1351.0,done,2890.0,,False,312.11436755437313,4.796656369271495,14.0,0.0448553525737999,1.0,0.0,0.8571428571428571,2.0,0.4285714285714285,17.0,0.0
daf30ae49ba36dee2af799f71ab59afda00f2e83,ignite,False,2015-04-15 23:44:23,ignite,,4,1,2,2,1,0.970950594454669,9.0,1.0,177.5,30,30.0,25.0,done,9632.0,,False,4651.412008359673,5.7318512900617975,61.0,0.0131244186207322,1.5,3.5,0.741187678628136,7.5,0.1125356125356125,26.0,0.0019455252918287
755293991d709da91c57a24e2622fbecfc50784b,ignite,False,2015-04-16 17:30:21,ignite,,5,3,2,1,1,0.811278124459133,10.5,2.5,183.0,767,767.0,544.0,done,4590.0,,False,1261.7628290824252,5.086578443077028,45.0,0.0458047153158737,1.0,0.0,0.7936507936507936,2.3333333333333335,0.25,23.333333333333332,0.0
c769709865d88762b914284b4557b7ba2fc0c4ff,ignite,False,2015-04-16 17:34:32,ignite,,3,1,1,1,1,0.0,10.0,0.0,45.0,31,31.0,26.0,done,1202.0,,False,773.8026680247159,5.443991904448734,12.0,0.0155078297037051,1.0,0.0,0.8125,0.0,0.5,22.0,0.0
fba8396c15cd9eab888459ac15eefac9f8fbf98b,ignite,False,2015-04-16 18:42:34,ignite,,13,11,2,1,1,0.9798687566511528,6.5,6.0,76.5,1943,1804.5,1353.0,done,3268.0,,False,2454.409755458702,5.457124248140374,65.0,0.0295712359809268,1.3333333333333333,0.0,0.6268037518037518,3.3333333333333335,0.2129629629629629,24.666666666666668,0.0
7e11333218cee1bcb7b965048aef80c2814113be,ignite,False,2015-04-16 18:44:33,ignite,,4,3,1,1,1,0.0,14.0,0.0,142.0,32,32.0,27.0,done,4684.0,,False,2362.358298018307,4.804494745359559,109.5,0.0434946641498162,1.0,0.0,0.5972222222222222,0.0,0.3095238095238095,18.5,0.0150041107152644
255a701f7c277c27965a21d8fb4a0a3cfdf3e5cc,ignite,False,2015-04-16 21:09:45,ignite,,0,2,1,1,1,0.0,1.0,0.0,2.0,779,779.0,555.0,done,172.0,,False,24.0,3.879664004902593,4.0,0.1666666666666666,0.0,0.0,0.0,1.0,0.75,8.0,0.0
2109e3394c997acf8db65f51b5c951383b3290be,ignite,False,2015-04-16 22:15:55,ignite,,9,21,5,3,1,1.89473966305518,2.6,0.0,22.8,1945,1802.5,1355.0,done,3185.0,,False,203.91820741201832,4.898670496701038,8.666666666666666,0.0506802370185791,0.0,0.0,0.8974358974358975,1.6666666666666667,0.4365079365079365,21.666666666666668,0.0
b6efeab0a71d2bacb58c25e333677f7f5776f1af,ignite,False,2015-04-17 00:04:19,ignite,,0,10,2,1,1,1.0,6.0,0.0,36.5,1948,1805.5,1358.0,done,1310.0,,False,633.2987112040938,4.880521596595775,21.5,0.0342729252471595,0.5,0.0,0.6654135338345865,2.0,0.6136363636363636,23.0,0.0
aaf8a53f5d6b6f8cca7cd96fe47b2f7d7dd1c8bc,ignite,False,2015-04-17 17:12:38,ignite,,1,1,1,1,1,0.0,5.0,24.0,13.0,796,796.0,570.0,done,597.0,,False,2067.969140070073,5.611242696207596,84.0,0.0406195616619083,3.0,0.0,0.5833333333333334,0.0,0.3,30.0,0.0
18dc8f76b86a6d8ebbf0aa4b997c1bfb05132366,ignite,False,2015-04-17 17:15:04,ignite,,3,3,2,1,1,0.91829583405449,2.5,11.0,12.0,797,797.0,571.0,done,1070.0,,False,1188.005118305868,5.12282107538931,49.0,0.0446610894398206,2.0,0.0,0.5755555555555555,0.0,0.4228778467908903,25.0,0.0
343124eb86774a0d36865b648bd977cdb70cdfa9,ignite,False,2015-04-17 17:25:49,ignite,,3,0,1,1,1,0.0,12.0,0.0,96.0,800,800.0,574.0,done,1580.0,,False,138.3016990363956,4.753247032409818,10.0,0.0723056916124247,0.0,0.0,1.0,1.0,0.6666666666666666,18.0,0.0
337c53111424e327c1a2a54ba085b093d9931206,ignite,False,2015-04-17 17:55:36,ignite,,4,4,1,1,1,0.0,18.0,0.0,286.0,804,804.0,578.0,done,5701.0,,False,356.41944311641294,4.937043923875589,12.25,0.034779309749775,0.0,0.0,0.4916666666666667,1.0,0.4285714285714285,24.75,0.0
5e77bb2eb6677f86b01f09e6d670095c69aea1d0,ignite,True,2015-04-17 18:36:56,ignite,221.0,6,6,3,1,1,1.25162916738782,3.3333333333333304,0.0,20.6666666666667,805,805.0,579.0,done,1259.0,2015-11-25 15:21:48,False,144.95445336320967,4.548666925115413,5.0,0.0375854582755948,0.0,0.0,0.4375,0.5,0.2916666666666666,18.0,0.0
c69401ae3877550600c1d3c47212dae8f00ebb2f,ignite,False,2015-04-17 18:52:17,ignite,,2,3,2,2,1,0.970950594454669,6.5,12.0,29.0,806,806.0,580.0,done,856.0,,False,4230.594947435451,5.874004745981432,18.0,0.005569704469113,1.0,0.0,0.5379373012267151,0.5,0.2956989247311827,28.0,0.0
1cd81b35d29d289b144bb412723c16bb1d78cadd,ignite,False,2015-04-17 19:33:58,ignite,,113,123,20,8,1,2.30613106418838,1.05,0.0,47.25,808,808.0,582.0,done,13003.0,,False,211.68429269416671,4.672258818164349,9.884057971014492,0.0574135963152176,0.0869565217391304,0.0144927536231884,0.6318691051299747,1.2463768115942029,0.4916462764288851,17.043478260869566,0.0
4f1621e2c68ea350859a147c2058834dece1963f,ignite,False,2015-04-17 19:39:04,ignite,,1,1,1,1,1,0.0,12.0,0.0,100.0,809,809.0,583.0,done,1533.0,,False,190.16483617504392,4.770749311854579,7.0,0.0368101702754162,0.0,0.0,0.6666666666666666,3.0,0.0,20.0,0.0
ba96cba6cd20a03a7659e91748a8ccfa2858773a,ignite,False,2015-04-17 22:27:34,ignite,,14,1,1,1,1,0.0,15.0,0.0,71.0,1104,1014.5,584.0,done,2506.0,,False,155.34352195332977,4.227638958882899,8.0,0.045875058984092,0.0,0.0,0.5277777777777778,1.0,0.6666666666666667,11.0,0.0
2529990f4ed691b49930a246c51a1a14da0255ce,ignite,False,2015-04-19 20:54:00,ignite,,5,5,1,1,1,0.0,13.0,2.0,48.0,1108,1014.0,587.0,done,1609.0,,False,10.0,3.589898095464287,1.0,0.1,0.0,0.0,0.0,1.0,0.0,8.0,0.0
eda676b543d80319105e8e75cf1cf34e65ac8c81,ignite,False,2015-04-20 01:11:14,ignite,,41,35,1,1,1,0.0,13.0,5.0,95.0,411,411.0,334.0,done,5243.0,,False,1114.0819927054656,4.933545618530293,45.0,0.0403920001352152,0.0,0.0,0.8333333333333334,1.0,0.4166666666666667,14.0,0.0
6b032566337690f8d723ba784056ec87aca820e8,ignite,False,2015-04-20 18:03:27,ignite,,3,3,1,1,1,0.0,5.0,3.0,15.0,823,823.0,593.0,done,597.0,,False,1790.538452550576,5.564773483158267,73.0,0.0408652419755232,3.0,0.0,0.6033333333333334,0.0,0.2847826086956522,30.0,0.0
8adbb9ec424438b1c64639901d52d3683e2d315a,ignite,False,2015-04-20 18:22:27,ignite,,0,1,1,1,1,0.0,3.0,37.0,4.0,824,824.0,594.0,done,51.0,,False,586.4973004910277,3.799725315053497,0.0,0.0,0.0,0.0,0.0,0.0,0.0,13.0,0.0
075ed821343c200b20c1b0f7a0ce67236c26f148,ignite,False,2015-04-20 19:05:58,ignite,,3,1,1,1,1,0.0,13.0,0.0,135.0,41,41.0,35.0,done,2929.0,,False,493.7900926778909,5.399746417322977,13.0,0.0263269761641008,0.0,0.0,0.6363636363636364,8.0,0.25,20.0,0.0
38004a1151a3d8a418660f62b2ca5702e12a1dd1,ignite,False,2015-04-20 21:53:40,ignite,,27,19,8,5,1,2.87811446754156,2.25,2.875,93.875,1952,1804.5,1361.0,done,16300.0,,False,869.5197761258352,4.436052377485903,12.857142857142858,0.0510105085720391,0.4285714285714285,0.4285714285714285,0.284469696969697,1.1428571428571428,0.6157509157509157,19.714285714285715,0.0
d0e606fc05c63e7a9c7260eadf649df8341e6fcc,ignite,False,2015-04-20 22:45:11,ignite,,3,0,1,1,1,0.0,4.0,25.0,19.0,827,827.0,596.0,done,707.0,,False,427.3468786650285,4.747839819961141,15.0,0.0351002914701468,2.0,0.0,0.7,0.0,0.5,25.0,0.0
97334ddbe4a3ed8bb2d257d35fceb6b51fa78d96,ignite,False,2015-04-20 23:53:11,ignite,,9,3,1,1,1,0.0,10.0,0.0,47.0,44,44.0,37.0,done,346.0,,False,583.5032212709837,4.986877682736867,7.0,0.0127566100265075,0.5,0.0,0.5657894736842105,1.0,0.25,27.0,0.0
aaa5ceef5a46b1bc84c03d9fdfe23ec7f86b7023,ignite,True,2015-04-20 23:55:40,ignite,42.0,1,1,1,1,1,0.0,14.0,0.0,70.0,7,7.0,5.0,done,2548.0,2015-06-02 07:30:29,True,3763.334656858312,4.764846328217806,0.0,0.0,0.0,0.0,0.9333333333333332,0.0,0.0,23.0,0.0
1361d1c574390c9c1b5f12872b139a9155f294ac,ignite,False,2015-04-21 03:25:42,ignite,,3,1,1,1,1,0.0,8.0,0.0,61.0,46,46.0,38.0,done,830.0,,False,204.035201795358,5.25487919656291,14.0,0.0686156108201448,0.0,0.0,1.0,8.0,0.1538461538461538,15.0,0.0
6b57db0d9945a9b7b12134ba9beab51b15f58b56,ignite,False,2015-04-21 17:51:30,ignite,,10,0,1,1,1,0.0,2.0,25.0,6.0,412,412.0,335.0,done,148.0,,False,556.8620251010043,5.032623799092544,19.0,0.0341197624250886,0.0,0.0,0.9285714285714286,1.0,0.4,22.0,0.0
fc8a98e6d81589d2641970dfec0a0609199c615b,ignite,False,2015-04-21 19:43:00,ignite,,11,1,2,1,1,0.413816850303634,6.0,8.5,29.5,828,828.0,597.0,done,2757.0,,False,1081.6660428918203,4.999395456668337,36.0,0.0339868366761513,1.5,0.5,0.773076923076923,1.0,0.4,29.0,0.0
842bf40ac3dad7a35f1e8bb8239e017e625f0a65,ignite,True,2015-04-21 20:01:07,ignite,1651.0,61,12,5,3,1,1.89531350306511,2.0,2.4,27.0,371,371.0,158.0,done,4310.0,2019-10-29 11:22:00,False,477.5161104719533,4.225692183638311,12.0,0.0303302462960988,0.4,0.0,0.3963888888888889,0.2,0.64,19.0,0.0
a6364405ce7970741ca3f75743329018ddbdac81,ignite,False,2015-04-21 20:22:21,ignite,,4,0,2,2,1,1.0,4.5,0.0,46.5,374,374.0,159.0,done,2791.0,,False,487.00534295642,4.564465240427401,16.0,0.0328920854839605,1.0,1.0,0.4409722222222222,0.0,0.6,21.0,0.0
38de90c867f971f05eaf80d4faa98f56d4794472,ignite,False,2015-04-21 21:46:42,ignite,,3,3,1,1,1,0.0,8.0,28.0,15.0,831,831.0,599.0,done,235.0,,False,256.80225947256514,4.773559717508808,11.666666666666666,0.0450838779887464,1.0,0.0,0.6296296296296297,0.0,0.580952380952381,23.0,0.0
83c555586666f1536fd02125d2ab03a8d548045b,ignite,False,2015-04-21 22:26:01,ignite,,2,2,2,2,1,1.0,4.5,0.0,56.0,50,50.0,41.0,done,1544.0,,False,774.9525971063767,5.422381946546104,25.5,0.0331821589001306,0.0,0.0,0.6491228070175439,8.0,0.2666666666666666,21.0,0.0
950c2bda7d64ec2f548bccc0c8e976042905779c,ignite,False,2015-04-21 22:38:48,ignite,,1,1,1,1,1,0.0,18.0,0.0,295.0,51,51.0,42.0,done,5700.0,,False,4487.0,5.761932867347795,61.0,0.013594829507466,2.0,4.0,0.7608695652173914,9.0,0.1481481481481481,26.0,0.0038910505836575
9a79e70a11eec1688968f33f99892b399b94254b,ignite,False,2015-04-21 23:02:23,ignite,,8,2,1,1,1,0.0,7.0,0.0,20.0,378,378.0,161.0,done,881.0,,False,387.819526199061,4.660485632783587,18.0,0.0460751223785189,0.5,1.5,0.8333333333333333,2.5,0.25,19.0,0.0
82ea2cf8f9897cd92f6e77a8d9efe08d1a8c0bd6,ignite,True,2015-04-21 23:18:46,ignite,135.0,7,4,2,2,1,0.684038435639042,3.5,19.0,18.0,1110,1015.0,588.0,done,180.0,2015-09-04 22:08:18,False,417.88905636021053,5.363686257819984,15.0,0.0358946944690275,0.0,0.0,1.0,2.0,0.3333333333333333,15.0,0.0
924580e9d25af9436c28dd4878b4bbbd51f82a26,ignite,False,2015-04-21 23:30:30,ignite,,1,1,1,1,1,0.0,18.0,0.0,296.0,52,52.0,43.0,done,5700.0,,False,4494.0,5.763080270595677,61.0,0.0135736537605696,2.0,4.0,0.7608695652173914,9.0,0.1481481481481481,26.0,0.0038910505836575
b2cae730b690470283a289ffe159927918bbab85,ignite,False,2015-04-22 13:23:58,ignite,,3,0,1,1,1,0.0,2.0,0.0,16.0,1219,1158.5,585.0,done,711.0,,False,523.2548196673627,4.920493472935186,19.0,0.0363111801092982,1.0,0.0,0.8571428571428571,4.0,0.25,22.0,0.0
4e7a691a22c5a8b19c564307d0a125b978a35b6e,ignite,False,2015-04-22 13:50:22,ignite,,3,0,1,1,1,0.0,2.0,0.0,17.0,1220,1159.5,586.0,done,714.0,,True,598.5472339284424,4.957886024220628,21.0,0.0350849503758806,1.0,0.0,0.8571428571428571,4.0,0.25,22.0,0.0
702f1721a5b3e50089bb6183bda0ba00094ca729,ignite,False,2015-04-22 17:48:06,ignite,,15,0,1,1,1,0.0,13.0,11.0,49.0,416,416.0,337.0,done,1566.0,,False,502.6697356606067,4.753465402091917,11.0,0.0218831555186903,0.0,0.0,0.7,1.0,0.2,22.0,0.0
ee94aca15694f6fb69fca24897f4f081f5619254,ignite,False,2015-04-22 20:40:17,ignite,,1,1,1,1,1,0.0,9.0,0.0,34.0,420,420.0,340.0,done,1342.0,,False,19.651484454403228,4.088779347361362,1.0,0.0508867410154317,0.0,0.0,0.0,0.0,1.0,11.0,0.0
d3c0518c5b6760080e42427a3fcad3d019f08430,ignite,False,2015-04-22 20:49:53,ignite,,4,6,1,1,1,0.0,9.0,11.0,31.0,421,421.0,341.0,done,1156.0,,False,121.83535750584332,4.225178320885709,8.0,0.0656623837592983,0.0,0.0,1.0,2.0,0.25,20.0,0.0
0cf0dae9e22e27aa840cdc8acbd9362d5636bfda,ignite,False,2015-04-22 21:29:55,ignite,,6,0,1,1,1,0.0,10.0,1.0,16.0,55,55.0,46.0,done,1868.0,,False,233.2888791237411,4.355006647672916,10.5,0.0455415279841694,0.0,0.0,1.0,1.0,0.675,13.5,0.0
19e343c6576e029dea81c9fbf9a6a6e6f1f23de9,ignite,False,2015-04-22 22:07:23,ignite,,13,5,1,1,1,0.0,15.0,4.0,73.0,1111,1015.0,589.0,done,2548.0,,False,126.71134807876052,4.144872673213886,2.0,0.0157839059431113,0.0,0.0,0.4,1.0,0.5,13.0,0.0
4e7fbad70972bf8cd859975422954f55583fa41b,ignite,False,2015-04-23 00:06:24,ignite,,7,8,2,2,1,0.566509506552905,4.0,6.5,10.0,1113,1017.0,590.0,done,515.0,,False,404.2297331620855,4.868811482734959,10.666666666666666,0.0333694485253747,0.0,0.0,0.7546296296296297,0.6666666666666666,0.5052910052910052,16.0,0.0334168755221386
8e31b7c32c18ee641bfc6f5751a5acb4ba92375f,ignite,False,2015-04-23 01:13:52,ignite,,7,2,1,1,1,0.0,3.0,43.0,4.0,234,234.0,118.0,done,1063.0,,False,1844.3245807222472,5.749587729695102,69.0,0.0374120698282832,0.0,0.0,0.8846153846153846,14.0,0.3076923076923077,18.0,0.0
a5c6bcf5994346b6d9294d2c1ddb4a3d0c7cdabd,ignite,False,2015-04-23 16:21:55,ignite,,11,9,1,1,1,0.0,11.0,0.0,73.0,693,667.0,454.0,done,2247.0,,False,167.37179237410948,4.660704752887784,9.0,0.0537725017599333,0.0,0.0,1.0,0.0,0.8333333333333334,17.0,0.0
734feb0b4d9b3c126b68c96b8d11051ba07e82cf,ignite,False,2015-04-23 18:13:58,ignite,,1,1,1,1,1,0.0,13.0,1.0,50.0,422,422.0,342.0,done,1581.0,,False,531.3642432941529,4.8133170385200765,11.0,0.0207014305889427,0.0,0.0,0.7,1.0,0.2,22.0,0.0
3087662e3b32b1575ac429d43dae1f7eab2dcb7f,ignite,False,2015-04-23 18:19:57,ignite,,3,2,2,2,1,0.970950594454669,6.5,15.0,35.5,1114,1018.0,591.0,done,1581.0,,False,531.3642432941529,4.8133170385200765,11.0,0.0207014305889427,0.0,0.0,0.7,1.0,0.2,22.0,0.0
bc89338ffcd54d405db82e352f08aa648da37292,ignite,True,2015-04-23 21:13:16,ignite,720.0,284,38,62,44,1,5.5683518241651,0.338709677419355,28.91935483870969,23.61290322580649,235,235.0,119.0,done,70570.0,2017-04-13 12:52:20,False,1292.0648383228158,5.08136049049975,34.94,0.0328064379223001,0.54,0.55,0.6820441486658173,1.42,0.4058325995371707,21.78,0.0002135843708877
42b96fcae3af8a8c878c54ef2234ce469e8cf027,ignite,True,2015-04-23 23:10:20,ignite,307.0,13,11,2,2,1,0.9798687566511528,6.0,0.0,74.5,1979,1819.0,1375.0,done,4923.0,2016-02-25 02:43:35,False,2678.7581570345283,5.5522211987414565,37.0,0.0145771476653472,1.0,1.5,0.7384615384615385,3.5,0.3134920634920635,25.0,0.0
bd581831dcaba31ec24e90217f949056b3569d33,ignite,False,2015-04-24 00:40:04,ignite,,2,1,1,1,1,0.0,17.0,6.0,81.0,1116,1018.0,592.0,done,1830.0,,False,148.67746297052548,4.400911268148939,5.0,0.0336298447666626,1.0,0.0,0.5,1.0,0.0,22.0,0.0
0a28058644824162b10d3ab3a2c940d9f23324e6,ignite,False,2015-04-24 03:10:35,ignite,,2,2,1,1,1,0.0,14.0,0.0,147.0,1982,1822.0,1377.0,done,4873.0,,False,2585.572808586057,4.784596621728713,133.5,0.0683622523390848,1.0,0.0,0.6527777777777778,0.0,0.2897727272727273,18.5,0.0
4ec4a48040a87bbfa6ae5a55e453fe0835c4291d,ignite,False,2015-04-24 13:37:56,ignite,,2,1,1,1,1,0.0,5.0,50.0,11.0,11,11.0,6.0,done,326.0,,False,4972.397823136165,4.9287696614099055,153.0,0.0307698630403431,1.0,2.0,0.9264705882352942,3.0,0.4545454545454545,33.0,0.03125
b08acc5bcfa197496db763fc9bca1b20be536116,ignite,False,2015-04-24 15:42:52,ignite,,1,1,1,1,1,0.0,13.0,0.0,72.0,1983,1822.5,1378.0,done,451.0,,False,7157.387747912862,4.060359114011204,297.0,0.0414955861636261,0.0,0.0,1.0,0.0,0.8888888888888888,13.0,0.0
ef29f7940e4fff0ef8830d8d2b6fb1e9b2f5a5bc,ignite,False,2015-04-24 15:54:13,ignite,,2,2,1,1,1,0.0,8.0,2.0,28.0,1118,1020.0,593.0,done,442.0,,False,292.9168734831421,4.5130407026793815,11.5,0.0402948810791573,0.5,0.0,0.9285714285714286,0.5,0.4375,13.5,0.0
0a173f46cb2f0ab9118d3a98b420c48762410304,ignite,False,2015-04-24 16:08:15,ignite,,3,12,1,1,1,0.0,6.0,0.0,37.0,1226,1163.5,590.0,done,233.0,,False,482.2473883266519,4.791792764487526,19.666666666666668,0.0411311093383739,1.0,0.0,0.724002849002849,1.6666666666666667,0.3111111111111111,23.333333333333332,0.0
cee1a8c9fe2828169d97b93dc007152418bfea59,ignite,False,2015-04-24 17:37:19,ignite,,1,2,1,1,1,0.0,5.0,2.0,9.0,13,13.0,7.0,done,297.0,,False,816.6046019830637,5.241694307825123,11.0,0.0134704114736646,0.0,0.0,0.7333333333333333,1.0,0.6666666666666666,14.0,0.0
369ffd4e629bbfbab2c10c557e445c62eccae990,ignite,False,2015-04-24 18:10:04,ignite,,7,4,1,1,1,0.0,1.0,0.0,1.0,1986,1825.5,1380.0,done,74.0,,False,272.04693572714405,4.7350654177432645,13.0,0.0477858718211722,2.0,0.0,0.6666666666666666,0.0,0.1666666666666666,29.0,0.0
5443383c4354e0cfd82fa9d3f8e2a329ba31db21,ignite,False,2015-04-24 23:17:13,ignite,,3,1,1,1,1,0.0,9.0,0.0,41.0,1992,1830.5,1385.0,done,2251.0,,False,950.7610723088528,4.8339484034046105,20.0,0.0210357792115231,1.0,0.0,0.6521739130434783,0.0,0.625,37.0,0.0
65fc3e54e965f52989ad70abfc0418ea241b7fd8,ignite,False,2015-04-25 02:19:07,ignite,,1,1,1,1,1,0.0,4.0,15.0,8.0,426,426.0,344.0,done,208.0,,False,4.754887502163468,3.94770277922009,1.0,0.2103099178571525,0.0,0.0,0.0,0.0,1.0,14.0,0.0
4390662745301b5d1b69c0a77c92505e7c76eefb,ignite,True,2015-04-26 23:20:36,ignite,436.0,1,1,1,1,1,0.0,12.0,1.0,73.0,429,429.0,347.0,done,2897.0,2016-07-06 07:47:41,False,894.8170368812362,4.608565657572576,25.0,0.0279386723425987,1.0,1.0,0.5333333333333333,0.0,0.4285714285714285,32.0,0.0
2fb6213dbd17459f34e7db29b6bfc73a9445bcd5,ignite,False,2015-04-27 16:58:09,ignite,,7,5,1,1,1,0.0,1.0,0.0,2.0,704,664.0,460.0,done,112.0,,False,150.09854700674083,4.189859498158093,7.0,0.0534756142623428,0.5,0.0,0.95,1.25,0.4166666666666666,14.5,0.0
f674ec7bb438215316e9a2d1291d44297ee364b6,ignite,False,2015-04-27 17:11:13,ignite,,6,6,1,1,1,0.0,1.0,0.0,3.0,705,665.0,461.0,done,114.0,,False,161.56748013767364,4.279128481397296,7.5,0.0502861574277821,0.5,0.0,0.95,1.25,0.4583333333333333,16.0,0.0
ab052aca5deeb768982be3ebed28b740748c406e,ignite,False,2015-04-27 18:25:04,ignite,,23,4,1,1,1,0.0,1.0,0.0,4.0,706,666.0,462.0,done,114.0,,False,175.24273084279704,4.156474863855928,7.4,0.0397636045640103,0.4,0.0,0.7236363636363636,1.0,0.3399999999999999,14.4,0.0
bcb097165d23a02b3d89d5ac464241e57776d4d7,ignite,False,2015-04-27 18:37:37,ignite,,27,43,1,1,1,0.0,9.0,2.0,36.0,430,430.0,348.0,done,1497.0,,False,864.3775700363369,4.755216868186232,29.0,0.0358968571310939,0.75,0.5,0.5840409590409591,0.5,0.5715811965811965,15.25,0.0019685039370078
5fb79489f7f9df895ce9044e3e87e30445be19f6,ignite,False,2015-04-27 22:49:45,ignite,,14,5,1,1,1,0.0,1.0,3.0,1.0,1998,1832.5,1389.0,done,101.0,,False,714.7337620686308,5.368701461563413,16.0,0.0223859580295909,2.0,0.0,0.8571428571428571,0.0,0.3333333333333333,24.0,0.0
d14a0fb40eca2c6259f2be66bcffbc1c53f988b8,ignite,False,2015-04-27 23:03:48,ignite,,2,2,1,1,1,0.0,6.0,12.0,16.0,1999,1833.5,1390.0,done,362.0,,False,1389.7585960336296,5.517821164617245,30.0,0.0215864827788221,1.0,0.0,0.4347826086956521,2.0,0.3333333333333333,24.0,0.0
a55477970a2fdae5e93bcace708c98892937b97b,ignite,False,2015-04-27 23:42:03,ignite,,5,5,3,1,1,1.37095059445467,0.333333333333333,0.0,3.0,394,394.0,172.0,done,316.0,,False,466.3788178466525,4.642427918828099,11.333333333333334,0.0238148270837287,0.3333333333333333,0.0,0.3089133089133089,0.0,0.7936507936507936,27.333333333333332,0.0
cf6e4352b3913c67123a8d2329069373d4b05075,ignite,False,2015-04-28 00:34:49,ignite,,2,4,2,1,1,0.91829583405449,0.5,0.0,2.5,397,397.0,174.0,done,58.0,,False,237.80142289857,4.771427276269653,3.0,0.0126155679113812,0.0,0.0,0.3333333333333333,0.0,0.6666666666666666,31.0,0.0
ae8d0176a840a743afa0eda73639bd4f48160323,ignite,False,2015-04-28 18:02:06,ignite,,11,15,2,1,1,0.840358671609117,0.5,0.0,3.0,1122,1008.0,595.0,done,495.0,,False,923.369432607159,4.864087803010766,36.0,0.0389876453873429,2.0,0.0,0.8260869565217391,0.0,0.375,23.0,0.0
a809539bff76c9b8b55e8200ba9e98a737bc796b,ignite,True,2015-04-28 18:13:51,ignite,35.0,28,15,2,1,1,0.159350062685634,0.5,2.5,0.5,1124,1010.0,596.0,done,368.0,2015-06-03 09:11:26,False,990.6838335679124,5.212316424421681,27.0,0.0283855535863502,1.0,0.5,0.6625,0.0,0.4206349206349206,19.0,0.0
40ac9064aa3c203728668916eb7f2ad497100d8d,ignite,False,2015-04-28 18:46:02,ignite,,19,11,1,1,1,0.0,5.0,53.0,10.0,1127,1013.0,597.0,done,420.0,,False,2319.0307828802197,4.913617682018749,71.0,0.029837560335797,0.0,0.0,0.5484848484848485,0.0,0.2064777327935222,22.0,0.0
f4470da6cbc98cc227e1a636fe0c949d8bb585ff,ignite,False,2015-04-28 18:46:58,ignite,,1,2,1,1,1,0.0,0.0,0.0,0.0,1129,1015.0,598.0,done,990.0,,False,270.0,4.9043393234103485,4.0,0.0148148148148148,0.0,0.0,0.375,0.0,0.25,12.0,0.0
51dc6aac3e95c3d40788f4098bb1189483fc6520,ignite,False,2015-04-28 18:47:33,ignite,,1,1,1,1,1,0.0,1.0,0.0,1.0,1130,1016.0,599.0,done,989.0,,False,388.4183471906009,4.929963385311284,6.0,0.0154472620652384,0.0,0.0,0.5,0.0,0.25,16.0,0.0
452c6ef5ca37de61165fc812552dc094d8a00d5c,ignite,False,2015-04-28 18:54:31,ignite,,133,133,47,35,1,5.221982937786559,0.446808510638298,37.3829787234043,20.6170212765957,1,1.0,1.0,done,12479.0,,False,1646.8027416176544,5.060623737645454,49.77777777777778,0.0282631044631095,0.8888888888888888,1.3333333333333333,0.724214650225329,2.3333333333333335,0.4128933444722917,18.77777777777778,0.0
2ea83cee7925aaf84e09166bc898bcf980d454e7,ignite,False,2015-04-28 19:10:00,ignite,,4,3,1,1,1,0.0,2.0,3.0,16.0,2002,1836.5,1391.0,done,70.0,,False,347.84133350526264,3.763938021139656,18.0,0.0517477316988484,0.0,0.0,1.0,0.0,0.0,9.0,0.0
0f3d372e38fcec13f6cf0aa2e439ca63679cbfa4,ignite,False,2015-04-28 19:33:56,ignite,,4,0,1,1,1,0.0,1.0,17.0,2.0,2003,1837.5,1392.0,done,293.0,,False,1262.7242100115236,5.42403997915073,40.0,0.0316775426358816,0.0,0.0,0.9411764705882352,7.0,0.2857142857142857,23.0,0.0
11f4957f90edde2369afe0db8e221f27b53d11b5,ignite,False,2015-04-28 19:56:06,ignite,,4,12,3,1,1,1.5,5.33333333333333,3.0,56.0,1133,1019.0,601.0,done,6547.0,,False,1665.8016018809076,5.172442004149142,56.5,0.0338952300266245,0.0,0.0,0.6515151515151515,0.5,0.7285714285714285,16.0,0.0
7c5a04bc644486250acfccfa7f76857a0d37e073,ignite,False,2015-04-28 20:14:52,ignite,,9,6,2,1,1,0.836640741941167,5.5,21.5,9.5,26,26.0,14.0,done,487.0,,False,854.7399225506846,5.166808619094919,20.666666666666668,0.0300952915369012,0.6666666666666666,0.0,0.7485407066052229,1.6666666666666667,0.4281746031746031,23.0,0.0
d125eb6493d5a2b57b5b67f1b5aa01974929b204,ignite,False,2015-04-28 20:39:31,ignite,,46,46,2,2,1,0.978070970973496,3.5,12.0,44.0,835,835.0,602.0,done,1072.0,,False,977.1593113388152,4.306543858131909,28.333333333333332,0.0196331313640963,0.6666666666666666,0.0,0.6262254901960784,1.3333333333333333,0.3090277777777778,13.0,0.0
5330a51d3d6a0b15da8d52e9c4f71041742f56b7,ignite,False,2015-04-29 11:28:10,ignite,,9,4,2,1,1,0.890491640219491,5.5,0.0,10.5,28,28.0,15.0,done,490.0,,False,427.56406705654376,5.038620226178649,13.0,0.0331149299013921,0.5,0.0,0.7,2.5,0.3571428571428571,17.0,0.0
96f3c0373b4e28c55dae1c6ff6cde1712ad78b70,ignite,False,2015-04-29 12:26:43,ignite,,11,3,1,1,1,0.0,1.0,0.0,3.0,1249,1181.5,603.0,done,97.0,,False,133.97977094150824,4.738111880973909,5.0,0.0373190666386708,1.0,0.0,0.75,1.0,0.0,22.0,0.0
a7599bf0380386c84ef96150987bdf1d861f6455,ignite,False,2015-04-29 15:36:19,ignite,,6,1,1,1,1,0.0,8.0,0.0,14.0,2006,1839.5,1394.0,done,567.0,,False,1329.898923229561,5.070563820934508,22.0,0.0165426105816934,1.0,0.0,0.8235294117647058,0.0,0.3333333333333333,22.0,0.0
2ad974e6af0767f4b639564092f9ae18116616cf,ignite,False,2015-04-29 19:59:30,ignite,,14,7,1,1,1,0.0,4.0,20.0,7.0,1142,1024.0,605.0,done,1030.0,,False,454.9534001269235,4.619561264365919,13.0,0.028574355079824,0.0,0.0,0.5555555555555556,0.0,0.6666666666666666,20.0,0.0
49df20c8c3e58d56266a0ef85357e582f4fb281f,ignite,True,2015-04-29 21:02:46,ignite,1231.0,3,2,1,1,1,0.0,4.0,0.0,8.0,1144,1026.0,606.0,done,1037.0,2018-09-12 14:41:33,False,836.259108776295,5.160682604537251,18.0,0.0215244292242622,0.0,0.0,0.8666666666666667,0.0,0.6666666666666666,20.0,0.0
033e8ed709f59c360075f2e7fe1c1528b5b253c9,ignite,False,2015-04-29 21:52:26,ignite,,1,1,1,1,1,0.0,13.0,5.0,76.0,13,13.0,10.0,done,454.0,,False,7233.198085429696,4.061860667231784,300.0,0.0414754298799461,0.0,0.0,1.0,0.0,0.8888888888888888,13.0,0.0
c438a763f67ff01d963659536b27f83ebd450a6a,ignite,False,2015-04-29 22:15:56,ignite,,7,3,1,1,1,0.0,4.0,0.0,10.0,410,410.0,180.0,done,388.0,,False,68.59147917027245,4.50258258747272,4.333333333333333,0.0633103346647876,0.0,0.0,1.0,0.6666666666666666,0.5555555555555555,15.333333333333334,0.0
35e90b8aa7d90680625530701ba42a15d1a03808,ignite,False,2015-04-30 00:17:16,ignite,,6,2,2,1,1,0.811278124459133,4.5,5.0,20.0,1147,1026.5,607.0,done,1429.0,,False,1169.393515763384,4.659125388346496,51.0,0.0542802971500404,0.6666666666666666,0.6666666666666666,0.7552182163187856,3.3333333333333335,0.5274971941638608,19.0,0.0
3344b09b2ceb9e7489fbb32ee3648832e698bd69,ignite,False,2015-04-30 02:55:54,ignite,,1,9,1,1,1,0.0,16.0,4.0,104.0,241,241.0,124.0,done,2390.0,,False,3453.328162136267,5.585478256340723,105.0,0.0304054509360749,1.0,0.0,0.9310344827586208,1.0,0.46875,26.0,0.0
c8f7d387e1c52fb11bc890009b1d94292a533508,ignite,False,2015-04-30 03:50:31,ignite,,0,5,1,1,1,0.0,16.0,0.0,105.0,1283,1189.5,759.0,done,2382.0,,False,3293.540814918059,5.5551288891140995,101.0,0.03066608421627,1.0,0.0,0.9298245614035088,1.0,0.46875,26.0,0.0
38dee89ac53b30c6543e6d6c9cf909649f73efba,ignite,False,2015-04-30 17:38:42,ignite,,7,1,1,1,1,0.0,13.0,2.0,43.0,1148,1027.5,608.0,done,2123.0,,False,1538.0468525156646,5.6499216551983595,27.0,0.0175547318053661,1.0,0.0,0.7142857142857143,0.0,0.3,24.0,0.0
e0648d68781e3906b66f3c876fef59bc4141454e,ignite,False,2015-04-30 23:18:44,ignite,,8,0,1,1,1,0.0,2.0,20.0,4.0,1150,1029.0,609.0,done,692.0,,False,131.39653742791768,3.9066900704975303,1.0,0.0052929260350234,0.0,0.0,0.0,0.0,0.0,8.0,0.0
71bf909830d6f2340d998de6f358f529d993647c,ignite,False,2015-05-02 22:45:12,ignite,,6,0,1,1,1,0.0,11.0,19.0,47.0,434,434.0,351.0,done,861.0,,False,1696.6421589131962,5.422821353383083,42.0,0.0247547780062848,4.0,2.0,0.6333333333333333,0.0,0.3333333333333333,25.0,0.0
4903dcec4270eccf2756ba4e693b1484f796e3d4,ignite,False,2015-05-02 23:53:56,ignite,,1,1,1,1,1,0.0,14.0,4.0,100.0,437,437.0,354.0,done,5278.0,,False,1434.383872053058,5.477164447782617,59.0,0.0411326431853645,1.0,1.0,0.8571428571428571,2.0,0.4347826086956521,25.0,0.0
98aa2f6303a6d19f2af706fe8e4748ba8c188f78,ignite,False,2015-05-03 00:15:12,ignite,,1,15,1,1,1,0.0,9.0,4.0,38.0,438,438.0,355.0,done,1481.0,,False,1150.9133950974128,4.9594987167285485,43.5,0.0433320701711563,1.0,1.25,0.7744708994708995,0.0,0.6933928571428571,15.75,0.002
396f2f31207e9fa5133e2a669d50f3d998fae2f3,ignite,False,2015-05-05 09:32:15,ignite,,3,0,1,1,1,0.0,10.0,5.0,42.0,1284,1187.5,760.0,done,1260.0,,True,1101.5263174215718,5.112731022157895,36.0,0.0326819245538027,2.0,3.0,0.8095238095238095,2.0,0.4,27.0,0.0
da3d9e73d182b77d27902871c19817f439308b2b,ignite,False,2015-05-05 15:36:52,ignite,,1,1,1,1,1,0.0,6.0,13.0,21.0,2015,1847.0,1398.0,done,660.0,,False,2568.730366975519,5.767291420437778,79.0,0.0307544929649492,2.0,1.0,0.66,4.0,0.2222222222222222,28.0,0.0
3394b4c5aa8c557b94c8726ad5f27a01f2d76d32,ignite,False,2015-05-05 21:41:34,ignite,,58,52,5,4,1,0.8755312856880699,1.6,23.6,10.4,2018,1849.0,1400.0,done,1267.0,,False,385.36967906426867,4.53378556751772,8.0,0.0271328984357973,0.1923076923076923,0.0,0.2356392005430467,0.5769230769230769,0.2067342913496759,11.423076923076923,0.0
42563f6c1b0f57e6a087c819df26893df5510ae9,ignite,False,2015-05-05 23:53:56,ignite,,6,1,2,2,1,0.8631205685666309,3.0,3.0,21.0,2019,1850.0,1401.0,done,52.0,,False,125.81495041679712,3.9146279551873175,6.0,0.0476890860754093,0.0,0.0,1.0,0.0,0.0,9.0,0.0
32a2d90645fb3fff8bc4c8753cb71fe451f86036,ignite,False,2015-05-06 01:05:26,ignite,,1,4,1,1,1,0.0,14.0,0.0,103.0,449,449.0,363.0,done,5292.0,,False,372.2346001038465,5.132689171790668,16.0,0.0429836452482824,1.0,0.0,1.0,1.0,0.4,21.0,0.0
4a096d95874f1585dcb5c2fdb6c9d09db4fa45d9,ignite,True,2015-05-06 15:04:57,ignite,127.0,25,16,1,1,1,0.0,2.0,14.0,18.0,1258,1185.5,607.0,done,717.0,2015-09-11 08:44:11,True,1955.035733530593,5.090376875709103,62.5,0.037392289837996,2.0,0.0,0.54375,5.5,0.0833333333333333,24.0,0.0
6d2a7597658cee5c1bf2ff607762baefcc17783d,ignite,False,2015-05-06 15:50:00,ignite,,19,2,1,1,1,0.0,6.0,7.0,9.0,40,40.0,21.0,done,120.0,,False,227.51035353128452,4.7243034994768545,9.0,0.0405941517594884,0.0,0.0,0.8333333333333334,0.0,0.6370370370370371,14.666666666666666,0.0
691c584ccc5f64e33c2ac34509196015c17ed928,ignite,False,2015-05-06 17:53:51,ignite,,5,5,1,1,1,0.0,4.0,22.0,8.0,455,455.0,369.0,done,188.0,,False,369.87118895965546,4.672613857794117,15.0,0.0405546591563155,0.0,0.0,0.9166666666666666,1.0,0.375,18.0,0.0
d0dac7de1e573ae3870e20adfe18abf61caa84ec,ignite,False,2015-05-06 20:43:16,ignite,,15,13,1,1,1,0.0,14.0,0.0,107.0,458,458.0,372.0,done,5302.0,,False,581.5361067987117,5.23113393011014,30.5,0.0524622186854868,0.0,0.0,0.8434343434343434,2.0,0.5633484162895928,21.5,0.0
a50abae3bc0902430218abecc9a7e2e6ad63fe6f,ignite,True,2015-05-06 21:18:15,ignite,1169.0,3,4,1,1,1,0.0,1.0,0.0,2.0,1154,1027.0,611.0,done,56.0,2018-07-19 13:11:38,False,6.339850002884624,3.334679141051595,1.0,0.1577324383928643,0.0,0.0,0.0,1.0,0.0,6.0,0.0
c3f3dd141ba9a3cb1e7044f807e624c57ef38084,ignite,False,2015-05-07 15:14:40,ignite,,6,1,1,1,1,0.0,18.0,0.0,302.0,1260,1184.0,609.0,done,5679.0,,False,62.5102495297363,4.350209029099896,2.0,0.0319947531012269,0.0,0.0,0.0,0.0,0.5,10.0,0.0
54e814a7e8434e33f396733c4acdd0e79ac1524f,ignite,False,2015-05-07 17:31:24,ignite,,1,1,1,1,1,0.0,2.0,1.0,19.0,1261,1185.0,610.0,done,717.0,,False,3460.4776058402663,5.3056444237665765,109.0,0.0314985422289802,3.0,0.0,0.6875,5.0,0.1904761904761904,24.0,0.0
490827eadeaccf37d0dac341e426c60dca176b03,ignite,False,2015-05-07 17:44:35,ignite,,2,2,1,1,1,0.0,9.0,0.0,30.0,464,464.0,376.0,done,1457.0,,False,2362.270116313519,5.338428510310132,34.5,0.0193424294560058,0.0,1.0,0.7912457912457913,1.0,0.3315789473684211,26.5,0.0
7625bdcafdcaed16c8648ac45f6ec832f62268ad,ignite,False,2015-05-07 22:23:42,ignite,,25,1,2,1,1,1.0,7.0,1.0,77.5,465,465.0,377.0,done,6759.0,,False,1290.7762716324216,5.162159407735889,46.8,0.0380802345704558,1.6,1.4,0.7484781884781885,0.6,0.5537489790686722,18.2,0.0015625
16694d3b2dd2b38ff8e63392de00f05aaaba284f,ignite,False,2015-05-07 23:08:40,ignite,,0,13,1,1,1,0.0,9.0,0.0,46.0,469,469.0,379.0,done,1490.0,,False,1368.900804005338,5.188254496365419,49.25,0.0378094067664081,1.75,1.5,0.7561375661375662,0.25,0.5683928571428571,16.0,0.002
07e5561bac54c3171a9a86843fc6272eba2af2c0,ignite,False,2015-05-07 23:15:55,ignite,,4,6,1,1,1,0.0,9.0,0.0,47.0,471,471.0,381.0,done,1477.0,,False,1286.213964554022,4.944373870868376,47.5,0.0452426060638041,0.5,0.5,0.7314814814814815,0.0,0.8242857142857143,13.5,0.004
c19402e0d6085e88da4164cbb9b838e886849c6b,ignite,False,2015-05-07 23:43:57,ignite,,4,4,1,1,1,0.0,3.0,1.0,10.0,2027,1851.0,1406.0,done,53.0,,False,199.82374477961895,3.831617216719418,10.0,0.0500441026717258,0.0,0.0,1.0,0.0,0.0,9.0,0.0
fcb45bb50533802a5299f67419bd76bfba4e2db7,ignite,False,2015-05-08 04:26:33,ignite,,2,2,1,1,1,0.0,3.0,0.0,12.0,2030,1854.0,1408.0,done,53.0,,False,144.3171490075026,3.888410243279744,7.0,0.0485042841279804,0.0,0.0,1.0,0.0,0.0,9.0,0.0
ef2bed9bfbbe5602f61ae57fac582cf13d235ed3,ignite,False,2015-05-08 19:35:22,ignite,,0,3,1,1,1,0.0,1.0,1.0,1.0,2036,1855.5,1412.0,done,143.0,,False,1317.695226833628,3.7819007853742286,62.0,0.0470518513973702,0.0,0.0,1.0,0.0,0.875,11.0,0.0
30d306a4a14e42fe93047947f7346271c81bf98f,ignite,False,2015-05-08 19:36:26,ignite,,2,0,1,1,1,0.0,2.0,0.0,2.0,2037,1856.5,1413.0,done,143.0,,False,1395.802096633474,3.7843890116947767,65.0,0.0465682063071642,0.0,0.0,1.0,0.0,0.8888888888888888,11.0,0.0
f62afc62a5794272411d0fe25b46e8724fd77209,ignite,True,2015-05-08 20:25:36,ignite,339.0,4,0,1,1,1,0.0,2.0,64.0,7.0,843,843.0,610.0,done,345.0,2016-04-12 12:32:06,False,708.4490494265281,4.932022979438947,29.0,0.0409344892529318,1.0,1.0,0.6666666666666666,0.0,0.5454545454545454,23.0,0.0
50ec7f34c4f3b9527bb2eb068b4662042a376856,ignite,False,2015-05-08 21:11:30,ignite,,14,10,3,2,1,1.58496250072116,1.0,0.0,7.0,2038,1857.0,1414.0,done,1177.0,,False,179.541308023174,4.491982762526621,4.333333333333333,0.0263124803830724,0.0,0.0,0.8666666666666667,0.0,0.4444444444444444,21.0,0.0
f9c5fbec3e4cf36c720320e4ee7ef0b91d9f014b,ignite,False,2015-05-08 21:20:27,ignite,,4,3,1,1,1,0.0,2.0,0.0,19.0,2039,1858.0,1415.0,done,70.0,,False,347.84133350526264,3.763938021139656,18.0,0.0517477316988484,0.0,0.0,1.0,0.0,0.0,9.0,0.0
b896ec8b311b65af97a53d8271ee4bfe69e1ebd3,ignite,False,2015-05-08 22:42:48,ignite,,9,10,2,2,1,0.4854607607459129,0.5,0.0,1.0,272,272.0,163.0,done,213.0,,False,1213.2056135404837,4.759680891271685,22.0,0.0181337769578873,1.0,1.0,0.5833333333333334,2.0,0.5,21.0,0.0
c4eab3c26260ac97a4499ca6b2ec6ecb4fcf3d3b,ignite,False,2015-05-08 23:13:27,ignite,,9,9,1,1,1,0.0,9.0,0.0,49.0,1158,1027.0,613.0,done,1519.0,,False,1093.0116415322827,5.014894188671971,37.333333333333336,0.0379294958427355,1.0,1.3333333333333333,0.6979717813051147,0.0,0.615,15.0,0.0025062656641604
f027ac54a8f679ea09727f526a47352ac5e3cb4f,ignite,False,2015-05-13 00:31:26,ignite,,5,8,3,3,1,1.57662122010749,5.0,34.6666666666667,47.0,483,483.0,390.0,done,1159.0,,False,1140.4247678060613,5.310253398345271,41.0,0.0359515166255775,1.0,0.0,0.6470588235294118,1.0,0.2777777777777778,19.0,0.0
96ad5a8605b54e02057253ad7d330f2726ddd687,ignite,False,2015-05-13 00:39:37,ignite,,14,12,3,2,1,1.18416364111948,5.0,17.0,35.6666666666667,484,484.0,391.0,done,438.0,,False,540.867678141009,4.559609510333793,21.0,0.0913119101386354,1.0,0.0,0.6599025974025974,2.25,0.3157894736842105,16.75,0.0
5f8925be6d6e1360ff56ff3c1dfff49811caef82,ignite,True,2015-05-13 18:38:49,ignite,804.0,13,12,1,1,1,0.0,8.0,30.0,18.0,2049,1852.5,1420.0,done,288.0,2017-07-26 14:00:52,False,197.33511996366977,4.549433194682792,5.666666666666667,0.0338139466502309,0.0,0.0,0.562962962962963,1.0,0.4761904761904762,14.0,0.0
16e211ee2f867921ac38f802ff59f81ba15a818e,ignite,False,2015-05-13 19:50:33,ignite,,2,1,2,1,1,0.91829583405449,7.0,0.0,84.0,1160,1018.0,614.0,done,6992.0,,False,401.1279091534292,4.870772899474089,18.0,0.0448734670145205,0.0,0.0,0.8,1.0,0.625,17.0,0.0
32ce6a5f28510b994918834c1f276bde971ad9b0,ignite,False,2015-05-13 21:43:26,ignite,,9,4,1,1,1,0.0,9.0,0.0,54.0,491,491.0,397.0,done,1561.0,,False,642.546812270572,5.076745281686971,23.0,0.0357950573573382,0.0,0.0,0.7857142857142857,1.0,0.4545454545454545,15.0,0.0
05f1488dc63322c513fe743ac127a0cf3f163395,ignite,False,2015-05-13 22:05:40,ignite,,4,5,1,1,1,0.0,1.0,0.0,2.0,492,492.0,398.0,done,1089.0,,False,457.3718617613936,4.655791634320296,15.666666666666666,0.0316879159703264,0.3333333333333333,0.0,0.5917508417508417,1.0,0.3598484848484848,20.666666666666668,0.0
9ea2dbdd9c5d89e3da3950ac40bf2aa2a16e283b,ignite,False,2015-05-13 23:16:19,ignite,,4,1,1,1,1,0.0,4.0,0.0,11.0,493,493.0,399.0,done,344.0,,False,1402.299435691161,5.228125902950909,41.0,0.0292376927184542,3.0,0.0,0.8064516129032258,1.0,0.2222222222222222,27.0,0.0
ebc1a9832ccdba544ab7773e6aef0c5ba1531394,ignite,False,2015-05-14 00:41:50,ignite,,9,9,1,1,1,0.0,9.0,0.0,55.0,495,495.0,400.0,done,1566.0,,False,642.546812270572,5.076745281686971,23.0,0.0357950573573382,0.0,0.0,0.7857142857142857,1.0,0.4545454545454545,15.0,0.0
87e5a3f9f81f5c06abaca66dce33c9f83e632f4d,ignite,False,2015-05-14 00:56:08,ignite,,17,1,1,1,1,0.0,1.0,21.0,1.0,452,452.0,184.0,done,102.0,,False,471.80657508633374,4.320707258252142,17.0,0.0183169250913633,0.0,0.0,0.4130434782608695,0.0,0.0384615384615384,13.5,0.0
cfcd1d92d6521e29bb130cdae182593a4430b406,ignite,False,2015-05-14 02:12:07,ignite,,0,2,1,1,1,0.0,14.0,0.0,118.0,498,498.0,402.0,done,5432.0,,False,9146.836085383817,5.7094246701006615,265.0,0.0289717665787688,4.0,13.0,0.7,1.0,0.3846153846153846,23.0,0.0
2b57817a080fc436d81b2c88c2aa437617866ec1,ignite,False,2015-05-14 02:13:20,ignite,,0,2,1,1,1,0.0,14.0,0.0,118.0,498,498.0,402.0,done,5303.0,,False,9146.836085383817,5.7094246701006615,265.0,0.0289717665787688,4.0,13.0,0.7,1.0,0.3846153846153846,23.0,0.0
816da0a8d9fcbe3b4b9d06fa5a53e1de1698ee09,ignite,False,2015-05-14 19:18:34,ignite,,1,1,1,1,1,0.0,10.0,0.0,52.0,500,500.0,404.0,done,1331.0,,False,1149.6186624736197,4.9953799121031475,7.0,0.0060889756129551,0.0,0.0,0.4545454545454545,0.0,0.75,30.0,0.0
7c91389c4927c257d6af0ed54e7489a2d015588e,ignite,False,2015-05-14 19:42:39,ignite,,1,1,1,1,1,0.0,10.0,0.0,52.0,500,500.0,404.0,done,1331.0,,False,1149.6186624736197,4.9953799121031475,7.0,0.0060889756129551,0.0,0.0,0.4545454545454545,0.0,0.75,30.0,0.0
85a49ec836f7dda4bd42b692d736e5b161218159,ignite,False,2015-05-14 22:27:35,ignite,,0,2,1,1,1,0.0,9.0,0.0,58.0,505,505.0,409.0,done,1581.0,,False,155.41846816192586,3.864255184584663,17.0,0.1093821101253437,0.0,0.0,0.75,0.0,1.0,13.0,0.0
fce94eb2ad12139945728657da2ca5c3bdf93241,ignite,False,2015-05-14 23:58:47,ignite,,1,1,1,1,1,0.0,9.0,0.0,59.0,510,510.0,412.0,done,1582.0,,False,133.78294855911892,4.567230914979615,6.0,0.044848764843515,0.0,0.0,0.6666666666666666,1.0,0.6,20.0,0.0
9b993710956b75d72def6bfd1697307be718f6f1,ignite,False,2015-05-15 00:28:02,ignite,,1,3,2,2,1,0.811278124459133,3.0,2.0,12.5,1162,1014.5,615.0,done,415.0,,False,34.86917501586544,3.729446194905256,2.0,0.0573572503246779,0.0,0.0,0.5,1.0,0.0,9.0,0.0
7099c560b9fbb2f9029548fc0ea8830a18d37fc9,ignite,False,2015-05-15 15:44:50,ignite,,2,1,1,1,1,0.0,9.0,0.0,61.0,512,512.0,414.0,done,1579.0,,False,2136.7959656469097,5.217269290083443,64.0,0.0299513856394913,1.0,1.0,0.6296296296296297,0.0,0.7083333333333334,14.0,0.0074074074074074
784c088ec9a3c4fdfde30637e374018ea883e2b9,ignite,False,2015-05-15 19:37:34,ignite,,13,7,2,1,1,0.934068055375491,3.5,21.5,5.5,514,514.0,415.0,done,1231.0,,False,1097.9144034823812,5.233755778214806,12.75,0.0141598870568073,0.25,0.0,0.5862591260760597,0.0,0.5762820512820512,23.75,0.0
63fc5e7b91ff9ad440d1c49606cd432593c67dd7,ignite,False,2015-05-15 19:48:49,ignite,,0,3,1,1,1,0.0,7.0,35.0,14.0,515,515.0,416.0,done,1082.0,,False,448.9510766229023,4.53491135240986,13.0,0.0289563845080594,1.0,0.0,0.1,0.0,0.4,22.0,0.0
980dd47254f68becc69938f9420f23079fef584c,ignite,False,2015-05-15 20:00:48,ignite,,6,5,1,1,1,0.0,7.0,0.0,15.0,516,516.0,417.0,done,1079.0,,False,451.37690549115706,4.643869792140996,12.0,0.0265853211673344,1.0,0.0,0.1111111111111111,0.0,0.4,22.0,0.0
ccc854af4bd073f39796a32dd597c795f45bc47d,ignite,False,2015-05-15 20:35:58,ignite,,37,39,1,1,1,0.0,9.0,0.0,63.0,521,521.0,422.0,done,1599.0,,False,1508.897167847835,5.249922184370259,55.0,0.0364504627432281,2.0,2.0,0.8571428571428571,0.0,0.5,21.0,0.0
6762cf9433725c58381a5629421982f473519738,ignite,False,2015-05-15 20:51:50,ignite,,2,12,1,1,1,0.0,18.0,0.0,93.0,522,522.0,423.0,done,1803.0,,False,268.456349173424,4.708935466504963,11.5,0.0430599860465866,1.0,0.0,0.8166666666666667,2.0,0.2,22.0,0.0
4937822ab437288a189505736d89c1ba83670a97,ignite,False,2015-05-15 21:32:59,ignite,,2,2,2,2,1,1.0,4.5,25.5,29.0,2066,1856.5,1434.0,done,888.0,,False,937.6921323452594,4.726344344706078,17.0,0.0135368379021794,0.0,0.0,0.5367965367965368,2.5,0.1785714285714285,22.5,0.0
e4b530b0c50bf82e4593860cfda078743ce75783,ignite,False,2015-05-15 22:28:52,ignite,,2,0,1,1,1,0.0,14.0,0.0,81.0,524,524.0,425.0,done,158.0,,False,1785.449002193093,3.7816056004059537,91.0,0.0509675716798538,0.0,0.0,1.0,0.0,0.5,11.0,0.0
8fcc700fb7c17c4f9579aba883feefdf744c21f5,ignite,False,2015-05-15 22:29:46,ignite,,2,1,1,1,1,0.0,4.0,14.0,13.0,525,525.0,426.0,done,191.0,,False,11.60964047443681,3.8073549220576055,0.0,0.0,0.0,0.0,0.0,0.0,0.0,8.0,0.0
ef6dd411994f2188217afe6e8d25fc8582e5a62e,ignite,False,2015-05-15 22:58:40,ignite,,9,0,1,1,1,0.0,10.0,1.0,55.0,2068,1858.5,1436.0,done,1337.0,,False,906.3699151844336,4.861574866379959,29.0,0.0319957663136898,1.0,0.0,0.6875,1.0,0.5,22.0,0.0
77ef2e99f827c5434728134603a0159c7bb66fce,ignite,False,2015-05-15 23:49:40,ignite,,1,1,1,1,1,0.0,9.0,21.0,42.0,2071,1861.0,1439.0,done,839.0,,False,2254.6054086016975,5.789541482725254,65.0,0.028829878502027,2.0,0.0,0.75,3.0,0.4193548387096774,27.0,0.0
ee40819088fe3724ad7e7cad66d501d7db237102,ignite,False,2015-05-15 23:53:28,ignite,,0,26,1,1,1,0.0,14.0,0.0,123.0,1167,1018.5,618.0,done,5301.0,,False,2505.381260158566,5.164984909604363,97.5,0.0394609738920799,0.0,0.0,0.7939876215738284,1.0,0.5431034482758621,19.5,0.0
994cb14cf0a3ad76e4294d52469cfa4f473a8df2,ignite,False,2015-05-15 23:56:32,ignite,,1,1,1,1,1,0.0,3.0,1.0,12.0,2072,1862.0,1440.0,done,120.0,,False,1276.6517027586767,3.76155613438972,49.0,0.0383816509186628,0.0,0.0,1.0,0.0,0.0,13.0,0.0
99863017d712a5b1a16e93478637180e9e7061ae,ignite,False,2015-05-16 00:08:18,ignite,,3,3,2,2,1,0.91829583405449,4.0,0.0,16.0,527,527.0,428.0,done,1250.0,,False,416.6471855372692,4.689863070754261,7.0,0.0118600158965846,0.6666666666666666,0.0,0.2869352869352869,0.0,0.2111111111111111,17.333333333333332,0.0
ac72c09a4af5358bf16e3d2dd93325c1230c5ebe,ignite,False,2015-05-16 01:02:02,ignite,,2,0,1,1,1,0.0,10.0,24.0,42.0,2074,1864.0,1441.0,done,628.0,,False,136.16184010614157,4.545765647518405,6.0,0.0440652094252167,0.0,0.0,0.8,1.0,0.3333333333333333,12.0,0.0
aaa742508f7d256d11df22005b1948eaff721cf4,ignite,False,2015-05-16 02:27:52,ignite,,1,1,1,1,1,0.0,9.0,0.0,66.0,531,531.0,432.0,done,1597.0,,False,149.33879237447786,4.36212000989075,6.0,0.0401771027112269,1.0,0.0,0.8333333333333334,0.0,0.6,22.0,0.0
1d8ae1612471731136e7b5c19d6cdfbd6b9b61bc,ignite,False,2015-05-16 02:52:51,ignite,,1,1,1,1,1,0.0,3.0,0.0,13.0,2077,1867.0,1442.0,done,120.0,,False,1302.5547807856644,3.7623340480012457,50.0,0.0383861014811533,0.0,0.0,1.0,0.0,0.0,13.0,0.0
6bd3bffebe741f628b044b8508551e7f87b88948,ignite,False,2015-05-18 04:14:20,ignite,,2,0,1,1,1,0.0,1.0,2.0,8.0,535,535.0,434.0,done,1155.0,,False,302.14829520647913,5.0326697200562185,7.0,0.0231674317249296,0.0,0.0,0.4444444444444444,0.0,0.2,22.0,0.0
dc315c0d22ade7a51936e97541896fa0b04760f2,ignite,True,2015-05-18 15:21:42,ignite,352.0,6,9,4,4,1,1.64022392894185,4.0,2.25,74.0,2081,1871.0,1445.0,done,4538.0,2016-05-05 06:55:44,False,869.2504900015662,4.595468824750753,24.333333333333332,0.0207160382931123,0.3333333333333333,0.0,0.4914529914529915,2.0,0.1782407407407407,21.333333333333332,0.0
69fcdf55c008a85ee4ad1f3828a04bd0fc6c419b,ignite,False,2015-05-18 16:20:50,ignite,,10,2,1,1,1,0.0,4.0,55.0,10.0,2082,1872.0,1446.0,done,191.0,,False,1002.6858465111842,5.544567715049109,12.0,0.0119678561752453,1.0,0.0,0.5882352941176471,0.0,0.1818181818181818,19.0,0.0
489323b0175f6eba897caf3f40f4f0fcb970df19,ignite,False,2015-05-18 18:54:41,ignite,,1,0,1,1,1,0.0,3.0,3.0,3.0,458,458.0,186.0,done,143.0,,False,2242.532049091929,3.8857254248884048,89.0,0.0396872811855861,0.0,0.0,1.0,0.0,0.0,13.0,0.0
f265cb68d108d5b3617f5d6f893f477ca2308bff,ignite,False,2015-05-18 23:14:23,ignite,,2,3,2,1,1,0.7219280948873621,6.5,0.0,56.0,542,542.0,440.0,done,2825.0,,False,908.4388867804952,4.807833574498577,34.5,0.0386629292091019,1.5,0.5,0.3653846153846153,0.5,0.717391304347826,13.5,0.0
0d8f73e52c87adf8e696926ce9015ff7bec498c2,ignite,False,2015-05-18 23:40:30,ignite,,0,7,1,1,1,0.0,9.0,0.0,70.0,543,543.0,441.0,done,1602.0,,False,1567.1274902938685,5.292372027131274,52.0,0.0331817291969327,0.0,0.0,0.72,1.0,0.64,16.0,0.0
ba7fddb004a840fdad66bc9fd127eafda27fee2f,ignite,False,2015-05-18 23:45:38,ignite,,7,4,2,1,1,0.994030211476956,6.5,22.0,22.5,263,263.0,191.0,done,2129.0,,False,114.4489595550095,4.5438877894905465,6.0,0.0524251161681912,0.0,0.0,0.5,2.0,0.3333333333333333,17.0,0.0
c3744ba8fc571f0ec385b1e3cd1f972973250cb5,ignite,False,2015-05-19 02:04:28,ignite,,4,2,1,1,1,0.0,13.0,0.0,54.0,546,546.0,444.0,done,1598.0,,False,211.77447664948076,4.036003947815303,8.0,0.0377760348015933,0.0,0.0,0.7142857142857143,1.0,0.0,16.0,0.0
f57b6f98585a85cf0147d75eaaf43d85b23b7e65,ignite,False,2015-05-19 09:21:16,ignite,,2,8,3,3,1,1.52192809488736,1.33333333333333,19.3333333333333,2.6666666666666696,1291,1176.5,764.0,done,46.0,,False,107.31275182609168,3.945296564618133,5.0,0.0465927852460896,0.0,0.0,1.0,0.0,0.0,9.0,0.0
b308321d880f540fbda759be9265161a8fd02689,ignite,False,2015-05-19 10:22:29,ignite,,39,5,1,1,1,0.0,2.0,0.0,5.0,1293,1178.5,766.0,done,1199.0,,False,458.31446668792927,4.852628520242559,17.333333333333332,0.0424939116470063,0.6666666666666666,0.0,0.5666666666666667,1.3333333333333333,0.3226190476190476,17.333333333333332,0.0
8972acdbfa28e45bcb0dfaf6feb13d548445976b,ignite,False,2015-05-19 18:06:11,ignite,,2,1,1,1,1,0.0,13.0,0.0,55.0,547,547.0,445.0,done,1600.0,,False,254.75441052116813,3.9892284544715153,9.0,0.0353281420391823,0.0,0.0,0.7142857142857143,1.0,0.0,19.0,0.0
a48dd2648d1c83bd2cb63309718e0212fbc0994b,ignite,False,2015-05-19 20:00:16,ignite,,4,3,1,1,1,0.0,3.0,0.0,3.0,548,548.0,446.0,done,189.0,,False,133.78294855911892,4.311638917385291,2.5,0.0186869853514646,0.0,0.0,0.2,0.0,0.1666666666666666,18.0,0.0
f9a4dd7f580abc3d66630531bb66c3bf4d75d1d8,ignite,False,2015-05-20 03:16:27,ignite,,9,2,3,2,1,0.8658566174572241,2.6666666666666696,6.33333333333333,9.66666666666667,961,863.0,700.0,done,1260.0,,False,2171.3291209500117,4.962807525907047,74.0,0.0341204983330857,1.5,6.0,0.9038901601830664,2.0,0.2916666666666666,20.0,0.0
632a01abe99ab9de6324e7c004c97476352a20af,ignite,False,2015-05-20 04:14:59,ignite,,1,6,1,1,1,0.0,10.0,0.0,59.0,2087,1877.0,1449.0,done,1428.0,,False,2047.6398231080232,5.27914448459136,1.0,0.0004883671379677,0.0,0.0,0.7027027027027027,1.0,0.5,22.0,0.0
c06fade997298d8d69c11da2112a923229440fc5,ignite,False,2015-05-20 15:18:16,ignite,,2,1,1,1,1,0.0,14.0,1.0,83.0,2089,1879.0,1450.0,done,162.0,,False,1679.9996320360558,3.773555879646788,90.0,0.0535714403049752,0.0,0.0,1.0,0.0,0.0,9.0,0.0
c35537de58a90d99ae3b90e3b9905bb54e798e66,ignite,False,2015-05-20 22:56:33,ignite,,3,4,1,1,1,0.0,5.0,22.0,11.0,552,552.0,450.0,done,428.0,,False,2743.5006843305546,4.878767543360871,86.0,0.030996639626333,0.0,0.0,0.5391304347826087,0.0,0.194331983805668,22.0,0.0
b20bd02c5bf1f7a665ac992be5d008ea8b93e33a,ignite,False,2015-05-21 00:06:48,ignite,,0,2,1,1,1,0.0,3.0,0.0,6.0,554,554.0,452.0,done,62.0,,False,395.9470498410969,3.7645704061461216,15.0,0.0378838534243906,0.0,0.0,1.0,0.0,0.0,13.0,0.0
3e18e6b0bef740cc80f40177b123e90c565caf5c,ignite,False,2015-05-21 02:59:56,ignite,,1,1,1,1,1,0.0,7.0,40.0,35.0,555,555.0,453.0,done,775.0,,False,127.43782540330756,4.232379610407518,4.0,0.0313878551155517,0.0,0.0,0.5714285714285714,1.0,0.5,19.0,0.0
2c28381ea9156f04e916e3fc616a928ef9686882,ignite,False,2015-05-21 08:56:28,ignite,,10,8,1,1,1,0.0,2.0,1.0,6.0,1296,1173.0,768.0,done,1233.0,,False,481.5056206927272,4.9561597883649675,16.0,0.0328168999186677,0.0,0.0,0.6785714285714286,1.0,0.3956043956043956,20.0,0.0
325185b69a686e86191911fe20591da8d5e3b3cd,ignite,True,2015-05-21 17:39:35,ignite,663.0,5,3,2,2,1,0.5435644431995961,1.5,24.0,2.5,1172,1019.0,619.0,done,117.0,2017-03-15 02:03:08,False,555.4588851677638,5.163681266926654,9.0,0.0162028193991023,1.0,0.0,0.4,0.0,0.2,22.0,0.0
3112c1df04d6024bb0cf0c8ab8f15bcb42be4968,ignite,False,2015-05-21 23:15:00,ignite,,5,3,2,1,1,1.0,4.5,1.5,41.5,558,558.0,456.0,done,1155.0,,False,31.69925001442312,3.845350936622435,3.0,0.0946394630357186,0.0,0.0,0.5,0.0,1.0,9.0,0.0
e0542b56e4529a7f3cd81394c145c40cfe4e533f,ignite,False,2015-05-22 13:42:42,ignite,,0,2,1,1,1,0.0,1.0,0.0,6.0,2099,1888.0,1458.0,done,913.0,,False,3303.1886577437076,5.853637428679922,64.0,0.0193752178973986,1.0,0.0,0.7857142857142857,2.0,0.3666666666666666,17.0,0.0
d3cb5c4e42632c6d9b92d9a84749f2732d00f6e5,ignite,False,2015-05-22 15:02:27,ignite,,12,4,1,1,1,0.0,20.0,6.0,308.0,2100,1889.0,1459.0,done,5675.0,,False,171.88721875540867,4.459872085079111,5.0,0.0323892998250178,0.0,0.0,0.3333333333333333,0.0,0.5,22.0,0.0
e47f85acae51f609e0bd1a1465c38d4a1bc96576,ignite,False,2015-05-22 16:02:07,ignite,,230,8,7,5,1,2.1731339141429498,2.42857142857143,10.4285714285714,34.8571428571429,1304,1174.5,773.0,done,289.0,,False,10.0,3.589898095464287,1.0,0.1,0.0,0.0,0.0,1.0,0.0,8.0,0.0
be24c395e67254a828c86e2701fb787dd5843ed7,ignite,False,2015-05-22 19:59:40,ignite,,2,1,1,1,1,0.0,17.0,23.0,243.0,734,676.5,480.0,done,1606.0,,False,138.3016990363956,4.332918760802453,4.0,0.0289222766449698,0.0,0.0,0.75,1.0,0.6666666666666666,21.0,0.0
f0b6b6e3d36b117e94e8e901bf77d350551cfe57,ignite,False,2015-05-22 19:59:53,ignite,,4,0,1,1,1,0.0,9.0,0.0,74.0,560,560.0,457.0,done,1599.0,,False,668.3509966828985,5.102342845694245,23.0,0.0344130555862886,0.0,0.0,0.7857142857142857,1.0,0.4166666666666667,15.0,0.0
b375aaa90f31dd3ef140e10f30343a5d8f8eed57,ignite,False,2015-05-22 21:57:11,ignite,,1,1,1,1,1,0.0,3.0,55.0,9.0,11,11.0,6.0,done,264.0,,False,165.0586500259616,4.674827372601839,6.0,0.0363507153309219,0.0,0.0,0.6666666666666666,0.0,0.5,15.0,0.0
c2734e4135c5bda3126c0ad865eb0c8e886c16ad,ignite,False,2015-05-22 22:00:42,ignite,,5,5,1,1,1,0.0,0.0,0.0,0.0,0,0.0,0.0,done,230.0,,False,286.62087871252675,4.627582217395704,9.0,0.0314003642736255,0.0,0.0,0.8,0.0,0.4,30.0,0.0
b1953276f49d85ba44c25eeec64263333bd73e7e,ignite,False,2015-05-22 22:43:56,ignite,,2,2,2,1,1,1.0,7.0,0.5,103.5,563,563.0,459.0,done,7014.0,,False,524.9086464835368,5.135762501486068,25.5,0.0483720534249295,0.0,0.0,0.8545454545454545,1.0,0.615546218487395,20.5,0.0
c9819825c0ef4bc66915a464fd6d79543b39a773,ignite,False,2015-05-22 23:05:47,ignite,,16,6,1,1,1,0.0,14.0,0.0,132.0,564,564.0,460.0,done,5409.0,,False,745.6808640676968,4.732971247827605,29.0,0.0388906319008975,0.0,0.0,0.7222222222222222,1.0,0.5,19.0,0.0
f2e0fc2252d604e0d8ebff14272554dd5e8188fb,ignite,False,2015-05-22 23:38:35,ignite,,1,1,1,1,1,0.0,7.0,1.0,36.0,565,565.0,461.0,done,775.0,,False,72.33974351909448,4.3629876431946295,2.0,0.0276473194775993,0.0,0.0,1.0,1.0,0.0,14.0,0.0
0ae75d8ca5c728c69e236d45952fa9398436961b,ignite,True,2015-05-23 01:33:20,ignite,1378.0,31,9,2,1,1,0.468995593589281,4.5,0.5,44.0,566,566.0,462.0,done,2762.0,2019-03-01 13:02:34,False,886.5518473705445,4.938578104842407,26.75,0.0266179687585075,0.25,0.75,0.5560185185185185,0.25,0.4247939560439561,16.5,0.0017985611510791
de60f7f9e343ba523c317363ed3d0c50e519bbd2,ignite,False,2015-05-23 01:42:02,ignite,,48,46,17,6,1,3.61393924980826,1.29411764705882,6.882352941176469,71.52941176470591,2104,1893.0,1461.0,done,16238.0,,False,336.1036108870276,4.314389449117986,10.6,0.059558513477021,0.2,0.0,0.5161122766122765,0.8,0.4309495339495339,15.92,0.0
7ec45f9b32b80ee5ff7bd00b8ae463caaac6e897,ignite,False,2015-05-23 21:20:21,ignite,,5,6,3,3,1,1.34858789601242,3.3333333333333304,1.6666666666666698,26.0,2105,1894.0,1462.0,done,1469.0,,False,3058.356693562124,5.08187587860182,76.33333333333333,0.0267774692035095,1.6666666666666667,3.0,0.554265565875473,1.6666666666666667,0.1527777777777778,20.0,0.0
6a73b5ade2ef006a44c1f7c936fc3e13776d69f3,ignite,True,2015-05-25 03:17:04,ignite,235.0,13,13,1,1,1,0.0,15.0,2.0,86.0,568,568.0,464.0,done,2589.0,2016-01-15 12:15:02,False,4390.952063448803,5.92079044243443,30.0,0.0068322312716019,0.0,1.0,0.6714285714285714,0.0,0.4210526315789473,27.0,0.0
4b790a8fdd109daf67b38fcd5b032951b2b785e6,ignite,False,2015-05-25 04:51:24,ignite,,1,1,1,1,1,0.0,7.0,9.0,19.0,571,571.0,467.0,done,1069.0,,False,401.54359184795527,5.038113070405712,9.0,0.0224135067343021,1.0,0.0,0.3846153846153846,0.0,0.3333333333333333,22.0,0.0
9480e8deccfd80d7518f633efdb825d72b47227c,ignite,False,2015-05-25 05:00:39,ignite,,2,1,1,1,1,0.0,1.0,27.0,4.0,572,572.0,468.0,done,56.0,,False,106.27403387250882,4.523051306072045,4.0,0.0376385449412655,0.0,0.0,0.6666666666666666,1.0,0.0,20.0,0.0
f0b980cb500a77617cfe42fe166ada086d7464af,ignite,False,2015-05-25 15:53:44,ignite,,35,18,7,5,1,2.52256600099335,1.0,0.857142857142857,4.57142857142857,1312,1176.0,778.0,done,1998.0,,False,119.58248756271492,4.348360466727798,6.142857142857143,0.0716684821683921,0.0,0.0,0.7142857142857143,1.4285714285714286,0.1523809523809523,14.142857142857142,0.0
3dd778209c9341a2ffabcced703e31b9a1ae8705,ignite,False,2015-05-26 00:32:55,ignite,,56,53,1,1,1,0.0,7.0,0.0,15.0,579,579.0,474.0,done,500.0,,False,1761.3994932228602,5.432155562132659,16.0,0.0090836860471241,0.0,3.0,0.6363636363636364,3.0,0.5454545454545454,24.0,0.0
092e8c7d3fe6ce22b6a758a7db86224ddd0d22aa,ignite,False,2015-05-26 01:03:57,ignite,,5,1,1,1,1,0.0,16.0,6.0,167.0,581,581.0,476.0,done,2899.0,,False,596.0559466273846,4.361892830875142,17.0,0.0285208126790609,0.0,0.0,0.8571428571428571,1.0,0.6,23.0,0.0
daac03eedbd47f615af06285e8ad6934a5586729,ignite,False,2015-05-26 15:01:57,ignite,,13,6,1,1,1,0.0,1.0,0.0,4.0,13,13.0,10.0,done,116.0,,False,1654.4071792103318,5.289363254833073,45.0,0.0272000753898318,0.0,0.0,0.75,1.0,0.391304347826087,22.0,0.0
639ee0249426dbecab433b54281e1fc693ccc3f0,ignite,True,2015-05-26 15:40:25,ignite,27.0,13,12,6,6,1,1.73366068968819,3.0,2.3333333333333304,65.0,2113,1902.0,1468.0,done,9032.0,2015-06-23 14:29:49,False,1285.114266431758,4.843836624630737,41.333333333333336,0.0226870021343838,0.3333333333333333,0.0,0.520940170940171,2.0,0.2424242424242424,19.666666666666668,0.0
12aa8ab7fb107f5fa8067eb36cfc1aee930dbae9,ignite,False,2015-05-26 18:22:35,ignite,,1,1,1,1,1,0.0,7.0,1.0,20.0,582,582.0,477.0,done,1069.0,,False,409.4573713977973,5.061224754474828,9.0,0.021980310109636,1.0,0.0,0.3846153846153846,0.0,0.3333333333333333,22.0,0.0
2ca18baa6144353f2b0991b1809e6cb634a5de97,ignite,False,2015-05-26 21:40:15,ignite,,1,1,1,1,1,0.0,9.0,1.0,21.0,586,586.0,481.0,done,280.0,,False,446.2476224742121,4.644790551866853,17.0,0.0380954410597053,1.0,0.0,0.7692307692307693,0.0,0.5,22.0,0.0
802f4cee727ed99b860e99c98573473763232646,ignite,True,2015-05-27 03:51:42,ignite,534.0,2,2,1,1,1,0.0,6.0,48.0,22.0,2117,1904.0,1471.0,done,476.0,2016-11-11 12:01:14,False,214.05271769459029,4.89858148834624,9.0,0.0420457170407953,0.0,0.0,1.0,1.0,0.3333333333333333,17.0,0.0
9f91e4dda0681aa0b7a9a47171a1836395ced969,ignite,False,2015-05-27 18:13:27,ignite,,3,1,1,1,1,0.0,7.0,0.0,44.0,2118,1904.5,1472.0,done,1345.0,,False,2613.5654855061025,4.893502944179612,67.0,0.0256354778066813,1.0,0.0,0.8360655737704918,3.0,0.4117647058823529,35.0,0.0
9bed1ffef6cdb4b69550e443637c61523733b0f5,ignite,False,2015-05-27 21:40:04,ignite,,27,33,2,1,1,0.210842300318532,1.0,0.0,7.0,278,278.0,168.0,done,350.0,,False,1873.04986122095,4.6796766570415,19.0,0.01014388372321,1.0,0.0,0.6052631578947368,3.0,0.4285714285714285,23.0,0.0
8deb57728022d79239602070bdd90857606d0942,ignite,False,2015-05-27 22:34:50,ignite,,1,1,1,1,1,0.0,2.0,0.0,10.0,280,280.0,170.0,done,349.0,,False,507.72714053326865,4.868856351284203,22.0,0.0433303604311821,1.0,1.0,0.7222222222222222,2.0,0.5,19.0,0.0
4117f686300ca138fcda4a5adbe6ee0c2fc48ff4,ignite,False,2015-05-27 23:17:53,ignite,,2,1,1,1,1,0.0,14.0,0.0,140.0,592,592.0,487.0,done,1873.0,,False,194.51316411045156,4.348593131887246,11.0,0.0565514424193614,0.0,0.0,0.8571428571428571,0.0,1.0,10.0,0.0
bb35c8814e092b420157a0119dd31104df6093db,ignite,False,2015-05-28 00:07:00,ignite,,1,1,1,1,1,0.0,16.0,0.0,113.0,593,593.0,488.0,done,2320.0,,False,3544.5835075278487,5.536791449006881,103.0,0.0290584210475652,1.0,0.0,0.9152542372881356,1.0,0.46875,26.0,0.0
982cb0ca1acd1e34f79a387f41d4b25e34e4faab,ignite,True,2015-05-28 00:25:36,ignite,841.0,8,5,3,1,1,1.1981839479118,4.66666666666667,0.0,48.3333333333333,595,595.0,490.0,done,6673.0,2017-09-15 13:49:07,False,3472.79503047511,4.525284052860764,103.5,0.023471991585836,1.5,3.5,0.5854166666666667,0.75,0.3955555555555555,20.0,0.0
92b2a57b040d49536be03e36d0fa69edc9e32771,ignite,False,2015-05-28 01:13:07,ignite,,2,3,3,3,1,1.52192809488736,5.66666666666667,0.0,97.0,1177,1012.5,621.0,done,2320.0,,False,1164.7633237736447,4.397813525606039,31.0,0.0266148490146178,1.0,1.0,1.0,1.0,0.2,17.0,0.0
c3bf803132c9d048f9f5236339eb71ed24d28625,ignite,False,2015-05-28 15:06:04,ignite,,12,8,1,1,1,0.0,4.0,5.0,33.0,2123,1904.5,1476.0,done,1023.0,,False,320.5101589987714,4.6638359015125,17.0,0.0530404404437775,0.0,0.0,1.0,1.0,0.7,17.0,0.0
0e192ef84def1cdfe121e1e132c0b9740341fb9c,ignite,True,2015-05-28 20:46:07,ignite,5.0,250,250,3,1,1,1.02093692366298,0.333333333333333,0.0,2.0,596,596.0,491.0,done,6451.0,2015-06-03 09:11:26,False,1109.6336850925693,4.691644434014076,37.275,0.0435433716936637,0.5625,0.6125,0.7479244298684836,0.7625,0.6208142387552746,18.7375,0.0
966276e11b593f09d8f211aa1d2e6e51671d6bf7,ignite,False,2015-05-28 20:46:07,ignite,,5,13,4,4,1,1.83659166810898,3.75,0.0,44.25,597,597.0,492.0,done,2206.0,,False,275.73910101699283,4.959618412928945,11.0,0.0441860836036531,0.0,0.0,0.9444444444444444,1.3333333333333333,0.5,15.333333333333334,0.0
a43522baa9eb93c500c65f92c047850e8a6cd37d,ignite,False,2015-05-28 21:50:04,ignite,,1,0,1,1,1,0.0,5.0,64.0,11.0,603,603.0,498.0,done,187.0,,False,305.0,4.5864973860090785,17.0,0.0557377049180327,0.0,0.0,0.8333333333333334,1.0,0.5,12.0,0.0
154bd9e318b1ed68c7894169800695df47649d75,ignite,False,2015-05-28 22:07:25,ignite,,6,1,3,3,1,1.37878349348618,1.6666666666666698,42.6666666666667,11.666666666666698,605,605.0,500.0,done,2135.0,,False,294.41154024449236,4.560075246259618,16.0,0.0536171665997305,0.0,0.0,0.9375,1.0,0.5,14.0,0.0
a02cb41ef75945f1f57cf960494705bde5439dc9,ignite,False,2015-05-28 23:10:09,ignite,,5,5,3,3,1,1.29546184423832,2.6666666666666696,47.6666666666667,13.666666666666698,608,608.0,503.0,done,503.0,,False,271.9065885164851,4.5175225402692005,15.0,0.055085906172414,0.0,0.0,0.8189033189033189,1.0,0.5194444444444444,16.0,0.0
0e7fc0a2a1b5f81a4fdc7012d9ee47cdd1c2c912,ignite,False,2015-05-28 23:13:10,ignite,,4,5,2,2,1,0.91829583405449,4.0,7.0,19.0,609,609.0,504.0,done,743.0,,False,173.3348052457735,4.309316396316936,5.0,0.0296591347835922,0.0,0.0,0.4772727272727273,1.0,0.0,18.0,0.0
7f98e291fe4b55957d7d26fe6e778dad23f5510d,ignite,False,2015-05-28 23:14:53,ignite,,1,0,1,1,1,0.0,9.0,43.0,19.0,610,610.0,505.0,done,724.0,,False,866.7055889074879,4.95603036468427,35.0,0.0403828017817661,0.0,0.0,0.9130434782608696,1.0,0.6666666666666666,14.0,0.0
110573bcbd6e4bee94c35cc912685e9225b602d4,ignite,False,2015-05-28 23:19:01,ignite,,2,0,1,1,1,0.0,3.0,73.0,7.0,611,611.0,506.0,done,76.0,,False,70.30835464468075,4.15954721332324,4.0,0.0568922430373304,0.0,0.0,1.0,1.0,0.0,16.0,0.0
a36214c77564372916cb345b1a08f8e095276832,ignite,False,2015-05-28 23:20:58,ignite,,11,9,2,1,1,0.970950594454669,1.0,0.0,9.5,1182,1017.0,623.0,done,359.0,,False,1000.656027138852,4.853502123102061,30.333333333333332,0.0340375829578466,1.0,0.3333333333333333,0.8209876543209876,1.3333333333333333,0.5029761904761905,22.666666666666668,0.0
1c04c8b454c5906bec83c0096e5157dec5ab4f85,ignite,False,2015-05-28 23:46:27,ignite,,46,45,4,1,1,1.17193788695491,0.75,1.0,8.5,283,283.0,172.0,done,359.0,,False,524.7563612910934,4.617366235998421,15.0,0.0395533258886161,0.3333333333333333,0.3333333333333333,0.7763157894736842,2.3333333333333335,0.3705128205128205,20.0,0.0
9cddb6fe669ef9f4ac6792a306a665fa2037f773,ignite,False,2015-05-28 23:58:49,ignite,,19,10,5,3,1,1.70890125262923,3.4,0.0,53.4,1183,1018.0,624.0,done,2696.0,,False,123.18989788986396,4.148321747364845,3.0,0.0243526462103418,0.0,0.0,0.5,0.0,1.0,28.0,0.0
3a0b5daf0e23b456f68a15b2faa7080af671fca2,ignite,False,2015-05-29 00:02:28,ignite,,36,13,4,1,1,1.60823741539067,0.75,5.0,8.0,285,285.0,173.0,done,377.0,,False,626.4680370649944,4.964011593278807,26.0,0.0415025164281487,1.0,1.0,0.7368421052631579,2.0,0.4615384615384615,19.0,0.0
73c519e4fae403c4592cfdf75158ad1df5cdf8c0,ignite,False,2015-05-29 00:12:59,ignite,,3,1,1,1,1,0.0,3.0,0.0,15.0,286,286.0,174.0,done,376.0,,False,640.984063642779,4.98922876735721,27.0,0.0421227321106178,1.0,1.0,0.7368421052631579,2.0,0.4615384615384615,19.0,0.0
bac7f79af721874e8d36a01471e0b0362c54e442,ignite,False,2015-05-29 01:01:49,ignite,,40,100,5,2,1,1.6153105362044298,0.6,0.6,8.6,287,287.0,175.0,done,1017.0,,False,1067.3368120921932,4.809664141666605,28.666666666666668,0.0387485930845798,0.4444444444444444,0.1111111111111111,0.7832303331567094,1.7777777777777777,0.4721153846153846,20.555555555555557,0.0
2799c3a69c2ddfb0b7c5f8f1c88808948fa40664,ignite,False,2015-05-29 01:26:44,ignite,,3,0,1,1,1,0.0,14.0,1.0,152.0,614,614.0,507.0,done,4902.0,,False,129.65784284662087,4.376098731327842,6.0,0.0462756426319518,0.0,0.0,0.75,1.0,0.5,16.0,0.0
2477c0ebd2e8003b58e3a83b4389d1118b30b5fc,ignite,False,2015-05-29 19:44:29,ignite,,2,2,1,1,1,0.0,1.0,0.0,17.0,618,618.0,511.0,done,1171.0,,False,397.45813824429,4.760376680598776,16.0,0.0402558117709641,2.0,0.0,0.6666666666666666,3.0,0.1428571428571428,24.0,0.0
ac258a5e06d3c8c9cca82b6883fc3af505a5e5dd,ignite,False,2015-05-29 19:47:00,ignite,,2,6,2,2,1,0.811278124459133,4.5,0.5,12.5,619,619.0,512.0,done,245.0,,False,204.32967235008783,4.3577243194658175,7.0,0.0342583625740199,0.0,0.0,0.6666666666666666,1.0,0.0,20.0,0.0
5df06682c517731b3811ca4d0daabaa504b732f3,ignite,False,2015-05-29 22:57:30,ignite,,18,12,1,1,1,0.0,1.0,31.0,3.0,849,849.0,616.0,done,297.0,,False,1362.0481979307017,5.461294514607034,41.0,0.0301017247864572,0.0,0.0,0.9444444444444444,7.0,0.2857142857142857,23.0,0.0
b3d8e1e13bfc0049de5832ca1291ed5511e3f191,ignite,False,2015-05-29 23:11:44,ignite,,1,1,1,1,1,0.0,1.0,15.0,1.0,622,622.0,514.0,done,81.0,,False,18.094737505048094,3.875,0.0,0.0,0.0,0.0,0.0,0.0,0.0,8.0,0.0
f499cfeaf140cf50355be775a79c186102833dfa,ignite,False,2015-05-30 02:07:10,ignite,,14,6,2,2,1,1.0,7.0,37.0,84.5,624,624.0,515.0,done,2684.0,,False,166.87213211613135,4.434322300504791,10.5,0.073756285625417,0.5,0.0,0.9375,0.0,0.8035714285714286,9.5,0.0
6c837c0783f04874157ac414f7161273c8c4d9f8,ignite,False,2015-05-30 05:43:25,ignite,,6,5,1,1,1,0.0,9.0,0.0,39.0,2130,1907.0,1482.0,done,1364.0,,False,1739.5947438791566,5.098523860111128,3.0,0.001724539586335,0.0,2.0,0.6585365853658537,1.0,0.6666666666666666,36.0,0.0
ab4c18caca9f3bd5dbc3174eb49ed79c1744a79d,ignite,False,2015-06-01 20:41:08,ignite,,12,10,1,1,1,0.0,9.0,2.0,40.0,625,625.0,516.0,done,1365.0,,False,1096.81736269875,5.025955072505337,21.75,0.0247169839015757,1.0,1.5,0.73130081300813,0.5,0.4083333333333332,24.25,0.0
faf2bd076828a83521866f260858504c1afdca5c,ignite,False,2015-06-01 22:49:19,ignite,,1,1,1,1,1,0.0,9.0,12.0,34.0,473,473.0,192.0,done,1498.0,,False,850.62854123278,5.051766891821686,27.0,0.0317412345003966,0.0,0.0,0.7272727272727273,4.0,0.2857142857142857,32.0,0.0
dce67896a81c6a2148e53284aef49e5c1aa4d3b7,ignite,False,2015-06-02 01:48:13,ignite,,3,1,1,1,1,0.0,9.0,0.0,41.0,628,628.0,518.0,done,1367.0,,False,62.907475208398566,4.000807235905091,3.0,0.0476890860754093,0.0,0.0,1.0,1.0,0.3333333333333333,19.0,0.0
bfae889766d92a126a5fc2938b196f83249cc097,ignite,False,2015-06-02 01:49:54,ignite,,24,12,1,1,1,0.0,16.0,4.0,116.0,629,629.0,519.0,done,2309.0,,False,3421.811981218077,5.370229322369286,76.0,0.0222104546997775,0.0,0.0,0.8222222222222222,1.0,0.5,22.0,0.0
541b1e0f67089c3e6038ef787fd145977c84084b,ignite,False,2015-06-02 02:49:06,ignite,,1,1,1,1,1,0.0,16.0,0.0,117.0,631,631.0,521.0,done,2309.0,,False,1144.632306149637,4.452090102781444,29.0,0.0253356469533447,1.0,1.0,1.0,1.0,0.2,25.0,0.0
d0157d4ef6091105245aee8d2e6698028ce3b95f,ignite,False,2015-06-02 07:18:40,ignite,,1,1,1,1,1,0.0,9.0,0.0,42.0,978,846.5,711.0,done,1367.0,,False,563.4033195178154,5.03751173234506,14.0,0.0248489838717702,0.0,0.0,0.6111111111111112,1.0,0.5555555555555556,24.0,0.0
3c1f0caae8266cf65079f345f95063bea5d5e2a8,ignite,True,2015-06-02 16:30:29,ignite,1134.0,5,3,2,2,1,1.0,7.5,9.0,50.0,2139,1909.0,1489.0,done,3530.0,2018-07-11 14:09:05,True,1348.930633618709,4.456167397269044,0.6666666666666666,0.0081256515812639,0.0,0.0,0.6368563685636857,0.0,0.3333333333333333,23.0,0.0
6ed4ecaa459492e3caa983b9d3889bef8855e516,ignite,False,2015-06-02 16:58:52,ignite,,1,1,1,1,1,0.0,9.0,0.0,37.0,2141,1911.0,1491.0,done,120.0,,False,1050.92487995207,3.745468991364916,56.0,0.0532863966476405,0.0,0.0,1.0,0.0,0.0,9.0,0.0
4f3788d58157f97c097bbdbf517fadf142a31662,ignite,False,2015-06-02 17:30:27,ignite,,5,7,1,1,1,0.0,14.0,14.0,45.0,5,5.0,3.0,done,2129.0,,False,98.83615201443818,4.540839709791879,5.0,0.0619650946733673,0.0,0.0,0.1666666666666666,2.0,0.2,19.5,0.0
4d5f603ff69f33f84fa1f2f07d888b4fc4d4dde2,ignite,False,2015-06-02 17:45:03,ignite,,9,1,2,2,1,0.881290899230693,5.0,2.0,33.0,855,855.0,622.0,done,42.0,,False,225.6211064707724,4.675565960312476,5.0,0.0221610472451419,0.0,0.0,0.5,0.0,0.6666666666666666,18.0,0.0
50d14032c3b43433aa39a59ff7170ac547058a37,ignite,False,2015-06-02 18:02:19,ignite,,12,11,4,3,1,1.56452472079745,3.75,1.25,46.25,856,856.0,623.0,done,3115.0,,False,1918.9412227372063,5.089264063238211,69.5,0.0321170847285453,1.0,5.0,0.609375,2.0,0.3629032258064516,21.5,0.0
8a9cd822631ebf7be676b6fc076a4c1ed3874690,ignite,False,2015-06-02 18:04:06,ignite,,4,0,1,1,1,0.0,1.0,0.0,2.0,857,857.0,624.0,done,218.0,,False,388.3466359948253,4.55012461016796,25.0,0.0643754771712072,0.0,0.0,1.0,0.0,0.8461538461538461,13.0,0.0
3ebb1c03ad8b13714f85d7a464a126f4ca931347,ignite,True,2015-06-02 18:49:02,ignite,20.0,8,5,1,1,1,0.0,14.0,6.0,151.0,2145,1915.0,1493.0,done,2862.0,2015-06-23 07:52:47,False,3374.126649602765,5.433328257186245,107.0,0.0317119098100828,1.0,0.0,0.6461538461538462,3.0,0.1818181818181818,26.0,0.0
c6b5817a955202b0bfd308066dcccbd199fead13,ignite,False,2015-06-02 19:00:02,ignite,,1,1,1,1,1,0.0,14.0,0.0,153.0,632,632.0,522.0,done,1930.0,,False,380.386192327884,5.253748949759067,16.0,0.0420625152087759,0.0,0.0,1.0,3.0,0.4545454545454545,24.0,0.0
1dbdd4252e42b040fa711db673ab98660894c81a,ignite,False,2015-06-02 19:01:16,ignite,,1,1,1,1,1,0.0,14.0,0.0,154.0,633,633.0,523.0,done,1930.0,,False,380.386192327884,5.253748949759067,16.0,0.0420625152087759,0.0,0.0,1.0,3.0,0.4545454545454545,24.0,0.0
39ce1cbfe190a709c6a2711e42160727fb01ce02,ignite,False,2015-06-02 20:37:42,ignite,,15,0,3,2,1,1.28669266835475,3.0,51.3333333333333,6.66666666666667,2147,1917.0,1495.0,done,973.0,,False,612.2759048861403,4.668216435964744,28.666666666666668,0.0472624885352073,0.0,0.0,0.8863061353573688,1.0,0.3659147869674186,11.333333333333334,0.0
d6f9b647ab92d822aebbef06315ccb0af41f8238,ignite,False,2015-06-02 21:39:12,ignite,,1,2,2,2,1,0.91829583405449,9.0,2.5,77.0,2148,1918.0,1496.0,done,541.0,,False,22.458839376460833,3.681880802803402,1.0,0.0445258983885027,0.0,0.0,1.0,1.0,0.0,7.0,0.0
82cfb47cd652895d517dae50d670f13f7fcb9065,ignite,False,2015-06-02 22:03:21,ignite,,6,3,1,1,1,0.0,8.0,10.0,22.0,2150,1920.0,1498.0,done,589.0,,False,468.8508029066055,4.995054014636918,12.0,0.0255944960008746,0.0,0.0,0.8888888888888888,1.0,0.625,23.0,0.0
adc7b234708cb53a026fcf488fa2aaa03bac02fc,ignite,False,2015-06-02 22:23:32,ignite,,2,5,1,1,1,0.0,11.0,14.0,20.0,1188,1011.0,626.0,done,202.0,,False,1475.0846950734422,4.831642537707244,50.0,0.0338963587426487,1.0,0.0,0.9736842105263158,1.0,0.3076923076923077,19.0,0.0
11c0b904a934c31ac936a8793cd11bf34af7634b,ignite,False,2015-06-03 16:26:49,ignite,,8,1,1,1,1,0.0,14.0,1.0,58.0,1267,1159.0,613.0,done,1790.0,,False,225.94568133670737,4.966916512311487,9.0,0.0398325825337996,1.0,0.0,1.0,1.0,0.2857142857142857,18.0,0.0
51d4737ab70a2962ec8ef3f300317e1223d52ab3,ignite,False,2015-06-04 02:17:27,ignite,,9,5,1,1,1,0.0,14.0,0.0,59.0,1271,1161.0,617.0,done,1797.0,,False,277.434993381665,5.03349444274768,10.0,0.0360444797468035,1.0,0.0,1.0,1.0,0.2857142857142857,18.0,0.0
bd3abbc277d1dcfea7bad21ec1748ed5672ef22e,ignite,False,2015-06-04 10:54:31,ignite,,0,3,1,1,1,0.0,11.0,12.0,111.0,983,848.5,714.0,done,1911.0,,False,1051.4265260183165,5.379659847548602,40.0,0.038043552269389,0.0,0.0,0.6842105263157895,7.0,0.1666666666666666,25.0,0.0
46eab5b67f1f10260b27a1eb0474904982aa3725,ignite,False,2015-06-04 12:02:02,ignite,,2,2,2,2,1,1.0,2.0,28.0,9.5,1272,1162.0,618.0,done,177.0,,False,1602.7775658098735,5.369537272951609,60.0,0.0374350136163045,1.0,0.0,0.7407407407407407,1.0,0.2857142857142857,28.0,0.0
7501025d815a61ef881d86fa326bc6e17064ec0e,ignite,False,2015-06-04 17:01:15,ignite,,3,0,1,1,1,0.0,16.0,0.0,173.0,2164,1932.5,1504.0,done,2899.0,,False,10682.254841390204,6.013831260202091,183.0,0.0171312145906625,1.0,3.0,0.6,10.0,0.4385964912280701,27.0,0.0
bf3203a42fbd92e5960c29f672351d20cd756897,ignite,False,2015-06-04 17:50:16,ignite,,7,7,1,1,1,0.0,1.0,1.0,1.0,1276,1165.5,619.0,done,104.0,,False,1059.0636908825852,4.794465655491058,25.0,0.0236057568730034,0.0,0.0,0.5,0.0,0.0,30.0,0.0
2b443d9096c4bc434bd99b2c675bbcbf7e65f236,ignite,False,2015-06-04 19:12:15,ignite,,1,1,1,1,1,0.0,7.0,37.0,30.0,1278,1166.5,620.0,done,401.0,,False,2311.3218377531257,5.440094252437207,69.0,0.0298530472359816,1.0,0.0,0.7297297297297297,3.0,0.1081081081081081,25.0,0.0
5f06f578e57001e964d823daebc3bc67b1a27675,ignite,False,2015-06-05 23:21:23,ignite,,2,0,1,1,1,0.0,1.0,1.0,1.0,2176,1939.0,1510.0,done,164.0,,False,953.2108035232258,5.399566849044724,20.0,0.0209817177124689,1.0,0.0,0.7,0.0,0.4285714285714285,23.0,0.0
12d9c02cf6443551cf903e6caac455201cfc0043,ignite,False,2015-06-06 01:37:23,ignite,,22,13,1,1,1,0.0,3.0,0.0,4.0,19,19.0,16.0,done,250.0,,False,928.4957174302816,5.193543620505749,31.0,0.0333873376236952,2.0,0.0,1.0,0.0,0.625,25.0,0.0
730ef104ad8938c88793c374abd2396cf8899f17,ignite,False,2015-06-08 16:19:46,ignite,,2,2,1,1,1,0.0,1.0,2.0,3.0,2180,1941.5,1512.0,done,369.0,,False,57.11032383086406,4.09835530272592,3.0,0.0525299070074387,0.0,0.0,0.5,1.0,0.5,8.0,0.0
0fa2853e060fee7c9c8c8484be412e91d30c52da,ignite,True,2015-06-08 22:31:31,ignite,1185.0,26,14,1,1,1,0.0,8.0,16.0,19.0,2188,1949.5,1518.0,done,557.0,2018-09-06 13:30:00,False,1930.5364637415328,5.375542765555431,63.5,0.0344392208594474,0.5,0.0,0.8292207792207792,2.5,0.4199604743083004,24.5,0.0
d0e472987969cec87995dbb36887326b56bd7535,ignite,False,2015-06-09 07:11:28,ignite,,32,22,1,1,1,0.0,14.0,6.0,155.0,56,56.0,21.0,done,1930.0,,False,675.8946136384575,5.201539975059184,29.0,0.0429060972151974,0.0,0.0,0.875,2.0,0.5882352941176471,28.0,0.0
2c3acf0e7747fee9bc565b74670e43d9858c5387,ignite,False,2015-06-09 08:27:31,ignite,,3,6,3,3,1,1.43552050428267,1.33333333333333,5.33333333333333,6.0,991,845.0,717.0,done,374.0,,False,937.9074167789086,5.1952352277925185,28.5,0.0311471274110756,0.5,0.0,0.9337606837606838,4.0,0.4155844155844155,20.0,0.0
224cbcb1fbd283a3015b73fecfbf364cc2670ff1,ignite,False,2015-06-09 09:41:33,ignite,,3,4,3,3,2,1.37878349348618,3.3333333333333304,10.6666666666667,20.6666666666667,992,846.0,1.55001762914767,done,1202.0,,False,407.13118980497785,5.102165231290575,14.5,0.0370384993148972,0.5,0.0,0.53125,4.0,0.2083333333333333,18.5,0.0
7e8f6485a61c7dbdb6cc167cccc5777366f274e6,ignite,False,2015-06-09 09:59:00,ignite,,20,20,1,1,1,0.0,5.0,14.0,31.0,993,847.0,719.0,done,752.0,,False,1438.2150871409558,4.6727635475824645,41.0,0.0352520348176339,0.5,0.0,0.4705882352941176,5.5,0.5227743271221532,17.0,0.0
ea12580dabd60dc0c2b1a0e86d7112b409366ba7,ignite,False,2015-06-09 12:15:41,ignite,,7,7,4,3,1,1.66449777920046,1.5,0.0,6.75,1281,1158.0,622.0,done,559.0,,False,712.6941709207258,4.586714867777362,24.25,0.0435658650726041,0.5,0.0,0.5503571428571429,3.0,0.0795454545454545,22.0,0.0
8740b6e76107eeb2885e9454f670044edf11e619,ignite,False,2015-06-09 14:20:23,ignite,,24,12,3,2,1,1.49887214687807,1.33333333333333,0.0,4.0,1283,1159.5,623.0,done,421.0,,False,116.3006010441912,3.845439588816936,4.714285714285714,0.1180166413739107,0.1428571428571428,0.0,0.183673469387755,1.1428571428571428,0.5918367346938774,13.571428571428571,0.0
e7d8b5abf922a69edd7a4a17d15a6d4ded8075b8,ignite,False,2015-06-09 17:35:46,ignite,,1,1,1,1,1,0.0,16.0,4.0,175.0,2192,1952.5,1522.0,done,2898.0,,False,1439.357108119455,5.006484873760946,30.0,0.020842638585497,1.0,0.0,0.7692307692307693,1.0,0.5882352941176471,30.0,0.0
410c1d7941fd0283bc6c419e3fc54bce89f59e3f,ignite,False,2015-06-09 17:43:52,ignite,,5,2,1,1,1,0.0,7.0,13.0,21.0,2193,1953.5,1523.0,done,1069.0,,False,514.324992443336,4.801565644204412,14.0,0.0272201433056792,1.0,0.0,0.2307692307692307,0.0,0.4285714285714285,22.0,0.0
9fca6b5005a6f5ddd16af936c6445748b398ed39,ignite,False,2015-06-09 20:42:49,ignite,,16,4,1,1,1,0.0,1.0,10.0,3.0,50,50.0,33.0,done,396.0,,False,783.9686461957306,4.90285920704223,20.5,0.0378944753088487,0.5,0.0,0.7441471571906355,0.5,0.3526315789473684,16.5,0.0
b38c2eba30324d15f49b2074880101cc9f079654,ignite,True,2015-06-10 07:11:36,ignite,890.0,24,18,3,3,1,0.981353954367669,4.33333333333333,2.3333333333333304,31.6666666666667,750,668.0,491.0,done,1559.0,2017-11-16 09:45:11,False,1498.0922934850516,4.945629408826414,44.25,0.0330232710671112,0.75,0.75,0.8150641025641026,0.75,0.1729166666666666,21.25,0.0
928be42cf309293a3cd9947b8614eb1bc045ddef,ignite,False,2015-06-10 15:40:22,ignite,,0,4,1,1,1,0.0,3.0,48.0,11.0,1324,1148.5,782.0,done,224.0,,False,55.35090589819676,3.8431390622295662,2.0,0.0361331032897359,0.0,0.0,0.5,0.0,1.0,10.0,0.0
eeae5b7c047da373f1f2b167b42e34418b450c2b,ignite,False,2015-06-10 19:23:15,ignite,,3,3,1,1,1,0.0,2.0,4.0,11.0,1190,1000.0,628.0,done,4733.0,,False,401.1279091534292,4.870772899474089,18.0,0.0448734670145205,0.0,0.0,0.8,1.0,0.625,17.0,0.0
2b056f0bfea7efced660ccb47e7dfd5968e137d8,ignite,False,2015-06-10 20:04:03,ignite,,16,16,1,1,1,0.0,3.0,78.0,9.0,1191,1001.0,84.0,done,125.0,,False,1379.122229183516,4.881336874783015,35.0,0.0253784612120429,0.0,0.0,0.8823529411764706,1.0,0.625,17.0,0.0
46e6c48ee59a3837c06564d2431caabc55cf9a63,ignite,False,2015-06-10 21:33:01,ignite,,12,0,1,1,1,0.0,2.0,0.0,20.0,2199,1958.5,1526.0,done,1292.0,,True,765.7896447474557,4.521438412938906,31.0,0.0404810906136283,1.0,0.0,0.3571428571428571,2.0,0.375,22.0,0.0
addc91b6518c4982d3410e3989b7d43c4db6e0c1,ignite,False,2015-06-10 22:38:21,ignite,,4,1,1,1,1,0.0,8.0,1.0,33.0,2202,1961.5,1528.0,done,474.0,,False,526.8708813938489,4.682614142800404,18.0,0.0341639681289286,0.0,0.0,0.6363636363636364,1.0,0.7142857142857143,16.0,0.0
78ab7aa1a5f7255b43db129ae3f40093e076cc55,ignite,False,2015-06-10 23:00:05,ignite,,4,0,1,1,1,0.0,3.0,0.0,8.0,23,23.0,20.0,done,388.0,,False,636.6857250822118,4.806335314495177,25.0,0.039265840296281,0.0,0.0,0.8125,0.0,0.6,21.0,0.0
8879c2a812eb05dd9500dc25be6a07bee2bfa983,ignite,False,2015-06-10 23:40:06,ignite,,4,2,2,2,1,0.91829583405449,1.5,2.0,5.0,24,24.0,21.0,done,392.0,,False,129.26767504471167,4.549722013296169,6.0,0.0464153161099609,1.0,0.0,1.0,1.0,0.6,19.0,0.0
f149c8205191a5437bf6532807c2a1b275b67b88,ignite,False,2015-06-11 07:58:58,ignite,,2,1,1,1,1,0.0,3.0,5.0,6.0,998,847.0,722.0,done,408.0,,False,872.8391682740082,5.107242832328812,32.0,0.0366619661022754,0.0,0.0,0.5,1.0,0.4285714285714285,18.0,0.0
b5db5597c53261cc06470f44955eede0e6cde6d3,ignite,False,2015-06-11 15:21:15,ignite,,1,1,1,1,1,0.0,10.0,0.0,35.0,754,665.0,493.0,done,734.0,,False,523.0547900095398,4.522157891022667,15.0,0.0286776840333044,0.0,0.0,0.6842105263157895,1.0,0.8888888888888888,27.0,0.0
d340fe72a99deab268dc019f6eaf474702f408b8,ignite,False,2015-06-11 16:04:22,ignite,,20,6,1,1,1,0.0,9.0,0.0,58.0,756,667.0,494.0,done,1094.0,,False,2694.1274872112026,5.517422396937068,87.0,0.032690228988972,2.5,2.5,0.7456896551724138,2.5,0.2245098039215686,28.5,0.0
bc282e28f302d2a4f50d88995b82defc8a4035d0,ignite,True,2015-06-11 17:53:18,ignite,234.0,15,12,1,1,1,0.0,2.0,1.0,4.0,25,25.0,22.0,done,385.0,2016-02-01 04:34:59,False,804.3978442847335,4.937487160063345,33.5,0.0411266167602514,0.0,0.0,0.55,0.5,0.8474074074074074,13.0,0.0
4f500fdf65275ef066578578493212433075a201,ignite,False,2015-06-11 19:33:15,ignite,,4,1,1,1,1,0.0,5.0,0.0,7.0,54,54.0,35.0,done,133.0,,False,16.253496664211536,4.293660689688185,1.0,0.0615252225819132,0.0,0.0,0.0,1.0,0.0,15.0,0.0
1bd7f05104346618492b4fadeb8767f078f1c598,ignite,False,2015-06-11 21:10:10,ignite,,1,1,1,1,1,0.0,11.0,0.0,37.0,757,666.5,495.0,done,741.0,,False,523.0547900095398,4.522157891022667,15.0,0.0286776840333044,0.0,0.0,0.6842105263157895,1.0,0.8888888888888888,27.0,0.0
167f1afa273f3863b358c3fda6601eeefaed9183,ignite,True,2015-06-11 22:15:11,ignite,1462.0,1,2,1,1,1,0.0,1.0,2.0,2.0,27,27.0,24.0,done,362.0,2019-06-13 15:18:10,False,729.1041489995687,4.917657637121333,31.0,0.0425179311385571,0.0,0.0,0.5,0.0,0.4166666666666667,18.0,0.0
b02b8dd8eaeff33f96cc3f55ac35460e75c38d58,ignite,False,2015-06-11 22:31:36,ignite,,1,1,1,1,1,0.0,3.0,0.0,11.0,28,28.0,25.0,done,393.0,,False,1316.4041135133375,5.115720404175116,44.0,0.0334243865909601,1.0,0.0,0.7727272727272727,1.0,0.7,22.0,0.0
cf323242680056dbec7b1742e90a67e8fbb03e00,ignite,False,2015-06-12 00:21:50,ignite,,1,1,1,1,1,0.0,16.0,0.0,177.0,867,867.0,633.0,done,2898.0,,False,10673.83698887532,6.007796130892514,181.0,0.0169573509684141,1.0,3.0,0.5923076923076923,10.0,0.4385964912280701,27.0,0.0
c233aa260b35766495b23bc57c6ce55f0ddef3b3,ignite,False,2015-06-12 21:37:34,ignite,,3,2,2,2,1,0.970950594454669,4.5,0.0,9.0,81,81.0,67.0,done,1087.0,,False,712.2879939328132,4.4308157713387875,34.5,0.048332116296391,0.0,0.0,0.9705882352941176,1.0,0.4583333333333333,15.0,0.0
e158c90fe58082e00d97f26c5bb3ae450906fc6a,ignite,False,2015-06-12 23:11:27,ignite,,10,4,1,1,1,0.0,1.0,45.0,1.0,296,296.0,180.0,done,109.0,,False,264.60049444147546,4.991195323147826,6.5,0.0245306246907568,0.0,0.0,0.5277777777777778,0.0,0.6904761904761905,20.0,0.0
f4b112347c37ed2cb899e00e6d76acbbc664e54a,ignite,False,2015-06-16 16:36:49,ignite,,4,0,1,1,1,0.0,2.0,4.0,4.0,2219,1977.0,1536.0,done,271.0,,False,36.541209043760986,3.8110378683422774,0.0,0.0,0.0,0.0,0.0,0.0,0.0,8.0,0.0
22ec5cf2a50ac7719ddc25ed5feb7ca06c491931,ignite,False,2015-06-16 21:58:53,ignite,,11,3,1,1,1,0.0,1.0,18.0,1.0,2224,1982.0,1541.0,done,105.0,,False,530.5714375685099,4.968214031482258,18.0,0.0339256860159867,2.0,0.0,0.4375,0.0,0.3333333333333333,15.0,0.0
e602ca01e48fd43f4cc33b729078c105d84601f6,ignite,True,2015-06-18 02:15:45,ignite,908.0,17,18,2,1,1,0.512709142030877,5.5,0.0,52.5,776,682.0,505.0,done,1976.0,2017-12-12 17:07:07,False,1287.2331695734354,5.149979473475827,45.8,0.0387172483398677,1.2,1.0,0.7479179248935346,2.0,0.1757936507936507,24.6,0.0
ed43dfe1c7e9b7db3f6ef33a38dad9b28c41190c,ignite,False,2015-06-18 02:33:54,ignite,,1,1,1,1,1,0.0,1.0,0.0,2.0,777,683.0,506.0,done,419.0,,False,3221.307734704152,5.738175458501025,32.0,0.0099338537747431,2.0,2.0,0.5813953488372093,0.0,0.1363636363636363,33.0,0.0
fffc2ecc86628a9a25c6f855d89277d124711873,ignite,False,2015-06-18 14:57:39,ignite,,19,12,3,3,1,1.31836976988919,4.0,6.33333333333333,28.6666666666667,2234,1988.5,1547.0,done,2312.0,,False,780.6131723783594,5.01921037205552,20.2,0.0255549561953714,1.0,0.4,0.536984126984127,0.4,0.6398268398268397,23.4,0.0
cc20ef6adce9bdeea19d37f5817c0693e380cfa5,ignite,False,2015-06-18 16:30:20,ignite,,13,11,1,1,1,0.0,14.0,6.0,156.0,2235,1989.5,1548.0,done,5030.0,,False,900.6694754662925,5.0260149546398285,38.0,0.0421908380766726,1.0,0.0,0.3,2.0,0.2,26.0,0.0
d874b00dcb1687339adc34b6212e8cbc5b9ffe16,ignite,False,2015-06-18 17:07:04,ignite,,26,20,3,1,1,1.2799376545732,1.6666666666666698,49.6666666666667,4.33333333333333,2237,1991.5,1549.0,done,486.0,,False,103.80820946412418,4.236477916837819,3.5384615384615383,0.0316084707680679,0.0769230769230769,0.0769230769230769,0.8200872656755009,0.2307692307692307,0.894871794871795,13.461538461538462,0.0
e5fba8b3a04d982e9b4c1617be416a77880e78ef,ignite,False,2015-06-18 18:23:40,ignite,,2,0,1,1,1,0.0,5.0,1.0,8.0,50,50.0,25.0,done,60.0,,False,300.83057586185595,3.900526666688856,13.0,0.0432136925003584,0.0,0.0,1.0,0.0,0.5,13.0,0.0
ca81476d1ab66773815c7e3f91d61ea5b0651bb9,ignite,False,2015-06-18 20:21:34,ignite,,3,0,1,1,1,0.0,2.0,13.0,5.0,2239,1993.0,1551.0,done,139.0,,False,156.0801066523054,4.435870780422188,9.0,0.0576626976559479,0.0,0.0,0.8333333333333334,1.0,0.4,17.0,0.0
31cf8027216afca3d02461caa4f4245bdd8d0e73,ignite,False,2015-06-18 20:56:12,ignite,,8,2,1,1,1,0.0,4.0,0.0,18.0,1212,1016.5,637.0,done,4744.0,,False,9304.436399795644,5.661343014388649,306.0,0.0328875373909504,1.0,9.0,0.8392857142857143,0.0,0.5714285714285714,25.0,0.0
4f3292d5d8b29c04fcc1bf1fa9b88e5f19ceddfe,ignite,False,2015-06-18 21:19:03,ignite,,12,8,1,1,1,0.0,2.0,2.0,5.0,29,29.0,26.0,done,171.0,,False,664.6105375858176,5.0357686240846276,7.0,0.0105324842206494,0.0,0.0,0.4117647058823529,0.0,0.1666666666666666,23.0,0.0
edc9a1c4b13afb8ef36a961f4d5b252135b916b6,ignite,False,2015-06-18 22:31:57,ignite,,1,0,1,1,1,0.0,2.0,1.0,7.0,2242,1996.0,1553.0,done,316.0,,False,454.9534001269235,4.423843395143505,22.0,0.0483566009043177,0.0,0.0,1.0,1.0,0.625,18.0,0.0
6974a8e3d356a1e1b777064ae79cb0f67a50a077,ignite,False,2015-06-19 18:16:49,ignite,,2,1,1,1,1,0.0,10.0,0.0,26.0,2246,1999.0,1556.0,done,1305.0,,False,267.35288832599804,4.899206649736974,5.0,0.0187018738840151,0.0,0.0,0.8571428571428571,1.0,0.6,19.0,0.0
d699faa34d66b8e5f1487daf3386c4d677d8c1e5,ignite,False,2015-06-19 19:01:51,ignite,,41,3,1,1,1,0.0,2.0,22.0,4.0,2247,1999.0,1557.0,done,970.0,,False,1039.154925289905,4.224792795167029,33.0,0.0317565737282086,0.0,0.0,0.6190476190476191,0.0,0.0,21.0,0.0
895771a79d8acca3baf06c23bf3f82483ec62d6f,ignite,False,2015-06-19 19:06:05,ignite,,3,1,1,1,1,0.0,13.0,0.0,86.0,2248,2000.0,1558.0,done,3119.0,,False,1916.737214264425,5.761697741743291,33.0,0.0172167575995357,1.0,0.0,0.2972972972972973,0.0,0.4736842105263157,20.0,0.0
987d91e2804cace7acb846a7d61b0f5bdc1c3442,ignite,False,2015-06-20 00:23:38,ignite,,8,2,1,1,1,0.0,2.0,77.0,4.0,317,317.0,195.0,done,142.0,,False,368.0167946706389,4.724665497483428,14.0,0.0380417421235611,1.0,0.0,1.0,1.0,0.4285714285714285,15.0,0.0
e1b880030aae7ef9cfa6a812d17a97cf8055dfd5,ignite,False,2015-06-20 02:57:04,ignite,,5,2,1,1,1,0.0,13.0,0.0,88.0,1004,841.0,728.0,done,3116.0,,False,269.2118756352258,4.901669374631976,11.0,0.0408600102578857,0.0,0.0,0.5,2.0,0.4444444444444444,13.0,0.0
03dc03d42eeabedbb82862461b523421e49744b9,ignite,False,2015-06-20 03:32:23,ignite,,3,1,1,1,1,0.0,13.0,0.0,89.0,1005,842.0,729.0,done,3119.0,,False,331.93115279592064,4.872452752081973,11.0,0.0331394022746731,0.0,0.0,0.375,2.0,0.4444444444444444,14.0,0.0
08ea4ccf251afc9d485c5409c4b43539d01c62fb,ignite,False,2015-06-20 07:30:38,ignite,,0,10,2,2,1,0.468995593589281,8.0,14.5,98.5,1332,1129.0,787.0,done,3441.0,,False,1502.6970163674296,5.222966983163721,52.0,0.0346044474924846,0.0,0.0,0.7307692307692307,6.0,0.2941176470588235,24.0,0.0
6f5e676a2599a4e5441dc51f67763bdd10b2db24,ignite,True,2015-06-22 17:06:38,ignite,1347.0,23,22,1,1,1,0.0,2.0,3.0,12.0,2253,2003.5,1562.0,done,1664.0,2019-03-01 13:02:34,False,1285.4313647511024,5.00404337520295,44.2,0.0423993852423121,1.0,0.6,0.8493422519509476,0.6,0.5559803921568627,17.2,0.0
5b306e1a035c94be6dcb357635d07ce7eaba84c0,ignite,False,2015-06-22 23:17:44,ignite,,2,0,1,1,1,0.0,10.0,10.0,79.0,324,324.0,199.0,done,906.0,,False,173.9178331268546,4.65483306462549,7.0,0.0402488915262314,0.0,0.0,1.0,1.0,0.3333333333333333,18.0,0.0
12821b79d2304f3e9a435e6323c57bc71f85bd2d,ignite,False,2015-06-23 17:26:19,ignite,,7,1,3,3,1,1.5,2.3333333333333304,81.3333333333333,17.6666666666667,1292,1146.5,628.0,done,224.0,,False,560.1690158256268,4.924813217696057,18.0,0.0321331589064596,1.0,0.0,0.5294117647058824,2.0,0.25,24.0,0.0
36433bc3d96a67975ce99a0774e608ccf50c2a21,ignite,True,2015-06-23 19:31:34,ignite,770.0,1,1,1,1,1,0.0,13.0,26.0,59.0,2261,2011.5,1569.0,done,1601.0,2017-08-02 08:25:22,False,420.60075897674335,4.944164856878755,13.0,0.0309081705692281,2.0,1.0,0.2857142857142857,1.0,0.4285714285714285,33.0,0.0
4b5e89fa8246c36322b6f66af10379f6941091c6,ignite,False,2015-06-23 21:28:51,ignite,,2,2,1,1,1,0.0,6.0,11.0,27.0,788,689.0,512.0,done,737.0,,False,167.37179237410948,4.4710913577075,8.0,0.0477977793421629,0.0,0.0,0.8333333333333334,1.0,0.2,12.0,0.0
389bad8d1cac892b01c0a5e5e9479337410c1109,ignite,False,2015-06-25 10:47:42,ignite,,0,12,2,1,1,0.811278124459133,3.5,2.0,28.5,1335,1117.0,789.0,done,2366.0,,False,423.7997725931415,4.730381358840406,16.0,0.0394388971224519,0.5,0.0,0.7115384615384616,0.5,0.5,19.0,0.0
775edcb25354ca6f3682db67cca6ce0c312e4607,ignite,False,2015-06-26 00:54:57,ignite,,1,1,1,1,1,0.0,6.0,2.0,40.0,1297,1148.0,629.0,done,228.0,,False,560.1690158256268,4.966223486369619,18.0,0.0321331589064596,1.0,0.0,0.5294117647058824,2.0,0.25,24.0,0.0
d8c1cc2f0160e80226b5e3f02130fc91843633d3,ignite,False,2015-06-26 09:19:17,ignite,,0,2,1,1,1,0.0,7.0,0.0,30.0,1014,847.0,734.0,done,396.0,,False,3923.2153687141927,5.809375669573776,74.0,0.0188620794540405,3.0,0.0,0.5769230769230769,2.0,0.1666666666666666,23.0,0.0
01d842a5110587cf6df4a17217a0674e9bed391f,ignite,False,2015-06-26 18:29:17,ignite,,5,7,1,1,1,0.0,7.0,14.0,13.0,2270,2012.5,1574.0,done,431.0,,False,2032.7396378148148,5.034526879436376,59.25,0.0276652075434025,0.5,0.0,0.5526679841897233,0.0,0.2298582995951417,22.25,0.0
847ddf543d635144d8c33f4afc33e76d0de92143,ignite,False,2015-06-26 22:02:50,ignite,,3,1,1,1,1,0.0,9.0,3.0,45.0,2272,2012.0,1576.0,done,450.0,,False,1764.5985504125013,5.236137011399172,52.0,0.0294684589805676,1.0,1.0,0.6451612903225806,0.0,0.25,29.0,0.0
7c935a58ab6cc37ac062f1c37a2650504e9ef95c,ignite,False,2015-06-27 06:30:16,ignite,,2,2,1,1,1,0.0,16.0,6.0,183.0,1336,1110.5,790.0,done,2902.0,,False,66.41714012534482,4.426367488473227,1.0,0.0150563544005773,0.0,0.0,0.5,1.0,0.0,15.0,0.0
1d5cfbcc6ef79dd8da99dc46a2797952dbcf4eab,ignite,False,2015-06-29 23:50:49,ignite,,6,0,1,1,1,0.0,15.0,10.0,101.0,871,871.0,637.0,done,2670.0,,False,4711.97425694252,5.937386398868879,33.0,0.0070034338475806,0.0,1.0,0.6486486486486487,0.0,0.35,27.0,0.0
6929a0cbb382d4b924f127ed65b9fbbe4b232780,ignite,False,2015-06-30 03:08:37,ignite,,5,5,1,1,1,0.0,8.0,87.0,30.0,1223,1022.5,643.0,done,985.0,,False,1005.9565901532908,4.961866244743814,35.0,0.0347927538251591,0.0,0.0,0.6956521739130435,2.0,0.2222222222222222,23.0,0.0
68c21ac4c924caac6b6e4f7dd287ba1326f4fc11,ignite,False,2015-06-30 03:44:17,ignite,,8,2,1,1,1,0.0,8.0,18.0,9.0,1224,1023.5,644.0,done,736.0,,False,644.332306794606,4.683478427999544,25.0,0.0387998548829078,2.0,1.0,0.7272727272727273,0.0,0.5555555555555556,12.0,0.0
e0c53b8171add7bfed0249c67a8e743443b7593f,ignite,False,2015-07-01 16:06:20,ignite,,1,1,1,1,1,0.0,5.0,4.0,24.0,2280,2007.5,1580.0,done,4849.0,,False,9454.291575680789,5.7270883696409935,274.0,0.0289815474598655,4.0,13.0,0.7741935483870968,1.0,0.3725490196078431,23.0,0.0
7ea64e038fd7df6418ec98a18b3665014701587d,ignite,False,2015-07-02 16:03:00,ignite,,6,4,2,1,1,1.0,3.0,2.5,20.0,2281,2003.0,1581.0,done,6570.0,,False,134.68564023817436,4.561891158320073,8.0,0.0594026724918462,0.0,0.0,0.8333333333333334,2.0,0.3333333333333333,15.0,0.0
7030ee191f9e229c73a85cb48e01c8255a53a0cc,ignite,False,2015-07-02 20:05:50,ignite,,24,3,5,3,2,2.0588138903312,2.0,89.4,7.2,3,3.0,0.875,done,226.0,,False,224.84386551893053,4.601452746502069,10.0,0.0430241020616344,1.0,2.0,0.35,1.0,0.375,12.5,0.0
53143355dc713f2af3308f5ceef9fcc6e3d3d2a1,ignite,False,2015-07-02 22:38:10,ignite,,77,45,1,1,1,0.0,7.0,1.0,13.0,636,636.0,526.0,done,114.0,,False,1070.6410349838552,5.180857723099127,32.0,0.0298886358306662,0.0,0.0,0.7777777777777778,0.0,0.3636363636363636,15.0,0.0
251f0c88377b05821e9cfcb4a6ee6caa9026adb9,ignite,False,2015-07-03 23:51:24,ignite,,2,1,1,1,1,0.0,9.0,71.0,23.0,23,23.0,8.0,done,339.0,,False,460.4062072174471,5.216178518033684,17.0,0.0369239157368071,0.0,0.0,1.0,3.0,0.3333333333333333,22.0,0.0
2acacd98c99210ac97ac2841f37268348e55c946,ignite,False,2015-07-06 18:30:36,ignite,,20,11,1,1,1,0.0,3.0,19.0,5.0,278,278.0,199.0,done,217.0,,False,372.60285345449455,5.044104574004178,19.0,0.0509926314944886,0.0,0.0,0.4545454545454545,5.0,0.1666666666666666,17.0,0.0
459d7022f8685858eb01792f2c99db5f5efc8e9a,ignite,False,2015-07-09 01:39:09,ignite,,6,4,1,1,1,0.0,17.0,6.0,185.0,1233,1023.0,649.0,done,2902.0,,False,1022.4010246818708,4.9082550037518455,23.5,0.0248684580674922,0.5,0.0,0.8846153846153846,0.5,0.68125,21.5,0.0
a1ed65b1f28e44e7633d1d33ba12a4d2242dbc80,ignite,False,2015-07-09 17:27:35,ignite,,95,26,5,1,1,1.13937844778731,3.2,8.4,43.6,91,91.0,75.0,done,8958.0,,False,2972.794184254061,4.708301235540398,91.36363636363636,0.0248038333349636,0.8181818181818182,2.4545454545454546,0.6086409152143767,0.6363636363636364,0.4567538986419441,21.727272727272727,0.0020135638974631
546d5955a1fdb4a16c186242945d4a27ba13c52c,ignite,False,2015-07-09 19:14:10,ignite,,28,6,3,1,1,1.39512330658156,1.33333333333333,13.666666666666698,3.3333333333333304,59,59.0,30.0,done,569.0,,False,759.4067324170533,4.785333982943581,12.0,0.0183682370088291,0.0,0.5,0.6714285714285715,0.5,0.25,19.5,0.0161290322580645
bee6f6884ba0da9b9418842f7926d1dbd3ddd624,ignite,False,2015-07-09 21:05:01,ignite,,1,1,1,1,1,0.0,5.0,16.0,12.0,22,22.0,16.0,done,265.0,,False,165.0586500259616,4.674827372601839,6.0,0.0363507153309219,0.0,0.0,0.6666666666666666,0.0,0.5,15.0,0.0
f6279767ad499ca2540f493b93427f44c98d699d,ignite,False,2015-07-09 22:22:31,ignite,,3,7,3,2,2,1.36096404744368,2.3333333333333304,10.0,9.33333333333333,1238,1026.5,0.587298315640356,done,89.0,,False,66.60791492653966,4.110577243331642,3.0,0.0450396924045532,0.0,0.0,1.0,0.0,1.0,19.0,0.0
226b44ff2034a6a55022bc7d8c5819d2c193b948,ignite,False,2015-07-09 23:10:18,ignite,,27,58,4,1,1,1.53320104734151,1.5,0.0,15.75,94,94.0,77.0,done,7273.0,,False,2721.212794933897,5.239616037426411,85.16666666666667,0.0332025376278401,1.3333333333333333,2.5,0.7678155178155178,0.8333333333333334,0.4783111712117797,21.166666666666668,0.0
90580d8ff47b4f2a56b794c2a8596d0f9db28310,ignite,False,2015-07-10 03:18:10,ignite,,3,0,1,1,1,0.0,2.0,76.0,2.0,0,0.0,0.0,done,334.0,,False,2163.0143210536203,5.37718096671819,63.0,0.0291260207511304,0.0,0.0,0.7692307692307693,2.0,0.2777777777777778,25.0,0.0
3dcf89167d2c0a9b53baddf533653ad5bb8bd5a5,ignite,False,2015-07-10 16:42:17,ignite,,7,7,2,2,1,0.985228136034252,9.5,2.5,62.0,875,875.0,641.0,done,9611.0,,False,306.0686735317849,4.702086755607498,14.5,0.0448805509684456,0.5,0.0,0.9166666666666669,4.0,0.2071428571428571,16.5,0.0
208417597717fce72714bf778296f838074fa4bb,ignite,False,2015-07-10 16:47:45,ignite,,23,6,1,1,1,0.0,18.0,8.0,254.0,644,644.0,531.0,done,1673.0,,False,379.2315739937642,5.192962586126555,13.0,0.0347088132494476,0.0,0.0,0.4814814814814814,2.6666666666666665,0.2045454545454545,25.0,0.0
a747ca4f6215ca55a9daf95c073a4d7e7aa756a7,ignite,True,2015-07-10 22:24:47,ignite,1279.0,6,6,1,1,1,0.0,3.0,155.0,5.0,27,27.0,9.0,done,120.0,2019-01-10 13:38:00,False,59.10805657177929,4.1681732533634275,1.0,0.0189186111491721,0.0,0.0,0.5,0.0,1.0,10.666666666666666,0.0
dce50db493421bad94679b2e067389c1a79afb14,ignite,False,2015-07-13 19:06:36,ignite,,26,12,4,2,1,1.81294527625988,3.5,13.5,30.25,96,96.0,78.0,done,5723.0,,False,143.97861519202576,4.13854914901648,2.2,0.053962545568615,0.0,0.0,0.5636363636363637,1.0,0.5,17.0,0.0
e25d5b11cb08ba7fcb0a64721603de3f8c50aa28,ignite,False,2015-07-13 20:01:46,ignite,,16,6,3,2,1,1.49491884823395,5.0,0.666666666666667,33.6666666666667,97,97.0,79.0,done,7173.0,,False,838.2028380309612,5.12520254238009,24.0,0.0284467384171089,0.6666666666666666,0.0,0.624537037037037,1.3333333333333333,0.2481481481481481,24.666666666666668,0.0
f5a09f4d1b2e912b2de25ffc669ca205d34ad0ce,ignite,False,2015-07-14 17:39:29,ignite,,7,7,1,1,1,0.0,12.0,6.0,117.0,2288,2002.0,1586.0,done,1915.0,,False,172.21492229861397,4.3487841350192715,5.0,0.0328161542030001,0.0,0.0,0.2906565656565656,1.0,0.5555555555555555,21.166666666666668,0.0
322e5df8e28b5b1d36bf04afc25fd5845f3115b7,ignite,False,2015-07-14 23:45:53,ignite,,3,1,1,1,1,0.0,11.0,6.0,83.0,104,104.0,85.0,done,2082.0,,False,544.3497074644085,5.282731340433314,5.0,0.0091852717681986,0.0,0.0,0.8571428571428571,2.0,0.2,25.0,0.0
bdd176267f4085acce5ac3c51b5ac2787bd9ace7,ignite,False,2015-07-15 21:34:43,ignite,,6,6,1,1,1,0.0,6.0,68.0,16.0,2291,2004.5,1589.0,done,911.0,,False,2169.7931458908074,5.665428703493382,25.666666666666668,0.0122260721683333,1.0,0.0,0.6206349206349207,3.0,0.1145299145299145,19.0,0.0
d38a70d2c12c640624c70bd0cb5634bb65b6d041,ignite,True,2015-07-16 12:04:45,ignite,1127.0,13,11,2,1,1,0.413816850303634,5.0,115.5,12.0,1348,1071.0,795.0,done,385.0,2018-08-17 00:24:16,False,160.8901479466353,4.560106260911315,7.0,0.0476792538037023,0.0,0.0,1.0,0.5,0.6666666666666666,12.0,0.0
5c5581290aba6d2958aa410d1f126f77facc626c,ignite,False,2015-07-16 15:01:45,ignite,,18,18,4,2,1,1.23322478822022,3.75,1.25,54.5,113,113.0,89.0,done,8837.0,,False,1134.0258937917704,4.463669015230083,43.0,0.0800527360192447,0.5,0.8333333333333334,0.5920634920634921,1.0,0.4592818428184282,17.833333333333332,0.0
79ba5a7924b1ba5303a31b3c6a44ad3dc2ede9b4,ignite,False,2015-07-17 21:49:37,ignite,,4,4,3,2,1,1.5612781244591298,6.66666666666667,35.3333333333333,125.666666666667,66,66.0,27.0,done,5740.0,,False,2262.887313224762,5.68155438654044,28.0,0.0123735723985734,2.0,5.0,0.71875,5.0,0.1666666666666666,23.0,0.0
192fefc2382d479a62504517cf3ddc8d5188657c,ignite,False,2015-07-20 16:09:24,ignite,,32,25,4,3,1,0.9370009610270408,5.5,15.0,53.0,2296,2009.0,1593.0,done,11207.0,,False,492.77272247189416,4.597510525510114,11.5,0.0226646140533803,0.0,0.0,0.815,0.5,0.2125,17.5,0.0
ede961215ce3a596f7dcb90e82f48aa723d892bf,ignite,False,2015-07-20 17:06:04,ignite,,29,7,1,1,1,0.0,4.0,87.0,18.0,1304,1128.5,631.0,done,1742.0,,False,4588.993189292066,5.860366286984135,39.0,0.0082267331062287,0.0,2.0,0.6849358974358974,0.0,0.4,22.5,0.0
d623d7e4913998b29a3ba91e78e8409cd1d89d46,ignite,False,2015-07-20 20:42:52,ignite,,6,0,1,1,1,0.0,1.0,0.0,2.0,2300,2013.0,1596.0,done,221.0,,False,1055.4995191396524,5.310651751497617,6.0,0.0056845123007641,0.0,0.0,0.76,0.0,0.4,19.0,0.0
f62744e09e7afad550ddbf4a65e9db5cf883f8ee,ignite,False,2015-07-21 01:42:05,ignite,,2,2,1,1,1,0.0,1.0,0.0,2.0,879,879.0,645.0,done,178.0,,False,637.7557494445439,5.03876606679032,9.0,0.0141119856745134,1.0,0.0,0.3846153846153846,0.0,0.4285714285714285,19.0,0.0
9aa928c2c0e7fc0f88e347a15d8f404864e97ff2,ignite,True,2015-07-21 16:59:11,ignite,974.0,2,5,2,2,1,0.985228136034252,7.5,1.5,34.0,880,880.0,646.0,done,2108.0,2018-03-22 14:11:54,False,460.5945277405895,5.003266537567535,11.0,0.0274117824254869,0.5,0.0,0.396103896103896,1.0,0.2916666666666666,18.5,0.0
0bb26bb1d8823104012c764d890919b08a449462,ignite,False,2015-07-22 12:17:04,ignite,,3,7,2,1,1,0.7219280948873621,1.5,0.0,7.5,804,672.5,520.0,done,435.0,,False,749.2706610856711,4.646977410222962,25.5,0.0344525480583356,1.0,0.0,0.7524038461538461,0.5,0.5208333333333333,21.0,0.0
4b55407ee9c8beeacd3cc761fc1c4bd78b1c8c33,ignite,False,2015-07-22 15:27:46,ignite,,2,2,1,1,1,0.0,15.0,5.0,111.0,1247,1032.5,656.0,done,2711.0,,False,188.0175887256437,4.61363502202389,7.0,0.0372305593718385,0.0,0.0,0.5,4.0,0.4285714285714285,22.0,0.0
960164a559de97216ec34244f92b1a74d7ae4f29,ignite,False,2015-07-22 15:31:53,ignite,,1,2,1,1,1,0.0,15.0,0.0,112.0,1249,1034.5,657.0,done,2711.0,,False,176.46653521143952,4.606321529177303,7.0,0.0396675777172862,0.0,0.0,0.5,4.0,0.4285714285714285,22.0,0.0
f6b3b3d37a31dc69d7d9db8fb30a7379f8f042c0,ignite,False,2015-07-22 19:05:21,ignite,,11,3,1,1,1,0.0,6.0,0.0,40.0,354,354.0,221.0,done,4897.0,,False,10579.096966648218,5.7111679511121425,344.0,0.0325169531089939,1.0,12.0,0.85,0.0,0.5555555555555556,25.0,0.0
624ec83022f8d8c950d4cb393ebe961096e168c4,ignite,False,2015-07-23 00:41:06,ignite,,7,5,2,2,1,0.650022421648354,6.5,0.0,38.5,813,681.5,526.0,done,469.0,,False,2154.6803178732457,5.1115227388461335,57.0,0.026454040317341,1.0,0.0,0.6428571428571429,0.0,0.2727272727272727,28.0,0.0
8d063095c5b1ef1126737e5e01cd91d9832c5765,ignite,False,2015-07-23 02:15:58,ignite,,2,1,1,1,1,0.0,10.0,6.0,28.0,882,882.0,648.0,done,1306.0,,False,142.7018117963935,4.5662670316330685,2.0,0.0140152390135984,0.0,0.0,0.6666666666666666,0.0,0.6666666666666666,19.0,0.0
426479984f2f5fd972bacb3e063977a666a144ab,ignite,False,2015-07-23 02:30:17,ignite,,12,2,2,2,1,0.985228136034252,9.5,14.0,68.0,648,648.0,534.0,done,9064.0,,False,112.58797503894245,4.280997857497775,3.0,0.0266458296186812,0.0,0.0,0.3333333333333333,1.0,0.5,20.0,0.0
4092c0fdcbc63dbbd162151164e4b060851f9949,ignite,False,2015-07-23 02:31:46,ignite,,12,2,2,2,1,0.985228136034252,9.5,14.0,68.0,648,648.0,534.0,done,9101.0,,False,112.58797503894245,4.280997857497775,3.0,0.0266458296186812,0.0,0.0,0.3333333333333333,1.0,0.5,20.0,0.0
f49db319d7ff29259b46c4fb9850ac61c3394e83,ignite,False,2015-07-23 17:51:19,ignite,,3,0,1,1,1,0.0,13.0,0.0,102.0,357,357.0,223.0,done,3259.0,,False,2446.9183121427154,5.812605907730633,47.0,0.0192078336930026,1.0,0.0,0.3409090909090909,0.0,0.4545454545454545,20.0,0.0
65feef6d2d9bbe0ac19d1496f472c0ee06ef0b04,ignite,False,2015-07-23 22:06:06,ignite,,6,0,1,1,1,0.0,6.0,2.0,33.0,358,358.0,224.0,done,2405.0,,False,2628.935584736769,5.376532593287823,101.0,0.0384185906213875,2.0,3.0,0.945945945945946,1.0,0.4074074074074074,19.0,0.0
06b2504570be3c639b41bf62eb828ad3a63d35e2,ignite,True,2015-07-24 00:28:21,ignite,41.0,5,0,1,1,1,0.0,17.0,0.0,193.0,1252,1037.0,659.0,done,3031.0,2015-09-03 08:25:00,False,10947.41986116771,6.040058128367936,184.0,0.0168076133311263,1.0,3.0,0.5984848484848485,10.0,0.4310344827586206,27.0,0.0
58c5a1222b3d2cec413801cb415bb45ffc290f3c,ignite,False,2015-07-24 00:44:41,ignite,,23,7,1,1,1,0.0,7.0,0.0,34.0,359,359.0,225.0,done,2411.0,,False,2993.9246022806233,5.336522715480394,118.0,0.0394131501875877,2.0,3.0,0.9473684210526316,1.0,0.4,19.0,0.0
fc1fb7a06a912326aeda59a05511ee5150b19a9e,ignite,False,2015-07-24 16:14:25,ignite,,9,9,2,2,1,0.91829583405449,2.5,18.0,4.0,360,360.0,226.0,done,409.0,,False,179.35072904540104,4.554787103173758,4.333333333333333,0.0221724739869925,0.0,0.0,0.4375,0.5,0.5932539682539683,15.333333333333334,0.0
ccebd43af56950b11644cb778572c9c10fd56a2a,ignite,False,2015-07-24 16:45:02,ignite,,1,0,1,1,1,0.0,1.0,6.0,2.0,361,361.0,227.0,done,189.0,,False,810.771711968899,4.817217440759586,32.0,0.0394685699162966,1.0,0.0,0.9411764705882352,1.0,0.4444444444444444,17.0,0.0
1770f3c79cdcb54608e7a01677b0c7ed680976c8,ignite,False,2015-07-24 22:27:57,ignite,,1,1,1,1,1,0.0,11.0,29.0,53.0,1254,1039.0,661.0,done,2327.0,,False,871.1032383086406,5.2264401460053005,28.0,0.0321431476415649,1.0,0.0,0.6666666666666666,1.0,0.3076923076923077,21.0,0.0
b288e82968bafe4c59735d2a8f8f3b30958b520d,ignite,False,2015-07-24 23:28:55,ignite,,1,1,1,1,1,0.0,18.0,0.0,195.0,365,365.0,229.0,done,2904.0,,False,148.67746297052548,4.2258517663662785,4.0,0.02690387581333,0.0,0.0,0.5,0.0,1.0,21.0,0.0
fdb493e6457fc6d85c36d9d745f42cd512debf4c,ignite,False,2015-07-28 18:04:32,ignite,,17,4,1,1,1,0.0,8.0,112.0,27.0,1308,1125.5,634.0,done,1781.0,,False,167.17882283189007,4.832226052381094,7.0,0.0418713320349132,0.0,0.0,0.3333333333333333,3.0,0.1666666666666666,16.0,0.0
23377fe02157c749d64941f0ce1dcd58c8445d04,ignite,False,2015-07-30 17:51:34,ignite,,9,5,2,1,1,1.0,5.5,25.5,54.5,815,680.0,528.0,done,1974.0,,False,547.7775009732549,5.062344622052676,15.6,0.0300516467361634,0.2,0.2,0.7095238095238094,3.0,0.3582828282828282,23.6,0.0
44072f806d8d14d716475a3665d0afdf004c6db2,ignite,False,2015-07-31 19:35:46,ignite,,24,20,2,1,1,0.266764987803026,8.5,6.0,107.0,128,128.0,100.0,done,5108.0,,False,3906.687094686196,5.0759842045797585,111.0,0.0365941588015195,1.6666666666666667,6.0,0.8472222222222222,0.3333333333333333,0.5611888111888113,19.0,0.0
abb2cef136da824c55964bb4032c47dd150242c1,ignite,False,2015-07-31 19:41:41,ignite,,3,0,1,1,1,0.0,7.0,0.0,45.0,129,129.0,101.0,done,5112.0,,True,666.5506622013165,4.881066411484871,28.0,0.0420073095532282,1.0,1.0,0.75,2.0,0.4166666666666667,22.0,0.0
6b0552cdedffbbd1855461fbcc988fb36f354ac4,ignite,False,2015-07-31 20:35:37,ignite,,16,16,3,3,1,1.50524081494415,2.3333333333333304,4.0,9.33333333333333,889,889.0,654.0,done,2316.0,,False,1097.676606293377,4.816611205159522,34.0,0.0343288146208414,0.2222222222222222,1.1111111111111112,0.669435340487972,0.3333333333333333,0.4310492189802534,22.11111111111111,0.0
ac6d75dc55eab0ce909c972a1124bf5fb42a5e3d,ignite,False,2015-08-03 18:44:45,ignite,,16,5,1,1,1,0.0,16.0,9.0,120.0,132,132.0,104.0,done,2309.0,,False,511.8225751427889,4.970526129956378,26.0,0.0507988534752428,0.0,0.0,0.8571428571428571,2.0,0.5,16.0,0.0
6b237e119caad68474cc785c0373da8ce31011d8,ignite,False,2015-08-03 20:45:40,ignite,,9,16,2,2,1,0.634309554640566,8.5,55.5,62.0,133,133.0,105.0,done,2320.0,,False,391.7346387762761,4.886331896549456,19.0,0.0485022209405666,0.0,0.0,0.8571428571428571,2.0,0.5555555555555556,16.0,0.0
3ce3c8b71064ff4d8abd78cd95f4678cb7a74811,ignite,False,2015-08-04 16:33:57,ignite,,5,35,1,1,1,0.0,14.0,0.0,161.0,135,135.0,107.0,done,2912.0,,False,1839.7765015843415,5.139868927592795,59.5,0.0370632227797121,0.5,0.0,0.7450248756218906,3.0,0.208695652173913,24.5,0.0
28c9977bb8344f2d73c65d45656b673a9a4c634b,ignite,False,2015-08-04 17:41:48,ignite,,3,2,1,1,1,0.0,14.0,0.0,162.0,136,136.0,108.0,done,2882.0,,False,3467.259078995477,5.469017068336417,111.0,0.0320137599963134,1.0,0.0,0.6515151515151515,3.0,0.1818181818181818,26.0,0.0
4d528becc1cd3db9d4d2d6db2053895043aa3918,ignite,False,2015-08-04 19:04:35,ignite,,19,10,1,1,1,0.0,14.0,0.0,164.0,138,138.0,110.0,done,2881.0,,False,2057.645418080894,5.143559353070021,68.0,0.0336914633892991,1.0,0.0,0.7803030303030303,2.5,0.2575757575757575,25.0,0.0
fe2be79c8e4eccf8f823abeb32521f0fca8ddf42,ignite,False,2015-08-04 23:49:48,ignite,,18,15,4,3,1,1.5883879868680302,3.25,4.25,46.75,1265,1045.0,667.0,done,4872.0,,False,2523.68172592742,5.08503201708976,76.66666666666667,0.0445523076900938,1.0,1.0,0.5169535732916014,6.333333333333333,0.1766381766381766,18.333333333333332,0.0
01c3e0928fbba8d1dfa24b97d4e2506816472703,ignite,False,2015-08-05 03:25:48,ignite,,2,0,1,1,1,0.0,8.0,117.0,20.0,1351,1060.5,797.0,done,239.0,,False,1355.800270417258,5.3739454739704335,28.0,0.020652009452235,2.0,0.0,0.56,0.0,0.0909090909090909,31.0,0.0
b683b8f80b59696933d52ad2c79321b374e4e6b4,ignite,True,2015-08-05 06:27:18,ignite,194.0,8,13,2,1,1,0.958711882977132,1.0,0.0,5.5,821,684.0,532.0,done,280.0,2016-02-15 08:00:44,False,246.4607248530224,4.589477357493598,2.0,0.0232689113463468,0.5,0.5,0.8035714285714286,1.0,0.3333333333333333,16.0,0.0
53557e327721fee683b9b37217d530db44166aec,ignite,False,2015-08-05 16:15:52,ignite,,1,1,1,1,1,0.0,13.0,0.0,119.0,1266,1046.0,668.0,done,3717.0,,False,57.3594000115385,4.301675223143017,2.0,0.0348678682063912,0.0,0.0,0.0,2.0,0.0,12.0,0.0
023ffe0eee38663fe78dacd9b63d5f121226008b,ignite,False,2015-08-05 23:29:24,ignite,,1,1,1,1,1,0.0,2.0,12.0,2.0,1269,1049.0,671.0,done,486.0,,False,482.80933123680984,4.907312083965671,21.0,0.0434954310974156,3.0,0.0,0.7,0.0,0.1111111111111111,23.0,0.0
d7623b47abea23c685856b36ade75027efbb3cc5,ignite,True,2015-08-06 18:38:24,ignite,917.0,21,6,1,1,1,0.0,6.0,12.0,27.0,1270,1050.0,672.0,done,1999.0,2018-02-08 22:25:11,False,1517.262742772967,5.491527337217511,47.0,0.0309768365590406,3.0,2.0,0.85,2.0,0.4,22.0,0.0
5ce8bc692cdc5e7662ccd6ac5f6e8f5b2fd493e4,ignite,True,2015-08-06 18:52:59,ignite,917.0,1,2,1,1,1,0.0,6.0,0.0,28.0,1271,1051.0,673.0,done,2014.0,2018-02-08 22:25:11,False,1491.9750303934177,5.483890096848863,47.0,0.03150186768716,3.0,2.0,0.85,2.0,0.4,22.0,0.0
bd770a54a554c8c22f36ea00f8c735218c29b330,ignite,False,2015-08-10 22:08:10,ignite,,10,6,1,1,1,0.0,12.0,24.0,60.0,2304,2013.0,1599.0,done,1387.0,,False,383.37395307124245,4.7991152416448735,22.0,0.0573852235493727,1.0,1.0,0.75,0.0,0.75,17.0,0.0
ae11e9b5aa9af4d0d58e2a16dd3a3331969961df,ignite,False,2015-08-11 15:42:43,ignite,,20,12,1,1,1,0.0,12.0,0.0,61.0,2306,2015.0,1600.0,done,1391.0,,False,461.2240877098564,4.715986248084486,28.0,0.0607080175257759,1.0,0.0,1.0,0.0,0.375,14.0,0.0
653c0b28d340a37893741b0d381a63330732fd10,ignite,False,2015-08-13 08:54:47,ignite,,2,3,1,1,1,0.0,5.0,27.0,20.0,1353,1051.0,799.0,done,334.0,,False,364.17909420309263,5.052310942877996,11.0,0.0302049188849528,0.0,0.0,0.6,1.0,0.3333333333333333,15.0,0.0
7290d0658aa10675095f1a0379f5c21b9bb09bc4,ignite,False,2015-08-14 00:09:54,ignite,,3,1,1,1,1,0.0,7.0,13.0,36.0,283,283.0,201.0,done,2441.0,,False,1601.9390414220495,5.796578945249177,58.0,0.036206121768849,1.0,0.0,0.5714285714285714,19.0,0.032258064516129,22.0,0.0
ba3abceca10a1745253a3c28e7a6fe6f5833d266,ignite,False,2015-08-14 07:50:39,ignite,,12,6,2,1,1,0.5032583347756461,7.0,31.5,47.0,1355,1050.0,801.0,done,2616.0,,False,878.5947919134094,4.889676581792667,26.5,0.0394192666241848,1.0,0.5,0.720959595959596,2.75,0.4513888888888889,19.5,0.0
8ecddcc2dcb064b759486d43a4f09173f268b3cf,ignite,False,2015-08-14 08:25:09,ignite,,2,2,1,1,1,0.0,8.0,63.0,23.0,1357,1052.0,803.0,done,1070.0,,False,580.6103287531245,4.771775805622687,15.0,0.0258348831516877,1.0,0.0,0.2307692307692307,0.0,0.4285714285714285,22.0,0.0
e5eef50844580bd9ef2dba6bdfc1efca8992e78a,ignite,False,2015-08-14 10:57:20,ignite,,4,0,1,1,1,0.0,5.0,18.0,5.0,1352,1053.0,798.0,done,518.0,,False,1245.4548408882065,5.166134296977698,46.0,0.0369342978081764,2.0,3.0,0.8,2.0,0.3888888888888889,23.0,0.0
952c7fc99d63b5af0d5a3fe7df4b610f8baf9001,ignite,False,2015-08-18 03:22:50,ignite,,15,7,1,1,1,0.0,1.0,11.0,1.0,824,687.0,534.0,done,262.0,,False,13.885765639433988,3.7253541067234264,0.5714285714285714,0.0426270073751526,0.0,0.0,0.2857142857142857,0.0,0.3571428571428571,8.714285714285714,0.0
9c939bec1bfa2c3396051c155ffb06775a329aad,ignite,False,2015-08-18 03:23:26,ignite,,1,6,1,1,1,0.0,2.0,12.0,3.0,825,688.0,535.0,done,174.0,,False,26.593465081542817,4.031264828919042,1.0,0.0206474875941348,0.0,0.0,0.5,1.0,0.0,10.5,0.0
09da9c2a369b52b06fe9312aafd19f1085ba79d2,ignite,False,2015-08-18 15:44:59,ignite,,3,3,2,2,1,0.91829583405449,2.0,50.5,7.0,1360,1047.0,805.0,done,639.0,,False,338.53267911836775,5.154902592540307,17.0,0.0502167177605207,0.0,0.0,1.0,0.0,0.5555555555555556,15.0,0.0
574c6793adb96caa614b9c0c540f4812cfc52ee5,ignite,False,2015-08-19 03:11:43,ignite,,32,14,3,2,1,1.29649735457795,6.33333333333333,0.0,70.3333333333333,1033,826.5,744.0,done,3398.0,,False,814.6181096786867,4.5290891363150765,24.666666666666668,0.0579044196959626,1.0,0.5,0.6049382716049383,1.0,0.3948148148148148,18.333333333333332,0.0
e18147dd219d01c26e4cd969c31d2984f96d6f1a,ignite,False,2015-08-19 22:36:23,ignite,,1,1,1,1,1,0.0,7.0,1.0,49.0,1275,1043.5,676.0,done,5206.0,,False,506.8778377412035,4.898916439075633,19.0,0.0374843770733192,0.0,0.0,0.75,0.0,0.75,15.0,0.0
00417376c829c8a01cfc6ccbe5d328f01e23bf45,ignite,False,2015-08-19 23:48:47,ignite,,20,21,1,1,1,0.0,11.0,0.0,77.0,2320,2026.5,1612.0,done,1417.0,,False,2515.4556752754816,5.45543297748656,91.0,0.0361763480447867,2.0,1.0,0.975,0.0,0.4137931034482758,27.0,0.0083333333333333
c04fceac8f2db6b024b285b537dd26171b95610a,ignite,False,2015-08-20 15:55:40,ignite,,20,5,4,3,1,1.75829757027802,2.75,3.25,37.75,2321,2027.0,1613.0,done,4503.0,,False,1121.3798969922905,5.099343413933175,31.2,0.0291557771917146,0.8,0.0,0.6924993524993525,4.2,0.3963812050018946,23.4,0.0
ef1495006fc011e998462ef14804efabdfeb7020,ignite,False,2015-08-20 17:06:00,ignite,,2,1,1,1,1,0.0,18.0,0.0,117.0,2323,2028.0,1615.0,done,9089.0,,False,1158.063200323078,4.785740558090455,13.0,0.0112256394956451,0.0,0.0,1.0,0.0,0.0,25.0,0.0
d93e1dbde5b22688530dd4deacbb06467f7e2b13,ignite,True,2015-08-20 19:44:10,ignite,390.0,28,19,3,1,1,1.27304524705597,2.3333333333333304,0.0,8.66666666666667,3,3.0,2.0,done,827.0,2016-09-14 08:59:42,False,558.0980924839216,4.92278509957354,21.0,0.0339645043531414,0.4,0.0,0.7828671328671329,2.2,0.4022724987430869,19.4,0.0
afadd36c2c23e12d9bb29374ea9eb66c32aa71f4,ignite,False,2015-08-20 20:15:58,ignite,,2,1,1,1,1,0.0,5.0,0.0,21.0,5,5.0,3.0,done,1884.0,,False,164.99896988958,4.238432764814354,6.0,0.0363638633866338,0.0,0.0,0.25,0.0,1.0,11.0,0.0
d78e8bcc820268f7244dea021258978d46d4b411,ignite,False,2015-08-20 20:25:11,ignite,,3,1,1,1,1,0.0,9.0,0.0,37.0,2326,2030.5,1617.0,done,578.0,,False,118.9419703764204,4.607378931058675,5.0,0.0420373059583282,0.0,0.0,1.0,1.0,0.25,15.0,0.0
75aee08902f4c38a2bc642051878fd8b52ed910b,ignite,False,2015-08-20 20:55:40,ignite,,2,2,2,2,1,1.0,5.5,27.5,20.0,286,286.0,203.0,done,2066.0,,False,149.106519273614,4.359886477647544,6.5,0.043084219002162,0.0,0.0,0.875,0.0,0.625,13.5,0.0
1a033482cd656546af4a34f703efbbb10f6fe290,ignite,False,2015-08-21 17:11:36,ignite,,15,5,3,2,1,1.44064544961535,6.66666666666667,0.0,126.0,2330,2031.0,1619.0,done,7020.0,,False,100.07820003461548,4.689621665323842,3.0,0.0299765583210164,0.0,0.0,0.6666666666666666,0.0,0.6666666666666666,18.0,0.0
c55d9231f5fc9459c7964bb2c3d46eb9f214d2c2,ignite,False,2015-08-21 21:09:59,ignite,,5,0,1,1,1,0.0,10.0,36.0,45.0,7,7.0,5.0,done,1398.0,,False,2572.9688517661793,5.5904065641849785,81.0,0.0314811428612509,2.0,5.0,0.8717948717948718,2.0,0.25,25.0,0.0
b2cc2ee018260bad1221cf2e30dd175b0605b0ef,ignite,False,2015-08-21 21:28:42,ignite,,8,2,3,3,1,1.52192809488736,2.0,43.6666666666667,7.33333333333333,2333,2033.5,1621.0,done,1318.0,,False,360.02016461103136,4.301178291256505,13.0,0.0386691113077876,0.6666666666666666,0.6666666666666666,0.9010989010989012,0.6666666666666666,0.1333333333333333,19.0,0.0
4df0716dec4265e8abaf7b67aefb5d798f2fe8b4,ignite,False,2015-08-24 20:23:11,ignite,,54,28,1,1,1,0.0,1.0,100.0,2.0,2337,2032.0,1624.0,done,190.0,,False,623.3663493882106,5.228928696438576,9.333333333333334,0.0151918469758766,0.6666666666666666,0.0,0.7169312169312169,0.3333333333333333,0.2240740740740741,18.333333333333332,0.0
14718f9645eafcb1e7c3b7349e705251250bfc89,ignite,False,2015-08-25 18:31:26,ignite,,98,98,1,1,1,0.0,1.0,0.0,1.0,295,295.0,209.0,done,773.0,,False,66.35512874908855,4.444932065151345,5.015384615384615,0.0967872764875237,0.2461538461538461,0.0,0.5230769230769231,2.707692307692308,0.2553846153846154,18.32307692307692,0.0
75e04faebe7d9b452f3a7436f3cdfba9171a1ee2,ignite,False,2015-08-25 21:35:23,ignite,,20,14,2,1,1,0.997502546369115,0.5,0.0,1.0,297,297.0,211.0,done,1769.0,,False,20.06948274370881,3.901259419256364,2.0,0.0956451352716274,0.0,0.0,0.5,1.0,0.6666666666666666,11.5,0.0
2c86d60f526588056c828ac11a3ba81b6568b4e6,ignite,False,2015-08-25 22:56:14,ignite,,13,3,2,2,1,0.696212260125146,2.0,164.5,2.5,1276,1037.5,86.0,done,411.0,,False,687.3504545475838,5.1445865363759005,27.0,0.0392812717608101,1.0,0.0,0.8,1.0,0.3076923076923077,19.0,0.0
7ad43fca62c64a7a8ced5ef5a7a030907bbf68cc,ignite,False,2015-08-26 21:41:15,ignite,,2,1,2,2,1,0.91829583405449,7.5,18.5,46.0,2340,2035.0,1626.0,done,288.0,,False,1527.3611492564485,4.614451676201146,77.0,0.0475935426494353,1.0,0.0,0.8125,0.5,0.3611111111111111,16.5,0.0
28c8dc7e9d92fb95aa1a9bdef82944697aac95e6,ignite,False,2015-08-27 19:57:58,ignite,,5,2,1,1,1,0.0,2.0,0.0,4.0,159,159.0,124.0,done,1104.0,,False,1927.2757473969712,4.652301610007768,53.0,0.0274999569063135,0.0,0.0,0.6666666666666666,2.0,0.6,13.0,0.0
a95c8622395d3b4ca57e38174c870f9b114497c8,ignite,True,2015-08-31 19:02:45,ignite,118.0,67,82,49,41,8,5.09003979860224,0.6938775510204079,75.89795918367349,19.3061224489796,84,84.0,0.0002790178551248,done,467.0,2015-12-28 10:41:01,False,4297.421453939382,5.562034059419,105.0,0.0244332563434633,2.0,8.0,0.6470588235294118,1.0,0.2857142857142857,21.0,0.0
90d8438473391fdf86656cc50108be723f306428,ignite,False,2015-08-31 23:50:40,ignite,,5,7,1,1,1,0.0,16.0,0.0,110.0,162,162.0,126.0,done,3570.0,,False,2441.640102205872,5.417886807586295,90.0,0.0368604692881192,0.0,0.0,0.782608695652174,2.0,0.2631578947368421,20.0,0.0
465348e161b997ff15fa7a30de300d8997133a8c,ignite,False,2015-09-01 22:48:40,ignite,,6,4,1,1,1,0.0,1.0,0.0,2.0,363,363.0,267.0,done,125.0,,False,237.7443751081734,4.628870049823228,11.0,0.0462681819285735,2.0,1.0,0.8,0.0,0.4285714285714285,13.0,0.0
dadf4bd3beb5fde31b89b0c2a0fbfb3aa5b46e3a,ignite,False,2015-09-02 06:44:37,ignite,,2,2,1,1,1,0.0,16.0,0.0,212.0,1370,1029.5,814.0,done,3237.0,,False,43.18506523353571,4.123017846977147,2.0,0.0463123070252278,1.0,0.0,0.6666666666666666,0.0,0.6666666666666666,16.0,0.0
144bd4a3679a0c1720bf602c892d6934d3af94a4,ignite,False,2015-09-02 19:23:27,ignite,,4,2,1,1,1,0.0,4.0,1.0,10.0,2359,2054.0,1639.0,done,253.0,,False,343.4823416925963,4.369372649207164,2.0,0.0058227156311573,0.0,0.0,0.1666666666666666,0.0,0.5,18.0,0.0
ba4a582ce19c548475e0f87f5bdedab0d6f4c66c,ignite,True,2015-09-02 20:01:21,ignite,27.0,1,1,1,1,1,0.0,16.0,0.0,213.0,2363,2058.0,1641.0,done,3458.0,2015-09-30 10:48:48,False,2313.721875540867,5.083792278583757,64.0,0.0276610601630928,2.0,1.0,0.85,3.0,0.2631578947368421,28.0,0.0
ff6c2c83f387ade46c712fa253771bcfbb8cd3b2,ignite,False,2015-09-02 23:26:44,ignite,,10,4,1,1,1,0.0,19.0,1.0,203.0,371,371.0,273.0,done,3197.0,,False,1035.8797503894243,5.163494696371755,29.0,0.0279955274626208,0.0,0.0,0.7142857142857143,2.0,0.1111111111111111,19.0,0.0
ca1523ec5c28286ac75f9fedd51cd53eb7870ff1,ignite,False,2015-09-04 15:05:55,ignite,,9,0,2,1,1,0.991076059838222,0.5,0.0,1.0,171,171.0,3.0,done,549.0,,False,702.37471855109,4.813013119930718,26.5,0.0376629577696555,0.0,0.0,0.5729166666666667,1.0,0.7083333333333333,26.0,0.0
7a69e74ee86c85aef38b60607d91a7469436f542,ignite,False,2015-09-04 16:20:54,ignite,,2,1,1,1,1,0.0,5.0,3.0,8.0,2370,2065.0,1646.0,done,187.0,,False,1493.3879237447786,3.7864151241580695,70.0,0.0468732864964314,0.0,0.0,1.0,0.0,0.875,11.0,0.0
039c48d3fb1594deb9e1121afd06a7e107559f62,ignite,False,2015-09-04 17:33:34,ignite,,1,1,1,1,1,0.0,8.0,0.0,36.0,2375,2070.0,1649.0,done,800.0,,False,31.69925001442312,4.1219280948873624,2.0,0.0630929753571457,0.0,0.0,0.0,0.0,1.0,11.0,0.0
acfd99bc3949dde1439e34cfe26caf9f85f58ab5,ignite,False,2015-09-04 19:20:54,ignite,,1,1,1,1,1,0.0,6.0,3.0,9.0,2378,2073.0,1651.0,done,235.0,,False,604.2631877271641,5.288409510553818,22.0,0.036407976601635,2.0,2.0,0.5,1.0,0.25,24.0,0.0
a58a16a951da4095b0fac0191fc009264a5bc858,ignite,True,2015-09-05 07:08:18,ignite,129.0,17,14,1,1,1,0.0,9.0,4.0,38.0,1373,1023.5,815.0,done,209.0,2016-01-13 05:59:39,True,396.1173270932531,5.411059921318765,13.0,0.0328185593278517,0.0,0.0,1.0,2.0,0.3,15.0,0.0
1fe7e956995ca168e0a701d1194bd7b01adb8dec,ignite,False,2015-09-07 21:27:25,ignite,,10,0,1,1,1,0.0,2.0,6.0,2.0,2383,2078.0,1654.0,done,193.0,,True,960.7088832009218,4.971306953877675,24.0,0.02498155312152,0.0,0.0,0.4444444444444444,1.0,0.1538461538461538,29.0,0.0
b1f119fd84455cbbce3f131f92a2bd821f91675c,ignite,False,2015-09-07 23:51:29,ignite,,2,1,1,1,1,0.0,16.0,3.0,71.0,176,176.0,132.0,done,1899.0,,False,2623.466779573469,4.761703823707113,63.0,0.0240140262078114,0.0,0.0,1.0,1.0,0.0161290322580645,18.0,0.0
1a4d193957d803a399a44ec05c00c7998b6ce0ec,ignite,False,2015-09-08 16:38:45,ignite,,2,0,1,1,1,0.0,3.0,7.0,17.0,177,177.0,133.0,done,281.0,,False,491.59701408907415,5.110190883775644,8.0,0.0162734918453968,0.0,0.0,0.4615384615384615,0.0,0.4285714285714285,19.0,0.0
aa35e365830bfe0bbd46d5311e0c4b83ba75e035,ignite,False,2015-09-08 18:12:09,ignite,,2,0,1,1,1,0.0,7.0,7.0,9.0,179,179.0,134.0,done,526.0,,False,675.8946136384575,5.044935702452097,24.0,0.0355084942470599,1.0,1.0,0.4666666666666667,0.0,0.375,15.0,0.0
fc362fb4d530695e1a487386fd391995e9667473,ignite,False,2015-09-08 18:13:54,ignite,,0,5,1,1,1,0.0,5.0,7.0,9.0,2388,2083.0,1658.0,done,880.0,,False,106.60593781761293,3.934183719779188,0.0,0.0,0.0,0.0,0.0,0.0,0.0,8.0,0.0
d8cd7ba249e3ecea5508a387765ef12ddb6851f3,ignite,False,2015-09-08 18:30:21,ignite,,7,6,1,1,1,0.0,10.0,7.0,12.0,2390,2085.0,1659.0,done,186.0,,False,822.948912809376,4.917108747079281,19.0,0.0230877028990025,0.0,0.0,0.6842105263157895,0.0,0.3,19.0,0.0
45ced671788bc804ca01ce17872316152dfe6acd,ignite,False,2015-09-08 19:31:56,ignite,,17,17,1,1,1,0.0,7.0,7.0,23.0,2395,2089.5,1663.0,done,779.0,,False,851.6019420680523,5.096722938336728,10.0,0.0117425753817748,1.0,0.0,0.375,0.0,0.5555555555555556,27.0,0.0
4ae409444a931a06a58c2856a1ad667841b0a3af,ignite,False,2015-09-08 20:13:29,ignite,,0,2,1,1,1,0.0,4.0,7.0,17.0,2399,2093.5,1666.0,done,233.0,,False,1743.3543346294548,5.335001835215384,57.0,0.0326955908318633,3.0,0.0,0.6666666666666666,0.0,0.1904761904761904,34.0,0.0
e5b06e39d97a363786f405d7de526ad79048c742,ignite,False,2015-09-08 20:39:47,ignite,,1,1,1,1,1,0.0,6.0,0.0,9.0,2400,2094.5,1667.0,done,746.0,,False,71.69925001442311,4.1371987351738495,4.0,0.0557885891302259,0.0,0.0,0.0,1.0,0.5,17.0,0.0
de6e7d9b02890f9813c87954645e523e97951c8d,ignite,False,2015-09-08 22:47:50,ignite,,3,3,1,1,1,0.0,7.0,0.0,15.0,107,107.0,47.0,done,377.0,,False,84.0,4.706343945008262,3.0,0.0357142857142857,0.0,0.0,1.0,2.0,0.3333333333333333,29.0,0.0
9f59c3f5e6503205525f7507c6d1e82f9de7b6c9,ignite,False,2015-09-08 23:26:52,ignite,,6,8,1,1,1,0.0,9.0,8.0,39.0,2404,2097.0,1670.0,done,1925.0,,False,430.4338828565458,4.57692882230871,10.0,0.0266302215115929,0.5,0.0,0.375,0.5,0.375,23.5,0.0666666666666666
8389a7a6f4cebf722c74a163ebdc80b373f42d79,ignite,False,2015-09-09 15:57:47,ignite,,24,25,1,1,1,0.0,6.0,8.0,12.0,2407,2100.0,1673.0,done,209.0,,False,644.2238574791309,4.563379239352205,13.0,0.0102125952821159,1.0,0.0,0.26,0.5,0.1944444444444444,16.0,0.0
60a76bc882cd5ecf8db05661a4d576fc4d09d9ab,ignite,False,2015-09-09 16:13:25,ignite,,1,1,1,1,1,0.0,12.0,0.0,60.0,2409,2102.0,1675.0,done,1051.0,,False,2871.295343176794,5.434762199745401,60.0,0.0208964919413744,4.0,2.0,0.6,0.0,0.2916666666666667,25.0,0.0
4a3b0242c34e580054be2e23bc01560e96519b0b,ignite,True,2015-09-10 16:42:01,ignite,448.0,33,25,6,2,1,1.91825503036659,3.1666666666666696,3.0,63.3333333333333,2412,2104.0,1677.0,done,11690.0,2016-12-02 07:36:41,True,692.3430747239605,4.45259540076935,28.285714285714285,0.0494242168239741,0.4285714285714285,0.1428571428571428,0.6092755283931756,1.4285714285714286,0.5551020408163265,14.571428571428571,0.0
d07662248ddc02c39f42a026323b7e77e66bc1f0,ignite,False,2015-09-14 15:43:40,ignite,,3,2,1,1,1,0.0,5.0,13.0,12.0,2415,2104.5,1679.0,done,202.0,,False,1002.6858465111842,5.569980318539085,12.0,0.0119678561752453,1.0,0.0,0.5882352941176471,0.0,0.1818181818181818,19.0,0.0
02d398c69ce63b375357dc90377c6c03bd4f0d1b,ignite,False,2015-09-14 17:18:15,ignite,,21,6,1,1,1,0.0,3.0,10.0,3.0,2417,2106.5,1681.0,done,320.0,,False,664.0945496199654,4.9475985938302935,22.0,0.0325892631929543,0.5,0.0,0.6785714285714286,1.5,0.5,18.5,0.0
095d4b3f4060832069f6a20efc27abae885db5c0,ignite,False,2015-09-14 17:33:22,ignite,,2,0,1,1,1,0.0,2.0,13.0,8.0,2418,2107.5,1682.0,done,394.0,,False,2578.027647792941,5.5433930428582405,14.0,0.0054305080909374,0.0,2.0,0.5833333333333334,0.0,0.125,33.0,0.0
b4c515e62bc8412a2859a5a771ef3c4b38691529,ignite,False,2015-09-14 17:37:36,ignite,,12,7,1,1,1,0.0,1.0,3.0,1.0,2419,2108.5,1683.0,done,400.0,,False,743.973198251208,4.662087580032392,9.333333333333334,0.0455074517697043,0.3333333333333333,0.0,0.6534188034188034,2.3333333333333335,0.0969696969696969,23.333333333333332,0.0
1914c0216608dc8eecf97fb3ee4bdfb6fdec740c,ignite,True,2015-09-15 15:37:26,ignite,366.0,7,15,1,1,1,0.0,11.0,14.0,43.0,1375,1009.5,817.0,done,1627.0,2016-09-16 11:32:13,True,1857.1211023546807,5.490626674384314,64.0,0.0344619421527509,0.0,0.0,0.7692307692307693,5.0,0.3157894736842105,25.0,0.0
c0e1ac1842df19a4de83dbbcc99090b43371c913,ignite,False,2015-09-15 16:25:09,ignite,,53,41,1,1,1,0.0,2.0,14.0,2.0,425,425.0,301.0,done,529.0,,False,2937.98223410702,5.315288590271719,92.0,0.0313140082781891,1.0,1.0,0.9444444444444444,0.0,0.56,29.0,0.0
dc44a2a78ce90f5fcab82c0b39d6888724778181,ignite,False,2015-09-15 16:42:15,ignite,,5,3,1,1,1,0.0,3.0,0.0,3.0,426,426.0,302.0,done,541.0,,False,2951.960249717245,5.3293207019149476,93.0,0.0315044892657033,1.0,1.0,0.9444444444444444,0.0,0.5384615384615384,29.0,0.0
2aa292c47b87c0099d6d602dc282c231cd408f2b,ignite,False,2015-09-15 21:42:42,ignite,,3,3,1,1,1,0.0,6.0,14.0,14.0,431,431.0,305.0,done,308.0,,False,2430.390232157327,3.74172215487024,83.0,0.034150894330383,0.0,0.0,0.4285714285714285,0.0,0.3333333333333333,22.0,0.0
6e19979b329d266d3be2f4abe2bdbd8dd443d64d,ignite,False,2015-09-15 21:57:03,ignite,,4,6,1,1,1,0.0,16.0,0.0,218.0,2426,2115.5,1688.0,done,3475.0,,False,2467.5028783194475,4.948512110058083,75.0,0.0303951013224675,0.0,0.0,0.96875,3.0,0.7142857142857143,20.0,0.0
adf5ef6100b58beb6fb00d85123f34cb5d9e084a,ignite,False,2015-09-15 22:23:10,ignite,,2,1,1,1,1,0.0,7.0,0.0,23.0,434,434.0,306.0,done,2691.0,,False,66.41714012534482,4.372573883611435,3.0,0.0451690632017321,0.0,0.0,0.5,1.0,0.0,12.0,0.0
6187241ecf68a9541172c98e85e86cecdc0fe7e9,ignite,False,2015-09-17 00:36:34,ignite,,0,5,1,1,1,0.0,11.0,0.0,28.0,76,76.0,52.0,done,121.0,,False,1235.0,4.146022760631867,60.0,0.048582995951417,0.0,0.0,1.0,1.0,0.8571428571428571,14.0,0.0
296dd6e7d86fe6d0914a9fbf8062632c04e4d22c,ignite,False,2015-09-22 01:24:44,ignite,,224,21,3,1,1,1.1170203114659198,0.333333333333333,0.0,2.0,9,9.0,6.0,done,954.0,,False,976.024611589076,5.004834517011403,24.25,0.0273114109642925,0.75,0.0,0.5745967741935483,1.25,0.3931818181818181,27.5,0.0
50f75bd6111b5b9163391e4c0913ff5b696a2862,ignite,False,2015-09-22 17:44:22,ignite,,6,13,2,1,1,0.4854607607459129,8.0,10.5,112.5,194,194.0,144.0,done,3485.0,,False,2486.681637491097,4.9539438451324065,75.0,0.0301606763283418,0.0,0.0,0.96875,3.0,0.7142857142857143,20.0,0.0
ca2bce00516142a1204fb9226c938174047e72d6,ignite,False,2015-09-22 21:04:27,ignite,,3,1,1,1,1,0.0,2.0,0.0,15.0,2439,2126.0,1698.0,done,470.0,,False,133.78294855911892,4.681727678869736,5.0,0.0373739707029292,0.0,0.0,0.4,2.0,0.4,18.0,0.0
517d0f584f67e9291b7f6f2efe3f42b7131f6a25,ignite,False,2015-09-23 21:43:13,ignite,,3,3,1,1,1,0.0,6.0,8.0,13.0,2442,2129.0,1701.0,done,425.0,,False,282.0263830884655,4.442715371053982,12.0,0.0425492107106726,0.0,0.0,0.625,1.0,0.6666666666666666,20.0,0.0
f6ba3c3b4575c60f94ae4742b5d2d7bd2183f938,ignite,False,2015-09-24 18:56:19,ignite,,2,1,1,1,1,0.0,5.0,10.0,13.0,2445,2131.5,1703.0,done,203.0,,False,1002.6858465111842,5.5892618132048595,12.0,0.0119678561752453,1.0,0.0,0.5882352941176471,0.0,0.1818181818181818,19.0,0.0
bf7591b5eb6323011a03c424362ab68f994cffc9,ignite,False,2015-09-24 22:33:05,ignite,,2,1,1,1,1,0.0,3.0,9.0,5.0,2449,2133.5,1706.0,done,618.0,,False,197.41846816192583,4.914785576711605,1.0,0.005065382227461,0.0,0.0,0.6666666666666666,1.0,0.3333333333333333,24.0,0.0
03a8fe587e46404461bff6f118ccbb8539f3f39a,ignite,False,2015-09-25 19:12:11,ignite,,4,1,1,1,1,0.0,6.0,24.0,11.0,2450,2133.5,1707.0,done,245.0,,False,452.9320803966751,5.028583108658736,14.0,0.0309097116453727,0.0,0.0,0.4285714285714285,0.0,0.5714285714285714,21.0,0.0
8fea96ea1bba43bdc702e6096bb5492bdb745b67,ignite,False,2015-09-28 17:44:12,ignite,,37,21,4,4,1,1.19434920355998,3.5,17.5,32.25,2454,2137.0,1710.0,done,1979.0,,False,1423.2859486199602,4.7370314072604245,58.5,0.0453636306144184,1.0,0.25,0.8755952380952381,0.25,0.3131720430107527,17.5,0.0020491803278688
e5c3ca3a952c3595bf240bf0adea8117dd4db116,ignite,False,2015-09-28 22:35:59,ignite,,4,1,1,1,1,0.0,1.0,4.0,2.0,2457,2140.0,1713.0,done,45.0,,False,177.19905189038187,4.206830690821803,6.0,0.0338602263160623,0.0,0.0,1.0,0.0,0.5,16.0,0.0
be906e32f68d35e01f0b0e5f610937a27277f71a,ignite,False,2015-09-30 15:29:38,ignite,,2,2,1,1,1,0.0,3.0,29.0,6.0,2462,2143.0,1718.0,done,380.0,,False,151.26748332105768,4.560793171719088,6.0,0.039664836541673,0.0,0.0,0.6666666666666666,0.0,0.75,12.0,0.0
c6ec7e1165017d4331199bdf667b81a6f2ed91c8,ignite,False,2015-09-30 17:52:15,ignite,,35,35,1,1,1,0.0,19.0,6.0,217.0,214,214.0,81.0,done,3236.0,,False,148.67746297052548,4.2258517663662785,4.0,0.02690387581333,0.0,0.0,0.5,0.0,1.0,21.0,0.0
1282f8b1ddc248e562ecb937bce84acabb8198f7,ignite,False,2015-09-30 21:16:31,ignite,,13,6,2,1,1,0.949452015387948,1.5,27.5,9.0,137,137.0,53.0,done,281.0,,False,484.88648288882007,4.778159657946844,11.5,0.026387187133698,0.5,0.0,0.5357142857142857,0.5,0.3333333333333333,20.5,0.0
f3808831a8df1b67b81a92f50cd2b23c3358e604,ignite,False,2015-09-30 21:19:13,ignite,,1,1,1,1,1,0.0,19.0,0.0,218.0,215,215.0,82.0,done,3236.0,,False,148.67746297052548,4.2258517663662785,4.0,0.02690387581333,0.0,0.0,0.5,0.0,1.0,21.0,0.0
67d027e518ea4bb64b7a2bc51f1327fe204a2b50,ignite,False,2015-09-30 23:19:49,ignite,,2,0,1,1,1,0.0,10.0,29.0,28.0,140,140.0,55.0,done,292.0,,False,36.541209043760986,3.8110378683422774,0.0,0.0,0.0,0.0,0.0,0.0,0.0,8.0,0.0
cdcaf9aa760581c80732c75311c2e0a57d29ccb4,ignite,False,2015-09-30 23:40:19,ignite,,2,0,1,1,1,0.0,2.0,30.0,4.0,144,144.0,59.0,done,120.0,,False,27.0,3.6421498816369033,0.0,0.0,0.0,0.0,0.0,0.0,0.0,8.0,0.0
f60cba7986bcde8578e4e0dc4a065fb834514373,ignite,False,2015-10-07 19:34:33,ignite,,2,0,1,1,1,0.0,5.0,15.0,29.0,82,82.0,58.0,done,2259.0,,False,140.1816079436383,4.137539081234806,3.0,0.021400810306058,0.0,0.0,0.375,0.0,0.3333333333333333,18.0,0.0
3a29b97371946e50da8d6352e39428673e9c74ca,ignite,False,2015-10-15 19:53:16,ignite,,3,3,2,2,1,0.91829583405449,5.0,3.0,16.5,64,64.0,33.0,done,2314.0,,False,2110.4685049726177,4.978762595627462,61.333333333333336,0.031484622981424,0.6666666666666666,3.6666666666666665,0.6589308996088657,1.0,0.3512544802867383,21.666666666666668,0.0
4d1c02669602bef6e696494ccd7382c967d2f962,ignite,False,2015-10-15 23:09:27,ignite,,1,1,1,1,1,0.0,1.0,0.0,1.0,43,43.0,16.0,done,124.0,,False,1026.0,5.577264664053344,7.0,0.0068226120857699,1.0,0.0,0.8181818181818182,2.0,0.1666666666666666,18.0,0.0
bc6bf5fcd2c6fd996c3f3d2b1731afed26338091,ignite,False,2015-10-18 00:53:16,ignite,,6,0,2,2,1,0.91829583405449,6.0,11.5,26.0,841,666.0,546.0,done,358.0,,True,778.6049051672235,4.191406785805801,39.0,0.0428961475849331,0.0,0.0,0.8571428571428572,0.0,0.1666666666666666,13.5,0.0
9527933e5fd088bdb1e541daf6cf3fb412aadc1e,ignite,False,2015-10-19 20:58:57,ignite,,7,1,3,2,1,1.5,1.33333333333333,15.0,3.0,45,45.0,17.0,done,969.0,,False,77.45130614547269,4.11019525640162,0.3333333333333333,0.0095595417207796,0.0,0.0,0.1666666666666666,0.0,0.3333333333333333,11.0,0.0
75fb19deec4a4dfec8d93a27008faa1c90ebb780,ignite,False,2015-10-20 19:32:43,ignite,,3,1,1,1,1,0.0,4.0,11.0,20.0,47,47.0,19.0,done,1843.0,,False,41.51317942364757,4.023136955868885,2.0,0.0481774710529813,0.0,0.0,0.0,0.0,1.0,9.0,0.0
f619e094356959cf749243989e3c3c17daf93d50,ignite,False,2015-10-20 21:49:21,ignite,,7,3,1,1,1,0.0,6.0,5.0,26.0,32,32.0,25.0,done,3805.0,,False,73.05215377556758,4.064832436713004,4.0,0.0617716171730549,0.0,0.0,0.8333333333333333,1.5,0.375,15.0,0.0666666666666666
9879bed8026d2ac181d146e537de4ae407951fb5,ignite,False,2015-10-20 21:54:41,ignite,,37,26,4,3,1,1.2043130640686102,0.5,9.0,0.75,19,19.0,19.0,done,621.0,,False,935.3402448485328,4.860604014469386,32.0,0.0342121491898191,1.0,0.0,0.7878787878787878,1.0,0.2222222222222222,23.0,0.0
6ffd5ce310b13bd63d4eee3abfb434cd7f76e0eb,ignite,False,2015-10-20 21:55:58,ignite,,3,1,1,1,1,0.0,3.0,42.0,7.0,48,48.0,20.0,done,213.0,,False,433.2579304308557,5.203565050452801,8.0,0.0184647514519684,1.0,0.0,0.3846153846153846,0.0,0.4285714285714285,19.0,0.0
056490d239c46a3950234ce7ea9afc4b203a00c3,ignite,False,2015-10-22 19:52:43,ignite,,102,96,3,1,1,1.01645217024328,0.333333333333333,1.0,3.3333333333333304,1301,992.5,690.0,done,1287.0,,False,662.9240764179032,4.780076832097357,16.571428571428573,0.0350778341828686,0.4285714285714285,0.0,0.734593837535014,0.8571428571428571,0.5084415584415584,19.857142857142858,0.0
f65a53e419346a45e2e26f4c4da84107d227e45f,ignite,True,2015-10-23 17:22:22,ignite,236.0,538,1175,27,10,1,3.60697389384624,0.111111111111111,5.8518518518518485,2.55555555555556,25,25.0,25.0,done,296.0,2016-06-16 12:03:59,True,1658.9053399200393,5.343199180337929,81.0,0.0488273791462412,2.0,10.0,0.9629629629629628,3.0,0.3125,22.0,0.0
e6e475c068d41723d69a1b37c906f3b3fc309a8a,ignite,False,2015-10-26 19:25:54,ignite,,3,1,1,1,1,0.0,6.0,18.0,30.0,54,54.0,25.0,done,2261.0,,False,145.94737505048093,3.9434839493815312,1.0,0.0068517847590894,0.0,0.0,0.0,0.0,0.0,8.0,0.0
b5a30693498c17e5ecea04dd19c8608f54321076,ignite,True,2015-10-27 20:03:27,ignite,264.0,2,4,1,1,1,0.0,8.0,33.0,41.0,19,19.0,14.0,done,794.0,2016-07-18 13:40:37,True,1499.6180652521548,5.502275995880075,29.0,0.0193382573016175,0.0,1.0,0.53125,11.0,0.2916666666666667,27.0,0.0
e12e184ea609c3015bc9ffcb737629f0baf74734,ignite,False,2015-10-27 22:38:56,ignite,,2,0,1,1,1,0.0,1.0,27.0,2.0,57,57.0,27.0,done,109.0,,False,569.7338627141834,5.262005293375724,15.0,0.0263280822532484,1.0,0.0,0.5555555555555556,0.0,0.4,25.0,0.0
7f0b3fce5ae6ed0652f3dbf64f0482e63d36c38d,ignite,False,2015-10-28 21:37:38,ignite,,7,9,2,1,1,0.988699408288497,2.0,28.5,6.0,20,20.0,11.0,done,565.0,,False,245.1417863019849,4.234977372832965,6.5,0.0284150807627028,0.0,0.0,0.5125,0.0,0.6,16.5,0.0
a5d50a60025559435673a066d61799d1aafe3b29,ignite,False,2015-10-28 23:10:55,ignite,,2,0,1,1,1,0.0,4.0,57.0,7.0,160,160.0,68.0,done,97.0,,False,450.3799746402741,5.038447767712926,13.0,0.0288645160353395,1.0,0.0,0.6923076923076923,0.0,0.4285714285714285,19.0,0.0
215b0cd9cac7d67fb5609058f8270e6bc38c8f76,ignite,False,2015-10-28 23:25:10,ignite,,2,0,1,1,1,0.0,1.0,0.0,1.0,2470,2107.0,1726.0,done,4295.0,,False,315.0,4.842435093989221,15.0,0.0476190476190476,2.0,1.0,0.3636363636363636,1.0,0.1428571428571428,18.0,0.0
9fb79622bd24bf99532f7064c73a8ebd82a497df,ignite,False,2015-10-28 23:35:06,ignite,,3,1,1,1,1,0.0,4.0,58.0,5.0,60,60.0,29.0,done,392.0,,False,634.4622123850186,5.219389040493669,12.0,0.0189136559526383,1.0,0.0,0.5625,0.0,0.1428571428571428,17.0,0.0
c122dcbda44a72b3899155d0c050eab6f43e473c,ignite,False,2015-10-29 00:24:39,ignite,,4,1,1,1,1,0.0,8.0,30.0,21.0,61,61.0,30.0,done,233.0,,False,741.3421671953608,5.376031727335693,4.0,0.005395619158064,0.0,0.0,0.5714285714285714,0.0,0.1666666666666666,19.0,0.0
303def3595bce137d80c5859bf4615eece69433a,ignite,False,2015-10-29 15:24:07,ignite,,2,0,1,1,1,0.0,3.0,0.0,6.0,2471,2108.0,1727.0,done,553.0,,False,39.86313713864835,3.9132696895151073,2.0,0.0501716659439968,0.0,0.0,0.0,0.0,1.0,11.0,0.0
ec16c77f8d95e9ff58ca831d2f2115a07cce4a8b,ignite,False,2015-10-30 19:05:55,ignite,,2,0,1,1,1,0.0,1.0,2.0,1.0,2472,2108.0,1728.0,done,388.0,,False,877.6250385650667,4.996421634883231,51.0,0.0581113775917172,1.0,0.0,0.5,0.0,0.6875,21.0,0.0
04964b9bc04b3b87547b45a29b8510a463a8fd35,ignite,False,2015-10-30 19:10:10,ignite,,3,0,1,1,1,0.0,3.0,28.0,4.0,2473,2109.0,1729.0,done,209.0,,False,317.06856386476,4.435327715549586,17.0,0.0536161636233702,0.0,0.0,0.9166666666666666,1.0,0.5714285714285714,17.0,0.0
42a6390ebe1fb4cfa6fc8341e5b93b6bfba711c6,ignite,False,2015-11-03 07:27:17,ignite,,1,3,2,2,1,1.0,7.0,27.5,49.0,90,90.0,65.0,done,2493.0,,False,335.4475440046248,4.486445718230318,1.0,0.0015880929542108,0.0,0.0,0.3,1.5,0.1,15.0,0.0
1486b5d9b12d752df7358cb51e16e8676b42f501,ignite,False,2015-11-03 16:03:55,ignite,,2,0,1,1,1,0.0,5.0,5.0,22.0,2477,2107.5,1733.0,done,2011.0,,False,41.51317942364757,4.023136955868885,2.0,0.0481774710529813,0.0,0.0,0.0,0.0,1.0,9.0,0.0
6a221934239220e74b683cf485fa90086130b4c0,ignite,False,2015-11-03 16:42:24,ignite,,8,8,4,3,1,2.0,3.75,14.25,18.5,2479,2109.5,1735.0,done,3319.0,,False,341.47142964430566,4.538573367868476,13.25,0.0400179488747285,0.25,1.5,0.8705357142857143,2.0,0.106060606060606,16.5,0.0
178e91390e58786791bbd12c6a2f460ae240fa73,ignite,False,2015-11-04 16:03:27,ignite,,20,17,2,2,1,0.5713549744279549,1.5,0.0,5.5,5,5.0,2.0,done,668.0,,False,1525.0128703964915,4.7573212065052415,69.66666666666667,0.0565230334903027,0.3333333333333333,0.6666666666666666,0.9791666666666666,2.0,0.2506459948320413,16.333333333333332,0.0
f7fdc185250fbe77417b0165566f44b6eee34955,ignite,False,2015-11-04 16:03:49,ignite,,1,6,1,1,1,0.0,3.0,0.0,7.0,6,6.0,3.0,done,571.0,,False,241.48052186828568,4.810675118852392,20.0,0.082822415014114,0.0,0.0,1.0,4.0,0.3333333333333333,18.0,0.0
6eb314e75c63fad4985fa0ef89f285fd2a287291,ignite,True,2015-11-04 17:16:31,ignite,140.0,17,8,3,2,1,1.1313146886497198,2.3333333333333304,1.33333333333333,10.0,502,502.0,354.0,done,1266.0,2016-03-24 17:07:48,False,2023.0463898889295,5.131845344779964,85.5,0.0428123528393127,0.5,1.0,0.8125,1.5,0.6045454545454546,23.5,0.0
51c0d8055157fedf20a28d206598c7c4c514a7f1,ignite,False,2015-11-04 18:20:46,ignite,,8,6,1,1,1,0.0,21.0,4.0,223.0,0,0.0,0.0,done,3247.0,,False,2120.1522372905406,5.146061394164374,56.333333333333336,0.0320869142260085,0.6666666666666666,0.3333333333333333,0.7008547008547009,1.0,0.6215425531914893,24.666666666666668,0.0015082956259426
dca9e5726130ab3d636d87d556e060b719ebb49e,ignite,False,2015-11-04 22:05:12,ignite,,6,0,1,1,1,0.0,22.0,0.0,226.0,1302,984.5,691.0,done,3247.0,,False,232.14097518292576,4.213476112202783,8.5,0.0368286700198459,0.0,0.0,0.9285714285714286,0.0,1.0,15.5,0.0
c1a6ff7a3819909217c11899632cacaa044c2797,ignite,False,2015-11-05 17:51:24,ignite,,32,7,2,2,1,0.291818256598886,5.0,23.5,16.0,1064,806.0,766.0,done,110.0,,False,96.0,3.9659018197542655,0.0,0.0,0.0,0.0,0.5,0.0,0.0,30.0,0.0
280252ef64bb9268e5f3b4e8442b22606bf5587a,ignite,False,2015-11-09 17:48:33,ignite,,2,0,1,1,1,0.0,7.0,3.0,13.0,165,165.0,72.0,done,196.0,,False,1603.1958593142476,3.789460965789631,75.0,0.0467815579514286,0.0,0.0,1.0,0.0,0.875,11.0,0.0
4ab2bd32535d04a2f70286dd318dbbb32279e36c,ignite,False,2015-11-09 19:40:45,ignite,,0,4,1,1,1,0.0,3.0,0.0,6.0,69,69.0,37.0,done,533.0,,False,1272.9379399539348,5.319359629524447,45.0,0.0353512913611707,1.0,5.0,0.7727272727272727,0.0,0.3333333333333333,23.0,0.0
efc79fbe12f77906ee2ab9266c387bfdc3b887b9,ignite,False,2015-11-09 21:09:36,ignite,,2,2,1,1,1,0.0,1.0,3.0,2.0,167,167.0,73.0,done,1389.0,,False,4555.611847827833,5.424264025997241,122.0,0.0267801568867573,4.0,7.0,0.6666666666666666,4.0,0.3703703703703703,25.0,0.0
ee5a50f4b3124219f3fe2700cccaf64c6d031eb1,ignite,False,2015-11-10 00:11:43,ignite,,1,1,1,1,1,0.0,11.0,4.0,37.0,169,169.0,75.0,done,860.0,,False,574.4796978978362,4.806219451342109,12.0,0.0208884666314771,0.0,0.0,0.5384615384615384,0.0,0.6,18.0,0.0
6ea3b5cbcdfb97ca07e290924068f692a52679fd,ignite,False,2015-11-10 01:04:52,ignite,,2,2,1,1,1,0.0,1.0,3.0,2.0,167,167.0,73.0,done,1389.0,,False,4555.611847827833,5.424264025997241,122.0,0.0267801568867573,4.0,7.0,0.6666666666666666,4.0,0.3703703703703703,25.0,0.0
5e36b267ef65b5ee804d78d73f874c685692e3d9,ignite,False,2015-11-10 01:05:06,ignite,,1,1,1,1,1,0.0,11.0,4.0,37.0,169,169.0,75.0,done,860.0,,False,574.4796978978362,4.806219451342109,12.0,0.0208884666314771,0.0,0.0,0.5384615384615384,0.0,0.6,18.0,0.0
946360aa5438d8fabf0a7df4082ffb83346503ea,ignite,False,2015-11-11 09:01:46,ignite,,9,8,2,2,1,0.997502546369115,1.0,71.0,4.0,1381,973.5,822.0,done,143.0,,False,195.0419599705384,4.7518863910479325,9.0,0.0461439169364349,0.0,0.0,1.0,2.0,0.2,17.0,0.0
50ede23a1079271cd21c338968bf936623416a16,ignite,False,2015-11-11 09:44:27,ignite,,19,7,1,1,1,0.0,5.0,5.0,15.0,1383,975.0,824.0,done,1259.0,,False,790.4530227297214,4.914429916299342,20.0,0.0253019463837746,0.0,0.0,0.8461538461538461,0.0,0.6,19.0,0.0
dbadb45a09dd2a8a2e7e153b9862f71419ea5ecc,ignite,False,2015-11-11 09:45:07,ignite,,9,8,2,2,1,0.997502546369115,1.0,71.0,4.0,1381,973.5,822.0,done,143.0,,False,195.0419599705384,4.7518863910479325,9.0,0.0461439169364349,0.0,0.0,1.0,2.0,0.2,17.0,0.0
569dd21fc049be6cd89df0f24551818ba88f0329,ignite,False,2015-11-11 10:45:10,ignite,,2,2,1,1,1,0.0,4.0,71.0,5.0,1387,979.0,825.0,done,56.0,,False,72.33974351909448,4.615572516654254,3.0,0.0414709792163989,1.0,0.0,1.0,2.0,0.0,30.0,0.0
5887ae4d7a318089bb8b19e56cbecc782be1ba76,ignite,False,2015-11-13 12:44:35,ignite,,19,15,1,1,1,0.0,10.0,73.0,30.0,17,17.0,13.0,done,1824.0,,False,461.8176211830355,5.054874143787939,20.0,0.043307139187903,0.0,0.0,0.9090909090909092,1.0,0.3333333333333333,19.0,0.0
c9cea76656fb00c03811350260bd158ffdf8739a,ignite,False,2015-11-13 20:19:13,ignite,,3,0,1,1,1,0.0,1.0,7.0,2.0,177,177.0,80.0,done,1034.0,,False,5026.9000694285105,5.360725267375513,147.0,0.029242674007783,2.0,9.0,0.8245614035087719,2.0,0.2916666666666667,23.0,0.0
b278fe3e357badcb26e78891d9edb5f31def512c,ignite,True,2015-11-17 19:35:26,ignite,866.0,1,1,1,1,1,0.0,1.0,6.0,5.0,1067,792.5,768.0,done,1408.0,2018-04-02 08:11:46,False,1921.8661408457583,5.034335032888095,43.0,0.0223740868763507,0.0,0.0,0.7096774193548387,4.0,0.4615384615384615,31.0,0.0
c00e4ac48d1d9e0629f8f589612c16c726548152,ignite,False,2015-11-17 21:53:24,ignite,,138,64,3,2,1,0.220176188461791,4.66666666666667,13.333333333333302,26.3333333333333,1069,794.5,770.0,done,2195.0,,False,866.0342917940106,5.100569280152535,29.5,0.0437781222733738,1.0,2.0,0.671875,0.5,0.4833333333333333,25.5,0.0
33ec73f901ca5dba441c6ca4e118d55165f3d25e,ignite,False,2015-11-19 17:43:51,ignite,,1,1,1,1,1,0.0,11.0,72.0,17.0,71,71.0,38.0,done,454.0,,False,999.3789527990976,5.4747026645399055,14.0,0.014008700063963,1.0,0.0,0.7777777777777778,5.0,0.0666666666666666,23.0,0.0
3430586c6ec7b224018b668e0f9e7d8aed012c1d,ignite,False,2015-11-20 20:19:01,ignite,,16,0,1,1,1,0.0,5.0,0.0,22.0,525,525.0,374.0,done,780.0,,True,2764.1104856546026,5.62129377366459,97.5,0.0344705019529432,2.5,20.0,0.8877995642701525,6.5,0.3705547652916074,25.0,0.0
f37863a43bceebcc38af750c403efb35955b70df,ignite,True,2015-11-20 21:19:00,ignite,1017.0,38,27,1,1,1,0.0,1.0,0.0,6.0,528,528.0,376.0,done,2737.0,2018-09-03 13:50:05,False,1517.217077738041,5.1206635804260205,63.0,0.0415233923506346,0.0,0.0,0.8125,4.0,0.1481481481481481,16.0,0.0
0410f0e596390ee28a1f1535e63030442c557988,ignite,False,2015-11-20 21:34:57,ignite,,2,6,1,1,1,0.0,2.0,0.0,2.0,1075,800.5,774.0,done,699.0,,False,239.9198391083661,4.726898393413978,11.5,0.0480745233197535,0.0,0.0,0.6,2.0,0.4027777777777778,22.0,0.0
70746cbd17b4c7b4e3e218d288d82b8f4546b568,ignite,True,2015-11-21 01:11:35,ignite,96.0,21,11,2,2,1,0.448864488723029,6.5,0.5,52.5,1077,802.5,775.0,done,2361.0,2016-02-25 02:45:00,False,991.1252466350412,5.1040617734517735,37.0,0.0374192278372544,1.0,0.0,0.7536764705882353,3.0,0.4523809523809523,23.0,0.0
f17dfd03b3c7db5a8fc54a095ae17a14a1e32455,ignite,False,2015-11-21 01:57:51,ignite,,2,1,1,1,1,0.0,18.0,3.0,86.0,1078,803.5,776.0,done,2598.0,,False,594.3410071295073,5.286314041621539,24.0,0.0403808583155198,1.0,0.0,0.6666666666666666,1.0,0.3333333333333333,17.0,0.0
ae5fb3e387bb2e349b4a9e12ebf9c72012e3a380,ignite,False,2015-11-21 03:05:19,ignite,,2,1,1,1,1,0.0,5.0,0.0,10.0,1080,805.5,778.0,done,99.0,,False,100.0,3.87058909800193,0.0,0.0,0.0,0.0,0.1428571428571428,0.0,0.0,29.0,0.0
df859c0a1b3c493d7df56a3e76699cac6169a06a,ignite,False,2015-11-21 21:17:06,ignite,,6,3,1,1,1,0.0,24.0,0.0,235.0,1083,808.5,780.0,done,3319.0,,False,4337.851351704813,5.368236942661173,118.0,0.027202407466919,1.0,0.0,0.796875,0.0,0.7551020408163265,25.0,0.0
5d224f192cee59b9f7dee2a0741c5b334657b845,ignite,False,2015-11-22 06:14:52,ignite,,2,2,1,1,1,0.0,8.0,0.0,41.0,1392,977.0,828.0,done,2493.0,,False,3114.55774771733,5.379450463057442,121.0,0.0388498174704518,2.0,3.0,0.9473684210526316,1.0,0.4,20.0,0.0
15877a8baf8ab32efb2e3f945d7a993205ab11ae,ignite,False,2015-11-22 19:43:59,ignite,,3,3,1,1,1,0.0,12.0,2.0,47.0,1,1.0,1.0,done,1754.0,,False,2997.8191432025324,5.4317039048079145,39.5,0.017058212338718,0.0,1.0,0.7359625668449198,1.0,0.325,29.5,0.0
96ae696f1cb7aad3fce47c3dd7e43699b0d78fff,ignite,False,2015-11-23 17:45:41,ignite,,15,2,1,1,1,0.0,1.0,0.0,8.0,530,530.0,378.0,done,2781.0,,False,353.67587131976126,4.693506880024054,18.333333333333332,0.0461890011243279,0.3333333333333333,0.6666666666666666,0.3,0.6666666666666666,0.7555555555555555,10.666666666666666,0.0
19d2dd0571ba1e92593da50b8b35b35e2fb7b6e7,ignite,True,2015-11-23 18:08:26,ignite,535.0,140,34,6,3,1,2.31653804693203,0.333333333333333,4.16666666666667,1.8333333333333304,53,53.0,53.0,done,188.0,2017-05-12 10:56:25,False,760.9786726798363,5.302672799351268,12.0,0.0157691672983964,1.0,0.0,0.8333333333333334,0.0,0.625,19.0,0.0
eeb91429f09c3525779e2d67e9e1bf4f24da72d1,ignite,False,2015-11-24 02:03:50,ignite,,17,4,4,3,1,1.6511972890008,3.5,6.75,22.75,1090,813.5,784.0,done,3151.0,,False,497.854316345068,4.4891975490660645,17.25,0.0561666190228902,0.5,1.0,0.824404761904762,1.0,0.4612745098039216,20.25,0.0
eee3b21b10a2ddbc131254fd2d077d95db9340de,ignite,False,2015-11-24 18:35:43,ignite,,36,16,7,5,1,2.2246559165132203,1.42857142857143,7.571428571428571,6.142857142857139,1095,818.5,787.0,done,3671.0,,False,825.4506656283098,5.208343031702202,11.0,0.0135913651392411,0.0,0.0,0.4307692307692308,0.0,0.1625,16.0,0.0
4844b3edafe2ec3d5eaf93ce56a87c45e2b8e950,ignite,False,2015-11-24 20:41:08,ignite,,7,1,4,2,1,1.9056390622295705,3.75,7.75,23.75,1097,820.5,788.0,done,2977.0,,False,718.5317097055083,4.964523725244699,23.75,0.0319479680123642,0.25,0.5,0.773635477582846,1.0,0.3747294372294372,20.25,0.0
dafad526f84ecbf503135c7538ffef07dd5e1c4f,ignite,False,2015-11-25 09:34:37,ignite,,5,4,1,1,1,0.0,17.0,1.0,132.0,1394,978.5,830.0,done,2391.0,,False,178.6167092893615,4.840701504557995,6.0,0.0336147610604066,0.0,0.0,1.0,1.0,0.4,18.0,0.0
e02edcd36d79f1e107c2ebe5096238f2f2a62a23,ignite,False,2015-11-26 00:34:42,ignite,,5,3,1,1,1,0.0,4.0,86.0,5.0,23,23.0,18.0,done,776.0,,False,1140.0,4.118416685112479,2.0,0.0017543859649122,0.0,0.0,0.0714285714285714,0.0,0.0,32.0,0.0
97270bf3ec5a220f44b21ba6fbaf254a9c0a6c08,ignite,False,2015-11-26 00:56:15,ignite,,2,0,1,1,1,0.0,2.0,86.0,2.0,24,24.0,19.0,done,110.0,,False,862.2086519796673,4.881468554259388,34.0,0.0394336103238288,1.0,0.0,0.8,0.0,0.4545454545454545,22.0,0.0
0be5deaa14ec81af29437702b9f468d8d5f5a891,ignite,False,2015-11-26 06:22:46,ignite,,3,5,1,1,1,0.0,15.0,0.0,80.0,1308,969.0,694.0,done,1333.0,,False,1689.4132405114635,5.262760663187849,11.0,0.0065111363734013,0.0,0.0,0.8611111111111112,2.0,0.3333333333333333,25.0,0.0
afcf0ab5e5d8e33351cf37790894c1d71ac6cc65,ignite,False,2015-11-26 15:21:50,ignite,,11,0,1,1,1,0.0,2.0,1.0,10.0,1104,824.0,793.0,done,857.0,,False,1275.1085275760206,5.1995988622835885,45.0,0.0352911136791979,1.0,0.0,0.9333333333333332,1.0,0.1428571428571428,25.0,0.0
28d6e006c40b83fc8744b44312e74779264c0265,ignite,False,2015-11-26 15:55:24,ignite,,6,0,2,1,1,1.0,6.0,45.5,18.5,2491,2095.0,1746.0,done,1306.0,,False,215.6370169362544,4.415064221357606,12.0,0.0590875729774535,0.0,0.0,0.8846153846153846,1.0,0.3392857142857143,17.5,0.0
d99fc8d12e9dd022eaa9664437fe1ff9b19d6863,ignite,False,2015-11-26 17:12:48,ignite,,2,0,1,1,1,0.0,4.0,1.0,14.0,2493,2096.5,1748.0,done,588.0,,False,187.29612798276648,4.2961497289651875,9.0,0.0480522480466233,0.0,0.0,1.0,1.0,0.0,17.0,0.0
49763619f9220a794d3453944a7fc8dda9ce4d44,ignite,False,2015-11-26 19:24:41,ignite,,0,10,3,2,1,1.15677964944704,7.0,0.666666666666667,99.6666666666667,1109,829.0,796.0,done,5335.0,,False,1020.1498634571428,5.128115255012458,35.0,0.0350727474749683,0.5,0.5,0.6664724164724165,2.75,0.3566520467836257,21.25,0.0
19680d6dbabe843f4db009c0aa5380178e62d5ef,ignite,False,2015-11-27 15:27:32,ignite,,7,0,1,1,1,0.0,6.0,87.0,11.0,1113,832.0,798.0,done,238.0,,False,307.16017124398627,4.608104576461115,15.0,0.0488344564311531,0.0,0.0,0.7272727272727273,1.0,0.2857142857142857,12.0,0.0
96efa387e21b8d749800bb3e661faec630e10896,ignite,False,2015-11-27 16:09:09,ignite,,1,1,1,1,1,0.0,10.0,6.0,61.0,2502,2104.0,1754.0,done,5873.0,,False,2562.8442410059565,5.181313813691506,96.0,0.0374583825516912,0.0,0.0,0.7435897435897436,1.0,0.48,25.0,0.0
2d62bbb96b568b0cf45f29540a2b440f1cbb0a34,ignite,False,2015-11-27 17:07:49,ignite,,16,10,1,1,1,0.0,3.0,1.0,7.0,2504,2106.0,1755.0,done,1436.0,,False,1173.765061482099,5.3559499739962675,21.0,0.0176456971438588,0.5,0.0,0.5655270655270654,2.0,0.3095238095238095,27.0,0.0
712e62bd241cecac969d022461fc048453b3db6b,ignite,False,2015-11-27 19:12:55,ignite,,7,1,1,1,1,0.0,4.0,0.0,7.0,2507,2109.0,1757.0,done,416.0,,False,447.6733927282584,5.063748870539819,15.0,0.0335065702890793,1.0,0.0,0.5384615384615384,1.0,0.2727272727272727,13.0,0.0
1727df6a334b3cc879ca7bc9dd76e6f52f1e027a,ignite,False,2015-11-27 20:44:05,ignite,,6,0,1,1,1,0.0,2.0,22.0,7.0,99,99.0,74.0,done,494.0,,False,3132.3340719983435,5.703904398070834,42.0,0.0134085314767224,1.0,6.0,0.6382978723404256,5.0,0.3181818181818182,32.0,0.0
95ab2310d2db49baadceefe3e667a3e1c930c926,ignite,False,2015-11-27 20:45:19,ignite,,1,1,1,1,1,0.0,8.0,87.0,13.0,100,100.0,75.0,done,184.0,,False,467.0655486964791,4.747974782976662,22.0,0.0471025963302136,2.0,0.0,0.375,0.0,0.5555555555555556,19.0,0.0
9b01be3ae237befe94574cfe32f3375ee45ff1ec,ignite,False,2015-11-27 22:49:07,ignite,,2,0,1,1,1,0.0,4.0,0.0,8.0,2510,2111.5,1759.0,done,422.0,,False,274.78587335407707,4.5172182785886905,15.0,0.0545879590420998,0.0,0.0,0.9,1.0,0.4285714285714285,17.0,0.0
f3cb64e375ff97a35b25ec0687b7d599f212afbd,ignite,False,2015-11-27 23:39:46,ignite,,5,6,1,1,1,0.0,4.0,88.0,6.0,101,101.0,76.0,done,156.0,,False,224.19696338141813,4.777330066617245,3.75,0.0166262998671309,0.5,0.0,0.5277777777777778,0.0,0.6291666666666667,24.25,0.0
0c03b916a4608e35993eeff276e2e12638930d52,ignite,False,2015-11-28 02:27:29,ignite,,7,7,1,1,1,0.0,24.0,4.0,237.0,1316,974.0,699.0,done,3322.0,,False,471.894037558937,4.291628277729285,14.0,0.0296676772447066,0.0,0.0,0.8181818181818182,1.0,0.5,20.0,0.0
6a95f88d4cea59d70dd02628b23be976dcb9f6d9,ignite,False,2015-11-28 02:40:05,ignite,,6,2,1,1,1,0.0,1.0,88.0,1.0,1317,975.0,700.0,done,357.0,,False,740.7770317989222,5.234629424027127,22.0,0.0296985449813078,1.0,0.0,0.3333333333333333,0.0,0.0909090909090909,20.0,0.0
a2cdc73afd54e02c86ede0d6e81ed280d4b0aff0,ignite,False,2015-11-28 04:33:02,ignite,,11,0,1,1,1,0.0,7.0,49.0,13.0,3,3.0,3.0,done,263.0,,False,477.7912193806817,5.222871804464361,18.0,0.0376733587179182,0.0,0.0,1.0,0.0,0.5454545454545454,23.0,0.0
8a822d81adf3a903b84daf17a11e642309576528,ignite,True,2015-11-28 04:51:04,ignite,48.0,2,0,1,1,1,0.0,6.0,0.0,13.0,4,4.0,4.0,done,283.0,2016-01-15 07:27:48,False,176.41891628622352,4.707307882090626,16.0,0.09069322234154,1.0,0.0,0.75,3.0,0.0,20.0,0.0
ee5d9fd8beb3d6bf29ee2e932d4c1fe374e6dffc,ignite,False,2015-11-28 21:01:57,ignite,,8,0,1,1,1,0.0,1.0,4.0,2.0,2512,2113.5,1760.0,done,233.0,,False,361.20986172877406,4.414881514857561,14.0,0.0387586317078805,0.0,0.0,0.6875,1.0,0.2,16.0,0.0
a5d9993199a51d2d6d6203b7f725b11182c4d632,ignite,True,2015-11-28 22:00:50,ignite,116.0,9,3,1,1,1,0.0,2.0,1.0,8.0,2513,2114.5,1761.0,done,574.0,2016-03-24 17:07:48,False,4151.378282758451,5.725656284038786,167.0,0.0402276036114526,1.0,2.0,0.9655172413793104,2.0,0.3469387755102041,22.0,0.0
0b61333a34be7fac8309ce050aa383f757f6187e,ignite,False,2015-11-29 23:11:08,ignite,,1,1,1,1,1,0.0,24.0,1.0,239.0,1119,838.0,803.0,done,3321.0,,False,460.74025686597935,4.187536213411089,14.0,0.0303858840016064,0.0,0.0,0.9,1.0,0.5,29.0,0.0
eeb584d070f72ab5457135ad15217316d75bba6a,ignite,False,2015-11-30 20:49:29,ignite,,1,1,1,1,1,0.0,4.0,3.0,5.0,198,198.0,91.0,done,45.0,,True,72.33974351909448,4.279720852464462,4.0,0.0552946389551986,0.0,0.0,0.75,1.0,0.3333333333333333,12.0,0.0
0fcc1d18f7d403588e2f018458b1d16c81ed131c,ignite,False,2015-11-30 21:15:06,ignite,,4,0,1,1,1,0.0,9.0,6.0,41.0,2514,2115.5,1762.0,done,1054.0,,False,304.0280025837857,4.567538316310348,26.0,0.0858099833088329,0.0,0.0,0.45,1.5,0.65625,13.5,0.0
8e605e9f33c99a4f8404bff3dd8902f4b08704da,ignite,False,2015-11-30 22:45:27,ignite,,3,3,1,1,1,0.0,7.0,90.0,23.0,1320,977.0,703.0,done,242.0,,False,247.25415011250035,4.4771260104123485,12.0,0.0485330579670351,0.0,0.0,0.8888888888888888,0.0,0.2,11.0,0.0
407bf939a8beae32108cdb60bfba3efe3cc8d7c1,ignite,False,2015-11-30 22:49:14,ignite,,10,5,2,2,1,0.970950594454669,4.0,86.5,10.0,5,5.0,5.0,done,495.0,,False,615.6873322477777,4.988719988787496,17.0,0.018104259678004,0.0,0.0,0.6908212560386473,0.0,0.0384615384615384,16.5,0.0
eed4b1c245d8a22d4e9ae2ce7200089025c8c5ae,ignite,False,2015-11-30 23:09:15,ignite,,2,1,1,1,1,0.0,12.0,90.0,47.0,6,6.0,6.0,done,643.0,,False,5089.017483896229,5.26237396262801,124.0,0.0243661964991057,1.0,0.0,0.3720930232558139,1.0,0.35,27.0,0.0
776af1a5aade09174422de9b8f5d04f1ce50d458,ignite,False,2015-11-30 23:32:59,ignite,,1,0,1,1,1,0.0,7.0,0.0,24.0,1321,978.0,704.0,done,242.0,,False,276.9049167222716,4.49835627426404,13.0,0.0469475231927306,0.0,0.0,0.9,0.0,0.2,11.0,0.0
e11e4cb5362899f9f5429cbb4683063ad036b8cd,ignite,False,2015-12-01 19:36:52,ignite,,3,0,1,1,1,0.0,8.0,91.0,24.0,2518,2119.5,1765.0,done,261.0,,False,252.0090376146638,4.445081629015823,13.0,0.0515854515498675,0.0,0.0,0.7,1.0,0.4,17.0,0.0
c850ae474e1d60bf4e927206b580af19e7f208bb,ignite,True,2015-12-01 20:17:59,ignite,217.0,2,2,1,1,1,0.0,16.0,0.0,119.0,2519,2120.5,1766.0,done,3692.0,2016-07-06 07:47:41,False,495.96190989910104,4.759582415530502,24.0,0.0490896592920473,0.5,0.0,0.7914438502673797,1.0,0.65,14.0,0.0
74f93b650c40b8551b333dfbc486e549fc38f41e,ignite,True,2015-12-01 21:25:11,ignite,370.0,7,5,1,1,1,0.0,3.0,0.0,8.0,2521,2122.5,1768.0,done,1414.0,2016-12-06 09:55:41,False,324.84344337822296,4.336621967552552,9.333333333333334,0.0262575808037121,0.3333333333333333,0.0,0.5303030303030303,2.0,0.2424242424242424,13.666666666666666,0.0
022cdafec2f23651c8de82ae7bd9bd5f37999e21,ignite,False,2015-12-01 22:36:59,ignite,,7,5,1,1,1,0.0,11.0,3.0,60.0,1326,981.5,708.0,done,963.0,,False,2699.246070754869,5.827555502999548,72.0,0.0266741149612434,2.0,0.0,0.7222222222222222,3.0,0.3636363636363636,27.0,0.0
c38976319154e13a320ab1b161d2caa8b7b82d35,ignite,False,2015-12-01 22:39:57,ignite,,0,2,1,1,1,0.0,16.0,4.0,175.0,77,77.0,42.0,done,5578.0,,False,515.4951516966993,5.029692804278163,27.0,0.0523768262633164,1.0,0.0,0.5625,0.0,0.1111111111111111,19.0,0.0
e0c970a5fe46940ac9ab2355dd5913f2f7fc2a69,ignite,False,2015-12-01 23:11:03,ignite,,1,1,1,1,1,0.0,3.0,22.0,7.0,600,392.0,276.0,done,529.0,,False,460.7494723971552,4.877524828038196,4.0,0.0086815074994857,0.0,0.0,0.75,1.0,0.0,19.0,0.0
c4d29f987939f114f54a0d2cbf5837e1066015d4,ignite,False,2015-12-03 00:02:05,ignite,,1,4,1,1,1,0.0,2.0,3.0,9.0,1327,982.5,709.0,done,1836.0,,False,235.53074858920888,4.818798471713728,13.0,0.0551944919203454,0.0,0.0,0.8333333333333334,1.0,0.4285714285714285,12.0,0.0
bd99d1ea7fa58aac1fb2e4195b97a673b111ed9d,ignite,False,2015-12-03 01:35:42,ignite,,18,0,2,2,1,0.650022421648354,8.5,52.5,42.0,1122,839.5,806.0,done,2068.0,,False,1361.0551257444306,5.074364966106678,34.0,0.0249806193422207,1.0,0.0,0.7391304347826086,1.0,0.3636363636363636,22.0,0.0
dc0131da6582fb0f0d1ff25c62eb7462e5f460af,ignite,False,2015-12-03 22:52:26,ignite,,1,1,1,1,1,0.0,13.0,7.0,54.0,203,203.0,95.0,done,1127.0,,False,4236.688921647324,5.031487521592884,120.0,0.0283240054248167,1.0,15.0,0.8787878787878788,3.0,0.2222222222222222,21.0,0.0
4ba911f0a4dfbfffd8bef019dcbaa284c5d98bf3,ignite,False,2015-12-04 00:00:58,ignite,,4,6,4,3,1,1.97095059445467,0.25,0.0,1.0,31,31.0,18.0,done,100.0,,False,631.1007625814906,4.897686328696292,24.0,0.0380287925842919,1.0,1.0,0.7058823529411765,0.0,0.6923076923076923,25.0,0.0
e6f6f407ef4f0c3555fd80fe5ba328739d94e3f0,ignite,False,2015-12-04 17:14:49,ignite,,4,2,1,1,1,0.0,4.0,2.0,8.0,23,23.0,18.0,done,529.0,,False,589.3307205079892,4.862400927732708,21.0,0.0356336421456164,0.0,0.0,0.8,0.0,0.5,18.0,0.0
11d668b2f77b12e7dc9bbc8ebdbfeb5e2ddad716,ignite,False,2015-12-04 17:52:14,ignite,,14,0,1,1,1,0.0,6.0,10.0,24.0,72,72.0,39.0,done,1951.0,,True,550.225258171235,5.172596450092352,13.0,0.023626687083046,0.0,0.0,0.5714285714285714,1.0,0.3333333333333333,19.0,0.0
e5de23e9b61acc435ead4e70be9970a307906dbb,ignite,False,2015-12-04 18:11:15,ignite,,7,9,1,1,1,0.0,2.0,0.0,5.0,79,79.0,44.0,done,218.0,,False,626.4680370649944,5.188587348091644,25.0,0.0399062657962968,2.0,0.0,0.5454545454545454,1.0,0.5555555555555556,30.0,0.0
8033bc46df9087971e72187ff75557749cee3f7b,ignite,False,2015-12-06 17:38:17,ignite,,3,4,1,1,1,0.0,9.0,92.0,39.0,206,206.0,149.0,done,212.0,,False,412.39612135735945,5.373365587568607,12.0,0.0290982368129536,0.0,0.0,1.0,2.0,0.3333333333333333,15.0,0.0
11b426297cffcb98b6dd374cfc88184b2b04246f,ignite,False,2015-12-07 19:08:39,ignite,,10,1,3,3,1,1.4353713907745302,2.3333333333333304,14.0,4.0,207,207.0,97.0,done,37.0,,False,108.0,4.1223941428754465,3.0,0.0277777777777777,0.0,0.0,0.6666666666666666,0.0,1.0,17.0,0.0
8ca163bd0f06cc832df126733dbbe50cea35c2ac,ignite,True,2015-12-08 21:46:10,ignite,71.0,20,11,2,1,1,0.938315352233407,5.0,42.0,13.0,210,210.0,98.0,done,629.0,2016-02-18 06:28:10,False,718.5519450485302,4.830512867784233,13.333333333333334,0.0191195456311276,0.6666666666666666,1.0,0.3259740259740259,0.0,0.2853535353535353,34.666666666666664,0.0
3a340034056f5da0ca00ed88e128b59cc28381d2,ignite,False,2015-12-08 22:02:36,ignite,,33,11,2,2,1,0.266764987803026,1.0,19.0,4.0,80,80.0,45.0,done,216.0,,False,1032.3406331955107,5.292518243169214,33.0,0.0319661930751012,2.0,0.0,0.6,1.0,0.5384615384615384,30.0,0.0
b541daf0bc9193dc0aa78b27efa610b26e49bec7,ignite,False,2015-12-10 12:13:39,ignite,,17,13,1,1,1,0.0,4.0,16.0,25.0,27,27.0,20.0,done,763.0,,False,5240.652902059622,5.100856335495205,161.0,0.0307213629692448,3.0,0.0,0.6774193548387096,5.0,0.217391304347826,25.0,0.0
6a7913c7614487993dd9ba97a2216952654726d8,ignite,False,2015-12-10 16:22:55,ignite,,8,1,2,1,1,0.5032583347756461,2.0,1.0,7.5,2538,2018.5,1783.0,done,1443.0,,False,1157.0744648404911,5.387773069477361,19.0,0.0164207236244032,0.0,0.0,0.6071428571428571,0.0,0.3846153846153846,31.0,0.0
941323243a53ec502b928e5a71ef2289f14245c0,ignite,False,2015-12-10 17:02:07,ignite,,1,1,1,1,1,0.0,3.0,0.0,10.0,2539,2019.0,1784.0,done,1449.0,,False,1173.0072553678342,5.386579288274406,19.0,0.0161976832735292,0.0,0.0,0.5862068965517241,0.0,0.3846153846153846,31.0,0.0
67f4afa2313af750a933b81b912c9ba504d8ec4e,ignite,False,2015-12-10 20:01:32,ignite,,2,2,1,1,1,0.0,8.0,100.0,19.0,1329,983.5,89.0,done,145.0,,False,672.0902501875006,4.736464465297153,22.0,0.0327336990736919,0.0,0.0,0.8571428571428571,1.0,0.6666666666666666,18.0,0.0
46872d619b14366c40e1905579e7bcd05f7a4321,ignite,False,2015-12-10 22:45:04,ignite,,4,2,1,1,1,0.0,5.0,0.0,8.0,2545,2021.5,1788.0,done,478.0,,False,434.2749972699004,4.34942792269327,13.5,0.032229904442263,0.0,0.0,0.5714285714285714,0.0,0.7916666666666667,14.0,0.0
5c2325765fe8370118ef135231632776443ea454,ignite,False,2015-12-11 00:56:36,ignite,,4,4,3,2,2,1.5,1.0,97.6666666666667,2.0,1129,836.0,1.55001762914767,done,560.0,,False,702.37471855109,4.813013119930717,26.5,0.0376629577696555,0.0,0.0,0.5729166666666667,1.0,0.7083333333333333,26.0,0.0
3f676bc369541c5284ffb9865956296476f0aeb5,ignite,False,2015-12-11 01:03:53,ignite,,1,1,1,1,1,0.0,1.0,7.0,2.0,34,34.0,21.0,done,100.0,,False,24.0,4.277613436819114,1.0,0.0416666666666666,0.0,0.0,1.0,0.0,1.0,11.0,0.0
dfbca79ecc976116557fdf1e58a2c4b2ee6962d7,ignite,False,2015-12-11 01:20:34,ignite,,1,1,1,1,1,0.0,2.0,0.0,3.0,1130,837.0,41.0,done,330.0,,False,451.79223254686417,4.447964357752804,13.0,0.0287742884084478,0.0,0.0,0.8571428571428571,0.0,0.5,15.0,0.0
5ba664c48d94f60358bb06d5cfc8d62e7ec1b586,ignite,False,2015-12-11 01:24:22,ignite,,1,1,1,1,1,0.0,2.0,0.0,4.0,1131,838.0,42.0,done,330.0,,False,451.79223254686417,4.447964357752804,13.0,0.0287742884084478,0.0,0.0,0.8571428571428571,0.0,0.5,15.0,0.0
1bc137394e7530096f10cf5f38f4982d6c1115f3,ignite,False,2015-12-11 02:07:16,ignite,,8,24,2,1,1,1.0,1.0,12.0,2.0,1333,987.5,90.0,done,189.0,,False,70.73755641673918,4.010404484527795,4.0,0.0568196467734668,0.0,0.0,1.0,3.0,0.2291666666666666,13.5,0.0
e1554df4511eedf15b9471ca3f078a9d6c475129,ignite,False,2015-12-11 15:52:25,ignite,,7,1,1,1,1,0.0,8.0,21.0,28.0,2549,2025.5,1790.0,done,259.0,,False,263.1064654996005,4.706929746518422,10.0,0.0380074278334873,0.0,0.0,0.6666666666666666,2.0,0.6666666666666666,15.0,0.0
40d7fcdc6cd37dba5f37c467c82dd006608bf543,ignite,False,2015-12-11 17:27:12,ignite,,2,2,1,1,1,0.0,13.0,7.0,96.0,2550,2026.5,1791.0,done,1659.0,,False,97.67226489021296,3.9964393446710136,4.0,0.0409532839695704,0.0,0.0,0.6,0.0,1.0,12.0,0.0
9d478ae5634e712143c9ea45801e612ec9b65bfd,ignite,False,2015-12-11 18:17:07,ignite,,6,0,1,1,1,0.0,12.0,13.0,42.0,1132,839.0,43.0,done,321.0,,False,568.6917501586544,4.794244204259553,20.0,0.0351684370213219,0.0,0.0,0.9,0.0,0.1111111111111111,22.0,0.0
4ae6292cface325f21237db5d18ce77dee380072,ignite,False,2015-12-14 16:08:29,ignite,,12,7,1,1,1,0.0,1.0,2.0,1.0,554,554.0,393.0,done,1859.0,,False,1601.9498382655688,5.188623882774494,43.0,0.0268422886740049,1.0,0.0,0.9473684210526316,2.0,0.0833333333333333,21.0,0.0
3db14482091d01e96e1ae40a15cb903c3adcddbd,ignite,False,2015-12-14 16:19:24,ignite,,9,1,1,1,1,0.0,1.0,2.0,2.0,556,556.0,394.0,done,1100.0,,False,213.6173847296373,4.1792487340138536,2.0,0.0093625338711607,0.0,0.0,0.0909090909090909,0.0,0.0,23.0,0.0
acb57c5eb95d11ebde5557618226d80f25ac610c,ignite,False,2015-12-14 16:40:57,ignite,,16,10,1,1,1,0.0,24.0,2.0,243.0,2555,2026.0,1796.0,done,3333.0,,False,510.9050971091869,4.824166727991073,15.0,0.029359660110798,0.0,0.0,0.5833333333333334,0.0,0.5714285714285714,20.0,0.0
beb64c34c271b7eac1388179b11f042b34fa0d60,ignite,True,2015-12-14 17:34:07,ignite,287.0,7,3,1,1,1,0.0,2.0,0.0,3.0,2560,2031.0,1800.0,done,217.0,2016-09-27 12:17:05,False,584.0870508884021,4.9894654505340315,16.0,0.0325625865792375,0.0,0.0,0.868421052631579,0.5,0.4166666666666666,15.0,0.0
4291edca326be4eafde331001238a9181333fbfc,ignite,False,2015-12-14 18:01:51,ignite,,100,86,1,1,1,0.0,2.0,20.0,2.0,2562,2033.0,1801.0,done,2235.0,,False,1503.2017703895226,5.168266720875935,41.36363636363637,0.038055828286981,1.3636363636363635,0.6363636363636364,0.681892448775519,1.181818181818182,0.1461914600550964,25.09090909090909,0.0
345fc27d90f8ae28697fc021d55c7b7a015faeee,ignite,False,2015-12-14 18:18:16,ignite,,3,3,1,1,1,0.0,16.0,0.0,178.0,2563,2034.0,1802.0,done,5587.0,,False,724.7553755646871,4.966560789847145,23.0,0.0312406970093426,0.5,0.0,0.358974358974359,0.0,0.3166666666666666,22.0,0.0
3d9be34c104cc2e89e2422e4f9c3f126449c8162,ignite,False,2015-12-14 19:31:40,ignite,,11,14,1,1,1,0.0,7.0,24.0,21.0,2567,2038.0,1805.0,done,1062.0,,False,2277.0228712353182,5.65482191604855,25.666666666666668,0.0116060817724221,1.0,0.0,0.6170919723551301,3.3333333333333335,0.123015873015873,19.333333333333332,0.0
84b9f58ebd1b07e88870c11973ce4e47d256a0b5,ignite,False,2015-12-14 21:32:30,ignite,,2,0,1,1,1,0.0,7.0,104.0,30.0,223,223.0,108.0,done,441.0,,False,634.4622123850186,4.983559247096545,22.0,0.0346750359131702,0.0,0.0,0.8461538461538461,4.0,0.3076923076923077,16.0,0.0
6703375a5e6ad00bed74b7b7b513483bec636f37,ignite,True,2015-12-14 23:31:41,ignite,9.0,6,3,1,1,1,0.0,11.0,105.0,28.0,1336,990.5,93.0,done,245.0,2015-12-24 13:26:39,False,410.0,4.963524904984533,16.0,0.0390243902439024,0.0,0.0,0.6666666666666666,1.0,0.7,17.0,0.0
1100893a6f02ed7dede6cc3d3d8b71ba8e73dfeb,ignite,False,2015-12-15 15:23:38,ignite,,6,4,1,1,1,0.0,17.0,3.0,80.0,2571,2042.0,1809.0,done,2091.0,,False,1345.133320014201,4.960889934799608,50.0,0.03717103669655,0.0,0.0,0.9210526315789472,2.0,0.4375,16.0,0.0
4b3fcfb62fbded61d854d5404bdaba0b7f2637a3,ignite,False,2015-12-15 21:21:50,ignite,,6,4,1,1,1,0.0,2.0,12.0,3.0,227,227.0,110.0,done,507.0,,False,446.6290322470674,4.792592965225387,16.0,0.0375747355247709,1.0,0.0,0.675,4.0,0.2857142857142857,31.0,0.0
be57765eabe1fb0ca2dd9bce50d8260a690b054e,ignite,False,2015-12-15 22:07:58,ignite,,14,16,2,1,1,1.0,0.5,0.0,1.0,386,385.5,246.0,done,148.0,,False,394.16938925930685,5.0042627040639,8.0,0.0229481832234106,0.5,0.0,0.8194444444444444,1.0,0.125,16.0,0.0
301d522798f0abab6ce77ef25bcb8e737e9ec2e1,ignite,False,2015-12-15 22:08:55,ignite,,1,1,1,1,1,0.0,2.0,0.0,4.0,230,230.0,112.0,done,509.0,,False,11.60964047443681,3.8073549220576055,0.0,0.0,0.0,0.0,0.0,0.0,0.0,8.0,0.0
ed5f2798fe18896db0d3d7c169f04c72ff056eee,ignite,False,2015-12-16 00:20:24,ignite,,4,3,1,1,1,0.0,2.0,4.0,3.0,1337,991.5,94.0,done,168.0,,False,1089.5844650937283,4.826395007376721,38.0,0.0348756807915127,0.0,0.0,0.8666666666666667,1.0,0.7777777777777778,25.0,0.0
a586b49aec8671b4485886ed0ccbe0e011fe4a3e,ignite,False,2015-12-16 15:04:40,ignite,,1,2,1,1,1,0.0,3.0,106.0,3.0,2579,2049.0,1814.0,done,376.0,,False,432.38462934720286,4.960722015585384,13.0,0.0300658236154853,1.0,0.0,0.3636363636363636,0.0,0.1666666666666666,28.0,0.0
85ec80870e640725d4e532f9a3c1b3de304fc6de,ignite,False,2015-12-16 15:49:33,ignite,,8,0,1,1,1,0.0,1.0,0.0,4.0,2580,2049.5,1815.0,done,4400.0,,False,1182.2564907460833,5.3533427523102555,47.0,0.0397544867529886,4.0,2.0,0.64,0.0,0.3181818181818182,24.0,0.0
490f552b7a7a205a5dc2d34051c365ccc8e9f205,ignite,False,2015-12-16 17:50:03,ignite,,22,1,1,1,1,0.0,16.0,4.0,141.0,2581,2050.5,1816.0,done,4113.0,,False,2150.026094589284,5.707243807601201,55.333333333333336,0.0264602763924968,0.0,0.0,0.5823620823620824,6.666666666666667,0.1303258145363408,20.333333333333332,0.0
6fedd27fc3dcf41e657df9b7d2d3ca87a0006c0b,ignite,False,2015-12-16 19:26:26,ignite,,2,2,1,1,1,0.0,3.0,6.0,11.0,32,32.0,23.0,done,245.0,,False,878.3800866437533,4.935633203523881,32.5,0.0405611698341542,0.5,0.0,0.7553763440860215,1.5,0.1521739130434782,29.5,0.0
ea64f3abed69052f34bc743cb32903ab5051660c,ignite,False,2015-12-16 21:18:58,ignite,,9,1,4,4,2,1.68547529722733,9.75,4.5,136.0,231,231.0,0.124794663425135,done,3339.0,,False,10523.237111846702,6.010347393445764,189.0,0.0179602529137379,1.0,3.0,0.5813953488372093,10.0,0.45,27.0,0.0
5f26538d7ac7838500259e9213abf26db50da9d9,ignite,False,2015-12-17 17:58:32,ignite,,21,14,1,1,1,0.0,24.0,0.0,245.0,2584,2052.5,1819.0,done,3340.0,,False,695.9688064631837,5.0992891354743115,22.0,0.0316106121361974,0.0,0.0,0.7692307692307693,0.0,0.4444444444444444,20.0,0.0
e599f44b2f8b90b9dde0de8e374f42cec8b61358,ignite,False,2015-12-17 19:28:38,ignite,,2,0,1,1,1,0.0,5.0,21.0,6.0,1138,835.5,818.0,done,778.0,,False,1202.1413684220165,4.833800165101868,37.0,0.0307784100704959,0.0,0.0,0.5454545454545454,0.0,0.3333333333333333,23.0,0.0
d5a56da6b2503ef06cd3620a24f487988c2be5e2,ignite,False,2015-12-18 15:40:35,ignite,,2,0,1,1,1,0.0,1.0,1.0,1.0,2585,2051.5,1820.0,done,475.0,,False,1814.97603160146,5.626555121561335,8.0,0.0044077717064622,0.0,0.0,0.8064516129032258,0.0,0.3636363636363636,19.0,0.0
7ff475999116174852222e3562b8de73e943bd78,ignite,False,2015-12-18 18:43:55,ignite,,2,1,1,1,1,0.0,2.0,4.0,7.0,570,570.0,404.0,done,302.0,,False,398.08422511105806,5.033412856881834,5.0,0.0125601560790435,0.0,0.0,0.5,0.0,0.0,16.0,0.0
d391daaf24f0f1545e223d6d47d58ba8c592e850,ignite,False,2015-12-18 21:09:55,ignite,,1,1,1,1,1,0.0,1.0,0.0,1.0,209,209.0,151.0,done,416.0,,False,684.9216825510696,4.834947146865567,21.0,0.0306604397772648,0.0,0.0,0.7692307692307693,1.0,0.4285714285714285,23.0,0.0
66b33bc0ce10ccb5c8cbeb91dc9c3fdc75c7f6c2,ignite,False,2015-12-23 18:17:48,ignite,,1,1,1,1,1,0.0,10.0,1.0,39.0,581,581.0,411.0,done,1790.0,,False,706.8545250494954,4.89446166931537,19.0,0.0268796468391704,0.0,0.0,0.6086956521739131,0.0,0.2857142857142857,31.0,0.0
60eec118428bc06f3107fee3ad55dd9a1c6d5cf3,ignite,False,2015-12-23 19:35:14,ignite,,5,0,1,1,1,0.0,13.0,1.0,102.0,243,243.0,118.0,done,2448.0,,False,329.0307802698764,4.519097296262018,12.0,0.0364707520377194,0.0,0.0,1.0,1.0,0.0,19.0,0.0
77e77e40fb9463ba3bccd01ddf3231ff9ef6f327,ignite,False,2015-12-24 16:25:23,ignite,,2,3,1,1,1,0.0,3.0,1.0,6.0,2596,2049.0,1828.0,done,4275.0,,False,106.27403387250882,4.235549713367315,6.0,0.0564578174118983,1.0,0.0,0.6,0.0,0.8333333333333334,9.0,0.0
61c072e51b16f6776e3e73252bfd5d7f09c0f21e,ignite,True,2015-12-24 16:47:50,ignite,0.0,1,1,1,1,1,0.0,4.0,0.0,4.0,2597,2050.0,1829.0,done,1197.0,2015-12-25 06:48:28,False,201.90890672641936,4.568030569439435,7.0,0.0346690996127515,0.0,0.0,0.8,0.0,0.6,20.0,0.0
85fd7e0cdb0e85208ba93a0f68d609d38ac2a4d4,ignite,True,2015-12-24 22:26:39,ignite,76.0,215,77,26,9,1,3.7419067030104,0.7307692307692311,64.1538461538462,9.73076923076923,2601,2052.5,217.0,done,3067.0,2016-03-10 02:53:30,True,660.7542501923517,5.149490873965405,19.210526315789473,0.0309016292756191,0.5263157894736842,0.0,0.8291578050894072,1.0,0.6720631707473813,20.789473684210527,0.0
4a1a80c273d0e62589314af1dcadbc5c438d616f,ignite,False,2015-12-29 17:20:29,ignite,,3,0,1,1,1,0.0,10.0,5.0,44.0,0,0.0,0.0,done,4581.0,,False,130.79881092001085,4.580354546302107,5.0,0.0382266472059728,0.0,0.0,0.75,1.0,0.0,19.0,0.0
2613b9581736d8c10eac0ac3250910e76f9600b5,ignite,False,2015-12-29 21:29:19,ignite,,10,6,1,1,1,0.0,8.0,4.0,45.0,588,588.0,415.0,done,2498.0,,False,217.1331645224544,4.752797150223691,12.0,0.0575430723039017,0.3333333333333333,0.3333333333333333,0.7666666666666666,1.6666666666666667,0.4933862433862433,15.0,0.0
cd44be5f0398148313f4c8d1802302c7a04f16ff,ignite,False,2016-01-13 18:19:16,ignite,,2,2,2,2,1,1.0,5.5,0.0,35.0,2606,2042.5,1836.0,done,297.0,,False,140.55415752892034,4.542922336569753,9.0,0.064032257446018,0.0,0.0,0.6,1.0,0.6666666666666666,13.0,0.0
c4ff7111638e939ee395111840fd786314527003,ignite,False,2016-01-15 16:31:37,ignite,,2,0,1,1,1,0.0,1.0,78.0,1.0,1150,834.0,828.0,done,40.0,,False,88.81055323538621,3.979747927003888,4.0,0.0450396924045532,0.0,0.0,1.0,0.0,0.0,9.0,0.0
fa427dce25061b3c85be04f83debb452e60f08a2,ignite,False,2016-01-15 17:17:30,ignite,,35,35,1,1,1,0.0,5.0,52.0,9.0,2610,2037.0,1840.0,done,497.0,,False,501.7391021795857,3.9306532346006207,15.333333333333334,0.2702907947959714,0.3333333333333333,0.0,0.2956349206349206,2.1666666666666665,0.6410256410256411,10.333333333333334,0.0
122d27c831903ba00b9409ef21345b4a68ff5ec4,ignite,False,2016-01-18 17:35:39,ignite,,3,3,1,1,1,0.0,3.0,2.0,10.0,596,596.0,422.0,done,549.0,,False,104.2481250360578,4.4835951508750425,7.0,0.0671474906390768,0.0,0.0,0.5,3.0,0.0,13.0,0.0
ca0f79e69ed39def0b6aa7611d9b3eaa1c7fba39,ignite,True,2016-01-18 17:35:53,ignite,240.0,18,1,1,1,1,0.0,1.0,2.0,1.0,597,597.0,423.0,done,209.0,2016-09-15 10:58:38,False,343.01880011637485,4.753239345244616,16.0,0.0466446736871907,0.0,0.0,0.2857142857142857,1.0,0.5,13.0,0.0
9c9b7192fec102e8f086f8cbf28ba5a648b96b1d,ignite,False,2016-01-18 17:36:03,ignite,,10,5,1,1,1,0.0,2.0,16.0,4.0,598,598.0,424.0,done,806.0,,False,2709.3272589789262,6.028614401490597,83.0,0.0306349112034847,3.0,3.0,0.8125,10.0,0.1621621621621621,33.0,0.0
b20dc40feba82424934e11afa7d2baded1fb06bb,ignite,False,2016-01-18 17:36:17,ignite,,13,1,2,2,1,1.0,1.5,3.0,7.5,599,599.0,425.0,done,1355.0,,False,2612.320826446585,5.729338140012144,85.0,0.032538116734927,1.0,1.0,0.7142857142857143,2.0,0.3636363636363636,25.0,0.0
22cf3a345e8f6bd517d4b0e875cabdd69491713e,ignite,True,2016-01-19 00:31:39,ignite,188.0,28,6,6,2,1,2.48365916439796,0.5,38.6666666666667,1.33333333333333,75,75.0,74.0,done,316.0,2016-07-25 14:35:37,False,19.651484454403228,3.94770277922009,0.0,0.0,0.0,0.0,0.0,0.0,0.0,10.0,0.0
7ca1a8db636fafe9908f5e413d1066a22f7c3d54,ignite,True,2016-01-19 03:29:19,ignite,97.0,38,10,1,1,1,0.0,5.0,140.0,9.0,0,0.0,0.0,done,375.0,2016-04-26 02:30:09,True,853.6811735424677,5.0094867728523695,26.0,0.0304563352288881,0.0,0.0,0.9411764705882352,0.0,0.7333333333333333,19.0,0.0
67791457f87097469f0efadcea6c6d13dd2ed37f,ignite,False,2016-01-19 03:37:13,ignite,,0,2,1,1,1,0.0,9.0,0.0,20.0,104,104.0,79.0,done,91.0,,False,169.64361252668277,4.922998558613555,2.0,0.0117894211884071,0.0,0.0,0.2,0.0,0.6666666666666666,21.0,0.0
0abe0df650c922f4166a4eb8295091a877ed22a0,ignite,False,2016-01-20 19:48:47,ignite,,1,1,1,1,1,0.0,20.0,29.0,96.0,212,212.0,153.0,done,2689.0,,False,2921.227505405582,4.827643194998294,67.0,0.0229355638600622,0.0,0.0,0.984375,1.0,0.0151515151515151,25.0,0.0
ba93717f9653769b43332b866c22aa69a58cfd0e,ignite,False,2016-01-21 14:40:15,ignite,,18,22,2,1,1,0.934068055375491,3.5,0.0,9.0,39,39.0,30.0,done,291.0,,False,327.2742329863888,4.390318493677313,8.5,0.0281972785304579,0.0,0.0,0.7401960784313726,1.5,0.0,22.0,0.0
d2f84d1312e8bc22ad43b2e9076b881f0644d509,ignite,False,2016-01-21 17:45:27,ignite,,7,0,1,1,1,0.0,21.0,5.0,253.0,2615,2027.0,1845.0,done,3579.0,,False,2049.2813491731445,5.047370047375937,63.0,0.0307424844448126,2.0,1.0,0.875,3.0,0.3333333333333333,28.0,0.0
fb0173f3c7577cf36a60be3ab7e814cc301adb49,ignite,False,2016-01-21 18:17:43,ignite,,6,1,1,1,1,0.0,14.0,28.0,103.0,1159,843.0,836.0,done,2453.0,,False,4368.158085820165,5.270008104357084,164.0,0.0375444287450066,1.0,1.0,0.7222222222222222,1.0,0.3043478260869565,27.0,0.0
340658d83db3d8853127791797ba8a18740c4890,ignite,False,2016-01-21 21:02:08,ignite,,49,12,3,2,1,1.47732281860209,5.0,0.0,38.6666666666667,40,40.0,31.0,done,1009.0,,False,1183.8630994071243,4.757311667211187,32.5,0.0731049746876681,1.0,0.5,0.5363408521303258,1.75,0.3761632511632511,20.5,0.0
2314573ee04ca0ee07f5193578b521081634cd57,ignite,True,2016-01-21 22:13:36,ignite,608.0,20,0,1,1,1,0.0,17.0,2.0,137.0,215,215.0,155.0,done,2951.0,2017-09-21 13:37:42,False,2198.440379191213,5.440784336205785,63.0,0.0286566788875926,1.0,0.0,0.8,1.0,0.32,26.0,0.0
eb78b2ab1579149cfac72eeb6f80836ee84acb36,ignite,False,2016-01-22 16:40:04,ignite,,6,3,1,1,1,0.0,5.0,1.0,7.0,217,217.0,156.0,done,176.0,,False,239.11075353876595,4.920135517852308,10.0,0.0418216238793239,1.0,0.0,1.0,3.0,0.125,19.0,0.0
74f69847810c5cfe17cb0b5f1a595540c4d8d080,ignite,False,2016-01-22 17:51:12,ignite,,2,3,1,1,1,0.0,11.0,36.0,66.0,2621,2027.0,1848.0,done,5874.0,,False,1239.5349194086805,5.428399065371772,31.0,0.0250093801429882,1.0,0.0,0.9130434782608696,0.0,0.4285714285714285,20.0,0.0
243a8575a77bd8986e7bc995e71d4a73a4d37010,ignite,True,2016-01-22 18:07:39,ignite,145.0,8,7,1,1,1,0.0,3.0,9.0,3.0,2622,2028.0,1849.0,done,394.0,2016-06-16 11:27:22,False,378.2613292417002,4.772175579927545,10.333333333333334,0.0296610593209259,0.0,0.0,0.6888888888888888,1.0,0.365079365079365,17.333333333333332,0.0
5f4a1130a0177598843b12a81a6502f475d2096c,ignite,False,2016-01-23 02:39:43,ignite,,9,4,2,2,1,0.6193821946787641,8.5,4.0,97.0,1164,848.0,840.0,done,3190.0,,False,2970.0355413274456,4.765611434284107,112.5,0.0421553944470359,0.5,3.5,0.9285714285714286,6.0,0.0909090909090909,20.0,0.0
d11ed374024b7323bd0ea3606206a94b62ec9dfd,ignite,True,2016-01-26 09:41:02,ignite,301.0,14,18,1,1,1,0.0,3.0,14.0,6.0,1399,951.5,834.0,done,811.0,2016-11-22 12:05:29,False,2743.364033589214,6.0340876065229,84.0,0.0306193414258991,3.0,3.0,0.8484848484848485,10.0,0.1621621621621621,33.0,0.0
a4cf78a6207e5782d6a9b90f14a52955aca2c208,ignite,False,2016-01-28 11:52:00,ignite,,13,1,1,1,1,0.0,2.0,138.0,2.0,1402,954.5,837.0,done,578.0,,False,784.9694533470946,5.081511136721289,31.0,0.039491982608771,0.0,0.0,0.9166666666666666,2.0,0.4210526315789473,26.0,0.0
f9868d44757df79706b2d7c0a60acd1546ce8e8d,ignite,False,2016-01-28 12:49:37,ignite,,2,2,1,1,1,0.0,4.0,149.0,4.0,1404,956.5,839.0,done,969.0,,False,4194.406125843752,5.047457489475149,136.0,0.032424137272268,1.0,0.0,1.0,2.0,0.7,13.0,0.0
579d33a0913a0acecab02b754dca4e4ff4c87ea7,ignite,False,2016-01-28 18:29:31,ignite,,49,47,1,1,1,0.0,10.0,7.0,40.0,2,2.0,2.0,done,980.0,,False,1749.7637255655925,5.312986012644595,54.0,0.0308613095648357,0.0,0.0,0.7222222222222222,0.0,0.3333333333333333,19.0,0.0
7a11154201322fb44e8e0d3061f4cf19151f15fd,ignite,False,2016-01-29 09:09:20,ignite,,11,6,1,1,1,0.0,1.0,0.0,1.0,1405,957.5,840.0,done,46.0,,False,213.96993759735608,4.603461463238546,4.0,0.0186942149206357,0.0,0.0,0.5,0.0,0.25,20.0,0.0
1614c75076bce5a67e95efa7fae2d2a1ea015729,ignite,False,2016-01-29 18:20:12,ignite,,1,1,1,1,1,0.0,19.0,6.0,179.0,613,607.0,434.0,done,4371.0,,False,1174.3617235405486,4.8470891232607105,18.0,0.0153274750353173,0.0,0.0,0.5,0.0,0.5555555555555556,24.0,0.0
e886b90310abbae5ade97cfeafc1d768e3a37d94,ignite,True,2016-01-29 20:35:09,ignite,311.0,3,1,1,1,1,0.0,3.0,15.0,12.0,258,252.0,124.0,done,1428.0,2016-12-06 09:55:41,False,279.69276394968557,4.377682569942628,8.0,0.0286028136267377,0.0,0.0,0.4545454545454545,1.0,0.8,25.0,0.0
c2e5638d01fbe44f90878d1aee6bf4979a935a7c,ignite,False,2016-01-29 21:51:44,ignite,,2,2,1,1,1,0.0,18.0,43.0,139.0,221,221.0,158.0,done,2462.0,,False,3218.1533102392737,5.302061614591956,70.0,0.0217516051138021,0.0,0.0,0.8181818181818182,1.0,0.4827586206896552,22.0,0.0
a83ac2c2a844ee37426e3da389e2a47eb0c18ac1,ignite,False,2016-02-01 05:30:44,ignite,,3,1,1,1,1,0.0,3.0,2.0,15.0,850,640.0,552.0,done,985.0,,False,120.92782504182703,4.5948305855885865,9.0,0.0744245585901097,0.0,0.0,0.5,5.0,0.1428571428571428,19.0,0.0
70473e71a16d46ab202fe0de49035778848715b9,ignite,False,2016-02-01 16:00:13,ignite,,17,4,2,1,1,0.998363672593813,8.5,1.5,57.5,1173,847.5,848.0,done,2575.0,,False,149.27754454988144,4.6633487398697495,16.0,0.1071828991309108,0.0,0.0,1.0,7.0,0.1,20.0,0.0
5500a18b4db1326b2089e51f5b5b9870c7113ecf,ignite,False,2016-02-01 16:42:10,ignite,,2,2,1,1,1,0.0,17.0,6.0,194.0,1,1.0,1.0,done,3213.0,,False,314.0409981189452,4.448747234753482,8.0,0.0254743808863132,0.0,0.0,0.4545454545454545,1.0,0.6666666666666666,19.0,0.0
881d5a885fa169196dc4e91fa2da60f00a80474e,ignite,False,2016-02-01 19:38:22,ignite,,2,1,1,1,1,0.0,7.0,19.0,19.0,261,253.5,126.0,done,2128.0,,False,173.9162695712204,4.955440828139737,11.0,0.0632488267320809,0.0,0.0,1.0,4.0,0.3333333333333333,15.0,0.0
c3b83fe20275818b3bc57676c53e32be2eed9463,ignite,False,2016-02-01 22:13:29,ignite,,7,13,6,5,1,2.46096404744368,2.5,64.6666666666667,20.6666666666667,622,615.5,440.0,done,4784.0,,False,662.7825070218611,4.467206462596339,21.857142857142858,0.068504258929664,0.0,0.0,0.9501661129568106,1.5714285714285714,0.5056390977443609,12.571428571428571,0.0
57194e2a6bb82719d63f658f8c1429569003214e,ignite,True,2016-02-03 09:35:42,ignite,75.0,1,2,1,1,1,0.0,18.0,4.0,140.0,1407,955.5,841.0,done,2462.0,2016-04-19 04:11:54,False,977.0497915856675,4.976765736793483,36.0,0.0368456145326791,0.0,0.0,0.6666666666666666,1.0,0.4545454545454545,19.0,0.0
8ad73cb2cb3593e8357a84f6cb2a9134370ff555,ignite,False,2016-02-03 23:13:42,ignite,,3,1,1,1,1,0.0,3.0,2.0,15.0,850,640.0,552.0,done,985.0,,False,120.92782504182703,4.5948305855885865,9.0,0.0744245585901097,0.0,0.0,0.5,5.0,0.1428571428571428,19.0,0.0
ee0982a78fb42fcac4ca3753d27695baf3bdaa16,ignite,False,2016-02-03 23:13:43,ignite,,17,4,2,1,1,0.998363672593813,8.5,1.5,57.5,1173,847.5,848.0,done,2575.0,,False,149.27754454988144,4.6633487398697495,16.0,0.1071828991309108,0.0,0.0,1.0,7.0,0.1,20.0,0.0
74d9d05b7cee071dad4c50a3a053781d78a488a8,ignite,False,2016-02-04 15:36:52,ignite,,1,1,1,1,1,0.0,11.0,51.0,26.0,623,610.0,441.0,done,933.0,,False,894.8570376637998,5.513948387995425,10.0,0.0111749693851734,0.0,0.0,0.6875,1.0,0.1666666666666666,15.0,0.0
afd3bc1e3c249ae86071f0d15b41c6eedbdeb050,ignite,False,2016-02-04 17:13:36,ignite,,2,26,1,1,1,0.0,8.0,15.0,47.0,625,610.5,443.0,done,2514.0,,False,2410.5939833189877,5.263467325640541,92.5,0.0380633954305313,1.5,2.0,0.9857142857142858,1.0,0.4259259259259259,20.0,0.0
a30f84aaece33e81ab420a6466a516ebf220366a,ignite,False,2016-02-05 17:21:56,ignite,,5,5,1,1,1,0.0,21.0,1.0,364.0,1183,855.0,857.0,done,6443.0,,False,128.0890263519754,4.760575042568231,8.0,0.0718097014907027,0.0,0.0,1.0,3.0,0.375,18.5,0.0
3602d46573ee98ce440fbcc4457f38252aa8351b,ignite,False,2016-02-05 18:06:42,ignite,,9,1,1,1,1,0.0,11.0,43.0,40.0,265,256.5,130.0,done,1790.0,,False,559.0918488470013,4.661142893433287,14.0,0.0250406083166331,0.0,0.0,0.3333333333333333,0.0,0.4,26.0,0.0
bad042097f5030c6eef31f4a24e987876ae9176e,ignite,False,2016-02-08 15:47:27,ignite,,43,22,1,1,1,0.0,1.0,2.0,1.0,2623,1902.5,1850.0,done,111.0,,False,61.25214683519915,4.057488522249748,3.0,0.0360024198475759,0.0,0.0,0.0,0.5,0.2714285714285714,9.333333333333334,0.0
bfe54b50362ae0454c11f3b88ef00eb873c47444,ignite,False,2016-02-12 20:45:12,ignite,,2,1,1,1,1,0.0,5.0,9.0,15.0,1185,840.5,859.0,done,754.0,,False,1447.720296256426,5.184289636233408,44.0,0.0303926111375083,1.0,0.0,0.6129032258064516,2.0,0.3888888888888889,24.0,0.0
d1749765152e4bff337f7151050b6be0a1a284b5,ignite,False,2016-02-12 23:13:12,ignite,,7,1,1,1,1,0.0,8.0,0.0,44.0,1186,841.5,860.0,done,1437.0,,False,4201.540026345678,5.234269181439736,125.0,0.0297509958767951,1.0,0.0,0.7142857142857143,1.0,0.4347826086956521,43.0,0.0
6b7bf97158c097b80bcf5c2150e67a5210269e6d,ignite,True,2016-02-13 01:15:02,ignite,527.0,7,0,1,1,1,0.0,25.0,1.0,253.0,1187,842.5,861.0,done,3291.0,2017-07-24 12:45:10,False,10069.15154847026,5.985976772146082,178.0,0.017677755582797,1.0,4.0,0.568,10.0,0.4150943396226415,27.0,0.0
3df8547b73f16e075ec6249ae18b592b38a4cb26,ignite,True,2016-02-13 01:25:01,ignite,124.0,1,1,1,1,1,0.0,3.0,21.0,4.0,107,107.0,82.0,done,395.0,2016-06-16 11:27:22,False,704.5342159112735,4.850754318453105,14.0,0.0198712847209156,0.0,0.0,0.5,0.0,0.6666666666666666,20.0,0.0
b2e510aa2ebf7384e40002b1e7bfad0e16bf9ab4,ignite,False,2016-02-13 01:27:50,ignite,,4,2,1,1,1,0.0,3.0,54.0,6.0,106,106.0,81.0,done,254.0,,False,365.0,4.981569979397547,21.0,0.0575342465753424,0.0,0.0,0.75,3.0,0.3,18.0,0.0
befb9de80c798f20401f9f898836de0b4220cbac,ignite,False,2016-02-13 01:30:00,ignite,,4,2,1,1,1,0.0,2.0,5.0,2.0,105,105.0,80.0,done,292.0,,False,226.17809780285063,4.527936830699637,10.0,0.0442129458915007,0.0,0.0,0.3,1.0,0.0,14.0,0.0
c2a1a752e9afc67785bebae24ce9e2582410cf85,ignite,False,2016-02-13 01:46:15,ignite,,4,1,2,1,1,0.970950594454669,0.5,13.5,2.0,1188,843.5,862.0,done,177.0,,False,785.3349927751435,4.967092096951857,37.0,0.0471136525691448,1.0,0.0,0.6086956521739131,0.0,0.2142857142857142,23.0,0.0
46b6a7638a594dd99742cb7de99cacaa69b621f2,ignite,False,2016-02-13 08:21:00,ignite,,6,0,1,1,1,0.0,22.0,0.0,263.0,1412,925.0,846.0,done,3618.0,,False,4332.984505798742,5.126750895484326,96.0,0.0221556296523851,1.0,3.0,0.825,4.0,0.7142857142857143,28.0,0.0
e6b5087e8dcaa857dee6b09aac2e7bbe3ff2c503,ignite,False,2016-02-15 18:09:04,ignite,,1,3,1,1,1,0.0,14.0,2.0,54.0,270,257.0,134.0,done,1788.0,,False,272.62550365218334,4.682174228452043,15.0,0.055020531091387,0.0,0.0,0.8333333333333334,1.0,0.5714285714285714,11.0,0.0
60b6f09676574048765deea656eec0dfcf589b78,ignite,False,2016-02-16 19:52:39,ignite,,19,17,1,1,1,0.0,1.0,0.0,1.0,2630,1884.5,1857.0,done,276.0,,False,275.7707628001345,4.6384821020973535,11.166666666666666,0.0573046833985883,0.5,0.1666666666666666,0.6601010101010102,2.1666666666666665,0.1889610389610389,15.333333333333334,0.0
7be1aab55799bf2807ec9957164ca636c469a7c3,ignite,False,2016-02-17 07:12:36,ignite,,1,1,1,1,1,0.0,6.0,8.0,7.0,1413,903.0,847.0,done,234.0,,False,110.36149671375917,4.682162149295792,4.0,0.0362445247582557,0.0,0.0,0.6666666666666666,1.0,0.3333333333333333,18.0,0.0
a2f66b986fdb1876c1aa0ece51d1d44b3934d262,ignite,False,2016-02-17 22:47:44,ignite,,91,42,2,1,1,0.8631205685666309,9.0,7.0,70.5,2,2.0,2.0,done,3153.0,,False,5858.215033382818,4.864497238467164,122.5,0.0246296906527351,0.5,0.0,0.7222222222222222,1.0,0.30625,29.5,0.0
2ad4b5cfc7d8f5d3fcf7f0233129078237129beb,ignite,True,2016-02-18 01:08:06,ignite,27.0,2,1,1,1,1,0.0,3.0,19.0,13.0,276,263.0,138.0,done,1430.0,2016-03-16 10:33:26,False,695.4536456132132,4.98964880357761,22.0,0.0316340278590409,0.0,0.0,0.5882352941176471,2.0,0.6,25.0,0.0
21f22d3db84a731de54db9530a04244321766c57,ignite,False,2016-02-18 14:06:32,ignite,,1,0,1,1,1,0.0,5.0,16.0,9.0,2632,1878.5,1859.0,done,1268.0,,True,1699.71975577625,4.673049162165626,44.0,0.025886620338719,0.0,0.0,0.5,3.0,0.5,16.0,0.0
9b5dcfe3feba6e3b8d39480b7387bbe6adf04c36,ignite,False,2016-02-18 21:18:38,ignite,,2,2,1,1,1,0.0,16.0,15.0,151.0,2633,1878.0,1860.0,done,4269.0,,True,5141.432214123876,5.793941883034115,203.0,0.0394831618011698,1.0,2.0,0.6595744680851063,20.0,0.2857142857142857,25.0,0.0
592ece0370bed97c23b0d53f74b14a5bb78a0d2e,ignite,False,2016-02-19 23:03:47,ignite,,7,2,2,2,1,0.7642045065086199,0.5,10.0,1.0,91,91.0,90.0,done,141.0,,False,220.0782000346155,4.801405947069011,16.0,0.0727014306618438,0.0,0.0,1.0,3.0,0.25,12.0,0.0
582fe564364300787249581fa2d431eaaa3eeb11,ignite,False,2016-02-20 19:40:17,ignite,,1,1,1,1,1,0.0,9.0,14.0,43.0,3,3.0,3.0,done,1237.0,,False,1061.5859825779828,5.068883301115587,38.0,0.0357954990209269,1.0,2.0,0.7647058823529411,1.0,0.3333333333333333,28.0,0.0
57ac909de7325d9ebd5b4dacf0e9f6392ca60609,ignite,False,2016-02-20 23:46:28,ignite,,25,19,7,6,1,2.7023377829284,3.14285714285714,86.7142857142857,69.14285714285711,4,4.0,4.0,done,8835.0,,False,672.7883779188046,4.628143892254924,4.777777777777778,0.0414419544915223,0.1111111111111111,0.0,0.6056677890011223,0.3333333333333333,0.7148148148148148,22.0,0.0
faa77e21c0a19e666a55cb8da18e2f62d0da048a,ignite,True,2016-02-25 00:33:36,ignite,25.0,10,5,3,1,1,1.15893853235028,5.33333333333333,32.0,31.6666666666667,2635,1864.5,1862.0,done,1264.0,2016-03-21 20:44:56,False,707.1979729071282,5.1992460760819865,17.333333333333332,0.0300051887198069,0.3333333333333333,0.0,0.8230769230769232,7.0,0.1085526315789473,19.333333333333332,0.0
4124d338d9d5c91c80c1bb9ce596c50a7764cab7,ignite,False,2016-02-25 13:10:57,ignite,,3,1,1,1,1,0.0,21.0,0.0,135.0,1420,896.833333333334,854.0,done,9443.0,,False,64.5293250129808,4.357837824971466,2.0,0.0309936606279033,0.0,0.0,1.0,1.0,0.0,15.0,0.0
dee61900c26b1f2a0a84d5e400001fecad545ada,ignite,True,2016-02-25 18:54:11,ignite,40.0,23,20,1,1,1,0.0,13.0,0.0,39.0,2636,1861.5,1863.0,done,1264.0,2016-04-06 16:29:24,False,1370.3712071787534,5.228023859029696,36.0,0.0190759646496824,0.5,0.5,0.8004385964912281,2.0,0.25,24.0,0.0
5a663a97078803fc1618b371e11502db71f0f6a3,ignite,False,2016-02-26 20:19:44,ignite,,1,1,1,1,1,0.0,4.0,20.0,9.0,638,552.5,450.0,done,832.0,,False,2951.8084861191683,6.0091040630572525,85.0,0.0287959061028895,3.0,4.0,0.8235294117647058,10.0,0.1578947368421052,33.0,0.0
42572ad88f27aaa0e27582681050f4dc3bed51e6,ignite,False,2016-02-26 20:28:02,ignite,,1,1,1,1,1,0.0,14.0,25.0,108.0,639,553.5,451.0,done,2458.0,,False,4368.158085820165,5.270008104357084,164.0,0.0375444287450066,1.0,1.0,0.7222222222222222,1.0,0.3043478260869565,27.0,0.0
62c26d5a1257eb581b35d766098bf75fd8515d68,ignite,False,2016-02-29 22:27:09,ignite,,2,0,1,1,1,0.0,14.0,27.0,25.0,393,291.0,252.0,done,225.0,,False,1826.5973476959637,5.025911623870203,63.0,0.0344903599468525,1.0,0.0,0.9347826086956522,1.0,0.25,22.0,0.0
c4d6f3cddf0a7ef89d6126eff432775e713e797a,ignite,False,2016-03-01 04:37:38,ignite,,5,3,1,1,1,0.0,6.0,0.0,9.0,395,293.0,254.0,done,164.0,,False,1498.3240300430698,5.168263849603201,31.0,0.0206897836371942,2.0,0.0,0.6,1.0,0.2307692307692307,36.0,0.0
3b44cc4fec50b17ecd9ab4d155edf461f02361fc,ignite,True,2016-03-02 12:02:27,ignite,926.0,63,11,2,2,1,0.9090221560878148,3.5,16.5,16.0,8,8.0,8.0,done,395.0,2018-09-15 03:25:26,True,159.33179282656155,4.303000723718805,6.5,0.047179321066166,0.0,0.0,0.7708333333333333,0.0,0.8,15.5,0.0
c09d61a84bcf40d94876138ca79bcb02067f0364,ignite,False,2016-03-02 19:06:28,ignite,,7,7,2,2,1,0.591672778582327,4.0,1.0,7.5,227,227.0,162.0,done,6179.0,,False,288.4098752433705,4.5825543362258125,6.6,0.022089190708641,0.4,0.0,0.3833333333333333,0.0,0.2285714285714285,18.8,0.0
cba4f4c039013a79e50078a92cc2df761156c66f,ignite,True,2016-03-03 15:58:40,ignite,437.0,539,224,7,4,1,1.2032289340218798,0.4285714285714289,29.4285714285714,6.28571428571429,95,95.0,94.0,done,621.0,2017-05-15 10:13:24,False,1071.6826670105252,4.776153293440456,47.0,0.0438562658954886,1.0,0.0,1.0,2.0,0.0,16.0,0.0
ee817dd73694869e6f1262c9656d46f531dd547e,ignite,False,2016-03-04 18:25:31,ignite,,15,1,1,1,1,0.0,12.0,1.0,32.0,647,556.0,457.0,done,634.0,,False,72.33974351909448,4.248607291047873,2.0,0.0276473194775993,0.0,0.0,0.0,0.0,0.5,15.0,0.0
acc5ffab154bff1800d59b93007e58faa7080909,ignite,False,2016-03-04 22:11:35,ignite,,27,10,1,1,1,0.0,5.0,185.0,7.0,111,111.0,86.0,done,194.0,,False,1963.5121448548527,5.422383344654608,30.0,0.015278744304491,1.0,4.0,0.6666666666666666,1.0,0.1818181818181818,25.0,0.0
a9a995e0ded9a534d411b0201fec4d8555b5ce2c,ignite,False,2016-03-07 06:27:44,ignite,,2,2,1,1,1,0.0,1.0,188.0,1.0,1427,854.5000000000018,860.0,done,79.0,,False,611.0047736845402,4.893666984108954,15.0,0.0245497263622762,0.0,0.0,0.7142857142857143,1.0,0.3333333333333333,24.0,0.0
a5acf5d71424c05d56d980442010310b480e0806,ignite,False,2016-03-07 11:17:08,ignite,,11,5,2,2,1,0.988699408288497,1.0,177.0,1.5,1428,855.5000000000018,861.0,done,461.0,,False,48.656639219079835,4.151268800594277,1.5,0.0193145164830178,0.0,0.0,0.0,0.5,0.3333333333333333,11.0,0.0
cd203a7bee49a1d37cd43e7d13150f275d0fed3a,ignite,False,2016-03-08 08:20:29,ignite,,10,3,1,1,1,0.0,8.0,10.0,36.0,1429,856.5000000000018,862.0,done,2157.0,,False,2418.406379268975,5.482087250743806,82.5,0.0342049217734425,2.0,0.0,0.7746005046257359,0.5,0.4299242424242424,22.5,0.0
34043abeb3f25ecb2f39c511eb2b75e2650984fc,ignite,False,2016-03-08 09:44:01,ignite,,121,97,4,3,1,0.7988799026838259,0.25,4.0,1.0,1196,803.0000000000018,869.0,done,2882.0,,False,502.5747483243296,4.713911307701572,22.294117647058822,0.0474295053223427,0.2941176470588235,0.1176470588235294,0.6428864272981919,1.9411764705882353,0.3706854160833399,17.470588235294116,0.0
f687ba2fc3c0444e9ed458387ddf0022bf985c16,ignite,False,2016-03-09 17:12:11,ignite,,2,2,1,1,1,0.0,12.0,76.0,39.0,43,43.0,34.0,done,1021.0,,False,1178.4556752754816,5.631076186625337,37.0,0.0313970230499765,1.0,0.0,0.7368421052631579,5.0,0.2272727272727272,26.0,0.0
057dfa7f6df3783fc6cfa522fc3be5373d2c44f4,ignite,False,2016-03-09 19:05:25,ignite,,13,11,1,1,1,0.0,4.0,17.0,4.0,6,6.0,6.0,done,280.0,,False,73.8301084614974,4.348836519630207,2.0,0.0264877699730439,0.0,0.0,0.4583333333333332,0.375,0.75,19.0,0.0
1f328e45acc4fdf490425bef0bd9af37cf45a720,ignite,True,2016-03-09 19:20:20,ignite,538.0,457,17,10,7,1,2.07215683436613,0.5,18.2,6.9,97,97.0,96.0,done,208.0,2017-08-30 15:35:05,False,423.98231928337026,4.4182570394677345,6.5,0.0571602066768144,0.5,0.0,0.4285714285714285,0.5,0.3125,13.0,0.0
c53ffa98cf491a747a66d532501a806dcb561840,ignite,False,2016-03-14 16:19:23,ignite,,9,0,1,1,1,0.0,18.0,40.0,141.0,650,542.5,459.0,done,2461.0,,False,1210.9125720997465,4.9239471858658685,34.0,0.0280779973578466,1.0,0.0,0.8571428571428571,1.0,0.4285714285714285,21.0,0.0
ec04f385a1ded518fd44ba9469372da037fff0d0,ignite,True,2016-03-14 21:27:34,ignite,479.0,5,3,1,1,1,0.0,3.0,25.0,14.0,286,271.5,145.0,done,1431.0,2017-07-07 15:55:41,True,3133.6693423717165,5.25881929052359,98.0,0.0312732420982964,2.0,2.0,0.8163265306122449,3.0,0.2857142857142857,23.0,0.0
3e53f17224c2fccfcce50b347a0dcc6aca543413,ignite,False,2016-03-17 22:14:01,ignite,,2,1,1,1,1,0.0,19.0,1.0,109.0,112,112.0,87.0,done,300.0,,False,2668.75200092308,4.093339773675027,158.0,0.0592037026840074,0.0,0.0,1.0,1.0,0.5,14.0,0.0067567567567567
0995aa6b884302a98741ae4b3b08333ee2d13cb2,ignite,False,2016-03-22 02:25:23,ignite,,2,2,1,1,1,0.0,1.0,2.0,6.0,1202,749.0000000000031,875.0,done,993.0,,False,759.6451502855778,5.370086071262631,35.0,0.0460741439431848,2.0,1.0,0.6153846153846154,0.0,0.4285714285714285,20.0,0.0
8d199683d074ba377077d1291eb2682bc2f228b4,ignite,False,2016-03-22 21:14:15,ignite,,1,3,1,1,1,0.0,10.0,41.0,33.0,1350,810.166666666671,718.0,done,534.0,,False,460.12332512836576,4.7361470448226095,14.0,0.03042662528811,0.0,0.0,0.8181818181818182,5.0,0.25,26.0,0.0
61a0a5f8c0d05001071d40fbaf365fa231ed0e70,ignite,False,2016-03-22 22:00:25,ignite,,24,5,2,2,1,0.992266638719496,8.5,3.0,88.0,1352,812.166666666671,719.0,done,6370.0,,False,1872.200341795788,4.757220444207354,39.5,0.0194657149093777,2.5,2.5,0.8767857142857143,0.0,0.4330357142857143,18.5,0.0
00139554ffdcfaae07970a2281b6dcec8cec0af4,ignite,True,2016-03-22 23:28:39,ignite,105.0,15,10,6,4,1,2.43740581142552,1.6666666666666698,53.3333333333333,22.0,1353,813.166666666671,720.0,done,4943.0,2016-07-06 07:47:41,False,920.1007998922904,4.312870624685795,19.75,0.0414808209274681,1.0,1.25,0.9602272727272728,0.0,0.8625,16.25,0.0
b189bb2e15e7a54a890395b344bc7355e2f6d147,ignite,False,2016-03-24 00:01:01,ignite,,5,3,1,1,1,0.0,21.0,12.0,195.0,672,560.0,478.0,done,4426.0,,False,15760.910410076563,5.978241079430524,403.0,0.0255695889079063,0.0,0.0,0.5238095238095238,27.0,0.1153846153846153,29.0,0.0
88c65b84847244401eb6a7c520bbbcb2158685c0,ignite,False,2016-03-24 16:40:15,ignite,,3,5,1,1,1,0.0,21.0,0.0,196.0,675,562.0,480.0,done,4428.0,,False,15745.157376183432,5.979382918806912,402.0,0.0255316596967189,0.0,0.0,0.5238095238095238,27.0,0.1153846153846153,29.0,0.0
a9199ed13653cc24dfcb172d7a67c870a160076e,ignite,False,2016-03-26 00:47:46,ignite,,7,6,1,1,1,0.0,2.0,0.0,8.0,860,540.000000000001,561.0,done,2433.0,,False,541.1127524664265,5.113250826558959,16.0,0.0295686988101296,2.0,1.0,0.0,4.0,0.2857142857142857,20.0,0.0
f8e38ad00fce29d83af83da9816c974e05a5f5b2,ignite,False,2016-03-26 02:35:32,ignite,,11,11,2,1,1,0.4394969869215129,1.0,3.5,6.0,862,541.000000000001,563.0,done,2759.0,,False,357.99173107114535,4.7122566191720745,16.833333333333332,0.0623670209486983,0.1666666666666666,0.0,0.5119617224880383,3.3333333333333335,0.1154882154882154,20.5,0.0
23ee9bcd99e736bd52f2dac9b6a017ab1a2722e4,ignite,False,2016-03-26 02:39:10,ignite,,6,3,1,1,1,0.0,2.0,0.0,11.0,863,542.000000000001,564.0,done,2270.0,,False,115.18799698646794,4.1417053051449955,5.0,0.0221610472451419,0.5,0.5,0.0,0.5,0.3,12.0,0.0
e8d980eb47f957c42b418c90186e8eb8bd93125d,ignite,False,2016-03-26 06:40:28,ignite,,1,1,1,1,1,0.0,18.0,1.0,123.0,1206,734.3333333333369,879.0,done,2601.0,,False,282.38918969205184,4.828749431218779,16.0,0.0566593927247999,0.0,0.0,0.4285714285714285,7.0,0.0909090909090909,28.0,0.0
f7949e40b84e45f4014df249303f62929fe5427f,ignite,False,2016-03-28 00:29:12,ignite,,2,8,1,1,1,0.0,2.0,0.0,13.0,865,544.000000000001,566.0,done,2408.0,,False,493.7208228420388,5.040321196353979,29.0,0.0634149073606127,0.0,0.0,0.775,4.0,0.2111111111111111,24.0,0.0
9cd2f09021c735468896bfdfc29d4410cb48f123,ignite,False,2016-03-28 21:57:16,ignite,,7,1,1,1,1,0.0,5.0,115.0,18.0,1355,800.666666666671,722.0,done,173.0,,False,1665.1978731634915,3.773526232438081,64.0,0.0384338708518854,0.0,0.0,1.0,0.0,0.0,13.0,0.0
134f26e0d020bad9cc6dbff046bb2c38a939c018,ignite,False,2016-03-28 23:42:42,ignite,,3,2,2,1,1,0.970950594454669,11.5,6.5,176.5,293,278.5,149.0,done,5328.0,,False,3228.4679638249763,5.342397941476973,76.5,0.029118324200749,3.0,3.0,0.6744303797468354,1.5,0.2645687645687645,24.5,0.0
4ebe935f4fc0ec93ecb6bbf0cc0d099cf152d38f,ignite,False,2016-03-29 04:14:00,ignite,,65,58,1,1,1,0.0,2.0,0.0,18.0,870,549.000000000001,571.0,done,2620.0,,False,377.53683167358867,4.410391330072678,17.166666666666668,0.0465116830370865,0.6666666666666666,0.3333333333333333,0.3909090909090909,1.5,0.3446969696969697,14.833333333333334,0.0
cf7206d23a3aae5bdde196a157257fac4496438c,ignite,False,2016-03-30 22:24:00,ignite,,2,4,2,2,1,1.0,8.5,7.5,89.5,2643,1717.83333333332,1870.0,done,6395.0,,False,2024.3474399599595,4.810989175369407,41.5,0.019448238549072,2.5,2.5,0.8801431127012522,0.0,0.475,19.5,0.0
00c019bb17d888bce1d26cff8480b6d758ab81a1,ignite,False,2016-03-30 23:20:50,ignite,,2,0,1,1,1,0.0,6.0,2.0,19.0,1356,801.666666666671,723.0,done,179.0,,False,1691.1009511904792,3.774327034054632,65.0,0.0384364989885684,0.0,0.0,1.0,0.0,0.0,13.0,0.0
b2d4075697dff686d9f6a43669b01728ead24c80,ignite,True,2016-03-30 23:36:26,ignite,40.0,347,338,22,14,1,3.8018313433765902,0.8636363636363641,26.2272727272727,13.772727272727304,112,112.0,111.0,done,6395.0,2016-05-10 13:44:05,False,2024.3474399599595,4.810989175369407,41.5,0.019448238549072,2.5,2.5,0.8801431127012522,0.0,0.475,19.5,0.0
1aa2a2baf9f3499f815f7a6865a8bf71273ecf9a,ignite,False,2016-04-01 20:06:41,ignite,,25,3,1,1,1,0.0,19.0,0.0,202.0,688,570.5,488.0,done,3409.0,,False,1224.3180279816625,5.304665050295091,35.0,0.028587343484355,0.0,0.0,0.7777777777777778,7.0,0.35,24.0,0.0
4c2e9a2f7dfec8ec82a513de8ec336e655de66e5,ignite,False,2016-04-05 07:34:35,ignite,,12,7,1,1,1,0.0,2.0,0.0,25.0,876,549.3333333333339,577.0,done,3028.0,,False,729.1101781995258,5.009184736883438,34.0,0.0466321840191012,1.0,0.0,0.75,1.0,0.4166666666666667,24.0,0.0
f9447865e69f688d5e5be62e3595fcda4e2f7014,ignite,False,2016-04-05 09:13:31,ignite,,0,1,1,1,1,0.0,1.0,0.0,12.0,1209,729.66666666667,882.0,done,981.0,,False,142.62362713128297,4.273726882654724,7.0,0.0490802270338883,0.0,0.0,1.0,0.0,0.6666666666666666,11.0,0.0
8a25aedc867267f21799404ace79f4e3cbc5d9fe,ignite,False,2016-04-05 12:12:50,ignite,,2,2,1,1,1,0.0,21.0,0.0,201.0,1210,730.66666666667,883.0,done,4387.0,,False,1229.472397316625,5.023206749280828,28.0,0.0227739964403521,1.0,1.0,0.35,3.0,0.3571428571428571,17.0,0.0
533357da917e7e34f4c46a19ccd2191a0876787e,ignite,False,2016-04-05 12:13:40,ignite,,1,1,1,1,1,0.0,9.0,11.0,47.0,1211,731.66666666667,884.0,done,1459.0,,False,70.30835464468075,4.236857303422076,4.0,0.0568922430373304,0.0,0.0,0.5,1.0,0.0,18.0,0.0
ddccaaf6a2a3a985f2aabfd9416b41c201f92700,ignite,False,2016-04-06 14:44:17,ignite,,6,1,2,1,1,0.8631205685666309,1.0,1.0,16.5,880,549.8333333333339,580.0,done,3852.0,,False,637.9052939847363,4.598024155724417,23.0,0.0727719374529562,0.5,0.0,0.2391304347826087,2.0,0.05,22.5,0.0
196954f29c5ed96130f2e8706ff85797a7904b03,ignite,False,2016-04-07 18:13:29,ignite,,6,5,1,1,1,0.0,14.0,0.0,44.0,2650,1683.66666666665,1875.0,done,1320.0,,False,474.7593047050685,5.076145522011269,23.5,0.0492494059692535,0.5,0.5,0.6783216783216783,2.0,0.2857142857142857,21.5,0.0
3bcabaa5ec9d8d2041ebf89db2d16569856dc406,ignite,True,2016-04-11 20:30:25,ignite,132.0,596,11,12,7,1,3.12790411712959,0.25,37.8333333333333,5.5,116,116.0,115.0,done,639.0,2016-08-22 09:23:22,False,1897.5820031463509,4.53576648336249,75.0,0.039676983924346,1.0,0.0,0.893859649122807,2.0,0.2,18.0,0.0
54f269925e0bdda79b6b251335d1481494e9fdcd,ignite,False,2016-04-12 07:41:52,ignite,,7,6,1,1,1,0.0,0.0,0.0,0.0,882,535.166666666668,582.0,done,2423.0,,False,1213.387824470483,5.179933620561572,62.0,0.0510966063361122,0.0,0.0,0.5454545454545454,7.0,0.2631578947368421,20.0,0.0
ac0b698e635f688d23d1d8d2b8b134c495ad7d47,ignite,False,2016-04-12 17:00:32,ignite,,4,3,2,1,1,0.985228136034252,1.0,3.0,5.0,886,538.666666666668,586.0,done,3079.0,,False,454.13424608670965,4.923779385448712,21.333333333333332,0.0487585265195813,0.6666666666666666,0.0,0.6666666666666666,1.3333333333333333,0.238095238095238,25.0,0.0
d023107aebf283ab5170fcc1edec016bf61fa123,ignite,False,2016-04-12 17:20:58,ignite,,9,4,2,1,1,0.3912435636292561,0.5,0.0,3.5,887,539.666666666668,587.0,done,2415.0,,False,94.0116453487578,4.875555215953024,5.0,0.0531849004604839,0.0,0.0,1.0,4.0,0.4285714285714285,23.0,0.0
34fc271fd29700703d6b6c1aa55de598c3517ada,ignite,True,2016-04-12 22:06:20,ignite,356.0,103,32,3,2,1,0.5428950030089571,1.6666666666666698,45.3333333333333,8.0,122,122.0,121.0,done,601.0,2017-04-04 08:03:40,False,105.96038023564464,4.300867833483309,2.5,0.021348538901417,0.0,0.0,0.4666666666666667,0.0,1.0,22.0,0.0
c6aaf4ac79430b287c14300066eae2978aab3c52,ignite,False,2016-04-13 09:19:31,ignite,,17,15,3,2,1,1.58353823253456,0.333333333333333,0.0,2.3333333333333304,895,547.666666666668,595.0,done,2407.0,,False,600.3764138214947,4.649555642791298,24.666666666666668,0.0443337237297705,0.3333333333333333,0.3333333333333333,0.6515151515151515,2.0,0.2698412698412698,25.0,0.0
9a835da260c5cbf84e2dfcb1a7ec6f4dda7cf0cf,ignite,False,2016-04-14 07:44:52,ignite,,5,0,1,1,1,0.0,1.0,0.0,1.0,901,553.000000000001,601.0,done,126.0,,False,128.0,4.33252091744207,7.0,0.0546875,0.0,0.0,1.0,4.0,0.3333333333333333,26.0,0.0
adbcfba9810de8e96dd62f2c00f0f3701e2facea,ignite,False,2016-04-14 08:40:53,ignite,,1,1,1,1,1,0.0,3.0,1.0,25.0,906,557.8333333333351,606.0,done,1033.0,,False,4.754887502163468,3.418295834054489,1.0,0.2103099178571525,0.0,0.0,0.0,0.0,1.0,8.0,0.0
22b2cb6719a19e67c41313ca3831b76c85e92c93,ignite,False,2016-04-18 10:06:03,ignite,,4,2,1,1,1,0.0,1.0,0.0,4.0,910,558.0000000000019,610.0,done,685.0,,False,287.46878158424335,4.688520233748039,22.5,0.0817854902319367,0.0,0.0,0.55,4.0,0.3833333333333333,17.0,0.0
05ec3788a4b2542b8c23bc7efeb75cf5b1c5b9bf,ignite,True,2016-04-18 10:49:03,ignite,944.0,13,3,1,1,1,0.0,2.0,0.0,9.0,913,561.0000000000019,613.0,done,706.0,2018-11-19 10:06:47,False,920.782000346155,5.126924893431413,38.0,0.041269268931967,2.0,1.0,0.7692307692307693,0.0,0.1,25.0,0.02
d0db6cfdf4d10c9fef077d3cab29fd9c050f297c,ignite,False,2016-04-20 04:49:50,ignite,,13,9,1,1,1,0.0,1.0,0.0,8.0,917,565.0000000000019,617.0,done,2501.0,,False,825.1708617899548,5.056823518208093,36.5,0.0442180469222296,0.0,0.0,0.5050505050505051,2.5,0.5568181818181819,29.5,0.0
9cfda8d61aa34e0c43b86f1e0a5cb2f8961be438,ignite,False,2016-04-21 03:20:14,ignite,,6,6,1,1,1,0.0,1.0,0.0,14.0,923,571.0000000000019,623.0,done,2494.0,,False,139.2491705011521,4.437723187323123,5.166666666666667,0.0426816004314938,0.6666666666666666,0.3333333333333333,0.219047619047619,1.3333333333333333,0.0,14.666666666666666,0.0
1ec6712ec7b21a2f4e35d5e587971ba8642febd9,ignite,False,2016-04-21 05:16:33,ignite,,9,15,1,1,1,0.0,1.0,0.0,4.0,925,573.0000000000019,625.0,done,113.0,,False,125.06740008063986,4.675019970662697,6.0,0.0438212296121095,0.3333333333333333,0.0,0.3333333333333333,2.3333333333333335,0.1999999999999999,20.666666666666668,0.0
24a345a00c23a54963ea2fe7c9388ecb69a2ff1a,ignite,False,2016-04-21 05:18:39,ignite,,5,7,1,1,1,0.0,2.0,15.0,8.0,926,574.0000000000019,626.0,done,257.0,,False,80.85461704048146,4.074026488285247,1.5,0.0183390036768409,0.0,0.0,0.0833333333333333,0.0,1.0,11.0,0.0
16ee1e5279d39db6de2598587028bed577fd8ae6,ignite,False,2016-04-21 06:04:13,ignite,,2,2,1,1,1,0.0,21.0,0.0,213.0,1219,722.500000000005,891.0,done,4455.0,,False,1117.7838017161575,5.021809773830328,26.5,0.0225290453330761,0.0,0.0,0.3715686274509804,2.0,0.3021978021978022,35.5,0.0
d914e213a36029d9ee650f6f6936f55f470a6bfe,ignite,False,2016-04-21 07:18:19,ignite,,14,8,1,1,1,0.0,1.0,0.0,17.0,928,576.0000000000019,628.0,done,2503.0,,False,669.1642687746884,4.91855402614761,24.666666666666668,0.0372828020975355,0.3333333333333333,0.0,0.4027777777777777,1.6666666666666667,0.3705882352941176,21.333333333333332,0.0
b11a8aec67f094883183d4938070296f15ffbb1a,ignite,False,2016-04-21 22:17:57,ignite,,3,0,1,1,1,0.0,14.0,0.0,63.0,13,13.0,13.0,done,852.0,,False,635.3116383008074,5.1200900112657015,18.0,0.028332551955356,0.0,0.0,0.8461538461538461,2.0,0.4285714285714285,19.0,0.0
ee2d88c2588a2735990b5d53c62701ec009c3886,ignite,False,2016-04-21 22:46:11,ignite,,6,4,1,1,1,0.0,1.0,0.0,4.0,14,14.0,14.0,done,130.0,,False,152.51558891309153,4.2635452165866425,10.5,0.0670662044026002,0.5,0.5,0.9166666666666669,0.5,0.7142857142857143,10.0,0.0
fdd0939593bf65f32d8c37fce78f158adf83a78c,ignite,False,2016-04-22 23:41:43,ignite,,16,0,1,1,1,0.0,1.0,2.0,3.0,931,573.8333333333351,631.0,done,482.0,,False,636.2934558878937,4.949910264305649,29.0,0.0455764549071669,2.0,1.0,0.7857142857142857,1.0,0.0,20.0,0.0
d7dfb91ba6ec8c494f3776b8892b9923c8e96ed5,ignite,False,2016-04-25 16:36:13,ignite,,12,6,1,1,1,0.0,2.0,0.0,16.0,11,11.0,11.0,done,1201.0,,False,1584.964099978787,5.516716717693305,67.0,0.0422722508357739,2.0,3.0,0.6521739130434783,1.0,0.3571428571428571,28.0,0.0
205f6d79021a172805e0abd9d1dcf7e90b68c1e7,ignite,False,2016-04-25 22:14:33,ignite,,31,26,1,1,1,0.0,1.0,0.0,6.0,16,16.0,16.0,done,147.0,,False,156.57844887030168,4.21202372583653,9.5,0.0608567973121776,0.5,0.5,1.0,0.75,0.6026785714285714,11.5,0.0
17dd7328337ff72663debc010e6c8674cc7e728b,ignite,False,2016-04-25 23:31:57,ignite,,7,9,1,1,1,0.0,4.0,0.0,12.0,17,17.0,17.0,done,114.0,,False,101.89580678433602,3.921725880720732,2.5,0.1152033557220991,0.0,0.0,0.25,0.0,0.625,20.5,0.0
a11f9f0e9b4799dcea6bf1edb3a3618d56e3ded7,ignite,False,2016-04-26 13:27:00,ignite,,6,9,1,1,1,0.0,1.0,0.0,27.0,941,575.66666666667,641.0,done,2563.0,,False,731.0780759788186,4.947942621516557,36.0,0.049837544782886,0.3333333333333333,0.0,0.6709401709401709,1.3333333333333333,0.5083333333333333,20.333333333333332,0.0
92e53151f1e8d71aa950011aaa5a08317058fb67,ignite,False,2016-04-26 13:29:21,ignite,,7,5,1,1,1,0.0,1.0,0.0,28.0,942,576.66666666667,642.0,done,2560.0,,False,859.1880681844798,5.340144060106298,43.0,0.0500472499471062,0.0,0.0,0.6,5.0,0.3846153846153846,34.0,0.0
8bb76a8065080bd9ba9230e51bbd32305f84e0c3,ignite,False,2016-04-27 12:23:50,ignite,,10,15,2,2,1,0.795040279384522,0.5,0.0,9.5,950,581.66666666667,650.0,done,852.0,,False,285.76281260619055,4.8079879107225985,10.5,0.0337896593458702,0.75,0.25,0.5333333333333333,1.25,0.2672619047619047,16.5,0.0
956f083d303d907c46320e43d8a96660bd6e352a,ignite,False,2016-04-27 12:53:37,ignite,,23,9,5,3,1,1.66543283593346,3.8,2.4,31.6,951,582.66666666667,651.0,done,3482.0,,False,436.93564940801224,4.779292584887989,18.666666666666668,0.0439861374682752,0.0,0.0,0.7792207792207794,3.0,0.2777167277167277,22.833333333333332,0.0
ca839c87d5d0dbcbedcc2d65e6f34473bc9e5cfa,ignite,False,2016-04-27 14:08:59,ignite,,17,7,2,1,1,0.650022421648354,1.5,18.0,5.5,1229,729.0000000000059,899.0,done,313.0,,False,931.0059438565804,5.0397872050352035,38.5,0.0421035329681048,0.5,0.0,0.9545454545454546,4.0,0.1626984126984126,23.0,0.0
50e452c9296a3057dcf23d5c062f65d964d9ee23,ignite,False,2016-04-27 16:03:02,ignite,,0,4,2,1,1,1.0,0.5,4.0,10.0,952,583.16666666667,652.0,done,166.0,,False,27.0,4.103465189601646,2.0,0.074074074074074,0.0,0.0,0.5,2.0,0.0,13.0,0.0
66fb8ef05ffacedacf01e5d800f54224783b8454,ignite,False,2016-04-27 16:32:54,ignite,,11,3,1,1,1,0.0,2.0,0.0,18.0,1230,730.0000000000059,900.0,done,980.0,,False,751.5767627582057,5.073690938742044,40.0,0.0532214432138698,1.0,1.0,0.5,3.0,0.4705882352941176,18.0,0.0
28956963fde508794993ef012503c153692c55e7,ignite,False,2016-04-27 17:02:31,ignite,,7,2,2,1,1,0.7642045065086199,0.5,2.5,4.5,955,586.16666666667,653.0,done,332.0,,False,256.33010808797525,4.7758122024298,14.666666666666666,0.056782014554605,0.0,0.0,0.9047619047619048,3.0,0.3333333333333333,27.0,0.0
06feabe9e3e133f71dcbb9e0cc5b3233cc21a8e2,ignite,False,2016-04-27 17:10:41,ignite,,3,1,1,1,1,0.0,1.0,0.0,35.0,956,587.16666666667,654.0,done,2668.0,,False,880.4977878310107,5.164611353750852,41.0,0.0465645690047649,2.0,1.0,0.6428571428571429,1.0,0.3846153846153846,16.0,0.0
122b0f4d83620d296e36d0a7236fc3f60e73d7c1,ignite,False,2016-04-27 18:21:29,ignite,,14,18,2,1,1,0.3372900666170139,2.5,5.0,19.0,53,53.0,44.0,done,1266.0,,False,3271.894052495567,5.0506705795269715,106.25,0.0363544232276471,1.75,2.25,0.5959618874773139,5.25,0.0801282051282051,25.75,0.0
646ba1d95b40dde46cf8e51a9ab6986090b6b274,ignite,False,2016-04-28 01:10:16,ignite,,2,1,1,1,1,0.0,1.0,0.0,36.0,957,588.16666666667,655.0,done,2670.0,,False,31.69925001442312,3.843856189774723,0.0,0.0,0.0,0.0,0.0,1.0,0.0,15.0,0.0
3abcfc1e346b9da9270ece09b8a55e5c8d6c54a0,ignite,False,2016-04-28 13:25:56,ignite,,4,4,1,1,1,0.0,1.0,0.0,41.0,962,593.16666666667,660.0,done,2730.0,,False,842.0043068207902,5.3252897340472725,42.0,0.0498809800137271,0.0,0.0,0.6,5.0,0.3846153846153846,34.0,0.0
dcde8d1a3fa5df74fb7a7256de4f148cfb1b170d,ignite,False,2016-04-28 16:25:11,ignite,,40,1,4,3,1,0.925146538650401,0.5,12.0,5.75,127,127.0,126.0,done,807.0,,False,1952.958952220734,4.525074231576742,77.0,0.039573173866588,1.0,0.0,0.8963210702341138,2.0,0.2,18.0,0.0
cbc852fd2ffa5494f82943d535e0825a318dd6eb,ignite,False,2016-04-28 22:32:54,ignite,,22,14,6,2,1,2.44106858595544,2.8333333333333304,2.8333333333333304,50.8333333333333,697,568.5,495.0,done,5692.0,,False,940.914604851096,5.224502039945874,35.833333333333336,0.0404226812988759,0.8333333333333334,0.3333333333333333,0.8019312169312168,4.333333333333333,0.4326996817591893,25.333333333333332,0.0
4c84e80f21b560159f5db536260eac53526e03a9,ignite,False,2016-04-29 13:28:28,ignite,,1,1,1,1,1,0.0,3.0,1.0,9.0,1238,737.166666666673,904.0,done,323.0,,False,1288.7558189280658,5.099309529867433,52.0,0.0403489933750611,0.0,0.0,1.0,4.0,0.2142857142857142,25.0,0.0
8dd6f199b2b6b79e3d3b313228b9b89b214f5870,ignite,False,2016-04-29 15:01:47,ignite,,9,3,1,1,1,0.0,1.0,21.0,1.0,699,570.5,496.0,done,362.0,,False,1031.3078142574432,4.648666171888149,30.333333333333332,0.0482059451498685,1.0,0.0,0.8854166666666666,1.0,0.2736842105263158,16.333333333333332,0.0
97facf3c58aad65504e636a5eab7d807124cf8d5,ignite,False,2016-04-29 17:07:34,ignite,,3,3,1,1,1,0.0,7.0,1.0,21.0,2677,1613.66666666664,1898.0,done,187.0,,False,1691.1009511904792,3.774327034054632,65.0,0.0384364989885684,0.0,0.0,1.0,0.0,0.0,13.0,0.0
2da17d7e5194661de15321c3d77bd961af698783,ignite,False,2016-05-04 21:07:30,ignite,,0,11,1,1,1,0.0,1.0,0.0,3.0,24,24.0,24.0,done,269.0,,False,53.77443751081734,4.2390979179887855,3.0,0.0557885891302259,0.0,0.0,0.6666666666666666,1.0,0.0,12.0,0.0
c78e2df6e6aeac9fc6f100060deba84bd5faef97,ignite,False,2016-05-04 21:25:38,ignite,,120,7,13,3,1,3.33630492680407,2.46153846153846,2.46153846153846,112.46153846153798,25,25.0,25.0,done,9760.0,,False,63.48748121028607,3.933327592441549,2.3333333333333335,0.0486852971512274,0.3333333333333333,0.1666666666666666,0.5740740740740741,0.8333333333333334,0.4222222222222222,11.666666666666666,0.0
98ef922c0978cc71f641156827b3d92d347afd10,ignite,False,2016-05-10 11:57:37,ignite,,13,1,2,2,1,1.0,12.0,1.5,151.0,1253,746.666666666673,915.0,done,3660.0,,False,356.5691823574533,5.030811547005461,18.0,0.0504810872352826,0.0,0.0,0.6666666666666666,2.0,0.1333333333333333,16.0,0.0
003fe5e35aaf85d8ed5696f36eff5618f916e166,ignite,False,2016-05-12 00:26:08,ignite,,496,1,8,5,1,2.09238902431357,0.625,9.5,9.75,131,131.0,130.0,done,809.0,,False,3065.3674220648627,4.477533532787403,115.0,0.0376044163950562,1.0,0.0,0.9268092105263156,2.0,0.178030303030303,18.0,0.0
9a79690ff19669cd9ab0a0d884800c5471978902,ignite,False,2016-05-12 06:26:19,ignite,,12,1,1,1,1,0.0,9.0,5.0,57.0,1256,749.500000000007,917.0,done,1635.0,,False,310.0,4.773074775338626,11.0,0.0354838709677419,0.0,0.0,0.6666666666666666,1.0,0.625,21.0,0.0
ce3c195469a421992523d272b3fbb173952dafab,ignite,False,2016-05-12 20:26:36,ignite,,18,15,4,4,1,1.05284237160102,5.5,2.75,95.0,30,30.0,29.0,done,7142.0,,False,1659.89185985298,4.734274456382215,45.42857142857143,0.0359852284435487,1.1428571428571428,1.2857142857142858,0.5870944959180253,0.5714285714285714,0.6274114774114773,23.428571428571427,0.0
bc642a4cf43f86dadd35b57c2ad4d63773ef6426,ignite,False,2016-05-13 16:07:51,ignite,,3,3,1,1,1,0.0,7.0,13.0,22.0,2694,1600.3333333332998,1911.0,done,187.0,,False,1768.8101852714422,3.7767189642726295,68.0,0.03844392155033,0.0,0.0,1.0,0.0,0.0,13.0,0.0
2ac4aa6039f51626529ccc6f606e683b48854406,ignite,False,2016-05-13 16:44:40,ignite,,2,2,1,1,1,0.0,15.0,0.0,112.0,2697,1603.3333333332998,1913.0,done,1661.0,,False,1668.4062457567263,5.307955121971847,42.0,0.0251737249886345,1.0,1.0,0.6756756756756757,2.0,0.55,30.0,0.0
b8d624a28c2b31fafaa287fae22348ea36694a22,ignite,False,2016-05-13 18:54:01,ignite,,16,0,1,1,1,0.0,15.0,0.0,57.0,1369,740.166666666678,734.0,done,635.0,,False,854.5124354303305,4.827384716659365,30.0,0.0374848087559564,1.5,0.5,0.7936507936507937,0.0,0.6298701298701299,18.0,0.0
bd79316a24701a06c169702617296e99eda50002,ignite,False,2016-05-13 21:00:03,ignite,,6,0,1,1,1,0.0,10.0,16.0,20.0,2701,1604.8333333332998,1917.0,done,444.0,,False,373.42862189926024,4.774546611948496,4.5,0.0224237896390102,1.0,0.5,0.375,0.0,0.3333333333333333,16.0,0.1538461538461538
3319d2a7c2c3bda0a91cacf248727baf2a47961e,ignite,False,2016-05-13 22:14:54,ignite,,2,8,1,1,1,0.0,21.0,0.0,226.0,2702,1604.8333333332998,1918.0,done,4511.0,,False,16442.98404068586,6.01083755194373,406.0,0.0246913819897537,0.0,0.0,0.5188679245283019,28.0,0.1097560975609756,24.0,0.0
36f65e8376819d71e30c7a33c41c51c2a2347247,ignite,False,2016-05-14 08:00:12,ignite,,22,6,3,3,1,1.02705826660079,10.0,16.3333333333333,149.0,1265,757.000000000007,921.0,done,13220.0,,False,911.730709170424,5.029854150488861,30.0,0.0347353873377096,0.5,0.0,0.8089285714285714,1.0,0.534965034965035,21.5,0.0
dc68c0ed8f26c952f9a4dd65783d1f51e4fd68a9,ignite,False,2016-05-16 15:28:02,ignite,,0,6,2,1,1,1.0,8.0,5.0,121.0,2704,1593.9999999999698,1920.0,done,6393.0,,False,1067.087211665749,5.11415748126417,20.0,0.0228729460882342,1.5,0.5,0.3993506493506493,0.5,0.2678571428571428,27.0,0.0
dc7b37f0dafecd20da2866312f42a68a15f39a8d,ignite,False,2016-05-16 17:24:13,ignite,,2,0,1,1,1,0.0,8.0,2.0,18.0,313,285.5,159.0,done,865.0,,False,2075.508137155353,4.742816008629169,75.0,0.0361357292016177,1.0,2.0,0.4347826086956521,0.0,0.4615384615384615,26.0,0.0
5a43025088dfb1648fc63591198c4a1808a47617,ignite,False,2016-05-16 17:39:59,ignite,,244,4,5,4,1,1.61515656504921,0.6,3.8,6.6,705,574.0,500.0,done,863.0,,False,1758.807065834461,4.589652671147189,72.5,0.0412210650787348,1.0,0.0,1.0,2.0,0.0,15.0,0.0
f3deed19a33606adc69138a8953dbc5b624c81fd,ignite,False,2016-05-16 17:45:30,ignite,,2,1,1,1,1,0.0,7.0,3.0,23.0,2707,1596.9999999999698,1923.0,done,187.0,,False,1742.9071072444544,3.775923606076478,67.0,0.038441520905797,0.0,0.0,1.0,0.0,0.0,13.0,0.0
341f12fb25b16206a82de32a96b900163cf4f043,ignite,False,2016-05-16 17:47:39,ignite,,298,111,21,10,1,2.53501785027168,0.238095238095238,32.6666666666667,8.61904761904762,135,135.0,134.0,done,911.0,,False,3423.333951893049,4.4621678812433965,127.5,0.037335623641361,1.0,0.0,0.9268092105263156,2.0,0.1488095238095238,21.5,0.0
dcfd30e31f7f7f2a8f4ab964b66967ad758e549a,ignite,False,2016-05-16 20:25:37,ignite,,0,1,1,1,1,0.0,14.0,24.0,63.0,2708,1597.9999999999698,1924.0,done,1808.0,,False,230.75303625876495,4.701312025461759,11.0,0.0476700119675334,1.0,0.0,0.6666666666666666,1.0,0.5555555555555556,10.0,0.0
5a2aae71b11ae34a3cec5f7f525c4c9befce955e,ignite,False,2016-05-16 21:11:23,ignite,,2,0,1,1,1,0.0,4.0,25.0,11.0,2709,1598.9999999999698,1925.0,done,419.0,,False,2117.132199091877,5.20929064316836,16.0,0.0075573929709552,1.0,0.0,0.4,3.0,0.0909090909090909,35.0,0.0
90ae6023c4301840100c13e2a494c1c8ce401adf,ignite,False,2016-05-16 21:23:42,ignite,,8,1,1,1,1,0.0,5.0,41.0,28.0,2710,1599.9999999999698,1926.0,done,2144.0,,False,2086.188164481164,5.490633583123646,43.0,0.020611755321071,1.0,0.0,0.7441860465116279,1.0,0.28,19.0,0.0
cc58a63d1024c6c76b865731ab9f96cedcd0c9e6,ignite,False,2016-05-16 21:28:20,ignite,,1,1,1,1,1,0.0,1.0,41.0,1.0,2711,1600.9999999999698,1927.0,done,2688.0,,False,440.92347162443184,4.4482458329449335,9.0,0.0204117053847067,1.0,0.0,0.2727272727272727,0.0,0.25,14.0,0.0
92a41ba58ed34635ff7f543849babdc8d566dc05,ignite,False,2016-05-16 21:44:57,ignite,,3,0,1,1,1,0.0,4.0,87.0,11.0,2712,1601.9999999999698,1928.0,done,70.0,,False,514.3611208216118,3.7410160917954087,27.0,0.0524923033779685,0.0,0.0,1.0,0.0,0.0,9.0,0.0
9ea769a25bcda322f628f8d4fcb47f67579db026,ignite,False,2016-05-16 22:48:55,ignite,,2,2,1,1,1,0.0,3.0,4.0,5.0,5,5.0,5.0,done,1149.0,,False,2480.53819531501,5.273091254744771,69.0,0.027816544058995,2.0,1.0,0.7352941176470589,0.0,0.2307692307692307,20.0,0.0
92dcb56917a8741eb2ef3fd64be2de2adea41e74,ignite,False,2016-05-17 00:17:22,ignite,,12,9,2,1,1,0.453716339186945,12.0,0.0,202.5,44,44.0,39.0,done,6770.0,,False,782.5594431292759,4.620597259630919,17.0,0.0247051953077937,1.0,0.5,0.5722222222222222,1.0,0.1909090909090909,24.0,0.0
1dc1d85611492739d077e53cfd3e4db710040180,ignite,False,2016-05-17 00:32:07,ignite,,6,6,1,1,1,0.0,1.0,38.0,1.0,117,100.5,92.0,done,495.0,,False,881.0745924063733,5.11490801957261,7.2,0.0150799425724047,0.4,0.0,0.6516356107660455,0.2,0.3685714285714285,20.2,0.0
223708a898420b4b9ea421ebfd0296d1e76857de,ignite,False,2016-05-17 00:34:26,ignite,,6,6,1,1,1,0.0,1.0,38.0,1.0,117,100.5,92.0,done,495.0,,False,881.0745924063733,5.11490801957261,7.2,0.0150799425724047,0.4,0.0,0.6516356107660455,0.2,0.3685714285714285,20.2,0.0
e5c8dfe243951543bc2a6032efb5f9c087f5b184,ignite,False,2016-05-17 17:01:29,ignite,,4,1,1,1,1,0.0,14.0,0.0,64.0,2714,1602.4999999999698,1930.0,done,1807.0,,False,197.41846816192583,5.039037909489493,12.0,0.0607845867295323,0.0,0.0,0.8,4.0,0.2222222222222222,17.0,0.0
21daa23ce0d1bdb1e1e28247aac7cd29ece5c898,ignite,False,2016-05-17 17:09:50,ignite,,1,1,1,1,1,0.0,10.0,41.0,35.0,2715,1603.4999999999698,1931.0,done,598.0,,False,437.5218043475291,4.740104931595701,21.0,0.0479976078708055,0.0,0.0,0.2,2.0,0.5,22.0,0.0
fb0b0e0124eb42a2d81011e2eea567a70228c55e,ignite,False,2016-05-17 19:55:04,ignite,,5,0,1,1,1,0.0,6.0,77.0,10.0,2716,1603.9999999999698,1932.0,done,166.0,,False,1712.925139886367,5.210628675217041,34.0,0.0198490869263881,2.0,0.0,0.5714285714285714,1.0,0.2307692307692307,36.0,0.0
eee57af37b31a559cbf0a4910cd88b384c2c64d8,ignite,False,2016-05-17 21:20:23,ignite,,12,4,5,3,1,2.1556390622295702,5.2,4.0,112.4,2717,1604.9999999999698,1933.0,done,7483.0,,False,2043.1354522247025,4.3139118645915,53.0,0.0559521624199907,0.5,0.5,0.4081632653061224,1.0,0.6666666666666666,14.5,0.0
cb9a50edc3e096537d96ac42e51760375599ee77,ignite,False,2016-05-17 21:54:29,ignite,,18,4,7,5,1,2.6292196865241,4.28571428571429,2.71428571428571,119.714285714286,2718,1605.9999999999698,1934.0,done,10859.0,,False,376.4722502525251,4.639599169793531,13.0,0.0345310975544147,0.0,0.0,0.5,1.0,0.7777777777777778,19.0,0.0
d2cbcbb80d9732aef0a809c9c06899130007542c,ignite,False,2016-05-17 22:50:53,ignite,,6,5,1,1,1,0.0,15.0,0.0,119.0,2719,1606.9999999999698,1935.0,done,1661.0,,False,213.96993759735608,5.012539855728117,7.0,0.0327148761111126,0.0,0.0,1.0,0.0,0.6,20.0,0.0
ebf12273216087eedeb07a8c0cf198884afd6e48,ignite,False,2016-05-18 16:07:01,ignite,,0,2,1,1,1,0.0,1.0,0.0,1.0,709,577.0,502.0,done,405.0,,False,15.509775004326936,3.75,1.0,0.0644754678724236,0.0,0.0,1.0,0.0,1.0,8.0,0.0
d57caf4604422218dd9e4b169dd233d9be677030,ignite,False,2016-05-18 16:45:36,ignite,,9,2,1,1,1,0.0,7.0,0.0,9.0,711,579.0,503.0,done,1023.0,,False,483.2830724770114,5.196608244019095,31.0,0.06414460130191,1.0,1.0,0.7142857142857143,2.0,0.3846153846153846,19.0,0.0
83be105849c9aa1b3c150b4f77e49e373b7523ce,ignite,False,2016-05-18 17:08:54,ignite,,1,1,1,1,1,0.0,8.0,0.0,10.0,712,580.0,504.0,done,1030.0,,False,1107.4805137319588,5.175092094733851,46.0,0.0415357195270103,1.0,1.0,0.7058823529411765,3.0,0.3125,23.0,0.0
a10b63e91ddb98c6fdd39b2baaa9884cf3218aeb,ignite,False,2016-05-18 17:14:55,ignite,,11,7,2,2,1,0.650022421648354,5.5,136.0,13.0,2720,1606.9999999999698,1936.0,done,454.0,,False,1287.6753599661754,4.9601450354773435,51.0,0.0438222498429795,0.3333333333333333,0.0,0.7018308631211857,0.3333333333333333,0.2086601307189542,23.666666666666668,0.0
7f8f000dd1909bb4ce26852a82f4c681734c8cd6,ignite,False,2016-05-18 20:50:10,ignite,,1,5,1,1,1,0.0,2.0,260.0,3.0,713,581.0,505.0,done,326.0,,False,1642.9505914414256,5.501310876886857,61.0,0.0371283228587429,1.0,1.0,0.8888888888888888,6.0,0.3076923076923077,26.0,0.0
2bb074a2698d1f114b07ddf4396914ea3f44843c,ignite,False,2016-05-18 21:25:46,ignite,,6,9,3,3,1,0.6998428398862391,7.0,0.0,125.333333333333,53,53.0,47.0,done,3147.0,,False,213.6173847296373,4.559070238810869,2.0,0.0093625338711607,0.0,0.0,0.8333333333333334,0.0,1.0,15.0,0.0
b5304f7bbb3a1984b47126f718b235ead0da69b7,ignite,False,2016-05-18 23:47:37,ignite,,37,10,1,1,1,0.0,19.0,0.0,158.0,55,55.0,49.0,done,3160.0,,False,1558.9352509542584,4.7993887181325885,10.4,0.0377451352391734,0.0,0.2,0.7493399339933994,1.2,0.4632034632034632,18.2,0.0
db9431fa7cead53e954062adec7f901c0d0f3674,ignite,False,2016-05-18 23:50:01,ignite,,6,2,1,1,1,0.0,15.0,0.0,98.0,56,56.0,50.0,done,1729.0,,False,5753.605667611341,5.685615585494488,125.0,0.0217255069640347,5.0,7.0,0.7073170731707317,0.0,0.225,24.0,0.0
4ec3c962adfae8f7fee09673876706c55e0199a5,ignite,False,2016-05-19 22:36:43,ignite,,1,0,1,1,1,0.0,20.0,0.0,162.0,64,64.0,56.0,done,3222.0,,False,7610.125349416044,5.988829434552248,35.0,0.0045991358082801,0.0,1.0,0.6568627450980392,0.0,0.3636363636363636,29.0,0.0
ba60d6f28dbcf728bec1fb78ea676817d705c537,ignite,False,2016-05-19 23:28:24,ignite,,100,46,6,4,1,1.89429052984116,3.0,23.0,44.6666666666667,66,66.0,58.0,done,5643.0,,False,776.8046711544085,5.025468479272587,25.125,0.0321148240667615,1.125,0.25,0.604108825004134,0.875,0.4207312091503268,20.75,0.0
e7a6863135ac922a2c9e569117e062db711123c2,ignite,False,2016-05-23 21:56:47,ignite,,2,2,1,1,1,0.0,8.0,5.0,11.0,1438,738.166666666677,870.0,done,1030.0,,False,167.37179237410948,4.757001893438334,11.0,0.065721946595474,0.0,0.0,0.6666666666666666,3.0,0.5,17.0,0.0
a2924e11462d37d589b06e764f7105a25d5752c5,ignite,False,2016-05-24 17:10:46,ignite,,5,1,1,1,1,0.0,4.0,0.0,17.0,17,17.0,17.0,done,503.0,,False,274.7229934275183,5.175294062386142,10.0,0.0364003022653375,0.0,0.0,0.75,2.0,0.2857142857142857,19.0,0.0
6fc274aaf075744e5eda443ffe8c8e7d84cd61cc,ignite,False,2016-05-25 16:12:11,ignite,,3,0,1,1,1,0.0,21.0,0.0,234.0,2740,1614.66666666663,1956.0,done,4541.0,,False,728.4513239041072,5.06734932420281,21.0,0.0288282817408461,0.0,0.0,0.2941176470588235,1.0,0.3636363636363636,22.0,0.0
30aa287b881d4f9dc3fd5eec9840eab8d9a20828,ignite,False,2016-05-25 16:24:44,ignite,,3,0,1,1,1,0.0,21.0,0.0,234.0,2740,1614.66666666663,1956.0,done,4537.0,,False,728.4513239041072,5.06734932420281,21.0,0.0288282817408461,0.0,0.0,0.2941176470588235,1.0,0.3636363636363636,22.0,0.0
b99470b2edf7a2ce05e03c2e26da80bde124c126,ignite,False,2016-05-25 19:11:27,ignite,,45,15,1,1,1,0.0,9.0,54.0,39.0,716,581.0,506.0,done,1995.0,,False,738.193492492488,5.317908584145216,7.5,0.0136665051793851,0.25,1.0,0.8072478991596639,1.25,0.5,17.5,0.0
a9547880a9b3b541d84f584124727d48af9f1509,ignite,False,2016-05-26 00:50:43,ignite,,19,12,2,2,1,0.45868581620054,10.0,9.5,85.0,73,73.0,64.0,done,5040.0,,False,4048.7768245649304,5.485839314914171,26.0,0.0234640310514704,0.5,0.5,0.7659313725490196,1.5,0.451048951048951,26.0,0.0
073ddce68156d54f3fb80ac1367f7de3b522fe5d,ignite,False,2016-05-26 01:09:36,ignite,,27,3,1,1,1,0.0,1.0,0.0,1.0,74,74.0,65.0,done,193.0,,False,1039.525531691836,4.62621464325277,32.0,0.0307952608300048,1.0,0.0,0.7657378740970072,0.0,0.0883838383838383,20.333333333333332,0.0
9a61273c4e16d5efa384bd520d9ca4ed4ddf57f0,ignite,False,2016-05-27 03:09:42,ignite,,18,20,1,1,1,0.0,4.0,2.0,18.0,1271,747.6666666666748,924.0,done,507.0,,False,322.94720674078485,4.675061075931681,20.22222222222222,0.0641588942360991,0.5555555555555556,0.0,0.8333333333333334,3.0,0.3069444444444444,19.77777777777778,0.0
9d937ca34775f39b46568eb3fca4585ce00a0fb1,ignite,False,2016-05-27 20:35:42,ignite,,16,0,1,1,1,0.0,15.0,0.0,57.0,1369,740.166666666678,734.0,done,635.0,,False,854.5124354303305,4.827384716659365,30.0,0.0374848087559564,1.5,0.5,0.7936507936507937,0.0,0.6298701298701299,18.0,0.0
edc2947d7340cac4a3c90fa726c23d5d47798ab9,ignite,False,2016-05-27 20:39:53,ignite,,45,15,1,1,1,0.0,9.0,54.0,39.0,716,581.0,506.0,done,1995.0,,False,738.193492492488,5.317908584145216,7.5,0.0136665051793851,0.25,1.0,0.8072478991596639,1.25,0.5,17.5,0.0
0135732283a28b1b522c01f1b29d17bb97780f41,ignite,False,2016-05-27 21:28:27,ignite,,15,11,2,1,1,0.840358671609117,8.5,16.0,67.0,2744,1608.66666666663,1960.0,done,1896.0,,False,1156.14653339872,5.104623109848641,8.666666666666666,0.0102857231381402,0.0,0.0,0.78125,1.3333333333333333,0.4730158730158729,23.666666666666668,0.0083333333333333
17096cd732123541a89c3f6ac2d42f1a820bace9,ignite,False,2016-05-28 09:44:01,ignite,,15,32,11,11,1,2.79803614153911,2.09090909090909,27.6363636363636,18.272727272727305,1275,749.000000000009,927.0,done,3526.0,,False,1553.1009619310018,5.177404870774312,56.333333333333336,0.0453597283259633,0.3333333333333333,0.0,0.6162806727322856,4.0,0.3033273915626857,29.0,0.0
2ef0c8480f539ef784d302c4d88255a0293963b8,ignite,False,2016-05-31 05:30:08,ignite,,4,8,3,2,1,1.3844315043406,2.0,2.0,10.3333333333333,1278,745.666666666677,929.0,done,769.0,,False,446.6094126360301,5.029433813335299,15.0,0.0464037367008166,0.0,0.0,0.6,7.0,0.1428571428571428,23.0,0.0
bae5ce242be5a405508360b576e7630097c17bdf,ignite,False,2016-05-31 14:30:03,ignite,,24,14,1,1,1,0.0,4.0,0.0,22.0,11,11.0,6.0,done,509.0,,False,110.36149671375917,4.668009198619092,7.0,0.0634279183269475,0.0,0.0,0.3333333333333333,7.0,0.0,24.0,0.0
82876e9a9df3c88718ffc927d5556012d9de9664,ignite,False,2016-06-01 09:53:47,ignite,,69,24,3,2,1,1.08991076968692,5.33333333333333,4.0,59.3333333333333,1281,747.666666666677,932.0,done,3432.0,,False,654.396111334205,4.8099607941278935,25.5,0.0431812538350274,0.875,0.875,0.6023194265744576,0.625,0.5133399209486167,18.5,0.0
2f6c390a83882671abac580678e7f9c8879cb7bc,ignite,False,2016-06-01 20:19:21,ignite,,3,1,2,2,1,1.0,1.5,0.5,3.5,2753,1603.3333333332998,1968.0,done,2385.0,,False,866.9635997020534,4.784628299350036,29.5,0.0350038041481815,1.0,0.5,0.5833333333333333,1.5,0.1623376623376623,23.0,0.0
7368fa25fd0820f930a72bd60e6662a2cf85183a,ignite,False,2016-06-01 22:04:57,ignite,,1,1,1,1,1,0.0,9.0,0.0,70.0,85,85.0,74.0,done,1713.0,,False,1126.8400941369484,5.216552644456373,47.0,0.0417095559916134,0.0,0.0,0.7391304347826086,4.0,0.4,33.0,0.0
33de3ee547976a71154d0ad5e553309f9f1dd2ea,ignite,False,2016-06-02 01:59:59,ignite,,5,1,1,1,1,0.0,15.0,0.0,130.0,87,87.0,76.0,done,1888.0,,False,729.6562839220597,4.776761785664179,20.0,0.0274101661846803,1.0,2.0,0.5909090909090909,0.0,0.6666666666666666,17.0,0.0
d567ab377cb34bb474f2c65a9fae7f050d042398,ignite,False,2016-06-02 02:01:41,ignite,,1,1,1,1,1,0.0,15.0,1.0,77.0,88,88.0,77.0,done,850.0,,False,15.509775004326936,3.521640636343319,0.0,0.0,0.0,0.0,0.0,0.0,0.0,7.0,0.0
fda69ec2761be4684869a21098df3abe4588ab9d,ignite,False,2016-06-02 22:38:43,ignite,,2,2,2,2,1,1.0,3.0,1.0,14.0,2754,1599.16666666663,1969.0,done,1546.0,,False,418.77702410760946,5.113146116673176,19.5,0.047387900368103,0.0,0.0,0.8888888888888888,2.0,0.3901515151515151,20.0,0.0
5cd51cd5514d37e3d788fb6d843e3d0e05070f17,ignite,False,2016-06-03 22:03:10,ignite,,1,1,1,1,1,0.0,26.0,0.0,312.0,2756,1593.99999999996,1971.0,done,3702.0,,False,129.45006734995854,3.897416845103709,2.0,0.0154499726492466,0.0,0.0,1.0,1.0,0.5,35.0,0.0
4c8725aee98438bcb69135059230ce09b5022910,ignite,False,2016-06-03 22:33:13,ignite,,29,30,1,1,1,0.0,10.0,18.0,21.0,2757,1594.99999999996,1972.0,done,2328.0,,False,367.45108100132575,4.424475338849557,6.5,0.0195289337190448,0.0,0.0,0.2268681318681318,0.0,0.6666666666666667,19.7,0.0
2485d86f63bb2149e8881d3f48c13fb7784c29b0,ignite,False,2016-06-04 02:12:44,ignite,,15,4,3,1,1,1.46183819925687,2.0,6.66666666666667,8.33333333333333,1,1.0,1.0,done,358.0,,False,1326.533875310097,5.170572291807644,44.0,0.0331691491781273,1.0,0.0,0.5833333333333334,0.0,0.2857142857142857,28.0,0.0
150e0d3b3ab1b01483b5e44ff28198a51fa35e68,ignite,False,2016-06-06 03:14:54,ignite,,0,2,1,1,1,0.0,2.0,0.0,2.0,726,591.0,513.0,done,437.0,,False,314.0409981189452,4.69719774500669,24.0,0.0764231426589398,0.0,0.0,0.75,1.0,0.4545454545454545,11.0,0.0
6b4eafe27efbecae4c1d62e2d53d7bc114ce4735,ignite,False,2016-06-06 16:12:18,ignite,,20,8,3,2,1,0.8503259045049341,7.0,30.6666666666667,99.6666666666667,2760,1591.49999999996,1975.0,done,8243.0,,False,1036.1523987056364,5.058681971620447,46.666666666666664,0.0452609245390358,0.3333333333333333,0.3333333333333333,0.7667293233082706,1.0,0.6958204334365327,22.0,0.0
3d3bf080bbb5d5a35a9a6cb641a7b1b11867b538,ignite,False,2016-06-06 16:36:26,ignite,,4,3,2,2,1,0.985228136034252,4.5,0.0,30.5,731,596.0,517.0,done,3441.0,,False,798.7221295317554,4.535490921962704,30.5,0.0379882175834634,0.5,0.0,0.6428571428571428,0.0,0.45,15.0,0.0
9e16b6cb808c3c37e4b08bf08a7e66257a1a5ef4,ignite,False,2016-06-06 17:04:04,ignite,,40,49,1,1,1,0.0,15.0,18.0,59.0,2762,1593.49999999996,1977.0,done,1822.0,,False,1140.863784805745,5.063212407415813,25.6,0.0273338361910361,0.8,0.4,0.6613413084001319,0.6,0.3336842105263158,23.4,0.0
bb2092eedce5cf0dce3c649bc76148b0beb3b7bc,ignite,False,2016-06-06 18:58:45,ignite,,13,8,3,2,1,0.892942741766581,3.0,50.6666666666667,14.333333333333302,2764,1595.49999999996,1979.0,done,1663.0,,False,192.6652194051102,4.6833625362760145,6.333333333333333,0.0304077026263743,0.6666666666666666,0.0,0.3282051282051282,0.6666666666666666,0.5444444444444444,23.0,0.0
dc665a8c671df7160858ef4c34c07bf375b7d9c6,ignite,False,2016-06-07 23:17:59,ignite,,26,4,1,1,1,0.0,9.0,97.0,15.0,2768,1593.99999999996,1983.0,done,373.0,,False,185.27781577442323,4.61856098247768,10.75,0.0489993311162601,0.0,0.0,0.525,1.5,0.2291666666666666,14.25,0.0
05d37b4b89c8b878ea0323a4bd758a5af41d9975,ignite,False,2016-06-08 10:40:36,ignite,,10,2,2,1,1,1.0,2.0,7.0,26.0,1285,739.333333333344,935.0,done,1813.0,,False,466.21384621259904,4.854296059678744,18.4,0.0389555280360622,0.4,0.2,0.5581232492997199,0.4,0.653921568627451,16.2,0.0
f272bd0e476f1d10333704fe97e0389642965f28,ignite,False,2016-06-08 15:36:19,ignite,,6,0,1,1,1,0.0,3.0,281.0,5.0,2770,1595.49999999996,1985.0,done,191.0,,False,427.1751759815739,4.571573128969252,13.0,0.03043248000104,0.0,0.0,0.75,1.0,0.0,30.0,0.0
9867596f6365f05b0258f8631a55916977e94527,ignite,False,2016-06-08 16:25:16,ignite,,7,3,1,1,1,0.0,13.0,0.0,78.0,2771,1595.66666666663,1986.0,done,1250.0,,False,88.0,4.6557364555737575,8.0,0.0909090909090909,0.0,0.0,1.0,5.0,0.0,17.0,0.0
05c545003f0ea2bc98acd099ecf5ad05d8d47084,ignite,False,2016-06-08 18:14:15,ignite,,18,3,1,1,1,0.0,25.0,0.0,410.0,2772,1595.16666666663,1987.0,done,6591.0,,False,341.2150500951926,4.73336076928608,11.0,0.0322377339362118,2.0,0.0,0.6153846153846154,0.0,0.6,23.0,0.0
07e76b858dbe283600e9ceb99a2f759d8aa3255c,ignite,False,2016-06-08 19:10:03,ignite,,1,1,1,1,1,0.0,25.0,0.0,411.0,3,3.0,3.0,done,6606.0,,False,51.80615605397529,4.219528282299547,1.0,0.0193027253162371,0.0,0.0,0.0,0.0,0.0,8.0,0.0
4ec0fedf8f45b37371485c30e03a29a3da92d5a8,ignite,False,2016-06-08 19:21:06,ignite,,0,3,1,1,1,0.0,15.0,0.0,47.0,5,5.0,5.0,done,1991.0,,False,277.3259433703244,4.678479008663654,8.0,0.0288469225157102,1.0,0.0,0.75,0.0,0.0,20.0,0.0
4804db9ca806ee7c743f5f54d6eac37163513759,ignite,False,2016-06-08 20:48:47,ignite,,1,5,1,1,1,0.0,4.0,0.0,11.0,734,599.0,518.0,done,547.0,,False,416.5941638758228,5.101977989908115,15.0,0.0360062653313385,1.0,0.0,1.0,0.0,0.7142857142857143,17.0,0.0
7761e5f573d9f39b5cc542f3d67bacab4e66609a,ignite,False,2016-06-08 21:13:33,ignite,,5,2,1,1,1,0.0,5.0,1.0,17.0,742,606.0,525.0,done,343.0,,False,233.3841171239176,4.172399644535466,7.0,0.029993472076265,0.0,0.0,0.625,1.0,0.0,29.0,0.0
dee6426c77f699f74754b0d898c6d2a91bd41f66,ignite,False,2016-06-09 05:49:31,ignite,,26,20,2,2,1,0.426228656998145,11.0,157.5,94.5,1371,712.6666666666811,736.0,done,2611.0,,False,515.3096641823357,3.716483673801587,12.285714285714286,0.0984809506126623,0.0,0.0,0.1428571428571428,0.7142857142857143,0.2857142857142857,7.428571428571429,0.0
9d9ef64a6bd812a135b7765317f66e66a1922e10,ignite,False,2016-06-09 16:45:51,ignite,,2,0,1,1,1,0.0,2.0,47.0,6.0,2774,1594.8333333332998,1989.0,done,1822.0,,False,337.9744059970164,4.7610957982708415,21.0,0.062134882486295,0.0,0.0,1.0,5.0,0.4,15.0,0.0
eb3e5e171cf0c759df1747797d6ddd666a7aad8b,ignite,False,2016-06-09 19:13:37,ignite,,2,1,1,1,1,0.0,1.0,47.0,1.0,2777,1597.8333333332998,1992.0,done,722.0,,False,331.7074896219747,4.7888743132175,21.0,0.0633087905971985,0.0,0.0,1.0,5.0,0.3333333333333333,21.0,0.0
418674075736e881ba98c1d73c809d3b027426c9,ignite,False,2016-06-09 20:45:00,ignite,,5,1,1,1,1,0.0,20.0,10.0,140.0,2778,1598.8333333332998,1993.0,done,2800.0,,False,326.9769564855337,4.709525003251218,14.0,0.0428164729113545,0.0,0.0,0.5454545454545454,1.0,0.5714285714285714,18.0,0.0
de1b8b103f313189a7c7e60c8ffa6b62a1746064,ignite,False,2016-06-09 23:04:44,ignite,,13,8,3,2,1,1.31274435310937,9.0,4.33333333333333,135.0,103,103.0,86.0,done,6405.0,,False,1265.6463749288937,4.813212067599016,33.25,0.0223785676613013,1.0,0.5,0.6154199660633484,1.25,0.2730113636363636,21.75,0.0
6c2de8303d1cf93e32e59d9f2e6a4d2b8329e78f,ignite,False,2016-06-10 16:08:49,ignite,,4,2,1,1,1,0.0,1.0,59.0,1.0,2781,1598.66666666663,1996.0,done,265.0,,False,1013.036894806448,5.4733636450619585,34.0,0.0335624498715775,3.0,0.0,0.4545454545454545,2.0,0.0526315789473684,24.0,0.0428571428571428
8e4fc4c3233cb21977482c515019f5fe36ffa564,ignite,False,2016-06-14 10:20:50,ignite,,16,2,5,5,1,2.1473487816330503,5.8,21.0,86.4,1291,738.166666666678,941.0,done,5737.0,,False,1127.904709973038,4.553902449543789,28.6,0.0526594013616951,0.4,0.6,0.7035940803382664,1.8,0.5121212121212121,19.2,0.0
3a4f587b457bd1bb86665bf51757a2aa3f986f07,ignite,False,2016-06-14 17:50:51,ignite,,3,1,1,1,1,0.0,15.0,8.0,88.0,2788,1598.3333333332998,2003.0,done,6140.0,,False,11802.76154857942,5.7711602879867465,378.0,0.0320264031806603,1.0,13.0,0.8493150684931506,0.0,0.5,26.0,0.0
95d02f7c2c02748701c79a3c6b86b3299418db9d,ignite,False,2016-06-15 22:03:26,ignite,,4,3,1,1,1,0.0,11.0,1.0,56.0,105,105.0,88.0,done,1132.0,,False,2092.3832613691548,5.525419718898586,40.0,0.019116956600879,0.0,1.0,0.6086956521739131,10.0,0.217391304347826,25.0,0.0
3d438dafeb366c4f3e04df0dfc821d3fe7866a84,ignite,False,2016-06-16 18:54:33,ignite,,60,45,1,1,1,0.0,26.0,2.0,415.0,2792,1594.66666666663,2007.0,done,6606.0,,False,1891.9060678775368,5.320601190302794,47.0,0.024842670996202,1.0,3.0,0.5555555555555556,3.0,0.25,28.0,0.0
e05c012f293dcad2cd3a184e6d257a0cb2af509a,ignite,True,2016-06-16 20:27:22,ignite,727.0,42,39,2,1,1,0.716962251688951,2.5,197.5,4.0,333,304.5,164.0,done,755.0,2018-06-14 13:53:29,True,445.9997196264774,4.742477269167701,13.0,0.0328625135365939,0.0,0.0,0.738970588235294,0.0,0.8452380952380952,17.0,0.0
2a6658a1d648e83079d9e32846ebe33a8ac3a8aa,ignite,False,2016-06-16 21:28:07,ignite,,11,10,1,1,1,0.0,4.0,6.0,11.0,2793,1595.3333333332998,2008.0,done,1099.0,,False,222.9050971091868,4.857405327124441,8.0,0.0358897131727827,0.0,0.0,0.6,1.0,0.25,17.0,0.0
88f84642e06ee4fb15479ae036bf5c54fe4ebcd8,ignite,False,2016-06-17 15:13:36,ignite,,9,1,1,1,1,0.0,4.0,7.0,35.0,1294,740.000000000012,943.0,done,1410.0,,False,260.0652015672515,5.008219463266926,14.0,0.0538326539484355,0.0,0.0,1.0,2.0,0.375,21.0,0.0
54bd9237021e25390b1039b914d41c17ed6f7a3b,ignite,True,2016-06-20 04:10:02,ignite,465.0,7,4,1,1,1,0.0,10.0,10.0,34.0,20,20.0,13.0,done,369.0,2017-09-28 08:00:46,False,91.6185500278847,4.127668868340748,3.6666666666666665,0.0596992963348096,0.0,0.0,0.2777777777777777,1.3333333333333333,0.0666666666666666,11.0,0.0
d2e6f75b29d418834f5be17f79133d3cbf1813cb,ignite,False,2016-06-20 05:19:53,ignite,,15,9,1,1,1,0.0,3.0,1.0,53.0,21,21.0,14.0,done,2976.0,,False,542.6752126882218,4.82376700167254,28.5,0.0557268410530394,0.0,0.0,0.375,3.5,0.575,24.0,0.0
2352f71f62eb27af99368031bdddd35ef13b3c5d,ignite,False,2016-06-20 06:27:42,ignite,,39,40,1,1,1,0.0,3.0,0.0,54.0,22,22.0,15.0,done,2982.0,,False,762.1723731455229,5.107912248707549,40.2,0.0599576959630529,0.0,0.0,0.657070707070707,5.4,0.3185261797026503,24.2,0.0
58a10e8bf77b6f8c7abe39ea8a4beb75366b8dc0,ignite,False,2016-06-22 01:57:18,ignite,,3,4,2,2,1,0.985228136034252,9.0,7.0,142.0,10,10.0,10.0,done,5714.0,,False,5937.990277120164,5.591030916814416,185.0,0.0331029573624084,2.0,2.0,0.7770800627943486,0.0,0.4114832535885167,25.5,0.0102739726027397
3721f6af80b4eaa030dc9a65845151c71af6e647,ignite,False,2016-06-22 01:58:08,ignite,,0,2,1,1,1,0.0,4.0,1.0,15.0,11,11.0,11.0,done,1516.0,,False,52.94514489760327,4.257629041788027,3.5,0.0661848256855593,0.0,0.0,0.5,1.0,0.2916666666666666,9.5,0.0
bae2140b8c2564edf6c4c4219162041d7459f1c9,ignite,False,2016-06-22 06:13:46,ignite,,41,10,1,1,1,0.0,1.0,0.0,1.0,1297,737.333333333346,946.0,done,434.0,,False,409.6579453742397,4.842851635738925,19.428571428571427,0.0523025472218915,1.0,0.7142857142857143,0.5217893217893218,1.5714285714285714,0.3465419501133787,20.285714285714285,0.0
3e37a4abfc01029f1b7adf3e35c8eeefa566d657,ignite,False,2016-06-22 17:59:55,ignite,,6,5,1,1,1,0.0,1.0,29.0,2.0,12,12.0,12.0,done,437.0,,False,937.056499334936,5.268416684075522,22.0,0.0234777732352469,1.0,0.0,0.6666666666666666,1.0,0.2727272727272727,26.0,0.0
04f29e6adefab847ba3bc3c05e862212a93dfddd,ignite,False,2016-06-22 18:26:17,ignite,,11,9,6,4,1,1.77095059445467,4.0,1.33333333333333,98.6666666666667,14,14.0,13.0,done,10200.0,,False,233.18308776612344,4.654575966665481,5.0,0.0214423783812952,0.0,0.0,0.5,2.0,0.4,28.0,0.0
47900a9762421361c50ec12b1aa92d6aa4fdc9ab,ignite,False,2016-06-22 19:49:23,ignite,,9,6,2,2,1,0.836640741941167,2.5,11.0,13.5,23,23.0,16.0,done,1232.0,,False,37.05388824456864,3.991650506883682,3.6666666666666665,0.1022486460953941,0.0,0.0,0.2222222222222222,1.5,0.4305555555555556,10.5,0.0
8e6473a0488e4cf32bde84b2b0b4561ad5c4f157,ignite,False,2016-06-22 22:54:28,ignite,,3,0,1,1,1,0.0,19.0,25.0,151.0,752,614.0,532.0,done,2520.0,,True,3358.3144392985664,5.297462974280114,73.0,0.021737094997944,0.0,0.0,0.8222222222222222,1.0,0.4666666666666667,22.0,0.0
a70ff4c40d9f149510b148467b1dd6ce3ad5db0d,ignite,False,2016-06-23 18:13:05,ignite,,4,0,1,1,1,0.0,13.0,0.0,84.0,2797,1579.99999999996,2011.0,done,2443.0,,False,338.57545109698776,4.670873911167372,14.0,0.0413497196995229,0.0,0.0,0.7777777777777778,1.0,0.6,23.0,0.0
7c88fb981dd9a050069f30a30d9ee2497ca34844,ignite,False,2016-06-24 09:06:19,ignite,,12,15,2,2,1,0.38094658570539,0.5,0.0,2.0,1299,737.500000000013,948.0,done,35.0,,False,204.32967235008783,4.797611094199917,8.0,0.0391524143703084,0.0,0.0,0.6666666666666666,1.0,0.5,17.0,0.0
bb2ebd5dc647295296895e541d606d5e8ec57667,ignite,False,2016-06-24 09:12:40,ignite,,2,2,1,1,1,0.0,5.0,0.0,20.0,1300,738.500000000013,949.0,done,1103.0,,False,118.9419703764204,4.683295647377824,9.0,0.0756671507249908,0.0,0.0,0.6,5.0,0.25,13.0,0.0
d0756a579c5fc4d3fd88682bce2025360e3386a3,ignite,False,2016-06-24 10:26:41,ignite,,25,18,1,1,1,0.0,15.0,0.0,83.0,1304,742.500000000013,951.0,done,846.0,,False,1398.0,5.083591147092764,35.0,0.025035765379113,1.0,2.0,0.7307692307692307,0.0,0.4285714285714285,21.0,0.0
8ac1a8c771fed736d129d3e61044fa1952003011,ignite,False,2016-06-28 01:43:33,ignite,,4,4,4,4,1,2.0,1.75,0.0,15.25,19,19.0,19.0,done,1721.0,,False,405.334133416306,4.890909856725541,15.25,0.0429034766053642,0.25,0.0,0.8625,3.25,0.3918831168831168,25.75,0.0
050bc0b65bb4b4a9474acede0c431b759d3277c3,ignite,False,2016-06-28 16:26:52,ignite,,0,6,2,2,1,0.91829583405449,2.0,0.0,21.5,20,20.0,20.0,done,1481.0,,False,2087.4331127286064,5.563436684135288,83.0,0.0397617530803206,1.0,0.0,0.7142857142857143,1.0,0.3214285714285714,24.0,0.0
63f7bc8c5db4d831cd883b16d0533c61cac0e8c1,ignite,False,2016-06-28 16:48:52,ignite,,8,1,2,2,1,0.7642045065086199,2.0,0.0,22.5,21,21.0,21.0,done,1479.0,,False,610.7609285264615,4.9301215085585675,24.0,0.0392952444713565,0.0,0.0,0.6,1.0,0.4444444444444444,14.0,0.0
ca066df6163ec7f23aaa6b8d37c6d521d14f8635,ignite,False,2016-06-28 18:48:04,ignite,,1,1,1,1,1,0.0,6.0,0.0,27.0,22,22.0,22.0,done,415.0,,False,50.18947501009619,4.254525464966176,2.0,0.0398489922358756,0.0,0.0,0.5,0.0,1.0,16.0,0.0
1bd9216c2a061ef85376ce3e3384b25f1bc0ba56,ignite,False,2016-06-29 02:22:16,ignite,,2,1,1,1,1,0.0,1.0,0.0,2.0,1308,742.833333333346,954.0,done,690.0,,False,504.6426221872951,5.038359756970266,25.0,0.0495400089109425,1.0,1.0,0.8,2.0,0.5454545454545454,20.0,0.0
5a1067c9f0dbbecdf99acf6c65039bd915153b41,ignite,False,2016-06-29 02:37:02,ignite,,12,0,1,1,1,0.0,1.0,0.0,3.0,1309,743.833333333346,955.0,done,691.0,,False,693.078375002147,5.242654178396677,39.0,0.0562706923295351,1.0,2.0,0.75,3.0,0.4117647058823529,18.0,0.0
41b1197c01f50207f1668a79df413bf00f90ec92,ignite,False,2016-06-29 03:55:58,ignite,,1,1,1,1,1,0.0,1.0,0.0,4.0,1310,744.833333333346,956.0,done,703.0,,False,693.078375002147,5.242654178396677,39.0,0.0562706923295351,1.0,2.0,0.75,3.0,0.4117647058823529,18.0,0.0
94ecfe01cb92d5595611ff31df6b3c7d494b7ea2,ignite,False,2016-06-29 23:04:40,ignite,,47,23,5,4,1,1.5525605595945302,0.8,63.6,9.0,156,156.0,155.0,done,230.0,,False,64.72503367497927,4.364857659740294,4.0,0.0617998905969867,0.0,0.0,1.0,1.0,0.6666666666666666,10.0,0.0
fb876900c5fdddfe0c581262ae9c8d3a9b8e39bb,ignite,False,2016-06-30 16:19:33,ignite,,5,1,1,1,1,0.0,26.0,1.0,267.0,762,624.0,541.0,done,3393.0,,False,545.9431618637298,5.028657161888109,21.0,0.038465542691863,0.0,0.0,1.0,0.0,0.5555555555555556,17.0,0.0
27b032e3ef0eda6f4fcf86e5091319be5205871d,ignite,False,2016-06-30 19:14:16,ignite,,4,1,1,1,1,0.0,6.0,100.0,17.0,765,626.5,543.0,done,492.0,,False,323.55718377718654,4.445484148011609,19.5,0.0602883069437352,0.0,0.0,0.9083333333333332,1.0,0.6388888888888888,13.0,0.0
05b12cf979991e9e8485062f2d4250f00125b4b2,ignite,False,2016-07-04 11:45:43,ignite,,7,14,2,2,1,0.8631205685666309,3.5,4.0,21.0,1321,749.333333333347,963.0,done,459.0,,False,101.0789182231168,4.306710154784931,4.0,0.0490611301428398,0.0,0.0,0.3333333333333333,1.0,0.1904761904761904,14.0,0.0
d31a47696079755189f3f3f990e7341740240aa4,ignite,False,2016-07-05 13:43:51,ignite,,10,8,1,1,1,0.0,12.0,3.0,57.0,2815,1578.99999999996,2026.0,done,529.0,,False,558.9052697343161,4.884436585998074,23.0,0.0411518753633033,0.0,0.0,0.6818181818181818,1.0,0.375,19.0,0.0
df16a75d02be2b73167b17a3150f5c704c24d23f,ignite,False,2016-07-05 19:55:31,ignite,,2,2,1,1,1,0.0,11.0,5.0,20.0,15,8.5,10.0,done,751.0,,False,162.62707505625016,4.297405073800913,9.0,0.0553413384387995,0.0,0.0,0.5,0.0,0.4,23.0,0.0
6be26ad8904a7af58944be9a7aacc65dab02b338,ignite,False,2016-07-06 17:18:35,ignite,,66,16,3,1,1,1.3088740575754698,5.0,2.0,37.0,2820,1583.99999999996,2031.0,done,1930.0,,False,707.5333225879431,4.954972422970461,20.666666666666668,0.0300795470383317,0.1666666666666666,0.0,0.7428104575163399,3.6666666666666665,0.4874338624338625,22.5,0.0
aabe815f41545e7ad261fa4c46f580380b0b456a,ignite,False,2016-07-06 18:37:37,ignite,,0,2,1,1,1,0.0,6.0,20.0,7.0,256,212.0,178.0,done,546.0,,False,611.0047736845402,5.210197282502102,12.0,0.019639781089821,1.0,0.0,0.6,0.0,0.1428571428571428,17.0,0.0
6924c26cda625fea80d6aee8642e5cda4ee89cba,ignite,False,2016-07-06 19:31:25,ignite,,30,22,2,2,1,0.515946930007447,5.5,16.0,46.0,257,213.0,179.0,done,147.0,,False,1263.2783709459168,5.142771622215095,27.0,0.0213729615110745,1.0,13.0,0.8571428571428571,2.0,0.5,35.0,0.0
ebb68ef471db8442b598363499df1345b9e882bc,ignite,False,2016-07-07 23:00:36,ignite,,1,1,1,1,1,0.0,1.0,15.0,2.0,1372,685.833333333349,737.0,done,465.0,,False,395.0,4.738966961085797,9.0,0.0227848101265822,1.0,0.0,1.0,1.0,0.0,17.0,0.0
d3bd6c186959b9bc125b7ca5913c15ba9fe3bbd5,ignite,False,2016-07-08 08:23:19,ignite,,1,1,1,1,1,0.0,10.0,0.0,27.0,1324,748.3333333333479,966.0,done,1541.0,,False,56.47277761308516,4.3175895859879,5.0,0.088538234018818,0.0,0.0,1.0,5.0,0.0,21.0,0.0
e4051a24d1a5779acc0de7d1ce83602dd6afaee4,ignite,False,2016-07-08 16:19:31,ignite,,4,12,1,1,1,0.0,5.0,0.0,22.0,31,31.0,31.0,done,328.0,,False,1067.4723633136089,5.106110867328233,42.5,0.0407256121291909,0.5,0.0,0.7916666666666667,3.0,0.2842105263157894,24.0,0.0
d551655deab72100ce3290a6d051fa7ca630e086,ignite,False,2016-07-08 18:25:00,ignite,,4,4,2,2,1,0.811278124459133,3.5,0.5,34.5,34,34.0,33.0,done,1554.0,,False,513.3150437972357,4.686217746986156,16.0,0.0350186021343587,0.0,0.0,0.6055555555555556,1.5,0.3318181818181818,29.5,0.0
34abd348e1368e1ad4ae3a23c102a142de4ebe95,ignite,False,2016-07-08 21:51:00,ignite,,7,10,7,5,1,2.7489400470054304,1.0,6.71428571428571,19.1428571428571,36,36.0,35.0,done,2732.0,,False,384.6457795982466,4.80910377273532,15.25,0.0442121614040523,0.75,0.0,0.7047101449275363,0.75,0.4239926739926739,20.75,0.0
b128a003f9c7a7cd7ac8594da6864d103216d0c5,ignite,False,2016-07-11 11:54:55,ignite,,11,3,1,1,1,0.0,5.0,2.0,25.0,1326,749.500000000015,967.0,done,345.0,,False,1906.5068254456744,5.258498154590111,73.0,0.0382899232385046,1.0,0.0,0.84,1.0,0.3684210526315789,22.0,0.0
9b3bb34afddfad3da08fe963355d92f4e20eed42,ignite,False,2016-07-11 15:50:20,ignite,,9,6,3,3,1,1.10330740860783,2.3333333333333304,2.0,44.6666666666667,38,38.0,36.0,done,4684.0,,False,264.1240890734942,4.802967718355694,13.5,0.0504837951291556,0.5,0.0,1.0,0.5,0.6190476190476191,20.5,0.0
3a0c59012d1836b5657b7b43a941ddeea6b87a25,ignite,False,2016-07-11 18:25:29,ignite,,13,1,1,1,1,0.0,6.0,0.0,40.0,40,40.0,38.0,done,1187.0,,False,290.0,4.808374507136922,9.0,0.0310344827586206,0.0,0.0,0.8181818181818182,2.0,0.375,18.0,0.0
427a7b1d642b95f3daeebfa90f800060ad29f69c,ignite,False,2016-07-11 21:30:45,ignite,,1,1,1,1,1,0.0,6.0,0.0,38.0,42,42.0,39.0,done,477.0,,False,270.0,4.888253814558433,11.0,0.0407407407407407,1.0,0.0,1.0,0.0,0.6666666666666666,18.0,0.0
e3c29d849bded5204685270505ff6d0c082cd028,ignite,False,2016-07-11 21:32:57,ignite,,27,20,2,2,1,0.7849920887641579,4.5,49.5,6.0,341,310.5,170.0,done,705.0,,False,1024.8521566230563,5.187237250657783,26.666666666666668,0.0308784577205798,1.6666666666666667,0.0,0.6303030303030303,2.0,0.2560439560439561,22.0,0.0
e561bd615685ef5d6f152058b87e3c598a02b26c,ignite,False,2016-07-13 22:52:07,ignite,,18,49,1,1,1,0.0,5.0,0.0,29.0,52,52.0,45.0,done,337.0,,False,1205.3176425675672,5.331725142579656,50.0,0.0414828408995076,1.0,0.0,0.8260869565217391,1.0,0.2777777777777778,22.0,0.0
27c4634dcd9c876172a68947172811e6cfea78ed,ignite,False,2016-07-13 23:09:53,ignite,,22,21,1,1,1,0.0,15.0,0.0,147.0,110,110.0,92.0,done,1703.0,,False,1362.2009538615316,5.08557861987887,30.0,0.0220231823468899,1.0,0.0,0.5625,1.0,0.5384615384615384,30.0,0.0
ade57eaf5b77f779642be424d8cdf858a327ce2d,ignite,False,2016-07-15 22:21:21,ignite,,10,8,1,1,1,0.0,12.0,3.0,57.0,2815,1578.99999999996,2026.0,done,529.0,,False,558.9052697343161,4.884436585998074,23.0,0.0411518753633033,0.0,0.0,0.6818181818181818,1.0,0.375,19.0,0.0
a648e88c14295bf2c45b8e200eb5a3137997e131,ignite,False,2016-07-15 22:26:00,ignite,,1,2,1,1,1,0.0,10.0,7.0,28.0,2827,1583.83333333329,2036.0,done,1556.0,,False,62.26976913547135,4.348605762129337,5.0,0.0802957850883021,0.0,0.0,1.0,5.0,0.0,21.0,0.0
2336229d09000ba5992821d3cff3a606d6a54b71,ignite,False,2016-07-19 23:16:18,ignite,,52,50,1,1,1,0.0,6.0,0.0,45.0,1335,756.3333333333479,974.0,done,1228.0,,False,1834.4785796929923,5.327935125825359,55.0,0.0299812713044621,1.0,0.0,0.7142857142857143,0.0,0.2857142857142857,26.0,0.0
d88f7787dfcd7cc6207a3a8f7416130f8c2fe757,ignite,False,2016-07-22 22:32:53,ignite,,9,3,1,1,1,0.0,10.0,21.0,27.0,2830,1582.33333333329,2039.0,done,480.0,,False,211.52361657053456,4.556390147188469,14.0,0.0661864628970712,0.0,0.0,0.6666666666666666,1.0,0.4444444444444444,14.0,0.0
eddd0a981ead389bed5608444a811b1c90f4098f,ignite,False,2016-07-22 22:43:59,ignite,,4,4,1,1,1,0.0,10.0,0.0,28.0,2831,1583.33333333329,2040.0,done,486.0,,False,206.71626164847697,4.548986166937087,14.0,0.0677256829644449,0.0,0.0,0.6666666666666666,1.0,0.4444444444444444,14.0,0.0
df1490e18e2271969ef6857d40e77427958e28ac,ignite,False,2016-07-25 15:08:00,ignite,,8,6,1,1,1,0.0,26.0,0.0,158.0,34,34.0,26.0,done,9638.0,,False,211.51978731634912,4.939878024461619,9.0,0.0425492107106726,0.0,0.0,1.0,3.0,0.2857142857142857,28.0,0.0
856b536db66edf9e7e6fc1b96da55a0e846c70c3,ignite,True,2016-07-26 00:54:11,ignite,119.0,257,196,13,6,1,2.2823313041855897,0.7692307692307689,78.30769230769229,5.307692307692308,174,173.5,170.0,done,1160.0,2016-11-22 12:57:52,False,193.16642702463753,4.509320530740008,7.5,0.0389412490760532,0.0,0.0,0.3541666666666666,1.0,0.0,25.0,0.0
fb884ec37cc362764a84c3d4d8feb69648346964,ignite,False,2016-07-26 17:13:52,ignite,,2,0,1,1,1,0.0,16.0,3.0,65.0,2834,1586.33333333329,2043.0,done,2617.0,,False,444.953709885572,5.002872472351229,17.0,0.038206221506439,1.0,1.0,0.6363636363636364,1.0,0.6428571428571429,13.0,0.0
ac31334b1072a810bc7f8e0e782ec6e84a9edd66,ignite,False,2016-07-26 18:54:32,ignite,,5,1,2,2,1,0.91829583405449,9.5,124.5,77.0,58,58.0,50.0,done,2678.0,,False,541.5170986270601,4.5910473297407846,13.333333333333334,0.0371618603659883,0.0,0.0,0.8266666666666667,0.0,0.638095238095238,17.666666666666668,0.0
f3e4f78fc96c98f4376ff86ab3e76ba54d6b09a4,ignite,False,2016-07-26 22:05:13,ignite,,36,2,2,1,1,0.29747224891929,8.0,8.5,90.0,2835,1587.33333333329,2044.0,done,2458.0,,False,849.7840168550384,4.697077368950391,24.0,0.0353715523156237,1.5,1.5,0.9210526315789472,0.0,0.5394736842105263,13.0,0.0
422c9a8320b4a11c64ab95311a9897fdb48e6ed6,ignite,False,2016-07-26 22:25:50,ignite,,0,2,1,1,1,0.0,3.0,20.0,10.0,2836,1588.33333333329,2045.0,done,1201.0,,False,414.5862735620432,4.972148743238348,12.0,0.0289445183433073,1.0,0.0,0.7692307692307693,1.0,0.3636363636363636,20.0,0.0
ba73545473cc5115443cf575e769237efe54bb39,ignite,False,2016-07-27 00:19:57,ignite,,29,4,3,3,1,1.10372972574296,8.33333333333333,2.0,100.666666666667,128,128.0,108.0,done,3145.0,,False,525.0400964525722,4.74342686743677,24.0,0.0457107945891289,1.0,0.0,0.5384615384615384,1.0,0.3333333333333333,19.0,0.0
16fe0bb95c241c1a8fd36ed8267c64c881e8a38d,ignite,False,2016-07-27 01:02:24,ignite,,58,15,14,7,1,3.02085677108425,2.21428571428571,4.42857142857143,46.21428571428571,129,129.0,109.0,done,6035.0,,False,332.93001187765793,4.595657964872185,10.0,0.0300363429046303,0.0,0.0,0.5,1.0,0.75,19.0,0.0
42f42eac58c718f7debdd5f6e1ed989bae48de69,ignite,False,2016-07-27 16:17:36,ignite,,3,15,2,2,1,0.5032583347756461,5.5,0.0,45.0,2840,1592.33333333329,2048.0,done,1698.0,,False,1458.2133147760417,5.220186822756953,44.0,0.0301739118372799,2.0,3.0,0.8571428571428571,0.0,0.6111111111111112,19.0,0.0
808eab475eb8e301253a8137feb140f5ec6cdf09,ignite,False,2016-07-28 21:36:29,ignite,,16,34,1,1,1,0.0,1.0,5.0,1.0,2843,1595.16666666662,2051.0,done,184.0,,False,534.5671896040247,5.233936395745182,19.5,0.0380925097711363,1.0,0.0,0.5192307692307692,1.0,0.3068181818181818,21.5,0.0
1cd658883527c55e4a322ea4519254ab3e4a2189,ignite,False,2016-07-29 15:43:41,ignite,,3,3,1,1,1,0.0,20.0,23.0,133.0,2844,1596.16666666662,2052.0,done,3791.0,,False,5708.737661315974,5.851684174260578,166.0,0.0290782323253112,2.0,5.0,0.6041666666666666,1.0,0.425531914893617,23.0,0.0
f6d1d5b2d4d07fac10bbdbab3baf979d65c33eb9,ignite,False,2016-07-29 17:47:43,ignite,,0,4,1,1,1,0.0,3.0,15.0,4.0,2846,1598.16666666662,2054.0,done,2688.0,,False,1744.0465370320703,5.716338972990144,20.0,0.0114675839063532,1.0,0.0,0.6666666666666666,0.0,0.1875,18.0,0.0
7b3d1963cb7240ce3f59f5c9f81965bf5730bad0,ignite,False,2016-07-29 18:03:20,ignite,,3,3,2,2,1,0.91829583405449,4.5,19.5,24.0,96,96.0,64.0,done,418.0,,False,54.01038397892712,3.597778956328425,1.5,0.0162142892656391,0.0,0.0,0.0,0.0,0.5,8.0,0.0
64feac8bc66498fb91c0b3e6555e0f8d71725c46,ignite,False,2016-07-29 22:55:32,ignite,,9,6,1,1,1,0.0,5.0,0.0,23.0,67,67.0,57.0,done,1108.0,,False,966.317037209658,5.097082298082179,56.5,0.0601231052309157,0.5,0.0,0.1,2.0,0.2788461538461538,21.0,0.0
0763de892811fee6599c8f3ab0e2885fd208ec54,ignite,False,2016-08-01 16:10:51,ignite,,0,2,1,1,1,0.0,2.0,277.0,4.0,132,132.0,112.0,done,111.0,,False,547.2422129415448,5.254504441967839,15.0,0.0274101661846803,1.0,0.0,0.5882352941176471,0.0,0.4,25.0,0.0
4be1394533421f584d6c3f0af0bcd3d944fd4169,ignite,False,2016-08-03 23:18:51,ignite,,1,1,1,1,1,0.0,19.0,30.0,176.0,133,133.0,113.0,done,4107.0,,False,8707.38645588879,5.63239086638476,243.0,0.0279073406504955,2.0,3.0,0.6037735849056604,0.0,0.4545454545454545,26.0,0.0
78a21f100849dfbd2c3663a79c701e892a836618,ignite,False,2016-08-05 21:05:32,ignite,,1,2,1,1,1,0.0,5.0,3.0,24.0,802,660.5,563.0,done,878.0,,False,504.4394119358453,4.580793957815719,21.0,0.0416303712658177,1.0,0.0,1.0,2.0,0.3333333333333333,20.0,0.0
da27490ddb0824a9d063ac5edcb9e57f71408b62,ignite,False,2016-08-10 01:59:09,ignite,,3,1,1,1,1,0.0,1.0,70.0,3.0,127,90.0,102.0,done,84.0,,False,149.33879237447786,4.664842885607017,9.0,0.0602656540668404,1.0,0.0,1.0,1.0,0.1666666666666666,18.0,0.0
e1262b2f2f4fb57fa8a75f6008f9e005ad07b5df,ignite,False,2016-08-10 07:56:49,ignite,,1,0,1,1,1,0.0,6.0,112.0,7.0,1457,682.000000000018,885.0,done,610.0,,False,698.1203125901445,4.257168013529343,21.0,0.0300807749341749,0.0,0.0,1.0,1.0,0.0,8.0,0.0
8bf0a48cf21c5b75feb62481ddfca102b4a84fd9,ignite,False,2016-08-10 18:07:21,ignite,,6,9,4,4,1,1.9329145639794,4.75,41.0,37.75,27,27.0,25.0,done,4437.0,,False,885.0418329668745,5.353483664721583,12.666666666666666,0.012815529702548,0.3333333333333333,0.3333333333333333,0.7953703703703704,1.6666666666666667,0.2848484848484848,25.333333333333332,0.0
b13a9c74165d85bd44ad1d902b0c35a49769afd8,ignite,False,2016-08-10 22:05:26,ignite,,1,5,1,1,1,0.0,2.0,0.0,4.0,128,91.0,103.0,done,86.0,,False,123.18989788986396,4.620191701385379,8.0,0.064940389894245,1.0,0.0,1.0,1.0,0.2,18.0,0.0
5f7c39877be67141d6855bc1dfac4b7909c96c8a,ignite,False,2016-08-14 20:00:36,ignite,,5,2,2,2,1,0.985228136034252,3.0,26.5,26.0,51,51.0,38.0,done,461.0,,False,74.23092131656186,4.3246987351738495,3.0,0.0404144249699708,0.0,0.0,1.0,1.0,0.5,17.0,0.0
6552955b6d56c430e94e4157e6fe83f58f0d3486,ignite,False,2016-08-15 07:17:27,ignite,,11,4,1,1,1,0.0,1.0,0.0,6.0,54,54.0,41.0,done,329.0,,False,368.95220880879856,5.0591198471909795,15.0,0.0372397702043944,0.5,0.0,0.4272727272727272,2.5,0.238095238095238,17.5,0.0
a03df8ab4a1c289f3df8aecde380392874c9963d,ignite,False,2016-08-15 07:40:10,ignite,,6,4,3,3,1,1.4854752972273302,2.0,16.6666666666667,18.3333333333333,55,55.0,42.0,done,399.0,,False,444.67681638330095,5.116881981239843,30.0,0.0674647269538349,0.0,0.0,0.9090909090909092,7.0,0.2857142857142857,18.0,0.0
5b4ffd0c592b7a2b005f15dfc50bbf694a18037c,ignite,False,2016-08-15 08:16:37,ignite,,10,23,1,1,1,0.0,6.0,0.0,46.0,57,57.0,44.0,done,400.0,,False,375.0806423252844,5.050341588555507,25.0,0.0666523333356111,0.0,0.0,0.9,7.0,0.2307692307692307,25.0,0.0
92334807f4739fdd07d00a653d1319d59e4859b5,ignite,False,2016-08-15 08:35:25,ignite,,9,0,2,2,1,0.91829583405449,2.5,0.5,41.5,58,58.0,45.0,done,3377.0,,False,1052.4542028092017,5.2086066854183155,53.5,0.0530115383364338,0.0,0.0,0.7193732193732194,6.0,0.2654545454545454,23.0,0.0
89bce0fc5cb3dba56626c7088e607d0b25c3353c,ignite,False,2016-08-15 18:27:38,ignite,,4,1,1,1,1,0.0,6.0,100.0,17.0,765,626.5,543.0,done,492.0,,True,323.55718377718654,4.445484148011609,19.5,0.0602883069437352,0.0,0.0,0.9083333333333332,1.0,0.6388888888888888,13.0,0.0
970137b1db7dc6c5e546581e22e428ae15c86513,ignite,False,2016-08-15 18:31:14,ignite,,1,2,1,1,1,0.0,5.0,3.0,24.0,802,660.5,563.0,done,878.0,,False,504.4394119358453,4.580793957815719,21.0,0.0416303712658177,1.0,0.0,1.0,2.0,0.3333333333333333,20.0,0.0
a235985ef65ba22e5c4e36f893e3a48151fdfc7e,ignite,False,2016-08-15 21:07:43,ignite,,5,5,3,3,1,1.52192809488736,3.6666666666666696,229.666666666667,16.3333333333333,59,59.0,46.0,done,1430.0,,False,404.7239721185024,4.861624888001186,15.5,0.0347699585034195,1.0,0.0,0.5833333333333333,0.0,0.4423076923076923,22.0,0.0
d35f499070318b940d740b61af4279be5569569e,ignite,False,2016-08-16 20:01:32,ignite,,14,1,3,2,1,1.3995812306460602,9.66666666666667,3.0,144.333333333333,137,137.0,116.0,done,5020.0,,False,667.0609463128718,4.6989913638538665,25.5,0.0458426469540282,0.5,0.0,0.6062271062271063,2.5,0.225,22.0,0.0
54572b32cdff3a54c32026a1f43b4ee220f5960c,ignite,False,2016-08-18 05:01:56,ignite,,4,2,1,1,1,0.0,1.0,2.0,7.0,1361,775.166666666682,991.0,done,336.0,,False,50.18947501009619,4.20623892865339,3.0,0.0597734883538135,0.0,0.0,1.0,0.0,1.0,21.0,0.0
9db16d1b2a23e703546c472676620139e82e747f,ignite,True,2016-08-19 19:40:30,ignite,54.0,12,8,1,1,1,0.0,3.0,59.0,7.0,104,103.0,68.0,done,367.0,2016-10-13 05:58:22,False,1624.259999490416,5.209127929816321,47.0,0.0289362540570755,2.0,0.0,0.9090909090909092,3.0,0.2222222222222222,23.0,0.0121951219512195
6c2c0192d716b782bffc9f555241d55fb3d5ae90,ignite,False,2016-08-22 18:25:03,ignite,,1,1,1,1,1,0.0,6.0,7.0,48.0,68,68.0,58.0,done,381.0,,False,431.0761756858763,5.163224722306029,27.0,0.0626339415697025,0.0,0.0,0.8888888888888888,5.0,0.2142857142857142,24.0,0.0
432bb212970bf4d72897dc4f62f4ef8c651cd596,ignite,False,2016-08-22 21:49:13,ignite,,3,1,1,1,1,0.0,23.0,9.0,256.0,1366,772.166666666683,994.0,done,4090.0,,False,16228.380423592458,6.008985538969625,410.0,0.0252643818605553,0.0,0.0,0.5192307692307693,28.0,0.1375,24.0,0.0
a17d602defaee3635688ebbc26e7c18556e9d785,ignite,False,2016-08-22 21:54:05,ignite,,1,3,1,1,1,0.0,2.0,6.0,3.0,1367,773.166666666683,995.0,done,54.0,,False,62.907475208398566,4.020843553362251,0.0,0.0,0.0,0.0,0.0,0.0,0.0,16.0,0.0
ccf4d0ceb2fcd15bbe010fc5584fd9974b0a40a8,ignite,False,2016-08-22 22:47:00,ignite,,0,2,1,1,1,0.0,21.0,0.0,149.0,2853,1582.83333333329,2060.0,done,3070.0,,False,289.98538195126935,5.050843062560993,16.0,0.0551751950127221,0.0,0.0,0.8,6.0,0.3636363636363636,24.0,0.0
5b57fc04866677fbf1221a253fe28905dbfc2d7d,ignite,False,2016-08-22 23:16:45,ignite,,1,5,1,1,1,0.0,10.0,6.0,54.0,817,672.5,574.0,done,1848.0,,False,372.53496664211536,5.0972208039227915,15.0,0.0402646767233801,1.0,1.0,0.8333333333333334,2.0,0.4285714285714285,14.0,0.0
eea42827738301168d66562a05d3360150e6fb89,ignite,False,2016-08-23 16:47:15,ignite,,2,0,1,1,1,0.0,3.0,217.0,4.0,2856,1585.83333333329,2062.0,done,478.0,,False,30.0,3.8252517372886503,1.0,0.0333333333333333,0.0,0.0,0.3333333333333333,0.0,1.0,10.0,0.0
3ea2abe7c8608b52335efe6e9cf0e31d4b5ca66b,ignite,True,2016-08-23 23:18:20,ignite,1139.0,9,3,1,1,1,0.0,10.0,8.0,27.0,1369,775.166666666683,997.0,done,1427.0,2019-10-07 09:30:11,False,188.86964917948671,4.537350328115879,9.0,0.0476519125179669,1.0,0.0,0.7272727272727273,1.0,0.4,36.0,0.0
fcdc32fab53133c4392ef6e54f00034ec3d7c949,ignite,False,2016-08-24 00:59:55,ignite,,8,0,2,2,1,0.5435644431995961,2.5,99.5,7.5,139,139.0,117.0,done,172.0,,False,403.0209742723235,4.447628430710953,12.5,0.0368617700467505,0.0,0.0,0.4444444444444444,5.0,0.1805555555555555,21.0,0.0
1f772ee2f8ed4056eba8fd3e7e454457c6447c5b,ignite,False,2016-08-24 01:52:47,ignite,,1,3,1,1,1,0.0,13.0,70.0,80.0,1370,776.166666666683,998.0,done,1224.0,,False,168.55519570060713,4.379615974265499,5.0,0.0296638734820204,0.0,0.0,1.0,1.0,0.5,22.0,0.0
81818d14f431b891e4c4a2ff599428cf090e7e1a,ignite,True,2016-08-25 00:07:43,ignite,698.0,31,6,2,2,1,0.494182934849789,7.5,7.0,32.0,140,140.0,118.0,done,832.0,2018-07-24 14:48:57,False,6847.758225909039,5.548788981409427,189.0,0.0276002735150466,2.0,3.0,0.6363636363636364,0.0,0.425531914893617,28.0,0.0
d6449ffbc65acda6a2cf4484608188367837dd17,ignite,False,2016-08-25 00:34:02,ignite,,19,6,2,2,1,0.855450810560131,10.0,28.0,53.0,2864,1593.33333333329,2067.0,done,4079.0,,False,858.1067117522514,4.955834519038136,31.0,0.0326893900910539,1.0,1.0,0.8125,0.5,0.6145833333333333,17.5,0.0
a96cb5625e9284c3f60b815c54f3a9efb4a8f5c4,ignite,True,2016-08-25 01:34:12,ignite,377.0,16,14,2,2,1,0.353359335021421,7.0,3.0,68.0,1374,779.666666666683,1000.0,done,2826.0,2017-09-06 13:04:52,False,425.36290776997936,4.76309565390353,16.0,0.036272350913392,0.5,0.0,0.7745098039215685,1.0,0.45,27.5,0.0
e5d0aef6de38ad480a57b52e52c2448d5f454985,ignite,False,2016-08-25 02:27:48,ignite,,16,17,3,3,1,1.23351593558804,5.33333333333333,156.333333333333,43.6666666666667,1375,780.666666666683,1001.0,done,2083.0,,False,1275.9588569881084,4.767093090644836,36.333333333333336,0.0350178028762441,0.3333333333333333,0.0,0.5816117079219395,0.8333333333333334,0.259241452991453,31.0,0.0
6540391101e023a772b3c673251dede11921abaa,ignite,False,2016-08-25 16:34:36,ignite,,4,4,2,2,1,0.954434002924965,10.0,0.0,121.0,1377,782.0000000000169,1002.0,done,4981.0,,False,7952.857214219672,5.599965641688445,220.0,0.0276808744363238,2.0,3.0,0.6200686106346484,0.0,0.4400386847195358,27.0,0.0
12fd4976f482ebc43831754645e34042c9073b2d,ignite,False,2016-08-25 18:29:04,ignite,,1,1,1,1,1,0.0,11.0,33.0,36.0,2867,1595.33333333329,2068.0,done,369.0,,False,120.92782504182703,4.077519825570518,1.0,0.008269395398901,0.0,0.0,0.3333333333333333,1.0,0.0,9.0,0.0
f82a698f9eee5e7edb85e134442a0fd51c07d6a7,ignite,False,2016-08-25 22:03:14,ignite,,2,0,1,1,1,0.0,4.0,0.0,34.0,6,6.0,5.0,done,797.0,,False,317.12413313173494,5.070271596754995,11.0,0.0346867325780928,1.0,0.0,0.4285714285714285,0.0,0.3333333333333333,16.0,0.0
b26c645011a8aa14236da67cb19e94d62561d465,ignite,False,2016-08-25 23:44:32,ignite,,2,6,1,1,1,0.0,5.0,0.0,13.0,8,8.0,6.0,done,1466.0,,False,484.7113079976956,4.937194207774563,23.0,0.044900472240435,1.0,0.0,0.5028035456606885,0.0,0.1494382601525458,20.857142857142858,0.0
18fbb712eea06f6fee8ee987d1100053e1e08830,ignite,False,2016-08-26 00:20:47,ignite,,6,7,1,1,1,0.0,28.0,0.0,343.0,142,142.0,120.0,done,3762.0,,False,364.6927531014952,4.885145151429903,17.0,0.0466145813302433,1.0,1.0,0.6666666666666666,1.0,0.4,19.0,0.0
39eb21d0f96587a4e59741b4a8466f9832a8c5a7,ignite,False,2016-08-26 19:13:06,ignite,,2,1,1,1,1,0.0,6.0,360.0,9.0,1380,784.8333333333501,1004.0,done,121.0,,False,439.348247706374,5.090748721151778,8.0,0.0182087900469938,0.0,0.0,0.7142857142857143,0.0,0.3333333333333333,16.0,0.0
2c13eeb836fc8ecbfaf762f6f935286b0ba229b2,ignite,False,2016-08-26 19:33:18,ignite,,8,5,4,3,1,1.66918033686673,6.0,2.25,79.0,1381,785.8333333333501,1005.0,done,6194.0,,False,2562.470660325435,5.295197073599247,69.66666666666667,0.0279982603340197,2.0,3.0,0.8342804077210516,2.3333333333333335,0.2309523809523809,28.666666666666668,0.0
5cbd347c9546a4a59e25735800fa901654bf82b1,ignite,False,2016-08-29 19:13:05,ignite,,0,4,2,1,1,1.0,3.0,1.0,26.0,10,10.0,8.0,done,2261.0,,False,190.56310520026545,4.714836211352057,6.0,0.0277185569103942,0.5,0.0,0.1666666666666666,0.0,0.1666666666666666,13.0,0.0
289170346e40a89243b80d3743c1b66543a117ef,ignite,False,2016-08-29 21:00:08,ignite,,154,67,14,5,1,2.76762065207688,0.285714285714286,2.35714285714286,2.85714285714286,6,6.0,6.0,done,361.0,,False,176.46653521143952,4.722845900207722,10.0,0.0566679681675517,0.0,0.0,0.25,5.0,0.0,21.0,0.0
ff8aade442c70b4a4c5b466d5774bd51ebf8228a,ignite,False,2016-08-30 15:46:45,ignite,,1,0,1,1,1,0.0,12.0,3.0,35.0,2877,1599.83333333329,2075.0,done,1788.0,,False,2595.464789764442,5.506395285462919,81.0,0.0312082831250241,1.0,4.0,0.7346938775510204,2.0,0.1785714285714285,25.0,0.0
8164491ec7aac142f5f6e9bdef7b79d654a35e66,ignite,False,2016-08-30 16:41:16,ignite,,13,6,1,1,1,0.0,5.0,0.0,40.0,79,79.0,62.0,done,882.0,,False,375.0682774943845,4.725824753359235,9.333333333333334,0.0742357686809252,0.3333333333333333,0.0,0.6196581196581196,3.0,0.1439393939393939,19.333333333333332,0.0
72ff74be3efcfe4ddf8bf657217b580c19a0cd5c,ignite,False,2016-08-30 18:47:51,ignite,,20,22,1,1,1,0.0,12.0,0.0,36.0,1388,790.5000000000169,1009.0,done,1788.0,,False,2629.1721246964476,5.467898771276139,75.0,0.0285260897510311,1.0,4.0,0.68,2.0,0.1538461538461538,25.0,0.0
6c368f88c36d1779ef7af7ea6f8b946ee71b8929,ignite,False,2016-08-30 22:37:54,ignite,,1,1,1,1,1,0.0,5.0,0.0,41.0,14,14.0,9.0,done,911.0,,False,27.0,3.6421498816369033,0.0,0.0,0.0,0.0,0.0,0.0,0.0,8.0,0.0
121d2c44fa6a5e1f64597e085fbf138524145dea,ignite,False,2016-08-30 23:34:06,ignite,,12,14,3,1,1,1.2389012566026298,8.0,1.6666666666666698,128.333333333333,1392,794.5000000000169,1010.0,done,5588.0,,False,96.03345938058897,4.296423717201876,6.75,0.0805816682192894,0.0,0.0,0.2916666666666666,1.5,0.4711538461538461,15.5,0.0
e1ee8807cb1eef721aaab57bfa73bbfd877aa90d,ignite,False,2016-08-31 15:27:55,ignite,,1,1,1,1,1,0.0,2.0,0.0,6.0,2882,1602.83333333329,2077.0,done,397.0,,False,230.3215461889135,4.4344852628898055,13.0,0.0564428305345657,0.0,0.0,0.8888888888888888,6.0,0.25,28.0,0.0
215f9236d604550fb7c52190bd24ba3019044731,ignite,False,2016-08-31 17:18:50,ignite,,1,1,1,1,1,0.0,5.0,0.0,42.0,81,81.0,63.0,done,918.0,,False,68.11428751370197,4.264074790724491,6.0,0.0880872459950936,0.0,0.0,0.75,3.0,0.4,17.0,0.0
0798f3425faf6c5f71e99ffd2f64307089c732f3,ignite,False,2016-08-31 18:30:21,ignite,,4,6,1,1,1,0.0,6.0,4.0,33.0,83,83.0,64.0,done,1200.0,,False,184.4773317567079,4.549274133806514,15.0,0.0813108031060546,0.0,0.0,1.0,5.0,0.125,20.0,0.0
607f6faa33c5879d05d0fe498274b359ec35f81b,ignite,False,2016-09-02 01:18:11,ignite,,12,5,4,4,1,1.65897975212421,2.0,27.0,9.75,16,16.0,11.0,done,915.0,,False,332.5872091313764,4.741632352002927,18.2,0.0614715996985142,1.0,0.0,0.7038461538461538,2.6,0.3386813186813186,16.4,0.0
e3c4868d6737e5a0f0b90f99666242865add750c,ignite,False,2016-09-03 00:23:09,ignite,,28,7,1,1,1,0.0,10.0,22.0,31.0,825,637.0,580.0,done,1038.0,,False,559.6209125375373,4.829606588039472,29.0,0.0518207939522896,0.0,0.0,1.0,1.0,0.3636363636363636,24.0,0.0
4dc624fc9a8852f77f1fe7db4dc06a474b34c2eb,ignite,False,2016-09-03 00:26:03,ignite,,28,7,1,1,1,0.0,10.0,22.0,31.0,825,637.0,580.0,done,1038.0,,False,559.6209125375373,4.829606588039472,29.0,0.0518207939522896,0.0,0.0,1.0,1.0,0.3636363636363636,24.0,0.0
3aa13f716934a6ccfe49f8bf99ec3b654e263900,ignite,False,2016-09-05 16:19:48,ignite,,8,3,1,1,1,0.0,10.0,2.0,33.0,827,637.0,582.0,done,1059.0,,False,625.7579294737917,4.86489834458082,33.0,0.0527360476722207,0.0,0.0,1.0,1.0,0.3636363636363636,24.0,0.0
7b0d2326ccc62afd5d162b056398f96d8d7c9100,ignite,False,2016-09-05 16:20:39,ignite,,8,3,1,1,1,0.0,10.0,2.0,33.0,827,637.0,582.0,done,1059.0,,False,625.7579294737917,4.86489834458082,33.0,0.0527360476722207,0.0,0.0,1.0,1.0,0.3636363636363636,24.0,0.0
a760918757bee71ab28495496f94e9067ef17888,ignite,False,2016-09-05 16:36:38,ignite,,261,21,10,6,1,1.44534238157067,0.4,7.7,6.1,7,7.0,7.0,done,277.0,,False,2389.132903559122,5.141063601399048,93.0,0.0389262564093678,2.0,0.0,1.0,1.0,0.2105263157894736,19.0,0.0
1706fa1c3246d15f61ea5f146191726d7bfb3a9e,ignite,False,2016-09-05 17:14:51,ignite,,3,2,1,1,1,0.0,6.0,0.0,17.0,1396,794.833333333351,1013.0,done,283.0,,False,53.77443751081734,4.071477469174168,2.0,0.0371923927534839,0.0,0.0,1.0,0.0,0.5,8.0,0.0
24d8cc8b28542113a19becd79082c7f6924a8f1b,ignite,False,2016-09-05 19:49:42,ignite,,126,111,4,3,1,0.638749841333244,5.5,7.25,50.25,1375,650.666666666681,740.0,done,6623.0,,False,462.33884298656307,4.977458687134961,21.0,0.048114579104377,0.25,0.0,0.8638888888888888,1.25,0.405960705960706,20.25,0.0037593984962406
4ea534a4298a7fcf8db8866fa8bb4129e4e3bdf2,ignite,False,2016-09-05 23:20:25,ignite,,25,16,4,3,1,1.86669184987447,1.5,1.5,25.25,2890,1597.33333333329,2082.0,done,3217.0,,False,576.044876969288,4.921847566160379,29.375,0.0552901778229707,0.625,0.125,0.6191605495953323,3.125,0.2769186223133592,18.0,0.0
9d3cc2dcfed7d6dbba7a924d6ff9cd31242eda2d,ignite,False,2016-09-06 00:06:03,ignite,,29,19,4,3,1,1.39115064845436,8.5,17.75,137.75,1376,651.666666666681,741.0,done,8552.0,,False,1057.0760321040705,4.88376280977931,38.5,0.0471691531032949,0.0,0.0,0.9111742424242424,3.75,0.3869047619047618,14.75,0.0
c58a35571bb55b21bd1a2acd0dd4d23c2a4eef45,ignite,False,2016-09-06 14:42:03,ignite,,6,3,2,2,1,0.7642045065086199,1.0,0.0,5.5,2891,1598.33333333329,2083.0,done,447.0,,False,212.7174869903154,4.425278440048377,12.0,0.0758086766059745,0.6666666666666666,0.3333333333333333,0.1818181818181818,0.6666666666666666,0.6754385964912281,15.0,0.0
e23a94fbab4040f60b7a8ef3638aaebe4b9ba5f6,ignite,False,2016-09-06 17:34:14,ignite,,7,4,1,1,1,0.0,12.0,3.0,39.0,2894,1600.83333333329,2085.0,done,369.0,,False,91.6185500278847,4.127668868340748,3.6666666666666665,0.0596992963348096,0.0,0.0,0.2777777777777777,1.3333333333333333,0.0666666666666666,11.0,0.0
bdc1b10cabcefb6684adcdb22bb6106e44148516,ignite,False,2016-09-06 20:45:01,ignite,,19,18,2,1,1,0.9090221560878148,12.5,3.0,155.5,2896,1602.83333333329,2087.0,done,2881.0,,False,93.62631828483936,4.03623530658823,4.666666666666667,0.0840888038369297,0.3333333333333333,0.0,0.1111111111111111,3.3333333333333335,0.1111111111111111,11.666666666666666,0.0
747b605ccfb562b85bb66a3c4a70d5034f569b91,ignite,False,2016-09-06 21:33:45,ignite,,2,0,1,1,1,0.0,5.0,0.0,17.0,21,21.0,15.0,done,1460.0,,False,146.718800023077,4.577555779498427,3.0,0.0204472773736435,0.0,0.0,0.1666666666666666,0.0,0.3333333333333333,12.0,0.0
1fb4549ed05b45b689c29cedc30ff7ff5c00f836,ignite,False,2016-09-07 19:27:54,ignite,,54,47,1,1,1,0.0,15.0,5.0,159.0,157,157.0,130.0,done,1748.0,,False,1139.4304822265087,4.793223044765511,29.666666666666668,0.027498099919648,1.0,2.3333333333333335,0.5376984126984127,0.0,0.6446360153256704,20.0,0.0
121b89b07990068a31d384da8d6f3c781cf0efb8,ignite,False,2016-09-07 20:36:51,ignite,,1,1,1,1,1,0.0,17.0,8.0,198.0,2904,1602.16666666662,2094.0,done,6157.0,,False,994.8386272350746,5.2046186095182145,27.0,0.0271400800701117,2.0,2.0,0.375,0.0,0.2,27.0,0.0
216477e5a9badc09133a7fe1f545e048a23a8218,ignite,False,2016-09-07 23:30:48,ignite,,8,1,1,1,1,0.0,11.0,0.0,57.0,36,36.0,33.0,done,1856.0,,False,537.5147375836236,5.151519778591656,28.0,0.0520915949688615,1.0,2.0,1.0,2.0,0.5454545454545454,15.0,0.0
9389328afdad8478b16f124f16cb45dde6c33aaf,ignite,False,2016-09-07 23:35:45,ignite,,33,19,1,1,1,0.0,11.0,0.0,58.0,37,37.0,34.0,done,1863.0,,False,1154.511122331074,5.4196785953103,11.0,0.0095278423804093,0.0,2.0,0.8095238095238095,2.0,0.6,20.0,0.0
e1c7937dabb3508183ccbd9afa3f76d5aaa67236,ignite,False,2016-09-07 23:39:13,ignite,,17,7,1,1,1,0.0,11.0,0.0,59.0,38,38.0,35.0,done,1877.0,,False,968.730057679797,5.243584032537215,9.0,0.0092905138316404,0.0,3.0,0.7647058823529411,2.0,0.6,25.0,0.0
b3bdca7ad9b394fba0f263990bd762ba04aef80b,ignite,False,2016-09-08 21:13:31,ignite,,4,1,1,1,1,0.0,11.0,0.0,60.0,39,39.0,36.0,done,1887.0,,False,775.7743718839106,5.166090664367399,7.0,0.0090232421354691,0.0,0.0,0.7894736842105263,2.0,0.6,20.0,0.0
cc595021491a79d6ccf343a156d6e21389b68ff8,ignite,False,2016-09-08 21:15:22,ignite,,16,6,1,1,1,0.0,11.0,0.0,61.0,40,40.0,37.0,done,1890.0,,False,485.30856805008847,5.276129371469365,7.0,0.0144238129323064,0.0,3.0,0.75,2.0,0.6,23.0,0.0
1cc502d64ca058d97b071f7db0ee18f3aac3dfd7,ignite,False,2016-09-08 21:17:26,ignite,,4,4,1,1,1,0.0,11.0,0.0,62.0,41,41.0,38.0,done,1900.0,,False,978.4207545599238,5.392255183223617,6.0,0.006340890870901,0.0,0.0,0.7386363636363636,1.0,0.75,20.0,0.0
a0b7d5b8b8347104642f7fb6be2b4194946b3eaa,ignite,False,2016-09-08 22:04:33,ignite,,3,6,1,1,1,0.0,2.0,0.0,18.0,2908,1600.33333333329,2097.0,done,1185.0,,False,459.3406859836022,4.889157167459939,22.0,0.0543441122315372,1.6666666666666667,0.0,0.4470899470899471,1.0,0.3981481481481481,19.333333333333332,0.0
b595991fbc8eeef4bf7f8bf1e4e096c6c1f88488,ignite,True,2016-09-09 18:13:26,ignite,194.0,20,16,4,2,1,1.33211268435812,4.75,89.0,51.25,11,11.0,11.0,done,6157.0,2017-03-23 15:13:33,False,994.8386272350746,5.2046186095182145,27.0,0.0271400800701117,2.0,2.0,0.375,0.0,0.2,27.0,0.0
5ac319dc42a518f36cc2c4d6bcaa00c472ed4969,ignite,False,2016-09-09 22:49:24,ignite,,13,7,3,2,1,1.57095059445467,2.0,0.0,41.0,2911,1600.16666666662,2100.0,done,2986.0,,False,345.5939573249084,4.941271242610324,21.5,0.0607001682823896,1.0,0.0,0.4428571428571428,4.5,0.1269841269841269,16.0,0.0
241b7933ddae77f8e39b167a025a1e442e629504,ignite,False,2016-09-12 16:44:56,ignite,,1,1,1,1,1,0.0,19.0,2.0,201.0,2912,1600.99999999995,2101.0,done,6237.0,,False,994.8386272350746,5.2046186095182145,27.0,0.0271400800701117,2.0,2.0,0.375,0.0,0.2,27.0,0.0
dee35041fa266e9f872c9a603bebe1755d613a5e,ignite,False,2016-09-12 17:16:43,ignite,,1,5,2,2,1,0.91829583405449,3.0,2.0,52.0,2913,1601.99999999995,2102.0,done,1763.0,,False,436.39810378076373,5.192264435703557,29.0,0.0664530843483429,2.0,0.0,0.6,7.0,0.1428571428571428,15.0,0.0
4a6ea1ad435da939b8a29ca9e006d1003d4510ba,ignite,False,2016-09-12 17:50:30,ignite,,0,5,1,1,1,0.0,2.0,0.0,19.0,2915,1603.99999999995,2104.0,done,371.0,,False,330.68508468127203,5.0654687507738325,23.0,0.0695525775593064,1.0,0.0,0.75,7.0,0.1666666666666666,15.0,0.0
5748034bf367ddf860fa6daf4ac92cd3457dc301,ignite,False,2016-09-12 18:08:51,ignite,,8,4,1,1,1,0.0,15.0,0.0,162.0,1420,817.6666666666838,1028.0,done,1976.0,,False,73.22772654291641,3.833610459289348,3.0,0.0410333062667884,1.0,0.0,0.75,0.0,0.5,12.0,0.0
672f9780190e29cbc3fbe798e4b17d5af2b4243b,ignite,False,2016-09-12 20:03:12,ignite,,5,0,1,1,1,0.0,2.0,0.0,20.0,2916,1604.99999999995,2105.0,done,366.0,,False,436.39810378076373,5.192264435703556,29.0,0.0664530843483429,2.0,0.0,0.6,7.0,0.1428571428571428,15.0,0.0
cd215678f6114399b395d86949c40984036b2e7e,ignite,False,2016-09-12 23:50:01,ignite,,0,6,1,1,1,0.0,8.0,0.0,23.0,163,163.0,133.0,done,379.0,,False,209.59328607595296,4.788579911032649,10.0,0.0477114519611862,1.0,0.0,0.75,2.0,0.6,19.0,0.0
cc6fe511ff87a228283f15a16e8dba0536661af4,ignite,False,2016-09-13 00:46:41,ignite,,2,1,1,1,1,0.0,17.0,18.0,120.0,1421,818.6666666666838,1029.0,done,1722.0,,False,3662.337177255241,5.524822536562914,136.0,0.0371347566916069,2.0,1.0,0.9423076923076924,0.0,0.3684210526315789,28.0,0.02
484b3ebf9c6c57c60e2247e75d3da219c124ebc9,ignite,False,2016-09-13 15:30:24,ignite,,2,0,1,1,1,0.0,11.0,77.0,27.0,2920,1608.99999999995,2108.0,done,156.0,,False,1234.2978004269244,3.9279662750205926,60.0,0.0486106351151617,0.0,0.0,1.0,1.0,0.3333333333333333,14.0,0.0
799b8ec9336cb78f4eb7e87f6e0fac059b7a752c,ignite,False,2016-09-13 16:11:40,ignite,,4,3,1,1,1,0.0,16.0,0.0,98.0,2921,1609.49999999995,2109.0,done,843.0,,False,513.6912619133022,5.153402179145926,14.0,0.0272537242464576,0.0,0.0,0.8,3.0,0.3846153846153846,30.0,0.0
6070566ce2bc69ba732cda92dc899eea81175648,ignite,False,2016-09-13 18:47:21,ignite,,10,10,1,1,1,0.0,2.0,0.0,25.0,2924,1610.49999999995,2112.0,done,1175.0,,False,1026.0791492653966,5.111557550586668,49.0,0.0477546006417542,2.0,0.0,0.75,0.0,0.2857142857142857,22.0,0.0
86878562536fa20596a656df62906a23d8b077f4,ignite,False,2016-09-13 21:29:47,ignite,,8,2,2,2,1,0.970950594454669,4.0,0.0,59.5,23,23.0,17.0,done,361.0,,False,666.4576322037944,4.800268572557035,29.0,0.0435136437767317,1.0,2.0,1.0,2.0,0.8571428571428571,22.0,0.0
a3c22b9f3332ee5e4059228bb803c06d43fcdf88,ignite,False,2016-09-13 22:20:57,ignite,,6,0,1,1,1,0.0,1.0,33.0,2.0,2925,1611.49999999995,2113.0,done,299.0,,False,307.70804128086564,4.590973359294298,18.0,0.0584970088044277,0.0,0.0,1.0,1.0,0.5555555555555556,16.0,0.0
74736c26566d9b8e29a7f37064daffefc1aa88b0,ignite,False,2016-09-14 01:12:49,ignite,,2,0,1,1,1,0.0,10.0,1.0,94.0,169,169.0,138.0,done,1726.0,,False,299.32032633211963,4.6098179575054115,11.0,0.0367499265245175,0.0,0.0,0.4545454545454545,2.0,0.625,23.0,0.0
5748cc3fb9095599137316ae018eb1869af88809,ignite,False,2016-09-14 02:04:04,ignite,,9,4,1,1,1,0.0,3.0,7.0,4.0,24,24.0,18.0,done,140.0,,False,661.8120627487989,5.175724865658401,28.0,0.0423080834817419,3.0,0.0,0.7857142857142857,0.0,0.3571428571428571,15.0,0.0
24b6d63a1dbe7e0469172375560f72da9cc6c999,ignite,False,2016-09-14 18:09:51,ignite,,1,2,1,1,1,0.0,6.0,0.0,92.0,91,91.0,71.0,done,3386.0,,False,183.31714900750256,4.997514889097696,15.0,0.0818254052128319,0.0,0.0,0.6666666666666666,6.0,0.3333333333333333,28.0,0.0
0d033b61bd4d4de9aa589c288992fcacfb3ac2bb,ignite,False,2016-09-14 18:40:52,ignite,,12,3,2,2,1,0.566509506552905,1.5,0.0,19.0,1433,828.6666666666838,1035.0,done,1364.0,,False,415.9409196774062,4.871424104567734,22.333333333333332,0.0538676258390582,0.6666666666666666,0.0,0.6984126984126985,2.3333333333333335,0.1666666666666666,16.666666666666668,0.0
3fb9894eb130e7e5d2fee460c785a4aacadb8373,ignite,False,2016-09-14 20:02:00,ignite,,40,34,1,1,1,0.0,15.0,8.0,28.0,2930,1615.99999999995,2117.0,done,227.0,,False,1913.93994468987,5.096637771694915,67.0,0.0350063230488961,1.0,0.0,0.9347826086956522,1.0,0.2352941176470588,22.0,0.0
d225c13c4519082bd54af061dd817e1a7386f5bd,ignite,False,2016-09-14 23:03:10,ignite,,85,13,5,5,1,1.6406873721469095,5.2,0.8,59.0,1436,831.6666666666838,1037.0,done,3633.0,,False,1417.7315157609676,5.067378964517618,36.666666666666664,0.0311190337935348,0.6666666666666666,0.6666666666666666,0.6496031746031746,2.3333333333333335,0.4482184482184482,24.666666666666668,0.0
749a9024e67e6de7e4fab9b96ce638d8e6e60fd2,ignite,False,2016-09-15 01:27:03,ignite,,2,4,2,1,1,0.91829583405449,5.0,30.5,62.5,170,170.0,139.0,done,1728.0,,False,188.4559964795606,4.472326685797896,8.0,0.0451940216062767,0.5,0.0,0.575,1.0,0.5357142857142857,20.0,0.0
aa7d28222563adbac0ddd246745e5e14e62d886e,ignite,False,2016-09-15 17:13:38,ignite,,14,11,1,1,1,0.0,29.0,0.0,355.0,1445,840.500000000018,1042.0,done,3821.0,,False,2288.5828716297547,5.29464637925604,77.0,0.0339024046412415,1.5,2.0,0.6216897856242118,0.0,0.4458204334365325,30.0,0.0
49b72a60be52c3d89e9653bbb160560b00674f33,ignite,False,2016-09-15 21:31:49,ignite,,16,6,2,2,1,0.4394969869215129,1.0,0.0,3.5,1448,843.500000000018,1044.0,done,382.0,,False,310.0,4.82675890514878,20.0,0.064516129032258,0.0,0.0,0.9,5.0,0.3333333333333333,18.0,0.0
4f6da47402ecd8c53a87539126a55a5552877cc5,ignite,False,2016-09-15 23:16:22,ignite,,12,6,1,1,1,0.0,9.0,231.0,23.0,171,171.0,140.0,done,349.0,,False,625.004070628381,4.854052677740872,20.0,0.0361570086599975,0.5,0.25,0.3350694444444444,0.25,0.5627435064935065,21.0,0.0
fab881145246a85a18210a2418f17fdc22ce9fd3,ignite,False,2016-09-16 00:36:09,ignite,,8,0,1,1,1,0.0,1.0,199.0,1.0,172,172.0,141.0,done,213.0,,False,27.0,3.6421498816369033,0.0,0.0,0.0,0.0,0.0,0.0,0.0,8.0,0.0
6c8b647b76ece036350f45c505a08b9b162b0a25,ignite,False,2016-09-16 00:46:08,ignite,,5,8,1,1,1,0.0,9.0,3.0,30.0,173,173.0,142.0,done,276.0,,False,162.51574464281416,4.6805567183229275,4.0,0.02461299985913,0.0,0.0,0.3333333333333333,1.0,0.3333333333333333,14.0,0.0
346d1f2b91011e0348f119f20409590e22d36ddc,ignite,False,2016-09-16 01:17:28,ignite,,36,24,1,1,1,0.0,8.0,381.0,20.0,175,175.0,144.0,done,838.0,,False,1566.0473399569782,5.026505894080235,50.0,0.0319275150401095,1.0,0.0,0.7037037037037037,5.0,0.0714285714285714,25.0,0.0
7c24c87aa14cc53df134a24a9368fb5bb6509a17,ignite,False,2016-09-16 02:20:30,ignite,,19,13,2,2,1,0.5435644431995961,10.0,1.0,114.5,176,176.0,145.0,done,3882.0,,False,558.1608750752741,4.978890146886828,24.0,0.0430449441538919,0.0,0.0,0.8181818181818181,3.5,0.4318181818181818,22.0,0.0
dce51244c1d6bcb4516fe780769b6922c9ca3ea7,ignite,False,2016-09-16 18:11:02,ignite,,1,1,1,1,1,0.0,7.0,0.0,55.0,98,98.0,76.0,done,923.0,,False,873.2433328891259,5.279277242664586,15.0,0.0171773427119935,1.0,2.0,0.7857142857142857,1.0,0.25,24.0,0.0
4d06726b2ad401ab47a08a3bb079f4c499cf8347,ignite,False,2016-09-16 20:02:23,ignite,,8,4,2,2,1,0.650022421648354,3.5,0.0,77.0,100,100.0,78.0,done,3639.0,,False,92.0,4.433634982148036,7.0,0.0760869565217391,0.0,0.0,0.0,1.0,0.75,17.0,0.0
55190ff4c2c24d95a30945cf75e2e7b62c5e598e,ignite,False,2016-09-16 20:38:25,ignite,,14,2,1,1,1,0.0,6.0,0.0,99.0,101,101.0,79.0,done,3643.0,,False,651.8801094190179,5.121961752515608,36.0,0.0626965120011564,0.0,0.0,0.4583333333333333,3.5,0.5105263157894737,22.5,0.0
eef746b62716b05a4c6da64c0795bb720bb5e238,ignite,False,2016-09-16 21:38:02,ignite,,58,43,2,2,1,0.192900074578984,9.5,11.0,87.5,2932,1612.33333333329,2119.0,done,2591.0,,False,2061.458890133101,4.419075582283171,48.5,0.0238930452302279,1.0,0.5,0.6655844155844156,1.5,0.6739130434782609,25.0,0.0
6c0110bdb4564711427cfbb52601f8392bf1e2bc,ignite,False,2016-09-16 22:15:54,ignite,,6,1,1,1,1,0.0,8.0,105.0,12.0,179,179.0,147.0,done,90.0,,False,190.27594377992796,4.608774026759454,10.0,0.0523095659640096,0.0,0.0,0.8375,0.5,0.25,15.5,0.0
37923cc8c9b9ca80dcd831e482ed1ee4e081aefb,ignite,False,2016-09-16 23:16:41,ignite,,3,1,1,1,1,0.0,9.0,148.0,14.0,180,180.0,148.0,done,1027.0,,False,1118.3790249064018,5.432022219123207,29.0,0.0259303861697755,2.0,0.0,0.6086956521739131,0.0,0.0666666666666666,23.0,0.0
77f46c6a8f419bc88c612893e28dfacd65d9b8ea,ignite,False,2016-09-17 05:20:21,ignite,,4,3,2,2,1,0.8631205685666309,7.0,1.5,100.0,1458,852.833333333351,1050.0,done,3465.0,,False,2506.2593842199944,5.237091025290439,79.5,0.0370137263254254,1.0,0.5,0.8333333333333333,2.5,0.4444444444444444,25.5,0.0
a0068ac47091cbc226bb84c7f4a0ccbeb41c8198,ignite,False,2016-09-17 11:18:02,ignite,,0,3,1,1,1,0.0,4.0,2.0,25.0,1459,853.500000000018,1051.0,done,1474.0,,False,3133.6693423717165,5.258555811159662,98.0,0.0312732420982964,2.0,2.0,0.8163265306122449,3.0,0.2857142857142857,23.0,0.0
75fa2e168408751f30a322654a80597aa83220cc,ignite,False,2016-09-18 21:52:56,ignite,,3,1,2,2,1,1.0,1.5,1.0,3.5,1460,853.833333333352,1052.0,done,504.0,,False,233.65640006923095,4.752486111859838,14.5,0.0580082405489213,0.5,0.0,0.875,4.0,0.4166666666666666,16.0,0.0
ccb762dd6b846d93d65ed092f2d9bc19a0e3e053,ignite,False,2016-09-20 00:01:31,ignite,,38,1,1,1,1,0.0,5.0,3.0,15.0,106,106.0,83.0,done,224.0,,False,309.8154312039236,4.973592158258333,23.0,0.0767822340324564,0.0,0.0,0.9444444444444444,6.0,0.1079545454545454,24.5,0.0
c1372ce2f0633968036fcfb079718214605c3350,ignite,True,2016-09-20 17:39:37,ignite,506.0,17,1,1,1,1,0.0,12.0,10.0,44.0,2934,1612.16666666662,2121.0,done,2170.0,2018-02-08 22:25:11,False,1926.4401052587696,5.462516583873093,57.0,0.0295882544411332,3.0,2.0,0.8095238095238095,2.0,0.375,19.0,0.0
63ed76453e1ba88fd9809acd19d073801bfae3f5,ignite,False,2016-09-20 18:26:35,ignite,,5,3,2,1,1,0.954434002924965,3.5,0.0,82.0,1465,858.333333333352,1056.0,done,1486.0,,False,4.754887502163468,3.584962500721156,1.0,0.2103099178571525,0.0,0.0,0.0,0.0,1.0,8.0,0.0
b20699362e39efa969f2c8cb76c164a6f5eaab89,ignite,False,2016-09-20 18:28:32,ignite,,3,2,1,1,1,0.0,7.0,0.0,106.0,1466,859.333333333352,1057.0,done,1402.0,,False,526.154789928524,4.836952068122633,23.0,0.043713371882682,0.0,0.0,1.0,2.0,0.5,22.0,0.0
f6d42f3e304a7947824650e5a7692fb787174ebf,ignite,False,2016-09-20 20:32:23,ignite,,2,0,1,1,1,0.0,1.0,6.0,1.0,2935,1613.16666666662,2122.0,done,45.0,,False,94.0116453487578,4.398030705821852,3.0,0.0319109402762903,0.0,0.0,0.6,1.0,0.3333333333333333,15.0,0.0
bcbe8cc4492449957ff983976f8f16e090c0b239,ignite,False,2016-09-21 00:04:30,ignite,,19,19,6,4,1,1.89902709536443,0.333333333333333,0.0,1.8333333333333304,1331,597.500000000006,651.0,done,921.0,,False,66.77107808908364,3.9400578236492367,4.0,0.0736919477575054,0.0,0.0,0.25,1.0,0.8333333333333333,15.5,0.0
19e9c21c23c332a40ca003a9ed385565abf5d27d,ignite,False,2016-09-21 00:55:52,ignite,,8,1,2,2,1,0.7642045065086199,8.5,7.0,80.0,182,182.0,149.0,done,1772.0,,False,982.7573687918118,5.041057776399086,20.5,0.0166760102848906,0.5,1.0,0.8153846153846154,0.5,0.5892857142857143,20.5,0.0
4ee52f0a50d9cf8bc64a277f2d02600a832d6ca6,ignite,True,2016-09-21 17:37:52,ignite,6.0,29,18,2,1,1,0.488908591440515,8.0,6.0,32.5,133,127.5,80.0,done,2579.0,2016-09-28 01:46:23,True,1252.6814334974283,5.3261793022039345,46.25,0.0411890402667638,1.25,0.5,0.833974358974359,2.75,0.257996632996633,25.25,0.0
f44b36f2ba358fa3d9119b4a712c0c22fd880a6b,ignite,False,2016-09-21 18:26:37,ignite,,25,3,1,1,1,0.0,3.0,0.0,36.0,1470,863.333333333352,1060.0,done,1173.0,,False,1044.7309544371765,5.141995491270973,60.0,0.0571891815117724,0.5,0.0,0.5902777777777778,6.5,0.3018575851393189,16.5,0.0
16b82b77f00dff8e525c8cc68d3387de107c78d1,ignite,False,2016-09-21 18:35:07,ignite,,3,0,1,1,1,0.0,4.0,4.0,7.0,843,617.0,594.0,done,323.0,,True,2256.5851788502914,5.017216922083029,101.0,0.0447578938949951,1.0,0.0,0.7777777777777778,4.0,0.0666666666666666,26.0,0.0
29f508b17eb383a1c910c72e7d5056564acc37c2,ignite,False,2016-09-23 16:59:55,ignite,,5,0,1,1,1,0.0,27.0,10.0,280.0,844,614.0,595.0,done,3418.0,,False,331.7074896219747,4.454319488568738,12.0,0.0361764517698277,0.0,0.0,1.0,0.0,0.75,18.0,0.0
23f6dade294842d7e743787ea5aa0aa946bf90ea,ignite,False,2016-09-23 17:58:13,ignite,,1,4,1,1,1,0.0,13.0,13.0,88.0,347,292.0,173.0,done,2478.0,,False,1062.7459507365415,5.00009475628392,43.0,0.04046122214834,0.0,0.0,0.9285714285714286,3.0,0.5,19.0,0.0
14959f2efea43046a1a2e5c1978fc27a156f5a7a,ignite,False,2016-09-26 16:12:45,ignite,,1,2,1,1,1,0.0,27.0,2.0,281.0,846,612.5,596.0,done,3423.0,,False,307.67071501168664,4.512188374854318,11.0,0.03575250897565,0.0,0.0,1.0,0.0,0.75,18.0,0.0
4fafdf0911a5724d284d4575a2e9d5690e9b3b97,ignite,False,2016-09-26 18:14:14,ignite,,0,2,1,1,1,0.0,3.0,0.0,15.0,1474,865.0000000000191,1063.0,done,231.0,,False,208.9735285398626,4.73524824066288,14.0,0.0669941312558611,0.0,0.0,1.0,1.0,0.8,20.0,0.0
6a29d2d0e21b62c55d3615d1053de0cb1190f52a,ignite,False,2016-09-26 19:42:25,ignite,,31,32,1,1,1,0.0,15.0,5.0,165.0,1475,866.0000000000191,1064.0,done,1987.0,,False,1644.8658084299234,5.080074295892763,43.5,0.0263557539208177,1.0,3.0,0.5202702702702703,0.0,0.5741758241758241,26.5,0.0
9dbddb7859279170fb6c8ffc4fd87b35fe855281,ignite,False,2016-09-27 01:00:34,ignite,,6,7,2,2,1,0.779349837292085,3.5,0.0,41.5,118,118.0,93.0,done,1676.0,,False,118.95459729119916,4.281614757351399,5.666666666666667,0.0522289229903624,0.0,0.0,0.4888888888888889,2.0,0.3999999999999999,19.333333333333332,0.0
86925b14df5a857dd2faacbe4b4febba855545a2,ignite,False,2016-09-27 04:10:40,ignite,,38,30,3,3,1,0.834347023085254,2.0,0.0,55.6666666666667,125,125.0,100.0,done,4894.0,,False,919.2561888853228,5.224651155036432,49.22222222222222,0.054846107177328,0.6666666666666666,0.3333333333333333,0.5240216281444352,4.333333333333333,0.3012785155514101,19.0,0.0
9bc2cb435758b70535ff0c72ad1573df517a6f8b,ignite,False,2016-09-27 04:46:02,ignite,,2,2,1,1,1,0.0,7.0,0.0,69.0,127,127.0,102.0,done,1420.0,,False,1205.1655726213476,5.325549401567388,24.5,0.0240331518820126,1.5,0.0,0.7656862745098039,1.0,0.25,21.0,0.0
1bd0d2a8294593c51caaa5303352a59137818c15,ignite,False,2016-09-27 16:34:03,ignite,,2,1,1,1,1,0.0,5.0,0.0,18.0,1480,871.0000000000191,1068.0,done,708.0,,False,213.96993759735608,4.845701098753309,12.0,0.0560826447619073,1.0,1.0,1.0,1.0,0.5,19.0,0.0
bfaa95c564acc13cbac5ba043303ae225f09d60a,ignite,False,2016-09-27 19:01:39,ignite,,11,11,1,1,1,0.0,15.0,0.0,166.0,1482,873.0000000000191,1069.0,done,1986.0,,False,1312.2428064825638,4.820769329578213,34.0,0.0259098391182163,1.0,2.0,0.5405405405405406,0.0,0.5714285714285714,25.0,0.0
ec9ddcd3d99d19403bf19e1172ede2afdab6c86f,ignite,False,2016-09-28 18:05:28,ignite,,134,74,2,1,1,0.0782324652577124,1.0,372.5,2.0,2939,1603.16666666662,2125.0,done,570.0,,False,381.55036610650654,4.836790456040312,13.75,0.0374579390034714,0.1875,0.0,0.5116971632197016,0.4375,0.4647702991452991,20.8125,0.0
17c2fc0b69abd023b2a1e5da344e67951fd49408,ignite,False,2016-09-28 18:56:17,ignite,,18,16,2,1,1,0.322756958897398,11.5,11.5,119.5,2940,1603.66666666662,2126.0,done,6560.0,,False,673.5385731608624,5.003328846737985,20.5,0.0303515425733951,1.0,0.5,0.5119047619047619,0.5,0.3452380952380952,28.5,0.0
4ff19c20b169e0373eafc8025a838db8bfc61f27,ignite,False,2016-09-28 19:47:51,ignite,,8,3,1,1,1,0.0,19.0,0.0,204.0,2942,1605.66666666662,2128.0,done,6237.0,,False,1143.20569159428,5.005339816636087,34.0,0.0297409296069761,1.0,0.0,0.3333333333333333,0.0,0.3,22.0,0.0
c89f88dfcdd04cf3772868e4f13a9a72695a59d9,ignite,False,2016-09-28 20:04:21,ignite,,4,4,2,2,1,0.811278124459133,3.0,7.0,25.0,1485,876.0000000000191,1071.0,done,1672.0,,False,629.1982855510726,4.690873592399971,34.333333333333336,0.0584301175227132,0.3333333333333333,0.0,0.3,2.3333333333333335,0.164021164021164,18.333333333333332,0.0
474ade276c4ae3e8f93cce37473d37270b4e7ad9,ignite,False,2016-09-28 20:38:04,ignite,,24,4,4,3,1,1.76530949742426,1.0,189.0,3.25,853,618.5,600.0,done,280.0,,False,78.02823852154289,3.93968838294035,3.3333333333333335,0.0292659171556542,0.0,0.0,0.6666666666666666,0.0,0.2666666666666666,9.333333333333334,0.0
b9105df77cc70b532f94899c754fba47e3e05e9a,ignite,True,2016-09-28 20:53:20,ignite,860.0,74,11,4,3,1,0.707377091531608,1.0,101.0,2.5,855,620.5,601.0,done,192.0,2019-02-06 11:48:21,False,217.0538747560988,4.2365915381144985,9.0,0.0420670805417524,0.0,0.0,0.9047619047619048,0.0,0.4777777777777778,11.333333333333334,0.0
e3f13455d4273e615727d0410783e3719db98f76,ignite,False,2016-09-28 21:43:13,ignite,,18,16,2,1,1,0.322756958897398,11.5,11.5,119.5,2940,1603.66666666662,2126.0,done,6480.0,,False,673.5385731608624,5.003328846737985,20.5,0.0303515425733951,1.0,0.5,0.5119047619047619,0.5,0.3452380952380952,28.5,0.0
b2faa339acb2eea24e6dd5e0c21fc3d3d0592ff6,ignite,False,2016-09-28 21:43:26,ignite,,8,3,1,1,1,0.0,19.0,0.0,204.0,2942,1605.66666666662,2128.0,done,6157.0,,False,1143.20569159428,5.005339816636087,34.0,0.0297409296069761,1.0,0.0,0.3333333333333333,0.0,0.3,22.0,0.0
ffbc2180be6f7ec159ec07001051ad70196d6030,ignite,False,2016-09-29 01:05:09,ignite,,19,14,2,2,1,0.983376190139224,7.5,6.0,132.5,1487,878.0000000000191,1072.0,done,3991.0,,False,1724.5885803379074,4.96313580735595,48.0,0.0275164357833377,0.5,1.0,0.5783972125435539,1.0,0.5912698412698413,29.0,0.0
ad613afd7165ed2d8bf0a62805fc2506dfe6c59a,ignite,False,2016-09-29 20:16:31,ignite,,6,1,1,1,1,0.0,3.0,86.0,10.0,2947,1608.66666666662,2132.0,done,5876.0,,False,1170.0,4.981991363164124,33.0,0.0282051282051282,1.0,0.0,0.3103448275862069,0.0,0.3,24.0,0.0
a8ef28ef020ef1bfc29e28aae4dd3486f0d740c8,ignite,False,2016-09-30 19:27:53,ignite,,20,2,1,1,1,0.0,10.0,1.0,61.0,2951,1610.83333333328,2136.0,done,2762.0,,False,2150.903175561797,5.267116295156682,81.5,0.0374827772882202,1.5,2.5,0.951190476190476,1.0,0.4568965517241379,19.0,0.0
ef2c29e177c45b981775b7ed3312a966b4201a6a,ignite,False,2016-10-06 02:07:48,ignite,,6,3,2,2,1,0.91829583405449,3.0,7.0,26.0,1495,885.833333333352,1078.0,done,414.0,,False,458.55876546298737,5.287287085433471,26.0,0.0583641225974618,1.5,0.5,0.575,4.0,0.3785425101214574,21.5,0.0
83cbb2d2f87447ef394374f5116c60f4eeeac065,ignite,False,2016-10-06 21:36:06,ignite,,9,6,1,1,1,0.0,5.0,0.0,11.0,28,28.0,22.0,done,182.0,,False,135.22639820347567,4.6264043295823845,9.333333333333334,0.0706527777071229,0.0,0.0,0.7777777777777777,2.0,0.5925925925925926,17.0,0.0
23e3ad7be2e7f9ede0bcbaa14a70c0227bb92cde,ignite,False,2016-10-07 22:33:30,ignite,,3,3,3,2,1,1.45914791702724,2.0,1.0,17.6666666666667,1498,888.666666666686,1080.0,done,901.0,,False,50.18947501009619,4.50938523151634,5.0,0.0996224805896892,0.0,0.0,0.5,3.0,0.0,18.0,0.0
359a392f1c53217c691c4c40762c51fd330666e2,ignite,False,2016-10-11 22:14:00,ignite,,3,3,2,2,1,0.91829583405449,12.0,1.0,127.5,1398,951.0,833.0,done,3426.0,,False,10976.449222268522,6.0399991094777645,179.0,0.0163076416038852,1.0,3.0,0.5454545454545454,11.0,0.3928571428571428,27.0,0.0
b710b71dec1ebc4a7f911f9595840225366bf2c4,ignite,False,2016-10-11 23:53:37,ignite,,7,7,1,1,1,0.0,7.0,154.0,21.0,1500,888.0000000000191,1082.0,done,145.0,,False,136.40873504150608,4.305646436378126,7.0,0.0502559026951411,0.5,0.0,0.55,0.5,0.7321428571428572,12.5,0.0
63fa77aa138f87b2d2cc900cde29ae276459d202,ignite,False,2016-10-17 18:00:25,ignite,,0,2,1,1,1,0.0,16.0,13.0,105.0,1508,894.166666666686,1087.0,done,938.0,,False,1630.9760299597713,5.037332055869052,39.0,0.0239120620313236,1.0,2.0,0.6666666666666666,0.0,0.4285714285714285,21.0,0.0
d3f042b9ba6c605500ab7155c40a41850babefdb,ignite,False,2016-10-17 18:28:31,ignite,,6,3,1,1,1,0.0,9.0,2.0,37.0,2955,1604.33333333328,2140.0,done,671.0,,False,10705.680423193204,4.627268734521842,216.0,0.0201762047307193,1.0,0.0,0.5945945945945946,0.0,0.2941176470588235,37.0,0.0
717e91fed944082df35ecdc2e647de2ad3fca2c7,ignite,False,2016-10-18 04:30:38,ignite,,1,1,1,1,1,0.0,1.0,3.0,1.0,3,3.0,3.0,done,248.0,,False,230.3215461889135,4.800771430371412,9.0,0.0390758057546993,2.0,0.0,0.6666666666666666,0.0,0.2857142857142857,32.0,0.0
a863eeed9d152eed8418416291b9b19bd5b5e88b,ignite,False,2016-10-18 19:20:30,ignite,,0,2,1,1,1,0.0,4.0,4.0,6.0,356,277.5,178.0,done,535.0,,False,106.19818783608964,4.531324573535875,4.0,0.0376654261386621,0.0,0.0,1.0,0.0,0.5,10.0,0.0
6bfa38370a5dff58baad7a47a0c43f769e858072,ignite,False,2016-10-19 19:25:53,ignite,,1,1,1,1,1,0.0,15.0,0.0,68.0,36,36.0,28.0,done,858.0,,False,609.5364684956702,5.242742390234246,28.0,0.0459365459610705,0.0,0.0,0.6,13.0,0.08,27.0,0.0
1652559ef02f55fd98db60ad8e8700f5ec3aa324,ignite,False,2016-10-19 19:58:47,ignite,,3,3,1,1,1,0.0,4.0,6.0,46.0,1511,897.166666666686,1089.0,done,1239.0,,False,1118.2129120813138,5.354041039497696,55.0,0.0491856241380984,1.0,0.0,0.6666666666666666,6.0,0.2222222222222222,19.0,0.0
b58cf3210a89ee22bca906f798f8aafa4a6629a7,ignite,False,2016-10-19 22:33:15,ignite,,2,1,1,1,1,0.0,1.0,0.0,3.0,37,37.0,29.0,done,236.0,,False,359.4073508826329,5.03686594920928,20.0,0.0556471645637853,0.0,0.0,0.4,4.0,0.3333333333333333,22.0,0.0
3592236e666d842e4ff346466458c8fc9394ffb9,ignite,False,2016-10-20 01:34:25,ignite,,1,1,1,1,1,0.0,1.0,0.0,4.0,38,38.0,30.0,done,237.0,,False,253.3194695391927,4.435688446983211,13.0,0.0513185979097776,0.0,0.0,0.8,2.0,0.3333333333333333,24.0,0.0
07e1df6bea30d33c4f0e9b3bc6a78385eb32d53b,ignite,False,2016-10-20 01:46:11,ignite,,1,1,1,1,1,0.0,1.0,0.0,5.0,191,191.0,157.0,done,237.0,,False,202.11890788006696,4.799530144567068,10.0,0.0494758264077588,0.0,0.0,0.5,3.0,0.4285714285714285,18.0,0.0
81e6cb4f3331aaa05dd30c75f9de6e5ed28632f9,ignite,False,2016-10-21 00:08:47,ignite,,12,2,2,2,1,0.8631205685666309,2.5,4.0,7.0,39,39.0,31.0,done,880.0,,False,380.55255087979293,4.901096641634348,21.285714285714285,0.0540900729672882,0.5714285714285714,0.1428571428571428,0.547907647907648,2.2857142857142856,0.3314625850340136,18.857142857142858,0.0
96aae86bb406855b340d79a433d0e52fa74b059a,ignite,False,2016-10-21 23:56:44,ignite,,25,1,1,1,1,0.0,2.0,0.0,9.0,42,42.0,34.0,done,286.0,,False,1245.4548408882065,5.364861881476516,80.0,0.0642335614055242,1.0,0.0,0.8333333333333334,4.0,0.3684210526315789,30.0,0.0
b9bb1f6bc02cb3054b1e9b9bfbd34b886db77624,ignite,False,2016-10-24 17:50:51,ignite,,1,0,1,1,1,0.0,7.0,0.0,20.0,885,640.0,621.0,done,121.0,,False,210.83123629338053,3.80661448478417,4.0,0.018972520724746,0.0,0.0,0.5,2.0,0.5,15.0,0.0
9ab1fea338df81376f68db3985745d7aa4a1cc75,ignite,True,2016-10-25 01:41:29,ignite,787.0,9,3,3,3,1,1.25162916738782,8.33333333333333,7.33333333333333,108.0,1513,897.8333333333528,1090.0,done,6011.0,2018-12-21 15:19:01,False,768.7095571736257,5.122862518730075,28.0,0.0412336099274346,0.75,0.25,0.4266615737203972,3.75,0.2835710041592394,20.75,0.0
0edcf27d1afdd82f929b080b410cab2812d441f3,ignite,False,2016-10-25 03:58:46,ignite,,5,1,2,1,1,1.0,1.5,0.0,4.0,46,46.0,38.0,done,484.0,,False,698.4908078946457,4.757234038089605,44.5,0.0666405830739737,0.5,0.0,0.5,3.0,0.1842105263157894,21.5,0.0
3fa1d9c416fbc0f475cc4659c7377c4b326625f8,ignite,False,2016-10-25 19:37:10,ignite,,2,2,1,1,1,0.0,1.0,0.0,1.0,1514,898.8333333333528,1091.0,done,336.0,,False,147.41632448142016,4.229576818292429,8.0,0.0617924022446248,0.0,0.0,0.4,1.5,0.5,19.5,0.0
2a90fcaf8e46a829306ca92e226d984111b3aefe,ignite,False,2016-10-25 21:15:55,ignite,,91,89,5,4,1,1.74050312989676,1.2,0.4,14.6,271,257.0,244.0,done,855.0,,False,324.2399215921721,4.686591650100508,16.5,0.0534556610659011,0.5,1.5,0.4614130434782608,2.0,0.2728070175438596,16.0,0.0
1e21d643aaf4d78e36fccaaeaa29cd3c49c90405,ignite,False,2016-10-26 17:07:56,ignite,,6,3,1,1,1,0.0,9.0,2.0,37.0,2955,1604.33333333328,2140.0,done,679.0,,False,10360.335893412775,4.641203490064898,216.0,0.0208487448884099,1.0,0.0,0.5945945945945946,0.0,0.2941176470588235,37.0,0.0
f5031d2a22979869a032a1d53c097609d96e94cf,ignite,False,2016-10-26 17:12:40,ignite,,0,2,1,1,1,0.0,4.0,4.0,6.0,356,277.5,178.0,done,535.0,,False,106.19818783608964,4.531324573535875,4.0,0.0376654261386621,0.0,0.0,1.0,0.0,0.5,10.0,0.0
e0b846758a6331e13095e9dcefa407ddfd57d6ff,ignite,False,2016-10-26 21:41:27,ignite,,0,9,1,1,1,0.0,5.0,1.0,19.0,272,257.5,245.0,done,1521.0,,False,635.2096249465565,5.3196783256117985,31.0,0.0488027869580977,1.0,0.0,0.6923076923076923,2.0,0.5454545454545454,24.0,0.0
3398a784b2dd8dcd827a559285f2e30cde1dc6a9,ignite,False,2016-10-26 23:43:36,ignite,,3,3,1,1,1,0.0,3.0,0.0,3.0,47,47.0,39.0,done,324.0,,False,543.6067793957287,4.581042882847565,33.333333333333336,0.065790014260557,0.3333333333333333,0.0,0.5444444444444444,2.3333333333333335,0.4561403508771929,23.0,0.0
e95c68b77cbd3ad30d9f6d0b332137fb26000a41,ignite,False,2016-10-27 22:35:46,ignite,,2,0,1,1,1,0.0,25.0,0.0,317.0,202,202.0,164.0,done,2350.0,,False,174.165028051187,4.512703476954093,10.0,0.0574168081382044,0.0,0.0,0.5,2.0,0.3333333333333333,14.0,0.0
b9d28caad2670557e381d2d67823fc58b4dfd97d,ignite,False,2016-10-27 23:04:01,ignite,,89,91,5,4,1,1.74050312989676,1.2,2.0,15.6,273,257.5,246.0,done,855.0,,False,331.56458017186424,4.705343490825827,17.0,0.0554924050925418,0.5,1.5,0.4655797101449275,2.0,0.2894736842105263,16.0,0.0
2e7f59bf113bb76af0ddb5029b6af4900a6b1d54,ignite,False,2016-10-27 23:36:05,ignite,,89,91,5,4,1,1.74050312989676,1.2,2.0,15.6,273,257.5,246.0,done,801.0,,False,331.56458017186424,4.705343490825827,17.0,0.0554924050925418,0.5,1.5,0.4655797101449275,2.0,0.2894736842105263,16.0,0.0
e30156c604e0969ee60e7b155cc114ed861911d0,ignite,False,2016-10-28 04:43:39,ignite,,1,1,1,1,1,0.0,4.0,3.0,48.0,49,49.0,41.0,done,1239.0,,False,1710.1814892422644,5.474701257889174,83.0,0.0485328607063657,1.0,2.0,0.6521739130434783,2.0,0.4615384615384615,23.0,0.0
e1defc039899259c6ec2df6a77f575250fe4c81c,ignite,False,2016-10-31 12:17:08,ignite,,15,1,2,2,1,0.8960382325345569,1.5,30.0,3.5,8,8.0,8.0,done,1171.0,,False,923.7810388425509,5.3523668235607875,30.0,0.0324839878735669,0.5,0.5,0.8571428571428572,1.0,0.5181818181818182,29.0,0.0
5e636cb6b92353bd20f8574a81cd4662229e66b7,ignite,False,2016-10-31 21:14:07,ignite,,47,31,2,2,1,0.969430915646324,16.5,0.0,267.5,3,3.0,3.0,done,5895.0,,False,2751.072303558276,5.089568976464518,67.5,0.0247744857468231,1.0,1.0,0.7176470588235294,1.5,0.4166666666666666,31.0,0.0
d2c1c53460bb16e3a8e01cf64ddf20fb3382d5dd,ignite,False,2016-10-31 22:41:14,ignite,,7,22,1,1,1,0.0,32.0,0.0,367.0,5,5.0,5.0,done,3937.0,,False,1316.4041135133375,5.244821617315749,47.0,0.0357033220403438,1.0,0.0,0.5384615384615384,0.0,0.4210526315789473,32.0,0.0
b1b87036fa180df80e07db00f3674eba6089fe71,ignite,False,2016-11-01 00:26:25,ignite,,6,6,1,1,1,0.0,5.0,5.0,20.0,279,263.0,252.0,done,1528.0,,False,652.8569948498236,5.138947327159835,31.5,0.046152190100435,1.0,0.0,0.6798245614035088,1.5,0.3944099378881987,16.5,0.0
8add10e2ac9a91b0d7e473e6f40ff14d650abf96,ignite,False,2016-11-01 00:34:07,ignite,,6,6,1,1,1,0.0,5.0,5.0,20.0,279,263.0,252.0,done,1512.0,,False,652.8569948498236,5.138947327159835,31.5,0.046152190100435,1.0,0.0,0.6798245614035088,1.5,0.3944099378881987,16.5,0.0
e7d7a59eff6da1cd62e8ffb64405cdf12607b49d,ignite,False,2016-11-01 00:43:15,ignite,,37,2,5,3,1,1.8455352229841,1.0,36.8,17.2,283,267.0,256.0,done,1006.0,,False,3516.368547171209,4.449854961491225,130.5,0.0371988371675572,1.0,0.0,0.9279840848806368,2.0,0.1488095238095238,21.5,0.0
7b32236051e1d6af31c5e9d575b2cc9ba61e1cb6,ignite,False,2016-11-01 04:31:20,ignite,,4,1,1,1,1,0.0,32.0,0.0,369.0,7,7.0,7.0,done,3913.0,,False,112.58797503894245,4.146376220664177,4.0,0.0355277728249083,0.0,0.0,0.5,1.0,0.6666666666666666,16.0,0.0
2b52efca79a5e991d06253c9086f67bd4f7b88c6,ignite,False,2016-11-03 01:13:19,ignite,,8,13,1,1,1,0.0,32.0,0.0,373.0,11,11.0,11.0,done,3982.0,,False,1349.4352137910976,4.819458881942679,45.25,0.0389400089485804,0.75,1.0,0.4875565610859728,1.0,0.3346381578947368,23.75,0.0
d6a651e55c3e37fc66b788645c881c14a2611db4,ignite,False,2016-11-03 21:23:20,ignite,,1,1,1,1,1,0.0,16.0,17.0,106.0,203,203.0,165.0,done,936.0,,False,96.0,4.325345500383651,4.0,0.0416666666666666,1.0,0.0,1.0,0.0,0.5,13.0,0.0
45bb1ac95a9385f9a03388427cd1df25e9993c42,ignite,False,2016-11-04 22:36:05,ignite,,1,9,1,1,1,0.0,1.0,164.0,2.0,2959,1594.16666666661,2144.0,done,1234.0,,False,148.87775395227274,4.309238579146154,5.0,0.0335921756129875,2.0,0.0,0.3095238095238095,0.0,0.5,12.5,0.0
c5b1ba759e62a87ffb0d9a7b7d6aef9a88cd21c7,ignite,False,2016-11-06 20:28:00,ignite,,24,3,1,1,1,0.0,32.0,0.0,376.0,14,14.0,14.0,done,4107.0,,False,1691.0142409702205,5.138152238687694,50.333333333333336,0.0327884546171069,1.0,1.3333333333333333,0.7181267806267807,1.3333333333333333,0.4183333333333333,24.0,0.0
474f22fda4c7cf4d7b2623c451cd7c10f0d8c636,ignite,False,2016-11-07 18:55:20,ignite,,132,2,6,6,1,1.6229820134588602,1.5,32.1666666666667,21.0,289,268.0,262.0,done,1512.0,,False,298.78191844869895,4.551137851954598,19.0,0.0635915322408049,0.0,0.0,1.0,1.0,0.5,14.0,0.0
e523c4463a0b78c0d94f1cf779b740355c0e3abb,ignite,False,2016-11-08 00:38:59,ignite,,19,18,2,1,1,0.9090221560878148,12.5,3.0,155.5,2896,1602.83333333329,2087.0,done,2921.0,,False,93.62631828483936,4.03623530658823,4.666666666666667,0.0840888038369297,0.3333333333333333,0.0,0.1111111111111111,3.3333333333333335,0.1111111111111111,11.666666666666666,0.0
7f3f1d67cf23b15dc51e55d01c4969614d4f0668,ignite,False,2016-11-09 03:43:47,ignite,,2,1,1,1,1,0.0,32.0,0.0,382.0,27,27.0,26.0,done,4183.0,,False,377.4045251052888,4.858136679855117,16.0,0.0423948281900867,1.0,0.0,0.9090909090909092,1.0,0.3333333333333333,26.0,0.0
703957dd2fba4527a9070ba31cefc38a5f24e490,ignite,False,2016-11-09 17:24:04,ignite,,2,2,1,1,1,0.0,1.0,34.0,1.0,892,637.0,624.0,done,90.0,,False,305.88800924982536,4.9599106038578356,11.0,0.0359662493297105,0.0,0.0,0.625,0.0,0.4222222222222222,20.5,0.0
678b4d26ae0812d8d61cdc5f4544b9a9cfce9957,ignite,False,2016-11-09 23:06:13,ignite,,2,2,1,1,1,0.0,4.0,1.0,32.0,205,205.0,167.0,done,1218.0,,False,1572.5100860035752,5.491179855899172,59.0,0.0375196321633423,1.0,0.0,0.6,2.0,0.35,33.0,0.0
39defc8af26a985e0f92199c2abad0ec9dbea351,ignite,False,2016-11-10 02:09:50,ignite,,23,10,2,2,1,0.329846070207146,16.5,0.5,221.5,29,29.0,28.0,done,4218.0,,False,1642.6988643891766,5.073117195129709,49.666666666666664,0.0284752843249441,0.6666666666666666,0.6666666666666666,0.6461871461871461,0.6666666666666666,0.5333333333333333,23.333333333333332,0.0
d69e26dd8d4fd9383a149c93c251911a8dd67528,ignite,True,2016-11-11 18:22:55,ignite,149.0,509,11,12,7,1,2.9183622017350204,0.583333333333333,14.25,18.3333333333333,302,279.0,275.0,done,1008.0,2017-04-10 09:34:12,False,1461.7755474298458,4.614029889177325,57.625,0.0463573125297624,0.875,0.25,0.9258055728518058,1.625,0.0875714869281045,17.0,0.0
a2a3bedce1a232c0c1db6f5e2b737ab47be250b0,ignite,False,2016-11-14 15:44:48,ignite,,11,7,1,1,1,0.0,1.0,440.0,1.0,2964,1591.33333333327,2149.0,done,50.0,,False,330.68508468127203,4.779314905950949,8.0,0.0241922008901935,0.0,0.0,0.6,0.0,0.5714285714285714,21.0,0.0
3aae5cb1d9d547f1d36783f902fdab3e9d5da570,ignite,False,2016-11-14 19:38:33,ignite,,41,11,4,4,1,1.48119543144154,0.5,92.25,6.0,305,281.5,277.0,done,490.0,,False,59.472128014234755,4.287118349976501,3.5,0.0598330439758066,0.0,0.0,0.5,1.0,0.5,15.0,0.0
6e36a7950db84913ddfd0d98f5a0b50923d2a29c,ignite,True,2016-11-15 18:42:29,ignite,145.0,51,16,5,3,1,1.8445575135833097,4.4,31.0,26.2,61,61.0,57.0,done,2965.0,2017-04-10 13:34:35,False,1740.8774948282487,5.344662877948829,65.2,0.04525081206556,1.0,8.2,0.8395980595980597,4.2,0.3712626262626263,26.2,0.0
e7a65ee6286617bfd897595be384576431294cca,ignite,False,2016-11-15 21:48:16,ignite,,2,2,1,1,1,0.0,19.0,48.0,206.0,34,34.0,33.0,done,6239.0,,False,728.4513239041072,5.166839982060479,23.0,0.0315738323828315,2.0,0.0,0.4736842105263157,0.0,0.2222222222222222,22.0,0.0
f1e6257c5e179386bc29b767bd68b6b9a4e0669d,ignite,False,2016-11-16 19:57:21,ignite,,52,14,13,4,1,2.65942031727026,0.4615384615384621,3.69230769230769,1.38461538461538,31,24.5,22.0,done,1773.0,,False,581.182477813423,4.524149167587394,20.5,0.0350129989424052,0.0,0.0,0.763888888888889,0.5,0.4679487179487179,18.25,0.0
8298372048deab4f429d464faf3c9c5fc402166d,ignite,False,2016-11-16 19:58:50,ignite,,24,3,2,2,1,0.7642045065086199,4.0,20.5,77.5,1524,898.000000000021,1097.0,done,5031.0,,False,830.6950328646832,5.0681239207666895,44.0,0.0541494533200786,1.0,0.75,0.4195075757575757,3.5,0.3076776165011459,21.75,0.0
f3b9ded502fdd4f268df19296cb286e0dd378e82,ignite,False,2016-11-17 11:39:15,ignite,,6,4,2,1,1,1.0,2.0,10.5,2.5,30,29.5,26.0,done,391.0,,False,272.04693572714405,4.91697711191909,11.0,0.0404341992332996,2.0,0.0,0.6666666666666666,0.0,0.25,27.0,0.0
7a15a1330b1ed37318bdfdb53e4a156842cfa159,ignite,True,2016-11-17 19:13:42,ignite,795.0,361,115,16,9,1,2.28270127224027,0.5,37.25,12.9375,312,286.0,284.0,done,2956.0,2019-01-22 13:12:08,False,1678.5952487510524,4.685099231013859,69.25,0.0484927337061862,1.0,2.25,0.8285823754789272,2.0,0.3,18.25,0.0
55282fd29b4b240324797dd8a60683d0ea23b5e6,ignite,False,2016-11-17 21:20:47,ignite,,2,2,1,1,1,0.0,32.0,0.0,390.0,36,36.0,35.0,done,4352.0,,False,1428.5699017164802,4.9726382373353895,34.0,0.0238000254374306,0.0,0.0,0.6666666666666666,2.0,0.6111111111111112,17.0,0.0
6bfc6902443b8dc989a28694992e310b3b8aebb4,ignite,False,2016-11-17 23:24:52,ignite,,1,1,1,1,1,0.0,5.0,1.0,34.0,207,207.0,168.0,done,1218.0,,False,882.3964574042762,5.239810472180131,23.0,0.0260653811639934,0.0,0.0,0.5,4.0,0.1333333333333333,26.0,0.0
0abe3047909a10d8efa306984c74f36eb1b41cc3,ignite,False,2016-11-18 03:23:41,ignite,,3,2,1,1,1,0.0,32.0,0.0,391.0,37,37.0,36.0,done,4352.0,,False,1452.0,4.9795385884305965,35.0,0.0241046831955922,0.0,0.0,0.6666666666666666,2.0,0.6111111111111112,17.0,0.0
b547f6f60387e1489bbe850effc1a82e2c98834e,ignite,False,2016-11-18 18:51:00,ignite,,12,7,1,1,1,0.0,32.0,0.0,392.0,38,38.0,37.0,done,4353.0,,False,872.9394913792343,4.864748383759581,24.0,0.0344273089065474,0.0,0.0,0.6190476190476191,2.5,0.5277777777777778,18.0,0.0
3f470482780863d1624ce2a4b1739c8f03ff2afc,ignite,False,2016-11-18 21:19:52,ignite,,58,40,2,2,1,0.407905980138976,12.5,0.0,79.5,209,209.0,170.0,done,3501.0,,False,170.03017203466618,4.376673945148167,9.666666666666666,0.1053463288745017,0.0,0.0,0.6190476190476191,1.6666666666666667,0.5499999999999999,14.666666666666666,0.0
be37fdd9b8ce9ab3b058d42ec4366391cfed546e,ignite,False,2016-11-18 21:36:47,ignite,,1,1,1,1,1,0.0,25.0,0.0,159.0,210,210.0,171.0,done,3220.0,,False,327.8856177582995,5.029652525362851,20.0,0.060996880975557,0.0,0.0,1.0,5.0,0.25,19.0,0.0
2b002edc220e2b0482f2900e9f6e1ca18e4b445a,ignite,False,2016-11-19 01:09:04,ignite,,0,2,1,1,1,0.0,32.0,0.0,393.0,40,40.0,39.0,done,4358.0,,False,192.71802844378476,4.655203063949405,9.0,0.0467003532190309,0.0,0.0,0.5,3.0,0.375,15.0,0.0
cc1f550cf9c2cc1ce7255b6db3456f7fe9ab511e,ignite,False,2016-11-19 01:19:28,ignite,,10,10,1,1,1,0.0,32.0,0.0,394.0,41,41.0,40.0,done,4356.0,,False,1039.516531048311,5.025251231212017,39.0,0.037517440882513,1.0,1.0,0.6296296296296297,3.0,0.2727272727272727,25.0,0.0
c90d0c60312bf40cd9af9c1645bbea3c2fb287c3,ignite,False,2016-11-19 05:48:52,ignite,,21,5,1,1,1,0.0,8.0,0.0,115.0,214,214.0,175.0,done,1528.0,,False,122.1706338276337,4.509593169600516,9.0,0.0743622503278414,0.0,0.0,0.875,1.5,0.45,14.0,0.0
ad063d0a12d14a788eb0cb47db7a124b616da247,ignite,False,2016-11-19 07:23:10,ignite,,9,15,1,1,1,0.0,8.0,0.0,117.0,215,215.0,176.0,done,1544.0,,False,91.09328551562923,4.497830936045807,5.5,0.0606080650541871,0.5,0.0,0.75,1.5,0.25,14.0,0.0
a0db0f41f7c2e20d552f5684437ef2bba3941f18,ignite,False,2016-11-22 03:18:48,ignite,,10,6,4,2,1,1.8802408149441496,9.5,4.75,205.5,42,42.0,41.0,done,12827.0,,False,975.1918462698184,4.972852213811478,31.4,0.039691668262748,1.0,0.4,0.475014761534126,0.4,0.5361111111111111,21.8,0.0
a884db53fc66e2d557595fa8a7de88071cccf56a,ignite,True,2016-11-22 18:00:54,ignite,672.0,15,4,2,2,1,0.9980008838723,2.0,278.0,4.0,17,17.0,17.0,done,1543.0,2018-09-26 08:17:50,True,328.27411308447785,5.044862075538879,10.0,0.0304623471709041,0.0,0.0,0.6,2.0,0.2857142857142857,19.0,0.0
ba99df1554fbd1de2b2367b6ce011a024cd199bd,ignite,False,2016-11-22 19:07:20,ignite,,0,6,1,1,1,0.0,1.0,0.0,2.0,67,67.0,62.0,done,129.0,,False,77.70923408096293,3.975005243338388,0.0,0.0,0.0,0.0,0.0,0.0,0.0,16.0,0.0
5ffb8a74d08d998f8258770669ecb240db41964f,ignite,False,2016-11-22 20:39:14,ignite,,0,1,1,1,1,0.0,17.0,10.0,99.0,2969,1592.66666666661,2151.0,done,6498.0,,False,7932.748318888385,5.491569795461176,214.0,0.0269767792191833,1.0,0.0,0.8117647058823529,1.0,0.475,34.0,0.0
b21e83b90de05889b11f9f7cd8f194478951ec0f,ignite,False,2016-11-22 21:05:47,ignite,,51,16,5,3,1,1.8445575135833097,4.4,31.0,26.2,61,61.0,57.0,done,2947.0,,False,1727.8344005446131,5.34367949579476,64.8,0.0452433004698152,1.0,8.2,0.8385470085470086,4.2,0.368015873015873,26.2,0.0
3307edb868c1fb00c4ea7496808be09830d059a1,ignite,False,2016-11-22 22:52:59,ignite,,1,1,1,1,1,0.0,17.0,0.0,112.0,218,218.0,179.0,done,984.0,,False,1673.294263625976,5.036451446209735,40.0,0.0239049406129686,1.0,2.0,0.6774193548387096,0.0,0.4285714285714285,21.0,0.0
b70b2c02bd90e32a8e1c247bbae7690243d08760,ignite,False,2016-11-23 01:51:57,ignite,,4,1,1,1,1,0.0,11.0,0.0,105.0,219,219.0,180.0,done,2036.0,,False,2692.4124525841153,5.168492179131694,71.0,0.0263704024737576,0.0,0.0,0.5714285714285714,2.0,0.5909090909090909,33.0,0.0092592592592592
32e8d2db8c992e1802faffa9cccb3180c40ae11c,ignite,False,2016-11-23 06:25:35,ignite,,0,2,1,1,1,0.0,11.0,0.0,106.0,220,220.0,181.0,done,2039.0,,False,2621.1082066558215,5.177649791260319,70.0,0.0267062610472348,0.0,0.0,0.5833333333333334,2.0,0.5909090909090909,33.0,0.0094339622641509
b038730ee56a662f73e02bbec83eb1712180fa82,ignite,True,2016-11-23 18:05:54,ignite,0.0,34,22,3,3,1,1.21818432597694,1.33333333333333,77.0,5.66666666666667,44,41.0,41.0,done,409.0,2016-11-24 12:49:08,True,743.5672638371029,5.127949318817355,31.0,0.0422060890495605,0.3333333333333333,0.0,0.9649122807017544,2.0,0.3946275946275946,23.333333333333332,0.0
f4524a6a7b86df9cd008dcd22fa5cfa400c3af27,ignite,True,2016-11-23 23:58:41,ignite,391.0,433,83,12,5,1,1.7772655205794998,0.333333333333333,35.8333333333333,5.66666666666667,45,41.5,42.0,done,421.0,2017-12-20 11:30:41,False,1094.6549872718335,5.3544585046055255,43.0,0.0392817833015745,0.0,0.0,0.85,2.0,0.4761904761904761,27.0,0.0
ae37de24d7ab553f9ecd7db1d01efc7d3e4f56eb,ignite,False,2016-11-24 00:34:52,ignite,,5,0,1,1,1,0.0,5.0,40.0,26.0,4,4.0,3.0,done,717.0,,False,539.231742277876,4.988788383599335,17.0,0.0315263339806127,1.0,0.0,0.5714285714285714,0.0,0.3333333333333333,22.0,0.0
9e2651c73aa2fd2534da2a4089dd13813cb200e6,ignite,False,2016-11-24 01:31:33,ignite,,1,1,1,1,1,0.0,11.0,0.0,107.0,221,221.0,182.0,done,2037.0,,False,1491.4283961063331,5.338241178109573,49.0,0.03285440999241,0.0,0.0,0.625,4.0,0.4705882352941176,23.0,0.0
7a47a0185d308cd3a58c7bfcb4d1cd548bff5b87,ignite,False,2016-11-24 17:14:08,ignite,,15,1,2,2,1,0.988699408288497,8.5,161.0,30.0,9,9.0,4.0,done,1539.0,,False,203.5602880225656,4.461127303614009,5.0,0.0245627477175004,0.0,0.0,1.0,0.0,0.5,31.0,0.0
a0c0b8108d918dbb80f9ea5021de17f781cfe7a6,ignite,False,2016-11-24 19:59:01,ignite,,74,78,6,4,1,1.10920048917648,6.66666666666667,88.0,191.166666666667,1529,885.000000000021,1100.0,done,14393.0,,False,913.2501322069808,5.001942025808847,22.071428571428573,0.0218125028276988,0.7142857142857143,0.0714285714285714,0.5382246576528832,1.6428571428571428,0.5862484737484738,23.857142857142858,0.0
fab7283116922b8ba446b7ee4b29cdcbe01a2282,ignite,False,2016-11-24 20:22:49,ignite,,3,3,1,1,1,0.0,32.0,1.0,398.0,44,44.0,43.0,done,4371.0,,False,1754.923759791894,5.354995031060123,55.0,0.0313403928194134,1.0,0.0,0.5405405405405406,1.0,0.391304347826087,24.0,0.0
3993e0ac59c4e200d8761808be215e84d80ba1d1,ignite,False,2016-11-24 21:22:54,ignite,,4,4,1,1,1,0.0,32.0,0.0,399.0,45,45.0,44.0,done,4371.0,,False,2893.335187753289,5.092172318883984,68.5,0.0239776752748469,0.5,1.0,0.7538126361655774,2.0,0.501207729468599,20.5,0.0
871c7f09767740d60081965c8b3832e9f194333c,ignite,False,2016-11-24 22:35:33,ignite,,16,5,1,1,1,0.0,32.0,0.0,400.0,46,46.0,45.0,done,4371.0,,False,1558.9194142610484,4.971029266695044,50.666666666666664,0.0414158738890049,0.6666666666666666,0.6666666666666666,0.7786163522012579,0.3333333333333333,0.6466666666666666,22.333333333333332,0.0
deee3b9f64406e084e65c1f7e48e14270e8ad688,ignite,False,2016-11-25 17:15:17,ignite,,90,25,13,3,1,3.6976345325950497,0.153846153846154,8.0,1.69230769230769,11,11.0,6.0,done,1254.0,,False,11.60964047443681,3.614369445886757,2.0,0.1722706232293572,0.0,0.0,1.0,2.0,0.0,10.0,0.0
7b35ba730edbb91a30a59b1efdc22eceea7298e1,ignite,False,2016-11-25 17:22:05,ignite,,2,2,2,2,1,1.0,9.0,0.5,32.5,12,12.0,7.0,done,1546.0,,False,203.5602880225656,4.461127303614009,5.0,0.0245627477175004,0.0,0.0,1.0,0.0,0.5,31.0,0.0
0822dc2370e75427078875bcd67051eb9cd44779,ignite,False,2016-11-25 18:38:13,ignite,,1,1,1,1,1,0.0,9.0,1.0,20.0,14,14.0,9.0,done,496.0,,False,190.3981037807637,4.724137108896046,15.0,0.0787822972085475,0.0,0.0,1.0,0.0,0.7,18.0,0.0
43ec85f2be5bc4b18f3cff6630d5adef60930fdc,ignite,True,2016-11-25 19:55:50,ignite,930.0,21,19,1,1,1,0.0,1.0,193.0,2.0,16,16.0,10.0,done,161.0,2019-06-14 09:31:17,False,681.7200207275455,4.3918294835409055,17.0,0.0249369234922237,1.0,0.0,0.7272727272727273,0.0,0.3333333333333333,19.0,0.0
30b442e871471ef08fbecf2dfb8423aaf8ff8f78,ignite,False,2016-11-25 22:30:16,ignite,,4,1,1,1,1,0.0,1.0,0.0,2.0,6,6.0,6.0,done,303.0,,False,249.9824559469954,4.836654352877138,15.0,0.0600042108682238,0.0,0.0,0.6666666666666666,1.0,0.7777777777777778,12.0,0.0
2ca709f8efb83c33ebe85d4b45844644a6fee7d4,ignite,False,2016-11-26 01:17:49,ignite,,13,13,4,3,1,1.57340245241777,5.0,1.0,34.75,11,11.0,11.0,done,3910.0,,False,1035.0322224138354,4.758741790504376,28.0,0.0326353431104631,0.25,0.0,0.7298749045072574,0.75,0.1857323232323232,21.25,0.0
1642c00d5c899cbeab2d1ca8e002dc68942a1ac1,ignite,False,2016-11-28 18:57:19,ignite,,12,9,6,4,1,2.20307130606271,2.6666666666666696,28.5,13.5,1535,881.833333333355,1104.0,done,2372.0,,False,1544.2256896784784,3.9303712276331857,3.0,0.0003901612543131,0.4,25.4,0.2,0.2,0.0666666666666666,9.0,0.0
b0127d3c57601c475d186dd3becbc17829a657ce,ignite,False,2016-11-28 19:24:41,ignite,,74,85,2,2,1,0.4709860926471871,0.5,3.5,1.5,12,12.0,12.0,done,1516.0,,False,2476.5173571310183,5.674286728211347,85.5,0.0345229121132214,1.5,2.5,0.7635281385281385,2.0,0.1535294117647059,25.0,0.0
24594d3c02d16090d0f11473b681d0f715df55ed,ignite,False,2016-11-28 19:28:26,ignite,,6,9,5,5,1,2.25656476213095,1.4,60.4,4.0,168,156.5,99.0,done,641.0,,False,685.2678808027972,4.809509453607051,26.0,0.0379413667681911,0.0,0.0,0.7272727272727273,2.0,0.4,25.0,0.0
ae93caade2750719966d6b2a3ce0b52f3f09e96d,ignite,False,2016-11-28 20:21:51,ignite,,3,2,1,1,1,0.0,13.0,0.0,40.0,1537,883.833333333355,1106.0,done,359.0,,False,406.6827590015114,4.667453506348462,17.5,0.0439458081664848,0.5,0.0,0.6666666666666667,1.0,0.5119047619047619,16.5,0.0
d0e0eaacce25d76199c20db2ad6ada615160fb4f,ignite,False,2016-11-29 17:49:24,ignite,,2,1,1,1,1,0.0,2.0,0.0,4.0,7,7.0,7.0,done,306.0,,False,259.5971657911106,4.803133313135068,16.0,0.0616339548671139,0.0,0.0,0.6666666666666666,1.0,0.7777777777777778,12.0,0.0
699398afd0ffd791c078ec69ff63aeac29f48cbc,ignite,False,2016-11-29 19:35:30,ignite,,13,20,2,2,1,0.8849636363831529,17.5,0.0,240.5,50,50.0,49.0,done,6595.0,,False,946.044526447414,4.897672014948746,27.142857142857142,0.0326926804219478,0.2857142857142857,0.0,0.7297267940411486,1.0,0.5853174603174605,19.428571428571427,0.0
e9ace7730773a6d4a1d30b271854f1fe8a7ba632,ignite,False,2016-12-02 18:06:41,ignite,,6,6,2,2,1,0.91829583405449,6.0,51.0,10.5,170,158.5,101.0,done,462.0,,False,415.1199249534063,5.204078551963954,14.333333333333334,0.0343110936516884,0.0,0.0,0.7714285714285714,2.0,0.437037037037037,20.666666666666668,0.0
af24a9e2c3b61dff7c9116f1a3bea8c398b7ce78,ignite,False,2016-12-02 18:35:13,ignite,,4,5,1,1,1,0.0,3.0,7.0,10.0,50,46.5,47.0,done,525.0,,False,1094.6549872718335,5.3544585046055255,42.0,0.0383682534573518,0.0,0.0,0.85,2.0,0.4761904761904761,23.0,0.0
b2692adace32b7308ce53d5f93bd56c506eeed36,ignite,False,2016-12-02 18:48:08,ignite,,18,2,1,1,1,0.0,1.0,3.0,3.0,15,15.0,14.0,done,1003.0,,False,570.8105955034493,4.604425098133058,21.8,0.057754226626869,0.4,0.6,0.5696969696969697,2.0,0.165126050420168,18.6,0.0
27753f9d5a7fd3c81ee852eedf3ed27248028d4c,ignite,False,2016-12-05 20:57:25,ignite,,17,2,2,2,1,0.9980008838723,2.0,376.0,2.5,22,22.0,12.0,done,612.0,,False,393.0790765418854,5.205340296036438,13.5,0.0334856286826486,0.5,0.0,0.6785714285714286,4.0,0.4821428571428571,20.5,0.0
1eb73d952f740305ec37e37efa0c5333fc2dd032,ignite,True,2016-12-06 01:37:54,ignite,807.0,16,6,3,2,1,1.11807820934971,10.3333333333333,7.33333333333333,129.333333333333,225,225.0,185.0,done,7010.0,2019-02-21 08:43:59,False,729.1762390128584,5.0798195165602245,36.0,0.0512857649259803,0.0,0.0,0.614102564102564,7.333333333333333,0.2833333333333334,29.0,0.0
806e41d14a81d7f3cc51384071a4d6c3428ef899,ignite,False,2016-12-06 01:50:49,ignite,,13,1,1,1,1,0.0,32.0,0.0,413.0,57,57.0,56.0,done,4931.0,,False,1966.1196375099696,5.234413741768452,70.0,0.0356031233626519,1.0,0.0,0.8157894736842105,2.0,0.52,26.0,0.0
e657456e13698bcb3784bf3ee77e1f85785d8968,ignite,False,2016-12-06 01:56:27,ignite,,2,2,2,2,1,1.0,9.0,0.5,32.5,12,12.0,7.0,done,1546.0,,False,203.5602880225656,4.461127303614009,5.0,0.0245627477175004,0.0,0.0,1.0,0.0,0.5,31.0,0.0
dda12750387de278b2ca91aa6d466d28f78e9293,ignite,False,2016-12-06 01:56:27,ignite,,15,1,2,2,1,0.988699408288497,8.5,161.0,30.0,9,9.0,4.0,done,1539.0,,False,203.5602880225656,4.461127303614009,5.0,0.0245627477175004,0.0,0.0,1.0,0.0,0.5,31.0,0.0
14c68dadbaa4558fb2bde3823bb45d32919897ce,ignite,False,2016-12-06 19:12:23,ignite,,11,11,4,3,1,1.27761343681912,4.25,0.0,19.0,36,36.0,24.0,done,1552.0,,False,1929.5514718422212,3.9869851302861457,3.75,0.000487379731566,0.5,31.75,0.25,0.25,0.0833333333333333,9.25,0.0
d998ec234ae45d9730a36092b3dcda89a97fbac7,ignite,False,2016-12-07 18:49:18,ignite,,2,1,1,1,1,0.0,8.0,33.0,25.0,2981,1542.66666666659,2162.0,done,190.0,,False,1742.9071072444544,3.775923606076478,67.0,0.038441520905797,0.0,0.0,1.0,0.0,0.0,13.0,0.0
a7c4482876661ccda7e183f20b5b4632221e455f,ignite,False,2016-12-07 19:20:59,ignite,,5,5,1,1,1,0.0,32.0,0.0,417.0,61,61.0,60.0,done,4930.0,,False,777.1994578712822,4.789725301340911,28.25,0.0399622354795462,0.25,0.0,0.7765567765567765,2.0,0.4346153846153846,17.5,0.0197368421052631
0d4a1b7381fece47ee480f3a06bff7c51a7fead4,ignite,False,2016-12-07 20:02:49,ignite,,1,1,1,1,1,0.0,3.0,93.0,16.0,172,159.5,103.0,done,274.0,,False,2090.6784055840635,5.579121704150511,76.0,0.0363518367038225,1.0,0.0,0.7142857142857143,1.0,0.2903225806451613,35.0,0.0
b75c1ca32ec41715a69b59bceeb65c9e9cdd7050,ignite,False,2016-12-08 22:15:42,ignite,,4,11,1,1,1,0.0,8.0,2.0,125.0,230,230.0,188.0,done,1548.0,,False,988.7175901342054,4.8806384545374035,51.0,0.0515819689149835,0.0,0.0,0.95,5.0,0.4285714285714285,33.0,0.0
9dc67c10e57b32fee4324819705fae0f4a72b98c,ignite,False,2016-12-09 19:40:34,ignite,,1,1,1,1,1,0.0,6.0,15.0,27.0,1543,880.833333333356,1111.0,done,722.0,,False,72.0,4.253055907333275,7.0,0.0972222222222222,0.0,0.0,1.0,1.0,0.5714285714285714,12.0,0.0
b83ec8e57c7c48f2baa4780cf3b2e46df075f3df,ignite,False,2016-12-09 20:32:42,ignite,,15,7,1,1,1,0.0,11.0,0.0,17.0,2987,1540.49999999992,2167.0,done,432.0,,False,1395.9925961275628,5.398012053791919,43.0,0.0308024556285474,0.0,0.0,0.76,4.0,0.125,21.0,0.0
a44dc7d7a94b780aa21579a4489454d3011bb25b,ignite,False,2016-12-09 21:32:23,ignite,,10,5,1,1,1,0.0,10.0,95.0,47.0,1544,881.833333333356,1112.0,done,352.0,,False,1079.7638759014835,5.167949786183172,32.0,0.0296361090736468,0.0,0.0,0.7,3.0,0.125,21.0,0.0
a0c393ca8d02f303498d46e3718352f8eaba2e91,ignite,False,2016-12-09 22:41:23,ignite,,0,2,1,1,1,0.0,32.0,0.0,421.0,65,65.0,64.0,done,3908.0,,False,3813.573452930692,5.091631117028365,97.0,0.0254354613061029,1.0,1.0,0.8125,2.0,0.3333333333333333,24.0,0.0
eb6fdbf46089442065d61e44eeea8758e23424e4,ignite,False,2016-12-12 23:59:58,ignite,,3,3,3,3,1,1.58496250072116,8.66666666666667,14.333333333333302,50.3333333333333,67,67.0,56.0,done,4586.0,,False,469.8676674844288,4.9344120578013815,17.5,0.0369944074629273,0.0,0.0,0.7067307692307692,0.5,0.575,18.5,0.0
59da0ced40a8405d70b7eef0b4efa40433dcce1e,ignite,False,2016-12-13 00:55:24,ignite,,3,6,2,2,1,0.991076059838222,7.5,5.5,86.0,69,69.0,57.0,done,2634.0,,False,681.7349620852041,4.896930773091541,31.5,0.0433336284220871,0.5,0.0,0.85,3.0,0.4833333333333333,28.5,0.0
5b7ca4640474956f43ff80d88510f5b4d85926df,ignite,True,2016-12-13 20:04:10,ignite,483.0,34,11,5,3,1,2.16323740790385,3.4,1.8,50.4,68,68.0,67.0,done,3380.0,2018-04-11 12:32:52,False,978.7364859124368,4.997111375851449,23.0,0.0308747221244334,0.5,0.125,0.6460428639846743,1.0,0.2970577485380117,22.375,0.0
33e027db0de8998416555483c69ceae4ff5e4a5c,ignite,False,2016-12-15 18:13:10,ignite,,4,4,3,3,1,1.5,1.6666666666666698,0.0,6.33333333333333,52,52.0,37.0,done,967.0,,False,506.42558499443294,4.772053579379017,12.5,0.0299346542478987,0.0,0.0,0.5,0.0,0.5,25.5,0.0
b0c56038dd2a74581d344d0355ac523cb4589980,ignite,False,2016-12-15 18:29:51,ignite,,1,1,1,1,1,0.0,2.0,0.0,5.0,54,54.0,39.0,done,498.0,,False,191.1567381049613,4.232584378096454,3.0,0.0156939275577758,0.0,0.0,1.0,1.0,0.0,10.0,0.0
ae903c59c10bb9fad58842221f3e720d1b4d54b8,ignite,False,2016-12-15 19:44:58,ignite,,17,2,2,2,1,0.9980008838723,2.0,376.0,2.5,22,22.0,12.0,done,612.0,,False,393.0790765418854,5.205340296036438,13.5,0.0334856286826486,0.5,0.0,0.6785714285714286,4.0,0.4821428571428571,20.5,0.0
e857f297bb22bde984b5e99c1fc62a389fa54f9b,ignite,False,2016-12-15 19:46:06,ignite,,11,11,4,3,1,1.27761343681912,4.25,0.0,19.0,36,36.0,24.0,done,1552.0,,False,1929.5514718422212,3.9869851302861457,3.75,0.000487379731566,0.5,31.75,0.25,0.25,0.0833333333333333,9.25,0.0
f8ac0f14986169ee25159734d0a97b08976c5751,ignite,False,2016-12-15 19:46:46,ignite,,4,4,3,3,1,1.5,1.6666666666666698,0.0,6.33333333333333,52,52.0,37.0,done,967.0,,False,506.42558499443294,4.772053579379017,12.5,0.0299346542478987,0.0,0.0,0.5,0.0,0.5,25.5,0.0
57eb47f9c057d15739987500a8b3894d1d739d29,ignite,False,2016-12-15 19:46:56,ignite,,1,1,1,1,1,0.0,2.0,0.0,5.0,54,54.0,39.0,done,498.0,,False,191.1567381049613,4.232584378096454,3.0,0.0156939275577758,0.0,0.0,1.0,1.0,0.0,10.0,0.0
c27fff5c9e6f27579cb115311cfa0878efea6c7d,ignite,False,2016-12-16 01:13:09,ignite,,88,34,3,1,1,1.47877726911008,5.66666666666667,3.6666666666666696,94.3333333333333,79,79.0,74.0,done,2839.0,,False,702.6849497029991,4.507556289830684,25.071428571428573,0.0488789064106614,0.7142857142857143,0.1428571428571428,0.5814526611559956,1.3571428571428572,0.4210841003067894,17.571428571428573,0.0
7a44f1ebccf4fe0f26f54e070bbacbf24fbee3d7,ignite,False,2016-12-17 00:56:24,ignite,,14,2,1,1,1,0.0,12.0,165.0,76.0,237,237.0,194.0,done,1016.0,,False,2820.8100963880947,5.750546112323979,96.0,0.0340327766562248,1.0,3.0,0.64,5.0,0.3513513513513513,28.0,0.0
acfea5a51164e52978c425464be4f3674b51dc09,ignite,False,2016-12-17 01:24:07,ignite,,16,13,2,2,1,0.362051251733998,16.5,0.5,319.5,81,81.0,75.0,done,6108.0,,False,1283.1684157568595,4.570308083419585,41.5,0.0354893699985572,0.5,0.5,0.8703703703703703,0.5,0.494047619047619,17.5,0.0
180de8eae51cab500a3cf3e06d6de93b1e802c3e,ignite,False,2016-12-17 04:17:33,ignite,,11,8,1,1,1,0.0,3.0,7.0,8.0,72,72.0,59.0,done,331.0,,False,906.496508667685,5.2943652584105765,58.5,0.0665048739021819,0.5,0.0,0.6623931623931625,4.5,0.3230994152046783,25.0,0.0
1e97d78c9e5423656ed690b6fefd3b8c96330fb9,ignite,False,2016-12-19 17:06:24,ignite,,140,132,4,2,1,1.50771528318898,7.0,188.5,26.5,58,58.0,41.0,done,452.0,,False,619.2165304424117,4.116263149184176,28.75,0.0411168246516655,0.25,0.0,0.6136363636363636,0.0,0.0714285714285714,13.0,0.0
53e2cd2014a2e12d0c8fa555d38580819a598fd2,ignite,False,2016-12-19 21:20:55,ignite,,9,8,5,4,1,2.1162996057017,1.8,46.4,42.6,3002,1528.66666666658,2180.0,done,2658.0,,False,105.2386965967671,4.157636170381308,7.0,0.0877887010387216,0.0,0.0,1.0,1.3333333333333333,0.5962962962962962,16.0,0.0
b26ca40714e7f67ff5b1ad46f376896bf82deb8c,ignite,False,2016-12-19 22:03:19,ignite,,18,2,2,2,1,0.934068055375491,8.5,2.5,109.0,83,83.0,76.0,done,2957.0,,False,918.039287977928,4.841954849235944,26.5,0.0291109096342721,1.0,0.5,0.6568627450980392,1.0,0.4861111111111111,28.0,0.0
ef03eef463af6122b3f2eba35923ae29e419c3fb,ignite,False,2016-12-20 00:02:19,ignite,,17,14,2,2,1,0.5547781633412739,16.0,28.5,219.5,84,84.0,77.0,done,4057.0,,False,2463.538248618164,5.235287739283776,79.0,0.032067697769382,1.0,1.0,0.7407407407407407,1.0,0.4166666666666667,28.0,0.0
ad29cc92333525227c398c2f783d0947069da376,ignite,False,2016-12-20 01:27:54,ignite,,1,9,2,2,1,0.970950594454669,8.5,0.0,110.0,85,85.0,78.0,done,2973.0,,False,799.1059319405696,5.064676499288298,30.0,0.037541956330054,1.0,0.0,0.8888888888888888,1.0,0.625,18.0,0.0
a290fddee1333f2a6ec0ec2dfb530f452c63b3ea,ignite,False,2016-12-20 02:19:14,ignite,,3,15,2,2,1,0.7642045065086199,8.5,0.0,111.0,86,86.0,79.0,done,2965.0,,False,522.8802354061414,4.8377455847551705,18.333333333333332,0.0390030039084327,0.6666666666666666,0.3333333333333333,0.7777777777777777,1.3333333333333333,0.4484126984126984,22.666666666666668,0.0
3f83c0819f0530632c82ccadee34352de16d5617,ignite,False,2016-12-20 04:24:18,ignite,,0,3,1,1,1,0.0,9.0,4.0,34.0,239,239.0,195.0,done,930.0,,False,97.70233280920246,4.665771032298546,4.0,0.0409406805855023,0.0,0.0,0.0,1.0,0.25,13.0,0.0
c0f1a219e0e423cb65f25a3968318495d29ab86f,ignite,False,2016-12-20 18:35:51,ignite,,2,0,1,1,1,0.0,31.0,3.0,448.0,3005,1531.16666666658,2182.0,done,6832.0,,False,260.0652015672515,4.896253193796928,11.0,0.0422970852451993,0.0,0.0,0.5,1.0,0.625,24.0,0.0
e82eefe7a7d7f541e6d2fc4b166843b87ec9ef87,ignite,False,2016-12-20 19:21:28,ignite,,2,0,1,1,1,0.0,31.0,3.0,448.0,3005,1531.16666666658,2182.0,done,6833.0,,False,260.0652015672515,4.896253193796928,11.0,0.0422970852451993,0.0,0.0,0.5,1.0,0.625,24.0,0.0
126ab60fe6fa0f47e19a26dafecc7feb7c57b60b,ignite,False,2016-12-20 21:15:04,ignite,,2,1,1,1,1,0.0,31.0,0.0,450.0,3007,1533.16666666658,2184.0,done,6834.0,,False,230.6238579936004,5.203904502739473,2.0,0.0086721296634257,0.0,0.0,0.4,2.0,0.0,15.0,0.0
800579c9ca193f7660e35f241c255904c573eef1,ignite,False,2016-12-20 21:18:28,ignite,,2,1,1,1,1,0.0,31.0,0.0,450.0,3007,1533.16666666658,2184.0,done,6835.0,,False,230.6238579936004,5.203904502739473,2.0,0.0086721296634257,0.0,0.0,0.4,2.0,0.0,15.0,0.0
e8fd1657de7847922feec3d3e58250ad116e4e47,ignite,False,2016-12-20 21:27:04,ignite,,0,2,1,1,1,0.0,27.0,10.0,167.0,3009,1535.16666666658,2186.0,done,3156.0,,False,879.582932616377,5.599317860843441,29.0,0.032970171344432,0.0,0.0,0.6111111111111112,7.0,0.2631578947368421,20.0,0.0
1ac93f0c94cfd5546a9446035e6f5f3975e43a8c,ignite,False,2016-12-20 21:42:17,ignite,,48,30,3,3,1,1.35726638202866,11.0,0.0,218.0,87,87.0,80.0,done,7009.0,,False,894.3188682239692,4.8550283864795105,30.833333333333332,0.0365067364027682,0.5,0.3333333333333333,0.7458689458689459,1.1666666666666667,0.4757575757575756,21.833333333333332,0.0
cbb9b9edbf1674f0ded47237e31dd2dfaeb281a0,ignite,False,2016-12-20 22:39:28,ignite,,10,1,2,2,1,0.845350936622437,6.0,2.5,61.5,88,88.0,81.0,done,2981.0,,False,620.1238034464479,4.878035799184872,29.5,0.0542406235778743,0.0,0.0,0.3809523809523809,2.0,0.5875,18.5,0.0
854d1a5d9ccf4d24bd3cdcbb1a60a52c78ef5c88,ignite,False,2016-12-21 19:08:30,ignite,,7,4,3,3,1,1.49491884823395,2.0,73.3333333333333,12.0,59,59.0,42.0,done,435.0,,False,74.00879436282185,4.260828171224455,6.0,0.0810714463281959,0.0,0.0,0.0,2.0,0.4,11.0,0.0
072b9c26dda4eb7a39d095d33c08d1611c891444,ignite,False,2016-12-21 19:09:25,ignite,,7,4,3,3,1,1.49491884823395,2.0,73.3333333333333,12.0,59,59.0,42.0,done,435.0,,False,74.00879436282185,4.260828171224455,6.0,0.0810714463281959,0.0,0.0,0.0,2.0,0.4,11.0,0.0
ce46c10ea767254a60b80abecf45be8a2d9921b4,ignite,False,2016-12-21 19:09:26,ignite,,1,1,1,1,1,0.0,22.0,12.0,148.0,3010,1534.49999999992,2187.0,done,4479.0,,False,1824.4253082991409,4.922193096160154,62.0,0.033983304067296,0.0,0.0,0.4166666666666667,1.0,0.8620689655172413,15.0,0.0
691c3b771b761fe0e82bf7877a3afc7add59196b,ignite,False,2016-12-22 22:15:02,ignite,,6,1,1,1,1,0.0,32.0,0.0,433.0,90,90.0,83.0,done,4108.0,,False,3045.938752663357,5.37605791288078,95.0,0.0311890709939365,2.0,2.0,0.7096774193548387,1.0,0.3225806451612903,28.0,0.0
842c1b7b8f2063b99cdd4b7740510c2e0b2e2553,ignite,False,2016-12-22 22:33:04,ignite,,12,14,1,1,1,0.0,32.0,0.0,434.0,91,91.0,84.0,done,4113.0,,False,3069.6588000153815,5.306738457632535,96.0,0.0312738340819894,2.0,2.0,0.7272727272727273,1.0,0.3448275862068966,28.0,0.0
88a7eda47281e538a7c56b33c7882da7413c935e,ignite,False,2016-12-22 23:36:21,ignite,,3,23,1,1,1,0.0,18.0,0.0,139.0,253,253.0,205.0,done,2048.0,,False,737.2193004858219,4.991557197508586,26.5,0.0376006727592498,0.5,0.0,0.6875,3.0,0.2541666666666666,20.5,0.0
c1fd8aa561406aedebb549819691cf66e815dc4a,ignite,False,2016-12-23 00:04:41,ignite,,3,3,3,2,1,1.58496250072116,1.6666666666666698,12.333333333333302,4.66666666666667,256,256.0,207.0,done,1179.0,,False,6.91829583405449,3.6619473123344473,0.0,0.0,0.0,0.0,0.0,0.0,0.0,8.0,0.0
6d45ace3faad9b491c11b64a01f1f9d093201b8a,ignite,False,2016-12-23 18:28:04,ignite,,11,7,2,2,1,0.91829583405449,10.0,0.0,50.0,92,92.0,85.0,done,2925.0,,False,501.71780214532873,4.790723408266038,17.5,0.0310061076557484,0.5,0.0,0.7301587301587301,1.0,0.7125,16.5,0.0
8cffe90010e1f0dbb0b93c33fe6a08bd27fa9477,ignite,True,2016-12-23 19:51:39,ignite,367.0,271,210,8,3,1,2.42207909164659,0.625,74.0,6.375,33,32.5,32.0,done,615.0,2017-12-26 09:28:22,True,340.33348429784115,4.602827850066124,15.0,0.0504029334723227,0.6666666666666666,1.0,0.9285714285714284,1.0,0.626984126984127,18.0,0.0
8ba772f6bef6c85bf733d40266ed8d3fc5bef9d3,ignite,False,2016-12-24 00:07:11,ignite,,5,3,1,1,1,0.0,1.0,0.0,1.0,76,76.0,63.0,done,142.0,,False,20.609640474436812,3.785593300638251,3.5,0.1528089986991943,0.0,0.0,0.0,0.5,0.5,12.5,0.0
cb5633317c9071369ddde1c568e4479a7ccc0557,ignite,False,2016-12-26 22:26:30,ignite,,5,1,1,1,1,0.0,32.0,3.0,435.0,94,94.0,86.0,done,4111.0,,False,3035.245584768572,5.3194114541239905,96.0,0.0316284126996991,2.0,2.0,0.7272727272727273,1.0,0.3448275862068966,28.0,0.0
e8f6a540a95728c04da921b84b8c7376c35e47a2,ignite,False,2016-12-27 01:37:43,ignite,,7,28,1,1,1,0.0,32.0,0.0,436.0,95,95.0,87.0,done,4115.0,,False,1895.7083215785256,5.012776329074528,64.5,0.0386828868728347,1.0,1.0,0.7525252525252526,1.5,0.445141065830721,26.0,0.0
721f255eb2de1d8207e35328e2dec6514c22500d,ignite,False,2016-12-29 00:58:38,ignite,,10,15,1,1,1,0.0,18.0,13.0,118.0,258,257.5,208.0,done,990.0,,False,241.74744503336743,4.567666659716991,10.666666666666666,0.0454058409257549,0.6666666666666666,0.0,0.8277777777777778,0.6666666666666666,0.6555555555555556,14.333333333333334,0.0
bed897dc01960dcbb7219ad948973e0f27bfa564,ignite,False,2016-12-29 01:31:51,ignite,,19,2,2,1,1,0.453716339186945,3.0,92.0,16.5,259,258.5,209.0,done,1264.0,,False,1742.6099550102388,5.345445279869413,40.0,0.0202038315482992,0.0,0.0,0.6282467532467533,0.5,0.6634615384615384,23.0,0.0
1f743465d6875ef48b1835d03a78a0dbaf339bf6,ignite,False,2016-12-29 17:14:10,ignite,,2,2,2,2,1,1.0,2.5,7.0,18.5,75,75.0,70.0,done,1082.0,,False,1020.0,5.371079679691985,38.0,0.0372549019607843,1.0,0.0,0.75,8.0,0.2307692307692307,23.0,0.0
1ffd04aaedf09afa588a37479b6d74ced910137b,ignite,False,2016-12-29 20:19:50,ignite,,3,4,1,1,1,0.0,1.0,50.0,1.0,1550,870.666666666691,1115.0,done,322.0,,False,11.60964047443681,3.8365916681089782,0.0,0.0,0.0,0.0,0.0,0.0,0.0,10.0,0.0
8852c80a0c6b52531ae6a287344f1ab776e3b32f,ignite,False,2016-12-29 22:52:59,ignite,,23,15,2,2,1,0.29747224891929,5.5,28.5,24.5,1551,871.666666666691,1116.0,done,1815.0,,False,448.0433907573952,4.782192348626203,13.666666666666666,0.0338744296774058,0.0,0.0,0.6666666666666666,2.0,0.5138888888888888,19.666666666666668,0.0
d139e6476d5ef6de3b79d2f33081821b50b2a969,ignite,False,2016-12-30 18:11:22,ignite,,4,5,2,2,1,0.7642045065086199,3.0,165.5,10.5,3019,1529.99999999991,2195.0,done,176.0,,False,584.2478863654462,5.178254627713342,19.0,0.0325204428520868,1.0,0.0,0.5454545454545454,0.0,0.5,25.0,0.0
f167a58eed911946df617c42d84878eb429175f0,ignite,False,2016-12-30 20:55:55,ignite,,9,10,3,3,1,1.08698770233991,6.66666666666667,46.6666666666667,71.3333333333333,3022,1532.99999999991,2198.0,done,3636.0,,False,4051.0995540394174,5.127043414833072,103.33333333333331,0.0254164671908276,0.6666666666666666,1.0,0.5755037488284911,0.6666666666666666,0.3984848484848484,31.333333333333332,0.0031746031746031
a940fc3adbe36917ac80c06580a25ca0d0ba92c8,ignite,False,2016-12-30 21:08:18,ignite,,25,22,1,1,1,0.0,1.0,283.0,1.0,3024,1534.99999999991,2200.0,done,466.0,,False,508.0101087359031,4.792044801587394,9.833333333333334,0.0501180102238286,0.6666666666666666,0.0,0.3589181286549707,1.8333333333333333,0.174074074074074,19.833333333333332,0.0
7b6e6444d95445d88755804310417d5d5304599f,ignite,False,2016-12-31 01:59:36,ignite,,8,2,1,1,1,0.0,8.0,49.0,37.0,1552,872.666666666691,1117.0,done,811.0,,False,633.361629895663,5.134236914518398,15.5,0.0270542567027491,2.0,0.0,0.6122994652406417,0.0,0.3051948051948052,19.5,0.0
aa54b185c31600e4ac0934f5bad2fd431ea3d51f,ignite,False,2016-12-31 01:59:54,ignite,,2,3,1,1,1,0.0,3.0,8.0,4.0,1553,873.666666666691,1118.0,done,142.0,,False,151.30376252379816,4.60913153059844,6.0,0.0396553258155511,2.0,0.0,0.6666666666666666,0.0,0.6666666666666666,12.0,0.0
f8a152ef931e4334bfa44fca30c5d32151a8b470,ignite,False,2016-12-31 04:03:37,ignite,,2,0,1,1,1,0.0,17.0,0.0,223.0,1554,874.666666666691,1119.0,done,2066.0,,False,2066.1286628996145,5.467097711524625,1.0,0.0004839969639628,0.0,0.0,0.6190476190476191,1.0,0.5,27.0,0.0
1776e9eb04895bbb870f7c6aa89ca96db2af31b7,ignite,False,2017-01-05 18:39:00,ignite,,2,2,2,2,1,1.0,2.5,7.0,18.5,75,75.0,70.0,done,1082.0,,False,1020.0,5.371079679691985,38.0,0.0372549019607843,1.0,0.0,0.75,8.0,0.2307692307692307,23.0,0.0
0e8cb00985c458faa24bbb60a379b491bd080042,ignite,False,2017-01-09 17:22:15,ignite,,36,8,2,2,1,0.4394969869215129,9.5,253.5,60.5,3028,1538.99999999991,2203.0,done,1058.0,,False,451.8986589283683,4.238403883215778,12.0,0.0295799403199896,0.5,0.5,0.4356060606060606,0.1666666666666666,0.3936507936507936,15.833333333333334,0.0
d484a76ddfaca502f3f3997d5a98cd1eb9d136f2,ignite,False,2017-01-09 17:42:39,ignite,,3,4,2,2,1,0.985228136034252,5.5,262.5,67.5,3029,1539.99999999991,2204.0,done,4038.0,,False,326.6521812258023,4.5521186568002605,20.5,0.032272810730355,0.5,0.0,0.25,2.0,0.2083333333333333,13.5,0.0
48b2653198070dd08ca1fdb878174b975c0b7fdc,ignite,False,2017-01-09 18:51:36,ignite,,1,1,1,1,1,0.0,15.0,4.0,44.0,3034,1544.99999999991,2209.0,done,358.0,,False,748.1353752812508,5.235655029954617,31.0,0.0414363509924203,1.0,1.0,0.8333333333333334,1.0,0.3571428571428571,18.0,0.0
c1120927954079ff9dd4557b7a9c86b02fc85cc1,ignite,False,2017-01-09 19:44:51,ignite,,6,10,1,1,1,0.0,9.0,48.0,40.0,3037,1547.99999999991,2211.0,done,484.0,,False,4045.525169332476,5.830589514643351,76.0,0.0187861888923905,3.0,0.0,0.5925925925925926,3.0,0.1612903225806451,23.0,0.0
d44df8fb0d55503255684ad74ba4c345e4f3b9c9,ignite,False,2017-01-09 20:31:58,ignite,,44,25,2,2,1,0.8865408928220899,13.5,31.0,144.5,3039,1549.99999999991,2213.0,done,4510.0,,False,618.631707074228,4.969168778413246,18.333333333333332,0.0323968432082403,0.6666666666666666,0.0,0.4024955436720143,2.3333333333333335,0.1777777777777777,21.333333333333332,0.0
620b81521f57e46d4fc4432e29e7e3ad39c919e3,ignite,False,2017-01-09 20:40:07,ignite,,4,0,1,1,1,0.0,18.0,0.0,120.0,3040,1550.99999999991,2214.0,done,1018.0,,False,2005.3716930223684,5.086262516811127,52.0,0.0259303550463649,1.0,2.0,0.7058823529411765,0.0,0.4666666666666667,21.0,0.0
10f296b7f6884b548781481dbce902e3696470d3,ignite,False,2017-01-09 20:52:44,ignite,,2,1,1,1,1,0.0,11.0,17.0,34.0,3042,1552.99999999991,2216.0,done,274.0,,False,2908.81916045201,3.8882953542706766,114.0,0.0391911609872252,0.0,0.0,1.0,0.0,0.0,13.0,0.0
c42fc65f35b372d33590434e5295e8cb39790a2c,ignite,False,2017-01-09 20:54:55,ignite,,2,3,1,1,1,0.0,8.0,5.0,20.0,3043,1553.99999999991,2217.0,done,591.0,,False,1231.2949791184758,5.032112981987284,47.0,0.0381711943905178,1.0,0.0,0.6470588235294118,0.0,0.2857142857142857,18.0,0.0
715821b29cad0b33dd0dac1ce7aff2b511898cb6,ignite,False,2017-01-09 21:11:25,ignite,,26,10,1,1,1,0.0,1.0,226.0,1.0,3044,1554.99999999991,2218.0,done,852.0,,False,526.2587037108269,5.139637157982868,13.5,0.0256504335088504,1.0,0.0,0.5,3.0,0.0,21.0,0.0
025e6ee10e459883fb660f1c31bdfdb61f3ca124,ignite,False,2017-01-09 23:08:42,ignite,,11,12,5,3,1,1.9994859645348304,4.4,12.4,91.4,3046,1556.99999999991,2220.0,done,7496.0,,False,289.28968132217005,4.243997123276635,10.5,0.0858832280141434,0.75,0.75,0.5416666666666667,1.0,0.5961538461538461,19.0,0.0
31b132dd682f0ab9c74597db43f3a24554abb4bb,ignite,False,2017-01-09 23:11:42,ignite,,3,0,1,1,1,0.0,2.0,149.0,3.0,3047,1557.99999999991,2221.0,done,470.0,,False,1676.5524087198166,5.423342627433161,41.0,0.0244549468222748,3.0,1.0,0.5714285714285714,3.0,0.2142857142857142,22.0,0.0
56162b39a9a86751ea0b791505db14f69348163b,ignite,False,2017-01-09 23:17:04,ignite,,2,0,1,1,1,0.0,1.0,143.0,1.0,3048,1558.99999999991,2222.0,done,153.0,,False,799.8607946415798,4.902970442451145,18.0,0.0225039158320865,1.0,0.0,0.5,1.0,0.5,17.0,0.0
15956a8a6a26e37d99501fdb7e5af0b00efae506,ignite,False,2017-01-09 23:32:49,ignite,,16,10,2,2,1,0.3912435636292561,9.0,257.0,72.5,3049,1559.99999999991,2223.0,done,2053.0,,False,1282.7643441750608,5.2987705500547415,43.0,0.0335213558088512,1.0,2.0,0.7407407407407407,4.0,0.125,22.0,0.0
6cbe8a5a8ea5e4dacb8c5a859cb15aea5b3f38af,ignite,False,2017-01-10 00:22:15,ignite,,12,20,4,2,1,1.99434970414425,5.75,13.75,96.75,262,261.5,211.0,done,5722.0,,False,621.5616124256087,5.039698402115686,24.25,0.0402276431495369,0.25,0.75,0.5672562087035771,2.5,0.3163865546218487,23.75,0.0
bb2ad161888b676bd8afc7d4783fe939332f7064,ignite,False,2017-01-10 00:38:43,ignite,,2,0,1,1,1,0.0,8.0,0.0,23.0,102,102.0,94.0,done,1630.0,,False,120.92782504182703,4.413799564605681,6.0,0.0496163723934065,0.0,0.0,1.0,1.0,0.25,10.0,0.0
2b6484a5bcb5520e66ad13fa54507390e58d78ff,ignite,False,2017-01-10 02:04:26,ignite,,14,28,1,1,1,0.0,6.0,6.0,18.0,1558,878.666666666691,1120.0,done,561.0,,False,36.1043557245505,3.960888972829143,2.5,0.0842845531562834,0.0,0.0,0.7166666666666666,0.9,0.4916666666666666,10.9,0.0
98366b134947e9fb962b7f89fad5f24fc3e7af58,ignite,False,2017-01-10 17:06:43,ignite,,6,0,1,1,1,0.0,9.0,59.0,17.0,3051,1561.99999999991,2225.0,done,1592.0,,False,784.2730464486324,4.623815800651627,45.5,0.0474528680156257,1.0,0.0,0.2894736842105263,0.0,0.4852941176470588,19.5,0.0
3c276c9e092b6f6b4baf0b550ad89cb85ab9c42f,ignite,False,2017-01-10 19:25:09,ignite,,10,5,1,1,1,0.0,4.0,28.0,16.0,263,262.5,212.0,done,1833.0,,False,281.76289771739914,4.276891079620694,5.0,0.0177454165914167,0.0,0.0,0.4444444444444444,0.0,0.75,27.0,0.0
3c99f9099518854ad997963ae8efd2fc6a2b2c3c,ignite,True,2017-01-10 19:37:26,ignite,482.0,8,1,2,2,1,0.7642045065086199,8.0,12.0,29.0,3052,1562.99999999991,2226.0,done,3385.0,2018-05-08 13:35:05,False,360.3394860723606,4.452304805446685,15.5,0.0442876573884105,0.0,0.0,0.6863636363636363,1.0,0.5625,15.0,0.0
e82940cdede7001b2cf72a63731df29c9fc43bc2,ignite,False,2017-01-10 19:45:09,ignite,,5,9,2,2,1,0.985228136034252,12.0,63.5,67.5,3053,1563.99999999991,2227.0,done,565.0,,False,1029.1915253552895,3.707071212587568,58.333333333333336,0.019084666507241,0.0,0.0,0.3333333333333333,0.3333333333333333,0.1666666666666666,10.0,0.0
bb425161958052726c30b43ab7c7c9fa2512975f,ignite,False,2017-01-10 20:56:36,ignite,,24,14,6,4,1,2.3580975784929303,3.8333333333333295,205.833333333333,44.6666666666667,3055,1565.99999999991,2229.0,done,3055.0,,False,1004.5467370123388,4.525634701336628,42.833333333333336,0.045792506893673,0.6666666666666666,0.5,0.5994949494949496,0.6666666666666666,0.3974358974358974,17.166666666666668,0.0
9af39adbd353c2fbebf982f239c78f8e0aa9e77c,ignite,False,2017-01-10 21:31:19,ignite,,9,15,3,2,1,1.2410106928657,9.0,70.6666666666667,33.3333333333333,103,103.0,95.0,done,376.0,,False,1297.087677742028,3.794652012112586,65.0,0.0502522266796913,0.0,0.0,1.0,0.0,0.25,12.0,0.0
11a7e7d0bfd6ac0a4bd4b3cdda584bfa63d2d244,ignite,False,2017-01-10 22:01:34,ignite,,21,19,13,1,1,3.6341837197791897,0.4615384615384621,138.0,9.61538461538461,3057,1567.99999999991,2231.0,done,1208.0,,False,62.07753012035301,3.958825052446077,5.0,0.0838375418772194,0.0,0.0,0.0,2.5,0.1722222222222222,8.833333333333334,0.0
1e39325cd3a54da97476b0779244f062d333f582,ignite,False,2017-01-10 22:06:42,ignite,,4,4,1,1,1,0.0,11.0,0.0,36.0,3058,1568.99999999991,2232.0,done,276.0,,False,2756.5249635697055,3.883967490781099,108.0,0.0391797648950509,0.0,0.0,1.0,0.0,0.0,13.0,0.0
13f16dc105053553181a92bea001735fe14a5d07,ignite,False,2017-01-10 22:12:43,ignite,,2,0,1,1,1,0.0,5.0,1.0,6.0,3059,1569.99999999991,2233.0,done,403.0,,False,496.0932028956459,4.867243941005575,17.0,0.0342677543267529,0.0,0.0,0.7692307692307693,1.0,0.5,17.0,0.0
3f942af1beba1973e9e72304c5cb98d21072dd63,ignite,False,2017-01-10 22:20:06,ignite,,12,9,3,3,1,0.856995717854035,4.33333333333333,248.666666666667,14.333333333333302,3060,1570.99999999991,2234.0,done,366.0,,False,1130.1340151188251,4.399860616735223,46.0,0.0355165674779544,1.0,0.0,0.6666666666666666,0.0,0.5119047619047619,21.0,0.0
403ac1f14849899f2f2a66e53965b5b1f08580dc,ignite,False,2017-01-10 22:27:29,ignite,,14,14,1,1,1,0.0,10.0,193.0,31.0,3061,1571.99999999991,2235.0,done,946.0,,False,4542.89812889966,5.07043999622181,92.0,0.0202513896172889,1.0,0.0,0.4871794871794871,1.0,0.3333333333333333,27.0,0.0
55ac6e71e68dc1ce66edeee146da0073d1bf10f9,ignite,False,2017-01-10 22:59:17,ignite,,8,0,1,1,1,0.0,27.0,0.0,278.0,3062,1572.99999999991,2236.0,done,4230.0,,False,865.6691876117792,4.879467312119269,14.0,0.0161724596420295,1.0,1.0,0.4285714285714285,2.0,0.4444444444444444,17.0,0.0
2aca7c79711020859e016e20e7f7633b2189c752,ignite,False,2017-01-10 23:35:31,ignite,,1,1,1,1,1,0.0,14.0,28.0,29.0,3064,1574.99999999991,2238.0,done,2300.0,,False,5732.794721884218,4.806826696228695,70.0,0.0122104494223007,0.0,0.0,0.1923076923076923,0.0,0.0,30.0,0.0
fec70d790b8f0a74707c5ebe2b0f199ddc7e85cb,ignite,False,2017-01-10 23:38:42,ignite,,3,2,1,1,1,0.0,7.0,22.0,10.0,3065,1575.99999999991,2239.0,done,67.0,,False,273.8325391424408,3.807912711962932,14.0,0.0511261373240875,0.0,0.0,1.0,0.0,0.0,9.0,0.0
942076720499e7fbf4c4d950655a17f3ee8b7b83,ignite,False,2017-01-10 23:39:26,ignite,,2,2,1,1,1,0.0,7.0,19.0,22.0,3066,1576.99999999991,2240.0,done,75.0,,False,339.89948181794114,3.797899720714298,17.0,0.0500147864570903,0.0,0.0,1.0,0.0,0.5,11.0,0.0
12a4af6448d12c27e44370bc40efb3cc02fa1dc7,ignite,False,2017-01-11 20:32:07,ignite,,42,36,4,3,1,1.09829651112,6.75,78.25,105.25,3070,1580.49999999991,2244.0,done,5820.0,,False,155.29153010574396,4.57815888304992,7.5,0.0499294952608593,0.5,0.5,0.5,2.5,0.3125,15.5,0.0217391304347826
43eefb0c77f448af9b3634414bef0e97cb2d7838,ignite,False,2017-01-11 21:30:52,ignite,,78,49,2,2,1,0.6824826735754351,13.5,43.5,67.5,107,107.0,97.0,done,3327.0,,False,1052.328065230974,4.7464040211412595,11.25,0.0323773793534824,0.0,0.5,0.3319805194805195,1.75,0.590034965034965,21.0,0.0
3443c4e4942f6fb41fc3d7b37a52a7dd0ea5c7a1,ignite,False,2017-01-11 21:59:11,ignite,,2,2,1,1,1,0.0,1.0,2.0,2.0,3073,1583.49999999991,2247.0,done,77.0,,False,369.9781553203574,5.244695561461313,1.0,0.0027028622788124,0.0,0.0,0.875,0.0,0.5,15.0,0.0
074a4a08012822f3404807015bc63052c20e7439,ignite,False,2017-01-11 23:54:55,ignite,,5,6,1,1,1,0.0,5.0,0.0,8.0,3075,1585.49999999991,2249.0,done,76.0,,False,274.3086096719361,4.596367941794016,8.0,0.01507947405409,0.5,0.5,0.25,0.5,0.25,18.0,0.0
ecead988090e6a65ffdbb4098252ea26287fe36e,ignite,False,2017-01-12 00:09:25,ignite,,7,3,1,1,1,0.0,12.0,1.0,121.0,266,265.5,214.0,done,2127.0,,False,946.5988522953894,5.175715775833963,34.0,0.0359180659447812,1.0,3.0,0.8571428571428571,1.0,0.4,33.0,0.0
abc8b9091e9eda8cc43f398939bf1fb6035f7a3f,ignite,True,2017-01-12 16:50:14,ignite,789.0,30,28,6,2,1,2.2860092218878902,3.6666666666666696,36.6666666666667,25.3333333333333,17,17.0,16.0,done,4524.0,2019-03-13 07:11:57,True,396.34307705434463,4.4974383697274565,8.105263157894736,0.01995336378161,0.0,0.0,0.3029857397504456,0.3157894736842105,0.0426900584795321,21.0,0.0
f96c59039a8b5f7d2b8e8070fe1ca43183b4eaaf,ignite,False,2017-01-12 18:21:12,ignite,,2,4,1,1,1,0.0,11.0,127.0,57.0,108,108.0,98.0,done,1228.0,,False,1124.2573062006722,5.167770132026721,35.0,0.0311316633718658,2.0,0.0,0.3478260869565217,0.0,0.2727272727272727,20.0,0.0
cf9f0a79da7540dc40c3ac860a94158e87e2d7ec,ignite,False,2017-01-12 23:50:02,ignite,,1,0,1,1,1,0.0,13.0,0.0,59.0,27,27.0,26.0,done,1303.0,,False,649.8501278680844,4.973301656456862,21.0,0.0323151432914126,1.0,0.0,0.4210526315789473,0.0,0.3333333333333333,21.0,0.0
beb80830c153ec529d082b3588951af43fdcff33,ignite,False,2017-01-13 18:07:28,ignite,,2,2,1,1,1,0.0,7.0,2.0,23.0,3081,1588.16666666658,2254.0,done,75.0,,False,378.9683877740263,3.7865036487612342,19.0,0.050136107952438,0.0,0.0,1.0,0.0,0.5,11.0,0.0
00e88cc938b24d9f3dd13057ec5593fd72cce28e,ignite,False,2017-01-13 18:16:43,ignite,,5,1,2,2,1,1.0,4.0,251.0,7.5,109,109.0,99.0,done,652.0,,False,632.1526619969668,4.975639693658971,18.0,0.0283138046591501,1.5,0.5,0.4097222222222222,0.0,0.2777777777777778,22.0,0.0
2254d37232ea994ff9dd63917cbd9c8c599bbb12,ignite,False,2017-01-13 21:40:26,ignite,,20,2,4,3,1,1.11911942312567,3.5,83.0,10.25,110,110.0,100.0,done,2149.0,,False,1130.0282176989797,4.410066665136726,44.333333333333336,0.0386873782088798,0.3333333333333333,0.0,0.6549707602339181,2.0,0.4625000000000001,19.666666666666668,0.0
e1b84b41bd4ae52631f17f79396d6921385c0dcc,ignite,False,2017-01-14 01:27:47,ignite,,4,6,3,2,1,1.4854752972273302,12.0,2.0,255.0,111,111.0,101.0,done,11223.0,,False,3190.995814999655,5.526218941577619,59.0,0.0205808838343228,0.6666666666666666,1.3333333333333333,0.5523290986085905,9.333333333333334,0.1882535027696318,27.0,0.0
6045a2469a4d2e23cad918b44e002c7de237abcb,ignite,False,2017-01-14 21:14:34,ignite,,6,1,1,1,1,0.0,1.0,423.0,1.0,2,2.0,0.0,done,186.0,,False,258.18803319886206,4.525218055309801,11.5,0.0492581247671607,0.0,0.0,1.0,0.0,0.875,15.5,0.0
55f7594fd0595a4269c3972446ba4ebe30c12442,ignite,False,2017-01-16 17:28:09,ignite,,9,11,5,4,1,2.18547529722733,3.8,76.2,19.2,2,2.0,2.0,done,1599.0,,False,477.6568576127003,4.71074998090573,18.2,0.038844026954526,0.4,0.0,0.6177234530175706,0.6,0.4892857142857143,17.8,0.0
496fb173d55a8ea0702fcb70a4e807f61d8fc53e,ignite,False,2017-01-16 19:19:51,ignite,,79,11,3,3,1,0.56082517699473,9.0,80.0,71.0,422,225.5,279.0,done,1600.0,,False,1876.686794253502,5.4231816700157225,43.0,0.0286827893196484,0.5,0.3333333333333333,0.757890499194847,3.0,0.3338407292741658,24.0,0.0
d6d42c2a17b7cf53a71d59931b2cf838bd8116c9,ignite,False,2017-01-16 22:46:20,ignite,,0,7,1,1,1,0.0,3.0,0.0,8.0,4,4.0,2.0,done,612.0,,False,557.8797575617583,5.128010574886573,17.0,0.0304725162897097,0.0,0.0,0.6666666666666666,1.0,0.25,18.0,0.0
166d63713c259f0b5882c41dffd3bf66d47da0fd,ignite,False,2017-01-16 23:38:49,ignite,,9,9,3,2,1,1.25162916738782,12.666666666666698,7.0,195.666666666667,112,112.0,102.0,done,4473.0,,False,512.8111258662694,4.061519170085936,20.666666666666668,0.1127494674621637,0.3333333333333333,0.3333333333333333,0.2903225806451613,1.3333333333333333,0.4583333333333333,13.666666666666666,0.0
6e5bfea3b71068bc4c4487e68d1d9ced4069005a,ignite,False,2017-01-17 03:09:04,ignite,,27,14,4,3,1,1.48032468330511,7.0,8.5,60.5,114,114.0,104.0,done,4329.0,,False,302.6488178670983,4.540137054120782,9.375,0.0380239789926411,0.375,0.125,0.7351190476190477,1.0,0.3288690476190475,16.5,0.0
71176473f9fd0aa2088ba4e611ba4b7fc45e76b8,ignite,False,2017-01-17 14:43:16,ignite,,49,11,2,1,1,0.519702786504305,4.0,270.0,7.0,46,39.5,31.0,done,1157.0,,False,833.7742789436743,5.076331606589855,24.8,0.0349045124924828,0.6,0.2,0.6475555555555556,2.2,0.4834523809523809,21.4,0.0
b0ac987d3202f5796c101bfc1998e4d4dcfb2bab,ignite,False,2017-01-17 15:45:33,ignite,,49,11,2,1,1,0.519702786504305,4.0,270.0,7.0,46,39.5,31.0,done,1158.0,,False,839.3224717196281,5.07718258463259,24.8,0.0348465572935157,0.6,0.2,0.6451531531531531,2.2,0.4834523809523809,21.4,0.0
44e2c7603f29d211039e1a13001ac93e592f7fe4,ignite,False,2017-01-18 02:13:14,ignite,,72,18,9,5,1,2.86278827913144,5.111111111111111,12.444444444444402,147.888888888889,1572,890.666666666691,1123.0,done,6611.0,,False,181.1432498772616,4.748321649887141,8.0,0.0446138843553276,0.0,0.0,0.7000000000000001,1.6666666666666667,0.5611111111111111,17.666666666666668,0.0
738caa1a9fe0f3d9c74bbfdf57f8aa759f715059,ignite,False,2017-01-18 23:44:37,ignite,,2,0,1,1,1,0.0,22.0,1.0,142.0,269,268.5,216.0,done,2993.0,,False,5407.779275496764,5.308099918377844,191.0,0.0353194888825144,1.0,1.0,0.717391304347826,1.0,0.2962962962962963,27.0,0.0
8e7fade935fb38a703e4a7e56c77878eb3c347ea,ignite,False,2017-01-19 01:00:36,ignite,,10,7,2,2,1,0.522559374536941,4.5,67.5,19.5,117,117.0,107.0,done,1940.0,,False,772.0391727767321,4.85266357267658,26.5,0.0314778565546956,1.0,0.0,0.6022727272727273,0.5,0.375,23.0,0.0
306923f0adb7e6e55991192c49907ffcf8ce701c,ignite,True,2017-01-19 01:28:45,ignite,1600.0,2,2,1,1,1,0.0,22.0,0.0,143.0,182,163.5,113.0,done,2995.0,2021-06-07 09:10:56,False,290.0,4.656451989986023,8.0,0.0275862068965517,0.0,0.0,0.5833333333333334,1.0,0.5,19.0,0.0
0d710096a340375ef49603dbbb8f75263dcbe465,ignite,False,2017-01-19 01:46:57,ignite,,4,4,1,1,1,0.0,1.0,68.0,1.0,120,120.0,109.0,done,393.0,,False,1255.3370804791462,4.55407166092368,55.0,0.0438129334783986,0.0,0.0,1.0,1.0,0.6,20.0,0.0
fc7af8668e603cdc45bc8c6f97cf2d2be64b1fb8,ignite,False,2017-01-19 01:49:04,ignite,,2,2,1,1,1,0.0,6.0,506.0,14.0,123,123.0,111.0,done,162.0,,False,427.5023275712263,4.568068518416098,12.0,0.028070022608241,1.0,0.0,0.3846153846153846,0.0,0.6,27.0,0.0
adefeae40a4688b51efd8bce8522a21e8ca32865,ignite,False,2017-01-19 02:21:19,ignite,,2,0,1,1,1,0.0,7.0,0.0,122.0,80,80.0,65.0,done,3786.0,,False,765.1398625987983,5.119881117330778,35.0,0.0457432708853025,2.0,0.0,0.4166666666666667,0.0,0.3636363636363636,15.0,0.0
5b010c27646aa61620b47d245f92676fafaa0815,ignite,False,2017-01-19 02:58:44,ignite,,4,4,1,1,1,0.0,8.0,506.0,20.0,125,125.0,113.0,done,283.0,,False,1225.856603388993,5.202802007846655,48.0,0.0391562927240425,3.0,0.0,0.5,0.0,0.1428571428571428,27.0,0.0
93e497fb999fa2d36619bd62bb921392c1d62ec7,ignite,False,2017-01-19 03:11:35,ignite,,4,4,1,1,1,0.0,1.0,68.0,1.0,120,120.0,109.0,done,393.0,,False,1255.3370804791462,4.55407166092368,55.0,0.0438129334783986,0.0,0.0,1.0,1.0,0.6,20.0,0.0
ea848154cbca1ed0b99d2495f6fe60a10dec862c,ignite,False,2017-01-19 03:11:46,ignite,,2,2,1,1,1,0.0,6.0,506.0,14.0,123,123.0,111.0,done,162.0,,False,427.5023275712263,4.568068518416098,12.0,0.028070022608241,1.0,0.0,0.3846153846153846,0.0,0.6,27.0,0.0
8764930adb0cfa451db8f2beffa7d0467670bd6f,ignite,False,2017-01-19 03:12:00,ignite,,4,4,1,1,1,0.0,8.0,506.0,20.0,125,125.0,113.0,done,283.0,,False,1225.856603388993,5.202802007846655,48.0,0.0391562927240425,3.0,0.0,0.5,0.0,0.1428571428571428,27.0,0.0
51e1f874624c428cc93e9c16407ec5a8b4cf8420,ignite,False,2017-01-19 16:52:42,ignite,,7,12,4,3,1,1.52295711813741,6.5,0.5,55.0,3087,1584.83333333324,2258.0,done,5375.0,,False,603.2945425844636,5.063028760544159,8.0,0.0446413556190528,0.3333333333333333,0.0,0.7525676937441643,2.0,0.1944444444444444,23.0,0.0
f35057833900ba028b3a9a8bd547df61f42a45ed,ignite,False,2017-01-19 18:44:57,ignite,,1,1,1,1,1,0.0,6.0,490.0,11.0,3088,1585.83333333324,2259.0,done,518.0,,False,1214.292432882054,5.537657753041303,9.0,0.007411723697099,0.0,0.0,0.36,1.0,0.2,26.0,0.0
fbb66ce8df4b4156069701b777dbdb5371bd4df5,ignite,False,2017-01-19 20:23:28,ignite,,2,1,1,1,1,0.0,32.0,1.0,445.0,270,269.5,217.0,done,4144.0,,False,237.70604521880497,4.319892586038089,11.0,0.0462756426319518,0.0,0.0,0.7777777777777778,1.0,0.3333333333333333,16.0,0.0
71a76c81530d1aa38525fd78a90b065b6e19a6bb,ignite,False,2017-01-19 21:21:03,ignite,,8,12,1,1,1,0.0,21.0,0.0,212.0,34,34.0,33.0,done,6242.0,,False,518.7595057723663,4.797530478470714,16.5,0.0319646021804275,1.0,0.0,0.3522267206477733,0.0,0.2361111111111111,24.5,0.0
0e9fcb717584a76c45707d3b96afcd56b2a9fddc,ignite,False,2017-01-19 22:09:56,ignite,,4,4,2,2,1,0.811278124459133,10.0,133.5,39.5,128,128.0,115.0,done,2787.0,,False,251.50066835599432,3.7935544251877986,0.25,0.0020673488497252,0.0,0.0,0.0833333333333333,0.25,0.0,7.75,0.0
b7904a4bd5c55e7564d6300a1eaf3ce2dec5c542,ignite,False,2017-01-20 02:00:00,ignite,,7,1,1,1,1,0.0,1.0,367.0,1.0,129,129.0,116.0,done,183.0,,False,694.1943113422911,5.165397477980749,20.0,0.0288103772578142,0.0,0.0,0.6363636363636364,0.0,0.1428571428571428,16.0,0.0
83b5bca6bf402d2368d55ae5c7d6314ad7a225b4,ignite,True,2017-01-20 18:56:26,ignite,181.0,294,144,8,4,1,1.3898481575855,1.0,112.0,16.625,368,328.5,338.0,done,1499.0,2017-07-21 14:04:39,False,304.22721692772814,4.938157706154369,17.0,0.0558792871054613,1.0,0.0,1.0,3.0,0.1111111111111111,14.0,0.0
b9826ef677eaf045d7c1f7914cecd25d32b08396,ignite,False,2017-01-20 18:56:33,ignite,,12,4,1,1,1,0.0,2.0,0.0,2.0,130,130.0,117.0,done,189.0,,False,675.1265877644819,5.1676391443457135,21.5,0.0319955935849547,0.0,0.0,0.5934065934065934,0.0,0.1111111111111111,16.0,0.0
742aa94c258791ff39365fa55b15d9beb8b1766b,ignite,False,2017-01-24 01:20:47,ignite,,1,1,1,1,1,0.0,9.0,0.0,20.0,132,132.0,119.0,done,666.0,,False,3110.961199380325,5.492199453172254,81.0,0.0260369689008446,1.0,0.0,0.6666666666666666,3.0,0.4571428571428571,26.0,0.0
af66fb1b643dc911b042b2e101490611c7b645fd,ignite,False,2017-01-24 02:53:57,ignite,,1,1,1,1,1,0.0,28.0,5.0,284.0,2,2.0,1.0,done,4206.0,,False,1892.613464260728,5.2609290727922,42.0,0.0221915360918166,0.0,0.0,0.3421052631578947,8.0,0.2222222222222222,22.0,0.0
4cf2b3da84abd6baa870385f21745ccb29aa1e78,ignite,False,2017-01-24 21:49:13,ignite,,6,1,1,1,1,0.0,3.0,7.0,3.0,3096,1566.9999999999,2266.0,done,94.0,,False,76.71617523634447,3.799101394253867,3.0,0.1219698813119075,0.0,0.0,0.0,0.5,0.5,9.5,0.0
ec1430824a21e41349a172c22fa3a66a53a8a90b,ignite,False,2017-01-24 23:13:46,ignite,,2,1,1,1,1,0.0,34.0,5.0,310.0,379,339.5,345.0,done,3586.0,,False,11667.24891253017,6.070989306842332,187.0,0.0160277715339705,1.0,3.0,0.5434782608695652,14.0,0.3728813559322034,27.0,0.0
a7f1ef4617dea79584d25efbfda61ba078cd085a,ignite,False,2017-01-26 18:28:07,ignite,,1,2,1,1,1,0.0,8.0,1.0,16.0,136,136.0,123.0,done,224.0,,False,718.0630542874117,4.986520306999675,21.0,0.0292453425567757,2.0,0.0,0.375,0.0,0.2222222222222222,26.0,0.0
196c0ac371f8e6d40dee15e6906372649522c852,ignite,False,2017-01-26 18:39:09,ignite,,1,2,1,1,1,0.0,9.0,9.0,14.0,137,137.0,124.0,done,152.0,,False,1795.1762930748987,5.264411580582951,38.0,0.0211678374689936,1.0,1.0,0.4878048780487805,0.0,0.2666666666666666,24.0,0.0
6796f83c9542008480a5d9320ea6cc4e92e0978c,ignite,False,2017-01-26 21:22:45,ignite,,6,6,2,2,1,0.91829583405449,8.5,209.0,17.0,83,83.0,67.0,done,1058.0,,False,969.10361991228,5.173554140462171,23.5,0.026973565879841,1.0,0.0,0.7705314009661836,2.5,0.3083333333333333,28.0,0.0
f5375deead7fd40787cfb2e7130ee7c2d58820af,ignite,True,2017-01-26 23:46:36,ignite,180.0,631,12,11,5,1,2.02103242372228,0.7272727272727271,101.545454545455,20.6363636363636,385,345.5,349.0,done,273.0,2017-07-26 14:00:52,False,316.36241254975977,4.501227380942236,17.0,0.0537358400544063,1.0,0.0,0.2222222222222222,2.0,0.6,18.0,0.0
c5bc114b031a2109004abd7fc7f7ad21063cbc47,ignite,False,2017-01-27 13:02:31,ignite,,2,3,1,1,1,0.0,2.0,514.0,2.0,184,163.5,114.0,done,40.0,,False,122.62388523751017,4.532346491982064,5.0,0.0407750903530376,0.0,0.0,1.0,1.0,0.0,15.0,0.0
82aa4730da19afe052bc593c6b9686b0143ffd4c,ignite,False,2017-01-27 18:21:32,ignite,,1,1,1,1,1,0.0,1.0,7.0,1.0,387,347.0,351.0,done,345.0,,False,49.82892142331043,3.9614292709896417,2.0,0.0401373327551974,0.0,0.0,1.0,1.0,0.5,20.0,0.0
9c87affb45da9d41068ea80b58989ac7067ed41b,ignite,False,2017-01-27 22:12:40,ignite,,13,9,6,5,1,2.40854909687531,6.5,4.0,80.0,3100,1567.16666666657,2270.0,done,4845.0,,False,4122.427797645094,5.175891368171263,73.66666666666667,0.0462010295854573,0.6666666666666666,1.3333333333333333,0.5820330969267139,6.666666666666667,0.3082527672691607,19.666666666666668,0.0
00dc964362031522a99b8140bec889c56a756fcf,ignite,False,2017-01-28 08:13:13,ignite,,0,3,1,1,1,0.0,34.0,0.0,314.0,275,164.5,191.0,done,3581.0,,False,403.21242259558846,4.203564288933773,12.0,0.0297609878256049,0.0,0.0,0.8888888888888888,1.0,0.5,29.0,0.0
587a05e90babcdec0672f4939bc3bba5374abbee,ignite,False,2017-01-31 19:17:37,ignite,,1,1,1,1,1,0.0,34.0,3.0,315.0,3101,1563.66666666656,2271.0,done,3712.0,,False,12021.206752761776,6.1026234227183815,191.0,0.0158885878870787,1.0,4.0,0.5460992907801419,15.0,0.360655737704918,27.0,0.0
86ea2c7cd26c03ae59cdf9974253b68f5bfabdf3,ignite,False,2017-01-31 22:46:17,ignite,,1,1,1,1,1,0.0,17.0,0.0,90.0,142,142.0,129.0,done,1448.0,,False,2617.1610568250844,5.012940369231144,48.0,0.0183404838134912,3.0,0.0,0.6511627906976745,1.0,0.238095238095238,27.0,0.0
8dd2181f5f914677b18dd43ca24025f471c7f081,ignite,False,2017-02-01 00:53:58,ignite,,7,7,1,1,1,0.0,7.0,21.0,18.0,145,145.0,132.0,done,2717.0,,False,564.343532095968,5.309374189199479,13.0,0.0230356144097516,1.0,0.0,0.5714285714285714,0.0,0.1818181818181818,21.0,0.0
f2f5dc99895d1a44ad2803e79b03985b8054b51a,ignite,False,2017-02-01 21:07:16,ignite,,6,6,3,3,1,1.45914791702724,9.0,165.0,63.6666666666667,146,146.0,133.0,done,3193.0,,False,419.41925865387066,4.5582257345374995,17.5,0.0539233173383815,0.0,0.0,0.3333333333333333,0.5,0.7619047619047619,17.5,0.0
16f64d1feadbfe7ced01c6f989a58aa6ddfa6523,ignite,False,2017-02-02 18:04:26,ignite,,11,6,5,4,1,1.9986525468781693,8.2,88.6,62.6,147,147.0,134.0,done,15157.0,,False,1354.547057585818,4.97852074407207,15.25,0.0176195245359459,0.0,0.0,0.5164187227866474,1.0,0.3194444444444444,19.75,0.0
66557c8b6d6dbfa09bb559b6ab281ce84ee78d3c,ignite,False,2017-02-03 18:22:24,ignite,,1,1,1,1,1,0.0,0.0,0.0,0.0,1595,894.833333333358,1131.0,done,90.0,,False,315.76876468329215,4.571951342403936,11.0,0.0348356178009966,0.0,0.0,0.75,2.0,0.4285714285714285,26.0,0.0
112472304501ab2b4ae91b92ee134ffd7cabc113,ignite,False,2017-02-03 22:40:19,ignite,,2,2,1,1,1,0.0,3.0,7.0,4.0,151,151.0,138.0,done,182.0,,False,401.6905686335309,4.987450797992757,12.0,0.0298737409763478,0.0,0.0,0.8,2.0,0.4285714285714285,21.0,0.0
47c7df9dcd3facf43e60209ee36b5888936bcd56,ignite,False,2017-02-04 00:30:20,ignite,,18,11,2,1,1,0.9293636260137192,13.0,22.5,79.5,152,152.0,139.0,done,427.0,,False,1702.076206295339,3.9214298341659504,96.5,0.0541530055569914,0.0,0.0,1.0,0.5,0.5,12.5,0.0
8d5d686090b5fd70baeb907448a6f1777318582e,ignite,False,2017-02-06 17:05:59,ignite,,4,1,1,1,1,0.0,3.0,4.0,20.0,3106,1554.3333333332196,2274.0,done,481.0,,False,644.616396348394,5.4174536761678445,32.0,0.0496419268595598,2.0,1.0,0.4,1.0,0.55,28.0,0.0
e0e4d5941912dd37ce91bddbb6e6e86b19bcfce4,ignite,False,2017-02-06 23:15:28,ignite,,9,4,2,2,1,0.961236604722876,8.5,3.5,52.5,153,153.0,140.0,done,2213.0,,False,3093.3128890908483,5.407447273820837,70.0,0.0240539683879438,4.5,3.0,0.6593137254901962,2.0,0.241025641025641,26.0,0.0
5967c6d08b4dc978c543df3295b08790440542a6,ignite,False,2017-02-07 00:00:47,ignite,,1,0,1,1,1,0.0,18.0,3.0,227.0,9,9.0,8.0,done,2072.0,,False,121.11360846386408,3.8961746300696407,5.0,0.0412835523886799,0.0,0.0,1.0,0.0,0.625,7.0,0.0
b1fb8ff108c49ef5f809bad8dc7cd54c7e088be1,ignite,False,2017-02-07 02:25:47,ignite,,1,1,1,1,1,0.0,34.0,3.0,450.0,84,84.0,68.0,done,4145.0,,False,1227.012006229766,4.899220687348217,35.0,0.0285245782619066,1.0,0.0,0.75,1.0,0.6153846153846154,28.0,0.0
993f1f62695822bb4b71c5f86f42c5de866b21ce,ignite,False,2017-02-07 02:39:28,ignite,,55,60,2,2,1,0.258018668664815,10.0,20.5,97.5,85,85.0,69.0,done,3020.0,,False,5141.341612429855,5.386278866634413,132.0,0.0258081316553997,1.0,1.5,0.5905283505154639,1.0,0.4857142857142857,30.5,0.0049504950495049
2c37df66a52fa18b8a2f0a946cc366657e96facf,ignite,False,2017-02-07 21:06:55,ignite,,6,0,2,2,1,0.91829583405449,8.5,0.0,53.5,154,154.0,141.0,done,2218.0,,False,2325.502482984937,5.290399910505516,53.666666666666664,0.0250820196425701,3.6666666666666665,2.6666666666666665,0.6110070257611241,2.0,0.2844932844932845,25.333333333333332,0.0
754bd7b8a37f7afd3312fc9e9d4d4c7d726387c0,ignite,True,2017-02-08 01:19:10,ignite,1580.0,38,37,5,5,1,1.79306846509482,8.8,2.6,221.2,1601,897.500000000025,1133.0,done,11859.0,2021-06-07 09:10:56,False,1395.767440014415,5.084415950679095,47.25,0.0368649901684463,1.25,0.75,0.70310005614567,1.75,0.3601282051282051,23.875,0.0
a65d4a70743685fcacb482ebffe0adb026332a75,ignite,True,2017-02-08 18:36:39,ignite,256.0,8,5,1,1,1,0.0,35.0,5.0,181.0,1603,899.1666666666922,1135.0,done,10165.0,2017-10-23 14:08:07,False,449.7834751254812,4.786615948908785,14.0,0.0311260879384113,1.0,0.0,0.6666666666666666,1.0,0.0,15.0,0.0
7122256c87ce74e7942fa083138dd3a4d5e0f976,ignite,False,2017-02-08 18:48:58,ignite,,38,37,5,5,1,1.79306846509482,8.8,2.6,221.2,1601,897.500000000025,1133.0,done,11915.0,,False,1400.8195338591115,5.087180257281505,47.375,0.0367656548289884,1.25,0.75,0.6979680913362858,1.75,0.3601282051282051,23.875,0.0
1410900f2c0e2f8819a1fb945109ca0d88f3a2f9,ignite,True,2017-02-10 21:52:02,ignite,208.0,3821,795,76,18,1,5.14068203173085,0.118421052631579,53.394736842105296,4.89473684210526,53,46.0,50.0,done,891.0,2017-09-07 16:10:11,False,89.94586878137028,3.8694526300394134,6.0,0.1365589724077363,0.0,0.0,0.5,1.0,0.75,9.5,0.0
adf223eb280d4ce5320d9e8923be5a8e5802a268,ignite,False,2017-02-13 20:10:39,ignite,,1,1,1,1,1,0.0,35.0,3.0,458.0,1606,891.166666666694,1137.0,done,4268.0,,False,237.7443751081734,4.647762509679657,12.0,0.0504743802857165,1.0,0.0,0.8,0.0,0.4285714285714285,15.0,0.0
0314dec71b19c90f06ed13c415dfed269cac3ddb,ignite,False,2017-02-13 20:58:01,ignite,,8,2,1,1,1,0.0,10.0,3.0,148.0,3110,1548.3333333332196,2278.0,done,1844.0,,False,1060.2335784069612,5.244324985937909,44.5,0.0399480160375019,0.5,0.0,0.8583333333333334,4.0,0.3925438596491228,27.0,0.0
811a2f9199a20c810c6072ba4888cf5712445d9d,ignite,False,2017-02-14 04:49:10,ignite,,19,2,2,2,1,0.70246655129039,6.5,16.0,21.5,6,6.0,5.0,done,710.0,,False,753.1243552642632,4.473879837201147,19.666666666666668,0.0346482580360868,0.3333333333333333,0.0,0.5130434782608696,1.0,0.6349206349206349,19.333333333333332,0.0
b9bf77c1a492951bd45abb8653469650d51c38a1,ignite,False,2017-02-14 15:03:30,ignite,,4,4,2,2,1,0.811278124459133,0.5,0.0,2.0,281,168.5,194.0,done,315.0,,False,708.8157004104362,5.287921037502815,24.0,0.0338592951399114,2.0,0.0,0.8461538461538461,0.0,0.5,18.0,0.0
0a51ef73ef164b74c362814edf8a497836761dd0,ignite,False,2017-02-14 15:05:21,ignite,,4,4,2,2,1,0.811278124459133,0.5,0.0,2.0,281,168.5,194.0,done,315.0,,False,708.8157004104362,5.287921037502815,24.0,0.0338592951399114,2.0,0.0,0.8461538461538461,0.0,0.5,18.0,0.0
7d3c046e58a160132655a7b8f90830d69a16e2ab,ignite,True,2017-02-14 20:56:24,ignite,69.0,29,3,2,2,1,0.928362072394868,15.5,39.5,85.0,8,8.0,8.0,done,4813.0,2017-04-25 10:24:46,True,2899.81472174872,5.043194754684045,29.0,0.0081516550878243,0.5,0.5,0.7651072124756335,0.0,0.3888888888888889,27.5,0.0
db9252c9588c671279664484bb8c397312d265e6,ignite,False,2017-02-15 18:11:30,ignite,,53,7,4,3,1,1.3499214199431202,0.5,15.75,3.5,79,72.5,62.0,done,576.0,,False,27.0,4.023136955868885,2.0,0.074074074074074,0.0,0.0,1.0,1.0,0.5,10.0,0.0
06908d29e0f2687fc31885f7fae5e436801a2c11,ignite,False,2017-02-16 13:37:26,ignite,,4,2,1,1,1,0.0,1.0,1.0,4.0,284,171.5,196.0,done,315.0,,False,770.6262394664012,5.237297644272108,26.0,0.0337387940722119,2.0,0.0,0.8571428571428571,0.0,0.5,18.0,0.0
fa27ee3c03ac16cf0c5a86cfd0cfe5610e82d1a3,ignite,False,2017-02-16 13:38:18,ignite,,4,2,1,1,1,0.0,1.0,1.0,4.0,284,171.5,196.0,done,315.0,,False,770.6262394664012,5.237297644272108,26.0,0.0337387940722119,2.0,0.0,0.8571428571428571,0.0,0.5,18.0,0.0
7f74458148268af5bd721fd308b66b57e9a3852b,ignite,False,2017-02-17 00:34:02,ignite,,32,3,1,1,1,0.0,19.0,15.0,131.0,3112,1544.8333333332196,2280.0,done,1815.0,,False,977.3684376262024,4.63507205080955,18.0,0.0184168009801071,0.0,0.0,0.8823529411764706,1.0,0.0,35.0,0.0
5a648b2148738b54213281a35cb9258afab0a2f6,ignite,False,2017-02-17 12:18:56,ignite,,53,7,4,3,1,1.3499214199431202,0.5,15.75,3.5,79,72.5,62.0,done,576.0,,False,27.0,4.023136955868885,2.0,0.074074074074074,0.0,0.0,1.0,1.0,0.5,10.0,0.0
5ad1933b018583ee7749677aaa39dc5718ae1e36,ignite,False,2017-02-17 16:21:43,ignite,,32,3,1,1,1,0.0,19.0,15.0,131.0,3112,1544.8333333332196,2280.0,done,1822.0,,False,977.3684376262024,4.63507205080955,18.0,0.0184168009801071,0.0,0.0,0.8823529411764706,1.0,0.0,35.0,0.0
dd82b891b79fe35b6a2c54169f2e0e33ca53ef81,ignite,False,2017-02-17 17:23:00,ignite,,37,17,5,2,1,1.85589642202981,2.2,0.0,18.0,3114,1546.16666666655,2282.0,done,1255.0,,False,221.0548246433059,4.689237198352569,13.75,0.0810647328368786,0.5,0.5,1.0,2.0,0.3653846153846154,23.0,0.0
7cb3e687efbbfe7e72a8d7b047d03235b8f7ba72,ignite,True,2017-02-17 20:02:48,ignite,327.0,33,31,5,5,1,2.0687579500292097,0.4,12.0,5.0,91,84.5,74.0,done,280.0,2018-01-11 09:22:33,False,144.4295354570819,4.110744714470199,6.0,0.041542749417642,0.0,0.0,0.6666666666666666,1.0,0.4,17.0,0.0
7a65281a60ffb2a3dfad7b75fb303ccd0eb8d3d6,ignite,False,2017-02-17 20:03:49,ignite,,33,31,5,5,1,2.0687579500292097,0.4,12.0,5.0,91,84.5,74.0,done,280.0,,False,144.4295354570819,4.110744714470199,6.0,0.041542749417642,0.0,0.0,0.6666666666666666,1.0,0.4,17.0,0.0
11bc0586318c36e59aa227febc5268b33f0e1be0,ignite,False,2017-02-17 20:45:17,ignite,,4,1,1,1,1,0.0,14.0,1.0,26.0,190,168.5,119.0,done,707.0,,False,206.81934759820803,4.62443067649089,13.0,0.0628567885498573,0.0,0.0,0.8333333333333334,1.0,0.5,15.0,0.0
9eb26bd83ff57980adb929dddf7d4bd62810bf51,ignite,False,2017-02-17 21:02:07,ignite,,4,1,1,1,1,0.0,14.0,1.0,26.0,190,168.5,119.0,done,707.0,,False,206.81934759820803,4.62443067649089,13.0,0.0628567885498573,0.0,0.0,0.8333333333333334,1.0,0.5,15.0,0.0
0384b66252d331f8a0406eecbaeec5ba6f12ed2c,ignite,False,2017-02-18 02:10:50,ignite,,1,6,1,1,1,0.0,1.0,0.0,2.0,91,91.0,74.0,done,131.0,,False,285.64292577412743,4.541360979550305,9.5,0.0337298437557991,0.0,0.0,0.875,0.5,0.7333333333333334,21.5,0.0
39894517ed30646627bfaadf3fed60fb72a7057b,ignite,False,2017-02-18 02:15:58,ignite,,17,6,3,3,1,1.55049498181337,13.333333333333302,10.0,79.3333333333333,161,161.0,148.0,done,12459.0,,False,637.6615412406877,5.022110949989799,6.666666666666667,0.0206099474357814,0.0,0.0,0.7962962962962963,2.6666666666666665,0.3095238095238095,25.333333333333332,0.0
5eeaa387cf4597f58cb73c6ada009bd2f5cc5e97,ignite,False,2017-02-21 00:23:58,ignite,,21,9,2,2,1,0.468995593589281,19.0,23.0,162.5,163,163.0,150.0,done,4087.0,,False,3365.779041995955,5.053814797308089,57.75,0.0228033327106412,0.75,1.0,0.65357027724049,4.25,0.3267710772833723,19.25,0.0
f55370b4fc8b41665a068263b84d53cf2540c30c,ignite,False,2017-02-21 00:31:44,ignite,,2,2,1,1,1,0.0,5.0,4.0,19.0,403,356.5,367.0,done,1276.0,,False,171.8953543301665,4.758779324780758,8.0,0.0465399430436849,0.0,0.0,0.6,3.0,0.375,15.0,0.0
8613c1634091576ee309643d2febefc39bf9b333,ignite,True,2017-02-21 01:24:42,ignite,88.0,270,28,7,3,3,1.74827538222765,5.14285714285714,81.0,37.1428571428571,1,1.0,0.333333333333333,done,818.0,2017-05-20 04:17:26,False,1121.5574622088127,5.200950551338311,26.75,0.0234309245749168,0.25,0.0,0.5939078282828283,0.25,0.2521103896103896,30.25,0.0
caf7b225c6ae55a530961a3b79ebde2368b6a24d,ignite,False,2017-02-21 01:26:17,ignite,,270,28,7,3,3,1.74827538222765,5.14285714285714,81.0,37.1428571428571,1,1.0,0.333333333333333,done,818.0,,False,1121.5574622088127,5.200950551338311,26.75,0.0234309245749168,0.25,0.0,0.5939078282828283,0.25,0.2521103896103896,30.25,0.0
166e65c0f946529852d72bf8a74f12c4130a64dd,ignite,False,2017-02-21 17:08:27,ignite,,15,14,2,2,1,0.479832023616128,11.0,0.0,69.5,134,134.0,107.0,done,3475.0,,False,3566.994380425601,5.549514377976348,109.5,0.0359101169429693,2.5,1.0,0.6858533791523482,6.0,0.1991744066047471,24.5,0.0
f684c00affa25d67557b382e6ffaf2d1de45c964,ignite,False,2017-02-21 18:00:41,ignite,,2,2,1,1,1,0.0,35.0,0.0,187.0,40,40.0,39.0,done,3412.0,,False,186.23616296371625,4.887911703425911,10.0,0.0658271025265655,0.0,0.0,0.5416666666666666,3.5,0.1,19.0,0.0
14290d3fe44af7e2269d42361f2bb1207b0ee8c3,ignite,False,2017-02-21 20:00:45,ignite,,7,5,2,1,1,0.650022421648354,2.5,0.0,8.0,22,22.0,21.0,done,794.0,,False,1157.965770667827,5.049065722043788,41.666666666666664,0.0383856654991162,1.6666666666666667,1.0,0.680695847362514,2.0,0.2827551533433886,25.666666666666668,0.0
2e90a07218272c5cb2c09111e193a3613d3d51ac,ignite,False,2017-02-21 21:05:51,ignite,,6,28,1,1,1,0.0,9.0,0.0,24.0,43,43.0,41.0,done,591.0,,False,291.4272625247477,4.7673199902299634,12.0,0.0411766555264573,0.0,0.0,0.6666666666666666,1.0,0.3333333333333333,15.0,0.0
f4d36cb683b82bc0d059f183a586be4662818bbc,ignite,False,2017-02-21 21:29:52,ignite,,1,1,1,1,1,0.0,12.0,0.0,47.0,44,44.0,42.0,done,2041.0,,False,557.1854084802807,5.024197461684505,32.0,0.0574315111504441,1.0,0.0,0.8571428571428571,4.0,0.0,21.0,0.0
f0ef842097b61dad364c98e79e125b6a9b1ffc31,ignite,False,2017-02-21 21:59:31,ignite,,0,2,1,1,1,0.0,3.0,0.0,6.0,24,24.0,23.0,done,618.0,,False,757.9858289555531,5.276085140092928,35.0,0.0461750057362251,2.0,0.0,0.7,4.0,0.1333333333333333,18.0,0.0
de6e52ba54ce58f0dadad16de8aae14b55ab8478,ignite,False,2017-02-21 22:27:08,ignite,,5,1,1,1,1,0.0,9.0,0.0,25.0,45,45.0,43.0,done,569.0,,False,330.3427076686749,4.887326502184778,13.0,0.0393530709115536,0.0,0.0,0.7142857142857143,1.0,0.2857142857142857,15.0,0.0
1cef4d341cfdd8cfc5f5efffcc3a3cc04ed69e07,ignite,False,2017-02-21 23:38:28,ignite,,19,5,4,4,1,1.71793602958892,7.25,164.75,78.25,165,165.0,151.0,done,5688.0,,False,1899.270374624692,4.809562651236773,25.142857142857142,0.0212823496288666,0.7142857142857143,1.0,0.4699267896428317,0.8571428571428571,0.3175039246467818,17.714285714285715,0.0
5114d62262d841397b41566fe8a8458a6579d3cd,ignite,False,2017-02-21 23:43:17,ignite,,4,0,1,1,1,0.0,4.0,540.0,4.0,3,3.0,3.0,done,527.0,,True,245.1751010249378,5.058081652210311,4.0,0.0163148704060007,0.0,0.0,0.8333333333333334,0.0,0.0,16.0,0.0
7721df275420b1aab2cd3c635a4036976f23f718,ignite,False,2017-02-22 00:48:35,ignite,,49,773,26,13,1,3.9894164244408703,0.4615384615384621,113.423076923077,14.6923076923077,404,357.5,368.0,done,1356.0,,False,2321.8703378042483,4.474658498785351,90.25,0.0551586831851045,0.5,0.0,0.661393195775963,1.5,0.1802783613445378,20.0,0.0
946e71cf56b4b4dd3fd94749c4cddf6fe53caa89,ignite,False,2017-02-22 01:03:44,ignite,,2,3,1,1,1,0.0,6.0,483.0,10.0,166,166.0,152.0,done,279.0,,False,51.89147427955946,4.403609674445421,4.0,0.0770839536847701,0.0,0.0,1.0,0.0,0.6666666666666666,22.0,0.0
84df8b32d22335c7ad4f5f9d9298f25c4b7e7208,ignite,False,2017-02-22 01:21:30,ignite,,2,0,1,1,1,0.0,7.0,0.0,11.0,1615,894.6666666666949,1139.0,done,278.0,,False,72.33974351909448,4.5532696895151075,4.0,0.0552946389551986,0.0,0.0,0.6666666666666666,0.0,0.6666666666666666,22.0,0.0
aea459d773385f312535b203697f478d137880bf,ignite,False,2017-02-22 01:49:39,ignite,,9,1,1,1,1,0.0,6.0,5.0,37.0,167,167.0,153.0,done,1219.0,,False,235.0,4.743573042313278,11.0,0.0468085106382978,1.0,0.0,0.5,0.0,0.5555555555555556,22.0,0.0
963a9d9fe39a67097c848c7b232ddb220ea34189,ignite,False,2017-02-22 18:38:10,ignite,,3,0,1,1,1,0.0,16.0,0.0,49.0,139,139.0,110.0,done,518.0,,True,461.63547152504697,4.478017158564129,16.0,0.0346593816700064,0.0,0.0,0.6923076923076923,0.0,0.0,17.0,0.0
718da726f7474368fdc2dc5b06c190716a738ba7,ignite,False,2017-02-22 18:47:04,ignite,,13,6,2,2,1,0.742487569542124,8.5,0.5,44.5,168,168.0,154.0,done,3331.0,,False,847.9834617810168,5.200065614923759,5.5,0.0231285411708656,0.5,0.0,0.6392857142857142,2.5,0.25,30.0,0.0
19d6c31a24a1dc86aeec203a758d1d0d7387d1ed,ignite,False,2017-02-22 21:30:43,ignite,,29,31,2,2,1,0.210842300318532,1.5,142.0,2.0,25,25.0,24.0,done,189.0,,False,330.7645890345945,4.512271607704957,12.25,0.0355621383064437,0.5,0.0,0.5375874125874126,0.25,0.34375,16.0,0.0
cf3de19ccacf5c15c16df8a4e4c193d88c7dc56b,ignite,False,2017-02-22 22:43:05,ignite,,11,7,1,1,1,0.0,7.0,0.0,18.0,141,141.0,111.0,done,466.0,,False,640.484399587068,4.802418073036804,13.0,0.0145805303943325,0.25,0.0,0.3177083333333333,0.0,0.05,24.5,0.0
9e6b8ccea36ba2665cbe4e91c59a35a26590f9ae,ignite,False,2017-02-23 00:00:22,ignite,,4,1,1,1,1,0.0,14.0,1.0,26.0,190,168.5,119.0,done,738.0,,False,206.81934759820803,4.62443067649089,13.0,0.0628567885498573,0.0,0.0,0.8333333333333334,1.0,0.5,15.0,0.0
5424b706163c2539c7e54a4cdf7e007766e17088,ignite,False,2017-03-01 19:57:06,ignite,,2,0,1,1,1,0.0,8.0,84.0,14.0,4,4.0,4.0,done,162.0,,False,1087.929277133481,3.746955705203865,58.0,0.0533122889686549,0.0,0.0,1.0,0.0,0.0,9.0,0.0
78ce14b696fe191fe3c12d0285a15fc52d2e2748,ignite,False,2017-03-01 23:36:24,ignite,,0,5,1,1,1,0.0,35.0,8.0,189.0,388,244.0,198.0,done,3461.0,,False,626.8039664786502,5.408978811166215,29.0,0.0462664589742792,0.0,0.0,0.5333333333333333,7.0,0.4,22.0,0.0
5a4c12b68bc6acd82aab9bc031b500f16ca03426,ignite,False,2017-03-01 23:56:21,ignite,,0,5,1,1,1,0.0,35.0,0.0,190.0,193,171.5,122.0,done,3461.0,,False,626.8039664786502,5.408978811166215,29.0,0.0462664589742792,0.0,0.0,0.5333333333333333,7.0,0.4,22.0,0.0
c4490ddce4a836fd41fa6d65d3fbfd7b94e56995,ignite,False,2017-03-02 04:23:26,ignite,,2,2,2,2,1,1.0,14.0,0.0,70.0,143,143.0,112.0,done,3440.0,,False,840.3550851449373,4.9113632132642895,30.0,0.0235175354709266,0.5,0.0,0.3,1.0,0.175,27.0,0.0
65c0d1b6c8c12fd7d17a47da5682f357a6868c01,ignite,False,2017-03-02 18:19:48,ignite,,2,14,1,1,1,0.0,5.0,259.0,9.0,170,170.0,156.0,done,382.0,,False,380.29009569091335,4.98038649463784,22.0,0.0578505731526619,2.0,0.0,0.4,2.0,0.4444444444444444,28.0,0.0
0be92732ec4dcc683b1dbeea6c027c4076579847,ignite,True,2017-03-02 21:57:21,ignite,920.0,2,2,2,2,2,0.811278124459133,16.0,274.5,60.0,3,3.0,0.875,done,478.0,2019-09-09 12:14:22,True,4318.213595166732,5.566679780507254,105.0,0.0243156105380067,2.0,8.0,0.6470588235294118,1.0,0.2857142857142857,21.0,0.0
2f213d9862421646d3cac6e61111ef71ea294c9e,ignite,False,2017-03-06 17:52:18,ignite,,1,1,1,1,1,0.0,1.0,4.0,2.0,11,11.0,11.0,done,569.0,,False,309.1341075233367,4.857955814671955,16.0,0.0517574722769539,0.0,0.0,0.1666666666666666,5.0,0.125,23.0,0.0
24a3e9a4f903e379d00adf67f2401bf3b7229e91,ignite,False,2017-03-06 21:54:39,ignite,,3,0,1,1,1,0.0,1.0,0.0,3.0,12,12.0,12.0,done,569.0,,False,2256.93096163942,5.1164645546049625,81.0,0.0358894451698966,1.0,0.0,0.9565217391304348,3.0,0.8518518518518519,28.0,0.0
e18fcda7f9c76c398db0fd3ddaed653967a6e3e6,ignite,False,2017-03-10 20:17:33,ignite,,15,22,3,3,1,1.03696789107723,10.3333333333333,5.66666666666667,79.0,108,108.0,66.0,done,4246.0,,False,812.9860963214887,5.248494956588989,28.0,0.0351862521020589,0.2857142857142857,0.2857142857142857,0.8292988965921297,3.4285714285714284,0.3745946863593922,23.714285714285715,0.0
b7c616037ad2fd294f6e4579077718bc2acc1279,ignite,False,2017-03-10 20:38:59,ignite,,25,27,1,1,1,0.0,20.0,0.0,130.0,1622,888.583333333361,1143.0,done,1086.0,,False,2011.6384795630631,5.089260763894525,52.0,0.0258495751241021,1.0,2.0,0.7058823529411765,0.0,0.4666666666666667,21.0,0.0
86fad9823dff03d486abe86b9040f809bd7be25b,ignite,False,2017-03-10 21:28:41,ignite,,11,27,1,1,1,0.0,27.0,0.0,166.0,109,109.0,67.0,done,1843.0,,False,371.1984047975163,5.064292883324439,6.6,0.0286410648557227,0.2,0.0,0.7192063492063492,3.0,0.3249999999999999,22.2,0.0294117647058823
df265c4dbec5e2131502c736db940ec56099f33d,ignite,False,2017-03-15 16:18:59,ignite,,0,3,1,1,1,0.0,3.0,1.0,6.0,206,184.0,134.0,done,201.0,,False,586.9610437365714,4.7941510378170875,25.0,0.0425922644556629,0.0,0.0,0.9375,2.0,0.4,20.0,0.0
8e5e3cbf35976fc57652906f26c86e25a561b41a,ignite,False,2017-03-15 20:04:31,ignite,,88,35,13,5,1,2.95422911881495,0.6923076923076921,192.384615384615,10.1538461538462,409,358.5,372.0,done,955.0,,False,1633.4555668157789,4.541957774874388,60.333333333333336,0.0374744251876424,0.3333333333333333,0.0,0.8660256410256411,1.3333333333333333,0.2083333333333333,15.666666666666666,0.0
22b6a9a954fd9e56fd96ca94d99165f94bf8ec01,ignite,False,2017-03-15 21:18:51,ignite,,6,6,2,2,1,0.91829583405449,10.0,29.0,56.0,7,7.0,7.0,done,1496.0,,False,417.88905636021053,4.826496369615896,9.0,0.0215368166814165,1.0,0.0,0.5454545454545454,1.0,0.0,22.0,0.0
9020d12fc9dbcf39db545b0c8abfc50a324fbd77,ignite,False,2017-03-17 17:24:15,ignite,,2,2,1,1,1,0.0,17.0,3.0,134.0,3129,1515.2499999999,2295.0,done,1771.0,,False,667.430564828358,4.8554502082509154,27.0,0.0404536463009355,1.0,0.0,0.8421052631578947,1.0,0.4545454545454545,26.0,0.0
baf8a8ca01d7e2fc69b04a77a39f7ff1f8b35727,ignite,False,2017-03-21 11:48:22,ignite,,33,31,5,5,1,2.0687579500292097,0.4,12.0,5.0,91,84.5,74.0,done,280.0,,False,144.4295354570819,4.110744714470199,6.0,0.041542749417642,0.0,0.0,0.6666666666666666,1.0,0.4,17.0,0.0
f475222110e45c9160274a62960d53559fd93b7e,ignite,False,2017-03-21 19:21:36,ignite,,122,155,11,6,1,3.10926953499936,1.3636363636363602,51.7272727272727,25.6363636363636,1627,872.666666666697,1146.0,done,3419.0,,False,710.9008772175757,4.488982211750554,22.458333333333332,0.0336096033786055,0.8333333333333334,0.0,0.8348363528026841,1.8333333333333333,0.3057696166635795,14.708333333333334,0.0
e561069c9f4acfa7d8d133573304e5c58679625f,ignite,False,2017-03-21 19:21:36,ignite,,26,13,2,2,1,0.172036949353114,10.0,4.0,74.5,1626,871.666666666697,1145.0,done,1463.0,,False,1355.0555598948115,4.32792202706437,37.666666666666664,0.0187518597116074,0.6666666666666666,0.0,0.625,1.3333333333333333,0.3148148148148148,12.333333333333334,0.0
ba5f5389fef690a69a0b41d40e7952cef3a2c197,ignite,False,2017-03-21 21:51:30,ignite,,10,10,3,3,1,1.2344977967946398,12.333333333333302,7.66666666666667,113.333333333333,3136,1517.4999999999,2300.0,done,4560.0,,False,557.3396433061733,5.058531084433439,21.5,0.0439449582689737,1.0,0.5,0.5512820512820513,4.0,0.3025210084033613,20.5,0.0
612e92ac99f0b8305ae9efe92dc32cb46eeb9358,ignite,True,2017-03-22 23:31:12,ignite,264.0,658,213,29,9,1,3.56025114093462,0.206896551724138,65.8965517241379,5.58620689655172,42,41.5,37.0,done,311.0,2017-12-12 13:21:27,False,2764.022759719104,5.218366754759797,104.0,0.0376263182473103,2.0,1.0,1.0,1.0,0.1904761904761904,19.0,0.0
31dea23645c3070a329985eceb737f6c352fe100,ignite,False,2017-03-23 00:05:54,ignite,,1,11,1,1,1,0.0,14.0,28.0,52.0,3141,1518.9999999999,2304.0,done,2111.0,,False,1172.8366957014084,5.56405196495692,0.0,0.0,0.0,0.0,0.875,5.0,0.0,38.0,0.0
0765ad32006cbb0ef11669b720e0603b8c6d138f,ignite,False,2017-03-23 01:54:14,ignite,,9,9,5,1,1,1.20864895095306,2.4,9.0,11.0,3143,1520.9999999999,2306.0,done,745.0,,False,385.4995490565423,4.97596465325588,17.0,0.0440986248663719,0.0,0.0,0.2,1.0,0.5,18.0,0.0
9129b7428bd7f2ea02f294b7d5bed4f021f00c3d,ignite,False,2017-03-24 23:11:02,ignite,,89,78,17,7,1,3.2706451571592097,1.8235294117647096,29.470588235294105,41.5882352941176,1633,872.2500000000308,1151.0,done,16798.0,,False,1314.3627481838623,4.552391121671291,38.12,0.0225042501516066,0.68,0.28,0.6034530045267695,3.16,0.2473069381598793,15.6,0.0
00c0f322dd3c6ca0569dfa41ecab8e13d9cdbb29,ignite,False,2017-03-27 18:19:08,ignite,,0,13,1,1,1,0.0,4.0,66.0,12.0,1634,870.083333333365,1152.0,done,247.0,,False,341.83954541669436,4.6050191499572595,11.0,0.0321788398898999,0.0,0.0,0.5,0.0,0.6,15.0,0.0
1308927a61b0efcbe1f68fd894b91c33dba1cb77,ignite,False,2017-03-27 21:56:10,ignite,,2,6,1,1,1,0.0,4.0,112.0,7.0,419,363.5,381.0,done,346.0,,False,4.754887502163468,3.584962500721156,0.5,0.1051549589285762,0.0,0.0,0.0,0.0,0.5,8.0,0.0
eab8334bb49ceda249e742246d26f72539f9fa4c,ignite,True,2017-03-27 22:02:47,ignite,115.0,497,280,19,7,1,2.7286738579423497,0.421052631578947,157.0,9.47368421052632,420,364.5,382.0,done,457.0,2017-07-21 14:04:39,False,387.1333893348354,5.026798309656542,2.5,0.0066062269125942,0.0,0.0,0.8166666666666667,1.0,0.1666666666666666,18.5,0.0
73940a3b5d704f20ac44a644569fb3ee230427a5,ignite,False,2017-03-27 22:14:35,ignite,,5,4,3,3,1,1.53049305675748,8.33333333333333,2.6666666666666696,82.0,1635,871.083333333365,1153.0,done,6026.0,,False,1673.5796355296873,4.6493951129472375,54.666666666666664,0.0257359060534052,0.6666666666666666,1.0,0.4611111111111111,5.0,0.2188034188034188,16.333333333333332,0.0
5626f1c0736a1fe6b4ee0435ee642289885236d7,ignite,False,2017-03-28 00:13:20,ignite,,4,1,1,1,1,0.0,2.0,67.0,18.0,174,174.0,160.0,done,944.0,,False,50.18947501009619,4.25057194545458,3.0,0.0597734883538135,0.0,0.0,1.0,1.0,0.0,12.0,0.0
d91a72c9aed5c52ee66f5c766aeebc1ed25eeea1,ignite,True,2017-03-28 00:35:41,ignite,125.0,13,2,1,1,1,0.0,11.0,0.0,156.0,1637,873.083333333365,1155.0,done,1982.0,2017-07-31 07:37:11,False,562.2697557964193,5.192150272501728,13.0,0.0201422068649055,0.5,1.0,0.7735042735042735,2.5,0.2307692307692307,19.0,0.0
832665e91ef9a51c246e754533367debcb38ba00,ignite,False,2017-03-28 16:44:01,ignite,,4,1,1,1,1,0.0,2.0,67.0,18.0,174,174.0,160.0,done,944.0,,False,50.18947501009619,4.25057194545458,3.0,0.0597734883538135,0.0,0.0,1.0,1.0,0.0,12.0,0.0
738bb1224737ec6368ee944cb8a3bafb67d7b151,ignite,False,2017-03-28 17:49:45,ignite,,37,3,6,5,1,2.34881526468018,1.16666666666667,91.0,13.5,424,368.5,386.0,done,1389.0,,False,872.3031277487072,4.807602311639611,43.0,0.0493174375922017,1.0,0.0,0.9449404761904762,1.5,0.0,18.5,0.0
3a68d8550bfc34be48fd4298f537c4326de3feec,ignite,False,2017-03-28 23:19:56,ignite,,1,1,1,1,1,0.0,11.0,1.0,49.0,3,3.0,2.0,done,650.0,,False,164.2332676057198,4.620426675913511,9.0,0.054800103116785,0.0,0.0,1.0,2.0,0.5,15.0,0.0
22fc1d7ebd55f790077c019cd0e43547e26cd255,ignite,False,2017-03-29 01:32:29,ignite,,16,17,3,3,1,1.25153453263737,8.0,29.6666666666667,41.3333333333333,1640,876.083333333365,1157.0,done,2971.0,,False,330.12945095879496,4.679970595369162,10.333333333333334,0.050531277629974,0.0833333333333333,0.0,0.5390888931330108,0.8333333333333334,0.297089947089947,16.583333333333332,0.0
75d0e7dd5db9df8c18f0378c05a3e41b34b41327,ignite,False,2017-03-29 21:00:41,ignite,,2,1,1,1,1,0.0,16.0,16.0,32.0,4,4.0,3.0,done,2277.0,,False,5739.627611898382,4.808323197290884,70.0,0.0121959131729885,0.0,0.0,0.1923076923076923,0.0,0.0,30.0,0.0
be93b91d31c888d6f088f451732660baeee14a76,ignite,False,2017-03-29 21:01:26,ignite,,19,16,3,1,1,1.33628623116887,4.33333333333333,11.0,29.3333333333333,2,2.0,2.0,done,1557.0,,False,406.95897476005774,4.811229583430521,11.0,0.0465561157112008,1.0,0.0,0.8333333333333334,1.0,0.338095238095238,23.666666666666668,0.0
6c6a9a3082dc350ce805c2bc9d6eeb48dd93a3f6,ignite,False,2017-03-29 21:27:35,ignite,,9,0,2,2,1,0.991076059838222,15.0,2.0,144.0,178,178.0,164.0,done,4099.0,,False,1980.5401489189385,4.931783472505095,63.5,0.0509883727194475,1.0,0.5,0.8484848484848485,1.5,0.4714285714285714,19.0,0.0527777777777777
d3e2afd6db64130b9b4bf110d063d4b2496f5bee,ignite,False,2017-03-29 21:35:27,ignite,,19,16,3,1,1,1.33628623116887,4.33333333333333,11.0,29.3333333333333,2,2.0,2.0,done,1550.0,,False,406.95897476005774,4.811229583430521,11.0,0.0465561157112008,1.0,0.0,0.8333333333333334,1.0,0.338095238095238,23.666666666666668,0.0
7265c13f6f9eff24e504c180bc8eb91a7b28eea7,ignite,False,2017-03-29 21:35:27,ignite,,9,0,2,2,1,0.991076059838222,15.0,2.0,144.0,178,178.0,164.0,done,4099.0,,False,1980.5401489189385,4.931783472505095,63.5,0.0509883727194475,1.0,0.5,0.8484848484848485,1.5,0.4714285714285714,19.0,0.0527777777777777
bafab8d6c3c5cc224a779e28b48ee3e0931a6b5b,ignite,False,2017-03-29 21:35:27,ignite,,2,1,1,1,1,0.0,16.0,16.0,32.0,4,4.0,3.0,done,2277.0,,False,5739.627611898382,4.808323197290884,70.0,0.0121959131729885,0.0,0.0,0.1923076923076923,0.0,0.0,30.0,0.0
9c89b9b3a7f1acc8123477cacc481f6fedf91cf6,ignite,False,2017-03-29 21:36:17,ignite,,2,0,1,1,1,0.0,16.0,12.0,100.0,180,180.0,166.0,done,2539.0,,False,1449.8695720807336,5.397987336413345,44.0,0.0303475573577662,3.0,4.0,0.925925925925926,2.0,0.1764705882352941,26.0,0.0
4e42bb8a1bc9aa863449b86253a30fa88ae07086,ignite,False,2017-03-29 21:37:12,ignite,,1,1,1,1,1,0.0,28.0,0.0,261.0,1642,877.583333333365,1159.0,done,3717.0,,False,3828.557238004499,5.468180978818219,119.0,0.0310822047581622,2.0,1.0,0.696969696969697,2.0,0.3428571428571428,26.0,0.1055555555555555
9642cbd584c44b790daa3ff6f27e0b23931fbca5,ignite,False,2017-03-29 21:40:30,ignite,,0,2,1,1,1,0.0,10.0,8.0,18.0,184,184.0,170.0,done,164.0,,False,1069.4270785427757,3.746206017604824,57.0,0.0532995667901634,0.0,0.0,1.0,0.0,0.0,9.0,0.0
caa16b33ae236efb8b4319ba104e73f87e32f895,ignite,False,2017-03-29 22:01:37,ignite,,3,2,2,2,1,0.7219280948873621,13.0,0.0,50.0,45,44.5,40.0,done,268.0,,False,95.1838730514401,4.391635874011298,4.0,0.0420239256059509,0.0,0.0,1.0,1.0,0.5,18.0,0.0
d0a59309acdd95a9ee6bb858782b514da1ba6077,ignite,True,2017-03-30 01:25:26,ignite,106.0,3,3,2,2,1,1.0,18.0,4.5,153.5,1644,879.583333333365,1161.0,done,5134.0,2017-07-15 01:11:09,False,246.61761539375823,4.809162475138498,10.5,0.0432894606833401,0.0,0.0,0.5833333333333334,3.0,0.45,18.0,0.0
f1351d5a675a9eb22c71c54c5c25fa3b5592cdf9,ignite,False,2017-03-30 01:26:19,ignite,,0,2,1,1,1,0.0,10.0,8.0,18.0,184,184.0,170.0,done,164.0,,False,1069.4270785427757,3.746206017604824,57.0,0.0532995667901634,0.0,0.0,1.0,0.0,0.0,9.0,0.0
48e712377ee48da2b84fbf7f58e2b5a2430ebdc8,ignite,False,2017-03-30 01:26:19,ignite,,2,0,1,1,1,0.0,16.0,12.0,100.0,180,180.0,166.0,done,2539.0,,False,1449.8695720807336,5.397987336413345,44.0,0.0303475573577662,3.0,4.0,0.925925925925926,2.0,0.1764705882352941,26.0,0.0
ec5923a39520ed6b14f5e4d71e8f743badd0e6ab,ignite,False,2017-03-30 01:29:36,ignite,,10,10,3,3,1,1.2344977967946398,12.333333333333302,7.66666666666667,113.333333333333,3136,1517.4999999999,2300.0,done,4577.0,,False,581.9581347856102,5.066187310142769,22.0,0.043551287703528,1.0,0.5,0.5512820512820513,4.0,0.3025210084033613,20.5,0.0
c4e7b4e4756dcee74d4710ae960c73f0f53d6b66,ignite,False,2017-03-30 01:29:36,ignite,,1,11,1,1,1,0.0,14.0,28.0,52.0,3141,1518.9999999999,2304.0,done,2120.0,,False,1172.8366957014084,5.56405196495692,0.0,0.0,0.0,0.0,0.875,5.0,0.0,38.0,0.0
594cd3e93538b7ad0b548a42547e0ea4f535418c,ignite,False,2017-03-30 01:29:36,ignite,,2,1,1,1,1,0.0,5.0,0.0,7.0,3139,1520.4999999999,2302.0,done,369.0,,False,320.0,4.667924304580775,18.0,0.05625,0.0,0.0,0.8333333333333334,1.0,0.625,17.0,0.0
2bcf8f51f2420b33c9602a0ad27bb479dfceaae3,ignite,False,2017-03-30 01:29:37,ignite,,13,2,1,1,1,0.0,11.0,0.0,156.0,1637,873.083333333365,1155.0,done,1982.0,,False,562.2697557964193,5.192150272501728,13.0,0.0201422068649055,0.5,1.0,0.7735042735042735,2.5,0.2307692307692307,19.0,0.0
96286f215ea35dd62fa619109cf6bb6edb5b74f8,ignite,False,2017-03-30 01:29:37,ignite,,16,17,3,3,1,1.25153453263737,8.0,29.6666666666667,41.3333333333333,1640,876.083333333365,1157.0,done,2971.0,,False,330.12945095879496,4.679970595369162,10.333333333333334,0.050531277629974,0.0833333333333333,0.0,0.5390888931330108,0.8333333333333334,0.297089947089947,16.583333333333332,0.0
9f40516e5ec29f1ead4eff6dbc9d3784f5555e52,ignite,False,2017-03-30 01:29:38,ignite,,3,3,2,2,1,1.0,18.0,4.5,153.5,1644,879.583333333365,1161.0,done,5134.0,,False,246.61761539375823,4.809162475138498,10.5,0.0432894606833401,0.0,0.0,0.5833333333333334,3.0,0.45,18.0,0.0
95b48a9ab61a90daf13b51d5ffc06c67de49545a,ignite,False,2017-03-30 01:29:38,ignite,,1,1,1,1,1,0.0,28.0,0.0,261.0,1642,877.583333333365,1159.0,done,3717.0,,False,3828.557238004499,5.468180978818219,119.0,0.0310822047581622,2.0,1.0,0.696969696969697,2.0,0.3428571428571428,26.0,0.1055555555555555
3a7e80164dc6a15f99979063ff214153a637a2f4,ignite,False,2017-03-30 02:41:50,ignite,,2,2,1,1,1,0.0,7.0,13.0,15.0,98,98.0,80.0,done,480.0,,False,36.541209043760986,3.913269689515108,1.0,0.0273663632421801,0.0,0.0,0.5,0.0,1.0,18.0,0.0
31ffef4c741bd469e2014be72bdba87a060d833b,ignite,False,2017-03-30 20:56:40,ignite,,5,1,1,1,1,0.0,36.0,2.0,470.0,6,6.0,5.0,done,6775.0,,False,5507.050684125536,5.857011211691397,86.0,0.0156163443797423,2.0,4.0,0.7121212121212122,13.0,0.1111111111111111,26.0,0.0
c48e3d6288226737b1b0e9ad698481dce9dbdbf8,ignite,False,2017-03-30 21:23:38,ignite,,12,1,1,1,1,0.0,3.0,47.0,4.0,186,186.0,172.0,done,186.0,,False,309.22044018177377,4.8190433439994225,10.5,0.0375917036026947,0.0,0.0,0.375,1.0,0.2777777777777778,16.0,0.0
51d27eb772a227ecbfd6a394c16bea89d945f94e,ignite,False,2017-03-30 21:55:00,ignite,,2,1,1,1,1,0.0,3.0,1.0,3.0,274,270.0,221.0,done,109.0,,False,41.51317942364757,4.199718271451569,3.0,0.0722662065794719,0.0,0.0,1.0,2.0,0.3333333333333333,19.0,0.0
5ce33f3334c1692eed93a07af3eb962b44f7b8cb,ignite,False,2017-03-30 21:55:18,ignite,,3,3,3,3,1,1.58496250072116,7.0,23.3333333333333,34.3333333333333,276,272.0,223.0,done,3382.0,,False,1697.0337296852929,4.84502593234184,53.666666666666664,0.0346878254440237,0.6666666666666666,0.0,0.6702898550724637,0.0,0.4861111111111111,20.666666666666668,0.0
50acffa99f7e256dc96966a205d3ccab411abf6a,ignite,False,2017-03-30 22:14:44,ignite,,1,0,1,1,1,0.0,2.0,1.0,5.0,188,188.0,173.0,done,82.0,,False,153.73110979725664,4.4239819784767835,8.0,0.0520389139878749,0.0,0.0,1.0,0.0,0.25,11.0,0.0
b5ccfe365ff1a1f1ef949b7505f6058b772671c7,ignite,False,2017-03-30 22:20:38,ignite,,12,10,7,3,1,2.59490661824394,4.28571428571429,9.714285714285714,77.4285714285714,286,282.0,233.0,done,5965.0,,False,330.7846405095954,4.472165308083952,11.0,0.0409870712459425,0.6666666666666666,0.2222222222222222,0.7363377363377364,0.8888888888888888,0.5511904761904761,19.666666666666668,0.0
fb32854fd3398cbf812774773c26acdde9a43ebe,ignite,False,2017-03-31 00:38:27,ignite,,8,0,2,1,1,1.0,2.0,33.5,7.5,12,12.0,10.0,done,417.0,,False,259.5971657911106,4.46406084202405,3.0,0.0115563665375838,0.0,0.0,0.2,0.0,0.0,22.0,0.0
f77edc1435bb1621ecee9b65f45f11f29ad44925,ignite,True,2017-03-31 17:18:32,ignite,167.0,4,2,1,1,1,0.0,24.0,3.0,119.0,7,7.0,6.0,done,6456.0,2017-09-15 13:49:07,True,2289.9068632334156,5.47222502276651,102.0,0.0445432963399974,1.0,1.0,0.8918918918918919,1.0,0.6153846153846154,20.0,0.0
7ce61b7d08cb54f5355ae51657a3df37766a30b6,ignite,False,2017-03-31 18:32:04,ignite,,3,0,1,1,1,0.0,4.0,17.0,5.0,14,14.0,11.0,done,396.0,,False,375.9718284403496,5.110484653910381,9.5,0.0252493887632121,1.0,0.0,0.7867647058823529,2.0,0.4642857142857143,23.0,0.0
261a5eeafdc9f7db8446ca6b58896c9a249ee618,ignite,False,2017-03-31 19:53:26,ignite,,1,1,1,1,1,0.0,5.0,16.0,10.0,15,15.0,12.0,done,764.0,,False,303.2413500673362,4.488980027875344,4.0,0.0131908131892691,0.0,0.0,0.5,1.0,0.3333333333333333,26.0,0.0
b44432dd9409591f18d3d34573e32a018a709c4a,ignite,False,2017-03-31 19:56:36,ignite,,2,2,1,1,1,0.0,6.0,0.0,33.0,430,373.0,392.0,done,1390.0,,False,4785.003527735713,4.694874807245346,169.0,0.0353186782455668,1.0,0.0,0.9113924050632912,2.0,0.25,19.0,0.0
5b5c838060e8d0c9160a82caa3b9052d0f5e8d69,ignite,False,2017-03-31 21:01:39,ignite,,0,2,1,1,1,0.0,27.0,1.0,109.0,192,192.0,175.0,done,1905.0,,False,1042.7173252437508,5.1491902854611515,36.0,0.0345251767938011,1.0,0.0,0.8148148148148148,1.0,0.6,17.0,0.0508474576271186
5cf3f05d476407e7a8bcdacb516f8d826c968300,ignite,False,2017-03-31 21:35:44,ignite,,13,3,1,1,1,0.0,7.0,4.0,24.0,292,288.0,239.0,done,140.0,,False,776.4937088801415,4.769421403046487,19.0,0.0244689683673056,0.0,0.0,0.2857142857142857,2.0,0.3333333333333333,25.0,0.0
d0665c17eb2aa84355badf600a3a4d4c493fa811,ignite,False,2017-03-31 23:03:19,ignite,,2,0,1,1,1,0.0,21.0,14.0,97.0,1649,884.416666666698,1164.0,done,2269.0,,False,4177.18174950671,5.38910960126429,102.0,0.0244183772975751,1.0,3.0,0.5238095238095238,1.0,0.2307692307692307,32.0,0.0
9d71e3159ca4cc95e6943e637d7fa74cabf22d77,ignite,True,2017-03-31 23:21:02,ignite,170.0,9,4,2,1,1,0.890491640219491,19.0,9.0,249.5,7,7.0,6.0,done,7083.0,2017-09-18 13:58:10,False,371.39746952432984,4.956289491010651,10.666666666666666,0.0305584351392999,0.0,0.0,0.6277777777777778,1.3333333333333333,0.3968253968253968,20.333333333333332,0.0
15e2024b838533cb1d6e3bd4cdc0e0f21f402896,ignite,False,2017-04-01 02:05:53,ignite,,6,6,1,1,1,0.0,27.0,0.0,110.0,1652,887.416666666698,1165.0,done,1903.0,,False,1042.7173252437508,5.1491902854611515,36.0,0.0345251767938011,1.0,0.0,0.8148148148148148,1.0,0.6,17.0,0.0
481f0210ecc280bd00be3fa473409aeb4a61d7fd,ignite,False,2017-04-01 02:09:51,ignite,,5,18,2,2,1,0.558629373452199,7.5,0.5,84.0,16,16.0,13.0,done,2391.0,,False,475.0681768451496,4.69415914517081,16.0,0.0273416527811632,0.3333333333333333,0.0,0.645755347593583,1.6666666666666667,0.3455988455988456,21.166666666666668,0.0
df2504c8551a00ecc95973eff588cc2cbb6ce725,ignite,False,2017-04-03 17:26:14,ignite,,2,2,2,2,1,1.0,4.5,9.5,7.0,103,99.0,86.0,done,1003.0,,False,156.0801066523054,4.647886951522638,4.0,0.0256278656248657,0.0,0.0,0.6,2.0,0.0,25.0,0.0
d449493a2806055eeed4c37832bf73b08f897ad8,ignite,False,2017-04-03 18:22:32,ignite,,1,0,1,1,1,0.0,12.0,6.0,30.0,105,101.0,87.0,done,124.0,,False,219.61587113893805,3.745088505860621,4.0,0.0182136198957562,0.0,0.0,0.5,2.0,0.5,15.0,0.0
eff3185d790b57118a9eaaa35057d712bc59b3f7,ignite,False,2017-04-03 18:37:45,ignite,,2,1,1,1,1,0.0,25.0,3.0,120.0,91,91.0,86.0,done,6458.0,,False,1728.7124212682218,5.314708434256576,64.0,0.0370217736695894,0.0,0.0,0.8260869565217391,1.0,0.5,18.0,0.0
f223d3eb8122b06e762d82aaad6028bf35924ddb,ignite,False,2017-04-03 19:40:19,ignite,,2,2,1,1,1,0.0,5.0,5.0,6.0,106,102.0,88.0,done,308.0,,False,185.4660401983375,4.462364403639224,7.0,0.0377427586878664,0.0,0.0,0.7142857142857143,0.0,0.75,14.0,0.0
be28dbf72c931ed52b04450dcc46141ed9dcb425,ignite,False,2017-04-03 21:08:39,ignite,,1,2,2,2,1,0.91829583405449,6.0,19.5,15.0,300,296.0,245.0,done,398.0,,False,333.1636947047859,4.9283158073999385,12.0,0.0349238804553829,1.0,0.0,0.4681818181818181,0.0,0.2142857142857142,27.5,0.0
07ecddc5249594dfd70ffc083a3a9a01c802856c,ignite,False,2017-04-03 23:44:42,ignite,,2,2,1,1,1,0.0,21.0,0.0,139.0,304,300.0,247.0,done,1048.0,,False,39.78346361432892,3.92306314550546,2.0,0.0503673561008441,0.0,0.0,1.0,1.5,0.25,16.5,0.0
281efd4b9f0577d55260c7ea53c450e6182085c6,ignite,False,2017-04-04 01:19:30,ignite,,5,1,1,1,1,0.0,5.0,21.0,6.0,306,302.0,249.0,done,152.0,,False,157.89111045234063,4.652884569653642,4.0,0.0253339151807878,0.0,0.0,1.0,1.0,0.4,30.0,0.0
dbe7782fa6c718f60f2fdcea51b23e4213916f99,ignite,False,2017-04-05 23:33:45,ignite,,3,1,2,2,1,1.0,2.0,146.5,3.0,13,13.0,13.0,done,597.0,,False,488.6898184936225,4.004966002671209,23.5,0.0495048327334445,0.0,0.0,1.0,0.0,0.5833333333333333,11.5,0.0
e8b97470180216fba1abf5c4f55c78e8048cd901,ignite,False,2017-04-06 01:04:11,ignite,,23,26,1,1,1,0.0,11.0,7.0,133.0,11,11.0,8.0,done,4657.0,,False,412.415194898388,4.696063411235984,17.23076923076923,0.0409601414461458,0.2307692307692307,0.0769230769230769,0.1776390276390276,2.0,0.2694888444888444,24.0,0.0
3b5a74585eb9e5f236fc09e89a2c9e014f4444e7,ignite,False,2017-04-06 23:16:55,ignite,,11,2,1,1,1,0.0,33.0,0.0,137.0,315,311.0,255.0,done,2669.0,,False,16.253496664211536,4.142914673354254,1.0,0.0615252225819132,0.0,0.0,0.0,1.0,0.0,13.0,0.0
8499de3e8386e496156846461df37e4fc5f06d37,ignite,False,2017-04-07 00:25:19,ignite,,5,8,1,1,1,0.0,6.0,10.0,11.0,317,313.0,256.0,done,325.0,,False,457.7636375313463,4.8342781724923345,22.5,0.049895206952698,1.0,0.0,0.8125,1.0,0.3496503496503496,17.0,0.0
e834498134e3d3924514a7bcc635b74130b9064e,ignite,False,2017-04-07 00:29:19,ignite,,0,3,1,1,1,0.0,9.0,24.0,17.0,318,314.0,257.0,done,361.0,,False,380.5489597580819,4.9457030077569355,13.0,0.0341611760238793,0.0,0.0,0.5,0.0,0.5,21.0,0.0
6204d46506508256930ad704d6d0599900403a5b,ignite,True,2017-04-07 01:02:58,ignite,945.0,2,2,1,1,1,0.0,29.0,6.0,163.0,1657,886.166666666698,1166.0,done,4984.0,2019-11-08 09:48:50,False,4997.496633051903,5.5943873321653435,158.0,0.0316158292043733,1.0,0.0,0.8260869565217391,6.0,0.2647058823529412,24.0,0.0
5c6d5503ef41dea91fac70caa140c1bf798d3c5f,ignite,False,2017-04-07 18:15:05,ignite,,14,4,1,1,1,0.0,11.0,1.0,134.0,153,153.0,118.0,done,4654.0,,False,403.9469123354151,4.803146146774886,16.857142857142858,0.0441932889703641,1.0,0.8571428571428571,0.299092970521542,1.7142857142857142,0.1071428571428571,16.285714285714285,0.0
c824b35293a9e131aec4848323bca94acbc7c2da,ignite,False,2017-04-07 21:44:54,ignite,,2,3,1,1,1,0.0,1.0,84.0,2.0,202,202.0,181.0,done,440.0,,False,686.3934981525387,5.087224974288561,19.0,0.0275143931488101,1.0,1.0,0.4830917874396135,0.0,0.375,19.0,0.0
872f34ad1cb6f85ac0b4f9770a2e71a7286dd390,ignite,False,2017-04-07 22:05:09,ignite,,2,0,1,1,1,0.0,2.0,44.0,3.0,1659,887.5000000000322,1167.0,done,323.0,,False,213.03044134663563,4.909539210300078,9.0,0.0422474832381139,1.0,0.0,1.0,0.0,0.5,16.0,0.0
bc571fce555689a59d575868b4bf4cb66ebba1af,ignite,False,2017-04-07 23:05:27,ignite,,14,14,6,2,1,2.37821162095034,5.33333333333333,5.33333333333333,42.3333333333333,324,320.0,262.0,done,858.0,,False,1328.2039269013626,4.445426915540708,56.0,0.0461896525220975,0.5,0.0,0.7083333333333333,0.25,0.4449404761904761,14.75,0.0
676d6f778c8ffa50f4fbc864e8e3ce00549de34e,ignite,False,2017-04-09 20:30:18,ignite,,1,1,1,1,1,0.0,17.0,10.0,34.0,221,196.0,147.0,done,2287.0,,False,5900.812423914051,4.803240727868585,72.0,0.0122017096676735,0.0,0.0,0.1923076923076923,0.0,0.0,30.0,0.0
c449d6e93ffda3e895615d5958a1b00e476e3ad6,ignite,False,2017-04-10 16:22:03,ignite,,7,0,1,1,1,0.0,12.0,0.0,136.0,154,154.0,119.0,done,4747.0,,False,326.79353933195074,4.763436211826232,13.5,0.0367038242334467,0.0,0.0,0.0555555555555555,0.0,0.0625,12.0,0.0
118baebf800b91089981754e349688b8e07ac517,ignite,False,2017-04-10 17:54:48,ignite,,2,3,1,1,1,0.0,7.0,10.0,9.0,1380,505.749999999991,745.0,done,419.0,,False,1119.9148827196304,5.196749259406621,38.0,0.033931150113587,1.0,0.0,0.9375,3.0,0.25,22.0,0.0
2e996471f7e48c2b6e84bfc453072a9562025a1d,ignite,False,2017-04-10 18:03:41,ignite,,3,3,1,1,1,0.0,18.0,7.0,55.0,1660,886.5000000000322,1168.0,done,560.0,,False,2014.7621805901335,4.349911971750141,13.5,0.0162028193991023,0.0,0.0,0.3478260869565217,0.0,0.0,12.5,0.0
bdf4e1e95bf3b5b117ef55e71916bb59f481ca05,ignite,False,2017-04-10 18:32:45,ignite,,2,0,1,1,1,0.0,7.0,0.0,13.0,1663,889.5000000000322,1170.0,done,648.0,,False,1487.6671690806315,5.3593916313873775,1.0,0.0006721933647416,0.0,1.0,0.6206896551724138,0.0,0.0,34.0,0.0
5fbbc37669bcf0557a98d8ab70c3dbb79ebcd340,ignite,False,2017-04-10 18:40:37,ignite,,17,0,2,2,1,0.997502546369115,2.5,250.5,3.5,53,53.0,51.0,done,1345.0,,True,1834.4914434234856,5.349051477212113,34.5,0.0150273143374306,0.5,0.0,0.4,1.0,0.225,24.0,0.0
782ff0a39b154ab03b698155717a5cbaf6e3865b,ignite,False,2017-04-10 19:00:32,ignite,,13,6,1,1,1,0.0,5.0,14.0,6.0,206,206.0,184.0,done,196.0,,False,302.627697999753,4.555527255555991,6.0,0.0198263412095375,0.0,0.0,0.2142857142857142,0.0,0.25,32.0,0.0
89e9dbe484312c251f02c9fbe9698c3ac2e03df8,ignite,False,2017-04-10 22:36:33,ignite,,3,0,1,1,1,0.0,17.0,0.0,67.0,7,7.0,2.0,done,1354.0,,False,699.9468016997689,5.0237950109186436,22.0,0.0314309601052174,1.0,0.0,0.4,0.0,0.3846153846153846,21.0,0.0
a1919d154d0c7c23022b528afbbc525790964bf1,ignite,False,2017-04-10 23:02:55,ignite,,5,1,1,1,1,0.0,11.0,0.0,35.0,16,16.0,16.0,done,632.0,,False,2116.2842754947133,4.821752998303064,46.0,0.0217362102684653,0.0,0.0,0.5588235294117647,0.0,0.2857142857142857,34.0,0.0
b4e6e4a4abe0c3ca28ac58dccfc64c3682d69c36,ignite,False,2017-04-10 23:52:12,ignite,,0,1,1,1,1,0.0,21.0,0.0,143.0,330,326.0,265.0,done,1069.0,,False,116.75790004038474,4.481452551389661,4.0,0.0342589237954473,1.0,0.0,0.0,1.0,0.6666666666666666,23.0,0.0
f2c9d6cd0f22974aa4e1db99cd519a954b18dd4c,ignite,False,2017-04-11 01:00:02,ignite,,5,1,1,1,1,0.0,24.0,14.0,242.0,333,329.0,266.0,done,2296.0,,False,346.7937417270812,4.644416824175608,18.0,0.0519040508353971,0.0,0.0,0.7777777777777778,2.0,0.6,17.0,0.0
b2441db0d75e26946c751cb6a4eaa2a2d2eb1e4a,ignite,False,2017-04-11 01:39:06,ignite,,6,4,1,1,1,0.0,0.0,0.0,0.0,3,3.0,3.0,done,102.0,,False,310.22902139731207,4.6088574196159415,10.0,0.0322342505383883,1.0,0.0,1.0,0.0,0.8,13.0,0.0
edfa353eba7c87c802df9e32678cb253549949b3,ignite,True,2017-04-11 04:39:49,ignite,188.0,20,7,2,1,1,0.605186576633421,5.0,325.5,20.0,1,0.5,1.0,done,512.0,2017-10-16 12:55:57,False,682.9065989627417,4.917616965031198,28.0,0.0410012145768233,0.0,0.0,0.7619047619047619,0.0,0.4375,28.0,0.0
da7093add24a8efb6cf55f9e6686ec3d44c52ba5,ignite,False,2017-04-11 18:12:53,ignite,,3,7,2,2,1,0.7219280948873621,12.5,8.5,116.0,1668,893.916666666699,1174.0,done,2893.0,,False,346.5549520375152,4.7687306683970485,13.0,0.0380123598566476,0.5,0.5,0.3333333333333333,1.5,0.45,25.0,0.0
3e86c511b0aef0d4edc75e411be98c8b56b6b0a4,ignite,False,2017-04-11 20:38:26,ignite,,21,9,2,2,1,1.0,19.5,5.5,126.5,20,20.0,17.0,done,4574.0,,False,838.3530215625722,5.02443113658546,28.5,0.045087738649541,0.5,0.0,0.7208333333333334,2.25,0.4258333333333333,20.5,0.0
20016a20f780eb3c21f249d3cb74d08018c4eea5,ignite,False,2017-04-11 20:54:06,ignite,,3,1,1,1,1,0.0,17.0,0.0,68.0,9,9.0,4.0,done,1357.0,,False,699.9468016997689,5.0237950109186436,22.0,0.0314309601052174,1.0,0.0,0.4,0.0,0.3846153846153846,21.0,0.0
2a6afe5286b105e5e45097391f78e85ec2cd1fde,ignite,False,2017-04-11 21:09:32,ignite,,6,1,1,1,1,0.0,21.0,0.0,145.0,1671,896.916666666699,1176.0,done,1105.0,,False,345.9474732050231,4.796693278332673,16.0,0.0462497958194876,1.0,1.0,0.0,1.0,0.4285714285714285,14.0,0.0
2068a7510b09e193a33ae074b5161f1166399b7e,ignite,False,2017-04-11 21:24:02,ignite,,3,3,1,1,1,0.0,1.0,0.0,1.0,10,10.0,8.0,done,81.0,,False,946.3099137114124,5.3533066377132155,37.0,0.0390992416584611,1.0,0.0,0.4285714285714285,0.0,0.5714285714285714,24.0,0.0
0390391870c759e1c5d65605b94a9bcbf3e9e67c,ignite,True,2017-04-12 01:06:54,ignite,159.0,31,13,5,2,1,1.88991684531999,0.4,0.0,1.4,11,11.0,9.0,done,250.0,2017-09-18 08:35:17,False,724.1481463624243,5.112072498486559,28.5,0.0410877242949484,1.0,0.0,0.5833333333333333,1.5,0.45,21.5,0.0
b9867ebbab8c9712e02df00007d56c075d5c61a6,ignite,False,2017-04-12 01:53:46,ignite,,1,3,2,1,1,1.0,11.5,21.0,91.0,1674,899.916666666699,1178.0,done,222.0,,False,1061.6019834237568,4.773038212174502,17.0,0.0160135345124107,1.0,1.0,0.24,1.0,0.2,37.0,0.0
5cded42e8a45cd799122061499e0c95b00803504,ignite,False,2017-04-12 18:43:49,ignite,,5,1,1,1,1,0.0,19.0,0.0,83.0,336,332.0,268.0,done,871.0,,False,851.7233503201933,5.187679074469709,4.0,0.004696360618147,0.0,0.0,0.875,1.0,0.75,24.0,0.0
78836682d85b4faf4ecd1631758f6c4a2e26bd77,ignite,False,2017-04-12 19:27:39,ignite,,6,2,2,2,1,0.811278124459133,12.0,0.0,115.5,1676,901.416666666699,1179.0,done,1983.0,,False,655.7766716806045,4.918474911039402,9.5,0.0186585561294933,0.0,0.0,0.5953947368421053,1.0,0.75,24.5,0.0
2b6826e13deff5b174ad6188f6fd636e455c93d4,ignite,True,2017-04-12 21:39:47,ignite,146.0,5,1,1,1,1,0.0,15.0,1.0,89.0,218,218.0,187.0,done,1784.0,2017-09-06 13:04:52,False,1878.9787576648775,5.329867758568293,58.0,0.0308678316683474,0.0,0.0,0.7692307692307693,2.0,0.2,29.0,0.0
21dcef207f7bc2beab7fa50a4346b2a33fd34611,ignite,False,2017-04-12 21:43:10,ignite,,0,4,1,1,1,0.0,16.0,0.0,54.0,56,55.5,50.0,done,271.0,,False,2828.8647070888,3.88783905802888,111.0,0.0392383558400114,0.0,0.0,1.0,0.0,0.0,13.0,0.0
b066f6094997fd3b1b21e624f5599781320cfa83,ignite,False,2017-04-13 00:33:17,ignite,,17,0,1,1,1,0.0,3.0,30.0,5.0,221,221.0,190.0,done,517.0,,False,377.4612320340413,4.821596230740584,18.5,0.0488579366284768,0.5,0.0,0.7714285714285715,2.0,0.2928571428571428,15.0,0.0
a563ba0556d940cc3665973b6098758786db72c1,ignite,False,2017-04-13 18:48:36,ignite,,3,1,1,1,1,0.0,20.0,25.0,63.0,23,23.0,20.0,done,2440.0,,False,672.8568295830602,4.350150588926437,28.0,0.0416136074851917,0.0,0.0,0.4,1.0,0.6666666666666666,15.0,0.0
76485fc3eb4baf9c1e1e60e77dd904330db837b4,ignite,False,2017-04-13 19:24:42,ignite,,16,5,2,1,1,0.985228136034252,3.5,15.5,5.5,0,0.0,0.0,done,1155.0,,False,301.5564081812466,4.718426739824673,11.0,0.0372555484999827,0.5,0.0,0.6458333333333334,0.5,0.3875,15.0,0.0
ea02f6a025994a7f0567ac1959ff03cf1cb9d982,ignite,False,2017-04-13 23:59:56,ignite,,12,6,1,1,1,0.0,24.0,0.0,244.0,102,102.0,82.0,done,2296.0,,False,2124.320108020677,5.2095548120156066,56.0,0.0267747044767901,1.0,2.0,0.5615779645191411,0.6666666666666666,0.5696078431372549,24.0,0.0
d7c0b52f963c0cf21f77ba69ef5abb2a4b99b067,ignite,False,2017-04-14 15:51:06,ignite,,0,2,1,1,1,0.0,1.0,3.0,2.0,111,107.0,92.0,done,167.0,,False,310.0,4.571136557139853,15.0,0.0483870967741935,0.0,0.0,1.0,1.0,0.3333333333333333,12.0,0.0
4b8dc799fcd0173576e7e3439d5c7e88531fd1b7,ignite,False,2017-04-14 19:26:34,ignite,,5,0,1,1,1,0.0,24.0,0.0,245.0,103,103.0,83.0,done,2302.0,,False,3026.7161648300103,5.501905411618291,75.0,0.0247793304411853,1.0,1.0,0.6065573770491803,2.0,0.5714285714285714,27.0,0.0
346373a75387ea0e1c07bb7a5824c7910faf78e6,ignite,False,2017-04-18 00:32:21,ignite,,2,2,2,2,1,1.0,14.5,1.5,207.0,104,104.0,84.0,done,4220.0,,False,173.02564785153544,4.5712837872510885,9.5,0.0578512128380579,0.5,0.5,0.8333333333333333,2.5,0.2777777777777778,16.0,0.0
90bd8b58d44a263722451709aaca04e0f6f16184,ignite,False,2017-04-18 01:16:49,ignite,,2,2,1,1,1,0.0,10.0,3.0,17.0,1693,915.5000000000308,1189.0,done,348.0,,False,276.0406062864184,4.241197487163436,6.0,0.010962381535778,0.5,0.0,0.1818181818181818,0.5,0.125,13.5,0.0
56e83a82430c5e608f61fd9770b744e2df28f1d2,ignite,False,2017-04-18 09:27:14,ignite,,178,72,6,3,2,2.0279424484392603,5.83333333333333,1.8333333333333304,25.8333333333333,295,172.5,0.687224864955953,done,114.0,,False,788.7516169382245,5.0454628934180175,35.0,0.0443739185421425,0.0,0.0,1.0,1.0,0.4375,16.0,0.0
227599fbbd007427d817284d8be64386e18c4e7e,ignite,False,2017-04-18 18:09:52,ignite,,1,1,1,1,1,0.0,12.0,1.0,36.0,158,158.0,122.0,done,1088.0,,False,436.39810378076373,4.698808866274283,8.0,0.0183318853374739,1.0,0.0,0.375,0.0,0.6,30.0,0.0
ce8d0ba5df050a4ca66f240b7192918998e9cef7,ignite,True,2017-04-18 19:46:20,ignite,492.0,17,2,1,1,1,0.0,15.0,35.0,53.0,229,203.0,155.0,done,1025.0,2018-08-24 15:17:33,False,2413.0858097089776,5.358688506438669,40.0,0.0165762857827356,0.0,0.0,0.7419354838709677,1.0,0.6,39.0,0.0
375830d5e06384c4c58b6f792224bcd69a0d4323,ignite,False,2017-04-18 21:42:54,ignite,,10,11,1,1,1,0.0,2.0,36.0,2.0,226,226.0,193.0,done,201.0,,False,342.76996894657526,4.534614257087431,8.0,0.0235671018848754,0.0,0.0,0.3166666666666666,0.0,0.3095238095238095,24.0,0.0
84479b5a28bae8230d9ce79f6d86b2512ef9a658,ignite,False,2017-04-18 21:44:15,ignite,,2,1,1,1,1,0.0,18.0,0.0,39.0,228,228.0,195.0,done,2240.0,,False,80.0,4.382572286300106,3.0,0.0375,0.0,0.0,0.5,0.0,0.6666666666666666,25.0,0.0
862d8af0a27974eec76665a8d336a4be4c08361a,ignite,False,2017-04-18 21:45:56,ignite,,10,11,1,1,1,0.0,2.0,36.0,2.0,226,226.0,193.0,done,201.0,,False,342.76996894657526,4.534614257087431,8.0,0.0235671018848754,0.0,0.0,0.3166666666666666,0.0,0.3095238095238095,24.0,0.0
c4d81808c3cc002f1c71afb275361b728a84440b,ignite,True,2017-04-18 21:46:06,ignite,492.0,2,1,1,1,1,0.0,18.0,0.0,39.0,228,228.0,195.0,done,2240.0,2018-08-24 15:17:33,False,80.0,4.382572286300106,3.0,0.0375,0.0,0.0,0.5,0.0,0.6666666666666666,25.0,0.0
364c38661a1864e0b823be737998ed66927d11ca,ignite,False,2017-04-19 00:40:27,ignite,,2,0,1,1,1,0.0,4.0,0.0,6.0,1696,918.166666666697,1191.0,done,357.0,,False,1016.2624817848528,4.956368062834996,24.0,0.0236159461066092,1.0,0.0,0.4545454545454545,0.0,0.3333333333333333,23.0,0.0
0da51d4110ab13f42f0ee5a2fc3181fc50656cd4,ignite,False,2017-04-19 00:40:55,ignite,,10,10,1,1,1,0.0,9.0,4.0,16.0,1698,920.166666666697,1193.0,done,1078.0,,False,1308.063703713706,4.741212041177579,60.333333333333336,0.0460887403318763,0.0,0.0,0.5323565323565324,0.3333333333333333,0.0969696969696969,17.666666666666668,0.0
9b21c85d6ec0cdbba8cbf2382559a8ef5a82e15c,ignite,False,2017-04-19 00:43:21,ignite,,2,0,1,1,1,0.0,4.0,0.0,6.0,1696,918.166666666697,1191.0,done,324.0,,False,1214.1936599640526,4.962716712155444,28.0,0.0230605717384728,1.0,0.0,0.4166666666666667,0.0,0.3333333333333333,23.0,0.0
f82ed01807c80b36b7e361a5800ea131c1431c14,ignite,False,2017-04-19 00:43:28,ignite,,10,10,1,1,1,0.0,9.0,4.0,16.0,1698,920.166666666697,1193.0,done,1078.0,,False,1308.063703713706,4.741212041177579,60.333333333333336,0.0460887403318763,0.0,0.0,0.5323565323565324,0.3333333333333333,0.0969696969696969,17.666666666666668,0.0
9ce62e64a7abfc59799f4edf8d057a12c7a0d11d,ignite,False,2017-04-19 12:45:08,ignite,,4,4,1,1,1,0.0,1.0,7.0,1.0,60,60.0,58.0,done,168.0,,False,46.50699332842307,3.913269689515108,1.0,0.0215021425474272,0.0,0.0,1.0,1.0,0.0,16.0,0.0
d38348432a2b8b66999c6410ec4f5c1ef050191d,ignite,False,2017-04-19 18:46:31,ignite,,34,0,1,1,1,0.0,21.0,4.0,106.0,3151,1473.58333333327,2310.0,done,1546.0,,False,5823.01422418543,5.686997040601909,123.0,0.0211230808073813,5.0,7.0,0.6056338028169014,4.0,0.25,27.0,0.0
c812cc843e3fdfbc17a99920247320af997b3aa4,ignite,False,2017-04-19 19:30:15,ignite,,3,2,2,2,1,0.970950594454669,13.5,4.0,142.5,8,8.0,7.0,done,3041.0,,False,433.5774626449524,4.709099538780965,24.0,0.0539219269035021,0.5,1.0,0.9,1.5,0.5555555555555556,19.5,0.0
553288b11d9d6ed2f8cd9c612399944533d64988,ignite,False,2017-04-19 19:36:42,ignite,,0,2,1,1,1,0.0,5.0,13.0,61.0,16,16.0,12.0,done,1452.0,,False,1261.2060638584824,5.100312110101712,79.0,0.0626384555734775,0.0,0.0,0.4210526315789473,8.0,0.3181818181818182,16.0,0.0
fb1dea79e6bbdadd5152818276d71b77c5f18942,ignite,False,2017-04-19 20:03:21,ignite,,4,4,1,1,1,0.0,1.0,7.0,1.0,60,60.0,58.0,done,168.0,,False,46.50699332842307,3.913269689515108,1.0,0.0215021425474272,0.0,0.0,1.0,1.0,0.0,16.0,0.0
5dab5fb65d97921d7e28e04283a3d47d00c44a25,ignite,False,2017-04-19 20:22:00,ignite,,27,27,2,1,1,0.9841095278800528,4.5,0.0,11.0,1701,923.166666666697,1196.0,done,653.0,,False,714.4000456826883,4.601178655539684,29.4,0.0416724773590007,0.0,0.0,0.514320462146549,0.2,0.3,20.8,0.0
7b2e38882010776c3ea29662fa25e71da97bd946,ignite,False,2017-04-19 23:03:40,ignite,,224,175,31,5,1,4.583464816698791,0.032258064516129,0.032258064516129,0.0645161290322581,0,0.0,0.0,done,912.0,,False,328.4786159701973,4.857767090644575,15.5,0.047180718849366,0.5,0.0,0.5227272727272727,0.0,0.4444444444444444,35.0,0.0
b1822da3d29951d727f91c9dedc91e168f727e26,ignite,False,2017-04-19 23:53:28,ignite,,1,2,1,1,1,0.0,7.0,4.0,10.0,3152,1472.9166666666,2311.0,done,2683.0,,False,1029.4625336383224,5.195666449662466,30.0,0.0291414199348995,1.0,0.0,0.391304347826087,0.0,0.125,21.0,0.0
88ce993f7b2a9e8d1c23781f880b46cf4994dbaf,ignite,False,2017-04-20 17:06:11,ignite,,1,1,1,1,1,0.0,31.0,1.0,296.0,3155,1474.9999999999302,2314.0,done,4809.0,,False,1060.2945601180904,5.248931114451395,31.0,0.0292371583954437,0.0,0.0,0.8,1.0,0.6428571428571429,24.0,0.0
457dcdbba78bcbd63f50c5f83433c4935651fe17,ignite,False,2017-04-20 19:32:06,ignite,,38,39,20,7,1,3.9548879262243,1.0,37.65,18.45,101,101.0,96.0,done,13614.0,,False,492.9387703233058,4.645625718126401,12.4375,0.045545378068782,0.0625,1.0625,0.6800249829661594,2.25,0.2572172619047619,19.375,0.0
22826bc93dc2f186ef6e129d687a28b1c1f384b0,ignite,False,2017-04-20 20:44:08,ignite,,14,14,1,1,1,0.0,8.0,0.0,22.0,19,19.0,15.0,done,589.0,,False,5713.577326749154,5.578049118156393,165.0,0.0288785800145772,2.0,4.0,0.7719298245614035,3.0,0.2758620689655172,25.0,0.0
75c760aa0f16aee7c1a77c9d1a87114f141659ab,ignite,False,2017-04-20 22:47:45,ignite,,18,16,2,2,1,0.6722948170756379,7.0,19.0,20.5,20,20.0,16.0,done,912.0,,False,3663.602468340908,5.596850129056522,102.0,0.0258356355462861,2.0,2.5,0.6938559322033898,2.0,0.3333333333333333,23.5,0.0
1be7d4a8cba88ffdca35d9d2936d2f92a51f02db,ignite,False,2017-04-20 23:16:41,ignite,,24,19,1,1,1,0.0,16.0,24.0,58.0,338,333.0,270.0,done,1088.0,,False,1780.1316067749365,5.227470380928916,54.666666666666664,0.0330152914703723,1.3333333333333333,0.3333333333333333,0.7714424951267057,2.6666666666666665,0.5085638998682477,26.666666666666668,0.0
d1f637f799c307b34ddabd7abb8d2f0dcf9d73b3,ignite,False,2017-04-21 00:35:12,ignite,,10,8,1,1,1,0.0,19.0,3.0,86.0,3157,1472.9166666666,2316.0,done,875.0,,False,940.7914973733318,5.141300615268992,4.0,0.0042517391060271,0.0,0.0,0.8888888888888888,1.0,0.75,24.0,0.0
217c6be2650fa77e8ba295a682f6549a1e3c2be0,ignite,False,2017-04-21 01:39:45,ignite,,29,1,5,5,1,1.98324590009608,2.0,0.0,33.6,468,406.5,428.0,done,1401.0,,False,2667.7954914669176,4.562757534582205,106.5,0.039993476137009,1.0,0.0,0.8908196721311475,1.5,0.2341269841269841,20.0,0.0
1aeaf2070a56f1dd6a867108e0d54038f7985446,ignite,False,2017-04-21 18:48:51,ignite,,6,0,1,1,1,0.0,12.0,1.0,21.0,21,21.0,17.0,done,882.0,,False,160.5691977002624,4.554615334445382,7.0,0.0444497575463368,1.0,0.0,0.6,0.0,0.5,27.0,0.0
39abe5ee8c918c0866627ad30813f361f6ab8145,ignite,False,2017-04-21 20:26:23,ignite,,11,4,2,1,1,0.566509506552905,10.5,42.5,94.0,1704,924.666666666697,1198.0,done,2608.0,,False,714.452634867158,5.2282275878219515,19.0,0.0247181205420955,0.5,0.0,0.6947368421052631,2.0,0.5044642857142857,27.5,0.0
04e0822e686734626ede2d8cf1dd33e851ad9838,ignite,False,2017-04-21 20:48:25,ignite,,23,14,1,1,1,0.0,12.0,0.0,49.0,1705,925.666666666697,1199.0,done,500.0,,False,699.8381675320658,5.148702323081988,13.0,0.0185757230787278,0.0,0.0,0.6923076923076923,1.0,0.625,26.0,0.0
ca8ad03b8089ae3b2b466a727aeaa3c1080f8b50,ignite,False,2017-04-21 21:27:34,ignite,,1,1,1,1,1,0.0,10.0,35.0,23.0,23,23.0,23.0,done,266.0,,False,68.53238859703687,4.158592489772476,2.0,0.0291832816707992,0.0,0.0,0.25,1.0,0.5,12.0,0.0
ad7e4a092c9efc9cf7417437b7875dc91eee0f8a,ignite,False,2017-04-21 23:08:52,ignite,,549,21,22,12,1,3.0093336291028603,0.8636363636363641,19.4545454545455,25.6363636363636,470,408.5,430.0,done,3301.0,,False,1316.9409364675544,4.843647802288599,54.6,0.0475997803944473,1.4,1.0,0.8309990009990009,1.6,0.3415079365079365,16.8,0.0
a4d91484384ff2e0323fa9375083621e87d2f5e2,ignite,False,2017-04-22 00:41:27,ignite,,4,2,1,1,1,0.0,29.0,0.0,182.0,32,32.0,31.0,done,2450.0,,False,958.8708170459802,5.279060420419469,41.0,0.0427586274095918,2.0,0.0,0.8888888888888888,3.0,0.4117647058823529,23.0,0.0
0292ce00b20a1cdf7852f213e17190d80d42f2b3,ignite,False,2017-04-22 01:42:25,ignite,,1,3,1,1,1,0.0,14.0,36.0,69.0,339,331.5,271.0,done,857.0,,False,1643.204936035663,5.020082360742456,55.0,0.0334711750152668,0.0,0.0,0.7727272727272727,2.0,0.375,25.0,0.0
a4e8296f3ccc2fa532f7ac5f4ac28ed68b1ab3e5,ignite,False,2017-04-22 15:42:54,ignite,,3,5,1,1,1,0.0,5.0,3.0,7.0,3162,1474.9999999999402,2319.0,done,365.0,,False,1048.2094431850653,4.887045640809416,39.0,0.0372063047643374,0.0,0.0,1.0,1.0,0.5,20.0,0.0
f2996710da39063723eda8aa0793d16362a0613f,ignite,False,2017-04-24 16:38:01,ignite,,2,2,1,1,1,0.0,12.0,81.0,62.0,232,232.0,199.0,done,723.0,,False,857.4782378223567,4.951776349404096,22.0,0.0256566278065213,0.0,0.0,0.5454545454545454,1.0,0.3636363636363636,37.0,0.0
b41ecd1e0b9dc6199a618e8d4df740c96372eba1,ignite,False,2017-04-24 22:59:30,ignite,,1,1,1,1,1,0.0,2.0,42.0,4.0,3167,1473.7499999999402,2323.0,done,287.0,,False,1716.5390412468826,5.424491639639153,19.0,0.0110687840727458,1.0,0.0,0.6666666666666666,2.0,0.4375,25.0,0.0
26c222bd46e5fc725c2ad20815078792298d7869,ignite,False,2017-04-25 02:20:41,ignite,,9,8,2,2,1,0.522559374536941,6.5,182.0,17.5,233,233.0,200.0,done,1345.0,,False,965.1601740948092,5.157744019760791,21.0,0.0214730476471198,0.0,0.0,0.6243679327918458,0.5,0.3888888888888889,20.5,0.0
e4a926b2825eee507e1f58a3c1b19fdc2ac80cb4,ignite,False,2017-04-25 16:02:26,ignite,,17,7,4,4,1,1.5487949406954,3.5,7.5,12.25,239,212.5,165.0,done,995.0,,False,266.11217513200035,4.82666501718312,9.666666666666666,0.0411592880977313,0.0,0.0,0.6190476190476191,1.3333333333333333,0.5185185185185185,17.666666666666668,0.0
8702da9558570043c9e458a903c78d8015d919e8,ignite,False,2017-04-25 16:04:50,ignite,,17,7,4,4,1,1.5487949406954,3.5,7.5,12.25,239,212.5,165.0,done,995.0,,False,266.11217513200035,4.82666501718312,9.666666666666666,0.0411592880977313,0.0,0.0,0.6190476190476191,1.3333333333333333,0.5185185185185185,17.666666666666668,0.0
8a5266e787d181dd98aeb3c597ea64e9c39af6ae,ignite,False,2017-04-25 17:42:56,ignite,,25,32,1,1,1,0.0,35.0,5.0,147.0,3168,1474.7499999999402,2324.0,done,2678.0,,False,410.4266587143224,4.204278531070719,12.454545454545457,0.0890560846343838,0.1818181818181818,0.0,0.4449832321218164,1.0,0.3434816549570648,15.545454545454543,0.0
81d9dcb60d077c829af828a10a3250ed066c8ab1,ignite,False,2017-04-25 23:08:11,ignite,,3,0,1,1,1,0.0,18.0,0.0,143.0,345,336.5,274.0,done,2156.0,,False,1126.5480697161631,5.33130018922545,39.0,0.0346190287377849,2.0,0.0,0.7142857142857143,1.0,0.3684210526315789,21.0,0.0
30ba7698dfcf2e9eb4376afb704e0ab615ffde5e,ignite,False,2017-04-26 00:48:07,ignite,,2,1,1,1,1,0.0,29.0,5.0,107.0,108,108.0,87.0,done,2360.0,,False,91.3765181293825,3.911138128793537,1.0,0.0109437306265497,0.0,0.0,0.4,1.0,0.0,18.0,0.0
401b7a0b76e8372841e4170b14de75da7f45fa76,ignite,False,2017-04-26 01:30:03,ignite,,47,5,1,1,1,0.0,18.0,0.0,144.0,346,336.0,275.0,done,2159.0,,False,2088.794756466205,5.422333923333773,66.25,0.0348564286371686,1.0,0.5,0.7351167471819646,3.25,0.4289414414414414,28.0,0.0
7d33dd50b152eed29d9995dfd37403cda27f46a2,ignite,False,2017-04-26 12:31:25,ignite,,30,24,1,1,1,0.0,12.0,277.0,47.0,1386,501.3333333333261,99.0,done,384.0,,False,255.14260014153055,4.741185270469939,8.666666666666666,0.0315078393118288,0.0,0.0,0.4809523809523809,0.1666666666666666,0.3611111111111111,19.0,0.0
4be320ac44f29b927f8b487caa00479fa6add3ff,ignite,False,2017-04-26 16:59:13,ignite,,13,13,1,1,1,0.0,6.0,0.0,8.0,1706,922.916666666697,1200.0,done,585.0,,False,244.0,3.782373515364913,12.0,0.0491803278688524,0.0,0.0,0.0,1.0,0.0,7.0,0.0
760cf952d20dc302a208ee1a57abd874c7f8ad7b,ignite,False,2017-04-26 22:58:53,ignite,,13,5,1,1,1,0.0,1.0,211.0,3.0,1708,924.916666666697,1202.0,done,479.0,,False,2429.5729964247303,5.799681553537295,19.0,0.0078203042378062,1.0,0.0,0.8214285714285714,1.0,0.2941176470588235,21.0,0.0
96f5cf5af4d00c142c901ffd64379cb569fa87e1,ignite,False,2017-04-27 01:18:28,ignite,,38,48,6,4,1,2.31445446967458,2.0,1.0,33.1666666666667,475,413.5,435.0,done,1411.0,,False,4249.976290921037,4.549501962865325,148.5,0.0349811261146308,1.0,1.0,0.8910027328147992,2.0,0.2071428571428571,18.0,0.0
f4d233cedebdf9d7487bf733fcde2f72adebd8c0,ignite,False,2017-04-27 10:20:38,ignite,,4,4,1,1,1,0.0,1.0,0.0,1.0,36,27.5,32.0,done,214.0,,False,447.0,4.582822839390255,14.0,0.0162037037037037,0.0,0.0,0.3695652173913043,0.0,0.3214285714285714,19.0,0.0
ff13240c428439327b0de7efd8bad4bc773a093c,ignite,False,2017-04-27 17:45:03,ignite,,3,38,5,3,2,1.5985934667663,9.0,128.0,107.4,169,169.0,0.4472477100770929,done,4582.0,,False,1219.804244907768,4.75524353205008,38.333333333333336,0.0360722447717629,0.0,0.0,0.8823529411764706,0.6666666666666666,0.5810185185185185,17.0,0.0078431372549019
34f92907779bedaaf38a1842c87b0922787ae159,ignite,False,2017-04-27 18:28:40,ignite,,1,1,1,1,1,0.0,8.0,2.0,29.0,171,171.0,107.0,done,163.0,,False,1295.7257206763577,3.925821628518095,51.0,0.0393601818549827,0.0,0.0,1.0,0.0,0.5,13.0,0.0
8dc3a4cb1f0eb32503a2524fd91d5178843dce6b,ignite,False,2017-04-27 18:33:48,ignite,,1,3,1,1,1,0.0,44.0,0.0,491.0,173,173.0,108.0,done,4367.0,,False,39.86313713864835,4.0559581516151235,2.0,0.0501716659439968,0.0,0.0,1.0,1.0,0.5,14.0,0.0
a0731f31016c3076f90ab0c2b9d038b80a6594ba,ignite,False,2017-04-27 18:34:57,ignite,,3,3,1,1,1,0.0,31.0,0.0,110.0,3170,1475.2499999999402,2326.0,done,2364.0,,False,1422.8847878225697,4.926572084210567,52.0,0.0365454746898905,0.0,0.0,0.925,2.0,0.4375,16.0,0.0
24bb2328bca08238c917bf87ee9a9053e32ef328,ignite,False,2017-04-27 21:39:32,ignite,,1,1,1,1,1,0.0,1.0,6.0,1.0,174,174.0,109.0,done,116.0,,False,679.5257954347983,5.1662128159058645,17.0,0.0250174461576141,0.0,0.0,0.75,0.0,0.1428571428571428,28.0,0.0
7bfff3b89bddb6ae19bc6b045198baa0fab33154,ignite,False,2017-04-27 21:49:51,ignite,,6,6,1,1,1,0.0,8.0,0.0,20.0,176,176.0,110.0,done,1496.0,,False,1494.7198464517708,5.141189271821652,38.333333333333336,0.0301593368138344,0.0,0.0,0.5613095238095238,0.0,0.4459083589518371,22.333333333333332,0.0
d4b6fec1c2bbf6f73b114f6d5446655d0b66fb48,ignite,False,2017-04-27 23:53:03,ignite,,1,1,1,1,1,0.0,12.0,1.0,33.0,3173,1477.2499999999402,2328.0,done,389.0,,False,226.17809780285063,4.371418871113685,10.0,0.0442129458915007,0.0,0.0,1.0,1.0,0.0,17.0,0.0
f5fe301e12a8e3418b78a4299e7e59818263a22b,ignite,False,2017-04-28 01:35:53,ignite,,1,1,1,1,1,0.0,9.0,17.0,26.0,1713,925.416666666697,1207.0,done,1011.0,,False,2744.5719856749033,5.712820018118642,26.0,0.0094732439650718,1.0,0.0,0.6153846153846154,4.0,0.1428571428571428,19.0,0.0
c67dc6f81c3c69fd58c3440fd8ab524edbd18d8d,ignite,False,2017-04-28 20:06:01,ignite,,50,35,3,3,1,0.8514147507180458,9.0,0.0,148.666666666667,348,338.0,277.0,done,5024.0,,False,1552.569473489435,5.091587182048062,45.166666666666664,0.0323485190635933,1.0,0.5,0.659791520918633,2.0,0.5238264271225731,26.833333333333332,0.0
0e8e5dd99ec647a33f090cde02cf7cddf4a9b24c,ignite,False,2017-04-28 20:06:41,ignite,,24,24,3,3,1,1.32501121082418,1.0,4.0,2.6666666666666696,250,223.0,174.0,done,322.0,,False,464.0842589809777,4.710345947976814,16.0,0.0344764979427061,0.0,0.0,0.6,1.0,0.0,17.0,0.0
cc528344169ab89453ad376a3ee8ff2b56a7513f,ignite,False,2017-04-28 21:48:30,ignite,,38,43,2,2,1,0.635489638182683,13.5,0.0,199.5,349,339.0,278.0,done,4416.0,,False,2178.0430855852437,5.381019791623966,64.25,0.0330042146555845,1.25,0.75,0.7456265179113539,2.25,0.5162878787878787,30.0,0.010204081632653
03586bc7c75e4b18aba9bdb875e5a7d7a77de062,ignite,False,2017-04-28 22:01:12,ignite,,46,31,1,1,1,0.0,18.0,0.0,148.0,350,340.0,279.0,done,2222.0,,False,1063.2471878675526,5.183695774157992,38.333333333333336,0.0370614151975983,1.3333333333333333,0.0,0.8281660242444556,1.6666666666666667,0.468975468975469,29.666666666666668,0.0
8374f6c919c3ba46a8138af7638a000e4c22778b,ignite,False,2017-04-28 23:02:03,ignite,,25,9,1,1,1,0.0,18.0,0.0,149.0,351,341.0,280.0,done,2237.0,,False,1974.352853108259,5.298428422277394,63.0,0.0366231924006021,1.6666666666666667,0.6666666666666666,0.7902099511072763,1.6666666666666667,0.5129785247432306,29.333333333333332,0.0
3a10973e3555ea1bd23f59da84b936db1b656755,ignite,False,2017-04-28 23:34:31,ignite,,1,4,1,1,1,0.0,18.0,0.0,150.0,352,342.0,281.0,done,2253.0,,False,584.259810223064,5.270164276257877,21.0,0.0359429138074419,1.0,0.0,0.7142857142857143,4.0,0.3571428571428571,28.0,0.0
28edd6171f273eb3e039d42135cae2fb89a4e3df,ignite,False,2017-05-03 21:04:10,ignite,,4,5,2,1,1,0.991076059838222,3.5,160.5,16.0,24,24.0,20.0,done,1461.0,,False,1085.1897131412,5.008072317382174,38.0,0.0359994593709454,1.3333333333333333,1.0,0.5079051383399209,0.0,0.1606060606060606,25.333333333333332,0.0
c0da061f90dcd56f345c3c70a49bd82f0f5e6111,ignite,False,2017-05-03 21:29:21,ignite,,9,5,1,1,1,0.0,3.0,0.0,8.0,236,236.0,203.0,done,173.0,,False,285.64292577412743,4.541360979550305,9.5,0.0337298437557991,0.0,0.0,0.875,0.5,0.7333333333333334,21.5,0.0
7d288c7671fadea9345c8842fbf1a26c21eaa5f6,ignite,False,2017-05-04 19:35:35,ignite,,0,5,1,1,1,0.0,4.0,0.0,9.0,184,184.0,114.0,done,318.0,,False,1397.4933985749628,5.3376042222203335,53.0,0.0379250449798507,2.0,6.0,1.0,1.0,0.0909090909090909,15.0,0.0
9cf52ace2943eb8a48ab944f449691e2c5b72982,ignite,False,2017-05-05 21:20:59,ignite,,3,2,2,2,1,0.970950594454669,22.0,0.0,249.5,245,245.0,210.0,done,7714.0,,False,727.3940623484465,4.87661856549513,23.5,0.0327386127127664,0.5,0.0,0.5111111111111111,1.5,0.2892857142857142,23.5,0.0
1aa2fe740c2d1db9f98aeeaa88844e9baecc1953,ignite,False,2017-05-08 18:11:02,ignite,,21,5,1,1,1,0.0,1.0,2.0,1.0,246,246.0,211.0,done,101.0,,False,404.09041853515606,4.835614435172005,18.0,0.0445444860218431,0.0,0.0,1.0,1.0,0.1428571428571428,15.0,0.0
f6ea4a1b2269ac97708860afceb84da2f31f1a29,ignite,False,2017-05-08 20:15:34,ignite,,6,1,1,1,1,0.0,1.0,0.0,2.0,248,248.0,213.0,done,117.0,,False,442.1700286678584,4.902746694133229,18.0,0.0407083222131297,0.0,0.0,0.9230769230769232,1.0,0.1428571428571428,15.0,0.0
5dc989624da19f400f69f2ea61cfa1d26659739a,ignite,False,2017-05-09 03:17:42,ignite,,2,1,1,1,1,0.0,15.0,12.0,44.0,0,0.0,0.0,done,1051.0,,False,209.2150500951926,4.812839626229655,9.0,0.0430179377435084,0.0,0.0,0.6,3.0,0.4,18.0,0.0
a14a594d2168c7e5bda56bc0cdc2492c5ffc1f82,ignite,True,2017-05-09 21:27:17,ignite,98.0,32,28,1,1,1,0.0,1.0,0.0,2.0,252,252.0,217.0,done,578.0,2017-08-16 14:59:11,False,1109.4726416852743,4.7974564520170295,36.166666666666664,0.0333055542092335,0.8333333333333334,0.0,0.7541155721547877,0.1666666666666666,0.2611208236208236,22.333333333333332,0.0
b039d05a34d8970ee3cbee5cf98ad9e5369772d2,ignite,False,2017-05-10 00:17:40,ignite,,2,2,2,2,1,1.0,10.5,0.0,43.5,164,164.0,128.0,done,4212.0,,False,352.1992067684826,4.604253718907323,9.0,0.0344622529967267,0.5,0.0,0.5606060606060606,0.5,0.0,21.0,0.0
7ea5830a5f28bb52db3efa6955f505e731e87f90,ignite,True,2017-05-12 07:06:05,ignite,52.0,21,80,1,1,1,0.0,11.0,21.0,24.0,1387,489.249999999994,749.0,done,529.0,2017-07-03 09:14:59,False,391.7220997121699,4.76051945516296,6.333333333333333,0.0468559212058713,0.0,0.0,0.5,1.6666666666666667,0.4583333333333333,16.0,0.0
dacf973ef8580ff649fc2dafd5a55a420edf7759,ignite,False,2017-05-16 18:25:44,ignite,,30,27,2,2,1,0.742487569542124,27.5,8.5,341.0,64,64.0,62.0,done,16732.0,,False,700.7735603536694,5.161422081148527,25.5,0.0365024765589893,1.0,0.0,0.8,2.0,0.458974358974359,20.5,0.0
88593b6dd872a5ce7d157d75ece907b628736a99,ignite,False,2017-05-16 19:29:36,ignite,,18,9,1,1,1,0.0,6.0,49.0,9.0,3182,1446.83333333329,2336.0,done,1797.0,,False,88.0,4.586862334388671,5.0,0.0568181818181818,1.0,0.0,0.0,1.0,0.5,12.0,0.0
601722a3937bbc4d1305436d36739519ca645f5e,ignite,False,2017-05-16 22:26:50,ignite,,1,3,1,1,1,0.0,30.0,4.0,272.0,355,335.0,283.0,done,3685.0,,False,4650.988334764292,5.48695104840758,134.0,0.0288110806467526,1.0,0.0,0.6823529411764706,3.0,0.2857142857142857,27.0,0.0
eb80b4096a1705c7e2313ab006322f93fc49b0f4,ignite,False,2017-05-16 23:06:09,ignite,,7,27,1,1,1,0.0,18.0,1.0,153.0,357,336.0,284.0,done,2253.0,,False,2514.9731977575843,5.182630364738425,73.0,0.0312951396392123,1.0,0.5,0.6218071519795657,2.5,0.4974747474747474,25.75,0.0
57efac0331bfa13a09ec1fcc979b6943014245df,ignite,False,2017-05-16 23:22:53,ignite,,2,1,1,1,1,0.0,2.0,0.0,2.0,257,257.0,222.0,done,286.0,,False,699.5445253364838,4.8864165572012075,32.0,0.0457440503656402,0.0,0.0,1.0,1.0,0.3571428571428571,12.0,0.0
99acdb5605192d473fd5f0711090887054892020,ignite,True,2017-05-17 00:09:06,ignite,300.0,6,1,1,1,1,0.0,2.0,0.0,3.0,259,259.0,223.0,done,551.0,2018-03-13 13:18:54,False,609.595693692594,5.002486053107663,41.0,0.0672576929663735,1.0,2.0,0.3333333333333333,3.0,0.5625,19.0,0.0
73fc01c4f021854e3fdc5c9a3bfe9a0650a77055,ignite,False,2017-05-17 01:32:48,ignite,,337,5,14,8,1,2.6938132417402296,1.35714285714286,14.9285714285714,30.71428571428569,484,416.0,444.0,done,1794.0,,False,632.9016904665675,4.479789792207527,23.666666666666668,0.0384822458940942,1.3333333333333333,0.6666666666666666,0.7791666666666667,1.6666666666666667,0.1111111111111111,15.666666666666666,0.0
6d3821b92e252ba834da793295400eb8bf6d0813,ignite,False,2017-05-17 17:35:47,ignite,,6,11,4,3,1,1.85122681589719,0.75,30.5,4.0,40,40.0,34.0,done,5963.0,,False,4350.861770837666,4.885884603590966,135.0,0.0473429970900264,1.0,11.5,0.7811363085132186,1.5,0.30774068698597,21.5,0.0
2a5a410316acf04934152bf267b199218ea6763b,ignite,False,2017-05-17 18:02:33,ignite,,7,4,1,1,1,0.0,2.0,1.0,2.0,41,41.0,35.0,done,1283.0,,False,647.5708563653304,5.322885570920384,13.5,0.0200077648560464,0.5,0.0,0.7424242424242424,0.5,0.3875,22.5,0.0
bc4209bac205a682729d8ab174348bf188356565,ignite,True,2017-05-17 18:52:01,ignite,526.0,6,2,3,3,1,1.5,1.0,17.0,12.0,261,261.0,225.0,done,3718.0,2018-10-26 12:16:40,False,214.2839304408745,4.442882847431999,6.666666666666667,0.0307576644237405,0.0,0.0,0.8047619047619047,0.6666666666666666,0.75,20.666666666666668,0.0
29a608314aa03471a5513d06322da2d7a48631ed,ignite,False,2017-05-17 19:03:01,ignite,,0,2,1,1,1,0.0,2.0,0.0,14.0,262,262.0,226.0,done,3134.0,,False,135.93368043019473,4.289962713844938,6.0,0.0441391712562446,0.0,0.0,1.0,0.0,1.0,17.0,0.0
44f276aa50945271d8a1f7d65d04df954ded04ef,ignite,False,2017-05-17 20:49:05,ignite,,13,15,2,1,1,0.222284830685688,5.0,11.5,17.5,9,9.0,8.0,done,1364.0,,False,449.26568878470465,4.731203284297433,23.785714285714285,0.0534271007950223,0.8571428571428571,0.0,0.4576179944968764,0.0714285714285714,0.2293391132676846,17.214285714285715,0.0
794e1d3643021319e7aaa0707b288bf6791b44be,ignite,True,2017-05-18 11:42:07,ignite,151.0,111,273,49,35,1,4.58834987371127,1.0612244897959202,162.122448979592,10.0,0,0.0,0.0,done,26087.0,2017-10-16 12:55:57,False,60.540789937185,4.025652398862096,2.3333333333333335,0.0204812596885882,0.0,0.0,0.5185185185185185,0.2222222222222222,0.3148148148148147,12.22222222222222,0.0
ac85a7abe4d0da7bdd8a013e5cbd4976b26e0be7,ignite,True,2017-05-18 18:15:39,ignite,392.0,3,4,2,2,1,0.8631205685666309,15.5,30.5,106.0,3185,1441.33333333329,2338.0,done,2821.0,2018-06-15 08:31:33,False,70.33821172706644,4.083301233168633,3.0,0.0441261373797629,0.0,0.0,0.625,1.0,0.25,18.0,0.0
91b6b13e16788fd528766b0954f0d843b27e3a23,ignite,False,2017-05-18 20:03:00,ignite,,18,6,1,1,1,0.0,14.0,6.0,100.0,26,26.0,22.0,done,857.0,,False,734.6709084218526,4.517783895913708,15.0,0.0204173049838348,0.0,0.0,1.0,1.0,0.8571428571428571,24.0,0.0
59bc11bcc4338ab44a19ec80dd2ba3d62544808e,ignite,False,2017-05-18 21:10:40,ignite,,1,3,1,1,1,0.0,2.0,1.0,2.0,42,42.0,36.0,done,93.0,,False,131.68575291675114,4.518623149244563,13.0,0.098719866895687,0.0,0.0,1.0,2.0,0.6666666666666666,15.0,0.0
f90cae22a8f444d5975b3b2ee1e8181f970e9296,ignite,False,2017-05-19 02:43:34,ignite,,8,3,1,1,1,0.0,2.0,0.0,5.0,267,267.0,231.0,done,135.0,,False,270.8915750127054,5.062513493609915,8.0,0.02953211077024,1.0,0.0,0.3333333333333333,0.0,0.0,15.0,0.0
17007b8589fb7d3fe9ed60ea39af1879b41140aa,ignite,False,2017-05-19 19:11:45,ignite,,6,2,1,1,1,0.0,1.0,3.0,2.0,269,269.0,233.0,done,449.0,,False,161.66617507355792,4.762000391662784,6.0,0.037113514915968,0.0,0.0,0.25,0.0,0.5,14.0,0.0
c3ddea4cd25192ea9cd0cb590f64daffb57f4444,ignite,False,2017-05-19 19:27:10,ignite,,1,2,1,1,1,0.0,44.0,0.0,199.0,270,270.0,234.0,done,10299.0,,False,15.509775004326936,3.725480556997867,1.0,0.0644754678724236,0.0,0.0,1.0,0.0,1.0,10.0,0.0
1924873b26d0704eb188faa3d6f4e6a4730ac126,ignite,True,2017-05-20 01:50:04,ignite,128.0,45,25,10,4,1,3.07448668448536,0.3,1.2,3.1,1720,909.666666666696,1211.0,done,2464.0,2017-09-25 10:28:42,False,923.4979429471967,4.973628355676582,30.928571428571427,0.0329173609607513,0.6428571428571429,0.0,0.7032426846336621,0.7142857142857143,0.325809325386393,18.928571428571427,0.0
39b440fccf5aee8d37aaa742b84e7f286b259c2e,ignite,False,2017-05-20 02:37:50,ignite,,2,17,2,2,1,0.742487569542124,1.5,0.0,9.5,1721,910.666666666696,1212.0,done,5471.0,,False,736.5900902160021,4.767516807455429,22.0,0.0344097174498794,1.3333333333333333,1.0,0.7833333333333333,0.3333333333333333,0.5767195767195767,23.0,0.0
3f92485680647353f2cf9e774f6c4b891072e1ee,ignite,False,2017-05-22 17:09:23,ignite,,8,8,2,2,1,0.5435644431995961,1.5,2.0,4.0,272,272.0,236.0,done,241.0,,False,728.4513239041072,4.9972352515172025,28.0,0.0384377089877949,0.0,0.0,0.95,1.0,0.4545454545454545,17.0,0.0
05c6c4ebfba2f820eb1bdfec57cd4fe353d83b49,ignite,False,2017-05-22 17:18:51,ignite,,20,8,1,1,1,0.0,3.0,2.0,3.0,1723,911.4166666666948,1213.0,done,159.0,,False,738.4945042671787,4.9274209036528855,28.5,0.038690639432925,1.5,0.0,0.6470588235294118,0.5,0.4305555555555556,17.0,0.0
4c575f0f433659760b2f17ea80cbc55d24109551,ignite,False,2017-05-22 18:14:37,ignite,,17,1,1,1,1,0.0,3.0,2.0,3.0,43,43.0,37.0,done,375.0,,False,731.3610640736814,4.871510489800889,17.8,0.0287622786004426,0.6,0.0,0.5918360071301247,0.2,0.3674242424242424,18.2,0.0
89d0cd2e925b3cd45ec8137b3e06d83fa6c8e55e,ignite,False,2017-05-22 18:26:49,ignite,,1,7,1,1,1,0.0,3.0,0.0,4.0,45,45.0,38.0,done,391.0,,False,504.6426221872951,4.746227922687092,18.0,0.0356688064158786,0.0,0.0,0.8,1.0,0.4285714285714285,17.0,0.0
90717b4b7230ca5f5e0fd9318d0aa0a6f5e48064,ignite,False,2017-05-22 18:51:28,ignite,,17,17,1,1,1,0.0,3.0,2.0,3.0,273,273.0,237.0,done,951.0,,False,880.262305079307,5.2671390840556835,35.5,0.0387458572790561,1.25,0.0,0.6729166666666667,0.25,0.244144013880856,21.5,0.0
cd17ee0fee9c3c5fba357f1190e5ffbe9a7e3681,ignite,False,2017-05-22 20:36:27,ignite,,2,2,1,1,1,0.0,30.0,5.0,273.0,27,27.0,23.0,done,3733.0,,False,4650.988334764292,5.48695104840758,134.0,0.0288110806467526,1.0,0.0,0.6823529411764706,3.0,0.2857142857142857,27.0,0.0
f3bb4740c3da5a32df03fd8ef2f08ace6ed9ffdc,ignite,False,2017-05-22 21:46:41,ignite,,11,1,1,1,1,0.0,1.0,6.0,3.0,274,274.0,238.0,done,2329.0,,False,335.0,4.929970612085713,16.0,0.0477611940298507,0.0,0.0,0.6,10.0,0.1875,11.0,0.0
a760e6e72a716f59a0110954c1efb665215cfcaf,ignite,True,2017-05-22 21:56:58,ignite,45.0,8,8,3,3,1,1.2987949406954,10.0,4.0,37.3333333333333,48,48.0,40.0,done,396.0,2017-07-07 15:55:41,False,821.5741375084945,4.885059224708325,19.5,0.0284092198354335,0.75,0.0,0.5364023870417732,0.0,0.3806818181818182,18.5,0.0
e78441c03b2cb1e4d5d6f26462e98eb88b2720c9,ignite,False,2017-05-22 22:15:11,ignite,,9,5,3,3,1,1.4926140680171298,7.66666666666667,25.6666666666667,52.3333333333333,275,275.0,239.0,done,3454.0,,False,326.9769564855337,4.834921567532898,16.0,0.0489331118986908,0.0,0.0,0.6666666666666666,10.0,0.25,14.0,0.0
ca94cf3d6c708218ef22aa40c07c436c75360bc6,ignite,False,2017-05-22 23:45:10,ignite,,224,46,12,6,1,3.07829186265037,1.16666666666667,113.083333333333,14.0,488,420.0,448.0,done,1544.0,,False,310.2596447538531,4.589010339209902,10.0,0.0324702003369224,0.0,0.0,0.275,1.0,0.0,10.0,0.0
5582ebf55083e991d9889fba2f87c1e6c850fa67,ignite,True,2017-05-23 20:29:35,ignite,3.0,20,20,1,1,1,0.0,30.0,0.0,186.0,193,193.0,121.0,done,2487.0,2017-05-27 12:07:01,False,960.1753007102687,5.16584151745051,39.333333333333336,0.0412298722501311,1.0,0.0,0.7962962962962963,1.6666666666666667,0.4224400871459695,23.333333333333332,0.0
e1c825f034f4951c647aea9293f18bd0953b44e3,ignite,False,2017-05-24 00:25:04,ignite,,83,3,4,4,1,1.4263649560306,4.25,14.0,16.0,31,31.0,27.0,done,618.0,,False,784.7251022751582,5.248660092685219,27.0,0.0344069533671329,2.0,0.0,0.6428571428571429,1.0,0.2727272727272727,21.0,0.0
8de68c68eda96c9e24f3f89fb7bd90202d799502,ignite,False,2017-05-24 00:45:27,ignite,,12,4,3,2,1,1.06127812445913,8.66666666666667,1.0,91.0,359,323.5,286.0,done,3963.0,,False,1785.410912407947,5.115124661097405,55.666666666666664,0.034558816994178,1.0,3.6666666666666665,0.6666666666666666,0.6666666666666666,0.1752055660974067,26.0,0.0
dc3450e34db9f882a372a02777dc3122fceb8ca5,ignite,False,2017-05-24 02:46:58,ignite,,96,46,3,2,1,0.213293774185053,0.666666666666667,5.0,3.0,1,1.0,1.0,done,2338.0,,False,853.036066672272,5.249710223638825,34.0,0.0403123146732783,1.0,0.5,0.7916666666666667,1.5,0.4904306220095693,19.0,0.0
b8875870257b8dc867283368067eb4387d7d9859,ignite,False,2017-05-24 05:45:34,ignite,,1,1,1,1,1,0.0,12.0,27.0,48.0,300,168.500000000001,15.0,done,390.0,,False,267.18895473201644,4.788264563050818,9.0,0.0336840271298892,0.0,0.0,0.5,0.0,0.4,19.0,0.0
d8eeea84bef33d33470052fbb86c96d75490c9b8,ignite,True,2017-05-24 17:19:26,ignite,51.0,11,7,3,3,1,1.12211367710911,6.66666666666667,313.0,22.0,5,5.0,3.0,done,2090.0,2017-07-15 01:11:09,True,3252.159360962708,5.340368137576668,105.0,0.0328199664083921,1.5,15.0,0.8096264367816092,0.5,0.3568181818181818,22.0,0.0
ffb4f3c2f17b308ce841c4798c5eb5dcf49602d7,ignite,False,2017-05-25 16:14:21,ignite,,3,1,1,1,1,0.0,44.0,2.0,500.0,1395,486.4999999999949,756.0,done,3653.0,,False,1299.4079995923328,4.955282041461768,34.0,0.0261657616473555,1.0,0.0,0.7567567567567568,2.0,0.5714285714285714,26.0,0.0
a245d620a6c4ca5c560171dcb6f69fa879a17481,ignite,True,2017-05-25 16:43:19,ignite,115.0,126,62,8,5,1,2.29021811195188,4.5,3.875,36.125,280,280.0,243.0,done,5964.0,2017-09-18 14:02:14,False,400.8360816965197,4.590300378459623,13.9375,0.0605141650877312,0.3125,0.375,0.7715031362007169,1.1875,0.4803757721037133,15.375,0.0
59b88f5fef05e36cc50962d156e78b539f136e13,ignite,False,2017-05-26 02:25:48,ignite,,7,5,1,1,1,0.0,6.0,29.0,9.0,283,283.0,245.0,done,363.0,,False,256.3645614571831,4.7289531696802545,17.0,0.0663866554150595,1.0,0.0,0.4444444444444444,1.0,0.6,18.0,0.0
874096f33a68e61d96dfce2ef3af0f354b4ce102,ignite,False,2017-05-26 17:54:59,ignite,,7,1,1,1,1,0.0,45.0,0.0,202.0,285,285.0,247.0,done,10382.0,,False,153.80110650593844,4.677418704467279,8.0,0.0520152304605891,1.0,0.0,0.0,2.0,0.25,13.0,0.0
13c5a5f37a448c5fde66538ff522ff2582db6146,ignite,False,2017-05-26 18:02:37,ignite,,4,4,1,1,1,0.0,45.0,0.0,203.0,286,286.0,248.0,done,10388.0,,False,162.84823041805248,4.637871511775518,8.0,0.0491254954350008,1.0,0.0,0.0,2.0,0.25,12.0,0.0
164e3188f303b3565a53634be713917b0f6e2e85,ignite,False,2017-05-26 22:08:57,ignite,,16,11,1,1,1,0.0,6.0,8.0,9.0,360,322.5,287.0,done,469.0,,False,327.8856177582995,4.764579488884526,5.0,0.0152492202438892,0.0,0.0,0.5,1.0,0.25,26.0,0.0
e59d3890ce4d50b6627e731c13dad36ae05959b4,ignite,False,2017-05-28 03:05:26,ignite,,2,2,1,1,1,0.0,2.0,526.0,7.0,201,201.0,4.0,done,333.0,,False,442.2045377012025,4.426458981408717,13.0,0.0293981605606772,0.0,0.0,0.8571428571428571,0.0,0.5,15.0,0.0
e0b2053e663c76a17b262940cef33399d30ec824,ignite,False,2017-05-29 17:03:39,ignite,,7,2,1,1,1,0.0,2.0,3.0,3.0,0,0.0,0.0,done,913.0,,False,979.9255223796764,4.887520391732204,31.0,0.0316350572487578,1.0,1.0,0.8214285714285714,1.0,0.4545454545454545,34.0,0.0
0f8af137caa6d2ab5bd00ea33a34d4a969adff2b,ignite,False,2017-05-29 23:23:17,ignite,,7,14,3,2,1,1.50996861263682,10.3333333333333,133.333333333333,88.6666666666667,0,0.0,0.0,done,4906.0,,False,108.68426756434567,4.062161460433914,0.6666666666666666,0.0666666666666666,0.0,0.0,0.1818181818181818,1.0,0.0,13.0,0.0
281d105f65f3dfd04c4ffa0ee82d052335506d93,ignite,False,2017-06-02 17:18:40,ignite,,0,4,2,1,1,1.0,2.5,10.5,9.0,1730,902.7500000000272,1217.0,done,587.0,,False,926.3451469479168,4.585203692447935,14.5,0.0079291720683381,0.5,1.5,0.3333333333333333,0.0,0.1176470588235294,19.5,0.0
79ab48b876f2cd8c1b2fe18dea0492c9f2483694,ignite,False,2017-06-02 23:14:15,ignite,,6,4,2,1,1,0.881290899230693,5.0,22.5,8.0,3196,1420.66666666663,2346.0,done,743.0,,False,989.9369450828872,5.069092923647991,35.0,0.035264504593016,0.5,2.5,0.6736111111111112,0.0,0.3693181818181818,18.0,0.0
2e93148fa79f484b5f03e913626cf60bc8cbff2f,ignite,False,2017-06-03 22:56:14,ignite,,1,0,1,1,1,0.0,0.0,0.0,0.0,215,215.0,140.0,done,191.0,,False,1990.7638488405812,5.5556136257793165,35.0,0.0175811912700664,1.0,1.0,0.475,1.0,0.3333333333333333,23.0,0.0
1d0b0765134a81e6626a9ef1c70939085f954847,ignite,False,2017-06-05 17:06:44,ignite,,39,47,1,1,1,0.0,27.0,5.0,116.0,26,26.0,26.0,done,1916.0,,False,1081.7789971961447,4.971610769964214,20.0,0.0362226428682443,0.3333333333333333,0.0,0.7641494684177611,2.3333333333333335,0.3666666666666667,22.333333333333332,0.0
0ce28c6462870f8b6ff798aa6e9236ade490f540,ignite,False,2017-06-05 18:33:47,ignite,,4,7,1,1,1,0.0,44.0,1.0,509.0,3198,1415.8333333332998,2348.0,done,4005.0,,False,635.3254493310789,5.266856579983585,28.0,0.0440719005188295,0.0,0.0,0.8,2.0,0.3181818181818182,16.0,0.0
1ed088c2874345b42bdd97546e94c25657cf00ee,ignite,False,2017-06-05 21:29:24,ignite,,26,0,2,1,1,0.235193381819241,2.5,1.5,3.5,218,218.0,143.0,done,506.0,,False,339.56464712934473,4.41341287950097,11.0,0.0262944702575572,0.25,0.0,0.4301470588235294,0.0,0.2976190476190476,18.0,0.0
2485b984d78331605ff184a893e4fb22c15c77f9,ignite,False,2017-06-05 23:14:29,ignite,,118,26,6,5,1,2.0029321355550502,3.8333333333333295,17.0,21.0,71,69.0,64.0,done,1562.0,,False,378.329558951884,4.58293914366931,11.0,0.0290751799316822,0.0,0.0,0.2307692307692307,1.0,0.0,10.0,0.0
ae4d0739bc59a034e7f9abeb6bc67c1c7c0e7c48,ignite,False,2017-06-06 01:03:40,ignite,,9,11,1,1,1,0.0,1.0,3.0,1.0,220,220.0,145.0,done,285.0,,False,1707.3573643347045,5.454154997183778,52.0,0.03045642411263,0.0,0.0,0.8928571428571429,1.0,0.5217391304347826,26.0,0.0
986c07a0788b5c73c0f1afcd4fb8eee2f1a84a12,ignite,False,2017-06-06 05:16:36,ignite,,3,3,2,2,1,0.91829583405449,1.0,0.0,2.5,223,223.0,148.0,done,266.0,,False,381.4731158997894,4.862708032977565,30.0,0.0786425012657531,0.0,0.0,1.0,2.0,0.3571428571428571,14.0,0.0
eaf8e14ad44d69471fd6c1561b14a2ec849b4252,ignite,False,2017-06-06 16:38:58,ignite,,5,0,1,1,1,0.0,5.0,1.0,5.0,3200,1416.2499999999698,2350.0,done,122.0,,False,88.0,3.959962500721156,1.0,0.0113636363636363,0.0,0.0,0.1666666666666666,0.0,0.0,14.0,0.0
70eea2aa641437a4c74f90f61dfd8fd1de56b08e,ignite,False,2017-06-06 19:31:35,ignite,,5,2,1,1,1,0.0,5.0,1.0,24.0,3204,1418.2499999999698,2353.0,done,3173.0,,False,448.33910688951215,4.738104989731025,9.5,0.0315450530103946,0.5,0.0,0.9615384615384616,1.5,0.0625,16.0,0.0
a2e173053fcd2c3f194ea1907341f18afc7f8adc,ignite,False,2017-06-06 20:13:56,ignite,,2,2,1,1,1,0.0,1.0,0.0,1.0,1736,904.33333333336,1221.0,done,297.0,,False,607.2001622795799,4.904115957773158,14.0,0.023032096186424,0.0,0.0,0.2720588235294118,0.0,0.365079365079365,27.0,0.0
915ea32e5fbe73fbc58255328081003251706850,ignite,False,2017-06-06 20:47:39,ignite,,1,1,1,1,1,0.0,2.0,0.0,4.0,224,224.0,149.0,done,266.0,,False,385.0,4.874071669341202,30.0,0.0779220779220779,0.0,0.0,1.0,2.0,0.3571428571428571,14.0,0.0
98cdcfdff72aa5a7ec9efb9b7f06a67b56c4ab0d,ignite,True,2017-06-06 21:44:38,ignite,30.0,25,7,1,1,1,0.0,28.0,1.0,117.0,3205,1418.7499999999698,2354.0,done,1908.0,2017-07-07 14:44:16,False,743.2549874620161,5.007415432604863,14.714285714285714,0.025267197875846,0.2857142857142857,0.0,0.7191592959885643,1.2857142857142858,0.5261904761904762,20.714285714285715,0.0
5c77dab546f1eded908fd74a51eaef59054e038c,ignite,False,2017-06-08 18:33:13,ignite,,27,2,5,5,1,1.94686429210791,2.8,10.4,42.4,513,444.5,473.0,done,1468.0,,False,2762.663291592804,4.562001500707382,109.0,0.0395316489723885,1.0,0.0,0.88507326007326,1.5,0.2555555555555555,20.0,0.0
d5ecf0a7e1683a060cd5c0b1dd2ba0d49c678947,ignite,False,2017-06-08 19:29:21,ignite,,57,2,7,5,1,2.5989347977704003,2.0,0.285714285714286,40.4285714285714,514,445.5,474.0,done,1470.0,,False,5327.373408989905,4.43648759999538,181.5,0.0340910032850607,1.0,1.0,0.8948452035992069,2.0,0.2071428571428571,18.0,0.0
eff3e09cb66738e987f7993a7d68e2278c4afe95,ignite,False,2017-06-08 22:58:10,ignite,,5,5,1,1,1,0.0,1.0,0.0,3.0,1742,908.916666666693,1226.0,done,133.0,,False,113.65612840636872,4.17245652090535,4.5,0.0605018211375248,0.0,0.0,0.25,1.5,0.3958333333333333,11.5,0.0
975c9bc480decb5a06d7cda5434745e5b264d401,ignite,False,2017-06-08 23:47:46,ignite,,72,14,14,4,1,3.04740315349433,3.5,1.42857142857143,45.07142857142861,374,323.0,301.0,done,5690.0,,False,52.238414282695125,3.960254184335522,1.6666666666666667,0.0979805377949387,0.0,0.0,0.1111111111111111,1.6666666666666667,0.4285714285714285,10.666666666666666,0.0
4479f2135116d5f8a587af58a20feb5eb2c93e5e,ignite,False,2017-06-09 16:56:08,ignite,,58,40,1,1,1,0.0,1.0,2.0,2.0,3206,1412.0833333333096,2355.0,done,4301.0,,False,938.344651232234,5.212899329684598,41.57142857142857,0.039586416054225,0.8571428571428571,0.0,0.4360905760905761,1.7142857142857142,0.2620208738629791,22.428571428571427,0.0
03ec10757f62118753a7bfa02749c21c6eea3d51,ignite,False,2017-06-09 20:41:52,ignite,,2,0,1,1,1,0.0,3.0,74.0,3.0,228,228.0,152.0,done,266.0,,False,731.5638368973979,4.654170587363268,26.0,0.0355403024160781,1.0,0.0,0.8333333333333334,2.0,0.7777777777777778,16.0,0.0
ffe1a010c9452954aabd091b25e3dc47128acdcd,ignite,False,2017-06-09 23:20:07,ignite,,1,1,1,1,1,0.0,27.0,1.0,225.0,1747,913.166666666693,1229.0,done,6695.0,,False,166.9080620655929,4.91007355953623,4.0,0.0239652893365213,0.0,0.0,0.75,0.0,0.5,14.0,0.0
f9ed6120baa6d0db826f1e58f4fd7b791711734a,ignite,False,2017-06-10 00:15:28,ignite,,3,5,1,1,1,0.0,6.0,0.0,29.0,1748,914.166666666693,1230.0,done,3064.0,,False,1839.1082943944568,5.103207134994749,55.0,0.0299057973734544,1.0,0.0,0.9310344827586208,0.0,0.5454545454545454,21.0,0.0
d38dfcd5c4a49b6ec4be1cfdb4f28f7d152cd14a,ignite,False,2017-06-13 19:01:16,ignite,,1,14,3,3,2,1.4294732983598402,19.0,5.0,268.33333333333303,290,290.0,0.99999988079071,done,3910.0,,False,2193.58810099808,5.194276892952995,61.0,0.0278083200634818,1.0,0.0,0.5957446808510638,4.0,0.2631578947368421,27.0,0.0
4a86cae203ed9aed953cd6093884cf8cab4531e3,ignite,False,2017-06-13 21:48:39,ignite,,8,1,1,1,1,0.0,4.0,1.0,27.0,293,293.0,254.0,done,1190.0,,False,213.96993759735608,4.566727670257689,6.0,0.0280413223809536,0.0,0.0,0.7777777777777778,0.0,0.75,19.0,0.0
d369dfc4973c179861d1d2ff37fbe8c6c0543d1a,ignite,False,2017-06-13 22:48:08,ignite,,8,1,2,2,1,0.5032583347756461,0.5,62.0,1.0,35,35.0,31.0,done,46.0,,False,162.51574464281416,4.46749423415435,8.0,0.0492259997182601,0.0,0.0,1.0,0.0,0.25,13.0,0.0
ab62ce847cb73854f31f1232144f487786a6a3d1,ignite,True,2017-06-13 22:56:12,ignite,63.0,2,0,1,1,1,0.0,21.0,1.0,157.0,1,1.0,1.0,done,1320.0,2017-08-16 14:59:11,False,1679.0110171712636,5.278938153275328,49.0,0.0291838466209432,1.0,2.0,0.6857142857142857,0.0,0.5789473684210527,29.0,0.1237113402061855
33a9cc4cf9b32d93e34c5855d52ce208a3fd8228,ignite,False,2017-06-13 22:56:27,ignite,,3,9,1,1,1,0.0,2.0,14.0,5.0,2,2.0,2.0,done,215.0,,False,714.2947911220265,4.84846252957011,19.0,0.031043759954022,1.0,0.0,0.6125,0.5,0.1875,21.0,0.0
95257a16aef0bc0bbacdee03503ee483ffc75bda,ignite,False,2017-06-13 22:56:38,ignite,,5,4,1,1,1,0.0,9.0,43.0,18.0,3,3.0,3.0,done,158.0,,False,615.6474895592379,5.0682138030327675,25.0,0.0406076536069339,1.0,0.0,0.4090909090909091,0.0,0.1818181818181818,25.0,0.0
8e1439782b993c8ccb974bcdbd55d4f2b28a5489,ignite,False,2017-06-13 22:57:22,ignite,,1,1,1,1,1,0.0,23.0,0.0,113.0,6,6.0,6.0,done,1805.0,,False,5830.432076700316,5.682693780955426,123.0,0.0210962066587714,5.0,7.0,0.5972222222222222,4.0,0.25,27.0,0.0
ef732dae02673c2ce79575b57454a573f0d1d591,ignite,False,2017-06-13 22:57:37,ignite,,2,2,1,1,1,0.0,4.0,43.0,4.0,7,7.0,7.0,done,297.0,,False,900.1400129189286,5.185515040774621,32.0,0.0355500250413621,2.0,0.0,0.3636363636363636,0.0,0.1538461538461538,24.0,0.0
5eb40528bd6e52b4c13a4c21ecca74407b081898,ignite,False,2017-06-13 22:57:57,ignite,,2,0,1,1,1,0.0,6.0,43.0,9.0,8,8.0,8.0,done,359.0,,False,620.3910001730775,4.885864996828833,18.0,0.0290139605425906,0.0,0.0,0.4545454545454545,0.0,0.375,23.0,0.0
e4f203b512cba1dc8ae82b506cadebfed3fd7f65,ignite,False,2017-06-13 22:58:12,ignite,,68,53,4,2,1,0.4026711991001529,4.75,2.25,29.75,3210,1407.9999999999802,2359.0,done,1626.0,,False,974.2818358107168,4.750959755315923,22.0,0.0390189604400613,0.0,0.0,0.2887254901960784,3.5,0.3874999999999999,17.0,0.0
fd7050c72c8125ed1dd213ef781bdb9971d00413,ignite,False,2017-06-13 23:02:54,ignite,,25,0,1,1,1,0.0,0.0,0.0,0.0,298,298.0,257.0,done,46.0,,False,300.9705508214449,3.707299197694445,17.0,0.0564839315793573,0.0,0.0,1.0,0.0,0.0,9.0,0.0
3e509aa604ca342b3f42a73e771a5a4f678d7132,ignite,False,2017-06-13 23:13:43,ignite,,1,1,1,1,1,0.0,1.0,0.0,2.0,36,36.0,32.0,done,743.0,,False,60.94436251225965,4.214262795507957,3.0,0.0492252257031405,0.0,0.0,0.3333333333333333,1.0,0.6666666666666666,24.0,0.0
dea416fa65874d4e33b37b46368f9e476a3904f4,ignite,False,2017-06-14 00:00:32,ignite,,2,15,1,1,1,0.0,30.0,3.0,171.0,2,2.0,2.0,done,4941.0,,False,7583.103343865799,5.911922955634056,209.0,0.0275612754465579,2.0,5.0,0.7,2.0,0.3818181818181818,36.0,0.0
34f8c244313ebf94b65c40d5f17dc507f2b54251,ignite,False,2017-06-14 00:32:33,ignite,,15,7,1,1,1,0.0,19.0,0.0,112.0,384,331.5,309.0,done,1585.0,,False,2324.0834084860235,5.577882413708721,40.0,0.017211086251873,0.0,0.0,0.5666666666666667,6.0,0.3333333333333333,19.0,0.0
c49daaecc8db6c0d71927cc149274e9b51e37911,ignite,False,2017-06-14 00:45:21,ignite,,10,0,2,2,1,0.7219280948873621,0.5,0.0,1.0,37,37.0,33.0,done,1373.0,,False,1919.2563872907267,5.016403765830243,53.6,0.0283441729073369,1.0,0.0,0.5853600103600105,0.0,0.2299477092955354,30.8,0.0
6aecaa358c1f9365eb8b1d073634ac74cc65f4d6,ignite,False,2017-06-14 01:08:24,ignite,,36,34,2,1,1,0.8224042259549891,11.0,27.0,64.5,385,332.5,310.0,done,2071.0,,False,385.1513124305866,4.626376381117367,8.75,0.0309838645612117,0.0833333333333333,0.0,0.6862012987012988,1.5,0.4902116402116402,18.333333333333332,0.0
3bf8b0319fc50cb4a9294f90f4cf7b689bc48a77,ignite,False,2017-06-14 19:57:40,ignite,,5,4,2,2,1,0.7642045065086199,22.5,0.0,261.0,3,3.0,3.0,done,7026.0,,False,441.2280557011547,4.884901751154201,16.0,0.033122076575196,0.0,0.0,0.6298701298701299,1.5,0.3552631578947368,20.0,0.0
40db31ef76303215db1703166c94b795cd2eb2b2,ignite,False,2017-06-14 20:16:08,ignite,,29,30,5,4,1,1.37015757767494,9.4,37.4,111.6,299,299.0,258.0,done,8313.0,,False,348.739945132181,4.5726252406307974,11.875,0.0485829112522051,0.25,0.0,0.6111607142857143,1.75,0.2575657894736842,16.375,0.0
4e973551a4264395aa7fe167aba61736a0d259e6,ignite,False,2017-06-14 20:49:13,ignite,,19,3,3,2,1,1.32217934551667,1.6666666666666698,0.0,10.3333333333333,300,300.0,259.0,done,1194.0,,False,601.0995588557226,4.626861407199875,20.666666666666668,0.0356176732612028,0.3333333333333333,0.0,0.7986111111111112,1.0,0.4181818181818181,17.333333333333332,0.0
8b85477eabd6e9059d3849a277b9494845b67293,ignite,False,2017-06-14 21:47:29,ignite,,4,0,1,1,1,0.0,46.0,0.0,525.0,388,335.5,313.0,done,3922.0,,False,1523.659056696199,5.0747509549155225,60.0,0.0393788884306571,0.0,0.0,0.7692307692307693,7.0,0.25,24.0,0.0
51e6aed7c82e4c7885b85c57a7235f0d5872b7e7,ignite,False,2017-06-14 22:00:46,ignite,,3,0,1,1,1,0.0,21.0,48.0,45.0,5,5.0,4.0,done,2354.0,,False,610.5785492955772,4.574632952706392,16.0,0.0246385964388927,0.0,0.0,0.2980392156862745,0.0,0.638095238095238,29.666666666666668,0.0
0292110a0427ecce0b10f9b3393d0c1b94b254f6,ignite,False,2017-06-14 22:37:15,ignite,,3,3,1,1,1,0.0,22.0,0.0,46.0,6,6.0,5.0,done,2357.0,,False,610.5785492955772,4.574632952706392,16.0,0.0246385964388927,0.0,0.0,0.2980392156862745,0.0,0.638095238095238,29.666666666666668,0.0
e7a7751a9d60c541c57f570779a6301abdb696b5,ignite,False,2017-06-14 22:53:22,ignite,,4,1,1,1,1,0.0,10.0,0.0,14.0,303,303.0,261.0,done,581.0,,False,132.0,4.139225124281843,6.0,0.0454545454545454,0.0,0.0,0.75,1.0,0.75,12.0,0.0
59dace5a3883596d7edb661e6f8a328cca4a059e,ignite,False,2017-06-15 00:11:23,ignite,,1,1,1,1,1,0.0,18.0,0.0,165.0,389,336.5,314.0,done,2244.0,,False,5612.551488811176,5.646404395791164,164.0,0.029220221912786,2.0,1.0,0.7051282051282052,4.0,0.4390243902439024,28.0,0.0
86125baf871d2a686fa1e8fb9af19ec44e013b40,ignite,False,2017-06-15 00:35:55,ignite,,2,0,1,1,1,0.0,2.0,2.0,4.0,11,11.0,10.0,done,4319.0,,False,3332.4069625628354,5.669244843718419,52.0,0.0156043366204014,4.0,0.0,0.7045454545454546,0.0,0.2758620689655172,23.0,0.0
aef982c1953aa9eacd8aa9e2fe2b6db3b7be463b,ignite,False,2017-06-15 01:27:41,ignite,,0,21,3,2,1,1.57511459141066,2.3333333333333304,0.333333333333333,6.0,112,112.0,91.0,done,3327.0,,False,525.6114151744315,4.491527752314681,16.6,0.0525568747589068,0.2,0.0,0.8047619047619048,0.6,0.5063636363636363,18.2,0.0
e651aeaad3d0d40859145df8e810f29ed9dc1d48,ignite,False,2017-06-15 01:43:14,ignite,,15,21,1,1,1,0.0,4.0,0.0,32.0,306,306.0,263.0,done,1212.0,,False,310.88756091232244,4.418964964547307,9.5,0.0438828968875006,0.0,0.0,0.90625,0.5,0.4375,15.5,0.0
666aab9f345743f5faff3751bd8bb14296bceaca,ignite,False,2017-06-15 03:06:11,ignite,,2,3,1,1,1,0.0,22.0,0.0,47.0,235,235.0,158.0,done,2357.0,,False,2609.0679930198785,4.6335246414506495,35.333333333333336,0.0189864488803958,0.0,0.0,0.2888888888888889,0.0,0.3999999999999999,28.333333333333332,0.0
c828e0cfb1bd4700883cc6809f4ebe8ef1f935cf,ignite,False,2017-06-15 03:17:08,ignite,,0,1,1,1,1,0.0,23.0,0.0,48.0,238,238.0,159.0,done,2356.0,,False,859.5598053287767,4.540879673912866,28.0,0.0325748130920223,0.0,0.0,0.3125,0.0,0.7142857142857143,34.0,0.0
1a52eb5291090e43a8e5da21fd931cc3cae37e50,ignite,False,2017-06-15 03:45:21,ignite,,2,3,1,1,1,0.0,23.0,0.0,49.0,239,239.0,160.0,done,2355.0,,False,6936.122004776246,4.7877559748493725,86.0,0.0123988591810784,0.0,0.0,0.2307692307692307,0.0,0.0,30.0,0.0
05fd6804e769c98a3d08556cbd2fe6c7efcaa258,ignite,True,2017-06-15 16:44:54,ignite,89.0,5,7,1,1,1,0.0,7.0,7.0,13.0,393,340.5,318.0,done,325.0,2017-09-13 10:42:31,False,450.00875002918286,4.834480716051013,21.5,0.0481750116636116,1.0,0.0,0.8035714285714286,1.0,0.3496503496503496,17.0,0.0
037ee6f4555a0de403bb829e0983a715251191d9,ignite,False,2017-06-15 17:05:45,ignite,,6,2,2,1,1,0.811278124459133,12.0,3.5,72.0,394,341.5,319.0,done,2447.0,,False,884.9736273657712,5.05633157435592,14.0,0.0155000345785443,0.3333333333333333,1.0,0.5066666666666667,0.6666666666666666,0.6158730158730159,26.333333333333332,0.0
b48f4dea994fee47c8da4ddd00d9e9dc6d412e5a,ignite,False,2017-06-15 17:21:26,ignite,,1,2,1,1,1,0.0,46.0,0.0,529.0,309,309.0,265.0,done,3996.0,,False,247.70981551934375,4.949994465508712,11.0,0.0444067990480619,1.0,0.0,0.4444444444444444,2.0,0.375,20.0,0.0
4a274bfac63127ea30c82e5f71b00358fab621f2,ignite,True,2017-06-15 18:12:17,ignite,158.0,133,124,15,3,1,1.58466405922973,3.53333333333333,2.3333333333333304,54.6666666666667,3220,1414.16666666664,2365.0,done,6108.0,2017-11-21 10:12:21,False,576.1615898667171,4.586095770518966,14.266666666666667,0.0533285667629669,0.1333333333333333,0.1,0.6015269194671841,2.3333333333333335,0.4139646464646464,17.133333333333333,0.0
aac08bd8c7ff294c3d9fcb3a56c4ec69fbee5369,ignite,False,2017-06-15 18:34:27,ignite,,13,5,2,2,1,0.991076059838222,11.0,3.0,65.0,3221,1414.4999999999698,2366.0,done,159.0,,False,10.5041920831875,3.5027352286602964,1.0,0.1359175702195329,0.0,0.0,0.0,0.5,0.5,7.0,0.0
39a38fd9338d158c9d150f7832d00c82af107dac,ignite,False,2017-06-15 18:59:35,ignite,,3,0,1,1,1,0.0,6.0,0.0,20.0,241,241.0,162.0,done,1215.0,,False,745.2057069089891,4.851327537751915,27.0,0.0362316065881893,3.0,2.0,0.8666666666666667,2.0,0.25,20.0,0.0
279612e50e3c358b1b5876f90d7c860b8598b37f,ignite,False,2017-06-15 19:01:09,ignite,,3,0,1,1,1,0.0,6.0,0.0,20.0,241,241.0,162.0,done,1204.0,,False,745.2057069089891,4.851327537751915,27.0,0.0362316065881893,3.0,2.0,0.8666666666666667,2.0,0.25,20.0,0.0
594a56925a6b3eccd6efb37562ff99ed2184ca95,ignite,False,2017-06-15 19:52:53,ignite,,2,3,1,1,1,0.0,20.0,0.0,127.0,398,345.5,321.0,done,1612.0,,False,1543.1468562500022,5.485424657626835,25.0,0.0137504244648311,0.0,0.0,0.5833333333333333,5.5,0.2291666666666666,20.0,0.0
77dcfcd70f4117e6731853597adedfe5c9463b2a,ignite,False,2017-06-15 20:16:25,ignite,,2,1,1,1,1,0.0,26.0,0.0,192.0,400,347.5,323.0,done,2141.0,,False,81.40967379910403,3.998652546878166,2.0,0.0245671049479381,0.0,0.0,0.0,0.0,1.0,20.0,0.0
e34db1e14ab6a25b62bb65dea9babafb19192915,ignite,False,2017-06-15 20:46:42,ignite,,1,3,2,2,1,1.0,9.5,0.0,86.0,3225,1418.3333333333096,2370.0,done,6564.0,,False,3206.8312767886837,5.538750092645418,69.5,0.0218500985998638,2.5,0.0,0.7074038917892738,1.0,0.4482758620689655,25.5,0.0
01caff4d851401fbcb86d370e5a34b51a2035387,ignite,False,2017-06-15 20:56:35,ignite,,1,1,1,1,1,0.0,3.0,94.0,4.0,3226,1419.16666666664,2371.0,done,237.0,,False,204.0,4.139712731966508,8.0,0.0392156862745098,0.0,0.0,0.625,1.0,0.0,13.0,0.0
6f06ce9e36bd5ec88e2bd1ab00b9605997276fbf,ignite,False,2017-06-15 22:58:46,ignite,,1,1,1,1,1,0.0,42.0,0.0,239.0,248,248.0,167.0,done,2337.0,,False,1682.9777747577175,5.437400704941305,53.0,0.0314918003047484,0.0,0.0,0.7692307692307693,2.0,0.4242424242424242,25.0,0.0
ff678ce3823e70804bfea649dd67640a295aa9ea,ignite,False,2017-06-15 23:02:13,ignite,,0,2,1,1,1,0.0,13.0,50.0,39.0,249,249.0,168.0,done,2378.0,,False,122.62388523751017,4.095170188871224,3.0,0.0244650542118226,0.0,0.0,0.4285714285714285,0.0,0.3333333333333333,18.0,0.0
210c697edf1d4d35200b103df457c3609c8c1e37,ignite,False,2017-06-15 23:22:59,ignite,,0,2,2,1,1,1.0,1.0,44.0,1.0,250,250.0,169.0,done,1954.0,,False,2034.1386441071304,4.947897901319877,76.0,0.0373622516932023,1.0,0.0,0.7916666666666666,1.0,0.3076923076923077,27.0,0.0
44f2d4cc52ceb378c4298952b26557a50c3930dd,ignite,False,2017-06-16 03:52:34,ignite,,2,0,1,1,1,0.0,10.0,0.0,21.0,17,17.0,16.0,done,2688.0,,False,3899.994707284961,5.463132465620528,154.0,0.039487233075557,4.0,7.0,0.5833333333333334,0.0,0.125,24.0,0.0
9def3bf1678743c862c6eb14fc87b96c91e0fa45,ignite,False,2017-06-16 05:18:44,ignite,,2,0,1,1,1,0.0,10.0,0.0,22.0,254,254.0,172.0,done,2690.0,,False,22.458839376460833,3.845350936622435,0.0,0.0,0.0,0.0,0.5,0.0,0.0,8.0,0.0
ab7d7955b5f6ffe170ca5588c6c45d390c84df08,ignite,True,2017-06-16 05:40:39,ignite,89.0,17,1,4,2,2,1.97493750120193,11.0,15.0,90.5,309,168.833333333334,0.687224864955953,done,4121.0,2017-09-13 08:46:15,False,353.0356250009759,4.740454982062045,10.0,0.0216566072362067,0.5,0.0,0.7083333333333333,0.5,0.75,15.5,0.0
72fb7ee049847cc9ca25be0d933b40ee6d597a07,ignite,False,2017-06-16 05:43:56,ignite,,2,0,1,1,1,0.0,11.0,15.0,51.0,255,255.0,173.0,done,1339.0,,False,685.3837764299259,5.326398299361669,14.0,0.0204265120965135,1.0,0.0,0.5882352941176471,0.0,0.4,18.0,0.0
c7f0151edd593439a4bb30cfdab63e6f4da17039,ignite,False,2017-06-16 06:18:47,ignite,,4,0,1,1,1,0.0,2.0,0.0,3.0,259,259.0,176.0,done,538.0,,True,1680.1491672458988,5.043900289050081,36.0,0.0223056596474731,1.0,1.5,0.6156840934371524,0.0,0.2301136363636363,28.5,0.0
6c25d2a6fb3e4f44e245f8ea3aa196801eaa57bf,ignite,False,2017-06-16 08:25:08,ignite,,15,22,4,2,1,1.53102227975883,6.75,5.0,44.0,409,355.5,331.0,done,2382.0,,False,883.5133655972126,5.013987656643414,18.0,0.0289108500756894,0.4,0.0,0.4710476190476191,1.8,0.4423809523809523,23.6,0.0
32ff1666fe2b5f141d8c93f6aeffc195f6bd80a1,ignite,True,2017-06-16 15:03:45,ignite,437.0,1,9,2,1,1,0.7219280948873621,23.5,0.0,272.5,3234,1425.8333333332998,2375.0,done,4815.0,2018-08-28 14:46:29,False,757.9911676926542,4.65928287853705,25.4,0.0345612590881722,0.4,0.0,0.4567287784679089,0.4,0.3038095238095238,23.2,0.0
82538758af343a94df1435cef5aa0de317a219b0,ignite,False,2017-06-16 15:15:26,ignite,,2,2,1,1,1,0.0,10.0,0.0,24.0,265,265.0,181.0,done,2693.0,,False,22.458839376460833,3.845350936622435,0.0,0.0,0.0,0.0,0.5,0.0,0.0,8.0,0.0
d16e22c3af0411ff8bc88d0e1cd029d0da79e0b9,ignite,True,2017-06-16 15:36:40,ignite,230.0,7,4,1,1,1,0.0,18.0,0.0,54.0,3236,1427.8333333332998,2377.0,done,2069.0,2018-02-01 15:42:42,False,300.16030763377,5.104488437125316,15.0,0.0499732963303786,0.0,0.0,0.6666666666666666,2.0,0.5,17.0,0.0
265a029673296796d9eed8cd225294fe6afd8433,ignite,False,2017-06-16 16:22:54,ignite,,14,0,4,1,1,1.9502120649147496,0.25,2.0,2.0,312,312.0,267.0,done,1240.0,,False,30.0,3.8349625007211574,0.0,0.0,0.0,0.0,0.0,0.0,0.0,10.0,0.0
b61863d2cd48874b11c0e25c1540ef577795e7da,ignite,False,2017-06-16 17:23:45,ignite,,1,12,2,1,1,0.961236604722876,12.0,0.0,71.0,410,356.5,332.0,done,2074.0,,False,1423.6648792355363,5.452050475035424,17.0,0.0110382589475872,0.0,0.0,0.5541666666666667,3.0,0.3508771929824561,26.0,0.0
c10c275de9ed804278baa570bf8da0ed4e9a34e7,ignite,False,2017-06-16 19:32:47,ignite,,1,2,1,1,1,0.0,26.0,0.0,273.0,412,358.5,333.0,done,2323.0,,False,264.97209216286,4.851124221186702,11.0,0.0415138058888068,1.0,0.0,0.75,2.0,0.3333333333333333,23.0,0.0
617ce67dc22efd88766a0cdd63650102dc8b17c6,ignite,False,2017-06-16 19:55:26,ignite,,2,2,1,1,1,0.0,13.0,10.0,29.0,12,6.33333333333333,12.0,done,2693.0,,False,1074.2118806399465,5.237089641759402,22.0,0.0222928266159032,1.0,0.0,0.4714912280701754,0.0,0.3531746031746031,25.0,0.0
bf55814d2cd689ab6165c65e5a41e123234d4d54,ignite,True,2017-06-16 20:06:12,ignite,305.0,159,38,8,7,1,2.22354509681281,1.25,2.125,10.25,132,122.833333333333,114.0,done,105.0,2018-04-18 03:44:44,False,120.92782504182703,4.33965816165291,4.0,0.0330775815956043,0.0,0.0,0.75,0.0,0.6666666666666666,12.0,0.0
e50bbf34fad19185fec353bc3d4111fdbde59f87,ignite,False,2017-06-16 21:09:46,ignite,,7,4,1,1,1,0.0,18.0,0.0,54.0,3236,1427.8333333332998,2377.0,done,2069.0,,False,300.16030763377,5.104488437125316,15.0,0.0499732963303786,0.0,0.0,0.6666666666666666,2.0,0.5,17.0,0.0
96b1f61371fa1af0e469c2ecd23264d9ef6b4d6c,ignite,False,2017-06-16 22:14:31,ignite,,54,16,5,3,1,2.1237389244066,0.4,1.2,2.6,413,359.5,334.0,done,2085.0,,False,993.5951394976285,4.669461278024075,16.625,0.0142512190399054,0.25,0.0,0.5754491916129847,0.25,0.0643939393939393,23.625,0.0
f6df8fb0eb18fabb8d74c1a5825192b36b390545,ignite,False,2017-06-16 22:35:46,ignite,,3,2,2,2,1,0.7219280948873621,3.0,2.0,7.5,133,123.833333333333,115.0,done,240.0,,False,1399.3799855771183,5.425338852383628,15.0,0.0107190328249648,0.0,0.0,0.72,0.0,0.7692307692307693,20.0,0.0
c8d572fdd724177b4e88c416bc21243a5ee4f733,ignite,False,2017-06-16 23:59:46,ignite,,27,19,5,3,1,1.9971959923746,1.6,2.0,6.0,9,9.0,8.0,done,2533.0,,False,187.29612798276648,4.6964929123410935,10.0,0.0533913867184703,0.0,0.0,1.0,2.0,0.3333333333333333,24.0,0.0
f391196b44bf2f7577e7c989785df38fa66e801b,ignite,False,2017-06-16 23:59:46,ignite,,0,4,1,1,1,0.0,3.0,1.0,5.0,8,8.0,7.0,done,3091.0,,False,974.0926323655118,5.101646808559308,32.0,0.0328510851399115,1.0,2.0,0.9047619047619048,1.0,0.4,19.0,0.0
6bd4db53a64a82dedcfcc21d6abac5d1103cba56,ignite,False,2017-06-17 00:16:40,ignite,,1,1,1,1,1,0.0,1.0,0.0,2.0,320,320.0,272.0,done,711.0,,False,73.57433114250611,4.86157581776481,1.0,0.0135916967843458,0.0,0.0,0.5,1.0,0.5,12.0,0.0
5376f22918627e53aeade5abd97726b710e53090,ignite,False,2017-06-17 00:29:37,ignite,,1,1,1,1,1,0.0,8.0,51.0,18.0,270,270.0,185.0,done,1125.0,,False,70.30835464468075,4.091135423220312,2.0,0.0284461215186652,0.0,0.0,0.5,0.0,1.0,22.0,0.0
848af3609f9aad462d5e939e708d8284eb5d00e0,ignite,True,2017-06-17 03:07:15,ignite,496.0,27,25,4,4,1,1.63153062110986,12.5,0.0,204.25,113,113.0,92.0,done,9949.0,2018-10-26 12:16:40,False,948.2354546064574,4.9544679530804,35.166666666666664,0.0440760461187533,0.6666666666666666,0.1666666666666666,0.8212272831838049,2.8333333333333335,0.3239117364117364,21.0,0.0
8c04df63f128f2c09ae57b0897deb65f94537202,ignite,False,2017-06-17 03:28:13,ignite,,1,1,1,1,1,0.0,1.0,0.0,3.0,324,324.0,274.0,done,711.0,,False,90.76048999263462,4.948853491229621,1.0,0.0110180101504647,0.0,0.0,0.5,1.0,0.5,14.0,0.0
ace3976973ebab084fb626f8bb47606c0e0ec4b3,ignite,False,2017-06-17 04:40:39,ignite,,3,1,1,1,1,0.0,3.0,0.0,9.0,272,272.0,187.0,done,3086.0,,False,2653.8058488940615,5.688957725410369,81.0,0.0305222026825194,2.0,1.0,0.8043478260869565,1.0,0.5121951219512195,27.0,0.0
3a1658590d028c42435f47fcccceedaa11c9d436,ignite,False,2017-06-17 06:03:54,ignite,,1,1,1,1,1,0.0,20.0,0.0,134.0,415,361.5,335.0,done,1555.0,,False,1879.6946010234535,5.60234658645403,27.0,0.0143640355115661,0.0,0.0,0.5483870967741935,6.0,0.3684210526315789,19.0,0.0
bf3643dd64c7bf309774a87ccf38153a7a8ee118,ignite,False,2017-06-17 15:20:14,ignite,,0,2,1,1,1,0.0,12.0,1.0,52.0,3238,1427.5833333332998,2379.0,done,1341.0,,False,662.0384611145669,5.318468518503553,14.0,0.0211468076589243,1.0,0.0,0.625,0.0,0.4,18.0,0.0
e7d0e7908d3efbfd8e1d30dc404f3c1f8641fef5,ignite,False,2017-06-17 22:00:29,ignite,,2,1,1,1,1,0.0,15.0,51.0,51.0,276,236.0,198.0,done,1080.0,,False,437.59408271283183,5.016993525203433,18.0,0.0411340114299771,1.0,0.0,0.8888888888888888,3.0,0.25,24.0,0.0
b172b4b27b07d09e726faf0a3e41747d6158cdc8,ignite,False,2017-06-17 23:31:35,ignite,,12,2,1,1,1,0.0,5.0,2.0,8.0,274,274.0,189.0,done,108.0,,False,137.6075250475963,4.5786444956264845,7.0,0.0508693110902097,0.0,0.0,1.0,1.0,0.6,23.0,0.0
5a636646137bdb829e0aa393acaa9b7043d0c465,ignite,False,2017-06-17 23:41:02,ignite,,2,2,2,2,1,1.0,9.0,4.0,38.5,421,367.5,338.0,done,1298.0,,False,335.96285731958125,4.5701502611381954,8.0,0.051480112401774,0.0,0.0,0.8571428571428572,1.0,0.3809523809523809,17.0,0.0
6143bc96917409af9e267af789d802883945867a,ignite,False,2017-06-18 16:11:58,ignite,,1,1,1,1,1,0.0,0.0,0.0,0.0,423,369.5,339.0,done,1316.0,,False,4618.1022236894005,5.717700912288749,195.0,0.042225137200236,1.0,0.0,0.7586206896551724,4.0,0.2083333333333333,30.0,0.0
e1ea70932cdb742adc84183ed4b36a35c3eae6e8,ignite,False,2017-06-19 21:58:59,ignite,,3,1,1,1,1,0.0,3.0,53.0,6.0,3239,1423.4999999999698,2380.0,done,287.0,,False,906.2896755081445,4.718207319970914,10.0,0.0307419662723169,0.5,0.0,0.3275862068965517,1.0,0.71875,16.5,0.0
807cab28575efd221a0cba9846549a6ad1273ed6,ignite,True,2017-06-19 22:44:07,ignite,21.0,27,27,4,2,1,1.7447753260936898,6.75,2.0,115.75,3240,1424.4999999999698,2381.0,done,5481.0,2017-07-11 08:27:57,False,2005.520294252591,5.310830575612865,57.666666666666664,0.0278156997992723,1.3333333333333333,0.3333333333333333,0.6836287131986056,2.3333333333333335,0.4393892485223755,26.5,0.0009980039920159
f6f5e49413072a74c3712f3fba03946807ff58c7,ignite,False,2017-06-19 23:52:08,ignite,,11,9,1,1,1,0.0,18.0,4.0,81.0,3241,1425.4999999999698,2382.0,done,1707.0,,False,1441.3609043598271,5.217810608367588,45.0,0.0312204943702053,1.0,0.0,0.7419354838709677,3.0,0.2666666666666666,39.0,0.0
fefffc04b0665c6d8cf65a88ec24ef7945b7bce6,ignite,False,2017-06-19 23:54:42,ignite,,5,7,3,2,1,1.25162916738782,9.33333333333333,0.666666666666667,173.333333333333,3242,1426.4999999999698,2383.0,done,2332.0,,False,2978.561273749032,5.34473501049821,75.0,0.025179941960905,1.0,2.0,0.6271186440677966,2.0,0.6206896551724138,27.0,0.0086206896551724
5560b12c0cc87365b504374cee234e7011c4756b,ignite,False,2017-06-20 17:45:07,ignite,,2,0,1,1,1,0.0,1.0,5.0,1.0,3248,1432.41666666664,2386.0,done,262.0,,False,656.9210517614794,4.987317248035707,27.0,0.0411008292816948,1.0,0.0,0.4,3.0,0.1,20.0,0.0
9440fe6c5aa6cce6bf3e219504b6c822a040d15b,ignite,False,2017-06-20 19:19:33,ignite,,53,3,6,4,1,2.1570561473597603,2.1666666666666696,3.3333333333333304,40.5,527,451.5,487.0,done,1543.0,,False,5510.922607592427,4.427238703512026,187.0,0.033951042027943,1.0,1.0,0.8866988088485537,2.0,0.2071428571428571,18.0,0.0
4133d0d06b158e4d44616bbf9eab77479de5300a,ignite,False,2017-06-21 19:07:20,ignite,,18,2,2,2,1,0.468995593589281,23.0,4.5,198.5,19,19.0,18.0,done,6345.0,,False,2362.9626793285847,4.88162358771216,51.0,0.0226761544060976,0.5,0.0,0.4218390804597701,2.0,0.4722222222222222,24.0,0.0
9b77b700f0980db94f358fbfff3fc7ff7d18dd6b,ignite,False,2017-06-21 20:45:02,ignite,,3,1,1,1,1,0.0,26.0,1.0,278.0,329,329.0,278.0,done,2330.0,,False,566.5680628711191,4.938621767556137,24.0,0.0423603121545159,0.0,0.0,0.6666666666666666,2.0,0.6666666666666666,17.0,0.0
6f45d47759992f5ceed2b4f61bbea92ee6195842,ignite,True,2017-06-21 23:30:28,ignite,55.0,5,8,1,1,1,0.0,3.0,5.0,4.0,330,330.0,279.0,done,542.0,2017-08-16 14:59:11,False,1719.448782288182,5.074176598774935,37.5,0.0231012764394822,1.0,2.0,0.6422811059907834,0.0,0.2245989304812834,28.5,0.0
6391b3d0db2b0ea36fde50301951dfef6aacb5ff,ignite,False,2017-06-26 18:41:57,ignite,,20,1,1,1,1,0.0,13.0,4.0,38.0,334,334.0,281.0,done,2299.0,,False,5011.404454488547,5.4311426089450325,106.0,0.0211517551541982,1.0,0.0,0.6195652173913043,3.0,0.4210526315789473,31.0,0.0
7b17bb85f262efa991c83e92cbf3545caedfac33,ignite,False,2017-06-26 19:41:45,ignite,,2,5,2,2,1,0.8631205685666309,11.5,32.0,43.0,3254,1430.7499999999698,2390.0,done,1327.0,,False,1282.55576700747,4.622557994827444,27.0,0.0106252715154695,1.0,0.0,0.375,1.0,0.15,15.5,0.0
8b0f3c104d27a298eb0518f67183c81ef07ed47f,ignite,False,2017-06-26 22:00:58,ignite,,34,13,4,2,1,1.30706048089033,4.5,9.0,12.25,22,22.0,18.0,done,4703.0,,False,1936.9808873997297,4.906107794684438,78.75,0.0359187940617947,1.0,0.5,0.7084909158324064,1.75,0.3512914781297134,22.75,0.0
f2a5a93f0748f905ede77ff84787947a0893c3f8,ignite,False,2017-06-27 19:43:13,ignite,,14,7,1,1,1,0.0,1.0,10.0,1.0,3258,1434.5833333332998,2392.0,done,2315.0,,False,174.2285750274039,4.627478807799971,9.0,0.0516562796807837,1.0,1.0,0.5,0.0,0.5,10.0,0.0
4adfca9dcbbb8709744dce5a986e193ba4015eb1,ignite,False,2017-06-27 23:04:16,ignite,,2,2,1,1,1,0.0,17.0,4.0,48.0,57,57.0,49.0,done,897.0,,False,2187.7619175742057,5.45350173996734,42.0,0.0191977013872559,1.0,0.0,0.7575757575757576,0.0,0.45,31.0,0.0
8445b315663710507e6e3996223f01748f9674a6,ignite,True,2017-06-28 14:58:09,ignite,209.0,95,78,3,2,1,0.669362709091908,9.66666666666667,6.66666666666667,175.666666666667,3260,1435.5833333332998,2394.0,done,5399.0,2018-01-24 14:54:09,False,1454.552232185806,4.9541871677881915,44.42857142857143,0.0358227400625894,0.7142857142857143,0.7142857142857143,0.724029959810011,1.4285714285714286,0.576316615715112,24.0,0.0028514963297571
d6972e95367d93c1015b6bab8dd4dc78ae2fc1e6,ignite,True,2017-06-28 17:30:47,ignite,607.0,30,9,2,2,1,0.941828535447516,13.5,13.5,113.5,3263,1436.91666666664,2395.0,done,2865.0,2019-02-26 13:14:47,False,581.7677719135708,4.832034034711966,22.333333333333332,0.0436320166178196,1.0,1.3333333333333333,0.7388888888888889,0.3333333333333333,0.6379084967320261,16.333333333333332,0.0
f618640e6972ed28153e72ce0eb0747d87b83018,ignite,False,2017-06-28 19:20:22,ignite,,1,1,1,1,1,0.0,27.0,0.0,282.0,3265,1437.8333333332998,2396.0,done,2141.0,,False,420.0,4.805012904655168,10.0,0.0238095238095238,0.0,0.0,0.625,1.0,0.0,17.0,0.0
459dc9e455ca23968210a50ebe87d312846cc48b,ignite,True,2017-06-29 16:43:42,ignite,24.0,16,8,1,1,1,0.0,3.0,1.0,4.0,279,234.5,201.0,done,216.0,2017-07-24 03:54:01,True,1260.129375964045,5.25686754149438,39.5,0.0392281944187175,0.5,0.0,0.8166666666666667,6.0,0.35,21.5,0.0
4936c8887f3ea58875c257ac2b999f90b6d9818f,ignite,False,2017-06-29 21:45:22,ignite,,6,4,1,1,1,0.0,35.0,3.0,122.0,0,0.0,0.0,done,2464.0,,False,106.27403387250882,4.369708442015669,5.0,0.0470481811765819,0.0,0.0,0.0,1.0,0.0,10.0,0.0
94170406cd974408ffe6b8276c785b443832484e,ignite,False,2017-06-29 22:41:04,ignite,,6,4,1,1,1,0.0,35.0,3.0,122.0,0,0.0,0.0,done,2451.0,,False,106.27403387250882,4.369708442015669,5.0,0.0470481811765819,0.0,0.0,0.0,1.0,0.0,10.0,0.0
5699be758110d007c2cae3da2edf83245c01907f,ignite,True,2017-06-30 15:21:41,ignite,507.0,5,1,1,1,1,0.0,19.0,2.0,175.0,3266,1436.0833333333096,2397.0,done,2290.0,2018-11-20 14:05:01,False,1405.0189930205966,5.345654540442074,50.0,0.0355867075451463,2.0,2.0,0.7272727272727273,1.0,0.4782608695652174,21.0,0.0
b762417ab43d78d451feaaa1d1b046ff020a8424,ignite,False,2017-06-30 23:18:45,ignite,,4,0,1,1,1,0.0,38.0,10.0,498.0,6,6.0,6.0,done,6606.0,,False,851.4500723853231,5.036490011940156,21.0,0.0246638066999851,1.0,1.0,0.625,2.0,0.1111111111111111,24.0,0.0
68c0281dc0f1784f5de2c8ca68c7c2a89f93c397,ignite,False,2017-07-01 00:35:50,ignite,,10,9,1,1,1,0.0,3.0,0.0,3.0,43,43.0,38.0,done,1325.0,,False,4990.500519920641,5.73443115019794,205.0,0.0410780440121585,1.0,0.0,0.7868852459016393,4.0,0.1914893617021276,30.0,0.0
64596ea8348105bf7b0e931af89e31190a2b53e5,ignite,False,2017-07-04 00:20:35,ignite,,5,1,1,1,1,0.0,1.0,17.0,1.0,336,336.0,283.0,done,2536.0,,False,289.98538195126935,4.959273547530814,12.0,0.0413813962595416,0.0,0.0,0.8333333333333334,0.0,0.7777777777777778,19.0,0.0
211caf15fa4d2f01ac09c7de414272b8c0d8d908,ignite,False,2017-07-04 17:21:49,ignite,,13,3,2,2,1,1.0,15.0,2.5,116.5,3270,1436.7499999999698,2400.0,done,2887.0,,False,747.6759442770772,5.046312255945752,31.5,0.0401449592556919,1.0,1.0,0.8473684210526315,1.0,0.4404761904761904,16.5,0.0
ace802990822fa9a68ddb9824a159dacedc05901,ignite,False,2017-07-04 23:45:37,ignite,,2,3,1,1,1,0.0,20.0,1.0,177.0,47,47.0,42.0,done,2290.0,,False,644.212930999201,4.885692171873306,25.0,0.0388070446850918,1.0,0.0,0.8333333333333334,1.0,0.5,25.0,0.0
77c5dc7455b9bf020dee549cc91286a897dbfdbc,ignite,False,2017-07-05 01:40:21,ignite,,13,1,2,1,1,0.985228136034252,3.0,10.0,9.0,338,338.0,284.0,done,3097.0,,False,980.2739074539865,5.351020589005983,33.0,0.0336640603703399,1.0,0.0,0.8333333333333334,1.0,0.2666666666666666,24.0,0.0
ee7566b1063de69ca4f261ee2088d69d231b1c2a,ignite,False,2017-07-05 02:00:09,ignite,,0,7,1,1,1,0.0,4.0,17.0,36.0,339,339.0,285.0,done,1223.0,,False,787.1891270165378,4.644388314433746,30.0,0.0381102824853546,0.0,0.0,0.7692307692307693,1.0,0.5,20.0,0.0
44fad244aa40f552159af153fefdf25d47c7375e,ignite,False,2017-07-05 17:18:48,ignite,,6,1,1,1,1,0.0,2.0,27.0,3.0,109,98.5,104.0,done,663.0,,False,23.325742227201616,3.9462749098620513,1.0,0.0439618890262343,0.0,0.0,0.0,0.5,0.5,11.0,0.0
15da654a3e5c2bbf14947f0d3dd08270a9ba6766,ignite,False,2017-07-05 21:15:35,ignite,,45,36,1,1,1,0.0,3.0,34.0,8.0,48,46.5,47.0,done,1076.0,,False,370.413791365413,4.554083168717734,16.454545454545453,0.0530215768890354,0.1818181818181818,0.0909090909090909,0.3330837789661319,0.5454545454545454,0.3689966895849249,17.818181818181817,0.0
7504b38a603e593fbb190e9e1e9da262cbb8f855,ignite,False,2017-07-05 23:07:54,ignite,,2,2,1,1,1,0.0,29.0,0.0,182.0,3276,1439.7499999999698,2404.0,done,2323.0,,False,907.5880547154392,5.18221979980678,37.0,0.0407673942024289,1.0,1.0,0.7619047619047619,5.0,0.1333333333333333,22.0,0.0
d82b2b81a487e244584a7101c6d0e3bc0ad38151,ignite,False,2017-07-06 02:05:52,ignite,,16,6,2,2,1,0.94566030460064,1.5,3.5,2.0,51,51.0,44.0,done,86.0,,False,53.302968908806456,4.2064703480129015,4.0,0.075042724296341,0.0,0.0,1.0,0.0,1.0,13.0,0.0
907d4a8e04ee96b78d4e53db69acf13d00798c91,ignite,False,2017-07-06 17:11:38,ignite,,0,5,1,1,1,0.0,18.0,0.0,85.0,3278,1440.2499999999698,2406.0,done,1626.0,,False,2918.1114009346184,5.454246469826887,63.0,0.0215893060079276,0.0,0.0,0.5853658536585366,3.0,0.2631578947368421,22.0,0.0
6e371ec6a7621e8c764762251f343b1b113c0754,ignite,False,2017-07-06 18:40:16,ignite,,3,1,1,1,1,0.0,30.0,1.0,216.0,49,47.5,48.0,done,2649.0,,False,1295.5942876231431,5.262384957113086,47.0,0.0362767885355721,0.0,0.0,0.8333333333333334,8.0,0.4210526315789473,19.0,0.0
1cf402f379516b01ef7317a50c820bf0dec25d81,ignite,True,2017-07-06 20:26:31,ignite,369.0,18,0,1,1,1,0.0,28.0,5.0,121.0,69,69.0,67.0,done,1942.0,2018-07-11 14:25:34,False,2384.4752882637044,5.394798657308241,14.0,0.0058713126820426,0.0,0.0,0.627906976744186,2.0,0.2857142857142857,34.0,0.0
99fd75dd7766318af88a38b5640a648bba3ccdf1,ignite,False,2017-07-07 20:38:36,ignite,,42,0,3,1,1,1.53432646944219,1.6666666666666698,38.6666666666667,10.3333333333333,14,14.0,14.0,done,1834.0,,True,1384.8662295565648,5.060263243507706,48.666666666666664,0.0429747585045836,0.6666666666666666,0.0,0.9125462962962962,2.3333333333333335,0.6926103136629452,24.333333333333332,0.0
7adb11109bab5d83ed4f376b0cad42b026dd0a71,ignite,True,2017-07-07 20:49:13,ignite,290.0,34,18,1,1,1,0.0,21.0,0.0,180.0,3289,1448.4999999999698,2415.0,done,2287.0,2018-04-24 13:08:21,False,2442.1076751615674,5.2328970294731025,67.0,0.0274353177304384,0.0,0.0,0.6595744680851063,2.0,0.6086956521739131,20.0,0.009090909090909
13399d530f3458c3bf59634857cb05f801e8cc34,ignite,False,2017-07-07 21:24:09,ignite,,2,4,1,1,1,0.0,20.0,2.0,136.0,3290,1449.3333333332998,2416.0,done,1555.0,,False,120.0,4.085537262659803,5.0,0.0416666666666666,0.0,0.0,1.0,1.0,0.8,13.0,0.0
313f86e5536f82cf34a9a95ad16fa1afbe37a63e,ignite,False,2017-07-10 19:01:02,ignite,,0,2,1,1,1,0.0,27.0,0.0,288.0,3298,1456.5833333332998,2421.0,done,2458.0,,False,3179.851532481335,5.518975307422355,76.0,0.0239004869327011,1.0,3.0,0.5272727272727272,0.0,0.5666666666666667,28.0,0.0
56868102ef46e37a914593fa0f81317ccb8e4cc4,ignite,False,2017-07-10 20:02:30,ignite,,10,0,1,1,1,0.0,15.0,13.0,35.0,1759,893.5833333333569,1238.0,done,128.0,,False,104.2481250360578,4.355893896232764,2.0,0.0191849973254505,0.0,0.0,0.0,1.0,0.0,22.0,0.0
e786beb64a72906c4e004ce0bed1fa2a9c028a9d,ignite,False,2017-07-11 18:28:43,ignite,,12,15,6,5,1,2.22457600914493,2.1666666666666696,17.8333333333333,38.6666666666667,541,460.333333333333,501.0,done,1557.0,,False,5411.362749994643,4.436953919171789,184.0,0.0340215726163085,1.0,1.0,0.8853304284676834,2.0,0.2071428571428571,18.0,0.0
914fdc7b83ea5e73d2ee665fbb32bfdedc5e2dc7,ignite,False,2017-07-11 21:16:58,ignite,,13,0,2,2,1,0.3912435636292561,3.0,49.0,10.0,287,239.5,209.0,done,720.0,,False,571.9201980187552,4.7265038658856255,24.5,0.0439768047312127,0.0,0.0,0.9791666666666669,2.0,0.1944444444444444,18.5,0.0
a0b56442365bad1100b078da33f00beb6a844cf0,ignite,True,2017-07-11 21:59:16,ignite,811.0,2,0,1,1,1,0.0,1.0,5.0,1.0,62,62.0,54.0,done,217.0,2019-10-01 14:28:59,False,18.094737505048094,3.6421498816369033,0.0,0.0,0.0,0.0,0.0,0.0,0.0,10.0,0.0
3c1749da82e663500e45a34369eac48dbbc62bdc,ignite,False,2017-07-13 17:25:55,ignite,,6,0,1,1,1,0.0,48.0,1.0,548.0,53,51.5,51.0,done,4057.0,,True,519.544823830915,4.921971155417463,17.0,0.0327209496086378,1.0,2.0,0.5,2.0,0.3333333333333333,24.0,0.0
5394bbdeff4e9fb97d3b413bf30001ede580bdd7,ignite,False,2017-07-13 19:30:59,ignite,,0,13,1,1,1,0.0,12.0,31.0,46.0,3304,1461.3333333332998,2427.0,done,648.0,,False,1521.8657103125847,5.396983424382593,49.0,0.0321973217925618,1.0,0.0,0.4210526315789473,7.0,0.3125,18.0,0.0
18bdfe96a1e579371108c661e3374183c58a296d,ignite,False,2017-07-13 21:42:30,ignite,,6,2,2,1,1,1.0,5.5,31.0,13.0,1764,896.416666666691,1243.0,done,2396.0,,False,204.4005532529692,4.677163380747081,8.0,0.0378233869699144,0.0,0.0,0.2916666666666666,0.5,0.3214285714285714,15.0,0.0
d9ed07c67e4a4ff3a9de543cbe039ac2a48f03a0,ignite,False,2017-07-13 23:32:06,ignite,,2,0,1,1,1,0.0,2.0,122.0,2.0,63,63.0,55.0,done,130.0,,False,27.0,3.6421498816369033,0.0,0.0,0.0,0.0,0.0,0.0,0.0,8.0,0.0
871d9260f3b32bed5273852dbdb74c758f73d383,ignite,False,2017-07-14 00:34:01,ignite,,2,0,1,1,1,0.0,5.0,674.0,7.0,64,64.0,56.0,done,66.0,,False,483.2830724770114,5.041511927477852,18.0,0.037245252368851,0.0,0.0,0.5384615384615384,0.0,0.4285714285714285,13.0,0.0
e7ed26b6d305485d3a48ffcca0b9f4069e1fad30,ignite,False,2017-07-15 00:44:33,ignite,,1,0,1,1,1,0.0,1.0,24.0,1.0,67,67.0,58.0,done,160.0,,False,351.24725426256595,4.787659060837308,7.0,0.0199289814085417,0.0,0.0,0.2857142857142857,1.0,0.4,19.0,0.0
b32800a0ec573fb60b77bd00cb04578c5114233b,ignite,False,2017-07-15 02:17:44,ignite,,1,2,1,1,1,0.0,1.0,2.0,1.0,1767,898.916666666691,1244.0,done,119.0,,False,830.4517538542374,5.123446194458452,31.0,0.037329080053266,1.0,0.0,0.9047619047619048,1.0,0.5,24.0,0.0
0d6b73081725d006947a11bfe787bf01f0e869f4,ignite,False,2017-07-17 19:25:58,ignite,,3,1,2,2,1,1.0,3.5,5.0,9.0,53,53.0,46.0,done,1461.0,,False,2680.7791828365353,5.105964979694299,114.0,0.0718659232579581,0.5,0.0,0.8968253968253967,3.0,0.4520408163265306,22.5,0.0
32f5cbc30228129c238dcb3a15394d9a438985c3,ignite,False,2017-07-18 18:15:46,ignite,,4,1,1,1,1,0.0,3.0,28.0,4.0,3306,1460.9999999999698,2429.0,done,76.0,,False,329.3391349145572,3.768765573904297,17.0,0.0516185238793756,0.0,0.0,1.0,0.0,0.0,9.0,0.0
2a0d9d691d49c3ae82962684b3d114bb0079867c,ignite,False,2017-07-18 21:25:12,ignite,,2,2,1,1,1,0.0,19.0,3.0,57.0,13,13.0,10.0,done,1583.0,,False,82.83089699187822,4.571462817215975,4.0,0.0484799613712965,0.0,0.0,0.25,1.5,0.1666666666666666,19.5,0.0
54585ab3ea98b3236ac2635440ed496fb24742d8,ignite,False,2017-07-18 23:52:51,ignite,,9,4,2,2,1,0.890491640219491,4.5,27.5,17.5,3307,1461.99999999996,2430.0,done,1693.0,,False,520.4087900175191,5.205468859171306,24.0,0.0473008243671265,1.0,0.0,0.625,3.0,0.4453781512605042,14.0,0.0
b3bce81d13c4a7d064f0a5edc0c364d39bb5096e,ignite,False,2017-07-19 13:25:21,ignite,,3,0,1,1,1,0.0,1.0,1.0,1.0,3309,1463.99999999996,2431.0,done,168.0,,False,654.9615941425562,5.442443828201612,9.0,0.0137412637328488,2.0,2.0,0.5714285714285714,1.0,0.3,18.0,0.0
02e2507598598c09ecf3eaa45e5c9b7c4db74152,ignite,False,2017-07-20 07:16:30,ignite,,1,1,1,1,1,0.0,1.0,95.0,1.0,0,0.0,0.0,done,189.0,,False,149.27754454988144,4.771009348934863,9.0,0.0602903807611373,1.0,0.0,1.0,1.0,0.1666666666666666,13.0,0.0
a790dface730eae11f98c6b6f74232f0ec32cf6b,ignite,False,2017-07-26 19:41:33,ignite,,2,0,1,1,1,0.0,1.0,16.0,1.0,54,54.0,47.0,done,164.0,,False,807.636784093411,5.097734096595096,29.0,0.0359072302935695,3.0,0.0,0.2777777777777778,0.0,0.4166666666666667,21.0,0.0
50c5b1dfc1cf182f42bd36dc5d5757f61180ff36,ignite,False,2017-07-26 22:38:08,ignite,,3,1,1,1,1,0.0,36.0,21.0,125.0,117,116.5,96.0,done,2466.0,,False,118.53642239625984,4.3149558061352655,5.0,0.0421811279514182,0.0,0.0,0.0,1.0,0.0,10.0,0.0
004e5aa7df72a16efb02e7500b56475916515ba7,ignite,False,2017-07-27 17:42:09,ignite,,0,1,1,1,1,0.0,18.0,0.0,68.0,1772,897.8333333333569,1248.0,done,656.0,,False,558.9052697343161,4.884436585998073,23.0,0.0411518753633033,0.0,0.0,0.6818181818181818,1.0,0.375,19.0,0.0
6031ed85aa0242e8a56dee43c14c73bcafa7fab7,ignite,False,2017-07-28 11:54:07,ignite,,1,9,1,1,1,0.0,4.0,91.0,6.0,130,48.5,57.0,done,356.0,,False,1292.9007395887093,4.6152944241441585,34.0,0.026297455758913,2.0,3.0,0.875,0.0,0.6666666666666666,37.0,0.0
a57a851dd34c296b3b8b919c6f846dfe68192ea1,ignite,False,2017-07-28 19:32:26,ignite,,2,0,1,1,1,0.0,5.0,52.0,10.0,29,29.0,28.0,done,597.0,,True,116.75790004038474,4.199186077003679,7.0,0.0599531166420328,1.0,0.0,0.25,0.0,0.8,14.0,0.0
591566e9d8323ca2f3e28b43c421e35909ef9cb7,ignite,False,2017-07-28 22:43:11,ignite,,5,5,2,2,1,0.881290899230693,2.5,0.5,16.0,32,32.0,30.0,done,1810.0,,False,324.33034055173533,4.451825027426445,6.0,0.0184996568307272,0.0,0.0,0.5714285714285714,1.0,0.6666666666666666,21.0,0.0
f975110f54cb08fcf85c09ec67eb0a5b45c429e5,ignite,False,2017-07-28 22:50:35,ignite,,17,5,1,1,1,0.0,3.0,1.0,8.0,33,33.0,31.0,done,4400.0,,False,2781.7237574833166,5.674517467966148,37.0,0.0133011050793464,1.0,2.0,0.7586206896551724,0.0,0.391304347826087,24.0,0.0
1b7606ce8beaa42bc5db740e5af9cb4d98681b4c,ignite,False,2017-07-28 23:13:30,ignite,,3,0,1,1,1,0.0,1.0,0.0,3.0,35,35.0,33.0,done,1811.0,,False,420.6012073894872,4.775471844509233,17.0,0.0404183338072483,0.0,0.0,0.8571428571428571,1.0,0.8,24.0,0.0
770efe23ce58a62461c698b42b4d58c5791bceb2,ignite,True,2017-07-28 23:26:52,ignite,20.0,24,8,1,1,1,0.0,6.0,7.0,8.0,1774,898.166666666691,1250.0,done,2530.0,2017-08-18 09:47:08,False,694.8713694563726,5.2206120928512565,29.0,0.042546350200259,1.0,0.0,0.8125,1.5,0.5916666666666667,18.5,0.0
5ba4a3879e109864d570042b273ea2fbc11753a0,ignite,False,2017-07-31 18:02:59,ignite,,1,1,1,1,1,0.0,19.0,0.0,59.0,3319,1463.49999999996,2439.0,done,1624.0,,False,6010.168489380288,5.44876724787867,171.0,0.028451781393841,2.0,26.0,0.8157894736842105,1.0,0.32,29.0,0.0
40c91c5983c4237b329f0e0b532d8ba2d9ae9743,ignite,False,2017-08-01 23:37:21,ignite,,5,0,1,1,1,0.0,20.0,12.0,37.0,21,21.0,15.0,done,2052.0,,True,1126.8400941369484,4.610074166000324,39.0,0.0346100570994239,0.0,0.0,0.7931034482758621,1.0,0.8125,24.0,0.0
b27768288ff9e33294741782d456a43eda5249ce,ignite,False,2017-08-02 23:25:31,ignite,,2,2,1,1,1,0.0,22.0,0.0,190.0,3320,1464.24999999996,2440.0,done,2319.0,,False,2223.3139957767307,5.328636255287988,76.0,0.0341832058559271,1.0,1.0,0.5714285714285714,1.0,0.45,20.0,0.0
e8b355f9d375e6d53a5fc55008a9c38864fba0a8,ignite,False,2017-08-04 17:16:52,ignite,,3,0,1,1,1,0.0,3.0,68.0,8.0,111,100.5,4.0,done,333.0,,False,894.9690357481514,4.944888046661284,33.0,0.0368727840649968,0.0,0.0,0.6,1.0,0.6666666666666666,26.0,0.0
eb336074c91da2e35aab4ca9f69a5d7191b3701b,ignite,False,2017-08-04 17:18:09,ignite,,3,0,1,1,1,0.0,3.0,68.0,8.0,111,100.5,4.0,done,333.0,,True,894.9690357481514,4.944888046661284,33.0,0.0368727840649968,0.0,0.0,0.6,1.0,0.6666666666666666,26.0,0.0
c141ded2565b0b277add5007f73a6fa7e97b3372,ignite,False,2017-08-08 20:53:34,ignite,,7,0,1,1,1,0.0,12.0,82.0,28.0,1779,899.5833333333569,1254.0,done,860.0,,True,2488.4889048796563,4.867038305171604,74.0,0.0297369218142359,1.0,2.0,0.3666666666666666,0.0,0.4666666666666667,30.0,0.0
a7ac59f7bb214fc9eb4fd4520aad7c40c4dd9ee9,ignite,False,2017-08-10 21:48:26,ignite,,9,2,1,1,1,0.0,1.0,8.0,1.0,4,4.0,4.0,done,751.0,,False,479.1532926062391,5.265678106693292,0.0,0.0,0.0,0.0,0.7417582417582418,0.0,0.0,21.0,0.0
7199037d23e6a9115c6b085fb03a3633c73f863d,ignite,True,2017-08-11 00:13:17,ignite,41.0,1,1,1,1,1,0.0,3.0,0.0,3.0,1781,900.5833333333569,1255.0,done,540.0,2017-09-21 15:36:37,False,70.32403072095333,4.071581588126283,3.0,0.0426596708016359,0.0,0.0,0.5,0.0,1.0,18.0,0.0
3a390c8afa157a54bdcde62a30159baebea87fb4,ignite,False,2017-08-11 13:07:26,ignite,,10,21,1,1,1,0.0,10.0,381.0,22.0,298,246.5,217.0,done,757.0,,False,1355.571578394724,5.365586433518814,61.0,0.0449994681005606,0.0,0.0,0.8421052631578947,3.0,0.4444444444444444,24.0,0.0
18e79e5cbd0c861e9d8832a654b2dec9338a86d6,ignite,False,2017-08-14 20:13:46,ignite,,2,2,1,1,1,0.0,46.0,4.0,368.0,22,22.0,16.0,done,4099.0,,False,162.87954637714773,4.459285137770232,6.0,0.037799389830375,0.5,0.0,0.8333333333333333,0.5,0.7083333333333333,18.0,0.0
09d255e55e47bee3b1c2c5565e3c0009a6989e25,ignite,False,2017-08-15 20:46:32,ignite,,2,2,1,1,1,0.0,6.0,5.0,10.0,27,27.0,23.0,done,559.0,,False,196.21499122004107,4.883165995038615,13.0,0.0662538571551927,0.0,0.0,1.0,3.0,0.3333333333333333,19.0,0.0
2506ae591abf5926d42a396f4bf4d3a1d4dcc2ad,ignite,False,2017-08-16 20:06:58,ignite,,7,0,1,1,1,0.0,2.0,1.0,3.0,348,348.0,294.0,done,70.0,,False,187.64662506490404,4.19546184423832,15.0,0.0799374888560438,0.0,0.0,1.0,1.0,0.3333333333333333,12.0,0.0
df2fb8c5988854504c681c4493c1a773d1e61458,ignite,False,2017-08-16 23:01:57,ignite,,10,1,1,1,1,0.0,3.0,42.0,9.0,349,349.0,295.0,done,1085.0,,False,171.30037948837168,4.250904047153461,6.0,0.0350261921072235,0.0,0.0,1.0,1.0,0.0,20.0,0.0
9cfb05011ab5085c8166fc0ba8b1047906845694,ignite,False,2017-08-17 19:46:03,ignite,,3,2,1,1,1,0.0,7.0,21.0,19.0,350,350.0,296.0,done,294.0,,False,286.62087871252675,4.819450428851344,14.0,0.0488450110923064,0.0,0.0,0.8333333333333334,3.0,0.5555555555555556,20.0,0.0
071c24c415a222186cd7edf3ce3018de6bafdb24,ignite,False,2017-08-17 23:05:50,ignite,,19,5,1,1,1,0.0,2.0,3.0,2.0,351,351.0,297.0,done,191.0,,False,1189.082750331732,4.084329624569745,35.0,0.0294344527243672,0.0,0.0,0.9444444444444444,0.0,0.25,15.0,0.0
06ad010e92541e4e0f0cdcfe6c99ea8d4af69b70,ignite,False,2017-08-17 23:07:29,ignite,,37,34,1,1,1,0.0,3.0,35.0,6.0,352,352.0,298.0,done,2318.0,,False,1345.043650314424,5.306202621304121,39.0,0.0289953415198705,2.0,3.0,0.6363636363636364,2.0,0.2666666666666666,21.0,0.0
15710a86977b803dbecc6c53b4036801c21fdcd9,ignite,True,2017-08-18 00:10:14,ignite,378.0,9,4,1,1,1,0.0,12.0,0.0,28.0,1784,897.0833333333569,1258.0,done,3123.0,2018-08-31 14:55:17,False,643.9532994813709,4.641558509949869,13.0,0.0201877993489123,1.0,2.0,0.6428571428571429,2.0,0.0,21.0,0.0
b3ae58eccb35369041342e4a5d9bb5f661417d41,ignite,True,2017-08-18 00:29:04,ignite,207.0,31,5,3,3,1,1.5426174231647802,8.33333333333333,5.0,75.6666666666667,431,361.5,347.0,done,7768.0,2018-03-13 16:49:12,True,1064.2938781240484,5.104644642429449,45.25,0.0451012591827318,0.5,0.5,0.785171568627451,2.75,0.4383986928104575,21.0,0.0
4bfc6e240e9a2cc92b00762ae89a1b735ca9f7ec,ignite,True,2017-08-19 06:47:06,ignite,66.0,21,31,2,1,1,0.9903748364485748,0.5,64.0,2.0,1478,469.416666666666,119.0,done,92.0,2017-10-24 13:08:45,False,834.1263884714666,5.403583886465678,27.0,0.0323691953319896,1.0,0.0,0.9375,1.0,0.5714285714285714,18.0,0.0
8436ae006dd0e45d040a71a7c5a9234e5b8174d5,ignite,False,2017-08-21 23:14:38,ignite,,7,8,3,3,1,1.50582310020828,12.666666666666698,17.6666666666667,109.666666666667,1400,460.833333333331,761.0,done,3237.0,,False,1199.19668277858,5.120741185584132,14.5,0.0193074983670026,0.5,0.0,0.6992481203007519,0.5,0.35,19.5,0.0
2c9057a3eb060cb5beb8ae9bc4173d15d99433e4,ignite,True,2017-08-22 17:29:32,ignite,537.0,1,1,1,1,1,0.0,28.0,0.0,300.0,3326,1460.66666666664,2444.0,done,3415.0,2019-02-11 09:51:44,False,62.907475208398566,4.014438730983426,1.0,0.0158963620251364,0.0,0.0,0.2,0.0,1.0,19.0,0.0
bebe4d872cd687f793596ee1b2067f777e9ce46e,ignite,True,2017-08-23 21:19:52,ignite,153.0,160,81,2,1,1,0.6287215490953271,14.0,1.5,151.0,3327,1457.9999999999698,2445.0,done,3745.0,2018-01-24 14:54:09,False,2054.330065093552,5.130665380765346,51.2,0.0291780020489062,0.8,1.0666666666666669,0.6600797159034144,1.4666666666666666,0.5515605700618766,23.6,0.0005089058524173
4fe8f762c2dc1b62bdcddd606b66dc67215b50a6,ignite,False,2017-08-24 00:29:52,ignite,,60,51,1,1,1,0.0,6.0,2.0,10.0,3330,1459.4999999999698,2447.0,done,550.0,,False,1976.629716851622,5.596684568055073,56.0,0.028331052357746,1.0,1.0,0.5161290322580645,3.0,0.3076923076923077,25.0,0.0
3ab523cd0f9c8bf962e6069596002204bcc49886,ignite,False,2017-08-24 20:09:12,ignite,,7,7,1,1,1,0.0,20.0,2.0,62.0,3331,1459.4999999999698,2448.0,done,2226.0,,False,5030.164601187618,5.853455112910575,81.0,0.0161028527736201,2.0,0.0,0.7205882352941176,4.0,0.2702702702702703,24.0,0.0
a1fab62c2d44730204e657ea25d1002669df90b1,ignite,True,2017-08-26 02:09:43,ignite,586.0,2,2,1,1,1,0.0,12.0,3.0,34.0,63,63.0,56.0,done,3184.0,2019-04-04 15:35:21,False,2881.1435197157844,5.7010826877808265,98.0,0.0340142722253792,2.0,3.0,0.8157894736842105,1.0,0.3076923076923077,19.0,0.0
8fd4f747d736b34df8c62567786ac89331e229c7,ignite,False,2017-08-29 22:59:50,ignite,,57,17,3,3,1,0.281993291509593,4.0,32.0,31.6666666666667,97,93.5,90.0,done,1565.0,,False,420.6012073894872,4.579051850044096,12.0,0.0285305885698223,0.0,0.0,0.2142857142857142,1.0,0.0,10.0,0.0
45643050b8f298b87afe7bf1f1ba5de1d3156254,ignite,False,2017-08-29 23:32:04,ignite,,10,4,1,1,1,0.0,22.0,0.0,196.0,439,367.5,355.0,done,2485.0,,False,1395.2553866710773,5.3620663453667685,54.0,0.038702592024273,1.0,1.0,0.8333333333333334,4.0,0.5263157894736842,25.0,0.0
46cfe1b79062cec4ffd7f414e82dacf0ce01dd10,ignite,False,2017-08-29 23:32:04,ignite,,1,1,1,1,1,0.0,28.0,3.0,303.0,75,75.0,66.0,done,3504.0,,False,969.6012178975813,5.1818791475123405,28.0,0.0288778515158152,0.0,0.0,0.6086956521739131,1.0,0.6153846153846154,23.0,0.0
d253c02496f54ce4669fe19fefcf5856fa48d08e,ignite,False,2017-08-30 23:56:22,ignite,,2,6,1,1,1,0.0,22.0,9.0,162.0,443,369.5,359.0,done,1277.0,,False,1659.4876332506676,5.2696687716139365,48.0,0.028924590360445,1.0,1.0,0.6666666666666666,0.0,0.5789473684210527,28.0,0.0
f9be391856ceff2268249fccbfd3c5ca0132378e,ignite,True,2017-08-31 12:15:09,ignite,421.0,21,15,3,2,1,0.716175747993518,4.66666666666667,21.6666666666667,16.0,17,17.0,14.0,done,4508.0,2018-10-26 12:16:40,False,221.9883093580605,4.535964227958173,12.666666666666666,0.0549740669807104,0.3333333333333333,0.0,0.9333333333333332,1.3333333333333333,0.5888888888888889,15.666666666666666,0.0
fd9ab957911ee218544ded288dd42d77abdbb5ef,ignite,False,2017-08-31 23:03:44,ignite,,4,3,2,1,1,0.591672778582327,1.5,7.0,4.0,121,105.0,113.0,done,2278.0,,False,31.69925001442312,4.290458615760338,1.0,0.0315464876785728,0.0,0.0,0.0,1.5,0.4166666666666666,13.5,0.0
fe656eb80cf9c4a121fca75a4dfe4a8fd891a54c,ignite,False,2017-09-04 19:19:50,ignite,,4,1,1,1,1,0.0,6.0,20.0,7.0,123,107.0,115.0,done,297.0,,False,16.253496664211536,3.68354236243323,1.0,0.0615252225819132,0.0,0.0,0.0,1.0,0.0,8.0,0.0
3a33095ade910794f8385e43a651b0d922293c3b,ignite,True,2017-09-04 23:41:30,ignite,98.0,4,3,1,1,1,0.0,48.0,3.0,371.0,300,300.0,199.0,done,4122.0,2017-12-12 11:53:08,False,723.5650950715066,5.187843055859032,27.0,0.0373152328434689,1.0,0.0,0.5454545454545454,0.0,0.4375,23.0,0.0
dab27856c9139629379906ce050f7e17c8561a9b,ignite,False,2017-09-05 20:58:29,ignite,,51,48,18,3,1,3.9851703825966096,1.6666666666666698,1.0,14.3888888888889,3338,1446.16666666664,2454.0,done,1251.0,,False,105.96225340195424,4.091580616156578,8.0,0.1288992400587009,0.0,0.0,0.7142857142857142,2.607142857142857,0.3524621212121213,14.178571428571429,0.0
88cfa73fd7cd2b6da2731ef7a51edbbd946f089e,ignite,False,2017-09-07 19:23:37,ignite,,9,8,2,1,1,0.997502546369115,18.0,28.5,71.5,304,304.0,201.0,done,430.0,,False,1511.8085687948092,3.824325295149132,75.5,0.0509426004598767,0.0,0.0,1.0,0.0,0.0,11.0,0.0
b10117db2d2b8b99a14211a0d6a76b943e2346f3,ignite,False,2017-09-07 22:50:06,ignite,,9,3,3,2,1,1.48335575498169,4.0,3.0,8.0,305,305.0,202.0,done,3495.0,,False,201.9712963042128,3.778428710490695,6.333333333333333,0.1084269377564246,0.0,0.0,0.1041666666666666,0.0,1.0,13.0,0.0
790e68a28b74814097bb4877e85c7ab297e27972,ignite,False,2017-09-08 22:25:26,ignite,,2,2,1,1,1,0.0,3.0,99.0,6.0,306,306.0,203.0,done,464.0,,False,290.0,4.526859765599529,6.0,0.0206896551724137,0.0,0.0,0.3333333333333333,1.0,0.0,15.0,0.0
ed3d2a5edbe9b4b20dd02eeedc7636abdc0548c5,ignite,False,2017-09-12 23:33:23,ignite,,2,2,1,1,1,0.0,2.0,0.0,2.0,307,307.0,204.0,done,323.0,,False,255.15831097164295,4.516596874604701,5.0,0.0195956776048563,0.0,0.0,0.1818181818181818,1.0,0.0,15.0,0.0
9514d4a6b80becde2cea69afdb570e789bf47949,ignite,False,2017-09-14 01:13:46,ignite,,51,36,1,1,1,0.0,40.0,19.0,502.0,446,361.0,362.0,done,6647.0,,False,1160.7451128187836,5.23655309934285,24.0,0.0206763739385624,0.0,0.0,0.6842105263157895,4.0,0.1818181818181818,26.0,0.0
2776cb6f33c409e582311a0c250f2afa652ae863,ignite,False,2017-09-14 17:33:19,ignite,,18,9,1,1,1,0.0,6.0,23.0,13.0,1791,860.0000000000218,1265.0,done,378.0,,False,295.2652435740557,4.792285966525238,14.25,0.0475693991891511,1.5,0.25,0.3899260461760462,1.0,0.3010989010989011,18.5,0.0
b98ffab7b35eafe97c544b141dd701f4971e16e1,ignite,True,2017-09-22 00:36:37,ignite,339.0,1,1,1,1,1,0.0,5.0,0.0,6.0,122,109.0,101.0,done,543.0,2018-08-27 11:43:28,True,70.32403072095333,3.985048800526073,3.0,0.0426596708016359,0.0,0.0,0.5,0.0,1.0,20.0,0.0
27295f238ffe9e7d81db955242fbd6c826717386,ignite,False,2017-09-22 13:30:12,ignite,,7,0,1,1,1,0.0,0.0,0.0,0.0,311,241.166666666667,230.0,done,92.0,,True,612.0033730085577,4.961597480368839,21.0,0.0343135363727911,0.0,0.0,0.8,0.0,0.6666666666666666,14.0,0.0
05eba9a2e19614843157a04fe33c281be65c7d52,ignite,False,2017-09-22 19:14:57,ignite,,4,4,1,1,1,0.0,36.0,0.0,231.0,359,359.0,305.0,done,3044.0,,False,3341.3025931362395,5.073212809195638,28.0,0.0443436615044033,0.0,0.0,0.6337481962481962,2.0,0.5833333333333334,24.666666666666668,0.0
7ecdd7dcf8e8c7334f3003bbf47d9318a0b2afab,ignite,False,2017-09-23 00:15:26,ignite,,5,2,2,2,1,0.8631205685666309,19.5,0.0,133.5,1795,843.083333333355,1269.0,done,6108.0,,False,889.610600634433,5.047094826579286,20.0,0.0224817464919334,1.0,0.0,0.5862068965517241,1.0,0.25,23.0,0.0
68c100df28ddd97828fd67c2d46f6124ce080d4c,ignite,False,2017-09-25 19:07:35,ignite,,97,9,6,4,1,1.59594797220133,2.3333333333333304,21.6666666666667,46.5,581,461.666666666667,538.0,done,1610.0,,False,5741.577180092399,4.488128354947673,192.0,0.0334404981045903,1.0,1.0,0.878475935828877,2.0,0.2,18.0,0.0
adbf0680f8378448ae2f520ed8237bd6baaf7334,ignite,False,2017-09-27 19:46:37,ignite,,4,0,1,1,1,0.0,51.0,10.0,376.0,9,9.0,9.0,done,4136.0,,True,213.186610637243,4.678370153737538,7.5,0.0335680671849315,0.5,0.0,0.4358974358974359,1.5,0.4642857142857143,18.5,0.0
f2dedcab2c2e5e278574ebd7237f4cf593d7d773,ignite,False,2017-09-28 20:54:50,ignite,,2,2,1,1,1,0.0,26.0,37.0,111.0,3347,1410.91666666666,2462.0,done,3147.0,,False,140.68953791206894,4.711353184784615,7.0,0.0515835841112772,0.0,0.0,0.4166666666666666,4.0,0.1666666666666666,21.5,0.0
507ac67568743cd0838d0822979022a698a79957,ignite,True,2017-09-28 21:42:11,ignite,62.0,12,9,2,2,1,0.453716339186945,0.5,6.0,1.0,9,9.0,8.0,done,280.0,2017-11-30 13:21:30,False,1742.3769903374018,5.756823797738156,24.0,0.0137742865826944,0.0,0.0,0.7391304347826086,4.0,0.375,21.0,0.0
5d6ff970d733adec934825556856d319cfba196d,ignite,False,2017-09-29 01:17:18,ignite,,32,4,5,4,1,2.13568751763069,2.8,0.4,47.6,593,467.166666666667,550.0,done,1653.0,,False,882.517229762677,3.7293875720510847,23.0,0.0225471931030466,0.0,0.0,0.5918803418803419,1.5,0.0,14.5,0.0
afaa5e03d8298f138f4d9ff8a8e80dc5934374eb,ignite,True,2017-09-29 18:15:40,ignite,32.0,147,74,43,12,1,5.35909734529006,0.790697674418605,46.4186046511628,4.465116279069769,10,10.0,9.0,done,16743.0,2017-11-01 00:17:00,False,130.5027023696799,4.160866380279395,4.720588235294118,0.0344552923218899,0.0294117647058823,0.0,0.638726746679533,0.1470588235294117,0.9236754530872178,18.220588235294116,0.0
8f599c57104513aa8ba940cca10f680467e12cb3,ignite,False,2017-09-29 21:22:36,ignite,,126,15,12,7,1,3.01336696396578,1.4166666666666698,9.33333333333333,26.1666666666667,596,470.166666666667,553.0,done,1661.0,,False,1102.7791035798082,4.800697124923825,52.5,0.0475727790660143,1.0,0.0,0.956190476190476,1.5,0.0,18.5,0.0
0ab17ab7bad025543591bef2efff176174696bfa,ignite,False,2017-09-29 22:33:03,ignite,,8,0,1,1,1,0.0,1.0,0.0,1.0,32,17.1666666666667,26.0,done,96.0,,False,76.14709844115208,4.200439718141092,4.0,0.0525299070074387,0.0,0.0,1.0,1.0,0.0,16.0,0.0
f57b6776775308753a1fa579c0e7599df241be61,ignite,False,2017-10-02 21:06:12,ignite,,14,5,2,2,1,0.831474388009729,6.0,55.0,11.0,1796,833.250000000021,1270.0,done,2692.0,,False,788.5915947595104,5.307573630662465,24.0,0.0304340043179373,0.0,0.0,0.631578947368421,0.0,0.5,19.0,0.0
5764960e802e91b87956f4515e289eaf0003a2de,ignite,False,2017-10-02 22:48:23,ignite,,179,20,8,5,1,2.60310739157687,1.625,79.625,23.5,599,472.333333333333,556.0,done,293.0,,False,1059.6652840941915,5.108520418551296,38.0,0.0358603802260849,1.0,0.0,0.5,2.0,0.4545454545454545,26.0,0.0
db69e90279d05ea980cf33ab4230c2c9d4dd2c01,ignite,False,2017-10-03 22:42:01,ignite,,2,2,2,2,1,1.0,9.5,81.0,49.5,3348,1404.91666666666,2463.0,done,1096.0,,False,316.5175192253896,4.639043957866953,13.0,0.0430734925862711,0.0,0.0,0.7285714285714285,1.0,0.5625,18.5,0.0
3b1cad2156e6230760fface6c7cd00d3f3526255,ignite,True,2017-10-05 23:37:04,ignite,18.0,20,0,2,2,1,0.468995593589281,7.5,6.5,27.0,1797,832.6666666666879,1271.0,done,5734.0,2017-10-24 08:22:28,True,179.25788349249336,4.529939269029543,8.25,0.0466608507024062,0.75,0.75,0.50625,0.0,0.661904761904762,13.0,0.0
49b835812a607a116c4dbc99ce60ed1684229b34,ignite,True,2017-10-06 00:11:58,ignite,26.0,41,19,4,2,1,1.9473917846139897,2.5,10.0,7.75,24,24.0,23.0,done,1886.0,2017-11-01 00:17:00,True,283.80785697555257,4.698290615287757,11.8,0.0475278664146808,0.0,0.0,0.5577777777777777,2.8,0.3872222222222222,15.4,0.0
2410f0792fec33725f1b7f74b5b576b353b8fe55,ignite,True,2017-10-06 16:25:42,ignite,45.0,79,26,5,4,1,2.06463977027841,5.4,30.6,33.0,37,34.3333333333333,37.0,done,1828.0,2017-11-21 13:15:32,False,1230.9594419738037,5.236697883179584,38.0,0.0308548690321066,1.0,0.0,0.6825396825396826,0.5,0.3363636363636363,27.5,0.0
85261a341936547693aaed2105dc504fda2a9bf7,ignite,False,2017-10-07 03:10:08,ignite,,2,0,1,1,1,0.0,12.0,42.0,16.0,317,235.666666666667,236.0,done,1131.0,,True,1106.1229416844417,4.824145547301926,36.0,0.0325461109641013,1.0,2.0,0.7333333333333333,2.0,0.4444444444444444,18.0,0.0
90624c64f76ae46cb98d30b0f7f0697ec6701fbb,ignite,False,2017-10-09 17:57:06,ignite,,1,2,1,1,1,0.0,4.0,2.0,6.0,322,322.0,215.0,done,428.0,,False,27.0,3.921928094887362,1.0,0.037037037037037,0.0,0.0,0.0,1.0,0.0,8.0,0.0
a45677cf0b6b6ffa524fc10932c002d3b879f943,ignite,True,2017-10-09 21:23:23,ignite,275.0,33,15,5,4,1,2.06151231755849,3.0,21.2,28.6,39,36.3333333333333,39.0,done,163.0,2018-07-12 13:04:19,False,1516.3161511662963,5.389036617196293,50.0,0.0329746537102712,1.0,0.0,0.8157894736842105,1.0,0.238095238095238,28.0,0.0
5f2a3e178d8ae992607b6418699a2e1e17d23592,ignite,False,2017-10-10 21:09:30,ignite,,2,2,1,1,1,0.0,26.0,8.0,54.0,5,5.0,5.0,done,2424.0,,False,44.37895002019237,3.5495234595978316,0.0,0.0,0.0,0.0,0.0,0.0,0.0,8.0,0.0
0f3546a9b45e55181f0c16b11f9378452357b2ec,ignite,False,2017-10-10 23:54:50,ignite,,11,14,1,1,1,0.0,15.0,13.0,45.0,324,324.0,216.0,done,1729.0,,False,279.69276394968557,4.75141147355183,11.0,0.0393288687367643,0.0,0.0,0.5714285714285714,1.0,0.3333333333333333,15.0,0.0
0f3f7d20048a13b561ddcac4537f15c2ce9bc8ed,ignite,False,2017-10-13 00:48:35,ignite,,5,1,1,1,1,0.0,3.0,43.0,4.0,318,236.666666666667,237.0,done,127.0,,False,847.1005991081051,5.292888020972922,12.0,0.0141659680239095,0.0,0.0,0.5625,1.0,0.375,16.0,0.0
5ec744cf7fb0db0658f91176bf98dfe5ccb05be2,ignite,False,2017-10-13 18:25:34,ignite,,283,19,7,4,1,1.8063494052687,0.142857142857143,55.1428571428571,7.28571428571429,604,471.0,561.0,done,90.0,,False,180.94247824228052,4.539442365106047,6.0,0.0331597094186255,0.0,0.0,0.4,1.0,0.4,18.0,0.0
b8128e1f52103a8cf79ca888841903b4f3940656,ignite,True,2017-10-19 22:25:34,ignite,41.0,4,4,2,1,1,0.811278124459133,0.5,24.0,1.5,11,11.0,10.0,done,440.0,2017-11-30 13:21:30,False,884.2326912281015,5.044274922668271,19.666666666666668,0.0532406845926855,0.0,0.0,0.5357142857142857,2.3333333333333335,0.3958333333333333,16.666666666666668,0.0
5c8c492005868e6ee2bad1fb8daac5b202da52dd,ignite,True,2017-10-20 04:20:18,ignite,713.0,149,70,4,2,1,1.52132347530828,3.25,13.75,9.75,142,113.5,134.0,done,4147.0,2019-10-03 09:23:46,True,1571.7106736888115,4.4979760058150715,37.833333333333336,0.0288823437017461,1.0,0.0,0.7768620268620268,2.8333333333333335,0.3425699300699301,20.5,0.0
1294bef48d79f41e4223f64220663e4bd0718f90,ignite,False,2017-10-23 23:14:03,ignite,,0,2,1,1,1,0.0,3.0,3.0,4.0,26,26.0,25.0,done,156.0,,False,782.7946971920663,5.086386767320022,29.0,0.03704675070491,3.0,0.0,0.2941176470588235,0.0,0.4166666666666667,21.0,0.0
62cb4fb55481b53f780d588d865cbbd1f4d5f45f,ignite,False,2017-10-24 17:19:43,ignite,,1,1,1,1,1,0.0,14.0,20.0,44.0,3351,1400.5,2466.0,done,418.0,,False,100.07820003461548,4.589889603490045,5.0,0.0499609305350273,0.0,0.0,1.0,1.0,0.5,19.0,0.0
eb81e6cde187d15ad87865d250c05bff8a117f8d,ignite,False,2017-10-24 21:18:02,ignite,,24,13,6,6,1,2.02936179050876,3.6666666666666696,14.333333333333302,23.5,143,57.3333333333333,70.0,done,612.0,,False,1194.7098034724345,4.222988261337392,50.5,0.0864695011710583,0.0,0.0,0.7243589743589743,1.5,0.5320070000921064,14.0,0.0
5b3ad97b939bee6f3e272f93c75e920208cb7491,ignite,True,2017-10-24 22:45:57,ignite,2.0,542,117,22,9,1,3.8613651014769306,1.0,48.2727272727273,30.3636363636364,609,469.333333333333,566.0,done,1841.0,2017-10-27 09:56:37,False,3131.376102738185,4.6591832048398505,120.5,0.0385429512984969,1.0,0.0,0.8913461538461538,1.5,0.2219251336898395,20.5,0.0
70a57d57628778a018ae0c6eacf772a66b51e018,ignite,False,2017-10-25 20:55:02,ignite,,2,2,1,1,1,0.0,52.0,1.0,380.0,16,15.5,15.0,done,4185.0,,False,333.4033961014228,4.8571489947375195,12.0,0.0359924348111605,1.0,0.0,0.5384615384615384,1.0,0.4285714285714285,20.0,0.0
6ed872b4e49c2c767dad975aa9613fc881726027,ignite,True,2017-10-26 00:44:53,ignite,50.0,13,1,1,1,1,0.0,33.0,14.0,182.0,9,9.0,9.0,done,5129.0,2017-12-15 13:37:50,False,4184.3742249975285,5.552224972248131,126.5,0.0347603772776962,1.5,3.5,0.7369505494505495,1.5,0.4403330249768732,23.0,0.0
0134f2b4447c97c0bf3ddb4fac3b423248030eec,ignite,False,2017-10-31 00:19:36,ignite,,9,2,1,1,1,0.0,1.0,68.0,3.0,1805,824.9166666666879,1278.0,done,339.0,,False,2329.769233292056,5.107457369964032,64.0,0.0274705318816342,1.0,1.0,0.717391304347826,1.0,0.3181818181818182,29.0,0.0
fc1dcc392313136dd8cc8f1b4142e879528b19c6,ignite,False,2017-11-01 19:12:35,ignite,,2,1,1,1,1,0.0,2.0,47.0,2.0,80,80.0,71.0,done,247.0,,False,318.9478887145537,4.761024140719591,16.0,0.0501649346684323,1.0,0.0,0.1666666666666666,2.0,0.2,29.0,0.0
4589ff2d42f0553e311f4fb4dfd545fce38374dc,ignite,False,2017-11-15 18:03:13,ignite,,1,1,1,1,1,0.0,3.0,33.0,5.0,19,19.0,19.0,done,131.0,,False,868.3129175544523,5.315544220170081,12.0,0.013819902661125,0.0,0.0,0.5625,1.0,0.375,16.0,0.0
8ba8ba8f287fdc095c148649785a36a92b7111f0,ignite,False,2017-11-22 20:32:10,ignite,,3,1,1,1,1,0.0,50.0,11.0,568.0,86,77.0,84.0,done,4130.0,,False,1550.7300640515673,5.040411748892698,37.0,0.0238597295929961,1.0,0.0,0.725,2.0,0.5,26.0,0.0
150449ca0068335461d977ba00ee425ace907f29,ignite,False,2017-11-27 18:47:44,ignite,,100,84,3,2,1,1.07253056875345,0.666666666666667,16.0,6.0,634,460.4999999999991,591.0,done,358.0,,False,662.7572715399228,4.6473119072192945,25.0,0.0448628091887582,0.5,0.0,0.75,1.0,0.2916666666666666,14.0,0.0
5e7a556572b8c3a65bca9c01630466af26644f5e,ignite,False,2017-11-27 19:08:00,ignite,,11,2,1,1,1,0.0,9.0,165.0,22.0,440,165.583333333334,291.0,done,1511.0,,False,1505.4617003519245,5.247163422170661,29.0,0.019263193472953,1.0,0.0,0.5185185185185185,4.0,0.2666666666666666,23.0,0.0
89c82f5fa972828b528f70152c18a59b97e413a4,ignite,True,2017-11-29 17:36:49,ignite,482.0,8,12,1,1,1,0.0,3.0,21.0,7.0,3358,1387.08333333334,2471.0,done,693.0,2019-03-27 14:40:44,False,1043.5091266408708,4.959075952965372,43.333333333333336,0.0397529708793934,0.3333333333333333,0.6666666666666666,0.9074074074074074,2.6666666666666665,0.4027777777777777,16.666666666666668,0.0
35e621fec2c2bc43206ec1f35a7de4ef7faad97f,ignite,False,2017-11-30 16:10:12,ignite,,804,19,16,6,1,2.12681704731734,0.5625,23.25,12.0625,636,460.4999999999991,593.0,done,101.0,,False,78.81059767708477,4.14676428636636,3.6666666666666665,0.0655235371012139,0.0,0.0,0.7777777777777777,1.3333333333333333,0.2222222222222222,15.0,0.0
a29fe352de4fa3f66f471a4315fff097fe06c786,ignite,False,2017-12-02 02:54:59,ignite,,51,41,6,5,1,2.0475117129204,0.666666666666667,14.5,1.8333333333333304,1,1.0,1.0,done,2123.0,,False,1300.2389650485322,5.269755041087355,27.642857142857142,0.0277053444018022,0.6428571428571429,0.0714285714285714,0.7748430563200079,3.142857142857143,0.2547088278204317,31.642857142857142,0.0
ac6b872d4144a1133f9ca186f2df876a2e933cc4,ignite,False,2017-12-06 22:59:22,ignite,,11,5,1,1,1,0.0,1.0,2.0,1.0,1810,803.3333333333479,1283.0,done,189.0,,False,4.754887502163468,3.121928094887362,1.0,0.2103099178571525,0.0,0.0,0.0,0.0,1.0,6.0,0.0
7ee6722d1b92b4ace24befb0be4828474a993cea,ignite,False,2017-12-11 22:27:36,ignite,,1,1,1,1,1,0.0,5.0,13.0,7.0,348,325.0,234.0,done,330.0,,False,177.19905189038187,4.742241354917467,6.0,0.0338602263160623,0.0,0.0,0.8,4.0,0.2,24.0,0.0
9656929a4c713afe4d03495677e1bfae94a8e343,ignite,True,2017-12-12 20:53:08,ignite,120.0,2,2,2,2,1,1.0,28.5,28.0,201.0,14,14.0,14.0,done,4214.0,2018-04-12 10:21:15,True,723.5650950715066,5.187843055859032,27.0,0.0373152328434689,1.0,0.0,0.5454545454545454,0.0,0.4375,23.0,0.0
b0f6d19b37870ef84549b34aea385522713a509d,ignite,True,2017-12-20 19:46:37,ignite,34.0,7,2,1,1,1,0.0,15.0,6.0,52.0,351,321.5,237.0,done,3358.0,2018-01-24 07:28:20,False,924.0,5.132564579789927,20.0,0.0216450216450216,1.0,0.0,0.6551724137931034,1.0,0.25,23.0,0.0
db7873548e8b6bc33ce600dcc6e56bbc62729131,ignite,False,2017-12-20 22:40:55,ignite,,7,0,1,1,1,0.0,33.0,50.0,145.0,128,87.5,106.0,done,6754.0,,True,2686.9691769364395,5.576459710863381,92.0,0.0342393209381338,1.0,5.0,0.926829268292683,3.0,0.3333333333333333,25.0,0.0
f1a853ded8e835ce8c98c029cce7d5d17fbd3f52,ignite,False,2017-12-22 00:25:13,ignite,,3,25,1,1,1,0.0,51.0,28.0,218.0,4,4.0,3.0,done,10413.0,,False,89.92418250750745,4.499805326037222,4.0,0.0444819167487683,0.0,0.0,0.6666666666666666,2.0,0.0,16.0,0.0
6c02694d032819549f2e30aaea72b60558fa65eb,ignite,False,2017-12-22 17:39:53,ignite,,2,16,2,1,1,1.0,1.0,411.0,4.0,5,5.0,4.0,done,604.0,,False,167.29957032175236,4.629959817221193,10.0,0.0614019057809014,0.0,0.0,0.1666666666666666,2.0,0.1,17.0,0.0
9f98ca19980365223e892b4748e8861d73a728b4,ignite,False,2017-12-22 17:52:45,ignite,,12,6,1,1,1,0.0,18.0,63.0,76.0,6,6.0,5.0,done,915.0,,False,169.64361252668277,4.639861731751949,4.0,0.0235788423768142,0.0,0.0,0.2857142857142857,2.0,0.4,13.0,0.0
a9c9968d5ac585f9a966505c7d05a21bcc6ff7a6,ignite,False,2017-12-22 19:08:46,ignite,,3,0,1,1,1,0.0,6.0,170.0,12.0,7,7.0,6.0,done,253.0,,False,458.34698093619465,4.683291175436512,14.0,0.0305445450331195,1.0,0.0,0.7777777777777778,0.0,0.4285714285714285,15.0,0.0
0e8224f9c5ef06c1b1700379be3beb8996443558,ignite,False,2017-12-22 19:12:36,ignite,,29,10,7,6,1,2.45984268300616,2.14285714285714,25.142857142857103,40.5714285714286,651,465.333333333332,608.0,done,1883.0,,False,1459.2257066042362,4.131437444944584,40.0,0.025308945299501,1.0,0.0,0.584873949579832,1.5,0.0,15.0,0.0
abef68a804e238af7112bef6e94f1f54423fd5a5,ignite,False,2017-12-23 06:21:40,ignite,,2,2,1,1,1,0.0,15.0,2.0,53.0,327,155.0,218.0,done,3363.0,,False,167.37179237410948,4.59730334405783,8.0,0.0477977793421629,0.0,0.0,1.0,2.0,0.6,16.0,0.0
a9b02654feb8f3d7bc905ba7c86b5c3628503fe3,ignite,False,2017-12-23 06:23:34,ignite,,2,2,1,1,1,0.0,16.0,0.0,54.0,328,156.0,219.0,done,3363.0,,False,167.37179237410948,4.5973033440578295,8.0,0.0477977793421629,0.0,0.0,1.0,2.0,0.6,16.0,0.0
325f5a9df67b32a123e9181fd8a1a610c6ef1f78,ignite,True,2017-12-26 18:28:22,ignite,293.0,121,35,4,2,1,1.31838317534337,2.0,47.75,18.0,124,106.833333333333,117.0,done,696.0,2018-10-16 14:37:39,True,824.6742209845441,5.138399312508666,24.0,0.029132503408241,2.5,1.5,0.7159090909090908,1.0,0.3,24.5,0.0
264ba0786c7675032bd4324286fe7896b91ef3e3,ignite,False,2017-12-26 20:12:33,ignite,,2,2,1,1,1,0.0,40.0,4.0,239.0,3362,1328.41666666671,2475.0,done,3095.0,,False,51.89147427955946,4.25,4.0,0.0770839536847701,0.0,0.0,0.6666666666666666,1.0,0.75,20.0,0.0
3c5d376605c7c12fad0dc67b9b58fc61c42ddfbd,ignite,False,2017-12-28 18:58:11,ignite,,424,91,9,5,1,1.90596503036766,0.666666666666667,25.4444444444444,7.22222222222222,656,466.833333333332,613.0,done,180.0,,False,2233.213905461619,4.671759965913607,85.0,0.0383496467652859,2.0,15.0,0.9415836101882612,1.5,0.2291666666666666,21.0,0.0
c7b4201e845a69a829f2e81ba2bcd4c33e9785eb,ignite,True,2017-12-28 23:18:43,ignite,116.0,104,64,1,1,1,0.0,24.0,16.0,204.0,3363,1328.91666666671,2476.0,done,2572.0,2018-04-24 13:08:21,False,2190.1284549265247,5.2749897322757695,70.84615384615384,0.0361784687818868,1.0769230769230769,0.6923076923076923,0.7359878185759582,2.6923076923076925,0.4782845486020274,24.692307692307693,0.0
dd2fe1bcefcabc05ab5a09139d6be5ff5f7348d3,ignite,False,2018-01-09 19:10:18,ignite,,60,44,3,2,1,1.04392465674213,0.333333333333333,0.0,1.0,37,20.3333333333333,30.0,done,261.0,,False,180.27949686472175,4.327004192778466,6.25,0.0350814446586893,0.5,0.0,0.2371794871794871,0.25,0.2916666666666667,14.25,0.0
67c2de0dcd57b8274997e325ce893df048394370,ignite,False,2018-01-10 19:34:46,ignite,,15,9,2,1,1,0.5435644431995961,3.0,0.0,3.5,3367,1313.50000000005,2480.0,done,414.0,,False,277.7764458696315,3.9782200253654394,10.0,0.1514981940872664,0.3333333333333333,0.0,0.2727272727272727,0.6666666666666666,0.2222222222222222,14.666666666666666,0.0
2de75fd4543530a0ced7d494aa3560d839df01a1,ignite,False,2018-01-11 18:58:19,ignite,,178,19,5,3,1,1.88240031373875,2.2,172.6,11.6,0,0.0,0.0,done,1567.0,,False,3765.79114625543,3.781990165160389,146.0,0.0387700736258773,0.0,0.0,1.0,2.0,0.0,12.0,0.0
6136ecd1a92cac26894c74a306b3df6d5646c524,ignite,False,2018-01-11 22:48:43,ignite,,8,0,1,1,1,0.0,33.0,22.0,136.0,130,88.5,108.0,done,2135.0,,True,2441.351503474332,5.287371523205988,59.0,0.0241669419237811,1.0,0.0,0.8857142857142857,1.0,0.3684210526315789,19.0,0.0
eeebfca0bddbf31b10a86a6725e2c27933fdb0ae,ignite,True,2018-01-12 16:37:20,ignite,215.0,132,27,2,1,1,0.936018616069907,5.0,0.0,10.0,8,8.0,8.0,done,2121.0,2018-08-15 17:35:08,False,2748.4399860319027,5.17390746064217,96.0,0.0371404991195418,0.5,0.0,0.8465909090909092,1.0,0.2625,23.5,0.0
e02a8d265f04f83a0255df3365fcbb8c37128013,ignite,False,2018-01-17 16:57:09,ignite,,259,90,15,10,1,2.4710413266235496,0.866666666666667,70.6666666666667,18.1333333333333,666,471.666666666665,623.0,done,759.0,,False,271.4137173634208,4.642614224112375,9.0,0.0331597094186255,1.0,0.0,0.625,2.0,0.5,27.0,0.0
5f23f85a60e3e902d9b4014839fdeb8791e9ce5a,ignite,False,2018-01-19 03:25:05,ignite,,16,2,2,2,1,0.991076059838222,5.0,63.0,14.5,674,478.666666666665,631.0,done,1274.0,,False,921.4989447943104,4.7880440395210515,41.0,0.0444927259348644,2.0,0.0,0.9047619047619048,3.0,0.0,19.0,0.0
6ab2cc38de6c6cdb466608fc7a92ed50bc1ddfb7,ignite,False,2018-01-19 10:30:33,ignite,,5,1,1,1,1,0.0,54.0,0.0,225.0,1484,441.833333333335,904.0,done,10463.0,,False,232.98948760600993,4.702013928859182,9.0,0.0386283522594769,0.0,0.0,0.8,2.0,0.6666666666666666,22.0,0.0
1ae1350e74b7329d511fd79b4b552bd497ed6062,ignite,False,2018-01-19 22:14:50,ignite,,15,1,2,2,1,0.954434002924965,5.0,127.0,15.0,347,248.833333333334,264.0,done,601.0,,False,1613.3758330452654,5.427877791304743,49.0,0.0306751223936484,1.5,0.5,0.6146304675716441,1.0,0.375,23.0,0.0
c7e3970e7d44b744281d69411c4a31d6ec75e812,ignite,False,2018-01-19 22:56:52,ignite,,2,2,1,1,1,0.0,3.0,2.0,3.0,1818,784.5000000000099,1291.0,done,218.0,,False,143.89043872372332,4.55882827741515,5.0,0.0353952475983497,0.0,0.0,0.4666666666666667,0.5,0.375,15.0,0.0
82554dd766fc6de77331e533be6d0b7040d2c90a,ignite,False,2018-01-23 20:24:37,ignite,,125,2,4,4,1,1.98878765883598,2.5,5.0,22.0,677,476.333333333332,634.0,done,815.0,,False,500.2148238693592,4.851737564126447,17.0,0.0389603299094459,1.5,0.0,0.4166666666666666,2.0,0.5476190476190476,21.0,0.0
5216ac5b5a9fa04f41d1cd5c099d0c93222e420b,ignite,True,2018-01-23 22:23:27,ignite,7.0,115,54,17,12,3,3.39619631190676,5.47058823529412,200.470588235294,75.0588235294118,2,2.0,0.222222222222222,done,4185.0,2018-01-31 08:47:25,False,188.86964917948671,4.147118164667312,8.0,0.0423572555715261,0.0,0.0,1.0,1.0,0.3333333333333333,13.0,0.0
a6840b52ca422df1d4f6f824416ad4f3869496f0,ignite,False,2018-01-24 16:27:16,ignite,,2,1,1,1,1,0.0,7.0,1.0,12.0,1820,780.333333333342,1293.0,done,106.0,,False,188.09277977785948,3.6309091875155497,13.0,0.0691148273493177,0.0,0.0,1.0,1.0,0.0,9.0,0.0
97fed2b7fd3af20bc919c0fd782fa8fa8adb7a41,ignite,False,2018-01-26 21:23:51,ignite,,45,13,4,4,1,1.31479716701663,3.5,74.75,12.25,360,320.0,243.0,done,1101.0,,False,806.2470797658817,4.777904844444615,22.75,0.0594868433661987,0.25,0.0,0.4573170731707316,2.25,0.0795454545454545,20.0,0.0
b42a5c59733cdbab68cda952f30f897fee9021fc,ignite,True,2018-01-30 23:25:08,ignite,284.0,17,22,6,4,2,1.37397867201052,8.16666666666667,0.0,25.0,5,5.0,0.6875,done,312.0,2018-11-11 20:04:32,True,2165.803325881463,5.5069723815846245,5.0,0.0023156083925389,0.0,0.0,0.849624060150376,1.0,0.5,27.0,0.0
21644eff3bfaddff3e8eb8b40fc244ad88ba3708,ignite,False,2018-01-31 18:00:17,ignite,,2,0,1,1,1,0.0,8.0,103.0,11.0,1826,780.9166666666748,1299.0,done,406.0,,True,223.4671257758683,4.638957114888943,7.0,0.0313245179831095,1.0,0.0,0.3333333333333333,0.0,0.6666666666666666,13.0,0.0
64c9f502a6c893aefffe82b27aa50ee275265953,ignite,False,2018-02-09 20:10:08,ignite,,1,1,1,1,1,0.0,2.0,21.0,3.0,152,111.5,143.0,done,435.0,,False,221.13832641464975,4.851721567731271,5.0,0.0226102823561423,0.0,0.0,0.375,0.0,0.75,14.0,0.0
ea1c4b4c32241f7dfb6f71030d2c1d4a8ea811fa,ignite,False,2018-02-12 22:34:24,ignite,,6,8,1,1,1,0.0,1.0,20.0,1.0,361,316.5,244.0,done,535.0,,False,732.2526753331741,4.211638788712861,33.0,0.0450664109693898,0.0,0.0,0.2,1.0,0.75,15.0,0.0
bdcbbeee1a6f6fefdc97c2891d55f7d1fb849470,ignite,False,2018-02-13 00:53:30,ignite,,3,3,1,1,1,0.0,1.0,4.0,1.0,42,42.0,41.0,done,307.0,,False,1023.9328953975296,5.463089512090778,38.5,0.0376159328232639,1.0,0.0,0.5885167464114832,0.0,0.2222222222222222,19.0,0.0
c20a1f00535f17f6c399874592516c0992ed472d,ignite,True,2018-02-13 00:58:00,ignite,62.0,22,2,2,2,1,0.413816850303634,12.5,13.0,63.0,1833,773.4166666666721,1306.0,done,2786.0,2018-04-16 16:13:28,False,2096.317748541079,4.911162408700713,54.0,0.0266239755271105,1.2,0.2,0.4455377302436125,0.8,0.2343859649122807,24.2,0.0
e3f2259c5c19cc2d5e7707dc10b376a3c402eeac,ignite,False,2018-02-14 02:19:31,ignite,,0,4,2,1,1,1.0,3.5,215.0,5.5,43,43.0,42.0,done,200.0,,False,238.37113957700265,4.275836648626246,9.0,0.0195129352745688,0.0,0.0,0.2916666666666667,0.0,0.2142857142857142,10.5,0.0
7fb6061421432aefd40aec3fde3a49c55fec968b,ignite,False,2018-02-14 17:52:04,ignite,,19,3,2,2,1,0.4394969869215129,12.5,1.0,65.0,1835,771.583333333338,1308.0,done,2789.0,,False,4235.101394201106,5.34531879403672,100.0,0.0254004669691626,3.0,4.0,0.477719298245614,2.0,0.2195652173913043,30.0,0.0
f00edeaefedfa48deb855ca61b75529b11c4c659,ignite,False,2018-02-15 19:12:07,ignite,,4,2,1,1,1,0.0,15.0,28.0,59.0,1836,771.750000000004,1309.0,done,1160.0,,False,780.4835613258291,5.1729899615253965,28.0,0.0358751950552752,0.0,0.0,0.7647058823529411,2.0,0.5454545454545454,23.0,0.0
822c3b1eed9b9cde15e3e381f7a4dc0b04a90403,ignite,False,2018-02-15 20:00:42,ignite,,8,1,1,1,1,0.0,9.0,7.0,41.0,363,315.0,245.0,done,1183.0,,False,701.838730514401,5.083468923833816,27.0,0.0384703762076663,0.0,0.0,0.8,1.0,0.3333333333333333,23.0,0.0
d596be79c70fa29f3309dc6e91765a749392a82c,ignite,False,2018-02-16 01:07:03,ignite,,10,4,1,1,1,0.0,7.0,2.0,8.0,1837,772.750000000004,1310.0,done,1035.0,,False,1561.5823353926098,5.5433533582210615,54.0,0.0345803092005542,2.0,2.0,0.8148148148148148,4.0,0.1363636363636363,23.0,0.0
210ad201a2f6df071e3a2e1c5812e9e28afa1be5,ignite,True,2018-02-16 16:58:24,ignite,180.0,159,78,3,2,1,1.18957364160615,5.66666666666667,76.6666666666667,25.0,1838,773.750000000005,1311.0,done,3351.0,2018-08-16 15:41:12,True,845.2158648045523,4.430936360449192,36.0,0.0443659686672657,0.0,0.0,0.5070238621764496,0.8571428571428571,0.5711716854573997,14.857142857142858,0.0
bcd388157c76ec684f043fa140b24dfd3c11f5cb,ignite,True,2018-02-16 22:21:12,ignite,403.0,18,12,8,2,1,2.85656476213095,2.875,4.5,10.0,84,83.0,75.0,done,1733.0,2019-03-27 14:40:44,False,581.7348056054278,4.977140793753332,27.0,0.0465433346890258,0.3333333333333333,0.3333333333333333,0.9583333333333334,2.0,0.4781639928698751,19.666666666666668,0.0
b0359c74a0dfd156e7608452ba5549c2777f3e79,ignite,False,2018-02-20 17:49:45,ignite,,14,5,1,1,1,0.0,13.0,0.0,37.0,368,287.0,314.0,done,3388.0,,False,612.0033730085577,5.129067269754555,26.0,0.0424834259853604,1.0,1.0,0.9166666666666666,2.0,0.3333333333333333,23.0,0.0
5c2b7c8852d35403263ccfc7157b4c806d0fc114,ignite,False,2018-02-22 01:52:58,ignite,,4,2,1,1,1,0.0,13.0,1.0,38.0,369,285.0,315.0,done,3397.0,,False,642.270687582933,5.086858195909097,28.0,0.0435953259915578,1.0,1.0,0.9166666666666666,2.0,0.3333333333333333,23.0,0.0
501bbed0d223304b7591437659d5aa0eb2acd5b4,ignite,False,2018-02-22 16:07:19,ignite,,9,6,4,3,1,1.60493559474313,12.5,2.0,77.0,366,316.0,248.0,done,4133.0,,False,597.6506932602175,4.878666679287253,17.666666666666668,0.0301737165074468,0.3333333333333333,0.0,0.8633333333333333,1.6666666666666667,0.5555555555555555,18.0,0.0
1761a3c66dfa42fffa35e5cc736e2420e22851b8,ignite,True,2018-02-22 17:52:44,ignite,199.0,38,19,1,1,1,0.0,16.0,13.0,28.0,44,44.0,43.0,done,2712.0,2018-09-10 15:43:41,False,3048.117862889869,5.631777525282512,125.5,0.0410516496485732,1.0,1.5,0.7606837606837606,2.0,0.4119106699751861,21.5,0.0
d64eecb43544b498a4ac942934c2addf7d78abf3,ignite,False,2018-02-22 18:11:12,ignite,,2,0,1,1,1,0.0,2.0,36.0,2.0,42,42.0,39.0,done,401.0,,True,771.4498465081233,5.085197510106823,4.0,0.0051850421879082,0.0,0.0,0.4117647058823529,0.0,0.1666666666666666,20.0,0.0
c8a77b2733312c826a44641b1e46481748bfe8eb,ignite,False,2018-02-23 02:48:57,ignite,,1,1,1,1,1,0.0,4.0,2.0,5.0,1,1.0,1.0,done,458.0,,False,225.94568133670737,4.856448612928236,5.0,0.0221292125187776,0.0,0.0,0.375,0.0,0.75,14.0,0.0
cb4277e6cf0f42d0cbc5d11d67662c085ec32cb5,ignite,False,2018-02-27 17:00:52,ignite,,31,27,1,1,1,0.0,3.0,319.0,3.0,1839,767.966666666671,1312.0,done,357.0,,False,556.8620251010043,4.890693847103279,27.0,0.0484859781830206,1.0,0.0,0.6875,3.0,0.25,17.0,0.0
ed0ef9d202f137524174322fa1bdabf50a43a388,ignite,False,2018-02-27 18:07:51,ignite,,6,9,4,3,1,1.60493559474313,12.5,5.0,78.0,367,316.0,249.0,done,4133.0,,False,597.6506932602175,4.878666679287253,17.666666666666668,0.0301737165074468,0.3333333333333333,0.0,0.8633333333333333,1.6666666666666667,0.5555555555555555,18.0,0.0
41a47c44231dd138e7034b3bd80ec6f9044f88d3,ignite,False,2018-02-28 16:08:54,ignite,,9,0,1,1,1,0.0,30.0,11.0,319.0,454,317.16666666666697,370.0,done,3736.0,,True,3039.140096972791,4.915830695522863,63.0,0.0207295478292536,1.0,0.0,0.6052631578947368,1.0,0.5294117647058824,28.0,0.0
6641267df826e74213c9921e1d0c3490f09aae45,ignite,False,2018-02-28 20:43:10,ignite,,1,1,1,1,1,0.0,1.0,261.0,1.0,1840,767.966666666672,1313.0,done,270.0,,False,1564.782248138495,5.272499657286948,48.0,0.0306751946202751,2.0,0.0,0.5517241379310345,1.0,0.3,20.0,0.0
0691347ed789f6c876681ba50356bdc5b8aa5ff4,ignite,False,2018-03-05 12:25:02,ignite,,4,4,1,1,1,0.0,16.0,81.0,55.0,363,255.333333333334,279.0,done,1251.0,,False,89.69382277913788,4.553469835257344,5.75,0.0652866626907399,0.0,0.0,0.625,3.0,0.3630952380952381,23.5,0.0
8c3731e83296e1750c7c098b283c3fd8584b1be4,ignite,False,2018-03-07 03:22:40,ignite,,6,1,1,1,1,0.0,25.0,0.0,176.0,45,45.0,42.0,done,1480.0,,False,158.45715005480787,4.331910794833751,10.0,0.0631085438337188,1.0,0.0,1.0,1.0,0.5,22.0,0.0
a8170f78a384af024bdd483294f2f241bef5a7f8,ignite,False,2018-03-07 20:33:28,ignite,,9,0,1,1,1,0.0,6.0,105.0,13.0,364,256.333333333334,280.0,done,289.0,,True,662.8274347268416,4.7951245769171935,19.0,0.0286650778235063,1.0,0.0,0.7333333333333333,1.0,0.1111111111111111,22.0,0.0
447a8a9d0da87128b28d37f4ebaa2e3040e5febb,ignite,False,2018-03-13 00:16:34,ignite,,17,0,3,2,1,1.25329757846304,3.6666666666666696,60.0,17.3333333333333,46,46.0,43.0,done,1577.0,,False,3827.108436534144,3.781839783512176,148.0,0.03867149375418,0.0,0.0,1.0,2.0,0.0,12.0,0.0
1142a368187a07fe91993edebb40bd027c7cb72a,ignite,False,2018-03-13 18:37:29,ignite,,11,6,2,1,1,0.977417817528172,2.0,23.0,9.0,153,110.5,144.0,done,1797.0,,False,599.4577535568119,4.242604722068821,12.0,0.0200180912312826,0.0,0.0,0.1428571428571428,0.0,0.5,18.0,0.0
e7ee88aa82b3c59eb1ae671e2d33f1307f17162e,ignite,True,2018-03-14 22:51:54,ignite,109.0,24,5,1,1,1,0.0,7.0,8.0,14.0,48,48.0,45.0,done,337.0,2018-07-02 15:33:55,True,1118.2129120813138,5.150780329260224,39.0,0.0348770789342879,2.0,0.0,0.5555555555555556,2.0,0.2857142857142857,30.0,0.0
ce6a15782c93a95c58ccb46c44f391b39d4c4ac9,ignite,False,2018-03-19 22:56:34,ignite,,8,4,4,3,1,1.95914791702724,0.5,38.75,1.5,17,17.0,3.0,done,48.0,,False,137.6075250475963,4.218903423718116,6.0,0.0436022666487511,0.0,0.0,1.0,0.0,0.75,13.0,0.0
baf08bc9501676e418dab2431211a659ae421d25,ignite,False,2018-03-20 11:20:20,ignite,,2,0,1,1,1,0.0,9.0,300.0,12.0,1487,412.333333333332,906.0,done,71.0,,False,390.6890595608519,4.111608070828509,40.0,0.1023832099239261,0.0,0.0,1.0,1.0,0.3333333333333333,14.0,0.0
6f24eda55273031c65405aa18fc46f7e8c4af39f,ignite,False,2018-03-23 20:06:57,ignite,,25,1,3,2,1,1.4479745705393,6.66666666666667,36.6666666666667,72.0,372,311.0,254.0,done,1969.0,,False,6031.025773538488,4.482128615946951,201.0,0.0333285976307383,1.0,1.0,0.858560794044665,2.0,0.2,18.0,0.0
503491b8bfaaee02647d72828f0a0cd7ba758c49,ignite,False,2018-03-23 20:20:17,ignite,,1,25,3,2,1,1.4479745705393,6.66666666666667,0.0,73.0,374,313.0,255.0,done,1974.0,,False,5929.8455626725845,4.490202981832102,198.0,0.0333914002433,1.0,1.0,0.8570048309178744,2.0,0.2,18.0,0.0
5c948c0857798fde75f72a0ede2701235510f8b8,ignite,False,2018-03-26 22:48:13,ignite,,5,1,1,1,1,0.0,3.0,87.0,5.0,88,87.0,79.0,done,1226.0,,False,64.72503367497927,4.296968017901888,3.0,0.04634991794774,0.0,0.0,0.6666666666666666,1.0,0.3333333333333333,12.0,0.0
19a05815bc4858ad49508d0bcb09d22c15168845,ignite,False,2018-03-27 16:51:49,ignite,,34,2,6,4,1,1.9463638244372,3.3333333333333304,25.6666666666667,62.1666666666667,696,468.499999999998,652.0,done,1969.0,,False,6031.025773538488,4.480592000188553,201.0,0.0333285976307383,1.0,1.0,0.858560794044665,2.0,0.2,18.0,0.0
b79fb165667de4a53cc85919cd7aa4d169c2b9ef,ignite,False,2018-03-29 21:21:46,ignite,,0,19,1,1,1,0.0,4.0,0.0,6.0,376,313.5,256.0,done,328.0,,False,1196.9654502798085,5.163438828745503,45.0,0.0375950700911881,0.0,0.0,0.88,2.0,0.2222222222222222,19.0,0.0
dc4e36428b703a1c582888151f40150e6ab21bdd,ignite,False,2018-03-29 21:42:25,ignite,,23,14,1,1,1,0.0,24.0,1.0,70.0,18,18.0,18.0,done,2269.0,,False,2681.905819514471,5.529369706993705,82.5,0.0307229924704401,1.0,2.0,0.6457547169811321,3.5,0.3577777777777778,27.0,0.0
d8fc15bc25dbdecd333816f27d6639ba13cebd19,ignite,False,2018-04-02 17:35:20,ignite,,2,14,2,2,1,0.988699408288497,15.0,18.0,107.0,379,316.5,258.0,done,442.0,,False,748.8245361488895,5.09381704696406,1.0,0.0013354263271645,0.0,0.0,0.75,2.0,0.0,28.0,0.0
59b5ee1cb5c2979de0949ff21bddfe7c8ef7a54c,ignite,False,2018-04-03 04:01:05,ignite,,4,4,2,2,1,1.0,19.0,26.0,56.5,0,0.0,0.0,done,4811.0,,False,353.1281271097558,4.834547998336436,16.0,0.0452816202385439,0.5,0.0,0.7827380952380952,1.0,0.3869047619047618,22.0,0.0
ffe7296330a6d14cf9948071fa2cf634159c540b,ignite,False,2018-04-04 19:40:40,ignite,,0,2,1,1,1,0.0,15.0,158.0,41.0,3,3.0,3.0,done,2627.0,,False,128.0,3.8886722109087497,1.0,0.0078125,0.0,0.0,0.0,0.0,0.0,8.0,0.0
28304fdb5984eb426fbf6c20a71c2072a3339c6a,ignite,False,2018-04-05 01:43:20,ignite,,1,0,1,1,1,0.0,36.0,71.0,322.0,0,0.0,0.0,done,5169.0,,True,1002.3860795485598,5.184988761165211,35.0,0.0349166860096089,0.0,0.0,0.75,2.0,0.2857142857142857,19.0,0.0
1dded3ae8fe21bc25f09d597b808ce409271cd42,ignite,False,2018-04-05 21:27:44,ignite,,5,2,2,1,1,0.985228136034252,22.0,6.5,263.0,381,318.5,260.0,done,7482.0,,False,4008.3862666581417,5.1514893458898,109.5,0.0279103616335941,0.0,0.0,0.4902597402597403,8.5,0.2918367346938775,23.0,0.0015243902439024
961fc35d2bd4ef651e70e347e5e4f34ec3f42e41,ignite,False,2018-04-10 01:15:50,ignite,,7,3,1,1,1,0.0,4.0,2.0,5.0,20,16.0,19.0,done,473.0,,False,491.47670006346175,5.166350392673507,37.0,0.075283324713506,0.0,0.0,0.5555555555555556,5.0,0.2631578947368421,20.0,0.0
0e73fa2c10dcd96ff98279018bdd3f8b36568008,ignite,False,2018-04-11 20:12:50,ignite,,2,1,1,1,1,0.0,1.0,0.0,1.0,54,54.0,51.0,done,695.0,,False,653.5305184632313,4.7153848792441595,8.0,0.012241203392937,0.0,0.0,0.5,1.0,0.0,21.0,0.0
7a1d0ea70127f73409071d7f9581a8207be97491,ignite,False,2018-04-12 20:29:43,ignite,,1,1,1,1,1,0.0,31.0,1.0,326.0,55,55.0,52.0,done,3875.0,,False,734.2326836176318,4.954476680180573,16.0,0.0217914570639467,1.0,2.0,0.4782608695652174,0.0,0.5,27.0,0.0
47ca3e0da7fd7468d7ea96ff512c3d1f3ed5bf81,ignite,False,2018-04-13 02:18:10,ignite,,12,2,1,1,1,0.0,1.0,427.0,1.0,1,1.0,1.0,done,127.0,,False,966.8211003634626,5.147329288245155,35.0,0.0362011130982166,0.0,0.0,0.8333333333333334,0.0,0.5333333333333333,23.0,0.0
08a700db31604d33959e3b5aa3f709dbf66a878b,ignite,False,2018-04-13 03:23:28,ignite,,9,0,1,1,1,0.0,28.0,1.0,112.0,20,20.0,19.0,done,4223.0,,False,1631.0574484809397,5.636664175465138,13.0,0.007970289465958,0.0,0.0,0.56,11.0,0.0769230769230769,22.0,0.0
568c3e79ed474a9870685ab4b01454af1645866c,ignite,False,2018-04-14 00:01:00,ignite,,3,0,1,1,1,0.0,2.0,3.0,2.0,1847,718.4,1320.0,done,220.0,,False,443.9737863844289,4.49813393749066,20.0,0.0450477046468738,0.0,0.0,0.9333333333333332,1.0,0.5714285714285714,12.0,0.0
9557f6dcbbe5d86d892ffaca5a9bb66cc5401e84,ignite,False,2018-04-17 00:45:11,ignite,,1,1,1,1,1,0.0,10.0,3.0,23.0,158,109.0,149.0,done,723.0,,False,44.97261104228487,4.453188816197032,2.0,0.0444715117412135,0.0,0.0,0.5,0.0,1.0,16.0,0.0
63dc75b85b12f1c7bea796714c1e88925c16b1ab,ignite,False,2018-04-17 22:25:37,ignite,,15,1,2,1,1,0.954434002924965,1.5,50.0,2.0,52,52.0,50.0,done,516.0,,False,144.75398259382442,4.766729724984197,6.0,0.0414496367732819,0.0,0.0,0.6,1.0,0.5,19.0,0.0
1b3a292a013527b53b13ad222da9ea0eabfff891,ignite,False,2018-04-17 22:47:10,ignite,,1,1,1,1,1,0.0,5.0,494.0,15.0,8,8.0,8.0,done,374.0,,False,1089.2537097583504,5.070673680415623,24.0,0.0220334342541044,0.0,0.0,0.6363636363636364,1.0,0.0,26.0,0.0
ced5d2768d47504533064000c8ce525d80613ca3,ignite,False,2018-04-18 17:00:15,ignite,,5,3,1,1,1,0.0,26.0,1.0,60.0,1848,712.350000000001,1321.0,done,3126.0,,False,181.52097998526924,4.052435541097913,5.0,0.0275450253761618,1.0,0.0,0.4444444444444444,0.0,0.3333333333333333,16.0,0.0
b058bf6577bd19bff15307c1e748fb15e9f60445,ignite,False,2018-04-19 01:04:39,ignite,,1,3,1,1,1,0.0,37.0,12.0,325.0,459,289.16666666666697,375.0,done,5265.0,,False,38.05374780501027,4.257098975169816,4.0,0.1051144822974137,0.0,0.0,0.0,4.0,0.0,14.0,0.0
80086011e9e9105a91ae837268866d4528954e7d,ignite,False,2018-04-20 01:04:08,ignite,,6,0,2,1,1,1.0,7.0,9.0,24.5,75,66.0,68.0,done,6684.0,,True,282.4860706840734,4.873682579468676,13.0,0.0460199682360229,1.0,0.0,0.6,0.0,0.75,18.0,0.0
8caeb3dc19e623fcb082b31625489b3ae0c0cc5e,ignite,False,2018-04-20 21:28:31,ignite,,5,7,1,1,1,0.0,17.0,9.0,35.0,1850,709.183333333335,1323.0,done,2756.0,,False,871.1032383086406,5.182512263600559,48.0,0.0551025388141114,0.0,0.0,0.8235294117647058,5.0,0.5555555555555556,23.0,0.0
3f3239b907ef0f038d1673f8fdf4f3377d297aaf,ignite,True,2018-04-21 01:52:31,ignite,55.0,18,2,2,2,1,0.934068055375491,16.5,5.5,106.5,22,22.0,21.0,done,3191.0,2018-06-15 08:31:33,False,2552.1384410753194,5.388355505925137,61.0,0.0236331924256712,1.6666666666666667,2.3333333333333335,0.487121212121212,0.0,0.3071428571428571,22.666666666666668,0.0
c57488acd3dc42f1ad93bf235026217358cc5442,ignite,False,2018-04-23 17:24:36,ignite,,4,4,1,1,1,0.0,6.0,17.0,10.0,1853,710.333333333335,1326.0,done,666.0,,False,675.7804625872599,4.734736419741469,19.0,0.0281156396964445,1.0,0.0,0.3333333333333333,0.0,0.8333333333333334,22.0,0.0
59a41cf036f8b9a9014aedc1c67295c5c7e07265,ignite,True,2018-04-23 18:55:25,ignite,1.0,5,0,1,1,1,0.0,62.0,2.0,400.0,21,21.0,21.0,done,4330.0,2018-04-25 15:40:46,False,1536.3845029546087,5.060705311047477,29.0,0.0188754832818414,1.0,0.0,0.7241379310344828,1.0,0.5625,30.0,0.0
8a7e8f07fccebb9d5786e5624e353af730d4d039,ignite,False,2018-04-23 23:39:57,ignite,,6,2,1,1,1,0.0,46.0,0.0,255.0,461,288.0,377.0,done,3344.0,,False,10195.440615643754,5.926204476300595,45.0,0.004413737639838,0.0,0.0,0.6147540983606558,0.0,0.4230769230769231,29.0,0.0
411755620215dd03ba5422d27ab420f92531b12f,ignite,False,2018-04-28 22:37:57,ignite,,4,3,1,1,1,0.0,16.0,2.0,29.0,5,5.0,5.0,done,1110.0,,False,104.2481250360578,4.381328385912463,5.0,0.0479624933136262,0.0,0.0,1.0,1.0,0.75,9.0,0.0
8dd9c5d61c86c831b490134c3cd21f2ed47758d2,ignite,False,2018-05-03 23:01:20,ignite,,21,10,3,2,1,1.29103574985426,8.66666666666667,82.0,111.0,64,64.0,61.0,done,4483.0,,False,1003.01753572922,4.571614125348866,30.0,0.0462680901375377,0.25,0.0,0.9322033898305084,2.0,0.3132183908045977,17.0,0.0
c2369ff70a5c19f4931039e3fd45d6db758fdb0e,ignite,True,2018-05-04 01:25:23,ignite,223.0,9,18,1,1,1,0.0,6.0,7.0,7.0,22,13.5,20.0,done,790.0,2018-12-13 09:26:41,True,700.280349891309,4.910839202294156,13.25,0.0206805169696041,1.0,0.0,0.3423963133640553,0.0,0.4225274725274724,24.5,0.0
7e6fc787d086d41406e4bede0854103985b0a152,ignite,False,2018-05-04 02:46:57,ignite,,3,0,1,1,1,0.0,6.0,80.0,8.0,1,1.0,1.0,done,836.0,,False,1865.1327624160713,4.8696680781197825,46.0,0.0246631236804891,1.0,0.0,0.5945945945945946,0.0,0.7272727272727273,20.0,0.0
deed87f5aba3844236111b097c5e6347fd10b6f2,ignite,False,2018-05-05 00:52:06,ignite,,4,1,1,1,1,0.0,1.0,147.0,2.0,93,61.5,91.0,done,266.0,,False,1461.9274949003232,4.806043033792113,28.0,0.0191527966316202,1.0,0.0,0.6060606060606061,0.0,0.3333333333333333,23.0,0.0
6e4ee64ad7ab9e936378c8d52f0bc7a138964d66,ignite,False,2018-05-07 18:24:46,ignite,,2,0,1,1,1,0.0,3.0,307.0,3.0,7,5.0,7.0,done,463.0,,True,385.7437443325021,4.975272485838313,16.0,0.041478313608654,0.0,0.0,1.0,1.0,0.6,16.0,0.0
f3a61e4a4753b31ecdcef0864e8c095214b6a4ae,ignite,True,2018-05-08 21:03:00,ignite,-1.0,40,28,3,2,1,1.26393342948563,5.33333333333333,10.3333333333333,29.6666666666667,79,66.5,72.0,done,6776.0,2018-05-08 16:23:42,True,1097.141660033149,5.304351631893452,40.0,0.0364583731136336,2.0,1.0,0.8125,0.0,0.6,19.0,0.0
8f2eeee57b13a4e5b2dcc7d1b407f66a97d71169,ignite,False,2018-05-18 22:20:51,ignite,,18,4,1,1,1,0.0,4.0,80.0,4.0,20,16.5,19.0,done,361.0,,False,223.8273735935011,4.656990186960994,0.0,0.0,0.0,0.0,0.7777777777777778,0.0,0.0,19.0,0.0
e078245d3813eb2ea26fc7b27d8e171942053c0d,ignite,False,2018-05-18 23:05:01,ignite,,7,13,1,1,1,0.0,1.0,92.0,1.0,21,21.0,4.0,done,150.0,,False,423.2466083648286,5.155569809892679,8.0,0.0189015099988803,0.0,0.0,0.8181818181818182,1.0,0.7142857142857143,23.0,0.0
d0e26bebb42efb8bb49ef7c802fe086b06473c48,ignite,False,2018-05-21 19:01:47,ignite,,1,1,1,1,1,0.0,5.0,420.0,20.0,9,7.0,9.0,done,587.0,,False,326.90013469991703,4.535251882731076,14.0,0.0428265348157519,1.0,0.0,0.8,2.0,0.5,16.0,0.0
d52bfdb172ae447fd1e391e7e6dd62018fb9579f,ignite,False,2018-05-22 23:58:42,ignite,,1,1,1,1,1,0.0,8.0,106.0,10.0,0,0.0,0.0,done,426.0,,False,206.71626164847697,4.645022093209763,8.0,0.0387003902653971,0.0,0.0,0.5714285714285714,0.0,0.5,12.0,0.0
40845c67750c300b5568d157ab0ffeaf320802a8,ignite,False,2018-05-25 00:24:31,ignite,,2,0,1,1,1,0.0,1.0,30.0,1.0,60,59.0,58.0,done,938.0,,False,3564.9938091489207,5.783038580405435,24.0,0.0067321295028362,1.0,5.0,0.6530612244897959,0.0,0.3043478260869565,29.0,0.0
0c3a7a698e309ae8c524e3b2343a09ea0beed1c3,ignite,False,2018-05-25 20:48:04,ignite,,3,0,1,1,1,0.0,7.0,1.0,8.0,62,61.0,60.0,done,275.0,,False,346.3632158872766,4.700677912066445,8.0,0.0230971409002149,0.0,0.0,0.3076923076923077,1.0,0.2,19.0,0.0
79278e074e313e9ca23b5ccc97926e1f5d5cc031,ignite,True,2018-05-30 00:39:02,ignite,78.0,33,3,2,2,1,0.852405178649479,20.0,6.0,275.5,99,73.0,89.0,done,6784.0,2018-08-16 15:41:12,False,917.2186519064874,5.149128386139008,28.8,0.0294614765828195,0.4,0.8,0.6818831168831169,2.2,0.4552780552780553,20.6,0.0
9249efda531390c73e28672304bd34588ffb5d42,ignite,False,2018-06-01 23:09:14,ignite,,3,0,1,1,1,0.0,35.0,2.0,339.0,13,12.5,13.0,done,3949.0,,True,4334.2027515914915,5.348963039439987,91.0,0.020995787510537,2.0,2.0,0.4939759036144578,2.0,0.5,29.0,0.0
3beb3c32f1fa59492a3a1a79e17583f90ac148a5,ignite,False,2018-06-04 21:05:47,ignite,,5,1,1,1,1,0.0,1.0,23.0,1.0,96,62.0,94.0,done,191.0,,False,241.59090661629097,4.506866488702149,6.0,0.0242052930086399,0.0,0.0,0.5208333333333333,1.0,0.1666666666666666,15.5,0.0
3372590f9906519f601cec7546e637394ce21688,ignite,False,2018-06-06 00:49:19,ignite,,12,1,2,2,1,0.6193821946787641,4.0,5.0,7.0,0,0.0,0.0,done,1158.0,,False,2602.9170690613782,5.2315989123768825,37.5,0.0161966489959979,1.5,5.0,0.5995475113122172,0.5,0.3356643356643357,32.5,0.0173611111111111
a05f78f5e36ef6be8418e73eb59e557f8cba39e2,ignite,False,2018-06-06 18:52:12,ignite,,15,0,1,1,1,0.0,17.0,43.0,92.0,27,27.0,27.0,done,1811.0,,True,6028.834787873564,5.556111003333082,135.0,0.0223923867131903,2.0,3.0,0.8309859154929577,4.0,0.2258064516129032,22.0,0.0
34907a7e06af04521c11e178aff768e203a4e564,ignite,False,2018-06-06 21:03:26,ignite,,16,0,2,2,1,0.988699408288497,23.5,28.5,72.5,24,24.0,23.0,done,126.0,,False,418.68471190675166,4.806990448434529,19.0,0.0453802096414536,0.0,0.0,1.0,2.0,0.6666666666666666,21.0,0.0
2405ed783d1006f84b01e783ec8130c2e8f763cc,ignite,False,2018-06-09 19:27:35,ignite,,4,0,1,1,1,0.0,6.0,364.0,11.0,10,8.0,10.0,done,965.0,,True,1242.0,5.258212474186873,37.0,0.0297906602254428,1.0,0.0,0.5555555555555556,3.0,0.2105263157894736,22.0,0.0
c29be375c194c8c05638fe47b3c53f051e14cdb0,ignite,False,2018-06-13 23:24:42,ignite,,3,1,1,1,1,0.0,44.0,7.0,190.0,4,4.0,4.0,done,1889.0,,False,550.0163771234336,4.398854717003981,3.0,0.0054543830416284,0.0,0.0,0.9230769230769232,1.0,0.5,21.0,0.0
2d746b5d39844ec91d1f73c916e23d257a902ef9,ignite,False,2018-06-15 01:37:14,ignite,,10,1,1,1,1,0.0,19.0,20.0,83.0,51,33.25,42.0,done,4202.0,,False,2226.7326428516085,5.947329277562471,78.0,0.035028902212576,1.0,0.0,0.6666666666666666,22.0,0.0714285714285714,22.0,0.0
7a39efbc661da38d56507a86e9b1a27a24781832,ignite,False,2018-06-15 17:43:01,ignite,,24,7,1,1,1,0.0,12.0,384.0,15.0,392,271.5,269.0,done,2371.0,,False,752.3711191114379,5.171485499070361,30.0,0.0398739388553756,1.0,1.0,0.7272727272727273,0.0,0.4545454545454545,18.0,0.0
88b299fab9a4f23281a59532d366699a2988f1dd,ignite,False,2018-06-19 18:28:31,ignite,,1,2,1,1,1,0.0,12.0,180.0,38.0,12,10.0,12.0,done,451.0,,False,238.041068761251,4.76669518658695,9.0,0.0378086018804879,1.0,0.0,0.7777777777777778,0.0,0.6666666666666666,24.0,0.0
098b03b92c5abe40571e690a240e8153dd8054e4,ignite,False,2018-06-19 20:37:50,ignite,,1,11,1,1,1,0.0,13.0,0.0,39.0,13,11.0,13.0,done,450.0,,False,51.89147427955946,4.463749485074334,3.0,0.0578129652635775,0.0,0.0,0.6666666666666666,1.0,0.5,20.0,0.0
49a565cee5f8bcb890602c493e20cf145bfb5e9b,ignite,False,2018-06-20 00:04:34,ignite,,72,68,3,2,1,0.8945522086006891,10.0,146.0,82.3333333333333,0,0.0,0.0,done,5268.0,,False,674.1728596016259,4.75022594464941,21.181818181818183,0.0370677780218697,0.3636363636363636,0.3636363636363636,0.7740500240500242,1.6363636363636365,0.496037296037296,19.454545454545453,0.0
ea05dc509f8afafc07c565807fa6f2ffff56b91e,ignite,False,2018-06-22 23:36:51,ignite,,11,9,3,3,1,1.37095059445467,12.333333333333302,280.66666666666697,114.333333333333,14,12.0,14.0,done,5638.0,,False,3410.0423155488215,5.0698170379323715,97.75,0.0360764784031491,0.25,0.0,0.3523467760309866,10.75,0.0941639813820265,22.5,0.0
21cd24c6f08d957669953dd6aa01c670680bb7f9,ignite,True,2018-06-23 03:34:26,ignite,116.0,11,1,2,2,1,0.811278124459133,19.0,35.5,79.0,15,13.0,15.0,done,4748.0,2018-10-17 13:58:07,True,699.7675049419242,4.968487258040897,24.0,0.0313201452612677,1.0,1.0,0.706060606060606,0.5,0.6166666666666667,16.5,0.0
594df607cfee2d94be76bc841bdb21711ca5f778,ignite,True,2018-06-25 23:04:15,ignite,125.0,16,2,2,2,1,0.650022421648354,1.0,31.0,3.0,6,5.5,6.0,done,874.0,2018-10-29 09:14:54,False,1149.9536841255622,5.298894866067057,36.0,0.0315182650982842,1.0,2.5,0.5695187165775402,1.0,0.3481481481481481,25.5,0.0
6633c05e532d7598cc20f1ffb8d6de17a3065006,ignite,False,2018-06-28 02:27:39,ignite,,2,0,1,1,1,0.0,3.0,439.0,3.0,12,12.0,12.0,done,183.0,,False,651.1517705642517,5.145997726424997,22.0,0.0337862860772628,2.0,0.0,0.2727272727272727,0.0,0.3333333333333333,19.0,0.0
f3f2f82fc79c24fb796d8860358b38928a48b287,ignite,False,2018-07-02 11:55:44,ignite,,5,85,5,4,1,0.994512274269871,1.2,15.4,6.6,166,93.9166666666667,147.0,done,319.0,,False,1773.9096026698514,5.2687918325233944,70.0,0.039460860854829,0.0,0.0,0.9736842105263158,3.0,0.5517241379310345,24.0,0.0
a303010e0c60b616a2c80fdedcfb586d5c4d68b3,ignite,False,2018-07-03 00:01:50,ignite,,9,3,1,1,1,0.0,12.0,86.0,21.0,15,15.0,15.0,done,2684.0,,False,511.8225751427889,4.841501547079101,15.0,0.0293070308511016,2.0,1.0,0.6666666666666666,3.0,0.0,35.0,0.0
532dc79a1459befa757849487f7aef2cb8608cee,ignite,False,2018-07-07 00:31:23,ignite,,7,1,1,1,1,0.0,9.0,16.0,17.0,3,3.0,3.0,done,1969.0,,False,1663.5082987945384,5.3536780792003125,14.0,0.0084159483966176,2.0,1.0,0.8387096774193549,2.0,0.2,20.0,0.0
219c983122c513ec64cd5b1fc416388bb14c544c,ignite,False,2018-07-10 01:22:15,ignite,,2,1,1,1,1,0.0,3.0,3.0,6.0,14,14.0,14.0,done,730.0,,False,425.99307639952207,5.022358573559475,9.0,0.0211271039333964,0.0,0.0,0.8181818181818182,1.0,0.6,33.0,0.0
d7723dcc4efd668efc47ecbcd50661b096e3501a,ignite,False,2018-07-11 22:25:52,ignite,,5,5,2,2,1,0.468995593589281,14.5,19.0,41.5,394,233.666666666668,308.0,done,3481.0,,False,2793.500740681201,5.089838370374185,71.0,0.0230564899746595,0.6666666666666666,0.3333333333333333,0.6308080808080808,0.3333333333333333,0.2268518518518518,21.666666666666668,0.0
ddc41e2b092d1fa973349f8cb1c00a3bb79858c8,ignite,False,2018-07-16 23:43:50,ignite,,4,0,1,1,1,0.0,3.0,40.0,8.0,2,2.0,1.0,done,692.0,,False,809.3613491722921,4.23697444669324,18.5,0.0231729962428049,0.5,0.0,0.6157894736842104,0.0,0.0384615384615384,12.0,0.0
174e9cb5506268e764b9b542c6cc22d3f92dd06e,ignite,True,2018-07-17 22:59:31,ignite,-1.0,184,169,3,3,1,0.160022236544636,5.33333333333333,105.666666666667,10.0,131,73.5,110.0,done,3524.0,2018-07-17 17:44:37,True,1354.351246320172,5.338027223909596,30.2,0.0221743860812067,1.8,0.8,0.8626262626262626,0.6,0.3437158701864584,17.8,0.0
4ee696fc61f2f51085b67f53f32d9a6442f69425,ignite,False,2018-07-18 19:08:42,ignite,,5,0,1,1,1,0.0,1.0,1.0,1.0,1869,657.116666666679,1342.0,done,77.0,,False,108.41805003750012,4.427279698572886,8.0,0.0737884512517327,0.0,0.0,1.0,1.0,0.4,13.0,0.0
713a4289f206b14e86bd76de1976d9f9e602eff2,ignite,False,2018-07-24 00:01:37,ignite,,1,1,1,1,1,0.0,19.0,6.0,66.0,381,208.5,327.0,done,3521.0,,False,847.1005991081051,5.086750733742361,35.0,0.0413174067364027,2.0,2.0,0.7692307692307693,1.0,0.6666666666666666,20.0,0.0
79f2e7c2c44a1b002472f0ac401ca3dc7eb4e776,ignite,False,2018-07-25 22:19:11,ignite,,2,0,1,1,1,0.0,6.0,177.0,9.0,135,77.5,114.0,done,2501.0,,True,235.0219859070546,4.412600973151726,15.0,0.0638238160660089,0.0,0.0,0.875,1.0,0.5714285714285714,12.0,0.0
44fd019d0a06d27ce9e9cb760447a11377a19837,ignite,False,2018-07-27 23:00:31,ignite,,2,9,1,1,1,0.0,26.0,37.0,127.0,3374,1020.63333333335,2486.0,done,2743.0,,False,55.35090589819676,4.239097917988785,6.0,0.1083993098692079,0.0,0.0,1.0,1.0,0.3333333333333333,11.0,0.0
0b394056b35e1874ef99f712462b5f16537751a8,ignite,False,2018-08-02 22:09:16,ignite,,48,45,13,7,1,3.43603197397352,4.15384615384615,281.61538461538504,34.7692307692308,10,9.0,10.0,done,10966.0,,False,1972.811237566465,5.139433904157085,71.66666666666667,0.0323504171525531,0.7222222222222222,2.2777777777777777,0.6871041857808344,2.7222222222222223,0.3288915792828761,23.833333333333332,0.0
b718e4438e469ad0341f1bf9a605c2fe3ab5970c,ignite,True,2018-08-03 00:57:22,ignite,545.0,6,8,2,2,1,0.591672778582327,3.5,16.5,7.5,21,21.0,21.0,done,936.0,2020-01-30 22:09:21,True,526.413330469919,5.077861782084815,15.5,0.0281120692626672,1.0,0.0,0.5590909090909091,0.5,0.4666666666666667,26.0,0.0
00bbd8eae84a0b37d585b5b384729bf7b3440a66,ignite,False,2018-08-03 16:32:03,ignite,,7,0,1,1,1,0.0,4.0,41.0,11.0,408,244.666666666668,322.0,done,502.0,,True,842.0664636983525,5.027896589015488,31.0,0.0368141961904623,1.0,0.0,0.7777777777777778,2.0,0.5833333333333334,15.0,0.0
8d863555d38dc3f327a195f51aec1bd2eacee411,ignite,False,2018-08-03 23:36:49,ignite,,18,0,4,4,1,1.68497744848673,11.25,265.75,45.75,138,78.6666666666667,117.0,done,3034.0,,True,221.43922975442203,4.590593928086613,10.666666666666666,0.0510473529330791,0.6666666666666666,0.0,0.5598845598845599,1.6666666666666667,0.1666666666666666,15.333333333333334,0.0
5e5768f1da0275d4e0be28ffaba87d23f220d70e,ignite,False,2018-08-08 19:32:49,ignite,,9,9,1,1,1,0.0,7.0,246.0,15.0,17,17.0,17.0,done,1109.0,,False,686.0464391587354,4.862057235621513,28.0,0.0399314601982028,0.0,0.0,0.2112549019607843,0.0,0.5527883880825056,20.4,0.0
567a8750ee0d4003fa0a387021b34b95b93184c5,ignite,True,2018-08-10 23:47:13,ignite,353.0,34,4,3,2,1,1.20917599764073,16.6666666666667,22.6666666666667,52.3333333333333,17,13.5,17.0,done,145.0,2019-07-30 09:05:05,True,1040.2865657553536,5.362403819971307,45.0,0.0432573114767904,0.0,0.0,0.9411764705882352,1.0,0.5925925925925926,19.0,0.0
a1456032964e10fc7ac9967f8f0dca54e24beb5e,ignite,False,2018-08-14 22:07:55,ignite,,3,0,1,1,1,0.0,43.0,10.0,140.0,468,229.666666666668,384.0,done,2680.0,,False,1667.1649806090309,5.058713211694391,44.0,0.0263921090664502,1.0,0.0,0.75,1.0,0.4166666666666667,22.0,0.0
f8e29b73253c5f78435f9e7c173f81694e7d3dbc,ignite,True,2018-08-17 17:16:19,ignite,76.0,41,21,2,2,1,0.50861133138269,14.0,6.0,123.0,8,8.0,8.0,done,3449.0,2018-11-02 08:49:00,True,2432.010886739292,5.302716691293792,69.0,0.0320510489753519,2.0,0.75,0.5474264048959171,2.5,0.2617149758454106,27.25,0.0
654ccf016951b87a0d24e491cce5605522b47b67,ignite,True,2018-08-17 21:20:23,ignite,50.0,4,1,1,1,1,0.0,1.0,4.0,1.0,15,15.0,15.0,done,566.0,2018-10-07 15:15:16,True,406.3373625190581,4.717026115873232,19.0,0.0467591753862133,0.0,0.0,0.9090909090909092,0.0,0.8,18.0,0.0
8292d2774f5f296e9cf624916f720cc6ca51f960,ignite,False,2018-08-20 21:52:20,ignite,,2,0,1,1,1,0.0,1.0,220.0,1.0,1872,642.700000000013,1344.0,done,310.0,,False,38.039100017307746,3.636842188131012,2.0,0.0525774794642881,0.0,0.0,0.0,0.0,1.0,8.0,0.0
0681d8725d096272815dbd20c078871b27449895,ignite,False,2018-08-22 20:38:26,ignite,,1,1,1,1,1,0.0,72.0,2.0,422.0,17,17.0,17.0,done,4321.0,,False,13944.35307982892,6.119300385617936,239.0,0.0171395545301935,1.0,4.0,0.5529411764705883,19.0,0.3378378378378378,27.0,0.0
0020e417cfaf36da513c2063dc081514498a1597,ignite,True,2018-08-22 21:28:07,ignite,301.0,216,182,24,7,1,3.88213336309435,0.5,286.0,8.375,145,95.8333333333333,137.0,done,344.0,2019-06-20 15:40:41,False,1360.3466887834334,5.22138113444797,53.0,0.0398833138102693,0.0,0.0,0.91289592760181,2.0,0.3072463768115941,22.0,0.0
394d5ea7d2713827a89da53b8a4acd03efae6344,ignite,False,2018-08-23 17:07:43,ignite,,3,1,1,1,1,0.0,4.0,310.0,6.0,4,4.0,4.0,done,385.0,,True,118.02800258378574,4.2577612724873415,6.0,0.0508353938781664,0.0,0.0,0.6666666666666666,2.0,0.0,16.0,0.0
e0c034ea1d7abc6202cdbfa4f7113c7f6a1164d2,ignite,False,2018-08-24 02:44:39,ignite,,4,0,2,1,1,1.0,7.5,38.0,11.0,103,62.5,101.0,done,278.0,,False,31.69925001442312,3.938721875540867,2.0,0.0630929753571457,0.0,0.0,1.0,0.0,1.0,10.0,0.0
2eb5d47a19ff7f9da6a68a00947a5d0faf5a5b45,ignite,False,2018-08-24 10:06:59,ignite,,1,1,1,1,1,0.0,8.0,22.0,21.0,29,20.5,25.0,done,628.0,,False,1258.1676968646143,4.899075176859246,56.0,0.044509170072919,0.0,0.0,0.9142857142857144,1.0,0.5625,17.0,0.0
9b000978c84357d0198d5fd09e310a9cb4ea2aa3,ignite,False,2018-08-24 20:10:23,ignite,,1,1,1,1,1,0.0,6.0,43.0,18.0,419,245.166666666668,333.0,done,473.0,,False,1615.7105339236334,4.992688799736349,62.0,0.0383732102367604,1.0,0.0,0.875,2.0,0.7058823529411765,25.0,0.0
4eb657b0153246666a3ed4de6f523eb9e4af2bc5,ignite,False,2018-08-24 22:42:07,ignite,,22,3,1,1,1,0.0,30.0,1.0,110.0,14,14.0,9.0,done,4586.0,,False,2248.3308440028627,5.463040036495686,75.0,0.034041635026062,2.5,6.0,0.7296052631578948,2.0,0.2701612903225806,24.0,0.0
e2ff347eaaf6a17dc8754fde1a5251967dcff124,ignite,False,2018-08-28 17:03:57,ignite,,17,29,2,2,1,0.713146748638492,0.5,7.0,2.5,37,37.0,37.0,done,449.0,,False,851.4018784601354,4.522490271533835,14.75,0.0197110028008852,0.25,0.0,0.4868659420289855,1.0,0.2598484848484848,27.0,0.0
4924ed430f0adfd9385414d7e341393a00577d1a,ignite,True,2018-08-29 00:18:26,ignite,85.0,4,1,1,1,1,0.0,2.0,1.0,3.0,31,22.0,29.0,done,1051.0,2018-11-22 16:25:03,True,2043.9453418315993,5.400410899998713,18.0,0.0088064977235986,2.0,1.0,0.4782608695652174,0.0,0.1875,32.0,0.0
2b9fc2ebc8b163773ce032b8eca1de17c691ddcc,ignite,False,2018-08-30 18:40:16,ignite,,13,11,2,2,1,0.91829583405449,10.0,206.0,28.0,1875,639.6500000000141,1347.0,done,1605.0,,False,245.54688422141308,4.097379824180918,1.0,0.0013876541606457,0.0,0.0,0.1851851851851852,0.3333333333333333,0.1999999999999999,12.666666666666666,0.0
2bf48e5417816c2211402dfacf5678f6a67014bd,ignite,True,2018-08-30 22:47:23,ignite,269.0,107,16,17,6,1,4.03038847857644,3.4705882352941204,121.588235294118,14.9411764705882,140,76.9999999999999,119.0,done,2691.0,2019-05-27 13:01:09,True,78.13781191217038,4.273684376262022,5.0,0.0639895062024538,0.0,0.0,1.0,0.0,0.75,10.0,0.0
271c7cd00ae3aab4e28f07da217585a3e33f0620,ignite,False,2018-08-31 19:28:40,ignite,,2,0,1,1,1,0.0,4.0,701.0,6.0,1876,639.6500000000141,1348.0,done,124.0,,False,27.0,3.6421498816369033,0.0,0.0,0.0,0.0,0.0,0.0,0.0,8.0,0.0
6e7b86e8ed127904e3799144527c90ff5818a674,ignite,True,2018-09-04 18:41:14,ignite,223.0,57,37,10,5,1,2.8923770777405697,4.3,82.3,27.0,0,0.0,0.0,done,14452.0,2019-04-16 15:01:42,False,948.0369998182408,5.036802063269061,30.074074074074073,0.0348978436259982,0.5555555555555556,0.2592592592592592,0.7278400053975934,1.1111111111111112,0.4993866618444035,21.88888888888889,0.0002871088142405
1fd72477e336bc48b2568d58114a2d15f5036d12,ignite,False,2018-09-05 20:43:47,ignite,,14,10,2,2,1,0.413816850303634,13.0,21.5,45.0,20,20.0,20.0,done,3665.0,,False,312.3790501478175,4.109884599950928,12.285714285714286,0.0645966747806214,0.4285714285714285,0.2857142857142857,0.4038961038961038,0.4285714285714285,0.7583381530749953,12.0,0.0
da6e7319fd4a85b7a512e798f4a075fcbb3854a3,ignite,False,2018-09-07 23:03:48,ignite,,6,2,1,1,1,0.0,4.0,283.0,7.0,1880,640.016666666681,1351.0,done,639.0,,False,250.5569862126182,4.680505451952451,12.0,0.0482127926571091,0.0,0.0,0.5773809523809523,2.5,0.2818181818181818,16.0,0.0
3c52f36cf0982ebf1a3ab0a43977393bdc8ed630,ignite,False,2018-09-13 18:40:45,ignite,,2,0,1,1,1,0.0,4.0,1.0,4.0,406,252.0,280.0,done,3687.0,,False,730.4164618118467,4.981537275606653,26.0,0.0355961309189353,1.0,0.0,0.5333333333333333,0.0,0.375,25.0,0.0
94e8dc4dbb8667cc0dbe34376d42ca1b89410c9e,ignite,False,2018-09-18 22:02:39,ignite,,8,0,1,1,1,0.0,4.0,33.0,5.0,23,21.0,19.0,done,520.0,,True,4882.390640824335,5.524378288017648,119.0,0.0243733057746293,1.0,0.0,0.717948717948718,0.0,0.3333333333333333,33.0,0.0
feb1abcc8b2583aa215ca93c4436d9aaef95b5f3,ignite,False,2018-09-19 17:06:16,ignite,,8,8,3,2,1,1.32943400292497,1.33333333333333,22.3333333333333,1.6666666666666698,11,11.0,11.0,done,592.0,,False,157.60098995540224,4.197231284980192,2.0,0.0086754688784095,0.0,0.0,0.1333333333333333,0.3333333333333333,0.4444444444444444,23.5,0.0
ae69b1a2a0e3507c951bb2c470da3104bb0d7be7,ignite,False,2018-09-21 21:56:26,ignite,,3,0,1,1,1,0.0,8.0,22.0,13.0,12,12.0,12.0,done,476.0,,True,657.8627255790088,4.53856198851217,27.0,0.0410419969853685,0.0,0.0,0.8333333333333334,0.0,0.75,17.0,0.0
fce2799312289c46f58c70774e101b9ac4962241,ignite,False,2018-09-21 22:10:57,ignite,,8,0,1,1,1,0.0,1.0,512.0,1.0,13,13.0,13.0,done,120.0,,True,277.434993381665,4.805018675489749,10.0,0.0360444797468035,0.0,0.0,0.7777777777777778,0.0,0.25,16.0,0.0
1382df19fa49a89714c707b04ec4920802a6064d,ignite,True,2018-09-22 07:53:00,ignite,39.0,78,86,3,2,1,0.715600177652488,1.6666666666666698,0.0,2.3333333333333304,1,1.0,1.0,done,192.0,2018-10-31 18:41:25,False,97.68879894354626,4.406820420407845,5.0,0.0547895768635304,1.0,0.5,1.0,1.5,0.3095238095238095,18.0,0.0
fe35a64fb261068e9244bd24515cd4e91ee7ad34,ignite,False,2018-09-26 23:02:49,ignite,,0,3,1,1,1,0.0,12.0,196.0,25.0,410,252.0,284.0,done,998.0,,False,11.60964047443681,3.8521687236032816,0.0,0.0,0.0,0.0,0.0,1.0,0.0,12.0,0.0
ce34a89c4109fc80464a6d1dac9da839555c3fb6,ignite,False,2018-09-27 22:16:16,ignite,,0,3,1,1,1,0.0,8.0,279.0,14.0,171,94.33333333333309,162.0,done,256.0,,False,665.9750303934175,4.989214797598402,20.0,0.0300311559551793,0.0,0.0,0.7058823529411765,0.0,0.5833333333333334,24.0,0.0
23e5da4a4ef55568ad866bcb9127a7f22d5db02d,ignite,False,2018-09-27 22:29:33,ignite,,3,1,1,1,1,0.0,23.0,133.0,44.0,172,95.33333333333309,163.0,done,942.0,,False,721.6932123753791,4.766789541158168,15.0,0.0207844548663954,1.0,0.0,0.8333333333333334,0.0,0.5,23.0,0.0
f00bdad33f34f7fac45b0e2063fafb9f8c5e8187,ignite,False,2018-09-27 22:53:32,ignite,,2,1,1,1,1,0.0,23.0,0.0,45.0,173,96.33333333333309,164.0,done,944.0,,False,758.8609949905843,4.754168043802118,15.0,0.0197664659259316,1.0,0.0,0.8333333333333334,0.0,0.5,23.0,0.0
43404587a9a36f7cb74006502ebd8a09543bdf64,ignite,False,2018-09-28 00:00:18,ignite,,5,4,2,2,1,0.91829583405449,5.5,52.5,10.0,141,75.1666666666665,120.0,done,1576.0,,False,399.57436064529134,4.449392740276169,10.0,0.0383954751298086,0.5,0.0,0.625,1.0,0.525,15.5,0.0
609266fe2797c07599a893625f933740a25d049d,ignite,False,2018-09-28 17:57:58,ignite,,1507,1763,32,12,1,4.83632412255067,0.1875,21.3125,6.625,20,18.5,5.0,done,6315.0,,False,1195.5683998270938,5.412944453913527,33.84375,0.0292240373700821,0.84375,0.0,0.7465085042426601,1.0,0.269512234536597,33.78125,0.0006820436507936
d5f6e50edaa1dfd27d9a6f2a3bbcdacaf26057cd,ignite,False,2018-09-28 18:06:52,ignite,,1,2,1,1,1,0.0,39.0,1.0,359.0,91,72.5,88.0,done,4553.0,,False,3361.976194734901,5.598957261647472,99.0,0.0294469663869248,2.0,3.0,0.5957446808510638,2.0,0.2857142857142857,25.0,0.0
2f3b567f61c2a9a1080ee7fda57f3a18231b1dae,ignite,False,2018-09-29 00:50:05,ignite,,15,14,1,1,1,0.0,20.0,0.0,44.0,35,25.5,33.0,done,2229.0,,False,586.6796462937097,4.76255427586265,15.0,0.0255676161509283,1.0,0.0,0.7272727272727273,1.0,0.5,20.0,0.0
0e29b873b8c13ba3bb3dbb1307567eaffd41e3b4,ignite,False,2018-10-02 01:31:18,ignite,,8,17,2,2,1,0.634309554640566,8.0,434.5,18.0,2,2.0,2.0,done,264.0,,False,544.6240597006548,5.173590016386735,25.0,0.0459032236176655,1.0,0.0,0.8888888888888888,2.0,0.3333333333333333,22.0,0.0
b44c1d208d4ac124c718ec635890fc862740289c,ignite,True,2018-10-03 16:44:59,ignite,340.0,59,59,9,9,6,1.91946309228688,8.444444444444441,254.666666666667,38.3333333333333,3,3.0,0.0092592592592592,done,347.0,2019-09-09 12:14:22,False,159.23461733597537,4.611823602735274,6.666666666666667,0.048318809825304,0.6666666666666666,0.0,0.6111111111111112,1.6666666666666667,0.1111111111111111,15.0,0.0
76d6ef032f9a634f15398d10e0019419f9798296,ignite,True,2018-10-04 17:29:24,ignite,26.0,2,0,1,1,1,0.0,37.0,2.0,124.0,7,7.0,7.0,done,4794.0,2018-10-31 08:54:36,False,913.1194261875507,5.367028065582537,27.0,0.029568968993169,0.0,0.0,0.8181818181818182,5.0,0.25,21.0,0.0
e142b100f8cf651c2bfc45a1783282b8d85a220c,ignite,False,2018-10-04 18:46:54,ignite,,18,13,1,1,1,0.0,0.0,0.0,0.0,93,74.0,90.0,done,314.0,,False,705.6688058735323,5.214587561077731,29.666666666666668,0.0432107396361471,1.6666666666666667,3.0,0.8865079365079365,3.0,0.1111853832442067,26.0,0.0244668911335577
6e0ff06f8e309657a16c94da605348d9c3b804ad,ignite,False,2018-10-06 18:30:49,ignite,,3,2,2,2,1,0.970950594454669,25.0,13.5,193.5,3379,973.600000000023,2490.0,done,5090.0,,False,2076.322908271627,5.407458460532343,68.5,0.03461416726251,1.0,1.0,0.7232854864433812,7.0,0.2083333333333333,24.0,0.0
bbd325566cc4066ebd70b58278ab33052fb5e436,ignite,False,2018-10-10 23:06:16,ignite,,34,10,5,3,2,2.15077480309999,15.0,84.8,55.6,2,2.0,1.25,done,881.0,,False,362.07247119170023,4.752727252869259,13.6,0.0484005279379653,0.2,0.0,0.7746520146520147,0.8,0.375,18.8,0.0
91d77a79c4805e501d8637fc1263866d5e914fba,ignite,True,2018-10-15 23:58:59,ignite,35.0,6,0,1,1,1,0.0,1.0,7.0,1.0,3383,974.766666666692,2494.0,done,3001.0,2018-11-20 14:05:01,False,2119.6206671170803,5.485650238382833,71.0,0.033496559597415,2.0,3.0,0.75,2.0,0.5,23.0,0.0
2c78ad25c0cec6c4962f1fb425c43d5a41102f9d,ignite,False,2018-10-16 22:53:57,ignite,,8,1,1,1,1,0.0,5.0,5.0,8.0,1887,623.316666666683,1358.0,done,301.0,,True,104.2481250360578,4.538171939471839,5.0,0.0479624933136262,0.0,0.0,0.4,0.0,0.75,20.0,0.0
1db895545b303b8945b9b8ade237e17ccd434f5c,ignite,False,2018-10-17 00:17:10,ignite,,18,1,2,2,1,0.8997437586982628,27.5,10.0,101.5,0,0.0,0.0,done,595.0,,False,390.55946907809795,4.634175935574561,14.5,0.0418356526361801,0.0,0.0,0.6333333333333333,3.0,0.4272727272727272,25.0,0.0
982263e17ed537ae66976cbf09bc069b80864355,ignite,False,2018-10-17 14:24:46,ignite,,1,3,1,1,1,0.0,6.0,26.0,9.0,3385,976.766666666691,2495.0,done,1579.0,,False,332.1682242863212,5.152539520598176,12.0,0.0361262731430213,0.0,0.0,0.3,2.0,0.3333333333333333,18.0,0.0
829dc1f240c07731a1ee98ae18c80ea6074dc6c4,ignite,True,2018-10-18 20:33:28,ignite,325.0,10,6,1,1,1,0.0,23.0,13.0,44.0,25,25.0,25.0,done,2800.0,2019-09-09 12:48:49,True,756.7279879798108,5.012336205305961,48.0,0.0634309828134447,0.0,0.0,0.8823529411764706,4.0,0.4117647058823529,23.0,0.0
5fa5c5483d7dda59cc7806cd647f00bbdb66b216,ignite,True,2018-10-22 19:36:32,ignite,17.0,6,0,1,1,1,0.0,5.0,195.0,5.0,18,16.5,18.0,done,648.0,2018-11-09 09:39:30,True,597.0762312873943,4.847614982556172,21.5,0.0357941755057774,1.0,0.0,0.7817460317460317,0.0,0.6862745098039216,14.5,0.0
3a4167a67e4fc318e2a7ef19500ca6da5910eaac,ignite,True,2018-10-22 20:45:38,ignite,332.0,29,8,1,1,1,0.0,6.0,153.0,7.0,19,17.5,19.0,done,277.0,2019-09-20 08:20:31,True,387.33928978096986,4.375793824038247,6.25,0.0441351582485828,0.5,0.0,0.8392857142857143,0.25,0.6394230769230769,16.5,0.0
324e6e38eb1ef042bbf3a506d523201266893050,ignite,False,2018-10-23 21:16:56,ignite,,4,3,2,1,1,0.985228136034252,26.0,0.0,99.5,427,260.0,300.0,done,624.0,,False,2250.7988918446763,3.8318336969763553,113.5,0.0514491768751068,0.0,0.0,1.0,0.0,0.0,11.0,0.0
a9b65d6e4a86e00876fdbfc17a13ceed718c21e7,ignite,False,2018-10-24 06:52:28,ignite,,7,0,2,2,1,0.8631205685666309,21.0,273.0,123.5,6,6.0,6.0,done,3600.0,,True,842.8009416602341,5.009910332231177,32.5,0.0421048717665916,1.5,0.0,0.444055944055944,0.5,0.3928571428571428,20.0,0.0
e8d7cf9726e11554ebfdf5f8144e5bcaab7e221f,ignite,False,2018-10-25 00:41:23,ignite,,8,5,1,1,1,0.0,4.0,590.0,7.0,11,10.5,9.0,done,494.0,,False,227.89303027779624,4.541472454605285,9.5,0.0416862244028249,0.0,0.0,0.3,0.0,0.8660714285714286,16.0,0.0
a18f71ce5c89465e7b32fca71755208ac8976128,ignite,False,2018-10-25 20:10:13,ignite,,1,1,1,1,1,0.0,3.0,0.0,3.0,4,4.0,4.0,done,103.0,,False,89.92418250750745,4.612439148917726,6.0,0.0667228751231525,0.0,0.0,1.0,2.0,0.3333333333333333,17.0,0.0
797e7af77247f2e350d539d082ed25cd0f939a98,ignite,False,2018-10-26 17:47:30,ignite,,1456,8,8,8,3,0.121338788519198,13.5,11.5,80.5,18,18.0,0.499999998709413,done,13895.0,,False,137.2464814271417,4.028091576230201,4.375,0.0891096539382411,0.0,0.0,0.4554924242424242,0.375,0.6791666666666667,12.75,0.0
ad99fbae735307e56ea6c78dcbd88fa1454ecee2,ignite,False,2018-10-27 17:45:32,ignite,,33,16,1,1,1,0.0,1.0,0.0,1.0,39,28.8333333333333,37.0,done,495.0,,False,1693.1883561432116,5.062521585402053,50.0,0.0295300873163877,1.0,3.0,0.3783783783783784,2.0,0.4090909090909091,32.0,0.0
781d4e7812d0eaf789c287ba69374d625a13e32c,ignite,False,2018-10-27 23:55:54,ignite,,1,1,1,1,1,0.0,11.0,5.0,13.0,1894,624.1166666666829,1365.0,done,977.0,,False,282.4860706840734,4.739695465499406,5.0,0.0176999877830857,0.0,0.0,0.75,0.0,0.6666666666666666,20.0,0.0
862c9264fc05816f96ea594807854502ff3dd00a,ignite,True,2018-10-29 19:28:07,ignite,37.0,39,27,1,1,1,0.0,42.0,0.0,372.0,5,2.5,4.0,done,4787.0,2018-12-06 15:51:24,False,1342.705299361723,5.010058574503804,17.0,0.0126610061106344,0.0,0.0,0.5897435897435898,2.0,0.4545454545454545,22.0,0.0
8a48c5cb2f6f1b6c2e1ab4d33e85059504888b79,ignite,False,2018-11-02 20:52:31,ignite,,12,3,1,1,1,0.0,1.0,0.0,1.0,1896,624.950000000017,1366.0,done,577.0,,False,399.6674070915189,4.551860314860616,10.333333333333334,0.0440718054017203,0.6666666666666666,0.0,0.7129629629629629,1.0,0.4166666666666667,18.0,0.0
834bb1e7b9d7efb170fe0ed9545daab9c59c2095,ignite,False,2018-11-06 18:28:31,ignite,,25,78,1,1,1,0.0,35.0,2.0,89.0,11,11.0,11.0,done,2099.0,,False,387.3361920227802,5.09852152366546,16.0,0.0460657621680909,0.4,0.4,0.7416666666666667,3.2,0.04,19.6,0.0
6e5dcab4bf446627f0c3a18c4db3a6931a81b014,ignite,False,2018-11-12 17:47:44,ignite,,1,1,1,1,1,0.0,26.0,2.0,89.0,5,5.0,5.0,done,2695.0,,False,867.4104728625,5.284939202421747,22.0,0.0253628480267235,1.0,0.0,0.631578947368421,3.0,0.5294117647058824,27.0,0.0
7ac82733bab40fbd81be18a4b1da93c9a13601ce,ignite,False,2018-11-12 22:07:09,ignite,,4,6,2,1,1,0.970950594454669,3.0,16.5,4.5,59,36.0833333333333,49.0,done,152.0,,False,8.0,3.3927474104487847,0.0,0.0,0.0,0.0,0.0,0.0,0.0,6.0,0.0
ecf750fcd07e051c6a5859f933cd0e6ace518242,ignite,False,2018-11-13 16:46:52,ignite,,18,12,5,1,1,2.2120594671313905,4.0,309.4,12.2,20,20.0,20.0,done,5459.0,,False,1217.0198278540176,4.979877359832528,32.5,0.0354447520758028,2.0,0.3333333333333333,0.6718966218966219,0.3333333333333333,0.4966441773842153,19.5,0.0512820512820512
59a7986be1964c960468440e1daf41eea06a0c2f,ignite,False,2018-11-14 22:37:06,ignite,,9,9,2,1,1,0.91829583405449,2.0,27.5,2.5,60,37.0,50.0,done,66.0,,False,24.0,4.106603137064474,2.0,0.0833333333333333,0.0,0.0,1.0,1.0,0.3333333333333333,11.0,0.0
d37f1d70918ed34f8932cb85fdb59c667a8f86b2,ignite,False,2018-11-15 17:55:35,ignite,,3,0,1,1,1,0.0,17.0,0.0,69.0,433,260.16666666666697,306.0,done,2369.0,,False,323.85477931016226,4.4787048504932265,12.0,0.0370536449255465,1.0,0.0,1.0,0.0,0.5,15.0,0.0
eed26bcfb26d58372459f84173c4d0969dc08c8a,ignite,False,2018-11-16 18:17:01,ignite,,2,1,1,1,1,0.0,13.0,85.0,65.0,440,247.250000000001,353.0,done,362.0,,False,851.9235664882294,4.363476621458866,36.0,0.0422573120595759,0.0,0.0,0.4615384615384615,2.0,0.4285714285714285,26.0,0.0
7076f42763dcfdb28f626d2f8072e7f34b1ff8d7,ignite,True,2018-11-17 17:37:24,ignite,9.0,25,6,4,3,1,1.3968436982954198,7.0,11.5,17.75,34,31.0,26.0,done,5212.0,2018-11-26 19:43:55,False,356.5453466771369,4.614595291105293,13.5,0.0485574431673415,0.0,0.0,0.6215367965367966,2.875,0.3690740871447393,18.0,0.0
16dc88fc228eb15669922e3878badc8ffc16dda5,ignite,False,2018-11-17 19:48:24,ignite,,1,1,1,1,1,0.0,43.0,1.0,270.0,435,262.16666666666697,308.0,done,3136.0,,False,191.75555960140375,4.49153510044873,2.0,0.0104299453124453,0.0,0.0,0.6666666666666666,3.0,0.25,21.0,0.0
43ee832482b6cd9237970c097ffc15dadc2c3eb5,ignite,False,2018-11-17 21:18:08,ignite,,5,0,1,1,1,0.0,42.0,4.0,140.0,14,11.0,14.0,done,4918.0,,True,997.3250296941447,5.3714169418389455,1.0,0.0010026821449639,0.0,3.0,0.6521739130434783,4.0,0.2,19.0,0.0
c711d4f6f7ecc6ad59643a2a82d7d487d8d45a90,ignite,False,2018-11-19 23:02:48,ignite,,2,2,1,1,1,0.0,4.0,34.0,4.0,18,18.0,18.0,done,518.0,,False,80.0,4.589661719245797,5.0,0.0625,1.0,0.0,1.0,1.0,0.6,17.0,0.0
a198b3ff5799899690419e3c0b6306a1eaebd6e7,ignite,False,2018-11-19 23:31:47,ignite,,201,12,6,5,1,1.63010624506175,4.83333333333333,133.166666666667,49.1666666666667,5,5.0,5.0,done,2167.0,,False,7694.931037272253,4.577972962440432,248.0,0.0322283587998813,1.0,2.5,0.8671369518332135,3.0,0.1666666666666666,20.0,0.0
4fb1fc37a5016fb0386cb654cc527b685cb78349,ignite,False,2018-11-20 18:30:35,ignite,,12,10,1,1,1,0.0,2.0,571.0,6.0,84,62.9166666666667,84.0,done,119.0,,False,630.168208774188,5.320434052954674,2.0,0.003173755787983,0.0,0.0,0.7857142857142857,1.0,0.6666666666666666,22.0,0.0
d6d4965fd86d8177903abf0ccf9a7e8ac77917a0,ignite,False,2018-11-21 01:09:10,ignite,,3,1,1,1,1,0.0,10.0,0.0,15.0,1901,624.050000000019,1371.0,done,2082.0,,False,98.09910819000814,4.481098797321585,4.0,0.0407750903530376,0.0,0.0,0.6666666666666666,1.0,0.5,14.0,0.0
bbf8f30f224b70f1504a5cd76f230a6b73ed4fb3,ignite,False,2018-11-21 19:51:08,ignite,,1,3,2,2,2,1.0,37.0,14.0,109.0,6,6.0,1.609375,done,306.0,,False,88.0,4.5087679639401745,5.0,0.0568181818181818,0.0,0.0,0.5,0.0,0.75,20.0,0.0
1dea0a4273bf54ca2361a3a940db22ba89274ab5,ignite,False,2018-11-23 22:54:25,ignite,,42,34,18,4,2,2.4479066990713902,4.0,1.6666666666666698,11.944444444444402,31,29.0,0.235023269429803,done,422.0,,False,1120.6859009386176,5.627316248610699,24.5,0.0227750550803943,1.25,0.25,0.7513061145510836,1.0,0.448142414860681,27.0,0.0
5c01c4199df3ba3a479d4566561335d57adffd0f,ignite,True,2018-11-24 02:23:16,ignite,16.0,8,0,1,1,1,0.0,55.0,1.0,275.0,474,213.000000000002,390.0,done,3461.0,2018-12-10 07:23:20,True,578.6997515755535,4.962859571844302,18.0,0.0311042124192962,0.0,0.0,0.5714285714285714,2.0,0.3636363636363636,21.0,0.0
475a0a71500dc4f638100f3ec0c7f8029db42f4a,ignite,False,2018-11-24 03:31:02,ignite,,17,6,2,2,1,0.828055725379504,14.0,4.5,32.0,35,32.0,27.0,done,4899.0,,False,243.5791904205491,4.401815964273205,10.0,0.0473904700176294,0.25,0.0,0.4625,2.125,0.4637530193236715,18.5,0.0
acc1024158ef600cdb078b0de8a9859beaa8b330,ignite,False,2018-11-26 23:33:30,ignite,,40,40,17,4,1,4.03418371977919,2.41176470588235,214.76470588235296,15.5882352941176,34,23.6666666666667,30.0,done,5579.0,,False,1345.325092121496,5.26205640058974,24.5,0.0169232683840866,1.3,0.4,0.5508008744038155,0.6,0.2380390442890442,18.9,0.0
46a84fddb701f8e26741ddaa1ee3ab3ffa2234c2,ignite,False,2018-11-27 19:24:50,ignite,,16,13,1,1,1,0.0,5.0,189.0,9.0,12,12.0,10.0,done,290.0,,False,1805.7803960712895,5.448750694461775,19.0,0.0105217666784604,1.0,0.0,0.6551724137931034,2.0,0.4375,25.0,0.0
9d3c757355980fae9b558b0c2e736265adc028a0,ignite,False,2018-11-28 01:55:06,ignite,,17,20,2,1,1,0.5713549744279549,4.5,323.5,15.0,25,25.0,25.0,done,5366.0,,False,1949.0883162031853,5.630501914911088,34.8,0.0206130553555667,2.0,1.2,0.7053724053724053,2.0,0.3526915113871635,23.2,0.0
2a0e3542604ec5ebca24587835f4c2e8e4c0a3e3,ignite,False,2018-11-30 04:27:01,ignite,,5,1,1,1,1,0.0,9.0,27.0,27.0,3390,965.90000000003,2500.0,done,709.0,,False,1025.555052061087,5.389402073388032,24.0,0.0279230819335899,1.0,0.0,0.7083333333333333,0.5,0.4155844155844155,21.0,0.0
abd94fd5db3b7f349fc81af8074b2e777f4c5053,ignite,False,2018-12-01 17:41:07,ignite,,0,2,1,1,1,0.0,1.0,56.0,1.0,1,1.0,1.0,done,164.0,,False,118.9419703764204,4.5434487351738495,1.0,0.0084074611916656,0.0,0.0,0.6,0.0,1.0,16.0,0.0
bb56dc6d4843c426b0d5f0015abe8dc3af794276,ignite,True,2018-12-05 02:13:31,ignite,8.0,12,5,2,1,1,0.6722948170756379,3.0,110.0,8.5,24,18.0,23.0,done,571.0,2018-12-13 15:34:08,False,1709.447516162256,5.662191909099519,34.0,0.0225696668400042,0.0,0.0,0.6652334152334152,2.5,0.3970588235294118,23.5,0.0
46ff2683a56f0f5c828cd57fc8f991b4becab3ef,ignite,False,2018-12-05 18:34:39,ignite,,2,0,1,1,1,0.0,13.0,8.0,22.0,394,202.666666666667,340.0,done,294.0,,False,1068.0,5.101263763419004,14.0,0.0131086142322097,1.0,0.0,0.391304347826087,0.0,0.3,22.0,0.0
5990bcdc53e9d4d59f724ff6dd6d54e9158339ee,ignite,False,2018-12-06 01:42:58,ignite,,22,13,1,1,1,0.0,3.0,566.0,3.0,18,17.5,16.0,done,232.0,,False,924.0,5.300392857384924,31.0,0.0335497835497835,1.0,0.0,0.631578947368421,1.0,0.3571428571428571,23.0,0.0
4c56adcf0997f4a97542cbabd3e5185dc9ed9af1,ignite,False,2018-12-06 01:48:11,ignite,,3,0,1,1,1,0.0,5.0,22.0,5.0,13,13.0,11.0,done,336.0,,False,242.8990497563786,4.81867163071008,6.0,0.0247016198952521,0.0,0.0,0.6666666666666666,1.0,0.0,16.0,0.0
3fb68f7254802e7f9bca78e42c20e59dd08c49c8,ignite,False,2018-12-07 18:50:14,ignite,,17,7,2,2,1,0.650022421648354,7.0,320.0,24.5,20,20.0,20.0,done,592.0,,False,50.18947501009619,4.554825285339554,4.5,0.0896602325307203,0.0,0.0,1.0,1.5,0.2916666666666666,20.0,0.0
4232692d790e40bcf100e866df4f6d66dccd518d,ignite,False,2018-12-10 17:58:07,ignite,,16,0,1,1,1,0.0,26.0,22.0,77.0,12,12.0,12.0,done,1123.0,,False,991.591302408006,4.7507523427369485,4.0,0.0040339200135038,0.0,0.0,0.1666666666666666,0.0,1.0,29.0,0.0
33e6135c846053031565e31de98bd891093caf1a,ignite,False,2018-12-11 20:06:22,ignite,,69,1,2,2,1,0.187176256873208,13.5,21.0,51.0,112,63.6666666666667,110.0,done,1874.0,,False,3327.683358816604,4.4709950065136335,91.5,0.0554516512248607,0.5,10.5,0.4411764705882353,4.0,0.1,16.5,0.0012437810945273
91a82686314f6b4aabbb25308b0002ae18ca6ee2,ignite,False,2018-12-12 22:36:00,ignite,,1,1,1,1,1,0.0,45.0,2.0,248.0,0,0.0,0.0,done,3344.0,,False,8264.835202579206,5.861581885865603,191.0,0.0231099586765377,3.0,7.0,0.6161616161616161,0.0,0.2542372881355932,24.0,0.0
20ffb764180a160f8c43037466f59bedde2bfdf0,ignite,False,2018-12-12 23:20:50,ignite,,4,0,1,1,1,0.0,1.0,0.0,1.0,444,246.583333333335,357.0,done,335.0,,True,87.93788780544743,4.596866926137102,0.0,0.0,0.0,0.0,0.0,0.0,0.0,8.0,0.0
859b37cc8016e4d12178d80e717bd52f992d6e34,ignite,False,2018-12-13 15:44:17,ignite,,5,0,1,1,1,0.0,53.0,2.0,359.0,3391,947.26666666671,2501.0,done,6830.0,,True,3020.1373862608157,5.705783781049294,104.0,0.0344355195472616,0.0,0.0,0.7575757575757576,4.0,0.4615384615384615,20.0,0.0
1039c8a7921858c7d577816ef1994de969d18e74,ignite,True,2018-12-13 23:45:58,ignite,319.0,96,7,5,3,1,1.98980572757649,10.0,43.4,108.4,16,12.5,16.0,done,8028.0,2019-10-29 11:22:00,True,1738.069515172992,5.047718929869233,48.0,0.0283007697639223,1.2,1.6,0.5845405405405406,0.6,0.3948051948051948,23.0,0.0
41f769e80222e73482c9f78c6121b3b91e5ec396,ignite,False,2018-12-14 03:08:23,ignite,,0,2,1,1,1,0.0,8.0,2.0,14.0,27,26.5,18.0,done,3753.0,,False,1616.184479649413,5.621621279438548,10.0,0.006187412468018,1.0,0.0,0.72,0.0,0.2727272727272727,23.0,0.0
ffb187594bedd7e1bae618063f8bfba3b453b84c,ignite,False,2018-12-14 20:27:46,ignite,,0,2,1,1,1,0.0,14.0,3.0,24.0,30,29.5,21.0,done,220.0,,False,693.3478155669368,5.009577561013129,21.0,0.0302878288912307,2.0,0.0,0.4,0.0,0.2222222222222222,26.0,0.0
51dd7028855029c2b0867357dfc0afeeb03fa2dd,ignite,False,2018-12-14 20:30:22,ignite,,0,2,1,1,1,0.0,13.0,3.0,28.0,31,30.5,22.0,done,253.0,,False,1332.9671997661185,5.382270177392541,28.0,0.0210057681876289,2.0,0.0,0.5833333333333334,0.0,0.0909090909090909,31.0,0.0
00b58c04098f02e8f65caed6ad8859da1348a1c1,ignite,False,2018-12-14 21:52:01,ignite,,0,2,1,1,1,0.0,18.0,0.0,23.0,35,34.5,26.0,done,1427.0,,False,659.022371559561,4.77062416512654,15.0,0.0227609875587422,1.0,0.0,0.2666666666666666,1.0,0.25,22.0,0.0
9b674ed9a7339678e766965fa86b1c727e9eff01,ignite,False,2018-12-15 00:46:58,ignite,,0,2,1,1,1,0.0,4.0,3.0,4.0,38,37.5,29.0,done,183.0,,False,18.094737505048094,3.748994803525096,0.0,0.0,0.0,0.0,0.5,0.0,0.0,10.0,0.0
91a82a5b6c48014a899157e135cdac9d3af42b3d,ignite,False,2018-12-17 23:34:14,ignite,,3,0,1,1,1,0.0,23.0,80.0,67.0,7,7.0,7.0,done,1162.0,,True,691.0752357248548,5.086903568979345,9.0,0.0130231840684612,0.0,0.0,0.7333333333333333,1.0,0.6,28.0,0.0
389e196604000b84a4ce1c011ba13eec20b41c70,ignite,False,2018-12-18 06:50:02,ignite,,6,3,1,1,1,0.0,12.0,3.0,16.0,444,258.833333333334,316.0,done,285.0,,False,270.0,5.020119276895538,2.0,0.0074074074074074,0.0,0.0,0.2857142857142857,0.0,1.0,18.0,0.0
84a8e8108f973719f1f05e41818ec3ac93312d1b,ignite,False,2018-12-18 12:54:36,ignite,,4,0,1,1,1,0.0,3.0,45.0,3.0,0,0.0,0.0,done,175.0,,True,573.8616751600966,4.54738018413093,13.0,0.0226535427659866,2.0,0.0,0.7692307692307693,1.0,0.5555555555555556,23.0,0.0
64e0e69a542dff79c7abf5f46193a6eaa3b5485b,ignite,False,2018-12-18 22:22:45,ignite,,11,0,6,4,1,2.5503407095463904,2.1666666666666696,3.0,8.33333333333333,17,13.5,17.0,done,1390.0,,False,468.8046623912761,4.738852538055886,9.5,0.0155964376963563,0.25,0.0,0.5372023809523809,0.0,0.7666666666666667,14.0,0.0
664fb93da2cd753a92e4f70e7e06d40281d23e7e,ignite,False,2018-12-19 21:11:07,ignite,,30,26,1,1,1,0.0,4.0,8.0,6.0,1911,620.200000000018,1381.0,done,384.0,,False,519.9352033229833,4.733737678311997,17.666666666666668,0.0358958904341828,1.0,0.0,0.2938002314163304,0.5,0.4232804232804232,19.5,0.0
9a1a830a8af1b1b9ad882f58c69b28488a3a3a1f,ignite,False,2018-12-19 22:41:05,ignite,,3,4,1,1,1,0.0,15.0,29.0,30.0,19,16.5,19.0,done,567.0,,False,942.0,5.157391435430989,17.0,0.0180467091295116,1.0,0.0,0.4230769230769231,0.0,0.0,25.0,0.0
29588c51556724940d92d6b077420f8f89baf34e,ignite,True,2018-12-20 18:00:38,ignite,35.0,10,9,1,1,1,0.0,7.0,48.0,10.0,102,83.0,99.0,done,174.0,2019-01-25 17:39:31,True,670.6377267688606,4.980878611238986,17.0,0.0253490063583302,2.0,0.0,0.3333333333333333,0.0,0.6,21.0,0.0
02f552fc9e637cf643c99bb7216b581492b26cfe,ignite,False,2018-12-25 00:56:25,ignite,,46,40,1,1,1,0.0,9.0,348.0,24.0,34,20.8333333333333,25.0,done,1308.0,,False,482.1526035928269,4.82034816702255,23.0,0.0477027393995434,1.0,12.0,0.1666666666666666,2.0,0.3333333333333333,23.0,0.0
423ac68f27f4a5cf259a7740b73279b3baaa4e3e,ignite,False,2018-12-25 05:21:25,ignite,,8,19,1,1,1,0.0,23.0,18.0,78.0,2,2.0,2.0,done,1324.0,,False,1120.749435384817,4.902437334191105,27.0,0.0283586347814407,0.5,0.25,0.6994802231237323,2.5,0.4305749805749805,19.25,0.0
a1897dfd1f82cb85260c1d05e778a609bf30511b,ignite,True,2018-12-25 05:46:13,ignite,122.0,50,40,7,6,1,2.11637870193282,5.28571428571429,2.85714285714286,22.142857142857103,29,29.0,29.0,done,12449.0,2019-04-26 14:12:31,False,890.9720985760982,5.014454866726327,19.125,0.0231797035130269,0.75,0.34375,0.5355234967697005,0.5625,0.2507781571538365,16.46875,0.0
48cb0f176eaf25c4c0a7eeb41b6ea9f33e3a986c,ignite,False,2018-12-26 20:22:49,ignite,,5,1,1,1,1,0.0,5.0,1.0,5.0,29,23.0,28.0,done,159.0,,False,507.9470570797252,4.879726101783968,17.0,0.0334680549144942,0.0,0.0,0.7333333333333333,1.0,0.375,22.0,0.0
0431c288d8c6e69c37bd185025cb2d6734052b38,ignite,False,2018-12-26 22:28:37,ignite,,2,2,1,1,1,0.0,1.0,6.0,1.0,104,85.0,101.0,done,312.0,,False,91.3765181293825,4.269974678246912,6.0,0.0656623837592983,0.0,0.0,1.0,1.0,0.75,14.0,0.0
7ff040438319b55fd81c467bacb644efa3afaf92,ignite,False,2018-12-27 00:44:59,ignite,,2,0,1,1,1,0.0,44.0,1.0,155.0,3,3.0,3.0,done,5055.0,,False,1426.6307755438656,5.392524908073849,51.0,0.0357485628897621,1.0,3.0,0.75,1.0,0.5769230769230769,23.0,0.0
6ffaba550bc85722823c7b67140e84c370716693,ignite,False,2018-12-29 20:32:25,ignite,,56,16,4,3,1,1.30004484329671,1.0,96.0,5.0,447,242.250000000001,360.0,done,335.0,,False,36.0,4.488284658688187,0.0,0.0,0.0,0.0,0.0,0.0,0.0,15.0,0.0
2026cf75dc58f674e7bca890334eb77041e0afb9,ignite,False,2019-01-11 19:56:16,ignite,,85,202,7,5,1,2.53063312996108,1.42857142857143,15.2857142857143,7.857142857142861,50,48.0,39.0,done,765.0,,False,626.5054047271869,5.210672070978789,22.428571428571427,0.0367869568211882,0.1428571428571428,0.0,0.7008771929824561,1.0,0.2850649350649351,29.714285714285715,0.0
0fddf1a8b46482e3d0016b48e2cc9ba4bde026fb,ignite,False,2019-01-12 22:28:05,ignite,,6,2,1,1,1,0.0,42.0,6.0,154.0,395,196.833333333334,341.0,done,2127.0,,False,1675.1653089206693,5.408774070661101,55.0,0.0328325805859943,2.0,1.0,0.6774193548387096,2.0,0.3888888888888889,19.0,0.0
e05387f99f878fac758fa4cbf2fb8f6fdba56176,ignite,False,2019-01-14 16:30:02,ignite,,14,9,3,1,1,1.26408861211231,3.6666666666666696,205.333333333333,14.666666666666698,96,72.75,96.0,done,368.0,,False,709.4634284459498,5.192137406479296,29.0,0.0420805239791372,1.0,0.0,0.7627923976608187,1.0,0.2676563202878992,26.333333333333332,0.0
b05a87f09c3ede1a77a50cc174709ec3ca6483a0,ignite,False,2019-01-14 18:06:49,ignite,,2,2,1,1,1,0.0,77.0,15.0,647.0,25,19.0,25.0,done,5925.0,,False,1637.8440814235985,5.241197679742426,67.0,0.0409074348162398,0.0,0.0,0.8076923076923077,11.0,0.2,21.0,0.0
f94cbeea9cdef01eb5c62348722c6c92afe14a4b,ignite,False,2019-01-14 20:43:45,ignite,,18,4,3,3,1,1.4353713907745302,12.333333333333302,20.0,68.0,120,69.8333333333333,118.0,done,2701.0,,False,81.98912739048495,4.166802081995077,1.8,0.0236637555662726,0.0,0.0,0.4066666666666666,0.8,0.2,26.0,0.0
e453dd35460f1098302879a989d70427817413b4,ignite,False,2019-01-14 21:08:31,ignite,,0,6,1,1,1,0.0,8.0,20.0,13.0,123,72.8333333333332,121.0,done,1196.0,,False,144.3171490075026,3.8212396900920345,8.0,0.0554334675748348,0.0,0.0,0.0,0.0,1.0,16.0,0.0
b48c5087085868b1b0432c1bc7fccd5bf9b93152,ignite,False,2019-01-16 22:13:32,ignite,,30,20,5,2,1,2.1346939516467,7.0,309.4,24.6,0,0.0,0.0,done,1467.0,,False,1171.8890831099466,5.5624366176323425,43.0,0.0366928923733012,0.0,0.0,0.85,3.0,0.4090909090909091,21.0,0.0
84298cf4e85edd137ddceb1f203c5f9e2837d4d4,ignite,False,2019-01-17 18:28:21,ignite,,2,2,1,1,1,0.0,45.0,21.0,156.0,19,18.5,17.0,done,5043.0,,False,1044.2627041153958,4.614145799625306,17.0,0.0162794284742754,1.0,3.0,0.6470588235294118,2.0,0.0,22.0,0.0
de3499fe773b493ca1f385473fdfad0897cb4002,ignite,True,2019-01-19 07:22:52,ignite,114.0,35,31,1,1,1,0.0,30.0,3.0,55.0,395,196.833333333334,341.0,done,2845.0,2019-05-13 17:08:29,True,635.06833876977,5.04013692773769,34.0,0.0495408572702135,0.0,0.0,0.6862745098039216,4.0,0.375,22.5,0.0
b324c049a96ced7692cff4b7ea0e4e549fcfed73,ignite,False,2019-01-19 17:30:55,ignite,,1,1,1,1,1,0.0,0.0,0.0,0.0,395,196.833333333334,341.0,done,88.0,,False,220.92066675263132,4.4846491362696925,8.0,0.036212094221849,0.0,0.0,0.8333333333333334,0.0,0.8,9.0,0.0
e8cf38659062fc7ce500ec4dc73423a09ff487bc,ignite,False,2019-01-23 17:48:31,ignite,,2,0,1,1,1,0.0,2.0,31.0,2.0,11,11.0,10.0,done,133.0,,True,218.26124091941205,4.498011130657693,14.0,0.064143317159867,0.0,0.0,1.0,1.0,0.3333333333333333,12.0,0.0
c659f9cc07b1e051e4d7c4e133f1683581b7ba79,ignite,False,2019-01-25 00:30:46,ignite,,7,1,2,2,1,0.811278124459133,2.0,0.0,3.5,13,13.0,13.0,done,268.0,,False,195.94042086072125,4.447357390955838,7.5,0.0362862911731958,0.0,0.0,0.6666666666666666,0.5,0.375,12.0,0.0
40927800a62684d47c30d8bfb4082501b23486ce,ignite,False,2019-01-30 19:12:00,ignite,,4,1,2,1,1,0.7219280948873621,26.5,4.5,69.0,23,23.0,23.0,done,177.0,,False,450.1293502048083,4.030489501003165,60.0,0.133295018360167,0.0,0.0,1.0,2.0,0.3333333333333333,21.0,0.0
977108a7566ca56f4001289062a825a8f2a40667,ignite,True,2019-01-31 08:38:06,ignite,354.0,6,5,1,1,1,0.0,5.0,14.0,6.0,102,77.7499999999999,102.0,done,232.0,2020-01-20 17:24:24,True,174.39906754804508,4.768219745484268,9.0,0.0521815254374894,1.0,0.0,0.5833333333333333,1.0,0.1666666666666666,12.5,0.0
36532308292dcd8aa8139c4c2642f7f7b4640961,ignite,True,2019-02-01 01:50:58,ignite,561.0,7,3,2,2,1,0.881290899230693,17.5,9.5,84.5,19,19.0,19.0,done,5254.0,2020-08-15 22:27:05,True,1431.497754859429,5.0569261352185855,33.0,0.0268336330983427,0.5,0.0,0.6725571725571726,1.0,0.5583333333333333,27.0,0.0
15a3bd92373b06ddc70f4e80547b1a07e3f7031f,ignite,False,2019-02-01 20:22:08,ignite,,6,0,2,2,1,1.0,3.0,15.0,15.0,177,86.91666666666642,158.0,done,915.0,,True,3596.490475794191,5.478897670283866,68.0,0.0339292036644587,0.5,0.5,0.6916666666666667,3.5,0.2213675213675213,20.0,0.0016181229773462
d7c717c7b7834dbbd82ebdf232e9da1bb59b6abe,ignite,False,2019-02-04 01:52:39,ignite,,20,2,1,1,1,0.0,3.0,25.0,5.0,0,0.0,0.0,done,219.0,,False,477.7912193806817,4.9640393813067965,19.0,0.0397663230911359,0.0,0.0,0.8181818181818182,1.0,0.6363636363636364,19.0,0.0
42b4d28ccb76d8aa9b123a15c3c9a0fa2fdf5810,ignite,False,2019-02-04 20:51:11,ignite,,6,0,1,1,1,0.0,25.0,51.0,71.0,15,5.83333333333333,15.0,done,659.0,,False,328.27411308447785,5.029306217327771,16.0,0.0487397554734465,1.0,1.0,0.8181818181818182,2.0,0.2222222222222222,25.0,0.0
a7eb5cc243c89c9e4ccc807bd0a3db1c66f3f599,ignite,False,2019-02-05 14:46:19,ignite,,54,100,37,23,2,3.69193531165934,3.1081081081081097,60.027027027027,44.4864864864865,1,1.0,0.0,done,1592.0,,False,189.38048005235348,3.898998660162405,5.25,0.1113902732889127,0.0,0.0,1.0,1.25,0.0681818181818181,10.25,0.0
f62d66e80bbf552d04446f86fc7b1807a64b610b,ignite,False,2019-02-05 20:28:24,ignite,,2,83,5,5,1,1.6986530658620802,17.6,32.0,143.0,56,48.5,53.0,done,3969.0,,False,3305.7477631972097,5.503333658026547,86.0,0.027033687046609,1.0,0.0,0.7525252525252526,1.5,0.4568181818181818,24.0,0.0
a1ec83a826f1a87b88dd16f93d0ee3b3168439b9,ignite,False,2019-02-12 21:58:09,ignite,,3,0,1,1,1,0.0,48.0,3.0,213.0,25,25.0,25.0,done,5055.0,,True,1339.2418250750743,5.177815956677121,43.0,0.0321077188562189,1.0,0.0,0.5263157894736842,3.0,0.2857142857142857,17.0,0.0
f52031d4049cd38673c0c7d974d1a57764aeba2b,ignite,True,2019-02-13 22:20:51,ignite,288.0,2,1,1,1,1,0.0,8.0,18.0,12.0,1,1.0,1.0,done,182.0,2019-11-29 12:18:20,True,750.1751056422819,5.02947530090952,18.0,0.0239943979273863,2.0,0.0,0.3333333333333333,0.0,0.6363636363636364,21.0,0.0
224e747f42a1804ab8c6ee1796faff2a601f607e,ignite,False,2019-02-14 19:53:10,ignite,,9,0,1,1,1,0.0,22.0,9.0,45.0,39,32.0,38.0,done,2995.0,,False,3338.931904808687,5.838341855408939,89.0,0.0266552306358279,2.0,21.0,0.56,1.0,0.4444444444444444,17.0,0.0
3af0c944dafa37eaa2171b0e98d9a1dd75c50768,ignite,False,2019-02-14 22:53:38,ignite,,21,22,1,1,1,0.0,50.0,0.0,215.0,48,47.5,36.0,done,5050.0,,False,2676.4625454886514,5.161012262001815,81.33333333333333,0.0466537617040516,1.3333333333333333,2.0,0.4820062977957715,2.0,0.3676885130373502,19.333333333333332,0.0
74e5602671c80fb1b6c37aa5917a7bf0150ead7a,ignite,False,2019-02-14 23:04:21,ignite,,62,64,19,2,1,3.48191427169432,1.73684210526316,657.0,14.526315789473696,49,48.5,37.0,done,6695.0,,False,81.79470570797253,4.533701487958716,2.5,0.0160679314694277,0.0,0.0,0.3333333333333333,1.5,0.0,16.5,0.0
3c4d48bc72ff753e593d6975881e9bf66fba1b45,ignite,False,2019-02-15 18:22:33,ignite,,50,46,1,1,1,0.0,28.0,14.0,96.0,38,38.0,38.0,done,2772.0,,False,1225.482680866293,5.30270592967266,30.5,0.0248351355983757,0.0,0.0,0.6364468864468864,0.5,0.4919871794871795,21.0,0.0
6ab54b5ba1647a7940dcebfcc94f22513232e381,ignite,False,2019-02-16 05:29:50,ignite,,2,0,1,1,1,0.0,26.0,1.0,70.0,136,84.1666666666665,134.0,done,1173.0,,False,746.8920211008358,5.096093571199629,20.0,0.0267776324220497,1.0,8.0,0.5,2.0,0.2857142857142857,16.0,0.0
bc6dfe680e3f9f3aebf57b70035e5eb03d31687e,ignite,False,2019-02-20 18:38:42,ignite,,2,2,1,1,1,0.0,4.0,216.0,4.0,36,36.0,36.0,done,131.0,,False,24.896993759735608,3.789204954584215,1.0,0.0315464876785728,0.0,0.0,0.25,0.0,0.5,10.0,0.0
f3b56f38765151879811aa7866f42efd6a4cc20a,ignite,False,2019-02-22 03:04:34,ignite,,3,3,1,1,1,0.0,16.0,14.0,38.0,33,30.0,33.0,done,1227.0,,False,198.80869236481868,4.4103045799737295,9.0,0.0452696504008224,0.0,0.0,0.6666666666666666,1.0,0.5,15.0,0.0
025562fef8ffdd0f0d4ee34fd84ea114ffb765a5,ignite,False,2019-02-22 23:01:37,ignite,,48,37,8,5,1,2.16060672668852,6.625,134.375,30.125,51,50.5,38.0,done,8899.0,,False,1637.243945931178,5.29109341537617,30.333333333333332,0.0167334476275697,1.0,0.3333333333333333,0.7174358974358975,0.3333333333333333,0.3666666666666666,29.333333333333332,0.0
0282210b01691dd268ce66e650dfd25f54c261c1,ignite,True,2019-02-26 22:00:07,ignite,244.0,36,37,1,1,1,0.0,25.0,58.0,118.0,4,4.0,4.0,done,1818.0,2019-10-29 11:22:00,True,1183.6114890391575,4.615111274348982,35.333333333333336,0.0206157223254678,1.0,0.3333333333333333,0.3987455197132616,1.1666666666666667,0.2735507246376811,18.833333333333332,0.0
fb898be1be7ebada0929838b81eb45f31bf59833,ignite,False,2019-02-27 00:18:49,ignite,,65,101,4,2,1,1.9581928170103,1.75,47.0,11.25,65,60.5,54.0,done,418.0,,False,605.1055368184025,5.182031162790407,20.75,0.0340521895773872,0.0,0.0,0.8250631313131312,1.0,0.3181818181818182,29.0,0.0
0274af8d81b7c696e67235620fa192201d7d0c77,ignite,False,2019-02-28 00:37:06,ignite,,301,25,10,5,1,2.65581356788531,2.6,59.5,23.8,34,34.0,34.0,done,1653.0,,False,8212.9340355206,5.393881891085707,289.0,0.0351883990240378,1.0,0.0,0.875,3.0,0.3333333333333333,23.0,0.0
12d72e706e588ec4c85962f4d35dafe70231eb68,ignite,False,2019-02-28 21:08:16,ignite,,5,18,1,1,1,0.0,22.0,71.0,53.0,57,48.5,54.0,done,672.0,,False,610.8184206188988,4.865896498826304,33.0,0.0605246415784863,0.5,0.0,0.9230769230769232,1.0,0.5035714285714286,15.5,0.0
4ca2b1b4785dcf7d55825ea03d3379f431156282,ignite,False,2019-03-01 20:33:39,ignite,,2,0,1,1,1,0.0,5.0,22.0,7.0,24,24.0,24.0,done,96.0,,False,504.56092517451975,4.203271951568392,25.0,0.0495480302826717,0.0,0.0,1.0,0.0,0.6,24.0,0.0
b26bbb29d5fdd9d4de5187042778ebe3b8c6c42e,ignite,False,2019-03-04 08:03:16,ignite,,3,0,2,2,1,0.91829583405449,15.0,3.0,34.0,1,1.0,1.0,done,747.0,,False,891.8445706896127,5.243868668472521,22.0,0.0246679754780461,0.0,0.0,0.5555555555555556,1.0,0.3571428571428571,20.0,0.0
0f10617954da2972ef6e2c4e11751ab31c6d53a7,ignite,False,2019-03-04 19:56:36,ignite,,3,0,2,2,1,0.91829583405449,15.0,3.0,34.0,1,1.0,1.0,done,747.0,,True,891.8445706896127,5.243868668472521,22.0,0.0246679754780461,0.0,0.0,0.5555555555555556,1.0,0.3571428571428571,20.0,0.0
285be9a06a71825e67113b9e2fb79d8feb6f4a75,ignite,False,2019-03-05 16:15:59,ignite,,3,3,2,2,1,0.91829583405449,3.0,19.5,9.0,18,18.0,18.0,done,1574.0,,False,388.1721918497731,4.466874730267172,7.0,0.0181375151356888,0.5,0.0,0.4852941176470588,0.5,0.3333333333333333,25.0,0.0
2d7590dd1be6499fa98445fb77bcb698c3c2631c,ignite,False,2019-03-07 20:17:36,ignite,,10,0,1,1,1,0.0,59.0,30.0,547.0,35,32.0,35.0,done,7004.0,,True,1962.2895595435643,5.541138000095436,55.0,0.0280284832238485,1.0,1.0,0.6756756756756757,1.0,0.3333333333333333,22.0,0.0
113f034dabe186e5e387649601da8bbe1164782a,ignite,False,2019-03-18 18:50:43,ignite,,247,305,17,10,1,0.9363845387753308,0.529411764705882,34.1176470588235,1.1764705882352902,27,27.0,27.0,done,247.0,,False,737.8006331348747,5.078962897089,12.0,0.0175501268526018,0.6666666666666666,0.3333333333333333,0.6048732943469785,1.0,0.335978835978836,22.0,0.0
c69ff4ae96c412c31e29024a0ade37652e028bef,ignite,False,2019-03-21 19:20:38,ignite,,4,2,1,1,1,0.0,12.0,17.0,38.0,0,0.0,0.0,done,771.0,,False,85.83671966625712,4.248426788747655,4.0,0.0466001032606144,0.0,0.0,0.5,1.0,0.3333333333333333,13.0,0.0
68b220715cbed676ebf94aa6d55d627642d8b447,ignite,False,2019-03-23 00:24:34,ignite,,9,1,1,1,1,0.0,8.0,51.0,14.0,34,34.0,34.0,done,200.0,,False,428.11757972784216,4.68971310970798,19.0,0.0443803312446979,0.0,0.0,0.9230769230769232,0.0,0.25,14.0,0.0
b0199783902c605f55b84a2cce10e2091ad164cc,ignite,False,2019-03-23 00:44:55,ignite,,4,0,1,1,1,0.0,11.0,50.0,17.0,1922,581.983333333335,1392.0,done,93.0,,False,191.75555960140375,4.06002324800605,8.0,0.0417197812497814,0.0,0.0,0.75,0.0,0.6666666666666666,19.0,0.0
984998763a4d501431c5de00e83dcbae88f728b6,ignite,False,2019-03-25 17:17:32,ignite,,5,1,1,1,1,0.0,16.0,31.0,39.0,1923,581.0833333333339,1393.0,done,1227.0,,False,96.0,3.930416151741,4.0,0.0416666666666666,0.0,0.0,0.75,0.0,1.0,11.0,0.0
95c6c28a39d021f1a9e4843afa08dcb236cde33d,ignite,False,2019-03-27 20:54:19,ignite,,1,1,1,1,1,0.0,33.0,11.0,78.0,6,6.0,6.0,done,1505.0,,False,3100.273950047699,5.268642142554256,81.0,0.0261267234138305,0.0,0.0,0.8421052631578947,2.0,0.6,24.0,0.0
01c45aad5b19c29e810eb6373d53019d1f7d220d,ignite,False,2019-03-29 15:17:02,ignite,,56,3,6,5,1,1.98982178403647,0.833333333333333,21.8333333333333,2.1666666666666696,106,78.3333333333333,106.0,done,979.0,,False,28117.191640977413,5.271825584628764,690.0,0.0245401464275119,0.0,0.0,1.0,0.0,0.0416666666666666,19.0,0.0
924139d0a8929e46634f91c5be87c9b9dc2cbb11,ignite,False,2019-03-29 19:25:32,ignite,,4,9,1,1,1,0.0,13.0,52.0,16.0,17,7.83333333333333,17.0,done,3058.0,,False,780.9602413853296,5.133876177516972,32.0,0.0409751973330112,2.0,1.0,0.8235294117647058,2.0,0.5625,23.0,0.0
e1a2cb912cd6f5f689f8ab0058488a9dd489c49f,ignite,False,2019-04-03 19:28:11,ignite,,8,9,3,3,1,1.37928048729106,15.333333333333302,0.0,54.0,41,32.0,33.0,done,2810.0,,False,101.4998147513974,4.306305815670309,5.0,0.0677516769137397,0.5,0.0,0.5625,0.5,0.4666666666666667,16.5,0.0
fec34ea7141d4741d8b19023288020b168bda155,ignite,False,2019-04-03 20:53:34,ignite,,2,0,1,1,1,0.0,24.0,0.0,44.0,43,34.0,35.0,done,189.0,,False,559.6811735424678,4.162205534804408,62.0,0.1107773549136462,0.0,0.0,0.3333333333333333,1.0,0.3333333333333333,18.0,0.0
d9afbd1c3af27eaf791d7f5179bcf00f3f0b1f3e,ignite,False,2019-04-03 23:20:52,ignite,,4,0,2,2,1,1.0,18.5,0.0,61.5,45,36.0,37.0,done,3794.0,,False,798.5183624628316,5.3558533176257,34.5,0.0448380941088588,1.0,1.0,0.8214285714285714,0.0,0.4277777777777778,28.0,0.0
e306a3470da2083a578f6bc776fe853ec7dc062d,ignite,False,2019-04-05 02:11:12,ignite,,1,7,3,2,1,1.5612781244591298,17.6666666666667,0.0,79.3333333333333,47,38.0,39.0,done,8701.0,,False,1977.697018341592,4.999676965500801,47.5,0.0598027610552576,1.0,3.0,0.2786885245901639,3.0,0.199074074074074,20.5,0.0046948356807511
0af4fdf839fb1fb58e34a81bba473ec86792062b,ignite,True,2019-04-05 15:15:57,ignite,9.0,878,62,22,8,1,3.41148457194134,0.272727272727273,24.8181818181818,0.954545454545455,108,79.6666666666666,108.0,done,980.0,2019-04-15 07:40:05,False,30709.179712751127,5.289619614989355,743.0,0.0241947198508688,0.0,0.0,1.0,0.0,0.0389610389610389,19.0,0.0
394b104c9e20f25dc1a59fcb19843fae6d3f2603,ignite,False,2019-04-05 17:19:06,ignite,,4,2,2,1,1,0.91829583405449,41.0,1.0,387.0,49,40.0,41.0,done,7217.0,,False,695.7402962296851,4.337761770013366,24.5,0.0185284345209169,0.5,0.0,0.3571428571428571,3.0,0.1521739130434782,17.5,0.0
9c721f7f053f80558444fb38fe638c50018dabe3,ignite,False,2019-04-05 19:17:34,ignite,,129,26,9,5,1,2.53962316062826,0.555555555555556,8.0,2.6666666666666696,109,80.6666666666666,109.0,done,1043.0,,False,31271.526839956623,5.296524266186061,756.0,0.0241753465978525,0.0,0.0,1.0,0.0,0.0375,19.0,0.0
b6a07f65bba402e5bfa165957f526cee95098f44,ignite,False,2019-04-05 20:13:08,ignite,,216,13,8,6,1,2.3425406864557,0.625,0.0,3.375,110,81.6666666666666,110.0,done,1070.0,,False,31590.462949486984,5.297996596002888,762.0,0.0241212039601456,0.0,0.0,1.0,0.0,0.0375,19.0,0.0
f3e481f9dcc6d533fa83d08aef84d6211051792f,ignite,False,2019-04-05 20:45:15,ignite,,200,61,8,5,1,2.86176087571589,0.625,0.0,3.5,111,82.6666666666666,111.0,done,1076.0,,False,32120.67216808648,5.296994607746719,772.0,0.0240343662785183,0.0,0.0,1.0,0.0,0.0379746835443038,19.0,0.0
83c3703e00847eb2f52c05fe575c591af9bdbf0e,ignite,False,2019-04-05 22:31:15,ignite,,270,34,9,6,1,2.17431799334082,0.555555555555556,0.7777777777777779,4.11111111111111,112,83.6666666666666,112.0,done,1082.0,,False,33256.04516391349,5.297171036169656,793.0,0.0238452887615299,0.0,0.0,1.0,0.0,0.0379746835443038,19.0,0.0
cf6ce6cfd97619e74b3e89cab3fb157d43db8c07,ignite,False,2019-04-05 23:04:08,ignite,,158,2,8,6,1,2.08217405922005,0.625,0.0,4.875,113,84.6666666666666,113.0,done,1103.0,,False,33595.39916453578,5.301083100072445,801.0,0.0238425504658256,0.0,0.0,1.0,0.0,0.0375,19.0,0.0
c2a5d4581abc60287456b2d43f8b0a995e15288c,ignite,False,2019-04-06 00:23:46,ignite,,8,1,1,1,1,0.0,1.0,0.0,8.0,116,87.6666666666666,116.0,done,1111.0,,False,33962.57282551392,5.3011282190951485,808.0,0.0237908948815856,0.0,0.0,1.0,0.0,0.0375,19.0,0.0
23bd2663aef25b78de104dce171e5dab9d8b6422,ignite,False,2019-04-07 15:28:54,ignite,,2,5,2,2,1,0.985228136034252,17.5,2.5,42.0,55,46.0,45.0,done,2935.0,,False,41.51317942364757,4.351409765557392,4.0,0.0963549421059626,0.0,0.0,0.0,2.0,0.25,14.0,0.0
46592f4816a1dcd3c70ac1e21c07ef678d68d970,ignite,False,2019-04-09 01:31:32,ignite,,5,1,1,1,1,0.0,89.0,5.0,460.0,38,38.0,38.0,done,4346.0,,False,1225.5852626582434,5.339951994159718,22.0,0.0179506074936662,1.0,0.0,0.6956521739130435,1.0,0.3333333333333333,23.0,0.0
987c9b71b08b93f1d692b93e9d35e333b8a05156,ignite,False,2019-04-09 20:01:57,ignite,,6,4,2,2,1,0.7219280948873621,46.0,0.0,420.0,58,49.0,48.0,done,11737.0,,False,2828.6960439186214,5.4934612158581135,73.5,0.0306013873976414,1.5,3.0,0.6730158730158731,5.0,0.2567741935483871,27.5,0.0089285714285714
d01ea79e22726f1f07e1505c54a1586edfee70d8,ignite,False,2019-04-09 22:12:16,ignite,,11,13,1,1,1,0.0,79.0,0.0,667.0,59,50.0,49.0,done,6055.0,,False,507.8678141490756,4.5851005463717245,20.7,0.052928181116671,0.3,0.1,0.6722402597402597,2.5,0.5264932844932846,18.2,0.0
c48719c82bcd1a8854595292706944f4547f6974,ignite,False,2019-04-09 22:27:07,ignite,,8,9,3,2,1,0.834347023085254,19.3333333333333,0.0,88.3333333333333,61,52.0,50.0,done,9498.0,,False,136.05936032824957,4.014794569712527,8.75,0.0638658614006861,0.25,0.0,0.95,1.25,0.425,10.75,0.0
6d88e3731d38d79f8c200662cadd6e9297dfb18d,ignite,False,2019-04-10 18:16:14,ignite,,3,0,1,1,1,0.0,31.0,3.0,67.0,66,57.0,53.0,done,2932.0,,False,220.81007680238335,4.736707812552699,12.0,0.0543453458908016,1.0,0.0,0.8333333333333334,1.0,0.7777777777777778,13.0,0.0
438c9e1865d8ecfe0744621390452369f4676302,ignite,False,2019-04-10 19:29:56,ignite,,3,1,1,1,1,0.0,16.0,67.0,30.0,39,39.0,39.0,done,258.0,,False,1102.4162126771362,5.234066701978329,27.0,0.0244916572248447,1.0,0.0,0.4444444444444444,0.0,0.3,19.0,0.0
a167a064081329285eab6bb90db26ebd6f0ed344,ignite,False,2019-04-10 19:37:36,ignite,,27,3,2,1,1,0.353359335021421,28.0,19.5,195.0,41,41.0,41.0,done,8373.0,,False,2476.642611534977,5.323330016754177,61.0,0.0374523988947287,1.0,1.0,0.7051282051282051,10.5,0.2244680851063829,27.0,0.0
790fc419b164af3e8d500e17219dba9c44c8c8cf,ignite,False,2019-04-10 22:21:47,ignite,,46,43,3,3,1,1.27882036897828,29.0,2.0,266.66666666666697,69,60.0,55.0,done,9885.0,,False,373.0377006333248,4.57814842007693,17.393939393939394,0.0839815653989456,0.2121212121212121,0.0909090909090909,0.5748677248677249,2.6666666666666665,0.4196140775088143,17.09090909090909,0.0
23b6d58bdd92f1b499762ee296d7d9a96ea8418f,ignite,False,2019-04-14 04:34:52,ignite,,12,4,1,1,1,0.0,1.0,3.0,8.0,71,61.5,57.0,done,171.0,,False,255.23464938542065,4.636824316323243,2.0,0.0079634275937056,0.0,0.0,0.2,0.0,0.0,11.0,0.0
8a2a3d66569df67cc5c9bb111a4744ff11444a7b,ignite,False,2019-04-16 21:58:24,ignite,,0,20,1,1,1,0.0,1.0,2.0,9.0,72,62.5,58.0,done,179.0,,False,143.99621902516523,4.337229279913703,1.0,0.0072036310674493,0.0,0.0,0.1666666666666666,0.0,0.0,11.0,0.0
7b056f01711ce5f1465e27ca07f7c4c49674c166,ignite,False,2019-04-17 18:11:35,ignite,,21,3,2,1,1,0.954434002924965,4.5,24.0,15.0,12,12.0,12.0,done,1002.0,,False,2654.826395259929,5.110959982476357,86.0,0.0323938319106473,1.0,1.0,0.8571428571428571,1.0,0.2105263157894736,26.0,0.0
48e6719f1f7156126dcf0dce54fad58c73da2392,ignite,False,2019-04-17 19:57:04,ignite,,7,4,2,1,1,0.845350936622437,1.0,80.5,2.0,0,0.0,0.0,done,1425.0,,False,678.4101256435354,4.895476780000232,17.0,0.0332738556694381,1.0,1.0,0.7857142857142857,0.0,0.71875,18.5,0.0
34ca49abfdd40cb8a00172ed9d433c454a8febf7,ignite,True,2019-04-18 23:46:41,ignite,39.0,58,31,3,2,1,0.8941162948222711,30.6666666666667,3.0,313.66666666666697,4,4.0,4.0,done,9826.0,2019-05-28 18:43:54,False,489.480036260024,4.747540279805707,11.5,0.0255932010410463,0.0,0.0,0.5684523809523809,1.0,0.3173076923076923,22.0,0.0
c83806bad48dd60a9ebd8dd1a88b28fdb31088bb,ignite,False,2019-04-19 01:07:25,ignite,,2,28,1,1,1,0.0,7.0,65.0,7.0,11,11.0,11.0,done,190.0,,False,11.60964047443681,4.201841232302569,0.0,0.0,0.0,0.0,0.0,2.0,0.0,7.0,0.0
226e753504096e5a9d56e59b9344a316bbb7d541,ignite,False,2019-04-25 18:51:33,ignite,,121,1,4,4,1,1.9833957143184,4.5,111.75,26.75,1,1.0,1.0,done,866.0,,False,704.5000314897844,4.8263317364371,21.5,0.034039195199744,1.5,0.0,0.3701298701298701,2.0,0.5520833333333333,21.0,0.0
479f69c9e5995ee6299cb400f0b53a429faf5d96,ignite,False,2019-04-30 02:13:20,ignite,,3,0,1,1,1,0.0,19.0,89.0,48.0,64,63.5,46.0,done,1600.0,,True,1077.48092290131,5.3614271015379815,24.0,0.0222741762660407,1.0,0.0,0.7692307692307693,3.0,0.3571428571428571,22.0,0.0
6e9ec03659e5f35c0f18605079fbced1e42ad130,ignite,False,2019-05-22 17:33:52,ignite,,43,42,2,2,1,0.873981048127358,28.0,57.5,216.0,2,2.0,2.0,done,5440.0,,False,546.0406373418392,4.846809270139583,15.333333333333334,0.032786719328516,0.3333333333333333,0.3333333333333333,0.2638888888888889,0.3333333333333333,0.5396825396825397,16.333333333333332,0.0
1b6a92afe83b223e69297407c03ff466d24c10ab,ignite,True,2019-05-29 03:43:54,ignite,245.0,20,5,1,1,1,0.0,55.0,6.0,268.0,7,7.0,7.0,done,3684.0,2020-01-29 16:43:38,True,1023.8025282148373,5.279904582867532,24.0,0.02344202064225,0.0,0.0,0.72,1.0,0.4,29.0,0.0
0f12d3140a78fa9634c93fb2f73ada8d1b978f49,ignite,False,2019-06-10 17:00:12,ignite,,2,0,1,1,1,0.0,10.0,97.0,27.0,1,1.0,1.0,done,3618.0,,True,564.1243780580604,4.7992970624187965,22.0,0.0389984919207581,2.0,0.0,0.5,0.0,0.0,15.0,0.0
8977f0f587075d8befccbac38e7b13d87f719cfa,ignite,False,2019-06-16 01:23:23,ignite,,20,13,1,1,1,0.0,4.0,12.0,7.0,30,30.0,30.0,done,453.0,,False,1134.6805346718786,5.149964437680084,27.0,0.0237952438373394,0.0,0.0,0.4333333333333333,0.0,0.4444444444444444,23.0,0.0
a4686625c91d464bb07a4314a6f167c85a439c6d,ignite,False,2019-06-24 19:13:29,ignite,,28,21,2,2,1,0.6880476235340799,16.0,165.5,28.5,3,3.0,3.0,done,3333.0,,False,1740.599405283214,5.135346556416412,45.0,0.0258523927430104,0.5,0.0,0.6666666666666667,1.5,0.2291666666666666,23.5,0.0
1cc9412066af06ac95f09e29e542c012c2133443,ignite,False,2019-07-04 19:32:34,ignite,,1,0,1,1,1,0.0,55.0,12.0,421.0,13,13.0,13.0,done,5151.0,,False,1426.3994801235567,5.25843195460309,52.0,0.0364554255134022,1.0,3.0,0.5909090909090909,2.0,0.6666666666666666,20.0,0.0
2999cb9cf6a95eae34b1af5bd7328c0c78b2d361,ignite,False,2019-07-04 21:22:41,ignite,,1,3,2,2,1,0.811278124459133,10.0,172.5,17.0,0,0.0,0.0,done,133.0,,False,1068.0,5.483619356124361,23.0,0.0215355805243445,1.0,0.0,0.8125,0.0,0.0714285714285714,18.0,0.0
3479460b6fcf8a77c487d14e15f044aa2cbffef7,ignite,False,2019-07-05 22:37:01,ignite,,3,5,1,1,1,0.0,37.0,165.0,137.0,0,0.0,0.0,done,2685.0,,False,210.90827503317317,4.779239543936851,16.0,0.0758623624297501,0.0,0.0,1.0,3.0,0.375,25.0,0.0
3adfc10e22931bfa78f1bd6370c1aa9bea51e85a,ignite,False,2019-07-05 22:48:31,ignite,,7,3,1,1,1,0.0,57.0,0.0,424.0,14,14.0,14.0,done,5152.0,,False,6136.479074989451,5.525681142406569,125.0,0.0202938839968986,1.5,1.5,0.4781553398058252,1.5,0.4668560606060606,29.5,0.0
e5685248dc7f53388cfd6a30c8ecd4c98e833c18,ignite,False,2019-07-10 23:40:58,ignite,,4,0,1,1,1,0.0,13.0,141.0,18.0,33,33.0,33.0,done,461.0,,False,2042.6644968795476,5.492794254746543,53.0,0.0259465027570434,2.0,0.0,0.6875,0.0,0.4285714285714285,28.0,0.0
3333b99f8e7bbde3da59f876bb85b2f868c314c7,ignite,False,2019-07-11 19:09:30,ignite,,1,1,1,1,1,0.0,11.0,9.0,15.0,2,2.0,2.0,done,765.0,,False,2110.638511214444,5.642559585241635,62.0,0.0293749970307922,1.0,5.0,0.7307692307692307,2.0,0.3214285714285714,33.0,0.0
d595bcd69e7d9103ae6c6380148fa79ad6225048,ignite,False,2019-07-12 14:26:44,ignite,,13,35,2,2,1,0.482066148083093,7.5,106.5,8.5,35,35.0,35.0,done,179.0,,False,146.20378463198676,4.783010037084988,4.5,0.0365764212395447,0.0,0.0,0.5,1.75,0.3333333333333333,18.75,0.0
f7cfedd13d4f1f2cffa2c1da44150ca8d154004f,ignite,False,2019-07-20 04:33:50,ignite,,2,0,1,1,1,0.0,6.0,170.0,7.0,39,39.0,38.0,done,376.0,,True,39.86313713864835,4.081727678869736,0.0,0.0,0.0,0.0,0.3333333333333333,0.0,0.0,10.0,0.0
99fbecd078b27aa19db45eaaa38135043f36bb4e,ignite,False,2019-07-23 04:32:16,ignite,,11,2,1,1,1,0.0,12.0,11.0,16.0,3,3.0,3.0,done,765.0,,False,2144.1407098051495,5.609741605785104,65.0,0.0303151746071305,1.0,5.0,0.7931034482758621,2.0,0.3103448275862069,23.0,0.0
a7365445e53d24aa80a54127b5407cdbd30c20f8,ignite,False,2019-07-23 19:27:34,ignite,,29,0,2,2,1,0.797326510147442,38.0,10.0,156.5,5,5.0,5.0,done,2995.0,,False,434.1011803761678,5.03718963193955,25.0,0.0575902603589706,0.0,0.0,1.0,1.0,0.625,16.0,0.0
5b4d29c194bdec1cd7bcd6b0a69ed0287eb75e6d,ignite,False,2019-07-26 18:27:38,ignite,,25,4,2,2,1,0.8935711016541908,35.5,3.5,111.5,17,17.0,17.0,done,333.0,,False,218.5121493132276,4.3869850380729325,10.0,0.0457640457586888,0.0,0.0,0.8,4.0,0.4285714285714285,21.0,0.0
85af9c789a109f7f067145972a82693c7d28b4a9,ignite,False,2019-08-08 03:12:36,ignite,,2,5,1,1,1,0.0,52.0,22.0,225.0,357,105.283333333334,236.0,done,3001.0,,False,4051.337157227533,5.598599434180416,131.0,0.0323350032140123,1.0,0.0,0.9253731343283582,1.0,0.4871794871794871,26.0,0.0
d54a0bae02b85591a8a4ced456234b28032b5c77,ignite,False,2019-08-12 20:53:26,ignite,,4,0,1,1,1,0.0,32.0,0.0,240.0,413,164.0,359.0,done,3335.0,,True,376.4722502525251,4.90789919732849,15.0,0.0398435741012478,0.0,0.0,0.9,3.0,0.375,25.0,0.0
e95c7b1d394606255afeb7d1b9d280c0b5ffd470,ignite,True,2019-08-16 20:43:24,ignite,16.0,18,7,2,2,1,0.855450810560131,42.0,23.0,255.0,55,47.5,55.0,done,14463.0,2019-09-02 10:24:36,True,2490.4047742952052,5.210675994621978,82.0,0.0342324081594791,0.5,0.0,0.8382352941176471,1.5,0.5375,20.5,0.0
2e4a3a1a4d7792b1a0730415672cc606a9c27620,ignite,False,2019-09-10 23:38:59,ignite,,12,10,2,2,1,0.976020648236615,4.0,215.5,8.5,21,15.333333333333302,19.0,done,772.0,,False,324.51769109260783,4.731981584681244,13.75,0.0230083082029618,0.0,0.0,0.4160714285714285,0.5,0.2388888888888889,11.25,0.0
92173e1ffe301353fdcc71314a3077cd55083af7,ignite,False,2019-09-19 17:32:41,ignite,,34,6,2,2,1,0.954434002924965,21.5,13.0,75.0,21,21.0,21.0,done,5555.0,,True,1286.7852442598526,5.096318880480422,44.333333333333336,0.0420378001431713,0.3333333333333333,0.0,0.7436868686868686,1.0,0.6161387631975868,19.333333333333332,0.0
4d89b9aea48008aa9ae6da03465ce0cb3fa6dc03,ignite,False,2019-09-23 21:58:17,ignite,,1,1,1,1,1,0.0,28.0,16.0,100.0,63,25.716666666666693,53.0,done,1029.0,,False,10468.36229128799,5.680585955419819,244.0,0.0233083259072015,2.0,4.0,0.5970149253731343,0.0,0.4098360655737705,28.0,0.0
98f35bb338a9aff97f19ab2478158018bd835e1b,ignite,False,2019-10-04 17:04:04,ignite,,2,1,1,1,1,0.0,26.0,51.0,95.0,0,0.0,0.0,done,4324.0,,False,1441.6117717996478,4.981821044117435,57.0,0.0395390777982088,1.0,0.0,0.9230769230769232,3.0,0.5294117647058824,15.0,0.0
5933b4ec62de26ce25a8cc1a5be9ba4fcab7befc,ignite,False,2019-10-09 00:26:33,ignite,,65,42,2,2,1,0.608669675577957,20.0,22.0,79.5,64,26.716666666666693,54.0,done,5548.0,,False,1281.40135233489,5.328905971499166,37.5,0.0290488290382309,2.5,0.0,0.7015669515669516,1.5,0.2047619047619047,22.0,0.0
2b5bb149a367826a607d13ca4873ea3db6351f21,ignite,False,2019-10-11 19:08:14,ignite,,5,5,4,3,1,1.92192809488736,13.0,64.5,61.25,74,50.1666666666667,71.0,done,7087.0,,False,451.305196182407,4.6145594724176355,18.2,0.0534464576567003,0.0,0.0,0.8338095238095239,1.6,0.4693162393162393,18.2,0.1428571428571428
b04b14bbe6bb173391507eaed2de28997b180485,ignite,False,2019-10-16 00:01:54,ignite,,12,1,1,1,1,0.0,57.0,0.0,434.0,114,60.16666666666679,111.0,done,5210.0,,False,3916.621755590982,5.646085992139818,109.0,0.0278301063523436,2.0,3.0,0.64,2.0,0.3125,25.0,0.0
26698ed250471ff273cf1f10aac9cb35dacbce4a,ignite,False,2019-11-14 19:30:55,ignite,,4,3,1,1,1,0.0,3.0,377.0,6.0,0,0.0,0.0,done,252.0,,False,1405.7836905248066,5.366049774280885,53.0,0.0377013905889134,1.0,0.0,0.9047619047619048,1.0,0.5833333333333334,22.0,0.0
6ed0330129439a953bc81fb3ae4324d84152b847,ignite,False,2019-11-15 22:30:15,ignite,,35,6,1,1,1,0.0,31.0,56.0,64.0,32,20.0,32.0,done,1789.0,,False,750.6191457914451,4.986018224833263,19.0,0.0278194755298236,1.3333333333333333,0.3333333333333333,0.3716699155295646,0.0,0.2314814814814814,21.0,0.0
250f4a0eda21149efdc32cee5a125ac27c4383ab,ignite,False,2019-11-22 22:32:09,ignite,,1,1,1,1,1,0.0,1.0,35.0,1.0,9,7.83333333333333,9.0,done,65.0,,False,162.53496664211536,4.917860401063825,4.0,0.0246100890327653,0.0,0.0,0.8,2.0,0.0,15.0,0.0
20571410eaf1776b532ea686be464f0b2a831813,ignite,False,2019-12-17 01:12:59,ignite,,10,6,1,1,1,0.0,1.0,7.0,1.0,1945,482.7333333333391,1409.0,done,243.0,,False,372.0661782734357,4.984318486231674,24.666666666666668,0.0670619293687455,1.0,0.0,0.8214285714285715,0.6666666666666666,0.5753968253968255,18.0,0.0
dec87bff617fea241bc7426d19335c465858b946,ignite,False,2019-12-20 20:06:22,ignite,,3,2,1,1,1,0.0,16.0,66.0,20.0,28,13.666666666666698,28.0,done,2103.0,,False,330.875200092308,4.9719010897345735,16.0,0.0483566009043177,0.0,0.0,1.0,1.0,0.6666666666666666,15.0,0.0
89cf2656adc628e89f907c2c02769f927acafc2d,ignite,False,2019-12-24 19:12:43,ignite,,9,6,2,2,1,0.91829583405449,9.0,386.5,11.5,0,0.0,0.0,done,2566.0,,False,2207.11343254251,5.567574908177798,71.5,0.0329628959708442,1.5,1.0,0.7922794117647058,3.0,0.3269230769230769,28.5,0.0
