CountDeclMethodPrivate,CountDeclMethodDefault,AvgEssential,CountDeclClassVariable,CountDeclClassMethod,AvgLineComment,AvgCyclomaticModified,CountDeclClass,CountDeclMethodProtected,CountDeclInstanceVariable,CountDeclMethodPublic,RatioCommentToCode,AvgLineBlank,PercentLackOfCohesion,MaxInheritanceTree,CountClassDerived,CountClassCoupled,CountClassBase,CountInput_Mean,CountInput_Min,CountOutput_Mean,CountOutput_Min,MaxNesting_Min,OWN_LINE,OWN_COMMIT,MAJOR_LINE,target
0.0,0.0,1.0,0.0,0.0,0.0,1.0,1.0,1.0,1.0,3.0,0.96,0.0,50.0,4.0,0.0,3.0,2.0,1.25,0.0,2.0,1.0,0.0,0.98,0.0,1.0,0
0.0,0.0,1.0,0.0,0.0,0.0,1.0,1.0,2.0,4.0,19.0,0.33,0.0,88.0,1.0,2.0,5.0,3.0,1.9,0.0,1.71,1.0,0.0,0.92,1.0,1.0,0
0.0,0.0,1.0,0.0,0.0,0.0,2.0,2.0,4.0,9.0,13.0,0.21,0.0,84.0,1.0,2.0,3.0,2.0,2.88,0.0,2.65,0.0,0.0,0.89,0.0,0.0,0
0.0,0.0,1.0,0.0,0.0,0.0,1.0,1.0,0.0,0.0,4.0,1.11,0.0,0.0,2.0,0.0,3.0,2.0,1.5,0.0,2.5,2.0,0.0,0.94,0.0,0.0,0
0.0,0.0,1.0,0.0,0.0,0.0,1.0,1.0,1.0,0.0,0.0,1.5,0.0,0.0,2.0,0.0,1.0,1.0,3.0,3.0,3.0,3.0,0.0,0.95,0.0,0.0,0
0.0,0.0,1.0,1.0,0.0,2.0,1.0,4.0,2.0,5.0,5.0,0.4,2.0,66.0,2.0,0.0,3.0,2.0,2.14,0.0,5.57,1.0,0.0,0.85,0.0,0.0,0
1.0,0.0,1.0,1.0,2.0,4.0,2.0,1.0,7.0,6.0,9.0,0.53,0.0,88.0,2.0,5.0,1.0,1.0,2.94,1.0,3.53,1.0,0.0,0.43,1.0,0.0,0
0.0,0.0,2.0,1.0,0.0,4.0,2.0,3.0,3.0,3.0,5.0,0.48,1.0,75.0,2.0,0.0,3.0,2.0,2.12,0.0,3.12,1.0,0.0,1.0,0.0,0.0,0
0.0,0.0,1.0,0.0,0.0,10.0,2.0,1.0,2.0,0.0,1.0,1.57,1.0,0.0,3.0,0.0,1.0,1.0,2.0,1.0,3.0,2.0,0.0,1.0,0.0,0.0,0
0.0,17.0,1.0,0.0,0.0,4.0,1.0,1.0,0.0,0.0,0.0,3.11,0.0,0.0,0.0,1.0,0.0,0.0,1.0,1.0,0.06,0.0,0.0,1.0,0.0,0.0,0
6.0,1.0,1.0,5.0,3.0,4.0,2.0,7.0,21.0,62.0,142.0,0.75,0.0,97.0,1.0,2.0,60.0,9.0,5.15,0.0,3.14,0.0,0.0,0.53,1.0,4.0,1
3.0,0.0,2.0,0.0,0.0,2.0,2.0,2.0,3.0,9.0,8.0,0.61,0.0,76.0,1.0,0.0,6.0,3.0,2.93,0.0,3.36,0.0,0.0,0.66,0.0,2.0,0
0.0,0.0,1.0,0.0,0.0,10.0,1.0,1.0,1.0,0.0,3.0,4.59,0.0,0.0,3.0,0.0,2.0,2.0,3.5,1.0,1.75,1.0,0.0,0.56,0.0,1.0,0
0.0,0.0,1.0,1.0,0.0,0.0,2.0,1.0,2.0,7.0,5.0,0.24,0.0,73.0,1.0,0.0,12.0,3.0,4.0,2.0,4.14,1.0,0.0,0.8,0.0,0.0,0
0.0,0.0,1.0,1.0,0.0,0.0,1.0,1.0,0.0,0.0,2.0,1.75,0.0,100.0,3.0,0.0,3.0,1.0,2.5,0.0,1.5,1.0,0.0,0.82,0.0,0.0,0
0.0,0.0,1.0,1.0,0.0,0.0,1.0,1.0,0.0,0.0,2.0,2.0,0.0,100.0,2.0,0.0,0.0,1.0,2.0,2.0,1.0,1.0,0.0,0.58,0.0,0.0,0
1.0,0.0,1.0,0.0,0.0,0.0,3.0,1.0,0.0,4.0,3.0,0.29,1.0,56.0,1.0,0.0,4.0,2.0,3.75,2.0,7.25,2.0,0.0,1.0,1.0,0.0,0
0.0,6.0,1.0,0.0,0.0,2.0,1.0,1.0,0.0,0.0,0.0,2.79,0.0,0.0,3.0,1.0,0.0,1.0,0.17,0.0,0.67,0.0,0.0,0.91,0.0,0.0,0
0.0,0.0,1.0,0.0,0.0,0.0,1.0,1.0,0.0,1.0,60.0,0.1,0.0,0.0,1.0,15.0,26.0,2.0,3.43,1.0,1.42,1.0,0.0,0.34,0.0,1.0,1
0.0,0.0,1.0,0.0,0.0,0.0,1.0,1.0,0.0,0.0,2.0,2.1,0.0,0.0,2.0,5.0,0.0,2.0,0.5,0.0,2.0,2.0,0.0,0.8,0.0,0.0,0
0.0,0.0,1.0,0.0,0.0,0.0,1.0,1.0,0.0,1.0,60.0,0.1,0.0,6.0,1.0,1.0,27.0,2.0,0.98,0.0,1.35,1.0,0.0,0.39,0.0,1.0,1
0.0,0.0,1.0,0.0,0.0,1.0,1.0,1.0,0.0,1.0,2.0,2.0,0.0,0.0,2.0,1.0,0.0,1.0,2.0,2.0,3.5,2.0,0.0,0.71,0.0,0.0,0
0.0,20.0,1.0,0.0,0.0,0.0,1.0,1.0,0.0,0.0,0.0,0.67,0.0,0.0,1.0,1.0,0.0,1.0,0.0,0.0,0.55,0.0,0.0,0.76,0.0,2.0,0
0.0,0.0,1.0,0.0,0.0,1.0,1.0,1.0,2.0,9.0,45.0,0.41,0.0,91.0,1.0,5.0,9.0,2.0,2.32,0.0,1.13,0.0,0.0,0.73,0.0,2.0,0
0.0,0.0,1.0,1.0,0.0,0.0,1.0,1.0,3.0,4.0,4.0,0.5,0.0,51.0,3.0,0.0,8.0,1.0,3.14,0.0,3.0,1.0,0.0,0.66,0.0,0.0,0
0.0,34.0,1.0,1.0,0.0,1.0,1.0,1.0,0.0,0.0,12.0,1.06,0.0,100.0,1.0,2.0,15.0,2.0,3.39,1.0,0.41,0.0,0.0,0.62,1.0,1.0,1
0.0,0.0,1.0,0.0,0.0,0.0,1.0,1.0,0.0,0.0,1.0,4.0,0.0,0.0,1.0,0.0,2.0,2.0,0.0,0.0,1.0,1.0,0.0,0.79,0.0,0.0,0
0.0,0.0,1.0,0.0,0.0,0.0,1.0,1.0,0.0,1.0,3.0,1.64,0.0,0.0,1.0,0.0,1.0,2.0,1.33,1.0,1.0,1.0,0.0,0.84,0.0,0.0,0
0.0,0.0,1.0,1.0,0.0,1.0,1.0,1.0,0.0,39.0,85.0,0.41,0.0,97.0,2.0,0.0,28.0,1.0,2.64,1.0,2.2,1.0,0.0,0.64,0.67,3.0,1
0.0,0.0,1.0,0.0,0.0,5.0,1.0,1.0,0.0,0.0,1.0,2.9,0.0,0.0,1.0,0.0,4.0,2.0,0.0,0.0,2.0,2.0,0.0,0.52,0.0,0.0,0
0.0,1.0,2.0,2.0,0.0,2.0,3.0,4.0,9.0,14.0,30.0,0.24,0.0,89.0,2.0,2.0,26.0,2.0,4.03,0.0,5.48,0.0,0.0,0.53,0.5,2.0,1
0.0,0.0,1.0,0.0,0.0,0.0,2.0,1.0,2.0,0.0,3.0,0.48,0.0,0.0,2.0,1.0,15.0,1.0,3.2,0.0,4.6,1.0,0.0,0.32,1.0,1.0,1
0.0,0.0,1.0,0.0,0.0,0.0,2.0,2.0,1.0,2.0,5.0,0.44,0.0,60.0,1.0,0.0,3.0,2.0,2.0,0.0,3.67,0.0,0.0,0.69,0.0,0.0,0
0.0,0.0,1.0,0.0,0.0,0.0,1.0,1.0,1.0,2.0,2.0,0.92,0.0,33.0,2.0,0.0,4.0,1.0,3.33,2.0,3.67,3.0,0.0,0.83,0.0,0.0,0
0.0,0.0,1.0,1.0,0.0,0.0,2.0,1.0,0.0,7.0,58.0,0.09,0.0,87.0,3.0,0.0,25.0,2.0,3.91,1.0,4.6,1.0,0.0,0.91,0.0,2.0,0
0.0,0.0,1.0,1.0,0.0,0.0,2.0,1.0,0.0,1.0,3.0,0.84,0.0,50.0,3.0,0.0,2.0,1.0,2.0,1.0,3.0,1.0,0.0,1.0,0.0,0.0,0
0.0,0.0,1.0,0.0,0.0,1.0,1.0,1.0,0.0,1.0,3.0,1.8,0.0,0.0,1.0,0.0,2.0,2.0,1.33,1.0,1.33,1.0,0.0,0.86,0.0,0.0,0
0.0,1.0,1.0,0.0,0.0,9.0,1.0,1.0,0.0,0.0,0.0,6.4,0.0,0.0,0.0,3.0,0.0,0.0,1.0,1.0,0.0,0.0,0.0,0.57,0.0,0.0,0
0.0,0.0,1.0,2.0,0.0,0.0,1.0,1.0,1.0,0.0,7.0,0.67,0.0,93.0,4.0,0.0,2.0,2.0,3.25,0.0,1.5,1.0,0.0,0.61,0.0,0.0,0
1.0,0.0,1.0,1.0,0.0,1.0,2.0,1.0,0.0,1.0,9.0,0.28,0.0,65.0,4.0,0.0,8.0,2.0,5.6,0.0,4.4,1.0,0.0,0.57,0.0,2.0,0
0.0,0.0,1.0,0.0,0.0,0.0,1.0,1.0,0.0,4.0,20.0,0.47,0.0,87.0,1.0,24.0,2.0,2.0,5.4,0.0,1.15,1.0,0.0,0.81,0.0,0.0,0
0.0,0.0,0.0,0.0,0.0,0.0,0.0,1.0,0.0,68.0,0.0,0.99,0.0,0.0,0.0,0.0,0.0,0.0,0.0,0.0,0.0,0.0,0.0,0.65,0.0,2.0,0
1.0,0.0,1.0,1.0,0.0,2.0,1.0,1.0,0.0,9.0,24.0,0.7,0.0,88.0,2.0,0.0,6.0,1.0,16.04,1.0,1.68,1.0,0.0,0.38,0.0,1.0,0
0.0,0.0,1.0,1.0,0.0,0.0,1.0,1.0,0.0,1.0,5.0,1.21,0.0,60.0,3.0,0.0,1.0,1.0,9.4,1.0,1.2,1.0,0.0,0.48,0.0,0.0,0
0.0,0.0,1.0,1.0,0.0,0.0,1.0,1.0,0.0,1.0,7.0,1.0,0.0,71.0,1.0,0.0,2.0,2.0,8.0,0.0,1.29,1.0,0.0,0.45,0.0,0.0,0
0.0,0.0,1.0,1.0,0.0,0.0,1.0,1.0,0.0,4.0,14.0,0.46,0.0,75.0,2.0,0.0,2.0,2.0,7.29,0.0,1.71,1.0,0.0,0.53,0.0,0.0,0
0.0,0.0,2.0,2.0,1.0,0.0,2.0,1.0,1.0,2.0,11.0,0.35,0.0,79.0,1.0,0.0,6.0,3.0,7.5,0.0,2.42,1.0,0.0,0.96,0.0,2.0,0
0.0,0.0,1.0,1.0,0.0,1.0,1.0,1.0,0.0,2.0,9.0,0.97,0.0,66.0,2.0,0.0,4.0,1.0,6.33,1.0,1.56,1.0,0.0,1.0,0.0,0.0,0
1.0,0.0,1.0,1.0,1.0,0.0,1.0,1.0,0.0,5.0,16.0,0.32,0.0,76.0,2.0,0.0,2.0,3.0,8.35,0.0,2.12,1.0,0.0,0.63,0.0,0.0,0
2.0,0.0,2.0,1.0,18.0,1.0,2.0,7.0,7.0,1.0,29.0,0.19,0.0,100.0,2.0,5.0,6.0,2.0,2.39,0.0,2.42,0.0,0.0,0.54,0.0,2.0,0
0.0,0.0,3.0,2.0,1.0,0.0,3.0,1.0,0.0,0.0,4.0,0.5,0.0,75.0,1.0,4.0,9.0,2.0,9.0,1.0,4.5,1.0,0.0,0.66,1.0,1.0,0
0.0,1.0,1.0,0.0,0.0,3.0,1.0,1.0,0.0,0.0,0.0,4.8,0.0,0.0,0.0,5.0,1.0,0.0,13.0,13.0,1.0,1.0,0.0,0.51,0.0,0.0,0
0.0,0.0,1.0,0.0,2.0,0.0,2.0,3.0,0.0,0.0,9.0,0.6,1.0,0.0,2.0,2.0,1.0,2.0,2.22,0.0,1.67,1.0,0.0,0.58,0.0,0.0,0
1.0,0.0,2.0,1.0,7.0,1.0,2.0,6.0,0.0,1.0,25.0,0.28,0.0,82.0,2.0,4.0,4.0,2.0,2.04,0.0,2.54,1.0,0.0,0.61,0.0,0.0,0
0.0,2.0,1.0,0.0,0.0,5.0,1.0,1.0,0.0,0.0,0.0,4.14,0.0,0.0,2.0,2.0,0.0,1.0,1.0,1.0,0.5,0.0,0.0,1.0,0.0,0.0,0
0.0,0.0,1.0,0.0,0.0,0.0,2.0,1.0,1.0,0.0,1.0,1.17,0.0,0.0,2.0,2.0,0.0,1.0,1.5,1.0,2.5,1.0,0.0,0.57,0.0,0.0,0
0.0,0.0,1.0,0.0,0.0,0.0,1.0,1.0,0.0,1.0,4.0,0.78,0.0,25.0,1.0,0.0,3.0,2.0,3.5,1.0,3.25,2.0,0.0,0.53,0.0,0.0,0
0.0,1.0,1.0,0.0,0.0,0.0,1.0,1.0,0.0,2.0,3.0,1.05,0.0,12.0,1.0,0.0,1.0,2.0,2.75,2.0,2.0,1.0,0.0,1.0,0.0,0.0,0
11.0,10.0,1.0,8.0,2.0,1.0,2.0,1.0,0.0,26.0,30.0,0.18,0.0,92.0,1.0,0.0,10.0,3.0,4.61,0.0,4.67,1.0,0.0,0.78,0.0,0.0,0
1.0,1.0,1.0,2.0,0.0,0.0,2.0,1.0,1.0,14.0,16.0,0.12,0.0,81.0,1.0,0.0,6.0,1.0,6.47,1.0,4.53,1.0,0.0,0.56,0.0,0.0,0
0.0,6.0,1.0,2.0,0.0,0.0,3.0,1.0,0.0,5.0,0.0,0.22,0.0,52.0,1.0,0.0,9.0,1.0,8.0,4.0,8.17,2.0,0.0,0.55,0.0,0.0,0
6.0,0.0,1.0,5.0,0.0,0.0,2.0,2.0,0.0,18.0,46.0,0.14,0.0,92.0,1.0,0.0,16.0,2.0,3.56,1.0,4.56,1.0,0.0,0.52,0.0,1.0,1
0.0,9.0,1.0,0.0,0.0,1.0,1.0,1.0,0.0,0.0,0.0,3.0,0.0,0.0,0.0,1.0,1.0,0.0,1.89,0.0,1.0,1.0,0.0,0.72,0.0,0.0,0
0.0,3.0,1.0,0.0,0.0,3.0,1.0,1.0,0.0,0.0,0.0,5.0,0.0,0.0,0.0,2.0,0.0,0.0,4.0,4.0,1.0,1.0,0.0,0.57,0.0,0.0,0
0.0,3.0,1.0,0.0,0.0,0.0,1.0,1.0,0.0,0.0,0.0,3.17,0.0,0.0,0.0,1.0,0.0,0.0,1.0,1.0,0.0,0.0,0.0,0.38,0.0,0.0,0
0.0,4.0,1.0,0.0,0.0,1.0,1.0,1.0,0.0,0.0,0.0,2.64,0.0,0.0,0.0,2.0,3.0,0.0,1.0,1.0,0.5,0.0,0.0,0.42,0.0,0.0,0
0.0,0.0,1.0,0.0,0.0,0.0,1.0,1.0,0.0,1.0,7.0,0.81,0.0,14.0,1.0,0.0,0.0,2.0,1.57,0.0,1.86,1.0,0.0,0.65,0.0,0.0,0
0.0,1.0,1.0,0.0,0.0,4.0,1.0,1.0,0.0,0.0,0.0,5.0,0.0,0.0,0.0,1.0,0.0,0.0,1.0,1.0,1.0,1.0,0.0,1.0,0.0,0.0,0
0.0,0.0,1.0,2.0,0.0,5.0,2.0,1.0,4.0,17.0,17.0,0.53,0.0,88.0,3.0,0.0,4.0,3.0,3.76,1.0,5.43,1.0,0.0,0.86,0.0,0.0,0
0.0,0.0,1.0,0.0,0.0,4.0,1.0,1.0,0.0,0.0,7.0,1.91,1.0,0.0,3.0,0.0,4.0,1.0,2.57,0.0,1.14,1.0,0.0,0.54,0.0,0.0,0
0.0,0.0,1.0,0.0,0.0,5.0,1.0,1.0,0.0,0.0,7.0,1.26,1.0,0.0,3.0,0.0,5.0,1.0,2.57,0.0,4.14,1.0,0.0,0.53,0.0,1.0,0
0.0,0.0,1.0,0.0,0.0,4.0,1.0,1.0,0.0,0.0,7.0,0.87,1.0,0.0,3.0,0.0,8.0,1.0,2.57,0.0,8.57,1.0,0.0,0.53,0.0,1.0,0
0.0,0.0,1.0,0.0,0.0,5.0,1.0,1.0,0.0,0.0,7.0,1.09,1.0,0.0,2.0,0.0,5.0,1.0,2.57,0.0,4.86,1.0,0.0,0.57,0.0,1.0,0
0.0,0.0,1.0,0.0,0.0,4.0,1.0,1.0,0.0,0.0,7.0,1.49,1.0,0.0,3.0,4.0,4.0,1.0,5.43,0.0,2.29,1.0,0.0,0.56,0.0,1.0,0
0.0,0.0,1.0,0.0,0.0,5.0,2.0,1.0,0.0,0.0,7.0,0.95,2.0,0.0,4.0,0.0,4.0,1.0,2.57,0.0,3.29,1.0,0.0,0.97,0.0,1.0,0
0.0,0.0,1.0,0.0,0.0,5.0,1.0,1.0,0.0,0.0,7.0,1.09,1.0,0.0,2.0,0.0,5.0,1.0,2.57,0.0,4.86,1.0,0.0,0.97,0.0,1.0,0
0.0,0.0,1.0,0.0,0.0,5.0,2.0,1.0,0.0,0.0,5.0,0.28,4.0,0.0,3.0,1.0,10.0,1.0,4.4,4.0,35.8,33.0,0.0,0.98,0.0,1.0,0
0.0,0.0,1.0,0.0,0.0,4.0,1.0,1.0,0.0,0.0,7.0,1.33,1.0,0.0,2.0,1.0,4.0,1.0,3.29,0.0,3.86,1.0,0.0,0.96,0.0,1.0,0
0.0,0.0,1.0,0.0,0.0,4.0,1.0,1.0,0.0,0.0,7.0,1.36,1.0,0.0,3.0,0.0,4.0,1.0,2.57,0.0,3.0,1.0,0.0,0.95,0.0,1.0,0
0.0,0.0,1.0,0.0,0.0,4.0,1.0,1.0,0.0,0.0,7.0,1.07,1.0,0.0,2.0,0.0,5.0,1.0,2.57,0.0,5.43,1.0,0.0,0.92,1.0,2.0,0
0.0,0.0,1.0,0.0,0.0,5.0,2.0,1.0,0.0,0.0,7.0,0.39,2.0,0.0,3.0,0.0,8.0,1.0,2.57,0.0,16.57,1.0,0.0,1.0,0.0,0.0,0
0.0,0.0,1.0,0.0,0.0,4.0,1.0,1.0,0.0,0.0,7.0,1.3,1.0,0.0,2.0,0.0,4.0,1.0,2.57,0.0,3.43,1.0,0.0,1.0,0.0,0.0,0
0.0,0.0,1.0,0.0,0.0,5.0,1.0,1.0,0.0,0.0,7.0,1.13,1.0,0.0,2.0,0.0,5.0,1.0,2.57,0.0,4.86,1.0,0.0,1.0,0.0,0.0,0
0.0,0.0,1.0,0.0,0.0,5.0,3.0,1.0,0.0,0.0,5.0,0.24,5.0,0.0,3.0,1.0,10.0,1.0,4.4,4.0,38.8,36.0,0.0,0.97,0.0,1.0,0
0.0,0.0,1.0,0.0,0.0,4.0,1.0,1.0,0.0,0.0,7.0,1.45,1.0,0.0,3.0,0.0,5.0,1.0,2.57,0.0,2.71,1.0,0.0,1.0,0.0,0.0,0
0.0,0.0,1.0,0.0,0.0,4.0,1.0,1.0,0.0,0.0,7.0,1.2,1.0,0.0,3.0,0.0,6.0,1.0,2.57,0.0,4.57,1.0,0.0,1.0,0.0,0.0,0
0.0,0.0,1.0,0.0,0.0,4.0,1.0,1.0,0.0,0.0,7.0,1.38,1.0,0.0,3.0,0.0,5.0,1.0,2.57,0.0,4.0,1.0,0.0,1.0,0.0,0.0,0
0.0,0.0,1.0,0.0,0.0,4.0,1.0,1.0,0.0,0.0,7.0,0.97,1.0,0.0,3.0,0.0,5.0,1.0,2.57,0.0,6.71,1.0,0.0,1.0,0.0,0.0,0
0.0,0.0,1.0,0.0,0.0,4.0,1.0,1.0,0.0,0.0,7.0,1.38,1.0,0.0,2.0,0.0,4.0,1.0,2.57,0.0,3.43,1.0,0.0,1.0,0.0,0.0,0
0.0,0.0,1.0,0.0,0.0,4.0,1.0,1.0,0.0,0.0,7.0,1.27,1.0,0.0,2.0,0.0,5.0,1.0,2.57,0.0,5.14,1.0,0.0,1.0,0.0,0.0,0
0.0,0.0,1.0,0.0,0.0,4.0,1.0,1.0,0.0,0.0,7.0,1.15,1.0,0.0,3.0,0.0,7.0,1.0,2.57,0.0,5.86,1.0,0.0,1.0,0.0,0.0,0
0.0,0.0,1.0,0.0,0.0,4.0,1.0,1.0,0.0,0.0,7.0,1.41,1.0,0.0,3.0,0.0,5.0,1.0,2.57,0.0,3.86,1.0,0.0,1.0,0.0,0.0,0
0.0,0.0,1.0,0.0,0.0,4.0,1.0,1.0,0.0,0.0,7.0,1.55,1.0,0.0,3.0,0.0,5.0,1.0,2.57,0.0,2.71,1.0,0.0,1.0,0.0,0.0,0
0.0,0.0,1.0,1.0,0.0,6.0,1.0,1.0,0.0,0.0,1.0,2.69,0.0,0.0,1.0,0.0,2.0,2.0,2.0,2.0,3.0,3.0,0.0,1.0,1.0,0.0,0
0.0,0.0,1.0,2.0,1.0,0.0,1.0,1.0,1.0,6.0,15.0,0.35,0.0,85.0,1.0,0.0,0.0,3.0,6.31,1.0,1.38,1.0,0.0,0.74,1.0,1.0,0
0.0,0.0,1.0,0.0,0.0,0.0,1.0,1.0,0.0,3.0,7.0,0.79,0.0,57.0,1.0,0.0,0.0,1.0,1.71,1.0,1.43,1.0,0.0,1.0,0.0,0.0,0
0.0,4.0,1.0,1.0,0.0,1.0,2.0,5.0,2.0,15.0,27.0,0.15,0.0,83.0,2.0,1.0,21.0,2.0,4.58,0.0,6.76,0.0,0.0,0.66,0.0,1.0,0
5.0,1.0,1.0,6.0,0.0,1.0,2.0,4.0,10.0,44.0,80.0,0.15,0.0,96.0,1.0,0.0,42.0,4.0,2.98,0.0,3.58,1.0,0.0,0.63,0.6,4.0,1
0.0,0.0,1.0,7.0,0.0,1.0,3.0,1.0,0.0,1.0,3.0,0.57,2.0,79.0,2.0,0.0,1.0,1.0,2.33,1.0,5.67,1.0,0.0,0.67,1.0,0.0,0
0.0,0.0,1.0,0.0,0.0,0.0,2.0,1.0,0.0,0.0,1.0,1.77,2.0,0.0,3.0,0.0,1.0,1.0,1.0,1.0,4.0,4.0,1.0,0.9,1.0,1.0,0
0.0,0.0,1.0,2.0,0.0,1.0,1.0,1.0,1.0,10.0,27.0,0.36,0.0,89.0,2.0,1.0,6.0,2.0,1.75,1.0,1.68,1.0,0.0,0.57,1.0,3.0,1
0.0,0.0,1.0,0.0,0.0,6.0,1.0,1.0,0.0,0.0,2.0,1.06,0.0,0.0,1.0,0.0,3.0,2.0,1.5,1.0,9.0,8.0,0.0,0.77,0.0,0.0,0
3.0,0.0,1.0,3.0,0.0,0.0,2.0,1.0,7.0,12.0,27.0,0.15,0.0,92.0,1.0,1.0,25.0,2.0,2.7,0.0,3.14,0.0,0.0,0.66,0.5,2.0,1
0.0,0.0,1.0,0.0,0.0,1.0,3.0,1.0,3.0,4.0,13.0,0.17,0.0,62.0,3.0,0.0,15.0,2.0,4.38,1.0,7.0,1.0,0.0,0.56,0.0,0.0,0
0.0,0.0,1.0,0.0,0.0,0.0,1.0,1.0,0.0,2.0,14.0,0.44,0.0,46.0,1.0,0.0,4.0,1.0,3.93,2.0,2.29,1.0,0.0,0.65,0.0,0.0,0
0.0,6.0,1.0,0.0,0.0,0.0,1.0,16.0,0.0,3.0,57.0,0.1,0.0,95.0,3.0,1.0,23.0,2.0,2.94,0.0,4.02,0.0,0.0,0.96,0.5,3.0,0
0.0,0.0,1.0,1.0,1.0,0.0,2.0,1.0,1.0,4.0,22.0,0.25,0.0,86.0,1.0,0.0,12.0,2.0,0.91,0.0,1.65,0.0,0.0,0.48,0.0,2.0,0
0.0,1.0,1.0,0.0,0.0,4.0,1.0,1.0,0.0,0.0,0.0,5.0,0.0,0.0,0.0,2.0,1.0,0.0,1.0,1.0,1.0,1.0,0.0,0.5,0.0,0.0,0
0.0,9.0,1.0,0.0,0.0,9.0,1.0,1.0,0.0,0.0,0.0,6.18,0.0,0.0,2.0,9.0,4.0,1.0,3.67,3.0,0.33,0.0,0.0,0.43,0.0,1.0,0
0.0,1.0,1.0,0.0,0.0,0.0,1.0,1.0,0.0,0.0,0.0,2.29,0.0,0.0,0.0,1.0,3.0,0.0,6.0,6.0,0.0,0.0,0.0,0.52,0.0,0.0,0
0.0,0.0,1.0,0.0,0.0,0.0,1.0,1.0,0.0,0.0,3.0,2.11,0.0,0.0,1.0,16.0,0.0,1.0,0.67,0.0,0.0,0.0,0.0,0.52,0.0,0.0,0
0.0,0.0,1.0,1.0,0.0,2.0,3.0,1.0,1.0,0.0,0.0,0.64,6.0,0.0,2.0,0.0,5.0,1.0,3.0,3.0,8.0,8.0,2.0,0.36,0.0,1.0,0
0.0,0.0,1.0,0.0,0.0,1.0,1.0,1.0,0.0,0.0,5.0,0.42,0.0,0.0,2.0,0.0,11.0,1.0,1.6,1.0,3.6,1.0,0.0,0.53,0.0,1.0,0
0.0,0.0,1.0,0.0,0.0,4.0,1.0,1.0,0.0,0.0,7.0,5.17,0.0,0.0,0.0,2.0,0.0,0.0,1.14,0.0,0.0,0.0,0.0,1.0,0.0,0.0,0
0.0,0.0,1.0,1.0,0.0,1.0,3.0,4.0,16.0,20.0,12.0,0.11,3.0,90.0,1.0,0.0,49.0,2.0,7.04,3.0,9.21,1.0,0.0,0.85,0.5,3.0,1
0.0,0.0,1.0,0.0,0.0,0.0,1.0,1.0,1.0,1.0,2.0,0.81,0.0,33.0,4.0,0.0,7.0,2.0,1.67,0.0,2.33,1.0,0.0,0.58,0.0,0.0,0
0.0,4.0,1.0,3.0,0.0,0.0,3.0,1.0,0.0,8.0,7.0,0.15,1.0,77.0,1.0,0.0,17.0,1.0,4.18,1.0,5.45,1.0,0.0,0.62,0.67,0.0,0
0.0,0.0,1.0,0.0,0.0,0.0,1.0,1.0,0.0,2.0,21.0,0.39,0.0,45.0,1.0,14.0,2.0,3.0,3.57,1.0,1.67,1.0,0.0,0.4,0.0,1.0,0
0.0,0.0,1.0,0.0,0.0,3.0,1.0,1.0,0.0,1.0,3.0,2.62,0.0,0.0,1.0,0.0,0.0,2.0,1.33,1.0,1.0,1.0,0.0,0.68,0.0,0.0,0
0.0,0.0,1.0,5.0,0.0,4.0,2.0,1.0,0.0,2.0,8.0,0.72,0.0,66.0,1.0,0.0,0.0,1.0,3.0,0.0,2.38,1.0,0.0,0.72,0.0,0.0,0
2.0,0.0,1.0,0.0,45.0,0.0,1.0,1.0,0.0,0.0,44.0,0.09,0.0,0.0,1.0,0.0,1.0,1.0,3.43,0.0,2.35,0.0,0.0,1.0,0.0,0.0,0
0.0,0.0,1.0,0.0,0.0,0.0,1.0,1.0,0.0,3.0,13.0,0.41,0.0,64.0,1.0,0.0,0.0,1.0,3.77,1.0,1.54,1.0,0.0,0.82,0.0,0.0,0
0.0,0.0,1.0,1.0,0.0,0.0,1.0,1.0,3.0,4.0,4.0,0.25,1.0,54.0,5.0,0.0,7.0,2.0,2.71,1.0,5.86,2.0,0.0,1.0,0.0,0.0,0
0.0,0.0,1.0,0.0,0.0,3.0,1.0,1.0,0.0,0.0,1.0,2.0,0.0,0.0,2.0,0.0,2.0,1.0,0.0,0.0,5.0,5.0,0.0,0.97,0.0,1.0,0
0.0,0.0,1.0,2.0,0.0,2.0,2.0,1.0,1.0,4.0,1.0,0.21,6.0,41.0,5.0,0.0,5.0,1.0,4.0,3.0,21.0,12.0,0.0,0.57,0.5,0.0,0
0.0,0.0,1.0,0.0,0.0,0.0,1.0,1.0,0.0,0.0,5.0,0.48,0.0,0.0,2.0,0.0,5.0,1.0,0.0,0.0,7.2,6.0,0.0,0.67,0.0,1.0,0
0.0,0.0,1.0,0.0,2.0,0.0,1.0,1.0,0.0,0.0,3.0,0.88,1.0,0.0,5.0,0.0,6.0,1.0,0.67,0.0,4.0,2.0,0.0,1.0,1.0,0.0,0
0.0,0.0,1.0,1.0,0.0,0.0,1.0,3.0,0.0,1.0,4.0,0.3,1.0,0.0,3.0,0.0,4.0,2.0,1.5,1.0,7.5,2.0,0.0,1.0,1.0,0.0,0
0.0,0.0,1.0,3.0,1.0,1.0,2.0,1.0,12.0,6.0,7.0,0.13,4.0,76.0,5.0,1.0,13.0,1.0,4.89,0.0,9.68,1.0,0.0,0.74,0.33,3.0,0
0.0,0.0,1.0,0.0,0.0,0.0,2.0,1.0,2.0,0.0,0.0,0.76,2.0,0.0,5.0,0.0,6.0,1.0,0.5,0.0,5.0,4.0,0.0,0.6,0.0,0.0,0
0.0,0.0,1.0,0.0,0.0,0.0,1.0,1.0,1.0,0.0,9.0,0.29,1.0,0.0,7.0,0.0,5.0,1.0,0.9,0.0,2.9,2.0,0.0,0.81,0.0,0.0,0
0.0,0.0,1.0,0.0,0.0,0.0,1.0,1.0,1.0,0.0,0.0,0.95,3.0,0.0,3.0,0.0,3.0,1.0,0.0,0.0,9.0,9.0,0.0,1.0,0.0,0.0,0
0.0,0.0,1.0,0.0,0.0,0.0,1.0,1.0,1.0,0.0,0.0,2.22,0.0,0.0,3.0,0.0,1.0,1.0,0.0,0.0,3.0,3.0,0.0,1.0,0.0,0.0,0
0.0,0.0,1.0,1.0,0.0,7.0,3.0,1.0,0.0,0.0,3.0,0.36,9.0,0.0,5.0,0.0,3.0,1.0,5.0,3.0,16.0,13.0,0.0,0.91,1.0,0.0,0
0.0,0.0,1.0,0.0,0.0,0.0,1.0,1.0,1.0,0.0,8.0,0.26,1.0,0.0,6.0,1.0,0.0,1.0,3.56,0.0,6.56,3.0,0.0,0.76,0.0,1.0,0
0.0,0.0,1.0,0.0,0.0,3.0,3.0,1.0,3.0,6.0,2.0,0.4,0.0,70.0,2.0,1.0,3.0,1.0,3.2,0.0,6.0,1.0,0.0,1.0,0.0,0.0,0
0.0,0.0,1.0,0.0,0.0,0.0,1.0,1.0,6.0,1.0,1.0,0.43,1.0,71.0,5.0,0.0,4.0,1.0,1.0,0.0,3.86,1.0,0.0,1.0,1.0,0.0,0
2.0,0.0,1.0,4.0,0.0,1.0,2.0,4.0,0.0,15.0,8.0,0.16,1.0,66.0,2.0,0.0,5.0,2.0,4.8,2.0,6.5,2.0,0.0,0.93,1.0,0.0,0
2.0,4.0,1.0,3.0,0.0,0.0,2.0,2.0,5.0,9.0,1.0,0.26,0.0,80.0,2.0,0.0,9.0,1.0,3.0,1.0,4.58,1.0,0.0,1.0,1.0,0.0,0
0.0,0.0,1.0,0.0,0.0,0.0,2.0,2.0,0.0,0.0,2.0,0.25,7.0,0.0,1.0,0.0,11.0,2.0,1.0,1.0,14.0,3.0,0.0,1.0,1.0,0.0,0
1.0,2.0,1.0,5.0,1.0,0.0,2.0,4.0,2.0,20.0,13.0,0.19,0.0,83.0,4.0,2.0,9.0,3.0,3.39,0.0,4.72,0.0,0.0,1.0,0.5,1.0,0
0.0,0.0,1.0,0.0,0.0,0.0,2.0,2.0,1.0,0.0,2.0,0.53,0.0,0.0,5.0,0.0,2.0,2.0,0.67,0.0,4.0,2.0,0.0,0.75,0.0,0.0,0
3.0,0.0,1.0,3.0,2.0,0.0,2.0,1.0,0.0,0.0,5.0,0.18,0.0,66.0,1.0,0.0,3.0,1.0,2.0,0.0,5.38,1.0,0.0,1.0,1.0,0.0,0
3.0,0.0,1.0,3.0,0.0,2.0,2.0,2.0,0.0,4.0,4.0,0.27,2.0,88.0,2.0,0.0,6.0,2.0,2.14,0.0,6.43,1.0,0.0,0.84,0.0,0.0,0
0.0,0.0,1.0,0.0,0.0,3.0,2.0,1.0,2.0,1.0,1.0,0.97,1.0,0.0,2.0,0.0,2.0,1.0,1.0,0.0,2.33,1.0,0.0,0.59,0.0,0.0,0
1.0,0.0,3.0,1.0,1.0,9.0,6.0,1.0,0.0,0.0,1.0,0.67,2.0,50.0,1.0,0.0,0.0,1.0,3.5,0.0,6.0,1.0,0.0,0.65,0.0,0.0,0
0.0,0.0,1.0,0.0,0.0,3.0,1.0,1.0,11.0,6.0,0.0,0.82,0.0,81.0,4.0,31.0,5.0,1.0,10.45,2.0,3.0,1.0,0.0,0.76,1.0,2.0,0
1.0,0.0,1.0,1.0,0.0,2.0,1.0,1.0,2.0,0.0,7.0,0.2,8.0,90.0,2.0,0.0,2.0,1.0,1.5,0.0,7.9,1.0,0.0,1.0,0.0,1.0,0
0.0,0.0,1.0,0.0,0.0,3.0,1.0,1.0,3.0,0.0,0.0,1.88,0.0,0.0,5.0,0.0,0.0,1.0,0.33,0.0,1.67,1.0,0.0,0.54,0.0,0.0,0
0.0,0.0,1.0,0.0,0.0,0.0,1.0,1.0,1.0,0.0,0.0,2.71,0.0,0.0,4.0,0.0,0.0,1.0,0.0,0.0,2.0,2.0,0.0,0.41,0.0,0.0,0
3.0,0.0,1.0,0.0,1.0,7.0,1.0,3.0,6.0,1.0,10.0,0.68,2.0,35.0,3.0,2.0,3.0,1.0,2.53,0.0,8.89,1.0,0.0,0.61,0.0,1.0,0
0.0,0.0,1.0,1.0,0.0,4.0,3.0,1.0,8.0,13.0,2.0,0.5,1.0,84.0,3.0,2.0,0.0,2.0,4.2,0.0,4.5,0.0,0.0,0.57,0.0,2.0,0
0.0,0.0,1.0,0.0,0.0,1.0,1.0,1.0,1.0,0.0,3.0,0.75,3.0,0.0,3.0,1.0,3.0,1.0,1.0,0.0,2.25,1.0,0.0,0.63,0.0,0.0,0
0.0,0.0,1.0,0.0,1.0,2.0,5.0,1.0,0.0,1.0,2.0,0.57,1.0,50.0,2.0,0.0,2.0,1.0,6.0,2.0,5.0,4.0,0.0,1.0,0.0,0.0,0
0.0,0.0,1.0,0.0,0.0,0.0,1.0,1.0,1.0,0.0,0.0,1.0,0.0,0.0,3.0,0.0,3.0,1.0,4.0,4.0,5.0,5.0,0.0,1.0,0.0,0.0,0
0.0,4.0,1.0,1.0,0.0,2.0,2.0,1.0,2.0,4.0,4.0,0.53,0.0,68.0,2.0,0.0,5.0,1.0,2.5,0.0,3.2,1.0,0.0,0.54,0.0,0.0,0
0.0,1.0,1.0,1.0,0.0,1.0,3.0,1.0,0.0,5.0,2.0,0.32,1.0,38.0,2.0,0.0,5.0,1.0,5.0,2.0,8.33,1.0,0.0,0.62,0.0,0.0,0
0.0,0.0,2.0,4.0,0.0,1.0,3.0,3.0,0.0,6.0,3.0,0.4,3.0,33.0,2.0,0.0,2.0,2.0,6.67,5.0,11.33,9.0,2.0,0.97,0.0,2.0,0
0.0,0.0,1.0,0.0,0.0,0.0,1.0,1.0,0.0,1.0,3.0,1.5,0.0,0.0,4.0,0.0,0.0,1.0,1.33,1.0,1.67,1.0,0.0,0.63,0.0,0.0,0
0.0,0.0,1.0,0.0,0.0,0.0,1.0,1.0,1.0,0.0,1.0,0.84,2.0,0.0,3.0,0.0,3.0,1.0,2.0,0.0,4.0,2.0,0.0,0.68,0.0,0.0,0
0.0,0.0,1.0,1.0,0.0,0.0,1.0,1.0,1.0,0.0,1.0,1.71,0.0,100.0,6.0,0.0,1.0,1.0,1.0,0.0,2.0,1.0,0.0,0.52,0.0,0.0,0
0.0,0.0,1.0,1.0,0.0,0.0,1.0,1.0,1.0,0.0,1.0,1.71,0.0,100.0,7.0,0.0,1.0,1.0,1.5,1.0,1.5,1.0,0.0,0.52,0.0,1.0,0
0.0,0.0,1.0,1.0,0.0,0.0,1.0,1.0,1.0,0.0,1.0,1.62,0.0,100.0,4.0,0.0,1.0,1.0,1.0,0.0,2.5,2.0,0.0,0.52,0.0,0.0,0
0.0,0.0,1.0,1.0,0.0,0.0,1.0,1.0,1.0,0.0,1.0,1.62,0.0,100.0,5.0,0.0,1.0,1.0,1.0,0.0,3.5,2.0,0.0,0.54,0.0,0.0,0
0.0,0.0,1.0,1.0,0.0,0.0,1.0,1.0,1.0,0.0,1.0,1.53,0.0,100.0,4.0,0.0,1.0,1.0,1.0,0.0,3.5,3.0,0.0,1.0,0.0,0.0,0
0.0,0.0,1.0,1.0,0.0,0.0,1.0,1.0,1.0,0.0,1.0,1.53,0.0,100.0,5.0,0.0,1.0,1.0,1.0,0.0,4.5,3.0,0.0,0.53,0.0,0.0,0
0.0,0.0,1.0,0.0,0.0,0.0,1.0,1.0,1.0,0.0,0.0,2.6,1.0,0.0,4.0,3.0,1.0,1.0,4.0,4.0,2.0,2.0,0.0,1.0,0.0,0.0,0
0.0,0.0,1.0,0.0,0.0,0.0,1.0,1.0,1.0,0.0,0.0,2.18,1.0,0.0,4.0,23.0,1.0,1.0,24.0,24.0,3.0,3.0,0.0,1.0,0.0,0.0,0
0.0,0.0,1.0,1.0,0.0,0.0,1.0,1.0,1.0,0.0,1.0,1.59,0.0,100.0,4.0,0.0,1.0,1.0,1.0,0.0,3.5,2.0,0.0,1.0,0.0,0.0,0
0.0,0.0,1.0,1.0,0.0,0.0,1.0,1.0,1.0,0.0,1.0,1.5,0.0,100.0,4.0,0.0,1.0,1.0,1.0,0.0,4.0,3.0,0.0,1.0,0.0,0.0,0
0.0,0.0,1.0,0.0,0.0,0.0,2.0,1.0,1.0,0.0,0.0,0.4,1.0,0.0,5.0,1.0,4.0,1.0,2.0,2.0,40.0,40.0,1.0,0.8,0.0,0.0,0
0.0,0.0,1.0,1.0,0.0,0.0,1.0,1.0,1.0,0.0,1.0,1.59,0.0,100.0,5.0,0.0,1.0,1.0,1.0,0.0,3.5,2.0,0.0,0.98,1.0,1.0,0
0.0,0.0,1.0,1.0,0.0,0.0,1.0,1.0,1.0,0.0,1.0,1.2,1.0,100.0,4.0,0.0,2.0,1.0,1.5,0.0,3.0,2.0,0.0,1.0,0.0,0.0,0
0.0,0.0,1.0,1.0,0.0,0.0,1.0,1.0,1.0,0.0,1.0,1.59,0.0,100.0,5.0,0.0,1.0,1.0,1.0,0.0,4.0,3.0,0.0,1.0,0.0,0.0,0
0.0,0.0,1.0,0.0,0.0,0.0,1.0,1.0,1.0,0.0,0.0,2.18,1.0,0.0,4.0,24.0,1.0,1.0,25.0,25.0,3.0,3.0,0.0,1.0,0.0,0.0,0
0.0,0.0,1.0,1.0,0.0,0.0,2.0,1.0,1.0,0.0,1.0,0.78,0.0,100.0,5.0,0.0,1.0,1.0,1.0,0.0,8.5,2.0,0.0,1.0,0.0,0.0,0
0.0,0.0,1.0,1.0,0.0,0.0,1.0,1.0,1.0,0.0,1.0,1.33,0.0,100.0,5.0,0.0,1.0,1.0,1.0,0.0,4.5,3.0,0.0,1.0,0.0,0.0,0
0.0,0.0,1.0,0.0,0.0,0.0,1.0,1.0,3.0,0.0,0.0,1.0,0.0,0.0,3.0,8.0,1.0,1.0,2.0,1.0,2.67,2.0,0.0,0.33,0.0,0.0,0
0.0,0.0,1.0,1.0,0.0,0.0,1.0,1.0,3.0,1.0,0.0,0.62,1.0,50.0,6.0,0.0,2.0,1.0,1.67,1.0,4.0,2.0,0.0,0.57,0.0,0.0,0
0.0,0.0,1.0,1.0,0.0,1.0,2.0,1.0,0.0,0.0,1.0,0.41,8.0,0.0,2.0,0.0,2.0,1.0,3.0,3.0,13.0,13.0,1.0,0.78,1.0,0.0,0
0.0,0.0,1.0,1.0,2.0,1.0,1.0,1.0,3.0,2.0,4.0,0.28,1.0,85.0,6.0,0.0,13.0,1.0,1.71,0.0,5.29,1.0,0.0,0.51,0.0,0.0,0
2.0,0.0,1.0,1.0,0.0,1.0,2.0,5.0,2.0,11.0,19.0,0.24,0.0,85.0,4.0,0.0,7.0,2.0,1.91,0.0,2.74,0.0,0.0,0.99,0.0,2.0,0
3.0,0.0,1.0,0.0,3.0,0.0,1.0,1.0,3.0,0.0,2.0,0.21,1.0,0.0,7.0,0.0,6.0,1.0,1.5,0.0,4.5,1.0,0.0,0.98,1.0,1.0,0
3.0,0.0,1.0,1.0,0.0,0.0,2.0,2.0,2.0,3.0,4.0,0.17,0.0,72.0,2.0,0.0,3.0,2.0,1.44,0.0,4.67,0.0,0.0,0.99,0.0,1.0,0
0.0,0.0,1.0,0.0,0.0,1.0,2.0,2.0,1.0,1.0,3.0,0.52,0.0,0.0,5.0,0.0,2.0,1.0,1.5,1.0,4.0,2.0,0.0,0.56,1.0,0.0,0
0.0,0.0,1.0,0.0,1.0,1.0,1.0,1.0,3.0,0.0,2.0,0.51,1.0,0.0,5.0,0.0,11.0,1.0,0.6,0.0,4.2,0.0,0.0,0.71,0.0,0.0,0
0.0,0.0,1.0,0.0,0.0,0.0,2.0,2.0,4.0,3.0,4.0,0.23,0.0,61.0,2.0,0.0,2.0,2.0,1.75,0.0,4.88,2.0,0.0,0.81,0.0,0.0,0
4.0,0.0,2.0,1.0,0.0,1.0,3.0,3.0,2.0,21.0,5.0,0.18,0.0,78.0,2.0,0.0,5.0,1.0,5.45,0.0,6.55,1.0,0.0,1.0,0.0,0.0,0
2.0,0.0,1.0,1.0,2.0,0.0,2.0,8.0,3.0,9.0,12.0,0.09,1.0,81.0,4.0,0.0,11.0,2.0,2.41,0.0,6.82,1.0,0.0,0.63,0.78,0.0,0
0.0,0.0,1.0,0.0,0.0,0.0,1.0,1.0,1.0,0.0,0.0,3.17,0.0,0.0,4.0,0.0,0.0,1.0,0.0,0.0,1.0,1.0,0.0,0.73,0.0,0.0,0
0.0,0.0,1.0,3.0,0.0,1.0,2.0,2.0,6.0,8.0,5.0,0.19,0.0,86.0,3.0,0.0,6.0,2.0,2.91,0.0,5.45,1.0,0.0,0.72,0.0,0.0,0
0.0,0.0,1.0,1.0,0.0,10.0,1.0,1.0,0.0,0.0,1.0,0.48,15.0,0.0,3.0,0.0,1.0,1.0,3.0,3.0,20.0,20.0,0.0,0.76,0.0,0.0,0
0.0,0.0,1.0,1.0,0.0,0.0,2.0,2.0,1.0,8.0,2.0,0.26,3.0,44.0,2.0,0.0,2.0,2.0,6.67,1.0,11.0,2.0,1.0,0.77,0.0,1.0,0
0.0,0.0,1.0,0.0,0.0,4.0,1.0,1.0,2.0,0.0,1.0,1.5,0.0,0.0,2.0,0.0,1.0,1.0,0.0,0.0,2.0,1.0,0.0,0.52,0.0,0.0,0
3.0,0.0,1.0,2.0,0.0,0.0,2.0,4.0,1.0,16.0,20.0,0.14,0.0,76.0,2.0,0.0,2.0,2.0,4.08,2.0,3.88,1.0,0.0,1.0,0.0,0.0,0
0.0,1.0,1.0,1.0,2.0,0.0,1.0,2.0,0.0,0.0,2.0,0.84,0.0,50.0,1.0,15.0,1.0,1.0,5.0,1.0,2.33,1.0,0.0,1.0,1.0,0.0,0
0.0,0.0,1.0,0.0,0.0,0.0,1.0,1.0,3.0,1.0,3.0,0.36,1.0,16.0,2.0,0.0,7.0,1.0,1.17,1.0,6.17,1.0,0.0,0.66,0.5,1.0,0
0.0,0.0,1.0,0.0,0.0,0.0,1.0,1.0,1.0,0.0,0.0,1.73,0.0,0.0,6.0,0.0,2.0,1.0,0.0,0.0,5.0,5.0,0.0,0.53,0.0,0.0,0
2.0,0.0,1.0,1.0,0.0,0.0,2.0,1.0,3.0,2.0,7.0,0.21,0.0,61.0,5.0,0.0,2.0,1.0,2.17,0.0,5.0,1.0,0.0,0.49,0.0,0.0,0
0.0,0.0,2.0,0.0,0.0,0.0,2.0,1.0,0.0,2.0,5.0,0.51,0.0,40.0,1.0,0.0,0.0,2.0,4.6,1.0,2.0,1.0,0.0,1.0,0.0,0.0,0
0.0,0.0,0.0,96.0,0.0,0.0,0.0,1.0,0.0,0.0,0.0,1.17,0.0,0.0,1.0,0.0,0.0,1.0,0.0,0.0,0.0,0.0,0.0,1.0,1.0,0.0,0
0.0,3.0,1.0,0.0,0.0,6.0,1.0,1.0,0.0,0.0,0.0,5.5,0.0,0.0,2.0,2.0,1.0,1.0,1.33,1.0,0.0,0.0,0.0,1.0,1.0,0.0,0
0.0,0.0,1.0,0.0,1.0,0.0,2.0,1.0,0.0,2.0,6.0,0.3,1.0,33.0,2.0,0.0,3.0,1.0,1.67,1.0,3.5,1.0,0.0,1.0,0.0,0.0,0
1.0,0.0,1.0,0.0,0.0,0.0,4.0,2.0,17.0,5.0,12.0,0.05,1.0,90.0,3.0,2.0,0.0,2.0,2.23,0.0,5.63,0.0,0.0,1.0,0.0,0.0,0
1.0,0.0,1.0,0.0,0.0,0.0,4.0,1.0,3.0,1.0,3.0,0.14,1.0,57.0,3.0,0.0,1.0,1.0,2.14,1.0,6.43,1.0,0.0,1.0,0.0,0.0,0
0.0,0.0,1.0,5.0,0.0,0.0,2.0,1.0,0.0,0.0,4.0,0.69,1.0,70.0,2.0,0.0,1.0,1.0,3.5,3.0,3.5,2.0,0.0,0.62,0.0,1.0,0
1.0,0.0,1.0,0.0,2.0,0.0,4.0,1.0,3.0,4.0,2.0,0.29,1.0,70.0,2.0,1.0,0.0,1.0,4.67,1.0,5.67,1.0,0.0,0.67,0.0,0.0,0
0.0,0.0,1.0,3.0,0.0,0.0,2.0,1.0,4.0,5.0,11.0,0.16,0.0,89.0,5.0,1.0,7.0,1.0,2.33,0.0,4.33,1.0,0.0,0.45,1.0,1.0,1
1.0,0.0,2.0,2.0,0.0,0.0,3.0,1.0,8.0,4.0,1.0,0.22,1.0,83.0,2.0,1.0,7.0,1.0,3.3,1.0,4.4,1.0,0.0,0.5,1.0,2.0,1
0.0,0.0,1.0,0.0,0.0,0.0,1.0,1.0,1.0,3.0,7.0,0.51,0.0,62.0,3.0,0.0,1.0,1.0,1.38,0.0,1.38,1.0,0.0,0.89,0.0,0.0,0
0.0,0.0,1.0,0.0,0.0,2.0,2.0,2.0,4.0,4.0,8.0,0.79,0.0,100.0,2.0,2.0,1.0,1.0,2.58,0.0,2.0,1.0,0.0,1.0,1.0,0.0,0
0.0,0.0,1.0,0.0,0.0,2.0,2.0,1.0,2.0,1.0,2.0,0.84,0.0,0.0,3.0,0.0,0.0,1.0,2.25,1.0,2.75,1.0,0.0,1.0,1.0,0.0,0
0.0,0.0,1.0,0.0,2.0,0.0,1.0,1.0,4.0,0.0,2.0,0.56,0.0,0.0,7.0,1.0,2.0,1.0,0.67,0.0,2.5,1.0,0.0,0.5,1.0,0.0,0
0.0,0.0,1.0,0.0,0.0,0.0,1.0,1.0,2.0,0.0,0.0,1.25,0.0,0.0,6.0,0.0,0.0,1.0,0.0,0.0,1.5,1.0,0.0,1.0,0.0,0.0,0
0.0,0.0,1.0,1.0,0.0,0.0,1.0,1.0,2.0,0.0,1.0,0.86,0.0,66.0,6.0,0.0,3.0,1.0,1.33,0.0,2.67,1.0,0.0,0.52,0.0,0.0,0
0.0,0.0,1.0,0.0,1.0,0.0,2.0,1.0,0.0,3.0,7.0,0.47,0.0,61.0,1.0,0.0,0.0,1.0,2.29,1.0,2.0,1.0,0.0,0.71,0.0,0.0,0
0.0,0.0,1.0,0.0,0.0,0.0,1.0,1.0,1.0,0.0,4.0,0.79,0.0,0.0,2.0,0.0,1.0,2.0,2.6,0.0,2.2,2.0,0.0,0.66,0.0,0.0,0
0.0,0.0,1.0,0.0,0.0,3.0,1.0,1.0,1.0,2.0,5.0,1.19,0.0,33.0,1.0,0.0,1.0,1.0,3.17,0.0,1.67,1.0,0.0,0.56,0.0,1.0,0
0.0,0.0,1.0,0.0,0.0,0.0,1.0,1.0,0.0,7.0,25.0,0.22,0.0,77.0,1.0,0.0,0.0,4.0,2.92,1.0,1.92,1.0,0.0,0.9,0.0,2.0,0
0.0,0.0,1.0,1.0,0.0,9.0,1.0,1.0,0.0,0.0,4.0,3.81,0.0,100.0,2.0,0.0,0.0,1.0,2.0,1.0,1.0,1.0,0.0,0.81,0.0,0.0,0
1.0,0.0,1.0,2.0,0.0,0.0,1.0,2.0,7.0,4.0,8.0,0.33,0.0,80.0,5.0,0.0,9.0,2.0,1.88,0.0,2.5,0.0,0.0,0.96,0.5,1.0,0
0.0,0.0,1.0,3.0,0.0,1.0,1.0,2.0,1.0,1.0,6.0,0.3,2.0,100.0,2.0,0.0,6.0,2.0,2.43,1.0,4.86,2.0,0.0,0.4,0.0,1.0,0
0.0,0.0,1.0,0.0,0.0,1.0,1.0,1.0,0.0,1.0,2.0,1.5,0.0,0.0,2.0,0.0,0.0,1.0,2.5,2.0,1.5,1.0,0.0,1.0,0.0,0.0,0
0.0,0.0,1.0,0.0,0.0,0.0,2.0,1.0,3.0,0.0,7.0,0.2,1.0,0.0,2.0,0.0,2.0,1.0,4.9,0.0,2.6,0.0,0.0,0.68,0.0,0.0,0
0.0,4.0,1.0,0.0,0.0,0.0,1.0,1.0,0.0,0.0,0.0,2.29,0.0,0.0,0.0,0.0,1.0,0.0,1.0,1.0,0.0,0.0,0.0,1.0,0.0,0.0,0
0.0,0.0,1.0,0.0,0.0,0.0,1.0,7.0,0.0,16.0,36.0,0.08,0.0,75.0,3.0,1.0,7.0,2.0,1.78,0.0,2.19,0.0,0.0,1.0,0.0,0.0,0
0.0,0.0,1.0,0.0,0.0,2.0,2.0,3.0,2.0,4.0,3.0,1.12,0.0,66.0,2.0,0.0,2.0,2.0,2.0,0.0,4.0,1.0,0.0,0.56,0.0,0.0,0
0.0,0.0,1.0,0.0,0.0,0.0,1.0,1.0,0.0,0.0,2.0,1.25,0.0,0.0,2.0,0.0,1.0,2.0,0.5,0.0,2.5,2.0,0.0,0.76,0.0,0.0,0
0.0,0.0,1.0,0.0,0.0,0.0,1.0,1.0,0.0,0.0,2.0,1.25,0.0,0.0,3.0,0.0,2.0,2.0,0.5,0.0,3.5,2.0,0.0,0.76,0.0,0.0,0
0.0,0.0,1.0,1.0,0.0,0.0,1.0,1.0,0.0,2.0,6.0,0.52,0.0,61.0,2.0,0.0,2.0,2.0,1.33,1.0,2.33,1.0,0.0,1.0,0.0,0.0,0
2.0,0.0,1.0,1.0,0.0,0.0,1.0,1.0,0.0,0.0,2.0,0.5,1.0,75.0,1.0,0.0,1.0,2.0,2.5,1.0,4.5,2.0,0.0,0.52,0.0,0.0,0
0.0,0.0,1.0,2.0,0.0,0.0,3.0,1.0,5.0,0.0,1.0,0.24,1.0,83.0,3.0,0.0,1.0,1.0,2.67,0.0,5.83,1.0,0.0,0.71,0.0,0.0,0
0.0,0.0,1.0,0.0,0.0,0.0,1.0,1.0,1.0,5.0,10.0,0.34,0.0,76.0,2.0,1.0,2.0,2.0,1.73,0.0,2.45,1.0,0.0,1.0,0.0,0.0,0
0.0,0.0,1.0,0.0,0.0,0.0,1.0,1.0,3.0,0.0,1.0,0.69,0.0,0.0,3.0,0.0,6.0,1.0,2.25,0.0,1.75,1.0,0.0,0.84,0.0,0.0,0
0.0,0.0,1.0,0.0,0.0,0.0,1.0,1.0,1.0,0.0,1.0,1.0,0.0,0.0,5.0,0.0,4.0,1.0,3.0,2.0,2.0,2.0,0.0,0.77,0.0,0.0,0
0.0,0.0,1.0,0.0,1.0,1.0,1.0,1.0,0.0,0.0,3.0,0.67,0.0,0.0,1.0,0.0,2.0,2.0,1.33,0.0,6.33,1.0,0.0,1.0,1.0,0.0,0
0.0,0.0,1.0,0.0,1.0,0.0,1.0,2.0,10.0,13.0,14.0,0.18,0.0,92.0,1.0,0.0,2.0,2.0,1.46,0.0,2.29,1.0,0.0,0.85,0.0,1.0,0
1.0,0.0,1.0,1.0,0.0,2.0,2.0,1.0,1.0,2.0,24.0,0.41,0.0,56.0,2.0,1.0,1.0,2.0,3.73,1.0,2.77,0.0,0.0,1.0,0.0,0.0,0
1.0,0.0,1.0,0.0,4.0,0.0,1.0,1.0,0.0,0.0,4.0,0.62,0.0,0.0,1.0,0.0,0.0,1.0,1.2,0.0,2.2,1.0,0.0,1.0,0.0,0.0,0
1.0,0.0,1.0,2.0,4.0,0.0,1.0,1.0,0.0,0.0,4.0,0.69,0.0,40.0,1.0,0.0,1.0,1.0,2.6,0.0,2.0,1.0,0.0,1.0,0.0,0.0,0
0.0,0.12,1.0,1.0,0.23,0.0,1.0,1.12,2.65,3.53,3.77,0.54,0.0,50.88,2.77,1.75,7.18,1.0,3.36,0.12,2.92,1.0,0.0,0.7,0.12,0.0,0
0.0,0.0,1.0,0.29,0.0,2.92,1.71,1.71,0.0,0.0,1.71,0.32,9.34,0.0,1.58,0.0,8.08,1.71,1.58,1.58,15.75,7.97,0.0,0.93,0.71,0.0,0
0.0,0.0,1.0,0.0,0.0,1.97,1.0,1.0,0.51,0.0,3.45,1.48,0.49,0.0,2.49,0.0,2.97,1.0,2.79,1.52,2.86,2.01,0.0,0.97,0.0,0.0,0
0.0,0.0,1.0,0.0,0.0,3.49,1.0,1.0,0.13,0.0,6.1,1.49,0.87,0.0,3.38,0.0,4.62,1.0,2.24,0.0,3.01,1.51,0.0,0.94,0.0,0.0,0
0.0,0.0,1.0,0.0,0.0,9.0,1.0,1.0,0.8,0.0,3.8,3.9,0.2,0.0,2.8,0.0,2.6,1.8,3.31,0.8,2.37,1.0,0.0,0.65,0.0,0.8,0
4.13,0.69,1.0,3.45,2.38,3.07,1.69,5.13,15.4,42.73,98.48,0.68,0.31,66.85,2.24,1.38,44.77,6.51,3.73,0.0,3.47,0.0,0.0,0.58,0.69,2.76,1
0.0,0.0,1.0,0.0,0.0,0.0,1.0,1.0,0.38,0.0,3.1,1.12,0.38,0.0,2.76,9.1,3.48,1.0,9.48,9.48,5.61,4.86,0.0,0.79,0.0,0.62,0
0.0,0.0,1.0,1.0,0.0,0.0,1.0,1.0,0.43,1.13,3.83,0.98,0.0,77.95,3.3,0.0,1.57,1.57,1.19,0.57,3.06,1.87,0.0,1.0,0.0,0.0,0
1.78,0.0,1.0,1.0,0.0,0.0,1.89,1.0,2.67,2.0,6.89,0.24,0.0,61.0,4.67,0.0,2.0,1.11,2.08,0.11,4.71,1.0,0.0,0.55,0.0,0.0,0
0.38,0.0,1.0,0.0,1.54,0.0,1.0,1.0,0.0,0.0,2.77,1.01,0.0,0.0,2.23,0.0,1.23,1.62,0.77,0.0,3.0,1.62,0.0,0.85,0.0,0.0,0
0.0,0.0,1.0,0.0,0.0,0.0,1.8,1.8,0.8,0.0,2.4,0.65,0.0,0.0,4.4,0.0,2.2,2.0,0.83,0.0,3.7,2.0,0.0,0.79,0.0,0.0,0
0.16,0.0,1.0,0.0,0.32,0.0,1.48,1.0,3.0,0.64,0.32,0.89,0.16,11.28,2.84,6.87,0.84,1.0,2.43,1.0,3.15,1.84,0.0,0.39,0.0,0.0,0
0.0,0.0,1.0,0.0,0.0,3.93,1.0,1.0,0.02,0.0,6.87,1.11,0.98,0.0,2.04,0.0,4.91,1.0,2.53,0.0,5.35,1.0,0.0,0.92,0.98,1.96,0
2.25,0.0,1.0,2.5,0.0,0.0,1.75,1.0,5.26,9.01,20.78,0.61,0.0,93.99,1.25,0.75,18.78,1.75,2.53,0.5,2.6,0.25,0.0,0.64,0.38,1.5,1
1.0,1.99,1.0,4.98,1.0,0.0,2.0,3.99,1.99,19.93,13.17,0.19,0.0,82.72,3.99,2.0,9.06,3.0,3.38,0.0,4.71,0.0,0.0,0.99,0.5,1.0,0
0.0,0.0,1.0,0.0,0.0,3.98,1.0,1.0,0.01,0.05,7.21,1.07,0.99,0.51,1.99,0.03,5.02,1.01,2.57,0.0,5.4,0.99,0.0,0.92,0.99,2.0,0
0.0,0.0,1.0,0.55,0.18,4.27,2.0,1.0,2.19,1.1,7.0,0.8,2.37,13.9,4.18,0.18,5.65,1.0,3.0,0.0,4.46,1.0,0.0,0.93,0.06,1.37,0
0.0,0.0,1.0,0.0,0.0,3.34,1.0,1.0,0.33,0.0,5.0,1.12,1.33,0.0,3.0,0.0,4.33,1.0,2.38,0.0,4.1,1.33,0.0,0.58,0.0,0.67,0
0.0,1.93,1.0,1.03,0.0,0.48,2.03,1.0,2.58,0.0,0.52,1.4,0.52,42.88,1.55,0.97,1.97,0.52,1.86,0.48,3.26,0.52,0.0,0.57,0.0,0.0,0
0.0,0.0,1.0,0.54,0.0,0.0,1.0,1.0,1.0,0.0,2.37,1.19,0.0,54.43,3.09,0.0,1.0,1.46,1.73,0.0,2.91,2.54,0.0,0.85,0.0,0.0,0
0.0,0.0,1.0,0.13,0.0,4.34,1.0,1.0,0.0,0.0,6.34,1.21,0.87,13.25,2.0,0.0,4.34,1.0,2.5,0.26,4.35,1.0,0.0,0.57,0.0,0.87,0
2.28,0.0,1.76,0.0,0.0,1.52,2.0,2.0,2.28,6.83,6.56,0.52,1.69,57.7,1.0,0.0,7.2,2.76,2.46,0.24,5.92,0.72,0.0,0.74,0.24,1.52,0
0.0,3.23,1.0,0.0,0.0,0.76,1.0,1.0,0.81,0.0,0.81,1.4,0.0,0.0,4.05,0.19,3.24,0.81,2.62,1.81,1.63,1.62,0.0,0.82,0.0,0.0,0
0.0,0.0,1.0,0.0,0.0,0.53,1.0,1.0,0.0,0.53,3.41,1.28,0.0,0.0,2.0,0.53,2.36,1.0,1.06,1.06,5.24,3.89,0.0,0.69,0.0,0.47,0
1.45,2.27,1.0,1.21,0.0,0.0,1.24,1.24,0.0,4.36,11.15,2.44,0.0,22.29,0.24,0.76,3.88,0.48,1.62,1.0,1.1,0.24,0.0,0.41,0.0,0.24,0
0.0,0.0,1.0,1.04,0.0,0.0,1.0,1.0,0.04,3.83,13.71,0.47,0.0,75.75,2.08,0.0,2.0,2.0,7.12,0.0,1.71,1.0,0.0,0.53,0.0,0.0,0
0.0,0.0,1.0,0.0,0.0,0.0,1.76,1.76,3.03,6.82,10.58,0.67,0.0,63.69,1.0,5.38,2.27,1.76,2.35,0.0,2.01,0.0,0.0,0.8,0.0,0.0,0
0.97,0.0,1.0,1.94,0.0,0.0,1.03,2.0,6.82,3.88,7.82,0.34,0.0,77.62,5.0,0.0,8.79,2.0,1.84,0.0,2.54,0.06,0.0,0.95,0.49,0.97,0
0.63,0.0,1.0,0.63,0.73,0.63,2.0,1.73,0.0,0.63,9.0,0.4,0.37,41.16,3.27,0.73,5.43,2.0,4.36,0.0,3.4,1.0,0.0,0.57,0.0,1.27,0
0.81,0.0,1.81,0.81,5.67,1.38,1.81,5.05,0.19,1.19,21.21,0.45,0.0,72.72,1.81,3.24,3.43,1.81,2.25,0.0,2.37,1.0,0.0,0.6,0.0,0.19,0
0.06,0.0,1.0,1.0,0.06,0.0,1.0,1.0,0.0,1.23,5.64,1.16,0.0,60.93,2.94,0.0,1.06,1.12,9.34,0.94,1.25,1.0,0.0,0.49,0.0,0.0,0
0.34,3.21,1.0,0.24,0.06,5.85,1.03,1.0,0.0,0.79,0.92,5.34,0.0,2.81,1.97,1.94,1.28,1.06,1.43,0.97,0.14,0.03,0.0,0.99,0.97,0.0,0
1.71,0.0,1.0,1.0,0.0,0.85,1.85,4.41,1.71,9.97,18.26,0.27,0.0,83.53,3.71,0.0,6.26,2.0,2.7,0.0,2.59,0.15,0.0,0.92,0.0,1.71,0
3.71,0.0,1.0,3.1,0.0,0.0,1.62,1.62,0.0,12.29,31.14,0.39,0.0,78.67,1.0,0.0,9.9,1.62,2.86,1.0,3.37,1.0,0.0,0.7,0.0,0.62,0
0.0,0.0,1.0,1.38,0.0,0.0,2.38,1.0,3.75,0.0,0.69,0.48,0.69,57.07,3.0,0.0,1.62,1.0,3.08,1.25,5.57,2.25,0.0,0.8,0.0,0.0,0
0.0,0.0,1.0,0.0,0.0,0.0,1.19,1.19,1.0,0.0,0.38,2.29,0.0,0.0,4.19,0.0,0.38,1.19,0.13,0.0,2.38,2.0,0.0,0.47,0.0,0.0,0
0.47,0.0,1.0,0.0,0.0,0.0,2.42,1.0,1.42,4.16,14.58,0.18,0.47,67.53,1.95,0.0,0.47,2.58,2.55,1.0,4.06,1.0,0.0,0.95,0.0,1.05,0
0.0,0.4,1.0,0.0,0.0,1.61,1.6,1.6,0.0,0.0,1.2,2.16,4.19,0.0,0.6,0.4,6.59,1.2,1.0,1.0,8.78,2.2,0.0,1.0,0.6,0.0,0
0.0,0.0,1.0,1.0,0.94,0.47,1.0,1.0,1.94,0.94,2.41,0.97,0.47,92.96,4.94,0.0,6.63,1.0,1.34,0.0,4.34,1.53,0.0,0.77,0.0,0.0,0
0.0,0.0,1.0,0.13,0.06,3.75,1.0,1.0,0.06,0.38,7.5,1.02,0.94,5.34,1.94,0.0,4.69,1.13,2.81,0.06,5.17,1.0,0.0,0.91,1.0,1.94,0
1.06,0.0,1.0,0.53,1.06,1.41,1.53,4.71,6.76,7.59,6.35,0.43,0.53,81.0,4.0,14.59,8.18,1.53,6.2,0.94,5.02,1.0,0.0,0.69,0.88,0.94,0
3.99,0.01,2.0,1.0,0.0,1.01,2.99,2.99,1.99,20.94,4.99,0.19,0.0,77.77,1.99,0.01,4.99,1.0,5.45,0.01,6.53,1.0,0.0,1.0,0.0,0.0,0
0.0,0.0,1.0,0.0,0.0,0.39,1.0,1.0,0.0,0.0,3.39,2.06,0.1,0.0,1.2,14.43,0.49,1.0,0.85,0.0,0.27,0.1,0.0,0.56,0.0,0.0,0
0.0,0.0,1.0,0.11,0.0,4.44,1.0,1.0,0.34,0.11,6.21,1.04,1.0,5.63,2.45,0.0,4.66,1.0,2.47,0.11,4.76,1.11,0.0,0.93,0.0,0.89,0
0.06,0.0,1.0,0.94,0.0,0.94,3.0,3.81,14.98,18.98,11.43,0.12,2.87,87.84,1.0,0.0,46.14,2.0,6.83,2.94,9.09,1.06,0.0,0.86,0.53,2.81,1
1.58,0.0,1.0,0.71,0.29,3.46,1.0,1.58,3.17,0.29,7.87,0.34,6.25,73.98,2.29,0.58,2.29,1.0,1.8,0.0,8.19,1.0,0.0,0.88,0.0,1.0,0
0.0,28.79,1.0,0.85,0.0,1.15,1.15,1.0,0.31,0.15,10.47,1.03,0.0,84.67,1.31,1.69,12.7,1.85,3.22,1.0,0.77,0.15,0.0,0.68,1.0,0.85,1
0.0,0.0,1.0,0.0,0.22,0.0,1.11,1.22,0.0,0.89,54.5,0.15,0.11,0.0,1.11,13.6,23.3,2.0,3.3,0.89,1.44,1.0,0.0,0.37,0.0,0.89,1
0.0,0.0,1.0,0.0,0.0,1.92,1.96,1.96,3.85,3.85,7.77,0.81,0.0,96.25,2.04,1.92,1.04,1.04,2.51,0.0,2.06,1.04,0.0,0.99,0.96,0.0,0
0.0,0.0,1.0,0.0,0.0,2.13,1.28,1.0,0.0,0.72,3.41,1.34,0.56,0.0,2.56,0.0,1.13,1.0,2.52,1.44,2.0,1.0,0.0,0.99,0.0,0.28,0
0.0,0.0,1.0,0.01,0.0,5.06,1.0,1.0,0.0,0.0,1.04,2.91,0.0,1.41,1.01,0.0,3.94,1.99,0.03,0.01,1.99,1.99,0.0,0.53,0.0,0.0,0
2.42,0.0,1.0,0.58,2.42,0.0,1.19,1.0,3.19,0.97,3.74,0.2,0.81,17.2,6.61,0.19,6.19,1.0,1.66,0.0,4.47,1.0,0.0,0.87,1.0,1.0,0
0.0,0.0,1.0,0.86,0.0,0.72,1.0,1.0,0.86,0.0,1.86,1.52,0.14,85.68,4.57,0.0,1.57,1.0,1.23,0.0,3.69,1.86,0.0,0.98,0.86,0.86,0
0.0,0.0,1.0,0.0,0.37,0.0,1.37,1.0,1.9,1.1,3.21,0.61,0.0,22.43,2.26,0.0,3.79,1.0,2.26,0.37,1.84,1.0,0.0,0.79,0.0,0.0,0
3.37,0.34,1.0,2.37,1.03,2.03,2.0,5.69,8.52,28.51,61.23,0.42,0.0,89.12,2.97,0.69,25.2,4.4,3.02,0.0,2.88,0.0,0.0,0.83,0.34,2.69,1
0.0,4.29,1.0,0.0,0.0,0.0,1.0,11.72,0.0,2.43,42.74,0.3,0.0,71.91,2.43,0.71,16.44,2.0,2.55,0.0,3.4,0.29,0.0,0.87,0.36,2.14,0
0.0,29.7,1.0,1.0,0.0,0.87,1.0,1.0,0.13,0.0,10.61,1.13,0.0,100.0,1.51,1.75,13.23,1.87,3.09,0.87,0.8,0.25,0.0,0.66,1.0,1.0,1
0.0,0.0,1.0,0.0,0.0,1.58,1.0,1.0,0.61,1.21,3.97,1.01,0.39,19.97,2.39,0.0,5.18,1.0,3.03,1.21,4.53,2.21,0.0,0.9,0.0,0.0,0
0.0,0.0,1.0,1.35,0.0,0.0,1.0,1.0,1.33,1.3,10.9,0.56,0.0,91.37,3.02,0.65,2.98,2.33,2.81,0.0,1.57,1.0,0.0,0.71,0.33,0.33,0
0.0,0.16,1.16,0.31,0.0,0.31,1.31,1.47,1.4,8.09,25.78,0.22,0.0,78.87,1.16,0.31,4.06,3.69,3.09,0.84,2.47,0.84,0.0,0.84,0.08,2.0,0
0.0,0.0,1.0,0.0,0.0,0.0,1.7,1.7,0.3,1.49,4.38,0.28,4.91,22.64,1.3,0.3,8.32,2.0,1.22,0.7,10.56,2.4,0.0,1.0,0.7,0.0,0
0.0,0.0,1.0,0.26,0.0,3.69,1.74,1.53,0.0,0.26,4.74,0.29,3.21,0.0,3.0,0.74,8.42,1.26,3.64,3.21,28.36,24.85,0.0,0.98,0.26,0.74,0
0.6,0.0,1.0,6.1,0.0,1.0,2.7,1.9,0.0,5.21,4.5,0.45,1.7,75.09,2.0,0.0,2.2,1.3,3.08,1.3,5.92,1.3,0.0,0.75,1.0,0.0,0
0.0,2.52,1.0,0.0,0.32,0.0,1.16,1.32,0.0,0.0,1.45,2.76,0.16,0.0,0.32,1.16,0.16,0.32,1.2,0.84,0.27,0.16,0.0,0.41,0.0,0.0,0
1.23,0.0,2.0,0.61,11.04,0.61,2.0,4.68,4.29,1.39,19.72,0.31,0.0,76.81,1.61,3.07,3.68,2.0,3.25,0.39,2.26,0.39,0.0,0.72,0.0,1.23,0
0.0,0.0,1.0,0.0,0.0,3.89,1.0,1.0,0.03,0.0,6.81,1.93,0.97,0.0,3.03,0.0,3.89,1.0,2.5,0.0,1.17,1.03,0.0,0.54,0.0,0.0,0
0.0,0.0,1.0,0.01,0.0,0.99,1.0,1.0,0.04,1.04,3.01,1.78,0.0,0.69,1.03,0.0,2.08,1.99,1.36,0.99,1.36,1.0,0.0,0.85,0.0,0.0,0
0.0,2.38,1.0,0.6,0.0,1.19,1.6,1.0,1.19,3.19,10.88,0.47,0.0,58.69,1.6,5.67,3.79,1.81,2.93,0.4,2.58,1.0,0.0,0.49,0.0,0.4,0
0.0,0.0,1.0,0.26,0.0,0.0,1.74,1.0,1.48,0.0,0.52,1.02,1.48,25.96,4.48,0.0,5.22,1.0,1.02,0.0,4.09,3.22,0.0,0.66,0.0,0.0,0
0.0,4.01,1.0,0.0,0.0,2.66,1.0,1.0,0.0,0.0,3.88,4.2,0.0,0.0,0.0,1.55,0.45,0.0,1.48,0.0,0.45,0.45,0.0,0.88,0.0,0.0,0
0.0,0.0,1.0,0.0,0.0,1.02,1.0,1.0,0.74,0.0,8.49,1.54,0.74,0.0,5.21,0.51,3.72,0.74,0.96,0.0,2.16,1.49,0.0,0.86,0.0,0.0,0
0.35,1.96,1.35,0.35,2.42,2.31,1.35,2.73,0.0,0.35,8.64,3.37,0.0,28.35,0.69,2.69,1.38,0.69,3.32,2.62,1.53,1.0,0.0,0.59,0.0,0.0,0
1.0,0.0,1.0,0.89,0.0,1.78,2.11,1.0,0.89,2.22,21.71,0.4,0.11,56.0,1.89,0.89,1.33,2.0,3.73,1.11,3.26,0.22,0.0,1.0,0.11,0.0,0
1.0,0.0,1.0,1.0,1.0,0.0,1.0,1.0,0.0,5.0,16.0,0.32,0.0,76.0,2.0,0.0,2.0,3.0,8.35,0.0,2.12,1.0,0.0,0.63,0.0,0.0,0
0.91,0.0,1.09,0.91,0.0,0.91,2.0,1.0,0.0,1.09,8.66,0.3,0.0,62.86,3.74,0.0,7.32,2.0,5.51,0.09,4.19,1.0,0.0,0.6,0.0,1.83,0
0.0,0.8,1.0,0.0,0.0,4.2,1.4,1.0,0.0,0.0,0.99,4.06,0.99,0.0,0.59,1.8,2.78,0.2,1.67,1.59,8.47,7.92,0.0,0.59,0.0,0.2,0
1.7,2.59,1.57,0.86,0.0,1.14,2.43,1.57,1.7,7.27,4.54,0.44,0.0,65.63,1.0,0.0,7.3,2.14,5.12,1.73,5.44,0.86,0.0,0.61,0.0,1.14,0
0.0,0.0,0.47,51.68,0.0,0.0,0.47,1.0,1.4,1.87,1.87,0.74,0.47,25.19,2.87,0.0,3.27,1.47,1.27,0.47,2.73,0.93,0.0,1.0,0.53,0.0,0
0.0,0.0,1.0,0.0,0.0,0.43,1.0,1.0,0.89,4.46,9.68,0.45,0.11,67.8,2.11,0.89,2.22,1.89,1.82,0.0,2.51,1.0,0.0,1.0,0.0,0.11,0
0.43,0.0,1.0,3.3,0.0,0.85,2.0,1.0,0.43,0.85,12.5,0.57,0.57,64.05,2.0,0.43,1.0,1.43,3.6,2.15,3.19,1.15,0.0,0.78,0.0,0.57,0
0.0,0.0,1.0,1.0,0.0,3.89,2.97,1.0,7.78,12.84,3.54,0.49,0.97,84.08,3.0,1.95,0.69,2.0,4.19,0.03,4.5,0.03,0.0,0.57,0.0,2.0,0
0.0,0.0,1.0,0.0,0.0,3.51,1.0,1.0,0.12,0.0,6.63,1.15,0.88,0.0,2.88,0.0,5.38,1.12,2.57,0.0,4.28,1.12,0.0,0.96,0.0,0.0,0
0.0,0.0,1.0,1.52,0.0,0.52,1.48,1.0,1.0,5.19,14.49,0.56,0.0,94.29,3.44,0.52,3.6,1.52,1.39,0.52,4.96,1.48,0.0,0.78,0.52,1.56,0
0.0,0.0,1.0,0.02,0.0,0.0,1.0,1.0,0.07,1.07,3.02,1.47,0.02,1.2,4.02,0.0,0.16,1.02,1.36,1.0,1.76,1.02,0.0,0.64,0.0,0.0,0
0.0,2.89,1.0,0.0,0.0,2.89,1.68,1.68,2.71,6.11,8.82,2.13,0.0,57.0,1.32,4.25,3.32,1.68,3.13,0.96,1.9,0.0,0.0,0.74,0.0,0.32,0
0.55,0.0,1.0,0.55,1.11,2.22,1.55,1.0,3.88,3.32,5.88,1.23,0.0,48.75,2.0,5.0,0.55,1.45,1.85,0.55,2.85,1.45,0.0,0.6,0.55,0.0,0
0.0,0.0,1.0,0.0,0.0,0.0,1.62,1.0,1.62,0.0,1.85,0.68,0.0,0.0,2.38,0.62,10.4,1.0,3.51,1.53,4.75,2.53,0.0,0.58,0.62,0.62,0
0.0,0.0,1.0,0.22,0.0,0.0,1.0,1.0,0.22,0.78,3.35,0.96,0.0,41.15,1.65,0.0,2.57,1.78,2.96,0.78,3.09,2.0,0.0,0.53,0.0,0.0,0
0.0,0.0,1.37,0.0,0.0,0.0,1.37,1.0,0.0,1.37,39.53,0.25,0.0,18.65,1.0,0.63,16.95,2.0,2.33,0.37,1.59,1.0,0.0,0.62,0.0,0.63,0
0.0,0.0,1.0,0.0,0.0,2.37,1.0,1.0,0.0,0.53,4.9,1.39,0.47,0.0,3.53,0.0,2.37,1.0,1.92,0.53,2.84,1.0,0.0,0.58,0.0,0.47,0
0.0,0.0,1.0,1.18,0.0,2.06,1.41,1.0,0.59,0.0,6.18,0.51,1.65,54.74,3.59,0.41,5.29,1.59,3.72,1.65,15.61,14.16,0.0,0.76,0.0,0.41,0
0.0,0.0,1.0,0.0,0.03,9.77,1.0,1.0,1.05,0.0,2.97,4.48,0.03,0.0,3.05,0.0,2.23,1.97,3.42,0.97,1.81,0.97,0.0,0.57,0.0,0.97,0
0.0,33.31,1.0,1.02,0.0,1.0,1.0,1.0,0.02,0.2,12.31,1.05,0.0,99.78,1.02,1.98,14.82,2.0,3.36,1.0,0.44,0.02,0.0,0.62,1.0,1.04,1
0.0,0.0,0.53,48.12,0.0,2.1,1.05,1.0,0.0,1.05,4.21,0.93,0.0,34.73,1.0,0.0,0.0,1.0,1.58,0.0,1.25,0.53,0.0,0.85,0.47,0.0,0
0.0,0.0,1.0,0.28,0.0,3.6,1.72,1.0,0.28,0.0,5.32,0.71,1.44,28.01,3.56,0.0,6.04,1.0,2.13,0.0,13.19,1.56,0.0,0.87,0.0,0.0,0
0.0,0.0,1.0,0.27,0.0,3.45,1.0,1.82,0.55,1.37,6.45,1.11,1.27,18.02,2.73,0.0,4.45,1.27,2.45,0.0,4.43,1.0,0.0,0.96,0.0,0.0,0
0.0,0.0,1.0,0.0,0.55,1.09,3.18,1.0,0.45,2.82,5.63,0.47,0.55,61.81,2.0,0.45,2.0,1.45,4.06,1.09,3.84,2.64,0.0,1.0,0.0,0.0,0
0.33,0.0,1.0,0.33,0.0,3.33,1.33,1.0,0.33,0.67,12.66,0.78,0.67,18.65,2.67,0.33,3.67,1.33,2.96,0.33,5.4,0.67,0.0,1.0,0.0,0.0,0
0.0,0.0,2.86,1.72,0.86,0.0,2.86,1.0,0.0,0.28,4.14,0.5,0.0,70.14,1.0,3.44,7.75,2.0,8.39,1.0,4.15,1.0,0.0,0.71,0.86,0.86,0
2.73,0.0,1.0,1.82,0.09,0.18,2.27,3.73,0.91,14.65,18.38,0.18,0.09,73.65,2.0,0.0,2.0,1.91,4.26,2.0,3.98,1.27,0.0,1.0,0.0,0.0,0
0.0,0.0,1.0,0.0,0.0,0.94,1.0,1.0,0.76,0.0,4.71,0.97,0.24,0.0,2.24,0.0,1.94,1.76,2.59,0.0,2.32,1.76,0.0,0.74,0.0,0.0,0
0.0,4.81,1.0,0.24,0.0,0.24,1.47,12.44,0.0,3.47,43.95,0.15,0.24,81.47,2.76,0.76,18.73,1.76,3.43,0.47,5.04,0.24,0.0,0.88,0.38,2.29,0
0.0,0.0,1.0,0.0,0.0,0.0,1.0,1.0,2.55,0.0,0.3,1.04,0.0,0.0,2.85,6.8,1.0,1.15,1.78,0.85,2.64,2.0,0.0,0.4,0.0,0.0,0
0.0,0.0,1.0,0.0,0.0,0.0,1.0,1.0,0.64,4.46,13.56,0.4,0.0,67.47,2.27,0.0,0.64,2.09,1.94,0.36,1.57,1.0,0.0,0.89,0.0,0.73,0
0.0,0.0,1.0,0.26,0.0,1.81,2.26,1.74,2.97,2.23,3.74,0.26,2.32,45.27,2.77,0.0,2.26,1.74,2.59,0.77,7.74,4.84,0.0,0.84,0.26,0.0,0
0.0,0.0,1.0,1.0,0.0,0.42,1.0,1.0,1.74,3.16,6.11,0.7,0.0,57.32,2.58,0.0,6.31,1.0,4.49,0.42,2.39,1.0,0.0,0.81,0.0,0.0,0
0.14,0.0,1.0,1.21,0.0,1.93,2.93,1.21,0.93,1.04,0.56,0.61,5.65,4.6,2.0,0.0,5.0,1.07,3.13,2.93,7.9,7.58,1.86,0.4,0.07,0.93,0
8.31,7.55,1.0,6.04,1.76,0.76,1.76,1.24,2.45,22.82,26.08,0.18,0.0,92.0,1.0,0.0,8.04,2.76,3.84,0.0,4.08,1.0,0.0,0.8,0.0,0.24,0
0.73,1.45,1.0,1.73,0.0,0.0,2.0,2.0,2.45,8.36,1.64,0.26,1.91,57.06,2.0,0.0,4.54,1.64,5.34,1.0,8.67,1.64,0.64,0.85,0.36,0.64,0
0.0,0.0,1.0,0.0,0.0,4.13,1.57,1.0,1.3,0.0,3.96,1.04,1.13,0.0,3.87,0.0,4.53,1.0,1.6,0.0,10.1,1.0,0.0,0.8,0.0,0.0,0
0.0,0.13,1.0,0.13,2.0,0.0,1.0,1.13,3.48,0.0,2.0,0.6,0.0,6.54,6.22,2.83,1.87,1.0,1.23,0.13,2.48,1.0,0.0,0.57,1.0,0.0,0
0.29,0.0,1.29,0.59,0.0,3.53,1.59,1.0,2.34,1.17,5.24,0.96,1.0,24.32,2.71,0.29,5.59,1.0,2.78,0.29,4.22,1.0,0.0,0.52,0.29,1.29,0
0.0,0.0,1.0,0.03,0.0,0.0,1.0,1.0,0.03,0.97,58.22,0.14,0.0,3.01,1.12,14.55,25.25,1.97,3.36,0.97,1.51,1.06,0.0,0.36,0.0,0.97,1
2.8,0.0,1.0,1.87,0.0,0.27,1.93,3.8,0.93,14.93,19.13,0.21,0.07,70.92,2.07,0.0,2.33,1.93,3.98,1.87,4.01,1.0,0.0,1.0,0.0,0.0,0
0.0,0.0,1.0,0.0,0.0,0.04,1.99,1.99,0.99,0.0,2.05,0.54,0.01,0.0,4.98,0.0,2.03,1.99,0.68,0.0,4.0,1.99,0.0,0.75,0.0,0.0,0
0.56,0.0,1.0,0.38,0.0,0.0,1.19,1.56,1.0,3.01,3.76,1.24,0.0,14.3,2.0,0.0,1.19,1.19,3.2,2.81,3.16,2.62,0.0,0.96,0.0,0.0,0
0.74,0.0,1.0,0.26,1.47,0.0,3.21,1.0,2.47,2.94,1.74,0.63,0.74,77.94,2.53,0.74,0.26,1.0,3.7,0.74,5.09,1.26,0.0,0.75,0.0,0.0,0
0.0,0.0,1.0,0.0,1.98,0.0,1.01,1.0,0.04,0.0,3.05,0.87,1.0,0.0,4.96,0.0,5.95,1.0,0.72,0.0,3.98,1.98,0.0,1.0,0.99,0.0,0
0.0,0.0,1.0,6.1,0.0,1.0,3.0,1.0,0.39,1.39,4.29,0.52,1.74,76.8,2.13,0.0,2.81,1.13,2.6,1.0,5.84,1.0,0.0,0.66,0.87,0.0,0
0.0,0.0,1.0,0.96,0.04,0.0,2.0,1.0,0.0,1.07,3.15,0.83,0.0,50.4,2.93,0.0,1.93,1.0,2.01,1.0,2.96,1.0,0.0,0.99,0.0,0.0,0
0.65,0.0,1.0,1.0,0.0,0.0,1.22,1.22,1.22,0.65,1.65,0.98,0.78,93.94,3.57,0.0,2.22,1.22,1.49,0.0,3.36,1.57,0.0,1.0,0.0,0.22,0
0.0,0.95,1.0,0.05,0.0,3.78,1.0,1.0,0.05,0.0,0.05,4.82,0.0,5.42,0.33,1.89,1.0,0.05,1.0,0.95,1.05,1.0,0.0,0.5,0.0,0.0,0
9.61,8.73,1.0,6.99,2.0,0.87,1.87,1.0,0.0,22.71,26.58,0.27,0.13,80.35,1.51,0.0,9.49,2.75,4.11,0.0,4.58,1.13,0.0,0.81,0.13,0.0,0
0.0,14.65,1.0,0.27,0.0,0.0,1.0,1.0,0.27,0.0,0.27,0.92,0.0,26.76,1.8,0.73,0.27,1.0,0.27,0.0,1.34,0.54,0.0,0.83,0.0,1.46,0
0.0,0.0,0.11,0.0,0.0,0.0,0.11,1.0,0.64,60.81,0.11,0.93,0.11,7.62,0.54,0.0,0.43,0.11,0.11,0.0,0.41,0.11,0.0,0.69,0.11,1.79,0
0.0,8.99,1.0,0.0,0.0,1.0,1.0,1.0,0.01,0.01,0.01,3.0,0.0,0.14,0.0,1.01,1.0,0.0,1.89,0.0,1.0,1.0,0.0,0.72,0.0,0.0,0
0.0,0.0,1.43,1.43,0.43,0.0,1.43,2.15,0.43,1.43,6.99,0.32,0.57,33.7,2.15,0.0,4.85,2.43,4.06,0.57,5.33,1.57,0.0,0.98,0.57,0.85,0
0.0,1.01,1.0,0.0,0.0,1.01,1.0,1.0,1.99,0.0,0.0,2.35,0.0,0.0,1.99,5.97,0.66,0.66,2.68,2.01,2.1,1.66,0.0,0.42,0.0,0.0,0
0.0,0.0,1.0,0.0,0.0,0.0,1.85,1.0,1.85,0.0,2.56,0.74,0.0,0.0,2.15,0.85,12.93,1.0,2.73,0.0,4.36,1.3,0.0,0.42,0.85,0.85,0
1.06,0.0,1.0,1.06,0.0,2.59,1.35,1.0,2.48,4.24,14.07,0.91,0.65,32.54,1.65,1.0,11.43,1.35,3.08,0.0,3.6,0.65,0.0,0.85,0.18,1.35,0
0.0,0.0,1.0,0.9,0.0,0.2,1.1,1.1,1.31,0.41,1.71,1.45,0.0,100.0,4.69,0.2,1.0,1.0,1.16,0.0,4.25,2.8,0.0,0.58,0.1,0.0,0
0.61,0.0,1.61,1.22,0.0,0.0,2.22,1.0,4.88,2.44,1.39,0.62,0.61,50.63,2.0,0.61,4.66,1.39,2.21,0.61,3.66,1.39,0.0,0.6,0.61,1.22,0
0.0,0.0,1.0,0.0,0.0,0.0,1.0,1.0,0.0,3.0,11.99,0.47,0.0,62.82,1.0,0.0,0.0,1.0,3.42,1.0,1.52,1.0,0.0,0.85,0.0,0.0,0
0.0,0.0,1.0,0.0,1.72,0.0,1.86,2.72,0.0,0.0,8.15,0.81,0.86,0.0,1.86,3.98,0.86,1.86,2.0,0.0,1.43,0.86,0.0,0.57,0.0,0.0,0
0.0,0.0,1.0,0.79,0.0,0.0,1.0,1.0,0.79,0.63,3.51,1.34,0.0,92.46,4.16,0.0,0.79,1.0,1.58,0.21,3.09,1.79,0.0,0.95,0.79,0.79,0
0.0,0.0,1.0,0.18,0.0,8.37,1.82,1.0,1.64,7.07,16.23,1.36,0.82,17.59,2.82,0.0,5.9,1.0,2.12,1.0,2.85,1.82,0.0,0.94,0.12,0.54,0
0.0,0.0,1.0,0.0,0.66,2.03,1.0,1.0,1.97,0.0,3.72,0.81,1.0,0.0,3.97,0.0,8.59,1.0,1.28,0.0,3.93,0.34,0.0,0.81,0.0,0.0,0
0.0,0.0,1.0,0.0,0.0,0.0,1.0,1.0,0.0,1.0,60.0,0.1,0.0,6.0,1.0,1.0,27.0,2.0,0.98,0.0,1.35,1.0,0.0,0.39,0.0,1.0,1
0.0,0.0,1.98,1.98,1.02,0.02,1.98,1.0,1.04,2.0,10.88,0.35,0.02,79.11,1.09,0.0,6.12,2.96,7.4,0.0,2.47,1.0,0.0,0.95,0.0,1.96,0
0.0,1.17,1.0,0.0,0.0,0.13,1.0,1.0,0.0,0.87,2.61,1.82,0.0,0.0,0.87,0.13,1.0,1.74,1.41,0.87,1.0,1.0,0.0,0.82,0.0,0.0,0
0.0,0.0,1.0,0.99,0.0,0.0,1.99,1.0,0.99,0.01,1.34,0.78,0.0,99.43,4.98,0.09,1.14,1.01,1.01,0.01,8.46,1.99,0.0,1.0,0.0,0.01,0
0.0,0.87,1.87,1.73,0.0,2.4,2.73,3.6,7.8,12.13,26.13,0.59,0.0,77.13,1.87,1.73,23.07,2.0,3.49,0.0,5.01,0.27,0.0,0.53,0.43,1.73,1
0.0,0.36,1.94,1.88,0.94,0.12,1.94,1.0,0.94,1.88,10.34,0.5,0.0,74.26,1.12,0.06,5.64,2.88,7.06,0.0,2.31,0.94,0.0,0.95,0.0,1.88,0
1.72,0.0,1.0,0.86,0.0,0.86,1.86,4.43,1.72,9.44,16.59,0.38,0.0,72.97,3.86,0.0,6.29,2.0,1.71,0.0,2.85,0.28,0.0,0.96,0.0,1.72,0
0.0,0.0,1.0,0.0,0.0,1.16,2.0,1.0,2.0,0.58,1.16,0.81,0.84,0.0,3.84,0.0,2.51,1.0,1.52,0.58,3.69,2.25,0.0,0.83,0.58,0.0,0
0.0,0.0,1.0,0.27,0.0,2.93,1.0,1.0,0.27,0.0,5.4,1.22,0.73,26.63,2.8,0.0,3.93,1.0,2.15,0.0,4.92,1.27,0.0,0.82,0.73,1.47,0
1.44,0.0,1.0,1.96,0.0,0.0,1.48,1.0,3.89,5.78,13.52,0.87,0.0,96.15,2.56,0.48,12.55,1.48,1.82,0.0,3.32,1.56,0.0,0.84,0.24,0.96,0
2.36,0.0,1.21,2.0,0.21,0.0,2.0,3.36,1.0,13.03,18.09,0.18,0.0,76.64,1.79,0.0,2.85,2.21,4.81,1.58,3.57,1.0,0.0,0.99,0.0,0.42,0
0.0,0.0,1.0,0.97,0.0,0.0,1.0,1.0,2.9,0.97,0.13,0.64,0.97,48.32,5.87,0.0,2.03,1.03,1.66,0.97,3.95,2.0,0.0,0.58,0.0,0.0,0
0.0,0.0,1.0,0.0,0.0,0.17,1.96,1.0,0.96,0.0,1.26,1.19,0.04,0.0,2.04,1.91,0.22,1.0,1.55,0.96,2.51,1.0,0.0,0.59,0.0,0.0,0
0.0,0.0,1.0,0.47,0.94,3.12,2.06,1.0,1.41,0.94,4.53,0.26,3.12,39.87,4.41,0.53,11.41,1.0,3.14,2.12,23.08,19.58,0.0,0.75,0.0,0.53,0
0.86,0.0,1.0,1.0,0.0,1.73,1.0,1.0,1.73,0.0,6.31,0.41,6.9,91.37,2.14,0.0,2.14,1.0,1.64,0.0,7.02,1.0,0.0,0.97,0.0,0.86,0
0.0,2.84,1.0,2.23,0.0,0.39,3.0,1.0,0.0,6.84,5.07,0.22,1.0,61.91,1.39,0.0,12.36,1.0,4.5,1.39,6.57,1.0,0.0,0.62,0.41,0.0,0
0.0,0.58,1.0,0.0,0.0,2.33,1.0,1.0,0.0,0.42,1.67,3.24,0.0,10.41,0.42,1.17,1.83,0.83,2.04,1.0,1.94,1.42,0.0,0.51,0.0,0.0,0
0.0,0.0,1.0,0.47,0.0,0.24,1.0,1.0,1.0,2.36,6.36,0.81,2.29,20.97,2.76,0.24,3.71,1.24,0.41,0.24,7.28,7.12,0.0,0.9,0.24,0.71,0
0.0,0.0,1.11,0.89,0.0,6.22,2.89,1.0,0.0,0.22,3.22,0.38,7.99,4.48,4.55,0.0,2.66,1.11,4.96,2.78,14.43,11.66,0.0,0.92,0.89,0.0,0
0.0,0.93,1.0,0.9,0.0,0.93,1.0,1.0,0.0,0.0,1.79,2.21,0.0,89.63,2.9,0.93,3.1,1.0,2.62,0.31,1.38,0.9,0.0,0.78,0.0,0.1,0
0.44,0.0,1.0,0.56,0.0,0.56,2.31,1.0,1.31,22.36,49.09,0.29,0.44,79.48,2.44,0.0,16.18,1.0,2.42,1.0,4.05,1.0,0.0,0.8,0.37,1.69,1
0.0,0.94,1.0,0.0,0.0,3.94,1.0,1.0,0.0,0.0,0.69,3.1,0.0,0.0,2.0,0.63,1.69,1.0,0.42,0.31,3.43,3.43,0.0,0.98,0.31,0.69,0
0.02,0.0,1.0,0.01,0.99,0.01,2.0,1.04,0.02,3.08,7.12,0.47,0.0,61.24,1.03,0.0,0.07,1.01,2.28,0.99,2.01,0.99,0.0,0.71,0.0,0.02,0
0.0,0.0,1.0,0.01,0.0,0.0,2.0,1.0,0.02,0.07,1.04,1.75,1.98,0.73,2.98,0.0,1.11,1.02,1.03,1.01,4.0,3.97,0.99,0.9,0.99,0.99,0
0.0,1.55,1.0,0.0,0.0,3.1,1.0,1.0,0.0,0.0,0.48,4.78,0.0,0.0,1.52,1.03,1.48,1.48,0.69,0.52,0.48,0.48,0.0,0.9,0.52,0.0,0
0.73,0.0,1.0,1.0,0.0,1.0,2.0,2.46,0.73,4.01,7.56,0.35,5.08,30.98,2.73,0.0,3.82,1.36,2.6,1.91,9.26,8.26,0.64,0.86,0.64,0.73,0
0.16,0.92,1.0,0.08,0.0,3.68,1.08,1.0,0.24,0.16,0.57,4.61,0.0,4.93,0.4,1.84,1.08,0.08,1.09,0.92,1.32,1.0,0.0,0.5,0.0,0.0,0
0.0,0.0,1.0,0.0,0.0,0.63,1.0,1.0,0.0,1.0,3.79,1.17,0.0,19.72,1.0,0.0,2.37,2.0,3.04,1.0,2.77,1.79,0.0,0.56,0.0,0.0,0
6.78,6.17,1.0,4.93,1.23,0.62,1.62,1.0,0.38,16.03,18.5,0.77,0.0,56.73,2.92,0.0,6.93,2.23,2.84,0.0,4.79,2.53,0.0,0.69,0.0,0.0,0
0.0,0.57,1.0,0.57,1.14,0.43,1.86,1.57,1.28,1.71,6.7,0.55,0.0,55.13,1.86,8.58,6.99,1.43,4.73,1.0,4.33,1.0,0.0,0.81,0.57,0.0,0
0.0,0.91,1.91,1.82,0.0,1.82,2.91,3.82,8.29,12.76,27.51,0.27,0.0,81.1,2.27,1.82,23.87,2.0,3.73,0.0,5.34,0.18,0.0,0.55,0.46,1.82,1
0.0,0.0,1.0,0.72,0.28,0.28,1.0,1.0,1.57,0.0,1.28,1.22,0.28,71.53,4.28,0.0,3.85,1.0,0.89,0.0,4.06,2.15,0.0,0.92,0.0,0.0,0
0.46,0.54,1.54,1.54,0.0,2.0,2.07,2.61,5.75,7.49,19.31,0.22,3.72,89.46,2.0,1.07,14.84,1.54,2.85,0.0,6.6,0.46,0.0,0.75,0.27,1.54,0
0.0,0.0,1.0,0.53,0.0,1.9,1.53,1.53,0.53,4.2,4.37,1.04,2.05,23.1,2.47,0.0,2.95,1.53,4.72,0.53,6.32,1.53,0.53,0.66,0.0,0.53,0
0.0,0.0,1.0,0.34,0.0,3.29,1.66,1.0,0.0,0.0,5.29,1.22,1.31,34.27,3.66,0.0,3.66,1.0,2.55,0.0,2.67,1.0,0.0,0.92,0.0,0.66,0
0.0,0.0,1.0,0.0,0.0,3.34,1.33,1.66,0.66,1.33,5.67,1.29,0.67,21.89,2.0,0.0,3.34,1.33,2.38,0.0,3.62,1.0,0.0,0.86,0.0,0.0,0
0.0,0.68,1.0,0.0,0.0,0.17,1.0,1.0,2.49,0.83,2.49,0.75,0.83,13.27,1.66,0.34,6.32,0.83,1.14,1.0,5.2,0.83,0.0,0.62,0.41,0.83,0
0.21,0.21,1.0,1.21,0.0,0.0,1.21,1.0,1.0,3.0,4.22,1.2,0.0,95.92,3.36,0.0,2.07,1.0,2.17,0.21,4.11,2.57,0.0,0.91,0.0,0.0,0
0.0,0.0,1.0,0.0,0.0,0.59,1.12,1.0,0.0,1.76,19.1,0.38,0.47,39.66,1.24,12.46,2.95,2.76,3.67,1.36,5.72,4.8,0.0,0.47,0.0,1.0,0
0.0,0.0,1.0,1.29,0.0,0.14,1.14,1.14,1.72,1.15,1.57,1.05,0.86,97.99,3.86,0.0,2.57,1.14,1.7,0.0,3.35,1.86,0.0,0.96,0.0,0.0,0
0.0,4.98,1.0,1.66,0.0,0.0,2.66,1.0,0.17,4.15,0.0,0.44,0.0,43.12,1.17,0.0,7.63,1.0,7.15,3.83,7.28,2.17,0.0,0.62,0.0,0.0,0
0.0,0.0,1.0,0.0,0.0,0.1,1.0,1.0,0.1,0.0,3.9,1.07,0.3,0.0,2.1,0.1,3.0,1.9,1.45,0.0,2.48,1.9,0.0,0.91,0.0,0.0,0
0.0,0.0,1.0,0.05,0.0,0.0,1.0,6.73,0.05,15.27,34.4,0.14,0.0,76.14,3.09,0.95,6.73,1.95,1.74,0.0,2.3,0.14,0.0,1.0,0.0,0.0,0
0.0,2.39,1.0,0.6,0.0,0.8,1.0,1.0,0.6,0.0,0.6,2.03,0.0,60.21,4.2,0.4,0.6,1.0,0.67,0.0,2.97,1.81,0.0,0.68,0.0,0.0,0
0.0,0.47,1.0,0.0,0.0,0.16,1.92,1.92,3.69,8.29,11.98,0.41,0.0,77.42,1.16,1.92,2.76,1.92,2.67,0.0,2.49,0.0,0.0,0.89,0.0,0.0,0
1.72,0.0,1.0,2.14,0.0,1.14,1.57,1.57,0.0,2.29,3.14,0.9,1.14,93.13,2.43,0.0,4.72,1.57,2.3,0.0,4.32,1.0,0.0,0.83,0.0,0.0,0
0.0,0.0,1.0,0.0,0.0,0.67,1.0,1.0,0.33,0.67,1.67,1.67,0.0,0.0,2.99,0.67,1.32,1.0,2.33,2.0,3.01,2.0,0.0,0.73,0.0,0.0,0
0.77,0.0,1.0,1.54,3.08,0.92,1.0,1.0,0.0,0.0,4.69,0.84,0.23,30.76,1.23,0.23,1.69,1.0,2.76,0.0,2.43,1.0,0.0,0.99,0.0,0.23,0
0.0,0.0,1.0,1.97,0.0,0.97,1.24,1.0,0.76,0.48,2.69,1.38,0.0,91.78,4.03,0.0,0.76,1.0,1.48,0.0,3.23,1.76,0.0,0.92,0.76,0.76,0
0.95,0.0,1.95,0.95,6.67,1.0,1.95,5.76,0.0,1.0,23.92,0.36,0.0,78.14,2.0,3.86,3.81,1.95,2.04,0.09,2.58,1.05,0.0,0.61,0.0,0.0,0
0.0,0.0,1.0,0.92,0.0,0.08,1.0,1.0,0.0,3.77,13.15,0.56,0.0,69.19,1.92,0.0,2.0,2.0,6.82,0.08,1.68,1.0,0.0,0.56,0.0,0.0,0
0.0,0.0,1.0,0.0,0.0,4.79,1.0,1.0,0.0,0.0,7.0,1.14,1.0,0.0,2.21,0.0,5.21,1.0,2.57,0.0,4.8,1.0,0.0,1.0,0.0,0.0,0
2.97,0.0,1.0,0.0,2.97,0.01,1.0,1.0,2.99,0.1,2.46,0.21,0.99,0.97,6.94,0.05,6.03,1.01,1.51,0.0,4.46,0.99,0.0,0.97,0.99,1.01,0
2.27,0.0,1.73,0.37,1.0,7.73,2.83,2.27,3.81,0.63,6.71,0.68,2.0,40.48,2.27,1.27,1.9,1.0,2.88,0.0,7.84,1.0,0.0,0.62,0.0,0.63,0
0.0,0.0,1.0,3.88,0.0,0.55,2.11,1.0,0.45,0.55,1.66,1.73,1.11,43.77,2.89,0.0,0.55,1.0,1.29,0.55,3.59,1.0,0.0,0.7,0.55,0.0,0
0.0,3.18,1.0,0.0,0.0,0.35,1.0,1.0,0.65,1.94,4.53,1.39,0.0,40.12,1.94,0.35,1.0,0.65,1.56,0.0,1.24,1.0,0.0,0.83,0.0,0.0,0
0.0,0.0,1.0,0.24,0.76,0.0,1.24,1.76,7.58,10.1,11.34,0.34,0.0,81.85,1.48,0.0,2.0,1.76,1.59,0.24,2.46,1.0,0.0,0.88,0.0,0.76,0
0.0,0.0,1.0,0.0,0.15,2.56,2.85,1.0,2.56,5.41,2.59,0.39,0.15,64.53,2.0,0.85,3.0,1.0,2.97,0.15,5.63,1.0,0.0,1.0,0.0,0.0,0
0.8,0.0,1.0,0.0,0.0,0.59,2.61,1.0,0.2,3.61,3.39,0.47,0.8,51.47,1.0,0.0,3.41,1.8,3.63,1.61,6.15,1.8,0.0,0.91,0.8,0.2,0
0.86,0.0,1.0,0.86,0.0,1.72,1.0,1.0,0.14,7.76,20.69,0.96,0.14,75.88,2.28,0.41,5.31,1.0,14.38,1.41,1.72,1.14,0.0,0.47,0.0,0.86,0
0.0,0.98,1.0,1.0,0.0,0.24,1.24,1.98,0.49,4.42,10.37,0.95,0.0,65.62,2.76,0.24,5.89,1.24,8.22,0.76,2.56,0.76,0.0,0.52,0.0,0.24,0
0.0,0.52,1.0,0.48,0.0,2.03,1.0,1.0,0.0,18.89,41.17,2.67,0.0,46.98,0.97,2.58,14.08,0.48,7.98,7.19,1.58,1.0,0.0,0.58,0.32,1.45,0
0.65,0.68,1.0,1.0,0.0,0.68,2.35,1.0,0.0,3.38,2.0,0.38,1.0,49.98,1.68,0.0,3.71,1.32,4.19,1.68,7.09,1.32,0.0,0.59,0.0,0.0,0
0.23,3.53,1.0,2.65,5.24,0.0,2.77,1.0,0.0,7.07,11.31,0.14,0.88,68.03,1.0,0.0,15.14,1.0,4.09,0.88,5.09,0.88,0.0,0.67,0.59,0.0,0
0.0,0.0,1.0,0.19,0.0,1.36,1.39,1.0,0.81,0.0,0.58,1.83,2.55,0.0,4.19,19.34,1.39,1.0,21.11,20.72,5.53,4.94,0.0,0.98,0.19,0.0,0
0.0,0.0,1.0,0.0,0.27,0.0,1.27,1.0,1.46,3.46,15.5,0.32,0.27,73.19,1.27,1.46,4.46,2.46,1.84,0.27,2.2,1.0,0.0,0.94,0.73,0.73,0
2.79,0.0,1.0,1.86,0.0,0.28,1.93,3.79,0.93,14.87,19.08,0.24,0.07,70.62,2.07,0.0,2.21,1.93,3.98,1.86,3.79,1.0,0.0,1.0,0.0,0.0,0
0.0,0.0,1.0,0.89,0.0,8.97,1.0,1.0,0.0,0.11,1.11,0.65,13.29,0.0,2.89,0.11,0.89,1.0,2.89,2.89,18.11,17.94,0.0,0.75,0.0,0.0,0
0.0,0.0,1.0,0.0,0.0,2.47,1.38,1.0,0.76,0.0,5.47,1.02,0.62,0.0,2.62,0.38,8.21,1.0,2.81,0.0,3.61,1.0,0.0,0.71,0.38,1.0,0
0.0,0.0,1.0,0.0,0.0,3.19,1.0,1.0,0.0,0.81,3.74,2.35,0.19,0.0,1.37,0.0,1.3,1.81,1.56,0.81,1.9,1.0,0.0,0.74,0.0,0.0,0
0.0,0.0,1.0,1.25,0.0,0.63,1.37,1.37,0.63,6.27,17.68,0.32,2.61,55.8,1.63,0.63,7.86,2.0,1.47,1.0,6.27,1.75,0.0,0.73,1.0,1.88,1
0.0,1.95,1.0,0.0,0.0,5.0,1.05,1.0,0.0,0.0,0.13,4.04,0.13,0.0,2.03,1.97,0.26,1.0,1.09,1.08,1.51,0.94,0.0,1.0,0.0,0.03,0
0.73,0.0,1.0,0.73,0.73,1.36,1.0,1.0,0.0,3.64,13.55,0.53,0.27,55.29,2.0,0.0,2.82,2.46,6.78,0.0,2.86,1.0,0.0,0.62,0.0,0.27,0
0.0,0.0,1.0,0.0,0.0,0.76,1.81,1.0,0.81,0.0,1.34,0.61,1.0,0.0,4.62,1.57,4.0,1.0,2.66,1.62,32.79,32.55,0.81,0.75,0.0,0.19,0
0.0,0.0,1.0,1.0,0.0,0.0,1.0,1.28,0.86,0.14,1.42,1.36,0.14,86.0,3.86,0.0,1.42,1.14,1.07,0.14,4.06,2.86,0.0,1.0,0.14,0.0,0
0.22,0.0,1.0,0.11,0.0,3.67,1.11,1.44,0.22,1.2,8.31,1.16,0.89,9.29,2.22,0.0,5.22,1.11,2.5,0.0,4.88,0.89,0.0,1.0,0.0,0.22,0
0.0,0.82,1.0,0.82,0.0,0.82,2.64,1.0,0.0,4.27,2.36,0.4,0.82,35.64,1.82,0.0,4.64,1.18,4.73,1.82,7.41,1.18,0.0,0.6,0.0,0.0,0
0.0,0.0,1.0,0.32,0.0,0.0,1.0,1.0,0.0,2.0,16.26,0.43,0.0,50.05,1.32,9.58,2.0,2.68,2.86,1.0,1.88,1.0,0.0,0.59,0.0,0.68,0
0.0,0.0,1.0,0.32,0.0,3.36,1.0,1.0,0.16,0.0,7.0,1.29,0.84,14.89,3.16,0.0,4.52,1.16,2.68,0.0,3.48,1.0,0.0,0.94,0.0,0.0,0
0.0,0.0,1.0,0.0,0.0,0.0,1.0,1.0,0.0,0.21,4.21,1.09,0.0,4.06,1.93,0.0,2.79,1.93,1.52,0.07,2.42,1.93,0.0,0.94,0.0,0.0,0
0.0,0.0,1.0,0.0,0.0,2.05,1.41,1.0,0.0,0.59,5.23,0.62,0.82,14.73,1.82,0.0,5.05,1.59,3.12,0.59,8.72,1.59,0.0,0.72,0.0,0.0,0
0.0,0.0,1.0,0.03,0.0,4.96,2.0,1.0,0.01,0.05,4.95,0.28,4.03,0.56,3.03,0.99,9.93,1.0,4.39,3.99,35.6,32.71,0.0,0.97,0.01,0.99,0
0.55,0.11,1.0,0.66,0.0,0.11,1.11,1.33,1.1,5.73,62.2,0.11,0.0,10.57,1.0,13.35,27.76,2.22,3.38,0.89,1.66,1.0,0.0,0.38,0.07,1.33,1
0.0,0.54,1.0,0.0,0.0,2.18,1.46,1.0,0.46,0.0,0.0,2.9,0.46,0.0,2.28,1.54,2.37,0.46,1.46,1.46,18.76,18.76,0.46,0.64,0.0,0.0,0
0.0,0.0,1.0,0.0,0.19,0.0,1.9,1.0,2.71,0.0,6.61,0.27,1.0,0.0,2.29,0.0,2.39,1.0,4.49,0.0,2.73,0.19,0.0,0.71,0.1,0.0,0
0.0,0.0,1.18,0.18,0.09,2.73,2.09,1.0,1.82,0.91,1.27,0.93,0.91,6.81,1.91,0.36,2.64,1.09,1.73,0.09,2.53,1.0,0.0,0.6,0.09,0.09,0
0.28,0.0,1.0,1.86,1.14,0.0,1.14,2.0,1.28,6.43,14.57,0.31,0.14,84.43,1.43,0.0,1.57,2.86,5.76,0.86,2.15,1.0,0.0,0.73,0.97,0.86,0
0.0,0.0,1.0,2.32,0.0,0.0,1.66,1.0,3.66,3.64,7.25,0.32,0.34,75.7,5.34,0.66,5.29,1.0,2.11,0.34,4.22,1.34,0.0,0.49,0.66,0.66,0
0.03,0.0,1.0,1.03,0.14,0.97,1.0,1.0,0.0,37.66,82.21,0.42,0.0,95.04,1.97,0.0,27.07,1.0,2.63,0.97,2.19,1.0,0.0,0.65,0.64,2.9,1
0.0,0.0,1.0,0.0,0.0,0.0,1.0,1.0,1.0,0.0,0.0,2.2,0.96,0.0,4.0,22.15,0.96,1.0,23.11,23.11,2.96,2.96,0.0,0.98,0.0,0.0,0
0.62,0.0,1.0,1.0,0.0,1.24,1.62,1.0,1.0,1.24,15.28,0.83,0.0,72.69,2.76,0.62,1.0,1.62,2.7,0.62,3.05,1.14,0.0,1.0,0.0,0.0,0
0.0,0.06,1.0,0.06,0.0,0.06,2.06,1.94,0.0,0.28,2.0,0.25,6.67,2.1,1.06,0.0,10.67,1.94,1.22,1.06,13.69,2.89,0.0,0.98,0.94,0.0,0
0.0,0.0,1.0,1.67,0.33,0.33,1.33,1.0,4.01,2.67,7.0,0.71,1.34,72.67,2.34,0.33,5.67,1.67,6.96,0.0,4.09,1.0,0.0,0.55,0.11,1.0,0
0.0,0.0,1.0,0.0,0.0,0.0,1.0,1.0,0.64,1.0,2.73,0.8,0.0,30.09,2.91,0.0,5.55,2.0,2.33,0.36,2.67,1.36,0.0,0.56,0.0,0.0,0
0.0,0.0,1.0,3.74,0.0,3.16,1.68,1.0,0.0,0.0,3.05,0.62,5.43,47.86,2.32,0.0,1.0,1.0,3.34,3.0,8.72,7.69,0.0,0.66,0.0,0.68,0
0.81,1.68,1.0,0.0,3.25,1.68,1.0,1.0,0.0,0.0,3.25,1.66,0.0,0.0,1.19,1.68,0.75,1.0,1.66,0.56,1.85,0.81,0.0,0.89,0.0,0.19,0
0.0,0.0,1.0,0.73,0.0,0.73,1.27,1.0,0.55,1.45,7.35,0.84,0.0,47.85,2.0,0.27,7.02,1.0,5.47,0.73,2.39,1.0,0.0,0.81,0.27,0.27,0
0.0,0.0,1.0,0.55,0.0,0.45,1.0,1.0,1.66,1.0,1.34,1.15,0.55,27.72,3.77,0.0,2.0,1.45,1.52,1.0,2.81,1.55,0.0,0.7,0.0,0.0,0
0.0,0.0,1.0,0.0,0.0,0.0,1.0,1.0,0.0,1.7,5.06,0.78,0.0,36.27,1.0,0.0,1.94,1.65,2.87,1.0,2.61,1.65,0.0,0.69,0.0,0.0,0
0.23,0.77,1.0,0.23,0.0,0.46,1.0,1.0,0.0,3.62,7.86,0.97,0.0,29.57,1.23,0.0,2.16,1.77,5.82,1.77,1.93,1.0,0.0,0.86,0.0,0.23,0
0.0,0.0,1.0,1.74,0.53,0.26,1.0,1.0,1.53,0.53,6.21,0.57,0.26,90.89,4.53,0.0,4.91,1.74,2.84,0.0,2.5,1.0,0.0,0.58,0.0,0.0,0
3.76,3.42,1.0,2.73,0.68,0.34,1.34,1.0,0.0,11.52,23.42,0.37,0.0,88.71,1.0,15.8,4.73,2.34,5.13,0.0,2.35,1.0,0.0,0.8,0.0,0.0,0
0.0,0.91,1.0,0.91,1.81,0.0,1.0,1.91,0.09,0.0,1.81,1.0,0.09,45.34,1.28,13.88,1.0,1.0,4.91,1.28,2.3,1.09,0.0,1.0,0.91,0.0,0
0.0,0.0,1.0,0.0,0.0,7.28,1.73,1.0,1.73,1.36,3.45,1.24,0.73,20.66,2.73,0.27,1.27,1.27,1.93,0.73,2.85,1.73,0.0,1.0,0.0,0.0,0
0.0,0.0,1.0,1.0,0.0,0.57,2.15,2.72,9.6,11.47,7.31,0.79,1.72,94.27,3.56,0.0,28.53,1.57,4.67,2.15,5.92,1.0,0.0,0.71,0.29,2.15,1
0.0,0.0,1.0,0.0,0.0,0.0,1.0,2.12,0.0,3.81,9.18,1.35,0.0,14.05,1.37,0.19,2.12,2.0,1.42,0.81,1.22,0.81,0.0,0.87,0.0,0.0,0
0.0,0.0,1.0,0.66,0.34,0.0,1.34,1.0,0.66,0.68,2.71,1.15,0.34,77.1,3.97,0.0,1.68,1.0,1.23,0.34,3.83,2.32,0.0,1.0,0.0,0.0,0
0.0,0.0,1.0,0.53,0.0,2.35,1.47,1.0,0.53,0.0,3.83,1.26,0.94,52.9,4.53,0.0,2.41,1.0,1.74,0.0,3.93,2.06,0.0,0.74,0.0,0.47,0
1.06,0.0,1.0,0.06,2.0,0.0,3.88,1.4,3.0,4.29,2.58,0.28,1.0,70.63,2.12,0.94,0.63,1.06,4.54,0.94,5.73,1.0,0.0,0.66,0.04,0.0,0
0.0,0.0,1.0,0.0,0.0,1.86,1.53,1.0,0.53,0.0,3.8,1.03,0.47,0.0,2.47,1.07,3.73,1.0,2.0,0.53,5.33,1.0,0.0,0.55,0.0,0.47,0
0.0,0.0,1.0,0.0,0.91,0.09,1.91,1.0,0.18,2.64,9.58,0.31,0.91,38.33,1.91,0.46,3.55,1.09,1.73,0.91,3.28,0.91,0.0,0.98,0.0,0.18,0
0.7,0.0,1.0,0.65,15.67,6.52,1.0,1.0,0.0,0.0,15.98,0.34,9.78,0.0,2.3,0.0,1.0,1.0,3.15,1.96,13.85,13.03,0.0,0.84,0.0,0.0,0
0.0,0.0,1.0,2.08,0.69,0.69,1.69,1.0,8.64,4.17,4.86,0.89,3.08,52.76,4.69,1.61,9.33,1.0,4.62,1.22,7.33,1.31,0.0,0.82,0.23,2.08,0
2.08,0.0,1.52,0.52,0.0,2.44,2.04,2.04,1.04,10.92,5.96,0.76,0.48,40.55,2.0,0.0,4.52,1.0,4.07,0.0,5.05,1.0,0.0,1.0,0.0,0.0,0
0.0,7.89,1.0,0.0,0.0,1.42,1.0,1.0,0.0,0.0,0.0,3.28,0.0,0.0,0.0,1.0,0.86,0.0,1.77,0.14,1.0,1.0,0.0,0.76,0.0,0.0,0
0.0,0.0,1.0,0.78,0.0,0.0,1.0,1.0,0.78,0.0,1.22,1.21,0.78,77.52,3.78,0.0,2.0,1.22,1.28,0.0,3.11,2.0,0.0,0.95,0.0,0.0,0
0.0,0.68,1.0,0.32,0.0,2.74,1.0,1.0,0.0,1.26,4.43,3.57,0.0,23.71,0.63,1.37,1.32,0.63,2.99,0.68,1.23,1.0,0.0,0.51,0.0,0.0,0
0.0,0.0,1.0,0.0,0.0,0.0,1.01,1.0,0.01,1.98,20.79,0.4,0.0,44.53,1.01,13.87,1.98,2.98,3.55,1.0,1.68,1.0,0.0,0.4,0.0,0.99,0
1.67,0.44,1.0,0.44,1.67,0.44,1.89,1.0,1.67,2.22,2.0,0.26,1.0,16.9,4.78,0.0,5.56,1.0,3.06,0.89,6.2,1.0,0.0,0.82,0.56,0.56,0
0.0,0.0,1.0,0.0,1.0,0.87,1.0,1.13,1.27,1.65,4.4,0.61,0.0,11.67,1.0,0.0,2.0,2.0,1.35,0.0,5.82,1.0,0.0,0.98,0.87,0.13,0
0.58,0.0,1.14,1.0,0.0,0.14,2.14,1.29,2.0,9.02,5.0,0.23,0.0,73.72,1.14,0.0,10.99,2.71,4.21,1.71,4.49,1.0,0.0,0.83,0.0,0.0,0
0.43,0.0,1.0,1.0,0.0,0.86,1.0,1.0,0.57,3.87,10.89,1.17,0.0,94.84,3.71,0.0,3.15,1.0,7.47,0.43,3.29,2.14,0.0,0.47,0.0,0.43,0
0.0,0.0,1.0,0.0,0.0,5.78,1.0,1.0,7.03,3.62,1.19,2.32,0.0,48.83,3.6,18.69,3.81,1.4,7.69,1.6,2.5,1.0,0.0,0.68,0.6,1.6,0
0.0,0.0,1.0,0.0,0.0,0.16,1.0,1.0,0.96,0.0,0.28,2.55,1.0,0.0,3.96,2.88,1.16,1.0,3.94,3.84,2.03,1.96,0.0,1.0,0.0,0.0,0
0.0,0.0,1.0,0.0,0.0,0.0,1.0,1.0,0.0,0.0,2.08,2.97,0.0,0.0,1.0,8.68,0.92,1.46,0.36,0.0,0.46,0.46,0.0,0.64,0.0,0.0,0
0.24,0.0,1.0,0.24,0.0,0.47,1.76,1.0,0.76,2.13,5.68,0.47,0.76,20.83,4.29,0.76,4.47,1.0,5.32,1.76,30.93,30.77,0.76,0.7,0.0,0.24,0
0.0,0.0,1.0,0.37,0.0,0.0,1.63,1.63,3.63,6.05,8.21,0.36,0.37,71.46,2.84,1.26,2.63,1.63,2.43,0.37,3.15,0.74,0.0,0.77,0.0,0.0,0
0.0,0.0,1.22,0.87,0.0,2.56,2.22,1.44,1.56,2.09,1.44,0.85,1.44,7.21,2.0,0.0,2.0,1.22,2.24,1.09,4.3,2.75,0.44,0.68,0.0,0.44,0
0.0,0.0,1.0,0.78,0.44,0.0,1.0,1.0,0.78,0.0,1.44,1.43,0.22,77.98,4.22,0.0,2.1,1.0,0.93,0.0,3.61,2.0,0.0,1.0,0.22,0.0,0
0.58,0.0,1.0,0.0,0.19,5.39,1.0,1.39,1.17,0.19,7.58,1.01,1.19,6.82,2.19,0.39,4.61,1.0,2.56,0.0,5.64,1.0,0.0,0.9,0.0,1.0,0
0.0,0.0,1.39,2.16,0.0,0.39,1.77,1.77,0.61,2.32,1.77,1.2,1.16,74.14,4.46,0.0,1.39,1.39,3.19,1.93,5.6,4.09,0.77,0.69,0.0,0.77,0
0.0,0.0,1.0,1.0,0.0,0.07,1.0,1.0,2.96,3.95,3.96,0.53,0.0,50.39,2.98,0.0,7.93,1.01,3.13,0.02,3.0,1.02,0.0,0.67,0.01,0.0,0
0.0,0.0,1.0,1.4,0.0,0.7,1.0,1.0,1.0,7.0,19.2,0.5,0.6,62.29,2.3,0.7,5.1,1.7,1.83,0.7,2.38,1.3,0.0,0.6,0.7,2.1,0
0.0,0.0,1.0,0.0,0.0,3.62,1.0,1.0,0.0,0.0,6.62,1.35,0.91,0.0,1.91,1.5,4.53,1.0,2.39,0.0,4.66,0.91,0.0,0.95,0.0,0.0,0
0.0,0.0,1.0,0.0,0.0,5.77,1.0,1.0,0.0,0.0,2.57,1.09,0.11,0.0,1.23,0.0,3.11,1.89,1.62,0.89,8.31,7.2,0.0,0.8,0.0,0.11,0
0.0,0.0,1.0,0.0,0.0,0.0,1.23,1.23,0.23,2.77,6.54,0.71,0.0,57.69,1.0,0.0,0.69,1.23,1.78,0.77,1.94,0.77,0.0,0.93,0.0,0.0,0
0.0,0.0,1.0,0.4,0.0,0.0,1.0,1.0,0.4,0.6,2.79,1.11,0.0,55.32,2.62,0.0,2.19,1.6,2.49,0.6,3.55,2.4,0.0,0.72,0.0,0.0,0
0.2,0.0,1.2,0.39,0.0,0.0,2.2,1.0,2.38,0.79,1.0,0.98,0.2,16.36,2.0,1.8,1.38,1.0,1.85,1.0,2.87,1.0,0.0,0.56,0.2,0.39,0
0.0,0.0,1.0,0.0,0.0,0.99,1.01,1.0,1.01,0.0,3.0,0.75,2.98,0.0,2.99,1.0,3.09,1.0,1.02,0.0,2.27,1.0,0.0,0.62,0.01,0.01,0
0.29,0.0,1.0,0.0,0.0,0.0,1.88,1.0,0.88,0.29,1.59,2.86,0.29,16.76,1.59,0.0,1.71,1.71,0.63,0.29,2.6,1.0,0.0,0.85,0.0,0.0,0
0.0,0.0,1.0,0.6,0.0,2.0,1.8,1.0,0.6,0.0,2.6,0.82,2.6,60.08,3.6,0.4,5.19,1.0,2.66,1.6,17.29,15.57,0.0,0.99,0.0,0.4,0
0.0,0.18,1.0,0.0,0.0,0.44,1.0,1.0,0.91,0.0,0.0,3.26,0.0,0.0,3.82,0.18,0.0,1.0,0.09,0.09,0.96,0.91,0.0,0.75,0.0,0.0,0
0.0,0.0,1.0,1.0,0.0,0.0,1.53,1.0,1.53,3.73,3.13,0.93,0.0,85.63,3.81,0.0,6.85,2.06,2.83,1.53,2.91,1.0,0.0,0.67,0.0,0.47,0
0.82,0.0,1.0,0.82,0.82,0.0,1.18,1.0,0.37,4.08,13.05,0.4,0.37,61.98,2.55,0.0,2.74,2.63,6.9,0.0,2.65,1.55,0.0,0.63,0.0,0.0,0
0.0,0.0,1.0,0.77,0.0,0.0,1.23,1.23,0.0,1.54,5.09,0.46,1.6,47.1,1.77,0.0,4.05,2.0,1.26,1.0,4.99,1.46,0.0,1.0,0.23,0.0,0
0.0,2.16,1.0,0.76,0.0,2.16,1.0,1.0,0.0,1.52,4.56,1.88,0.0,46.39,2.0,2.16,2.48,1.76,1.89,1.48,1.85,0.76,0.0,0.86,0.0,0.24,0
0.62,0.62,1.0,1.23,0.0,1.15,1.62,1.0,1.0,9.39,11.77,0.53,0.0,62.55,1.0,0.0,4.08,1.0,5.2,0.62,3.43,1.0,0.0,0.56,0.0,0.38,0
0.53,0.0,1.0,0.47,0.0,0.0,2.59,1.0,1.59,0.53,2.53,0.9,0.53,77.21,3.0,0.0,1.94,1.0,2.31,0.53,4.11,1.0,0.0,0.92,0.0,0.0,0
0.13,0.0,1.0,0.04,0.0,3.82,1.04,1.04,0.09,0.13,6.87,1.22,0.96,3.22,2.0,0.0,4.91,1.04,2.52,0.0,5.12,0.96,0.0,1.0,0.0,0.04,0
1.15,0.0,1.0,1.0,0.93,0.0,1.07,1.07,0.15,4.85,15.11,0.31,0.0,75.7,2.0,0.0,2.07,2.93,7.84,0.0,2.31,0.93,0.0,0.66,0.0,0.07,0
0.0,0.0,1.0,0.0,0.0,2.77,1.0,1.0,0.41,0.0,5.35,1.06,1.82,0.0,2.41,0.41,4.18,1.0,1.92,0.0,3.95,1.0,0.0,0.85,0.0,0.0,0
0.0,0.0,1.0,2.03,0.0,1.97,1.0,1.68,0.68,0.68,6.32,0.55,1.68,67.67,2.0,0.0,5.68,1.68,2.47,0.68,5.04,1.68,0.0,0.57,0.32,1.32,0
0.56,0.0,1.0,4.19,0.0,0.44,1.87,1.56,3.94,2.69,5.81,0.43,0.87,79.56,3.69,0.0,5.5,1.56,2.08,0.44,3.88,0.44,0.0,0.83,0.72,0.56,0
0.0,0.0,1.0,0.0,0.21,4.15,1.0,1.0,0.64,0.0,5.94,1.1,1.0,0.0,3.42,0.0,6.27,1.0,2.15,0.0,4.15,0.79,0.0,0.57,0.0,0.79,0
0.0,0.0,1.0,0.99,0.0,0.0,1.01,1.0,0.99,0.0,1.0,1.62,0.02,98.93,3.99,0.0,1.0,1.0,1.0,0.01,2.52,2.02,0.01,0.52,0.01,0.01,0
0.0,0.0,1.0,0.0,0.0,0.0,1.0,1.0,0.21,0.62,4.62,0.99,0.0,12.84,2.21,0.0,2.59,1.79,1.47,0.0,2.27,1.79,0.0,0.93,0.0,0.0,0
0.0,0.0,1.0,0.0,0.0,0.0,1.0,1.0,0.76,0.96,4.81,1.77,0.76,20.93,3.28,24.0,1.24,1.24,20.28,18.98,2.55,2.52,0.0,0.95,0.0,0.0,0
0.0,0.0,1.0,0.0,0.0,0.72,1.0,1.0,0.28,0.72,1.45,1.35,0.83,0.0,2.28,0.0,0.83,1.0,1.81,1.45,3.57,3.21,0.0,1.0,0.0,0.0,0
0.0,0.0,2.72,1.72,0.86,0.0,2.72,1.0,0.14,0.43,4.43,0.5,0.0,73.15,1.28,3.43,7.86,1.86,7.92,0.86,4.06,1.0,0.0,0.69,0.86,0.86,0
0.0,1.27,1.0,0.68,0.0,0.0,1.0,1.0,0.68,0.0,0.68,1.75,0.0,68.22,2.73,0.0,1.0,0.68,1.0,0.32,2.73,2.05,0.0,1.0,0.0,0.0,0
0.0,0.0,1.83,1.83,0.83,0.17,2.0,1.0,0.83,1.66,9.3,0.36,1.36,65.55,1.17,0.0,5.32,2.66,6.73,0.51,4.22,3.04,0.17,0.93,0.17,1.66,0
0.63,0.0,1.0,0.63,0.0,2.74,1.63,1.0,0.63,1.26,17.71,0.75,0.37,35.27,2.0,1.0,2.11,1.63,3.57,0.63,3.17,0.37,0.0,0.98,0.0,0.37,0
0.44,1.67,1.0,0.0,0.88,1.67,2.33,1.0,1.33,1.77,0.88,2.92,0.44,30.95,0.88,1.56,0.0,0.44,4.29,2.67,3.06,1.0,0.0,0.62,0.0,0.0,0
0.0,0.0,1.0,0.85,0.0,0.61,1.0,1.0,0.85,0.0,1.92,1.51,0.15,84.73,4.54,0.0,1.61,1.0,1.24,0.0,3.79,1.85,0.0,0.97,1.0,1.15,0
0.0,0.0,1.0,0.6,0.0,1.6,1.0,1.0,1.2,0.0,3.39,1.1,0.4,39.67,4.8,0.0,3.8,1.0,1.83,0.0,2.69,1.0,0.0,0.71,0.0,0.0,0
0.18,0.36,1.0,0.91,0.18,0.0,1.18,1.54,1.18,3.63,8.91,0.25,0.82,15.07,5.64,1.18,1.63,1.36,3.53,0.0,6.22,2.46,0.0,0.81,0.09,1.0,0
0.0,0.0,1.0,0.0,0.0,0.0,1.0,1.0,0.0,0.77,4.23,0.71,0.0,19.22,1.23,0.0,3.46,1.77,2.69,0.77,4.16,2.93,0.0,0.56,0.0,0.23,0
0.0,0.0,1.0,1.0,0.0,0.0,1.0,1.0,0.0,1.22,5.22,1.06,0.0,60.22,2.78,0.0,1.22,1.22,7.66,1.0,1.44,1.0,0.0,0.59,0.0,0.0,0
0.0,1.22,1.0,1.19,0.0,2.97,1.59,1.0,2.38,10.1,10.1,1.6,0.0,52.26,1.78,0.41,2.38,1.78,2.64,1.0,3.22,0.59,0.0,0.66,0.0,0.0,0
1.58,0.0,1.0,0.0,1.58,0.0,1.0,1.0,1.58,0.0,2.95,0.64,0.53,0.0,4.63,0.0,4.58,1.47,1.5,0.0,3.55,1.47,0.0,0.96,0.53,0.53,0
0.0,0.0,1.83,3.31,0.17,1.17,3.34,2.66,0.0,5.14,2.83,0.43,2.66,35.92,2.0,0.0,2.0,1.83,6.55,4.49,10.25,8.14,1.66,0.97,0.0,1.66,0
0.0,0.0,0.76,0.0,0.0,0.0,0.76,1.0,0.0,16.94,45.72,0.31,0.0,0.0,0.76,11.43,19.81,1.52,2.62,0.76,1.08,0.76,0.0,0.42,0.0,1.24,1
0.0,0.0,1.0,0.71,0.0,0.0,1.0,1.0,1.58,0.0,1.0,1.26,0.0,70.88,3.71,0.0,2.46,1.0,1.36,0.0,3.34,2.42,0.0,0.95,0.0,0.0,0
0.89,0.0,1.22,0.22,0.0,3.33,1.44,1.44,0.44,4.66,6.56,0.97,0.78,17.32,2.78,0.0,5.78,1.0,3.21,0.0,5.01,1.0,0.0,1.0,0.0,0.0,0
0.0,0.0,1.0,0.37,0.63,1.26,3.89,1.37,0.37,3.6,2.0,0.45,1.74,47.77,2.0,0.0,2.0,1.37,6.25,1.63,7.23,3.26,0.37,0.91,0.0,0.37,0
0.0,0.0,1.0,0.87,0.0,0.51,1.0,1.0,0.0,1.74,6.13,0.56,0.13,53.19,2.13,0.0,2.77,1.87,1.49,0.87,3.13,1.0,0.0,0.94,0.0,0.13,0
0.0,0.0,1.0,0.32,0.0,1.9,1.0,1.0,0.68,0.68,2.37,1.51,0.0,34.15,3.05,0.0,2.68,2.0,1.49,0.63,2.32,1.63,0.0,0.99,0.32,0.68,0
0.0,0.0,1.0,0.0,0.93,1.87,4.8,1.0,0.13,0.93,1.87,0.58,1.07,46.74,2.2,0.0,2.26,1.0,5.64,1.87,5.0,4.0,0.0,0.97,0.0,0.0,0
0.0,0.0,1.0,0.73,0.24,2.51,2.76,1.0,5.18,6.0,3.21,0.33,0.97,71.46,2.73,1.0,5.43,1.0,3.61,0.0,6.89,1.0,0.0,0.94,0.08,0.73,0
0.0,0.71,1.0,0.18,0.0,2.82,2.82,1.0,2.82,5.65,2.35,0.42,0.0,69.65,2.0,0.82,3.35,1.0,3.08,0.0,5.5,1.0,0.0,0.92,0.0,0.0,0
0.0,0.1,1.0,0.0,0.0,0.1,1.0,6.94,0.0,15.83,35.62,0.14,0.0,74.21,2.99,1.08,6.97,1.99,1.8,0.03,2.17,0.0,0.0,0.99,0.0,0.01,0
0.66,0.0,1.0,0.0,0.0,3.39,3.32,1.66,11.91,3.3,8.27,0.57,1.0,59.45,3.0,1.32,0.34,1.66,2.15,0.34,4.74,0.68,0.0,1.0,0.0,0.0,0
0.0,23.24,1.0,0.68,0.0,1.0,1.0,1.0,0.63,2.85,22.44,0.85,0.0,97.15,1.0,2.95,13.1,2.0,3.05,0.68,0.64,0.0,0.0,0.65,0.68,1.32,1
0.16,0.0,1.0,0.16,0.32,1.48,1.16,1.0,2.8,8.52,39.23,0.43,0.0,90.52,1.16,5.0,7.72,1.84,2.42,0.16,1.51,0.16,0.0,0.68,0.16,1.68,0
1.44,0.0,1.0,1.0,0.0,1.56,2.0,1.22,1.22,2.22,19.62,0.36,0.0,59.51,2.0,0.78,1.44,2.0,3.23,0.78,3.19,0.0,0.0,1.0,0.0,0.22,0
2.52,0.5,1.0,3.52,0.0,0.5,1.5,2.51,5.54,22.17,40.81,0.82,0.0,97.98,2.49,0.0,21.66,2.51,2.0,0.0,3.79,1.99,0.0,0.82,0.3,2.02,1
1.16,0.0,1.39,0.0,0.0,0.77,1.39,1.39,1.16,3.48,5.55,0.92,0.0,29.37,1.61,0.0,4.16,2.39,2.05,0.0,2.83,1.23,0.0,0.83,0.0,0.77,0
0.0,0.0,1.0,0.02,0.0,3.92,1.0,1.0,0.0,0.02,7.0,1.2,0.98,1.42,2.96,0.0,5.92,1.02,2.68,0.0,4.51,1.0,0.0,0.99,0.0,0.0,0
0.82,0.0,0.27,0.0,0.27,1.92,0.27,1.55,1.64,49.63,2.74,0.91,0.55,9.6,0.82,0.55,0.82,0.27,0.69,0.0,2.44,0.27,0.0,0.64,0.0,1.73,0
0.0,0.0,1.0,0.0,0.09,0.0,2.0,1.0,2.72,0.28,7.0,0.23,0.91,5.73,1.91,0.0,1.81,1.0,4.65,0.09,2.54,0.09,0.0,0.68,0.0,0.0,0
0.0,2.74,1.0,0.0,0.0,5.47,1.0,1.0,0.0,0.18,1.85,5.05,0.0,3.96,1.91,3.06,1.09,1.18,1.53,1.0,0.15,0.09,0.0,0.95,0.91,0.09,0
0.23,0.0,1.0,0.12,0.0,3.54,1.0,1.0,0.0,0.0,6.42,0.83,1.0,8.7,2.77,0.0,7.19,1.12,2.56,0.12,8.1,1.12,0.0,0.52,0.0,0.88,0
0.0,0.0,1.0,1.0,0.5,0.0,1.5,1.0,1.0,2.01,11.54,0.72,0.5,92.97,2.49,0.0,7.02,1.5,1.21,0.0,2.32,1.0,0.0,0.74,0.0,1.0,0
0.0,0.0,1.0,0.39,0.0,1.84,1.61,1.0,2.39,2.16,2.16,0.79,0.61,19.75,2.39,0.0,4.32,1.0,1.83,0.0,2.59,1.0,0.0,0.62,0.0,0.0,0
0.0,0.0,1.0,1.9,0.0,4.5,1.9,1.0,3.6,15.5,15.9,0.53,0.0,85.3,2.9,0.0,3.8,2.9,3.52,1.0,5.12,1.0,0.0,0.87,0.0,0.0,0
0.0,0.0,1.0,0.0,0.0,4.0,1.0,1.0,0.0,0.0,7.0,1.15,1.0,0.0,3.0,1.81,6.19,1.0,3.86,0.0,5.73,1.0,0.0,0.54,0.0,1.0,0
0.0,0.0,1.0,0.04,0.0,1.96,1.96,1.0,1.92,1.04,2.3,0.85,0.0,2.8,2.96,0.0,0.17,1.0,2.42,1.0,2.7,1.0,0.0,1.0,0.96,0.0,0
0.63,0.0,2.27,0.63,0.63,5.7,4.17,1.0,0.0,0.73,8.34,0.57,1.27,48.17,1.0,5.14,0.73,1.73,3.53,0.37,4.41,1.0,0.0,0.56,0.0,0.37,0
2.78,0.0,1.07,1.07,0.07,0.0,2.0,1.93,1.93,2.93,4.52,0.18,0.0,72.52,1.93,0.0,3.22,2.07,1.9,0.0,4.5,0.07,0.0,0.98,0.0,1.07,0
0.0,0.0,1.0,0.3,0.0,0.6,1.6,1.0,0.3,2.81,14.04,0.52,1.79,61.08,1.3,16.85,2.89,1.7,4.68,0.89,3.19,3.09,0.6,0.68,0.0,0.3,0
0.0,0.23,1.0,0.77,0.0,2.08,1.0,1.0,2.31,0.77,0.0,1.95,0.77,38.47,4.62,0.69,1.54,0.77,1.51,1.0,3.08,1.54,0.0,0.57,0.0,0.0,0
0.75,0.0,1.0,0.75,0.0,1.49,1.0,1.0,0.0,6.96,19.67,0.73,0.0,69.15,1.75,0.0,4.47,1.25,12.36,0.75,1.73,1.0,0.0,0.45,0.0,0.75,0
0.0,6.44,1.0,0.0,0.0,1.51,1.62,1.0,1.86,0.0,4.35,1.3,0.62,0.0,1.24,0.38,1.24,0.62,3.42,0.38,1.64,0.0,0.0,0.8,0.0,0.0,0
0.0,0.0,1.0,0.42,0.0,2.32,1.0,1.0,0.42,0.0,4.49,1.4,0.58,41.9,3.84,0.0,3.32,1.0,1.91,0.0,3.46,1.84,0.0,1.0,0.0,0.0,0
1.85,0.0,1.07,3.85,0.07,0.93,2.0,3.78,0.07,14.05,8.22,0.17,0.93,66.95,1.93,0.0,5.07,2.07,5.0,1.85,6.2,1.93,0.0,0.93,0.93,0.15,0
2.5,0.0,1.0,2.08,0.0,1.75,1.42,1.42,0.0,8.09,20.93,1.59,0.0,38.36,1.0,0.0,6.67,2.0,2.26,1.0,2.48,1.0,0.0,0.61,0.0,0.42,0
1.61,0.0,1.0,0.8,1.61,0.78,1.8,6.63,2.41,7.24,11.02,0.28,1.0,65.16,3.61,0.0,9.83,1.8,2.44,0.0,6.55,1.0,0.0,0.69,0.82,0.39,0
0.0,1.0,1.9,1.8,0.0,2.69,2.8,3.7,8.11,12.61,27.02,0.85,0.0,80.17,1.8,2.1,23.42,1.8,3.72,0.1,4.93,0.0,0.0,0.54,0.45,1.8,1
1.15,0.23,1.0,1.38,0.0,2.54,1.23,1.69,10.77,14.74,18.4,0.67,0.0,84.45,3.31,23.87,13.51,1.69,8.73,1.54,3.13,1.0,0.0,0.73,0.91,2.46,1
0.72,0.0,1.0,0.0,0.0,0.84,3.16,1.72,12.53,4.16,10.04,0.37,0.72,74.07,2.44,1.44,0.28,1.72,2.49,0.0,4.52,0.28,0.0,0.88,0.0,0.28,0
0.0,0.0,1.0,0.73,0.0,0.81,1.0,1.0,3.0,2.91,2.91,0.87,0.0,37.15,3.54,0.0,5.83,1.0,2.38,0.0,2.64,1.0,0.0,0.63,0.0,0.0,0
1.69,0.0,1.0,1.0,0.0,0.0,1.56,1.56,1.13,1.69,3.13,0.86,0.0,84.21,2.44,0.0,3.0,1.56,1.9,0.0,3.29,0.44,0.0,0.91,0.0,0.56,0
0.0,0.33,1.0,0.92,0.0,0.08,1.0,2.83,0.0,0.92,3.67,0.5,0.92,0.0,2.75,0.17,3.92,1.83,1.46,1.0,6.92,1.83,0.0,0.95,0.92,0.0,0
0.0,0.0,1.04,0.18,0.0,0.04,1.09,1.09,0.0,6.96,24.02,0.23,0.13,75.04,1.04,0.0,0.09,3.91,3.09,1.18,2.34,1.36,0.09,0.9,0.0,2.0,0
0.0,5.82,2.32,1.32,0.66,1.37,2.32,1.0,0.0,0.0,2.63,1.39,0.0,49.33,0.66,2.97,5.92,1.32,6.26,1.0,2.98,0.66,0.0,0.78,0.66,0.66,0
0.0,0.0,1.0,0.86,0.0,0.0,1.86,1.86,1.0,6.9,1.72,0.66,2.59,37.92,2.28,0.0,1.72,1.86,5.75,0.86,9.62,1.86,0.86,0.76,0.0,0.86,0
0.0,0.0,1.7,1.39,0.7,0.91,1.7,1.0,1.61,1.39,7.66,0.82,0.0,54.98,2.22,0.0,4.18,2.39,5.32,0.0,2.19,1.0,0.0,0.83,0.0,1.39,0
2.0,4.0,1.0,3.0,0.0,0.0,2.0,2.0,5.0,9.0,1.0,0.26,0.0,80.0,2.0,0.0,9.0,1.0,3.0,1.0,4.58,1.0,0.0,1.0,1.0,0.0,0
0.0,0.0,1.0,0.68,0.0,0.0,1.0,1.0,1.0,0.0,0.68,1.78,0.32,68.01,4.0,7.68,1.0,1.0,8.68,8.0,3.34,2.32,0.0,1.0,0.0,0.0,0
1.26,0.0,1.0,0.0,1.26,0.0,1.0,1.0,1.84,0.0,6.06,0.26,1.0,0.0,7.0,0.0,5.42,1.0,1.15,0.0,3.57,1.58,0.0,0.88,0.42,0.42,0
2.96,0.0,1.0,2.96,1.97,0.09,1.99,1.0,0.0,0.0,4.96,0.19,0.0,65.02,1.0,0.0,3.0,1.01,1.99,0.01,5.43,1.1,0.0,1.0,0.99,0.0,0
1.53,0.0,1.0,2.02,0.0,0.75,2.75,3.49,11.93,19.49,20.66,0.12,2.24,90.51,1.0,0.0,40.6,2.0,6.15,2.49,8.03,1.0,0.0,0.76,0.37,2.49,1
1.63,0.0,1.0,0.95,0.0,0.63,3.37,1.32,2.05,1.95,3.32,0.18,1.32,66.78,2.68,0.0,2.58,1.32,2.14,0.68,6.43,1.0,0.0,0.95,0.0,0.0,0
1.1,0.0,1.0,0.55,0.0,1.35,1.0,1.0,0.0,0.0,1.55,1.18,0.55,41.18,1.45,0.0,1.45,1.55,1.37,0.55,4.73,3.35,0.0,0.72,0.0,0.45,0
0.0,1.0,1.0,0.25,0.0,0.5,1.25,1.0,2.75,1.0,1.75,0.65,0.0,16.92,2.75,0.0,5.75,1.0,2.31,0.0,2.11,1.0,0.0,0.77,0.0,0.0,0
0.64,0.0,1.0,0.0,14.34,0.0,1.68,1.68,0.68,0.0,15.38,0.39,0.0,0.0,3.73,0.0,1.68,1.68,1.55,0.0,3.47,1.36,0.0,0.83,0.0,0.0,0
0.0,0.0,1.0,0.0,0.0,0.0,1.0,1.0,0.73,3.93,23.43,0.28,0.0,55.58,1.73,4.76,8.45,2.0,2.19,0.27,2.18,1.0,0.0,0.82,0.0,0.27,0
0.6,0.0,1.0,0.0,0.2,5.4,2.6,1.4,1.19,0.2,6.0,0.33,4.4,6.97,3.0,1.2,8.61,1.0,4.03,3.2,32.85,29.03,0.0,0.9,0.0,1.0,0
0.0,0.0,1.0,0.0,0.49,2.51,2.96,1.0,0.0,1.0,2.51,1.62,0.49,24.51,1.49,0.0,0.98,1.51,3.62,1.49,2.96,2.47,0.0,0.84,0.0,0.0,0
0.0,3.51,1.0,1.0,0.0,1.76,1.88,1.0,1.76,3.64,4.12,0.61,0.0,67.03,2.12,0.0,4.51,1.0,3.34,0.12,2.96,1.0,0.0,0.54,0.0,0.0,0
1.2,0.24,1.0,2.2,0.0,0.24,1.24,1.72,2.4,10.55,20.7,1.37,0.0,99.04,2.52,0.0,12.35,1.72,2.61,0.0,2.0,1.0,0.0,0.78,0.14,0.96,0
0.0,0.0,1.0,0.51,0.0,3.09,1.0,1.0,0.0,0.0,2.46,1.92,0.0,0.0,1.49,0.0,2.49,2.0,1.76,1.03,2.76,2.51,0.0,0.97,0.51,0.0,0
0.0,0.0,1.99,1.99,0.99,0.0,1.99,1.0,1.01,1.98,10.9,0.36,0.0,78.86,1.05,0.0,5.97,2.98,7.44,0.0,2.42,1.0,0.0,0.95,0.0,1.98,0
0.0,0.0,1.0,0.0,0.0,3.65,1.0,1.0,0.09,0.0,7.09,1.07,1.0,0.0,3.27,0.09,6.38,1.0,2.66,0.0,5.92,1.18,0.0,0.98,0.0,0.09,0
0.0,0.0,1.0,0.0,0.0,5.57,1.0,1.0,1.0,0.0,1.67,3.71,0.44,0.0,3.44,1.33,1.56,1.56,3.72,2.33,1.86,1.44,0.0,0.76,0.0,0.56,0
0.0,0.0,1.0,0.0,0.0,4.81,1.0,1.0,0.0,0.0,7.0,1.25,1.0,0.0,3.0,0.0,5.19,1.0,2.57,0.0,4.22,1.0,0.0,0.62,0.0,0.81,0
0.0,0.0,1.0,0.94,0.0,0.94,1.47,1.0,1.0,1.88,4.71,0.24,3.35,19.26,5.53,0.53,2.35,1.0,3.76,1.41,13.34,7.23,0.0,0.67,0.23,0.53,0
0.0,0.0,1.4,1.59,0.0,0.4,1.8,1.8,0.6,2.39,1.19,1.06,1.19,13.12,2.0,0.0,1.4,1.4,4.46,3.8,6.31,5.39,0.8,0.96,0.0,0.8,0
1.86,0.0,1.57,1.43,3.99,0.57,2.0,5.14,0.43,7.44,22.85,0.22,0.0,79.42,2.0,2.28,3.14,2.0,2.92,0.86,3.11,1.0,0.0,0.78,0.0,0.0,0
0.16,0.0,1.16,0.31,0.0,3.37,1.31,1.0,2.94,0.63,1.0,1.3,0.16,12.99,2.0,0.16,1.94,1.0,0.52,0.16,2.38,1.0,0.0,0.52,0.16,0.31,0
0.39,0.78,1.0,0.59,0.0,2.41,1.2,1.2,0.98,2.57,2.61,2.16,0.0,15.67,1.2,0.0,1.76,1.8,1.66,1.0,1.7,1.0,0.0,0.74,0.2,0.0,0
0.0,0.0,1.6,0.6,0.0,4.0,1.6,2.2,1.8,1.8,5.8,0.8,1.0,44.99,2.0,0.0,3.8,1.6,2.3,0.0,3.93,1.0,0.0,1.0,0.0,0.0,0
0.0,0.52,0.09,0.0,0.0,0.0,0.09,2.3,0.0,62.35,4.96,0.91,0.0,8.26,0.26,0.09,2.0,0.17,0.26,0.0,0.35,0.0,0.0,0.67,0.04,2.09,0
0.0,0.0,1.0,0.0,0.0,0.0,1.0,1.0,0.5,1.01,7.55,0.64,0.99,23.18,1.99,0.0,3.5,1.0,2.97,1.01,3.14,1.5,0.0,0.67,0.0,0.0,0
0.0,0.0,1.0,0.0,0.0,0.0,1.0,1.0,1.01,0.0,0.0,2.18,1.0,0.2,4.0,22.94,1.0,1.0,23.95,23.94,3.01,3.0,0.0,1.0,0.0,0.0,0
1.62,0.0,1.77,0.38,28.1,3.46,2.92,1.0,0.0,0.0,27.48,0.31,0.77,19.2,1.0,0.0,0.62,1.0,3.46,0.0,3.75,0.38,0.0,0.86,0.0,0.0,0
0.0,0.37,1.0,0.0,0.0,0.0,1.0,1.0,0.0,2.72,11.81,0.58,0.0,58.12,0.91,0.0,0.09,0.91,3.51,1.0,1.4,0.91,0.0,0.83,0.0,0.0,0
0.0,1.31,1.0,0.0,0.0,4.31,1.0,1.0,1.04,0.0,0.0,3.36,0.0,0.0,3.04,1.31,0.0,1.0,0.77,0.65,0.9,0.35,0.0,0.84,0.0,0.0,0
1.37,2.73,1.0,2.05,0.0,1.27,1.68,1.68,3.41,6.14,2.9,0.61,0.32,54.6,2.32,0.0,7.41,1.0,2.86,0.68,4.08,1.0,0.0,0.99,0.68,0.32,0
0.7,0.0,1.0,1.41,2.81,1.48,1.3,1.0,0.0,0.0,4.89,0.77,0.59,28.15,1.89,0.0,1.89,1.0,2.59,0.0,2.38,1.0,0.0,0.99,0.0,0.3,0
0.0,0.0,1.0,0.1,0.0,0.0,1.0,1.0,1.21,0.42,0.42,0.95,0.0,5.3,3.0,0.0,3.52,1.0,3.91,3.58,4.79,4.58,0.0,0.97,0.0,0.0,0
0.0,0.31,1.0,1.69,0.0,1.69,2.31,1.0,0.69,4.31,1.31,0.24,4.47,40.08,4.08,0.0,5.0,1.0,4.31,2.69,17.13,8.64,0.0,0.59,0.35,0.0,0
1.16,0.0,1.0,1.0,0.0,0.58,1.58,3.31,1.58,6.37,11.42,0.77,0.0,91.32,4.0,0.0,4.47,1.58,1.53,0.0,3.27,1.26,0.0,0.99,0.0,1.16,0
0.37,0.0,1.37,0.74,0.0,0.63,2.37,1.63,3.57,2.1,2.26,0.41,0.37,30.53,3.9,0.37,3.84,1.0,2.16,1.0,4.15,1.63,0.0,0.54,1.0,0.74,0
0.0,0.0,1.0,0.0,1.06,0.0,1.0,1.0,2.12,0.47,4.35,0.68,0.0,6.57,4.18,0.53,1.06,1.47,1.09,0.0,2.2,1.0,0.0,0.57,0.53,0.0,0
1.04,0.0,1.0,1.0,1.04,0.0,1.52,4.63,1.55,4.66,7.18,0.89,0.52,90.15,3.52,0.0,7.15,1.52,2.45,0.0,4.26,1.0,0.0,0.72,0.4,0.0,0
0.19,0.0,1.37,0.19,0.19,1.69,1.94,1.0,0.0,5.69,20.5,0.3,0.37,71.94,1.0,0.0,0.0,3.44,3.03,0.81,2.68,1.0,0.0,0.85,0.0,1.63,0
0.08,0.0,1.08,0.16,0.0,0.0,1.16,1.0,0.62,0.31,1.92,1.17,0.08,6.43,2.92,0.08,2.39,1.92,0.72,0.08,3.57,1.92,0.0,0.74,0.08,0.16,0
0.0,3.94,1.0,0.01,0.0,0.99,1.01,1.0,0.0,0.1,0.84,2.6,0.0,1.27,0.04,1.97,3.32,0.03,1.04,1.0,0.56,0.01,0.0,0.42,0.0,0.03,0
0.0,0.0,1.0,0.83,0.0,0.0,1.0,1.0,2.48,3.48,3.83,0.7,0.0,42.18,2.65,0.0,6.79,1.17,2.83,0.17,2.65,1.0,0.0,0.69,0.0,0.0,0
1.96,0.0,1.0,1.96,0.0,2.0,2.0,1.48,0.52,2.96,14.39,0.34,0.96,71.37,2.0,0.52,3.4,2.0,2.97,0.52,4.53,0.48,0.0,0.92,0.0,0.0,0
0.0,0.0,1.0,0.0,0.0,1.0,3.0,1.0,3.0,4.0,13.0,0.17,0.0,62.0,3.0,0.0,15.0,2.0,4.38,1.0,7.0,1.0,0.0,0.56,0.0,0.0,0
0.17,0.0,1.0,0.08,0.0,3.67,1.0,1.0,0.0,0.0,6.59,1.33,1.0,6.19,2.83,0.0,4.67,1.08,2.57,0.08,3.91,1.08,0.0,0.96,0.0,0.0,0
0.0,0.0,1.0,0.0,0.0,2.7,1.65,1.0,1.3,0.65,3.75,1.02,0.35,0.0,3.0,0.0,1.4,1.0,2.36,0.65,2.84,1.0,0.0,0.98,0.65,0.35,0
0.0,0.0,1.0,0.0,0.0,4.0,1.0,1.0,0.0,0.0,7.0,1.68,1.0,0.0,3.0,0.0,4.49,1.0,2.57,0.0,1.92,1.0,0.0,0.77,0.0,0.0,0
0.0,0.0,1.81,0.81,0.0,3.26,1.81,2.63,2.81,3.19,7.59,0.45,0.81,77.41,1.81,0.37,3.37,2.19,2.08,0.0,2.86,1.0,0.0,0.99,0.19,0.19,0
0.0,0.0,1.0,1.47,0.0,0.53,2.74,1.26,4.74,1.05,2.85,0.38,0.74,87.48,2.74,0.53,1.0,1.0,2.64,0.0,4.82,1.0,0.0,0.79,0.26,0.0,0
0.16,0.16,1.0,0.31,0.0,4.22,2.0,1.0,0.16,2.19,8.41,0.82,1.69,12.67,3.53,0.0,4.31,1.0,3.18,0.16,3.48,1.0,0.0,0.91,0.0,0.84,0
0.45,0.0,1.0,0.45,0.0,0.45,1.45,1.0,0.55,0.45,4.59,0.68,0.0,29.21,4.55,0.0,5.8,1.45,4.17,1.1,3.08,1.55,0.0,0.68,0.0,0.9,0
0.0,0.0,1.0,1.17,0.0,0.09,1.0,1.09,2.83,3.74,4.17,0.25,1.09,58.01,4.74,0.0,6.91,2.0,2.69,1.0,5.77,2.0,0.0,0.95,0.0,0.09,0
0.0,0.0,1.0,0.0,0.0,3.91,1.0,1.0,0.0,0.0,6.94,1.27,0.97,0.0,2.0,0.0,4.22,1.0,2.54,0.03,3.43,1.0,0.0,0.99,0.0,0.03,0
0.0,0.0,1.0,0.87,0.0,4.0,2.75,1.0,6.99,11.35,2.63,0.6,1.0,73.36,2.87,1.75,0.63,1.87,3.99,0.0,4.58,0.13,0.0,0.62,0.0,1.75,0
0.0,0.0,1.0,0.43,0.0,4.32,1.0,1.0,0.0,1.14,12.36,0.43,6.48,25.56,1.86,7.95,1.57,2.14,3.32,1.86,9.59,9.21,0.0,0.55,0.0,0.57,0
0.0,0.0,1.0,0.0,0.71,0.71,1.0,1.0,0.0,0.29,3.0,0.91,0.0,0.0,1.86,0.0,1.43,1.71,1.33,0.29,5.0,1.0,0.0,0.89,0.71,0.0,0
0.0,0.0,1.0,1.17,0.0,0.0,1.08,1.0,1.25,0.42,1.84,1.23,0.0,99.07,5.0,0.08,1.51,1.0,1.11,0.0,4.49,2.83,0.0,0.95,0.08,0.08,0
0.0,0.0,1.0,0.0,0.0,6.57,1.0,1.0,1.0,0.0,2.31,3.3,0.69,0.0,3.0,0.0,2.34,1.66,2.98,0.66,2.52,1.34,0.0,0.6,0.0,0.66,0
0.0,0.0,1.0,1.7,0.0,0.85,1.15,1.15,1.45,8.94,23.52,0.34,0.0,84.76,2.0,0.85,5.39,2.0,1.75,0.85,2.16,1.15,0.0,0.61,0.85,2.55,1
0.0,0.0,1.0,0.0,0.0,0.0,1.37,1.0,1.0,0.0,0.0,2.14,0.37,0.0,4.37,0.37,1.48,1.0,0.74,0.74,15.46,15.46,0.37,0.76,0.0,0.0,0
0.0,0.0,1.0,0.0,0.0,1.45,1.45,1.45,1.79,1.79,6.35,0.59,0.0,44.86,2.0,0.9,6.51,1.0,2.04,0.55,2.88,1.0,0.0,0.74,0.45,0.55,0
0.0,0.0,1.0,0.0,1.08,0.92,1.08,1.15,0.0,0.0,3.46,0.66,0.08,0.0,1.08,0.15,1.92,2.0,1.4,0.0,5.98,1.0,0.0,0.97,0.92,0.0,0
0.0,0.0,1.0,0.56,0.0,2.21,1.0,1.0,0.56,0.0,1.0,2.24,0.0,55.85,4.35,0.0,2.32,1.44,0.84,0.56,1.72,1.44,0.0,0.52,0.0,0.56,0
0.0,0.0,1.0,1.99,0.0,0.02,2.98,1.03,4.97,0.05,1.04,0.24,1.01,82.82,2.99,0.0,1.02,1.01,2.66,0.0,5.83,1.0,0.0,0.71,0.0,0.0,0
2.14,0.0,1.0,1.0,0.0,0.57,1.71,2.57,2.0,3.57,4.29,0.24,0.57,70.28,2.0,0.0,3.0,2.0,1.64,0.0,4.93,0.29,0.0,0.95,0.0,0.71,0
0.0,1.5,1.0,0.5,0.0,0.0,1.0,1.0,0.0,2.01,7.02,1.81,0.0,37.61,1.0,0.5,1.0,1.0,4.15,0.5,0.86,0.5,0.0,0.45,0.0,0.0,0
0.0,0.0,1.0,2.0,0.0,1.52,1.52,1.0,1.0,6.89,13.51,0.28,3.11,64.09,3.56,0.48,5.48,1.48,2.92,2.04,11.71,6.71,0.0,0.57,0.74,1.44,0
0.0,0.0,1.0,0.0,0.7,0.7,1.0,1.0,0.3,0.0,2.11,0.92,0.0,0.0,1.3,0.0,1.7,1.7,1.83,0.89,5.34,1.59,0.0,0.98,0.7,0.0,0
0.0,0.91,1.0,1.0,0.0,0.23,2.0,1.91,1.23,3.4,6.9,0.64,0.0,96.14,4.32,0.23,5.54,1.23,1.81,0.0,8.1,1.55,0.0,0.92,0.0,0.23,0
0.0,0.0,1.8,0.8,0.2,3.4,1.8,2.6,2.4,2.4,4.6,0.52,0.8,59.91,1.8,0.0,2.8,2.0,1.97,0.0,3.77,1.0,0.0,1.0,0.2,0.0,0
0.0,0.57,1.0,0.43,0.0,1.72,1.0,1.0,0.43,0.0,0.43,3.4,0.0,42.76,1.71,2.86,1.0,0.43,7.87,7.44,2.07,1.86,0.0,0.72,0.0,0.0,0
0.0,0.0,1.0,0.0,0.0,0.0,1.0,1.0,0.0,6.43,23.21,0.37,0.0,70.74,1.0,1.3,0.0,3.76,2.74,0.92,1.76,0.92,0.0,0.87,0.0,1.84,0
0.0,0.0,1.0,0.91,0.18,0.0,1.91,1.0,0.91,0.0,1.18,0.79,0.09,91.13,5.0,0.0,1.44,1.0,0.97,0.0,8.1,2.0,0.0,1.0,0.09,0.0,0
0.0,18.16,1.0,0.18,0.09,0.0,1.0,1.0,0.09,0.55,1.38,0.64,0.0,7.82,1.0,0.91,0.0,1.18,0.58,0.09,0.63,0.09,0.0,0.76,0.09,1.91,0
0.15,0.0,1.0,0.15,0.0,3.56,1.15,1.0,0.0,0.15,7.3,1.15,0.85,9.64,2.3,0.0,4.59,1.15,3.02,0.0,3.57,1.0,0.0,0.94,0.0,0.3,0
2.0,0.0,1.03,3.91,0.56,1.0,2.0,4.09,0.22,14.56,8.65,0.16,0.97,67.06,2.0,0.16,5.03,2.0,4.73,1.94,6.37,1.94,0.0,0.92,0.97,0.06,0
0.0,0.0,1.0,0.28,0.0,0.0,1.72,1.72,1.0,0.0,1.72,0.75,0.0,28.02,5.0,0.0,1.72,1.72,0.76,0.0,4.14,2.28,0.0,0.82,0.0,0.0,0
0.0,2.63,1.0,0.0,0.0,0.0,1.0,1.0,0.12,0.0,0.0,3.05,0.12,0.0,0.5,3.73,0.12,0.12,3.86,3.86,0.37,0.37,0.0,0.46,0.0,0.0,0
0.37,0.0,1.0,1.0,1.26,1.37,1.0,1.0,1.89,4.6,11.42,0.44,0.63,86.11,4.52,0.0,10.4,1.0,7.03,0.37,3.95,1.0,0.0,0.46,0.0,0.37,0
0.19,0.0,1.06,0.0,0.0,0.13,2.0,1.06,2.06,0.57,0.5,0.75,1.87,4.78,4.75,0.0,6.0,1.13,0.65,0.0,4.9,3.75,0.0,0.61,0.0,0.13,0
0.91,0.09,1.0,1.82,3.63,0.0,1.0,1.0,0.0,0.0,3.63,0.84,0.0,36.32,0.91,0.09,1.18,0.91,2.91,0.55,1.82,0.91,0.0,0.96,0.0,0.0,0
0.0,0.0,1.0,0.0,0.0,5.19,1.0,1.0,0.0,0.4,2.67,1.02,0.0,7.69,1.0,0.0,2.6,1.87,1.53,1.0,7.98,7.06,0.0,0.81,0.0,0.0,0
0.0,0.0,1.0,0.13,0.0,4.36,1.0,1.0,0.13,0.0,6.23,1.19,0.87,12.76,2.38,0.0,4.49,1.0,2.37,0.0,4.75,1.26,0.0,1.0,0.0,0.0,0
0.03,0.0,1.0,1.0,0.0,1.03,1.03,1.0,0.03,37.93,83.24,0.41,0.0,95.82,2.0,0.03,27.22,1.03,2.67,1.0,2.22,0.97,0.0,0.65,0.65,2.91,1
0.0,0.0,1.0,0.0,0.0,3.0,1.0,1.0,9.22,4.66,0.0,1.06,0.0,62.93,4.22,24.09,3.88,1.0,8.2,1.55,2.7,1.0,0.0,0.71,0.78,1.55,0
0.3,0.0,1.3,0.3,2.8,0.3,1.3,3.2,7.01,9.41,17.29,0.21,0.0,89.01,1.3,1.2,2.6,2.0,1.63,0.0,2.37,1.0,0.0,0.77,0.0,0.7,0
0.0,0.0,1.0,0.23,0.77,0.0,1.77,1.0,0.46,2.31,5.63,0.56,0.0,62.14,2.14,0.0,0.69,1.0,2.07,0.77,2.15,1.0,0.0,0.66,0.0,0.0,0
0.0,0.0,1.0,1.5,1.25,0.0,1.25,1.5,0.75,4.51,13.51,0.41,0.25,63.96,1.25,0.5,0.25,2.75,5.3,0.75,1.45,1.0,0.0,0.7,0.75,0.75,0
0.0,0.0,1.0,0.32,0.0,3.39,1.0,1.0,0.32,0.0,5.07,1.37,0.68,32.22,3.64,0.0,3.71,1.0,2.07,0.0,4.1,1.64,0.0,0.68,0.0,0.68,0
1.2,0.0,1.0,0.0,0.4,5.2,1.0,1.8,2.4,0.4,8.2,1.1,1.4,13.97,2.4,0.8,3.6,1.0,2.55,0.0,5.61,1.0,0.0,0.84,0.0,0.4,0
0.0,0.0,1.0,1.23,0.0,0.77,1.39,1.0,1.39,0.39,5.06,0.74,0.0,57.0,3.61,0.0,1.23,1.61,2.86,0.39,1.98,1.0,0.0,0.76,0.39,0.0,0
0.0,0.0,1.0,0.47,0.0,0.0,1.0,1.0,1.4,2.4,33.91,0.17,0.47,25.16,2.86,8.01,17.15,2.0,3.1,1.0,3.49,1.47,0.0,0.65,0.0,0.53,0
0.0,0.5,1.0,0.0,0.0,4.46,1.0,1.0,0.5,0.0,0.0,4.77,0.0,0.0,2.02,1.49,0.0,0.5,0.5,0.5,0.5,0.5,0.0,0.65,0.0,0.0,0
0.0,0.0,1.0,1.23,0.59,0.0,2.0,1.0,1.63,3.23,8.04,0.24,0.59,55.87,3.23,0.41,4.63,1.0,1.94,0.59,3.84,1.0,0.0,0.77,0.41,0.41,0
0.47,0.0,1.0,0.0,0.47,0.0,1.0,1.0,0.47,0.0,2.84,1.81,0.16,0.0,1.94,13.48,0.94,1.0,0.8,0.0,0.71,0.16,0.0,0.59,0.16,0.16,0
0.0,0.0,1.0,0.0,0.0,3.01,2.0,1.0,1.99,0.99,1.03,0.97,1.01,0.0,2.01,0.0,2.01,1.0,1.01,0.0,2.34,1.0,0.0,0.6,0.0,0.01,0
0.0,0.0,1.0,0.12,0.0,0.0,1.88,1.88,1.25,2.25,4.88,0.42,0.12,59.26,1.49,0.0,3.49,2.0,2.09,0.12,3.94,0.25,0.0,0.73,0.0,0.0,0
0.1,0.0,1.0,0.0,0.41,0.0,1.0,1.0,2.69,0.9,3.1,0.39,0.9,14.35,1.9,0.0,6.28,1.0,1.17,0.9,5.76,1.0,0.0,0.7,0.45,0.9,0
0.0,1.56,1.0,0.39,0.0,2.83,1.39,2.56,0.78,5.86,14.81,3.21,0.0,32.41,0.78,1.61,8.2,0.78,2.48,0.0,2.64,0.0,0.0,0.87,0.0,0.39,0
0.0,0.0,1.0,1.0,0.0,2.46,1.0,1.0,0.75,0.0,1.0,1.41,3.69,75.37,5.26,0.0,1.0,1.0,1.49,0.74,6.43,5.68,0.0,0.58,0.0,0.0,0
0.0,0.0,1.0,0.38,0.0,3.62,1.0,1.13,0.13,0.13,6.87,0.8,1.13,12.65,2.87,0.0,7.75,1.13,2.55,0.13,8.1,1.13,0.0,0.51,0.0,1.0,0
0.26,0.0,1.53,0.26,0.26,2.38,2.32,1.0,0.0,0.74,44.42,0.25,0.53,17.62,1.0,0.74,19.87,1.74,1.65,0.0,2.58,1.0,0.0,0.46,0.0,0.74,0
0.0,1.85,1.0,0.0,0.0,0.21,1.0,1.0,0.0,0.0,1.59,2.29,0.0,0.0,1.59,4.18,0.21,1.59,0.79,0.0,1.79,1.79,0.0,0.78,0.0,0.0,0
0.0,3.79,1.0,0.05,0.0,0.95,1.0,1.0,0.0,0.05,0.36,2.56,0.0,3.66,0.05,1.9,2.95,0.1,1.36,0.95,0.54,0.05,0.0,0.42,0.0,0.0,0
0.0,0.0,1.0,0.68,0.0,0.0,1.32,1.0,0.95,0.0,3.58,1.26,0.32,68.48,2.68,0.0,2.68,1.0,3.26,0.0,1.85,0.68,0.0,0.78,0.0,0.0,0
0.0,0.0,1.0,1.57,0.78,0.0,1.0,1.0,1.0,4.7,13.48,0.33,0.22,66.54,2.09,0.22,0.0,2.57,5.71,0.78,2.5,1.43,0.0,0.75,0.78,1.0,0
0.0,0.0,1.0,0.0,0.0,4.65,1.0,1.0,0.0,0.0,7.0,1.2,1.0,0.0,2.35,0.0,5.0,1.0,2.57,0.0,4.5,1.0,0.0,0.98,0.0,0.65,0
0.0,0.0,1.0,1.0,0.0,6.09,2.74,1.0,0.13,0.0,2.74,0.51,7.83,12.97,4.87,0.0,2.74,1.0,4.48,2.61,14.38,11.7,0.0,0.92,0.87,0.0,0
0.0,0.48,1.0,0.0,0.0,0.0,1.0,1.0,0.52,0.0,0.0,2.51,0.0,0.0,2.07,0.48,1.45,0.52,2.89,2.89,1.04,1.04,0.0,0.46,0.0,0.0,0
0.0,0.0,1.0,0.24,0.12,3.52,1.0,1.0,0.12,0.72,7.97,1.26,0.88,10.26,2.76,0.0,4.4,1.24,3.02,0.12,3.68,1.0,0.0,0.97,0.12,0.12,0
0.0,0.0,1.0,0.88,0.0,0.0,1.88,1.88,0.88,7.15,2.61,0.33,2.63,40.35,1.88,0.0,1.76,2.0,6.05,0.88,9.89,1.88,0.88,0.75,0.0,0.88,0
0.0,0.0,1.0,0.0,0.0,5.0,2.9,1.0,0.0,0.0,5.1,0.29,4.79,0.0,3.0,0.95,9.74,1.0,4.31,3.79,37.02,34.2,0.0,0.95,0.0,1.0,0
0.0,0.0,1.0,0.84,0.0,0.78,2.16,1.0,0.0,5.91,49.78,0.11,0.78,73.51,3.0,0.16,22.67,1.84,3.99,1.47,9.9,6.43,0.0,0.92,0.0,1.84,0
0.0,0.0,1.0,0.79,0.0,3.14,2.57,1.0,6.5,10.21,2.43,0.56,0.79,65.94,2.79,1.57,0.21,2.0,3.86,0.0,4.01,0.43,0.0,0.59,0.0,1.57,0
0.96,1.91,1.0,1.96,0.0,0.0,1.48,1.48,2.91,4.3,1.0,0.95,0.0,90.44,3.57,0.0,4.82,1.0,1.96,0.48,4.28,2.04,0.0,1.0,0.48,0.0,0
0.0,0.0,1.0,0.12,0.0,0.0,1.0,1.0,2.65,1.35,4.3,0.37,0.88,22.97,2.0,0.0,6.41,1.12,1.89,0.88,5.64,1.0,0.0,0.65,0.44,0.88,0
0.0,0.0,1.0,0.31,0.0,0.0,1.0,1.0,0.69,0.31,2.2,2.17,0.0,22.27,3.06,0.0,0.63,1.31,2.51,0.0,1.78,1.69,0.0,0.42,0.0,0.0,0
0.0,0.0,1.0,0.0,0.0,0.0,1.11,1.11,0.11,3.78,18.32,0.47,0.0,83.97,1.0,21.31,2.11,2.0,5.02,0.0,1.43,0.89,0.0,0.8,0.0,0.0,0
0.73,1.45,1.0,1.09,0.0,0.0,1.36,1.36,1.81,3.26,1.64,0.89,0.0,29.0,2.0,0.0,3.9,1.64,1.41,0.36,3.26,1.64,0.0,0.85,0.36,0.0,0
0.0,0.46,1.0,1.0,0.0,0.23,2.0,1.0,1.12,0.46,1.35,0.75,0.0,96.28,4.65,0.0,1.46,1.0,1.17,0.0,7.88,1.88,0.0,0.95,0.0,0.0,0
0.0,0.0,1.0,0.0,0.0,1.15,1.0,1.0,0.0,0.71,4.15,1.57,0.29,0.0,1.29,0.0,1.86,1.71,1.69,0.71,1.7,1.0,0.0,0.88,0.0,0.0,0
0.0,0.0,1.0,0.77,0.26,1.0,2.74,1.0,5.32,4.52,11.45,0.16,1.03,65.61,3.52,0.26,14.48,1.74,4.51,0.74,7.69,1.0,0.0,0.61,0.09,0.77,0
0.0,0.0,1.0,0.46,0.0,2.18,1.0,1.0,0.46,0.0,4.26,1.4,0.54,45.6,3.37,0.0,2.63,1.0,1.85,0.0,3.92,1.91,0.0,0.79,0.0,0.0,0
0.0,0.0,1.0,0.0,0.0,0.0,1.0,1.0,0.2,0.8,2.6,1.48,0.4,0.0,1.4,0.0,1.4,1.8,1.47,0.8,1.6,1.2,0.0,0.81,0.0,0.0,0
0.0,0.0,1.0,0.0,0.0,0.69,1.0,1.0,0.0,0.0,2.86,1.29,0.17,0.0,2.17,0.69,1.52,1.83,1.35,0.0,2.46,1.83,0.0,0.73,0.0,0.17,0
0.0,0.0,1.0,0.0,0.0,0.0,1.0,1.0,0.0,3.03,20.49,0.43,0.0,66.6,1.0,19.14,2.0,2.49,4.51,0.49,1.4,1.0,0.0,0.61,0.0,0.49,0
2.33,0.0,1.0,2.55,0.0,0.0,1.78,1.0,5.44,9.55,22.1,0.39,0.0,84.88,1.45,0.78,19.66,1.78,4.19,0.22,2.7,0.22,0.0,0.62,0.39,1.55,1
0.0,0.0,1.0,0.0,0.0,0.0,1.0,4.29,0.0,9.67,29.22,0.22,0.0,61.43,2.1,6.88,4.74,2.45,2.59,0.45,1.96,0.45,0.0,0.73,0.0,0.45,0
0.0,0.0,1.0,0.0,1.66,0.0,1.17,1.0,0.34,0.0,3.0,0.81,0.83,0.0,4.48,0.17,7.55,1.0,1.1,0.0,4.1,1.83,0.0,0.88,1.0,0.17,0
0.0,0.0,1.0,4.24,0.0,0.15,1.85,1.0,0.0,0.0,4.15,0.65,0.85,59.33,2.0,0.0,2.52,1.0,3.21,2.7,3.52,1.85,0.0,0.61,0.0,1.0,0
0.0,0.0,1.56,1.13,0.56,2.18,1.56,1.0,0.56,1.13,9.25,0.67,0.44,44.5,1.44,0.0,5.56,2.13,5.35,0.0,3.48,1.0,0.0,0.79,0.0,1.56,0
0.83,0.0,1.0,0.69,0.0,0.0,2.0,1.14,0.86,2.48,6.33,0.36,0.86,12.65,4.45,0.86,5.65,1.14,2.21,1.86,35.13,34.64,0.86,0.76,0.0,0.14,0
0.0,0.0,1.0,0.0,0.87,0.87,1.0,1.0,0.13,0.65,3.91,0.63,0.0,9.93,1.13,0.13,2.0,2.0,1.38,0.0,5.83,1.0,0.0,1.0,0.87,0.0,0
0.0,0.0,1.0,2.29,0.29,1.71,2.0,1.0,4.14,4.57,2.71,0.19,5.43,51.0,5.0,0.29,7.29,1.0,4.26,2.14,17.77,8.86,0.0,0.62,0.45,0.86,0
0.0,0.09,1.09,1.09,0.0,8.38,1.18,1.27,0.8,1.25,6.31,3.49,0.0,99.02,2.0,0.18,2.31,1.09,2.18,0.91,1.4,0.91,0.0,0.78,0.04,0.18,0
0.0,0.0,1.0,1.09,0.0,0.04,2.0,1.04,0.26,7.04,55.71,0.09,0.0,86.96,3.0,0.0,24.18,2.0,3.87,0.96,4.64,1.0,0.0,0.9,0.0,1.91,0
0.0,0.0,1.0,2.7,0.0,0.9,1.9,1.9,5.39,7.19,4.6,0.58,0.0,77.3,2.8,0.0,5.6,2.0,2.61,0.0,5.0,1.0,0.0,0.73,0.0,0.0,0
0.55,0.0,1.27,0.27,4.92,2.45,1.27,2.64,4.09,0.27,7.93,1.42,0.0,27.34,4.18,1.37,1.64,1.27,0.9,0.0,1.87,0.73,0.0,0.54,0.0,0.55,0
0.0,1.64,1.0,0.0,0.0,0.18,1.0,1.0,0.0,1.64,11.45,0.91,0.0,37.61,0.82,0.18,3.45,0.82,3.56,1.64,2.05,1.0,0.0,0.67,0.0,0.0,0
0.0,2.1,1.0,0.53,0.0,1.05,2.0,1.47,2.95,6.37,8.27,0.38,0.0,75.58,1.53,0.95,4.05,1.47,2.68,0.0,2.94,0.53,0.0,0.71,0.0,0.0,0
0.0,0.0,1.0,1.0,0.0,0.17,1.92,2.17,1.08,7.75,2.25,0.27,2.92,45.85,2.0,0.0,2.08,2.0,6.29,0.92,10.54,1.92,0.92,0.77,0.0,0.92,0
0.0,0.0,1.0,0.0,0.0,0.0,1.0,1.0,0.0,1.0,3.59,1.52,0.0,2.07,1.0,0.0,0.85,2.0,1.37,0.85,1.13,1.0,0.0,0.81,0.0,0.0,0
0.0,0.0,1.0,0.47,0.0,2.11,1.0,1.0,2.47,0.47,0.53,1.08,0.47,23.61,3.89,0.0,1.47,1.0,0.79,0.47,2.94,1.47,0.0,0.55,0.0,0.0,0
0.0,0.0,1.0,0.0,0.0,0.26,1.1,1.0,1.9,3.79,18.27,0.33,0.26,83.39,1.1,1.95,5.26,2.9,2.04,0.21,3.66,2.83,0.0,0.92,0.95,1.0,0
0.0,15.52,1.0,0.22,0.0,0.0,1.22,1.0,0.0,1.57,13.0,0.54,0.0,19.5,1.45,0.78,5.6,1.22,0.88,0.22,1.46,0.22,0.0,0.8,0.0,2.0,0
0.0,0.0,1.0,0.0,0.0,3.54,1.0,1.0,0.34,0.0,6.31,1.3,0.89,0.0,3.0,0.0,5.11,1.0,2.53,0.0,3.74,1.0,0.0,0.98,0.0,0.0,0
0.0,0.0,1.0,0.16,0.0,0.0,2.0,1.16,1.84,1.25,2.84,0.45,0.47,6.86,2.0,0.84,12.97,1.16,3.74,0.16,5.6,1.16,0.16,0.39,0.84,1.0,0
0.0,0.0,1.0,0.0,0.0,4.29,1.0,1.0,0.0,0.0,7.0,1.13,1.0,0.0,2.71,0.0,6.42,1.0,2.57,0.0,5.57,1.0,0.0,0.88,0.0,0.29,0
0.0,0.03,1.0,0.97,0.0,0.0,1.97,1.97,0.97,7.8,2.03,0.29,2.9,42.92,1.97,0.0,1.97,2.0,6.53,1.03,10.7,1.97,0.97,0.77,0.0,0.97,0
0.11,0.0,1.11,2.79,0.74,1.0,1.11,2.43,0.89,1.0,8.02,0.3,1.79,98.09,2.0,0.43,5.79,2.0,2.39,0.89,4.61,1.89,0.0,0.42,0.0,0.89,0
1.82,0.0,1.0,0.91,1.82,0.35,1.91,7.38,2.73,8.2,11.56,0.21,1.0,73.84,3.91,0.0,10.47,1.91,2.43,0.0,6.46,1.0,0.0,0.67,0.71,0.0,0
0.0,0.0,1.0,0.0,0.0,2.86,1.0,1.0,0.86,0.0,5.29,1.02,0.71,0.0,3.0,0.0,6.71,1.0,2.48,0.0,4.68,1.0,0.0,0.95,0.0,0.0,0
0.0,0.0,1.0,0.0,0.0,2.5,1.17,1.0,1.0,1.67,4.17,1.06,0.17,27.49,1.67,0.17,1.5,1.0,2.97,0.33,8.06,7.51,0.17,0.6,0.0,0.83,0
0.0,2.71,1.0,0.14,0.29,5.13,1.0,1.14,0.0,0.0,0.29,4.83,0.0,7.22,1.86,3.88,1.0,1.0,1.86,1.0,0.34,0.14,0.0,1.0,1.0,0.0,0
0.65,0.0,1.0,0.65,0.0,0.65,1.65,1.0,0.35,0.65,5.82,1.1,0.35,42.03,4.0,1.06,5.53,1.65,5.03,1.41,3.55,1.35,0.0,0.72,0.0,1.29,0
0.0,0.0,1.0,0.36,0.0,2.54,1.0,1.0,0.0,0.0,5.18,1.4,0.64,36.41,3.0,0.0,4.91,1.0,2.55,0.0,3.45,1.0,0.0,0.93,0.0,0.0,0
0.0,0.0,1.0,0.72,1.76,0.24,1.24,1.0,2.88,1.44,3.96,0.7,1.72,18.21,5.0,0.24,7.68,1.0,1.68,0.0,5.36,1.76,0.0,0.94,0.84,0.72,0
0.47,0.0,1.0,0.47,0.47,2.13,1.0,1.0,0.0,2.33,11.2,0.83,0.53,35.48,2.0,0.0,3.6,1.93,5.27,0.0,3.73,1.0,0.0,0.83,0.0,0.0,0
0.0,2.12,1.0,1.59,0.0,0.0,2.53,1.0,0.0,4.24,4.18,0.91,1.47,40.81,1.94,0.0,9.48,1.0,2.69,1.0,4.77,2.41,0.47,0.75,0.82,0.47,0
0.0,0.81,1.0,0.0,0.0,0.0,1.19,1.19,0.77,2.19,3.19,0.89,0.0,21.42,1.19,0.0,1.19,2.0,2.56,1.62,2.55,1.19,0.0,0.96,0.0,0.0,0
0.0,0.0,1.0,0.0,0.0,3.76,1.0,1.0,0.0,0.0,6.88,1.33,0.94,0.0,2.0,0.0,4.06,1.0,2.42,0.0,3.65,1.29,0.0,0.98,0.0,0.06,0
0.0,0.0,1.0,1.0,0.0,0.0,1.69,1.69,1.63,5.81,1.37,0.37,2.37,45.88,3.25,0.0,2.0,1.69,5.1,1.0,8.81,2.0,0.69,0.71,0.0,0.69,0
0.0,0.0,1.0,0.0,0.0,4.14,2.14,1.0,1.3,0.0,2.84,0.95,2.84,0.0,3.86,0.57,5.68,1.0,2.64,2.27,22.75,20.87,0.0,0.79,0.0,0.57,0
0.0,0.0,1.0,0.38,0.0,2.46,1.0,1.0,0.0,0.38,6.23,1.42,0.62,23.06,3.0,0.0,3.46,1.0,5.2,0.38,2.13,1.0,0.0,0.8,0.0,0.0,0
0.0,0.0,1.0,0.44,0.91,0.0,2.0,1.0,0.0,1.82,5.82,0.33,1.0,36.25,2.0,0.0,2.82,1.0,1.83,1.18,3.5,1.09,0.0,0.97,0.0,0.09,0
0.0,0.48,1.0,0.52,0.0,4.28,1.0,1.0,0.52,0.0,0.52,3.89,0.0,52.49,2.1,1.43,0.52,0.52,1.0,0.48,1.31,1.05,0.0,0.55,0.0,0.0,0
1.33,0.0,1.0,1.0,0.0,1.0,2.0,3.66,1.33,7.3,12.95,0.3,2.69,56.44,3.33,0.0,5.32,1.66,2.28,1.01,6.19,4.37,0.34,0.92,0.34,1.33,0
0.0,0.03,1.0,0.0,0.0,0.09,1.0,1.0,0.0,0.97,2.91,1.73,0.0,0.0,0.97,0.14,1.0,1.94,1.67,1.35,1.0,1.0,0.0,0.83,0.0,0.0,0
0.0,0.0,1.0,0.0,0.0,4.8,1.9,1.0,0.1,0.2,6.8,0.47,1.8,3.35,2.8,0.0,7.29,1.0,2.63,0.0,15.06,1.0,0.0,0.95,0.0,0.1,0
0.0,0.0,1.0,1.0,0.0,0.63,1.0,1.0,0.37,1.25,6.02,1.21,0.0,78.68,2.75,0.0,2.88,1.0,4.34,0.63,1.91,1.37,0.0,0.82,0.0,0.0,0
0.75,1.25,1.0,0.38,0.0,3.12,1.38,1.0,1.13,0.75,2.63,2.66,0.0,22.96,3.13,1.25,0.75,1.0,1.44,0.62,2.19,0.38,0.0,0.81,0.0,0.0,0
0.0,0.0,1.0,0.0,0.0,1.68,1.0,1.0,0.58,0.0,2.94,1.87,1.0,0.0,3.58,13.93,2.68,1.0,15.59,14.51,2.88,2.16,0.0,1.0,0.0,0.0,0
0.0,0.54,1.0,0.13,0.0,0.13,1.13,1.54,0.27,5.48,20.94,0.43,0.0,86.46,1.13,20.91,4.55,2.0,5.29,0.0,1.9,0.87,0.0,0.79,0.0,0.13,0
2.24,0.0,1.56,0.56,0.0,0.56,2.12,2.12,1.56,11.75,6.76,0.23,0.44,43.64,4.2,0.0,5.0,1.0,3.45,0.0,4.94,1.44,0.0,0.92,0.0,0.0,0
0.62,0.0,1.0,0.0,0.0,1.53,2.85,1.0,1.85,0.62,4.53,0.53,1.0,35.22,3.0,0.0,3.29,1.0,2.31,0.62,6.21,1.0,0.0,1.0,0.0,0.0,0
0.0,0.0,1.0,0.81,0.0,0.0,1.0,1.0,0.19,0.81,5.67,1.1,0.0,57.51,1.19,0.0,1.81,1.81,7.05,0.57,1.61,1.38,0.0,0.55,0.0,0.0,0
0.0,0.0,1.0,4.16,0.0,0.0,1.83,1.0,0.17,0.0,3.33,1.11,0.83,58.2,2.34,0.0,0.83,1.0,2.91,2.49,3.08,1.83,0.0,0.64,0.0,0.83,0
0.0,0.0,1.0,1.0,0.0,0.0,1.0,1.0,0.54,1.83,6.94,0.86,0.54,88.57,3.09,0.0,2.0,1.46,4.15,0.0,2.41,1.54,0.0,0.79,0.0,0.0,0
0.9,0.0,1.0,1.6,0.0,0.7,2.0,1.0,2.09,3.59,8.77,0.33,5.61,27.51,1.7,0.3,8.88,1.3,2.91,2.1,10.05,9.11,0.7,0.74,0.85,0.6,0
0.0,0.0,1.0,0.56,0.0,0.28,1.72,1.0,2.44,2.8,12.61,0.24,0.72,24.95,2.0,0.28,3.12,1.28,4.02,0.28,2.34,0.28,0.0,0.65,0.28,0.84,0
0.0,0.0,1.0,0.44,0.0,3.12,1.0,2.32,0.88,2.2,6.12,0.78,1.44,29.0,2.0,0.0,4.12,1.44,2.38,0.0,5.49,1.0,0.0,0.89,0.56,1.12,0
0.0,0.0,1.1,1.29,0.9,0.1,2.1,1.19,0.9,4.19,20.17,0.26,0.29,80.89,1.1,0.0,11.04,2.0,1.47,0.48,2.59,0.87,0.19,0.53,0.0,2.0,0
0.0,0.0,1.0,0.0,0.51,2.99,1.0,1.0,1.01,0.0,5.74,1.17,0.75,0.0,4.01,0.25,4.24,1.0,2.09,0.0,3.62,1.0,0.0,0.87,0.25,0.0,0
0.0,0.0,1.0,0.14,0.0,3.42,1.0,1.0,0.0,0.14,7.0,1.32,0.86,10.28,1.86,0.0,3.71,1.14,3.36,0.0,3.12,1.0,0.0,0.92,0.0,0.0,0
0.0,0.0,1.0,0.0,0.0,3.99,1.0,1.0,0.0,0.0,5.79,1.68,0.8,0.0,1.8,0.0,4.4,1.2,2.05,0.0,4.08,1.0,0.0,0.93,0.0,0.8,0
0.17,0.0,1.06,0.0,0.0,1.06,1.06,1.06,0.17,0.52,5.17,0.43,0.0,4.39,1.94,0.0,10.71,1.12,1.68,0.94,3.59,0.94,0.0,0.54,0.0,1.06,0
0.0,2.07,1.0,0.0,0.0,1.45,1.0,1.0,5.31,2.9,0.0,1.58,0.0,39.11,1.93,14.97,2.93,0.48,5.57,1.48,1.45,0.48,0.0,0.88,0.48,0.97,0
2.68,0.45,1.0,2.23,1.34,1.79,1.45,3.68,9.39,28.26,96.65,0.39,0.0,43.36,1.0,9.19,41.2,5.13,4.2,0.55,2.19,0.55,0.0,0.43,0.45,2.34,1
0.0,0.0,1.0,2.75,0.0,0.92,1.0,1.92,0.92,1.0,5.83,0.34,1.83,93.69,1.92,0.0,5.75,2.0,2.52,1.0,4.72,2.0,0.0,0.41,0.0,0.92,0
0.0,0.0,1.0,0.0,0.0,1.36,1.0,1.0,0.0,0.88,3.48,1.73,0.12,0.0,1.24,0.0,2.48,1.88,1.48,0.88,1.72,1.0,0.0,0.87,0.0,0.0,0
0.0,0.0,1.62,0.0,0.0,0.0,1.62,1.0,0.76,1.24,3.1,0.79,0.0,24.78,2.9,0.0,0.0,1.62,2.85,0.62,1.81,1.0,0.0,1.0,0.0,0.0,0
0.0,0.0,1.0,1.63,0.0,0.0,2.81,1.19,4.07,0.0,1.19,0.24,2.11,67.6,2.63,0.0,2.86,1.19,2.36,0.19,7.35,1.37,0.0,0.77,0.19,0.0,0
0.0,0.0,1.0,0.0,0.0,3.01,1.0,1.0,0.0,0.5,5.01,1.46,0.5,0.0,1.5,0.0,3.51,1.5,1.96,0.5,3.1,1.0,0.0,0.93,0.0,0.0,0
0.0,0.0,1.0,0.27,0.73,2.0,3.93,1.8,0.54,2.07,2.8,0.52,1.27,54.29,2.0,0.0,2.27,1.27,4.97,1.46,5.15,3.2,0.0,0.96,0.0,0.0,0
0.36,0.0,1.64,0.36,0.0,0.71,1.64,1.0,0.71,1.29,5.71,0.4,2.85,57.81,1.36,0.0,0.71,1.64,3.5,0.64,4.1,1.0,0.0,1.0,0.0,0.36,0
0.0,0.0,1.0,0.77,0.38,0.0,1.0,1.0,0.38,2.3,8.22,0.82,0.0,32.57,1.62,0.0,1.85,2.38,3.34,0.38,2.07,1.62,0.0,0.86,0.38,0.38,0
2.0,1.34,1.0,0.33,2.0,0.33,1.33,2.34,2.67,5.01,10.35,0.19,0.67,27.72,5.33,0.33,11.01,1.33,2.53,0.0,5.25,0.67,0.0,0.87,0.67,1.0,0
0.0,0.0,1.0,0.0,0.0,0.0,1.93,1.0,2.86,0.2,7.0,0.22,0.93,4.23,2.07,0.0,1.93,1.0,4.66,0.0,2.52,0.07,0.0,0.7,0.0,0.0,0
0.6,0.0,1.0,1.19,2.39,0.4,1.0,1.0,0.0,0.4,3.19,1.22,0.0,23.89,1.4,0.4,0.6,1.0,2.36,0.81,2.6,1.4,0.0,0.88,0.0,0.0,0
0.0,0.31,1.31,1.31,0.0,1.31,3.0,4.0,13.81,18.13,17.62,0.15,2.06,89.69,1.31,0.62,41.82,2.0,6.1,2.06,8.05,0.69,0.0,0.75,0.5,2.69,1
5.02,1.0,1.0,4.19,2.51,3.84,1.84,6.02,17.58,51.91,118.9,1.41,0.0,81.22,0.84,2.49,50.4,7.54,6.42,2.11,2.79,0.16,0.0,0.53,0.84,3.35,1
0.0,1.27,1.0,0.0,0.0,0.42,1.79,1.0,1.58,0.0,2.37,0.97,0.0,0.0,2.21,1.0,11.84,1.0,2.56,0.0,3.77,0.79,0.0,0.45,0.79,0.79,0
0.0,0.0,1.0,0.0,0.0,0.0,1.82,1.0,1.82,0.0,0.0,1.19,1.65,0.0,4.82,0.0,4.94,1.0,0.41,0.0,4.29,3.47,0.0,0.63,0.0,0.0,0
2.24,0.25,1.0,0.75,0.0,0.76,1.75,1.75,1.49,2.24,2.98,1.35,0.0,53.64,1.49,1.27,2.49,1.49,4.39,3.31,3.73,0.25,0.0,0.87,0.0,0.75,0
0.0,0.35,1.0,1.94,0.0,0.0,1.65,1.0,2.59,3.23,7.11,0.91,0.0,57.54,3.23,1.0,5.59,0.65,3.63,2.12,2.8,0.65,0.0,0.47,0.65,0.65,0
0.0,4.94,1.0,0.0,0.0,2.35,1.0,1.0,0.0,0.0,1.24,2.55,0.18,0.0,3.0,0.82,0.89,1.0,0.59,0.0,1.03,0.18,0.0,0.92,0.0,0.0,0
0.0,0.0,1.0,0.0,0.0,1.07,1.0,1.0,0.11,0.89,3.0,1.83,0.0,0.0,3.89,0.0,0.21,1.11,1.57,1.0,1.68,1.0,0.0,0.62,0.0,0.11,0
1.43,2.09,1.0,3.0,0.0,0.0,2.52,1.0,3.35,9.91,16.56,0.15,0.52,84.17,1.0,0.48,20.82,1.48,3.47,0.52,4.35,0.52,0.0,0.64,0.59,0.96,1
0.0,27.38,1.0,0.81,0.0,1.58,1.0,1.0,0.0,0.0,11.03,1.12,0.19,80.53,1.39,1.61,12.86,1.81,3.23,0.81,0.92,0.19,0.0,0.68,0.81,1.0,0
0.0,0.0,1.0,0.52,0.0,2.38,1.52,1.0,0.0,3.67,33.73,0.57,0.48,45.61,2.52,0.0,15.48,1.52,3.28,0.52,4.72,1.0,0.0,0.75,0.0,1.52,0
0.98,0.0,1.0,0.98,0.98,0.07,1.0,1.0,0.0,4.92,15.85,0.34,0.02,74.71,2.0,0.0,2.03,2.97,8.26,0.0,2.14,1.0,0.0,0.64,0.0,0.0,0
0.0,0.0,1.0,0.0,0.0,2.27,1.0,1.0,0.23,2.32,10.73,1.36,0.0,49.44,1.45,0.0,0.45,1.23,3.71,1.0,1.59,1.0,0.0,0.76,0.0,0.23,0
0.8,10.18,1.0,1.61,0.0,2.8,1.4,2.2,0.0,6.02,3.21,1.93,0.4,26.48,0.8,0.6,2.01,0.8,2.52,1.4,2.64,0.8,0.0,0.97,0.4,0.0,0
0.35,0.0,1.0,0.7,0.0,0.0,1.0,1.35,3.1,2.7,4.1,0.71,0.0,49.45,3.05,0.0,5.75,1.35,2.82,1.3,3.26,1.95,0.0,0.87,0.18,0.35,0
0.0,0.0,1.0,0.0,0.97,1.03,2.0,1.97,1.03,0.51,5.4,0.72,0.49,0.0,2.51,0.97,0.49,1.49,2.24,0.51,2.22,1.0,0.0,0.8,0.51,0.0,0
0.0,3.15,1.0,0.79,0.0,1.57,1.79,1.0,2.85,3.36,3.36,0.51,0.21,68.64,2.64,0.0,4.79,1.0,2.18,0.0,3.34,1.0,0.0,0.64,0.21,0.0,0
0.0,0.0,1.0,1.0,0.0,0.73,1.21,1.0,0.9,0.0,1.21,1.23,0.94,89.57,5.0,0.0,1.21,1.0,1.42,0.31,5.7,4.04,0.0,0.99,0.1,0.0,0
0.0,0.0,1.0,0.13,0.07,0.0,1.0,6.6,0.07,15.33,34.59,0.1,0.0,75.67,2.87,0.93,6.53,2.07,2.08,0.07,2.14,0.07,0.0,0.98,0.07,0.07,0
0.01,0.0,1.0,0.99,0.0,0.0,2.02,1.0,2.01,6.93,4.98,0.24,0.01,72.82,1.02,0.0,11.88,2.98,3.98,1.99,4.17,1.0,0.0,0.81,0.0,0.0,0
0.14,0.0,1.0,0.86,0.29,0.0,1.43,1.0,3.0,4.0,3.71,0.26,1.0,56.3,4.57,0.14,5.99,1.86,3.0,1.0,5.83,1.86,0.0,0.95,0.0,0.0,0
0.0,0.0,1.0,0.14,0.0,3.43,1.0,1.0,0.29,0.0,6.14,1.24,0.86,9.47,2.57,0.0,3.86,1.0,2.39,0.0,3.32,1.0,0.0,0.93,0.0,0.0,0
0.0,0.53,1.0,0.0,0.0,1.06,1.0,1.0,0.82,0.0,0.0,2.77,0.82,0.0,3.65,19.28,1.0,1.0,19.99,19.93,2.47,2.47,0.0,1.0,0.18,0.0,0
0.27,0.0,1.53,0.27,0.27,2.39,2.33,1.0,0.0,2.2,5.41,0.76,0.53,55.14,1.0,0.0,0.0,1.0,2.19,0.73,2.64,1.0,0.0,0.91,0.0,0.0,0
0.0,0.0,1.0,0.0,0.0,2.61,1.0,1.0,0.93,4.18,24.64,0.99,0.54,42.25,2.07,4.46,6.32,1.46,3.98,0.0,1.75,0.54,0.0,0.64,0.0,1.46,0
0.83,0.0,1.0,1.0,0.83,0.0,1.0,1.0,0.17,4.14,13.43,0.53,0.0,80.11,2.34,0.0,1.83,2.66,7.09,0.0,2.35,1.34,0.0,0.7,0.0,0.0,0
0.0,0.03,1.0,0.0,0.0,0.0,1.0,1.0,1.0,0.0,0.01,2.71,0.0,0.09,4.0,0.0,0.01,1.0,0.0,0.0,2.0,2.0,0.0,0.41,0.0,0.0,0
0.0,0.0,1.0,0.5,0.0,2.02,1.5,1.0,0.0,3.47,32.28,0.83,0.5,43.12,3.0,0.0,14.91,1.5,3.24,0.5,3.65,1.0,0.0,0.96,0.0,0.99,0
0.0,0.0,1.0,0.05,0.0,0.0,1.0,1.0,1.0,0.0,0.05,2.55,0.95,5.17,4.0,2.84,1.0,1.0,3.84,3.79,2.03,2.0,0.0,0.98,0.0,0.0,0
0.1,0.0,1.9,3.7,0.0,1.0,2.9,2.8,0.0,5.49,3.61,0.39,2.7,36.25,2.2,0.0,2.61,2.0,6.56,4.49,10.63,8.19,1.8,0.93,0.0,2.0,0
0.93,0.0,1.0,0.07,1.93,0.0,3.86,1.0,2.86,4.0,3.36,0.29,0.93,71.09,1.93,0.93,0.81,1.07,4.41,0.93,5.39,0.93,0.0,0.65,0.0,0.14,0
0.76,0.0,1.0,0.0,0.0,0.0,3.28,1.0,2.28,1.0,3.0,0.5,0.76,43.4,2.52,0.0,1.0,1.24,1.95,1.0,5.13,1.0,0.0,0.96,0.0,0.0,0
0.0,0.0,1.0,0.53,0.0,2.37,1.47,1.0,0.53,0.0,2.89,0.94,1.89,52.65,4.05,0.47,5.26,1.0,2.61,1.89,19.32,17.2,0.0,0.74,0.0,0.47,0
0.93,0.26,2.87,1.13,0.93,8.41,5.8,1.0,0.0,0.52,1.39,0.64,1.93,51.76,1.0,0.0,1.11,1.0,3.54,0.07,5.96,1.0,0.0,0.64,0.04,0.0,0
0.66,0.0,1.0,0.22,0.0,0.78,1.22,1.22,2.0,7.68,35.96,0.36,0.0,86.81,1.22,3.9,7.68,2.0,2.13,0.0,1.91,0.0,0.0,0.79,0.0,1.78,0
0.0,0.18,1.0,0.0,0.0,0.55,1.0,1.0,0.82,0.0,0.0,3.1,0.0,0.0,3.26,0.92,0.18,0.82,2.4,2.4,1.82,1.82,0.0,0.43,0.0,0.0,0
0.0,0.98,1.0,0.0,0.03,8.85,1.0,1.0,0.0,0.0,0.05,6.31,0.02,0.0,0.08,2.95,0.1,0.02,0.99,0.98,0.07,0.03,0.0,0.58,0.02,0.0,0
1.81,0.0,1.0,0.9,1.81,0.48,2.1,7.33,2.71,8.13,11.33,0.1,1.39,73.2,3.9,0.1,10.9,1.9,2.6,0.39,9.9,4.37,0.0,0.67,0.7,0.1,0
0.0,0.0,1.0,0.95,0.0,0.0,1.0,1.0,0.05,0.0,1.91,1.75,0.0,95.34,3.14,0.0,2.95,1.0,2.38,0.0,1.66,1.19,0.0,0.81,0.0,0.0,0
0.0,0.91,1.0,0.0,0.0,0.28,1.0,1.0,0.0,1.81,2.81,1.14,0.0,10.88,1.09,0.0,1.09,1.91,2.49,1.81,2.28,1.37,0.0,1.0,0.0,0.09,0
0.0,0.0,1.0,0.0,0.0,3.46,1.0,1.0,0.0,0.27,7.95,1.25,0.86,6.22,1.86,0.0,4.0,1.0,2.76,0.27,3.27,1.0,0.0,0.95,0.0,0.0,0
0.0,0.55,1.0,0.0,0.0,1.66,1.0,1.0,2.69,0.45,0.45,2.84,0.45,31.83,2.24,2.76,2.34,0.45,7.62,7.17,2.28,1.0,0.0,0.73,0.45,0.0,0
0.0,0.0,1.0,0.84,0.0,0.0,1.0,1.0,0.16,3.37,11.78,0.66,0.0,63.12,2.63,0.0,2.0,1.84,6.13,0.0,2.23,1.63,0.0,0.53,0.0,0.0,0
0.0,0.0,1.0,1.0,0.0,0.0,1.0,1.0,1.03,0.0,1.0,1.69,0.0,99.05,6.97,0.0,1.06,1.0,1.5,0.97,1.53,1.0,0.0,0.52,0.0,0.97,0
2.31,0.34,1.0,1.34,0.0,0.0,2.0,1.66,1.66,6.78,8.12,0.15,0.0,75.09,1.66,0.0,4.03,1.66,3.17,0.34,4.62,0.34,0.0,0.84,0.0,0.66,0
0.0,0.0,1.0,0.0,0.0,0.0,1.0,1.0,1.0,1.81,3.61,2.15,0.0,27.47,3.28,0.36,0.72,1.36,0.62,0.0,1.53,1.0,0.0,0.83,0.0,0.0,0
2.08,0.0,1.0,1.39,0.0,0.0,1.69,3.08,0.69,11.09,14.17,1.32,0.0,52.69,1.69,0.0,2.0,2.0,2.83,1.39,2.99,1.0,0.0,0.93,0.0,0.0,0
0.0,0.0,1.0,0.0,0.0,4.0,1.0,1.0,0.0,0.0,7.0,1.3,1.0,0.0,2.03,0.0,4.0,1.0,2.57,0.0,3.41,1.0,0.0,1.0,0.0,0.03,0
0.0,0.0,1.0,2.11,0.0,0.3,1.6,1.0,0.7,1.7,2.3,0.81,0.6,46.88,2.0,0.0,3.09,1.0,3.03,1.7,4.27,2.4,0.0,0.78,0.3,0.0,0
0.0,0.0,1.0,0.0,0.0,4.26,1.0,1.0,0.0,0.0,7.0,0.97,1.0,0.0,3.0,0.0,7.22,1.0,2.57,0.0,7.42,1.0,0.0,0.53,0.0,1.0,0
0.0,0.0,1.0,0.0,0.0,0.0,1.0,1.0,0.99,1.01,3.06,0.96,0.0,50.09,3.98,0.0,2.98,1.99,1.27,0.01,2.0,1.0,0.0,0.98,0.0,0.99,0
0.0,0.0,1.0,0.0,0.58,3.27,3.3,1.0,0.0,0.58,4.12,0.79,1.0,28.76,2.0,0.0,3.27,1.0,4.54,1.15,4.94,2.73,0.0,0.82,0.0,0.42,0
0.0,0.0,1.0,0.0,0.0,4.91,1.0,1.0,0.0,0.0,6.73,1.13,0.96,0.0,2.0,0.0,4.87,1.0,2.46,0.0,4.86,1.18,0.0,0.97,0.0,1.0,0
0.36,6.47,1.0,1.81,0.36,5.75,1.36,2.08,0.72,7.22,4.69,4.02,0.0,29.97,2.72,6.47,5.81,1.72,3.57,1.92,1.92,0.0,0.0,0.63,0.18,1.0,0
0.0,0.27,1.0,0.27,0.0,7.55,1.54,1.0,0.73,1.36,2.73,3.43,0.27,10.35,2.73,0.0,2.82,1.73,3.91,1.27,3.54,1.0,0.0,0.58,0.0,0.73,0
0.0,0.0,1.0,6.9,0.0,0.99,2.97,1.0,0.01,0.99,2.96,0.59,1.97,77.87,2.06,0.0,1.01,1.0,2.3,0.99,5.66,1.06,0.0,0.67,0.99,0.0,0
0.41,0.0,1.0,1.0,0.0,0.0,2.0,1.14,0.27,1.27,3.14,0.75,0.0,52.98,2.86,0.0,2.14,1.14,1.92,0.86,3.23,0.86,0.0,1.0,0.0,0.14,0
0.0,0.06,1.98,0.0,0.0,0.06,1.98,1.0,0.0,1.96,4.9,0.6,0.0,39.22,0.98,0.04,0.0,1.96,4.59,1.06,1.98,1.0,0.0,0.99,0.0,0.0,0
1.86,0.0,1.0,3.72,0.0,0.93,2.0,3.79,0.21,13.94,7.93,0.16,1.0,61.32,2.0,0.0,4.79,1.93,4.81,1.86,6.22,1.86,0.0,0.91,0.93,0.0,0
0.0,0.0,1.0,0.0,0.0,2.61,1.87,1.0,1.87,0.87,0.87,0.97,0.87,0.0,2.13,0.0,2.13,1.0,1.39,0.51,2.68,1.51,0.0,0.65,0.0,0.0,0
0.0,0.0,1.0,0.0,0.0,0.72,1.0,1.0,1.72,6.44,34.46,0.37,0.28,65.09,2.42,3.86,6.44,1.72,2.67,0.0,2.67,0.85,0.0,0.74,0.0,1.72,0
0.0,0.0,1.0,0.14,0.0,0.0,1.86,1.0,1.72,0.0,2.86,0.69,0.0,13.96,2.0,0.86,12.91,1.0,3.03,0.28,4.1,1.0,0.0,0.36,0.86,0.86,0
0.51,0.0,2.02,0.51,0.51,4.59,3.55,1.0,0.0,0.49,1.98,1.08,1.02,25.52,2.47,0.0,0.0,1.0,2.44,0.49,3.88,1.0,0.0,0.64,0.0,0.0,0
0.0,0.0,1.0,0.0,0.0,0.0,1.0,1.0,0.39,1.21,8.49,0.66,0.0,27.91,1.79,0.0,3.61,1.0,3.96,2.79,3.35,2.57,0.0,0.79,0.0,0.0,0
0.0,0.0,1.0,0.0,0.79,0.79,1.0,1.0,0.0,0.64,3.85,0.7,0.0,12.12,1.0,0.0,1.57,1.79,1.41,0.21,5.29,1.0,0.0,1.0,0.79,0.0,0
0.25,0.0,1.0,0.08,0.0,4.59,2.92,1.08,0.16,0.25,4.92,0.23,4.59,5.89,2.92,0.92,9.43,1.08,4.16,3.67,36.01,33.06,0.0,0.97,0.0,1.0,0
0.0,0.37,1.0,0.0,0.0,4.53,1.91,1.0,0.0,0.0,6.34,1.08,1.81,0.0,3.63,0.0,3.72,0.91,2.42,0.09,2.98,0.91,0.0,0.98,0.0,0.91,0
0.0,0.0,1.0,0.08,0.0,3.23,1.0,1.0,0.0,0.0,1.0,2.05,0.0,0.0,1.92,0.0,2.0,1.08,0.16,0.16,4.84,4.84,0.0,0.97,0.08,0.92,0
0.0,0.0,1.52,2.1,0.0,0.52,2.05,2.05,0.48,3.14,1.57,1.45,2.05,17.28,2.95,1.43,1.52,1.52,5.4,4.52,6.89,5.67,1.05,0.98,0.0,1.05,0
0.0,0.0,1.0,0.0,0.0,0.0,1.0,1.0,1.49,0.0,0.0,1.75,0.0,0.0,4.46,0.0,0.51,1.0,0.0,0.0,2.27,2.03,0.0,1.0,0.0,0.0,0
0.0,0.67,1.0,1.0,1.35,0.0,1.0,1.67,0.0,0.0,2.0,1.14,0.0,66.32,1.65,10.1,1.65,1.0,4.18,0.67,2.06,1.0,0.0,0.94,0.67,0.0,0
0.0,0.0,0.97,2.86,0.0,3.88,0.97,1.0,0.0,0.0,6.79,1.44,0.97,0.0,2.94,0.0,4.85,1.0,2.49,0.0,2.63,0.97,0.0,1.0,0.03,0.0,0
0.0,2.33,0.78,21.35,0.0,2.33,0.78,1.0,0.0,0.0,0.0,4.15,0.0,0.0,0.22,1.56,0.0,0.22,3.11,3.11,0.78,0.78,0.0,0.67,0.22,0.0,0
0.0,0.0,1.0,0.51,0.0,0.0,1.0,1.0,0.49,0.0,1.02,2.11,0.0,51.16,2.49,0.0,0.49,1.0,1.02,1.02,1.98,1.98,0.0,0.78,0.0,0.0,0
1.57,0.0,1.0,1.0,0.95,0.48,1.52,1.52,2.48,2.52,4.0,0.22,0.48,78.2,3.91,0.0,7.77,1.52,1.57,0.0,4.96,0.48,0.0,0.76,0.0,0.52,0
0.41,2.35,1.0,1.77,1.65,0.0,2.18,1.0,0.0,4.71,5.77,0.34,0.59,45.31,1.0,0.0,10.0,1.0,2.95,0.59,4.12,1.0,0.0,0.78,0.39,0.0,0
0.0,3.43,1.0,0.43,0.0,0.86,1.86,9.57,0.43,1.71,32.58,0.33,2.57,54.29,2.57,0.57,15.29,1.57,2.96,1.29,5.72,3.43,0.86,0.7,0.29,2.14,0
0.0,0.0,1.0,0.0,0.0,4.0,1.0,1.0,0.0,0.0,7.0,1.27,1.0,0.0,2.0,0.0,5.0,1.0,2.57,0.0,5.14,1.0,0.0,1.0,0.0,0.0,0
0.0,0.0,1.0,1.0,0.0,0.0,1.0,3.0,0.0,1.0,4.0,0.3,1.0,0.0,3.0,0.0,4.0,2.0,1.5,1.0,7.5,2.0,0.0,1.0,1.0,0.0,0
0.0,0.0,1.0,1.0,0.0,1.8,2.8,1.0,0.9,0.4,1.39,0.62,5.41,7.42,2.0,0.0,4.7,1.1,3.42,2.7,7.38,7.31,1.8,0.38,0.0,0.9,0
0.0,0.0,1.0,0.78,0.0,0.78,2.56,3.34,12.51,15.85,10.03,0.44,2.34,70.35,1.0,0.0,38.52,2.0,5.79,2.56,7.42,1.0,0.0,0.84,0.39,2.34,1
0.0,0.34,1.0,0.89,0.0,6.55,2.77,1.0,0.0,0.0,2.66,0.88,7.99,0.0,4.44,0.23,2.66,0.89,4.89,3.11,14.31,11.65,0.0,0.87,0.89,0.0,0
0.36,0.64,1.0,0.36,0.0,0.71,1.36,1.0,0.36,2.0,10.48,0.82,0.0,27.66,1.36,0.36,1.0,2.0,3.1,1.64,2.27,0.64,0.0,1.0,0.0,0.0,0
0.0,0.0,1.0,0.94,0.0,0.0,1.0,1.0,0.06,0.94,6.55,1.08,0.0,66.42,1.13,0.0,1.94,1.94,7.48,0.0,1.4,1.13,0.0,0.49,0.0,0.0,0
0.0,0.0,1.0,0.0,0.0,3.56,1.0,1.0,0.22,0.0,6.22,1.09,0.89,0.0,2.44,0.0,4.44,1.0,2.29,0.0,4.99,1.0,0.0,0.93,0.89,1.78,0
0.0,0.0,1.0,0.0,0.0,3.4,1.0,1.0,0.0,0.0,3.41,1.76,0.4,0.0,2.4,0.0,3.2,1.0,1.03,0.0,4.54,3.4,0.0,0.98,0.0,0.6,0
0.17,0.0,2.67,2.0,0.83,0.0,2.67,1.17,1.16,0.66,4.66,0.47,0.0,75.83,1.66,3.34,9.0,2.0,7.82,0.83,4.17,0.83,0.0,0.71,0.92,1.0,0
0.0,0.0,1.47,0.53,0.0,0.0,1.47,1.0,0.0,2.0,5.53,0.52,0.0,51.13,1.53,0.0,1.06,2.0,2.87,1.0,2.18,1.0,0.0,1.0,0.0,0.0,0
1.6,0.0,1.0,1.0,2.0,0.2,1.8,6.58,3.0,7.58,10.38,0.13,1.0,81.81,4.4,0.0,11.4,1.8,2.27,0.0,6.51,1.0,0.0,0.61,0.62,0.0,0
0.0,0.0,1.0,1.0,0.0,0.0,1.75,1.0,0.74,6.26,44.73,0.19,0.0,78.15,3.0,0.0,20.82,1.75,3.72,0.75,4.21,1.0,0.0,0.85,0.0,1.51,0
0.2,3.9,1.0,1.13,0.1,2.07,2.0,1.2,2.62,5.89,8.51,0.54,0.0,68.95,1.97,0.07,6.8,1.26,2.59,0.0,3.2,0.97,0.0,0.54,0.03,0.13,0
0.0,2.34,1.0,0.0,0.0,0.42,1.0,1.0,0.42,0.0,1.25,1.65,1.25,0.0,1.25,0.42,1.83,0.42,1.0,0.58,0.93,0.42,0.0,0.85,0.0,0.0,0
0.0,0.0,1.0,0.0,1.76,0.0,1.12,1.0,0.0,0.0,2.76,0.99,1.12,0.0,4.76,0.0,5.4,1.0,0.71,0.12,4.0,2.24,0.12,0.99,1.0,0.12,0
0.0,0.0,1.0,0.0,0.0,3.16,1.0,1.0,0.21,1.05,7.63,1.3,0.79,16.01,2.79,0.21,4.37,1.21,2.39,0.0,2.66,1.0,0.0,1.0,0.0,0.0,0
0.0,0.0,1.0,0.93,0.0,2.34,1.47,1.0,1.87,7.95,8.48,2.38,0.0,41.13,1.93,0.0,2.93,2.47,1.76,0.47,3.07,1.0,0.0,0.82,0.0,0.0,0
0.0,3.87,1.0,0.0,0.0,0.0,1.36,11.02,1.42,3.0,38.15,0.15,0.0,82.91,2.64,0.64,15.53,2.0,2.51,0.0,4.32,0.71,0.0,0.91,0.32,1.93,0
2.81,0.0,1.0,2.81,0.0,1.87,1.94,1.94,0.0,3.81,4.19,0.3,1.87,83.21,1.94,0.0,5.61,2.0,2.11,0.0,6.13,1.0,0.0,0.83,0.0,0.0,0
0.18,0.0,1.0,1.18,0.7,0.0,1.0,1.0,0.82,0.0,1.53,1.38,0.0,89.45,4.3,0.0,1.0,1.0,1.28,0.0,4.06,2.65,0.0,0.61,0.0,0.0,0
0.0,15.46,1.0,0.23,0.0,0.0,1.0,1.0,0.23,0.0,0.23,0.91,0.0,22.69,2.13,0.77,0.23,1.0,0.23,0.0,0.88,0.23,0.0,0.71,0.0,1.55,0
0.0,7.25,1.0,0.0,0.0,8.03,1.0,1.0,0.0,0.0,1.36,5.17,0.19,0.0,2.19,7.25,4.19,1.0,3.45,2.42,1.58,0.19,0.0,0.54,0.0,0.81,0
1.24,0.0,1.0,1.41,0.0,1.17,2.59,2.24,1.0,6.63,8.29,0.43,3.51,31.5,2.0,0.0,3.76,1.41,3.45,2.59,6.29,5.1,1.17,0.63,0.0,0.59,0
0.0,0.0,1.0,1.0,0.0,0.0,1.0,1.0,0.78,0.61,4.67,0.95,0.0,69.06,2.94,0.0,2.39,1.61,5.41,0.0,1.82,1.0,0.0,0.48,0.0,0.0,0
0.0,0.0,1.0,0.31,0.0,0.31,1.31,1.0,0.69,0.0,0.31,1.99,2.5,0.0,3.37,0.0,0.63,1.0,0.94,0.94,5.44,5.44,0.31,0.52,0.31,0.0,0
0.0,0.0,1.0,0.0,1.85,0.0,1.07,1.0,3.85,0.0,2.07,0.55,0.0,0.0,6.63,1.0,2.96,1.0,0.85,0.0,2.65,1.0,0.0,0.49,1.0,0.07,0
0.0,0.0,1.84,1.32,0.0,3.52,2.0,2.84,3.48,3.8,5.0,0.43,0.84,76.77,2.16,0.0,3.48,2.0,2.25,0.0,3.5,1.0,0.0,0.96,0.0,0.0,0
1.79,0.0,1.0,0.89,0.0,0.89,1.89,4.57,1.79,10.14,18.36,0.26,0.0,82.75,3.68,0.0,6.25,1.89,2.11,0.11,2.61,0.11,0.0,0.97,0.0,1.79,0
0.7,0.0,1.0,1.0,0.0,1.39,1.7,1.0,0.7,1.7,18.85,0.59,0.0,60.55,1.7,0.7,1.3,2.0,5.02,0.7,2.32,0.3,0.0,0.83,0.0,0.0,0
0.0,0.0,1.0,0.74,0.0,1.04,1.0,1.0,0.74,0.0,2.56,1.3,0.26,74.07,4.48,0.0,2.3,1.0,1.41,0.0,4.52,2.48,0.0,1.0,0.0,0.0,0
0.0,0.0,1.0,0.0,0.0,2.31,1.0,1.0,0.84,1.69,12.06,0.83,0.58,37.12,2.16,0.84,5.58,1.84,2.29,0.0,3.37,1.0,0.0,0.97,0.42,0.42,0
0.0,0.0,1.0,0.36,0.0,6.13,1.0,1.0,0.0,0.0,4.87,1.17,5.98,0.0,3.0,0.0,3.58,1.0,2.72,1.07,8.86,7.76,0.0,0.91,0.0,0.0,0
0.0,0.0,1.0,0.83,0.0,0.0,1.17,1.0,0.0,3.31,11.75,0.69,0.35,62.04,2.17,0.0,1.83,1.83,6.2,0.17,2.11,1.52,0.17,0.59,0.17,0.17,0
0.0,0.0,1.0,0.0,0.0,4.67,1.67,1.0,0.0,0.0,7.0,1.12,1.67,0.0,3.67,0.0,4.33,1.0,2.57,0.0,3.1,1.0,0.0,0.98,0.0,0.67,0
0.55,0.0,1.0,0.55,0.55,0.0,1.0,1.0,1.36,2.73,9.19,0.49,0.0,41.52,2.45,0.0,3.81,2.09,5.58,0.0,1.95,1.0,0.0,0.73,0.0,0.0,0
0.0,0.08,1.0,0.0,0.0,4.0,1.0,1.0,1.84,0.0,0.92,1.78,0.0,0.0,1.84,0.16,1.0,0.92,0.08,0.08,1.92,1.0,0.0,0.52,0.0,0.0,0
0.0,0.0,1.0,0.96,0.0,0.0,1.0,1.0,1.0,0.08,1.04,1.68,0.0,97.16,6.79,0.0,1.13,1.0,1.58,1.04,1.59,1.08,0.0,0.54,0.0,0.96,0
0.0,0.0,1.0,0.0,0.0,0.0,1.0,1.0,0.74,0.26,1.03,0.91,2.23,6.44,2.48,0.0,3.0,1.26,0.9,0.26,7.52,7.2,0.0,0.88,0.0,0.0,0
0.0,0.0,1.0,1.0,0.0,1.0,1.0,1.0,0.0,2.42,9.86,0.96,0.0,66.35,2.0,0.0,4.27,1.0,6.29,1.0,1.56,1.0,0.0,1.0,0.01,0.03,0
0.0,0.0,1.0,0.73,0.0,0.0,1.73,1.0,0.27,0.73,2.45,0.84,0.55,36.32,3.0,0.0,2.27,1.0,2.0,0.73,3.27,1.27,0.0,0.91,0.0,0.0,0
0.23,2.32,1.0,0.45,0.0,2.32,1.0,1.23,1.58,0.91,1.81,3.94,0.0,18.1,1.13,1.55,2.04,0.45,3.52,3.09,1.34,0.77,0.0,0.66,0.11,0.23,0
0.0,0.0,1.0,0.54,0.0,0.0,1.46,1.46,1.0,0.0,1.46,1.07,0.0,54.43,5.0,0.0,1.46,1.46,0.85,0.0,4.27,2.54,0.0,0.63,0.0,0.0,0
0.89,0.89,1.0,1.89,0.0,0.0,1.89,1.0,0.89,12.72,14.93,0.16,0.0,78.86,1.11,0.0,5.57,1.11,5.92,1.0,4.29,1.0,0.0,0.61,0.0,0.0,0
0.0,0.0,1.0,1.0,0.0,0.67,1.19,1.0,2.71,3.62,3.9,0.49,0.86,46.12,3.19,0.0,7.52,1.0,3.32,0.29,4.24,2.15,0.0,0.69,0.1,0.0,0
0.83,2.17,1.0,0.83,0.55,2.17,1.28,1.0,0.0,0.0,1.38,3.67,0.0,18.17,0.28,1.45,0.83,0.28,3.45,2.9,2.2,1.0,0.0,0.69,0.28,0.0,0
0.0,0.0,1.0,1.0,0.0,0.39,1.39,2.22,0.0,0.61,2.83,0.34,3.73,0.0,2.61,0.0,3.22,1.61,2.08,1.78,9.64,6.29,0.39,0.91,1.0,0.0,0
0.0,0.0,1.0,0.95,0.95,0.0,1.95,1.0,0.95,3.85,23.92,0.24,0.0,81.64,1.0,0.76,12.71,2.0,1.04,0.05,1.64,0.05,0.0,0.47,0.0,1.95,0
0.0,1.07,1.0,0.47,0.0,5.93,1.93,1.0,0.0,0.0,1.4,2.38,4.19,0.0,3.4,1.07,1.4,1.0,2.86,1.93,7.72,6.05,0.0,0.96,0.47,0.0,0
0.0,0.0,1.57,0.57,0.0,2.27,2.0,2.57,2.14,1.71,3.71,0.5,0.57,42.64,3.29,0.0,2.57,2.0,1.5,0.0,3.5,1.43,0.0,0.89,0.0,0.0,0
0.0,0.13,1.0,0.13,1.74,0.13,2.13,2.74,0.0,0.64,8.11,0.56,1.0,4.85,2.0,1.74,1.51,1.87,2.58,0.26,2.52,1.0,0.0,0.59,0.0,0.0,0
1.0,0.0,1.0,0.58,0.0,1.16,2.26,1.0,2.42,0.42,5.32,0.17,5.07,76.17,2.42,0.0,1.58,1.0,1.77,0.42,7.28,1.0,0.0,1.0,0.0,0.58,0
0.0,0.0,1.0,0.0,0.0,0.68,1.0,1.0,2.49,0.83,3.68,1.18,0.83,13.27,1.66,0.34,5.81,0.83,1.16,0.83,5.12,0.83,0.0,0.72,0.41,0.83,0
0.36,0.88,1.0,0.0,0.12,4.36,1.0,1.24,0.72,0.12,1.2,4.48,0.24,4.21,0.36,1.12,0.36,0.12,1.18,0.88,1.95,1.0,0.0,0.95,0.0,0.12,0
0.0,0.0,1.0,0.0,0.25,0.0,2.0,1.0,2.24,0.76,7.0,0.27,0.75,15.43,1.75,0.0,1.49,1.0,4.24,0.25,2.45,0.25,0.0,0.69,0.0,0.0,0
0.0,0.0,1.0,0.0,0.0,3.81,1.0,1.0,0.24,0.0,0.76,2.96,0.0,0.0,1.72,0.0,3.04,1.76,0.0,0.0,1.76,1.76,0.0,0.57,0.0,0.0,0
0.16,0.0,1.0,0.16,0.11,0.0,1.05,1.0,0.0,2.84,12.57,0.4,0.0,64.11,1.0,0.0,0.16,1.0,3.67,0.95,1.75,1.0,0.0,0.83,0.05,0.0,0
2.99,0.0,1.0,2.99,0.0,1.99,2.0,2.0,0.02,4.02,4.04,0.27,1.99,87.98,2.0,0.01,5.99,2.0,2.15,0.0,6.41,1.0,0.0,0.84,0.0,0.0,0
1.0,0.0,1.78,1.56,0.89,0.0,2.56,1.0,6.22,3.11,1.67,0.31,0.78,64.54,1.78,0.78,5.44,1.0,2.83,0.78,3.91,1.0,0.0,0.61,0.78,1.56,0
0.0,0.0,1.0,0.18,0.0,0.0,1.82,1.82,0.18,0.0,1.82,0.49,5.76,17.69,1.71,0.0,9.23,1.82,1.0,0.82,12.23,3.0,0.0,1.0,0.82,0.0,0
0.0,0.0,1.0,0.0,0.0,0.66,1.0,1.0,0.0,5.85,22.05,0.36,0.16,64.37,1.16,0.0,0.82,3.51,2.86,0.84,2.5,1.0,0.0,0.9,0.16,2.0,0
0.0,18.67,1.0,0.0,0.0,0.0,1.0,1.0,0.2,0.0,0.07,0.67,0.0,0.0,1.13,0.93,0.4,1.0,0.15,0.0,0.63,0.07,0.0,0.77,0.0,1.87,0
0.0,0.0,2.75,1.75,0.87,0.63,2.87,1.0,0.0,0.0,4.38,0.56,0.25,65.62,1.38,3.5,8.37,1.87,8.2,0.87,4.35,1.0,0.0,0.7,0.87,1.0,0
0.0,0.0,1.46,0.0,0.0,2.68,2.0,1.0,0.0,0.93,6.07,0.75,1.07,18.55,2.61,0.0,2.15,1.46,3.51,0.46,2.69,1.0,0.0,0.99,0.0,0.54,0
0.0,0.0,1.0,1.15,0.0,0.0,1.85,1.0,0.15,5.93,50.18,0.18,0.0,87.92,3.15,0.0,21.47,2.0,3.81,0.85,4.13,1.0,0.0,0.87,0.0,1.69,0
0.0,0.0,1.0,0.26,0.0,2.21,1.0,1.0,0.26,0.0,1.0,1.9,0.0,26.49,2.53,0.0,1.74,1.0,0.26,0.0,4.34,4.21,0.0,0.85,0.0,0.74,0
0.32,0.0,1.0,0.16,0.0,3.53,1.16,1.63,0.32,1.74,8.89,0.94,0.84,13.41,2.32,0.0,5.32,1.16,2.47,0.0,5.0,0.84,0.0,0.93,0.84,2.0,0
0.0,0.0,1.0,1.13,1.55,0.9,1.23,1.0,0.0,0.45,4.13,0.84,0.77,14.86,4.1,0.0,4.65,1.0,1.19,0.0,3.63,1.77,0.0,0.94,0.77,0.0,0
0.95,0.0,1.0,0.95,0.95,0.25,1.0,1.0,0.0,4.75,15.24,0.45,0.0,72.17,1.95,0.0,2.1,2.95,7.93,0.0,2.11,1.05,0.0,0.63,0.0,0.0,0
0.24,0.48,1.88,3.88,0.0,0.88,2.88,2.88,0.6,6.36,2.76,0.38,2.64,38.65,2.0,0.0,2.84,1.88,6.23,4.52,10.52,8.04,1.76,0.97,0.12,1.76,0
0.18,0.0,1.0,0.82,0.0,0.0,1.55,1.0,0.55,1.82,5.45,0.45,0.18,60.27,2.18,0.0,1.82,1.82,1.48,1.0,3.08,1.0,0.0,1.0,0.0,0.0,0
0.0,0.0,1.0,0.0,0.0,0.0,1.0,1.0,0.86,4.45,9.59,0.4,0.0,67.47,1.86,0.86,1.72,2.0,1.71,0.0,2.37,1.0,0.0,0.95,0.0,0.0,0
0.0,0.0,1.0,0.18,0.0,0.35,1.0,6.47,0.35,14.07,30.57,0.14,0.35,73.42,2.82,0.82,6.3,2.0,1.84,0.0,2.79,0.18,0.0,0.97,0.0,0.0,0
0.0,0.0,1.0,0.0,1.47,0.0,1.0,1.0,3.2,0.0,1.47,0.99,0.27,0.0,6.2,6.87,1.73,1.0,6.89,6.4,2.63,1.53,0.0,0.63,0.73,0.0,0
0.91,0.0,1.09,2.0,3.73,0.0,1.09,1.0,0.09,0.18,4.62,0.66,0.0,43.47,1.0,0.0,1.44,1.18,3.04,0.0,2.04,1.0,0.0,1.0,0.0,0.18,0
0.0,0.0,1.0,0.0,0.0,0.27,1.0,1.0,2.8,0.0,0.47,1.28,0.0,0.0,2.8,7.6,0.93,0.93,1.94,0.93,2.49,1.87,0.0,0.38,0.0,0.0,0
0.0,0.0,1.0,0.0,0.32,0.32,1.0,1.0,0.68,3.42,7.79,0.44,0.0,51.95,1.68,0.68,2.0,2.0,1.6,0.0,3.68,1.0,0.0,1.0,0.32,0.0,0
1.93,0.0,1.64,0.0,0.0,1.29,1.64,1.64,1.93,6.16,6.22,0.93,0.0,49.0,2.07,0.0,3.87,2.29,2.36,0.36,2.76,0.36,0.0,0.65,0.0,1.29,0
0.0,0.0,1.0,0.0,0.0,0.66,1.0,1.0,0.69,0.66,1.97,1.61,0.0,0.0,2.72,0.0,1.31,1.66,0.88,0.66,1.39,1.0,0.0,0.91,0.0,0.0,0
0.0,0.0,1.0,0.98,0.0,8.87,1.0,1.0,0.06,0.0,3.91,3.77,0.0,97.87,2.06,0.0,0.0,1.0,1.96,0.98,1.01,1.0,0.0,0.8,0.0,0.0,0
0.64,0.64,1.0,1.29,0.0,1.78,1.64,1.0,0.64,9.01,12.79,0.53,0.36,52.13,1.71,0.0,5.64,1.0,5.08,0.64,4.39,1.0,0.0,0.55,0.0,0.36,0
0.0,0.0,1.0,0.0,0.0,0.02,1.0,1.0,1.0,0.0,0.06,1.49,0.06,0.0,2.02,0.02,1.04,1.0,2.96,2.94,2.99,2.96,0.0,0.94,0.0,0.0,0
0.0,0.0,1.0,0.0,0.0,4.18,1.59,1.0,4.5,2.45,2.95,0.5,2.36,33.13,3.41,13.27,7.95,1.0,6.88,3.18,22.38,19.91,0.0,0.89,0.41,1.41,0
0.56,1.78,1.0,0.56,0.0,0.56,1.56,1.0,0.0,0.56,5.0,1.17,0.0,36.14,2.22,0.0,4.89,1.11,3.56,0.44,2.45,0.56,0.0,0.76,0.0,1.11,0
0.0,0.0,1.0,0.0,0.67,1.34,3.69,1.0,0.0,0.67,2.66,0.75,0.67,33.57,2.0,0.0,2.33,1.33,4.52,1.34,4.18,3.34,0.0,0.98,0.0,0.0,0
0.0,0.0,1.47,1.87,0.0,2.07,1.93,1.93,5.86,6.0,1.4,0.62,1.4,58.57,3.07,16.52,3.6,1.47,8.68,3.4,6.89,4.74,0.93,0.86,0.53,2.0,0
1.08,0.0,1.0,1.0,0.0,1.0,2.46,4.54,8.45,15.15,15.77,0.18,1.38,87.3,2.62,0.0,26.36,2.0,4.27,1.38,5.72,0.46,0.0,0.92,0.23,2.46,0
0.0,0.0,1.0,0.0,1.84,0.4,1.08,1.0,0.0,0.0,3.16,0.83,1.24,0.0,4.84,0.08,6.32,1.0,0.97,0.32,6.54,4.48,0.0,1.0,0.92,0.08,0
0.0,0.0,1.0,0.53,1.06,0.53,1.0,1.0,2.06,1.06,6.34,0.28,1.0,45.25,6.47,0.0,9.26,1.0,1.33,0.0,4.17,1.47,0.0,0.65,0.0,0.0,0
0.0,0.0,1.0,0.0,0.0,0.17,1.0,1.0,1.91,3.83,18.48,0.36,0.04,84.19,1.09,1.91,5.0,2.91,1.93,0.0,1.93,1.0,0.0,0.92,0.96,0.96,0
1.04,0.0,1.0,1.7,0.0,0.7,2.0,2.0,0.65,6.61,2.7,0.26,2.65,59.29,2.0,0.0,3.39,2.0,5.09,0.65,9.41,1.65,0.65,0.79,0.0,0.65,0
0.05,0.0,1.0,0.0,0.0,0.0,1.15,1.05,3.69,0.25,0.59,0.95,0.05,4.46,3.0,7.7,0.95,1.05,2.01,0.95,2.81,1.9,0.0,0.37,0.0,0.0,0
3.2,0.64,1.0,4.2,0.0,2.8,1.64,2.92,6.4,28.15,51.54,1.06,0.0,61.42,1.0,0.0,27.59,3.28,2.63,0.72,3.37,1.72,0.0,0.77,0.74,2.56,1
0.44,0.0,1.0,0.0,0.0,0.0,1.88,1.0,1.68,2.32,3.0,0.33,1.0,33.54,1.56,0.0,5.68,1.44,2.3,1.44,6.64,1.44,0.0,0.81,0.72,0.56,0
0.0,1.0,1.0,0.0,0.0,3.67,1.0,1.0,0.0,0.0,6.22,1.62,0.89,0.0,2.67,0.11,4.56,0.89,2.5,0.0,2.52,1.0,0.0,0.97,0.0,0.0,0
0.0,0.0,1.0,0.0,0.91,0.0,1.0,1.91,9.12,11.86,13.12,0.26,0.0,83.92,1.09,0.0,2.09,2.0,1.46,0.0,2.31,1.09,0.0,0.85,0.0,0.91,0
0.0,0.0,1.0,0.0,0.0,0.0,1.0,2.78,0.7,4.74,10.67,2.25,0.0,22.24,3.7,0.3,2.08,1.3,0.53,0.0,1.35,0.7,0.0,0.81,0.0,0.0,0
0.0,1.57,1.0,0.0,0.0,3.14,1.0,1.0,0.48,0.0,0.48,3.28,0.95,0.0,2.48,1.05,1.95,1.0,1.65,0.52,1.91,0.95,0.0,0.85,0.52,0.0,0
0.0,0.0,1.0,0.42,0.0,0.0,1.0,1.0,0.42,2.31,11.99,0.95,0.0,92.48,2.69,13.88,1.58,1.58,3.54,0.0,2.14,1.42,0.0,0.7,0.0,0.0,0
1.48,0.0,1.0,0.74,0.0,0.74,1.74,3.95,1.48,8.38,15.85,0.39,0.0,66.38,3.21,0.0,5.16,2.0,1.82,0.0,2.51,0.26,0.0,0.9,0.0,1.48,0
0.92,0.0,1.0,0.08,1.84,0.49,3.76,1.0,2.76,3.68,1.92,0.48,0.92,64.34,1.92,0.92,0.16,1.08,4.45,1.08,5.45,1.16,0.0,0.69,0.08,0.0,0
0.0,0.0,1.0,0.19,0.0,0.74,1.37,1.0,2.3,3.22,2.0,0.75,0.19,42.44,3.81,0.37,5.7,2.0,2.14,0.0,2.73,0.81,0.0,0.58,0.0,0.37,0
0.0,0.0,1.0,0.0,0.0,1.61,1.8,1.0,1.61,0.8,2.0,0.92,0.0,0.0,2.8,0.0,0.2,1.2,1.9,0.8,2.7,1.2,0.0,0.95,0.8,0.0,0
0.0,0.0,1.0,0.72,0.0,1.44,2.72,1.28,1.84,2.51,3.63,0.52,4.33,23.44,1.72,0.56,4.44,1.28,2.97,2.16,6.51,5.77,1.44,0.51,0.0,0.72,0
0.82,0.0,1.0,1.0,0.82,0.0,1.0,1.0,0.18,4.12,13.36,0.56,0.0,80.23,2.88,0.0,1.82,2.65,7.15,0.18,2.01,1.0,0.0,0.61,0.0,0.18,0
0.0,0.31,1.0,0.69,0.0,1.25,1.0,1.0,1.38,0.0,0.69,2.15,0.0,45.41,4.13,0.62,2.38,0.69,1.23,0.31,2.15,1.0,0.0,0.51,0.0,0.0,0
0.0,0.0,1.0,0.6,0.0,1.59,1.0,1.0,1.21,0.0,3.38,1.07,0.4,39.77,4.81,0.0,3.79,1.0,1.83,0.0,3.2,1.0,0.0,0.71,0.0,0.0,0
0.0,0.0,1.0,0.09,0.0,0.0,2.0,1.0,0.0,0.09,1.18,1.69,1.82,4.38,3.0,0.0,1.09,1.0,1.09,1.0,3.91,3.74,0.91,0.91,0.91,0.91,0
0.0,0.56,1.0,1.0,0.0,0.56,2.12,1.0,0.0,4.56,7.25,0.38,0.56,54.19,2.0,0.0,3.69,1.44,6.0,1.12,5.44,1.0,0.0,0.58,0.0,0.0,0
0.0,0.0,0.75,23.96,0.0,3.0,0.75,1.0,0.0,0.0,5.25,1.38,0.75,0.0,2.5,0.0,3.75,1.0,1.93,0.0,2.04,0.75,0.0,1.0,0.25,0.0,0
0.0,0.0,1.79,1.57,0.79,0.21,2.0,1.21,1.0,1.79,9.3,0.39,0.0,62.18,1.85,0.0,5.15,2.57,6.22,0.21,2.75,1.21,0.0,0.87,0.21,1.57,0
0.14,0.0,1.0,0.1,0.0,0.0,1.05,1.14,1.95,0.77,0.97,1.2,0.0,3.67,5.81,0.0,0.1,1.05,0.2,0.1,1.61,1.0,0.0,1.0,0.0,0.0,0
0.0,0.0,1.0,1.34,0.45,0.45,2.0,1.55,5.35,2.68,4.23,0.2,5.66,33.9,2.78,0.45,11.89,1.55,2.74,0.55,12.07,2.11,0.0,0.88,0.7,1.34,0
0.0,0.0,1.0,0.0,0.32,3.42,2.0,1.0,0.0,0.63,6.68,0.74,1.68,10.45,3.37,0.0,3.68,1.0,2.28,0.32,3.35,1.0,0.0,0.98,0.0,0.68,0
0.0,0.0,1.0,1.71,0.0,0.29,2.41,1.0,3.53,11.45,25.65,0.29,0.71,87.11,2.71,0.0,8.92,1.0,2.66,0.29,4.77,1.0,0.0,0.69,0.2,0.88,0
0.0,0.0,0.86,0.0,0.0,0.0,0.86,1.0,0.0,11.79,6.05,0.82,0.0,49.29,0.86,0.0,0.0,0.86,1.48,0.86,1.24,0.86,0.0,0.95,0.0,0.27,0
0.0,0.0,1.0,1.0,0.0,0.41,2.41,2.24,7.21,8.28,5.56,0.5,1.24,95.86,3.34,0.0,20.88,1.41,3.5,1.24,8.8,1.59,0.0,0.94,0.21,1.24,0
0.0,0.14,1.0,0.0,0.98,1.0,1.0,1.0,2.95,0.0,1.97,0.55,0.98,0.0,4.92,0.02,10.85,0.98,0.62,0.0,4.15,0.02,0.0,0.71,0.0,0.0,0
0.0,2.77,1.0,0.0,0.0,0.0,1.08,1.08,0.3,0.68,0.98,2.95,0.0,6.34,0.08,1.08,0.23,0.15,1.14,0.92,0.2,0.0,0.0,0.42,0.0,0.0,0
0.0,0.0,1.0,0.69,0.0,1.37,1.0,3.06,1.37,4.06,7.82,0.41,1.37,59.73,1.69,0.0,3.31,1.69,2.7,0.63,4.54,1.0,0.0,0.79,0.0,0.0,0
2.94,0.0,1.0,2.96,1.96,0.0,1.98,1.0,0.06,0.09,4.98,0.18,0.02,65.74,1.09,0.0,3.09,1.02,2.02,0.02,5.39,1.02,0.0,1.0,0.98,0.0,0
0.0,0.47,1.47,2.0,0.53,0.95,1.95,2.42,4.78,9.78,22.09,0.3,0.0,86.89,1.47,0.95,12.29,2.53,5.23,0.53,3.31,0.53,0.0,0.64,0.76,1.47,1
0.0,0.0,1.0,0.0,0.72,0.0,1.72,1.0,1.7,2.43,5.3,0.46,0.28,63.84,2.14,0.0,1.14,1.0,1.92,0.72,2.53,1.0,0.0,0.79,0.28,0.0,0
0.57,0.0,2.15,0.57,0.57,6.87,3.87,1.0,0.0,0.0,3.55,0.98,1.57,28.72,1.85,0.0,2.13,1.0,3.1,0.0,5.09,1.0,0.0,0.8,0.0,0.0,0
0.0,0.0,1.0,2.87,0.13,0.0,1.87,1.0,3.61,5.13,11.52,0.18,0.0,88.48,4.48,0.87,6.1,1.26,2.85,0.13,3.95,1.0,0.0,0.49,1.0,1.0,0
0.0,0.0,1.0,0.0,0.0,0.18,1.12,1.0,1.12,0.36,0.12,1.43,0.0,4.14,2.0,0.06,1.12,1.0,3.01,2.82,3.18,2.88,0.0,0.95,0.0,0.0,0
0.0,0.0,1.0,0.0,0.0,4.63,1.63,1.0,0.0,0.0,7.0,1.12,1.63,0.0,3.63,0.0,4.37,1.0,2.57,0.0,3.5,1.0,0.0,0.98,0.0,0.63,0
0.0,0.0,1.0,0.0,0.65,2.38,1.0,1.0,1.96,0.0,3.73,0.77,1.0,0.0,4.31,0.0,8.93,1.0,1.28,0.0,4.18,0.35,0.0,0.65,0.0,0.35,0
0.0,0.0,1.0,0.0,0.67,4.62,4.02,1.0,0.66,0.67,1.67,0.9,1.0,33.62,2.33,0.0,1.67,1.0,4.69,1.67,4.34,3.34,0.0,1.0,0.0,0.0,0
0.0,0.0,1.0,0.49,0.0,3.04,1.51,1.0,0.0,19.14,45.29,0.68,1.02,47.61,3.02,0.0,15.78,1.0,2.6,0.49,2.75,1.0,0.0,0.81,0.33,1.98,0
0.0,4.19,1.0,1.7,0.0,0.0,2.7,1.0,0.3,3.49,0.3,0.39,0.0,66.5,2.21,0.0,6.58,1.0,5.89,2.79,8.27,2.0,0.0,0.68,0.0,0.0,0
0.0,0.36,1.0,0.0,0.0,1.42,1.0,1.0,1.29,2.58,12.23,1.99,0.0,56.66,0.64,2.0,3.58,1.93,1.58,0.36,1.46,1.0,0.0,0.77,0.64,0.64,0
0.0,0.93,1.0,0.07,0.0,0.0,1.0,1.0,0.07,0.0,0.07,2.24,0.0,7.33,0.29,0.93,2.85,0.07,5.63,5.56,0.26,0.15,0.0,0.56,0.0,0.0,0
0.0,0.0,1.0,0.49,0.0,0.0,1.0,1.0,0.0,1.51,10.6,0.71,0.0,58.13,1.0,0.0,3.03,1.49,5.9,1.03,1.8,1.0,0.0,0.56,0.0,0.0,0
0.0,0.0,1.0,0.89,0.0,0.0,1.0,1.0,1.0,0.0,1.9,1.1,1.0,88.69,4.34,0.0,2.34,1.0,1.43,0.0,2.99,2.0,0.0,0.98,0.0,0.0,0
0.0,1.56,1.0,0.0,0.0,3.48,1.0,1.0,0.0,0.0,5.18,1.83,0.74,0.0,3.0,3.22,2.96,1.0,4.06,0.0,1.87,0.74,0.0,0.65,0.0,0.74,0
0.0,6.68,1.0,0.0,0.0,2.03,1.26,1.0,0.0,0.0,1.8,2.33,0.51,0.0,0.77,0.74,2.8,0.26,2.06,0.0,5.01,1.0,0.0,0.8,0.0,0.0,0
0.0,0.31,1.0,2.08,0.0,0.92,1.69,1.0,2.77,3.46,7.61,1.59,0.0,61.6,3.46,2.23,5.15,0.69,5.62,4.0,3.31,1.0,0.0,0.47,0.69,0.69,0
0.0,0.0,1.0,1.13,0.0,0.13,1.0,1.0,1.0,1.33,4.47,1.45,0.0,98.53,4.6,0.13,1.67,1.13,1.1,0.13,3.26,1.87,0.0,0.55,0.13,0.4,0
0.0,0.0,1.0,0.0,0.0,0.72,1.0,1.0,0.82,0.0,1.26,1.94,1.0,0.0,3.82,18.87,2.26,1.0,20.15,19.69,4.0,2.64,0.0,0.91,0.0,0.18,0
0.27,4.67,1.0,2.0,0.0,0.0,2.73,1.0,0.27,7.4,4.26,0.19,0.0,59.73,1.0,0.0,8.2,1.0,7.59,3.2,7.2,1.73,0.0,0.55,0.0,0.0,0
0.0,0.0,1.0,0.38,0.0,0.0,1.0,1.0,0.0,1.62,14.96,0.7,0.0,50.66,1.75,8.72,1.62,2.25,5.77,1.0,1.49,1.0,0.0,0.43,0.0,0.62,0
0.0,2.27,1.0,0.42,0.0,5.6,1.42,2.7,0.85,6.37,11.46,3.75,0.0,35.24,0.85,2.15,8.92,0.85,2.52,0.58,2.87,0.0,0.0,0.61,0.0,0.42,0
0.0,0.64,1.0,0.0,0.0,5.77,1.36,1.36,0.0,0.0,0.72,4.19,2.52,0.0,0.36,1.92,3.95,0.72,1.0,1.0,5.03,1.08,0.0,0.73,0.36,0.0,0
0.0,0.0,1.0,4.88,0.0,3.91,2.03,1.09,0.49,2.55,8.12,0.7,0.09,66.74,1.0,0.0,1.51,1.03,3.12,0.09,2.59,1.0,0.0,0.72,0.02,0.09,0
4.8,0.96,1.0,5.84,0.0,0.96,2.04,3.88,9.8,42.21,76.79,0.15,0.04,95.47,1.08,0.0,40.33,3.88,2.97,0.0,3.67,1.0,0.0,0.64,0.58,3.84,1
0.0,0.0,1.0,0.0,0.0,0.0,1.0,1.0,0.0,0.77,7.9,0.48,0.0,16.84,1.81,4.65,4.42,1.19,1.05,0.0,6.03,5.03,0.0,0.69,0.0,0.81,0
0.0,0.0,1.0,0.0,0.0,2.47,1.0,1.0,1.62,0.0,2.14,1.23,0.0,0.0,2.0,0.0,1.0,1.38,0.99,0.0,2.08,1.38,0.0,0.58,0.0,0.0,0
0.39,0.0,1.39,0.39,2.7,2.84,1.39,2.93,0.0,0.39,13.94,1.02,0.61,31.62,2.61,4.0,4.0,1.39,4.12,0.0,2.38,1.0,0.0,0.58,0.0,0.61,0
0.0,0.0,1.0,0.0,0.0,7.37,1.0,1.0,0.47,0.0,1.95,3.7,0.0,0.0,1.95,0.0,3.05,2.0,1.66,0.47,1.88,1.53,0.0,0.54,0.0,0.47,0
0.0,0.0,1.0,0.0,0.0,0.0,1.0,1.0,0.19,0.0,1.63,2.21,0.0,0.0,2.37,4.07,0.0,1.81,0.41,0.0,2.0,2.0,0.0,0.73,0.0,0.0,0
0.0,0.0,1.0,0.0,0.46,2.16,1.0,1.46,4.59,5.97,10.22,0.87,0.54,42.27,2.08,0.0,3.62,1.46,2.06,0.0,2.52,1.0,0.0,0.93,0.0,0.46,0
0.0,0.0,1.0,2.23,0.0,0.21,2.21,1.79,0.79,6.56,2.21,0.32,2.79,51.19,2.0,0.0,1.79,1.79,5.78,1.0,9.9,1.79,0.79,0.75,0.21,0.79,0
0.0,0.0,1.0,0.07,0.0,0.93,1.0,1.0,1.15,0.29,3.07,0.71,2.85,3.97,3.15,0.93,3.29,1.07,1.13,0.07,2.52,1.07,0.0,0.65,0.0,0.0,0
0.0,0.0,1.0,0.41,0.0,2.37,1.0,1.0,1.22,1.63,5.78,0.78,0.59,20.79,3.0,0.0,6.22,1.0,2.8,0.0,5.2,1.0,0.0,0.86,0.0,0.0,0
0.0,0.0,1.62,2.49,0.0,1.75,2.25,2.25,0.0,3.74,2.25,1.0,1.87,20.57,2.0,0.0,2.0,1.62,4.16,3.12,8.95,7.49,1.25,0.97,0.0,1.62,0
0.0,0.0,1.0,0.0,0.0,1.16,1.58,1.58,2.74,2.33,4.65,0.88,0.0,58.15,2.42,1.16,1.84,1.0,3.18,1.67,3.26,2.67,0.0,1.0,0.58,0.0,0
0.0,1.65,1.67,1.35,0.0,3.3,2.35,3.02,6.07,9.45,20.25,1.95,0.0,60.07,2.0,2.0,17.87,1.67,3.15,0.33,3.7,0.0,0.0,0.68,0.66,1.35,0
1.56,0.0,1.0,0.0,35.13,0.66,1.0,1.0,2.41,1.32,34.35,0.25,0.0,17.76,1.66,6.8,1.88,1.0,4.97,0.44,2.49,0.22,0.0,0.95,0.22,0.44,0
0.0,0.0,1.0,0.0,0.0,0.78,1.16,1.0,0.84,0.0,0.78,2.33,0.62,0.0,3.84,0.16,1.56,1.0,0.69,0.62,7.28,6.84,0.0,0.5,0.0,0.16,0
0.0,0.01,1.0,0.0,0.0,0.04,1.0,1.0,0.99,0.0,8.92,0.33,0.99,0.0,6.94,0.02,4.96,0.99,0.9,0.01,2.88,1.99,0.0,0.81,0.0,0.0,0
0.0,0.0,1.0,0.0,0.0,0.0,1.0,1.0,0.16,3.37,16.87,0.74,0.0,73.37,1.31,20.24,1.84,1.84,4.55,0.0,1.44,1.31,0.0,0.84,0.0,0.0,0
0.0,0.0,1.0,0.0,0.0,1.65,1.66,1.0,0.67,0.67,3.66,0.72,1.65,33.51,3.67,0.33,5.31,1.67,2.29,1.32,14.13,12.54,0.0,0.98,0.0,1.0,0
0.0,0.0,1.0,2.0,0.41,0.0,2.17,1.0,3.34,2.49,6.8,0.29,0.59,83.83,2.17,0.0,0.59,1.83,4.18,0.41,3.98,1.0,0.0,0.72,0.41,0.41,0
0.0,0.0,1.0,0.03,0.0,9.75,1.97,1.0,1.94,0.06,1.22,1.55,0.97,1.85,2.97,0.0,1.08,1.0,2.12,1.0,2.96,1.97,0.0,1.0,0.0,0.0,0
0.0,0.0,1.0,0.66,0.66,0.0,2.0,1.34,2.02,5.7,18.94,0.24,0.0,85.32,1.0,0.68,8.94,2.0,1.58,0.0,1.99,0.0,0.0,0.62,0.0,1.32,0
0.0,0.0,1.12,0.25,0.12,0.0,1.12,1.0,1.0,0.25,1.36,1.36,0.0,9.77,1.88,0.0,1.62,1.25,3.56,2.63,2.93,2.75,0.0,0.95,0.0,0.25,0
0.0,0.66,1.0,0.66,1.32,0.0,1.0,1.66,0.34,0.0,1.32,1.44,0.34,33.01,2.02,10.92,1.0,1.0,4.66,2.02,2.22,1.34,0.0,1.0,0.66,0.0,0
0.59,0.0,1.0,1.0,0.0,0.29,1.29,2.17,2.0,3.22,6.27,0.68,0.0,71.57,5.41,0.0,4.17,1.29,1.5,0.0,2.69,0.71,0.0,0.66,0.0,0.59,0
1.27,2.55,1.0,2.64,0.0,1.82,2.0,1.64,4.64,11.91,6.81,0.36,0.0,82.91,2.36,0.0,7.18,1.73,3.28,1.0,4.89,1.0,0.0,0.95,0.64,0.0,0
0.42,0.58,1.0,0.42,0.0,2.73,1.42,1.0,0.0,0.42,3.8,3.01,0.0,27.42,1.69,1.16,3.95,0.84,2.94,0.58,2.43,1.0,0.0,0.53,0.0,0.84,0
0.0,0.0,1.0,0.0,0.05,0.0,1.03,1.05,0.0,0.0,5.1,0.48,0.03,0.0,2.0,0.05,4.9,1.03,0.06,0.0,7.06,5.87,0.0,0.66,0.0,0.97,0
0.0,0.0,1.0,0.0,0.0,0.0,1.37,1.0,0.37,0.63,38.16,0.5,0.0,3.78,1.37,1.37,17.0,1.63,1.17,0.37,1.78,1.0,0.0,0.46,0.0,0.63,0
2.81,0.0,1.0,1.87,0.0,0.0,1.94,3.81,0.94,14.98,18.98,0.2,0.0,71.14,2.0,0.0,2.06,2.0,3.92,1.87,3.79,1.06,0.0,1.0,0.0,0.0,0
0.95,1.9,1.0,4.75,0.95,0.05,1.95,3.85,1.9,19.04,12.44,0.28,0.0,78.79,3.9,1.95,8.54,2.9,3.32,0.1,4.66,0.1,0.0,0.98,0.47,0.95,0
0.75,0.75,1.0,0.0,0.0,0.0,3.25,1.75,12.77,3.76,9.01,0.83,0.75,67.61,2.25,1.75,0.0,1.5,1.93,0.25,4.23,0.0,0.0,0.85,0.0,0.0,0
0.0,0.0,1.0,0.0,0.0,0.0,1.0,1.0,0.62,0.21,2.21,1.07,0.21,3.31,2.0,0.0,2.24,1.79,0.64,0.21,3.26,1.79,0.0,0.74,0.1,0.21,0
2.15,0.0,1.0,0.72,0.0,0.0,1.72,3.41,1.44,6.66,13.02,0.14,0.0,72.85,2.28,0.28,4.13,2.0,1.54,0.0,3.97,0.0,0.0,0.99,0.0,0.72,0
0.0,3.1,1.0,2.33,0.0,0.0,2.55,1.0,0.67,6.43,6.1,0.2,1.0,63.34,1.22,0.0,14.76,1.0,3.51,1.0,5.61,1.0,0.0,0.63,0.63,0.22,0
0.0,0.0,1.0,2.68,0.0,0.0,1.89,1.0,3.68,4.46,9.93,0.25,0.0,79.44,5.0,0.89,6.68,1.0,2.4,0.21,4.08,1.11,0.0,0.48,0.89,0.89,0
0.0,0.0,1.0,0.16,0.0,3.35,1.0,1.0,0.49,0.65,6.51,1.2,1.0,8.76,2.49,0.0,4.49,1.16,2.59,0.16,3.82,1.16,0.0,1.0,0.0,0.0,0
0.12,2.64,1.0,0.12,0.24,0.48,1.12,1.0,0.84,0.72,1.07,2.85,0.0,10.5,0.24,1.48,0.12,0.12,1.23,1.0,0.42,0.12,0.0,0.39,0.12,0.0,0
0.12,5.31,1.0,2.0,0.0,0.0,2.77,1.12,0.81,4.88,0.92,0.23,0.0,55.23,1.46,0.0,9.0,1.12,7.29,3.54,7.51,1.77,0.0,0.6,0.06,0.12,0
0.08,19.17,1.0,0.17,0.0,0.04,1.04,1.12,0.0,0.62,0.33,0.65,0.04,2.73,1.04,0.96,0.21,1.04,0.2,0.08,0.8,0.08,0.0,0.77,0.04,1.92,0
1.84,0.0,1.92,0.92,16.59,0.92,1.92,6.53,6.53,0.92,26.72,0.38,0.08,92.14,2.16,4.84,5.61,1.92,2.52,0.31,2.39,0.16,0.0,0.57,0.0,1.84,0
0.0,0.04,1.0,0.0,0.0,0.0,1.0,1.0,0.0,6.71,23.95,0.31,0.0,73.77,0.96,0.04,0.13,3.83,3.05,1.21,1.84,0.96,0.0,0.89,0.0,1.92,0
0.62,0.0,1.0,1.0,0.0,7.13,1.21,1.21,0.42,0.62,4.0,3.05,0.0,94.17,2.0,0.0,0.62,1.21,1.88,0.79,1.76,0.79,0.0,0.84,0.0,0.21,0
0.0,0.0,1.0,1.0,0.85,0.0,1.85,1.0,1.0,3.39,18.82,0.45,0.0,88.12,1.61,0.0,10.34,1.85,0.93,0.0,2.01,0.45,0.0,0.56,0.0,1.7,0
3.21,0.0,1.8,0.8,0.0,1.2,2.8,2.8,2.4,17.64,5.59,0.3,0.0,82.35,2.0,0.4,4.21,1.0,4.89,0.0,5.65,1.0,0.0,1.0,0.2,0.0,0
1.0,0.0,1.0,0.25,0.49,0.98,3.51,1.75,14.54,5.25,11.26,0.17,0.75,89.51,2.75,2.74,0.25,1.75,2.41,0.25,5.12,0.25,0.0,0.86,0.25,0.0,0
0.47,0.0,1.0,1.7,0.0,0.23,2.0,1.7,0.0,8.87,46.3,0.11,0.23,82.09,2.77,0.0,20.32,2.0,4.12,1.23,5.05,1.23,0.0,0.92,0.23,1.53,0
0.0,0.0,1.94,0.94,0.47,0.0,1.94,1.0,0.53,0.0,1.89,1.39,0.53,35.38,2.58,14.04,4.77,1.47,16.92,13.15,3.71,2.06,0.0,0.84,0.47,0.47,0
0.0,0.0,1.0,0.0,0.0,3.79,1.21,1.0,0.41,0.21,5.77,1.21,1.0,0.0,2.0,0.0,4.38,1.0,2.25,0.0,4.57,1.0,0.0,0.92,0.0,0.0,0
1.84,0.0,1.0,0.92,1.84,0.0,1.92,7.43,2.92,8.27,11.02,0.18,0.92,74.39,4.16,0.0,10.1,1.92,2.21,0.0,6.39,1.0,0.0,0.66,0.71,0.0,0
0.0,0.0,1.0,0.92,0.0,0.0,1.08,1.08,1.23,0.23,1.23,1.51,0.0,96.95,4.77,0.0,1.08,1.08,1.06,0.0,3.61,2.0,0.0,0.56,0.0,0.0,0
0.0,0.45,1.0,0.45,0.0,3.21,1.9,1.0,0.0,2.24,4.76,0.77,1.0,17.01,2.0,0.0,5.0,1.0,3.66,0.9,6.41,1.0,0.0,0.83,0.0,0.0,0
0.0,0.0,1.0,0.35,0.0,0.0,2.18,1.82,0.88,0.0,1.82,0.25,5.94,14.67,1.35,0.0,9.23,1.82,1.29,0.82,12.56,2.65,0.0,0.95,0.82,0.0,0
0.0,0.0,1.0,0.0,0.0,0.05,1.0,1.0,1.0,0.03,0.08,0.95,2.95,0.55,2.97,0.0,2.97,1.0,0.05,0.0,8.88,8.87,0.0,0.99,0.0,0.02,0
0.0,0.0,1.0,0.0,0.0,3.28,1.36,1.0,0.72,0.36,5.2,0.92,0.64,0.0,3.0,0.0,3.2,1.0,2.46,0.36,5.28,1.0,0.0,1.0,0.36,0.0,0
0.0,0.0,1.0,0.0,0.0,1.56,1.78,2.56,1.78,3.56,2.78,1.08,0.0,58.81,2.0,0.0,2.44,1.78,2.29,0.44,3.93,1.44,0.0,0.62,0.0,0.0,0
0.0,0.0,1.0,2.98,0.0,2.38,1.6,1.0,0.4,1.19,4.77,1.31,0.4,39.31,2.21,9.7,0.4,1.0,11.9,10.11,2.63,1.81,0.0,0.83,0.0,0.0,0
0.73,0.0,1.0,1.46,2.92,0.0,1.0,1.0,0.27,0.0,5.08,0.57,0.27,29.18,2.35,0.27,0.73,1.0,2.86,0.0,3.23,1.54,0.0,0.94,0.0,0.27,0
0.0,0.0,1.0,0.0,0.0,0.0,1.0,1.0,1.0,0.0,4.38,1.26,1.0,0.0,5.46,11.8,2.95,1.0,12.75,12.31,2.95,2.51,0.0,0.91,0.0,0.0,0
1.81,3.61,1.0,2.71,0.0,0.39,1.9,1.9,4.52,8.13,1.58,0.36,0.1,72.28,2.0,0.0,8.52,1.0,2.96,0.9,4.47,1.0,0.0,1.0,0.9,0.0,0
0.0,0.0,1.0,0.56,0.0,1.76,1.56,1.0,0.56,0.0,3.64,0.96,0.44,55.98,4.12,0.0,3.2,1.0,1.69,0.0,6.77,1.56,0.0,1.0,0.0,0.0,0
0.0,0.0,1.0,0.0,0.0,4.0,1.0,1.0,0.0,0.0,7.0,1.9,1.0,0.0,2.99,0.0,4.01,1.0,2.57,0.0,1.2,1.0,0.0,0.55,0.0,0.0,0
0.0,0.66,1.0,0.0,0.0,5.98,1.0,1.0,0.34,0.0,0.0,4.75,0.0,0.0,0.67,1.99,0.34,0.34,1.67,1.67,1.01,1.01,0.0,0.7,0.0,0.0,0
1.31,0.0,1.66,0.66,11.8,2.03,1.66,4.93,4.59,0.66,21.42,0.78,0.34,65.53,2.34,3.28,5.31,1.66,2.46,0.0,1.98,0.34,0.0,0.54,0.0,1.31,0
0.0,0.0,1.0,0.36,0.0,0.0,1.0,1.0,1.71,1.43,1.43,1.52,0.36,19.3,3.71,0.0,3.14,1.36,0.97,0.36,4.02,2.64,0.0,1.0,0.0,0.0,0
4.44,0.89,1.0,5.44,0.0,1.56,1.89,3.67,8.88,39.09,71.19,0.43,0.0,85.29,1.0,0.0,37.54,3.78,2.87,0.22,3.52,1.22,0.0,0.67,0.64,3.55,1
0.0,0.0,1.0,0.0,0.0,1.11,1.55,2.11,2.45,2.21,2.11,0.93,0.0,36.47,2.45,0.0,3.79,1.55,2.11,0.0,2.99,1.0,0.0,0.69,0.0,0.0,0
0.0,0.0,1.0,0.0,0.0,0.0,1.0,1.0,0.63,1.0,24.1,0.64,0.0,33.71,2.89,0.37,11.89,2.0,1.15,0.0,1.76,1.0,0.0,0.76,0.0,1.0,0
1.09,0.0,1.0,0.55,1.09,0.0,1.55,4.83,2.09,4.93,6.57,1.28,0.55,44.34,4.0,0.0,6.02,1.55,1.32,0.0,4.64,1.45,0.0,0.53,0.43,0.0,0
0.0,0.0,1.0,0.0,0.0,0.0,1.0,1.0,0.97,0.19,0.7,2.13,0.97,2.14,3.92,23.33,0.97,1.08,24.39,24.33,2.97,2.94,0.0,1.0,0.0,0.06,0
1.06,0.0,1.0,1.06,0.71,0.0,1.35,1.0,0.65,1.94,6.29,0.39,0.0,63.42,2.29,0.0,1.71,1.0,1.6,0.0,2.79,1.0,0.0,0.93,0.35,0.0,0
0.0,0.0,0.88,11.96,0.0,0.0,0.88,1.0,0.0,0.0,1.75,1.24,0.0,0.0,1.88,0.0,0.88,1.88,0.44,0.0,2.19,1.75,0.0,0.79,0.12,0.0,0
0.0,1.87,1.0,0.0,0.0,1.87,1.0,1.0,0.38,0.0,3.4,3.22,0.38,0.0,2.65,1.24,1.89,0.38,2.83,2.49,1.72,1.38,0.0,0.67,0.0,0.0,0
1.32,0.0,1.0,1.95,0.0,1.68,1.32,1.95,0.0,10.89,18.95,0.53,0.32,81.06,2.0,0.0,5.68,1.32,12.49,1.32,3.2,1.32,0.0,0.55,0.32,0.68,0
0.0,2.1,1.0,0.0,0.0,0.0,1.0,1.0,0.0,0.47,1.42,1.98,0.0,0.0,0.47,0.0,1.0,0.95,1.16,1.0,0.47,0.47,0.0,0.92,0.0,0.0,0
1.24,0.0,1.0,0.24,0.0,0.24,3.52,1.95,2.76,3.38,6.81,0.16,0.76,63.67,3.24,0.0,2.43,1.24,2.09,0.76,5.55,0.76,0.0,1.0,0.0,0.48,0
0.0,0.0,1.0,1.0,0.0,1.61,1.8,1.0,5.01,7.62,3.2,0.5,0.4,64.27,3.0,0.8,4.78,1.4,3.57,0.0,3.6,0.6,0.0,0.62,0.0,0.8,0
1.09,0.0,1.0,1.09,0.72,0.0,1.36,1.0,0.0,0.0,3.72,1.41,0.0,23.9,1.0,10.21,1.09,1.0,1.15,0.0,1.95,0.36,0.0,0.69,0.36,0.0,0
0.0,0.0,1.0,0.0,0.0,0.0,1.0,1.0,0.68,0.0,1.32,1.08,0.0,0.0,4.04,0.0,3.04,1.32,2.2,1.36,2.16,2.0,0.0,0.77,0.0,0.0,0
0.0,0.0,1.0,0.32,0.0,3.42,1.68,1.0,0.32,0.0,5.1,0.65,1.68,31.6,3.32,0.0,6.1,1.0,2.23,0.0,12.28,1.32,0.0,1.0,0.0,0.0,0
0.34,0.0,1.0,1.0,0.0,0.68,1.66,1.0,0.68,0.66,4.36,0.62,2.71,63.55,2.66,0.0,2.0,1.0,1.83,0.66,4.66,1.0,0.0,1.0,0.0,0.34,0
0.37,0.37,1.0,1.37,0.0,5.64,1.37,1.0,0.37,5.22,8.48,2.43,0.0,92.91,1.63,0.0,2.24,1.0,3.67,1.0,2.32,1.0,0.0,0.71,0.0,0.0,0
0.0,0.0,1.0,0.0,0.0,0.0,1.0,1.0,1.0,2.46,5.66,0.59,0.0,54.23,3.27,0.0,2.61,1.27,1.45,0.0,1.63,1.0,0.0,0.8,0.0,0.0,0
0.0,0.0,1.0,0.2,0.0,3.2,1.2,1.0,0.4,1.39,6.6,1.18,0.8,14.54,2.6,0.0,6.39,1.4,2.86,0.4,3.91,1.0,0.0,0.96,0.0,0.0,0
0.0,0.51,1.0,1.0,1.01,0.0,1.0,1.51,0.49,0.0,1.51,1.27,0.0,74.67,3.96,7.6,1.0,1.0,3.27,1.0,1.92,1.0,0.0,0.76,0.51,0.49,0
0.0,0.0,1.0,0.0,0.0,2.86,1.57,1.57,2.27,2.27,7.57,0.91,0.43,56.85,2.0,1.14,2.73,1.0,2.58,0.0,3.48,1.0,0.0,0.97,1.0,0.86,0
0.72,0.84,1.0,0.72,0.72,0.0,1.0,1.0,0.0,3.6,11.51,1.12,0.0,54.68,1.44,0.28,1.44,2.16,6.29,0.28,1.52,0.72,0.0,0.56,0.0,0.0,0
1.57,0.0,1.43,2.71,3.02,1.0,2.0,4.86,0.0,8.97,15.33,0.21,0.57,72.9,2.0,1.72,4.57,2.0,3.61,1.14,4.79,1.57,0.0,0.79,0.57,0.0,0
0.0,0.0,1.0,0.14,0.0,0.0,1.0,1.0,0.14,1.72,12.21,0.6,0.0,53.43,1.55,0.0,3.59,1.0,3.53,1.72,2.52,1.28,0.0,0.7,0.0,0.0,0
0.0,0.84,1.0,0.0,0.0,0.16,1.0,1.0,0.16,1.69,3.0,1.0,0.47,10.12,1.31,0.16,1.31,1.84,2.48,1.69,2.04,1.0,0.0,0.94,0.0,0.0,0
0.0,0.0,1.0,0.07,0.0,0.0,1.93,1.0,1.07,0.0,0.07,0.43,0.93,4.36,5.07,0.93,3.93,1.0,1.96,1.87,37.53,37.42,0.93,0.78,0.0,0.0,0
1.42,0.0,1.0,1.42,0.95,0.0,1.47,1.0,0.53,0.0,2.37,1.51,0.0,31.32,2.58,0.0,1.42,1.0,0.95,0.0,3.6,1.53,0.0,0.69,0.47,0.0,0
0.36,0.0,2.36,2.91,0.36,3.91,4.09,2.27,0.0,3.82,2.27,0.5,2.64,39.18,1.64,0.0,1.27,1.64,5.51,3.18,9.39,6.09,1.27,0.85,0.0,1.27,0
2.72,0.0,1.0,0.0,2.72,0.0,1.09,1.0,2.72,0.0,1.91,0.36,1.09,0.0,6.62,0.0,5.53,1.0,1.45,0.09,4.45,1.28,0.09,0.97,1.0,1.0,0
0.0,2.27,1.0,1.0,0.0,1.42,2.58,1.0,0.85,4.58,2.85,0.41,0.58,50.72,2.0,0.0,5.0,1.0,3.94,1.15,6.16,1.0,0.0,0.59,0.0,0.0,0
0.0,0.0,1.0,0.05,0.0,0.05,1.0,1.0,0.95,2.1,4.58,2.08,0.95,5.23,3.89,21.76,2.45,1.0,22.85,22.76,2.96,2.89,0.0,0.98,0.04,0.16,0
0.0,0.81,1.0,0.0,0.0,3.46,1.0,3.02,0.0,0.4,13.72,1.21,0.87,12.77,3.0,0.13,7.42,1.13,2.62,0.0,4.0,0.87,0.0,0.99,0.07,0.4,0
0.79,1.57,1.0,3.93,0.79,0.0,1.79,3.36,1.79,15.74,10.44,0.36,0.0,65.32,4.21,1.57,7.93,2.57,3.31,0.43,4.14,0.43,0.0,0.95,0.39,0.79,0
0.0,1.88,1.0,0.0,0.0,0.29,1.0,1.0,0.0,0.0,0.0,2.39,0.0,0.0,0.0,1.29,3.0,0.0,4.53,4.53,0.15,0.0,0.0,0.49,0.0,0.0,0
0.39,0.0,1.39,3.83,0.0,0.0,2.39,1.0,3.13,1.56,2.83,0.51,1.0,75.09,2.0,0.39,3.35,1.0,3.42,2.22,3.85,1.61,0.0,0.57,0.39,1.39,0
0.65,1.3,1.0,3.25,0.65,0.0,1.65,2.95,1.3,13.0,9.5,0.86,0.0,53.94,2.95,6.9,5.85,2.3,2.44,0.0,3.07,0.0,0.0,0.83,0.32,0.65,0
0.0,0.0,1.0,2.09,0.0,0.55,1.55,1.55,3.28,5.28,5.45,0.34,0.0,74.68,2.55,0.0,4.19,2.0,2.2,0.45,4.04,1.0,0.0,0.85,0.0,0.0,0
0.0,2.07,1.0,1.48,0.0,1.0,1.52,3.07,1.52,12.59,27.0,0.25,0.0,85.89,2.0,1.0,13.77,2.0,3.21,0.48,4.31,0.48,0.0,0.61,0.48,1.96,1
0.0,0.0,1.0,0.03,0.0,0.0,1.03,1.03,0.03,0.24,2.97,2.05,0.09,1.31,1.03,15.52,0.06,1.03,0.85,0.03,0.33,0.06,0.03,0.52,0.0,0.03,0
1.12,0.0,1.0,0.0,1.12,0.0,1.0,1.0,3.0,0.63,2.63,0.3,1.0,10.04,3.86,0.0,6.63,1.0,1.29,0.63,5.55,1.0,0.0,0.78,0.69,1.0,0
0.0,0.0,1.0,2.14,0.0,0.57,1.0,1.57,1.0,0.57,3.85,0.86,1.14,100.0,2.86,0.0,3.85,1.57,1.81,0.57,4.27,2.0,0.0,0.66,0.0,0.57,0
2.74,2.49,1.0,1.99,0.5,0.25,1.25,1.0,0.0,7.22,10.47,0.63,0.0,41.66,1.0,0.0,4.74,2.25,3.78,0.75,3.6,1.75,0.0,0.59,0.0,0.0,0
0.0,19.09,1.0,0.0,0.0,0.23,1.05,1.0,0.0,0.0,0.32,0.68,0.09,0.0,1.14,0.95,0.18,1.0,0.12,0.0,0.67,0.05,0.0,0.77,0.0,1.95,0
0.64,0.0,1.0,0.0,0.0,1.45,2.27,1.0,0.0,2.55,4.45,0.67,1.0,35.67,1.36,0.36,4.0,1.64,3.58,1.27,6.02,1.64,0.0,0.98,0.64,0.36,0
0.0,0.0,1.0,0.46,1.09,0.0,1.0,1.0,2.18,0.46,4.28,0.76,0.0,32.35,4.27,0.54,2.0,1.46,4.01,0.0,1.95,1.0,0.0,0.48,0.54,0.0,0
0.0,1.17,1.0,0.0,0.0,0.0,1.0,3.93,1.61,0.59,11.14,1.03,0.0,18.57,5.41,0.2,4.5,1.2,0.57,0.0,1.99,0.8,0.0,0.99,0.1,0.59,0
0.0,16.97,1.0,0.0,0.0,4.0,1.0,1.0,0.0,0.0,0.01,3.11,0.0,0.0,0.0,1.0,0.01,0.0,1.0,1.0,0.07,0.0,0.0,1.0,0.0,0.0,0
0.0,0.98,0.98,0.0,0.0,8.85,0.98,1.0,0.0,1.11,0.0,6.31,0.0,0.0,0.0,2.95,0.0,0.0,0.98,0.98,0.0,0.0,0.0,0.58,0.0,0.03,0
0.0,0.0,1.0,1.0,0.0,1.52,1.76,1.0,4.28,4.93,1.38,0.72,0.38,72.83,4.86,0.76,1.86,1.38,2.42,0.0,3.36,0.62,0.0,0.54,0.0,0.76,0
0.0,0.0,1.0,0.0,0.0,3.05,1.48,1.95,0.95,1.9,5.1,1.25,0.52,31.41,2.52,0.0,3.05,1.48,2.3,0.0,3.48,1.0,0.0,0.77,0.0,0.52,0
0.0,0.0,1.0,0.45,0.0,0.55,1.0,1.0,0.45,0.55,1.55,1.83,0.0,45.08,3.35,0.55,0.45,1.0,1.55,1.1,3.5,2.0,0.0,0.64,0.0,0.0,0
0.0,0.72,1.0,1.0,0.0,0.72,2.45,1.0,0.28,3.62,1.72,0.67,0.72,55.1,2.55,0.0,3.9,1.0,3.9,1.45,7.0,1.28,0.0,0.73,0.0,0.0,0
0.0,0.0,1.0,1.42,0.71,0.0,1.0,1.0,1.0,4.25,10.61,1.17,0.0,60.14,1.88,0.0,0.0,2.42,4.47,0.71,1.27,1.0,0.0,0.74,0.71,0.71,0
3.17,0.0,1.79,1.0,0.0,1.0,3.0,3.21,4.91,20.79,6.46,0.17,0.62,80.49,1.79,0.0,14.15,1.21,5.78,0.62,7.1,1.0,0.0,0.97,0.1,0.62,0
0.43,0.0,1.0,0.43,0.0,1.43,1.0,1.0,2.0,5.16,28.78,0.32,3.41,90.57,1.43,2.87,6.01,1.57,1.97,0.0,4.02,0.43,0.0,0.84,0.0,1.57,0
0.63,0.0,1.63,1.26,0.0,1.48,2.26,1.0,5.05,2.52,3.21,0.58,1.0,52.37,2.37,0.63,6.63,1.0,3.03,0.63,4.46,1.0,0.0,0.68,0.63,1.26,0
0.0,0.0,1.0,1.0,0.0,0.0,1.0,1.0,0.72,0.28,2.68,1.51,0.0,91.88,4.6,0.0,1.28,1.28,2.96,0.0,1.8,1.0,0.0,0.5,0.0,0.0,0
0.0,1.51,1.0,0.62,0.0,0.38,1.62,1.0,1.24,4.36,3.11,1.15,0.0,45.42,0.62,0.76,8.6,1.87,2.87,1.62,2.77,0.62,0.0,0.66,0.0,0.0,0
0.0,0.0,1.0,0.15,0.08,0.92,2.85,1.0,2.85,4.15,13.15,0.18,0.0,63.78,2.85,0.0,13.84,2.08,4.52,1.0,6.57,1.0,0.0,0.57,0.08,0.08,0
1.55,0.0,1.0,1.22,0.0,1.11,1.22,1.0,0.89,3.78,5.34,0.51,0.78,77.89,1.45,0.0,1.67,2.22,2.78,1.0,4.71,1.78,0.0,0.59,0.0,0.0,0
0.0,12.72,1.0,0.0,0.0,3.24,1.0,1.0,0.0,0.25,0.5,2.83,0.0,0.0,0.5,1.0,0.0,0.25,1.25,1.25,0.93,0.5,0.0,0.93,0.0,0.0,0
0.83,0.0,1.0,0.83,0.83,0.0,1.0,1.0,0.17,4.14,14.8,0.31,0.17,62.93,2.86,0.0,2.52,2.66,7.07,0.0,2.25,1.17,0.0,0.66,0.0,0.0,0
0.0,0.0,1.0,0.51,0.0,0.0,1.0,1.0,1.02,0.0,2.47,0.98,0.0,33.7,4.04,0.0,3.0,1.49,1.41,0.0,2.59,1.49,0.0,0.73,0.0,0.0,0
1.66,0.0,1.0,1.0,1.66,0.0,1.66,5.63,1.98,7.65,13.35,0.17,0.66,79.31,3.32,0.0,7.95,2.34,4.42,0.0,5.23,1.0,0.0,0.63,0.51,0.0,0
0.0,0.0,1.0,0.0,0.43,2.36,1.0,1.0,0.85,0.79,2.79,2.18,0.0,0.0,2.28,0.21,0.43,1.79,1.19,0.79,1.32,1.0,0.0,0.64,0.21,0.0,0
0.0,0.0,1.0,0.0,0.0,0.57,2.0,1.89,3.55,2.66,4.34,0.31,0.23,54.09,2.23,0.0,2.23,1.89,1.84,0.0,4.69,1.89,0.0,0.83,0.0,0.11,0
0.9,0.0,1.0,1.0,0.1,1.81,1.1,1.0,0.1,8.52,23.81,0.66,0.0,87.81,1.9,0.0,6.58,1.1,14.58,0.9,1.68,0.9,0.0,0.39,0.0,1.1,0
0.0,0.0,1.0,2.38,0.0,0.0,1.69,1.0,3.07,3.45,7.91,0.6,0.0,92.4,5.0,0.69,5.14,1.0,1.92,0.0,4.23,1.62,0.0,0.62,0.69,0.69,0
0.0,0.0,1.0,0.58,0.0,0.58,1.58,1.0,0.83,1.67,8.51,0.38,4.66,36.71,1.58,0.83,3.25,1.83,2.54,1.75,8.29,7.99,0.58,0.84,1.0,0.42,0
0.0,5.6,1.0,0.0,0.0,2.3,1.0,1.0,0.0,0.0,0.0,2.92,0.0,0.0,2.9,1.1,0.0,1.0,0.25,0.1,0.65,0.0,0.0,0.92,0.0,0.0,0
0.7,0.0,2.4,0.7,0.7,6.3,4.8,1.0,0.6,0.0,0.7,0.7,2.0,34.98,2.2,0.0,1.8,1.0,2.6,0.0,5.7,1.9,0.0,0.63,0.0,0.0,0
0.0,0.0,1.0,0.17,0.0,3.83,1.06,1.06,0.33,0.44,6.89,1.24,0.94,4.73,2.06,0.0,4.11,1.06,2.59,0.0,3.54,1.0,0.0,0.98,0.0,0.0,0
0.0,0.0,1.0,1.0,0.0,1.9,1.95,1.0,4.33,6.18,1.48,1.14,0.48,92.4,5.1,0.95,0.52,1.48,2.78,0.52,2.93,0.52,0.0,0.54,0.0,1.48,0
0.0,0.0,1.0,0.17,0.0,4.57,2.09,1.0,0.43,0.0,4.66,0.28,3.74,7.06,3.0,0.91,9.23,1.0,4.25,3.66,33.25,30.28,0.0,0.95,0.0,0.91,0
0.0,0.0,1.0,2.01,0.0,0.99,1.5,2.49,3.01,5.0,8.03,0.28,0.99,77.61,3.51,0.5,5.02,1.5,2.24,0.0,4.95,1.0,0.0,0.65,0.5,0.5,0
0.0,0.0,1.0,0.21,0.79,0.79,1.0,1.0,2.36,0.21,2.64,0.66,0.79,12.8,4.57,0.0,8.87,1.0,2.48,0.21,3.56,0.21,0.0,0.66,0.0,0.0,0
0.0,0.0,1.0,0.0,0.0,0.0,1.0,1.0,0.0,0.0,2.8,2.41,0.0,0.0,1.45,0.0,3.35,1.55,0.0,0.0,3.79,3.25,0.0,0.73,0.0,0.45,0
0.0,1.82,1.0,0.0,0.0,1.82,1.0,1.0,0.39,0.0,0.0,3.4,1.18,0.0,1.18,1.21,1.18,0.39,2.42,2.42,4.16,4.16,0.0,0.74,0.0,0.0,0
0.91,0.09,1.0,0.0,0.0,0.36,3.73,1.91,15.48,4.55,10.92,0.49,0.91,81.93,2.73,1.91,0.0,1.82,2.12,0.09,5.22,0.09,0.0,1.0,0.0,0.0,0
0.0,2.14,1.0,1.29,0.64,0.71,1.0,1.0,0.64,3.86,9.64,1.22,0.0,54.62,1.71,0.36,0.0,2.29,4.12,0.64,1.12,0.64,0.0,0.8,0.64,0.64,0
0.06,0.0,1.0,0.97,1.41,0.0,1.97,1.0,0.0,0.97,4.28,0.82,0.0,48.44,2.94,0.0,1.97,1.0,2.04,0.97,2.98,0.97,0.0,1.0,0.0,0.0,0
0.0,0.0,1.0,0.71,0.0,1.16,1.0,1.0,0.71,0.0,2.74,1.57,0.29,70.96,3.71,0.0,2.16,1.0,1.46,0.0,2.56,1.71,0.0,0.66,0.0,0.0,0
0.0,0.0,1.0,0.66,0.0,7.98,1.0,1.0,0.0,0.0,3.02,0.79,10.29,0.0,3.0,0.0,2.35,1.0,2.86,1.99,14.56,13.6,0.0,0.84,0.0,0.0,0
1.89,0.23,1.94,0.94,16.98,1.0,1.94,6.66,6.6,0.94,27.36,0.33,0.0,94.34,1.89,4.83,5.83,1.89,2.32,0.06,2.31,0.0,0.0,0.53,0.0,1.89,0
0.0,0.0,1.0,0.0,0.0,2.2,1.0,1.0,6.61,3.61,1.99,0.66,0.0,48.69,3.2,18.64,7.39,1.0,6.92,1.6,3.24,1.0,0.0,0.67,0.6,1.6,0
1.64,0.0,1.41,1.0,1.18,1.0,1.82,1.82,2.59,9.78,4.41,0.24,0.59,82.13,4.36,0.0,9.72,1.0,3.25,0.0,5.8,1.0,0.0,0.71,0.0,0.0,0
0.08,0.0,1.0,0.0,0.0,0.0,1.25,1.0,0.25,1.0,55.2,0.1,0.08,4.8,1.17,13.74,23.9,1.92,3.32,1.0,1.84,1.0,0.0,0.4,0.0,0.92,1
0.0,0.0,1.0,0.0,0.0,0.49,1.51,1.51,2.04,2.02,3.02,1.1,0.0,31.07,2.0,0.49,1.02,1.51,1.87,0.98,4.2,2.0,0.0,0.77,0.0,0.0,0
0.01,0.01,1.0,0.03,0.0,0.0,1.01,1.0,0.01,2.15,20.94,0.39,0.0,45.46,1.0,13.82,2.05,2.97,3.61,1.0,1.7,1.0,0.0,0.4,0.0,0.99,0
0.4,0.0,1.0,0.6,0.8,0.0,2.2,1.0,1.8,1.61,1.4,1.07,0.4,87.96,3.8,0.4,0.6,1.0,2.47,0.4,4.67,2.2,0.0,0.87,0.0,0.0,0
1.74,0.0,1.0,0.13,39.07,0.0,1.13,1.0,0.0,0.13,38.6,0.19,0.0,6.58,1.26,0.0,1.13,1.0,3.25,0.13,2.43,0.13,0.0,1.0,0.0,0.0,0
0.0,0.0,1.0,0.0,0.0,0.89,1.78,1.78,3.11,2.33,4.67,0.48,0.22,47.37,2.0,0.22,2.45,1.78,2.09,0.0,4.65,1.78,0.0,0.85,0.0,0.22,0
0.0,2.52,1.0,2.63,0.37,0.0,2.26,1.0,0.37,7.26,9.95,0.22,0.63,79.95,1.0,0.0,10.72,1.74,4.97,1.0,3.95,1.0,0.0,0.67,0.79,0.37,0
0.7,0.0,1.0,1.0,0.0,1.41,1.7,1.0,1.0,1.41,17.19,0.76,0.0,69.03,2.89,0.7,1.0,1.7,2.92,0.7,3.13,0.89,0.0,1.0,0.0,0.0,0
0.0,0.0,1.0,0.59,0.0,0.59,1.0,1.0,0.41,1.18,5.72,0.98,0.0,38.95,3.23,0.0,4.0,1.0,4.97,1.41,1.74,1.41,0.0,0.91,0.0,0.0,0
0.0,0.0,1.0,0.89,0.0,0.0,1.0,1.0,1.0,0.33,1.66,1.47,0.0,95.83,3.89,0.0,1.0,1.0,1.04,0.0,3.27,1.89,0.0,0.99,0.0,0.0,0
0.22,0.0,1.0,1.0,0.0,0.0,1.11,1.0,1.22,0.22,1.67,1.44,0.0,95.65,5.0,0.0,1.11,1.0,1.13,0.0,3.67,1.89,0.0,0.93,0.89,0.89,0
0.0,0.0,1.0,0.21,0.0,0.0,1.0,1.0,0.62,0.83,2.41,1.72,0.21,11.16,2.62,3.97,1.45,2.0,0.96,0.21,2.8,2.0,0.0,0.84,0.0,0.0,0
1.92,0.0,1.64,1.08,0.36,1.64,2.0,1.64,6.24,7.92,7.64,0.44,1.44,76.0,2.44,0.36,8.52,2.28,3.64,0.0,5.63,0.36,0.0,0.69,0.12,2.36,0
0.0,1.76,1.0,0.12,0.0,5.24,1.24,1.0,0.0,0.0,0.36,3.68,1.09,0.0,2.36,1.76,0.36,1.0,1.48,1.24,2.37,1.57,0.0,0.99,0.12,0.0,0
0.0,0.0,1.0,0.0,0.0,0.0,1.0,1.0,1.01,3.0,6.99,0.51,0.0,61.96,3.01,0.0,1.03,1.0,1.38,0.0,1.4,1.0,0.0,0.89,0.0,0.0,0
0.0,0.0,1.0,0.07,0.0,0.93,1.0,1.0,0.07,0.93,1.93,1.51,0.0,6.8,2.2,0.0,0.07,1.0,2.4,1.86,1.67,1.14,0.0,1.0,0.0,0.0,0
0.0,0.0,1.0,1.0,0.0,0.0,1.0,1.83,0.58,0.42,2.25,1.12,0.42,58.45,5.34,0.0,2.25,1.42,1.5,1.0,3.99,1.42,0.0,0.72,0.42,0.58,0
0.0,0.0,1.0,0.0,0.0,2.34,1.0,1.0,0.41,0.0,4.1,2.19,0.59,0.0,3.41,2.34,2.34,1.0,3.18,0.0,1.75,1.0,0.0,0.63,0.0,0.59,0
1.58,0.32,1.0,1.9,0.0,0.32,1.32,1.95,3.17,18.73,42.43,0.2,0.0,83.02,1.0,0.0,13.31,4.0,2.94,0.68,2.45,1.0,0.0,0.82,0.19,2.63,1
0.0,2.42,1.0,0.0,0.38,0.0,1.0,1.0,0.77,0.0,0.38,2.67,0.0,0.0,1.34,1.0,0.38,0.19,0.94,0.81,0.48,0.19,0.0,0.4,0.19,0.0,0
0.0,0.0,1.0,2.8,0.93,1.27,1.93,1.0,11.19,5.59,6.59,0.32,3.73,70.85,4.73,0.93,12.39,1.07,4.56,0.0,9.16,1.07,0.0,0.73,0.31,2.8,0
0.27,0.0,1.53,0.27,0.27,2.39,2.33,1.0,0.0,0.0,1.73,1.1,0.53,13.29,2.47,0.0,1.47,1.73,1.3,0.0,4.16,1.73,0.0,0.73,0.0,0.0,0
0.0,0.0,1.0,1.72,0.0,0.57,1.0,1.57,0.57,1.85,6.43,0.51,1.15,81.63,1.57,0.0,3.44,1.57,2.12,1.0,3.39,1.57,0.0,0.66,0.0,0.57,0
1.49,0.0,2.02,1.0,0.51,4.59,3.55,1.0,0.0,0.0,1.49,0.59,1.51,62.26,1.0,0.0,0.49,1.49,3.01,0.49,5.26,1.49,0.0,0.58,0.0,0.0,0
0.0,0.0,1.0,0.0,0.0,0.0,1.0,1.0,1.0,0.0,0.02,1.72,0.0,0.0,5.98,0.0,2.04,1.0,0.06,0.04,4.94,4.94,0.0,0.53,0.0,0.0,0
0.23,0.77,1.0,0.23,0.0,0.23,1.23,1.0,0.0,1.77,4.36,0.88,0.0,23.99,1.68,0.0,2.58,2.0,3.39,1.55,2.54,1.0,0.0,0.9,0.0,0.45,0
0.0,0.0,1.0,0.0,0.0,0.0,1.0,1.0,0.72,1.95,6.96,1.94,0.72,21.42,3.17,2.17,0.72,1.83,3.7,3.17,1.98,1.72,0.0,0.97,0.0,0.56,0
0.0,0.0,1.0,0.0,0.0,3.62,1.72,1.0,0.0,1.93,11.97,0.75,1.45,21.27,3.17,0.0,2.9,1.83,2.67,0.28,2.91,1.0,0.0,0.95,0.0,1.28,0
0.0,0.0,1.0,0.94,0.0,2.06,1.13,3.81,2.06,5.06,4.81,0.4,1.87,66.26,2.0,0.06,3.0,1.94,2.21,0.0,5.6,1.0,0.0,0.86,0.0,0.0,0
0.0,0.0,1.0,0.01,0.0,0.0,1.0,1.0,0.99,0.03,1.11,1.0,0.0,0.61,4.98,0.0,3.98,1.01,3.03,1.98,2.0,1.99,0.0,0.77,0.0,0.0,0
0.0,0.0,1.0,0.83,1.0,0.17,1.83,1.0,0.83,3.32,18.76,0.32,0.0,71.36,1.0,0.0,10.3,2.0,0.98,0.0,2.45,0.17,0.0,0.57,0.17,1.66,0
0.0,0.0,1.0,0.0,0.03,0.03,1.0,1.0,0.0,0.97,58.4,0.12,0.0,0.0,1.0,14.58,25.33,2.0,3.37,0.97,1.55,1.0,0.0,0.36,0.03,0.97,1
0.0,1.51,1.0,1.13,0.0,2.49,1.75,1.0,0.0,3.01,7.0,0.89,1.0,28.98,1.62,0.62,8.89,1.0,3.62,0.38,4.46,1.0,0.0,0.83,0.25,0.62,0
0.0,0.0,1.0,0.97,0.0,0.0,1.0,1.0,1.0,0.0,1.2,1.49,0.03,97.12,5.03,0.03,0.97,1.0,1.07,0.0,4.56,3.0,0.0,0.54,0.0,0.03,0
0.0,0.0,1.31,0.63,0.31,1.37,2.0,1.69,3.06,3.37,8.94,0.65,0.0,93.43,1.69,1.37,2.56,1.63,4.12,0.0,2.13,1.0,0.0,0.99,0.69,0.63,0
1.03,0.0,1.0,1.69,0.0,0.69,1.34,1.34,0.66,1.38,2.03,1.14,0.69,95.86,3.97,0.0,2.72,1.34,1.39,0.0,4.51,1.66,0.0,0.93,0.66,0.66,0
0.6,0.1,0.1,0.5,0.3,0.4,0.2,1.6,2.1,67.4,14.19,0.97,0.0,9.7,0.1,0.2,6.0,0.9,0.51,0.0,0.31,0.0,0.0,0.64,0.1,2.2,1
0.0,0.0,1.0,0.0,0.0,2.55,1.0,1.0,2.55,0.45,1.04,1.72,0.0,8.48,4.41,0.0,0.0,1.0,0.54,0.15,1.63,1.0,0.0,0.61,0.0,0.0,0
0.0,0.0,1.0,0.61,0.0,0.0,1.0,1.0,1.78,0.39,1.78,1.11,0.39,67.16,3.22,0.0,3.35,1.0,1.07,0.39,4.54,1.61,0.0,0.87,0.2,0.39,0
0.0,0.92,1.0,1.46,0.0,0.0,2.23,1.0,0.0,7.23,46.25,0.1,0.23,84.7,2.54,0.0,23.16,1.77,3.98,1.0,4.8,1.0,0.0,0.85,0.15,1.54,0
0.0,0.0,1.0,0.94,0.94,0.0,1.94,1.0,1.0,3.76,21.21,0.25,0.06,80.8,1.36,0.0,11.58,1.94,0.91,0.0,1.73,0.12,0.0,0.5,0.0,1.88,0
0.0,0.0,1.0,0.0,0.0,0.08,1.0,1.0,0.16,2.57,22.96,0.39,0.0,48.75,1.0,13.27,2.57,2.92,3.47,0.92,1.62,0.92,0.0,0.43,0.0,1.08,0
0.01,0.0,1.0,1.0,0.0,0.01,1.01,1.0,2.98,3.98,4.04,0.5,0.0,51.1,3.01,0.0,8.0,1.01,3.16,0.0,3.01,1.0,0.0,0.66,0.0,0.01,0
0.0,0.0,0.48,50.26,0.0,0.0,0.48,1.0,0.0,0.96,2.89,0.86,0.0,29.37,1.48,0.0,0.96,1.48,0.64,0.48,1.12,0.48,0.0,1.0,0.52,0.0,0
0.0,0.0,1.0,0.0,0.0,4.0,1.0,1.0,0.0,0.0,7.0,1.39,1.0,0.0,3.0,0.0,5.0,1.0,2.57,0.0,3.97,1.0,0.0,1.0,0.0,0.0,0
2.53,0.0,1.0,0.0,0.84,5.9,1.0,2.68,5.21,0.84,9.84,0.62,1.84,29.49,3.63,1.68,3.32,1.0,2.27,0.0,7.95,1.16,0.0,0.64,0.0,0.84,0
0.93,0.0,1.0,0.0,0.0,0.0,3.78,1.93,15.84,5.0,11.86,0.07,0.93,88.99,2.93,1.93,0.14,2.0,2.2,0.0,5.4,0.07,0.0,1.0,0.0,0.0,0
0.82,0.82,1.0,1.64,0.0,0.0,1.82,1.0,0.82,11.68,23.86,0.12,0.0,66.52,1.0,2.68,9.57,1.18,5.93,1.0,3.97,1.0,0.0,0.52,0.0,0.18,0
0.0,0.0,1.0,0.11,0.0,3.85,1.04,1.0,0.15,0.19,7.15,4.98,0.0,3.31,0.19,1.96,0.26,0.04,1.19,0.0,0.16,0.04,0.0,0.98,0.04,0.04,0
0.0,0.69,1.0,0.0,0.0,0.31,1.0,1.0,0.0,0.0,1.56,1.71,0.0,0.0,0.63,0.69,5.5,0.31,4.62,4.44,1.13,0.31,0.0,0.52,0.0,0.31,0
0.0,0.0,1.0,0.0,0.0,3.35,1.0,1.0,0.16,0.0,5.86,1.76,0.84,0.0,3.16,3.35,3.35,1.0,4.55,0.0,2.08,1.0,0.0,0.59,0.0,0.84,0
0.45,0.0,1.0,0.0,0.0,2.74,2.91,1.45,7.7,2.26,9.26,0.24,1.55,40.74,3.0,0.91,4.38,1.45,2.42,0.0,11.62,0.55,0.0,1.0,0.0,0.0,0
0.0,0.0,1.0,0.0,0.0,0.53,1.27,1.53,0.53,6.2,19.13,0.46,0.0,74.07,1.27,0.0,0.53,3.47,2.67,0.73,2.47,1.0,0.0,0.81,0.0,1.47,0
0.0,0.0,1.0,0.0,0.0,0.0,1.83,1.83,3.83,2.48,3.3,0.36,0.0,50.38,2.17,1.39,1.83,1.83,1.79,0.17,4.49,2.0,0.0,0.73,0.0,0.0,0
0.0,0.0,1.0,1.48,0.0,0.0,2.48,1.0,3.71,0.26,1.77,0.38,0.74,68.04,2.48,0.0,1.52,1.26,2.88,0.26,5.17,1.26,0.0,0.66,0.0,0.0,0
0.0,0.0,1.0,0.0,0.0,0.0,1.0,1.0,1.0,1.22,2.54,0.78,0.0,36.12,3.89,0.0,6.35,1.89,1.64,0.0,2.23,1.0,0.0,0.61,0.0,0.0,0
0.0,0.0,1.0,0.0,0.0,1.69,1.0,1.0,0.58,0.0,2.97,2.37,0.42,0.0,3.58,0.0,1.69,1.0,1.09,0.0,1.64,1.58,0.0,0.46,0.0,0.0,0
0.0,0.21,1.0,0.0,0.0,3.86,1.0,1.52,0.0,0.1,8.75,0.94,0.97,3.32,3.0,0.03,5.63,1.03,2.58,0.0,6.62,0.97,0.0,1.0,0.02,0.1,0
9.18,8.35,1.17,6.68,1.67,0.83,2.0,1.0,0.0,22.03,25.87,0.23,0.0,83.41,1.0,0.0,8.35,2.83,4.61,0.17,4.23,1.0,0.0,0.82,0.0,0.0,0
0.0,0.8,1.0,0.0,0.0,3.8,1.4,1.0,0.6,1.19,0.4,4.09,0.0,13.89,0.4,1.8,1.4,0.2,1.44,0.8,1.99,1.0,0.0,0.6,0.0,0.0,0
0.0,4.72,1.0,0.0,0.0,0.47,1.0,1.0,0.0,0.0,0.0,2.62,0.0,0.0,0.0,1.0,2.07,0.0,4.09,3.21,0.47,0.47,0.0,0.62,0.0,0.0,0
0.99,1.98,1.0,1.99,0.0,0.0,1.49,1.49,3.48,4.45,1.0,0.56,0.0,72.91,4.02,0.0,5.96,1.0,2.16,0.49,3.61,1.0,0.0,0.76,0.49,0.0,0
0.0,1.87,1.0,0.0,0.0,0.21,1.0,1.0,0.0,5.54,19.79,0.8,0.0,60.96,0.79,0.21,0.21,3.17,2.71,0.79,1.73,1.0,0.0,0.86,0.0,1.58,0
0.0,1.13,1.0,1.0,0.0,0.56,1.28,1.0,1.28,1.13,1.85,1.31,0.0,90.98,3.44,0.0,2.13,1.0,1.42,0.0,2.7,1.72,0.0,0.53,0.0,0.0,0
0.0,3.77,1.0,0.0,0.0,0.06,1.0,1.0,0.0,0.06,0.17,2.26,0.0,0.0,0.06,0.0,1.06,0.12,1.02,1.0,0.08,0.06,0.0,0.99,0.0,0.0,0
0.63,0.0,1.0,1.42,0.0,5.37,1.1,1.1,0.0,1.88,5.69,2.42,0.0,9.59,1.0,0.0,3.46,2.0,2.16,1.9,3.16,2.79,0.0,0.95,0.9,0.1,0
0.0,0.0,1.0,0.0,0.0,3.84,1.0,1.0,0.04,0.04,6.8,1.28,0.96,1.33,2.08,0.0,4.12,1.04,2.53,0.0,3.38,1.0,0.0,0.98,0.0,0.0,0
2.06,0.0,1.0,2.06,1.37,0.31,1.69,1.0,0.0,0.0,5.0,0.26,0.0,45.35,1.31,0.0,5.5,1.0,1.87,0.31,4.82,1.0,0.0,0.85,0.69,0.31,0
0.26,0.0,1.0,0.26,0.53,1.06,1.26,1.0,1.85,2.32,4.58,1.35,0.0,23.22,1.26,1.32,1.0,1.74,1.76,1.0,1.67,1.0,0.0,0.73,0.26,0.0,0
0.0,0.0,1.0,0.61,0.0,0.0,1.0,2.21,0.39,0.61,2.42,1.25,0.61,0.0,3.39,0.0,2.42,1.61,0.91,0.61,5.33,2.0,0.0,0.77,0.61,0.0,0
0.0,0.63,1.0,1.0,0.0,0.63,2.25,1.0,0.37,3.13,1.63,0.76,0.63,61.14,2.75,0.0,3.51,1.0,3.51,1.25,6.72,1.75,0.0,0.76,0.0,0.0,0
0.0,0.0,1.0,0.0,0.0,1.84,2.23,1.0,2.23,3.69,1.61,0.63,0.0,43.04,3.16,0.61,3.39,1.0,3.12,0.77,4.46,1.39,0.0,0.91,0.0,0.0,0
0.0,0.0,1.0,0.0,1.43,0.0,1.0,1.0,0.0,0.0,2.43,1.77,0.71,0.0,3.86,0.0,4.86,1.29,0.48,0.0,3.14,1.71,0.0,0.94,0.71,0.0,0
0.56,0.0,1.0,4.19,0.0,0.44,1.88,1.56,3.93,2.68,5.81,0.44,0.88,79.56,3.68,0.0,5.49,1.56,2.08,0.44,3.89,0.44,0.0,0.83,0.72,0.56,0
0.0,-3.09,1.0,0.0,0.0,2.0,2.0,-6.72,2.51,-0.54,-26.81,1.3,0.0,-48.87,4.03,-0.51,-9.77,0.49,2.28,2.03,1.71,2.03,0.0,0.91,0.74,-1.54,0
0.0,0.0,1.0,0.0,1.0,-2.8,1.0,6.71,1.1,15.22,35.29,-0.84,1.0,71.33,5.95,0.95,16.71,1.95,2.29,0.0,4.38,-0.95,0.0,1.16,0.0,0.0,0
0.0,0.0,1.0,0.0,0.0,5.0,2.0,1.0,0.58,0.0,4.7,0.69,2.0,0.0,4.73,0.0,7.42,1.0,4.3,1.15,13.58,-1.3,0.0,1.06,0.0,-0.58,0
0.0,0.0,1.0,0.0,0.0,0.0,0.23,0.23,2.23,-1.54,-2.32,1.63,0.0,-46.31,4.54,8.0,0.23,1.0,0.84,1.0,2.54,3.54,0.0,0.39,0.0,0.0,0
0.0,0.0,1.0,0.0,0.0,-1.21,0.19,1.0,3.0,0.6,9.41,0.04,1.0,-10.25,2.0,0.0,2.6,1.0,2.29,-0.6,1.7,-1.81,0.0,0.68,0.0,0.0,0
0.0,1.0,1.0,1.0,2.0,3.85,1.0,2.0,-0.96,-1.93,6.81,1.21,0.96,18.24,1.0,15.0,1.0,1.0,4.27,-0.93,2.1,-0.93,0.0,1.17,1.0,0.0,0
0.0,0.0,1.0,5.0,-0.84,2.33,-1.34,1.0,0.84,1.16,9.67,0.9,-0.84,24.22,1.0,0.0,-0.84,1.84,0.16,-1.67,0.04,-0.67,0.0,0.44,0.0,0.0,0
-0.96,0.0,1.0,-0.93,0.0,1.93,2.96,0.04,-2.82,4.11,-0.78,0.73,0.0,-4.1,-0.93,0.0,3.33,2.04,4.36,2.96,4.38,1.96,0.0,0.84,0.48,-0.96,0
0.84,17.0,2.68,0.0,0.84,11.58,5.21,1.0,-0.84,0.0,0.0,2.34,1.68,-42.11,-3.37,1.0,-0.84,0.0,3.11,1.0,2.16,-0.84,0.0,0.72,-0.84,-0.84,0
0.0,0.0,1.0,0.0,0.0,2.82,1.0,1.0,-5.64,2.06,13.0,1.89,-0.94,-2.79,-1.82,0.0,-1.88,1.0,2.83,1.0,2.61,4.76,0.0,0.79,-0.94,0.94,0
0.0,0.0,1.0,1.0,0.0,2.0,3.0,1.0,0.22,-0.78,45.45,-0.0,6.0,-21.16,1.22,0.78,23.02,1.78,1.16,1.43,6.18,6.43,2.0,0.02,0.0,1.78,1
0.0,0.0,1.0,0.0,0.0,0.0,1.0,1.0,0.0,3.44,29.61,-0.19,0.0,78.01,0.28,14.0,4.15,2.28,6.03,2.44,1.51,0.28,0.0,0.32,0.0,1.0,0
0.0,-2.0,1.0,-0.5,0.0,2.0,1.0,1.0,0.0,-3.01,3.0,1.42,0.0,11.45,3.5,0.0,-4.51,1.0,1.19,0.5,1.99,1.0,0.0,1.19,-0.33,0.0,0
0.0,0.0,1.0,-2.36,0.0,3.36,1.0,0.21,0.79,0.21,-1.93,2.94,-1.57,-78.7,2.0,1.0,-3.93,0.21,0.09,1.21,1.25,1.21,0.0,0.81,0.0,-0.79,0
0.0,0.0,1.58,0.0,4.06,-0.58,1.58,3.9,3.0,-4.64,0.58,0.76,0.0,-3.48,3.0,10.32,-0.16,1.58,-6.11,0.42,3.16,2.0,0.0,0.46,0.0,-0.58,0
0.0,0.58,1.0,0.0,0.0,-0.86,1.0,1.0,0.86,0.0,0.0,0.84,2.57,0.0,2.57,-1.71,1.0,0.86,0.14,0.14,7.27,7.7,0.0,1.5,0.0,0.0,0
0.0,0.0,1.0,1.0,0.0,0.65,2.65,2.65,1.0,8.65,3.94,-0.05,3.0,44.0,3.29,0.0,1.35,2.0,5.05,-0.94,10.35,0.06,1.0,0.49,0.65,1.0,1
0.0,0.0,1.0,1.0,0.0,-2.85,1.0,1.0,0.0,2.95,1.24,1.33,-0.95,61.0,1.05,0.95,-4.66,2.0,0.79,2.9,0.09,1.95,0.0,0.73,0.0,0.0,0
0.0,0.0,1.0,-0.97,0.0,-6.8,1.03,2.97,4.0,9.0,12.03,0.1,-1.94,84.0,-2.89,2.0,10.77,2.97,-1.0,-1.94,0.7,-9.72,0.0,0.98,0.0,0.0,0
0.77,0.0,1.0,0.0,0.0,1.54,2.0,2.0,1.77,2.0,9.62,-0.33,5.39,52.3,-0.54,0.0,3.0,2.0,2.0,0.0,7.44,-0.77,0.0,0.69,0.0,0.77,0
2.15,1.0,1.0,3.15,0.0,-0.9,1.05,3.05,10.95,41.15,79.05,0.81,-1.9,59.91,2.9,0.0,39.15,4.0,2.13,0.0,-0.62,1.0,0.0,0.77,0.6,4.95,1
0.0,1.8,1.0,0.0,0.0,0.0,1.0,1.0,0.0,0.4,23.93,1.95,0.0,-3.61,0.4,15.0,9.77,0.8,3.44,1.6,0.61,0.4,0.0,0.34,0.0,0.4,0
0.0,0.0,1.0,0.0,0.0,7.24,1.0,1.0,-0.65,-3.24,1.17,3.07,1.0,-49.19,2.35,-0.65,6.29,1.0,1.45,0.0,3.56,1.65,0.0,0.69,0.0,0.0,0
0.0,8.74,1.0,0.0,0.0,7.06,2.0,1.0,-0.51,0.0,7.0,1.43,1.49,0.0,1.94,-11.31,3.49,0.49,-9.25,-11.82,1.77,-0.54,0.0,0.97,0.0,1.0,0
0.0,0.0,1.95,2.89,0.0,6.0,1.0,1.0,7.57,0.0,-0.89,2.62,0.0,25.56,1.95,0.95,4.84,1.05,1.57,1.05,0.3,2.05,0.0,0.53,1.0,1.89,0
0.0,3.0,0.2,76.57,0.0,6.0,0.2,1.0,-0.8,0.0,0.0,5.05,0.0,0.0,-1.99,2.0,-0.6,1.0,1.33,1.0,-3.99,-3.99,0.0,1.38,1.8,0.0,0
0.0,0.0,1.0,-0.94,0.0,5.0,2.0,1.0,0.0,0.94,8.87,-0.2,2.0,-46.75,2.06,0.0,9.87,1.94,2.81,0.0,14.7,-0.87,0.0,0.98,0.0,0.94,0
0.0,0.0,1.0,0.0,-1.66,0.0,0.17,-0.66,1.83,2.0,-5.45,1.86,-0.83,33.0,5.31,-1.66,4.83,0.17,1.49,2.0,6.43,6.31,0.0,0.78,0.0,0.0,0
3.1,0.0,1.0,6.2,0.0,1.55,2.55,5.65,0.0,23.26,10.75,-0.91,1.55,102.35,2.55,-8.81,7.75,2.55,7.08,3.1,10.08,3.1,0.0,1.16,1.55,0.0,0
0.0,0.0,1.0,-0.73,-1.46,0.27,1.0,1.0,-1.18,0.0,10.28,0.87,2.27,-28.39,-0.64,1.0,-3.55,1.0,2.61,1.46,0.07,1.0,0.0,0.73,0.0,0.0,0
0.0,0.0,1.0,1.89,0.0,0.0,1.0,1.0,3.66,0.0,-1.66,0.3,1.89,144.3,8.43,0.0,2.89,0.11,1.8,0.0,5.66,2.89,0.0,0.76,0.0,0.0,0
0.0,-3.78,1.0,-2.83,0.0,0.94,-0.89,1.0,6.0,-5.61,-3.72,1.71,0.06,-1.74,5.94,0.0,-12.06,1.0,-0.59,0.94,0.12,1.0,0.0,1.36,0.37,0.0,0
0.0,3.73,1.0,2.8,0.0,1.0,2.87,1.0,-0.93,8.47,4.8,1.4,0.93,71.89,1.07,1.0,14.94,0.07,3.48,2.93,6.54,1.07,0.0,0.68,0.62,0.0,0
-4.37,-0.73,1.0,-2.19,-2.19,-2.92,1.27,-3.37,-12.58,-45.21,-95.43,0.42,0.0,-2.92,4.19,-0.46,-27.29,-4.1,1.82,0.0,3.4,1.73,0.0,0.38,0.27,-1.92,0
1.0,0.0,1.0,0.86,0.0,-2.57,3.0,1.0,-9.43,2.28,15.01,-0.02,1.0,50.85,-0.72,-26.58,1.43,2.86,1.03,0.28,6.15,2.0,0.0,0.81,0.14,-1.72,0
0.0,0.76,1.0,3.0,0.0,3.29,2.0,2.0,6.0,8.0,3.48,2.25,0.0,86.0,1.48,0.0,6.76,0.48,12.44,9.91,4.69,0.24,0.0,0.5,0.0,0.0,0
11.7,10.0,1.0,8.0,2.0,1.7,2.0,1.0,0.0,30.9,40.5,-0.01,0.0,107.4,1.0,0.0,11.4,3.0,11.4,0.0,4.75,1.0,0.0,0.35,0.0,0.7,1
0.14,0.0,1.0,1.0,0.0,0.28,0.14,1.0,-0.86,10.72,15.41,0.74,0.0,104.33,2.0,-0.86,6.86,1.0,19.09,0.14,0.77,1.86,0.0,-0.02,0.0,1.0,0
1.0,0.0,1.43,1.43,0.0,-2.3,2.43,-0.15,6.85,2.85,-0.72,0.41,0.43,58.89,3.15,1.0,9.3,1.0,3.04,1.0,3.95,1.0,0.0,0.26,1.0,2.0,1
0.0,-3.29,1.0,0.0,0.0,-0.82,1.0,1.0,0.82,2.0,20.58,-1.52,0.82,46.0,5.93,-0.82,1.53,1.82,6.03,1.18,7.26,3.47,0.0,0.94,0.0,0.82,0
0.0,0.0,1.0,1.85,0.0,0.93,1.93,1.93,7.63,7.4,3.7,-0.41,0.0,-12.95,0.22,8.0,5.63,1.93,3.77,1.0,5.86,2.0,0.0,0.52,0.0,0.0,0
0.0,0.0,1.0,5.6,0.0,0.0,2.0,1.0,0.6,-4.17,-10.28,1.27,1.6,83.69,3.79,0.0,2.19,-0.79,2.65,2.4,4.14,2.6,0.0,0.68,0.0,-0.19,0
0.0,0.0,1.0,0.94,0.0,0.0,0.06,0.06,1.0,-1.88,-3.76,2.81,0.0,37.55,9.76,0.0,0.12,0.06,-0.94,0.0,5.31,7.82,0.0,0.82,0.0,0.0,0
1.0,0.0,1.0,1.5,0.0,2.5,3.01,2.51,9.04,8.53,17.47,0.35,1.51,62.53,2.0,1.0,25.62,0.99,5.8,2.01,6.43,0.0,0.0,0.97,0.25,0.5,0
0.0,17.0,1.0,-1.71,0.0,4.0,1.86,1.86,0.0,-7.7,-20.53,3.25,0.0,-76.14,2.57,0.14,-3.42,-0.86,0.79,1.0,2.04,0.86,0.0,1.0,0.0,-2.57,0
0.0,0.0,1.0,0.92,0.0,1.32,2.0,1.0,0.92,0.92,4.08,-0.53,4.92,46.0,6.68,1.0,10.92,1.0,5.93,4.92,37.64,33.92,0.0,1.02,0.0,1.0,0
0.0,-14.79,1.0,0.87,0.0,1.52,2.0,1.0,0.87,0.0,7.87,-0.93,2.0,86.99,7.35,-0.87,8.87,1.87,2.57,-0.87,20.0,3.61,0.0,1.0,0.0,0.0,0
0.0,0.0,1.0,-0.95,2.0,-5.67,0.11,3.0,0.0,0.95,9.0,1.96,-7.51,0.0,-1.78,2.0,0.05,2.95,-1.24,-1.89,-12.2,-10.34,0.0,0.53,-0.95,0.0,0
0.0,6.98,1.0,-0.78,0.0,5.0,-0.55,-1.33,-12.41,-15.52,-2.31,3.33,-1.33,-69.83,1.22,0.78,-32.24,-0.55,-1.42,-2.33,-1.52,1.0,0.0,0.88,-0.39,-1.33,0
0.83,0.0,1.0,1.65,1.17,-0.83,2.0,3.83,3.3,3.3,13.95,0.45,0.17,66.03,2.0,2.0,-0.65,2.83,3.27,0.0,0.26,1.0,0.0,0.79,0.41,0.83,0
2.29,0.0,1.0,5.29,1.53,1.0,2.76,2.0,5.24,8.0,8.06,-0.31,-1.53,136.42,1.47,0.0,6.0,2.0,2.91,0.0,6.5,0.24,0.0,0.96,0.76,0.0,0
0.0,4.0,1.0,0.0,0.0,0.0,1.91,1.91,0.91,-3.65,-16.41,2.34,0.0,-79.32,3.65,-21.88,1.0,0.0,-3.32,1.0,2.6,0.91,0.0,0.94,0.0,0.0,0
0.0,0.91,1.0,1.0,0.0,3.62,1.0,1.0,3.0,3.09,-50.37,4.69,1.0,54.0,4.09,-11.78,-15.65,0.19,0.51,1.0,5.48,2.0,0.0,1.14,0.0,-0.91,0
0.0,0.0,1.0,-0.62,0.0,-0.62,1.62,1.62,3.62,-0.23,-1.32,0.09,1.0,-24.72,3.85,0.0,5.77,1.62,-2.33,0.38,7.67,1.62,0.0,0.5,0.5,1.0,0
0.0,0.0,1.0,-0.76,0.0,0.0,1.0,1.0,0.0,3.0,15.27,-0.19,0.0,-11.53,-1.27,0.0,0.0,1.76,4.98,1.0,0.56,1.0,0.0,0.58,-0.76,-0.76,0
-1.26,0.0,1.63,0.0,0.0,6.0,1.63,-0.89,4.41,-7.56,-9.98,1.11,0.63,4.41,1.0,0.63,6.15,1.37,1.01,0.37,9.33,8.0,0.0,0.46,0.63,1.26,0
1.0,0.0,0.37,-1.88,2.0,-0.63,2.75,-0.25,3.0,0.25,1.37,1.29,-0.88,111.92,2.0,1.0,-1.25,0.37,1.75,-0.88,-0.8,-4.01,-1.25,0.42,0.0,-1.25,0
5.0,1.0,1.0,6.0,0.93,1.0,2.0,3.07,9.07,46.8,84.66,0.09,0.0,152.91,-2.73,0.0,40.13,3.07,4.49,0.93,1.72,0.07,0.0,0.6,0.6,4.0,1
1.96,0.0,1.98,0.98,19.66,0.98,2.98,8.89,5.89,-3.92,27.64,0.45,1.0,23.54,2.0,5.92,4.92,2.0,2.88,0.0,1.63,0.02,0.0,0.13,0.0,1.96,1
0.0,6.0,1.0,-0.75,0.0,0.0,3.0,1.92,-2.75,2.25,-5.5,0.48,0.0,25.4,-2.67,-0.92,5.33,1.92,7.69,4.0,7.56,1.08,0.0,0.77,-0.92,-0.92,0
0.0,-2.88,1.0,1.58,0.0,4.0,3.58,3.3,9.15,21.64,17.55,-1.14,1.0,131.8,4.15,2.0,11.52,3.15,5.75,0.0,7.82,-0.58,0.0,0.53,0.0,2.58,1
3.07,0.0,1.77,1.0,0.0,0.77,1.77,2.54,3.0,14.75,4.0,0.2,1.0,57.84,5.77,0.0,1.63,0.46,3.83,-0.54,7.7,2.0,0.0,1.15,0.0,0.0,0
0.0,0.0,1.0,1.0,0.68,0.0,2.68,2.0,0.32,10.04,6.76,-0.07,0.96,85.52,0.64,0.0,-0.04,2.0,8.22,1.68,6.24,-3.44,1.0,0.57,0.0,1.0,0
6.0,1.0,1.0,6.0,0.0,1.0,3.99,2.0,-1.0,22.98,47.0,-0.38,-1.0,129.85,0.0,0.0,17.99,2.0,6.55,2.99,8.87,0.0,0.0,0.45,0.0,1.0,1
0.0,0.0,1.0,4.39,0.0,0.0,1.88,1.0,-4.27,-0.88,2.64,1.96,0.0,-0.88,3.36,0.0,-0.64,1.0,2.2,2.64,4.69,5.88,0.0,0.2,-0.88,0.88,0
0.0,0.95,1.0,0.0,0.0,-2.79,1.0,1.0,0.0,2.9,-1.79,1.08,-0.95,11.38,0.1,-3.79,-2.84,1.95,-0.04,3.9,1.23,1.0,0.0,1.42,0.0,-0.95,0
0.0,0.0,1.0,0.0,-1.7,3.39,1.0,1.0,-3.39,3.0,11.24,1.51,0.85,57.0,-2.39,-0.85,2.54,1.0,3.33,1.0,2.58,1.0,0.0,1.42,-0.85,0.0,0
2.42,0.0,0.42,0.42,-4.05,-0.58,2.0,-0.31,2.58,2.42,-9.3,0.31,0.0,24.57,3.74,-2.31,1.84,2.0,0.65,0.0,5.51,0.58,0.0,1.07,0.0,1.0,0
0.0,0.0,1.0,-2.73,0.0,4.09,0.09,0.09,-2.73,-7.27,2.46,2.0,1.0,-78.15,3.0,7.27,0.46,0.09,1.75,0.91,1.61,1.91,0.0,0.17,0.0,1.0,0
2.39,0.0,1.0,3.39,0.0,0.0,1.0,1.0,5.78,9.57,21.73,0.69,0.0,173.35,3.2,-0.8,20.93,1.8,1.96,-0.8,4.51,2.2,0.0,1.07,0.4,1.59,0
2.0,0.0,1.0,3.23,-0.77,4.83,2.77,4.0,-0.77,11.94,-5.01,0.15,4.83,0.18,3.53,0.77,3.47,1.23,7.47,5.06,34.93,29.55,0.0,1.31,1.0,-0.77,0
0.0,0.0,1.0,-6.75,0.0,0.04,-0.93,1.0,1.96,-0.96,0.11,2.34,1.07,-76.18,3.96,1.0,3.0,1.0,-1.25,-0.96,-0.32,2.93,0.0,0.94,-0.96,0.0,0
0.0,0.0,1.0,0.68,0.0,-0.68,1.0,1.0,1.68,-0.68,-0.68,2.66,1.0,67.75,6.03,3.0,1.68,1.0,2.98,2.65,3.35,2.68,0.0,0.99,0.68,0.68,0
11.0,10.0,1.0,8.0,2.0,1.0,2.0,1.0,0.0,26.0,30.0,-0.33,0.0,92.0,0.16,0.0,10.0,3.0,4.61,0.0,6.59,1.0,0.0,1.17,0.0,0.0,0
1.0,0.0,1.0,-1.82,-1.82,0.0,6.73,2.0,19.73,8.64,10.18,-0.31,1.91,117.29,3.91,2.91,-0.91,2.0,4.11,0.91,8.97,0.0,0.0,0.7,0.0,0.0,0
-0.51,0.0,1.0,0.0,0.0,-0.51,0.49,1.0,1.01,0.49,-1.05,1.93,0.0,0.51,2.01,0.0,-1.53,1.49,-0.82,1.0,0.12,1.0,0.0,0.81,0.0,-1.01,0
0.0,8.23,0.09,1.0,0.0,8.23,0.09,1.0,1.0,-1.83,-3.57,6.89,0.0,63.44,7.91,8.23,4.66,0.09,0.65,2.83,-0.02,0.09,0.0,-0.0,0.0,1.91,0
0.0,3.57,1.0,0.89,-0.89,0.0,1.89,4.57,1.79,13.39,26.42,0.02,0.0,74.08,2.89,0.89,21.96,1.0,2.89,0.0,7.58,5.11,0.0,0.36,-0.89,1.89,0
0.0,0.0,1.0,0.55,2.1,0.55,2.0,1.0,1.1,2.55,6.55,-0.08,1.55,52.33,3.1,0.0,8.52,0.45,1.92,1.0,5.31,1.0,0.0,0.74,0.0,-0.55,0
1.0,0.0,1.0,2.0,4.0,0.0,1.0,1.0,-1.29,-2.58,2.06,1.39,0.0,71.62,2.29,0.0,-3.52,1.0,1.22,0.0,2.32,1.65,0.0,1.2,0.65,0.65,0
1.29,0.0,1.0,0.65,0.65,2.71,-0.94,5.52,3.94,5.16,7.46,1.19,0.0,20.01,3.29,0.0,6.81,1.65,-2.32,-1.29,3.18,-0.94,0.0,0.29,0.5,0.0,0
-0.5,0.0,1.0,1.0,0.0,9.0,-0.51,0.5,-8.06,-2.52,-2.04,4.29,-0.5,54.67,2.0,-1.01,1.51,0.5,2.89,3.01,0.68,3.52,0.0,0.81,0.0,0.0,0
0.0,2.22,1.0,0.0,0.0,-2.22,1.55,1.0,1.11,3.22,5.66,-0.42,0.0,62.67,1.55,0.0,4.66,1.45,3.78,-0.11,3.36,0.89,0.0,0.27,-0.55,0.0,0
0.0,0.0,1.0,0.0,0.0,4.0,1.0,1.0,0.0,0.0,7.0,1.23,1.0,0.0,2.0,0.87,5.0,1.0,3.19,0.0,5.51,1.0,0.0,0.96,0.0,0.87,0
0.0,0.0,0.04,1.0,0.0,1.0,2.04,4.0,16.0,20.0,20.67,0.04,3.0,95.78,1.0,0.0,52.85,1.04,6.39,3.96,9.49,1.0,0.0,0.51,0.5,3.0,1
0.0,0.0,0.11,-0.89,0.0,4.0,0.11,-0.78,-2.66,-2.66,8.78,2.13,1.0,-66.59,3.0,0.89,5.89,0.11,3.6,0.0,4.65,1.0,0.0,0.96,0.0,0.89,0
0.0,0.0,1.0,0.0,-1.52,4.0,1.0,1.0,0.0,0.76,7.0,1.62,0.24,0.0,2.24,0.0,2.44,1.0,3.08,0.76,4.08,0.24,0.0,0.72,-0.76,0.0,0
-0.58,0.0,1.0,1.0,0.0,0.58,-0.74,0.42,-7.69,2.32,20.11,1.8,-0.58,100.58,3.84,1.74,6.21,1.0,1.05,0.0,1.39,3.0,0.0,0.84,0.0,1.16,0
0.0,4.0,1.0,0.44,0.0,0.44,2.0,5.0,2.0,-7.0,-19.83,0.62,0.0,28.27,2.0,1.0,5.77,2.56,3.37,-0.56,6.93,0.56,0.0,0.73,-0.38,-0.69,0
1.0,-2.1,1.0,0.7,0.0,1.4,4.0,4.1,18.4,8.51,15.51,-1.89,2.4,136.29,4.4,1.3,2.1,3.4,3.03,-0.7,9.54,0.7,0.0,1.33,0.0,0.0,0
0.0,0.0,1.0,0.0,-1.45,-0.73,1.73,1.73,4.55,5.36,-0.45,0.42,2.45,41.18,2.09,0.0,-4.0,1.73,4.6,0.73,8.01,1.73,0.73,1.19,1.0,0.73,0
3.0,0.0,1.0,1.0,0.0,3.53,2.0,2.0,1.29,2.29,6.82,0.26,0.71,36.71,0.59,0.0,4.41,1.29,2.38,0.0,6.68,0.0,0.0,0.98,0.0,1.0,0
-5.21,0.0,1.0,-3.47,0.0,0.0,0.13,0.13,0.87,-15.62,-37.05,2.61,0.0,6.94,7.21,0.0,-12.02,1.13,-1.29,0.0,-0.15,2.0,0.0,0.77,0.0,0.0,0
0.0,0.0,1.0,0.0,0.0,4.0,0.22,1.0,0.78,0.0,7.0,0.76,1.0,0.0,3.0,4.0,5.56,1.0,6.21,-0.78,2.29,-0.56,-0.78,0.39,-0.78,0.22,0
-0.62,0.0,3.0,1.0,1.0,9.0,6.0,1.0,2.43,3.24,2.62,0.47,2.0,33.0,4.24,0.0,4.86,1.0,3.67,0.0,7.1,1.0,0.0,1.04,0.0,0.0,0
0.0,0.0,1.0,3.9,0.0,0.97,2.97,1.97,5.79,13.76,4.9,0.18,0.0,164.23,4.93,-0.97,4.73,2.0,5.77,1.0,8.57,1.0,0.0,1.23,0.0,1.03,0
1.0,0.0,1.0,0.63,0.69,-3.43,1.0,2.0,4.25,-5.61,1.13,0.29,0.0,61.46,3.63,0.0,6.25,0.63,0.86,0.0,0.15,0.0,0.0,0.86,0.5,1.0,0
0.0,0.0,1.0,1.0,0.0,0.0,2.0,1.0,0.0,1.0,-2.27,2.13,-0.66,50.0,1.02,-0.66,2.66,1.0,-0.34,1.0,0.66,1.0,0.0,1.16,0.0,-0.66,0
1.0,0.0,1.0,2.62,4.0,-1.87,1.0,1.0,0.62,0.0,4.0,0.51,0.0,102.47,4.12,0.0,0.38,1.0,3.54,0.62,-0.19,-1.5,0.0,0.72,0.0,0.0,0
0.0,0.0,1.0,1.0,0.0,7.85,1.0,1.0,0.0,0.0,4.35,4.18,0.0,100.0,3.78,0.0,3.78,1.78,2.89,-1.57,0.52,-0.57,0.0,0.52,0.0,0.78,0
0.0,0.0,1.0,1.0,0.0,0.0,1.0,1.0,0.0,0.0,1.1,1.73,0.0,100.0,2.9,0.0,-1.81,0.1,3.06,2.9,1.15,1.0,0.0,0.71,0.0,0.0,0
3.0,3.46,1.0,1.0,0.0,1.73,2.87,2.0,2.87,6.46,6.6,-0.77,0.0,44.3,0.27,0.0,6.46,2.0,2.74,0.0,5.27,-0.87,0.0,1.01,0.0,1.0,0
0.0,0.0,3.0,2.0,1.0,-3.53,3.0,1.0,1.77,0.0,-2.18,0.24,-0.88,75.0,3.65,4.0,4.58,2.0,6.73,1.0,3.43,1.0,0.0,0.66,1.0,1.0,0
0.0,0.0,1.0,0.0,0.0,-3.33,1.0,1.0,0.83,1.0,-2.83,2.35,-0.83,0.0,4.0,0.0,-4.17,1.0,-0.81,1.0,0.36,2.67,0.0,0.63,0.0,0.0,0
-10.02,-9.11,1.0,-7.29,-0.82,2.73,0.09,2.0,10.0,-10.68,-6.95,1.27,0.91,8.2,2.82,0.0,-2.55,0.18,-0.4,0.0,1.68,1.0,0.0,1.04,0.0,1.0,0
0.0,0.0,0.0,95.2,0.0,0.0,-0.8,1.0,1.61,-5.63,-46.67,2.1,0.0,-70.0,3.41,0.0,-20.12,0.2,-3.15,-0.8,-2.5,0.0,0.0,1.07,1.0,-1.61,0
0.0,9.0,1.0,1.89,0.0,9.0,2.89,1.0,3.78,0.0,0.94,4.35,0.0,78.35,1.06,-12.71,4.0,1.0,-16.47,-19.66,3.01,-1.89,0.0,0.15,0.0,1.0,0
-2.76,3.68,0.08,2.76,1.0,0.16,5.92,0.08,-2.76,0.08,1.08,0.15,1.92,50.92,2.0,0.0,12.13,-0.84,7.15,2.92,6.93,4.92,0.0,0.97,0.61,-1.84,0
0.0,0.0,0.0,95.15,0.0,-5.94,-1.7,1.0,0.85,0.0,-2.54,2.14,-7.63,0.0,-1.54,0.0,-1.7,1.0,-1.7,0.0,-11.02,-8.48,0.0,1.03,0.15,0.0,0
0.0,3.22,1.0,0.0,0.0,1.78,1.0,1.0,0.0,0.0,-3.89,3.4,0.0,0.0,0.0,0.89,1.56,0.0,0.92,1.56,1.0,1.0,0.0,0.5,0.0,0.0,0
0.0,0.0,1.0,-1.22,0.0,-1.22,1.39,1.0,0.0,-2.44,0.39,3.29,-1.65,-24.96,2.39,0.0,-2.04,1.0,-1.44,-0.83,-7.57,-2.09,1.0,0.8,0.7,1.0,0
0.0,0.0,1.0,0.0,2.86,0.0,1.0,1.0,6.59,-0.86,1.14,-0.55,0.86,0.0,10.45,1.0,9.76,0.14,0.03,-0.86,4.97,0.14,0.0,0.37,1.0,0.0,1
0.0,0.0,1.0,-0.98,0.0,3.92,1.0,7.0,0.0,16.0,40.9,-0.93,0.98,-22.96,3.98,1.0,11.9,2.0,2.34,-1.96,7.79,0.0,0.0,1.41,0.0,0.0,0
0.0,0.0,1.0,0.0,0.0,1.59,1.0,2.59,0.21,3.18,-3.18,2.91,0.21,52.47,4.0,23.0,1.0,1.79,21.69,24.0,4.11,3.79,0.0,0.91,0.0,0.0,0
0.0,12.77,1.0,0.0,0.0,3.01,1.0,1.0,0.25,0.0,1.0,1.7,-0.75,0.0,1.99,-17.28,3.25,0.25,-15.03,-16.03,-0.21,-0.25,0.0,0.77,0.0,0.0,0
0.0,0.0,1.0,0.36,0.0,0.0,1.0,1.0,-0.64,3.93,13.73,-0.2,0.0,37.81,0.07,0.0,1.36,2.0,3.12,1.64,1.07,-0.29,0.0,0.88,0.0,0.0,0
-4.23,0.0,1.0,-3.52,2.0,0.0,1.3,2.3,0.7,-12.69,-23.42,1.72,1.0,-64.85,5.52,2.0,-8.87,1.3,-0.29,-0.7,1.98,3.82,0.0,0.59,0.0,-0.7,0
0.0,-2.58,1.0,-0.65,0.0,1.29,0.35,1.0,-1.29,-1.58,61.94,0.5,0.65,-43.89,1.65,15.0,27.29,2.0,3.48,1.0,3.13,1.0,0.0,0.64,0.0,1.0,0
0.93,1.86,1.0,5.64,0.93,-5.57,1.93,3.79,2.86,18.58,11.22,0.78,0.0,177.1,7.79,1.86,6.57,1.93,2.75,-0.93,0.03,-4.43,0.0,1.21,0.46,0.93,0
0.0,0.0,1.0,3.0,0.62,0.62,1.38,0.38,3.38,3.75,9.75,0.3,0.0,51.57,5.0,1.0,6.38,1.0,1.92,0.0,6.0,1.62,0.0,0.64,1.62,1.0,1
0.0,0.0,1.0,0.0,0.0,1.18,1.0,2.18,1.59,2.36,1.77,2.61,0.41,38.97,2.23,22.41,-0.18,1.59,24.0,22.82,-18.26,-20.03,-0.59,0.86,0.0,0.0,0
1.75,0.0,1.87,0.87,16.72,2.87,5.0,6.24,4.37,1.87,24.7,0.32,1.0,137.31,2.0,3.49,-5.86,1.87,5.3,2.0,3.1,3.13,0.0,1.19,-0.87,0.87,0
0.0,-1.92,1.0,0.0,0.0,-0.81,1.0,1.0,0.96,0.0,7.0,-0.43,1.96,0.0,4.92,21.16,5.96,1.0,25.65,23.08,5.12,3.88,0.0,1.0,0.0,0.0,0
0.0,0.0,1.0,5.0,1.41,-2.12,1.29,1.0,1.41,-0.71,4.71,0.4,0.29,70.0,5.53,0.71,1.0,1.0,3.26,3.0,3.62,2.0,0.0,0.56,0.71,1.0,0
2.0,-5.56,1.0,1.0,0.0,-0.85,2.0,5.0,2.0,11.0,20.24,-2.92,0.0,85.0,3.38,-5.56,6.38,2.62,0.57,-1.24,8.1,4.94,0.0,1.2,0.0,1.38,0
0.0,0.0,1.0,0.0,2.0,-1.25,1.38,3.0,0.0,0.62,6.5,1.64,-0.25,0.0,0.13,2.0,-1.5,2.62,1.45,0.62,0.24,1.0,0.0,0.4,0.0,-0.62,0
0.0,0.0,1.0,6.27,0.0,1.0,3.0,1.0,0.0,1.73,3.73,-0.08,2.0,30.36,0.55,0.0,5.36,1.73,2.82,1.0,5.91,1.0,0.0,0.72,1.0,0.0,0
0.0,-7.67,1.0,0.85,0.0,-0.85,1.0,1.0,3.56,1.85,2.0,-1.22,0.85,75.59,9.11,-0.85,7.85,2.85,1.48,0.85,4.89,1.85,0.0,0.45,0.0,0.0,0
0.0,0.0,1.0,1.0,1.0,7.66,2.0,1.0,1.0,-33.36,-55.59,3.51,0.0,88.87,1.0,0.0,-14.82,2.0,0.3,0.0,0.5,0.0,0.0,0.64,-0.64,-0.87,0
0.0,0.0,1.0,0.0,0.0,-1.01,0.49,1.0,-0.01,0.0,1.01,0.97,0.0,12.64,1.99,0.0,4.52,1.51,4.63,4.0,5.25,5.51,0.0,0.76,-0.51,0.0,0
-1.31,0.65,1.0,-0.65,0.0,4.0,1.0,1.0,0.0,1.31,7.65,1.81,0.35,-41.15,3.0,0.0,5.0,1.0,2.73,0.65,1.08,0.35,0.0,1.31,0.0,0.0,0
1.62,0.0,1.0,0.0,0.0,2.81,2.81,5.24,3.19,9.66,20.13,0.58,0.0,127.5,2.81,2.0,0.19,1.81,1.59,0.0,1.79,0.19,0.0,1.26,1.0,1.62,0
0.0,0.0,1.0,0.43,0.0,0.0,1.0,1.0,0.57,-0.14,1.57,2.46,0.0,25.16,4.14,0.0,-0.14,0.43,8.64,0.43,1.01,1.57,0.0,0.14,0.0,0.0,0
0.98,0.0,1.0,0.98,0.98,1.07,1.0,1.0,-2.93,4.89,22.64,0.02,1.0,74.3,0.07,0.0,6.96,2.96,10.41,0.0,3.16,1.0,0.0,1.09,0.0,0.0,0
0.0,0.55,1.0,0.42,0.0,0.86,1.28,1.0,0.0,1.11,5.28,0.38,0.14,10.66,1.86,0.0,11.83,1.0,1.96,1.0,3.86,1.0,0.0,0.54,0.09,0.86,0
0.0,0.0,1.0,0.0,0.0,-3.87,1.0,1.0,0.77,0.77,2.77,0.48,0.0,25.52,4.32,5.0,2.32,2.0,1.79,0.0,2.26,1.23,0.0,0.84,0.0,0.0,0
0.0,1.0,1.0,1.0,2.0,0.0,1.0,2.0,0.0,0.0,6.45,-0.5,0.74,50.0,1.74,15.0,1.74,0.26,6.91,1.0,4.45,0.26,0.0,1.33,1.0,0.74,0
0.0,0.0,1.0,0.62,0.0,-0.62,0.38,1.0,-1.24,-1.48,52.56,0.48,0.0,29.54,2.24,1.0,18.33,1.38,-1.11,-0.62,2.28,1.62,0.0,0.66,0.0,1.0,0
0.0,0.0,1.0,1.0,0.0,0.0,1.0,1.0,1.0,0.0,1.0,2.05,0.52,100.0,2.95,1.57,0.48,1.0,3.1,2.1,1.93,0.43,0.0,1.25,0.0,0.0,0
1.0,0.0,1.0,-0.8,2.0,-4.02,4.0,1.0,3.0,4.8,2.8,-0.67,1.0,70.0,2.8,1.0,-1.61,0.2,5.07,1.0,4.46,-0.61,0.0,0.67,-0.8,0.0,0
0.0,0.0,1.77,0.77,0.0,4.0,1.77,1.0,0.0,-52.26,8.54,2.16,1.0,76.85,4.54,0.0,5.0,1.77,4.11,1.54,4.77,1.77,0.0,0.95,0.0,-1.54,0
0.0,4.0,1.0,2.31,0.65,1.0,2.0,5.0,2.0,18.92,36.8,-1.32,-0.65,138.54,0.04,-0.96,20.35,3.31,6.09,-1.96,6.35,-0.65,0.0,0.49,0.65,1.65,1
-2.59,0.86,1.0,5.0,0.0,4.86,2.86,0.14,-1.73,3.73,6.27,0.85,0.86,36.63,1.0,0.0,1.73,0.14,6.07,1.73,5.54,1.86,0.0,0.4,0.0,-0.86,0
1.0,0.0,1.0,2.47,-0.47,0.0,1.0,1.73,-1.47,4.27,17.47,0.33,0.73,87.0,-0.93,0.0,-3.13,3.73,8.88,0.73,1.8,1.73,0.0,0.55,0.0,0.73,0
1.48,2.97,1.0,2.22,0.0,-1.22,1.74,1.74,3.48,15.67,45.74,-0.79,0.0,150.33,-1.22,5.0,15.67,2.0,4.3,0.74,3.29,0.0,0.0,1.07,0.74,2.0,1
0.0,0.0,1.96,-91.78,0.0,3.0,2.91,1.96,6.82,2.87,3.82,0.98,0.0,58.32,5.96,0.0,1.91,1.96,2.01,0.0,6.33,2.91,0.0,0.36,-0.96,0.0,0
1.0,0.0,1.0,1.0,0.0,2.0,1.0,1.0,-0.74,9.0,25.48,0.64,-0.74,88.0,0.52,-14.03,5.26,1.74,-2.05,-17.46,0.94,0.26,0.0,0.23,0.0,1.0,0
0.0,4.0,0.39,-0.61,0.61,0.61,0.39,1.0,1.23,0.0,-4.29,2.25,0.61,3.68,3.07,0.0,5.29,-1.23,-2.55,1.0,1.76,0.0,0.0,0.72,0.0,-1.23,0
0.0,0.0,1.0,0.0,0.0,1.0,1.63,1.0,0.0,1.0,1.1,2.22,1.26,0.0,1.63,0.0,0.74,1.37,1.02,1.63,2.28,2.26,0.63,0.83,0.63,0.63,0
0.0,0.0,1.0,0.0,0.0,7.93,1.0,1.0,-1.96,-8.84,-30.31,2.03,1.98,-89.35,3.98,-4.91,0.07,0.02,2.82,0.0,6.66,1.98,0.0,1.19,0.0,0.02,0
-0.14,2.28,1.0,2.14,0.86,4.0,2.57,-3.0,5.29,5.43,6.15,0.56,0.0,85.72,0.29,5.0,4.43,0.43,3.95,1.57,2.75,1.0,0.0,0.43,0.94,0.0,0
0.97,0.0,1.0,0.0,0.0,-3.88,2.94,1.0,0.0,3.88,1.12,-0.08,0.0,54.27,0.06,0.0,1.12,1.97,1.14,1.94,5.92,6.97,0.0,1.13,0.97,0.03,0
0.0,-2.88,1.0,0.96,0.0,-2.88,1.96,1.0,1.0,7.72,57.7,-3.91,0.0,116.56,6.88,-1.92,31.01,3.92,1.58,-2.88,5.79,1.0,0.0,0.91,0.0,1.92,1
0.0,0.0,1.0,0.0,0.0,2.63,1.53,1.0,-0.05,-2.1,-7.36,1.7,2.1,-46.25,7.05,-0.53,4.63,-0.05,1.31,2.1,22.91,21.82,0.0,0.56,-0.53,0.0,0
0.0,-4.99,1.0,1.55,0.0,2.12,1.0,2.66,1.11,2.77,3.77,-0.52,1.11,36.62,1.0,-4.99,1.45,2.55,1.15,0.34,5.91,3.55,0.0,1.23,1.0,-0.55,0
0.0,34.0,1.0,0.4,0.0,4.01,1.6,1.0,0.0,-0.6,13.2,0.9,1.2,63.88,1.6,2.0,16.81,2.0,-0.72,0.4,1.67,0.0,0.0,0.91,1.0,1.6,1
1.77,1.0,1.0,0.0,0.0,3.0,1.88,1.0,2.65,1.77,4.41,3.22,0.0,-34.43,2.65,5.0,2.77,0.0,13.15,11.23,4.53,1.0,0.0,0.44,0.0,0.0,0
0.0,0.0,1.0,0.24,0.0,-0.76,2.0,2.0,1.76,6.48,-4.85,1.18,3.76,-6.25,3.52,17.51,-0.28,2.0,20.12,18.51,12.1,3.52,1.0,0.77,0.0,1.0,0
0.07,0.0,1.0,1.86,0.0,1.86,2.07,1.0,0.93,4.0,1.14,0.22,5.65,42.04,4.72,0.0,4.93,1.07,3.98,2.93,20.05,11.31,0.0,0.6,0.53,0.0,0
0.0,0.77,1.0,0.0,0.0,4.0,1.0,1.0,-4.62,0.77,8.54,1.97,0.23,-45.46,-0.08,4.0,1.69,1.77,6.78,1.54,0.85,1.0,0.0,0.56,-0.77,1.0,0
0.0,0.0,1.0,0.0,0.0,0.0,0.44,0.44,-0.68,-5.04,-7.28,4.57,0.0,-47.04,5.68,-1.12,-1.68,0.44,-1.61,0.0,0.64,2.12,0.0,0.46,0.0,0.0,0
0.0,0.0,1.0,0.0,0.0,0.53,2.0,1.0,-0.74,0.0,9.98,0.82,2.0,0.0,0.77,1.49,6.51,-0.49,0.82,-0.74,15.27,0.26,0.0,1.33,0.0,-0.74,0
1.88,0.0,1.0,4.82,0.0,0.94,3.94,3.82,2.18,10.33,4.75,-0.08,1.94,97.08,2.06,0.0,-1.82,1.94,4.22,1.88,9.12,1.94,0.0,0.96,0.94,0.0,0
0.0,0.0,1.69,1.39,-0.69,0.0,2.0,0.61,0.69,1.39,3.39,0.08,6.31,54.78,0.31,-1.39,14.47,2.69,4.66,1.0,14.52,3.0,0.0,1.26,1.0,1.39,0
0.0,-2.35,1.0,0.0,0.0,-2.35,1.0,1.0,1.78,2.35,6.49,-2.68,2.0,48.6,5.35,-1.57,3.78,1.78,-0.06,-3.14,4.29,2.0,0.0,0.93,0.0,0.0,0
3.02,0.0,2.0,2.67,0.0,0.0,3.0,1.0,8.67,4.67,0.33,0.04,1.0,91.07,2.67,1.0,7.0,1.0,2.93,1.0,5.07,1.0,0.0,0.7,1.0,2.67,1
0.0,0.0,1.0,0.68,0.0,3.41,2.0,2.0,0.32,0.0,0.64,1.85,-2.04,0.0,3.64,-0.68,1.32,2.68,1.35,1.36,4.51,3.36,0.0,1.0,0.68,0.0,0
0.0,0.0,1.0,-0.68,1.0,1.0,0.32,1.0,3.68,-4.05,0.65,0.59,1.68,-38.48,5.68,0.0,7.62,-0.35,-1.31,-0.68,5.57,0.0,0.0,0.61,0.34,0.68,0
0.0,0.0,1.0,0.0,0.0,11.93,1.0,1.0,1.0,-1.57,-6.61,1.21,13.4,-33.99,1.89,0.0,0.11,0.11,-0.66,2.68,18.0,17.97,0.0,0.76,0.0,1.0,0
-0.6,3.4,1.0,-0.19,0.0,2.0,1.4,1.0,2.0,-4.34,-0.17,0.63,0.6,19.74,5.57,0.0,4.4,1.0,-0.82,-0.6,2.23,1.6,0.0,0.69,0.0,0.0,0
0.0,0.0,1.0,0.56,0.0,-2.24,1.0,1.0,1.56,0.0,-3.36,1.12,-0.56,55.93,4.68,0.0,1.32,1.0,3.12,4.0,5.04,5.56,0.0,0.99,0.56,0.56,0
0.0,0.0,1.0,0.0,0.0,4.06,2.81,1.0,-2.88,-0.81,3.25,0.64,4.44,-57.72,3.37,0.81,10.88,1.0,3.26,3.25,30.97,30.01,0.0,0.59,-0.81,0.81,0
-1.39,0.0,1.0,-2.79,1.0,3.79,0.3,-1.09,3.0,-10.45,1.3,1.19,1.0,-45.99,5.0,0.0,11.0,0.3,-0.95,-1.39,3.06,-0.7,0.0,0.76,-0.7,0.0,0
0.0,0.0,0.0,96.97,0.0,3.88,1.94,1.0,5.81,8.72,-16.47,1.33,0.97,-3.88,2.94,0.0,-4.84,0.03,2.22,0.0,2.7,-0.97,0.0,0.66,0.03,0.97,0
3.61,0.0,1.0,2.39,2.0,-1.84,1.39,1.0,-1.23,-10.45,-1.15,-0.02,4.92,67.23,0.39,0.0,1.77,-0.23,0.61,-0.61,6.89,1.0,0.0,1.09,1.0,0.61,0
-0.81,3.19,1.0,-1.61,0.0,1.81,0.19,1.0,-0.81,-10.49,-11.3,4.16,0.0,-65.37,0.81,2.81,-1.84,0.0,-2.61,1.81,-0.33,0.81,0.0,0.54,0.0,0.0,0
0.71,0.0,1.0,1.71,0.0,2.43,2.71,-3.28,0.71,-9.98,-7.56,0.65,8.0,-13.55,1.29,0.0,-2.28,1.0,4.39,3.71,13.41,13.0,1.0,0.78,1.0,0.0,0
1.6,0.0,1.0,1.6,1.06,4.68,1.0,1.0,-0.06,0.0,5.13,3.85,-0.53,35.13,1.94,0.0,3.06,2.0,3.5,0.47,3.01,0.47,0.0,0.56,0.53,1.0,0
1.0,0.0,1.0,1.76,-0.76,0.24,2.0,1.0,0.76,1.0,7.48,0.78,0.0,141.24,7.05,0.0,7.24,1.24,5.35,0.0,3.0,2.52,0.0,0.57,-0.76,2.0,0
0.0,0.0,1.0,6.75,0.0,1.96,2.93,1.0,0.0,0.96,5.0,-1.07,1.93,76.2,2.96,-15.43,11.96,1.0,3.21,1.96,9.07,1.96,0.0,0.68,0.96,1.0,0
0.0,0.0,1.0,0.0,2.44,2.72,5.0,1.0,1.44,2.44,4.17,-0.33,1.72,39.17,2.72,0.0,10.66,1.0,6.52,2.0,5.57,2.56,0.0,0.98,0.0,0.0,0
0.66,1.0,1.0,-0.66,0.0,3.06,2.32,1.0,0.0,2.64,-0.66,4.08,0.66,-29.02,-0.66,3.0,2.64,0.66,2.15,1.66,4.12,0.66,0.0,0.7,0.66,0.0,0
0.0,3.13,1.0,0.0,0.0,-3.73,1.0,1.0,0.96,0.0,3.82,-1.71,0.0,0.0,3.0,-0.91,0.0,1.96,1.38,-0.96,2.77,1.91,0.0,0.58,-0.96,0.0,0
0.0,0.0,1.0,1.0,0.0,1.57,1.57,1.57,0.57,38.43,78.7,0.46,0.0,70.64,4.29,0.0,26.85,1.0,1.24,0.43,3.18,1.57,0.0,0.59,1.24,3.0,1
0.0,0.0,1.0,0.72,0.0,-2.87,1.72,1.72,1.72,5.74,-3.59,1.77,2.44,31.58,3.28,3.0,-1.15,1.72,6.94,4.72,7.13,2.72,0.72,0.83,0.0,0.72,0
0.0,0.0,1.0,0.0,0.0,6.07,1.23,1.0,0.46,1.0,6.38,1.45,0.23,0.0,0.46,0.0,1.23,1.0,2.59,0.0,1.57,-1.3,0.0,0.9,0.0,0.0,0
-2.45,0.0,1.0,0.82,-2.45,1.82,1.0,1.0,-2.45,32.85,69.78,1.66,-0.82,79.22,-2.08,0.0,17.97,1.0,3.43,2.82,-0.38,1.0,0.0,0.73,-0.27,1.63,0
2.9,0.0,1.0,1.0,44.64,4.0,2.0,1.0,6.05,6.0,50.69,-0.33,0.0,88.0,0.1,5.0,-0.9,1.0,2.41,-2.79,1.02,-3.74,0.0,0.43,1.0,0.0,1
0.0,0.0,1.0,0.0,0.0,-1.89,0.06,-0.89,-0.94,-1.77,11.17,1.44,0.94,-16.26,2.89,22.64,3.06,0.06,25.63,25.58,1.34,2.89,0.0,1.07,0.0,0.0,0
-0.79,0.0,0.21,-0.79,0.0,0.0,0.42,1.0,-4.53,-3.16,1.0,2.05,-0.79,13.44,4.37,1.21,-4.74,1.0,-0.32,0.21,2.58,2.58,0.0,0.97,-0.79,-1.58,0
0.55,0.0,1.0,1.1,2.19,0.0,1.0,1.0,0.45,2.0,3.65,0.84,-1.1,54.94,0.9,0.0,2.9,1.0,3.66,2.0,2.57,2.45,0.0,1.0,0.0,0.0,0
-8.86,-4.06,1.0,-4.64,-1.61,1.0,1.19,5.0,2.0,25.48,71.32,0.34,0.0,87.03,2.81,1.0,35.51,0.39,2.99,0.81,4.77,0.0,0.0,0.54,0.54,3.42,1
0.0,0.0,1.0,0.0,0.0,0.0,1.69,1.0,2.38,4.31,-29.47,0.6,0.0,71.85,2.69,1.0,-6.31,1.31,3.26,0.0,4.71,1.0,0.0,0.95,0.69,0.0,0
0.0,0.0,1.79,6.59,0.79,0.0,2.79,1.0,0.0,1.59,12.73,-0.22,1.0,132.71,1.21,0.0,4.97,2.59,7.07,0.62,3.04,0.41,0.0,0.63,0.0,2.59,0
0.0,0.0,1.0,1.53,0.0,1.05,1.53,1.0,1.47,0.0,-0.58,0.94,3.16,66.0,6.0,-0.53,-2.27,1.0,1.23,1.58,4.46,4.69,1.05,0.54,-0.53,0.0,0
0.0,0.0,1.0,0.0,0.0,10.0,1.42,0.42,0.25,1.17,4.5,1.63,1.0,8.75,3.0,0.58,1.0,1.0,1.99,1.0,1.59,1.42,0.0,1.11,0.0,0.0,0
0.0,0.0,1.0,-0.63,0.0,6.88,2.26,1.0,1.26,3.77,7.63,0.34,1.0,-18.83,0.74,0.63,6.26,1.0,3.95,0.0,6.43,0.37,0.0,0.57,0.0,1.0,0
-0.74,0.0,1.0,-0.74,-1.48,1.04,0.26,1.0,-5.18,-2.96,10.7,1.13,1.0,-31.06,2.26,-3.7,8.22,1.0,3.3,0.74,3.65,1.0,0.0,1.16,-0.74,0.0,0
1.4,-6.3,1.0,3.8,0.0,-5.6,1.7,3.1,1.0,10.49,6.6,-2.59,0.7,146.17,5.0,-6.3,1.7,1.7,1.79,-0.7,7.81,3.4,0.0,0.89,0.7,-0.7,0
0.0,0.0,1.61,0.61,0.0,2.43,1.61,2.21,6.61,0.39,-7.5,0.52,1.61,63.11,5.61,-1.21,2.79,0.39,1.13,0.0,4.71,1.0,0.0,1.05,0.39,-0.61,0
0.0,-0.99,1.0,1.99,0.0,-3.98,1.99,1.0,0.0,6.96,59.66,-2.88,0.0,186.49,4.98,-0.99,24.85,2.99,4.9,2.0,4.58,1.0,0.0,0.49,0.0,1.99,1
-0.72,0.0,0.28,0.0,-5.06,0.0,1.72,-0.45,14.57,13.74,-8.4,0.57,2.17,5.79,2.28,-2.89,38.54,1.0,5.86,2.17,6.58,1.0,0.0,1.02,0.36,2.17,0
1.95,0.0,1.0,0.65,0.0,1.0,1.65,2.95,2.0,19.4,57.35,-0.53,0.0,75.41,-0.95,5.0,9.65,2.65,4.32,1.3,1.05,-1.3,0.0,0.73,0.0,2.0,1
0.0,0.0,0.03,-1.94,0.0,4.0,1.97,1.0,-4.86,-2.92,8.94,1.41,1.0,-25.28,3.97,3.03,-1.83,1.0,4.3,0.0,4.26,1.0,0.0,1.04,-0.97,-0.94,0
0.0,0.0,1.0,0.0,0.0,-4.51,-0.81,1.0,1.0,1.81,14.44,2.32,-3.51,40.62,2.19,34.73,-6.22,2.81,23.25,21.29,-30.52,-28.59,0.0,0.48,0.0,0.0,1
-0.82,0.0,1.0,-1.64,0.0,0.0,1.0,0.18,-5.73,3.46,73.92,0.01,0.0,-2.46,-2.28,15.0,18.63,3.64,4.29,1.82,0.94,1.82,0.0,0.3,-0.41,1.82,1
1.0,0.0,1.0,0.0,4.0,-2.38,1.0,1.0,0.0,0.0,1.03,0.65,-0.59,0.0,0.41,0.0,-2.97,1.59,-0.03,0.0,0.97,1.59,0.0,0.86,0.0,0.0,0
0.0,0.0,1.0,1.0,0.0,4.78,2.0,1.0,-0.76,0.0,1.76,0.21,8.0,0.0,-0.27,0.0,5.03,1.76,3.0,3.0,13.76,13.76,1.0,0.62,1.0,0.0,0
-1.67,0.0,1.0,2.56,-0.56,-3.89,1.0,-0.11,-1.78,-0.56,2.0,1.19,-1.11,129.11,4.56,-1.11,0.89,2.0,2.4,0.0,-2.05,1.56,0.0,0.56,0.0,-0.56,0
0.63,0.0,1.0,1.26,0.0,0.48,1.0,1.63,15.42,8.52,0.63,0.23,-0.63,131.49,5.89,31.0,7.52,1.63,10.01,2.0,1.33,0.37,0.0,0.73,1.32,2.63,1
0.0,0.0,1.0,0.96,0.0,-8.61,2.0,3.92,0.04,1.96,3.96,-3.6,0.96,0.0,5.0,0.0,3.92,1.0,-0.42,1.0,9.52,2.96,0.0,0.98,1.96,-0.96,1
0.0,4.0,1.0,0.0,0.0,4.38,1.0,1.0,0.0,-0.68,0.0,2.0,0.0,0.0,-0.68,1.32,5.03,0.68,0.66,0.32,4.22,4.06,0.0,0.46,0.0,0.0,0
1.9,0.0,1.0,0.95,1.9,3.05,1.95,7.67,1.9,8.57,15.57,0.34,-0.9,77.13,3.95,-0.95,12.62,1.95,3.92,0.0,11.07,1.0,0.0,1.01,0.74,0.0,0
0.0,2.31,1.0,0.0,0.0,-0.77,1.0,1.0,-1.54,-6.93,-32.66,3.38,0.0,-70.08,2.23,-3.08,-4.93,0.46,-0.52,0.77,2.63,2.0,0.0,0.49,0.0,-1.54,0
5.83,2.0,1.0,9.02,1.0,0.0,2.8,4.8,2.0,34.48,47.59,-1.39,0.0,157.02,4.0,-10.87,21.87,3.8,5.71,0.8,8.39,0.8,0.0,1.0,0.5,1.8,1
0.0,4.14,1.0,1.0,0.0,7.0,2.31,10.65,-0.69,0.69,38.86,0.13,9.0,24.14,6.38,0.69,16.79,1.0,5.65,3.0,16.24,13.0,0.0,1.1,1.34,2.07,0
3.0,0.98,1.0,2.0,0.0,2.94,2.0,4.0,0.02,16.0,19.02,3.86,0.0,76.0,-2.9,4.9,-0.94,1.02,13.88,12.78,2.9,0.02,0.0,0.75,0.0,0.0,0
0.0,0.0,1.0,0.0,0.0,4.0,1.0,1.0,0.0,-0.6,-27.84,2.05,1.0,-3.6,3.6,-0.6,-11.62,1.0,2.28,0.0,3.69,1.6,0.0,1.18,0.0,0.4,0
0.0,3.0,1.0,-0.96,0.0,0.96,1.96,1.96,0.96,0.0,-3.85,2.71,0.0,-68.27,3.85,1.0,0.0,-0.96,-5.25,1.96,2.61,0.96,0.0,0.49,0.96,0.0,0
3.0,11.88,1.0,-0.7,3.0,2.8,1.0,1.0,2.3,0.0,1.3,1.54,0.3,-69.89,4.2,0.7,4.6,0.3,1.15,0.7,2.44,-0.4,0.0,0.98,1.0,1.0,0
0.0,0.0,1.0,0.0,0.0,-3.32,1.83,1.83,3.32,7.48,6.99,0.34,-0.83,69.82,2.17,1.66,1.17,2.83,0.76,0.0,2.85,1.17,0.0,0.67,0.0,0.0,0
4.0,0.0,2.0,1.89,0.0,1.0,3.0,3.0,2.89,19.22,-12.79,0.9,0.89,126.92,4.67,-12.45,5.0,-0.78,3.61,-0.89,7.73,1.89,0.0,1.53,0.0,-0.89,0
5.0,1.0,1.0,5.37,0.0,3.51,2.0,4.0,10.0,43.37,80.0,0.28,0.63,51.41,2.26,0.0,44.51,3.37,-0.43,0.0,5.65,1.0,0.0,0.98,0.6,4.0,1
1.24,0.0,1.0,0.62,1.24,0.0,1.62,5.34,1.24,6.58,67.44,-0.46,0.62,56.19,1.62,1.0,31.96,2.62,-0.0,-2.48,2.48,-1.48,0.0,0.16,0.48,1.0,1
0.0,0.0,1.59,2.36,1.0,0.82,6.18,2.18,0.0,4.54,3.18,-0.37,2.77,69.48,2.0,0.0,2.0,1.59,9.94,4.95,8.74,6.36,1.18,1.0,0.0,0.59,0
0.0,1.6,1.0,0.0,0.0,9.01,2.0,1.0,-2.41,0.0,6.2,3.72,2.0,0.0,3.2,1.6,-0.81,1.0,1.57,0.8,2.28,0.2,0.0,1.1,0.0,1.0,0
6.81,2.0,1.0,8.87,1.0,0.0,2.0,4.97,2.0,30.65,1.38,0.24,0.0,87.84,2.06,2.0,0.28,3.0,3.04,0.0,4.68,0.0,0.0,0.61,0.5,0.03,0
0.62,0.0,1.0,1.0,0.0,-2.5,2.87,1.62,10.62,4.12,8.12,0.49,0.0,116.25,3.0,1.25,-2.75,1.62,9.19,1.0,1.86,0.38,0.0,0.48,0.0,0.0,0
-1.54,0.0,0.49,0.51,0.0,2.57,1.51,0.49,-0.54,-4.62,-2.57,2.05,5.62,-38.99,6.05,24.0,-0.54,-0.03,26.06,26.54,9.49,9.67,0.0,1.13,0.51,-1.03,0
0.0,0.0,1.0,0.0,0.0,5.14,2.0,1.0,-0.86,0.0,1.0,2.76,2.0,-85.69,-0.43,0.0,1.86,1.86,1.86,2.71,2.71,4.0,1.0,1.3,1.86,1.0,0
2.0,4.0,1.0,3.0,0.0,0.83,3.66,2.0,5.0,9.0,-0.66,-0.71,3.33,80.0,2.0,0.83,13.16,1.0,4.52,4.33,33.64,30.11,0.0,0.98,1.0,0.83,0
0.0,-0.81,1.0,0.0,0.0,0.81,1.0,1.0,1.0,0.81,2.42,2.78,0.0,0.0,4.81,-0.81,-0.81,2.61,-3.76,-4.03,2.07,1.81,0.0,1.0,0.0,0.0,0
0.0,0.0,1.0,0.0,0.0,1.0,1.0,1.0,2.0,8.28,49.34,0.01,0.72,67.11,2.45,5.72,3.93,1.28,3.69,0.0,4.18,1.45,0.0,0.86,0.0,2.72,0
3.0,0.0,2.0,-0.91,0.0,6.57,2.91,2.0,3.0,2.6,-40.48,0.75,4.57,-3.58,1.0,0.91,-7.72,2.09,3.37,2.74,34.64,32.02,0.0,0.71,0.0,1.09,0
0.34,0.0,1.0,1.55,0.34,0.0,2.0,8.0,1.89,9.0,11.45,0.92,0.45,136.43,3.45,0.0,8.23,2.0,2.13,0.0,5.44,1.0,0.0,0.38,0.22,-0.55,0
0.0,1.0,1.0,0.0,0.0,5.33,2.55,1.0,1.55,4.66,1.55,3.95,0.0,54.37,0.0,5.78,2.55,0.0,13.16,10.67,3.33,-0.55,0.0,0.55,0.0,0.0,0
2.0,0.0,1.0,1.32,0.0,1.89,2.89,4.89,0.89,17.68,5.32,0.89,-0.79,35.59,2.0,0.0,1.42,2.0,4.42,1.11,5.73,1.11,0.0,1.07,1.0,-0.89,0
0.0,0.0,1.0,0.0,0.0,-2.87,1.0,1.0,0.0,0.0,-0.87,1.99,-0.72,0.0,2.28,11.46,-1.58,2.0,-0.86,0.0,-0.39,1.28,0.0,0.47,-0.72,-1.43,0
0.0,-29.98,1.0,-0.88,0.0,2.12,1.0,1.0,11.0,7.76,1.76,0.27,0.0,33.39,4.0,29.24,-4.7,0.12,10.93,2.88,4.65,1.88,0.0,0.79,0.12,1.12,0
0.0,-3.59,1.0,-0.9,0.0,-1.79,0.1,1.0,-0.9,-2.59,56.41,1.96,0.9,-60.96,2.79,17.69,22.41,2.0,4.78,4.59,0.34,1.9,0.0,0.75,0.0,1.0,0
0.0,0.55,1.0,2.0,0.0,2.2,3.0,1.0,5.0,-0.55,-2.85,2.55,1.0,75.3,2.45,0.55,1.0,-0.1,2.35,0.55,5.36,1.0,0.0,0.9,0.0,0.0,0
0.0,0.0,1.0,1.16,0.0,-2.91,2.16,1.0,2.91,0.0,-1.49,0.66,0.0,48.24,2.0,0.0,-1.32,2.0,0.56,0.0,3.48,2.0,0.0,0.87,0.0,-0.58,0
1.3,0.0,1.0,0.3,0.0,-2.79,1.3,1.0,-1.89,-2.19,2.81,0.45,0.7,-0.45,7.09,-3.49,5.49,1.0,0.58,-0.7,5.33,1.7,0.0,0.89,0.0,0.0,0
0.0,0.0,1.0,0.0,0.0,0.0,1.0,1.0,6.0,3.42,9.87,-0.25,1.0,122.6,3.39,0.0,2.39,0.19,3.64,0.81,2.28,0.19,0.0,1.05,1.0,0.0,0
1.0,1.0,1.0,4.67,0.0,-2.14,2.53,1.0,1.0,14.0,14.4,-0.15,0.0,118.4,0.47,0.0,3.33,1.0,6.97,2.6,3.95,1.53,0.0,0.36,0.0,0.53,0
0.0,0.0,1.0,0.0,0.0,2.43,1.0,1.0,1.0,0.39,4.43,0.76,0.61,33.0,5.22,0.0,9.43,1.39,2.42,-0.61,3.38,1.0,0.0,0.68,0.0,0.0,0
0.3,0.0,-0.4,-0.7,3.3,-6.29,-2.5,1.0,0.0,2.8,17.28,0.48,-1.4,25.87,1.0,16.78,1.4,1.7,2.53,0.0,-1.19,1.0,0.0,1.11,0.0,0.0,0
3.0,0.0,1.0,-0.95,3.0,4.74,1.0,1.0,3.0,-1.9,2.95,0.91,1.95,-57.81,7.95,0.0,8.84,0.05,2.67,-0.95,6.21,1.0,0.0,0.53,1.0,1.95,0
0.0,0.0,1.0,0.95,0.0,-0.95,1.0,1.0,0.05,-8.56,-41.84,4.04,0.0,8.56,7.8,-4.75,-7.61,0.05,-1.25,0.0,4.21,3.85,0.0,0.99,0.0,-1.9,0
0.0,0.0,1.0,1.0,0.0,3.84,2.0,1.0,-0.57,-2.84,-0.71,0.93,8.57,-43.23,2.57,-0.57,3.71,0.43,3.48,3.0,13.96,13.0,1.0,0.51,1.0,0.57,0
0.0,0.0,1.0,1.64,0.0,2.36,1.82,1.0,0.82,3.29,2.07,0.2,5.11,33.7,4.64,0.0,3.36,1.0,3.75,2.47,19.16,10.04,0.0,0.65,0.41,0.0,0
-0.78,0.0,1.0,0.0,-3.12,5.78,1.78,1.78,0.78,0.78,6.22,1.01,1.0,0.0,5.12,0.0,6.56,1.0,2.81,0.78,6.26,1.78,0.0,0.63,0.78,1.0,0
1.0,2.0,1.0,5.0,1.99,0.99,2.0,4.0,2.0,20.0,14.98,-0.3,0.99,83.0,5.98,-5.93,18.92,3.0,2.0,-0.99,6.24,-1.98,0.0,1.37,0.5,1.0,0
0.0,-1.75,1.0,0.0,0.0,0.0,2.0,2.0,1.0,2.0,5.0,0.44,0.0,60.0,1.0,0.58,4.16,2.0,4.91,2.91,3.67,0.0,0.0,0.41,0.0,0.0,0
0.0,0.0,1.0,0.58,1.0,1.0,1.4,1.0,12.6,6.0,5.19,0.75,3.4,94.15,7.42,1.0,13.0,1.0,3.38,-1.81,8.78,0.4,0.0,0.68,0.33,2.4,0
0.0,-1.81,1.0,4.53,0.0,-0.91,1.91,1.0,1.0,1.81,8.24,-2.1,0.0,59.76,4.09,-1.81,4.0,1.0,4.81,1.09,3.7,2.91,0.0,0.52,0.0,0.0,0
0.0,0.0,1.0,0.0,0.0,4.98,1.0,1.0,-1.0,2.0,20.97,-0.2,1.0,46.0,-2.98,0.0,6.99,1.0,6.49,2.0,2.14,-2.98,0.0,0.7,0.0,1.0,0
1.62,0.62,3.0,2.24,1.0,9.0,6.0,0.38,-1.87,6.84,8.46,0.6,2.0,62.44,0.38,0.0,2.49,0.38,6.44,0.62,5.78,0.38,0.0,0.49,0.0,0.0,0
0.0,0.0,1.0,0.0,0.0,0.0,1.0,1.0,0.19,3.0,1.32,1.98,-0.81,62.0,-1.05,4.05,-3.05,1.81,1.05,0.0,0.65,1.0,0.0,0.88,0.0,0.0,0
0.0,0.0,-0.45,-1.45,1.28,0.0,-0.45,1.0,0.72,0.0,6.62,0.73,1.72,-54.33,9.35,-2.9,3.1,0.28,-5.2,-0.72,2.84,2.72,0.0,1.11,0.28,-0.72,0
0.0,0.0,1.0,0.55,0.0,1.8,1.0,1.0,1.65,0.55,3.14,0.93,1.0,27.55,3.65,0.0,1.69,1.0,2.07,0.55,2.91,1.55,0.0,0.95,1.0,1.45,0
0.0,3.0,1.0,0.0,0.0,11.92,1.85,1.0,1.69,0.0,0.0,5.14,0.85,0.0,2.85,2.0,0.15,1.0,3.02,1.85,-1.69,-2.54,0.0,1.03,1.0,-0.85,0
1.0,0.0,1.08,2.0,0.0,0.0,2.08,1.0,8.0,4.0,15.67,0.11,1.0,87.58,2.0,13.83,8.83,1.92,2.36,1.0,4.09,1.0,0.0,-0.05,1.0,2.92,1
0.0,1.56,1.0,-0.52,0.0,3.0,0.48,1.0,11.0,5.48,-1.56,2.03,0.0,55.08,2.44,31.52,3.96,0.48,9.94,2.0,1.44,0.48,0.0,0.44,1.0,2.0,0
3.0,0.0,1.0,3.0,2.0,5.27,2.0,1.0,-2.64,0.0,6.76,0.23,0.0,66.0,-0.76,-7.03,4.76,1.88,1.56,0.0,10.94,6.27,0.0,1.39,1.0,0.0,0
0.0,1.0,1.0,0.0,0.0,0.0,1.63,1.63,2.52,3.89,4.89,-1.33,0.0,50.47,1.63,0.0,1.0,2.0,3.85,2.0,4.44,1.63,0.0,1.02,0.0,0.0,0
0.0,0.0,1.0,1.99,0.0,6.04,1.0,1.0,1.97,0.0,4.0,2.69,0.0,165.09,5.94,0.0,0.99,1.0,3.31,1.0,-1.3,-2.94,0.0,0.37,0.0,-0.99,0
-5.5,8.08,1.0,-3.66,-2.75,-2.66,0.08,-4.5,-19.23,-53.12,-117.24,2.73,0.0,-20.15,0.92,-0.83,-52.12,-6.41,3.85,0.0,-0.31,1.92,0.0,0.73,-0.92,-3.66,0
2.34,0.0,1.0,1.0,0.78,3.34,3.0,5.56,19.13,20.78,19.03,-0.53,4.56,117.35,1.78,1.56,50.56,2.0,9.01,3.0,14.6,1.0,0.0,0.91,0.5,3.78,1
0.0,0.0,1.0,1.0,-1.01,0.0,1.0,1.0,-0.51,0.0,3.52,2.06,-0.5,90.43,4.99,0.0,-3.53,1.0,3.83,1.5,-0.38,1.0,0.0,0.77,0.0,1.0,0
0.0,0.0,1.0,0.0,0.0,3.0,1.67,1.67,3.67,-0.67,-0.67,1.23,0.0,0.0,5.67,0.0,1.34,1.67,-0.11,-0.67,3.22,1.67,0.0,0.62,0.0,0.0,0
1.0,2.0,1.0,5.69,2.38,0.69,2.0,4.0,4.07,21.38,14.38,-0.48,0.69,141.74,6.07,2.0,16.6,2.31,4.23,0.0,5.96,-0.69,0.0,0.82,0.5,1.0,1
0.0,1.66,1.0,4.32,-0.83,-3.32,2.0,3.49,-3.15,11.62,4.32,0.5,0.0,95.85,6.66,-2.49,7.64,2.66,1.37,-0.83,9.49,1.17,0.0,1.47,-0.41,0.83,0
0.0,4.06,1.0,0.0,0.0,-2.71,1.0,11.16,0.0,6.03,53.85,-0.4,-0.68,151.32,1.0,24.68,14.19,2.68,5.65,0.0,1.16,0.32,0.0,0.78,0.34,2.03,1
0.0,0.0,1.0,0.52,0.0,-2.6,0.48,1.0,1.0,1.04,3.48,0.86,-1.04,31.72,1.48,0.0,-2.12,2.52,1.96,0.52,-5.2,2.0,0.0,0.66,0.0,0.0,0
0.0,0.0,1.0,0.75,0.0,0.0,1.0,2.5,11.0,6.75,-2.25,-0.39,0.0,81.0,4.0,31.0,5.0,1.75,9.65,2.75,7.76,1.75,0.0,1.1,1.75,2.0,0
1.0,0.0,1.9,-0.9,4.0,-1.8,0.1,1.0,-0.9,1.8,8.51,0.5,-5.41,36.07,0.1,0.0,-4.51,1.9,2.64,-1.8,-3.21,-5.31,-1.8,1.58,0.0,-0.9,0
-2.5,0.0,1.0,-1.67,0.0,0.0,0.17,-1.5,2.0,-9.36,2.31,1.66,0.0,24.56,4.34,2.0,5.0,2.17,-1.5,-1.67,2.65,4.34,0.0,0.53,1.0,1.0,0
-2.29,0.0,0.43,0.0,0.0,0.43,-0.14,-0.14,1.0,-12.0,0.71,1.14,3.0,-6.86,5.29,1.0,1.86,1.0,-1.36,0.0,0.03,1.0,0.0,0.35,0.0,0.0,0
1.0,0.0,1.0,1.0,1.0,2.62,1.0,1.0,-0.52,5.0,19.67,-0.25,0.0,76.0,0.95,-12.07,4.1,3.0,-2.89,-12.59,3.09,-0.05,0.0,0.62,0.0,0.52,0
0.0,-3.27,1.82,1.63,0.82,4.0,1.82,1.0,0.82,1.63,15.98,-0.31,1.0,64.5,2.82,0.0,9.08,3.45,7.88,-0.82,7.12,1.82,0.0,0.97,0.0,1.63,0
1.0,0.0,1.0,0.0,4.0,-4.05,1.0,1.0,0.0,3.24,14.54,0.08,-0.81,70.53,0.19,19.46,-2.43,1.81,3.49,0.0,-0.81,1.0,0.0,0.85,0.0,0.0,0
0.0,0.0,1.0,1.0,0.0,9.63,2.34,0.34,-0.66,-1.31,4.31,0.98,9.66,-39.43,6.31,0.0,4.31,0.34,5.38,3.0,16.22,13.66,0.0,1.12,1.0,0.0,0
1.0,0.0,1.0,1.0,0.0,-1.91,2.0,1.0,1.98,2.0,17.17,1.68,0.0,56.0,3.95,3.93,-1.93,2.0,5.13,4.91,1.37,0.98,0.0,1.0,0.0,0.0,0
-1.53,0.0,1.0,-0.76,-1.53,5.0,2.0,-4.35,-2.29,-6.88,-3.41,1.56,4.76,-61.94,2.24,1.0,2.35,0.24,3.32,4.76,33.64,35.29,0.76,1.18,0.17,1.76,0
0.0,0.0,1.0,0.0,0.0,0.71,1.82,1.0,2.47,0.0,7.0,0.55,1.0,0.0,1.18,1.0,-0.11,1.0,5.2,0.0,1.18,0.18,0.0,0.69,0.0,1.0,0
0.0,0.0,1.0,-0.55,-1.11,3.0,1.0,1.0,-1.66,0.45,1.89,3.57,-0.55,-47.07,-1.22,0.55,-7.2,2.0,1.49,2.11,0.01,1.55,0.0,0.79,0.0,0.0,0
2.56,0.0,1.0,2.56,-1.71,0.0,1.85,1.0,2.56,13.26,34.37,0.06,0.0,142.65,-4.13,0.0,19.66,1.85,5.51,1.0,2.08,0.15,0.0,0.95,-0.43,1.71,0
-1.5,0.0,1.0,-0.75,-1.5,0.0,1.25,-4.26,-0.26,-6.01,-3.77,1.65,-0.75,-60.9,-0.26,1.0,7.48,1.0,2.39,0.75,0.22,1.0,0.0,0.48,0.42,1.0,0
0.0,0.0,1.0,0.0,0.0,3.41,1.68,-3.1,0.0,-10.93,-16.17,0.62,2.73,-51.21,2.0,0.0,7.05,0.32,1.79,2.73,30.15,28.53,0.0,0.65,0.0,1.68,0
-0.58,-1.16,1.0,-1.89,-0.58,0.0,1.42,-0.73,1.42,-4.56,-2.52,0.68,1.73,25.01,0.42,-1.16,8.53,1.84,2.04,2.0,6.62,6.2,0.0,0.81,-0.29,-0.58,0
0.0,0.0,1.0,0.98,0.0,0.02,-0.97,1.0,-1.97,-2.94,-8.81,2.94,0.0,37.41,2.97,0.0,-11.78,1.02,-1.99,0.02,-1.13,2.97,0.0,1.29,0.0,0.0,0
3.02,0.5,1.0,2.52,2.51,2.0,5.5,4.02,9.56,32.21,72.97,0.19,1.0,98.82,1.5,1.01,31.7,5.03,8.59,2.0,5.57,3.5,0.0,1.0,0.5,2.01,1
1.42,3.16,2.0,-1.58,0.0,3.05,1.47,2.0,-0.68,2.68,-6.21,2.0,0.0,27.57,2.05,0.0,-7.16,2.47,1.59,0.0,2.06,0.0,0.0,0.79,-0.26,0.95,0
-1.7,0.0,1.0,0.0,-38.26,0.0,1.85,1.85,4.4,7.65,-26.35,1.05,3.0,71.41,3.0,1.7,4.7,1.85,-0.47,0.0,9.25,9.0,0.0,0.91,0.0,0.0,0
2.74,0.0,1.0,2.58,4.0,0.0,1.0,1.58,1.16,1.74,5.74,-0.24,-1.16,81.84,0.42,0.0,2.16,1.58,2.86,-0.58,2.39,-1.32,-0.58,1.05,-0.58,0.0,0
9.47,8.61,1.0,6.89,1.72,4.0,1.86,1.0,-0.86,22.38,30.24,0.84,-1.58,79.18,0.28,0.14,10.02,2.72,6.39,0.0,5.94,1.0,0.0,1.09,0.0,1.0,0
0.0,0.0,1.0,0.0,-0.63,-1.25,-0.88,1.0,1.63,-0.63,-1.25,2.11,0.0,-31.34,4.88,0.63,2.25,1.0,-2.51,0.0,24.93,25.56,0.63,0.87,0.0,0.0,0
0.0,0.0,1.0,0.0,-0.78,0.0,2.0,1.22,-3.78,-7.11,-5.34,1.72,0.0,-10.57,2.78,3.89,0.44,2.0,1.0,0.0,4.65,2.78,0.0,0.78,0.0,-0.78,0
0.0,0.0,1.0,0.0,0.0,0.96,1.0,1.0,-2.89,37.68,97.94,0.62,-0.96,128.38,-1.89,24.0,22.21,1.04,5.32,0.0,-2.37,0.04,0.0,0.47,0.64,2.89,1
5.0,1.0,1.0,6.93,0.0,7.5,2.93,4.0,10.0,44.0,81.86,-1.16,6.5,96.0,2.86,0.0,43.86,4.0,6.69,1.86,14.73,9.36,-0.93,0.64,0.6,3.07,1
1.63,34.0,1.81,0.19,-1.63,-0.63,1.0,1.81,-3.25,2.44,11.19,1.13,0.0,90.25,0.19,-2.06,19.06,3.63,3.38,0.19,0.27,-0.81,0.0,0.8,0.19,2.63,1
0.4,0.6,0.4,-0.21,0.0,7.43,-0.21,1.0,-4.82,6.59,23.4,4.43,-0.6,37.94,0.79,1.21,1.78,0.4,14.65,1.0,-0.97,0.4,0.0,0.43,-0.6,-0.21,0
0.0,0.0,1.0,-0.97,0.0,0.0,1.03,0.03,2.0,-7.8,1.05,2.39,-2.92,-42.87,2.97,1.0,14.03,0.03,-3.3,-0.97,-3.2,1.97,-0.97,0.55,1.0,0.03,0
0.0,0.0,1.0,-0.24,0.0,6.19,1.38,1.0,0.14,7.0,5.0,1.06,0.0,21.64,1.0,0.0,12.0,3.0,3.59,2.62,2.39,1.62,0.0,0.98,0.0,0.0,0
0.0,4.59,1.0,3.0,0.0,5.35,3.0,1.0,-0.59,8.0,6.41,3.45,-0.19,77.0,-0.78,1.78,15.22,0.41,3.59,1.59,3.08,-0.19,0.0,0.56,0.67,0.0,0
0.0,0.0,1.0,0.0,0.0,3.0,2.23,0.23,0.69,3.69,5.08,0.42,0.77,23.06,5.08,1.77,1.46,0.23,4.59,0.0,7.29,1.77,0.0,0.96,0.0,0.77,0
-4.78,0.0,1.0,-2.99,2.0,4.99,0.2,0.2,3.0,-12.35,-27.1,1.07,1.8,11.65,6.8,0.0,4.23,0.2,0.93,-0.8,5.52,1.0,0.0,0.89,0.0,-0.8,0
0.0,0.0,1.0,1.0,0.0,0.0,2.0,1.0,2.61,9.45,11.12,0.26,-0.61,126.85,-2.67,1.22,12.0,4.22,4.61,2.0,3.42,0.39,0.0,0.87,0.61,0.61,0
0.0,0.0,1.0,0.82,-1.64,0.0,1.0,1.0,-1.47,0.0,-0.82,1.75,3.0,82.2,1.36,-0.82,2.18,1.0,0.27,0.0,10.64,10.64,0.0,1.03,-0.82,0.0,0
6.63,-1.26,1.0,2.49,-0.63,0.0,2.0,0.12,0.63,6.7,42.23,0.15,0.0,78.19,1.63,-1.26,11.61,0.74,2.79,1.0,4.73,1.63,0.0,0.2,-0.31,0.37,0
0.0,0.0,1.0,1.0,0.0,2.25,1.0,1.0,0.44,0.0,4.94,1.17,0.0,100.0,2.87,-12.94,2.69,1.0,-11.05,-13.5,2.74,0.87,0.0,0.52,0.0,0.0,0
0.0,0.0,1.0,3.0,1.0,4.57,2.0,1.0,11.11,6.0,13.25,-1.24,4.0,76.0,3.21,-1.68,16.57,1.0,3.62,-3.57,12.75,0.11,0.0,0.67,1.23,4.79,1
0.0,0.0,0.36,2.45,0.0,5.91,0.73,-0.27,0.0,-1.82,10.55,1.2,-1.27,44.96,1.64,0.0,3.19,0.36,0.39,-3.19,-1.12,-4.1,-1.27,0.74,0.0,-1.27,0
0.0,0.0,3.87,2.0,1.0,3.46,3.87,1.0,0.0,-58.88,10.06,0.82,0.87,75.0,3.6,4.0,12.46,2.87,11.23,1.0,7.1,1.87,0.0,0.93,1.0,0.13,0
0.0,0.0,1.0,5.15,0.0,0.86,2.72,1.0,-0.86,3.86,14.72,-0.47,1.72,45.99,-1.57,0.0,0.0,1.0,4.91,1.86,3.4,0.14,0.0,0.56,0.0,-0.86,0
3.55,1.0,1.0,3.36,3.0,7.27,1.18,4.55,20.18,48.92,131.37,1.51,0.82,34.85,1.0,2.0,62.45,8.18,3.91,-1.64,4.41,0.0,0.0,0.47,1.82,5.64,1
-1.66,0.0,2.0,0.17,0.0,4.0,2.83,3.83,3.83,4.66,7.49,0.43,0.17,62.54,2.0,0.0,4.66,2.0,1.71,-0.83,2.43,-0.66,0.0,1.14,0.0,0.0,0
0.0,0.0,1.0,-0.97,2.0,4.86,1.0,1.0,0.0,-6.8,-46.57,1.17,2.94,-84.55,5.0,0.0,-10.52,0.03,-0.64,-0.97,15.63,2.0,0.0,1.09,1.0,-1.94,0
0.0,4.0,1.0,0.0,0.0,-2.61,1.0,1.0,0.72,0.0,-5.06,2.45,-0.72,0.0,0.0,2.0,1.55,0.0,2.03,3.89,1.12,2.89,0.0,0.76,0.0,-0.72,0
-0.99,4.0,1.0,2.01,0.0,2.97,3.0,1.0,-0.99,6.02,-9.82,0.13,2.98,21.58,1.99,-0.99,23.93,0.01,3.03,0.01,19.11,1.99,0.0,0.62,0.67,0.0,0
0.0,0.0,1.0,0.0,1.0,3.64,2.0,1.0,0.0,2.09,10.64,-0.14,0.91,61.0,2.82,0.0,3.64,0.09,3.41,0.09,7.2,1.0,0.0,0.85,0.0,0.0,0
-1.49,0.75,0.25,-0.75,-13.42,2.24,0.25,-3.47,-4.22,-0.75,-17.62,4.38,0.0,-74.57,0.51,-2.24,-2.73,0.51,1.56,0.75,1.14,2.75,0.0,0.63,0.0,-1.49,0
0.0,5.01,1.0,0.0,0.0,8.0,1.0,1.0,0.0,0.0,1.99,5.64,0.0,0.0,3.99,11.99,1.01,2.99,3.17,2.0,1.83,1.99,0.0,0.81,0.0,1.0,0
2.81,0.0,1.0,2.81,1.87,4.0,1.0,0.06,0.0,0.0,9.81,1.29,-5.55,61.8,3.0,0.0,-3.49,0.06,3.51,-0.94,-5.08,-0.87,0.0,0.95,0.0,1.0,0
-1.95,0.0,1.0,-0.98,-1.95,9.77,0.02,-5.84,1.05,-8.79,-7.79,5.09,-0.98,-79.13,2.02,0.0,-2.79,1.0,3.31,0.98,-3.21,1.0,0.0,0.77,-0.76,0.98,0
0.0,1.0,1.0,0.0,-1.4,2.81,1.0,1.0,-2.81,2.0,6.51,2.0,0.7,12.0,-1.81,-0.7,2.4,2.0,4.09,2.0,1.05,1.0,0.0,1.03,-0.7,0.0,0
0.0,-0.79,1.0,-0.79,-1.58,1.0,1.0,0.21,0.79,1.0,3.58,1.96,0.0,-39.51,2.79,-10.85,0.0,1.79,0.1,1.21,3.39,2.79,0.0,0.45,-0.79,0.0,0
1.37,-0.69,1.0,2.74,2.0,-1.37,2.69,5.06,0.0,10.28,14.48,-2.58,1.69,45.24,3.37,-1.43,3.74,3.37,-3.4,-7.54,5.44,1.69,0.0,0.87,0.69,0.0,1
0.0,0.0,1.0,-0.91,0.0,4.57,1.09,1.0,0.0,-6.4,-45.66,2.68,2.91,-79.59,2.09,0.0,-17.3,0.09,-0.23,0.09,4.23,4.0,1.0,0.95,1.0,0.09,0
0.0,0.0,1.0,-0.6,0.0,-0.6,1.6,1.0,0.0,-5.04,-8.69,1.06,0.0,20.64,2.81,-0.6,-3.02,1.4,1.12,-0.6,5.97,1.6,0.0,0.91,-0.6,-1.81,0
0.0,0.0,1.0,-0.96,0.0,4.96,1.0,1.0,0.96,8.62,49.15,-0.01,1.0,-8.62,-0.83,4.79,15.66,1.96,3.84,0.0,5.34,-1.87,0.0,0.27,0.0,2.92,1
0.0,0.0,1.0,1.9,0.0,-3.62,2.0,1.0,2.0,7.0,0.48,0.74,-0.9,163.47,1.0,0.0,9.29,3.0,3.94,2.0,1.36,1.0,0.0,0.64,0.0,0.0,0
0.0,0.0,1.0,0.0,1.53,6.29,1.0,1.0,5.34,3.81,7.0,1.06,1.0,17.54,1.47,3.81,2.66,0.24,0.54,0.76,7.91,1.0,0.0,0.42,0.76,-0.53,0
1.0,0.0,1.0,2.0,4.0,2.99,1.0,0.0,1.0,-1.0,0.01,1.22,1.0,-19.84,2.0,0.0,0.0,0.0,1.6,0.0,0.67,2.0,0.0,0.91,0.0,0.0,0
0.0,0.0,1.0,1.0,0.0,0.0,1.0,-3.82,3.41,-12.85,-27.11,1.69,1.0,39.76,4.0,-0.8,1.2,0.2,1.88,0.0,2.64,2.8,0.0,0.87,0.0,0.0,0
0.0,0.0,2.0,0.4,0.0,5.2,2.6,3.6,5.41,4.81,6.81,0.23,1.0,99.09,1.4,1.2,3.0,2.0,-1.98,-0.6,3.61,1.0,0.0,1.31,0.6,0.0,0
-0.64,3.0,1.0,-0.64,0.0,6.64,1.64,1.0,-0.64,-5.72,-8.89,5.63,0.64,-27.32,2.64,2.0,0.36,1.0,0.4,1.64,2.42,0.0,0.0,1.04,1.0,0.0,0
0.0,0.0,2.0,-0.77,0.0,1.55,2.77,2.55,-0.77,4.32,7.32,0.9,-0.77,52.37,-2.09,0.0,0.0,2.77,4.86,0.23,2.0,0.23,0.0,0.99,0.0,0.0,0
0.0,0.0,1.0,0.0,0.0,1.91,1.0,1.0,0.0,0.0,3.14,1.68,0.23,0.0,2.0,3.09,1.91,1.77,0.42,0.0,3.42,1.77,0.0,0.45,0.0,0.23,0
-2.75,0.0,1.0,0.0,0.0,5.0,1.08,-1.75,0.0,-14.68,-6.93,0.77,4.0,15.6,4.83,1.0,10.0,1.0,3.64,2.17,33.62,33.0,0.0,0.62,0.0,1.0,0
0.59,0.0,1.0,1.59,4.36,1.0,1.0,1.0,2.41,2.0,5.77,-0.2,1.0,49.63,4.23,0.0,13.0,1.0,2.66,0.0,4.11,-0.18,0.0,0.51,0.0,0.0,0
1.0,0.0,2.0,1.59,4.64,1.59,2.59,6.0,0.0,1.59,27.95,0.08,0.0,120.32,3.77,4.0,8.72,2.59,4.63,0.0,3.84,1.0,0.0,0.35,0.0,1.18,0
0.0,0.0,1.0,0.36,0.0,-5.77,2.0,1.0,0.64,1.0,3.0,-1.1,0.0,-14.08,3.0,0.0,2.64,1.64,2.38,0.36,3.77,1.64,0.0,0.91,0.0,0.0,0
-2.79,0.0,1.0,-2.79,0.0,5.86,0.07,0.07,0.0,-3.72,9.79,2.32,0.07,-81.75,3.0,0.0,2.14,0.07,2.97,0.0,0.21,1.0,0.0,1.1,0.0,1.0,0
0.0,0.0,1.0,5.0,0.0,4.0,2.94,1.0,0.0,2.0,8.0,1.03,-1.88,66.0,0.06,1.88,-2.83,1.0,2.53,0.94,0.96,0.06,0.0,0.61,0.0,0.0,0
0.0,0.0,1.0,1.0,0.0,1.0,2.0,1.0,0.0,0.0,1.0,0.66,8.0,0.0,2.0,0.0,0.75,1.0,3.0,3.0,11.03,13.0,1.0,0.78,1.0,0.0,0
0.0,-2.91,2.0,1.02,1.96,0.04,3.0,5.96,7.04,10.09,34.89,0.31,0.98,22.49,2.0,3.96,22.09,2.98,3.75,0.0,3.98,0.0,0.0,0.57,0.5,2.0,1
0.0,-3.4,1.0,0.0,0.0,7.27,2.0,-7.51,0.0,-1.7,-21.37,1.74,2.57,-53.91,4.0,1.7,-6.78,0.43,3.99,0.0,2.3,1.57,0.0,0.75,-0.28,-0.13,0
0.0,0.0,1.0,1.51,0.0,-0.52,1.99,4.0,16.0,18.99,13.01,0.16,3.0,80.38,1.51,-0.51,51.53,2.0,7.01,3.0,7.69,1.0,0.0,0.68,0.5,3.0,1
0.0,0.0,1.0,1.0,0.0,1.26,3.0,1.0,0.26,5.19,16.3,0.25,3.78,57.04,0.52,-0.74,2.78,3.22,4.42,3.74,7.76,8.0,2.0,0.57,0.0,2.48,1
0.0,-2.03,1.0,0.0,0.0,-0.51,1.0,1.0,0.0,1.0,8.52,0.54,0.0,14.0,1.51,7.1,-1.52,2.51,1.4,-0.51,1.6,1.0,0.0,0.7,0.0,0.0,0
0.0,0.0,1.0,2.0,0.0,0.0,1.0,1.0,3.43,-2.43,-6.76,0.58,0.81,35.54,4.81,-19.42,6.05,1.19,-0.18,0.81,5.56,1.0,0.0,0.49,0.4,0.81,0
-1.89,-0.58,1.0,-1.89,0.0,1.42,0.42,-0.74,-4.05,-15.89,-22.31,0.97,0.58,61.37,4.89,0.0,-17.16,-0.74,15.28,1.58,1.92,1.58,0.0,0.35,-0.35,-1.32,0
0.0,0.0,1.6,2.39,1.0,0.6,3.19,-1.39,0.0,-2.97,-12.71,0.66,1.79,35.91,0.4,-0.6,-2.99,1.0,5.21,3.99,7.46,6.38,1.19,0.69,0.0,1.19,0
0.71,-1.14,1.71,1.43,0.0,0.86,2.43,1.0,5.72,2.86,0.71,1.38,0.71,59.32,1.43,4.29,6.0,0.71,12.5,10.86,3.43,1.0,0.0,0.46,0.71,1.43,0
0.0,0.0,1.0,0.0,0.0,4.0,1.0,1.0,0.0,-0.53,7.0,1.47,1.0,-13.13,2.53,0.0,4.0,1.0,1.52,-0.53,3.03,1.0,0.0,1.22,0.0,0.0,0
-0.73,1.0,0.27,-0.73,-5.11,4.73,1.0,-1.92,2.92,2.19,-12.4,5.37,0.0,13.13,0.0,-0.46,-2.19,-0.73,1.4,1.0,0.61,1.0,0.0,1.29,0.73,0.0,0
0.0,0.0,1.0,0.0,0.0,1.87,1.87,1.0,2.0,9.0,45.0,-0.1,0.87,91.0,1.0,5.0,11.62,2.0,2.32,0.0,9.75,0.0,0.0,0.73,0.0,2.0,0
0.0,3.0,1.0,-0.72,0.0,9.6,1.0,1.0,-2.16,-2.88,2.16,5.92,0.72,-36.72,1.28,2.0,-1.16,1.0,0.92,1.0,1.34,0.0,0.0,1.22,1.0,0.72,0
0.76,0.0,1.0,0.38,0.76,0.0,2.0,3.67,1.76,3.43,5.19,0.76,0.38,30.86,2.76,1.24,4.19,1.38,1.85,0.62,4.15,1.0,0.0,0.59,0.3,0.0,0
3.0,0.0,1.0,-0.95,1.0,7.0,1.0,3.0,6.0,1.0,16.62,-0.33,2.95,-59.54,3.95,2.95,2.05,1.0,4.94,0.0,10.84,1.0,0.0,0.39,0.0,1.95,0
2.6,-14.75,1.0,0.87,0.0,-2.47,1.87,1.87,2.74,2.6,6.47,-1.8,3.0,62.46,4.74,0.13,5.6,2.74,1.39,-0.87,6.25,1.0,0.0,0.61,0.0,0.87,0
0.0,0.0,1.0,1.0,0.0,4.28,1.86,1.0,-1.57,0.0,4.42,1.18,3.42,100.0,5.0,0.86,4.42,1.0,2.84,3.42,33.64,30.38,0.0,0.65,0.0,0.86,0
0.0,0.0,1.0,0.76,0.0,3.76,2.52,3.28,11.4,15.2,7.08,1.48,2.28,68.38,1.24,0.0,38.47,1.0,3.37,2.28,10.33,4.24,0.0,1.11,0.38,3.28,0
0.0,0.0,1.0,-0.6,0.0,-5.99,1.0,1.0,1.0,3.4,14.39,0.95,-8.99,102.15,2.8,14.39,3.6,2.6,2.69,-1.8,-9.3,-10.39,0.0,1.01,0.0,1.0,0
0.0,0.0,1.0,1.0,0.0,1.02,1.98,4.98,2.98,5.98,7.94,-1.13,2.0,124.87,1.02,-0.98,5.94,2.98,2.14,-1.96,5.73,-0.96,0.0,0.82,0.0,0.0,0
2.25,0.0,1.0,0.0,0.0,0.0,1.0,1.75,0.75,3.25,5.25,1.04,0.0,-20.96,1.75,0.0,1.5,1.75,1.67,1.0,-1.2,-0.5,0.0,0.62,0.0,0.75,0
0.0,0.0,1.0,-4.26,0.0,5.26,1.0,1.0,1.0,-0.88,1.0,1.53,6.14,30.69,8.63,0.0,2.75,1.0,3.34,1.75,11.07,11.53,0.0,0.73,0.0,0.0,0
3.84,0.0,1.0,3.84,0.0,1.68,2.0,1.0,8.68,12.0,31.19,-0.73,6.71,167.44,1.0,1.0,25.84,1.16,3.54,0.0,7.66,-0.84,0.0,0.86,0.5,2.84,1
0.52,-2.09,1.0,2.05,0.0,1.0,2.0,1.52,3.66,2.09,5.18,-0.61,8.0,41.81,4.61,0.0,6.18,2.05,3.46,2.48,14.31,13.0,1.0,0.76,1.26,0.52,1
0.0,0.0,1.0,4.5,0.0,0.5,3.0,-0.0,1.5,1.5,8.5,0.62,0.5,101.01,2.0,0.0,6.5,1.0,4.94,3.0,3.25,1.5,0.0,0.4,-0.5,1.0,0
4.17,0.0,1.0,2.78,0.0,0.0,1.0,1.7,-1.39,11.65,48.52,0.4,0.0,100.21,1.0,24.0,4.78,1.3,5.09,-0.7,1.44,1.0,0.0,0.61,0.0,0.7,0
1.68,0.0,1.0,1.68,0.0,1.12,1.56,1.56,2.0,2.23,1.68,-0.83,1.12,49.17,6.56,0.0,2.23,1.0,1.2,0.0,4.53,1.0,0.0,1.03,0.0,0.0,0
1.1,-0.9,2.0,-3.5,17.1,3.7,1.1,4.3,5.2,-16.99,17.3,4.34,0.0,25.33,-1.6,7.7,-1.2,-0.7,11.04,11.7,-0.93,0.9,0.0,0.1,-0.45,1.1,0
1.07,0.0,1.0,1.54,1.07,0.0,1.54,4.76,2.07,4.84,7.45,0.74,0.54,143.52,2.93,0.0,5.84,1.54,2.3,0.0,3.48,-0.15,0.0,0.58,0.42,0.0,0
-0.7,0.0,-0.4,8.4,-0.7,-4.62,-0.51,1.7,0.7,1.7,6.51,0.31,2.0,114.11,2.7,0.0,5.21,1.7,1.58,1.7,4.86,1.7,0.0,0.5,1.0,0.7,1
0.0,-3.84,1.0,0.0,0.0,-0.96,0.04,-2.84,-0.92,-9.56,-10.48,1.11,0.0,25.32,4.0,-0.96,-11.23,2.0,4.27,0.0,-2.51,1.96,0.0,0.46,0.0,-0.96,0
0.0,0.0,1.0,0.0,0.0,0.0,1.61,1.0,0.39,1.61,4.22,0.5,0.0,19.39,3.39,0.0,3.61,2.0,1.86,0.61,1.69,0.39,0.0,0.98,0.0,1.0,0
1.0,2.75,1.0,0.0,2.0,0.69,4.69,3.75,3.69,14.3,19.85,-0.7,1.0,58.33,0.63,1.69,13.73,1.69,7.12,1.0,7.9,-0.37,0.0,0.43,0.0,0.69,1
0.0,0.0,1.0,0.0,0.0,4.82,2.0,3.0,1.06,4.94,-2.64,3.31,-0.94,66.0,-3.64,0.0,-2.7,2.94,2.41,0.94,2.21,0.06,0.0,0.44,0.0,0.0,0
0.54,1.0,1.0,1.54,0.0,-1.16,3.0,1.0,0.0,9.86,13.88,0.13,1.0,85.5,2.54,0.0,6.62,0.46,12.85,2.0,4.38,-2.78,0.0,0.41,0.0,0.54,0
0.0,-3.57,1.0,-2.68,0.0,10.0,-0.79,1.0,1.0,-6.25,0.32,5.15,-0.89,-46.45,3.0,0.0,-10.51,2.89,2.89,1.0,-0.22,1.89,0.0,0.48,-0.6,1.0,0
0.0,0.0,1.0,-0.63,0.0,2.5,1.0,1.0,-1.88,-0.5,15.88,0.92,0.63,14.1,0.37,0.0,2.12,1.0,3.57,2.0,3.63,1.0,0.0,0.87,0.0,0.0,0
0.0,0.0,1.0,0.0,0.0,1.58,1.0,1.0,0.61,0.0,2.76,1.13,2.21,0.0,3.61,0.0,4.79,1.0,1.02,0.0,6.73,5.84,0.0,1.05,-0.61,-1.21,0
0.0,0.0,1.0,3.0,0.0,1.0,1.64,2.0,2.27,1.0,10.45,-0.21,2.64,100.0,1.36,0.0,5.36,2.0,3.0,-1.54,3.33,-1.18,0.0,0.2,0.0,1.0,0
0.0,5.23,1.0,0.0,0.0,-0.87,-0.74,1.0,0.39,-4.23,1.26,2.44,1.0,-45.01,2.87,0.0,4.39,1.0,-1.48,1.0,1.52,0.13,0.0,0.58,0.5,1.0,0
0.0,2.64,1.0,1.0,0.0,1.0,3.0,4.0,15.34,20.0,12.0,0.48,3.0,90.0,-2.96,0.0,48.34,1.34,7.7,3.66,5.92,-2.3,0.0,1.16,0.5,3.0,1
-0.5,0.0,0.5,-0.5,0.0,5.01,-0.01,2.51,-3.02,0.5,9.02,1.42,1.5,-8.56,2.0,0.5,1.98,1.5,2.7,-0.5,4.45,1.0,0.0,1.13,-0.5,-0.01,0
0.0,0.0,1.0,0.0,0.0,5.0,2.0,1.0,0.0,0.0,5.0,0.25,4.0,0.0,3.0,1.0,10.92,1.0,4.4,4.0,37.38,33.0,0.0,0.98,0.0,1.0,0
-0.71,-0.71,1.0,-1.43,0.0,0.0,1.0,1.0,1.43,-9.99,-1.42,0.54,0.71,-57.79,2.71,0.0,2.15,1.0,-1.12,-0.71,5.83,5.29,0.0,0.75,0.0,1.0,0
0.0,0.0,1.0,1.81,0.0,5.81,1.91,1.0,0.0,3.62,7.91,-1.38,6.43,37.13,2.91,0.0,8.53,1.0,6.19,2.72,21.54,10.96,0.0,0.86,0.45,0.0,0
-0.79,0.0,1.0,-0.79,0.0,2.36,0.21,1.0,1.0,-0.79,-1.58,3.66,0.79,-51.2,3.21,3.15,-3.15,0.21,-0.14,0.0,0.33,2.0,0.0,0.4,0.0,-0.79,0
0.0,0.0,1.64,0.64,0.64,-4.48,0.36,1.0,1.64,1.28,5.12,1.49,-5.76,50.56,-0.56,0.0,2.92,2.28,4.6,1.08,-5.69,-4.68,0.0,0.98,-0.64,1.28,0
0.0,6.69,1.0,1.0,0.0,1.0,3.0,15.23,0.0,6.9,-0.85,0.32,1.0,128.09,3.9,-13.28,2.15,1.0,4.53,1.05,10.8,0.05,0.0,1.2,0.47,1.9,0
0.0,-6.0,1.0,1.0,0.0,3.0,2.0,1.0,0.0,2.0,13.0,-1.88,2.0,61.0,2.0,-1.0,9.99,2.0,3.74,1.0,18.23,2.0,0.0,1.09,0.0,0.0,0
0.0,2.67,1.0,-0.89,0.0,-1.78,0.22,2.0,0.11,2.0,5.0,2.69,-5.34,60.0,-0.78,0.89,-1.45,1.11,0.22,-1.78,-3.45,-7.12,-1.78,0.7,0.0,-0.89,0
0.0,0.0,0.27,69.8,-0.47,-0.73,1.27,1.0,-2.2,0.53,3.06,0.95,0.27,-29.45,-1.67,0.0,-6.55,1.0,0.41,1.0,-0.38,0.27,0.0,1.36,0.73,0.0,0
0.0,0.0,1.0,0.4,0.0,-4.21,-0.2,1.0,1.6,0.0,4.61,1.46,-4.81,100.0,5.2,0.0,2.2,1.0,-1.47,-1.8,-3.88,-3.61,0.0,0.94,-0.6,0.0,0
0.0,12.13,1.0,1.0,0.0,-0.71,1.0,1.0,1.0,0.0,0.29,1.74,0.0,100.0,3.29,0.71,-1.86,-0.43,1.71,0.71,2.11,0.57,0.0,1.34,0.0,0.0,0
-1.52,0.0,1.0,-0.52,0.0,0.0,1.0,1.51,1.48,-0.57,-7.67,0.54,0.0,35.27,3.51,-0.51,-3.67,1.0,2.66,0.0,3.88,2.02,0.0,0.74,-0.25,-1.02,0
-0.79,-0.79,1.0,-1.58,0.79,3.0,0.21,1.79,7.12,0.21,1.42,2.67,0.0,8.71,1.0,0.0,-3.17,2.79,-2.64,0.21,-0.77,1.0,0.0,0.91,0.0,0.79,0
0.0,0.0,1.0,0.77,1.54,-4.93,1.23,2.0,4.77,5.54,10.31,-0.2,0.0,165.43,4.31,2.0,10.24,1.0,2.36,-0.77,3.76,0.23,0.0,0.62,1.0,0.0,1
0.0,0.0,1.0,2.0,0.65,3.06,2.0,1.0,5.94,17.0,13.77,-0.1,0.0,88.0,4.29,-2.58,8.52,3.0,0.65,1.0,6.66,0.35,0.0,0.95,0.0,-0.65,0
0.0,6.0,1.0,0.0,-0.74,2.74,1.74,1.0,-0.74,0.74,0.0,3.03,-0.74,0.0,1.52,1.0,-8.17,1.0,1.39,0.74,-0.41,0.74,0.0,1.12,0.74,0.0,0
0.58,0.0,1.0,-2.42,3.0,0.0,0.19,1.0,6.23,0.0,-0.42,0.52,1.0,-53.23,11.84,0.81,5.19,1.0,0.42,0.0,2.18,1.0,0.0,0.57,1.0,1.0,0
-2.97,4.0,1.0,1.0,-0.99,-4.94,2.0,-0.98,-2.96,3.01,-5.91,2.06,-1.98,33.31,2.0,-1.98,3.02,1.0,-0.0,0.0,-2.64,2.98,0.0,0.93,0.0,-0.99,0
-0.78,0.0,1.0,0.78,0.0,0.0,-0.55,1.0,6.0,-1.33,2.55,1.14,0.22,74.1,6.55,0.0,1.67,0.22,5.38,-0.78,-0.84,0.22,0.0,0.6,0.22,0.0,0
1.0,0.0,3.0,2.73,1.0,5.54,6.0,1.0,0.86,8.64,18.29,-0.11,1.14,126.93,0.14,0.86,0.86,1.86,2.79,0.86,3.87,1.0,0.0,0.68,0.86,1.73,0
0.0,0.0,1.0,1.0,0.0,0.0,1.0,1.0,-0.9,1.81,14.64,0.18,-0.9,141.54,0.29,-20.77,5.71,1.0,-15.63,-19.87,0.85,-0.81,0.0,0.51,0.0,0.0,0
0.0,0.0,1.0,0.0,0.0,0.0,1.0,1.0,3.8,0.93,4.93,-0.04,0.93,14.91,1.07,0.0,5.66,1.07,3.22,0.93,4.69,1.07,0.0,0.57,0.47,0.93,0
0.0,0.0,1.0,0.0,0.0,9.53,1.0,1.0,-0.92,0.0,7.0,2.45,1.0,-92.12,-0.68,0.0,6.92,1.92,3.49,1.84,3.19,1.0,0.0,1.0,0.92,0.0,0
6.97,6.34,1.0,5.07,1.27,0.63,1.63,1.0,0.37,16.48,19.01,-0.32,2.37,58.3,1.1,-14.57,8.7,2.27,-12.29,-15.21,10.06,7.73,0.0,0.86,0.0,0.0,0
0.0,-2.53,1.0,0.0,0.0,3.37,1.0,1.0,0.0,1.0,65.9,-1.48,0.84,6.0,2.69,0.16,30.37,2.84,2.31,-0.84,4.24,1.84,0.0,0.91,0.0,1.0,1
0.0,25.84,1.0,0.76,0.0,-1.52,1.0,1.0,1.0,0.0,9.36,0.13,2.0,76.01,2.24,1.52,12.88,1.76,4.58,0.76,0.51,-1.8,0.0,0.42,0.76,0.0,1
0.0,0.0,1.0,-0.79,0.0,-3.87,1.0,1.0,2.36,0.0,6.21,1.79,-10.8,0.0,3.0,6.3,5.0,1.0,1.78,-1.57,-9.64,-13.16,0.0,0.67,0.0,0.0,0
1.0,0.0,1.0,1.0,1.0,3.65,1.0,1.0,-0.91,5.0,22.38,-1.39,0.91,76.0,0.18,0.0,5.65,3.0,10.7,0.0,4.33,1.0,0.0,0.88,0.0,0.0,0
0.0,0.98,0.02,0.0,0.0,3.0,2.02,1.0,-3.86,15.8,16.7,0.3,-0.98,68.04,1.02,0.02,2.02,1.0,6.31,0.0,6.12,1.0,0.0,1.06,-0.98,-1.96,0
0.0,0.0,1.0,0.74,0.0,-2.97,1.0,1.0,0.74,1.0,-0.45,0.74,-0.74,99.17,2.48,0.0,0.03,2.0,2.33,1.0,3.62,3.48,0.0,0.53,0.0,0.0,0
0.0,0.0,1.0,0.0,0.0,0.0,2.0,2.0,1.0,-1.07,4.39,0.41,0.61,13.39,4.07,-0.61,4.84,1.39,1.49,0.0,3.94,0.61,0.0,0.57,0.0,0.0,0
1.0,12.9,1.0,2.0,0.0,-1.93,1.0,2.0,7.0,4.0,7.36,-0.53,0.0,80.0,4.36,0.64,7.71,2.0,1.88,0.0,-0.37,-3.22,0.0,0.83,0.5,1.64,1
0.0,8.1,1.0,-1.7,0.0,7.2,2.0,0.1,-0.9,6.1,52.6,5.38,-1.8,-2.99,3.0,8.1,23.2,1.1,5.03,2.8,0.53,-0.8,0.0,0.93,0.0,2.0,0
1.67,0.0,1.0,-2.33,1.67,-3.33,2.0,6.83,2.5,6.83,6.33,0.32,0.83,62.49,5.5,0.0,11.16,1.83,1.51,1.0,6.7,1.0,0.0,0.93,0.65,0.0,0
-0.83,0.0,1.0,-0.83,0.0,-1.66,1.0,1.0,-0.83,1.0,-2.81,2.26,-4.15,-74.7,1.83,0.0,1.83,2.0,0.09,1.0,1.91,7.64,0.0,0.84,0.0,-0.83,0
0.0,0.0,1.0,0.45,0.0,-3.99,1.55,1.0,1.66,39.0,86.66,-1.59,0.55,41.59,2.0,0.0,29.11,1.0,4.24,0.45,3.09,0.45,0.0,0.57,0.67,3.0,1
0.0,0.0,1.0,0.0,0.0,7.77,1.0,1.0,-0.94,0.0,5.11,2.03,1.0,0.0,-0.77,0.0,5.0,1.0,4.15,0.0,7.62,0.06,0.0,1.18,0.0,0.0,0
0.0,0.69,1.0,0.0,0.0,-2.77,2.0,1.0,3.0,1.38,4.23,0.32,0.31,8.31,0.62,0.0,-2.85,1.69,5.02,1.38,-1.95,0.0,0.0,1.01,0.0,-0.69,0
0.0,0.0,1.0,2.0,0.0,1.0,1.0,1.0,0.14,10.0,27.0,0.88,1.73,89.0,2.86,-0.73,6.86,2.0,1.32,1.0,2.98,3.59,0.86,0.85,1.86,3.86,1
0.0,4.0,1.0,0.29,0.0,1.0,1.29,5.0,2.71,15.71,26.29,0.21,0.0,70.92,1.29,1.0,22.42,2.0,5.52,0.71,7.23,1.42,0.0,0.54,0.0,1.0,0
0.0,2.72,1.0,-0.68,0.0,-4.07,-0.36,1.0,6.0,1.0,-1.04,1.98,-5.11,71.0,1.6,1.36,4.0,0.32,-1.72,-1.36,-6.67,-7.83,0.0,0.66,0.32,0.0,0
1.0,0.0,1.0,2.93,0.0,0.0,1.0,2.0,7.93,3.07,5.21,1.11,0.0,149.73,8.72,0.0,7.14,1.07,-0.45,-0.93,2.73,0.0,0.0,0.97,0.5,1.0,0
0.0,0.0,1.0,-0.85,1.15,0.0,2.85,3.0,-0.85,0.85,45.56,0.38,1.0,1.7,3.7,2.0,22.26,1.15,0.18,0.0,4.41,1.0,0.0,0.73,-0.85,0.85,0
2.34,0.0,1.34,-0.66,0.0,3.33,2.0,2.0,-1.65,6.34,7.34,0.89,3.32,20.89,1.0,-0.66,4.67,3.0,2.73,1.33,5.75,4.65,1.33,0.57,-0.66,1.34,0
-1.83,31.1,0.09,0.0,-16.46,0.0,1.09,-3.49,-6.4,-0.91,-13.55,1.05,7.0,0.0,0.09,-2.74,19.23,2.0,1.91,1.91,12.16,3.0,0.0,1.07,1.91,-0.91,1
0.0,2.8,1.0,0.7,0.0,4.7,1.7,3.8,1.4,10.52,25.23,-1.32,1.0,58.2,3.7,0.7,18.32,1.0,5.78,0.0,8.04,0.3,0.0,0.91,0.0,0.7,0
2.55,2.0,1.52,4.48,1.0,1.04,2.52,3.48,3.55,24.15,15.07,0.35,-0.52,122.38,2.96,2.0,10.04,3.52,4.13,-0.52,2.58,-1.04,0.0,0.82,-0.02,2.04,0
0.0,-8.74,1.0,0.97,0.0,-8.74,1.0,1.0,0.97,1.0,3.97,-2.96,0.0,97.11,6.91,-8.74,-2.91,1.0,-1.26,-1.91,4.74,2.94,0.0,1.17,0.97,0.0,0
0.0,4.0,1.0,0.0,0.0,0.0,1.0,1.0,0.0,0.0,0.0,2.29,0.0,0.0,0.0,0.0,1.0,0.0,1.0,1.0,0.0,0.0,0.0,1.0,0.0,0.0,0
0.0,-0.75,1.0,1.75,0.0,0.0,1.75,1.0,1.0,5.26,44.57,0.06,0.0,165.36,8.25,-0.75,17.53,2.5,-0.57,-3.76,5.46,1.75,0.0,0.82,0.0,1.5,0
-2.8,0.0,2.0,-1.53,7.0,1.0,1.37,5.37,0.0,-7.86,4.74,0.48,0.0,71.24,2.63,4.0,-4.86,2.0,4.4,-0.63,0.74,1.0,0.0,0.61,0.0,-0.63,0
-8.02,-7.29,1.0,-3.65,-1.46,4.27,2.0,1.0,2.92,-15.31,-6.85,0.94,2.0,-2.19,6.92,0.73,1.81,-0.46,0.91,0.0,3.04,1.0,0.0,0.73,0.73,1.73,0
0.0,0.73,1.0,1.0,0.0,2.91,1.0,1.0,1.0,-2.18,-4.1,4.66,0.0,58.49,4.27,1.46,1.73,0.27,0.48,0.0,3.19,2.0,0.0,0.62,1.0,1.0,0
2.0,-17.58,1.0,0.48,0.0,1.55,2.0,1.0,3.0,2.0,4.41,0.38,0.52,9.28,5.52,-1.03,-3.69,0.48,1.74,-0.52,6.56,1.52,0.0,0.69,-0.52,-0.52,0
0.0,0.0,1.0,0.0,0.0,4.0,1.0,1.73,2.9,6.53,15.71,-0.06,-0.45,60.95,0.55,1.45,6.45,1.73,3.94,-0.73,4.45,-1.9,-0.73,0.92,0.27,1.27,0
0.0,1.0,1.0,1.0,0.0,3.54,3.51,-2.05,0.0,-3.14,-13.78,0.42,3.04,-0.17,2.0,0.0,6.53,0.49,6.33,4.04,25.43,17.79,0.0,0.61,0.0,0.51,0
1.11,0.0,1.0,0.0,1.11,0.0,1.56,4.9,4.11,5.01,7.13,-0.21,0.56,-10.58,1.33,0.0,11.57,1.56,2.76,-0.56,4.72,1.0,0.0,0.9,0.43,-0.56,0
0.0,2.9,1.0,0.0,0.0,-2.17,2.0,2.0,3.28,7.55,9.38,1.01,0.0,60.08,0.28,2.0,3.0,1.28,1.31,0.72,1.44,-0.72,0.0,1.21,0.0,-0.72,0
0.0,0.0,1.0,0.88,0.0,-5.31,1.0,1.0,1.0,0.0,0.0,3.01,1.0,88.46,4.88,23.0,-1.65,0.12,24.44,24.88,-4.08,-3.19,0.0,0.83,0.0,0.0,0
0.0,0.0,1.0,0.0,0.0,5.75,1.0,1.0,-0.75,0.75,2.49,3.27,0.0,0.0,1.0,0.75,3.25,2.0,-0.75,-0.75,2.37,1.25,0.0,0.35,0.0,0.0,0
0.0,-3.76,1.0,-1.5,0.0,7.25,-0.5,1.0,0.0,-3.76,7.0,4.7,1.0,-39.06,2.25,3.76,-1.01,0.25,6.33,6.76,-1.24,0.25,0.0,0.5,0.0,1.0,0
0.0,0.0,1.0,0.0,0.0,3.29,1.0,1.0,0.0,0.9,-2.51,2.08,-0.9,0.0,0.1,0.9,-4.22,2.0,0.98,2.81,4.42,8.9,0.0,0.95,0.0,-0.9,0
0.0,0.0,1.78,2.56,0.78,0.0,1.78,1.0,0.78,2.56,12.0,0.51,0.0,121.47,1.44,0.0,4.11,1.78,14.85,1.0,0.36,0.22,0.0,0.63,0.0,1.56,0
0.0,0.0,1.0,0.53,0.0,4.0,1.0,1.0,0.0,-1.6,3.79,1.85,1.0,20.33,2.53,0.0,4.0,1.0,2.37,0.0,4.57,2.07,0.0,1.06,0.0,0.0,0
-0.59,4.0,1.0,1.0,-1.19,2.59,0.22,1.0,0.22,2.22,4.0,1.25,-0.59,26.39,2.0,-0.59,5.0,1.0,1.21,0.59,0.72,1.0,0.0,0.74,0.0,0.0,0
1.0,0.0,1.0,0.0,0.72,0.72,3.0,1.0,1.44,4.0,4.44,-1.62,1.72,56.0,1.72,0.0,11.91,2.0,4.18,2.0,9.55,1.28,0.0,0.99,1.0,0.0,0
0.0,0.0,1.0,0.0,0.0,-7.06,1.71,1.0,0.71,3.0,10.88,-2.29,1.41,64.0,2.41,0.0,2.82,0.29,1.65,0.29,3.83,3.12,0.0,0.85,0.0,-0.71,0
0.0,-3.61,1.0,1.9,0.9,1.1,1.9,4.0,2.9,8.61,24.88,-1.76,2.0,143.7,2.9,-1.81,11.13,3.81,2.06,-0.9,6.61,1.0,0.0,0.9,0.0,1.81,0
-0.54,0.0,1.0,0.0,-0.54,4.54,-0.62,1.0,-1.62,-2.15,7.54,1.65,0.46,-37.68,2.46,-0.54,6.08,1.54,0.78,-0.54,3.07,1.0,0.0,1.18,0.54,0.0,0
0.0,0.0,1.0,1.0,-0.56,-0.56,1.0,1.0,1.56,2.82,4.95,1.52,0.0,142.93,7.56,0.56,1.0,1.0,1.72,1.0,-0.69,1.0,0.0,0.52,-0.56,1.0,0
0.0,0.0,1.0,-0.96,0.0,-5.79,1.0,1.0,0.96,2.89,8.79,0.01,0.0,59.8,2.93,16.0,-0.96,0.04,0.06,-1.93,-1.57,-1.93,0.0,0.41,-0.96,0.0,0
0.0,0.0,1.0,1.54,0.0,5.54,1.77,1.0,3.07,12.28,17.75,-0.15,1.0,67.56,4.54,0.0,8.07,1.77,4.44,0.0,6.11,1.0,0.0,1.14,0.0,0.0,0
0.0,0.0,1.0,1.72,0.0,9.0,1.72,1.0,0.0,-0.72,3.28,3.79,0.0,148.18,2.72,0.0,-4.31,0.28,1.52,1.0,5.43,1.72,0.0,1.11,0.0,0.0,0
0.0,0.0,1.0,1.0,0.0,0.0,2.0,2.0,1.0,3.89,0.36,0.19,3.82,-18.41,5.28,0.0,0.36,1.18,8.17,1.0,14.37,3.64,1.0,0.57,0.0,1.82,0
0.0,0.0,1.0,0.75,0.0,0.0,1.0,1.0,1.0,0.0,0.0,1.39,3.0,75.06,3.0,0.0,0.75,1.0,-1.5,-1.5,10.13,9.0,0.0,1.16,0.75,0.75,0
0.0,-2.87,1.0,0.72,0.0,5.28,1.0,1.0,0.72,0.0,2.72,0.33,0.0,71.77,4.59,-1.44,1.56,2.72,1.5,0.28,11.15,9.44,0.0,0.86,0.0,0.0,0
0.0,3.7,1.0,0.92,0.0,1.85,1.0,1.0,0.0,3.7,2.92,2.15,0.0,62.84,2.0,4.08,-9.24,2.0,-0.15,0.0,0.71,2.0,0.0,1.0,-0.92,-0.92,0
-0.93,0.0,1.0,-0.93,-0.93,0.0,1.0,1.0,0.0,4.22,29.63,0.28,0.0,48.31,0.07,12.96,0.0,4.0,-1.51,1.93,1.5,1.0,0.0,0.69,0.0,2.93,0
0.0,0.0,1.0,0.0,0.0,3.21,1.0,1.0,2.38,0.0,7.79,3.87,0.79,12.71,0.0,1.21,5.56,0.0,0.48,-0.79,2.12,-0.79,0.0,0.96,0.4,0.79,0
0.0,0.0,1.0,1.0,0.0,0.0,1.0,1.0,1.88,4.39,8.02,0.91,0.0,166.7,7.0,0.88,1.88,1.0,2.58,1.0,1.46,0.12,0.0,0.73,0.0,1.0,0
-0.97,0.97,1.0,3.97,0.0,1.97,0.03,2.0,-1.9,4.87,5.03,0.47,2.0,81.6,1.03,0.0,9.87,2.0,5.19,1.97,6.7,2.0,0.0,0.03,0.0,1.0,0
-2.66,0.0,0.11,0.0,0.0,1.22,0.11,0.11,-1.78,-7.99,-5.21,2.35,0.0,-67.47,5.55,0.0,0.22,-0.78,0.06,1.78,3.8,6.78,0.0,1.07,0.0,-0.78,0
-1.86,4.24,1.0,0.0,-1.86,9.09,1.0,1.0,-1.86,0.0,-1.24,7.93,-0.62,0.0,-1.09,3.24,-2.71,1.0,1.02,1.62,-2.47,-0.62,0.0,1.02,0.38,-0.62,0
0.0,0.0,1.0,0.66,0.0,-2.65,1.0,1.0,3.66,0.0,-2.98,0.91,-0.66,66.34,3.66,0.0,2.68,1.0,1.21,0.0,1.04,2.33,0.0,0.84,0.0,0.0,0
0.0,0.0,1.0,0.91,0.0,-0.53,1.0,1.0,0.91,0.0,1.56,1.57,0.09,90.69,5.72,0.0,3.37,1.0,1.15,0.0,4.63,1.91,0.0,0.98,0.91,0.91,0
0.0,0.0,1.0,2.73,1.0,0.0,1.0,1.0,0.27,5.27,14.27,0.93,0.0,121.54,0.27,0.0,0.0,2.27,7.23,1.0,1.01,1.0,0.0,0.62,1.0,0.27,0
0.0,22.68,1.0,0.0,0.0,1.16,1.0,15.19,-10.41,-2.84,53.93,2.43,0.0,13.25,-0.95,-27.38,17.03,0.95,-6.11,-0.89,1.02,-0.95,0.0,1.19,-0.47,0.95,0
0.0,17.0,0.01,-3.96,0.0,3.01,-0.98,-0.98,0.0,-5.94,-0.99,3.95,-2.97,-32.69,0.0,1.0,-0.99,0.0,-5.11,-3.95,-8.69,-6.93,-1.98,0.8,0.0,-1.98,0
0.0,0.0,1.0,0.0,0.0,2.31,1.0,-2.47,1.0,-9.26,-12.78,1.41,0.58,-43.39,2.0,-0.58,1.0,1.42,3.06,0.0,4.32,2.58,0.0,0.66,0.0,0.0,0
0.0,0.0,1.0,3.38,0.0,-7.13,1.0,1.79,3.17,7.33,8.17,0.12,-0.79,128.09,3.0,0.0,4.96,1.79,10.12,0.21,3.14,0.21,0.0,0.26,0.0,0.0,0
-1.77,0.0,1.0,0.0,-39.84,0.0,2.89,1.89,1.89,1.77,-33.53,1.48,0.0,53.12,2.0,2.0,1.77,1.89,0.23,1.0,3.67,1.0,0.0,0.3,0.0,0.0,0
0.0,0.0,1.0,0.94,0.0,3.75,2.0,1.0,6.75,15.95,22.01,0.31,-6.51,82.57,2.94,0.0,3.88,2.88,5.61,-1.88,-4.5,-11.26,-0.94,0.75,-0.94,0.0,0
1.0,0.0,1.0,1.0,1.0,2.67,1.0,1.0,0.67,5.0,16.67,0.17,0.0,76.0,-0.67,0.0,1.33,3.0,8.35,0.0,0.12,-1.67,0.0,0.63,0.0,0.0,0
0.0,0.0,1.0,0.0,0.0,4.39,1.61,1.0,1.22,0.61,3.35,1.04,1.0,0.0,3.0,-0.61,3.78,1.0,1.18,0.0,3.22,1.0,0.0,0.31,0.0,0.39,0
0.0,0.0,1.0,0.0,0.0,6.51,1.0,1.0,-0.63,0.0,8.88,5.87,0.63,0.0,0.63,2.0,1.88,-0.63,1.12,0.0,-0.66,-0.63,0.0,0.92,0.0,0.0,0
0.0,0.0,1.0,-0.98,0.0,0.0,1.0,1.98,1.98,1.98,3.96,0.42,0.0,42.79,2.04,0.0,7.98,2.98,1.67,-0.98,2.99,0.02,0.0,0.28,0.0,0.0,0
2.0,0.0,2.0,1.0,18.0,1.0,2.0,7.0,7.0,1.0,29.0,0.15,0.96,100.0,2.96,27.11,6.0,2.0,25.47,23.07,2.42,0.0,0.0,0.54,0.0,2.0,0
0.0,1.0,1.0,1.0,0.0,-1.71,2.46,1.0,0.0,5.54,31.86,0.22,-1.17,38.0,0.91,7.6,13.69,1.54,4.48,0.37,-10.33,-16.37,0.0,0.28,0.0,0.0,1
0.0,0.0,1.0,0.65,0.0,0.74,1.0,1.0,0.65,0.0,7.0,0.54,1.0,65.26,3.96,0.0,2.04,0.35,3.22,0.0,3.75,1.0,0.0,1.0,0.0,0.0,0
0.0,-2.06,1.0,1.0,0.0,1.37,1.69,1.0,0.0,0.0,5.44,-1.49,2.75,100.0,5.06,-0.69,9.87,1.69,2.77,0.0,25.42,23.0,0.0,1.1,0.0,0.69,0
0.0,0.0,1.0,1.0,0.0,8.08,3.0,1.0,8.82,13.0,-1.27,3.22,0.18,84.0,3.0,2.0,-2.45,2.82,4.96,0.82,2.55,0.0,0.0,0.59,0.0,2.0,0
1.0,0.52,1.0,-0.52,4.0,0.0,1.0,1.0,0.0,1.03,4.52,0.26,0.0,-45.41,-0.03,0.0,-1.03,1.52,1.33,1.03,2.46,1.0,0.0,1.09,0.0,0.0,0
0.0,-0.5,1.0,1.5,0.0,3.03,1.0,1.0,0.0,0.0,2.5,-0.53,7.56,100.0,4.51,-0.5,3.5,1.5,3.51,1.01,11.08,10.58,0.0,0.7,0.0,0.0,0
0.0,0.0,1.0,-0.63,0.0,5.88,1.0,1.0,6.28,3.77,6.37,0.82,1.0,-11.93,0.12,19.47,6.51,1.0,8.2,0.63,4.37,1.0,0.0,1.15,0.63,0.63,0
0.0,0.71,1.0,0.0,-0.71,6.83,0.29,1.0,0.0,-2.13,2.04,4.18,1.0,-43.21,2.29,1.42,5.71,0.29,1.66,0.0,6.01,1.0,0.0,0.85,0.0,0.0,0
0.0,0.0,1.0,2.56,0.0,10.0,2.51,1.0,2.0,-3.58,-9.73,1.81,1.51,-3.58,3.51,0.0,1.51,-0.53,2.3,2.02,3.81,2.51,0.0,0.86,0.0,-0.51,0
0.0,0.0,1.0,0.0,0.0,2.36,1.47,1.0,0.0,0.0,2.36,0.44,2.94,0.0,1.94,1.0,8.41,1.53,3.31,4.0,35.38,33.53,0.0,0.87,0.0,0.47,0
2.05,4.0,1.0,1.0,0.0,6.09,2.0,2.36,6.09,4.68,8.77,0.54,1.36,91.86,3.36,1.36,5.68,0.32,3.31,0.0,4.95,1.0,0.0,0.28,-0.68,0.68,0
3.0,0.0,1.0,0.0,1.0,4.82,1.73,3.73,-1.27,-1.91,13.63,0.4,2.0,19.74,0.82,-20.53,1.55,1.73,-3.62,-1.45,9.38,0.27,0.0,0.56,-0.73,-0.45,0
0.0,0.0,1.0,0.94,0.0,0.0,1.0,1.0,1.88,0.94,2.0,0.94,-1.88,46.92,5.82,0.0,1.06,2.0,2.06,0.94,-1.19,-4.57,0.0,0.36,0.0,0.0,0
0.0,0.0,1.0,0.87,0.0,7.46,2.73,1.0,2.0,-0.87,1.0,-0.46,7.79,0.0,5.46,0.0,3.6,0.13,3.17,1.73,14.98,11.39,0.0,0.73,0.87,0.0,0
0.0,17.7,1.0,0.0,0.0,10.0,0.48,1.0,1.0,0.0,8.73,4.93,-4.16,52.06,2.48,1.04,8.77,2.52,3.7,-0.04,-4.8,-5.77,-0.52,0.48,0.0,1.52,0
0.0,0.0,1.0,0.0,0.0,-3.01,2.5,1.0,1.75,0.0,0.25,-0.7,6.51,0.0,3.75,0.0,5.26,0.25,2.75,0.75,7.76,5.76,1.5,0.2,-0.75,0.75,0
0.0,0.0,2.0,0.5,-0.5,0.0,1.5,1.0,0.5,0.5,2.0,1.13,0.0,59.53,4.0,0.0,0.5,2.0,4.21,1.0,1.75,1.0,0.0,0.91,0.0,0.5,0
0.0,3.0,1.0,-0.87,0.0,3.87,1.0,1.0,-0.87,0.87,0.87,5.26,-0.87,-87.35,-1.75,2.0,-1.75,0.0,4.87,5.75,-0.31,0.13,0.0,0.57,0.0,0.0,0
0.0,0.0,1.0,0.0,0.0,-1.42,2.0,1.29,4.98,5.7,18.38,0.16,5.58,2.85,0.29,0.71,24.53,2.0,1.4,1.0,11.65,2.29,0.0,0.87,1.36,1.42,1
0.0,4.0,1.0,0.0,0.0,1.0,1.0,1.0,0.0,0.0,-0.85,1.91,0.0,0.0,0.85,-11.57,3.85,0.85,0.86,1.0,2.62,1.7,0.0,0.63,0.0,0.0,0
0.0,0.0,1.0,0.23,-0.77,0.0,2.0,1.0,1.0,-4.64,-9.83,1.76,0.0,111.6,8.09,0.0,1.77,-0.55,-3.11,-0.77,10.14,2.77,0.0,0.84,-0.77,-0.77,0
0.0,0.0,1.0,0.0,-1.62,-1.62,0.19,1.0,-3.05,-3.86,1.38,0.69,6.48,51.62,4.0,-4.05,3.81,2.0,0.08,-0.81,5.54,1.0,0.0,1.44,-0.81,1.81,0
0.0,0.0,1.0,0.0,1.13,-2.82,1.0,1.0,1.0,0.0,-2.26,2.46,1.0,0.0,5.69,3.0,1.56,1.0,2.92,4.0,1.52,2.56,0.0,1.0,0.56,0.0,0
-1.61,0.0,1.0,0.0,0.0,4.2,0.2,-2.21,-0.8,-8.83,-7.46,2.2,1.0,12.05,2.8,0.0,0.18,0.2,1.84,0.0,5.47,2.61,0.0,0.21,0.0,-0.61,0
-1.82,0.0,1.0,1.0,0.0,-4.26,1.0,0.39,3.43,7.3,3.43,1.32,-1.22,134.67,2.78,-1.22,0.39,1.61,0.35,0.0,-1.52,2.0,0.0,0.66,0.0,0.0,0
0.0,0.0,1.0,0.0,1.48,0.0,1.74,2.48,-2.22,-0.74,5.44,4.18,0.0,-11.83,1.0,1.48,-2.44,2.74,0.78,-0.74,-2.33,1.0,0.0,0.73,-0.37,-0.74,0
1.91,0.0,1.0,1.91,0.0,2.0,0.09,1.91,8.36,2.73,11.54,-0.26,8.0,117.26,3.82,0.0,8.36,1.91,1.39,-0.91,7.45,0.09,0.0,0.96,0.45,1.91,0
0.0,1.77,1.0,3.0,0.0,5.43,2.0,2.0,4.23,8.0,5.0,2.75,0.0,86.0,-0.54,1.77,6.0,2.0,3.79,0.89,4.57,0.11,0.0,0.72,0.0,0.0,0
-1.79,0.0,1.0,-0.6,0.0,2.39,0.4,0.4,-1.19,-1.79,4.79,2.65,0.6,-42.93,1.0,16.0,1.19,0.4,1.34,0.0,0.45,0.6,0.0,0.48,0.6,0.6,0
0.0,-2.65,1.0,0.66,0.66,0.34,0.34,-1.65,-0.66,-4.96,-5.95,1.63,0.0,1.32,1.34,-0.66,-13.91,1.66,3.65,2.66,-2.06,1.66,0.0,1.06,0.66,0.0,0
0.85,5.71,1.0,7.26,0.85,0.0,3.85,3.56,0.0,21.65,1.88,0.03,1.0,72.74,3.56,0.0,20.41,1.0,5.45,1.0,8.02,0.15,0.0,0.69,0.24,0.0,0
0.0,0.0,1.0,1.0,0.0,-1.34,1.0,1.0,2.33,2.66,4.0,-0.26,1.0,31.95,5.67,0.0,13.68,2.0,1.67,1.67,7.15,2.0,0.0,0.98,0.0,0.0,0
5.0,9.89,1.0,5.01,0.0,8.9,0.03,1.04,-5.8,24.25,68.15,6.14,-2.96,7.15,1.99,8.89,-2.43,3.01,-0.35,0.0,-5.18,0.01,0.0,0.22,0.11,2.03,0
0.0,1.0,1.0,-2.46,0.0,0.0,1.0,0.18,-0.82,0.0,-3.28,3.27,-1.64,-81.9,0.0,1.0,-1.91,-0.82,6.06,6.82,-2.75,-0.82,0.0,1.01,0.0,-0.82,0
2.0,0.0,1.0,1.0,2.0,0.0,2.6,8.0,4.2,9.0,16.19,-1.35,1.0,81.0,2.8,-1.8,11.6,2.0,2.95,-2.4,7.18,-0.2,0.0,0.44,0.78,0.0,1
0.0,13.77,1.0,0.0,0.0,3.44,1.0,1.0,1.0,-1.72,-2.58,4.48,0.0,-10.33,3.14,0.86,-0.86,-0.72,-1.51,-0.86,0.33,1.14,0.0,0.41,0.0,0.0,0
5.06,0.0,2.0,1.53,0.0,1.0,3.53,3.0,3.06,21.53,7.65,-0.14,0.0,92.86,2.53,0.0,2.35,0.47,5.72,0.0,7.96,1.0,0.0,0.95,0.0,0.0,0
-0.52,0.0,1.0,0.0,0.0,-0.52,1.0,1.0,0.48,-1.05,-12.07,2.22,4.2,-29.4,3.0,-0.52,1.52,0.48,-0.38,1.05,8.37,9.82,0.52,0.88,0.52,0.0,0
0.0,0.0,1.0,0.0,0.0,10.89,1.0,1.0,-0.54,0.0,3.63,2.2,0.0,0.0,-1.71,0.0,2.46,2.0,1.77,1.0,8.73,8.0,0.0,0.93,0.0,-0.54,0
-1.43,-2.86,1.71,-1.43,0.0,2.86,2.0,1.71,0.57,-4.28,2.86,0.92,2.71,-3.57,5.0,0.0,1.72,1.71,-0.12,-0.71,3.96,4.0,0.0,0.6,-0.71,0.0,0
0.0,0.0,3.0,1.22,1.0,0.0,3.0,1.0,-0.78,0.0,10.26,0.05,0.78,23.34,1.78,4.0,10.57,2.0,8.66,1.0,4.68,1.78,0.0,0.89,1.0,1.0,0
0.0,0.0,1.0,2.09,2.0,2.09,1.0,1.0,2.46,4.18,4.54,-0.02,3.18,107.33,6.0,0.0,12.46,1.0,3.62,1.63,14.0,5.36,0.0,0.49,0.27,0.0,0
0.0,0.0,1.0,-0.89,0.0,0.0,0.11,1.0,-0.78,-4.44,22.21,0.39,1.0,-24.87,6.0,13.43,-8.88,1.0,3.17,-0.89,4.36,3.0,0.0,0.41,0.0,1.89,0
0.0,2.48,1.0,0.0,0.0,8.13,1.0,1.0,0.0,0.0,2.87,5.27,1.0,0.0,2.0,1.65,-3.26,1.0,2.35,0.0,2.45,0.17,0.0,1.31,1.83,1.17,0
2.0,-24.72,1.0,-0.73,45.0,2.91,1.0,1.0,0.0,0.0,40.36,0.14,0.73,-72.7,1.73,-1.45,-6.27,0.27,2.84,-0.73,5.58,0.73,0.0,1.28,-0.73,-0.73,0
0.0,0.0,1.0,0.0,0.0,2.96,2.0,2.0,3.04,0.18,1.31,2.19,0.0,27.35,1.04,1.04,1.0,1.0,2.21,0.96,0.93,1.0,0.0,0.86,1.0,0.0,0
-0.71,0.0,1.0,0.0,0.0,0.0,-1.12,7.0,-1.41,15.29,33.88,1.04,-0.71,34.71,2.29,1.0,7.0,2.0,2.38,1.41,-0.23,1.41,0.0,0.96,0.0,0.0,0
0.0,0.0,1.0,3.65,-0.65,0.35,2.65,2.0,4.7,8.0,4.35,0.36,-0.65,150.78,3.0,0.0,-0.48,2.0,3.17,0.0,8.24,2.3,0.0,0.91,0.0,0.0,0
1.26,0.0,2.0,6.16,16.53,1.74,1.26,7.0,4.79,-1.21,29.74,0.4,0.74,106.63,2.0,4.26,6.74,2.0,0.67,0.0,2.42,0.0,0.0,0.54,0.74,2.0,1
-1.9,-3.79,1.0,-1.9,0.0,3.79,2.95,0.05,3.84,3.79,1.95,1.4,0.95,3.79,2.95,3.9,-8.53,1.95,2.64,0.05,2.42,0.05,0.0,0.16,-0.95,1.9,0
0.0,0.0,1.0,-1.31,2.0,0.66,0.34,1.0,-2.63,-1.97,1.69,1.41,1.0,-15.12,3.03,-0.66,4.03,1.0,3.3,0.66,2.17,2.0,0.0,1.36,0.34,-0.66,0
0.0,0.0,1.0,0.33,0.0,0.0,1.0,1.0,1.0,0.0,0.33,1.45,0.0,32.79,2.31,0.0,1.0,1.0,2.34,2.02,4.67,4.34,0.0,1.29,0.0,0.0,0
1.0,0.0,1.0,1.0,0.82,3.63,4.27,1.0,0.0,9.82,24.0,0.14,0.82,128.82,2.0,0.0,6.82,0.18,20.53,2.63,3.72,2.63,0.0,0.58,0.0,1.0,0
-0.56,0.0,1.0,-0.56,-0.56,0.0,1.0,1.0,0.56,1.19,11.01,1.81,0.0,44.29,2.12,24.0,0.88,0.88,0.71,0.0,1.08,1.56,0.0,0.68,0.0,0.0,0
0.68,2.63,1.0,3.42,0.68,0.32,1.68,3.05,1.37,13.68,8.89,0.96,0.0,56.77,2.74,2.0,7.1,2.05,2.63,0.32,3.39,0.0,0.0,0.81,0.34,0.68,0
0.0,1.0,1.0,0.0,0.0,3.18,1.0,0.18,-1.64,-2.46,4.91,4.98,0.0,2.46,1.64,1.82,0.82,-0.82,0.53,1.0,0.08,1.0,0.0,0.78,0.82,0.82,0
1.78,0.0,1.0,0.0,40.07,3.0,2.11,0.11,3.0,6.0,39.4,0.26,-6.23,70.0,2.0,1.0,-5.91,0.11,5.37,-0.89,-4.38,-1.67,0.0,1.0,-0.89,0.0,0
0.0,0.0,1.89,3.57,2.0,0.89,3.79,4.79,-0.89,5.36,10.79,0.21,1.89,29.45,1.11,2.0,0.11,2.89,6.39,4.46,8.21,7.25,1.79,0.84,0.0,1.79,0
-2.54,-0.51,1.0,-3.04,0.0,1.01,1.51,-0.52,-2.55,-19.28,-39.58,2.31,1.0,-13.19,4.51,24.51,-18.79,-0.52,25.11,25.0,4.23,3.0,0.0,1.19,-0.3,-2.03,0
0.0,0.0,1.0,0.0,0.0,3.05,0.32,0.32,1.32,8.32,47.74,0.88,0.68,91.0,-0.37,5.0,11.74,2.0,3.05,-0.68,1.52,-0.68,0.0,1.03,-0.68,2.0,0
0.0,0.0,1.0,0.74,0.0,-2.97,2.74,2.74,1.74,7.95,1.28,-0.39,1.49,92.71,1.0,0.0,1.51,2.74,5.04,0.74,9.3,0.74,0.74,0.52,0.0,0.74,0
1.61,-0.81,1.0,0.81,0.0,-3.23,1.0,1.0,1.0,0.0,1.61,-1.03,1.81,60.53,4.81,2.19,1.81,2.61,5.21,4.0,4.82,2.81,0.0,0.61,0.0,0.0,0
0.0,0.0,1.0,0.0,0.0,0.0,1.0,1.0,1.33,1.33,3.33,0.8,-0.67,-25.95,4.67,0.0,0.0,1.67,-0.11,0.67,1.06,0.33,0.0,1.0,0.0,0.0,0
1.0,0.68,3.0,1.0,1.0,12.38,6.0,1.0,0.0,0.0,-3.73,4.34,1.32,50.0,-1.03,2.03,-3.38,0.32,2.44,0.68,1.46,0.32,0.0,0.36,0.0,0.0,0
0.0,0.0,-0.97,1.01,-0.99,2.0,0.03,1.0,1.99,4.0,-1.96,1.4,6.0,65.64,9.93,-3.94,-2.88,0.01,-3.88,2.01,18.54,12.0,0.0,0.44,-0.49,-0.99,0
0.0,-1.2,1.0,0.6,0.0,-1.01,2.0,1.0,2.6,1.0,2.6,-0.73,0.0,60.22,4.81,-1.2,0.6,1.0,2.25,0.4,5.16,2.81,0.0,0.72,1.0,0.0,0
-0.76,0.0,1.76,1.51,-0.76,0.0,0.49,2.0,-1.51,-1.51,8.82,0.3,6.24,6.82,0.24,-0.76,15.54,3.51,3.15,0.24,11.54,3.0,0.0,1.22,1.0,1.51,0
1.0,0.0,1.0,1.0,0.0,1.03,0.03,1.0,2.0,0.97,10.87,0.97,0.26,148.04,2.97,0.0,1.03,1.0,7.69,-1.93,-3.52,-10.61,-0.97,0.71,-0.97,1.0,0
-2.8,0.0,1.0,-2.8,0.0,3.74,0.07,1.0,-3.54,-10.21,-15.68,1.34,1.93,-69.91,3.87,-0.93,-10.74,0.07,1.04,1.0,7.51,1.93,0.0,0.98,0.03,-0.87,0
0.0,0.0,1.0,0.0,-0.83,5.83,-0.67,1.0,2.5,4.17,1.0,2.76,-0.83,16.68,1.0,0.83,4.83,2.0,-2.34,-1.67,2.83,-0.5,0.0,0.52,0.0,0.0,0
-5.27,0.0,1.0,-4.39,1.0,2.63,0.12,1.12,19.66,2.46,-26.4,0.78,0.0,82.34,3.63,27.22,-7.66,1.12,7.51,0.88,0.92,1.0,0.0,1.06,0.88,1.88,0
0.0,6.0,0.05,2.0,0.0,3.81,2.05,1.0,0.0,3.09,1.91,1.12,0.95,13.87,2.91,0.0,13.77,0.05,6.07,3.05,8.85,2.0,0.0,0.55,0.0,0.0,0
-0.65,-0.65,1.0,1.95,0.0,0.0,1.0,1.0,-0.65,-9.08,-5.78,2.47,0.65,-7.13,2.65,5.0,-3.24,2.0,-1.43,1.3,1.33,2.65,0.0,0.84,0.0,0.65,0
0.0,1.87,1.0,0.0,0.0,9.6,1.0,-8.34,0.0,-1.87,-28.49,5.09,1.0,-59.16,1.38,4.98,-7.83,0.38,3.03,1.87,1.14,1.0,0.0,0.67,-0.31,-1.25,0
0.53,0.0,1.0,1.0,1.05,2.1,1.53,1.0,4.15,3.15,5.2,1.14,0.0,93.69,4.95,2.63,1.0,1.0,2.02,0.53,2.54,0.47,0.0,0.48,0.53,0.0,0
0.0,0.0,1.0,1.29,0.0,0.04,0.58,1.0,4.71,17.71,17.0,0.96,-6.38,123.43,2.29,0.0,4.0,3.71,1.1,-1.13,-4.49,-7.5,0.0,0.91,-0.71,0.71,0
0.0,0.0,1.0,0.85,0.0,-8.5,1.15,1.0,1.15,0.0,3.0,0.17,0.0,85.03,2.85,1.0,15.85,1.0,2.77,-0.85,4.6,1.0,0.0,0.32,1.0,1.0,1
0.0,20.0,1.0,0.0,0.0,0.0,1.0,4.49,-0.58,9.3,20.91,-0.29,0.0,43.57,-0.74,1.58,2.9,1.58,1.03,0.0,-1.08,-2.9,0.0,1.04,0.0,2.0,0
-0.64,0.0,1.0,-0.64,0.0,2.72,0.36,1.0,0.0,-1.28,-8.34,2.54,1.64,-35.79,4.28,14.7,5.0,0.36,16.17,15.34,4.0,2.92,0.0,1.0,0.0,0.0,0
0.0,0.0,1.0,0.0,0.0,0.0,1.0,1.0,2.91,5.0,7.45,0.47,0.0,76.0,2.64,1.0,2.64,2.0,3.16,0.0,-1.02,-2.19,0.0,1.11,0.0,-0.64,0
0.0,26.95,1.0,0.79,0.0,0.79,2.0,1.0,1.21,0.0,5.38,1.09,-0.79,79.26,-2.76,2.59,22.93,1.79,5.17,0.79,2.63,-0.59,0.0,0.17,1.79,1.79,1
0.0,0.0,1.0,-0.88,0.0,2.0,2.0,1.0,-0.64,-2.51,0.24,1.5,0.0,-44.81,2.12,0.0,-6.15,1.88,-0.07,1.0,2.31,1.88,0.0,1.09,1.0,0.0,0
3.0,0.0,1.0,-0.66,1.0,3.71,1.0,3.0,7.31,1.0,8.03,-0.84,2.0,-30.7,3.0,2.0,3.66,1.0,1.21,-0.66,9.55,1.0,0.0,0.42,0.0,1.0,0
-0.81,4.0,1.0,0.19,0.0,4.42,2.0,1.0,1.19,2.39,-11.33,0.43,3.23,22.81,2.81,0.0,12.26,0.19,3.04,2.42,29.85,27.63,0.0,0.53,0.0,0.81,0
0.0,0.0,1.0,1.0,0.0,3.94,3.98,4.0,17.96,20.98,8.08,0.59,3.98,90.0,1.0,0.0,46.06,2.0,8.02,3.0,4.44,-3.9,0.0,0.78,0.5,2.02,1
-2.72,0.0,0.0,96.0,-1.81,0.91,0.0,1.0,0.0,0.0,0.0,1.44,0.0,0.0,-0.81,0.0,4.54,1.0,-0.82,0.0,-0.27,-0.91,0.0,0.76,0.09,-0.91,0
0.0,0.0,1.0,-0.51,0.0,0.0,1.0,1.0,1.0,1.52,3.04,1.66,1.0,-19.25,3.49,23.0,1.0,1.0,24.19,24.0,1.92,1.99,0.0,0.94,0.0,0.0,0
0.0,0.0,1.0,0.0,-0.92,2.76,1.0,1.0,0.24,1.0,7.61,0.95,1.0,16.0,0.16,0.0,3.31,1.0,2.98,1.0,7.69,1.92,0.0,0.93,0.5,1.0,0
0.0,1.0,2.0,2.0,0.0,-1.05,3.0,4.0,9.76,14.0,24.67,0.03,-0.76,89.0,2.76,2.0,24.48,2.0,5.11,3.05,5.37,3.05,0.0,0.53,0.5,2.0,1
0.0,2.0,1.0,0.0,0.0,8.64,0.09,0.09,0.0,0.0,4.55,5.0,-5.46,0.0,3.82,2.0,-4.55,0.09,2.43,0.09,-8.08,-1.82,0.0,1.0,-0.91,0.0,0
-0.6,0.0,3.0,4.99,1.0,2.39,2.4,1.0,0.0,-1.2,6.99,0.76,-0.6,80.98,1.0,4.0,6.61,1.4,8.55,-0.2,1.59,0.4,0.0,0.49,0.4,1.0,0
1.0,0.0,3.0,1.0,0.36,12.18,6.0,1.0,-1.91,0.0,1.0,1.02,1.36,50.0,-1.55,0.0,-5.09,1.64,4.07,0.64,9.06,6.09,0.0,0.69,0.0,0.0,0
0.0,0.0,1.0,0.0,0.0,0.8,1.0,1.0,2.2,2.61,9.43,0.18,0.2,-11.35,0.39,0.0,8.61,1.0,5.05,1.8,5.0,0.2,0.0,0.66,0.5,1.0,0
0.0,-2.25,1.0,2.0,0.0,5.0,2.56,1.0,5.13,17.0,17.0,-0.33,1.13,88.0,5.82,0.0,6.82,3.56,3.48,0.44,8.25,3.25,0.0,0.63,0.0,0.0,0
-1.16,0.0,1.0,-1.31,0.0,1.74,0.42,-0.74,1.0,-8.68,0.42,2.19,0.0,61.8,5.58,0.0,1.58,0.42,-0.29,-1.16,2.88,2.42,0.0,1.04,-0.58,0.0,0
1.0,1.05,1.0,5.0,1.0,0.0,2.95,4.0,3.9,18.1,13.0,-0.35,0.0,71.63,4.95,2.95,22.27,2.05,3.82,-1.9,7.19,0.0,0.0,0.35,1.45,1.95,1
0.0,0.0,1.0,-1.54,0.0,0.0,0.49,1.0,-2.06,1.46,8.54,0.93,0.0,34.87,-1.06,-0.51,-1.54,1.0,2.54,2.03,0.37,1.0,0.0,1.11,-0.51,-0.51,0
0.0,1.99,1.99,1.98,0.0,4.99,1.99,2.98,7.94,12.9,26.78,4.72,0.0,88.29,-2.98,3.98,24.81,0.99,3.5,0.01,2.46,-0.98,0.0,0.47,-0.5,1.98,0
0.0,1.0,1.0,2.72,0.0,5.17,1.54,1.0,0.0,1.09,1.63,4.93,0.0,35.86,-0.54,5.0,-1.72,0.0,14.63,13.0,-1.62,-1.72,0.0,0.54,0.0,-0.54,0
-0.53,10.53,0.47,-0.53,-3.69,-0.53,0.47,-1.63,6.0,0.47,-12.16,0.64,1.0,27.82,4.47,-1.58,1.89,0.47,-0.07,0.0,2.81,0.47,0.0,1.08,1.0,1.05,0
1.4,0.0,1.0,-0.7,0.7,3.49,1.0,2.4,3.79,0.7,11.1,0.63,-3.19,-38.42,7.7,1.4,5.7,1.0,1.62,0.0,3.59,2.0,0.0,0.54,0.0,0.0,0
0.0,0.0,1.0,1.0,0.0,0.0,1.0,1.0,3.93,3.07,-52.02,1.56,1.0,48.4,5.93,-0.93,-17.27,1.07,4.6,3.8,7.4,3.87,0.0,1.52,0.0,-0.93,0
3.0,-0.65,0.35,1.0,0.65,-1.3,0.7,0.05,-3.21,-2.21,-5.77,0.24,0.0,69.39,1.35,-1.3,-13.94,2.65,2.94,0.65,2.0,0.65,0.0,1.12,0.33,0.35,0
0.0,-0.98,1.0,0.0,0.0,0.98,-0.97,3.95,2.97,0.0,6.95,0.87,0.98,27.53,2.0,0.0,-0.97,2.98,-0.21,-1.97,-0.52,2.0,0.0,0.88,0.0,0.0,0
2.24,0.0,1.0,-0.76,3.0,0.0,1.0,0.24,-2.34,0.0,6.58,0.31,1.0,-3.81,4.71,0.0,0.66,1.0,5.63,0.0,3.9,1.76,0.0,0.65,0.62,0.24,0
0.0,0.0,1.0,1.93,0.0,-1.93,1.97,1.0,1.97,3.87,-5.8,1.55,4.83,39.62,5.93,0.0,0.0,1.0,1.38,2.9,18.56,12.63,0.0,-0.0,0.48,0.0,0
-0.97,0.0,1.0,4.03,-3.88,0.0,2.0,1.0,0.0,0.97,4.97,1.19,1.0,89.39,3.94,0.0,1.0,1.0,10.09,3.97,2.72,2.0,0.0,0.12,0.0,1.0,0
-0.55,0.0,1.0,-0.55,-0.55,4.0,1.55,1.0,1.11,-2.77,-1.85,2.15,2.11,-42.04,4.66,0.0,6.21,-0.11,-1.77,0.0,2.74,2.66,0.0,0.52,0.0,0.0,0
0.0,0.0,1.0,0.0,0.0,2.54,1.0,1.0,1.0,-0.64,-33.7,4.95,0.0,0.0,5.36,-8.27,-14.53,-0.27,-1.46,-0.64,4.1,4.36,0.0,0.95,0.0,-0.64,0
0.0,0.0,0.05,1.0,0.0,6.0,0.05,1.0,-0.95,64.4,1.0,0.63,0.0,0.0,-2.79,0.0,2.0,1.05,2.0,2.0,2.05,2.05,0.0,0.92,1.0,1.89,0
0.0,0.81,1.0,1.0,0.0,-0.81,0.19,1.0,0.0,0.0,-3.7,5.05,-1.63,100.0,-0.26,1.63,0.56,0.19,1.22,0.81,-0.36,1.0,0.0,0.44,0.0,-0.81,0
0.0,0.0,0.0,96.54,-1.08,0.0,0.0,1.0,-1.62,0.0,-0.54,1.79,0.0,54.08,0.46,-0.54,-0.54,1.0,0.18,0.0,-0.27,0.0,0.0,1.01,0.46,0.0,0
-0.77,0.0,1.0,3.77,-1.54,1.54,1.23,1.0,2.46,1.91,9.46,0.43,3.86,34.98,5.0,0.23,10.86,1.0,1.05,1.54,6.13,6.4,1.54,0.21,1.0,1.77,1
0.0,3.96,1.0,1.0,0.0,1.32,0.34,1.0,-0.32,0.0,-0.98,3.06,0.0,100.0,4.66,0.0,-8.91,1.0,-1.0,0.0,0.9,2.34,0.0,1.39,-0.66,-0.66,0
1.0,2.0,1.0,5.0,1.0,0.0,2.72,4.0,2.72,20.0,18.07,-0.57,0.72,83.0,1.1,2.0,10.45,3.0,6.94,0.0,5.52,-0.72,0.0,0.77,0.5,1.0,1
0.0,0.0,2.74,-54.38,0.58,5.0,3.74,1.0,0.0,0.0,9.31,0.0,2.0,43.39,3.0,2.31,13.21,1.58,7.78,0.58,19.17,1.58,0.0,0.8,0.0,0.58,0
0.0,0.0,1.0,1.0,0.0,5.94,1.99,1.0,2.98,0.0,-4.94,2.01,0.0,100.0,6.99,0.0,-2.96,1.0,0.43,0.99,-0.12,1.99,0.0,0.52,0.0,0.0,0
0.09,0.0,1.0,0.09,-0.91,6.57,3.83,1.0,1.0,-2.57,13.94,0.34,4.57,-13.52,2.91,1.91,8.32,0.17,0.11,4.66,36.32,32.02,0.0,1.31,0.0,0.91,0
2.0,0.0,1.14,-0.72,17.14,1.0,1.14,7.0,7.0,-0.72,19.53,1.77,0.86,31.99,4.58,24.8,1.7,0.28,16.6,20.66,2.92,1.72,0.0,0.57,0.0,0.28,0
0.0,0.0,1.0,0.33,0.0,0.33,-0.34,-1.0,-10.68,-11.35,1.66,3.57,-2.0,5.92,2.0,0.0,-27.37,1.0,1.64,-1.0,-3.93,1.0,0.0,0.96,-0.33,-2.0,0
0.0,0.0,1.0,0.36,0.82,1.0,0.18,1.0,-3.09,11.64,31.09,0.41,0.0,48.05,1.18,1.0,7.64,2.0,0.93,1.82,-0.23,1.0,0.0,0.8,1.0,3.0,1
-1.6,1.0,1.0,-0.06,0.0,1.0,2.47,2.06,-3.72,-0.85,-10.23,0.4,1.53,-10.91,3.06,-0.53,-6.17,1.0,4.36,2.53,10.65,2.06,0.0,0.8,0.27,-1.06,0
4.86,17.97,1.0,5.83,0.0,4.97,1.97,3.92,9.72,41.79,19.44,3.16,0.0,87.46,0.0,0.03,14.58,1.94,2.94,1.0,2.23,0.0,0.0,1.24,0.58,2.92,0
1.0,-3.51,1.0,2.88,4.0,-0.88,1.0,2.76,0.0,0.88,7.51,-1.36,0.88,40.0,3.63,-1.76,1.88,2.76,3.04,0.0,8.14,2.76,0.0,1.51,0.88,0.0,0
0.0,-3.82,1.0,0.0,0.0,4.0,1.64,-7.91,0.64,-0.64,-26.08,1.71,1.0,-22.26,1.73,3.36,-8.72,1.0,4.83,0.0,2.06,1.0,0.0,0.39,-0.32,-0.91,0
-1.55,0.0,1.0,0.0,-0.55,1.0,1.52,1.0,-1.04,0.0,1.96,0.77,0.0,0.0,-0.04,0.52,0.96,2.0,1.59,1.04,24.72,21.2,0.52,0.91,0.48,-0.52,0
0.0,0.0,1.0,0.93,0.0,0.0,1.0,1.0,0.0,3.0,14.86,0.01,0.0,119.68,2.86,0.0,0.0,0.07,11.25,1.0,1.72,1.0,0.0,0.49,0.0,0.0,0
0.0,0.0,1.0,0.0,0.0,1.7,1.85,1.85,2.55,3.4,9.8,0.9,0.0,84.96,0.15,17.7,0.0,1.0,2.86,0.0,-0.85,-1.7,0.0,0.52,0.85,0.0,0
3.0,0.0,1.0,-1.81,0.0,0.0,1.06,2.0,-1.75,1.13,0.25,0.76,0.0,42.04,-1.75,-0.94,-3.55,2.0,0.86,0.94,1.95,0.0,0.0,1.5,-0.94,0.06,0
0.0,0.0,1.0,0.0,0.0,-2.53,1.0,1.0,1.63,0.0,-4.43,1.96,-0.63,0.0,2.37,0.0,-0.9,1.0,0.27,1.9,4.18,4.27,0.0,1.26,0.0,0.0,0
0.0,18.54,1.0,0.55,0.0,0.55,1.0,1.0,0.0,0.0,7.45,1.53,0.0,54.53,1.45,3.36,8.18,2.0,2.08,0.55,1.13,0.91,0.0,0.7,0.55,0.55,0
0.0,0.0,1.0,0.0,0.98,1.07,1.98,1.0,-10.75,-2.93,13.84,1.21,1.0,-19.55,0.07,-30.29,0.11,1.0,-5.41,-0.98,1.74,1.0,0.0,0.95,-0.98,-1.95,0
0.0,0.0,1.0,1.83,0.0,-3.31,1.0,1.0,0.83,0.0,-2.97,2.6,-0.83,182.8,2.83,0.0,-5.8,1.0,0.7,2.0,-3.2,1.83,0.0,0.97,0.0,-0.83,0
0.0,2.85,1.0,1.0,0.0,5.7,1.0,1.0,-0.85,0.0,1.0,5.14,0.0,66.0,5.05,-5.7,3.0,1.0,0.7,0.0,0.13,-0.9,0.0,1.15,0.95,0.0,0
0.0,0.0,1.0,-0.42,1.0,1.61,1.0,1.0,-0.61,2.77,7.74,0.9,0.0,13.16,-0.61,-0.81,-5.65,3.0,6.25,1.81,0.1,1.0,0.0,1.19,1.0,0.19,0
2.0,0.0,1.0,1.81,0.0,-3.26,1.0,1.0,-1.63,3.26,12.58,-0.35,1.0,136.03,1.0,0.0,1.81,2.81,8.43,1.0,4.27,2.0,0.0,0.52,0.0,0.0,0
0.0,-1.92,0.0,0.0,0.0,0.64,0.64,1.64,0.64,68.64,1.92,-0.71,0.0,0.0,3.21,-0.64,1.28,0.64,0.32,0.0,2.56,1.28,0.0,0.77,0.64,2.0,1
0.0,0.0,1.0,3.0,0.0,1.0,1.0,2.0,1.0,1.0,6.0,0.15,2.0,100.0,1.4,0.0,5.4,2.0,2.43,1.0,5.28,2.0,0.0,0.4,0.0,1.0,0
0.0,0.0,1.0,0.0,0.0,1.41,1.65,1.65,0.65,0.0,3.76,0.75,0.35,0.0,3.94,-0.65,3.71,1.65,0.88,0.0,5.24,1.65,0.0,0.86,0.0,-0.65,0
0.73,3.0,1.0,1.47,0.0,0.07,1.0,1.73,5.13,2.93,0.73,4.29,-0.73,58.6,2.2,2.0,3.66,0.73,3.49,4.0,0.32,0.27,0.0,0.55,0.37,0.73,0
0.0,0.0,1.0,1.0,1.0,0.0,2.0,1.0,1.79,4.79,21.21,0.06,0.79,73.36,1.0,0.0,11.21,2.0,1.18,0.79,2.71,0.79,0.0,0.52,0.0,2.0,0
0.0,0.0,1.0,2.63,0.0,0.0,2.63,1.0,3.26,1.0,5.82,-0.37,0.0,127.7,2.18,-19.58,1.0,1.0,-8.82,-19.39,3.51,-0.63,0.0,0.25,0.0,0.0,0
-0.77,0.0,1.0,-0.77,0.0,2.3,1.77,1.0,-0.54,0.0,0.0,1.15,-4.61,-69.12,3.77,0.0,7.61,1.0,4.82,4.0,11.66,5.0,0.0,1.0,0.0,-0.77,0
0.0,0.1,1.0,-0.9,0.0,-0.9,-0.79,1.0,0.0,-3.59,4.49,2.73,-0.9,-21.53,-0.9,1.0,-1.49,0.9,2.92,4.21,-5.81,0.0,0.0,0.55,0.0,0.0,0
3.0,0.0,1.0,-0.94,3.0,-3.75,-0.87,1.0,-4.5,-12.19,2.0,0.91,0.06,-78.74,6.06,-1.87,6.94,1.0,-1.97,0.0,2.63,2.87,0.0,1.16,1.0,-0.87,0
0.0,0.0,1.0,0.0,0.93,4.0,1.0,1.93,9.31,12.11,18.18,-0.13,1.0,85.68,1.14,0.0,8.0,1.0,3.46,0.0,7.45,0.07,0.0,0.6,0.0,1.93,0
4.87,0.0,1.0,4.06,0.0,3.0,1.81,1.81,8.56,20.62,37.37,0.12,0.0,155.75,2.38,24.5,17.19,1.81,11.72,2.0,4.54,0.19,0.0,0.91,1.0,2.81,1
0.0,0.0,1.0,0.92,0.0,7.35,2.0,1.0,-0.84,-8.27,-37.66,3.52,1.0,8.27,5.92,-3.59,-4.27,0.08,1.71,2.92,39.88,40.92,1.0,0.87,0.0,-1.84,0
0.0,3.0,1.0,0.65,0.0,3.65,2.29,1.0,5.17,8.4,0.65,4.03,0.65,54.28,0.65,3.29,-1.29,0.65,6.71,4.0,0.68,-2.23,0.0,0.31,0.0,0.65,0
1.86,0.0,1.0,0.0,1.86,3.0,1.0,1.0,12.86,4.14,-3.1,0.46,0.62,45.61,7.73,31.0,8.73,1.0,10.32,1.38,4.91,1.0,0.0,0.74,1.62,2.62,1
0.0,11.9,1.0,0.0,0.0,-1.79,-0.19,1.0,-0.79,-0.57,5.81,0.67,0.0,20.33,2.4,0.0,-0.79,1.0,-0.53,0.0,-1.87,0.4,0.0,0.74,0.0,1.19,0
1.0,1.0,1.0,-0.25,0.0,-0.75,1.25,0.25,-2.74,8.76,13.75,0.58,0.0,41.33,1.75,0.0,6.75,1.0,5.54,1.0,2.19,1.0,0.0,0.46,0.0,0.0,0
1.0,0.0,2.0,1.43,0.0,0.0,3.57,1.57,10.27,5.7,2.13,-0.64,1.0,60.87,1.43,1.0,6.43,1.57,2.87,1.0,6.31,1.57,0.0,0.5,1.0,2.0,1
0.0,0.0,1.0,-2.73,0.0,9.99,2.25,1.0,0.0,0.0,5.24,0.57,9.0,-52.25,5.75,0.0,5.99,1.0,4.31,0.76,18.4,12.25,0.0,1.19,1.0,-0.75,0
0.0,2.04,1.0,0.0,0.0,6.04,1.0,1.0,-0.68,0.0,7.0,4.08,1.0,0.0,0.96,1.36,1.96,0.32,2.57,0.0,0.28,-1.72,0.0,0.67,0.0,1.0,0
-2.45,1.0,1.82,1.0,-0.82,-4.72,3.82,-0.63,-4.9,5.82,-2.09,0.18,-0.63,42.09,0.37,-1.63,2.55,1.82,6.69,2.82,2.7,1.0,0.0,0.94,0.0,-0.82,0
0.0,0.0,1.0,7.0,0.89,1.0,3.0,1.0,-0.89,1.0,3.0,0.5,-0.67,79.0,0.22,-0.89,0.11,1.89,2.63,1.0,9.31,1.0,0.0,1.01,1.89,0.0,0
0.0,0.0,1.0,0.0,0.0,-0.64,2.0,2.0,2.91,-0.64,0.09,0.02,0.0,0.0,6.27,5.09,1.36,1.36,1.09,0.0,4.85,2.64,0.0,0.41,0.0,0.0,0
0.0,0.0,1.0,1.0,0.0,2.5,1.0,1.0,-0.63,2.75,17.13,0.49,0.63,54.37,2.63,0.0,2.63,2.0,6.81,-1.25,3.62,-0.25,0.0,0.64,0.0,0.0,0
0.0,4.79,1.0,0.0,0.0,3.66,1.0,1.0,2.0,9.0,41.27,3.18,-0.53,91.0,0.47,9.79,8.47,2.0,2.9,1.6,-2.27,-0.53,0.0,0.43,0.0,2.53,0
0.0,0.0,1.0,0.0,0.0,3.32,0.32,1.0,0.0,0.0,8.36,1.89,-1.05,0.0,3.0,3.32,2.64,1.0,4.18,-2.73,-16.29,-20.84,0.0,0.25,0.0,1.0,1
0.0,0.0,1.0,0.71,0.0,1.43,1.29,1.0,0.0,1.43,4.29,-0.03,2.57,43.53,1.57,1.0,8.57,1.71,3.52,4.71,35.12,33.0,0.0,1.0,0.0,0.29,0
0.0,3.0,1.0,0.93,0.0,4.14,0.07,-0.86,-1.86,-2.8,1.86,5.58,0.0,-5.59,2.93,2.0,0.07,0.07,8.23,1.93,-2.61,0.0,0.0,0.92,1.0,0.0,0
0.0,0.0,1.27,70.31,0.0,4.0,1.27,3.0,2.27,3.0,4.27,0.15,1.0,2.04,-0.92,0.0,2.27,2.0,1.4,0.0,0.57,-0.46,0.0,1.33,0.73,0.0,0
0.0,0.0,1.0,-0.71,0.0,2.84,1.0,1.0,-0.71,2.0,25.26,2.85,0.0,-26.07,-3.97,15.42,1.29,2.29,3.32,0.29,0.6,0.29,0.0,0.74,0.0,0.29,0
0.0,4.0,1.0,-0.91,0.91,-6.34,0.09,1.0,0.0,1.81,2.72,2.24,-7.25,29.89,-2.72,0.0,1.0,0.0,-2.02,-0.81,-11.32,-10.87,0.0,1.08,-0.91,0.0,0
0.0,4.0,1.0,3.0,0.0,0.0,3.0,1.0,-0.59,11.53,19.93,-0.28,1.0,92.87,-0.76,0.0,15.24,2.18,5.16,1.59,5.41,1.0,0.0,0.57,0.67,0.59,1
0.0,0.0,1.0,2.62,0.87,-2.62,2.87,2.0,14.46,8.23,4.0,-0.7,2.62,127.26,3.74,0.87,8.1,2.0,3.78,0.0,9.33,2.0,0.0,0.59,0.29,2.62,1
-7.5,-6.13,1.0,-5.45,-1.36,6.45,2.32,1.0,3.0,-13.72,-7.44,4.41,0.0,-0.7,2.32,2.04,8.19,-0.04,1.92,1.68,3.82,0.32,0.0,0.42,0.0,0.0,0
0.0,0.0,1.0,1.0,0.0,-6.15,-0.76,1.0,2.63,4.51,7.88,0.9,-7.02,118.41,1.0,0.0,5.51,2.88,5.99,-1.76,-7.62,-8.66,0.0,0.53,-0.88,0.0,0
-4.4,4.4,1.0,-2.2,0.0,0.0,1.73,0.27,0.0,-8.53,-26.74,0.87,0.0,-15.34,1.0,0.0,-5.13,1.27,4.83,2.2,4.5,1.73,0.0,0.67,0.0,-0.73,0
0.0,3.22,1.0,0.81,0.0,2.61,3.81,1.0,4.61,7.22,14.61,-0.41,0.0,116.77,2.19,0.0,17.42,1.19,5.99,1.0,6.76,0.19,0.0,0.38,0.0,0.0,0
0.0,0.0,0.45,0.0,0.0,5.0,0.45,1.0,-1.65,37.29,7.0,1.08,1.0,0.0,0.35,-4.39,4.45,0.45,1.47,-0.55,3.39,-0.1,0.0,0.74,0.0,2.1,0
0.0,0.0,1.0,-1.76,0.0,4.83,0.07,1.0,0.0,-0.97,3.03,1.16,-0.93,-6.29,1.03,0.0,2.93,1.97,2.7,3.0,6.72,8.76,0.0,0.72,-0.97,1.0,0
0.0,34.0,1.0,1.0,0.0,-0.67,0.16,-0.67,-0.84,-3.34,16.18,0.34,0.84,44.81,4.34,2.84,13.33,1.16,4.69,1.0,2.55,1.67,0.0,0.79,1.0,1.84,1
1.0,0.0,1.0,0.0,0.0,3.95,3.0,1.0,-0.99,4.0,9.91,-0.91,1.0,56.0,-0.97,-2.96,6.96,2.0,2.34,-1.95,8.66,1.01,0.0,1.0,1.0,0.0,0
2.38,0.0,1.0,7.79,0.0,-0.58,3.79,1.0,-0.79,9.72,14.89,0.36,0.42,86.92,2.0,0.0,0.21,1.0,3.87,2.58,4.32,1.0,0.0,0.8,1.0,0.0,0
3.0,0.0,1.0,1.57,-0.57,0.0,1.43,2.0,2.57,1.3,0.59,0.66,0.0,94.14,4.27,0.0,3.57,2.0,0.71,-0.57,6.09,1.14,0.0,1.15,0.0,1.0,0
0.0,0.0,1.0,2.02,0.0,2.54,1.51,1.0,2.52,8.63,9.63,0.87,-0.51,144.67,6.49,-11.68,2.52,2.02,-8.77,-10.68,2.73,-0.02,0.0,0.45,0.0,1.0,0
1.0,0.0,1.0,96.75,14.01,1.0,1.0,7.0,7.0,1.0,25.01,0.74,0.0,100.0,2.0,5.0,6.0,2.0,1.2,0.0,0.23,-1.0,0.0,0.54,1.0,2.0,1
0.0,0.77,1.0,0.0,0.0,7.09,0.23,1.0,0.0,0.0,3.14,6.13,-2.09,0.0,0.68,1.54,-2.72,0.23,-0.05,-2.32,-23.77,-24.47,0.0,0.69,0.0,-0.77,0
1.94,0.0,1.0,0.0,5.87,2.81,0.06,-1.81,-8.42,-13.1,1.19,1.01,-2.81,-1.87,1.94,4.68,-44.91,0.06,-2.63,-1.87,-3.12,1.0,0.0,0.61,0.47,-2.81,0
1.02,0.0,2.0,2.0,1.51,3.58,0.46,2.02,2.54,2.0,14.58,0.63,0.51,67.73,1.0,1.02,7.02,3.0,7.7,-0.51,3.68,1.0,0.0,0.76,0.0,2.51,0
0.0,0.0,1.0,1.0,0.0,0.0,0.05,1.0,0.0,1.95,6.9,1.01,0.0,107.55,4.9,-1.9,3.85,1.95,9.16,0.05,0.72,1.0,0.0,0.87,0.0,0.95,0
-0.63,0.0,1.0,0.63,-1.26,0.63,1.37,2.89,10.2,10.09,9.31,0.37,1.26,12.62,1.37,0.37,45.91,1.63,4.69,1.26,6.84,1.0,0.0,0.44,1.32,2.89,1
0.0,0.0,1.0,-0.89,0.0,18.91,2.0,1.0,2.89,0.0,1.0,2.27,1.89,-89.08,1.22,0.0,1.0,1.0,2.89,1.89,-1.9,2.0,0.0,1.0,0.0,0.0,0
2.12,0.0,2.53,1.0,0.0,4.53,3.06,4.06,3.53,14.15,7.12,-0.06,0.47,63.31,0.94,0.0,4.59,2.0,4.23,0.0,5.01,0.47,0.0,1.0,0.0,0.0,0
0.0,0.0,1.0,1.58,0.0,4.04,2.15,3.0,-0.58,1.0,5.73,-1.06,6.2,0.0,3.58,0.0,5.73,2.0,4.39,2.73,15.58,8.35,0.0,1.29,1.58,0.0,0
0.0,0.0,1.0,3.51,0.0,2.02,3.01,1.0,8.05,11.58,9.99,-0.15,0.51,131.5,5.51,2.01,5.48,1.0,3.7,0.0,5.35,-0.01,0.0,0.26,1.0,2.01,1
0.0,0.0,0.24,-1.52,0.0,0.0,1.76,1.76,9.82,1.76,11.34,0.23,1.0,21.31,2.76,0.76,1.69,1.76,0.36,0.24,7.1,0.24,0.0,1.04,-0.26,-0.52,0
0.0,0.0,1.0,0.39,0.0,0.61,1.0,1.0,0.39,0.0,3.42,0.98,0.0,39.46,4.18,0.0,7.05,1.0,1.36,0.61,2.06,0.39,0.0,0.51,0.0,0.61,0
0.0,0.0,0.41,7.0,0.0,3.35,2.41,1.0,0.0,-0.17,4.17,0.95,2.59,55.52,3.17,0.0,5.11,0.41,1.14,0.41,7.93,1.0,0.0,0.67,1.0,0.0,0
0.0,0.0,1.0,0.0,0.0,2.77,1.0,1.0,3.0,-1.38,-4.85,4.27,0.0,-31.84,2.31,9.38,-1.77,0.31,0.07,-0.38,1.08,1.31,0.0,0.57,0.0,0.0,0
-0.81,2.43,1.0,-1.62,-3.25,2.0,2.0,1.0,2.0,1.0,-1.25,2.85,0.0,-32.45,2.19,0.81,-0.81,0.19,0.95,1.81,1.13,0.19,0.0,0.5,1.0,0.0,0
1.0,0.0,1.0,2.6,0.0,0.0,4.52,1.0,2.48,1.0,5.08,-0.02,1.52,93.4,2.48,0.0,-0.04,1.0,1.88,0.48,5.65,-0.56,0.0,0.8,0.0,0.52,0
0.0,0.0,1.0,0.0,0.0,-1.92,1.0,1.0,-0.59,0.0,6.41,-0.62,1.0,0.0,2.41,0.0,3.41,1.0,0.8,-0.59,3.44,1.59,0.0,1.07,0.0,0.41,0
0.0,28.53,1.0,1.84,0.0,2.84,3.0,1.0,1.0,-0.84,6.71,0.87,6.0,62.93,2.0,1.68,15.07,1.0,2.91,3.0,5.62,6.32,2.0,0.44,0.84,1.84,1
0.0,0.0,1.0,-0.7,0.0,0.0,1.0,1.0,0.3,1.4,9.08,0.97,-0.7,-37.73,-0.1,0.0,2.4,1.0,4.7,4.4,2.5,2.3,0.0,0.71,0.0,0.0,0
1.0,0.0,1.46,2.54,0.0,0.0,2.46,1.0,8.54,2.93,-1.14,0.81,1.0,115.1,4.14,1.0,7.54,0.46,1.37,0.46,5.2,1.54,0.0,0.25,1.0,2.0,1
1.0,2.0,1.0,5.0,1.0,0.0,2.0,4.0,2.0,17.97,8.25,1.68,0.0,40.94,4.68,2.0,8.32,3.0,2.46,0.0,5.15,0.68,0.0,0.67,0.5,1.0,0
0.0,0.0,1.0,0.53,0.0,1.53,0.47,0.47,1.0,20.84,47.36,0.84,-0.74,51.84,3.53,1.0,12.09,0.47,1.87,0.0,-4.06,-0.07,0.0,0.44,-0.18,1.6,0
-9.4,-8.55,1.0,-6.84,-1.71,3.42,0.15,1.0,0.0,-20.22,-5.66,1.25,0.85,-32.63,1.85,0.0,-0.27,-0.71,2.19,2.0,2.45,1.0,0.0,0.84,0.0,0.0,0
0.57,0.0,1.0,0.57,0.57,-2.29,1.0,1.0,1.0,2.86,5.15,2.29,0.43,43.45,3.43,3.0,-2.43,2.14,7.31,4.0,-1.69,2.0,0.0,1.06,0.0,-0.57,0
0.0,0.69,1.0,2.0,1.0,6.23,1.0,1.0,0.31,4.62,13.62,4.14,0.0,62.17,-0.38,2.08,-2.77,2.31,4.7,0.31,-1.16,-1.08,0.0,0.57,1.0,1.0,0
0.0,0.0,1.0,0.0,0.0,10.0,1.0,1.0,1.0,0.0,3.0,4.59,0.0,0.0,3.0,0.0,2.0,2.0,3.5,1.0,1.75,1.0,0.0,0.56,0.0,1.0,0
-1.6,0.0,1.0,0.2,0.0,8.2,0.2,-2.21,-1.6,-6.42,-0.81,3.95,0.0,83.15,-0.41,0.0,-5.62,0.2,3.49,1.8,0.04,1.8,0.0,0.67,0.0,-1.6,0
0.0,0.0,1.0,0.54,0.0,3.46,1.54,1.54,0.0,4.29,6.46,1.01,1.0,23.6,1.46,-0.54,4.46,1.54,5.61,0.54,9.84,1.54,0.54,1.08,0.0,0.54,0
0.0,0.0,1.0,-0.55,0.0,0.0,1.0,1.0,1.0,0.0,-0.55,1.26,3.55,-55.32,2.45,12.72,3.0,1.0,12.72,13.28,8.72,9.55,0.0,1.25,0.0,0.0,0
0.0,0.55,1.55,-51.44,0.0,2.18,2.55,1.0,0.0,1.0,3.0,2.93,0.0,50.0,2.45,0.55,2.0,0.45,2.55,1.55,3.55,1.55,0.0,1.0,-0.55,0.0,0
-2.48,16.54,0.17,0.0,0.0,3.35,0.17,0.17,-2.48,-7.44,0.38,1.18,1.0,-62.86,2.0,0.83,0.04,-0.65,0.15,0.0,2.54,1.0,0.0,1.09,0.0,0.0,0
0.0,2.09,1.0,0.0,0.0,6.09,1.0,1.0,-0.7,-0.7,4.91,4.09,1.0,-34.91,-0.79,1.4,2.91,-0.4,4.49,2.79,4.44,1.0,0.0,0.72,0.0,-0.7,0
0.0,0.0,1.0,-0.78,0.0,4.0,1.0,1.0,-2.34,-2.34,6.22,2.44,0.22,-42.15,-0.12,0.0,-0.68,1.0,1.49,0.0,-0.79,0.22,0.0,0.83,0.0,1.0,0
-1.94,0.0,0.03,0.0,-17.47,11.76,0.03,-4.82,-6.79,-0.97,-17.26,4.84,1.0,0.0,2.0,-3.85,-1.82,0.03,2.9,0.97,2.48,1.97,0.0,1.22,0.0,-0.94,0
0.0,0.0,1.0,-0.8,0.0,3.8,0.2,1.0,11.0,0.39,-42.44,1.08,0.0,11.33,3.2,31.0,-6.21,0.2,8.6,2.0,2.2,1.0,0.0,0.45,1.0,1.2,0
2.0,0.0,1.0,1.0,-1.19,0.0,1.41,-0.19,3.59,2.0,7.0,0.03,0.0,61.0,7.97,-1.19,4.38,0.41,1.38,0.0,5.73,1.59,0.0,0.63,0.0,0.0,0
0.83,0.0,1.0,0.83,0.83,4.0,1.0,1.0,0.0,4.14,18.59,0.64,1.0,62.9,2.17,0.0,5.0,1.83,9.07,0.0,2.71,0.17,0.0,0.89,0.0,0.0,0
0.0,0.0,1.0,0.0,0.0,-4.8,1.0,1.0,-0.78,1.0,2.22,0.68,0.0,0.0,0.22,3.9,-1.56,2.0,-1.01,0.22,1.19,1.78,0.0,0.86,0.0,-0.78,0
0.0,0.0,1.0,1.0,0.0,0.94,0.06,1.0,0.0,1.0,2.3,1.1,-1.88,71.0,-1.82,0.0,1.06,2.94,6.99,0.94,6.66,7.58,0.0,0.27,0.0,-0.94,0
3.0,0.0,1.0,0.45,0.0,0.55,2.0,0.9,2.55,2.45,3.45,0.42,1.1,72.0,2.0,0.55,2.45,1.45,1.17,-0.55,1.78,-0.55,0.0,0.78,-0.55,1.0,0
0.93,1.86,1.0,4.66,0.93,0.0,1.93,3.8,2.86,17.71,-43.81,1.81,0.0,77.37,8.8,-12.12,-13.85,1.93,-0.04,-0.93,8.08,4.07,0.0,1.14,0.47,0.0,0
-0.55,0.0,-0.1,0.45,-0.55,-3.93,-1.74,1.0,0.55,39.0,88.83,0.19,-0.55,69.62,4.74,0.55,28.0,1.0,2.67,1.0,2.5,2.1,0.0,0.71,0.67,3.55,1
0.0,-1.95,1.0,0.97,0.0,0.14,2.0,1.0,0.97,0.0,7.97,-1.62,2.0,97.27,5.95,-1.95,4.97,1.0,2.57,-0.97,6.69,3.92,0.0,0.97,0.0,1.0,0
0.0,1.0,1.7,2.8,0.0,1.2,2.4,2.4,0.0,4.2,1.4,3.25,2.1,23.11,0.7,2.0,-0.4,0.0,5.67,4.5,7.54,5.9,1.4,0.81,0.0,1.4,0
-0.6,0.0,1.0,0.4,0.0,-1.21,0.4,1.0,1.0,-0.6,-12.26,1.83,0.0,86.13,6.21,-0.6,4.62,1.0,-0.24,-0.6,3.74,3.6,0.0,0.75,0.0,0.0,0
0.0,0.0,1.0,1.0,0.0,-0.83,1.0,1.0,3.0,3.17,3.17,2.57,0.0,51.0,2.17,0.0,9.66,1.83,1.07,-1.66,2.59,1.0,0.0,0.49,0.0,0.0,0
0.0,0.0,1.0,-0.95,1.0,0.0,2.0,1.0,-1.9,-1.81,2.19,3.08,0.05,-18.41,1.05,0.0,-3.66,0.05,-0.92,0.05,-1.12,0.05,0.0,0.74,0.0,0.0,0
0.0,-0.89,1.0,1.0,0.0,-2.66,1.0,1.0,2.66,4.89,16.66,-3.47,0.89,89.17,3.77,-4.43,7.31,2.89,-3.19,-10.63,6.29,1.0,0.0,0.66,0.44,0.89,1
1.86,1.0,1.0,0.0,0.0,4.0,1.93,1.0,2.79,1.86,4.64,3.34,0.0,-36.23,2.79,1.0,1.86,0.0,1.15,-0.86,4.72,1.0,0.0,0.92,0.0,0.0,0
0.0,-1.07,1.0,-1.61,0.0,7.68,-0.07,1.0,0.0,-4.28,-2.75,5.04,-0.54,-41.24,1.54,1.07,-5.1,2.0,-1.7,0.0,-0.65,1.46,0.0,0.73,-0.36,0.0,0
0.0,28.94,1.0,1.85,0.0,-7.66,1.0,1.0,0.15,0.0,8.66,-1.8,1.0,185.12,2.3,1.7,13.07,1.0,1.41,0.0,1.86,1.15,0.0,1.05,0.85,0.0,1
0.0,-3.14,1.0,-2.35,0.0,0.0,0.43,2.0,4.0,3.51,10.65,0.7,-0.78,43.24,1.0,2.0,-7.97,2.78,2.35,0.0,0.92,0.78,0.0,0.82,-0.52,0.0,0
1.23,0.0,0.0,0.62,0.0,0.0,0.0,1.0,-0.62,68.0,1.23,-0.05,0.0,46.24,-1.85,-14.8,0.0,0.62,-13.87,-14.8,0.92,-0.62,0.0,0.35,0.0,2.0,1
0.58,-5.26,1.0,2.17,0.0,-0.58,1.0,1.58,4.09,4.34,10.68,-1.04,0.0,107.76,4.92,-0.58,6.68,3.17,1.33,1.0,3.21,0.42,0.0,1.14,0.29,0.58,0
1.0,1.43,1.0,-2.58,0.0,1.72,1.28,1.0,0.0,-0.43,3.27,2.73,0.0,17.69,4.72,1.43,8.0,2.0,4.17,0.72,3.06,0.28,0.0,0.77,0.0,2.0,0
0.94,0.0,1.0,1.0,0.0,7.88,1.0,1.0,-0.94,8.47,22.65,1.82,0.0,-11.29,-1.82,0.0,6.71,2.0,16.16,2.94,1.29,2.06,0.0,0.85,1.0,0.94,0
0.0,0.0,0.49,48.57,2.0,-5.06,-0.01,1.0,-1.01,0.0,2.49,0.68,0.49,0.0,3.99,0.0,5.49,1.0,-0.35,-0.51,2.48,0.99,0.0,1.0,1.51,0.0,0
0.0,1.0,1.0,0.0,0.0,3.0,0.26,0.26,-0.74,0.74,0.74,5.51,0.0,0.0,-0.74,5.0,-0.47,-0.74,13.49,13.74,-0.72,0.26,0.0,0.43,0.0,0.0,0
0.0,0.0,1.0,0.0,-1.07,1.0,0.46,-0.07,0.0,0.54,1.78,0.9,-0.54,0.0,3.07,-1.07,10.46,0.46,1.12,1.54,3.6,1.0,0.0,0.55,0.0,1.0,0
0.0,0.0,1.0,0.0,1.0,1.0,1.0,1.0,3.0,0.0,2.0,0.56,1.0,0.0,4.48,0.0,11.0,1.0,0.6,0.0,3.17,-0.52,0.0,0.7,0.0,0.0,0
0.0,1.62,1.0,0.0,0.0,7.24,1.0,1.0,0.0,-0.81,5.38,3.18,1.0,0.0,3.0,0.81,5.0,1.0,1.76,-0.81,0.29,-0.62,0.0,1.23,0.0,0.0,0
-1.47,0.0,1.0,0.27,0.0,1.0,1.73,1.0,0.73,2.0,7.53,0.9,0.0,10.91,4.94,0.73,6.2,0.27,5.97,1.73,27.63,28.91,0.73,1.21,0.0,0.0,0
-0.91,-0.91,1.0,5.19,0.0,1.0,2.09,1.0,0.0,-11.67,-11.48,2.91,2.0,5.68,4.72,0.0,-4.43,1.0,-3.53,0.09,3.38,1.91,0.0,0.54,1.0,0.0,0
-0.6,0.0,1.0,5.0,0.0,2.8,2.0,1.0,0.0,-3.38,-5.15,1.5,0.0,73.17,1.0,0.0,-3.59,1.0,-5.39,0.6,1.97,1.0,0.0,0.84,0.0,-0.6,0
-1.42,1.42,1.0,-0.71,-1.42,3.56,0.29,-3.98,-1.13,-6.4,-0.54,3.14,0.29,-57.63,4.58,2.42,-7.83,0.29,2.55,0.71,2.06,2.29,0.0,1.03,-0.55,1.0,0
0.0,0.0,1.0,0.0,0.0,0.0,1.0,1.0,1.83,0.0,1.0,-1.5,0.0,0.0,8.34,0.0,5.67,0.17,5.5,3.67,2.83,2.83,0.0,0.76,0.0,0.0,0
0.59,0.0,1.0,0.59,0.0,1.18,1.59,1.0,0.0,1.18,16.21,0.6,0.0,33.16,2.0,0.59,1.0,2.59,0.93,-1.18,2.36,0.22,0.0,0.79,0.0,0.0,0
1.0,0.0,1.0,0.0,2.0,-2.86,2.57,1.0,-2.0,-5.29,1.29,1.07,0.29,81.44,2.71,-0.43,0.71,0.29,2.38,1.0,4.95,2.43,0.0,0.98,0.0,-1.43,0
0.0,33.06,1.0,0.41,-0.8,0.0,2.2,1.0,-9.55,0.22,3.98,0.96,-3.18,71.1,-2.18,0.8,10.59,1.8,6.8,4.8,0.79,1.2,0.0,0.45,0.53,-1.59,0
0.59,0.0,1.59,0.0,4.13,0.41,1.59,2.18,-1.18,-1.36,14.81,1.73,-1.18,9.45,1.0,2.36,2.59,2.0,1.27,1.0,-0.46,1.0,0.0,0.72,0.0,0.0,0
-0.5,0.0,1.5,0.5,0.0,-0.5,1.5,-1.01,3.01,-0.51,-2.03,0.78,0.5,56.0,-0.0,0.5,0.0,0.5,2.41,1.5,2.26,1.5,0.0,0.76,0.5,0.0,0
0.0,0.0,1.0,0.0,0.0,-3.26,1.0,1.0,2.81,4.0,13.3,-2.11,0.81,88.0,4.26,19.92,5.81,3.81,21.34,20.37,4.16,3.44,0.0,0.92,1.0,1.0,1
-1.91,15.3,1.0,0.13,0.0,0.0,1.04,0.04,-0.78,-3.6,10.04,0.55,0.0,12.52,4.04,1.96,-1.6,1.0,-0.53,-0.96,0.48,0.04,0.0,0.22,0.04,2.91,0
0.0,-2.99,1.0,0.0,0.0,6.0,2.0,1.0,0.0,1.0,6.99,-0.88,4.0,0.0,4.99,1.0,10.0,2.0,5.4,5.0,39.28,34.99,0.0,1.31,0.0,1.0,0
0.69,0.0,2.39,1.69,0.69,6.24,4.47,1.0,1.0,0.0,0.31,0.54,1.39,134.67,3.31,-3.47,1.0,0.31,3.08,0.0,6.27,2.31,0.0,0.89,0.0,0.0,0
0.0,34.0,1.0,0.43,0.0,1.0,1.0,1.0,-1.14,-2.27,9.73,2.4,0.0,69.32,0.43,3.7,11.59,1.43,4.12,2.7,-1.78,0.0,0.0,0.62,1.0,1.0,0
-1.02,-2.05,1.0,3.46,0.0,0.0,1.49,0.49,-2.05,-4.61,3.49,1.04,2.54,29.01,2.51,0.0,-2.07,1.0,1.96,2.49,5.76,6.1,0.0,0.62,-0.51,1.0,0
0.0,-2.13,1.0,5.0,0.0,0.0,2.0,1.0,0.53,2.66,9.32,-0.35,1.0,110.43,3.06,0.53,1.53,2.06,3.89,2.47,4.81,2.53,0.0,0.62,0.0,1.0,0
0.0,0.0,1.0,0.0,0.0,1.65,1.0,1.0,0.84,0.0,-4.03,2.49,0.84,0.0,1.84,-0.84,3.16,2.0,-1.08,0.0,2.12,2.84,0.0,0.3,0.0,-0.84,0
0.0,0.0,1.0,0.89,0.0,-3.46,3.0,1.0,5.67,4.89,6.76,-0.4,0.0,106.56,5.67,0.0,12.33,2.0,3.57,1.89,6.87,1.89,0.0,0.6,0.0,-0.89,0
0.0,0.0,1.0,-0.89,0.0,3.55,1.0,1.0,-1.67,-0.89,14.22,0.94,1.0,-44.43,2.45,1.0,1.78,1.0,4.36,-0.89,6.05,2.11,0.0,1.15,0.0,1.0,0
0.0,0.0,1.0,-0.78,0.0,7.13,1.0,1.0,0.0,-3.13,1.53,6.3,0.78,-58.63,0.78,2.0,1.56,-0.78,-2.54,0.0,-0.45,0.0,0.0,1.01,0.0,0.0,0
0.0,0.0,1.0,0.04,0.96,0.0,1.96,-0.92,1.0,1.92,3.88,1.75,-0.96,158.64,3.08,0.0,-2.85,0.04,1.76,0.0,-1.79,1.04,0.0,0.7,0.04,1.0,0
0.0,2.34,1.0,-0.59,0.0,-0.51,0.83,1.0,2.0,1.0,-0.76,2.3,-4.27,0.0,-0.93,1.17,2.0,0.41,-1.34,-1.17,-6.74,-6.61,0.0,0.3,-0.59,0.0,0
0.0,0.0,1.0,0.0,0.0,3.12,1.0,1.0,0.78,3.0,7.78,0.23,0.0,57.0,0.22,0.0,0.0,1.0,1.71,1.0,0.65,-0.56,0.0,0.63,0.0,0.0,0
1.0,0.0,1.0,1.0,0.0,2.0,0.23,0.23,0.0,10.55,38.71,0.81,-5.42,122.85,2.0,10.84,-0.97,1.77,18.03,1.0,-7.87,-0.55,0.0,-0.08,-0.77,1.77,0
0.0,0.89,1.89,1.79,0.0,-3.14,2.79,3.68,7.14,12.5,31.1,-2.55,1.0,79.44,1.11,2.79,25.42,1.0,3.75,-0.89,7.18,0.11,0.0,0.93,0.45,1.89,1
4.33,0.0,1.0,3.66,0.0,0.0,2.0,1.0,7.0,12.0,26.34,-0.92,0.66,141.79,1.0,-9.62,25.66,2.66,3.92,0.66,6.12,1.33,0.0,0.66,0.5,2.0,1
1.51,0.0,1.76,1.76,12.08,0.76,1.76,5.53,3.27,0.76,21.39,0.92,1.0,175.53,0.22,3.02,5.02,1.76,2.81,0.0,2.94,1.24,0.0,1.03,-0.76,1.51,0
0.0,28.01,1.0,-0.82,0.0,-3.3,0.18,1.0,-2.3,-14.01,-0.12,1.23,0.0,9.89,0.35,1.65,10.06,1.18,2.29,0.0,-1.93,1.18,0.0,0.46,0.82,0.82,0
3.0,0.0,1.0,3.0,0.0,0.0,1.31,1.0,7.0,15.47,33.24,-0.43,0.0,144.7,1.0,0.31,26.39,2.69,2.86,-0.69,3.1,0.0,0.0,0.96,0.5,2.0,1
0.0,4.0,1.0,0.0,0.0,-0.96,1.0,1.0,0.0,0.65,-3.27,3.1,-0.65,0.0,0.0,2.65,0.39,0.0,0.63,2.31,0.55,0.65,0.0,0.23,0.0,0.0,0
0.0,-4.25,1.0,1.0,0.0,2.13,2.42,-9.63,3.13,2.13,-37.98,1.92,0.0,82.28,5.29,0.0,-13.18,0.29,1.19,0.0,3.41,1.71,0.0,0.55,-0.35,-2.13,0
-1.37,0.0,1.0,0.0,-30.93,10.0,2.0,1.0,2.69,0.69,-27.87,2.06,1.0,22.68,5.06,0.0,5.12,1.69,0.78,1.0,2.99,2.69,0.0,0.71,0.0,0.0,0
3.0,3.07,1.0,2.0,0.0,0.77,2.0,7.07,2.54,22.15,-3.83,0.19,0.0,72.93,1.23,0.77,-1.07,2.0,4.59,1.23,5.53,0.23,0.0,0.81,0.0,-0.77,0
1.12,0.0,1.0,4.88,0.0,1.88,-0.63,4.0,-2.63,15.88,13.27,0.89,0.12,73.9,1.12,0.0,7.63,2.0,8.48,2.0,2.22,2.0,0.0,0.93,1.0,0.0,0
0.0,0.0,1.0,0.0,0.0,1.23,1.0,1.0,0.94,0.0,1.34,0.91,1.94,0.0,2.94,0.0,3.11,1.0,2.03,0.0,3.51,1.94,0.0,0.77,-0.94,-1.89,0
0.0,0.0,1.0,0.0,0.13,3.75,1.51,1.0,0.0,0.13,6.36,1.34,1.0,6.36,2.87,0.0,4.62,1.0,3.01,0.25,3.01,1.38,0.0,1.0,0.0,0.0,0
0.0,0.0,1.0,2.95,0.0,1.03,3.0,1.0,4.89,4.87,9.73,0.4,-1.79,86.63,4.92,0.97,9.87,1.0,2.35,0.08,-0.44,-3.68,1.03,0.04,0.0,1.97,1
1.25,2.5,1.0,1.88,0.0,1.5,1.63,1.63,3.13,5.63,3.25,0.26,0.37,50.03,1.37,0.0,7.5,1.0,2.84,0.63,6.6,1.0,0.0,0.92,1.63,2.0,0
0.0,0.93,1.0,1.0,0.0,18.39,1.0,1.0,0.0,-0.93,-2.73,5.72,15.0,-23.3,2.07,2.8,-1.8,-0.86,0.67,3.0,16.97,18.14,0.0,0.8,0.0,0.0,0
0.0,1.0,1.0,-0.64,0.0,4.0,0.36,1.0,1.28,0.64,1.28,4.73,0.64,-53.7,-1.92,1.0,3.84,0.0,1.11,1.64,-0.49,0.36,0.0,0.78,0.32,0.64,0
0.66,0.0,1.0,0.0,0.0,0.0,3.97,1.66,11.51,1.31,4.28,0.87,0.66,18.39,2.0,3.31,-0.66,1.66,2.06,1.0,5.3,0.34,0.0,0.65,0.0,0.0,0
0.0,4.46,2.0,4.0,0.0,-0.49,3.0,3.0,0.0,6.0,-2.2,1.58,2.26,33.0,2.0,0.74,-2.46,2.0,4.88,5.0,8.43,8.26,2.0,0.9,0.0,2.0,0
0.0,0.0,1.0,1.0,0.0,2.13,1.0,1.0,1.0,0.0,2.42,1.98,0.71,100.0,5.71,0.0,-3.27,1.0,1.69,-0.71,6.21,3.0,0.0,1.34,0.0,-0.71,0
0.51,0.0,1.0,3.0,0.0,2.01,1.0,2.0,1.51,1.0,9.04,-0.36,6.05,94.94,0.99,0.0,6.51,2.0,2.68,1.0,6.83,0.99,0.0,0.4,0.0,1.51,0
0.68,1.37,1.0,0.0,0.68,-2.74,1.0,3.05,2.37,17.33,13.42,-0.02,0.0,87.64,4.05,2.37,8.16,3.37,1.99,0.0,4.06,0.32,0.0,1.19,0.34,0.68,0
0.0,0.67,1.0,0.0,0.0,1.0,1.0,1.0,-0.67,1.0,-0.68,3.0,0.0,0.0,0.66,1.67,1.34,-0.34,4.27,6.01,2.03,0.66,0.0,0.62,0.0,0.0,0
0.0,4.0,0.21,0.21,0.0,1.79,2.0,3.42,-0.37,12.63,28.58,0.52,0.79,23.84,3.58,1.0,21.79,1.21,4.93,0.0,6.88,0.0,0.0,0.64,0.0,1.79,0
2.0,0.0,1.0,0.0,45.0,0.0,1.0,1.0,0.0,0.56,74.55,-0.12,0.0,0.0,0.44,8.33,12.67,1.56,5.34,0.56,-0.86,-2.78,0.0,0.82,0.0,0.0,1
0.0,3.0,1.0,0.0,0.52,-1.55,1.52,1.0,0.0,0.52,1.55,1.97,0.52,17.09,0.52,1.0,1.55,-0.52,1.17,1.0,1.29,0.0,0.0,0.55,0.0,0.0,0
0.0,0.0,1.0,0.74,0.0,-2.97,1.0,1.0,1.74,1.0,-1.46,1.2,-0.74,124.31,5.49,0.0,0.77,2.0,0.08,0.0,1.31,1.74,0.0,0.63,0.0,1.0,0
1.0,1.74,1.0,1.58,1.0,-1.16,1.58,1.0,1.16,7.32,18.32,-2.27,0.0,115.42,3.16,-1.16,4.32,3.58,9.22,-0.58,3.39,1.0,0.0,0.66,0.0,0.0,0
0.75,0.0,1.0,2.0,2.99,2.0,2.0,1.0,1.0,3.25,1.0,0.09,6.0,22.34,5.0,0.0,2.76,0.25,2.28,2.25,20.22,11.25,0.0,0.93,0.5,0.0,0
0.0,0.0,1.0,0.71,0.0,1.43,2.43,1.0,0.71,1.29,-28.81,0.83,4.28,46.0,1.71,-10.7,-10.98,0.29,3.62,3.43,6.98,5.99,1.43,0.67,0.0,0.0,0
0.0,0.0,1.0,0.57,2.0,-1.71,2.0,3.0,0.0,2.28,11.28,-0.33,1.57,30.78,2.0,2.0,4.99,2.57,3.58,0.57,4.06,1.57,0.0,0.85,0.0,0.0,0
-4.17,-0.69,1.0,-2.78,-2.08,-1.78,0.31,-3.17,-13.9,-42.08,-95.98,2.58,0.0,2.08,4.78,-0.39,-41.0,-4.56,-0.88,2.0,3.75,3.39,0.0,1.03,0.0,-2.08,0
-4.02,0.33,1.0,-2.68,-2.01,1.32,0.33,-3.02,-13.41,-41.56,-94.51,5.52,0.0,2.01,2.01,0.66,-38.55,-5.36,-1.78,1.0,1.24,3.01,0.0,0.82,-0.67,-2.68,0
0.0,0.0,1.0,0.81,0.0,0.81,0.19,1.0,0.19,1.61,7.45,0.84,0.0,53.24,5.0,-1.61,7.23,1.0,6.9,2.0,1.24,2.0,0.0,1.12,0.0,0.0,0
0.0,0.0,-0.09,-1.09,0.46,0.0,1.46,1.0,1.63,3.0,8.63,0.31,0.54,20.16,1.54,-2.18,-3.81,0.46,0.05,0.46,0.97,0.46,0.0,0.72,-0.54,-0.54,0
0.0,0.0,0.18,-0.82,1.18,0.0,0.18,1.0,5.64,1.64,-3.75,0.48,0.82,-20.55,10.29,1.0,2.82,0.18,-3.27,0.82,5.33,1.82,0.0,0.53,1.0,-1.64,0
0.0,0.0,1.0,1.74,0.0,0.0,1.0,1.0,3.74,-1.17,-13.74,1.2,1.0,71.0,7.22,0.0,7.74,-0.22,1.3,0.26,7.39,3.48,0.0,1.07,0.0,-1.48,0
0.0,0.0,1.0,0.86,0.0,1.0,0.14,2.71,1.14,9.86,48.43,0.32,0.0,91.0,-0.71,4.14,9.0,2.86,1.89,-0.86,-26.74,-32.58,-0.86,0.9,0.86,2.0,1
-1.57,0.0,1.0,-0.04,0.0,0.0,0.48,1.43,0.0,-7.36,-6.45,1.01,1.0,-39.71,3.0,0.0,3.48,1.48,0.93,1.52,7.04,3.04,0.0,0.97,1.0,0.0,0
1.0,0.0,1.0,0.99,2.0,-3.94,4.0,1.0,3.99,4.0,-3.91,0.72,0.01,168.5,6.93,1.0,-3.94,1.0,3.61,1.99,2.08,1.0,0.0,0.2,0.0,0.99,0
0.55,-4.38,1.0,1.1,0.0,-4.93,1.55,1.0,3.55,7.67,8.77,-2.32,0.0,44.39,2.45,3.07,2.1,1.0,3.54,-0.1,4.96,2.55,0.0,0.41,0.0,-0.55,0
1.02,0.0,1.0,2.0,0.0,0.51,1.51,3.04,2.02,4.58,13.62,0.53,0.0,105.22,5.02,0.0,4.55,2.0,3.55,-0.51,1.71,0.49,0.0,0.61,0.0,1.02,0
2.35,0.0,1.78,-0.78,0.0,-3.14,1.78,1.78,3.35,8.06,7.49,-0.82,0.0,92.63,4.0,0.0,10.14,2.78,2.4,-1.57,2.61,-1.35,0.0,0.31,-0.78,1.57,0
3.0,0.0,1.0,3.0,0.0,2.0,2.53,2.0,0.0,4.0,2.41,0.62,3.06,88.0,2.53,0.0,4.94,1.47,1.88,0.53,7.22,2.06,0.53,0.82,0.53,0.53,0
3.0,0.0,1.0,2.0,0.75,0.0,2.0,4.75,8.51,23.51,25.26,-0.32,0.0,102.28,2.0,0.0,3.5,2.75,3.89,1.25,4.52,1.0,0.0,0.88,0.0,0.75,0
0.0,0.0,1.0,3.0,0.0,0.0,2.0,1.0,5.87,12.47,51.15,-0.86,0.0,173.96,4.07,5.67,15.4,1.93,2.16,-1.87,3.99,0.07,0.0,0.2,1.0,2.87,1
0.0,0.0,1.0,0.0,0.0,5.0,1.0,1.0,0.0,1.36,3.72,1.89,0.0,-26.56,1.0,0.0,5.36,2.68,-0.45,-0.68,2.91,2.0,0.0,0.81,0.0,0.0,0
1.98,0.98,1.0,2.97,0.0,-0.95,1.98,1.0,2.98,12.79,19.79,-2.26,8.0,169.69,2.0,0.0,7.9,0.02,6.56,0.0,11.37,1.0,0.0,0.88,0.0,1.0,0
0.0,0.0,2.0,2.0,1.0,0.0,2.88,1.0,0.12,8.14,61.01,-0.97,0.0,67.59,0.12,0.0,27.06,3.88,10.06,0.88,3.38,0.12,0.0,0.88,0.0,3.75,1
0.0,0.0,1.0,0.0,0.0,3.55,1.0,1.0,-0.71,1.0,64.26,0.16,0.71,6.0,-1.13,1.0,27.71,2.0,0.68,-1.42,3.38,0.29,0.0,0.53,0.0,1.71,1
0.0,2.48,1.0,-1.66,0.0,-0.83,1.0,1.0,5.17,-7.28,-21.35,2.76,1.0,-2.67,3.34,0.0,-0.97,-0.66,0.38,0.0,2.47,0.17,0.0,0.84,0.17,-2.48,0
-1.5,0.0,1.0,-0.66,1.0,0.0,0.17,-1.5,-0.83,-8.32,3.52,0.6,0.0,12.75,2.0,0.0,4.5,2.17,4.95,-1.66,4.88,5.16,0.0,0.35,0.0,0.83,0
0.0,1.0,1.0,2.15,0.0,9.0,1.72,1.72,2.87,-0.72,-28.68,6.24,0.0,-3.58,1.43,-0.58,-2.15,0.0,1.42,1.0,3.1,0.72,0.0,0.57,0.0,-1.43,0
0.0,0.0,1.0,0.87,0.0,3.0,1.0,1.0,11.87,5.13,-0.87,0.86,0.0,109.8,5.75,31.0,1.51,0.13,10.16,2.0,3.29,1.0,0.0,0.7,1.0,2.0,0
-1.51,-3.02,1.0,-2.27,0.0,0.0,1.24,1.24,0.22,-3.8,4.0,3.06,0.0,0.54,1.24,0.0,-3.29,2.76,-0.52,-0.76,2.17,2.0,0.0,0.65,-0.76,0.0,0
-1.28,3.64,1.0,-0.64,0.0,0.0,1.0,1.0,0.0,1.28,0.64,3.52,-0.64,-40.43,0.0,1.0,0.0,0.0,1.16,1.64,-1.6,-0.64,0.0,0.69,0.0,0.0,0
0.0,22.95,1.0,0.68,2.0,0.68,1.0,1.0,3.32,0.0,10.1,0.6,0.0,67.51,5.65,2.35,10.1,1.68,0.26,-2.03,-0.6,-2.38,0.0,0.24,1.68,0.68,1
1.0,0.0,0.2,77.46,0.0,1.2,1.2,1.0,1.0,2.0,20.02,1.01,0.0,56.0,1.2,1.0,-7.76,2.0,2.46,0.2,-0.1,-0.8,0.0,1.38,0.8,-0.8,0
0.0,0.6,1.0,-0.8,0.0,1.2,0.4,2.4,-3.59,-3.79,1.0,3.06,1.0,-51.53,1.2,3.0,1.0,0.8,7.55,8.79,4.83,2.0,0.0,0.88,1.0,0.0,0
0.0,6.0,1.0,-0.56,0.0,0.56,1.0,1.0,-0.56,2.0,2.44,1.77,0.0,-43.57,-2.89,0.56,1.0,1.44,2.97,1.44,1.72,1.0,0.0,1.11,0.0,-0.56,0
2.0,0.0,1.0,1.64,0.0,-3.21,-0.29,1.0,0.64,0.0,-0.57,1.31,-2.21,139.29,1.64,-0.64,-4.79,2.0,0.31,-1.57,-17.87,-19.22,0.0,0.54,0.0,-0.64,0
1.0,0.0,1.0,1.0,1.99,2.0,2.0,1.0,0.0,-6.97,6.97,0.67,5.0,3.98,1.0,2.99,6.0,0.0,1.75,4.0,7.03,9.0,2.0,0.23,1.0,-0.99,1
0.0,0.0,0.0,0.59,0.0,0.0,0.0,1.0,0.59,70.36,2.36,0.55,0.0,30.13,-1.77,0.0,4.73,0.0,1.86,0.0,0.89,0.0,0.0,0.45,0.0,2.0,1
-0.75,0.0,1.0,-0.75,-1.99,0.0,2.0,1.0,0.75,2.0,3.76,0.97,1.0,77.79,4.24,0.0,3.0,1.0,0.47,1.0,4.62,1.75,0.0,1.0,0.0,0.0,0
0.0,0.0,1.0,0.0,0.0,0.92,1.0,1.0,1.16,0.0,6.52,0.31,0.92,0.0,3.0,0.0,9.68,1.0,4.62,0.0,4.38,1.0,0.0,0.89,0.0,0.92,0
0.0,0.0,1.0,0.0,0.0,0.0,1.0,1.0,-0.68,3.0,7.0,0.98,0.0,53.59,-0.36,0.0,-0.68,1.0,1.95,1.68,1.47,1.0,0.0,1.08,0.0,0.0,0
1.29,0.0,1.0,0.64,0.0,2.0,2.64,4.58,4.0,5.29,-8.74,0.68,0.0,96.14,3.93,-1.22,-0.29,1.0,2.32,0.0,3.04,1.0,0.0,1.17,1.0,0.0,0
1.0,1.99,1.0,3.98,1.0,5.0,3.0,3.99,1.0,19.92,16.95,-0.86,4.0,-16.93,2.0,2.99,17.97,2.99,6.78,4.0,36.02,30.01,0.0,0.97,0.5,2.0,0
0.0,0.0,1.0,0.0,0.0,5.0,3.0,1.0,-1.98,0.0,4.01,2.69,5.0,0.0,3.99,1.0,4.07,1.0,2.18,4.0,38.06,36.0,0.0,0.86,0.0,1.0,0
0.66,-1.33,1.0,-3.31,29.16,5.0,0.34,-0.99,-1.33,-13.25,27.54,1.06,1.0,-55.0,0.01,-1.33,-0.3,-0.33,2.6,0.0,3.28,1.0,0.0,1.0,-0.33,-0.66,0
3.0,0.0,1.0,1.0,0.86,-0.86,2.86,2.0,2.0,4.72,7.44,-0.97,0.0,124.46,2.0,0.0,1.28,1.14,2.26,0.0,5.24,0.0,0.0,0.86,0.0,1.0,0
2.51,0.0,1.63,0.63,0.0,2.75,1.63,2.25,0.0,12.54,9.51,0.88,0.37,48.92,3.0,0.0,6.88,1.0,5.37,0.0,6.64,1.0,0.0,1.25,0.0,0.0,0
0.0,0.0,1.0,1.0,0.0,0.0,1.0,1.0,0.45,0.55,4.88,0.84,0.0,107.75,2.89,0.0,0.45,1.55,1.87,0.0,1.87,0.89,0.0,0.33,0.0,0.0,0
0.0,-0.77,1.0,0.77,0.0,7.1,2.55,1.0,6.19,8.52,6.23,0.95,1.77,55.74,3.55,1.55,3.23,1.0,3.69,-1.55,5.36,0.23,0.0,0.66,0.0,1.55,0
-1.96,0.98,1.0,-0.98,0.0,6.94,0.02,-2.92,-1.96,-10.77,-11.6,5.63,1.0,-83.23,-0.92,0.98,-1.85,-0.96,1.68,0.98,5.01,1.98,0.0,1.01,0.0,-1.96,0
0.8,0.0,1.0,1.0,0.0,-5.36,2.0,1.0,1.59,0.0,5.77,0.19,2.43,71.59,1.2,0.0,2.8,1.0,1.81,0.61,3.37,-2.11,1.0,0.97,1.0,0.8,1
4.59,0.0,1.0,2.0,0.0,-1.59,2.8,1.61,1.8,13.61,21.59,-0.01,-1.59,72.02,4.39,0.0,1.2,1.2,4.1,2.0,3.42,1.0,0.0,0.72,0.0,0.0,0
0.0,0.0,1.0,1.0,0.0,9.0,1.0,1.0,0.82,0.0,2.35,3.6,0.0,100.0,2.82,0.0,1.65,0.18,4.88,4.29,3.06,3.47,0.0,1.0,0.0,0.0,0
0.0,2.74,0.45,-1.09,0.0,-1.09,-0.09,7.57,-4.93,-5.02,17.78,1.42,0.0,3.28,4.55,-0.55,-1.64,1.0,0.74,1.0,0.87,1.0,0.0,0.86,0.0,0.55,0
4.0,0.0,2.0,3.53,0.0,-1.53,3.0,3.0,2.0,21.0,3.48,0.33,-0.51,113.42,1.49,0.0,1.46,1.0,5.92,1.52,-0.07,1.51,0.0,0.81,0.0,0.51,0
0.0,-2.46,1.0,-0.84,0.0,3.46,-0.23,1.0,0.0,-2.92,9.0,1.71,0.0,18.69,3.23,0.0,-3.99,1.0,5.34,0.39,0.05,1.0,0.0,1.2,-0.41,0.61,0
0.0,0.0,1.0,1.0,0.0,1.0,1.63,1.63,-1.25,-0.5,-1.63,0.92,4.38,10.96,2.0,-1.25,7.75,0.37,5.77,1.63,9.24,2.25,0.0,1.05,0.0,-0.63,0
2.0,0.0,1.0,0.78,45.0,0.0,1.0,1.0,0.0,-2.34,39.32,1.03,0.0,29.61,4.12,0.0,1.0,1.0,3.53,0.78,2.45,0.0,0.0,0.72,0.0,0.78,0
0.0,0.0,1.54,-50.44,0.0,4.0,2.08,1.0,2.17,2.71,12.97,0.78,1.0,48.27,4.17,1.54,7.8,1.0,4.55,0.0,6.21,1.54,0.0,0.66,0.0,1.54,0
0.0,1.0,1.0,-2.82,2.0,7.65,1.0,2.0,1.53,0.0,-0.29,1.51,0.0,-3.53,1.76,15.0,1.0,1.0,3.85,-0.53,1.95,1.0,0.0,1.29,1.0,-0.76,0
0.0,32.81,1.0,0.0,-1.93,0.0,1.0,1.0,-2.89,-0.93,14.72,1.56,-0.96,28.47,-3.82,1.93,1.93,2.96,3.19,0.96,-2.84,0.04,0.0,0.76,0.96,0.96,0
3.0,0.0,1.0,-6.74,1.0,9.89,-0.93,3.0,6.0,0.04,13.85,1.41,1.04,-41.07,3.0,2.96,5.89,1.0,3.44,-0.96,7.15,1.0,0.0,0.88,-0.96,1.96,0
0.0,1.0,1.0,0.75,1.5,6.0,1.0,1.0,2.25,1.5,2.25,4.43,0.75,63.81,3.75,3.0,6.76,-0.75,2.29,1.0,2.47,-0.75,0.0,0.56,0.0,0.0,0
0.0,0.0,1.0,4.21,0.0,4.79,1.21,1.0,0.0,2.0,7.21,1.24,0.0,26.52,0.21,0.0,-1.58,1.0,3.39,0.79,1.19,1.0,0.0,0.72,0.0,0.0,0
-1.88,0.0,1.0,-0.63,0.0,0.0,0.37,0.37,-0.63,-1.88,2.49,1.74,0.63,-45.14,3.25,14.42,3.75,0.37,14.14,15.05,6.16,7.88,0.0,0.68,0.0,0.37,0
0.97,1.94,1.0,4.85,0.97,4.0,1.97,3.91,1.94,19.39,17.67,-0.47,1.0,80.48,4.94,-2.91,13.73,1.97,5.37,0.0,6.64,-0.94,0.0,1.19,0.48,0.97,0
0.78,0.0,2.78,-73.88,3.12,4.0,2.78,3.0,3.0,3.0,8.12,0.05,1.0,75.0,2.0,0.0,3.0,2.0,3.06,0.0,4.84,1.78,0.0,1.0,-0.78,0.0,0
0.0,0.0,1.0,-0.54,0.0,0.0,1.0,-0.08,1.0,0.0,1.62,1.78,-0.54,7.58,0.92,0.0,-1.17,1.0,3.04,2.46,-0.06,2.46,0.0,0.76,-0.54,0.0,0
0.0,-0.6,1.0,0.0,0.0,0.0,1.0,1.0,2.79,-0.6,0.0,0.59,0.6,2.38,3.6,0.0,6.57,0.4,3.06,3.4,7.48,5.0,0.0,0.8,0.3,0.6,0
1.36,0.0,1.0,0.0,30.5,4.0,1.0,1.0,0.0,-1.36,27.33,1.06,1.0,-31.18,2.0,0.0,1.97,1.0,2.24,-1.36,3.47,0.32,0.0,1.23,0.0,0.0,0
1.03,-2.05,1.0,0.51,0.0,0.0,1.51,3.05,1.03,9.65,29.76,-0.76,0.0,130.66,3.05,22.97,4.05,3.03,5.87,-0.51,2.3,1.0,0.0,1.1,0.0,1.03,0
0.0,0.9,1.0,0.9,0.0,2.29,2.81,1.0,0.0,4.52,2.48,0.76,1.0,34.32,2.1,0.0,2.29,1.0,4.77,1.81,3.93,1.0,0.0,0.61,0.0,0.1,0
1.0,0.0,2.0,2.0,0.0,-1.21,2.39,1.0,8.61,5.21,-0.21,0.7,-0.21,102.98,0.79,1.0,2.76,1.0,3.66,1.0,-4.62,1.0,0.0,0.23,1.0,2.61,1
3.07,-9.09,1.0,4.53,1.07,-1.14,2.53,7.74,1.6,19.81,14.42,-1.45,1.53,109.31,4.14,-0.53,10.88,3.07,5.55,1.47,10.12,2.53,0.0,0.73,1.42,0.0,1
0.0,0.0,0.0,0.0,0.0,-4.73,-1.89,1.0,0.0,68.0,-0.95,1.81,-4.73,0.0,-0.95,-0.95,-6.63,0.95,-2.75,-3.79,-34.36,-32.18,0.0,0.62,0.0,1.05,1
0.0,0.0,1.0,1.96,0.0,-3.84,2.0,1.0,4.88,7.96,-1.72,-0.0,0.0,121.02,3.88,0.0,6.24,3.0,3.13,2.96,-0.25,1.96,0.0,0.85,0.0,-0.96,0
0.0,0.0,1.6,2.41,-0.2,0.6,2.2,3.2,7.59,16.61,14.6,0.08,1.8,111.85,-2.01,-0.6,2.0,2.6,5.07,3.01,7.61,5.81,1.2,1.13,-0.6,2.2,0
0.0,2.95,1.0,0.02,1.0,1.97,0.03,-1.95,-14.73,-15.66,10.2,5.06,-2.95,-2.49,0.02,1.97,-36.18,0.03,-2.07,0.98,-6.42,0.0,0.0,0.21,-0.49,-0.95,0
0.0,-0.68,1.0,1.0,0.0,-6.1,1.68,1.68,2.0,0.0,2.35,-3.31,4.74,66.0,6.68,-2.03,10.45,2.35,1.33,0.0,12.15,3.03,0.0,0.81,0.68,0.0,1
1.51,1.0,1.5,0.0,0.0,4.01,1.5,1.5,1.51,3.02,0.5,4.71,0.0,9.57,0.0,5.0,4.02,1.01,13.61,12.5,1.97,0.5,0.0,0.34,0.0,1.01,0
0.0,0.0,1.0,1.6,0.0,2.0,3.0,1.0,0.4,2.39,8.36,0.35,4.21,44.78,1.4,0.0,4.4,1.6,7.35,3.0,3.65,3.22,2.0,0.08,0.0,1.0,1
0.78,4.61,1.0,2.39,0.0,0.0,1.39,2.0,3.17,7.78,-3.28,1.53,0.0,42.73,-1.06,0.61,9.61,0.39,5.34,4.67,1.53,0.39,0.0,1.02,1.0,0.0,0
0.0,0.0,1.0,0.0,-1.15,0.0,1.0,1.0,1.0,2.0,3.15,0.69,-0.57,33.0,0.28,0.0,3.43,1.0,2.95,2.0,5.5,5.29,0.0,0.64,-0.57,0.57,0
-2.61,0.0,1.0,-0.87,0.0,0.0,0.13,0.13,0.13,-2.61,-3.48,3.48,0.87,-62.57,7.74,20.86,0.26,0.13,20.47,21.72,3.55,7.61,0.0,0.54,0.0,-0.87,0
1.07,0.0,1.0,2.14,0.0,5.53,2.53,2.6,0.0,4.27,-2.08,0.92,2.53,-5.88,4.53,0.0,6.67,-0.07,3.58,0.53,5.73,1.53,0.0,0.99,0.53,-0.07,0
0.0,0.0,1.0,-1.98,0.0,-1.98,1.01,2.0,2.98,-0.97,6.98,0.59,-4.95,35.24,-1.97,0.0,4.98,2.0,-0.81,-1.98,-11.03,-10.89,0.0,0.78,0.0,0.99,0
0.0,0.0,1.0,0.0,0.0,4.0,0.27,1.0,1.46,2.91,20.1,0.4,-0.46,64.05,1.54,1.46,7.91,2.46,3.23,-0.73,1.05,-1.18,-0.73,1.01,0.0,0.0,0
-4.56,-0.91,1.0,-5.48,0.0,-0.91,0.09,-1.74,-6.22,-40.17,-73.04,3.59,0.0,-87.64,8.74,0.0,-38.34,-1.74,-2.72,0.0,0.05,1.91,0.0,0.79,-0.55,-3.65,0
0.0,0.0,1.0,0.0,0.0,0.0,1.0,1.0,5.27,3.19,4.64,0.54,0.27,117.63,1.36,-0.73,4.0,1.0,1.16,0.73,0.2,-0.46,0.0,1.04,1.0,-0.73,0
0.0,0.0,1.0,0.0,0.0,0.0,1.0,1.0,0.0,7.0,23.7,0.86,0.0,77.0,1.0,3.25,-1.95,4.0,2.27,1.0,1.6,1.0,0.0,0.81,0.0,2.0,0
0.0,0.0,1.0,0.56,0.0,-1.69,1.0,1.0,1.0,22.92,46.83,0.35,-0.56,104.51,3.44,-2.25,16.49,2.0,-0.32,0.56,1.95,1.0,0.0,1.03,0.37,2.12,1
0.0,8.2,1.0,-2.73,0.0,8.2,0.09,1.0,-2.64,-4.56,-10.02,7.66,1.0,-81.09,1.27,30.29,-1.73,1.0,25.21,26.73,-0.64,2.09,0.0,0.98,-0.91,0.0,0
0.0,-10.06,1.0,0.0,0.0,1.51,1.0,1.0,6.53,3.02,0.0,1.58,0.0,40.76,3.51,15.09,3.52,1.0,8.26,4.01,4.23,3.5,0.0,0.95,0.5,0.0,0
1.0,0.0,1.0,1.75,2.88,-5.26,4.0,1.0,3.88,9.26,13.4,-0.33,1.0,144.52,2.0,1.0,-2.63,1.88,8.89,1.0,-1.02,-5.14,0.0,0.64,0.88,0.88,1
0.0,-13.56,1.0,1.0,0.0,5.81,1.0,1.0,0.8,0.0,4.0,2.09,2.39,100.0,4.39,-0.8,2.39,1.8,1.2,0.2,8.13,8.18,0.0,0.81,0.0,0.0,0
0.0,0.0,1.0,2.0,0.0,1.65,2.0,1.0,6.01,17.0,12.98,0.23,-0.67,88.0,3.67,0.0,4.67,3.0,3.55,1.0,3.34,1.0,0.0,0.75,0.0,0.0,0
0.0,0.0,1.0,1.0,0.0,1.73,1.0,1.0,-1.16,0.58,3.73,2.79,0.0,100.0,-0.89,0.0,0.0,1.58,2.77,2.58,0.71,1.0,0.0,0.39,0.0,0.0,0
0.0,0.0,1.0,3.85,0.0,1.0,1.0,2.0,1.0,-3.25,-1.65,1.39,2.0,120.4,3.7,-0.85,5.15,1.15,1.81,1.0,4.9,2.85,0.0,-0.01,0.0,1.0,0
0.0,6.0,1.0,-0.65,0.0,2.0,1.0,1.0,0.0,-0.65,0.0,3.04,-0.65,-32.34,1.06,6.17,-0.65,1.0,0.38,0.0,-0.2,0.0,0.0,0.75,0.0,0.0,0
0.0,0.0,1.0,1.0,0.55,1.0,2.45,4.55,20.36,27.09,18.0,-0.05,3.0,140.15,0.45,-0.55,41.91,2.55,6.09,3.0,7.96,1.0,0.0,1.13,-0.05,3.0,1
0.0,0.0,1.0,0.22,1.56,0.0,2.0,1.0,-2.34,3.88,57.22,0.58,0.0,44.82,3.0,0.0,24.22,1.22,2.31,0.22,3.15,1.0,0.0,0.91,0.78,2.0,1
0.0,3.63,1.0,2.21,0.0,1.0,4.21,4.0,15.4,23.02,11.4,-0.26,1.79,121.42,-0.21,0.0,52.63,2.0,10.66,5.42,11.73,1.0,0.0,0.76,0.5,3.0,1
1.0,0.0,1.14,1.14,0.0,-3.43,2.14,-0.72,8.0,1.43,-2.43,0.4,0.14,18.68,2.86,1.0,9.57,0.14,3.41,1.0,3.22,1.0,0.0,0.36,1.0,2.0,1
1.0,2.0,1.0,5.0,1.0,0.0,2.0,4.0,3.0,20.0,11.01,0.27,1.0,83.0,5.99,19.93,10.0,2.0,26.8,23.91,5.72,1.0,0.0,1.2,0.5,1.0,0
-0.96,0.0,1.0,1.0,40.22,0.0,1.0,1.0,-1.87,0.0,41.22,1.6,-0.96,100.0,0.25,0.0,-3.79,1.0,2.85,0.0,-0.06,0.04,0.0,0.55,-0.96,-0.96,0
1.68,0.63,1.0,1.0,0.0,0.16,1.16,1.63,0.32,2.38,5.96,0.44,0.84,76.27,1.16,0.16,4.17,2.0,2.83,0.84,4.86,1.68,0.0,0.54,0.0,0.16,0
6.0,0.0,1.0,5.0,0.0,-2.14,2.53,2.53,0.0,18.0,43.33,-0.42,3.21,92.0,0.47,0.0,19.74,2.53,2.72,1.53,10.21,2.07,0.0,0.52,0.53,1.0,1
-2.37,15.81,2.0,-1.58,0.0,0.0,1.21,-1.37,-0.79,-10.65,-10.81,0.93,0.0,-20.07,0.21,0.79,-1.58,1.21,1.37,-0.58,-0.63,0.21,0.0,0.81,0.0,1.58,0
1.0,0.0,1.0,0.0,2.0,0.0,3.41,0.41,3.0,2.83,-0.93,1.62,1.0,34.9,3.76,1.0,-1.76,0.41,3.5,1.0,4.69,2.17,0.0,0.5,0.0,0.0,0
-1.31,1.31,1.0,3.31,0.65,0.0,3.0,2.96,1.73,5.24,-8.17,0.27,1.0,77.11,4.96,0.65,-9.48,1.65,3.12,0.0,6.87,1.0,0.0,0.93,0.0,-0.65,0
0.57,4.0,1.0,2.29,0.0,2.86,1.29,2.0,2.86,7.57,1.0,1.47,0.71,36.42,0.57,0.0,10.43,1.0,3.29,1.0,1.83,1.0,0.0,1.03,1.0,0.0,0
0.0,0.0,1.0,1.22,0.61,0.0,1.0,1.0,1.0,4.65,11.11,-0.33,0.0,84.64,2.78,0.0,6.39,3.22,5.5,0.61,1.35,-0.22,0.0,0.43,0.61,0.61,1
0.0,0.0,1.0,-0.65,0.0,0.0,1.0,1.0,1.0,1.0,7.58,0.34,0.0,-15.44,5.31,0.65,1.69,2.0,2.6,0.0,4.33,1.65,0.0,0.83,0.0,1.65,0
0.65,0.0,1.0,1.0,0.0,1.31,1.65,1.0,1.65,0.0,12.78,1.52,0.0,96.73,5.0,0.65,0.35,1.0,2.57,0.0,3.79,1.35,0.0,0.98,1.0,1.0,0
-0.79,0.0,1.0,-0.79,0.0,0.0,1.0,0.21,-4.73,-1.15,15.48,1.48,0.0,60.76,2.58,14.0,-4.3,2.21,3.28,1.79,0.88,1.79,0.0,0.06,-0.39,1.0,0
1.84,1.68,3.0,5.21,1.84,9.0,6.0,2.68,-1.68,14.32,8.58,0.64,2.0,68.53,2.68,1.68,5.9,1.84,4.88,0.0,5.87,-0.68,0.0,0.8,0.42,0.84,0
0.0,1.0,1.0,-4.55,0.0,4.55,0.09,1.0,0.0,2.0,5.73,1.57,0.0,-51.72,1.91,0.0,4.64,2.0,1.9,-0.73,2.59,0.09,0.0,0.91,0.0,0.0,0
3.0,0.0,1.0,1.2,0.0,-0.9,2.0,0.1,6.1,12.0,27.9,0.78,-1.8,65.89,0.1,1.0,21.4,2.0,7.72,-0.9,-0.08,-0.9,0.0,0.71,0.5,1.1,1
1.03,0.0,1.0,1.51,0.0,10.51,1.51,3.06,0.51,4.11,7.17,0.34,15.0,11.82,3.51,0.0,4.08,1.51,3.28,3.0,20.7,19.49,0.0,0.81,0.0,1.03,0
0.0,0.0,1.81,0.81,0.0,1.0,4.62,1.0,4.62,-45.44,17.05,-0.44,0.0,121.17,3.81,0.0,24.73,4.43,7.62,2.62,10.36,1.81,0.0,0.68,0.0,-1.62,0
-0.75,0.0,0.31,1.0,0.0,-0.69,-0.38,-0.38,-1.38,-13.07,2.69,0.73,1.0,63.31,1.0,0.0,-1.06,2.69,-0.33,1.69,1.6,2.0,0.0,0.52,0.0,0.0,0
3.0,0.0,1.0,2.71,0.0,-2.86,2.0,2.0,4.28,5.86,7.43,0.1,-2.28,122.83,3.14,0.0,1.29,2.0,0.26,-2.28,-13.3,-18.28,0.0,0.68,0.57,1.0,1
0.0,0.0,1.0,1.0,0.0,14.54,1.91,1.0,-0.91,-0.91,4.63,-0.04,16.82,-45.42,2.09,0.0,5.54,0.09,4.2,3.0,33.24,20.0,0.0,0.77,0.0,-0.91,0
1.63,0.0,1.0,0.81,0.0,-3.26,1.81,1.0,2.44,1.63,2.0,0.3,-0.81,49.65,4.63,0.0,-0.44,2.0,0.17,0.0,4.31,2.0,0.0,0.35,0.0,0.0,0
0.0,0.0,1.0,1.0,0.0,-1.37,1.59,1.59,2.37,7.33,12.55,-1.97,0.0,115.72,2.59,0.0,5.78,2.18,7.36,1.0,3.12,1.0,0.0,0.93,0.0,0.0,0
0.0,0.0,1.0,5.0,-0.91,4.0,1.09,1.0,0.0,1.09,5.27,1.94,-0.91,35.92,0.09,0.0,-1.82,1.91,2.7,0.0,0.1,1.0,0.0,0.57,0.0,0.0,0
0.0,0.0,1.0,0.06,0.94,9.94,1.0,1.0,-0.94,0.0,5.87,2.92,0.0,6.48,-0.81,0.0,0.94,1.94,2.31,1.0,4.58,0.06,0.0,1.26,0.94,0.0,0
-2.53,0.0,1.0,0.84,-2.53,0.84,1.84,1.0,-2.53,1.0,59.16,0.27,5.91,6.0,-3.22,1.0,23.62,2.0,2.25,2.53,8.53,11.14,0.84,0.22,0.0,0.16,1
0.0,0.0,-0.68,-0.68,-0.84,0.0,-0.68,1.0,3.84,4.0,0.63,2.36,0.0,-12.14,5.53,-3.37,0.42,0.16,-4.43,-0.84,0.9,1.84,0.0,0.45,-0.84,-0.84,0
0.0,0.0,1.0,1.0,0.0,-0.82,2.0,2.0,-0.64,1.45,14.28,0.01,3.0,-30.49,2.0,8.19,15.92,2.0,7.58,1.82,11.24,2.82,1.0,0.45,0.0,0.18,0
2.0,0.58,1.0,1.0,2.0,1.75,2.0,8.0,2.42,9.0,6.76,2.72,0.42,81.0,-0.08,2.91,8.67,1.42,9.46,7.57,5.72,0.42,0.0,0.46,0.78,0.0,0
0.0,2.5,1.0,0.63,0.0,0.63,2.63,3.5,2.63,9.38,19.89,-1.12,0.0,51.92,0.75,1.63,28.14,1.63,6.06,0.0,7.58,-0.25,0.0,0.48,1.0,1.63,1
0.0,1.0,1.0,-0.76,0.0,7.06,1.0,1.0,-0.76,0.0,4.58,4.84,0.76,-76.4,-0.76,2.0,4.06,0.0,2.2,1.0,2.04,0.24,0.0,0.87,0.0,0.0,0
0.0,0.0,1.0,0.0,0.0,0.0,1.0,1.0,-0.43,0.0,-0.72,3.29,0.72,0.0,3.72,16.47,-2.58,1.0,15.57,17.19,3.9,4.43,0.0,1.11,0.0,0.0,0
4.04,1.0,1.0,6.0,0.0,4.85,1.04,4.0,9.04,42.07,57.84,2.35,0.0,42.04,0.04,-0.96,42.96,4.0,1.31,0.96,3.81,3.89,0.0,0.63,1.56,4.0,1
-3.04,0.76,0.24,0.24,0.0,-0.76,-0.52,-0.52,-1.52,-15.97,-1.8,3.6,0.0,40.7,0.48,0.76,-1.52,0.24,2.41,6.56,-3.98,0.24,0.0,0.21,0.0,0.0,0
4.01,0.8,1.0,4.01,2.41,6.21,0.2,5.81,19.85,46.54,111.54,2.25,-0.8,32.9,5.0,1.6,44.94,6.62,1.45,-1.6,-1.63,-0.6,0.0,0.16,0.0,3.21,1
0.0,0.0,1.0,3.34,0.0,-2.01,1.67,1.0,1.67,2.68,2.98,0.08,3.35,120.47,6.01,0.0,2.0,2.0,4.21,2.01,12.31,8.37,0.0,0.61,0.33,-0.67,0
0.0,0.0,1.0,0.0,0.0,7.1,1.0,1.0,-1.57,0.0,10.67,1.19,1.52,0.0,3.0,-4.19,8.67,1.0,2.87,-0.52,7.24,0.48,0.0,0.63,0.0,1.52,0
0.0,1.0,1.0,0.43,2.0,0.57,1.0,2.0,1.13,4.54,23.56,0.51,0.0,61.35,1.0,17.84,4.97,1.0,1.78,1.0,2.24,0.43,0.0,1.16,1.0,1.13,0
0.0,0.0,1.0,0.8,0.0,0.0,0.2,1.0,-2.39,0.8,0.41,2.91,-0.8,47.84,2.8,5.0,-0.8,2.0,4.09,0.8,0.88,2.8,0.0,0.64,0.0,0.0,0
0.0,0.0,1.0,-0.77,0.0,2.46,0.23,1.0,0.0,0.0,7.0,1.37,-2.85,0.0,5.31,0.77,4.23,1.0,1.8,-0.77,27.37,25.65,-0.77,1.34,0.0,-0.77,0
0.0,0.0,1.0,-0.7,0.0,2.1,0.3,1.0,2.0,-0.9,-20.86,1.67,0.0,27.16,0.3,2.0,-11.08,2.3,-0.83,-0.7,1.99,3.8,0.0,0.96,1.0,0.3,0
1.0,3.37,1.0,2.53,0.0,0.0,4.69,1.0,-2.53,10.74,8.9,-0.43,1.84,120.9,-0.69,-6.74,17.49,2.0,5.59,2.0,9.6,1.16,0.0,1.24,1.56,0.0,1
0.0,9.0,1.0,0.0,0.0,-1.88,1.0,1.0,-1.44,5.05,17.3,2.08,0.0,55.5,-0.72,1.0,0.28,2.16,3.99,0.72,0.94,1.0,0.0,1.0,0.0,1.44,0
0.0,0.0,1.0,0.0,0.0,4.87,1.97,1.0,1.0,-0.97,-51.59,2.46,2.95,-5.84,5.95,23.03,-17.5,0.03,26.55,25.0,17.82,3.0,0.0,1.6,0.0,-0.97,0
0.0,3.7,0.0,89.52,0.0,0.0,-1.85,1.0,0.0,-0.93,-2.78,3.09,-1.85,-73.1,-0.85,1.85,1.85,0.07,-1.23,0.0,-4.78,-0.93,0.0,0.76,0.07,0.0,0
0.0,0.0,1.0,1.0,1.76,1.0,2.0,-4.29,3.52,-14.09,-28.95,0.83,8.0,-66.06,5.52,0.0,-2.4,0.12,2.02,3.0,13.27,13.88,1.0,0.34,1.88,0.0,0
0.0,3.46,1.0,0.0,-0.87,-1.73,-2.46,1.0,1.0,-0.87,2.27,2.28,-0.87,-43.31,0.27,0.0,0.13,1.13,-1.73,-0.87,-2.13,-1.46,0.0,0.66,0.0,0.0,0
0.0,3.03,1.0,2.28,-1.52,0.0,2.76,0.48,1.0,8.07,3.48,0.1,0.0,118.4,0.24,-1.52,15.13,1.24,3.49,0.76,6.54,0.0,0.0,0.72,0.51,0.0,0
0.29,2.12,2.0,1.0,7.0,5.25,-0.12,5.29,-12.03,-2.54,16.51,4.14,-0.71,18.31,1.29,4.0,4.71,1.29,1.4,0.71,-1.45,1.0,0.0,0.61,0.71,0.0,0
0.0,0.0,1.0,1.61,0.0,-1.84,1.0,3.0,-1.22,1.0,4.61,0.14,1.0,61.23,2.39,0.0,4.61,2.0,1.91,1.0,8.01,2.61,0.0,0.99,1.0,0.0,0
0.0,0.0,1.0,-0.97,0.0,-3.89,-0.95,1.0,-7.79,-8.76,22.52,0.45,-0.97,2.92,0.05,21.42,6.95,1.0,1.17,0.0,3.94,6.97,0.0,0.9,0.0,-0.95,0
0.0,6.0,1.0,0.0,0.0,3.42,1.0,16.0,-1.37,0.26,48.79,0.65,0.68,34.82,3.68,-0.37,23.0,0.63,3.39,0.0,6.17,0.0,0.0,1.01,-0.18,2.32,0
1.0,3.82,1.0,1.96,1.0,-8.6,1.96,4.82,0.96,19.33,38.92,-3.92,0.0,155.27,1.04,0.96,20.15,3.0,9.38,-0.96,6.9,0.04,0.0,0.72,0.0,0.0,1
-1.06,0.0,1.53,2.59,0.0,0.53,1.53,2.06,-1.59,3.12,2.88,1.31,1.59,45.18,1.41,0.0,1.0,1.53,11.78,3.65,4.55,5.23,1.06,0.73,0.0,1.06,0
0.0,0.0,0.0,96.0,-1.86,0.0,0.0,1.0,-3.72,1.86,17.69,1.01,0.0,41.9,-4.59,12.1,0.0,2.86,2.7,0.93,-0.78,0.0,0.0,0.91,0.07,0.93,0
0.0,0.0,1.0,1.0,1.07,-2.2,2.0,1.0,2.14,0.0,1.0,0.14,8.0,0.0,5.2,0.53,1.47,0.47,2.55,2.47,9.53,9.26,1.0,0.63,1.53,0.0,1
1.0,0.0,0.0,4.99,4.0,0.0,1.0,1.0,-2.99,-4.99,0.01,0.35,1.99,51.97,2.0,0.0,1.0,0.0,1.82,0.0,5.06,2.0,0.0,1.18,0.0,-1.99,0
-0.9,9.0,0.1,0.0,-6.3,9.0,1.0,-3.5,0.0,-0.9,-21.59,6.3,7.2,-73.77,2.0,5.4,2.2,0.1,4.53,5.7,9.75,10.8,0.9,0.58,0.9,1.0,0
0.0,0.0,1.0,0.0,1.0,5.0,2.0,1.0,2.0,0.0,7.0,0.04,2.0,0.0,5.5,0.5,8.5,0.5,2.65,0.0,16.57,0.5,0.0,0.87,0.5,0.0,0
0.0,0.0,0.0,-0.55,0.0,2.2,0.0,1.0,-0.55,68.0,3.3,0.92,0.55,-54.99,-1.1,0.0,2.75,0.0,0.86,0.0,0.04,-1.1,0.0,0.65,0.0,2.0,0
0.0,1.0,1.0,0.4,0.0,1.0,2.4,1.0,0.6,4.4,0.2,1.72,1.0,8.0,2.6,0.0,3.8,1.0,3.8,1.4,7.13,1.0,0.0,0.46,0.0,0.0,0
0.0,0.0,1.0,1.0,0.0,0.29,1.71,1.71,2.82,44.65,92.77,-0.5,0.0,156.31,1.29,1.41,30.12,1.71,2.91,-0.41,3.01,0.29,0.0,0.57,0.67,3.0,1
0.0,0.0,1.0,0.0,0.0,10.0,2.0,4.85,2.0,8.97,10.61,1.37,1.0,19.23,4.28,-8.33,4.2,0.36,0.85,0.36,3.34,1.36,0.0,1.38,0.0,-0.64,0
-3.31,0.0,-0.83,1.66,0.0,0.0,-0.83,0.17,3.31,57.23,0.0,1.0,0.0,6.63,0.83,0.0,0.83,0.83,-2.11,0.0,-0.9,0.0,0.0,0.42,0.0,2.0,0
0.0,3.15,1.0,0.0,0.0,0.47,0.47,8.35,-0.53,2.05,30.35,1.28,0.0,49.88,0.95,0.53,11.03,1.53,3.25,1.47,1.51,-0.05,0.0,1.21,-0.26,1.58,0
0.0,0.0,1.0,-0.68,0.0,0.0,1.0,1.0,6.0,1.0,3.03,0.15,0.32,3.18,3.64,0.0,3.32,1.68,1.75,0.0,3.31,1.0,0.0,0.77,1.0,0.0,0
1.0,0.0,1.0,1.0,0.0,2.0,1.74,1.0,2.74,-2.21,4.05,0.18,8.0,44.35,1.26,0.74,12.31,1.0,2.84,0.0,10.27,1.0,0.0,0.58,0.74,1.74,1
0.0,-4.44,1.0,0.0,0.0,1.52,1.0,1.0,11.0,6.74,2.22,-0.14,0.0,81.0,4.74,30.26,5.0,1.0,11.32,2.74,3.74,1.74,0.0,0.55,1.0,2.0,0
-2.47,0.0,1.0,1.0,-0.82,-2.47,1.0,-0.65,-1.94,3.18,1.53,0.89,-0.82,22.19,3.0,-1.65,11.29,1.0,3.18,0.0,0.5,1.0,0.0,0.98,0.0,-0.82,0
2.0,0.0,1.0,4.97,-1.93,1.0,2.0,4.0,-1.93,15.0,7.03,0.45,1.0,129.74,1.03,-0.97,5.97,2.0,5.44,2.0,6.66,2.0,0.0,0.95,0.03,0.0,0
0.0,5.96,1.0,0.0,0.0,7.96,2.0,3.0,0.01,4.0,3.0,4.55,0.0,66.0,1.34,0.66,3.99,2.0,3.1,1.32,2.46,-0.32,0.0,0.62,0.0,0.66,0
0.97,0.0,1.0,1.97,0.0,1.97,1.97,1.0,0.0,39.97,92.79,-3.21,0.0,160.26,4.92,0.0,33.84,1.0,8.09,1.0,5.51,1.0,0.0,0.43,0.67,4.95,1
0.0,0.0,1.0,1.85,0.0,0.0,1.0,1.0,4.69,-4.92,-20.3,1.16,1.0,40.7,10.23,0.0,4.54,-1.54,0.32,0.15,4.63,2.0,0.0,0.25,0.0,-1.69,0
-5.54,0.0,1.0,-3.69,0.0,5.0,0.08,0.08,0.92,-16.61,-40.52,4.24,0.0,7.38,4.69,0.0,-9.84,1.08,-2.36,-0.92,1.49,3.85,0.0,0.97,0.0,-0.92,0
0.6,4.0,1.0,1.6,0.0,3.2,2.6,1.0,2.6,5.2,16.56,-0.49,0.0,101.5,2.6,-8.97,5.6,1.6,4.33,0.6,4.86,1.0,0.0,0.83,0.0,0.0,0
0.0,0.0,1.0,1.7,0.85,4.15,1.15,1.0,9.37,5.11,12.96,0.52,0.3,64.76,6.56,0.85,10.82,1.0,4.19,-2.56,4.72,-4.96,-1.7,1.3,0.28,2.7,0
2.0,0.0,1.0,3.22,0.0,-2.12,0.44,4.0,-6.24,10.32,25.95,-0.06,0.22,60.54,0.44,-1.56,5.0,3.56,3.8,2.78,4.49,2.78,0.0,1.19,1.0,0.0,0
0.0,0.0,1.0,0.0,0.0,3.41,2.0,1.0,2.0,0.0,2.73,0.18,2.68,0.0,6.36,-10.91,9.41,1.0,1.8,0.0,7.82,4.68,0.0,0.61,0.0,0.68,0
0.0,0.0,1.0,0.0,0.0,4.13,1.0,1.0,0.0,0.0,7.0,1.19,1.0,0.0,2.87,0.0,5.87,1.0,2.57,0.0,4.61,1.0,0.0,1.34,0.0,0.13,0
0.76,0.0,1.0,2.0,1.51,0.0,3.27,1.0,2.51,3.03,8.51,-1.08,0.0,145.99,2.49,-1.51,1.24,2.0,3.75,-2.27,4.28,0.24,0.0,0.36,0.0,0.0,0
0.0,-5.49,1.0,-0.83,1.83,0.0,-0.83,1.0,6.66,-3.57,1.83,0.93,1.0,2.44,11.49,0.91,-4.4,1.0,-5.04,-2.66,-1.18,1.09,0.0,0.53,0.91,0.0,0
0.0,0.0,1.0,0.0,0.0,0.0,1.75,1.75,-0.75,7.0,20.5,0.21,4.5,77.0,-2.75,-0.75,8.26,4.75,1.0,1.75,7.51,1.0,0.0,1.08,0.75,1.25,0
-0.63,1.0,1.0,0.0,0.0,7.16,0.37,0.37,-10.74,-3.16,-4.42,5.12,2.53,-56.84,0.0,1.37,7.32,-0.63,2.37,3.53,21.95,23.74,0.0,0.48,0.0,0.63,0
2.0,0.0,1.0,1.0,0.0,-3.57,2.0,1.0,4.79,2.0,0.75,-0.38,-0.89,61.0,7.68,0.0,-1.57,1.0,-0.13,0.0,5.32,1.0,0.0,0.9,0.0,0.0,0
1.0,0.71,1.0,1.0,0.0,2.0,1.0,1.0,2.0,-1.42,-5.08,0.61,8.0,36.73,2.0,-17.05,1.29,1.0,-0.38,1.42,8.5,1.0,0.0,1.13,0.0,1.0,0
6.0,0.0,1.0,5.0,0.0,-7.7,2.0,2.0,0.0,18.0,50.62,-3.17,0.77,92.0,4.08,0.0,18.31,1.23,1.56,0.23,5.44,1.77,0.0,0.71,0.0,0.23,1
8.4,7.64,1.0,6.11,1.53,0.76,1.76,1.0,-1.29,19.85,22.15,1.11,0.0,70.26,0.47,0.0,4.05,2.53,4.8,3.0,5.23,3.0,0.0,0.9,0.0,0.0,0
-1.0,0.0,1.0,0.0,-3.99,0.0,1.0,1.0,4.0,4.0,1.0,1.18,1.0,113.9,8.99,0.0,7.0,2.0,1.12,1.0,7.35,3.0,0.0,0.54,0.0,0.0,0
0.0,0.0,1.0,2.8,0.0,1.2,2.0,2.59,-0.59,-2.38,-31.69,0.12,6.8,-31.56,6.59,-3.99,1.01,1.0,3.35,3.8,26.08,13.59,0.0,0.79,1.3,-1.59,0
1.0,0.7,2.0,2.0,0.0,0.0,1.6,1.0,5.9,-0.19,-0.4,3.29,1.0,34.11,0.6,3.79,5.6,0.3,10.14,10.08,0.91,1.0,0.0,0.16,1.0,2.0,0
0.0,0.0,1.0,0.89,0.0,4.0,0.11,1.0,-0.89,0.0,7.89,2.59,-0.77,88.57,3.0,0.0,-0.43,1.0,3.01,0.0,0.7,0.11,0.0,0.47,0.0,0.0,0
0.0,0.0,1.0,0.96,0.0,10.72,1.0,1.0,1.0,1.04,6.93,3.42,0.0,129.5,1.0,0.0,1.0,1.0,2.68,-0.96,1.18,1.0,0.0,0.37,0.0,1.0,0
0.0,0.0,1.0,2.0,0.0,1.0,1.0,1.0,0.38,11.23,30.08,-0.3,0.0,64.98,0.15,1.0,6.62,2.62,1.96,1.62,0.96,0.38,0.0,0.58,0.38,2.38,1
0.71,4.0,1.0,1.0,1.43,4.86,2.71,1.0,4.86,7.57,10.42,0.47,-0.71,95.12,-0.86,3.57,4.29,1.0,3.41,0.0,2.86,0.29,0.0,0.45,0.71,0.0,0
-2.7,0.0,1.0,2.0,0.0,10.4,1.1,0.1,2.2,14.3,14.3,2.8,0.0,23.17,2.1,0.0,3.1,3.0,4.26,2.8,3.93,3.7,0.0,0.87,0.9,-0.9,0
3.0,-0.98,1.0,0.0,3.0,0.0,1.0,1.0,3.98,0.0,2.0,0.51,1.98,0.0,10.93,1.96,4.04,1.98,-0.46,-1.96,6.46,2.96,0.0,1.45,1.0,1.0,0
0.0,1.0,1.0,0.0,1.31,0.0,1.65,2.31,0.0,0.0,4.57,1.87,0.65,0.0,-0.65,2.31,2.35,0.0,7.12,6.0,-1.2,-0.65,0.0,0.4,0.0,0.0,0
0.0,1.71,1.0,0.0,1.0,1.43,5.0,1.0,0.0,1.0,-1.98,2.59,0.43,50.0,0.29,1.14,-0.84,0.43,6.81,4.27,4.03,4.0,0.0,0.76,0.0,0.0,0
1.0,0.0,3.0,1.65,1.0,9.0,6.0,1.0,0.0,0.0,1.65,0.34,2.0,115.11,3.6,0.0,0.0,1.0,4.48,0.65,5.02,-0.3,0.0,0.34,0.0,0.65,0
0.0,0.0,1.0,3.0,0.58,0.0,2.58,1.0,4.0,5.58,-20.12,0.28,0.58,108.02,5.58,-7.64,-6.25,0.42,1.32,0.0,5.53,1.0,0.0,0.83,1.0,0.42,0
0.0,-14.97,1.0,0.0,0.0,12.19,1.0,1.0,0.0,0.0,5.59,6.99,0.8,0.0,1.6,2.2,3.99,0.0,3.05,1.0,2.64,0.8,0.0,0.77,0.0,-1.6,0
0.0,1.0,1.0,0.0,0.0,-3.69,1.0,1.0,0.92,2.0,-3.46,1.21,-0.92,12.0,1.0,-0.92,-1.77,2.0,2.49,4.77,1.21,2.84,0.0,0.99,0.0,-0.92,0
-0.74,0.0,1.0,0.26,0.0,2.22,0.26,1.0,1.0,-0.74,-0.48,2.21,0.74,51.94,4.26,0.0,-0.48,0.26,-1.24,0.0,4.63,3.0,0.0,0.85,0.0,-1.48,0
0.0,0.0,1.0,-0.67,0.0,9.37,1.67,1.0,-0.67,0.0,4.7,0.16,2.7,-67.43,0.33,0.67,9.07,2.0,3.79,3.7,31.46,28.9,0.0,1.08,0.0,0.67,0
0.89,0.0,1.0,2.89,1.0,-1.79,1.0,1.0,1.0,14.05,30.2,-0.24,-0.89,163.67,0.11,0.0,1.79,3.0,18.35,1.89,0.19,1.0,0.0,0.23,1.0,1.0,1
0.0,0.0,1.0,0.22,0.78,-0.78,1.78,1.0,1.0,-28.25,-60.21,1.25,1.0,71.75,3.22,0.0,-19.97,1.0,1.23,0.0,2.84,2.0,0.0,1.05,-0.52,-2.35,0
0.0,0.0,1.0,0.0,0.0,1.7,1.0,1.0,0.0,0.0,-1.25,1.84,-0.85,0.0,-0.7,16.0,-1.7,1.85,-0.24,0.85,4.25,5.95,0.0,0.32,0.0,0.0,0
1.71,0.0,1.0,2.71,4.0,-1.42,1.71,1.0,0.71,1.42,16.08,-2.69,0.0,79.79,2.42,-0.71,1.71,2.42,4.44,0.71,3.97,1.0,0.0,1.0,0.0,0.0,0
0.0,0.0,1.0,1.0,1.0,-2.96,2.0,1.0,1.0,6.96,31.62,-0.05,-0.74,150.41,-0.48,17.77,7.56,2.74,3.01,0.0,-3.84,0.0,0.0,0.69,0.0,1.26,0
0.0,0.0,1.0,5.0,0.0,4.0,1.22,1.0,-0.78,2.0,5.65,2.05,0.78,66.0,2.57,18.02,-10.97,1.0,20.08,19.59,1.12,2.57,0.0,1.25,-0.78,-0.78,0
0.83,0.0,2.66,0.0,0.83,12.47,6.32,1.0,-1.66,-5.81,1.68,0.6,6.66,-19.1,3.0,1.0,0.04,-0.66,3.98,2.34,40.34,36.0,0.0,0.84,0.0,1.0,0
0.0,0.0,1.0,-0.63,0.0,4.0,0.37,1.0,-0.63,-1.26,10.15,1.97,1.0,1.89,3.63,0.63,-2.3,0.37,1.14,-1.26,0.08,1.0,0.0,0.66,0.0,0.0,0
0.0,0.0,1.0,3.65,0.0,-3.65,1.0,1.0,6.0,1.61,1.0,0.56,-3.26,119.07,3.17,0.0,2.78,1.0,-0.62,-1.22,-2.43,-6.3,0.0,0.86,1.0,0.0,0
5.0,0.0,1.0,0.0,44.97,-4.0,0.0,2.0,-5.99,-9.99,45.97,-0.24,-1.0,-11.94,0.0,-2.0,4.0,1.0,0.68,0.0,2.52,0.0,0.0,1.42,0.0,-1.0,0
1.89,-1.78,2.78,1.89,1.89,3.56,5.45,1.0,0.0,5.0,16.89,-2.77,1.78,120.47,1.11,-1.78,2.0,3.0,10.58,-0.89,7.01,1.89,0.0,0.32,0.0,0.0,0
0.0,0.0,1.0,0.0,0.0,4.0,1.0,1.0,0.0,4.98,16.97,-0.89,0.0,75.77,1.01,-1.99,5.0,2.0,0.31,-3.99,3.45,0.0,0.0,0.95,0.0,1.0,0
0.0,0.0,1.0,2.52,0.0,-1.62,0.48,1.0,1.52,10.0,23.86,1.0,-1.05,141.32,3.05,1.0,2.34,2.0,0.93,1.0,-5.16,1.52,0.0,0.33,1.0,3.0,1
0.0,0.0,1.0,0.95,0.0,0.0,1.0,1.0,3.85,2.85,-52.16,1.22,2.0,48.42,4.9,-14.24,-14.09,0.05,1.72,-0.95,5.5,2.0,0.0,0.99,0.0,-0.95,0
3.82,0.64,1.0,3.18,1.91,0.0,1.64,4.82,13.35,46.42,110.84,-0.52,-0.64,138.68,-0.27,1.27,35.61,9.09,4.56,1.0,3.19,0.36,0.0,0.89,0.64,4.54,1
0.0,0.0,2.42,4.42,0.71,1.0,3.42,2.0,6.0,8.0,6.42,-0.34,0.0,139.16,2.29,2.84,11.67,2.0,8.93,0.71,6.87,0.29,0.0,0.65,0.71,0.71,0
0.0,0.0,1.6,0.6,1.0,3.4,1.6,2.2,4.2,1.8,0.2,0.64,1.0,44.96,2.6,-0.6,12.8,1.6,-0.26,0.0,2.14,-1.2,0.0,0.85,0.0,-0.6,0
0.0,0.0,1.0,1.0,0.0,0.0,1.0,1.0,0.0,0.0,2.0,1.75,0.0,100.0,3.0,0.0,3.0,1.0,2.5,0.0,1.5,1.0,0.0,0.82,0.0,0.0,0
0.0,-7.49,0.0,0.0,0.0,-0.83,0.0,1.0,0.0,68.0,4.16,-1.11,0.0,0.0,1.67,-0.83,3.33,0.83,-1.57,0.0,5.16,4.16,0.0,0.6,0.0,2.83,1
