CountDeclMethodPrivate,CountDeclMethodDefault,AvgEssential,CountDeclClassMethod,AvgLineComment,AvgCyclomaticModified,CountLineComment,CountDeclClass,CountDeclMethodProtected,CountDeclInstanceVariable,RatioCommentToCode,AvgLineBlank,PercentLackOfCohesion,MaxInheritanceTree,CountClassDerived,CountClassCoupled,CountClassBase,CountInput_Mean,CountInput_Min,CountOutput_Min,MaxNesting_Min,Del_lines,OWN_COMMIT,MINOR_COMMIT,MINOR_LINE,MAJOR_LINE,target
3.0,0.0,1.0,1.0,4.0,2.0,104.0,2.0,1.0,8.0,0.72,0.0,80.0,6.0,0.0,12.0,1.0,2.31,1.0,1.0,0.0,192.0,0.7,0.0,2.0,0.0,1
0.0,0.0,1.0,0.0,3.0,1.0,39.0,2.0,5.0,0.0,0.87,0.0,100.0,4.0,1.0,10.0,2.0,0.83,0.0,0.0,0.0,2.0,0.25,0.0,3.0,0.0,0
0.0,0.0,1.0,0.0,3.0,1.0,45.0,2.0,2.0,1.0,0.87,2.0,83.0,5.0,1.0,7.0,2.0,1.17,0.0,0.0,0.0,13.0,0.25,0.0,3.0,1.0,0
0.0,0.0,1.0,0.0,3.0,1.0,63.0,1.0,0.0,3.0,0.91,0.0,78.0,1.0,0.0,2.0,2.0,1.85,1.0,1.0,0.0,0.0,0.5,0.0,2.0,2.0,0
0.0,3.0,1.0,3.0,3.0,2.0,72.0,2.0,4.0,1.0,0.73,0.0,50.0,5.0,0.0,5.0,1.0,2.2,0.0,1.0,0.0,0.0,0.5,0.0,3.0,1.0,0
0.0,0.0,1.0,0.0,4.0,1.0,63.0,2.0,4.0,0.0,1.26,0.0,100.0,6.0,1.0,7.0,2.0,2.75,0.0,0.0,0.0,0.0,0.5,0.0,3.0,1.0,0
0.0,0.0,1.0,0.0,10.0,1.0,48.0,2.0,2.0,0.0,1.92,0.0,100.0,8.0,0.0,2.0,2.0,2.0,2.0,1.0,0.0,0.0,0.5,0.0,1.0,0.0,0
1.0,0.0,1.0,0.0,6.0,1.0,190.0,5.0,8.0,6.0,1.08,0.0,100.0,6.0,0.0,5.0,2.0,1.82,0.0,0.0,0.0,84.0,0.5,0.0,2.0,3.0,0
0.0,5.0,1.0,0.0,6.0,1.0,98.0,1.0,0.0,0.0,8.91,0.0,0.0,3.0,1.0,2.0,1.0,1.2,0.0,0.0,0.0,0.0,0.5,0.0,3.0,0.0,0
0.0,0.0,1.0,0.0,2.0,1.0,31.0,1.0,2.0,0.0,1.11,0.0,100.0,6.0,0.0,3.0,1.0,1.33,0.0,2.0,0.0,0.0,0.5,0.0,4.0,1.0,0
0.0,0.0,1.0,0.0,4.0,2.0,39.0,1.0,1.0,0.0,1.05,2.0,100.0,4.0,1.0,4.0,1.0,2.33,1.0,2.0,0.0,1.0,0.67,0.0,3.0,2.0,0
1.0,0.0,1.0,0.0,4.0,1.0,80.0,3.0,10.0,2.0,0.83,1.0,100.0,9.0,1.0,6.0,2.0,2.58,0.0,1.0,0.0,28.0,0.33,0.0,3.0,0.0,0
0.0,0.0,1.0,0.0,7.0,1.0,59.0,2.0,2.0,0.0,2.11,0.0,100.0,6.0,5.0,6.0,2.0,2.25,0.0,0.0,0.0,2.0,0.33,0.0,3.0,0.0,0
0.0,0.0,1.0,0.0,8.0,1.0,57.0,1.0,1.0,0.0,2.11,0.0,100.0,7.0,0.0,8.0,1.0,4.33,3.0,2.0,0.0,0.0,0.5,0.0,1.0,0.0,0
0.0,0.0,1.0,0.0,3.0,1.0,37.0,1.0,4.0,1.0,1.23,0.0,50.0,6.0,2.0,4.0,1.0,2.2,1.0,1.0,0.0,0.0,0.5,0.0,3.0,0.0,0
0.0,0.0,1.0,0.0,7.0,1.0,36.0,1.0,0.0,1.0,1.89,0.0,50.0,7.0,0.0,3.0,1.0,3.0,1.0,1.0,0.0,0.0,0.5,0.0,3.0,0.0,0
0.0,0.0,1.0,0.0,5.0,1.0,65.0,1.0,1.0,1.0,1.97,0.0,60.0,2.0,1.0,5.0,1.0,4.4,3.0,1.0,0.0,8.0,0.25,0.0,3.0,2.0,0
31.0,0.0,2.0,0.0,7.0,3.0,700.0,4.0,0.0,20.0,0.62,1.0,87.0,2.0,0.0,4.0,4.0,4.22,0.0,0.0,0.0,2007.0,0.33,0.0,2.0,4.0,0
0.0,0.0,1.0,0.0,9.0,2.0,82.0,1.0,0.0,1.0,0.94,0.0,75.0,4.0,0.0,7.0,1.0,3.83,1.0,2.0,0.0,185.0,0.33,0.0,3.0,1.0,0
0.0,0.0,1.0,4.0,9.0,2.0,105.0,2.0,3.0,2.0,1.59,0.0,100.0,4.0,0.0,6.0,1.0,2.75,1.0,2.0,0.0,187.0,0.33,0.0,3.0,1.0,0
1.0,0.0,1.0,0.0,4.0,2.0,81.0,3.0,2.0,2.0,0.93,0.0,100.0,1.0,0.0,5.0,2.0,1.75,0.0,1.0,0.0,182.0,0.33,0.0,3.0,0.0,0
0.0,0.0,1.0,1.0,2.0,1.0,40.0,1.0,2.0,0.0,0.39,0.0,77.0,4.0,0.0,0.0,1.0,1.33,0.0,1.0,0.0,150.0,0.33,0.0,2.0,1.0,0
0.0,0.0,1.0,0.0,5.0,1.0,39.0,1.0,0.0,0.0,1.34,0.0,100.0,7.0,0.0,4.0,1.0,1.0,0.0,2.0,0.0,0.0,0.5,0.0,3.0,1.0,0
0.0,0.0,1.0,0.0,8.0,1.0,183.0,1.0,4.0,3.0,1.65,0.0,90.0,6.0,3.0,7.0,3.0,2.56,0.0,0.0,0.0,18.0,0.6,0.0,2.0,1.0,0
0.0,0.0,1.0,0.0,5.0,1.0,26.0,1.0,0.0,0.0,3.25,0.0,0.0,5.0,1.0,1.0,1.0,0.0,0.0,2.0,0.0,0.0,0.5,0.0,5.0,0.0,0
1.0,0.0,1.0,1.0,8.0,4.0,57.0,1.0,1.0,1.0,0.63,2.0,75.0,1.0,2.0,7.0,1.0,4.5,2.0,1.0,0.0,169.0,0.4,0.0,3.0,1.0,1
4.0,0.0,1.0,1.0,5.0,2.0,101.0,1.0,0.0,5.0,0.67,0.0,75.0,1.0,0.0,2.0,2.0,5.38,2.0,1.0,0.0,17.0,0.5,0.0,2.0,1.0,1
0.0,0.0,1.0,0.0,2.0,2.0,42.0,1.0,3.0,4.0,0.34,1.0,46.0,2.0,0.0,2.0,1.0,3.62,2.0,1.0,0.0,191.0,0.33,0.0,1.0,0.0,0
0.0,0.0,1.0,0.0,5.0,1.0,42.0,1.0,2.0,0.0,2.33,0.0,100.0,5.0,1.0,2.0,1.0,2.0,1.0,0.0,0.0,0.0,0.5,0.0,4.0,1.0,0
0.0,0.0,1.0,0.0,4.0,1.0,58.0,1.0,0.0,1.0,1.53,0.0,71.0,1.0,0.0,0.0,2.0,1.86,1.0,1.0,0.0,0.0,0.5,0.0,3.0,0.0,0
0.0,0.0,1.0,0.0,3.0,1.0,50.0,2.0,4.0,0.0,1.02,0.0,100.0,6.0,12.0,6.0,2.0,1.62,0.0,0.0,0.0,0.0,0.5,0.0,5.0,0.0,0
2.0,0.0,1.0,6.0,7.0,3.0,115.0,2.0,1.0,3.0,0.58,0.0,81.0,2.0,0.0,5.0,2.0,2.62,1.0,1.0,0.0,7.0,0.4,0.0,1.0,1.0,0
0.0,0.0,1.0,0.0,4.0,2.0,74.0,1.0,0.0,1.0,3.08,0.0,75.0,3.0,0.0,1.0,1.0,2.0,2.0,1.0,0.0,0.0,0.5,0.0,4.0,0.0,0
0.0,0.0,1.0,0.0,11.0,2.0,79.0,1.0,1.0,1.0,1.76,1.0,50.0,3.0,0.0,3.0,1.0,5.0,5.0,3.0,0.0,0.0,0.5,0.0,3.0,1.0,0
0.0,1.0,1.0,0.0,1.0,1.0,29.0,2.0,0.0,0.0,1.38,0.0,100.0,4.0,2.0,5.0,2.0,2.5,1.0,0.0,0.0,0.0,0.5,0.0,4.0,0.0,0
0.0,0.0,1.0,0.0,0.0,1.0,23.0,2.0,0.0,0.0,1.21,0.0,0.0,5.0,0.0,5.0,2.0,4.0,4.0,2.0,0.0,45.0,0.33,0.0,3.0,0.0,1
0.0,1.0,1.0,0.0,2.0,1.0,29.0,2.0,0.0,0.0,2.23,0.0,100.0,3.0,9.0,1.0,2.0,1.5,0.0,1.0,0.0,1.0,0.33,0.0,3.0,2.0,0
0.0,0.0,1.0,0.0,4.0,1.0,31.0,1.0,0.0,0.0,3.88,0.0,0.0,2.0,1.0,1.0,1.0,1.0,1.0,0.0,0.0,3.0,0.33,0.0,2.0,0.0,0
0.0,1.0,1.0,0.0,1.0,1.0,35.0,2.0,0.0,0.0,2.19,0.0,100.0,4.0,5.0,5.0,2.0,1.5,0.0,0.0,0.0,0.0,0.5,0.0,4.0,0.0,0
0.0,0.0,2.0,0.0,14.0,2.0,52.0,1.0,0.0,0.0,1.41,2.0,100.0,1.0,0.0,8.0,2.0,2.0,1.0,1.0,0.0,4.0,0.5,0.0,3.0,0.0,0
0.0,0.0,1.0,0.0,5.0,1.0,49.0,1.0,1.0,0.0,1.75,0.0,100.0,3.0,2.0,5.0,1.0,4.0,1.0,2.0,0.0,0.0,0.5,0.0,4.0,2.0,0
3.0,0.0,2.0,0.0,12.0,2.0,135.0,1.0,1.0,1.0,1.44,0.0,75.0,3.0,0.0,3.0,1.0,3.5,1.0,1.0,0.0,1.0,0.33,0.0,4.0,2.0,0
0.0,0.0,1.0,0.0,3.0,1.0,25.0,1.0,0.0,0.0,2.78,0.0,100.0,6.0,0.0,0.0,1.0,8.0,8.0,2.0,0.0,0.0,0.5,0.0,5.0,0.0,0
0.0,0.0,1.0,0.0,5.0,2.0,106.0,2.0,5.0,0.0,0.93,0.0,100.0,5.0,0.0,6.0,2.0,2.09,0.0,0.0,0.0,2.0,0.4,0.0,4.0,2.0,0
0.0,0.0,1.0,0.0,2.0,2.0,33.0,1.0,1.0,0.0,1.03,1.0,100.0,4.0,0.0,4.0,1.0,2.0,2.0,2.0,0.0,1.0,0.67,0.0,3.0,1.0,0
0.0,4.0,1.0,0.0,6.0,1.0,46.0,1.0,0.0,0.0,5.75,0.0,0.0,0.0,2.0,1.0,0.0,1.5,1.0,0.0,0.0,0.0,0.5,0.0,3.0,0.0,0
0.0,0.0,1.0,2.0,5.0,1.0,129.0,1.0,4.0,1.0,1.5,0.0,70.0,8.0,0.0,3.0,1.0,3.78,0.0,1.0,0.0,47.0,0.33,0.0,1.0,0.0,0
0.0,0.0,1.0,0.0,5.0,2.0,50.0,1.0,0.0,1.0,1.52,0.0,50.0,2.0,1.0,3.0,1.0,1.67,1.0,1.0,0.0,0.0,0.5,0.0,5.0,0.0,0
0.0,1.0,1.0,0.0,7.0,1.0,45.0,1.0,0.0,0.0,7.5,0.0,0.0,3.0,16.0,1.0,1.0,2.0,2.0,0.0,0.0,3.0,0.33,0.0,3.0,5.0,0
0.0,0.0,1.0,0.0,7.0,1.0,77.0,1.0,1.0,0.0,1.79,0.0,100.0,4.0,0.0,6.0,1.0,1.86,1.0,2.0,0.0,1.0,0.33,0.0,3.0,0.0,0
0.0,1.0,1.0,0.0,13.0,1.0,35.0,1.0,0.0,0.0,7.0,0.0,0.0,0.0,1.0,0.0,0.0,1.0,1.0,1.0,0.0,0.0,0.5,0.0,2.0,1.0,0
1.0,0.0,1.0,0.0,7.0,2.0,171.0,1.0,0.0,8.0,1.05,0.0,87.0,1.0,0.0,4.0,2.0,3.5,0.0,1.0,0.0,3.0,0.67,0.0,3.0,2.0,0
0.0,0.0,1.0,0.0,6.0,1.0,33.0,1.0,1.0,2.0,1.83,0.0,33.0,3.0,0.0,2.0,1.0,2.5,2.0,3.0,0.0,8.0,0.33,0.0,4.0,1.0,0
0.0,0.0,1.0,0.0,6.0,1.0,75.0,1.0,0.0,2.0,1.7,0.0,50.0,6.0,1.0,2.0,1.0,4.33,1.0,2.0,0.0,0.0,0.5,0.0,5.0,1.0,0
0.0,0.0,1.0,0.0,9.0,1.0,85.0,1.0,3.0,1.0,2.18,0.0,83.0,6.0,2.0,6.0,1.0,5.0,1.0,1.0,0.0,0.0,0.5,0.0,5.0,0.0,0
0.0,0.0,1.0,0.0,3.0,1.0,33.0,1.0,1.0,0.0,1.43,0.0,100.0,5.0,0.0,2.0,1.0,0.25,0.0,1.0,0.0,0.0,0.5,0.0,6.0,0.0,0
0.0,0.0,1.0,0.0,4.0,1.0,68.0,1.0,2.0,1.0,1.42,0.0,80.0,5.0,86.0,6.0,1.0,21.4,1.0,2.0,0.0,6.0,0.2,0.0,1.0,0.0,0
0.0,0.0,1.0,0.0,4.0,1.0,38.0,1.0,1.0,0.0,1.03,0.0,100.0,2.0,1.0,3.0,1.0,2.25,0.0,2.0,0.0,0.0,0.5,0.0,2.0,0.0,0
0.0,0.0,1.0,0.0,6.0,1.0,51.0,1.0,1.0,0.0,1.59,0.0,100.0,5.0,0.0,4.0,1.0,2.2,1.0,2.0,0.0,1.0,0.33,0.0,1.0,0.0,0
0.0,0.0,2.0,0.0,20.0,6.0,104.0,1.0,2.0,5.0,0.69,5.0,50.0,4.0,0.0,8.0,1.0,6.25,5.0,2.0,0.0,278.0,0.33,0.0,4.0,0.0,0
0.0,0.0,1.0,0.0,3.0,1.0,37.0,1.0,1.0,0.0,1.95,0.0,100.0,2.0,8.0,2.0,1.0,10.0,1.0,1.0,0.0,0.0,0.5,0.0,4.0,2.0,0
0.0,0.0,1.0,0.0,5.0,1.0,45.0,1.0,1.0,1.0,1.5,0.0,87.0,4.0,3.0,4.0,2.0,3.75,2.0,2.0,0.0,2.0,0.33,0.0,1.0,0.0,0
0.0,0.0,1.0,0.0,5.0,1.0,63.0,1.0,0.0,1.0,1.54,0.0,50.0,3.0,0.0,2.0,1.0,3.71,1.0,1.0,0.0,0.0,0.5,0.0,5.0,1.0,0
3.0,0.0,1.0,0.0,10.0,3.0,150.0,1.0,3.0,4.0,0.63,3.0,65.0,1.0,2.0,26.0,1.0,5.64,1.0,0.0,0.0,87.0,0.27,0.0,1.0,0.0,0
0.0,0.0,2.0,1.0,7.0,3.0,49.0,1.0,0.0,1.0,0.86,1.0,66.0,2.0,0.0,4.0,1.0,2.33,1.0,1.0,0.0,0.0,0.5,0.0,3.0,0.0,0
0.0,2.0,1.0,0.0,6.0,2.0,277.0,2.0,0.0,13.0,0.83,0.0,100.0,3.0,0.0,7.0,1.0,4.59,1.0,1.0,0.0,49.0,0.2,0.0,4.0,2.0,0
4.0,0.0,1.0,0.0,2.0,1.0,133.0,4.0,8.0,8.0,0.7,0.0,85.0,7.0,1.0,2.0,2.0,2.35,0.0,0.0,0.0,18.0,0.25,0.0,2.0,0.0,0
0.0,0.0,1.0,0.0,6.0,1.0,58.0,1.0,3.0,0.0,1.41,0.0,100.0,4.0,3.0,2.0,1.0,2.6,1.0,1.0,0.0,109.0,0.33,0.0,1.0,0.0,0
0.0,3.0,1.0,0.0,8.0,1.0,77.0,1.0,0.0,0.0,7.7,0.0,0.0,4.0,5.0,1.0,1.0,1.0,1.0,1.0,0.0,0.0,0.5,0.0,2.0,0.0,0
0.0,1.0,1.0,0.0,14.0,1.0,41.0,1.0,0.0,0.0,5.86,0.0,0.0,3.0,2.0,1.0,1.0,1.0,1.0,1.0,0.0,0.0,0.5,0.0,2.0,1.0,0
0.0,0.0,1.0,1.0,3.0,1.0,59.0,3.0,0.0,2.0,0.98,0.0,62.0,4.0,2.0,2.0,2.0,3.62,0.0,1.0,0.0,1.0,0.67,0.0,2.0,0.0,0
1.0,2.0,1.0,0.0,9.0,2.0,389.0,11.0,3.0,14.0,1.03,1.0,100.0,7.0,2.0,14.0,2.0,2.9,0.0,1.0,0.0,12.0,0.22,0.0,3.0,5.0,0
0.0,0.0,2.0,0.0,11.0,3.0,66.0,3.0,0.0,0.0,0.82,3.0,100.0,1.0,0.0,12.0,2.0,1.33,0.0,1.0,0.0,11.0,0.25,0.0,1.0,0.0,0
0.0,0.0,1.0,0.0,17.0,1.0,67.0,1.0,0.0,0.0,3.19,0.0,100.0,1.0,0.0,4.0,2.0,0.0,0.0,1.0,0.0,104.0,0.4,0.0,1.0,0.0,0
0.0,0.0,1.0,0.0,4.0,1.0,58.0,1.0,1.0,1.0,0.91,0.0,71.0,2.0,1.0,6.0,2.0,1.0,0.0,1.0,0.0,4.0,0.5,0.0,4.0,2.0,0
0.0,1.0,1.0,0.0,11.0,1.0,33.0,1.0,0.0,0.0,5.5,0.0,0.0,0.0,3.0,1.0,0.0,0.0,0.0,1.0,0.0,1.0,0.33,0.0,3.0,1.0,0
1.0,0.0,1.0,0.0,9.0,2.0,61.0,1.0,0.0,1.0,0.87,2.0,37.0,1.0,0.0,5.0,2.0,3.0,0.0,2.0,0.0,12.0,0.33,0.0,3.0,0.0,0
0.0,0.0,1.0,0.0,3.0,1.0,32.0,1.0,0.0,0.0,2.29,0.0,0.0,1.0,0.0,0.0,2.0,0.0,0.0,0.0,0.0,0.0,0.5,0.0,3.0,0.0,0
0.0,1.0,1.0,0.0,4.0,1.0,48.0,1.0,0.0,0.0,8.0,0.0,0.0,5.0,2.0,2.0,1.0,3.0,3.0,1.0,0.0,2.0,0.4,0.0,3.0,0.0,0
0.0,1.0,1.0,0.0,4.0,1.0,28.0,1.0,0.0,0.0,4.67,0.0,0.0,3.0,5.0,0.0,1.0,19.0,19.0,0.0,0.0,0.0,0.5,0.0,3.0,1.0,0
0.0,1.0,1.0,0.0,7.0,1.0,37.0,1.0,0.0,0.0,7.4,0.0,0.0,0.0,3.0,2.0,0.0,1.0,1.0,1.0,0.0,3.0,0.5,0.0,4.0,3.0,0
2.0,0.0,1.0,0.0,5.0,2.0,495.0,6.0,0.0,16.0,0.68,0.0,93.0,1.0,0.0,21.0,2.0,2.35,0.0,1.0,0.0,8.0,0.38,0.0,3.0,5.0,1
0.0,0.0,1.0,3.0,5.0,1.0,319.0,3.0,0.0,13.0,0.91,0.0,92.0,1.0,0.0,1.0,2.0,3.1,0.0,0.0,0.0,0.0,0.5,0.0,2.0,5.0,0
0.0,0.0,1.0,0.0,5.0,1.0,131.0,1.0,0.0,5.0,1.42,0.0,89.0,1.0,0.0,1.0,3.0,1.21,0.0,0.0,0.0,1.0,0.67,0.0,4.0,3.0,0
3.0,0.0,1.0,0.0,3.0,2.0,73.0,3.0,0.0,6.0,0.63,0.0,55.0,2.0,0.0,5.0,2.0,4.0,2.0,1.0,0.0,1.0,0.33,0.0,2.0,0.0,0
1.0,0.0,1.0,0.0,6.0,4.0,61.0,1.0,0.0,2.0,0.51,1.0,60.0,2.0,0.0,3.0,1.0,4.0,2.0,1.0,0.0,15.0,0.5,0.0,2.0,2.0,0
0.0,0.0,1.0,0.0,5.0,2.0,71.0,1.0,0.0,2.0,0.84,0.0,38.0,1.0,0.0,4.0,2.0,2.22,0.0,0.0,0.0,1.0,0.33,0.0,3.0,1.0,0
0.0,0.0,1.0,0.0,3.0,1.0,55.0,1.0,0.0,1.0,1.31,0.0,58.0,2.0,0.0,2.0,1.0,1.67,0.0,0.0,0.0,68.0,0.5,0.0,1.0,0.0,0
0.0,0.0,1.0,0.0,3.0,1.0,36.0,1.0,0.0,1.0,1.64,0.0,33.0,1.0,0.0,2.0,2.0,1.33,0.0,0.0,0.0,45.0,0.5,0.0,1.0,0.0,0
0.0,0.0,1.0,0.0,6.0,2.0,79.0,1.0,3.0,0.0,0.81,1.0,62.0,2.0,2.0,6.0,1.0,1.75,0.0,1.0,0.0,53.0,0.62,0.0,1.0,0.0,1
0.0,4.0,1.0,0.0,7.0,1.0,53.0,1.0,0.0,0.0,5.89,0.0,0.0,0.0,2.0,2.0,0.0,1.75,1.0,1.0,0.0,6.0,0.25,0.0,3.0,1.0,0
0.0,0.0,1.0,0.0,3.0,1.0,39.0,1.0,0.0,1.0,0.67,0.0,19.0,2.0,0.0,6.0,1.0,1.8,1.0,1.0,0.0,0.0,0.5,0.0,1.0,2.0,0
0.0,0.0,1.0,0.0,9.0,2.0,51.0,1.0,0.0,0.0,1.27,1.0,0.0,3.0,0.0,6.0,1.0,4.0,1.0,2.0,0.0,2.0,0.33,0.0,3.0,1.0,0
0.0,0.0,1.0,0.0,4.0,1.0,31.0,1.0,0.0,0.0,2.07,0.0,0.0,3.0,0.0,4.0,1.0,2.0,0.0,2.0,0.0,0.0,0.5,0.0,4.0,0.0,0
1.0,0.0,1.0,1.0,8.0,2.0,121.0,1.0,0.0,3.0,0.91,0.0,76.0,1.0,3.0,10.0,1.0,5.27,1.0,1.0,0.0,6.0,0.5,0.0,4.0,1.0,0
0.0,2.0,1.0,0.0,20.0,1.0,77.0,1.0,0.0,0.0,11.0,0.0,0.0,0.0,2.0,1.0,0.0,7.0,1.0,1.0,0.0,0.0,0.5,0.0,5.0,0.0,0
2.0,0.0,3.0,0.0,10.0,4.0,66.0,1.0,0.0,1.0,0.67,1.0,75.0,1.0,0.0,7.0,2.0,5.75,4.0,4.0,1.0,0.0,0.5,0.0,5.0,1.0,0
0.0,6.0,1.0,0.0,4.0,1.0,46.0,1.0,0.0,0.0,4.6,0.0,0.0,0.0,1.0,0.0,0.0,1.33,0.0,0.0,0.0,0.0,0.5,0.0,2.0,1.0,0
0.0,23.0,1.0,0.0,5.0,1.0,198.0,1.0,0.0,0.0,5.08,0.0,0.0,0.0,1.0,9.0,0.0,3.0,0.0,0.0,0.0,0.0,0.33,0.0,5.0,3.0,1
0.0,0.0,1.0,0.0,5.0,1.0,47.0,1.0,0.0,0.0,2.61,0.0,0.0,1.0,0.0,0.0,2.0,2.5,0.0,0.0,0.0,0.0,0.5,0.0,4.0,0.0,0
0.0,0.0,1.0,1.0,7.0,1.0,166.0,1.0,3.0,2.0,1.84,0.0,82.0,2.0,3.0,7.0,1.0,2.31,1.0,0.0,0.0,0.0,0.5,0.0,1.0,1.0,0
1.0,0.0,2.0,3.0,14.0,3.0,71.0,1.0,0.0,0.0,0.7,4.0,66.0,1.0,0.0,10.0,1.0,10.0,4.0,6.0,0.0,64.0,0.25,0.0,3.0,4.0,0
0.0,0.0,1.0,0.0,8.0,1.0,86.0,1.0,0.0,0.0,7.82,0.0,0.0,2.0,0.0,0.0,1.0,2.0,0.0,1.0,0.0,0.0,0.5,0.0,1.0,2.0,0
0.0,0.0,1.0,0.0,4.0,2.0,59.0,1.0,0.0,1.0,0.92,0.0,44.0,1.0,0.0,5.0,2.0,1.78,1.0,1.0,0.0,0.0,0.5,0.0,4.0,2.0,0
0.0,2.0,1.0,0.0,7.0,1.0,59.0,3.0,1.0,0.0,1.37,0.0,0.0,1.0,2.0,2.0,2.0,1.2,1.0,1.0,0.0,0.0,0.5,0.0,2.0,0.0,0
0.0,0.0,1.0,0.0,3.0,1.0,55.0,1.0,0.0,1.0,1.12,0.0,18.0,2.0,0.0,1.0,1.0,2.0,0.0,0.0,0.0,0.0,0.5,0.0,2.0,1.0,0
0.0,0.0,1.0,0.0,3.0,1.0,30.0,1.0,0.0,0.0,1.76,0.0,0.0,1.0,0.0,2.0,2.0,1.0,1.0,2.0,0.0,0.0,0.5,0.0,3.0,0.0,0
0.0,0.0,1.0,0.0,4.0,2.0,37.0,1.0,0.0,1.0,0.8,0.0,62.0,2.0,0.0,1.0,1.0,4.0,1.0,1.0,0.0,0.0,0.5,0.0,1.0,0.0,0
1.0,0.0,1.0,2.0,4.0,1.0,49.0,1.0,0.0,1.0,1.4,0.0,66.0,1.0,0.0,1.0,2.0,3.17,1.0,1.0,0.0,0.0,0.5,0.0,3.0,1.0,0
8.0,6.0,1.0,9.0,3.0,3.0,215.0,10.0,0.0,11.0,0.3,0.0,75.0,1.0,7.0,14.0,2.0,4.2,0.0,0.0,0.0,119.0,0.27,0.0,3.0,3.0,1
0.0,0.0,1.0,0.0,1.0,2.0,22.0,1.0,1.0,1.0,0.31,1.0,83.0,2.0,0.0,2.0,1.0,1.33,0.0,1.0,0.0,3.0,0.25,0.0,2.0,0.0,0
0.0,0.0,1.0,0.0,7.0,1.0,57.0,1.0,0.0,0.0,2.04,0.0,100.0,3.0,0.0,0.0,1.0,1.8,1.0,2.0,0.0,0.0,0.5,0.0,2.0,3.0,0
0.0,0.0,1.0,0.0,10.0,2.0,55.0,1.0,0.0,3.0,1.53,1.0,33.0,2.0,1.0,2.0,1.0,3.33,2.0,1.0,0.0,0.0,0.5,0.0,4.0,1.0,0
0.0,0.0,1.0,0.0,6.0,1.0,76.0,1.0,1.0,4.0,1.62,0.0,57.0,1.0,7.0,1.0,1.0,6.71,2.0,1.0,0.0,0.0,0.5,0.0,4.0,1.0,0
0.0,0.0,1.0,0.0,8.0,1.0,58.0,1.0,0.0,2.0,1.71,0.0,66.0,2.0,0.0,3.0,1.0,5.0,4.0,2.0,0.0,2.0,0.33,0.0,5.0,0.0,0
0.0,2.0,1.0,0.0,3.0,1.0,27.0,1.0,0.0,0.0,5.4,0.0,0.0,0.0,1.0,0.0,0.0,3.0,3.0,1.0,0.0,0.0,0.5,0.0,4.0,1.0,0
1.0,0.0,1.0,0.0,4.0,2.0,60.0,1.0,0.0,3.0,0.87,0.0,33.0,1.0,0.0,0.0,1.0,5.88,1.0,1.0,0.0,0.0,0.33,0.0,2.0,2.0,0
0.0,0.0,1.0,10.0,7.0,2.0,371.0,1.0,2.0,2.0,1.21,0.0,73.0,1.0,1.0,5.0,2.0,2.79,1.0,1.0,0.0,0.0,0.5,0.0,1.0,4.0,0
0.0,1.0,1.0,0.0,8.0,1.0,29.0,1.0,0.0,0.0,4.14,0.0,0.0,3.0,1.0,1.0,1.0,1.0,1.0,1.0,0.0,0.0,0.5,0.0,3.0,1.0,0
0.0,1.0,1.0,0.0,4.0,1.0,31.0,1.0,0.0,0.0,2.38,0.0,0.0,2.0,2.0,0.0,1.0,13.5,3.0,1.0,0.0,0.0,0.5,0.0,4.0,1.0,0
0.0,1.0,1.0,0.0,3.0,1.0,27.0,1.0,0.0,0.0,5.4,0.0,0.0,0.0,2.0,1.0,0.0,2.0,2.0,1.0,0.0,0.0,0.5,0.0,5.0,0.0,0
1.0,0.0,1.0,11.0,7.0,1.0,288.0,1.0,0.0,0.0,1.43,0.0,97.0,4.0,0.0,2.0,1.0,3.38,0.0,2.0,0.0,0.0,0.5,0.0,1.0,4.0,0
1.0,0.0,1.0,1.0,9.0,2.0,293.0,1.0,2.0,8.0,0.97,0.0,89.0,1.0,0.0,5.0,2.0,2.18,0.0,1.0,0.0,4.0,0.33,0.0,1.0,3.0,0
0.0,0.0,1.0,1.0,9.0,2.0,282.0,4.0,6.0,2.0,0.88,0.0,100.0,3.0,1.0,9.0,1.0,2.65,0.0,0.0,0.0,1.0,0.33,0.0,1.0,3.0,0
0.0,0.0,1.0,0.0,5.0,1.0,31.0,1.0,0.0,0.0,2.58,0.0,100.0,2.0,3.0,0.0,1.0,4.5,3.0,1.0,0.0,0.0,0.33,0.0,2.0,2.0,0
0.0,0.0,1.0,0.0,4.0,1.0,68.0,1.0,0.0,1.0,1.19,0.0,50.0,1.0,0.0,1.0,3.0,1.67,1.0,1.0,0.0,0.0,0.5,0.0,4.0,1.0,0
0.0,0.0,1.0,0.0,4.0,1.0,68.0,1.0,0.0,1.0,1.19,0.0,50.0,1.0,2.0,1.0,3.0,4.0,1.0,1.0,0.0,0.0,0.5,0.0,4.0,1.0,0
1.0,0.0,2.0,0.0,7.0,2.0,255.0,1.0,0.0,1.0,0.77,0.0,96.0,2.0,2.0,9.0,2.0,5.03,0.0,0.0,0.0,0.0,0.33,0.0,4.0,3.0,0
0.0,2.0,1.0,0.0,11.0,1.0,44.0,1.0,0.0,0.0,6.29,0.0,0.0,0.0,1.0,0.0,0.0,1.0,1.0,1.0,0.0,0.0,0.5,0.0,3.0,1.0,0
0.0,3.0,1.0,0.0,5.0,1.0,37.0,1.0,0.0,0.0,5.29,0.0,0.0,0.0,1.0,1.0,0.0,7.0,0.0,0.0,0.0,0.0,0.5,0.0,3.0,0.0,0
2.0,0.0,1.0,0.0,3.0,1.0,44.0,3.0,0.0,0.0,0.48,2.0,100.0,3.0,0.0,11.0,2.0,2.25,0.0,1.0,0.0,1.0,0.33,0.0,3.0,1.0,0
0.0,0.0,1.0,0.0,1.0,2.0,22.0,2.0,0.0,2.0,0.63,2.0,100.0,5.0,0.0,3.0,2.0,2.0,2.0,5.0,0.0,2.0,0.33,0.0,3.0,0.0,0
0.0,0.0,1.0,0.0,3.0,1.0,22.0,1.0,0.0,0.0,2.0,0.0,100.0,5.0,0.0,1.0,1.0,0.0,0.0,3.0,0.0,0.0,0.5,0.0,3.0,0.0,0
0.0,0.0,1.0,0.0,2.0,1.0,45.0,1.0,2.0,1.0,0.56,0.0,0.0,2.0,0.0,8.0,1.0,0.9,0.0,1.0,0.0,4.0,0.33,0.0,5.0,2.0,0
1.0,0.0,1.0,0.0,2.0,1.0,38.0,1.0,2.0,1.0,0.63,0.0,60.0,2.0,0.0,8.0,1.0,1.6,1.0,1.0,0.0,3.0,0.67,0.0,5.0,0.0,0
0.0,0.0,1.0,0.0,4.0,1.0,118.0,8.0,1.0,3.0,0.71,0.0,100.0,5.0,3.0,12.0,2.0,1.25,0.0,1.0,0.0,2.0,0.33,0.0,3.0,4.0,0
0.0,0.0,1.0,0.0,3.0,1.0,30.0,1.0,0.0,0.0,1.3,0.0,0.0,3.0,0.0,5.0,1.0,2.33,1.0,2.0,0.0,0.0,0.5,0.0,2.0,2.0,0
0.0,0.0,1.0,0.0,4.0,1.0,28.0,1.0,0.0,0.0,1.4,2.0,0.0,3.0,0.0,5.0,1.0,1.5,1.0,2.0,0.0,0.0,0.5,0.0,4.0,1.0,0
0.0,0.0,1.0,0.0,4.0,1.0,25.0,1.0,0.0,0.0,2.08,0.0,100.0,5.0,0.0,1.0,1.0,1.0,1.0,3.0,0.0,5.0,0.25,0.0,3.0,1.0,0
0.0,0.0,1.0,0.0,3.0,1.0,23.0,1.0,0.0,0.0,2.88,0.0,100.0,6.0,0.0,0.0,1.0,0.0,0.0,1.0,0.0,0.0,0.5,0.0,2.0,1.0,0
0.0,0.0,1.0,0.0,3.0,1.0,22.0,1.0,0.0,0.0,2.2,0.0,100.0,5.0,0.0,1.0,1.0,0.0,0.0,3.0,0.0,0.0,0.5,0.0,4.0,0.0,0
0.0,0.0,1.0,0.0,5.0,1.0,37.0,1.0,0.0,0.0,2.06,0.0,0.0,3.0,0.0,3.0,1.0,1.0,1.0,1.0,0.0,0.0,0.5,0.0,2.0,1.0,0
0.0,0.0,1.0,0.0,3.0,1.0,24.0,1.0,0.0,0.0,1.26,0.0,100.0,5.0,0.0,1.0,1.0,0.0,0.0,3.0,0.0,1.0,0.33,0.0,3.0,0.0,0
0.0,0.0,1.0,0.0,3.0,1.0,24.0,1.0,0.0,0.0,2.67,0.0,100.0,5.0,0.0,0.0,1.0,0.0,0.0,1.0,0.0,0.0,0.5,0.0,3.0,0.0,0
0.0,0.0,1.0,0.0,3.0,1.0,24.0,1.0,0.0,0.0,2.67,0.0,100.0,5.0,0.0,0.0,1.0,0.0,0.0,1.0,0.0,0.0,0.5,0.0,4.0,0.0,0
0.0,0.0,1.0,0.0,3.0,1.0,24.0,1.0,0.0,0.0,2.0,0.0,100.0,5.0,0.0,2.0,1.0,0.0,0.0,3.0,0.0,0.0,0.5,0.0,3.0,0.0,0
0.0,0.0,1.0,0.0,3.0,1.0,31.0,2.0,0.0,0.0,1.55,0.0,100.0,5.0,0.0,1.0,1.0,1.0,0.0,3.0,0.0,1.0,0.33,0.0,3.0,0.0,0
0.0,0.0,0.0,0.0,0.0,0.0,23.0,1.0,0.0,0.0,4.6,0.0,0.0,2.0,0.0,0.0,1.0,0.0,0.0,0.0,0.0,4.0,0.67,0.0,3.0,0.0,0
0.0,0.0,1.0,0.0,5.0,1.0,26.0,1.0,0.0,0.0,2.17,0.0,100.0,5.0,0.0,2.0,1.0,0.0,0.0,4.0,0.0,0.0,0.5,0.0,3.0,0.0,0
0.0,0.0,1.0,0.0,5.0,1.0,64.0,1.0,0.0,0.0,0.98,1.0,0.0,3.0,0.0,17.0,1.0,1.38,1.0,1.0,0.0,3.0,0.43,0.0,4.0,1.0,0
0.0,0.0,1.0,0.0,5.0,1.0,26.0,1.0,0.0,0.0,2.17,0.0,100.0,5.0,0.0,3.0,1.0,0.0,0.0,5.0,0.0,1.0,0.67,0.0,3.0,2.0,0
0.0,0.0,1.0,0.0,3.0,1.0,65.0,2.0,0.0,2.0,0.52,3.0,66.0,3.0,0.0,21.0,2.0,1.38,1.0,1.0,0.0,4.0,0.5,0.0,3.0,0.0,0
0.0,0.0,1.0,0.0,5.0,2.0,34.0,1.0,0.0,0.0,0.97,1.0,0.0,3.0,0.0,3.0,1.0,0.33,0.0,2.0,0.0,0.0,0.5,0.0,4.0,2.0,0
1.0,0.0,1.0,0.0,1.0,1.0,33.0,3.0,1.0,1.0,0.77,0.0,66.0,3.0,0.0,5.0,2.0,1.12,0.0,0.0,0.0,4.0,0.5,0.0,4.0,1.0,0
0.0,0.0,1.0,0.0,6.0,2.0,34.0,1.0,0.0,0.0,0.89,6.0,0.0,3.0,0.0,3.0,1.0,0.0,0.0,2.0,0.0,1.0,0.33,0.0,2.0,0.0,0
0.0,0.0,1.0,0.0,4.0,1.0,32.0,1.0,0.0,0.0,1.88,0.0,0.0,3.0,0.0,3.0,1.0,1.0,1.0,1.0,0.0,0.0,0.5,0.0,2.0,1.0,0
0.0,0.0,1.0,0.0,3.0,1.0,23.0,1.0,0.0,0.0,2.3,0.0,100.0,6.0,1.0,1.0,1.0,0.0,0.0,3.0,0.0,0.0,0.5,0.0,3.0,0.0,0
0.0,0.0,1.0,0.0,3.0,1.0,24.0,1.0,0.0,0.0,1.71,0.0,100.0,5.0,0.0,2.0,1.0,1.0,1.0,6.0,0.0,0.0,0.5,0.0,4.0,1.0,0
0.0,0.0,1.0,0.0,3.0,1.0,40.0,1.0,0.0,0.0,1.33,0.0,0.0,3.0,0.0,8.0,1.0,1.8,1.0,2.0,0.0,2.0,0.33,0.0,3.0,1.0,0
0.0,0.0,1.0,0.0,5.0,1.0,24.0,1.0,0.0,0.0,0.96,2.0,19.0,5.0,0.0,1.0,1.0,4.0,4.0,6.0,0.0,1.0,0.33,0.0,2.0,0.0,0
0.0,0.0,1.0,0.0,4.0,1.0,25.0,1.0,0.0,0.0,2.78,0.0,100.0,5.0,0.0,0.0,1.0,0.0,0.0,1.0,0.0,0.0,0.5,0.0,4.0,1.0,0
0.0,0.0,1.0,0.0,3.0,1.0,30.0,1.0,0.0,0.0,0.26,11.0,0.0,2.0,0.0,9.0,1.0,0.67,0.0,1.0,0.0,2.0,0.33,0.0,3.0,1.0,0
0.0,0.0,1.0,0.0,2.0,1.0,45.0,1.0,0.0,1.0,0.56,3.0,16.0,4.0,0.0,2.0,1.0,0.83,0.0,2.0,0.0,1.0,0.33,0.0,2.0,1.0,0
0.0,0.0,1.0,0.0,3.0,1.0,30.0,2.0,0.0,1.0,1.0,0.0,100.0,5.0,1.0,2.0,2.0,0.5,0.0,1.0,0.0,0.0,0.5,0.0,3.0,2.0,0
0.0,0.0,1.0,0.0,4.0,1.0,24.0,1.0,0.0,1.0,1.85,0.0,0.0,5.0,1.0,2.0,1.0,1.0,1.0,5.0,0.0,1.0,0.33,0.0,4.0,1.0,0
0.0,0.0,1.0,0.0,4.0,1.0,24.0,1.0,0.0,1.0,1.6,0.0,50.0,5.0,1.0,2.0,1.0,1.0,1.0,5.0,0.0,1.0,0.33,0.0,3.0,0.0,0
0.0,0.0,1.0,0.0,5.0,1.0,36.0,1.0,1.0,0.0,1.57,0.0,100.0,5.0,0.0,4.0,1.0,2.0,1.0,2.0,0.0,0.0,0.5,0.0,4.0,1.0,0
0.0,0.0,1.0,0.0,3.0,1.0,23.0,1.0,0.0,0.0,2.88,0.0,100.0,6.0,0.0,0.0,1.0,0.0,0.0,1.0,0.0,0.0,0.5,0.0,2.0,2.0,0
0.0,0.0,1.0,0.0,3.0,1.0,24.0,1.0,0.0,0.0,2.18,0.0,100.0,5.0,0.0,1.0,1.0,0.0,0.0,3.0,0.0,0.0,0.5,0.0,3.0,0.0,0
0.0,0.0,1.0,0.0,4.0,1.0,25.0,1.0,0.0,0.0,2.5,0.0,100.0,5.0,0.0,1.0,1.0,0.0,0.0,3.0,0.0,0.0,0.5,0.0,3.0,0.0,0
0.0,0.0,1.0,0.0,3.0,1.0,24.0,1.0,0.0,0.0,2.0,0.0,100.0,5.0,0.0,2.0,1.0,0.0,0.0,4.0,0.0,0.0,0.5,0.0,4.0,0.0,0
0.0,0.0,1.0,0.0,5.0,1.0,26.0,1.0,0.0,0.0,2.17,1.0,100.0,6.0,0.0,1.0,1.0,2.0,2.0,4.0,0.0,0.0,0.5,0.0,3.0,0.0,0
0.0,0.0,1.0,0.0,4.0,1.0,25.0,1.0,0.0,0.0,2.08,0.0,100.0,6.0,0.0,1.0,1.0,3.0,3.0,4.0,0.0,0.0,0.5,0.0,3.0,1.0,0
0.0,0.0,1.0,0.0,4.0,1.0,25.0,1.0,0.0,0.0,2.5,0.0,100.0,6.0,0.0,0.0,1.0,4.0,4.0,2.0,0.0,0.0,0.5,0.0,4.0,0.0,0
0.0,0.0,1.0,0.0,4.0,1.0,24.0,1.0,0.0,0.0,2.4,0.0,100.0,6.0,0.0,0.0,1.0,2.0,2.0,2.0,0.0,0.0,0.5,0.0,3.0,0.0,0
0.0,0.0,1.0,0.0,4.0,2.0,29.0,1.0,0.0,0.0,1.12,0.0,0.0,3.0,0.0,4.0,1.0,0.5,0.0,2.0,0.0,2.0,0.33,0.0,4.0,0.0,0
1.0,0.0,1.0,0.0,2.0,1.0,31.0,3.0,3.0,2.0,0.58,0.0,100.0,5.0,0.0,3.0,2.0,0.86,0.0,1.0,0.0,0.0,0.5,0.0,2.0,0.0,0
0.0,0.0,1.0,0.0,5.0,1.0,24.0,1.0,0.0,0.0,2.67,0.0,100.0,5.0,0.0,0.0,1.0,0.0,0.0,1.0,0.0,0.0,0.5,0.0,4.0,2.0,0
0.0,0.0,1.0,0.0,6.0,3.0,46.0,1.0,1.0,1.0,0.47,3.0,25.0,3.0,0.0,10.0,1.0,2.75,0.0,2.0,0.0,2.0,0.33,0.0,4.0,2.0,0
0.0,0.0,1.0,0.0,0.0,1.0,20.0,1.0,0.0,0.0,2.0,0.0,100.0,3.0,0.0,0.0,1.0,0.0,0.0,1.0,0.0,0.0,0.5,0.0,3.0,0.0,0
0.0,0.0,1.0,0.0,4.0,1.0,56.0,2.0,2.0,1.0,0.77,0.0,100.0,2.0,0.0,13.0,2.0,1.29,1.0,1.0,0.0,8.0,0.5,0.0,4.0,3.0,0
0.0,0.0,1.0,0.0,1.0,1.0,27.0,1.0,1.0,0.0,0.56,0.0,0.0,3.0,0.0,10.0,1.0,1.67,1.0,8.0,0.0,10.0,0.6,0.0,1.0,0.0,0
0.0,0.0,1.0,0.0,4.0,1.0,29.0,1.0,0.0,0.0,1.07,0.0,0.0,2.0,0.0,8.0,1.0,0.5,0.0,0.0,0.0,13.0,0.25,0.0,1.0,0.0,0
0.0,0.0,1.0,0.0,3.0,1.0,35.0,1.0,1.0,0.0,1.3,0.0,0.0,3.0,0.0,2.0,1.0,1.0,0.0,2.0,0.0,2.0,0.33,0.0,4.0,3.0,0
0.0,0.0,1.0,0.0,3.0,1.0,67.0,1.0,0.0,0.0,0.48,1.0,0.0,2.0,0.0,7.0,1.0,0.2,0.0,1.0,0.0,17.0,0.5,0.0,4.0,0.0,0
0.0,0.0,0.0,0.0,0.0,0.0,19.0,1.0,0.0,0.0,4.75,0.0,0.0,2.0,0.0,0.0,1.0,0.0,0.0,0.0,0.0,0.0,0.5,0.0,2.0,1.0,0
0.0,0.0,1.0,0.0,3.0,1.0,24.0,1.0,0.0,0.0,3.0,1.0,100.0,5.0,0.0,0.0,1.0,3.0,3.0,1.0,0.0,0.0,0.5,0.0,3.0,0.0,0
0.0,0.0,1.0,0.0,3.0,1.0,45.0,3.0,1.0,3.0,0.78,0.0,100.0,5.0,0.0,5.0,2.0,1.57,0.0,1.0,0.0,1.0,0.33,0.0,2.0,0.0,0
0.0,0.0,1.0,0.0,2.0,1.0,36.0,3.0,0.0,0.0,0.59,0.0,0.0,2.0,0.0,3.0,2.0,0.5,0.0,2.0,0.0,3.0,0.33,0.0,1.0,0.0,0
0.0,0.0,1.0,0.0,2.0,1.0,55.0,1.0,10.0,1.0,0.64,0.0,16.0,2.0,72.0,8.0,1.0,20.42,1.0,1.0,0.0,59.0,0.33,0.0,3.0,4.0,0
0.0,0.0,1.0,0.0,4.0,1.0,30.0,1.0,0.0,0.0,2.0,0.0,100.0,5.0,1.0,2.0,1.0,0.5,0.0,2.0,0.0,0.0,0.5,0.0,3.0,0.0,0
0.0,0.0,1.0,0.0,8.0,3.0,58.0,1.0,0.0,1.0,0.89,1.0,50.0,1.0,0.0,3.0,2.0,4.75,4.0,1.0,1.0,0.0,0.5,0.0,3.0,1.0,0
0.0,0.0,1.0,0.0,0.0,1.0,28.0,1.0,0.0,0.0,2.8,0.0,0.0,5.0,0.0,0.0,1.0,1.0,1.0,1.0,0.0,41.0,0.33,0.0,3.0,0.0,0
0.0,0.0,1.0,1.0,4.0,1.0,62.0,5.0,2.0,3.0,0.73,1.0,62.0,7.0,0.0,5.0,2.0,1.38,0.0,1.0,0.0,0.0,0.5,0.0,1.0,0.0,0
0.0,0.0,1.0,0.0,6.0,1.0,34.0,2.0,1.0,0.0,0.94,1.0,0.0,7.0,0.0,2.0,2.0,0.5,0.0,1.0,0.0,0.0,0.5,0.0,1.0,0.0,0
0.0,0.0,1.0,0.0,3.0,1.0,24.0,1.0,0.0,0.0,2.67,0.0,0.0,3.0,0.0,2.0,1.0,1.0,1.0,1.0,0.0,0.0,0.5,0.0,2.0,0.0,0
0.0,0.0,1.0,0.0,2.0,1.0,37.0,3.0,2.0,1.0,0.79,1.0,0.0,6.0,0.0,6.0,2.0,0.5,0.0,1.0,0.0,0.0,0.5,0.0,4.0,0.0,0
0.0,0.0,1.0,0.0,5.0,1.0,32.0,1.0,1.0,0.0,2.0,0.0,0.0,6.0,0.0,2.0,1.0,0.0,0.0,2.0,0.0,0.0,0.5,0.0,1.0,0.0,0
0.0,0.0,1.0,0.0,0.0,1.0,24.0,1.0,0.0,0.0,3.43,0.0,0.0,6.0,0.0,0.0,1.0,0.0,0.0,1.0,0.0,0.0,0.5,0.0,3.0,0.0,0
0.0,0.0,1.0,0.0,0.0,1.0,27.0,1.0,0.0,0.0,3.0,0.0,0.0,6.0,0.0,0.0,1.0,2.0,2.0,2.0,0.0,0.0,0.5,0.0,3.0,0.0,0
0.0,0.0,1.0,0.0,4.0,1.0,41.0,3.0,2.0,1.0,0.84,1.0,50.0,6.0,0.0,6.0,2.0,0.75,0.0,1.0,0.0,0.0,0.5,0.0,3.0,1.0,0
0.0,0.0,1.0,0.0,0.0,1.0,24.0,3.0,3.0,0.0,0.41,1.0,0.0,6.0,0.0,7.0,2.0,0.25,0.0,2.0,0.0,0.0,0.5,0.0,1.0,0.0,0
0.0,0.0,1.0,0.0,5.0,1.0,38.0,1.0,0.0,1.0,1.52,0.0,33.0,6.0,0.0,4.0,1.0,0.67,0.0,1.0,0.0,0.0,0.5,0.0,1.0,0.0,0
0.0,0.0,0.0,0.0,0.0,0.0,23.0,1.0,0.0,0.0,4.6,0.0,0.0,2.0,0.0,0.0,1.0,0.0,0.0,0.0,0.0,3.0,0.5,0.0,3.0,0.0,0
0.0,0.0,1.0,0.0,0.0,1.0,25.0,2.0,0.0,0.0,1.39,0.0,0.0,7.0,0.0,3.0,2.0,1.0,1.0,3.0,0.0,0.0,0.5,0.0,3.0,0.0,0
0.0,0.0,1.0,0.0,8.0,2.0,37.0,2.0,0.0,0.0,0.86,1.0,0.0,6.0,0.0,6.0,2.0,0.5,0.0,8.0,0.0,0.0,0.5,0.0,2.0,1.0,0
0.0,0.0,1.0,0.0,3.0,1.0,30.0,1.0,1.0,0.0,1.88,0.0,0.0,4.0,0.0,3.0,1.0,0.33,0.0,1.0,0.0,0.0,0.5,0.0,3.0,0.0,0
0.0,0.0,1.0,0.0,4.0,1.0,33.0,2.0,0.0,0.0,1.1,0.0,0.0,6.0,0.0,3.0,2.0,1.0,0.0,2.0,0.0,0.0,0.5,0.0,3.0,0.0,0
0.0,0.0,1.0,0.0,0.0,1.0,24.0,1.0,0.0,0.0,2.4,0.0,0.0,6.0,0.0,1.0,1.0,0.0,0.0,3.0,0.0,0.0,0.5,0.0,3.0,0.0,0
2.0,0.0,1.0,0.0,3.0,2.0,48.0,4.0,1.0,0.0,0.55,0.0,0.0,6.0,0.0,7.0,2.0,1.33,0.0,2.0,0.0,9.0,0.25,0.0,3.0,0.0,0
0.0,0.0,1.0,0.0,0.0,1.0,26.0,1.0,0.0,0.0,2.17,0.0,0.0,6.0,0.0,3.0,1.0,1.0,1.0,3.0,0.0,0.0,0.5,0.0,3.0,0.0,0
0.0,0.0,1.0,0.0,0.0,1.0,26.0,1.0,0.0,0.0,2.36,0.0,0.0,6.0,0.0,3.0,1.0,1.0,1.0,3.0,0.0,0.0,0.5,0.0,3.0,0.0,0
0.0,0.0,1.0,0.0,1.0,1.0,39.0,7.0,0.0,0.0,0.62,0.0,0.0,6.0,0.0,6.0,2.0,0.29,0.0,2.0,0.0,0.0,0.5,0.0,4.0,3.0,0
0.0,0.0,1.0,0.0,3.0,1.0,27.0,1.0,0.0,0.0,2.25,0.0,0.0,4.0,0.0,2.0,1.0,0.5,0.0,1.0,0.0,0.0,0.5,0.0,3.0,0.0,0
0.0,0.0,1.0,0.0,3.0,1.0,67.0,1.0,0.0,5.0,0.78,0.0,75.0,1.0,0.0,0.0,2.0,5.14,0.0,1.0,0.0,0.0,0.5,0.0,2.0,1.0,0
0.0,0.0,1.0,1.0,3.0,1.0,25.0,1.0,0.0,0.0,2.5,0.0,0.0,1.0,0.0,3.0,1.0,5.0,5.0,4.0,0.0,0.0,0.5,0.0,3.0,0.0,0
0.0,0.0,1.0,0.0,2.0,1.0,32.0,4.0,2.0,0.0,0.58,1.0,0.0,8.0,0.0,6.0,2.0,0.4,0.0,0.0,0.0,0.0,0.5,0.0,1.0,0.0,0
0.0,0.0,1.0,0.0,0.0,1.0,31.0,2.0,0.0,0.0,1.48,0.0,0.0,6.0,0.0,1.0,2.0,1.0,0.0,2.0,0.0,0.0,0.5,0.0,3.0,0.0,0
0.0,0.0,1.0,0.0,5.0,1.0,32.0,1.0,0.0,0.0,2.29,0.0,0.0,6.0,2.0,1.0,1.0,3.5,3.0,2.0,0.0,0.0,0.5,0.0,3.0,0.0,0
0.0,0.0,1.0,0.0,5.0,1.0,32.0,1.0,0.0,0.0,2.46,0.0,0.0,7.0,0.0,1.0,1.0,2.0,2.0,2.0,0.0,0.0,0.5,0.0,3.0,0.0,0
0.0,0.0,1.0,0.0,0.0,1.0,26.0,1.0,0.0,0.0,2.89,0.0,0.0,7.0,0.0,1.0,1.0,0.0,0.0,5.0,0.0,41.0,0.5,0.0,3.0,0.0,0
0.0,0.0,1.0,0.0,3.0,1.0,37.0,1.0,2.0,1.0,1.12,0.0,60.0,4.0,0.0,7.0,1.0,1.4,0.0,1.0,0.0,1.0,0.33,0.0,1.0,0.0,0
2.0,0.0,1.0,0.0,5.0,1.0,74.0,5.0,3.0,2.0,0.67,1.0,83.0,6.0,0.0,10.0,2.0,1.44,0.0,2.0,0.0,0.0,0.5,0.0,1.0,0.0,0
0.0,0.0,1.0,0.0,3.0,1.0,93.0,6.0,0.0,2.0,0.7,0.0,76.0,8.0,0.0,8.0,2.0,1.14,0.0,1.0,0.0,6.0,0.33,0.0,1.0,0.0,0
0.0,0.0,1.0,0.0,0.0,1.0,16.0,1.0,1.0,1.0,1.23,0.0,50.0,7.0,0.0,4.0,1.0,0.5,0.0,1.0,0.0,0.0,0.5,0.0,4.0,0.0,0
0.0,3.0,1.0,0.0,4.0,1.0,35.0,1.0,0.0,0.0,5.0,0.0,0.0,0.0,1.0,2.0,0.0,1.0,1.0,1.0,0.0,0.0,0.5,0.0,3.0,0.0,0
0.0,0.0,1.0,0.0,3.0,2.0,45.0,1.0,1.0,2.0,1.22,0.0,75.0,4.0,0.0,4.0,1.0,2.0,0.0,1.0,0.0,1.0,0.33,0.0,1.0,0.0,0
0.0,0.0,1.0,1.0,4.0,1.0,24.0,1.0,0.0,0.0,3.43,0.0,0.0,2.0,0.0,0.0,1.0,0.0,0.0,2.0,0.0,0.0,0.5,0.0,3.0,0.0,0
0.0,0.0,1.0,0.0,3.0,1.0,38.0,1.0,2.0,1.0,0.72,0.0,70.0,2.0,0.0,4.0,1.0,0.6,0.0,1.0,0.0,6.0,0.75,0.0,3.0,1.0,0
0.0,0.0,1.0,1.0,5.0,1.0,34.0,1.0,0.0,0.0,1.79,0.0,0.0,3.0,0.0,0.0,1.0,0.67,0.0,2.0,0.0,0.0,0.5,0.0,3.0,1.0,0
0.0,0.0,1.0,0.0,3.0,2.0,50.0,1.0,0.0,2.0,0.65,0.0,43.0,1.0,0.0,9.0,2.0,1.25,1.0,2.0,0.0,3.0,0.25,0.0,3.0,0.0,0
0.0,7.0,1.0,0.0,6.0,1.0,67.0,1.0,0.0,0.0,5.58,0.0,0.0,0.0,1.0,0.0,0.0,0.0,0.0,1.0,0.0,22.0,0.4,0.0,2.0,1.0,0
0.0,0.0,1.0,0.0,3.0,1.0,38.0,1.0,0.0,1.0,2.0,0.0,0.0,1.0,0.0,2.0,2.0,1.6,1.0,2.0,0.0,0.0,0.5,0.0,3.0,0.0,0
0.0,0.0,1.0,0.0,3.0,1.0,77.0,1.0,0.0,1.0,1.0,0.0,0.0,1.0,0.0,3.0,2.0,1.5,1.0,2.0,0.0,0.0,0.5,0.0,3.0,0.0,0
0.0,0.0,1.0,0.0,3.0,1.0,38.0,1.0,0.0,1.0,1.52,0.0,0.0,1.0,0.0,2.0,2.0,1.6,1.0,2.0,0.0,0.0,0.5,0.0,3.0,0.0,0
0.0,0.0,1.0,0.0,4.0,2.0,49.0,1.0,1.0,2.0,0.69,0.0,64.0,1.0,0.0,4.0,2.0,1.29,0.0,2.0,1.0,0.0,0.5,0.0,3.0,0.0,0
0.0,0.0,1.0,1.0,1.0,1.0,22.0,1.0,2.0,1.0,0.69,0.0,83.0,3.0,0.0,8.0,1.0,0.67,0.0,1.0,0.0,3.0,0.33,0.0,1.0,0.0,0
0.0,0.0,1.0,0.0,4.0,1.0,43.0,1.0,0.0,1.0,2.05,0.0,0.0,1.0,0.0,0.0,2.0,1.0,1.0,1.0,0.0,0.0,0.5,0.0,2.0,0.0,0
0.0,0.0,1.0,0.0,0.0,1.0,21.0,1.0,0.0,1.0,0.84,0.0,0.0,1.0,0.0,1.0,1.0,1.83,1.0,1.0,0.0,0.0,0.5,0.0,4.0,0.0,0
1.0,0.0,1.0,2.0,6.0,2.0,90.0,1.0,0.0,6.0,0.63,1.0,80.0,1.0,0.0,3.0,2.0,3.18,0.0,1.0,0.0,0.0,0.5,0.0,2.0,0.0,0
0.0,0.0,1.0,0.0,3.8,1.0,60.26,1.0,0.2,0.8,1.33,0.0,39.81,1.61,1.59,1.41,2.59,3.25,0.8,1.0,0.0,0.0,0.5,0.0,3.8,0.8,0
0.0,2.14,1.0,0.41,9.9,1.14,47.85,1.14,0.55,0.14,5.52,0.0,6.88,0.69,0.86,0.69,0.14,1.17,0.86,1.0,0.0,0.0,0.5,0.0,3.0,1.0,0
0.0,1.46,1.0,0.0,2.44,1.0,31.36,1.0,0.0,0.0,3.79,0.0,0.0,3.08,0.49,2.03,0.51,3.92,0.51,1.54,0.0,0.0,0.5,0.0,3.0,0.0,0
0.0,0.0,1.0,0.0,3.0,1.0,54.72,1.0,0.38,0.0,0.79,0.62,0.0,2.38,0.0,5.08,1.0,0.51,0.0,1.38,0.0,11.24,0.44,0.0,4.0,1.15,0
0.0,0.0,1.0,0.0,3.0,1.0,34.34,1.98,0.49,1.48,1.74,0.0,49.22,3.98,0.0,3.48,1.49,1.28,0.51,1.0,0.0,0.49,0.42,0.0,2.0,0.0,0
0.32,0.0,1.0,0.0,5.0,1.16,105.83,1.8,0.0,2.55,2.18,0.0,14.83,6.04,0.0,4.19,1.16,2.06,1.68,1.84,0.0,1.28,0.48,0.0,3.0,0.8,0
0.2,0.0,1.0,1.2,5.2,1.2,45.04,1.0,0.0,1.18,1.56,0.2,15.77,2.61,0.0,0.59,1.2,1.16,0.0,1.8,0.0,0.0,0.5,0.0,2.8,0.8,0
0.0,0.0,1.0,0.0,3.63,1.63,39.78,1.0,0.63,1.26,1.17,0.0,77.27,2.47,0.0,3.26,1.63,0.81,0.0,2.37,0.63,0.0,0.5,0.0,3.0,0.0,0
0.78,0.0,1.78,0.0,5.72,2.17,44.01,1.0,0.61,0.39,1.41,0.39,29.19,2.83,0.0,4.56,1.39,2.44,1.56,2.17,0.39,0.0,0.5,0.0,3.78,0.39,0
0.0,0.0,1.0,0.0,3.56,1.0,45.92,1.56,2.25,0.0,1.58,0.0,100.0,5.56,0.56,4.81,1.56,1.55,0.0,1.31,0.0,0.0,0.5,0.0,3.0,0.56,0
0.0,1.92,1.0,0.08,5.96,1.96,270.91,1.96,0.16,12.51,0.86,0.0,98.77,3.21,0.0,6.84,1.0,4.56,0.96,1.0,0.0,48.92,0.21,0.0,3.88,1.92,0
0.0,0.0,1.0,0.0,3.07,1.0,65.21,1.93,0.14,1.93,0.58,2.79,67.0,3.14,6.12,19.93,1.93,2.8,1.0,1.07,0.0,4.14,0.48,0.0,2.86,0.0,0
0.0,0.14,1.0,0.0,2.73,1.0,62.67,1.14,0.0,0.0,0.71,0.86,13.52,2.27,0.68,6.73,1.14,0.38,0.0,0.86,0.0,14.7,0.5,0.0,4.0,0.0,0
0.31,0.0,1.0,0.94,3.63,1.31,44.16,2.0,0.16,0.47,1.4,0.0,97.02,4.53,0.0,1.63,1.16,1.25,0.16,2.69,0.0,1.94,0.34,0.0,2.69,0.16,0
0.89,0.0,1.0,0.0,1.95,1.0,34.58,2.89,1.11,0.89,0.89,0.0,69.57,3.53,0.0,4.68,2.0,1.22,0.21,0.11,0.0,3.58,0.5,0.0,3.68,0.89,0
0.0,0.0,1.0,0.0,3.0,1.0,35.05,1.0,0.0,0.89,1.7,0.0,29.52,1.32,0.0,2.0,1.89,1.25,0.0,0.11,0.0,40.25,0.5,0.0,1.21,0.0,0
0.0,0.0,0.03,0.0,0.1,0.03,23.23,1.0,0.0,0.0,4.49,0.0,0.0,2.03,0.0,0.16,1.0,0.08,0.03,0.06,0.0,2.9,0.5,0.0,2.97,0.06,0
0.0,0.64,1.0,2.04,6.91,1.0,231.42,2.36,0.0,8.86,2.62,0.0,62.7,0.68,0.32,0.68,1.36,2.43,0.32,0.32,0.0,0.0,0.5,0.0,2.32,3.73,0
0.0,0.0,1.0,0.0,3.0,1.0,26.36,1.0,0.0,0.21,2.42,0.0,83.01,5.16,0.0,1.26,1.0,0.38,0.21,1.0,0.0,0.0,0.5,0.0,1.79,1.21,0
0.0,0.0,1.0,0.0,5.55,1.0,34.82,1.0,0.55,1.09,1.93,0.0,18.0,3.0,0.0,2.45,1.0,1.82,1.55,2.09,0.0,4.36,0.41,0.0,3.09,1.0,0
2.58,0.0,1.0,0.0,3.14,2.0,69.68,2.72,0.14,5.45,0.64,0.0,56.25,1.86,0.0,4.86,2.0,3.62,1.72,1.14,0.14,0.86,0.36,0.0,2.14,0.0,0
0.6,0.0,1.0,0.0,5.19,1.6,63.14,2.21,1.21,1.6,1.31,0.0,80.15,3.38,0.0,4.21,1.6,2.25,0.4,1.0,0.0,109.76,0.4,0.0,3.0,0.0,0
0.0,0.0,1.0,0.0,3.79,1.79,60.71,1.0,0.0,1.85,0.89,0.0,50.62,1.0,0.0,3.93,2.0,2.5,0.79,1.0,0.0,0.0,0.5,0.0,3.57,1.79,0
0.0,0.0,1.0,0.0,5.32,1.39,33.82,1.0,0.0,0.0,2.26,0.39,61.35,4.84,0.0,2.32,1.0,1.55,0.39,1.39,0.0,0.77,0.44,0.0,2.39,1.0,0
0.0,0.53,1.0,0.0,5.64,1.0,26.64,1.0,0.0,0.0,3.22,0.0,47.17,3.94,0.53,1.0,1.0,0.53,0.53,1.94,0.0,0.0,0.5,0.0,3.0,0.53,0
0.0,0.0,1.0,0.68,4.62,1.0,58.35,2.35,0.32,1.35,1.35,0.0,74.34,4.97,1.35,3.95,1.68,3.85,0.97,1.32,0.0,0.68,0.61,0.0,1.68,0.0,0
0.0,0.06,1.0,0.0,0.12,1.0,26.18,1.06,0.0,0.0,2.35,0.0,5.84,5.82,0.53,2.88,1.06,1.03,0.94,2.88,0.0,0.06,0.49,0.0,3.0,0.12,0
0.44,0.56,1.44,0.0,5.32,1.44,129.4,1.0,0.0,0.44,1.67,0.0,42.17,2.0,2.0,3.95,1.44,9.78,1.68,0.56,0.0,0.0,0.43,0.0,4.0,1.88,0
0.0,0.44,1.0,0.0,4.56,1.0,30.25,1.0,0.0,0.0,3.43,0.0,0.0,5.25,2.19,0.56,1.0,9.45,9.45,1.12,0.0,0.0,0.5,0.0,3.0,0.44,0
0.0,0.52,1.0,0.96,4.48,1.0,78.16,1.0,1.92,0.48,1.96,0.0,33.68,4.89,1.04,1.44,1.0,8.82,1.56,1.0,0.0,22.62,0.42,0.0,2.56,0.52,0
0.0,0.0,1.0,0.0,1.61,1.0,30.01,1.4,0.0,0.0,2.12,0.0,0.0,5.4,0.0,1.21,1.4,1.0,0.6,1.4,0.0,24.53,0.4,0.0,3.0,0.0,0
0.0,0.69,1.0,0.0,3.41,1.0,33.3,1.0,0.0,0.0,3.71,0.0,86.27,5.59,0.14,0.27,1.0,0.16,0.0,0.86,0.0,0.0,0.5,0.0,2.14,1.73,0
0.0,0.0,1.0,0.0,3.41,1.0,39.62,1.0,0.41,0.79,1.01,0.0,35.7,2.62,0.21,5.18,1.0,1.84,1.0,0.79,0.0,0.0,0.5,0.0,1.62,1.79,0
0.0,0.0,1.0,0.0,3.77,1.0,30.89,1.77,0.0,0.0,1.47,0.0,0.0,5.3,0.0,2.77,1.77,1.0,0.23,1.77,0.0,0.0,0.5,0.0,2.77,0.0,0
0.0,0.0,1.0,0.0,2.93,1.0,35.33,1.0,0.73,0.0,1.5,0.0,73.33,2.8,0.73,2.2,1.0,1.92,0.27,1.73,0.0,10.93,0.46,0.0,2.27,0.0,0
0.0,2.84,1.0,0.0,4.98,1.0,45.2,1.0,0.0,0.0,4.81,0.0,0.0,1.73,1.42,2.29,0.29,1.53,1.0,1.58,0.0,4.27,0.32,0.0,3.0,0.71,0
0.0,0.0,1.0,0.0,7.38,1.0,52.64,1.0,0.0,1.59,1.83,0.0,52.4,2.82,0.41,2.59,1.0,4.69,3.79,2.0,0.0,1.59,0.37,0.0,4.59,0.0,0
0.0,1.71,1.0,0.0,6.57,1.0,54.8,2.71,0.86,0.0,1.46,0.0,14.48,1.58,1.86,2.0,1.86,1.1,0.86,1.14,0.0,0.0,0.5,0.0,2.14,0.0,0
0.0,0.83,1.0,0.0,3.67,1.0,45.99,1.33,0.0,0.0,6.76,0.0,0.0,4.5,1.67,2.17,1.17,2.58,2.5,1.17,0.0,2.17,0.39,0.0,2.67,0.0,0
1.43,0.0,1.0,4.29,5.86,2.43,88.82,1.72,0.72,2.15,1.23,0.0,86.41,3.14,0.0,3.58,1.72,1.87,0.72,1.0,0.0,5.01,0.43,0.0,1.28,1.28,0
0.13,0.0,1.0,0.0,3.5,1.13,40.67,1.0,0.0,1.0,1.88,0.0,98.37,4.5,0.0,1.38,1.13,0.44,0.0,2.75,0.0,0.38,0.52,0.0,3.0,0.25,0
0.0,0.0,1.0,0.0,2.24,1.0,43.96,1.0,0.0,0.56,2.13,0.0,39.84,3.63,0.0,0.44,1.56,1.04,0.56,2.76,0.0,17.99,0.5,0.0,3.0,0.0,0
0.0,0.0,1.0,0.0,5.59,1.0,72.52,1.21,0.83,1.59,1.61,0.0,60.34,6.0,1.0,3.03,1.21,4.01,0.79,1.59,0.0,0.0,0.5,0.0,4.59,1.0,0
0.0,0.0,1.0,0.0,4.25,1.0,27.21,1.0,0.0,0.75,1.71,0.0,37.64,4.51,0.75,2.25,1.0,1.0,1.0,4.01,0.0,0.75,0.37,0.0,2.75,0.25,0
0.0,0.67,1.0,0.0,3.67,1.0,28.66,1.0,0.0,0.0,2.31,0.0,33.37,3.0,1.33,0.33,1.0,9.0,2.0,1.67,0.0,0.0,0.5,0.0,3.67,0.67,0
0.0,0.68,1.0,0.0,3.68,1.0,27.68,1.0,0.0,0.0,3.88,0.0,0.0,3.32,3.38,0.65,1.0,13.0,12.84,0.32,0.0,0.0,0.5,0.0,3.0,0.68,0
0.35,0.0,1.0,0.0,3.83,2.0,57.08,1.52,0.17,0.83,0.86,0.0,36.3,1.87,0.0,5.35,2.0,1.7,0.83,1.17,0.0,1.57,0.46,0.0,3.83,1.65,0
0.0,0.0,1.0,0.0,4.86,1.0,34.44,1.0,0.86,0.0,1.7,0.0,100.0,5.0,0.0,3.57,1.0,1.72,0.86,2.14,0.0,0.0,0.5,0.0,3.86,0.86,0
0.0,0.0,1.0,0.0,3.16,1.0,24.16,1.0,0.0,0.0,1.77,0.0,100.0,5.0,0.0,1.84,1.0,1.0,1.0,5.51,0.0,0.81,0.46,0.0,3.84,1.0,0
0.13,0.0,1.13,0.4,3.61,2.13,38.11,1.0,0.87,0.0,0.99,1.4,95.43,3.6,0.0,4.81,1.0,3.07,2.27,2.54,0.0,9.46,0.61,0.0,3.0,1.4,0
0.0,0.0,1.0,0.0,3.0,1.0,23.86,1.0,0.0,0.0,2.98,0.86,100.0,5.14,0.0,0.0,1.0,2.59,2.59,1.0,0.0,0.0,0.5,0.0,2.86,0.27,0
0.0,0.0,1.0,0.0,3.81,1.4,51.09,1.0,0.4,0.6,1.34,0.4,69.85,3.4,0.0,2.79,1.0,3.03,1.4,1.4,0.0,0.4,0.57,0.0,4.21,1.0,0
0.0,0.0,1.0,0.0,4.23,1.0,43.92,1.79,1.19,0.0,1.39,0.4,60.36,4.19,0.0,2.77,1.4,1.19,0.6,2.0,0.0,0.0,0.5,0.0,1.6,1.81,0
0.0,0.0,1.0,0.0,3.44,1.0,25.0,1.0,0.0,0.0,2.78,0.0,100.0,5.56,0.0,0.0,1.0,4.51,4.51,1.56,0.0,0.0,0.5,0.0,4.56,0.44,0
0.0,0.0,1.02,0.02,5.04,2.02,34.28,1.0,0.0,0.02,0.97,1.0,1.22,2.98,0.0,3.02,1.0,0.37,0.02,1.98,0.0,0.0,0.5,0.0,3.98,1.96,0
1.0,0.0,1.33,0.99,8.64,1.66,150.67,3.68,5.36,4.02,0.95,1.32,88.76,4.35,0.0,6.65,1.67,4.52,1.32,1.98,0.0,77.39,0.42,0.0,2.33,3.33,0
0.0,2.98,1.0,0.0,1.52,1.0,59.61,6.22,0.0,0.0,1.2,0.0,0.0,5.22,0.13,6.39,1.74,0.64,0.0,1.74,0.0,0.0,0.48,0.0,4.13,3.0,0
0.0,0.0,1.0,0.0,3.1,1.0,36.72,1.0,0.0,0.9,1.62,0.0,9.85,1.49,0.0,1.8,1.9,1.84,1.3,2.0,0.0,0.0,0.5,0.0,3.1,0.0,0
0.0,0.0,0.68,0.0,0.0,0.68,26.38,1.0,0.0,0.0,3.38,0.0,0.0,4.03,0.0,0.0,1.0,0.68,0.68,0.68,0.0,28.98,0.44,0.0,3.0,0.0,0
0.0,0.0,1.0,0.0,3.65,1.0,22.65,1.0,0.0,0.0,2.22,0.0,100.0,5.0,0.0,0.67,1.0,0.0,0.0,2.35,0.0,0.0,0.5,0.0,3.33,0.65,0
0.0,0.0,1.0,0.0,4.0,1.0,34.17,1.0,0.0,0.21,1.89,0.0,89.34,4.15,0.43,1.0,1.43,1.64,1.0,2.57,0.0,3.93,0.3,0.0,3.21,1.0,0
0.0,10.76,1.0,0.0,5.53,1.53,134.68,1.0,1.6,0.0,2.81,0.53,32.99,1.06,1.53,7.4,0.53,2.33,0.0,0.53,0.0,28.2,0.49,0.0,2.87,1.4,0
0.0,0.0,1.0,0.01,5.03,1.0,32.92,1.0,0.04,0.03,2.57,0.0,99.74,2.0,3.0,0.1,1.0,4.47,2.97,0.99,0.0,0.0,0.34,0.0,1.99,1.99,0
0.0,0.0,1.0,0.0,3.13,1.44,38.64,1.0,0.44,0.56,1.61,0.44,43.57,2.31,0.0,1.74,1.56,1.44,1.44,1.44,0.0,0.44,0.57,0.0,2.44,0.44,0
0.03,0.0,1.0,0.0,3.0,1.01,37.4,1.02,3.96,1.05,1.22,0.0,50.05,5.96,1.98,4.01,1.01,2.22,1.01,1.0,0.0,0.01,0.5,0.0,2.99,0.0,0
0.17,0.0,1.0,0.0,5.17,1.52,41.12,1.0,0.0,0.34,1.79,0.17,10.31,2.83,0.0,3.0,1.0,1.52,1.17,1.0,0.0,2.58,0.5,0.0,2.0,1.17,0
0.0,0.0,1.0,0.0,4.61,1.0,34.63,1.0,0.0,0.0,2.78,0.0,0.0,2.61,0.39,2.21,1.0,1.0,1.0,0.61,0.0,1.18,0.43,0.0,2.0,0.61,0
0.0,0.0,1.0,0.0,3.65,1.0,40.05,1.0,1.0,0.0,1.87,0.0,100.0,2.65,6.26,2.44,1.0,8.3,1.0,1.22,0.0,0.22,0.46,0.0,3.35,1.56,0
6.42,0.0,1.21,0.0,4.62,1.41,168.77,1.62,0.0,4.14,1.71,0.21,97.31,4.38,0.79,2.41,1.62,1.27,0.0,1.59,0.0,415.7,0.47,0.0,2.79,0.83,0
0.0,0.0,1.0,0.0,1.73,1.0,44.2,1.0,0.0,0.43,1.75,0.0,21.67,3.83,0.0,2.13,1.87,1.29,1.0,2.13,0.0,0.0,0.5,0.0,3.43,0.43,0
0.1,0.0,1.0,1.09,3.4,1.0,48.46,1.0,0.0,0.0,2.12,0.0,99.7,4.9,0.0,1.1,1.0,0.34,0.0,2.9,0.0,0.0,0.5,0.0,3.7,0.4,0
0.0,0.0,1.0,0.0,4.0,1.0,30.79,1.0,0.0,0.0,2.06,0.0,21.2,3.42,0.21,3.58,1.0,1.68,0.0,2.0,0.0,0.0,0.5,0.0,3.79,0.0,0
0.0,0.0,1.0,0.0,4.82,1.94,68.57,1.0,0.12,1.88,0.86,0.0,41.77,1.3,0.0,3.94,1.94,2.17,0.0,0.12,0.0,0.94,0.34,0.0,3.06,1.0,0
0.0,0.0,1.0,0.6,5.0,1.0,61.3,1.0,1.21,0.3,2.05,0.0,21.14,6.6,1.4,1.6,1.0,3.58,2.09,1.7,0.0,14.2,0.45,0.0,2.4,0.0,0
0.0,0.0,1.0,0.91,4.82,1.0,33.02,1.0,0.0,0.0,1.84,0.0,8.91,3.27,0.09,0.09,1.0,0.61,0.0,2.09,0.0,0.0,0.5,0.0,3.0,0.91,0
0.06,0.0,1.0,0.0,4.0,2.0,50.88,1.12,1.06,2.0,0.7,0.0,66.11,1.0,0.0,4.06,2.0,1.31,0.0,1.94,0.94,10.68,0.49,0.0,3.0,0.0,0
0.0,0.0,0.09,0.0,0.38,0.09,19.85,1.0,0.0,0.0,4.44,0.19,0.0,2.09,0.0,0.47,1.0,0.14,0.09,0.19,0.0,0.0,0.5,0.0,2.19,1.0,0
0.0,1.36,1.0,0.0,9.64,1.66,70.18,1.0,0.66,0.66,3.16,0.66,33.04,1.98,0.68,2.66,0.66,3.9,3.64,2.32,0.0,2.04,0.42,0.0,3.0,1.0,0
1.45,0.0,1.55,1.65,9.95,2.1,72.35,2.8,1.35,0.9,0.69,2.65,73.66,3.25,0.0,10.0,1.45,6.15,2.2,4.2,0.0,35.17,0.36,0.0,2.1,2.2,0
0.0,0.0,1.0,1.0,3.25,1.0,26.14,1.0,0.0,0.0,2.41,0.0,0.0,1.25,0.0,2.62,1.0,4.45,4.37,3.75,0.0,0.0,0.5,0.0,3.0,0.13,0
0.0,0.0,1.0,0.0,3.0,1.0,46.2,1.88,1.76,1.0,0.92,1.76,80.01,4.64,0.88,6.4,1.88,1.23,0.0,0.0,0.0,19.58,0.28,0.0,2.76,0.88,0
1.81,0.0,1.0,5.43,6.62,2.81,112.89,2.38,0.9,2.9,0.59,0.0,80.52,2.57,0.0,5.29,2.0,2.47,0.9,1.0,0.0,6.9,0.39,0.0,1.0,0.9,0
0.0,0.0,1.0,0.75,3.75,1.0,27.74,1.0,0.0,0.25,2.74,0.0,4.74,2.0,0.0,1.5,1.0,0.45,0.25,1.75,0.0,0.0,0.5,0.0,2.5,0.5,0
0.0,0.0,1.0,0.0,6.05,1.35,33.75,1.35,0.0,0.0,1.9,0.35,0.0,6.65,0.0,2.75,1.35,1.47,1.3,4.11,0.0,0.0,0.5,0.0,2.65,0.35,0
0.0,0.85,1.0,0.85,3.72,1.28,69.13,1.28,2.57,1.0,1.22,0.0,71.5,5.0,61.63,5.72,1.0,15.96,0.72,1.72,0.0,4.3,0.29,0.0,1.57,0.28,0
0.14,0.0,1.0,0.0,8.72,2.0,81.58,1.09,0.0,1.23,0.93,0.0,74.06,3.91,0.0,6.91,1.05,3.84,1.05,1.95,0.0,176.38,0.33,0.0,2.95,0.95,0
0.0,0.0,1.0,0.0,3.0,1.03,30.66,1.0,0.97,0.07,1.84,0.0,1.42,3.9,0.0,3.2,1.03,0.36,0.03,1.03,0.0,0.1,0.49,0.0,3.0,0.0,0
0.08,0.0,1.0,0.0,1.25,2.0,25.13,1.92,0.0,2.08,0.65,1.84,94.48,4.67,0.0,2.75,1.92,2.32,1.92,4.67,0.0,1.84,0.33,0.0,2.92,0.16,0
0.0,0.0,1.0,3.66,8.43,1.89,100.06,2.34,2.89,2.11,1.49,0.11,95.63,4.34,0.0,5.89,1.11,2.59,0.89,1.89,0.0,165.51,0.35,0.0,2.77,0.89,0
0.0,0.0,1.0,0.0,4.18,1.0,27.53,1.0,0.0,0.29,2.44,0.0,85.27,5.59,0.0,0.88,1.0,0.88,0.29,1.0,0.0,0.0,0.5,0.0,3.0,0.0,0
0.0,0.0,1.0,0.0,3.14,1.0,42.64,1.0,0.0,1.28,1.62,0.0,36.91,1.0,0.0,1.93,2.07,1.32,0.0,0.0,0.0,41.93,0.51,0.0,1.21,0.21,0
0.76,0.0,1.0,0.0,4.0,1.24,72.41,2.51,7.8,2.0,0.8,0.76,91.19,7.04,0.76,5.51,2.0,2.27,0.0,1.24,0.24,21.15,0.37,0.0,3.0,0.0,0
0.0,0.0,0.2,0.0,0.0,0.2,23.2,1.4,0.6,0.0,3.76,0.2,0.0,2.8,0.0,1.4,1.2,0.05,0.0,0.4,0.0,3.2,0.63,0.0,2.6,0.0,0
0.0,0.0,1.0,0.0,4.98,1.0,50.06,1.0,0.49,1.97,1.85,0.0,78.87,3.54,3.44,1.0,1.0,4.83,2.51,2.53,0.0,0.0,0.5,0.0,3.49,1.0,0
0.0,0.0,1.0,0.0,3.75,1.0,49.71,1.0,0.75,0.75,1.38,0.0,78.28,3.0,0.75,4.49,1.75,2.76,2.01,1.25,0.0,3.0,0.5,0.0,4.25,1.5,0
1.53,0.0,1.0,0.51,3.51,1.51,64.29,1.51,0.51,4.08,1.78,0.0,89.8,6.0,0.0,6.12,1.0,1.18,0.51,1.0,0.0,97.88,0.6,0.0,2.0,0.98,0
6.93,5.2,1.13,7.8,5.28,3.4,200.14,8.8,0.27,10.2,0.35,0.67,71.65,1.4,6.06,13.2,1.87,4.48,0.67,0.27,0.0,140.29,0.28,0.0,3.13,2.6,1
0.43,0.0,1.0,0.43,5.13,2.28,55.85,1.0,0.43,1.0,0.91,0.85,42.29,1.57,0.85,3.56,1.0,3.07,0.85,0.43,0.0,72.03,0.46,0.0,2.43,1.0,0
0.0,0.0,1.0,0.0,0.14,1.0,25.42,1.0,0.14,0.07,3.24,0.0,0.0,5.73,0.0,0.54,1.0,0.06,0.0,1.0,0.0,0.27,0.49,0.0,3.14,0.14,0
0.0,0.0,1.0,0.0,0.46,1.46,26.89,2.0,0.0,0.91,1.09,0.91,45.62,5.54,0.0,1.91,2.0,1.46,0.91,3.37,0.0,0.91,0.42,0.0,3.0,0.0,0
0.0,0.0,1.0,0.0,3.74,1.0,46.16,1.0,0.84,0.42,1.75,0.0,0.0,1.42,0.0,3.37,1.58,1.83,0.0,0.42,0.0,1.68,0.43,0.0,4.42,0.84,0
0.0,0.0,1.0,0.0,0.74,1.0,24.0,1.0,0.0,0.19,2.3,0.0,0.0,5.81,0.19,1.19,1.0,0.19,0.19,3.37,0.0,0.19,0.47,0.0,3.19,0.19,0
0.0,1.0,1.0,0.0,1.0,1.0,29.0,2.0,0.0,0.0,1.38,0.0,99.97,4.0,2.0,5.0,2.0,2.5,1.0,0.0,0.0,0.0,0.5,0.0,4.0,0.0,0
0.0,0.24,1.0,0.88,10.34,1.88,257.12,3.64,5.27,1.76,2.11,0.0,87.86,2.64,1.12,8.03,0.88,3.18,0.12,0.12,0.0,0.88,0.35,0.0,1.49,2.64,0
0.0,0.0,1.0,0.0,2.97,1.0,24.0,1.0,0.0,0.0,3.0,0.99,99.04,5.01,0.0,0.0,1.0,2.97,2.97,1.0,0.0,0.0,0.5,0.0,3.0,0.0,0
0.0,2.5,1.0,0.0,4.5,1.0,66.56,1.0,0.5,0.0,5.11,0.0,0.0,3.0,0.5,2.0,1.0,1.1,0.0,1.0,0.0,1.0,0.42,0.0,3.5,1.5,0
0.0,0.43,1.0,0.0,3.57,1.57,28.13,1.0,0.0,0.0,2.97,0.0,0.0,1.7,0.87,2.7,0.57,1.15,0.87,1.57,0.0,1.13,0.41,0.0,4.43,0.0,0
0.52,0.0,1.0,0.17,4.0,1.17,51.98,2.83,1.83,2.22,0.82,0.83,55.23,6.0,0.0,7.05,1.83,1.02,0.17,1.0,0.0,33.45,0.53,0.0,2.83,0.83,0
0.0,0.0,1.0,0.0,3.69,2.0,67.69,1.0,0.15,0.85,2.76,0.15,78.85,3.15,0.0,1.46,1.0,2.0,2.0,1.15,0.0,0.15,0.53,0.0,3.85,0.15,0
0.0,0.0,1.49,0.0,12.36,3.45,83.12,1.0,0.98,2.96,1.12,2.45,50.0,3.49,0.0,4.94,1.0,4.96,2.96,1.49,0.0,136.43,0.42,0.0,4.51,0.51,0
0.0,0.0,1.0,0.0,2.38,1.0,41.98,1.0,0.0,0.81,0.66,2.43,12.98,3.62,0.0,3.13,1.0,0.77,0.0,1.62,0.0,3.26,0.32,0.0,1.81,0.81,0
0.0,0.75,1.0,0.0,4.0,1.0,29.53,1.0,0.0,0.0,2.48,0.0,24.58,2.74,1.51,0.0,1.0,10.18,2.26,1.0,0.0,0.0,0.5,0.0,4.0,1.0,0
0.0,0.0,0.31,0.0,0.93,0.31,23.0,1.0,0.0,0.0,4.07,0.0,30.9,3.24,0.0,0.0,1.0,0.0,0.0,0.31,0.0,2.07,0.5,0.0,2.69,0.31,0
0.6,0.0,1.0,1.21,2.41,1.0,35.92,1.0,0.4,1.0,1.33,0.0,59.66,3.38,0.0,2.19,1.6,2.11,0.6,1.0,0.0,0.0,0.5,0.0,3.4,0.6,0
0.88,0.0,1.0,2.65,4.77,2.44,75.95,1.44,1.0,2.44,0.94,0.0,77.65,3.12,0.0,4.44,1.44,2.27,0.44,1.0,0.0,3.65,0.36,0.0,1.0,0.44,0
0.0,0.0,1.0,0.0,3.32,1.32,25.59,1.0,0.0,0.0,1.52,0.0,68.3,4.37,0.0,2.63,1.0,0.84,0.68,4.73,0.0,0.63,0.45,0.0,4.0,0.68,0
0.71,0.0,1.0,0.0,1.88,1.0,31.53,2.41,0.71,0.71,0.96,0.59,46.6,3.0,0.0,5.0,1.71,1.24,0.29,0.59,0.0,2.82,0.5,0.0,4.0,1.0,0
0.0,2.5,1.0,0.0,5.5,1.0,73.46,1.0,0.5,0.0,5.32,0.0,50.09,3.0,1.5,3.5,1.0,2.6,0.5,1.0,0.0,0.0,0.5,0.0,3.5,1.0,0
0.58,0.0,1.58,1.73,9.77,2.15,51.53,1.0,0.0,0.0,1.28,2.31,80.39,3.12,0.0,6.19,1.0,7.04,3.58,5.15,0.0,36.91,0.36,0.0,3.0,2.73,0
1.0,0.0,1.0,1.0,7.98,3.99,57.0,1.0,1.0,1.0,0.63,1.99,75.1,1.0,1.99,7.02,1.0,4.49,2.0,1.0,0.0,168.36,0.4,0.0,3.0,1.01,1
3.68,0.0,1.12,0.0,5.24,1.24,106.01,1.36,0.0,2.37,1.99,1.0,98.46,5.53,0.0,1.36,1.36,2.26,1.76,3.53,0.0,238.25,0.48,0.0,2.88,0.47,0
0.0,0.45,1.0,0.0,3.15,1.0,29.85,1.0,0.0,0.0,4.65,0.0,0.0,3.3,1.35,1.45,0.55,0.45,0.45,2.1,0.0,1.35,0.5,0.0,3.45,1.35,0
0.0,0.0,1.0,0.0,3.9,1.0,31.09,1.22,0.45,0.0,2.71,0.0,100.0,6.0,1.12,1.35,1.22,0.51,0.0,0.78,0.0,0.45,0.46,0.0,2.22,0.78,0
0.0,0.0,1.0,0.0,4.37,1.44,42.81,1.56,1.56,0.44,1.32,0.44,92.56,4.25,2.81,4.25,1.56,1.85,0.0,0.44,0.0,2.44,0.3,0.0,2.56,0.0,0
0.0,0.0,1.24,0.0,5.66,2.24,37.75,1.47,0.0,0.0,1.05,0.71,23.64,2.53,0.0,5.89,1.24,0.7,0.0,1.76,0.0,4.13,0.31,0.0,3.29,0.0,0
0.0,0.0,1.0,0.0,2.05,1.0,31.34,1.0,1.9,0.05,1.13,0.0,95.1,5.76,0.0,2.95,1.05,1.35,0.05,2.0,0.0,0.0,0.5,0.0,3.95,0.95,0
0.0,0.0,1.0,0.0,3.42,1.0,32.58,1.0,1.17,0.58,1.46,0.0,82.5,3.25,0.0,2.75,1.0,0.35,0.0,1.83,0.0,3.5,0.65,0.0,3.0,0.58,0
0.0,0.0,1.0,0.0,1.0,1.0,25.33,1.0,0.0,0.0,2.59,0.0,33.36,6.33,0.0,1.33,1.0,0.0,0.0,4.67,0.0,27.32,0.5,0.0,3.33,0.0,0
0.0,1.36,1.0,0.0,3.9,1.0,58.91,1.0,0.0,0.55,2.94,0.0,0.0,0.55,0.45,2.1,1.1,3.99,0.55,1.1,0.0,0.0,0.5,0.0,3.0,0.0,0
0.0,0.0,1.0,0.0,6.76,1.0,54.27,1.0,0.41,1.17,1.73,0.0,80.1,2.41,0.83,3.83,1.0,4.59,2.76,2.0,0.0,1.17,0.4,0.0,4.59,0.83,0
1.06,0.0,1.0,0.0,3.47,1.74,78.61,1.79,2.12,2.85,0.86,0.0,54.86,2.59,0.26,4.21,2.0,1.93,0.74,0.74,0.0,4.77,0.43,0.0,3.47,1.47,0
0.0,0.0,1.0,0.0,3.0,1.21,33.87,1.79,0.21,0.41,1.48,0.0,94.87,4.79,0.0,1.62,1.0,1.21,0.0,2.59,0.0,1.0,0.33,0.0,2.59,0.0,0
0.01,3.95,1.0,0.14,7.0,1.0,56.08,1.0,0.0,0.0,5.83,0.0,1.27,0.05,1.97,2.0,0.01,1.77,0.99,1.01,0.0,5.92,0.25,0.0,2.97,1.04,0
0.0,1.33,1.0,0.0,4.1,1.56,46.32,1.0,0.56,0.56,3.58,0.56,46.3,2.88,2.21,1.56,1.0,1.19,0.44,1.0,0.0,1.67,0.36,0.0,2.0,0.0,0
0.0,0.0,1.0,0.0,3.13,1.0,29.62,1.0,0.94,0.0,1.82,0.13,1.21,4.06,0.0,2.87,1.0,0.57,0.26,1.32,0.0,0.06,0.49,0.0,2.94,0.0,0
0.0,0.0,1.0,0.0,2.33,1.67,38.98,1.0,1.0,1.33,1.0,0.0,49.92,3.67,0.0,6.01,1.0,1.89,0.33,3.34,0.0,4.01,0.42,0.0,1.0,0.0,0
0.14,21.38,1.0,0.0,5.0,1.07,218.96,1.35,0.0,1.13,4.77,0.0,6.56,0.07,0.93,9.85,0.14,2.95,0.0,0.07,0.0,0.56,0.34,0.0,4.86,3.14,1
0.0,0.0,1.0,2.08,7.56,1.52,70.37,1.52,2.04,2.0,1.71,0.0,67.77,3.52,0.0,4.08,1.0,2.63,1.48,2.48,0.0,100.9,0.33,0.0,3.48,1.0,0
0.0,0.0,1.0,0.42,4.58,1.0,102.14,2.67,0.84,4.16,1.13,0.42,77.71,3.51,0.0,2.67,2.58,1.28,0.0,0.42,0.0,0.58,0.6,0.0,2.75,1.75,0
0.0,0.0,1.0,0.0,3.0,1.0,31.67,1.9,0.0,0.1,1.59,0.0,90.46,4.62,0.0,1.1,1.1,1.06,0.1,2.9,0.0,0.9,0.35,0.0,3.0,0.0,0
0.0,0.0,1.0,0.0,3.36,1.0,41.87,1.36,2.08,0.0,1.66,0.0,35.97,4.72,0.36,4.44,1.36,1.2,0.0,0.64,0.0,0.0,0.5,0.0,3.0,0.36,0
0.0,0.23,1.0,0.0,5.1,1.0,32.87,2.0,0.77,0.0,1.23,0.77,22.62,6.1,2.04,1.77,2.0,0.73,0.0,1.0,0.0,0.23,0.46,0.0,1.45,0.45,0
0.0,0.0,1.0,0.0,3.07,1.0,53.23,1.0,0.0,0.93,1.32,0.13,54.19,2.07,0.0,2.2,1.0,1.66,0.07,0.13,0.0,63.54,0.5,0.0,1.2,0.07,0
0.0,0.0,1.0,0.0,3.0,1.0,27.96,1.0,0.0,0.0,1.77,0.0,34.06,3.68,0.0,3.3,1.0,1.54,0.66,1.66,0.0,0.0,0.5,0.0,2.34,1.32,0
0.0,0.0,1.0,0.0,0.28,1.0,27.99,1.91,0.0,0.09,1.19,0.0,0.0,4.63,0.0,4.82,2.0,3.77,3.72,2.0,0.0,40.84,0.35,0.0,3.0,0.0,0
0.0,0.0,1.0,0.0,4.27,1.0,32.73,1.73,0.0,0.0,1.47,0.0,0.0,6.27,0.0,2.46,1.73,1.27,0.54,2.0,0.0,0.0,0.5,0.0,3.0,0.0,0
0.0,0.0,1.0,0.24,3.52,1.0,33.18,1.0,0.48,0.0,1.66,0.0,18.61,3.24,0.0,3.03,1.0,1.84,0.0,1.76,0.0,36.26,0.46,0.0,3.52,0.24,0
0.0,0.0,1.0,0.0,2.31,1.69,46.01,1.0,2.08,3.08,0.64,0.69,49.7,2.0,0.0,2.0,1.0,3.02,1.38,0.69,0.0,153.09,0.38,0.0,1.0,0.0,0
0.0,2.0,1.0,0.0,13.0,1.0,67.31,2.08,0.54,0.0,5.82,0.0,0.0,0.54,2.0,1.54,1.08,3.88,1.0,1.0,0.0,0.0,0.5,0.0,3.39,0.0,0
0.0,0.0,1.0,0.0,9.49,1.9,56.02,1.0,0.1,2.8,1.57,0.9,35.74,2.0,1.0,2.3,1.0,3.44,2.1,1.0,0.0,0.81,0.47,0.0,3.9,1.1,0
1.33,0.0,1.0,0.0,4.33,1.67,340.12,4.33,0.0,10.65,1.22,0.0,61.89,1.0,0.0,13.98,2.0,1.56,0.0,0.67,0.0,5.32,0.42,0.0,3.0,3.33,0
0.0,0.0,1.0,0.0,5.0,1.0,32.35,1.0,1.0,0.02,2.0,0.0,0.32,5.98,0.0,2.0,1.01,0.0,0.0,1.99,0.0,0.0,0.5,0.0,1.01,0.01,0
0.26,0.0,1.0,0.0,5.52,1.26,68.3,1.0,0.0,2.09,1.97,0.0,22.72,4.69,1.48,1.78,1.26,3.5,2.22,1.74,0.0,0.78,0.54,0.0,3.0,0.52,0
0.0,0.18,1.0,0.0,3.18,1.0,27.49,1.0,0.0,0.0,3.8,0.0,82.03,5.82,0.36,0.36,1.0,0.54,0.54,1.0,0.0,0.36,0.48,0.0,2.18,1.64,0
1.81,0.0,1.0,0.0,2.81,1.81,44.72,3.81,1.39,0.39,0.56,0.0,19.32,5.81,0.0,6.23,2.0,1.24,0.0,1.81,0.0,7.26,0.3,0.0,2.81,0.0,0
0.0,0.0,1.0,0.0,0.07,1.04,25.6,1.96,0.11,0.14,1.35,0.04,1.63,6.82,0.0,2.96,1.96,1.09,1.04,2.93,0.0,6.78,0.49,0.0,2.93,0.0,0
0.0,1.97,1.0,0.0,3.03,1.0,27.3,1.0,0.02,0.02,5.33,0.0,1.46,0.07,1.03,0.07,0.03,3.01,2.98,1.02,0.0,0.03,0.5,0.0,3.95,0.98,0
0.0,0.0,1.0,0.0,10.07,1.0,45.72,1.0,0.0,0.0,2.6,0.0,100.0,2.98,0.0,3.01,1.51,0.0,0.0,1.99,0.0,52.54,0.45,0.0,1.99,0.0,0
0.0,0.0,1.0,0.0,6.5,1.0,148.23,1.0,2.8,3.6,1.39,0.0,85.5,4.5,2.1,4.9,2.7,3.34,0.0,0.3,0.0,12.6,0.57,0.0,2.0,1.0,0
0.0,0.84,1.0,0.0,7.22,1.0,28.22,1.0,0.0,0.0,3.96,0.16,15.53,3.31,0.84,0.84,1.0,1.31,1.31,1.0,0.0,0.0,0.5,0.0,3.0,0.84,0
0.0,0.0,1.0,0.0,3.93,1.0,25.67,1.0,0.07,0.0,2.03,0.0,93.32,4.87,0.0,1.07,1.0,1.0,0.93,2.93,0.0,4.8,0.26,0.0,3.07,1.13,0
0.0,0.0,1.0,0.0,4.93,1.46,50.1,1.0,1.39,0.0,1.71,0.46,82.33,3.61,0.93,3.32,1.0,0.81,0.0,2.07,0.0,24.64,0.56,0.0,2.07,0.0,0
0.0,1.17,1.0,0.0,6.58,1.0,48.6,2.58,1.0,0.0,1.19,0.42,0.0,3.5,1.17,2.0,2.0,0.91,0.58,1.0,0.0,0.0,0.5,0.0,1.58,0.0,0
0.0,0.84,1.0,0.0,4.0,1.0,44.12,1.0,0.0,0.0,7.1,0.0,16.16,5.16,1.68,1.68,1.0,2.84,2.84,1.16,0.0,1.68,0.42,0.0,3.0,0.0,0
1.35,0.0,1.0,0.0,4.35,1.0,57.75,3.7,2.03,1.35,1.1,0.68,88.52,5.68,0.0,7.4,1.68,0.98,0.0,2.32,0.0,0.0,0.5,0.0,1.65,0.0,0
0.0,0.0,1.0,0.0,2.35,1.0,42.65,2.3,0.0,0.35,0.78,0.0,6.3,2.0,0.0,2.3,1.65,1.03,0.0,1.3,0.0,1.95,0.39,0.0,1.35,0.35,0
0.0,0.0,1.0,0.0,4.0,1.5,68.54,1.5,1.99,0.5,2.18,0.0,87.42,4.49,0.5,3.98,1.5,2.37,1.01,0.5,0.0,0.0,0.5,0.0,3.5,0.5,0
0.0,0.0,1.0,0.0,1.12,1.0,33.7,1.78,0.0,0.0,1.3,0.22,0.0,6.11,0.0,6.12,1.78,1.08,1.0,2.55,0.0,0.67,0.48,0.0,3.22,0.22,0
0.0,0.0,1.0,0.92,6.75,1.0,154.15,1.0,2.75,1.92,1.82,0.0,79.33,2.25,2.83,6.58,1.0,2.2,1.0,0.42,0.0,0.08,0.49,0.0,1.17,0.92,0
0.0,0.0,1.0,0.0,7.29,1.0,78.04,1.35,0.35,0.18,6.59,0.18,8.84,2.71,0.0,1.06,1.18,1.78,0.0,1.0,0.0,0.0,0.5,0.0,1.35,1.82,0
0.0,1.34,1.0,0.0,6.34,1.0,106.94,1.0,0.0,2.77,4.22,0.0,49.34,2.34,2.23,1.0,2.11,1.12,0.45,0.45,0.0,0.55,0.59,0.0,3.11,1.66,0
0.0,2.78,1.0,2.78,3.14,1.93,71.42,1.93,3.71,0.93,0.75,0.07,46.4,4.86,0.0,5.86,1.0,2.14,0.07,1.0,0.0,0.22,0.49,0.0,3.07,1.0,0
0.43,0.0,1.0,0.0,4.0,1.43,64.53,1.0,0.0,1.87,1.05,0.0,42.62,1.0,0.0,0.57,2.13,3.49,1.0,1.0,0.0,0.0,0.43,0.0,3.13,1.43,0
0.0,0.58,1.0,0.0,2.27,1.0,33.3,1.58,0.0,0.0,2.91,0.0,57.51,3.15,3.3,3.3,1.58,1.29,0.42,0.0,0.0,1.27,0.43,0.0,3.15,0.0,0
0.0,0.13,1.0,0.0,6.34,1.0,33.74,1.0,0.93,1.87,2.13,0.0,30.78,2.8,0.07,1.87,0.93,2.4,1.93,2.87,0.0,7.46,0.34,0.0,3.93,1.0,0
2.4,0.0,1.0,0.6,5.0,1.6,80.16,1.0,0.4,3.0,1.1,0.0,85.02,1.8,0.8,3.2,1.6,4.83,1.6,1.4,0.0,10.19,0.5,0.0,2.8,1.4,0
0.83,0.0,1.0,0.83,9.55,1.83,111.68,1.0,0.0,2.48,1.3,0.0,80.14,1.0,2.48,8.96,1.17,4.36,0.83,1.0,0.0,22.91,0.48,0.0,3.48,0.83,0
0.0,0.0,1.0,0.0,3.74,1.0,39.57,1.26,0.0,1.0,1.77,0.0,26.42,2.06,0.26,0.53,2.0,0.87,0.74,1.0,0.0,0.0,0.5,0.0,2.26,0.53,0
0.0,0.0,1.0,0.0,3.93,1.0,55.75,1.0,0.0,0.93,1.58,0.0,65.85,1.22,0.0,0.14,1.93,1.76,0.93,1.0,0.0,0.0,0.5,0.0,3.0,0.0,0
0.0,2.37,1.0,0.0,5.34,1.0,47.8,1.0,0.0,0.66,2.89,0.0,21.84,3.97,0.34,2.65,0.66,0.44,0.0,1.0,0.0,7.44,0.47,0.0,1.34,0.34,0
0.0,0.0,1.0,0.0,4.02,1.0,33.43,1.99,0.01,0.04,1.11,0.0,0.58,5.95,0.07,2.98,1.99,1.06,0.02,1.99,0.0,0.0,0.5,0.0,3.01,0.01,0
0.0,0.0,1.0,0.0,7.07,1.0,57.46,1.0,1.93,0.0,1.79,0.0,100.0,5.61,1.39,5.22,1.0,3.53,2.07,1.54,0.0,50.5,0.42,0.0,1.0,0.0,0
0.0,0.0,1.0,0.0,2.95,1.35,35.64,1.0,0.35,1.0,1.44,0.35,29.08,1.35,0.0,0.7,1.65,1.12,0.65,1.0,0.0,1.05,0.41,0.0,2.0,0.0,0
0.0,0.0,1.0,0.0,3.89,1.0,36.0,1.0,0.44,0.56,1.61,0.0,62.66,2.77,0.0,2.89,1.56,1.63,0.44,0.89,0.0,25.08,0.5,0.0,2.33,0.44,0
0.0,4.79,1.0,0.0,5.87,1.0,94.83,1.0,0.0,0.0,8.66,0.0,4.23,3.13,0.96,1.92,1.0,1.15,0.0,0.04,0.0,0.0,0.5,0.0,2.96,0.08,0
0.26,0.0,1.0,0.0,3.95,1.0,37.42,1.53,0.26,0.26,1.19,0.0,91.07,5.95,0.0,4.26,1.26,1.03,0.0,1.47,0.0,1.05,0.5,0.0,3.26,1.0,0
0.55,0.0,1.0,0.0,3.55,1.0,61.17,2.1,5.52,1.55,1.35,0.55,55.17,5.41,0.55,4.21,2.0,2.14,0.45,1.45,0.0,15.45,0.41,0.0,3.0,0.0,0
1.03,0.0,1.0,0.49,2.51,1.51,44.11,2.54,1.49,0.0,0.47,0.0,37.44,5.03,0.0,3.6,1.51,1.33,0.0,1.51,0.0,77.56,0.29,0.0,2.51,0.49,0
0.0,0.0,1.0,0.0,1.04,1.0,32.24,1.79,0.0,0.0,1.6,0.0,0.0,5.38,0.0,1.41,1.79,1.0,0.21,1.79,0.0,0.0,0.5,0.0,2.79,0.21,0
0.0,0.12,1.0,0.0,5.95,1.88,97.58,1.88,4.41,0.0,1.65,0.0,88.14,4.41,0.12,5.29,1.76,1.96,0.12,0.12,0.0,1.76,0.41,0.0,3.76,1.88,0
1.92,0.0,1.0,0.0,3.0,1.0,43.77,2.92,0.0,0.04,0.54,1.92,96.1,2.92,0.0,10.65,2.0,2.22,0.04,1.04,0.0,0.96,0.34,0.0,3.0,0.96,0
0.0,0.32,1.0,0.0,5.64,1.0,35.5,1.0,0.0,0.0,4.16,0.0,67.84,2.32,7.18,0.32,1.0,3.7,2.68,0.68,0.0,0.96,0.33,0.0,2.32,2.96,0
0.0,0.0,1.0,0.0,0.3,1.0,20.4,1.0,0.0,0.0,1.93,0.0,100.0,3.2,0.0,0.1,1.0,0.0,0.0,1.2,0.0,0.1,0.48,0.0,3.0,0.0,0
0.56,1.33,1.0,0.56,6.79,1.56,178.98,1.0,1.12,4.46,2.75,0.0,49.67,0.56,0.44,3.67,1.12,1.66,0.44,1.0,0.0,2.23,0.41,0.0,1.88,1.67,0
0.0,0.0,1.0,0.0,3.48,1.48,29.52,1.0,0.0,0.0,1.21,0.0,0.0,3.0,0.0,4.52,1.0,1.45,0.52,2.0,0.0,0.96,0.42,0.0,2.96,1.04,0
0.0,0.34,1.0,0.0,3.41,1.66,24.41,1.0,0.66,0.66,1.63,0.66,54.47,2.34,0.34,1.66,1.0,1.22,0.34,1.0,0.0,1.97,0.34,0.0,2.34,0.34,0
0.0,0.0,1.0,0.0,3.94,1.94,58.77,1.0,0.0,1.0,0.93,0.0,42.52,1.06,0.0,4.77,1.94,1.79,0.94,0.94,0.0,0.0,0.5,0.0,3.89,1.94,0
0.0,0.0,1.0,0.0,4.0,2.0,59.76,1.0,0.0,1.0,1.03,0.0,45.56,1.1,0.0,4.8,1.95,1.79,1.05,1.0,0.0,0.0,0.5,0.0,4.0,1.9,0
2.64,0.0,1.88,0.0,10.92,1.88,123.4,1.0,1.12,1.0,1.35,0.0,74.4,2.88,0.0,3.12,1.0,3.15,0.88,1.0,0.0,1.6,0.38,0.0,3.88,1.88,0
0.0,0.0,1.0,0.0,3.0,1.0,41.64,1.66,1.66,0.66,1.01,1.33,55.14,4.33,0.66,5.32,1.66,1.11,0.0,0.67,0.0,9.31,0.28,0.0,3.34,1.67,0
0.0,1.99,1.0,0.0,19.84,1.0,76.54,1.0,0.0,0.0,10.95,0.0,0.0,0.0,2.0,1.0,0.0,6.95,1.01,1.0,0.0,0.0,0.5,0.0,5.0,0.0,0
0.0,0.0,1.0,0.0,3.0,1.0,38.82,1.82,4.08,0.18,0.99,0.0,81.53,3.45,0.82,8.52,2.0,0.97,0.18,0.37,0.0,1.63,0.3,0.0,3.0,0.0,0
0.0,0.0,1.0,0.0,4.64,2.0,47.47,1.0,0.09,1.0,1.41,0.09,52.99,2.0,0.91,2.91,1.0,1.64,0.91,1.0,0.0,0.27,0.48,0.0,4.73,0.0,0
0.0,0.0,1.0,3.04,7.56,1.76,87.2,2.0,2.28,1.52,1.58,0.0,100.0,4.24,0.0,4.8,1.0,2.33,0.76,2.24,0.0,142.27,0.33,0.0,3.0,0.76,0
0.0,0.0,1.0,0.0,0.0,1.0,25.25,1.0,0.0,0.0,3.09,0.0,0.0,6.62,0.0,0.62,1.0,0.0,0.0,3.5,0.0,25.59,0.5,0.0,3.0,0.0,0
0.0,0.0,1.0,0.0,3.0,1.0,36.8,1.0,0.0,0.76,0.94,0.0,14.35,1.76,0.0,5.02,1.24,1.6,1.0,1.24,0.0,0.0,0.5,0.0,1.49,1.51,0
0.0,0.0,1.0,0.0,7.31,1.47,50.01,1.0,0.47,0.47,2.1,0.47,76.36,4.58,0.0,1.42,1.0,3.42,3.42,2.47,0.0,0.0,0.5,0.0,3.0,0.47,0
0.0,1.69,1.0,0.0,5.08,1.85,239.19,2.0,0.0,11.0,0.93,0.0,84.63,3.46,0.0,6.08,1.15,4.04,0.85,1.15,0.0,41.47,0.25,0.0,3.85,1.69,0
1.12,0.0,1.0,0.37,4.63,2.0,105.25,2.0,3.5,2.99,0.85,0.0,92.52,5.37,0.0,8.24,1.63,2.17,0.37,0.37,0.0,73.03,0.51,0.0,3.25,1.25,1
0.0,1.26,1.0,0.0,4.58,1.0,51.28,1.0,0.0,0.58,2.99,0.0,29.07,1.74,0.42,2.0,0.58,2.58,1.0,1.0,0.0,0.0,0.5,0.0,4.16,0.58,0
0.0,0.24,1.0,0.0,6.94,1.0,31.97,1.0,0.0,0.0,3.65,0.0,75.76,1.52,2.52,0.0,0.76,3.65,2.52,1.0,0.0,0.0,0.37,0.0,2.0,1.76,0
0.0,0.0,1.0,0.0,5.76,1.0,45.0,1.59,1.18,0.0,2.27,0.0,100.0,6.0,2.94,3.53,1.59,2.97,1.65,0.82,0.0,1.18,0.4,0.0,3.41,0.0,0
0.87,0.0,1.0,1.75,5.75,1.87,82.62,1.0,0.0,5.25,0.81,0.87,69.99,1.25,0.0,3.13,1.87,3.03,0.0,1.13,0.0,0.0,0.5,0.0,2.25,0.0,0
0.0,0.0,1.0,0.0,3.82,1.0,26.85,1.0,0.0,0.09,1.94,0.28,92.24,4.91,0.0,1.09,1.0,0.98,0.91,2.91,0.0,4.63,0.26,0.0,2.91,1.0,0
0.0,1.0,1.0,0.0,3.58,1.0,27.58,1.0,0.0,0.0,4.98,0.0,0.0,1.75,3.75,0.42,0.58,11.9,11.9,0.42,0.0,0.0,0.5,0.0,3.84,0.58,0
0.0,0.0,1.0,0.45,5.93,1.55,40.07,1.0,0.9,2.1,1.15,0.55,55.62,2.45,0.55,4.71,1.0,2.13,1.1,1.0,0.0,1.36,0.42,0.0,2.64,0.55,0
0.43,0.0,1.0,0.87,4.87,1.43,56.62,1.0,0.0,2.61,2.47,0.43,34.74,1.57,0.57,1.87,1.43,1.95,0.57,0.43,0.0,1.7,0.41,0.0,2.0,0.0,0
0.91,0.0,0.91,0.91,8.16,1.81,267.76,1.0,1.81,7.25,1.31,0.0,80.68,1.09,0.0,4.53,1.91,1.98,0.0,0.91,0.0,3.91,0.35,0.0,1.19,2.72,0
0.0,0.0,1.0,0.0,7.46,2.73,59.34,1.0,0.0,1.0,0.93,0.87,50.0,1.0,0.0,2.73,2.13,4.34,3.6,1.0,0.87,0.0,0.5,0.0,3.13,1.0,0
0.0,0.0,1.0,0.0,5.0,1.09,33.17,1.09,0.45,0.0,2.06,0.91,100.0,5.91,0.0,1.45,1.09,2.01,1.82,3.64,0.0,0.18,0.49,0.0,3.09,0.18,0
0.0,0.0,1.7,0.7,6.11,2.41,54.64,1.0,0.0,1.0,0.96,0.7,61.25,1.7,0.59,3.11,1.59,2.83,1.0,1.0,0.0,0.0,0.5,0.0,3.3,0.3,0
0.16,0.0,1.0,0.0,4.8,1.16,30.79,1.0,0.0,0.16,2.47,0.32,89.86,4.36,0.0,0.8,1.16,0.48,0.0,1.16,0.0,1.93,0.47,0.0,3.84,0.84,0
0.0,0.03,1.0,0.0,4.1,1.0,55.37,1.97,1.93,0.97,0.99,0.0,96.66,1.93,0.1,12.63,1.93,1.28,1.0,1.0,0.0,7.83,0.5,0.0,4.0,3.0,0
0.85,0.0,1.0,0.0,5.88,2.15,52.07,1.85,0.0,0.58,0.72,1.42,71.19,1.85,0.0,6.39,2.0,3.69,2.3,1.0,0.58,0.42,0.43,0.0,3.0,1.0,0
0.0,0.0,1.0,0.0,4.47,1.0,44.22,1.0,0.49,1.49,1.47,0.0,25.35,2.49,0.0,1.49,1.0,2.24,0.98,1.47,0.0,3.92,0.42,0.0,2.98,1.0,0
0.0,0.86,1.0,0.0,3.57,1.0,31.24,1.0,0.0,0.0,4.92,0.0,14.14,0.42,1.72,0.86,0.14,1.97,1.86,1.14,0.0,0.0,0.5,0.0,4.58,0.42,0
0.0,3.86,1.0,0.0,4.21,1.45,55.8,1.0,1.34,1.79,3.23,0.45,20.61,0.9,0.55,0.9,0.45,1.62,0.9,1.0,0.0,97.71,0.37,0.0,1.55,0.55,0
0.18,1.11,1.0,0.2,2.02,1.05,33.19,2.18,0.0,0.25,2.19,0.0,99.44,2.95,8.95,1.29,2.0,1.56,0.0,0.98,0.0,3.66,0.33,0.0,3.0,2.02,0
0.0,0.0,1.0,0.0,6.5,1.62,98.1,1.62,4.25,0.38,1.4,0.0,93.61,5.38,0.75,6.0,1.62,3.18,0.38,0.38,0.0,1.25,0.44,0.0,4.38,1.25,0
0.0,0.0,1.0,0.0,4.0,1.0,54.36,1.0,0.89,0.89,1.09,0.0,74.2,2.33,0.89,5.45,1.89,0.89,0.0,1.22,0.0,3.56,0.5,0.0,3.89,1.78,0
0.0,1.24,0.62,0.0,4.35,0.62,43.85,2.24,0.62,0.0,2.65,0.0,0.0,1.38,1.24,1.24,1.62,0.75,0.62,0.62,0.0,0.0,0.5,0.0,2.0,0.38,0
1.4,0.0,1.0,0.0,3.0,1.47,69.81,1.94,0.0,2.81,0.55,0.53,25.76,2.0,0.0,6.06,1.47,1.98,0.94,1.0,0.0,9.51,0.42,0.0,3.06,0.0,0
0.0,0.0,1.0,0.0,2.21,1.0,43.54,1.0,0.0,1.0,0.76,2.38,12.67,3.38,0.0,2.0,1.21,0.99,0.21,2.0,0.0,0.79,0.37,0.0,2.21,0.79,0
0.92,0.0,1.08,0.0,5.33,2.33,63.66,1.0,0.17,3.17,0.86,0.42,34.41,1.25,0.0,0.66,1.0,5.91,1.33,1.08,0.0,23.09,0.33,0.0,2.17,1.83,0
0.0,0.0,1.0,0.0,3.0,1.0,48.14,1.0,0.0,0.76,1.4,0.0,13.59,2.49,0.0,1.24,1.0,1.63,0.0,0.24,0.0,0.0,0.5,0.0,2.24,0.76,0
0.0,0.0,1.0,0.0,2.56,1.64,26.12,1.0,0.0,0.36,1.02,0.0,0.0,2.28,0.0,2.92,1.0,0.98,0.36,1.64,0.0,1.28,0.39,0.0,4.0,0.0,0
0.0,0.0,1.0,0.0,0.62,1.0,26.62,1.0,0.0,0.0,2.39,0.0,12.33,5.51,0.37,2.63,1.0,1.43,1.25,2.75,0.0,0.0,0.48,0.0,2.88,0.25,0
0.0,0.0,1.0,0.0,0.16,1.0,26.49,1.0,0.04,0.0,2.12,0.0,4.05,5.84,0.04,3.0,1.0,1.05,0.96,2.96,0.0,0.0,0.5,0.0,2.96,0.0,0
0.0,0.0,1.0,0.0,3.0,1.0,49.35,1.0,0.0,0.82,1.59,0.0,65.42,2.71,0.0,1.65,1.0,1.37,0.0,0.18,0.0,55.99,0.5,0.0,1.18,0.18,0
0.0,0.0,1.0,0.0,6.0,1.0,71.95,1.0,0.54,1.64,1.65,0.0,58.97,5.64,1.36,2.0,1.0,4.02,1.0,1.82,0.0,19.55,0.47,0.0,4.28,0.82,0
0.0,0.0,1.0,0.0,0.95,1.0,27.95,1.0,0.32,0.0,2.65,0.0,0.0,5.37,0.0,0.95,1.0,1.47,1.37,1.68,0.0,0.0,0.5,0.0,3.0,0.0,0
1.03,0.0,1.0,0.0,9.01,2.01,62.31,1.0,0.04,1.04,0.87,2.01,37.41,1.0,0.03,5.31,1.99,3.04,0.01,1.97,0.0,13.1,0.33,0.0,2.97,0.0,0
0.0,0.0,1.0,0.0,15.27,1.0,70.65,1.0,0.0,0.0,4.08,0.0,80.81,1.19,0.0,3.23,1.81,0.38,0.0,1.0,0.0,84.05,0.42,0.0,1.0,0.38,0
0.0,1.46,1.0,0.0,6.54,1.46,147.36,1.46,0.0,5.98,4.38,0.0,45.98,1.38,1.62,4.3,0.46,2.65,1.0,1.0,0.0,24.15,0.36,0.0,4.0,2.54,0
0.0,0.0,1.0,1.71,4.14,1.0,192.11,2.14,0.0,7.43,1.75,0.0,95.43,3.14,0.0,0.57,1.57,1.77,0.0,0.43,0.0,0.0,0.5,0.0,2.0,3.71,0
0.0,0.0,1.0,0.0,7.43,1.21,62.34,1.0,0.0,0.21,1.81,0.0,94.66,3.21,0.0,1.49,1.0,2.23,1.0,2.0,0.0,39.5,0.46,0.0,2.21,2.57,0
0.5,0.0,1.0,0.0,2.02,1.5,56.21,2.5,1.01,1.01,1.2,0.0,50.42,3.48,0.0,3.02,2.0,1.38,0.0,1.5,0.0,91.76,0.42,0.0,3.0,0.0,0
1.35,0.0,1.0,0.0,3.69,2.0,340.45,4.37,0.33,11.1,0.56,0.33,89.73,1.33,0.0,14.79,1.67,2.02,0.0,1.0,0.0,6.37,0.33,0.0,2.67,3.37,0
0.0,0.0,1.0,0.0,3.84,1.0,25.49,1.0,0.16,0.0,2.64,0.0,100.0,5.08,0.0,0.24,1.0,0.11,0.0,1.08,0.0,0.0,0.5,0.0,4.0,1.0,0
0.0,0.0,1.0,0.9,4.0,1.0,24.0,1.0,0.0,0.1,3.27,0.0,0.0,2.31,0.1,0.21,1.0,0.1,0.1,2.31,0.0,0.1,0.48,0.0,3.1,0.1,0
0.43,0.0,1.0,0.43,5.72,2.29,63.28,1.0,0.43,1.0,0.95,0.86,60.72,1.0,2.0,3.57,2.14,4.21,1.43,1.0,0.0,72.5,0.46,0.0,3.57,1.0,0
0.0,0.0,1.0,0.0,3.0,1.0,27.35,1.0,0.0,0.0,1.6,5.17,53.03,4.12,0.0,4.23,1.0,4.56,4.24,1.53,0.0,0.94,0.42,0.0,4.06,0.47,0
0.0,0.0,1.0,0.0,3.07,1.0,25.26,1.0,0.0,0.07,2.63,0.0,93.35,4.73,0.0,0.0,1.07,0.07,0.07,1.0,0.0,0.0,0.5,0.0,3.87,0.0,0
0.83,0.0,1.83,0.0,6.31,1.83,216.23,1.0,0.0,0.83,0.94,0.0,79.46,1.83,1.66,7.79,2.0,4.34,0.17,0.34,0.0,0.0,0.36,0.0,3.83,2.48,0
0.0,0.0,1.0,0.0,4.0,1.96,47.99,1.0,0.96,1.92,0.77,0.0,65.52,1.17,0.0,3.87,1.96,1.23,0.0,2.04,0.96,0.0,0.5,0.0,3.0,0.0,0
0.0,1.07,1.0,0.0,4.81,1.0,60.31,1.73,2.93,0.0,2.5,0.0,73.15,4.39,1.27,5.66,1.46,2.48,0.27,0.27,0.0,1.61,0.43,0.0,3.0,1.0,0
0.0,0.45,1.0,0.0,4.11,1.0,29.77,1.0,0.55,0.0,3.51,0.0,0.0,3.33,0.89,1.55,0.55,0.89,0.89,1.55,0.0,0.0,0.5,0.0,2.78,0.0,0
0.0,0.0,1.0,0.0,4.78,1.89,32.89,1.0,0.0,0.0,1.2,1.0,11.1,3.22,0.0,2.67,1.0,0.63,0.33,1.89,0.0,0.0,0.5,0.0,3.89,1.78,0
0.0,0.0,1.0,0.0,5.76,1.0,67.48,1.0,1.05,1.0,1.76,0.0,75.21,2.76,0.7,2.11,1.65,2.96,1.0,1.0,0.0,0.0,0.5,0.0,3.7,0.0,0
0.0,0.0,0.07,0.0,0.07,0.07,20.39,1.42,0.0,0.0,4.46,0.0,0.0,2.28,0.0,0.42,1.07,0.02,0.0,0.14,0.0,0.0,0.5,0.0,2.14,1.14,0
0.14,0.0,1.0,0.0,2.29,1.14,40.33,2.71,1.71,1.29,0.8,0.86,4.78,5.28,0.0,5.13,1.86,1.28,0.14,1.0,0.0,0.0,0.48,0.0,3.71,0.29,0
1.0,0.0,2.0,0.0,7.01,2.5,61.01,1.5,1.0,1.0,0.72,0.5,87.47,1.5,0.0,9.99,2.0,3.52,2.5,2.5,0.5,3.99,0.5,0.0,4.5,2.0,0
0.0,0.0,1.0,0.0,3.28,1.0,32.09,1.0,0.09,0.19,2.25,0.0,3.11,1.19,0.0,0.19,1.91,0.24,0.19,0.28,0.0,0.75,0.48,0.0,3.09,0.09,0
0.0,0.0,1.0,0.0,3.34,1.34,43.03,1.0,0.34,0.67,1.11,0.0,21.55,2.33,0.0,6.65,1.34,1.63,0.66,2.0,0.34,1.33,0.39,0.0,3.0,0.66,0
0.0,0.0,1.0,0.17,4.0,1.83,36.47,1.0,0.83,0.0,1.45,1.66,83.1,3.66,0.83,3.32,1.0,1.94,0.83,2.0,0.0,0.83,0.64,0.0,3.0,1.66,0
0.0,0.0,1.0,0.0,3.39,1.0,31.37,2.07,0.0,0.0,1.32,0.0,46.25,3.39,0.0,2.54,1.54,0.27,0.0,2.93,0.0,1.61,0.41,0.0,1.93,0.0,0
0.0,0.0,1.0,0.0,3.76,1.0,73.98,2.2,1.52,1.24,1.25,0.0,79.04,5.72,65.45,6.48,1.24,16.56,0.76,1.76,0.0,6.0,0.23,0.0,1.0,0.0,0
0.0,0.2,1.0,0.0,2.59,1.0,24.22,1.2,0.0,0.0,2.57,0.0,100.0,5.59,0.41,1.02,1.2,0.51,0.2,0.8,0.0,0.0,0.5,0.0,2.41,0.8,0
0.93,0.0,1.0,10.2,7.72,1.0,272.0,1.0,0.0,0.0,1.56,0.0,97.22,3.78,0.0,2.14,1.07,3.13,0.0,1.93,0.0,7.53,0.49,0.0,1.0,3.71,0
0.68,0.32,1.0,7.48,8.92,1.0,207.06,1.0,0.0,0.0,3.21,0.0,65.97,2.72,0.32,1.36,0.68,2.62,0.32,1.68,0.0,0.0,0.5,0.0,1.32,3.04,0
0.0,0.0,1.0,0.43,2.43,1.0,46.42,3.0,1.14,1.43,0.87,0.57,26.54,5.14,0.86,4.29,2.0,1.84,0.0,1.0,0.0,0.43,0.57,0.0,3.14,0.0,0
0.31,0.0,1.0,0.31,14.2,1.31,83.82,1.0,0.0,0.93,2.48,0.0,92.53,1.0,0.93,5.87,1.69,1.64,0.31,1.0,0.0,73.48,0.43,0.0,1.93,0.31,0
0.0,1.85,1.0,0.0,17.57,1.0,70.02,1.0,0.0,0.0,9.69,0.0,0.0,0.3,2.0,0.85,0.15,7.99,1.3,1.0,0.0,0.0,0.5,0.0,4.85,0.15,0
0.0,0.0,1.0,0.0,6.89,2.56,53.34,1.0,0.22,0.78,1.13,0.78,61.1,1.22,1.78,2.78,1.78,5.92,3.33,1.0,0.78,0.0,0.5,0.0,3.22,1.22,0
3.8,0.0,1.0,0.93,5.27,2.0,98.33,1.0,0.0,4.73,0.68,0.13,72.46,1.0,0.0,2.2,2.0,5.23,1.87,1.07,0.0,16.67,0.49,0.0,2.07,0.93,0
0.0,3.0,1.0,0.25,5.5,1.0,40.53,1.0,0.0,0.0,5.17,0.0,0.0,0.5,1.5,0.75,0.25,1.13,0.75,0.5,0.0,0.0,0.5,0.0,3.0,0.0,0
0.0,0.0,1.0,0.0,3.62,1.0,23.31,1.0,0.0,0.0,2.81,0.0,100.0,5.69,0.0,0.0,1.0,0.0,0.0,1.0,0.0,0.0,0.5,0.0,2.62,2.0,0
0.0,2.9,1.0,0.0,4.93,1.0,37.44,1.03,0.14,0.0,5.14,0.0,3.41,0.2,1.38,1.17,0.07,6.82,0.0,0.0,0.0,0.0,0.5,0.0,3.07,0.0,0
0.0,0.0,0.67,0.67,2.02,0.67,47.28,2.35,0.0,1.35,2.16,0.0,41.81,3.35,1.35,1.35,1.67,2.44,0.0,0.67,0.0,1.65,0.61,0.0,2.33,0.0,0
0.0,0.0,1.0,0.0,6.39,1.12,54.07,1.0,0.12,0.0,1.92,0.12,100.0,3.12,0.0,0.49,1.0,1.82,1.12,2.0,0.0,0.12,0.52,0.0,2.12,2.76,0
0.0,0.0,1.0,0.0,3.39,1.0,25.36,1.0,0.0,0.0,2.24,0.0,67.8,5.32,0.0,2.36,1.0,0.0,0.0,4.36,0.0,0.68,0.61,0.0,3.0,1.36,0
0.0,0.0,0.35,0.0,2.09,0.35,38.84,1.0,0.35,1.39,3.66,0.0,19.84,1.65,2.44,0.35,1.0,2.34,0.7,0.35,0.0,0.0,0.5,0.0,2.7,1.0,0
0.88,0.0,1.0,0.88,7.65,3.65,53.2,1.0,0.88,0.88,0.87,1.77,77.88,1.46,1.77,6.19,1.0,3.98,1.77,1.0,0.0,149.51,0.41,0.0,3.12,1.12,0
0.0,0.0,1.0,0.0,4.36,1.0,90.57,1.0,1.28,2.43,1.42,0.0,83.22,3.57,55.19,4.21,1.72,14.17,0.64,1.28,0.0,4.21,0.37,0.0,2.07,1.07,0
0.0,0.0,1.0,0.0,6.32,1.0,116.32,1.0,2.32,2.16,1.63,0.0,73.23,5.58,2.16,4.9,2.16,1.91,0.42,2.1,0.0,10.87,0.49,0.0,2.42,0.58,0
0.0,0.0,1.0,0.0,3.1,1.0,23.4,1.0,0.0,0.0,2.87,0.0,100.0,5.8,0.15,0.0,1.0,0.22,0.15,1.0,0.0,0.0,0.49,0.0,2.0,2.0,0
0.0,0.0,1.0,0.0,7.76,1.0,175.36,1.0,3.81,2.85,1.7,0.0,90.48,6.0,2.85,6.66,2.9,2.83,0.39,0.1,0.0,17.13,0.6,0.0,2.15,0.95,0
0.0,0.0,1.0,0.0,4.0,1.0,40.3,1.0,0.0,0.85,2.12,0.0,15.02,1.75,0.0,0.0,1.85,1.45,1.45,1.15,0.0,0.0,0.5,0.0,2.3,0.0,0
0.8,0.0,1.0,0.0,3.2,1.8,69.64,2.6,1.6,1.6,1.43,0.0,80.07,2.0,0.0,4.0,1.8,1.4,0.0,1.0,0.0,145.73,0.37,0.0,3.0,0.0,0
0.0,0.0,1.0,0.0,3.05,1.53,35.21,1.0,1.47,0.0,1.08,1.05,100.0,4.95,0.53,3.53,1.0,1.86,0.53,2.0,0.0,0.53,0.59,0.0,3.47,1.53,0
0.22,0.0,1.0,0.0,3.86,1.22,79.98,1.0,0.0,2.51,1.25,0.0,64.25,1.78,0.0,2.43,1.22,2.06,0.0,0.22,0.0,54.0,0.54,0.0,1.43,0.43,0
2.11,0.0,1.56,0.0,7.55,1.56,91.84,1.0,1.44,1.0,1.08,0.0,68.33,2.56,0.0,5.22,1.0,2.65,1.0,1.0,0.0,1.89,0.48,0.0,4.44,1.11,0
0.0,0.0,1.0,0.0,6.0,2.69,42.3,1.0,0.69,0.69,0.6,3.93,17.29,3.0,0.0,7.84,1.0,1.9,0.0,2.0,0.0,1.69,0.33,0.0,3.38,1.38,0
0.0,0.0,1.0,0.0,6.12,1.0,65.35,1.0,0.78,0.0,1.98,0.0,100.0,4.22,0.0,4.68,1.0,1.45,0.78,1.78,0.0,0.78,0.37,0.0,3.22,0.0,0
0.27,3.73,1.0,0.07,5.93,1.07,49.66,1.0,0.0,0.33,5.41,0.0,4.99,0.07,1.87,1.07,0.13,1.76,1.07,0.07,0.0,1.13,0.5,0.0,2.93,0.07,0
0.0,0.0,1.0,0.0,5.29,2.53,50.49,1.24,0.76,1.24,0.48,3.0,34.68,3.0,0.0,12.6,1.24,2.43,0.24,1.76,0.0,2.47,0.37,0.0,3.76,1.53,0
0.64,0.0,1.0,1.27,4.54,1.64,68.52,1.0,0.73,3.82,0.8,0.64,87.28,2.82,0.0,3.0,1.64,2.51,0.0,1.36,0.0,0.0,0.5,0.0,2.73,0.36,0
0.0,0.0,1.0,0.0,3.03,1.0,29.83,1.97,0.0,0.97,1.04,0.0,100.0,5.03,0.97,1.97,1.97,0.59,0.1,1.1,0.0,0.0,0.5,0.0,3.0,1.97,0
0.0,0.88,1.0,0.0,6.77,1.0,42.8,1.0,0.0,0.0,7.01,0.0,0.0,3.23,14.26,1.0,1.0,1.77,1.77,0.23,0.0,2.65,0.35,0.0,3.23,4.42,0
0.0,0.0,1.0,0.0,6.7,1.0,35.09,1.0,0.3,1.3,1.87,0.0,44.83,5.78,0.0,2.7,1.0,2.85,1.3,1.61,0.0,2.43,0.45,0.0,3.3,0.3,0
0.36,0.0,1.0,0.0,5.72,2.0,93.5,1.0,0.0,3.52,1.35,0.0,63.3,1.64,0.64,3.36,1.36,2.33,0.64,1.0,0.0,1.08,0.56,0.0,4.28,0.72,0
0.95,0.11,1.0,0.0,2.05,1.0,37.4,1.0,1.89,0.95,0.89,0.0,56.74,1.89,0.05,7.57,0.95,1.68,1.11,1.0,0.0,2.84,0.66,0.0,4.95,0.05,0
0.0,8.25,1.0,0.0,7.56,1.64,123.63,1.0,0.0,0.64,2.43,0.0,48.09,2.56,0.36,7.72,0.64,3.53,0.64,1.28,0.0,118.61,0.33,0.0,3.72,1.72,0
0.0,0.0,1.0,0.0,4.6,1.8,93.9,2.0,4.4,0.2,0.92,0.4,96.63,5.0,0.2,6.2,2.0,1.91,0.0,0.0,0.0,4.18,0.37,0.0,3.8,1.8,0
0.53,0.0,1.18,0.0,3.77,2.0,58.45,1.0,2.65,3.47,0.53,0.82,51.13,2.18,0.0,2.18,1.0,3.6,1.82,1.0,0.0,157.39,0.33,0.0,1.53,0.35,0
0.0,0.0,1.0,0.0,5.74,1.19,34.73,1.0,0.0,0.19,0.96,1.63,29.36,4.81,0.0,2.11,1.0,3.97,3.44,5.26,0.0,35.04,0.33,0.0,2.19,0.19,0
0.0,0.0,1.0,0.0,4.48,1.52,37.48,1.0,0.0,1.0,1.15,0.0,47.95,3.94,0.0,2.45,1.0,2.39,0.52,1.0,0.0,0.0,0.5,0.0,1.0,0.0,0
0.0,0.0,1.0,0.25,6.02,1.25,99.44,1.76,1.53,0.51,1.76,0.0,25.49,3.0,0.25,4.53,1.0,1.42,0.75,0.75,0.0,0.25,0.46,0.0,1.75,1.51,0
0.0,0.0,1.0,0.0,3.0,1.0,36.73,1.0,1.93,0.93,1.14,0.0,62.73,4.07,0.0,6.66,1.0,1.32,0.0,1.0,0.0,0.93,0.34,0.0,1.34,0.0,0
0.0,0.0,1.0,0.0,3.67,1.0,57.72,1.0,1.33,1.0,1.2,0.0,50.0,2.66,0.66,2.0,2.34,1.84,1.0,1.0,0.0,0.0,0.5,0.0,3.67,0.67,0
2.42,0.0,1.0,0.6,3.81,1.6,75.32,1.79,0.0,3.02,0.64,0.0,45.37,1.4,0.0,2.4,2.0,3.45,1.21,1.4,0.0,11.47,0.43,0.0,1.6,0.6,0
0.0,0.74,1.0,0.0,9.29,1.0,69.44,1.63,0.0,1.26,4.4,1.89,41.59,1.89,0.74,13.6,1.26,3.46,1.0,1.0,0.0,2.52,0.5,0.0,3.74,0.0,0
0.07,0.0,1.0,0.0,8.44,1.93,78.59,1.14,0.07,1.0,0.93,0.0,74.37,3.93,0.0,6.86,1.07,3.64,0.93,1.86,0.0,172.41,0.34,0.0,3.07,1.0,0
0.0,0.0,1.0,0.0,3.06,1.0,38.0,1.0,0.06,0.94,1.49,0.0,5.83,1.06,0.06,2.06,1.94,1.64,0.94,2.0,0.0,0.0,0.5,0.0,2.94,0.0,0
0.0,0.0,1.0,0.0,3.0,1.0,28.62,1.0,0.0,0.0,0.89,8.69,23.05,2.69,0.0,6.93,1.0,1.2,0.69,1.0,0.0,1.54,0.37,0.0,3.0,0.77,0
0.4,13.74,1.0,0.0,3.79,1.0,130.8,1.8,1.21,0.8,3.27,0.0,40.24,2.01,0.6,6.59,0.8,2.14,0.0,0.4,0.0,0.0,0.4,0.0,3.79,1.79,0
0.0,0.0,1.0,0.0,5.43,1.0,46.96,1.0,0.58,0.43,1.06,1.71,29.25,5.14,0.43,1.87,1.29,3.79,3.42,5.13,0.0,3.46,0.37,0.0,2.0,0.14,0
0.0,0.0,1.0,0.0,5.76,1.92,34.32,1.0,0.0,0.08,0.98,5.52,0.0,2.84,0.0,2.92,1.08,0.13,0.08,2.0,0.0,0.92,0.35,0.0,2.08,0.0,0
0.36,0.0,1.0,0.88,2.95,1.24,53.06,1.0,2.12,0.48,0.42,0.36,75.57,3.64,0.24,3.09,1.0,1.84,0.12,0.88,0.0,142.52,0.33,0.0,1.88,0.88,0
12.15,0.0,1.39,0.0,5.18,1.78,288.87,2.18,0.0,7.84,1.7,0.39,94.91,4.43,0.0,1.57,2.18,2.87,1.22,1.22,0.0,786.39,0.43,0.0,2.61,1.57,0
0.0,0.0,0.39,0.0,0.0,0.39,23.39,1.0,0.0,0.0,3.73,0.0,0.0,3.57,0.0,0.39,1.0,0.0,0.0,1.18,0.0,2.43,0.6,0.0,3.0,0.0,0
0.0,3.61,1.0,0.48,4.55,1.0,46.69,1.0,0.0,0.0,4.09,0.0,0.0,0.48,0.52,1.45,0.48,2.42,2.42,2.45,0.0,11.36,0.45,0.0,2.48,0.52,0
0.0,0.91,1.0,0.0,6.36,1.0,35.82,1.18,0.27,0.0,6.77,0.09,0.0,0.54,2.73,2.45,0.18,0.93,0.91,1.09,0.0,2.73,0.5,0.0,3.73,2.73,0
0.0,0.0,1.0,0.0,0.23,1.05,31.88,1.95,0.0,0.05,1.48,0.0,2.32,5.81,0.05,1.09,1.95,1.03,0.05,1.95,0.0,0.0,0.5,0.0,3.09,0.0,0
0.99,0.01,1.0,0.0,4.03,1.99,80.55,2.98,1.98,1.98,1.0,0.0,98.97,0.99,0.03,4.97,1.98,1.74,0.01,1.0,0.0,180.15,0.34,0.0,3.01,0.03,0
0.0,2.43,1.0,0.0,5.19,1.19,36.43,1.0,0.0,0.0,4.45,1.14,0.0,0.57,0.81,1.38,0.19,5.67,0.0,0.38,0.0,0.19,0.47,0.0,2.81,0.0,0
1.13,0.0,1.38,0.0,6.39,1.38,98.82,1.0,0.38,1.0,1.17,0.0,28.22,1.75,0.0,3.0,1.62,2.25,1.0,1.62,0.0,0.38,0.44,0.0,3.38,0.75,0
0.0,0.0,1.0,7.17,5.87,1.72,285.12,1.0,1.43,1.43,1.0,0.28,52.38,1.28,0.72,5.57,1.72,2.06,0.72,1.0,0.0,4.8,0.5,0.0,1.85,2.87,0
0.0,0.0,1.51,0.0,8.63,1.51,37.34,1.0,0.0,0.0,1.8,1.02,100.0,2.95,0.0,4.58,1.51,1.02,0.51,1.98,0.0,2.05,0.5,0.0,3.49,0.0,0
0.0,0.0,1.0,0.0,4.39,1.0,70.71,1.0,0.0,0.93,1.05,0.54,23.21,3.86,0.46,4.68,1.0,2.12,0.46,1.46,0.0,9.11,0.5,0.0,4.46,0.46,0
0.0,0.0,1.0,0.0,6.66,1.0,52.54,1.45,1.22,0.22,1.82,0.22,77.68,6.78,0.0,7.55,1.22,3.48,2.33,1.78,0.0,0.0,0.5,0.0,1.67,0.0,0
0.0,0.0,1.0,0.0,3.27,1.0,31.09,1.27,0.53,0.27,1.82,0.0,100.0,4.2,0.0,4.21,1.27,0.34,0.27,2.47,0.0,2.14,0.5,0.0,4.0,0.8,0
0.0,1.32,1.0,0.0,4.98,1.66,198.01,2.0,0.68,8.91,0.84,0.68,94.21,3.68,0.34,7.0,1.34,3.42,0.66,0.66,0.0,36.74,0.22,0.0,3.66,1.66,0
0.0,0.93,1.0,0.0,8.32,1.0,60.62,1.0,0.0,1.07,3.83,0.0,26.8,3.22,1.0,1.07,0.54,2.79,1.0,1.54,0.0,0.0,0.5,0.0,4.07,1.0,0
0.0,0.0,1.0,0.0,3.44,1.0,27.62,1.0,0.0,0.0,3.26,0.0,56.26,4.25,0.44,0.44,1.0,4.94,4.94,1.13,0.0,1.31,0.43,0.0,3.69,0.0,0
0.0,0.0,1.0,0.0,3.18,2.06,45.06,1.0,1.0,1.94,1.18,0.18,72.04,3.94,0.0,4.36,1.0,2.04,0.0,1.06,0.0,1.06,0.33,0.0,1.18,0.12,0
0.0,0.0,1.24,0.0,4.9,1.24,54.28,1.0,7.59,0.76,0.83,0.48,36.27,1.76,54.63,8.0,1.24,15.97,1.0,1.0,0.0,45.73,0.37,0.0,3.0,3.03,0
1.36,0.0,1.0,0.0,3.64,1.68,44.18,3.04,1.0,0.0,0.88,0.0,31.87,5.68,0.0,6.04,1.68,1.55,0.32,2.0,0.0,6.13,0.33,0.0,3.32,0.32,0
0.0,1.0,1.0,0.0,5.32,1.0,45.17,1.0,0.0,0.0,7.53,0.0,0.0,4.06,2.19,1.81,0.81,2.43,2.43,1.0,0.0,1.81,0.39,0.0,3.0,0.19,0
0.0,0.0,1.0,1.14,4.71,1.28,47.05,1.28,0.85,0.57,1.68,0.0,100.0,4.72,0.0,3.14,1.0,1.5,1.0,4.86,0.0,53.21,0.45,0.0,3.72,1.0,0
0.0,0.0,1.0,0.0,1.21,1.0,38.66,2.0,1.61,0.0,1.29,0.0,40.3,6.0,4.84,3.01,2.0,1.25,0.0,1.19,0.0,0.0,0.5,0.0,3.81,0.0,0
0.0,0.04,0.02,0.0,0.15,0.02,23.77,1.04,0.02,0.0,4.53,0.0,0.0,1.98,0.04,0.04,1.02,0.03,0.02,0.02,0.0,3.91,0.66,0.0,2.98,0.0,0
5.58,3.93,1.0,5.89,2.31,2.31,152.09,7.58,0.35,7.54,0.46,0.0,71.89,1.69,4.58,10.89,2.0,3.14,0.0,0.0,0.0,79.25,0.35,0.0,3.35,2.31,0
0.0,0.45,1.0,0.0,5.9,1.0,47.21,1.0,0.55,0.0,4.32,0.0,55.22,3.0,8.27,3.21,1.0,3.1,1.45,1.1,0.0,1.34,0.43,0.0,3.55,3.34,0
0.0,1.67,1.0,0.0,3.56,1.0,34.11,1.0,0.44,0.0,3.42,0.0,44.37,2.22,0.56,2.0,0.44,0.67,0.56,1.0,0.0,0.0,0.5,0.0,4.33,0.0,0
0.0,0.0,1.0,0.0,3.09,1.0,33.0,1.09,0.91,0.0,1.4,0.0,91.48,5.09,0.0,2.09,1.09,0.31,0.0,1.09,0.0,0.0,0.5,0.0,5.74,0.0,0
0.53,0.0,1.0,0.0,2.94,1.0,39.41,1.94,2.0,1.0,0.73,0.47,55.29,3.88,0.0,7.06,1.47,1.2,0.53,1.0,0.0,1.59,0.59,0.0,4.06,0.47,0
2.26,0.0,1.75,0.0,9.77,1.75,109.73,1.0,1.0,0.75,1.44,0.0,81.19,3.5,0.0,2.75,1.0,2.69,0.75,1.0,0.0,0.75,0.37,0.0,4.5,1.5,0
0.0,0.0,1.0,0.0,4.0,1.97,49.37,1.03,1.08,1.95,0.71,0.0,64.95,1.13,0.03,4.08,2.0,1.32,0.0,1.95,0.97,0.0,0.5,0.0,3.0,0.03,0
0.0,0.0,1.0,0.0,3.11,1.0,33.84,1.0,0.89,0.11,1.33,0.0,5.27,3.21,0.11,2.0,1.0,1.0,0.11,2.32,0.0,1.89,0.33,0.0,3.89,2.68,0
0.0,0.0,1.0,0.53,8.05,1.53,175.34,2.58,3.16,1.05,1.43,0.0,100.0,3.0,0.53,4.73,1.0,2.25,0.47,0.95,0.0,0.53,0.41,0.0,1.47,3.0,0
1.72,0.0,2.43,0.28,9.43,4.0,63.45,1.0,0.28,1.0,0.66,1.28,75.0,1.0,0.57,7.0,1.72,5.4,3.43,3.15,0.72,47.9,0.47,0.0,4.43,1.0,0
0.0,0.0,1.0,0.0,3.53,1.0,43.4,1.0,0.0,0.74,1.47,0.26,24.28,1.53,0.0,5.96,1.74,1.34,0.26,0.26,0.0,33.9,0.48,0.0,1.79,0.26,0
0.0,0.0,1.0,0.0,3.46,1.46,35.23,1.0,0.46,0.0,1.72,0.92,46.13,2.38,0.46,1.85,1.54,1.08,0.46,0.92,0.0,0.46,0.58,0.0,3.0,0.92,0
0.1,0.0,1.0,0.0,2.15,1.0,37.95,3.1,0.15,0.1,0.59,0.05,4.26,2.21,0.0,3.36,2.0,0.55,0.0,2.0,0.0,2.85,0.34,0.0,1.0,0.0,0
0.0,0.0,1.0,0.0,1.85,1.37,29.59,1.0,0.0,0.0,2.25,0.37,0.0,4.89,0.0,1.11,1.0,1.38,1.26,2.0,0.0,0.0,0.5,0.0,3.37,0.74,0
0.0,0.0,1.0,0.0,4.09,1.0,28.34,1.0,0.0,0.0,1.91,0.0,45.71,6.09,0.0,1.0,1.0,1.09,1.09,2.46,0.0,0.46,0.42,0.0,3.0,0.0,0
0.0,1.56,1.0,0.0,2.89,1.0,49.89,1.0,0.0,0.78,1.68,2.33,12.44,3.11,0.22,1.56,0.78,0.65,0.0,1.78,0.0,5.67,0.35,0.0,2.0,1.0,0
0.0,2.07,1.0,0.0,5.07,1.0,41.92,1.0,0.0,0.0,3.9,0.0,0.0,0.48,1.04,2.0,0.96,1.39,1.0,1.48,0.0,3.11,0.37,0.0,3.0,0.52,0
0.0,0.0,1.0,0.73,2.73,1.0,27.93,1.53,0.0,0.0,1.99,0.0,0.0,1.27,0.0,3.0,1.27,3.8,3.67,3.47,0.0,0.8,0.46,0.0,2.47,0.0,0
0.0,0.0,1.0,0.0,3.3,1.0,75.65,1.07,0.15,0.93,1.08,0.0,7.5,1.37,0.37,3.22,2.0,1.56,0.93,1.85,0.0,0.15,0.49,0.0,3.0,0.0,0
0.68,0.0,1.0,0.0,4.64,1.32,79.68,2.36,7.77,1.36,0.82,1.0,87.9,6.77,1.32,6.0,1.68,2.32,0.0,1.0,0.0,35.96,0.43,0.0,2.36,0.0,0
0.0,0.0,1.0,0.0,4.45,1.0,60.33,1.23,0.23,0.77,1.13,0.23,38.72,2.35,1.55,1.23,2.77,3.21,0.77,1.0,0.0,0.0,0.5,0.0,3.32,0.77,0
0.56,0.0,1.0,0.56,8.0,1.56,105.56,1.0,0.0,1.68,3.96,0.0,42.48,1.44,1.68,5.59,1.0,3.83,0.56,1.0,0.0,3.35,0.5,0.0,2.68,1.44,0
0.0,0.0,1.0,0.0,4.6,1.0,70.67,2.01,0.8,1.2,1.71,0.0,63.24,3.21,0.8,5.61,1.2,3.74,2.39,1.0,0.0,7.6,0.27,0.0,2.6,1.6,0
1.25,0.0,1.0,0.0,3.5,1.0,60.91,5.75,1.88,1.25,0.65,0.63,51.97,6.0,0.0,8.5,2.0,1.01,0.0,2.0,0.0,0.0,0.5,0.0,2.12,1.12,0
0.0,0.57,1.0,0.0,4.41,1.0,52.85,1.57,1.28,0.43,1.72,0.0,92.76,4.85,2.0,5.43,1.57,3.56,1.0,0.43,0.0,0.0,0.5,0.0,4.43,0.0,0
0.0,0.0,1.0,0.0,3.49,1.0,29.87,1.0,0.24,0.08,2.73,0.0,98.62,6.0,0.16,0.49,1.0,7.76,7.43,1.92,0.0,0.0,0.5,0.0,5.0,0.0,0
0.0,0.21,1.0,0.97,6.9,1.0,161.88,1.0,2.9,1.93,1.93,0.0,79.19,1.93,2.93,6.76,0.97,2.27,0.97,0.0,0.0,0.0,0.5,0.0,1.03,1.0,0
0.0,0.0,1.0,0.0,3.0,1.0,62.75,1.94,0.0,1.87,0.6,2.81,61.76,2.87,0.0,19.78,2.0,1.35,1.0,1.06,0.0,3.74,0.5,0.0,3.0,0.0,0
0.0,0.0,1.0,0.0,1.46,2.0,23.37,1.89,0.0,1.77,0.67,1.89,88.6,4.77,0.0,3.0,1.89,1.81,1.77,4.66,0.0,1.77,0.35,0.0,3.11,0.23,0
0.0,0.0,1.45,0.0,7.43,1.45,48.17,1.0,1.1,0.55,0.94,0.9,45.25,1.55,0.0,8.0,1.45,1.4,0.45,1.0,0.0,4.0,0.41,0.0,4.1,1.1,0
0.0,0.0,1.0,0.0,4.0,1.0,50.65,1.7,1.7,0.7,0.85,0.0,100.0,2.0,0.3,10.03,1.7,1.57,0.7,1.3,0.0,5.62,0.5,0.0,3.41,2.11,0
0.79,0.0,1.0,0.0,3.79,1.79,71.68,2.58,1.79,1.58,1.15,0.0,100.0,1.21,1.69,4.36,1.79,3.5,0.21,1.0,0.0,143.45,0.37,0.0,3.21,0.42,0
0.0,0.0,1.0,0.0,0.09,1.0,27.72,1.03,0.12,0.0,2.94,0.0,3.12,6.0,0.37,0.19,1.03,1.99,1.94,1.94,0.0,0.0,0.5,0.0,3.06,0.0,0
0.79,1.58,1.21,0.21,8.58,2.21,317.6,8.9,2.37,11.27,0.99,1.0,92.86,5.95,1.58,11.9,1.79,2.78,0.21,1.0,0.0,9.48,0.28,0.0,3.0,3.95,0
0.0,0.0,1.0,0.0,4.0,1.0,24.02,1.0,0.0,1.0,1.85,0.0,0.07,5.0,1.0,2.01,1.0,1.0,1.0,5.0,0.0,1.0,0.33,0.0,4.0,1.0,0
0.0,0.0,1.0,0.0,6.0,1.0,61.21,1.35,1.0,2.59,1.38,0.35,36.93,3.11,4.54,1.35,1.35,4.53,1.3,1.0,0.0,0.0,0.5,0.0,2.94,0.65,0
1.94,0.0,1.53,2.06,9.31,2.53,86.49,1.47,0.47,3.76,0.71,2.12,72.57,3.35,0.0,10.94,1.0,6.39,2.59,3.65,0.0,124.1,0.46,0.0,2.53,2.12,0
0.0,0.0,1.0,0.0,5.0,1.0,57.22,1.0,0.21,0.79,1.55,0.0,60.71,3.43,0.0,2.43,1.0,3.35,1.0,1.21,0.0,0.0,0.5,0.0,4.79,1.0,0
0.0,0.0,1.0,0.0,3.2,1.27,23.47,1.0,0.27,0.27,1.84,0.27,95.46,4.93,0.0,0.53,1.0,1.82,1.47,1.73,0.0,0.8,0.43,0.0,2.73,0.0,0
0.22,0.78,1.0,0.0,3.66,1.0,62.73,1.88,1.75,1.32,4.45,0.0,21.92,1.32,1.56,1.88,0.44,1.96,1.56,0.78,0.0,18.41,0.5,0.0,4.34,0.66,0
0.0,0.0,1.0,0.0,5.0,2.0,83.23,1.35,1.75,1.3,0.87,0.0,59.67,2.4,0.0,4.7,2.0,2.18,0.0,0.0,0.0,1.35,0.36,0.0,3.35,1.35,0
0.0,0.0,1.0,0.0,3.37,1.0,46.68,2.37,3.26,0.37,0.95,0.37,81.58,6.0,7.58,6.0,2.0,1.3,0.0,0.37,0.0,0.0,0.5,0.0,4.26,0.37,0
0.73,0.0,1.0,0.0,4.0,2.0,53.9,1.0,0.0,2.47,0.85,0.0,40.69,1.27,0.0,0.27,1.0,5.38,1.0,1.0,0.0,0.0,0.38,0.0,1.73,1.47,0
0.0,0.0,1.0,0.0,3.27,1.0,59.95,1.54,0.54,3.91,0.8,0.27,68.22,2.36,0.0,1.63,2.0,3.95,0.0,1.0,0.0,0.0,0.5,0.0,2.27,1.0,0
0.0,0.0,1.0,0.86,4.14,1.14,35.65,1.14,0.71,0.0,3.07,0.0,14.21,2.43,0.0,0.85,1.14,0.3,0.0,1.72,0.0,0.28,0.49,0.0,3.14,0.28,0
0.0,0.0,1.0,0.0,6.7,1.0,55.39,1.2,0.2,0.1,1.92,0.1,94.97,3.3,0.0,0.6,1.1,1.69,0.9,1.9,0.0,0.0,0.5,0.0,2.1,2.8,0
0.0,0.0,1.0,0.0,2.55,1.45,31.07,1.0,1.36,1.81,1.36,0.45,75.5,3.64,0.0,1.45,1.0,1.64,0.91,2.09,0.0,86.66,0.42,0.0,2.64,0.0,0
0.0,0.0,1.0,0.0,3.0,1.0,25.61,1.0,0.0,0.13,1.95,0.0,90.99,4.46,0.0,2.0,1.13,0.18,0.0,2.6,0.0,6.05,0.5,0.0,2.73,0.0,0
0.0,0.0,1.0,0.0,4.9,1.0,26.59,1.0,0.0,0.0,2.14,0.0,90.23,4.8,0.0,2.1,1.0,0.1,0.1,3.71,0.0,0.0,0.5,0.0,2.9,0.1,0
0.0,0.0,1.0,0.0,0.13,1.0,16.4,1.0,0.96,0.96,1.3,0.0,52.22,6.96,0.0,3.82,1.0,0.83,0.36,1.04,0.0,0.0,0.5,0.0,4.04,0.0,0
0.0,0.4,1.0,0.6,3.4,1.0,26.19,1.0,0.0,0.0,3.36,0.0,0.0,1.79,1.98,1.81,1.0,10.53,10.53,2.42,0.0,0.0,0.5,0.0,3.0,0.4,0
0.43,0.0,1.0,0.43,5.7,2.28,48.97,1.0,0.43,1.0,1.44,0.85,31.96,1.0,0.85,2.98,1.57,2.49,1.43,1.0,0.0,72.01,0.46,0.0,2.43,0.43,0
0.0,0.0,1.0,0.0,5.73,1.0,32.82,1.09,0.91,1.82,1.8,0.0,39.04,3.18,0.0,1.91,1.0,2.36,1.82,3.0,0.0,7.37,0.33,0.0,3.91,0.91,0
0.0,0.82,1.0,0.0,11.36,1.0,32.99,1.0,0.0,0.18,6.01,0.0,9.14,0.91,1.0,0.37,0.18,1.0,1.0,1.73,0.0,0.18,0.47,0.0,2.18,0.82,0
0.0,0.66,1.0,0.0,3.7,1.34,36.43,1.66,0.0,0.0,1.34,0.34,66.23,3.66,1.32,5.34,1.66,3.01,1.0,0.68,0.0,0.68,0.44,0.0,3.66,0.34,0
21.34,0.0,1.69,0.0,5.75,2.38,502.14,3.38,0.0,14.39,0.59,1.62,80.46,2.31,0.0,9.3,3.38,3.33,0.31,0.31,0.0,1382.9,0.39,0.0,2.31,2.75,0
0.68,0.0,1.0,1.35,5.68,1.68,72.89,1.0,0.0,4.06,1.09,0.68,54.17,1.65,0.0,3.0,1.68,2.48,0.32,1.0,0.0,0.0,0.5,0.0,2.0,0.32,0
0.0,0.0,1.0,0.0,3.0,1.0,58.04,1.15,0.0,2.7,0.92,0.0,81.31,1.6,0.15,2.0,2.0,1.64,0.85,1.0,0.0,0.0,0.5,0.0,2.15,2.0,0
0.0,0.0,1.0,0.0,3.0,1.0,26.64,1.0,0.0,0.0,1.98,0.0,74.25,4.48,0.0,2.8,1.0,0.46,0.26,2.74,0.0,0.52,0.46,0.0,3.74,0.26,0
0.0,0.0,1.0,0.0,3.0,1.0,26.72,1.0,0.45,0.0,2.31,0.0,54.69,4.55,0.0,1.36,1.0,0.15,0.0,1.0,0.0,0.0,0.5,0.0,3.0,0.0,0
3.07,2.3,1.0,3.45,3.0,1.77,106.54,5.07,3.08,4.22,0.65,0.0,90.41,2.85,3.3,11.53,2.0,2.13,0.0,0.0,0.0,46.9,0.26,0.0,3.0,1.15,0
0.0,3.9,1.0,0.0,2.6,1.0,39.7,1.0,0.0,0.0,3.97,0.0,0.0,1.75,0.65,0.0,0.35,1.22,0.35,0.35,0.0,14.34,0.44,0.0,2.35,0.65,0
0.0,0.0,1.0,0.0,5.64,1.21,28.34,1.21,0.0,0.0,1.89,1.0,78.7,6.0,0.0,2.07,1.21,1.68,1.57,4.85,0.0,0.0,0.5,0.0,2.79,0.21,0
0.0,0.0,1.0,0.0,3.0,1.0,44.58,1.0,0.0,0.66,1.6,0.0,72.12,3.01,0.0,1.66,1.0,1.11,0.0,1.01,0.0,45.13,0.5,0.0,1.67,0.0,0
0.0,1.04,1.0,0.0,4.28,1.0,31.52,1.0,0.0,0.0,2.54,0.0,0.0,1.92,1.96,0.0,0.96,13.0,2.92,1.0,0.0,0.0,0.5,0.0,3.96,1.0,0
0.0,0.0,1.0,0.71,7.35,1.18,81.97,1.18,1.35,0.35,1.75,0.0,100.0,4.0,0.0,6.0,1.0,2.02,1.0,2.0,0.0,34.0,0.33,0.0,3.0,0.18,0
0.0,0.59,1.0,0.0,3.59,1.0,56.5,3.06,0.0,0.82,1.69,0.0,31.26,4.47,1.18,3.29,1.41,8.42,1.77,1.0,0.0,2.47,0.43,0.0,2.77,0.59,0
0.0,0.48,1.0,0.0,3.72,1.24,84.88,1.24,0.0,3.13,2.23,0.0,24.06,3.0,0.0,3.2,1.0,1.86,1.0,1.0,0.0,11.79,0.43,0.0,2.48,0.48,0
4.69,3.52,1.0,5.27,3.83,2.17,136.75,6.27,0.0,6.45,1.07,0.41,85.35,3.07,4.1,8.62,1.59,3.29,0.83,1.66,0.0,69.73,0.36,0.0,3.0,1.76,0
0.0,0.0,1.0,0.0,2.0,1.0,55.0,1.0,10.0,1.0,0.64,0.0,16.0,2.0,72.0,8.0,1.0,20.42,1.0,1.0,0.0,59.0,0.33,0.0,3.0,4.0,0
0.91,0.0,1.0,0.0,5.91,1.0,174.98,4.62,7.24,5.43,1.22,0.0,100.0,5.62,0.28,4.53,1.91,2.07,0.28,0.09,0.0,76.07,0.48,0.0,2.0,2.91,0
0.69,1.39,1.0,0.0,7.47,1.69,279.65,7.94,2.08,9.71,1.29,0.69,69.37,5.77,1.39,10.63,1.69,2.32,0.31,1.0,0.0,8.32,0.31,0.0,2.69,3.77,0
0.0,0.31,1.0,0.0,2.38,1.0,35.89,2.0,3.44,0.0,1.03,0.0,100.0,4.0,1.31,8.44,2.0,1.35,0.31,0.0,0.0,1.38,0.33,0.0,3.31,0.0,0
0.0,0.0,1.0,0.0,3.15,1.0,29.11,1.3,0.3,0.15,2.04,0.15,7.52,4.3,0.0,2.6,1.15,0.54,0.0,1.0,0.0,0.0,0.5,0.0,3.0,0.15,0
0.0,0.0,1.0,0.0,3.93,1.0,27.98,1.0,0.02,0.0,1.38,1.95,0.0,3.0,0.0,5.11,1.0,1.5,1.0,2.14,0.0,0.23,0.5,0.0,3.93,0.98,0
0.0,0.0,1.0,0.0,6.09,1.51,40.8,1.0,0.0,0.0,1.28,0.51,0.0,3.0,0.0,5.51,1.0,3.19,1.0,2.0,0.0,1.03,0.41,0.0,2.51,1.49,0
0.51,0.0,1.17,0.0,5.35,1.17,43.54,1.0,0.17,0.17,2.32,0.0,95.79,4.66,0.0,1.34,1.0,0.59,0.17,2.66,0.0,0.17,0.47,0.0,3.17,0.34,0
0.0,0.0,1.0,0.0,4.0,1.0,56.77,1.62,1.23,1.0,1.06,0.0,88.86,1.62,0.0,8.01,2.0,1.51,1.0,1.0,0.0,4.93,0.5,0.0,3.62,1.85,0
0.0,0.93,1.0,0.0,4.55,1.0,46.62,1.0,0.69,0.0,3.37,0.0,69.05,4.69,1.55,1.69,1.0,0.48,0.31,1.0,0.0,0.0,0.5,0.0,4.76,0.0,0
30.33,0.0,1.98,0.0,6.91,2.96,686.23,3.93,0.0,19.67,0.62,0.98,86.74,1.98,0.0,3.91,3.96,4.24,0.0,0.02,0.0,1963.33,0.34,0.0,2.0,3.93,0
14.87,0.0,2.0,0.0,9.08,3.0,370.17,3.48,0.0,9.6,0.72,2.04,93.76,1.48,0.0,8.16,2.96,2.72,0.0,0.52,0.0,968.61,0.29,0.0,1.48,1.92,0
0.0,3.23,1.0,0.54,4.38,1.0,44.36,1.0,0.0,0.0,3.92,0.0,0.0,0.54,0.46,1.62,0.54,2.69,2.69,2.62,0.0,10.14,0.45,0.0,2.54,0.46,0
0.0,0.0,1.0,0.0,7.69,1.0,55.81,1.0,0.94,0.06,2.1,0.0,93.75,6.62,0.0,7.62,1.06,4.16,2.87,2.0,0.0,0.0,0.5,0.0,1.13,0.0,0
0.0,0.0,1.0,0.0,4.11,1.55,80.97,2.0,4.55,0.0,0.97,0.0,100.0,5.45,5.36,6.0,2.0,1.88,0.0,0.0,0.0,1.11,0.44,0.0,4.45,1.11,0
0.0,1.02,1.0,0.0,4.0,1.66,60.77,1.0,0.0,0.66,3.73,0.0,49.55,1.98,0.34,1.34,0.66,1.66,1.66,1.0,0.0,0.0,0.5,0.0,3.66,0.0,0
1.45,0.0,2.0,0.0,8.13,2.0,227.78,1.0,0.23,1.0,0.92,0.0,91.24,2.23,1.55,7.64,1.77,4.69,0.23,0.23,0.0,0.23,0.33,0.0,4.0,2.77,0
0.0,2.23,1.0,0.0,5.23,1.0,40.16,1.0,0.0,0.0,4.17,0.0,44.27,2.21,1.11,2.0,0.44,0.98,0.56,1.89,0.0,3.34,0.36,0.0,3.0,0.56,0
0.0,0.0,1.0,0.0,5.77,1.0,51.58,1.12,1.12,0.12,1.49,0.0,100.0,4.65,0.0,5.05,1.12,2.09,1.0,1.88,0.0,1.82,0.35,0.0,1.35,0.35,0
0.0,0.0,1.0,0.0,2.97,1.0,30.44,1.0,0.06,0.03,0.27,10.68,0.0,2.0,0.0,8.97,1.0,0.67,0.0,1.0,0.0,2.06,0.33,0.0,3.06,1.03,0
0.0,0.0,1.0,0.0,0.92,1.46,25.97,1.0,0.46,0.0,1.55,0.46,100.0,3.46,0.0,1.84,1.0,0.92,0.92,1.46,0.0,0.46,0.58,0.0,3.0,0.46,0
0.0,0.0,1.0,0.0,4.25,1.0,41.15,1.0,1.25,0.75,1.34,0.0,87.22,4.5,0.0,3.0,1.0,2.71,1.5,2.0,0.0,0.75,0.44,0.0,4.38,0.62,0
0.0,0.0,1.0,0.0,4.84,1.0,38.92,1.0,0.0,0.08,1.39,0.0,92.15,6.53,0.0,3.84,1.08,1.05,0.08,2.0,0.0,0.0,0.5,0.0,3.0,0.92,0
0.0,0.0,1.0,0.0,6.77,1.44,37.08,1.0,0.0,0.0,1.77,1.0,55.67,4.67,0.0,3.22,1.0,2.89,1.56,3.11,0.0,0.89,0.43,0.0,3.0,0.44,0
0.0,0.0,1.0,0.0,2.09,1.52,52.07,1.0,0.0,0.52,2.95,0.0,39.25,3.95,0.0,0.52,1.0,1.52,1.52,1.0,0.0,19.54,0.42,0.0,3.52,0.0,0
0.15,0.0,1.0,0.3,4.3,1.15,34.64,1.0,0.0,0.89,1.86,0.15,97.03,4.41,0.0,1.3,1.15,1.32,0.85,2.7,0.0,4.26,0.29,0.0,2.85,0.85,0
0.0,0.06,1.0,0.0,3.06,1.0,65.86,1.0,0.0,0.0,0.93,0.94,0.0,2.18,0.12,6.7,1.0,0.37,0.18,1.0,0.0,16.1,0.49,0.0,3.94,0.0,0
0.8,0.0,1.6,2.41,14.79,4.8,108.41,1.4,1.6,4.2,0.65,2.99,62.43,3.2,0.0,6.8,1.4,4.79,3.4,1.6,0.0,169.33,0.36,0.0,2.8,0.4,0
0.0,0.0,1.0,0.0,5.0,1.0,48.98,1.0,1.0,0.0,1.75,0.0,99.92,3.0,2.0,5.0,1.0,4.0,1.0,2.0,0.0,0.0,0.5,0.0,4.0,2.0,0
0.0,0.0,1.0,0.0,3.8,1.0,61.85,1.0,0.4,1.0,1.18,0.0,51.98,1.6,1.6,2.19,2.6,3.48,0.8,1.0,0.0,0.2,0.47,0.0,3.4,0.8,0
0.94,0.0,1.0,0.77,4.3,1.0,57.15,1.7,1.87,1.87,1.54,0.0,19.87,3.94,0.23,0.47,1.23,1.06,0.0,1.53,0.0,4.21,0.44,0.0,2.77,0.77,0
0.59,0.0,1.0,0.0,3.59,1.0,65.57,2.59,6.7,1.59,0.85,1.41,92.99,7.35,1.0,6.41,2.0,2.0,0.0,0.59,0.0,21.82,0.3,0.0,3.0,0.41,0
0.0,0.0,1.0,0.0,3.01,1.0,25.25,1.0,0.0,0.0,2.42,0.0,75.35,5.25,0.0,1.49,1.0,0.25,0.25,3.0,0.0,0.0,0.5,0.0,3.0,0.0,0
3.58,0.0,1.0,0.58,7.08,2.42,121.42,1.0,1.25,4.58,0.65,1.25,70.83,1.0,0.83,12.0,1.58,5.49,1.58,0.58,0.0,46.18,0.41,0.0,1.58,0.58,0
0.0,0.64,1.0,0.0,3.21,1.0,68.06,1.0,0.0,0.79,1.85,0.0,0.0,0.79,0.21,2.79,1.57,1.39,1.0,1.79,0.0,0.0,0.5,0.0,3.0,0.0,0
0.0,0.0,1.0,0.0,3.0,1.0,37.03,1.67,1.0,1.01,1.21,0.0,100.0,5.0,0.0,3.01,1.34,0.69,0.0,1.0,0.0,0.34,0.44,0.0,4.66,0.0,0
0.96,0.0,1.0,10.61,6.86,1.0,279.36,1.04,0.07,0.04,1.41,0.07,96.5,4.04,0.04,2.18,1.04,3.3,0.0,1.93,0.0,0.46,0.49,0.0,1.07,3.89,0
0.59,0.0,1.59,0.0,5.37,1.59,164.54,1.0,0.41,0.59,1.04,0.0,97.63,3.22,1.19,6.15,1.59,3.08,0.0,0.41,0.0,0.0,0.4,0.0,4.81,1.78,0
0.0,0.3,1.0,0.0,5.04,1.0,64.44,1.0,0.0,0.85,1.95,0.0,42.59,0.85,1.85,0.85,2.56,3.56,1.0,1.0,0.0,0.0,0.5,0.0,3.85,1.0,0
0.0,0.0,1.0,0.0,4.53,1.24,30.5,1.0,0.24,0.47,1.94,0.0,94.08,4.76,0.0,3.24,1.0,0.47,0.0,4.05,0.0,1.0,0.59,0.0,2.53,1.53,0
0.0,0.0,1.0,0.0,6.29,1.41,50.13,1.59,0.41,1.0,1.31,0.41,79.46,4.18,0.59,2.41,1.59,2.35,2.05,1.82,0.0,0.0,0.5,0.0,3.0,1.59,0
0.0,2.77,1.0,0.0,5.55,1.45,101.56,1.45,2.23,0.0,5.36,0.0,44.51,3.89,0.55,3.78,1.45,1.6,0.0,0.0,0.0,0.89,0.46,0.0,3.45,0.89,0
0.0,0.95,1.0,0.0,1.19,1.0,34.57,1.95,0.0,0.0,2.19,0.0,100.0,4.05,4.76,4.86,1.95,1.43,0.0,0.19,0.0,0.0,0.5,0.0,3.95,0.0,0
0.72,0.0,1.0,7.9,6.44,1.0,220.15,1.0,0.0,0.0,1.76,0.0,69.69,3.16,0.0,1.44,1.28,3.13,0.0,1.44,0.0,0.0,0.5,0.0,1.84,2.87,0
0.0,0.0,1.0,0.0,1.34,1.11,39.0,6.32,0.11,0.0,0.67,0.23,11.27,5.77,0.11,5.77,1.89,0.52,0.11,2.0,0.0,0.11,0.52,0.0,3.89,2.89,0
0.0,0.0,1.0,0.0,3.72,1.0,24.15,1.0,0.0,0.0,2.56,0.0,100.0,5.0,0.0,0.28,1.0,0.0,0.0,1.56,0.0,0.0,0.5,0.0,3.72,0.72,0
0.02,0.0,1.0,0.04,3.02,1.0,24.49,1.0,0.0,0.02,1.99,0.0,99.33,4.92,0.0,1.98,1.02,0.06,0.02,3.94,0.0,0.0,0.5,0.0,3.98,0.02,0
0.0,0.66,1.0,0.0,3.99,1.33,106.77,1.33,0.0,4.29,2.2,0.0,100.0,5.01,0.0,2.31,1.0,1.51,0.33,1.0,0.0,16.16,0.4,0.0,2.66,2.0,0
0.22,0.0,1.22,0.65,7.75,2.22,42.07,1.0,0.0,0.0,0.85,5.56,14.4,2.56,0.0,4.53,1.0,2.18,0.87,2.87,0.0,14.75,0.32,0.0,2.22,0.87,0
0.72,0.28,1.0,7.97,8.93,1.0,220.01,1.0,0.0,0.0,2.65,0.0,70.3,3.72,0.55,1.72,1.0,2.72,0.28,1.72,0.0,0.0,0.5,0.0,1.28,3.17,0
0.0,0.0,1.0,0.0,8.94,1.98,81.88,1.0,0.02,1.06,0.95,0.0,74.65,3.94,0.14,6.88,1.0,3.89,1.02,1.98,0.0,181.42,0.34,0.0,3.02,1.0,0
0.0,0.0,1.0,0.0,4.82,1.18,34.52,1.0,0.0,0.18,2.33,0.82,95.56,5.47,0.0,1.0,1.0,2.0,2.0,3.47,0.0,0.0,0.5,0.0,3.18,0.0,0
0.0,0.82,1.18,0.18,7.0,1.35,45.7,1.0,0.0,0.18,6.33,0.18,11.6,2.82,13.19,1.53,1.0,2.06,1.82,0.18,0.0,2.47,0.36,0.0,3.0,4.12,0
0.0,0.0,1.0,0.22,4.22,1.0,99.52,6.46,0.78,2.34,0.95,0.0,78.0,4.56,2.34,9.36,1.78,1.12,0.0,1.22,0.0,1.56,0.37,0.0,3.0,3.34,0
0.0,0.0,1.0,0.0,3.26,1.0,24.0,1.0,0.0,0.0,2.11,0.0,100.0,5.26,0.0,1.47,1.0,0.53,0.53,2.74,0.0,0.0,0.5,0.0,3.0,0.0,0
0.31,0.0,1.0,0.0,4.62,1.0,105.98,2.25,2.49,2.56,1.16,0.0,65.57,2.56,1.38,2.25,2.69,3.32,0.69,0.69,0.0,26.15,0.5,0.0,3.38,1.62,0
0.0,0.0,0.17,0.0,1.02,0.17,31.86,1.0,0.0,0.34,4.11,0.0,8.52,2.68,0.17,0.34,1.0,0.74,0.17,0.34,0.0,3.32,0.64,0.0,3.34,0.17,0
0.38,0.0,1.38,0.0,5.77,1.38,117.2,1.0,0.0,0.38,1.88,0.0,98.46,2.0,2.62,3.46,1.38,4.71,1.85,0.62,0.0,0.0,0.33,0.0,2.77,2.38,0
0.55,0.0,1.0,0.0,4.99,1.55,44.5,1.0,0.0,0.55,1.55,1.11,20.5,3.23,0.0,3.22,1.55,1.66,0.0,2.45,0.0,6.65,0.41,0.0,3.0,0.0,0
0.0,0.0,1.0,0.0,3.06,1.0,25.1,1.0,0.0,0.03,2.64,0.0,98.59,4.94,0.0,0.06,1.0,0.11,0.03,1.0,0.0,0.0,0.5,0.0,3.06,0.03,0
1.8,0.0,1.0,0.0,4.8,1.9,447.76,5.49,0.0,14.37,0.64,1.12,83.55,1.1,0.0,19.78,1.9,2.18,0.0,1.0,0.0,7.39,0.37,0.0,3.0,4.59,1
0.0,0.0,1.0,0.0,0.36,1.05,25.55,2.0,0.0,0.0,1.37,0.05,0.0,6.95,0.0,3.14,2.0,0.98,0.95,3.23,0.0,0.0,0.5,0.0,2.95,0.05,0
0.0,0.26,1.0,0.0,2.17,1.0,44.14,1.0,0.0,0.91,0.94,2.74,14.63,3.66,0.09,2.0,0.91,0.85,0.09,1.91,0.0,0.91,0.35,0.0,2.09,0.91,0
0.65,0.0,1.0,1.3,3.65,1.0,43.4,1.0,0.35,0.65,1.41,0.0,77.91,2.4,0.0,1.35,1.65,2.15,0.65,1.0,0.0,0.0,0.5,0.0,4.05,0.65,0
0.0,0.0,1.0,0.0,3.99,1.0,44.22,1.0,0.49,0.49,1.99,0.0,80.28,3.52,0.49,3.48,1.0,2.17,1.48,2.52,0.0,3.94,0.38,0.0,3.51,0.99,0
0.0,0.0,1.0,0.0,1.59,1.0,31.19,3.39,1.59,0.0,1.03,0.8,0.0,7.39,0.0,4.78,1.8,0.52,0.2,0.2,0.0,8.32,0.47,0.0,1.41,0.0,0
0.04,0.0,1.0,0.0,3.16,1.04,37.53,1.0,0.0,0.32,2.24,0.0,3.46,1.0,0.0,0.16,2.0,0.14,0.0,0.04,0.0,0.12,0.51,0.0,3.0,0.08,0
0.0,0.0,1.48,0.48,5.43,1.95,36.45,1.0,0.0,0.48,1.72,0.48,83.77,3.57,0.0,2.43,1.0,1.11,0.48,2.05,0.0,0.0,0.5,0.0,3.0,0.0,0
0.21,0.0,1.0,0.0,4.41,1.62,36.4,1.0,0.0,0.41,1.69,0.21,91.74,4.38,0.79,2.21,1.0,1.22,0.41,1.79,0.0,3.1,0.5,0.0,2.79,0.41,0
0.0,0.0,1.0,0.0,1.06,1.0,29.77,1.0,0.35,0.0,2.32,0.0,35.31,5.0,0.0,0.71,1.0,0.74,0.65,1.0,0.0,26.52,0.39,0.0,4.06,0.0,0
0.3,16.1,1.0,0.6,5.3,1.3,165.6,1.0,0.0,1.8,3.75,0.3,24.0,0.3,0.7,7.2,0.6,3.05,0.0,0.3,0.0,0.0,0.38,0.0,4.1,2.1,0
0.0,0.0,1.0,0.0,8.0,1.75,50.0,1.0,0.0,0.0,1.61,0.75,0.0,2.5,0.0,4.5,1.25,3.62,0.75,1.5,0.0,1.5,0.38,0.0,3.25,0.75,0
0.0,13.93,1.0,0.0,4.59,1.0,127.9,1.0,0.0,0.0,4.91,0.0,0.0,1.24,2.65,5.29,0.41,9.6,7.83,0.0,0.0,0.0,0.4,0.0,4.18,2.18,0
0.0,0.0,1.0,0.0,5.0,1.0,26.48,1.0,0.21,0.0,1.09,1.59,35.73,5.0,0.0,1.62,1.0,3.59,3.38,5.17,0.0,0.79,0.37,0.0,2.41,0.21,0
1.31,1.04,1.0,0.0,3.69,1.65,44.18,2.96,0.65,0.0,2.2,0.0,0.0,3.92,0.35,4.92,1.31,3.3,0.0,1.31,0.0,5.87,0.34,0.0,3.0,0.0,0
0.0,0.0,1.0,0.0,3.64,1.0,32.45,1.0,0.36,0.0,1.79,0.0,0.0,3.0,0.0,3.27,1.0,1.64,0.0,2.0,0.0,0.73,0.44,0.0,4.0,1.09,0
0.0,0.0,1.0,0.0,5.49,1.0,40.44,1.0,0.5,0.0,1.68,0.0,100.0,6.0,0.0,4.49,1.0,2.16,1.49,2.5,0.0,0.5,0.42,0.0,2.0,0.0,0
0.0,0.0,1.02,0.02,3.08,1.04,25.51,1.0,0.0,0.02,2.74,0.02,99.28,5.92,0.0,0.08,1.0,7.88,7.85,1.98,0.0,0.0,0.5,0.0,4.96,0.0,0
0.0,0.0,1.0,0.0,3.92,1.46,61.81,1.46,2.31,0.0,1.51,0.0,100.0,5.0,0.0,3.84,1.46,0.96,0.0,2.16,0.0,0.92,0.45,0.0,4.0,0.92,0
0.0,0.0,1.0,0.0,3.59,1.0,26.37,1.0,0.0,0.0,1.34,1.18,40.84,3.82,0.0,3.37,1.0,0.89,0.59,2.41,0.0,0.41,0.43,0.0,3.59,0.59,0
0.0,0.0,1.66,0.0,14.22,4.3,81.56,1.0,1.32,3.64,1.14,3.3,33.0,2.98,0.0,5.96,1.34,4.67,3.64,2.0,0.0,183.47,0.39,0.0,3.66,0.0,0
0.0,0.0,1.0,0.0,2.65,1.0,43.09,2.56,1.78,1.0,1.05,0.78,13.05,5.13,0.22,5.78,1.78,1.35,0.65,1.0,0.0,1.74,0.45,0.0,3.78,0.44,0
0.4,0.0,1.4,1.19,7.98,1.8,54.14,1.0,0.0,0.6,1.51,1.59,26.25,1.0,0.0,3.98,1.6,4.58,2.19,2.99,0.0,25.46,0.4,0.0,2.4,1.59,0
0.29,0.0,1.0,0.0,2.58,1.29,37.48,1.0,0.0,0.29,2.25,0.57,10.63,3.85,0.0,1.44,1.29,1.57,0.71,1.29,0.0,32.67,0.33,0.0,3.0,0.0,0
4.28,3.21,1.0,4.81,9.52,2.07,146.1,5.81,0.0,5.88,1.65,0.0,86.64,1.0,3.74,9.34,2.0,2.25,0.0,0.47,0.0,112.02,0.33,0.0,2.07,1.6,0
0.0,0.0,1.0,0.0,5.55,1.24,48.54,1.0,0.24,0.24,1.62,0.24,95.89,2.76,0.0,0.48,1.0,1.69,0.76,1.76,0.0,0.72,0.44,0.0,2.0,2.28,0
0.0,0.75,1.0,0.0,4.25,1.0,31.25,1.0,0.0,0.0,2.36,0.0,0.0,3.02,2.0,0.25,1.0,10.95,3.0,1.25,0.0,0.0,0.5,0.0,3.75,0.75,0
0.0,0.0,1.0,0.0,6.2,1.0,112.0,1.0,2.2,1.65,2.03,0.0,94.49,6.0,1.65,3.85,2.1,3.21,1.8,0.9,0.0,9.91,0.56,0.0,2.9,0.55,0
0.48,0.0,1.0,0.0,4.44,2.44,48.51,1.0,0.52,0.96,1.26,0.48,80.82,2.0,4.16,2.48,1.0,7.12,1.48,1.0,0.0,7.19,0.5,0.0,3.04,2.0,0
0.23,0.0,1.0,0.0,4.46,1.7,32.6,1.0,0.0,0.46,1.96,0.23,90.7,5.07,0.0,0.7,1.0,2.46,2.0,1.77,0.0,3.49,0.5,0.0,2.77,0.46,0
0.0,0.89,1.0,0.0,10.32,1.0,32.21,1.0,0.0,0.0,5.12,0.0,11.28,0.56,2.66,1.11,0.11,0.0,0.0,1.34,0.0,0.89,0.35,0.0,3.0,0.89,0
2.53,0.0,1.0,0.84,3.84,1.84,91.49,1.84,0.84,6.75,0.95,0.0,83.13,5.84,0.0,10.28,1.0,1.95,0.84,1.31,0.0,161.98,0.67,0.0,2.16,0.0,0
0.0,0.0,1.0,0.0,4.8,1.0,35.2,1.6,2.2,0.4,1.06,0.6,20.06,6.6,0.8,2.8,1.6,1.18,0.4,1.0,0.0,0.0,0.5,0.0,1.8,0.0,0
0.63,0.0,1.0,0.63,6.76,1.63,198.15,1.37,3.12,5.01,0.93,0.0,93.11,2.12,0.37,6.87,2.0,1.68,0.0,0.63,0.0,3.25,0.3,0.0,1.75,1.88,0
0.0,0.0,1.0,0.0,3.39,1.05,32.38,1.0,0.05,0.05,1.76,0.05,2.43,1.1,0.0,2.05,1.95,1.19,1.19,2.05,0.0,0.0,0.5,0.0,3.0,0.05,0
0.0,0.0,1.0,0.0,4.26,1.0,29.95,1.71,0.71,0.0,1.25,0.71,28.94,5.84,0.0,1.42,1.71,0.36,0.0,1.0,0.0,0.0,0.5,0.0,1.58,0.0,0
0.0,0.0,1.0,0.0,3.0,1.0,48.02,1.0,0.78,1.0,1.12,0.0,34.28,2.78,0.0,3.33,1.0,1.77,0.0,0.39,0.0,0.39,0.44,0.0,1.61,0.61,0
1.14,0.0,1.0,0.0,4.14,1.0,71.0,3.28,1.71,3.29,0.72,0.57,79.57,3.85,0.0,5.71,2.0,3.03,0.0,1.57,0.0,0.0,0.5,0.0,1.43,0.43,0
0.26,0.0,1.0,0.0,0.85,1.17,38.41,1.0,0.26,0.34,2.61,0.26,5.54,4.66,0.17,2.22,1.0,1.4,1.0,0.91,0.0,44.92,0.33,0.0,2.83,0.0,0
0.0,0.34,1.0,0.0,8.32,1.66,69.36,1.0,0.0,0.66,3.18,0.0,49.38,3.66,5.47,4.95,1.0,3.21,1.34,1.32,0.0,122.83,0.33,0.0,3.0,2.37,0
0.48,0.0,1.0,0.52,4.45,2.45,42.44,1.0,0.0,0.97,1.54,0.48,29.06,1.48,0.0,3.0,1.0,4.52,3.55,2.55,0.0,7.26,0.5,0.0,2.52,0.97,0
0.0,0.0,1.0,0.67,5.7,1.0,119.02,1.0,2.02,1.35,1.89,0.0,87.87,2.98,2.02,5.04,1.0,1.55,0.67,0.98,0.0,0.0,0.5,0.0,1.65,0.67,0
0.0,0.83,1.0,0.0,3.83,1.0,46.25,1.0,0.35,0.17,6.73,0.0,12.23,4.48,1.65,2.35,1.0,2.58,2.48,1.0,0.0,2.7,0.46,0.0,3.0,0.17,0
0.0,0.0,1.0,0.0,5.0,1.0,24.0,1.0,0.0,0.0,0.96,2.0,18.99,5.0,0.0,1.0,1.0,4.0,4.0,6.0,0.0,1.0,0.33,0.0,2.0,0.0,0
0.0,0.28,1.0,0.0,5.33,1.0,37.39,2.45,0.0,0.0,2.05,0.0,0.0,2.28,0.55,2.45,1.72,0.64,0.28,1.72,0.0,2.17,0.38,0.0,1.28,0.28,0
0.0,2.2,1.0,0.0,4.63,1.0,33.35,1.0,0.0,0.0,3.06,0.63,63.25,3.8,0.37,0.63,0.63,1.76,1.27,2.53,0.0,0.0,0.5,0.0,2.63,0.37,0
0.0,0.0,1.0,0.0,1.19,1.0,29.37,1.0,0.4,0.0,2.38,0.0,39.55,5.6,0.0,0.79,1.0,1.31,1.21,1.6,0.0,0.0,0.5,0.0,4.19,0.0,0
3.75,0.0,1.12,0.0,7.0,1.24,134.76,1.36,0.0,2.42,1.87,0.12,98.43,2.88,0.0,0.48,1.36,2.09,0.88,1.76,0.0,242.7,0.48,0.0,2.0,3.12,0
0.66,0.0,1.0,0.0,7.97,2.0,51.77,1.0,0.0,0.66,0.88,3.37,24.36,1.68,0.0,4.32,1.66,1.97,0.0,2.0,0.0,8.24,0.33,0.0,2.66,0.0,0
0.0,0.0,1.0,0.0,5.82,1.2,46.98,1.0,0.0,1.0,1.4,0.0,41.57,5.59,0.0,4.61,1.0,1.31,0.2,1.2,0.0,37.77,0.47,0.0,1.41,0.2,0
0.0,0.0,1.0,0.0,2.71,1.0,23.71,1.0,0.0,0.1,1.89,0.0,90.28,4.61,0.0,1.9,1.0,0.18,0.1,3.71,0.0,0.0,0.5,0.0,4.0,0.0,0
0.88,0.0,1.0,0.88,8.27,1.88,265.36,1.0,1.76,7.63,0.95,0.0,87.29,1.0,0.0,4.39,2.0,2.54,0.0,1.0,0.0,3.51,0.35,0.0,1.12,2.76,0
0.0,0.53,1.0,0.0,4.07,1.0,32.6,1.53,0.27,0.0,2.48,0.0,73.33,4.67,0.53,0.53,1.27,0.32,0.27,1.0,0.0,0.0,0.5,0.0,2.0,0.73,0
0.0,0.0,1.0,0.0,5.0,1.0,60.72,1.0,0.07,0.93,1.57,0.0,46.32,3.22,0.0,2.0,1.0,3.44,0.93,1.07,0.0,0.0,0.5,0.0,4.71,0.93,0
0.0,0.0,1.0,1.89,4.63,1.0,225.87,2.26,0.74,8.55,1.1,0.0,87.55,2.48,31.91,2.86,1.63,9.89,0.37,0.74,0.0,2.23,0.39,0.0,1.63,3.14,0
3.13,0.0,1.0,0.0,2.65,1.0,111.15,3.35,6.27,6.27,1.04,0.0,66.61,6.78,1.22,1.78,1.78,2.6,0.65,0.43,0.0,14.11,0.3,0.0,2.22,0.0,0
0.0,0.0,1.0,0.0,5.01,1.0,31.61,1.0,0.0,0.0,2.58,0.0,99.99,2.0,3.0,0.02,1.0,4.5,2.99,1.0,0.0,0.0,0.33,0.0,2.01,2.0,0
0.0,0.0,0.9,0.0,5.37,0.9,53.91,1.0,2.69,0.0,1.76,0.0,89.51,3.79,2.69,1.79,1.0,2.33,0.9,0.9,0.0,97.56,0.35,0.0,1.1,0.1,0
0.08,0.0,1.0,0.08,3.38,1.08,29.62,1.0,0.0,0.23,1.92,0.0,98.15,4.69,0.23,1.69,1.0,0.41,0.08,2.85,0.0,0.46,0.5,0.0,3.08,0.08,0
0.0,0.0,1.0,0.0,3.0,1.75,42.54,1.0,1.0,1.51,1.24,0.0,56.59,3.75,0.0,3.51,1.0,1.75,0.0,1.25,0.0,1.25,0.33,0.0,1.74,0.74,0
0.14,0.0,1.0,0.0,3.85,1.14,74.74,1.0,0.0,1.0,0.98,0.28,5.23,1.0,0.0,3.28,2.0,1.71,0.86,2.0,0.0,1.7,0.48,0.0,3.0,0.0,0
0.2,5.62,1.0,0.0,5.61,1.2,69.76,1.39,0.39,0.39,4.66,0.0,19.7,0.2,0.8,0.98,0.39,0.34,0.0,1.0,0.0,53.51,0.39,0.0,2.2,0.8,0
3.14,0.22,1.0,0.78,4.35,1.78,85.45,1.22,0.0,3.92,1.01,0.0,80.4,1.43,1.94,1.78,2.0,4.55,1.57,1.0,0.0,13.54,0.46,0.0,2.22,1.22,0
0.0,0.0,1.0,0.0,4.0,1.24,56.73,1.76,1.51,1.0,0.81,0.0,86.32,1.76,0.0,11.05,2.0,1.41,1.0,1.0,0.0,6.05,0.5,0.0,4.0,2.76,0
0.0,0.0,1.0,0.0,3.3,1.0,61.52,1.18,0.0,0.82,1.24,0.0,41.24,1.88,1.65,1.0,2.82,3.47,0.82,1.18,0.0,0.0,0.5,0.0,3.82,0.82,0
0.0,0.5,1.0,1.49,9.54,1.0,178.64,1.99,0.0,6.44,3.41,0.0,45.55,2.01,1.01,1.0,1.5,2.04,0.5,0.5,0.0,0.0,0.5,0.0,2.0,2.98,0
0.0,0.0,1.0,0.0,2.82,1.18,25.62,1.0,0.18,0.0,1.22,0.18,100.0,4.82,0.0,1.54,1.0,0.36,0.36,2.82,0.0,1.0,0.39,0.0,3.0,0.18,0
2.02,0.0,1.0,0.0,1.01,1.0,79.47,3.01,4.03,4.03,1.04,0.0,42.87,7.0,0.5,2.5,2.0,1.68,0.5,1.49,0.0,9.08,0.37,0.0,2.5,0.0,0
0.0,0.0,1.0,0.0,5.29,1.0,30.22,1.0,0.21,0.07,3.17,0.0,5.93,5.07,1.07,1.36,1.0,0.36,0.07,1.93,0.0,0.0,0.5,0.0,5.0,0.0,0
0.02,0.0,1.02,0.0,4.05,2.0,40.88,1.0,0.0,1.0,0.8,0.0,62.6,2.0,0.04,1.14,1.02,4.02,0.98,0.98,0.0,0.0,0.5,0.0,1.05,0.05,0
0.0,0.0,1.0,0.0,4.0,1.0,62.88,1.0,1.72,0.86,1.49,0.0,68.63,4.72,73.78,5.57,1.0,18.5,1.0,1.86,0.0,5.15,0.24,0.0,1.14,0.14,0
0.81,0.0,1.81,2.43,12.49,2.62,67.23,1.0,0.19,0.0,0.87,3.25,72.41,1.75,0.0,8.87,1.0,8.53,3.43,5.25,0.0,52.12,0.27,0.0,2.62,3.25,0
1.11,0.1,1.0,0.14,5.95,3.98,63.47,1.14,0.0,2.14,0.51,0.98,60.24,1.98,0.11,3.18,1.02,4.0,1.97,0.98,0.0,16.66,0.5,0.0,2.02,2.02,0
17.47,0.0,1.56,0.44,4.38,2.13,404.14,2.69,0.87,11.71,0.65,0.56,85.25,2.44,0.0,5.75,2.69,2.67,0.0,0.44,0.0,1132.51,0.33,0.0,1.56,2.25,0
0.46,0.0,1.0,0.0,4.92,1.31,49.25,1.0,0.46,0.61,3.38,0.46,9.97,1.85,1.15,4.83,1.0,1.71,1.0,0.0,0.0,15.88,0.32,0.0,1.85,0.0,0
0.0,0.01,1.0,0.0,5.01,1.01,65.15,1.01,0.0,0.07,0.98,0.99,0.54,3.0,0.0,16.95,1.0,1.39,1.0,1.0,0.0,3.25,0.43,0.0,4.0,1.01,0
0.0,0.0,1.89,0.0,9.76,2.78,61.62,2.78,0.0,0.0,1.07,2.66,88.76,1.56,0.0,10.65,1.89,1.41,0.22,1.11,0.0,9.76,0.28,0.0,1.22,0.0,0
0.0,0.41,1.0,0.0,3.0,1.0,35.72,1.0,0.0,0.79,2.32,0.0,0.0,0.79,0.21,1.59,1.59,1.89,1.41,1.79,0.0,0.0,0.5,0.0,3.21,0.21,0
0.15,0.0,1.0,0.31,4.31,2.0,63.74,1.0,0.0,1.76,0.88,0.15,49.5,1.0,0.0,4.69,2.0,1.99,0.85,1.0,0.0,0.0,0.5,0.0,3.69,1.69,0
0.0,3.04,1.0,0.0,7.13,1.0,61.35,1.0,0.57,0.0,3.62,0.0,56.55,3.96,0.43,4.52,0.57,2.45,1.7,1.57,0.0,9.56,0.46,0.0,1.43,0.43,0
0.0,0.0,1.0,0.0,4.99,2.0,46.65,1.0,0.0,0.51,0.91,2.96,22.27,1.99,0.0,4.01,1.51,0.9,0.51,1.49,0.0,0.49,0.42,0.0,3.01,1.01,0
0.0,0.0,1.0,0.0,2.0,1.0,45.09,1.0,0.09,1.0,0.56,2.97,16.0,3.98,0.66,2.06,1.0,1.01,0.01,1.99,0.0,1.53,0.33,0.0,2.01,1.03,0
0.0,1.01,1.0,0.0,3.55,1.0,41.75,2.01,0.51,0.0,2.39,0.0,0.0,3.46,1.01,1.01,1.51,0.61,0.51,1.0,0.0,0.0,0.5,0.0,2.49,0.0,0
0.0,0.0,1.0,0.37,3.37,1.0,31.54,1.0,0.0,0.63,2.3,0.0,20.75,1.37,0.0,1.26,1.63,0.84,0.0,0.74,0.0,28.29,0.5,0.0,1.74,0.0,0
0.75,0.0,1.0,0.0,3.12,1.37,212.92,2.87,0.0,6.6,0.6,1.88,44.73,2.88,0.0,9.09,1.37,1.4,0.0,1.63,0.0,3.61,0.35,0.0,2.37,2.49,0
0.93,0.0,1.0,0.0,1.13,1.0,32.93,2.87,0.93,0.93,0.87,0.0,61.64,2.87,0.0,4.67,2.0,1.05,0.0,0.0,0.0,3.74,0.5,0.0,3.93,0.93,0
0.0,0.56,1.0,0.0,8.38,1.0,32.56,1.0,0.0,0.0,4.1,0.0,0.0,2.62,2.56,1.0,0.44,1.53,1.31,1.44,0.0,0.56,0.41,0.0,3.0,0.56,0
0.0,0.0,1.0,0.0,4.72,1.0,31.55,1.0,0.94,0.0,2.08,0.0,0.0,6.0,0.0,1.89,1.0,0.0,0.0,1.94,0.0,0.0,0.5,0.0,1.11,0.0,0
0.0,0.0,1.0,0.0,5.0,1.0,31.39,1.0,0.0,0.0,1.15,1.01,58.91,5.99,0.0,2.48,1.0,2.52,2.03,4.03,0.0,0.51,0.42,0.0,2.49,0.49,0
0.0,0.0,1.0,0.0,2.9,1.36,29.99,1.36,0.0,0.0,1.82,0.36,0.0,6.0,0.0,4.09,1.36,0.82,0.64,4.81,0.0,0.0,0.5,0.0,2.64,0.36,0
0.89,0.0,1.89,2.68,12.94,2.79,69.63,1.0,0.11,0.11,0.72,3.58,66.53,1.11,0.11,9.58,1.11,9.05,3.58,5.47,0.0,57.66,0.28,0.0,3.11,3.79,0
0.0,0.0,1.0,0.0,3.24,1.0,31.66,1.0,1.0,0.0,1.86,0.0,7.9,4.08,0.0,3.08,1.0,0.48,0.08,1.08,0.0,0.08,0.49,0.0,2.84,0.0,0
2.15,0.0,1.72,0.0,10.02,1.72,107.9,1.0,0.72,0.72,1.41,0.0,82.06,4.13,0.0,3.28,1.0,2.79,0.72,1.28,0.0,0.72,0.38,0.0,3.72,1.72,0
0.0,0.0,1.0,0.0,4.87,1.0,39.1,1.0,0.43,0.0,1.82,0.0,100.0,5.0,0.57,2.87,1.0,1.24,0.43,2.0,0.0,0.43,0.43,0.0,2.13,0.0,0
0.0,6.73,1.0,0.0,6.0,1.0,71.13,1.0,0.0,0.0,6.02,0.0,0.0,0.4,1.0,0.27,0.13,0.16,0.0,0.87,0.0,19.07,0.41,0.0,2.13,0.87,0
0.0,12.52,1.0,0.0,5.0,1.0,122.39,1.0,0.0,0.0,3.81,0.0,0.0,2.73,1.46,5.36,0.46,3.23,1.37,0.91,0.0,0.0,0.41,0.0,4.09,1.63,0
0.0,0.0,1.0,0.0,2.15,1.0,24.0,1.0,0.0,0.0,2.59,0.0,71.54,5.28,0.0,0.28,1.0,0.0,0.0,1.57,0.0,0.0,0.5,0.0,3.72,0.0,0
0.0,0.0,1.0,0.0,4.0,1.0,27.39,1.0,0.0,0.0,1.48,0.0,40.27,3.61,0.0,5.18,1.0,1.51,1.21,1.61,0.0,7.76,0.35,0.0,1.81,0.4,0
0.58,0.0,1.0,1.16,6.84,1.58,129.23,1.0,1.69,4.73,1.06,0.58,84.22,3.11,1.27,4.69,2.42,2.92,0.0,0.58,0.0,7.59,0.54,0.0,2.0,0.42,0
0.0,0.36,1.0,0.0,0.54,1.0,27.0,1.0,0.0,0.0,3.43,0.0,0.0,4.91,0.18,0.0,0.82,2.18,2.18,1.82,0.0,0.0,0.5,0.0,3.18,0.18,0
0.0,0.0,1.0,0.0,2.02,1.98,41.5,1.0,2.93,3.9,0.38,0.98,47.34,2.07,0.0,1.98,1.0,3.54,1.95,1.05,0.0,186.27,0.34,0.0,1.05,0.0,0
0.0,0.0,1.0,0.0,1.89,1.0,27.79,1.94,1.47,1.0,1.05,0.47,50.0,6.53,0.0,4.94,1.47,0.62,0.0,1.0,0.0,0.0,0.5,0.0,3.53,0.47,0
0.0,0.0,1.0,0.0,1.4,1.0,38.75,1.0,1.4,0.7,1.11,0.0,0.0,3.19,0.0,5.92,1.0,0.63,0.0,1.6,0.0,2.81,0.38,0.0,4.4,1.4,0
0.0,0.06,1.0,0.0,0.12,1.0,20.55,1.06,0.0,0.0,2.01,0.0,100.0,3.0,0.55,0.06,1.06,0.09,0.0,1.0,0.0,0.06,0.49,0.0,3.0,0.12,0
0.0,2.35,1.0,0.0,6.18,1.0,51.35,1.0,0.41,0.0,4.19,0.0,41.15,1.23,2.0,3.23,0.41,2.68,1.0,1.41,0.0,3.53,0.35,0.0,3.41,1.41,0
0.0,0.0,1.0,0.0,3.42,1.0,58.49,1.0,0.0,0.0,0.83,0.79,20.77,2.62,0.0,6.17,1.0,0.16,0.0,1.83,0.0,13.68,0.53,0.0,3.79,0.42,0
0.0,0.0,1.0,0.0,5.0,1.0,45.2,1.0,0.0,0.0,1.85,0.41,0.0,5.35,0.0,7.6,1.0,1.74,1.59,1.59,0.0,1.24,0.47,0.0,3.41,0.41,0
0.0,0.0,1.0,0.0,5.41,1.0,52.69,1.0,0.0,0.83,1.91,0.0,20.65,4.24,0.41,2.59,1.0,2.38,1.0,1.41,0.0,0.0,0.5,0.0,3.24,1.0,0
0.0,0.0,1.0,0.0,2.87,2.0,35.1,1.53,0.0,1.53,1.05,1.06,76.61,3.6,0.47,3.0,1.53,1.84,1.53,3.13,0.0,1.06,0.41,0.0,3.94,0.0,0
0.0,0.0,1.0,0.0,3.51,1.0,24.01,1.0,0.0,0.0,2.19,0.0,100.0,5.49,0.49,1.0,1.0,0.51,0.51,3.0,0.0,2.53,0.37,0.0,3.0,0.51,0
0.0,0.0,1.0,0.0,3.75,1.0,33.49,2.56,2.34,0.0,1.02,0.78,22.06,4.9,0.0,6.34,2.0,0.19,0.0,1.78,0.0,22.95,0.48,0.0,1.0,0.0,0
0.0,0.0,1.0,0.84,8.04,1.84,243.93,3.84,5.2,2.16,0.86,0.0,100.0,3.32,0.84,8.36,1.16,2.48,0.0,0.16,0.0,1.0,0.33,0.0,1.16,2.52,0
0.0,0.0,1.0,0.0,4.51,1.0,25.01,1.0,0.0,0.0,2.28,0.0,100.0,5.49,0.0,1.01,1.0,0.99,0.99,3.01,0.0,0.0,0.5,0.0,3.0,0.0,0
0.0,1.22,1.0,0.0,2.22,1.0,29.67,1.89,0.0,0.0,2.54,0.0,88.77,2.66,8.1,1.11,1.78,1.44,0.11,1.0,0.0,0.89,0.35,0.0,3.0,1.78,0
0.0,0.0,1.0,0.0,2.32,1.0,57.07,1.0,8.72,1.0,0.76,0.0,26.2,2.48,74.23,7.68,1.0,20.57,1.0,1.16,0.0,50.55,0.31,0.0,2.68,3.36,0
0.0,0.0,1.0,0.0,5.0,1.0,31.46,1.0,0.0,0.0,2.45,0.0,54.43,3.82,2.54,0.46,1.0,4.04,3.0,1.46,0.0,0.0,0.41,0.0,2.46,1.09,0
0.0,0.0,1.0,0.0,3.9,1.9,39.0,1.0,0.9,0.1,1.01,1.79,91.64,3.79,0.9,4.21,1.0,2.28,1.0,1.9,0.0,0.9,0.65,0.0,2.79,2.0,0
0.87,0.0,1.0,1.74,5.23,1.87,82.44,1.13,0.0,5.23,0.74,0.87,69.75,1.64,0.0,2.74,2.0,2.9,0.0,1.13,0.0,0.0,0.5,0.0,2.13,0.0,0
0.0,0.0,1.0,0.0,3.0,1.0,25.91,1.0,0.0,0.0,2.22,0.0,58.37,4.75,0.0,2.08,1.0,0.97,0.42,1.42,0.0,0.0,0.5,0.0,2.0,2.0,0
0.0,0.04,1.0,0.0,3.06,1.0,67.12,1.0,0.0,4.94,0.86,0.0,74.12,1.04,0.06,0.01,1.99,5.09,0.01,1.0,0.0,0.0,0.5,0.0,2.0,0.99,0
0.61,0.0,1.0,0.0,8.41,2.2,59.93,1.8,0.61,0.81,0.81,1.41,13.19,4.99,0.41,10.06,1.8,1.54,0.2,6.38,0.0,17.65,0.45,0.0,1.8,0.8,0
0.0,3.46,1.0,0.0,4.0,1.0,43.89,1.85,0.85,0.42,3.01,0.42,21.13,2.54,0.58,2.54,0.85,1.09,0.0,0.42,0.0,0.0,0.5,0.0,2.42,1.0,0
0.46,0.0,1.0,0.0,7.39,1.46,55.62,1.0,0.54,0.46,1.26,0.92,70.89,3.15,0.0,4.46,1.46,2.57,0.54,2.0,0.0,6.08,0.33,0.0,1.92,0.0,0
0.0,0.0,1.0,1.04,5.96,1.0,104.11,1.0,2.56,0.52,1.64,0.0,84.36,6.09,0.0,4.44,1.0,2.86,0.48,1.48,0.0,24.98,0.33,0.0,1.96,0.0,0
0.38,0.0,1.0,0.0,4.1,2.24,41.07,1.76,1.0,1.0,0.58,1.86,40.55,3.0,0.0,8.1,1.38,2.13,0.0,1.24,0.0,2.76,0.4,0.0,4.0,1.62,0
0.0,0.0,1.0,5.45,11.55,1.55,232.83,1.0,1.09,1.09,2.11,0.0,85.27,1.0,0.55,4.55,2.0,1.52,0.55,1.0,0.0,47.27,0.45,0.0,1.0,2.18,0
0.78,0.0,1.0,0.0,4.0,1.0,67.95,2.57,7.85,1.78,1.05,0.78,78.48,8.14,1.0,5.14,1.78,2.24,0.22,1.86,0.0,22.19,0.33,0.0,3.22,0.22,0
0.0,0.0,1.0,0.0,3.46,1.0,28.15,1.46,0.0,0.0,1.68,0.0,53.89,5.46,0.0,1.92,1.46,0.46,0.0,2.54,0.0,0.0,0.5,0.0,3.0,0.0,0
0.0,0.0,1.0,0.0,4.4,1.0,65.58,1.8,3.4,0.8,1.33,0.0,91.45,5.01,2.19,5.81,1.8,3.54,0.4,0.2,0.0,0.0,0.5,0.0,3.2,1.0,0
0.0,0.0,1.0,0.0,1.81,1.0,33.52,2.21,1.0,2.21,0.96,0.0,80.2,5.79,0.0,4.6,1.6,1.15,0.0,1.0,0.0,0.6,0.4,0.0,2.79,0.0,0
0.8,2.2,1.0,0.0,8.21,1.8,319.65,9.03,2.41,11.24,1.87,0.8,80.3,5.62,1.8,11.44,1.61,3.7,0.0,0.8,0.0,9.64,0.28,0.0,3.0,4.01,0
1.0,0.0,1.0,0.0,6.64,2.0,70.45,1.94,0.94,1.47,0.9,1.06,66.77,1.0,0.0,5.0,2.0,2.41,0.0,1.53,0.0,92.32,0.33,0.0,3.0,0.0,0
0.0,0.0,1.0,0.0,3.21,1.0,27.94,2.57,0.0,0.74,1.34,0.0,36.88,5.26,0.74,3.05,1.26,0.81,0.74,4.21,0.0,0.74,0.38,0.0,3.26,0.79,0
0.0,0.0,1.0,0.25,2.75,1.0,38.5,1.0,0.5,0.75,1.59,0.0,19.41,1.76,0.0,1.5,1.75,1.53,0.75,1.75,0.0,37.82,0.46,0.0,2.75,0.25,0
0.0,0.0,1.0,0.0,3.46,1.49,42.83,2.02,0.0,0.49,1.04,0.0,24.39,2.0,0.49,3.0,1.51,1.07,0.49,1.51,0.0,1.54,0.41,0.0,2.95,0.0,0
0.61,0.0,1.0,0.0,5.61,1.0,133.6,3.42,4.84,3.63,1.68,0.0,60.56,4.03,0.0,3.03,2.0,2.09,0.0,0.0,0.0,50.87,0.5,0.0,2.79,1.82,0
2.56,0.0,1.0,0.78,3.56,1.78,87.8,2.22,1.44,6.67,0.69,0.0,84.44,5.78,0.0,10.0,1.22,1.99,0.78,1.0,0.0,149.4,0.66,0.0,2.0,0.0,1
0.0,1.04,1.0,0.0,4.55,1.52,157.98,2.0,0.0,7.22,0.91,0.0,100.0,3.96,0.48,4.59,1.48,2.62,0.52,1.0,0.0,25.39,0.34,0.0,3.52,2.0,0
1.73,0.0,1.0,0.0,3.7,1.0,75.18,2.3,3.46,3.46,1.77,0.0,93.5,4.17,2.13,0.87,1.43,3.57,1.7,0.57,0.0,7.8,0.3,0.0,2.0,1.13,0
7.95,5.96,1.0,8.94,3.01,2.99,213.71,9.94,0.0,10.93,0.31,0.0,75.17,1.03,6.95,13.91,1.99,4.19,0.01,0.01,0.0,118.2,0.27,0.0,3.0,2.98,1
0.0,0.0,1.0,0.56,4.0,1.0,49.22,3.68,1.12,1.68,0.89,0.56,34.68,6.56,0.0,4.12,2.0,1.21,0.0,1.44,0.0,0.0,0.5,0.0,1.88,0.0,0
0.0,0.0,1.0,0.0,3.99,1.0,48.07,1.33,0.33,0.67,1.19,0.33,38.85,3.65,0.0,2.0,1.33,1.28,0.0,0.33,0.0,45.55,0.5,0.0,1.0,0.0,0
0.0,0.0,1.0,0.0,3.5,1.0,33.04,2.0,1.0,0.5,1.81,0.5,74.88,6.0,0.0,3.01,1.5,4.36,3.98,1.5,0.0,0.0,0.5,0.0,4.0,0.5,0
0.0,0.0,1.0,0.0,3.0,1.0,24.25,1.0,0.04,0.0,1.72,0.0,95.79,4.96,0.0,2.04,1.0,0.97,0.96,5.79,0.0,0.0,0.5,0.0,3.96,0.96,0
0.0,2.37,1.0,0.0,4.58,1.0,38.69,1.42,0.21,0.63,4.34,0.0,21.16,1.06,0.79,1.85,0.42,5.85,0.0,0.21,0.0,0.21,0.46,0.0,2.79,0.0,0
0.0,0.4,1.0,0.0,0.59,1.0,24.59,2.6,2.41,0.0,1.4,0.8,0.0,4.81,0.2,5.61,1.6,0.79,0.59,1.8,0.0,0.0,0.5,0.0,1.59,0.2,0
0.0,1.62,1.0,0.0,6.43,1.0,58.43,2.81,1.19,0.19,1.26,0.0,18.92,1.19,1.62,4.08,2.0,1.22,1.0,1.0,0.0,1.51,0.5,0.0,2.38,0.57,0
0.75,0.0,1.75,0.0,6.25,1.75,206.73,1.25,1.01,0.75,0.89,0.0,97.01,3.01,1.75,8.5,2.0,4.46,0.0,0.0,0.0,0.0,0.38,0.0,3.75,2.5,0
0.63,0.0,1.0,0.63,6.53,1.63,87.92,1.0,0.0,1.9,2.0,0.0,48.06,1.37,2.26,6.69,1.0,3.7,1.0,0.63,0.0,4.9,0.44,0.0,3.26,0.63,0
0.0,0.25,1.0,0.0,3.0,1.0,24.76,1.0,0.0,0.0,2.99,0.0,74.7,3.73,0.51,1.0,0.75,0.51,0.51,2.49,0.0,0.0,0.5,0.0,3.51,0.0,0
0.0,0.0,1.08,0.0,8.47,1.08,172.83,1.0,3.69,2.77,1.63,0.16,90.78,5.61,2.77,7.08,2.92,2.52,0.08,0.08,0.0,16.91,0.59,0.0,2.08,0.92,0
0.0,0.0,1.0,0.0,4.47,1.0,29.4,1.0,0.0,0.0,1.95,1.06,46.83,2.53,1.4,2.66,1.0,2.9,1.94,1.53,0.0,0.0,0.42,0.0,3.06,1.47,0
0.0,0.0,1.18,0.0,5.84,1.18,29.96,1.0,0.0,0.0,2.3,0.37,100.0,5.08,0.0,1.47,1.18,3.63,3.45,1.82,0.0,0.73,0.5,0.0,3.82,0.0,0
0.44,1.56,1.0,0.0,9.68,1.0,50.59,1.88,0.66,0.44,5.06,0.22,18.23,1.32,0.78,2.2,0.44,1.1,0.78,1.22,0.0,0.0,0.5,0.0,2.56,0.78,0
0.55,0.0,1.0,0.0,5.55,2.64,47.37,1.0,0.0,1.09,1.45,0.55,78.17,2.0,1.36,1.64,1.0,4.23,2.45,1.0,0.0,8.19,0.42,0.0,2.0,2.0,0
0.42,0.0,1.0,0.42,6.25,1.42,68.63,1.0,0.0,1.25,1.88,0.0,89.97,1.58,3.0,4.18,1.0,4.82,2.16,1.0,0.0,2.51,0.4,0.0,2.84,1.58,0
0.0,2.21,1.0,0.0,3.95,1.26,33.06,1.0,0.26,0.26,3.98,0.26,21.78,0.52,0.74,1.26,0.26,5.51,0.0,0.26,0.0,0.79,0.43,0.0,2.74,0.0,0
0.0,1.79,1.0,0.0,4.19,1.0,38.21,1.0,0.0,0.0,3.69,0.0,0.0,1.21,0.6,3.82,0.4,4.91,0.4,0.81,0.0,0.81,0.43,0.0,3.0,0.4,0
0.0,2.25,1.0,0.0,3.38,1.0,29.4,1.0,0.0,0.0,5.44,0.0,0.0,0.0,1.13,0.13,0.0,2.81,2.75,0.87,0.0,0.0,0.5,0.0,3.87,0.87,0
0.0,0.0,1.0,0.0,4.18,1.0,29.28,1.0,0.0,0.0,2.03,0.18,100.0,5.18,0.82,1.82,1.0,0.77,0.36,2.36,0.0,0.0,0.5,0.0,3.0,0.0,0
0.0,0.0,1.0,0.0,3.65,1.0,41.77,1.0,4.49,0.45,1.71,0.0,62.29,2.0,33.98,3.59,1.0,11.65,2.1,1.0,0.0,26.49,0.33,0.0,2.45,2.9,0
0.0,0.0,1.0,0.0,4.35,1.45,35.65,1.0,1.1,0.55,1.02,2.71,32.93,3.55,0.0,5.2,1.0,0.77,0.0,1.45,0.0,1.0,0.33,0.0,1.45,0.0,0
0.0,0.0,1.0,0.0,1.83,1.0,52.58,1.0,9.16,0.92,0.78,0.0,14.66,2.33,65.98,7.58,1.0,18.79,1.0,1.17,0.0,54.07,0.35,0.0,3.0,3.67,0
1.28,0.0,1.0,0.0,4.64,1.64,326.53,4.21,0.0,10.26,1.43,0.0,95.51,2.43,0.0,13.47,1.64,1.51,0.0,1.0,0.0,5.13,0.42,0.0,3.36,3.57,0
0.0,0.52,1.0,4.76,3.86,1.48,191.95,1.52,0.95,0.95,1.3,0.0,87.14,2.57,1.52,5.0,2.0,2.64,1.0,0.48,0.0,0.0,0.5,0.0,2.57,1.91,0
0.0,0.0,1.0,0.0,3.0,1.0,34.72,1.0,0.0,0.73,1.26,0.0,40.66,3.07,0.0,4.4,1.0,1.32,0.73,1.0,0.0,0.0,0.5,0.0,1.27,2.0,0
0.0,1.91,1.0,0.0,4.72,1.0,34.28,1.0,0.36,0.72,3.85,0.0,11.95,1.09,0.64,2.0,0.36,1.54,1.36,1.72,0.0,2.9,0.44,0.0,3.36,0.36,0
0.0,0.0,1.0,0.0,2.15,1.0,35.12,2.71,0.0,0.0,0.76,0.0,0.0,1.85,0.0,2.85,2.0,0.57,0.15,2.0,0.0,2.56,0.36,0.0,1.29,0.0,0
0.0,0.0,1.0,0.0,3.31,1.0,31.88,1.0,0.69,0.0,1.54,0.0,31.23,3.94,0.0,1.69,1.0,1.62,0.94,2.62,0.0,1.38,0.39,0.0,3.69,2.38,0
0.66,0.0,1.0,0.0,4.0,1.66,62.7,1.0,0.0,2.32,0.98,0.0,38.75,1.0,0.0,0.34,1.68,4.45,1.0,1.0,0.0,0.0,0.39,0.0,2.68,1.66,0
2.66,0.45,1.0,0.0,3.34,1.89,69.97,2.78,0.0,5.33,1.2,0.0,48.83,1.78,0.22,4.55,1.78,3.72,1.89,0.89,0.0,0.89,0.35,0.0,2.11,0.0,0
0.0,0.46,1.0,0.0,3.07,1.0,26.85,1.46,0.0,0.0,2.38,0.0,100.0,4.61,4.16,0.46,1.46,2.84,2.15,1.54,0.0,0.46,0.42,0.0,3.54,0.93,0
0.0,0.0,1.0,0.0,3.0,1.0,36.13,1.0,1.0,0.0,1.67,0.0,56.35,2.44,4.51,2.0,1.0,6.07,0.56,1.44,0.0,0.87,0.43,0.0,4.0,2.44,0
0.0,0.0,1.0,0.0,2.85,1.0,30.29,1.29,0.0,0.0,1.85,0.0,71.32,5.29,0.71,1.71,1.29,0.64,0.0,2.0,0.0,0.0,0.5,0.0,3.0,0.0,0
0.0,0.8,1.0,0.0,3.8,1.0,45.79,1.0,0.2,0.0,6.79,0.0,20.08,4.4,3.2,2.0,1.0,4.41,2.6,1.0,0.0,1.6,0.42,0.0,3.2,0.4,0
0.0,0.0,1.49,0.49,3.93,2.49,35.16,1.0,0.51,1.0,0.58,1.0,74.71,2.0,0.0,2.98,1.0,1.82,0.49,1.0,0.0,1.54,0.37,0.0,2.49,0.0,0
0.0,0.0,1.0,0.0,5.97,1.0,74.53,1.0,0.0,1.98,1.68,0.12,49.48,5.96,0.99,2.07,1.0,4.29,0.99,1.99,0.0,0.02,0.5,0.0,4.98,1.0,0
0.0,0.0,1.82,0.82,6.46,2.82,46.83,1.0,0.0,1.0,0.85,0.82,65.28,2.0,0.0,3.46,1.0,2.63,1.0,1.0,0.0,0.0,0.5,0.0,2.64,0.0,0
0.0,0.98,1.0,0.0,6.95,1.0,37.19,1.0,0.02,0.02,7.26,0.0,2.05,0.09,3.0,2.05,0.05,1.06,1.02,1.02,0.0,2.98,0.5,0.0,3.93,2.93,0
0.0,0.0,1.0,0.67,5.0,1.33,46.2,1.0,0.0,0.66,1.48,0.0,12.53,2.34,0.0,1.32,1.33,1.18,0.0,1.34,0.0,0.33,0.45,0.0,3.0,1.0,0
0.0,0.0,1.2,0.2,6.2,1.41,56.16,1.0,2.39,0.2,1.3,0.2,93.05,3.59,2.39,2.41,1.0,2.55,1.0,1.0,0.0,86.72,0.37,0.0,1.41,0.0,0
0.0,0.0,1.0,0.0,6.66,2.0,89.02,1.67,3.34,1.0,1.13,0.33,77.7,4.0,0.33,4.67,1.67,2.5,0.67,0.33,0.0,1.33,0.43,0.0,4.0,1.67,0
0.0,0.0,1.0,0.43,6.7,1.43,146.89,2.28,2.55,0.85,1.87,0.0,42.51,1.85,0.43,3.83,1.57,2.56,0.0,0.0,0.0,0.43,0.43,0.0,2.72,1.28,0
0.0,0.0,1.0,0.0,1.9,1.21,36.23,1.0,0.0,0.21,2.9,0.0,15.81,5.58,0.0,1.48,1.0,0.81,0.21,1.21,0.0,39.01,0.46,0.0,3.0,0.21,0
0.0,0.0,1.0,0.23,5.46,1.0,138.98,1.0,0.68,4.32,1.52,0.0,87.4,1.23,0.68,2.37,2.54,1.46,0.23,0.0,0.0,0.77,0.63,0.0,3.32,2.54,0
0.89,0.0,1.0,9.8,6.57,1.0,259.95,1.0,0.0,0.0,1.3,1.2,86.45,3.78,0.0,2.76,1.0,3.08,0.0,1.89,0.0,0.22,0.48,0.0,1.22,3.67,0
0.0,0.0,1.0,0.0,0.05,1.02,31.32,1.98,0.0,0.03,1.47,0.0,0.72,5.92,0.0,1.13,2.0,1.0,0.02,2.0,0.0,0.05,0.5,0.0,3.0,0.0,0
0.0,12.25,1.0,0.0,5.98,1.0,119.3,1.0,0.0,0.0,6.21,0.0,0.0,0.0,1.98,5.58,0.0,2.02,0.49,0.49,0.0,1.47,0.41,0.0,4.51,3.0,0
0.39,0.0,1.0,0.0,3.39,1.0,54.54,1.79,3.94,1.39,1.54,0.39,39.38,4.15,0.39,3.58,2.0,1.99,0.61,1.61,0.0,11.03,0.43,0.0,3.0,0.0,0
0.0,0.0,0.74,0.0,2.96,0.74,24.48,1.0,0.0,0.0,3.04,0.0,74.07,4.96,0.0,0.0,1.0,2.96,2.96,1.48,0.0,1.04,0.54,0.0,3.74,0.0,0
0.0,1.51,1.0,0.0,16.06,1.0,65.67,1.0,0.0,0.0,9.25,0.0,0.0,0.49,1.75,1.0,0.25,5.52,1.0,0.75,0.0,0.74,0.46,0.0,4.26,0.0,0
0.31,0.0,1.0,0.0,5.54,2.0,70.01,1.0,0.0,1.0,2.4,0.61,63.33,2.39,0.0,2.23,1.31,2.31,1.39,1.31,0.0,3.68,0.45,0.0,3.69,0.0,0
0.0,0.93,1.0,0.0,11.48,1.53,62.09,1.0,0.53,1.07,5.51,0.0,34.09,0.53,0.93,2.6,1.07,3.96,0.47,1.53,0.53,0.0,0.5,0.0,3.93,0.0,0
0.79,0.0,1.0,0.0,5.58,3.37,54.75,1.0,0.0,1.58,1.21,0.79,47.5,2.0,0.21,2.58,1.0,3.37,1.79,0.79,0.0,12.5,0.47,0.0,2.0,1.58,0
0.98,0.0,1.0,0.0,2.08,1.02,31.06,2.96,2.94,1.96,0.59,0.12,97.97,4.96,0.0,3.0,1.98,0.84,0.0,1.02,0.0,0.02,0.5,0.0,2.0,0.0,0
0.0,0.0,1.0,0.0,2.05,1.0,54.16,1.05,9.74,0.95,0.65,0.0,20.39,2.1,68.29,8.1,1.05,19.39,0.95,0.95,0.0,56.02,0.33,0.0,3.0,3.79,0
0.0,0.0,1.0,0.0,4.92,1.92,102.34,1.92,4.69,0.08,0.93,0.0,97.79,4.77,0.08,6.0,2.0,2.01,0.0,0.08,0.0,2.15,0.41,0.0,4.0,2.0,0
0.0,0.0,1.0,0.0,2.15,1.0,33.75,1.28,0.0,0.72,1.78,0.0,0.0,2.13,0.0,2.85,2.0,2.28,1.85,2.0,0.0,12.75,0.45,0.0,3.0,0.0,0
0.0,0.0,1.0,0.0,6.78,1.0,117.21,1.0,1.56,2.39,1.68,0.0,65.63,6.0,1.78,3.95,1.78,3.64,0.61,1.22,0.0,7.04,0.54,0.0,3.83,1.0,0
0.25,0.0,1.0,1.0,7.25,1.76,138.3,1.0,2.49,1.75,1.53,0.51,80.22,1.75,2.75,7.0,1.0,2.86,1.25,0.25,0.0,42.94,0.47,0.0,1.51,1.0,0
0.0,0.0,1.0,0.0,3.37,1.0,30.37,1.0,0.81,0.0,1.96,0.0,0.0,4.37,0.37,2.63,1.0,0.93,0.56,1.19,0.0,0.0,0.5,0.0,3.0,0.0,0
2.25,0.0,1.0,0.0,9.0,2.5,120.87,1.0,2.5,3.5,0.93,2.25,57.03,1.5,1.5,20.02,1.0,4.86,1.25,0.75,0.0,67.33,0.29,0.0,1.75,0.25,0
0.0,0.18,1.0,0.82,4.82,1.0,33.46,1.0,0.0,0.0,1.9,0.0,0.0,2.82,0.36,0.0,1.0,2.97,0.54,1.82,0.0,0.0,0.5,0.0,3.18,1.0,0
0.33,0.0,1.0,0.0,4.32,1.33,50.31,1.0,0.0,1.0,0.66,2.67,22.97,3.0,0.0,3.0,1.33,1.55,0.0,2.0,0.0,4.65,0.33,0.0,2.33,0.67,0
0.0,0.0,1.68,0.0,13.58,4.39,78.63,1.32,1.36,3.39,0.91,3.39,33.94,4.96,0.0,6.39,1.32,4.56,3.72,2.32,0.0,188.73,0.39,0.0,3.68,0.0,0
0.0,0.0,1.0,1.06,4.53,1.0,123.8,4.31,2.58,1.94,1.13,0.0,84.17,6.58,1.42,7.25,1.47,2.58,0.0,1.0,0.0,25.74,0.33,0.0,1.94,1.89,0
0.0,0.0,1.0,0.0,1.05,1.0,25.3,1.0,0.0,0.0,2.81,0.0,35.02,6.3,0.0,0.65,1.0,0.0,0.0,3.6,0.0,26.64,0.5,0.0,3.0,0.0,0
0.0,0.0,0.66,0.0,1.97,0.66,23.66,1.0,0.0,0.0,3.33,0.0,65.61,3.97,0.0,0.0,1.0,0.0,0.0,0.66,0.0,1.03,0.5,0.0,3.0,0.0,0
0.0,1.98,1.0,0.0,3.46,1.0,38.34,2.01,1.52,0.0,3.12,0.51,0.0,3.03,0.99,4.53,1.01,0.99,0.49,1.51,0.0,2.97,0.38,0.0,1.99,0.49,0
0.0,0.0,1.0,0.0,7.76,1.0,81.29,1.0,2.18,2.24,1.95,0.0,72.28,3.94,4.06,3.94,1.0,5.71,1.41,1.0,0.0,0.0,0.5,0.0,4.59,0.41,0
0.0,0.0,1.0,0.79,3.93,1.0,31.64,1.21,0.0,0.0,1.67,0.0,0.0,3.43,0.0,1.07,1.21,1.38,0.86,2.0,0.0,9.66,0.46,0.0,3.0,0.79,0
0.0,0.0,0.18,0.0,0.53,0.18,25.48,1.0,0.35,0.18,3.98,0.0,10.62,2.35,0.0,1.24,1.0,0.25,0.0,0.18,0.0,2.65,0.47,0.0,2.65,0.0,0
0.0,0.0,1.0,0.0,5.67,2.0,48.6,1.0,1.0,1.0,0.99,1.0,67.6,2.47,0.0,2.47,1.0,3.04,2.33,1.93,0.0,1.6,0.37,0.0,2.47,0.47,0
24.87,0.0,1.8,0.0,6.41,2.6,567.14,3.41,0.0,16.05,0.77,1.2,69.8,2.2,0.0,4.2,3.41,3.68,0.2,0.4,0.0,1610.2,0.37,0.0,2.4,3.41,0
0.0,0.0,1.0,0.0,6.11,1.0,34.67,1.0,0.22,0.78,1.89,0.0,38.93,6.34,0.0,3.0,1.0,2.41,0.78,1.0,0.0,0.0,0.5,0.0,3.0,0.0,0
0.0,1.98,1.0,0.0,4.66,1.0,34.96,1.0,0.0,0.0,4.81,0.0,0.0,0.68,1.0,1.0,0.34,4.96,0.34,0.0,0.0,1.02,0.44,0.0,2.66,0.0,0
0.0,0.62,1.0,0.0,5.86,1.0,34.72,1.0,0.0,0.0,5.38,0.0,0.0,1.14,1.86,2.76,0.38,1.38,0.62,1.38,0.0,1.86,0.5,0.0,4.0,1.86,0
0.0,0.0,1.0,0.0,1.15,1.0,27.52,1.0,0.0,1.0,1.1,0.0,0.0,1.0,0.0,1.38,1.38,1.74,1.0,1.38,0.0,0.0,0.5,0.0,3.62,0.0,0
0.0,0.0,1.0,0.0,5.0,1.0,65.0,1.0,1.0,1.0,1.97,0.0,60.0,2.0,1.0,5.0,1.0,4.4,3.0,1.0,0.0,8.0,0.25,0.0,3.0,2.0,0
0.0,1.61,1.0,0.0,5.2,1.0,36.24,1.0,0.0,0.0,3.86,0.0,59.86,3.59,0.8,0.8,0.6,3.1,2.8,1.6,0.0,2.41,0.4,0.0,3.6,0.4,0
0.0,1.9,1.0,0.0,4.27,1.0,37.73,1.37,1.83,0.0,3.67,0.0,36.65,1.47,1.0,4.3,0.73,4.74,0.0,0.0,0.0,0.73,0.41,0.0,3.0,0.0,0
0.0,0.0,1.0,0.0,8.82,1.85,53.53,1.0,0.0,2.71,1.39,1.29,30.5,2.29,0.85,2.0,1.0,2.97,1.71,1.15,0.0,0.15,0.48,0.0,3.71,1.0,0
0.0,0.0,1.0,0.21,2.79,1.0,47.86,1.79,3.57,0.0,0.88,0.0,95.07,5.57,9.43,4.71,1.79,1.56,0.0,0.21,0.0,32.17,0.46,0.0,4.36,0.21,0
1.79,0.0,1.0,0.0,4.36,1.79,398.16,4.94,0.42,12.82,0.67,0.0,86.01,1.21,0.0,18.25,1.79,2.19,0.21,1.0,0.0,6.94,0.44,0.0,3.42,3.94,0
0.27,0.0,1.0,0.0,4.0,1.27,58.54,1.0,0.73,1.54,0.9,0.0,60.74,1.73,0.73,4.38,1.73,2.32,0.27,1.0,0.0,2.92,0.45,0.0,3.46,2.0,0
0.0,1.0,1.0,0.0,3.0,1.0,27.0,1.0,0.0,0.0,5.4,0.0,0.0,0.0,2.0,1.0,0.0,2.0,2.0,1.0,0.0,0.0,0.5,0.0,5.0,0.0,0
0.0,0.0,1.0,0.0,4.58,1.0,61.79,1.71,1.71,1.87,1.02,0.0,87.56,1.71,2.02,9.53,1.71,2.86,1.29,1.0,0.0,5.69,0.5,0.0,4.0,2.42,0
0.0,0.89,1.0,0.0,3.89,1.0,28.87,1.0,0.0,0.0,3.02,0.0,77.82,3.89,0.44,1.22,0.78,0.39,0.22,2.56,0.0,1.33,0.44,0.0,3.78,0.22,0
0.0,0.0,1.0,0.0,4.0,1.0,25.0,1.0,0.0,0.0,2.5,0.0,100.0,5.3,0.0,0.7,1.0,1.2,1.2,2.7,0.0,0.0,0.5,0.0,3.3,0.0,0
0.0,0.5,1.0,0.0,2.0,1.0,37.0,1.0,0.0,0.0,5.09,0.0,0.0,5.5,1.0,2.5,1.0,2.0,2.0,2.0,0.0,1.0,0.45,0.0,3.0,0.0,0
0.0,2.18,1.0,0.55,6.27,1.18,61.37,2.82,1.55,0.18,1.25,0.0,9.12,1.73,1.64,2.55,1.82,1.38,0.82,1.0,0.0,0.0,0.5,0.0,2.18,0.18,0
0.47,0.0,1.0,0.0,7.69,2.0,79.95,1.95,1.47,1.47,1.37,0.53,73.63,2.05,0.0,3.95,1.47,3.46,2.64,2.05,0.0,86.0,0.42,0.0,3.0,0.53,0
0.0,0.97,1.0,0.0,6.92,1.0,36.86,1.0,0.0,0.0,7.25,0.0,0.0,0.08,2.92,2.03,0.03,1.0,1.0,1.0,0.0,2.92,0.5,0.0,3.95,2.95,0
0.0,0.0,1.0,0.29,4.13,1.0,56.32,1.0,0.58,0.71,1.21,0.0,57.84,3.29,0.0,1.42,1.0,3.02,0.71,1.0,0.0,43.54,0.45,0.0,4.13,1.0,0
0.0,0.18,1.0,0.0,8.0,1.82,35.55,1.82,0.0,0.0,1.45,0.82,0.0,5.46,0.18,5.1,1.82,0.59,0.18,6.73,0.0,0.0,0.5,0.0,2.18,1.0,0
0.97,0.0,1.0,0.0,3.0,1.49,46.46,2.97,1.51,0.51,0.71,1.03,42.7,5.49,0.51,7.0,2.0,1.25,0.0,0.97,0.0,11.06,0.25,0.0,3.0,0.51,0
1.0,0.0,1.0,0.87,8.37,2.0,263.59,1.0,1.75,7.37,0.96,0.0,81.93,1.0,0.0,4.37,1.87,2.65,0.13,1.0,0.0,3.5,0.33,0.0,1.13,2.87,0
0.0,0.0,1.0,0.0,1.0,1.25,26.75,1.0,0.0,0.0,2.45,0.0,0.0,6.0,0.0,1.75,1.0,0.12,0.0,4.25,0.0,31.27,0.46,0.0,3.25,0.0,0
0.0,1.73,1.0,0.0,8.3,1.0,39.96,1.27,0.0,0.0,4.97,0.0,26.96,1.08,1.27,1.35,0.54,1.4,1.0,0.73,0.0,0.0,0.5,0.0,3.27,0.73,0
0.0,0.0,1.0,0.07,5.29,2.0,118.69,2.14,5.07,0.14,0.93,0.0,100.0,4.86,0.07,6.22,1.93,2.13,0.0,0.0,0.0,1.93,0.4,0.0,3.78,2.07,0
0.38,0.0,1.0,0.38,6.76,2.14,68.76,1.0,1.0,2.86,1.24,0.76,63.86,1.0,5.1,3.29,1.0,5.87,2.0,1.0,0.0,64.38,0.46,0.0,3.62,1.0,0
0.0,0.0,1.0,0.0,3.77,1.0,98.07,6.38,0.77,2.3,1.08,0.0,76.83,4.07,2.3,9.22,2.0,0.96,0.0,0.77,0.0,1.54,0.37,0.0,3.0,3.07,0
0.0,0.0,1.0,0.0,5.52,1.0,50.77,1.0,0.51,0.49,1.82,0.0,50.51,4.49,0.49,4.02,1.0,1.43,1.0,3.48,0.0,1.0,0.33,0.0,3.49,0.49,0
0.0,0.0,1.0,0.0,4.48,1.52,43.73,1.0,0.52,1.52,1.09,0.0,49.15,3.39,0.0,4.0,1.52,0.99,0.0,1.52,0.52,0.0,0.5,0.0,2.04,0.0,0
0.0,0.0,1.0,0.0,3.0,1.34,37.07,1.0,1.0,0.68,1.36,0.0,91.52,4.66,0.0,2.68,1.0,0.84,0.0,1.0,0.0,0.34,0.44,0.0,4.3,0.0,0
0.0,0.92,1.0,0.0,5.39,1.0,63.84,1.92,1.54,0.54,1.4,0.0,43.01,3.15,47.16,4.15,1.46,12.06,1.0,1.54,0.0,3.23,0.34,0.0,1.46,0.0,0
0.31,0.0,1.0,0.0,2.69,1.0,32.49,1.0,0.62,0.31,1.09,0.0,18.71,2.69,0.0,5.94,1.0,2.1,1.0,1.69,0.0,0.94,0.55,0.0,2.94,1.38,0
0.19,0.37,1.0,0.0,4.11,1.19,91.65,2.85,0.56,2.59,2.37,0.19,100.0,5.37,0.37,2.59,1.19,0.54,0.0,1.0,0.0,2.22,0.45,0.0,3.0,0.93,0
0.0,0.0,1.0,0.0,3.86,1.0,28.55,1.14,0.0,0.0,1.34,1.86,0.0,2.93,0.0,4.86,1.07,1.43,0.93,2.0,0.0,0.21,0.49,0.0,3.79,0.93,0
0.0,0.95,1.0,0.0,3.0,1.0,26.73,1.0,0.0,0.0,5.21,0.0,5.46,0.27,1.89,1.0,0.05,1.89,1.89,1.11,0.0,0.0,0.5,0.0,4.89,0.0,0
2.74,0.09,1.0,0.0,2.91,1.91,69.21,2.91,0.0,5.48,0.77,0.0,58.87,2.09,0.77,4.66,2.0,3.78,1.83,1.0,0.0,1.0,0.33,0.0,2.09,0.17,0
0.0,0.0,1.0,0.0,8.45,1.0,69.57,1.0,1.9,0.45,2.14,0.0,92.37,6.55,0.9,7.1,1.0,4.63,2.1,1.55,0.0,0.0,0.5,0.0,2.8,0.0,0
0.0,0.82,1.0,0.0,1.82,1.18,27.72,1.82,0.18,0.18,1.88,0.18,96.9,2.82,7.36,1.18,1.82,1.47,0.0,1.0,0.0,1.36,0.32,0.0,2.82,1.64,0
0.0,0.0,1.0,0.0,3.22,1.0,36.8,1.0,0.78,0.22,1.47,0.0,0.0,2.55,0.0,1.55,1.22,1.0,0.22,1.78,0.0,1.55,0.37,0.0,3.55,2.33,0
0.0,0.0,1.0,0.0,10.97,2.0,78.81,1.0,1.0,1.0,1.76,1.0,50.18,3.01,0.0,2.99,1.0,5.01,5.01,3.0,0.0,0.0,0.5,0.0,3.01,1.0,0
0.98,0.0,1.0,1.96,4.0,1.02,49.22,1.0,0.0,1.0,1.39,0.0,65.53,1.0,0.0,1.09,2.0,3.14,1.0,1.0,0.0,0.0,0.5,0.0,3.02,1.02,0
0.0,0.0,1.0,0.25,4.5,1.0,104.52,1.0,0.0,3.75,1.69,0.0,66.76,1.0,0.0,1.5,2.5,2.16,1.25,1.0,0.0,0.75,0.63,0.0,3.75,2.25,0
0.0,0.0,1.0,0.0,2.1,1.0,24.26,1.0,0.45,0.0,1.35,0.0,54.86,4.1,0.0,5.06,1.0,0.75,0.45,5.26,0.0,4.51,0.55,0.0,2.1,0.0,0
0.0,0.0,1.0,0.0,0.19,1.0,27.41,2.25,0.0,0.13,1.18,0.0,4.79,5.19,0.0,5.19,2.0,3.82,3.75,1.94,0.0,42.54,0.33,0.0,2.87,0.0,1
0.0,0.0,1.0,0.0,3.0,1.0,22.54,1.0,0.0,0.0,2.57,0.0,100.0,5.54,0.0,0.46,1.0,0.0,0.0,1.92,0.0,0.0,0.5,0.0,2.92,1.08,0
0.0,0.0,1.0,0.0,6.92,1.44,46.68,1.56,1.56,0.88,1.61,0.0,89.01,6.24,0.0,2.88,1.56,2.0,1.12,1.0,0.0,0.44,0.43,0.0,1.0,0.0,0
0.0,0.0,1.0,0.0,2.14,1.0,23.14,1.0,0.0,0.29,2.15,0.0,0.0,2.43,0.0,1.71,1.0,1.24,1.0,1.0,0.0,0.0,0.5,0.0,2.57,0.0,0
0.0,0.0,1.0,0.0,2.37,1.0,23.16,1.0,0.0,0.0,1.77,0.0,100.0,4.58,0.0,1.58,1.0,0.79,0.79,4.95,0.0,0.0,0.5,0.0,3.79,0.79,0
0.0,0.0,1.0,0.0,2.3,1.0,41.9,1.0,0.0,1.0,0.75,2.56,13.64,4.15,0.15,2.0,1.0,0.86,0.15,2.44,0.0,1.0,0.33,0.0,2.3,1.0,0
0.0,0.0,1.0,0.0,1.87,1.0,36.4,3.53,0.0,0.0,0.59,0.0,0.0,2.53,0.0,3.4,2.0,0.47,0.0,2.0,0.0,2.6,0.36,0.0,1.4,0.4,0
0.0,1.02,1.0,0.0,11.67,1.0,53.98,1.0,0.0,0.0,6.25,0.0,0.0,1.47,1.02,2.96,0.49,4.71,1.0,1.49,0.0,0.0,0.5,0.0,3.53,0.98,0
0.0,0.0,1.0,0.28,1.84,1.0,45.41,6.44,0.56,0.84,0.65,0.28,17.29,6.28,0.0,5.72,2.0,0.59,0.0,1.72,0.0,0.0,0.5,0.0,3.16,2.16,0
0.0,0.0,1.0,0.0,4.9,1.0,31.88,1.0,0.0,0.0,2.29,0.0,0.0,6.0,1.96,1.04,1.0,3.45,2.96,2.02,0.0,0.0,0.5,0.0,3.0,0.0,0
0.0,0.0,1.0,0.71,2.87,1.29,59.18,1.29,2.87,0.0,0.55,0.0,83.68,4.29,0.0,1.74,1.29,1.55,0.0,0.71,0.0,106.99,0.35,0.0,2.58,1.29,0
0.0,0.0,1.0,0.0,7.71,1.67,46.83,1.33,0.0,2.35,1.36,0.67,54.9,2.98,1.0,2.0,1.33,2.41,1.35,1.0,0.0,0.0,0.5,0.0,3.67,1.33,0
0.0,0.0,1.0,0.0,5.16,1.64,32.73,2.0,0.0,0.0,1.05,0.64,0.0,6.36,0.0,4.93,2.0,0.68,0.36,6.22,0.0,0.0,0.5,0.0,2.36,0.64,0
0.44,0.0,1.0,0.89,2.33,1.0,36.78,1.0,0.56,0.44,0.93,0.0,29.33,2.11,0.0,6.0,1.44,2.33,1.0,4.89,0.0,5.56,0.56,0.0,1.89,0.44,0
0.0,1.87,1.0,0.0,6.47,1.0,42.37,1.0,0.53,1.06,3.73,0.0,17.54,1.59,0.94,2.0,0.53,2.15,1.53,2.06,0.0,7.06,0.29,0.0,3.53,1.0,0
0.0,0.0,1.0,0.96,8.8,1.96,272.33,3.96,5.84,1.96,0.88,0.04,97.99,3.12,0.96,8.88,1.04,2.57,0.0,0.04,0.0,0.96,0.34,0.0,1.08,2.92,0
0.0,0.0,1.0,0.0,3.75,1.0,38.49,1.0,0.75,0.0,1.1,0.0,75.41,2.25,0.75,4.23,1.0,2.14,0.25,2.0,0.0,0.49,0.46,0.0,2.25,0.25,0
0.0,0.0,1.0,0.0,5.75,1.46,57.61,1.0,1.08,1.0,1.04,0.0,66.87,4.0,0.0,7.0,1.0,2.51,0.46,1.46,0.0,85.28,0.33,0.0,1.92,0.46,0
0.0,0.0,1.0,0.0,3.26,1.09,36.74,1.0,3.65,0.91,1.2,0.52,45.65,5.74,1.83,3.91,1.0,2.01,0.91,1.09,0.0,0.09,0.49,0.0,2.91,0.0,0
0.61,0.0,1.61,1.84,9.75,2.23,56.33,1.0,0.39,0.0,0.98,2.46,79.13,2.54,0.0,6.91,1.0,6.23,2.46,4.07,0.0,39.29,0.35,0.0,4.16,2.46,0
0.0,3.64,1.0,0.0,3.61,1.0,42.86,1.0,0.0,0.39,3.58,0.0,0.0,0.39,0.61,0.79,0.79,1.44,0.39,0.79,0.0,0.0,0.5,0.0,2.39,0.61,0
2.84,0.0,1.0,0.71,4.42,1.71,78.66,1.0,0.0,3.55,1.06,0.0,82.25,2.16,0.0,2.0,1.71,3.82,1.42,1.87,0.0,12.07,0.5,0.0,2.58,0.71,0
0.0,0.0,1.0,0.0,6.01,1.0,58.7,1.0,0.0,0.0,5.86,0.0,0.0,2.0,0.5,0.5,1.0,1.5,0.5,0.5,0.0,1.49,0.42,0.0,1.5,1.01,0
0.0,0.0,1.0,0.0,5.62,1.0,41.57,1.0,0.62,0.0,1.81,0.0,100.0,5.0,0.0,3.62,1.0,1.37,0.62,3.13,0.0,1.0,0.46,0.0,1.75,0.75,0
0.0,0.0,1.0,0.0,4.0,2.0,59.0,1.0,0.0,1.0,0.92,0.0,44.02,1.01,0.0,5.0,2.0,1.78,1.0,1.0,0.0,0.0,0.5,0.0,4.0,2.0,0
0.01,0.0,1.01,0.04,3.13,1.02,22.59,1.0,0.0,0.0,2.18,0.05,99.59,4.95,0.0,1.11,1.0,0.12,0.05,3.04,0.0,0.77,0.5,0.0,3.99,0.05,0
0.0,1.55,1.0,0.0,5.78,1.0,50.55,1.0,0.61,0.0,3.36,0.0,61.14,1.83,2.0,3.83,0.61,3.13,1.0,1.61,0.0,2.33,0.4,0.0,3.61,1.61,0
0.0,0.0,1.0,0.0,7.79,1.0,177.53,1.0,3.83,2.91,1.64,0.0,88.63,5.83,2.87,6.79,2.91,2.52,0.0,0.0,0.0,20.14,0.6,0.0,1.96,0.96,0
0.0,0.57,1.0,0.0,11.28,1.43,55.24,1.0,0.0,0.43,4.39,0.0,32.3,1.72,0.57,3.01,0.43,2.22,1.0,1.43,0.0,79.68,0.43,0.0,2.43,1.0,0
0.0,0.0,1.0,0.0,2.45,2.0,40.72,1.0,0.55,0.91,0.86,0.55,74.11,2.64,0.0,6.27,1.45,1.66,1.55,2.0,0.0,1.91,0.48,0.0,3.0,0.55,0
0.0,0.0,1.0,0.0,5.91,1.0,73.1,1.0,0.0,1.91,1.79,0.0,47.84,5.83,1.0,1.96,1.0,4.19,1.0,1.91,0.0,0.13,0.49,0.0,4.87,0.96,0
0.0,0.0,1.0,0.0,0.59,1.0,29.61,1.8,0.0,0.0,1.62,0.0,19.83,5.8,0.0,1.0,1.8,0.8,0.0,2.2,0.0,0.0,0.5,0.0,3.0,0.0,0
0.0,0.0,0.84,0.0,2.51,0.84,32.38,1.0,0.84,0.0,1.86,0.0,0.0,2.84,0.0,1.67,1.0,0.84,0.0,1.67,0.0,1.67,0.36,0.0,3.67,2.67,0
1.82,0.0,1.0,0.0,4.82,1.91,453.84,5.56,0.0,14.58,0.82,0.0,84.73,1.0,0.0,19.13,2.0,2.14,0.0,0.91,0.0,7.29,0.39,0.0,3.0,4.56,1
0.0,0.0,1.0,0.0,2.0,1.0,37.97,3.22,4.08,0.26,0.6,0.74,4.15,6.44,18.69,6.52,1.74,5.6,0.26,0.26,0.0,15.32,0.46,0.0,1.52,1.04,0
0.0,0.0,1.0,0.0,5.0,1.0,72.5,1.0,1.5,0.75,3.02,0.0,59.99,4.25,64.49,4.5,1.0,16.55,0.75,1.75,0.0,4.5,0.28,0.0,1.0,0.5,0
1.35,0.0,1.0,0.0,3.65,1.0,40.08,2.35,0.33,0.0,0.98,1.35,67.3,3.98,0.0,8.06,1.67,1.51,0.0,1.33,0.0,0.67,0.39,0.0,2.35,0.67,0
0.0,0.0,1.0,0.0,3.93,1.0,37.26,1.0,0.93,0.0,1.11,0.0,93.28,2.13,0.93,2.93,1.0,2.13,0.0,1.93,0.0,0.0,0.5,0.0,2.07,0.0,0
0.0,0.0,1.0,0.0,3.0,1.0,30.11,1.0,1.0,0.0,1.88,0.0,0.0,3.99,0.0,3.01,1.0,0.33,0.0,1.0,0.0,0.05,0.5,0.0,3.0,0.0,0
0.0,0.0,1.0,0.0,5.03,1.0,50.38,1.0,0.0,1.52,1.65,0.0,50.0,5.52,1.0,2.0,1.0,2.72,1.0,3.45,0.0,0.48,0.42,0.0,4.03,0.52,0
0.0,0.0,1.0,0.0,3.0,1.0,33.8,2.0,1.75,0.0,1.31,0.0,100.0,4.65,0.35,4.15,1.35,0.94,0.0,1.95,0.0,1.35,0.3,0.0,3.0,0.0,0
0.0,0.0,1.0,0.0,4.4,1.55,29.35,1.55,0.0,0.0,1.37,0.55,45.02,4.65,0.0,3.3,1.55,0.27,0.0,4.85,0.0,0.0,0.5,0.0,2.45,0.55,0
0.0,0.0,1.0,0.0,3.91,1.0,115.87,7.84,0.98,2.93,0.77,0.0,97.73,5.02,2.93,11.73,1.98,1.22,0.0,1.0,0.0,1.95,0.34,0.0,3.0,3.91,0
0.0,0.0,1.0,0.0,3.0,1.0,24.02,1.0,0.0,0.0,2.0,0.01,99.62,4.99,0.0,2.01,1.0,0.01,0.0,3.99,0.0,0.0,0.5,0.0,4.0,0.0,0
0.0,0.0,1.0,0.0,4.04,1.0,24.96,1.0,0.0,0.0,2.44,0.08,96.84,5.96,0.0,0.04,1.0,4.0,4.0,2.16,0.0,0.04,0.49,0.0,3.92,0.0,0
0.0,0.0,0.28,0.0,1.14,0.28,25.56,1.0,0.0,0.0,3.83,0.0,0.0,2.28,0.0,0.85,1.0,0.28,0.28,0.28,0.0,2.86,0.62,0.0,2.72,0.28,0
0.0,0.0,1.0,0.0,4.96,1.0,64.47,1.0,1.06,1.0,1.96,0.0,59.81,2.08,1.02,4.98,1.0,4.36,2.96,1.0,0.0,7.85,0.25,0.0,3.0,1.96,0
0.0,0.18,1.0,0.0,2.88,1.0,37.59,2.65,0.0,0.0,1.81,0.0,0.0,2.18,2.83,2.65,1.82,0.77,0.35,1.65,0.0,3.0,0.33,0.0,1.35,0.88,0
0.0,9.28,1.0,0.0,4.19,1.0,75.28,1.0,0.0,0.0,4.69,0.0,0.0,0.0,1.0,1.73,0.0,1.65,0.0,0.0,0.0,0.0,0.47,0.0,2.58,1.39,0
0.26,0.0,1.0,0.0,2.74,1.74,43.16,1.0,1.26,1.74,1.06,0.0,71.06,3.47,0.0,5.05,1.0,1.89,0.26,1.0,0.0,1.53,0.42,0.0,2.05,0.0,0
0.93,0.0,1.0,0.93,7.78,3.78,55.63,1.0,0.93,1.0,0.69,1.86,71.97,1.36,1.86,6.78,1.0,4.22,1.86,1.0,0.0,156.82,0.41,0.0,2.86,0.93,1
0.0,0.86,1.0,0.14,10.72,1.14,67.49,1.42,0.83,0.28,4.86,0.0,13.85,0.42,2.72,2.11,0.14,0.37,0.0,0.86,0.0,1.0,0.33,0.0,2.72,1.28,0
0.0,0.45,1.0,0.0,8.55,1.55,58.26,1.0,0.0,0.55,2.37,0.0,41.41,3.55,0.45,4.31,1.0,2.56,1.0,1.55,0.0,102.14,0.41,0.0,3.0,1.0,0
0.0,0.0,1.0,0.0,3.0,1.0,31.55,1.23,0.0,0.23,2.0,0.0,22.64,1.91,0.23,0.45,2.0,0.11,0.0,0.23,0.0,0.0,0.5,0.0,3.0,0.45,0
0.0,0.0,1.0,0.0,3.0,1.0,44.59,2.0,4.49,0.0,0.95,0.0,100.0,5.02,6.59,7.97,2.0,1.24,0.0,0.0,0.0,0.98,0.38,0.0,4.02,0.0,0
0.0,0.0,1.0,0.0,4.24,1.0,25.24,1.0,0.0,0.0,2.42,0.0,100.0,5.0,0.0,1.49,1.0,0.0,0.0,3.49,0.0,0.24,0.54,0.0,3.0,0.49,0
0.0,0.0,1.0,0.0,5.0,1.8,46.22,1.0,0.0,0.8,1.73,0.0,59.95,2.0,1.4,2.4,1.0,2.23,1.4,1.0,0.0,0.0,0.47,0.0,4.4,0.4,0
1.08,0.0,1.0,0.0,4.19,1.73,113.28,2.54,5.81,2.16,0.87,0.0,95.95,5.54,0.27,4.92,2.0,2.16,0.0,0.0,0.0,6.32,0.36,0.0,3.46,1.46,0
0.0,0.0,1.0,0.0,4.69,1.0,38.6,2.66,1.66,0.66,0.87,1.0,32.86,6.34,0.0,4.63,2.0,0.66,0.0,1.0,0.0,0.0,0.5,0.0,2.31,0.66,0
0.13,0.87,1.0,0.26,6.87,1.13,50.76,1.0,0.0,0.77,6.62,0.13,10.23,2.74,13.95,1.26,1.13,2.15,1.74,0.13,0.0,2.62,0.35,0.0,2.87,4.36,0
0.0,0.0,1.0,0.0,3.27,1.0,29.35,1.73,0.73,0.36,1.61,0.36,63.71,5.36,0.0,2.81,1.36,0.82,0.64,2.27,0.0,3.19,0.34,0.0,3.36,0.64,0
0.0,0.0,1.0,0.0,3.0,1.0,30.84,1.0,0.12,0.0,1.78,0.0,12.03,1.12,0.96,2.0,1.88,2.08,1.0,1.88,0.0,0.0,0.5,0.0,3.12,0.24,0
0.0,0.0,1.0,0.0,5.0,1.0,32.3,1.0,1.03,0.0,2.01,0.0,3.01,5.97,0.03,2.0,1.0,0.06,0.03,1.94,0.0,0.0,0.5,0.0,1.09,0.03,0
0.17,0.0,1.0,0.0,4.35,1.52,66.79,1.0,1.65,1.17,1.26,0.17,76.54,4.48,71.13,5.48,1.0,18.39,1.17,1.83,0.0,7.56,0.25,0.0,1.17,0.35,0
0.0,0.0,1.0,2.56,7.21,1.64,82.02,2.36,2.64,1.64,1.32,0.36,82.05,4.72,0.0,6.0,1.36,2.03,0.64,1.64,0.0,119.87,0.39,0.0,3.0,1.0,0
0.0,0.0,1.0,0.0,4.51,1.0,35.2,1.0,0.51,0.51,2.13,0.0,93.37,4.49,1.53,2.04,1.51,1.91,1.02,1.51,0.0,1.02,0.42,0.0,2.47,0.49,0
0.0,0.0,1.0,0.0,4.4,1.0,52.44,1.6,1.21,0.6,1.5,0.0,60.47,1.6,0.0,7.86,2.0,1.77,0.6,0.6,0.0,4.84,0.5,0.0,4.0,1.81,0
0.0,0.0,1.0,0.0,4.23,1.0,49.09,1.0,0.0,2.53,1.24,0.0,49.07,4.09,0.0,2.47,1.38,2.38,0.0,1.0,0.0,0.0,0.5,0.0,1.38,0.38,0
0.0,0.0,1.0,0.0,5.1,1.0,31.93,1.0,1.0,1.64,1.6,0.0,27.09,3.0,0.0,3.43,1.0,2.35,1.82,3.9,0.0,8.36,0.38,0.0,3.46,0.82,0
1.0,0.0,1.0,4.83,4.94,1.0,124.14,1.0,0.0,0.69,1.41,0.0,75.75,1.94,0.0,1.31,1.69,3.23,0.69,1.31,0.0,0.0,0.5,0.0,2.37,1.94,0
0.0,0.77,1.0,0.0,11.66,1.0,46.15,1.23,0.94,0.0,4.78,0.0,23.4,3.7,1.77,2.4,1.23,1.41,0.77,0.77,0.0,0.0,0.5,0.0,2.23,1.0,0
2.02,0.0,1.0,0.0,3.66,1.67,62.85,2.34,0.66,4.03,1.19,0.0,69.74,2.98,0.33,4.02,1.67,3.34,1.67,0.67,0.0,0.67,0.39,0.0,2.66,0.33,0
0.0,0.0,1.0,0.0,3.0,1.0,29.42,1.0,0.0,0.0,1.8,0.0,8.25,1.41,0.08,1.92,1.92,0.92,0.92,2.08,0.0,0.0,0.5,0.0,3.0,0.0,0
0.49,0.0,1.0,0.0,3.56,1.0,45.8,1.98,2.02,0.49,1.1,0.0,83.41,3.51,1.54,3.46,1.49,1.88,0.51,0.51,0.0,57.75,0.41,0.0,2.46,0.49,0
0.0,0.0,1.0,0.0,2.96,1.0,37.83,1.0,0.0,0.99,1.54,0.0,0.0,1.06,0.0,1.98,1.99,1.58,0.99,1.99,0.0,0.0,0.5,0.0,3.0,0.0,0
0.0,0.0,1.0,0.0,3.0,1.0,28.35,1.0,0.0,0.19,1.87,0.0,91.92,4.42,0.0,1.19,1.0,0.32,0.0,2.42,0.0,13.08,0.5,0.0,2.62,0.0,0
0.0,0.0,1.0,0.0,8.99,1.0,84.93,1.0,3.0,1.0,2.18,0.0,83.02,6.0,2.0,5.99,1.0,5.0,1.0,1.0,0.0,0.0,0.5,0.0,5.0,0.0,0
0.0,0.0,1.0,0.0,2.33,1.0,40.64,2.67,1.33,0.0,0.73,0.0,33.15,3.33,3.98,3.99,2.0,0.87,0.0,1.34,0.0,2.01,0.39,0.0,2.33,0.0,0
0.0,0.0,1.0,2.84,9.29,2.0,90.47,1.71,2.13,2.29,1.57,0.29,80.53,3.42,0.29,4.84,1.0,2.92,1.29,1.71,0.0,132.65,0.38,0.0,3.29,1.0,0
1.0,0.0,1.0,4.57,4.08,1.0,141.93,1.0,1.17,0.58,0.96,0.0,75.38,2.83,0.0,5.51,1.0,2.34,0.58,1.42,0.0,1.75,0.6,0.0,3.34,1.66,0
0.0,0.0,1.0,0.0,4.49,1.0,53.46,1.0,0.0,0.0,1.47,0.74,25.7,3.77,0.0,12.63,1.0,1.02,0.74,1.0,0.0,2.23,0.45,0.0,3.49,1.0,0
0.0,0.86,1.0,0.0,1.56,1.0,34.58,1.86,0.14,0.0,2.16,0.0,86.01,4.28,4.3,4.58,1.86,1.29,0.0,0.28,0.0,0.0,0.5,0.0,3.58,0.0,0
2.12,0.0,1.0,0.0,3.59,1.71,62.09,2.41,0.29,4.23,0.91,0.0,68.27,2.88,0.0,4.71,1.71,3.41,1.71,1.29,0.0,0.71,0.38,0.0,2.59,0.29,0
0.0,0.0,1.0,2.09,4.39,1.0,233.63,2.39,1.21,9.37,1.01,0.0,79.29,2.51,0.61,1.91,1.7,2.83,0.3,0.3,0.0,0.0,0.5,0.0,2.3,3.49,0
1.88,0.0,1.0,5.63,6.75,2.88,109.39,1.94,0.94,2.82,0.67,0.0,82.17,2.18,0.0,4.82,1.94,2.45,0.94,1.12,0.0,6.57,0.41,0.0,1.12,0.94,0
0.0,0.0,1.0,0.0,3.99,1.0,33.23,2.0,0.05,0.0,1.1,0.0,1.33,6.0,0.16,3.04,2.0,1.01,0.0,1.97,0.0,0.0,0.5,0.0,3.03,0.0,0
0.0,0.0,1.0,0.58,2.25,1.0,37.02,1.0,1.17,1.0,1.04,0.0,77.99,2.17,0.0,4.66,1.42,1.16,0.42,1.0,0.0,1.75,0.4,0.0,1.83,0.0,0
0.0,0.0,1.0,0.0,4.37,1.37,44.45,1.0,0.0,0.74,0.99,0.0,13.98,1.63,0.0,6.53,1.37,1.13,0.0,0.0,0.0,8.59,0.28,0.0,1.74,0.37,0
0.0,0.69,1.0,0.0,3.66,1.0,25.69,1.0,0.0,0.0,3.5,0.0,65.67,3.28,0.34,0.66,0.66,1.03,1.03,2.31,0.0,0.0,0.5,0.0,3.34,0.34,0
0.0,0.0,1.0,0.0,4.54,1.0,45.87,1.0,0.0,0.0,1.49,0.54,46.49,4.39,0.0,9.56,1.0,2.13,1.93,2.39,0.0,1.61,0.46,0.0,3.54,1.0,0
0.27,0.0,1.0,0.0,4.64,1.27,40.66,1.0,0.73,0.27,1.28,0.55,82.77,3.91,0.0,2.82,1.27,1.0,0.0,1.27,0.0,3.28,0.45,0.0,5.18,0.0,0
0.0,0.0,0.85,0.0,3.4,0.85,24.7,1.0,0.0,0.0,2.82,0.0,84.9,5.4,0.0,0.0,1.0,3.4,3.4,1.7,0.0,0.6,0.53,0.0,3.85,0.0,0
0.0,0.43,1.0,0.0,7.02,1.0,30.16,1.0,0.0,0.0,3.17,1.14,0.0,1.71,1.29,3.28,0.57,0.85,0.57,1.57,0.0,0.43,0.43,0.0,3.57,1.0,0
0.0,0.0,1.0,0.66,2.64,1.0,48.07,3.64,1.32,2.32,0.77,0.66,40.93,4.96,0.0,3.64,1.66,1.53,0.34,1.0,0.0,0.0,0.5,0.0,2.02,0.0,0
0.0,0.0,1.0,0.14,3.86,1.0,25.0,1.0,0.0,0.0,2.74,0.0,86.45,4.46,0.0,0.41,1.0,0.68,0.68,1.41,0.0,0.0,0.5,0.0,3.86,0.86,0
0.0,1.62,1.0,0.0,6.76,2.0,234.62,1.81,0.0,11.09,0.96,0.19,87.21,2.81,0.19,6.05,1.0,4.35,1.19,1.0,0.0,39.65,0.26,0.0,4.0,1.81,0
0.28,0.0,1.0,0.0,6.33,1.0,70.69,1.56,0.84,0.56,5.8,0.0,27.84,2.84,0.0,0.84,1.28,1.68,0.0,1.0,0.0,0.0,0.5,0.0,1.28,1.44,0
0.08,0.15,1.0,0.0,3.45,1.08,51.41,1.75,0.23,1.05,2.85,1.0,100.0,5.15,0.15,1.05,1.08,2.99,2.77,1.0,0.0,0.9,0.48,0.0,3.0,0.38,0
0.0,0.0,1.0,0.0,3.51,1.0,60.46,1.0,0.51,1.98,0.91,0.0,74.45,1.51,0.51,4.03,2.0,1.42,0.49,1.0,0.0,2.03,0.5,0.0,3.02,2.0,0
0.0,0.0,1.0,0.0,3.92,1.0,44.56,1.0,0.0,1.16,1.96,0.0,6.09,1.0,0.0,0.16,2.0,1.07,1.0,1.0,0.0,0.0,0.5,0.0,2.0,0.16,0
0.93,0.0,1.0,0.0,2.07,1.0,33.29,2.93,2.8,2.0,0.58,0.2,97.71,4.87,0.0,4.21,2.0,0.89,0.07,1.0,0.0,0.27,0.5,0.0,2.07,0.0,0
0.0,4.86,1.0,0.0,5.91,1.0,95.89,1.0,0.0,0.0,8.73,0.0,2.85,3.06,0.97,1.94,1.0,1.17,0.0,0.03,0.0,0.0,0.5,0.0,3.03,0.0,0
0.0,0.0,1.0,0.0,5.66,1.0,41.88,1.0,0.66,0.0,1.38,0.68,72.63,5.0,0.0,2.99,1.0,2.81,2.01,3.35,0.0,1.0,0.33,0.0,1.34,0.0,0
0.0,0.0,0.79,0.79,5.54,0.79,135.26,1.0,2.37,1.58,2.45,0.0,64.85,2.0,2.37,5.54,1.0,1.83,0.79,0.0,0.0,0.0,0.5,0.0,1.21,1.0,0
0.0,0.0,1.0,0.0,0.0,1.0,26.77,1.0,0.0,0.0,2.41,0.0,0.0,5.62,0.0,1.85,1.0,1.0,1.0,2.23,0.0,15.74,0.44,0.0,3.0,0.0,0
0.0,0.35,1.0,0.0,2.31,1.0,48.09,1.35,0.0,0.65,1.49,0.0,46.35,2.69,1.73,2.38,1.35,1.83,0.0,0.0,0.0,0.0,0.5,0.0,2.69,0.65,0
0.3,0.0,1.3,0.0,4.2,1.3,97.36,1.0,0.0,0.3,0.41,7.71,28.74,2.0,0.6,9.0,1.3,1.97,0.0,0.7,0.0,1.4,0.33,0.0,3.3,1.6,0
0.0,0.0,1.0,0.0,1.27,1.0,27.27,1.0,0.93,0.0,0.7,0.0,6.78,2.93,0.2,9.32,1.0,1.86,1.14,7.53,0.0,9.32,0.58,0.0,1.07,0.14,0
0.0,0.0,1.0,0.0,3.11,1.0,29.46,1.0,0.0,0.0,0.53,9.81,10.8,2.32,0.0,8.03,1.0,0.59,0.0,1.0,0.0,1.78,0.35,0.0,3.11,1.0,0
0.0,4.73,1.0,0.0,3.15,1.0,40.48,1.0,0.0,0.0,4.05,0.0,21.25,0.64,0.79,0.0,0.21,1.05,0.0,0.21,0.0,0.0,0.5,0.0,2.21,0.79,0
0.38,0.0,1.0,0.0,3.0,1.0,27.78,1.38,0.0,0.0,2.52,1.19,100.0,4.62,0.0,2.08,1.19,2.86,2.43,1.0,0.0,0.19,0.47,0.0,3.0,0.19,0
0.0,0.0,1.0,0.0,2.54,1.0,25.06,1.15,0.0,0.0,1.29,0.0,84.82,5.15,0.0,1.0,1.15,0.15,0.0,2.85,0.0,0.85,0.36,0.0,3.0,0.0,0
0.0,0.0,1.0,0.0,4.79,2.2,43.18,1.4,2.61,0.6,0.63,1.79,55.17,3.4,0.4,10.0,1.4,1.98,0.0,1.2,0.0,2.0,0.3,0.0,3.6,1.2,0
0.0,0.0,1.0,0.0,0.25,1.12,22.7,1.0,0.37,0.49,1.8,0.12,93.38,2.88,0.0,0.25,1.0,0.44,0.25,1.0,0.0,23.43,0.48,0.0,2.75,0.0,0
0.0,0.0,1.0,0.0,2.59,1.0,24.28,1.0,1.0,0.48,1.63,0.0,24.13,6.48,0.0,2.97,1.0,0.24,0.0,1.52,0.0,0.0,0.5,0.0,2.45,0.0,0
0.0,0.14,1.86,0.0,18.29,5.29,93.29,1.0,1.71,4.29,1.18,4.29,42.86,3.86,0.14,7.0,1.0,5.5,4.43,1.86,0.0,238.31,0.36,0.0,3.86,0.14,0
0.0,0.0,1.0,0.0,5.2,1.73,75.8,1.0,2.2,1.33,0.8,0.73,65.47,1.73,1.47,4.4,1.27,2.66,0.0,1.0,0.0,38.85,0.59,0.0,1.27,0.27,0
2.09,0.0,1.0,0.64,6.46,1.64,234.93,2.09,4.18,8.0,0.87,0.0,87.55,3.18,0.36,3.91,2.0,2.24,0.0,0.64,0.0,9.08,0.3,0.0,1.36,1.91,0
0.0,0.0,1.0,0.0,3.72,1.0,34.98,1.57,0.28,0.85,3.0,0.0,28.4,2.85,0.72,2.14,1.28,1.16,0.72,0.28,0.0,2.43,0.33,0.0,2.0,0.0,0
0.14,0.0,1.0,0.0,8.0,1.86,74.7,1.29,0.43,1.14,0.89,0.0,78.58,4.14,0.0,6.43,1.14,3.41,0.86,1.86,0.0,158.53,0.36,0.0,2.86,0.86,0
0.0,0.71,1.0,0.0,5.35,1.0,34.89,1.0,0.0,0.0,3.17,0.0,82.32,1.65,2.82,0.35,0.82,4.01,2.65,1.0,0.0,1.06,0.32,0.0,2.18,1.82,0
0.97,0.0,1.03,0.03,4.1,1.06,79.01,2.94,9.68,1.97,0.83,1.0,98.91,8.78,0.97,5.94,1.97,2.58,0.03,1.0,0.0,27.11,0.34,0.0,3.0,0.0,0
0.0,0.0,1.9,0.0,10.29,2.8,62.44,2.8,0.0,0.0,1.13,2.69,89.82,1.1,0.1,10.88,1.9,1.3,0.1,0.9,0.0,10.19,0.26,0.0,1.1,0.0,0
0.0,0.0,1.0,0.94,3.06,1.06,25.77,1.0,0.06,0.0,2.42,0.11,5.5,1.17,0.06,3.06,1.0,4.85,4.78,3.89,0.0,0.06,0.51,0.0,3.0,0.11,0
0.0,0.0,1.0,0.0,3.0,1.0,27.32,1.0,0.48,0.0,1.83,0.0,100.0,5.0,0.0,1.48,1.0,0.12,0.0,2.03,0.0,0.0,0.5,0.0,4.97,0.0,0
1.81,0.38,1.0,0.0,5.76,2.0,474.85,6.95,0.57,15.62,0.75,0.19,94.33,2.14,0.38,19.67,2.0,2.45,0.0,1.0,0.0,8.76,0.35,0.0,3.0,5.0,1
0.0,0.0,1.0,0.0,4.0,1.0,37.05,1.0,0.0,0.5,2.96,0.0,0.0,1.5,0.5,0.5,1.5,1.0,1.0,0.5,0.0,1.49,0.42,0.0,2.0,0.0,0
1.78,0.0,1.0,5.35,6.78,2.78,106.0,1.89,0.89,2.67,0.77,0.0,72.22,2.43,0.22,4.57,1.89,2.71,1.22,1.11,0.0,6.24,0.41,0.0,1.22,0.89,0
0.24,0.0,1.0,0.0,10.29,1.88,78.41,1.47,1.24,1.12,1.63,1.0,53.92,3.36,0.0,3.83,1.12,4.58,4.41,2.88,0.0,0.0,0.5,0.0,2.76,0.88,0
0.0,0.0,1.0,0.0,3.57,1.0,34.59,1.43,0.57,0.43,1.02,0.0,100.0,3.28,1.0,2.57,1.43,1.51,0.0,1.57,0.0,0.0,0.5,0.0,2.43,0.85,0
0.0,1.11,1.0,4.44,7.0,1.44,197.59,2.11,1.44,0.89,1.3,0.0,32.43,1.0,1.56,3.33,2.0,1.91,1.0,1.0,0.0,0.0,0.5,0.0,1.56,1.78,0
0.37,0.0,1.0,0.09,0.46,1.09,37.45,1.91,0.0,0.46,1.41,0.0,6.91,5.54,0.0,1.09,2.0,1.4,0.18,1.91,0.0,1.57,0.5,0.0,2.91,0.09,0
2.89,2.17,1.0,3.25,2.36,1.72,100.61,5.53,0.0,3.97,0.49,0.0,27.07,1.64,2.53,6.97,2.0,1.84,0.0,1.28,0.0,44.87,0.31,0.0,1.72,1.08,0
0.0,0.0,1.0,0.0,5.0,1.0,25.46,1.0,0.12,0.0,2.54,0.0,100.0,5.0,0.0,0.49,1.0,0.24,0.12,1.12,0.0,0.0,0.5,0.0,4.0,1.88,0
0.17,0.0,1.0,0.0,3.66,1.0,28.51,1.34,0.51,0.34,1.26,1.66,16.99,3.34,0.0,4.66,1.17,1.39,0.83,1.83,0.0,0.0,0.5,0.0,3.66,0.83,0
0.0,0.0,1.0,1.0,4.06,1.0,24.59,1.0,0.0,0.0,3.33,0.0,0.0,2.06,0.0,0.0,1.0,0.04,0.0,2.0,0.0,0.0,0.5,0.0,3.0,0.06,0
0.0,0.0,0.12,0.0,1.22,0.12,22.54,1.12,0.24,0.0,4.4,0.0,12.19,2.73,0.0,0.24,1.12,0.24,0.24,0.12,0.0,0.0,0.5,0.0,1.88,0.88,0
0.18,0.0,1.0,0.0,3.42,1.12,70.11,1.94,0.18,2.12,0.53,3.0,65.94,2.88,0.12,21.3,1.94,1.63,1.0,0.94,0.0,8.99,0.49,0.0,2.88,0.0,0
1.37,0.95,1.0,0.95,3.0,2.0,55.6,3.37,1.95,0.32,0.61,0.0,15.84,5.68,0.0,6.37,1.68,1.61,0.0,1.68,0.0,6.15,0.33,0.0,3.0,0.32,0
0.0,0.96,1.0,0.0,1.68,1.0,27.92,1.0,0.0,0.0,2.93,0.0,76.0,2.28,0.48,0.48,0.76,0.42,0.24,1.0,0.0,1.44,0.44,0.0,3.0,0.24,0
0.0,0.0,1.0,0.0,3.61,1.0,38.01,1.0,0.92,0.46,1.49,0.0,0.0,4.15,1.08,4.24,1.0,2.3,1.61,1.54,0.0,1.85,0.42,0.0,3.92,0.92,0
0.0,0.0,1.0,0.0,3.0,1.57,41.13,1.0,0.57,1.57,1.4,0.0,56.95,2.71,0.0,3.14,1.43,1.71,0.0,0.57,0.0,19.91,0.4,0.0,1.0,0.0,0
0.0,0.0,1.0,0.0,4.71,1.0,29.94,1.0,0.71,0.0,2.02,0.0,29.46,6.0,0.0,1.71,1.0,0.88,0.88,2.59,0.0,0.0,0.5,0.0,1.59,0.29,0
0.0,0.0,1.0,0.0,3.88,1.88,37.54,1.0,0.88,0.0,1.2,1.76,87.82,4.0,0.88,3.76,1.0,2.11,0.88,1.88,0.0,0.88,0.65,0.0,3.0,1.76,0
0.0,0.0,1.0,0.0,1.75,1.0,33.51,1.44,1.44,1.0,1.03,0.0,71.89,4.81,0.0,7.94,1.44,0.84,0.44,1.0,0.0,3.5,0.5,0.0,4.0,1.31,0
0.0,0.0,1.0,0.0,10.77,1.39,49.48,1.39,0.0,0.78,2.19,0.78,100.0,2.56,0.0,3.61,2.0,0.78,0.78,2.56,0.0,64.28,0.37,0.0,1.78,0.0,0
0.0,0.0,1.0,0.0,5.0,1.0,40.31,1.0,0.75,0.75,1.67,0.25,90.21,4.49,2.26,3.26,1.75,3.32,2.0,2.49,0.0,1.51,0.37,0.0,1.49,0.0,0
0.67,0.0,0.67,1.34,4.02,1.34,67.9,1.0,0.0,4.02,1.94,0.67,53.61,1.33,0.0,2.01,1.67,2.13,0.0,0.67,0.0,0.99,0.5,0.0,2.33,0.0,0
0.0,0.0,1.0,0.0,5.14,1.46,40.18,1.0,0.46,1.46,1.58,0.0,61.6,5.61,0.0,3.46,1.0,2.54,0.54,1.0,0.0,0.46,0.42,0.0,2.07,0.0,0
3.67,2.75,1.0,4.13,3.0,1.92,110.5,5.13,0.0,5.04,1.33,0.0,88.54,3.17,3.21,6.96,1.46,1.93,0.0,1.62,0.0,54.57,0.39,0.0,3.54,1.38,0
0.0,0.0,1.0,0.0,3.45,1.0,30.0,1.0,0.0,0.0,2.74,0.0,77.28,4.86,0.0,0.0,1.23,6.75,6.18,1.55,0.0,0.0,0.5,0.0,4.77,0.0,0
0.0,0.0,1.0,0.0,4.7,1.0,43.79,1.0,2.98,0.66,1.53,0.0,66.96,6.34,1.32,5.36,1.0,2.92,1.68,1.34,0.0,0.0,0.5,0.0,2.32,0.0,0
0.0,0.0,1.0,0.0,0.84,1.0,25.67,1.0,0.0,0.0,2.09,0.0,0.0,5.16,0.0,2.11,1.0,0.65,0.28,2.72,0.0,0.0,0.5,0.0,2.72,0.56,0
0.0,0.0,1.0,0.0,3.51,1.0,41.02,1.99,1.5,1.0,1.15,0.5,43.73,4.99,1.51,4.99,2.0,2.13,1.01,1.5,0.0,1.01,0.42,0.0,2.49,0.0,0
0.96,0.0,1.0,0.0,3.96,1.0,54.71,2.92,1.96,0.96,1.34,0.48,91.86,3.92,4.17,5.83,1.48,5.9,0.52,1.48,0.0,0.0,0.5,0.0,2.56,1.04,0
0.0,0.0,1.0,0.0,2.43,1.0,44.12,2.15,0.0,0.43,0.82,0.0,7.69,2.0,0.0,2.15,1.57,1.14,0.0,1.15,0.0,1.72,0.4,0.0,1.43,0.43,0
0.0,0.09,1.0,0.0,6.65,1.91,74.91,1.0,2.72,0.0,1.39,0.91,56.23,1.81,1.91,5.44,0.91,1.68,0.09,1.0,0.0,48.07,0.61,0.0,1.09,0.09,0
0.0,0.0,1.0,0.0,3.3,1.0,28.48,1.0,0.0,0.0,2.14,0.0,0.0,3.7,0.0,2.3,1.0,0.65,0.3,1.0,0.0,0.0,0.5,0.0,2.7,0.3,0
0.0,0.0,1.0,0.0,5.68,1.0,40.19,1.0,0.42,0.0,1.7,1.16,42.02,4.68,0.0,6.26,1.0,2.69,1.84,2.0,0.0,0.0,0.5,0.0,2.74,0.58,0
0.0,0.0,1.0,0.0,3.0,1.0,42.81,2.45,1.27,2.45,0.87,0.0,89.03,4.73,0.0,5.55,1.73,1.52,0.0,1.0,0.0,1.0,0.33,0.0,1.73,0.0,0
0.0,0.0,1.0,0.0,3.29,1.0,61.71,1.0,0.0,0.71,1.44,0.0,29.4,2.47,0.0,2.12,1.71,2.23,1.88,2.0,0.0,0.0,0.5,0.0,3.29,0.0,0
0.57,0.0,1.0,0.0,5.13,1.57,41.66,1.0,0.43,1.0,1.02,1.14,42.59,3.58,0.0,4.57,1.57,1.93,0.0,1.57,0.0,6.84,0.4,0.0,3.43,0.0,0
0.68,0.0,1.0,0.68,7.35,1.68,98.42,1.0,0.32,2.03,1.13,0.0,83.74,2.29,2.03,8.06,1.0,4.28,1.0,1.32,0.0,4.39,0.45,0.0,3.03,0.68,0
0.0,0.0,1.0,0.0,3.0,1.0,36.5,1.19,1.62,1.0,0.77,0.0,75.63,2.56,0.19,3.62,1.19,0.58,0.0,1.0,0.0,4.87,0.7,0.0,3.0,1.19,0
0.0,0.0,1.0,0.0,5.16,1.04,43.62,1.0,1.92,0.04,2.27,0.0,98.99,4.96,0.96,2.2,1.0,2.07,1.0,0.08,0.0,7.48,0.49,0.0,3.96,1.0,0
0.0,0.0,1.0,0.0,3.39,1.0,53.84,1.0,0.19,0.81,1.24,0.0,33.84,2.19,0.39,1.77,1.0,2.39,0.19,0.39,0.0,0.0,0.5,0.0,2.39,1.19,0
2.71,0.0,1.9,0.0,11.02,2.0,125.87,1.0,1.2,1.29,1.33,0.1,72.15,2.9,0.0,2.9,1.0,3.51,1.1,1.0,0.0,19.65,0.33,0.0,3.71,1.8,0
0.55,0.0,1.0,0.0,5.09,1.0,123.33,3.19,4.37,3.73,1.52,0.0,54.65,3.73,0.0,2.73,2.0,1.45,0.45,0.45,0.0,45.9,0.5,0.0,2.0,1.64,0
0.51,0.0,1.0,0.51,6.52,2.52,40.75,1.0,0.51,0.51,0.79,2.0,47.42,2.97,1.01,4.04,1.0,4.25,2.99,3.46,0.0,86.26,0.37,0.0,2.51,0.51,0
0.31,0.0,1.1,0.0,3.92,1.1,35.37,1.0,0.1,0.1,2.54,0.0,97.44,4.8,0.0,0.31,1.0,0.36,0.1,1.0,0.0,0.1,0.48,0.0,4.0,0.2,0
0.0,0.0,1.0,0.0,3.16,1.17,46.0,1.0,0.0,0.83,0.68,2.67,13.34,3.83,0.0,2.66,1.0,1.36,0.17,2.0,0.0,1.17,0.33,0.0,2.17,1.0,0
0.0,0.0,1.0,0.0,2.49,1.0,23.17,1.0,0.0,0.0,2.97,0.0,82.96,6.0,0.0,0.0,1.0,0.0,0.0,1.0,0.0,0.0,0.5,0.0,2.17,0.83,0
0.0,0.0,1.0,0.0,6.01,1.5,57.58,1.0,0.5,0.5,1.18,0.0,87.46,4.5,0.0,4.51,1.0,2.05,0.5,1.5,0.0,92.79,0.42,0.0,4.5,0.5,0
0.0,0.28,1.0,0.0,5.94,1.72,44.57,1.0,0.72,1.45,2.02,0.0,46.27,0.72,0.83,3.17,1.45,0.93,0.0,1.72,0.72,0.28,0.45,0.0,3.0,0.28,0
0.0,0.99,1.0,0.0,4.99,1.5,153.25,1.5,0.0,6.46,2.36,0.0,49.7,2.5,0.5,3.98,1.0,2.78,1.0,0.5,0.0,25.86,0.27,0.0,2.99,0.99,0
0.0,4.24,1.0,0.0,5.7,1.0,91.94,1.0,0.0,0.15,7.79,0.0,10.75,2.7,0.85,1.7,1.15,1.3,0.15,0.15,0.0,0.0,0.5,0.0,3.0,0.0,0
0.0,0.0,1.0,0.0,3.0,1.0,24.79,1.0,0.37,0.19,1.84,0.0,92.55,4.81,0.0,2.12,1.0,0.26,0.0,2.63,0.0,0.19,0.47,0.0,2.63,0.0,0
0.0,0.0,1.0,7.78,6.33,1.78,297.58,1.44,2.0,1.78,1.13,0.22,67.88,2.11,0.78,5.22,2.0,2.33,0.78,1.0,0.0,0.0,0.5,0.0,1.44,3.33,0
0.0,2.93,1.0,0.0,7.98,1.0,76.56,1.02,0.05,0.0,7.56,0.0,2.44,4.05,5.0,1.12,1.02,1.03,0.98,0.98,0.0,0.05,0.5,0.0,2.02,0.0,0
0.0,0.0,1.0,0.0,4.8,1.0,44.01,1.0,0.96,0.96,1.52,0.0,87.52,3.96,2.88,3.84,1.96,3.6,1.92,1.96,0.0,1.92,0.34,0.0,1.08,0.0,0
0.0,0.0,0.63,0.0,3.16,0.63,24.9,1.0,0.0,0.0,3.06,0.63,63.25,4.53,0.0,0.63,1.0,1.26,1.26,2.53,0.0,1.47,0.56,0.0,3.0,0.0,0
0.0,0.0,1.0,0.2,4.18,1.2,84.47,1.59,1.18,1.2,1.49,0.0,46.2,1.39,0.2,3.38,1.8,1.59,0.0,0.0,0.0,36.33,0.47,0.0,1.0,0.59,0
0.0,0.0,1.0,0.0,6.98,1.0,56.95,1.0,0.01,0.0,2.03,0.0,99.56,3.0,0.0,0.03,1.0,1.8,1.0,2.0,0.0,0.02,0.5,0.0,2.01,3.0,0
1.76,0.0,2.76,0.48,9.88,3.76,70.7,1.12,0.36,1.12,0.78,0.88,78.01,1.36,0.0,6.88,1.88,5.39,3.64,3.76,0.88,22.52,0.48,0.0,4.76,1.0,0
0.0,0.0,2.0,0.76,8.7,2.76,49.73,1.0,0.0,0.76,0.99,1.24,74.23,1.76,0.0,4.97,1.24,2.25,1.0,1.0,0.0,0.97,0.5,0.0,3.0,0.0,0
0.0,0.0,1.0,0.0,8.04,1.0,74.07,1.0,2.42,0.81,2.03,0.38,67.08,5.42,1.62,5.81,1.0,4.33,1.0,1.19,0.0,0.0,0.5,0.0,4.81,0.19,0
0.0,0.1,1.0,0.0,3.16,1.0,25.72,1.0,0.0,0.0,3.15,0.97,96.75,4.97,0.16,0.03,1.0,2.93,2.93,1.0,0.0,0.0,0.5,0.0,2.97,0.0,0
0.0,0.0,1.0,0.0,4.44,1.0,43.02,1.0,0.36,0.0,2.35,0.0,100.0,4.64,0.0,2.15,1.0,0.67,0.36,1.36,0.0,0.36,0.44,0.0,3.64,0.0,0
0.0,0.0,1.0,0.0,7.87,1.0,79.59,1.0,0.0,0.13,7.06,0.0,6.41,2.64,0.0,0.38,1.0,2.13,0.13,1.0,0.0,0.0,0.5,0.0,1.26,1.74,0
0.0,0.0,1.0,0.57,7.26,1.57,176.1,2.7,3.4,1.57,1.16,0.0,70.92,4.3,0.57,6.83,1.0,1.79,0.0,0.43,0.0,0.57,0.41,0.0,1.0,1.7,0
0.0,0.0,1.0,0.0,1.39,1.0,34.05,1.0,1.39,0.39,0.56,0.0,0.0,2.61,0.0,9.22,1.0,1.37,0.61,5.26,0.0,7.65,0.5,0.0,2.57,0.78,0
0.0,0.73,1.0,0.0,5.1,1.0,33.48,1.0,0.0,0.0,6.04,0.0,0.0,1.63,2.19,1.73,0.27,0.73,0.73,1.54,0.0,2.19,0.5,0.0,3.73,2.19,0
1.58,0.0,1.0,0.0,3.95,1.53,56.88,2.05,0.0,3.16,0.97,0.0,76.33,4.37,0.0,4.53,1.53,2.58,1.05,1.47,0.0,0.53,0.41,0.0,2.47,0.47,0
0.0,0.52,1.0,0.0,11.87,1.74,57.79,1.0,0.0,0.0,3.81,0.74,0.0,2.22,0.52,4.69,0.74,4.78,1.0,1.74,0.0,1.48,0.38,0.0,3.52,0.74,0
0.0,0.17,1.0,0.0,0.34,1.0,28.17,1.17,0.0,0.0,2.7,0.0,17.21,4.66,1.55,0.17,1.17,1.09,0.83,1.0,0.0,34.11,0.33,0.0,3.0,0.34,0
0.0,0.0,1.0,0.0,3.4,1.0,33.79,1.0,1.2,0.6,1.1,0.0,35.96,3.2,0.0,7.4,1.0,1.04,0.0,0.6,0.0,5.81,0.3,0.0,1.0,0.0,0
0.0,0.0,1.0,0.0,4.53,1.76,46.92,1.0,0.95,1.0,1.45,0.0,50.0,2.95,1.24,3.24,1.0,1.79,1.0,1.0,0.0,0.0,0.5,0.0,4.53,0.0,0
1.24,0.0,1.0,0.0,7.06,2.41,103.57,1.0,1.24,2.82,0.75,1.24,49.13,1.0,0.82,13.07,1.59,3.63,0.41,0.0,0.0,36.45,0.31,0.0,2.18,0.59,0
1.05,0.0,1.0,0.0,5.95,1.05,206.5,5.05,7.57,6.54,1.06,0.0,99.62,5.73,0.0,5.87,2.0,1.85,0.0,0.05,0.0,79.89,0.49,0.0,2.05,3.11,0
0.91,0.18,1.0,1.82,3.91,1.0,47.03,1.0,0.0,0.91,1.76,0.0,60.09,0.91,0.09,0.91,1.82,3.15,1.18,1.0,0.0,0.0,0.5,0.0,3.09,1.0,0
1.11,0.0,2.11,0.0,6.89,2.67,47.35,1.0,0.0,0.56,1.56,0.56,86.1,2.78,0.0,3.89,1.56,3.2,2.22,2.67,0.56,0.0,0.5,0.0,4.56,0.56,0
1.71,0.0,1.0,0.0,5.0,2.0,429.22,5.29,0.0,13.72,0.72,0.14,79.73,1.29,0.0,18.43,1.86,2.06,0.0,1.14,0.0,6.86,0.39,0.0,3.14,4.57,0
0.0,0.0,1.0,0.0,2.38,1.0,48.86,1.38,8.08,0.62,0.73,0.0,48.22,2.77,44.76,8.77,1.38,12.9,0.62,0.62,0.0,37.13,0.3,0.0,3.0,2.47,0
0.0,0.43,1.0,0.79,9.79,1.0,146.9,1.0,2.36,1.57,3.81,0.0,64.4,1.57,2.79,5.71,0.79,3.31,1.0,0.21,0.0,0.0,0.5,0.0,1.86,0.79,0
0.0,0.0,1.0,0.0,3.22,1.22,33.55,1.0,0.22,0.0,2.02,0.44,22.12,1.66,0.22,0.88,1.78,0.52,0.22,0.44,0.0,0.22,0.54,0.0,3.0,0.44,0
0.06,0.0,1.0,0.06,4.25,1.06,38.61,1.94,0.0,0.19,1.09,0.0,4.84,5.68,0.19,3.45,1.94,1.27,0.06,1.94,0.0,0.38,0.5,0.0,3.06,0.06,0
0.0,0.0,1.0,0.0,4.36,1.0,38.36,1.0,0.32,0.0,1.53,0.0,100.0,5.4,2.56,3.36,1.0,3.87,0.32,1.68,0.0,0.0,0.5,0.0,3.32,1.32,0
1.84,0.39,1.0,0.61,4.0,1.61,82.29,1.61,0.61,4.9,3.54,0.0,48.99,5.61,0.78,8.12,1.0,2.58,1.78,1.0,0.0,118.36,0.58,0.0,2.39,0.0,0
0.89,0.32,1.0,0.89,7.68,1.89,112.04,1.0,0.0,2.68,1.38,0.0,67.89,0.89,2.79,9.04,0.89,5.46,0.89,0.89,0.0,5.36,0.5,0.0,3.89,0.89,0
0.0,0.0,1.0,0.0,3.11,1.0,30.35,1.89,0.0,0.0,1.65,0.0,100.0,5.0,0.0,1.0,1.0,0.89,0.0,3.0,0.0,0.89,0.35,0.0,3.0,0.0,0
0.0,0.0,1.0,0.56,6.12,1.0,110.12,1.0,1.68,1.12,1.62,0.0,89.92,4.2,1.68,5.68,1.0,1.73,0.56,0.88,0.0,0.0,0.5,0.0,1.88,1.0,0
0.0,0.0,1.0,0.0,3.21,1.0,27.38,1.0,0.0,0.0,2.68,0.11,89.31,5.68,0.0,1.82,1.0,0.15,0.11,1.0,0.0,0.32,0.49,0.0,2.21,1.0,0
0.0,0.0,1.0,0.0,4.78,1.0,61.65,1.0,1.78,2.03,1.15,0.0,89.86,2.78,1.78,1.19,1.41,3.63,0.59,1.0,0.0,64.8,0.4,0.0,1.41,0.41,0
0.0,0.0,1.0,0.0,4.22,1.0,52.16,1.0,0.78,0.78,1.26,0.0,55.06,3.12,0.78,4.88,1.78,1.22,0.45,1.22,0.0,3.1,0.5,0.0,3.78,1.55,0
0.0,0.0,1.0,0.0,3.78,1.78,50.84,1.0,0.0,0.78,1.2,0.0,56.35,1.88,0.0,4.12,1.78,1.39,0.78,1.44,0.0,0.0,0.5,0.0,4.0,1.56,0
0.0,0.0,1.0,1.0,2.02,1.0,40.06,1.0,1.99,0.0,0.4,0.0,77.08,4.0,0.0,0.0,1.0,1.33,0.0,1.0,0.0,149.49,0.33,0.0,2.0,1.01,0
0.0,0.0,1.0,0.0,5.29,1.0,63.24,1.0,0.76,3.05,1.71,0.0,67.16,1.95,5.35,1.0,1.0,5.13,1.53,1.47,0.0,0.0,0.5,0.0,3.76,0.76,0
0.0,0.0,1.0,0.0,3.0,1.0,30.44,1.0,0.92,0.46,1.51,0.0,86.2,3.62,0.0,2.38,1.0,0.28,0.0,2.08,0.0,2.76,0.62,0.0,3.0,0.46,0
0.0,0.97,1.0,0.0,1.07,1.0,35.14,2.0,0.17,0.0,2.14,0.0,100.0,4.0,4.86,5.17,2.0,1.48,0.0,0.0,0.0,0.07,0.49,0.0,3.97,0.0,0
0.4,0.0,1.0,0.0,3.2,1.0,35.21,1.8,1.8,0.8,0.85,0.0,100.0,3.2,0.6,3.0,1.4,1.69,0.0,1.6,0.0,0.0,0.5,0.0,2.0,0.0,0
0.0,0.27,1.0,0.0,7.16,1.0,42.3,1.0,0.73,0.73,2.98,0.0,63.53,2.92,2.46,2.92,1.46,3.01,1.73,1.73,0.0,1.46,0.38,0.0,1.27,0.27,0
0.0,0.0,1.0,0.0,5.0,1.74,53.71,1.0,0.0,0.74,1.38,0.26,36.76,2.26,0.74,6.71,1.0,1.59,1.0,1.0,0.0,0.79,0.48,0.0,4.74,0.26,0
0.0,1.8,1.0,0.0,6.8,1.0,55.77,2.8,0.9,0.0,1.55,0.0,0.0,1.39,1.9,1.9,1.9,1.08,0.9,1.1,0.0,0.0,0.5,0.0,2.29,0.0,0
0.0,0.0,1.0,0.0,7.86,1.0,45.43,1.57,2.0,0.0,2.1,0.0,100.0,6.72,0.43,2.0,1.57,2.0,1.57,0.57,0.0,0.0,0.5,0.0,2.28,0.43,0
0.0,0.0,1.0,0.0,1.46,1.85,36.87,2.08,1.0,1.31,0.37,0.85,85.63,2.46,0.46,3.55,1.15,1.32,0.0,1.0,0.0,2.85,0.26,0.0,2.15,0.62,0
0.0,0.91,1.0,0.09,2.09,1.0,31.83,2.09,0.0,0.19,2.11,0.0,96.41,3.09,8.34,1.09,2.0,1.7,0.0,1.0,0.0,1.0,0.36,0.0,2.91,1.81,0
0.0,0.0,1.0,2.27,3.78,1.0,247.6,2.51,0.0,9.83,1.26,0.0,69.58,2.22,0.0,1.49,1.76,2.59,0.24,0.73,0.0,0.0,0.5,0.0,2.24,3.78,0
0.0,0.21,1.0,0.21,3.0,1.07,27.34,1.07,0.28,0.07,2.54,0.0,96.52,5.0,0.0,0.35,1.0,0.15,0.0,1.0,0.0,0.0,0.5,0.0,3.0,0.07,0
0.96,0.0,1.0,0.0,4.04,1.96,78.75,2.92,1.92,1.92,0.98,0.0,100.0,1.16,0.0,4.88,1.96,1.68,0.0,1.12,0.0,174.56,0.34,0.0,3.0,0.0,0
0.67,0.0,1.0,0.0,7.66,1.67,50.95,1.0,0.0,0.67,1.44,1.33,58.1,1.33,1.0,3.33,1.67,3.5,1.0,1.67,0.0,7.98,0.33,0.0,2.67,0.67,0
0.0,0.0,1.0,0.29,6.29,1.71,103.92,1.0,3.0,0.57,1.11,0.71,67.73,2.0,2.29,6.29,1.0,1.91,0.29,0.71,0.0,37.82,0.59,0.0,1.0,0.29,1
0.0,0.0,1.0,0.0,0.0,1.0,22.7,2.35,2.02,0.0,0.93,0.67,32.58,5.02,0.0,4.72,1.67,0.17,0.0,1.67,0.0,0.0,0.5,0.0,1.65,0.0,0
0.0,0.0,1.0,0.0,5.0,1.0,25.6,1.0,0.0,0.0,1.23,1.6,15.19,5.2,0.4,1.0,1.0,3.9,3.8,5.2,0.0,0.8,0.37,0.0,2.2,0.0,0
0.0,0.0,0.91,0.0,2.74,0.91,23.0,1.0,0.0,0.0,3.03,0.0,91.28,5.65,0.0,0.0,1.0,0.0,0.0,0.91,0.0,0.35,0.51,0.0,2.09,0.91,0
0.0,0.0,1.0,0.0,2.73,1.27,25.75,1.0,0.27,0.0,2.37,0.27,100.0,5.45,0.0,1.1,1.0,0.55,0.55,1.27,0.0,0.27,0.55,0.0,2.27,1.0,0
0.67,0.0,1.0,0.0,2.7,1.0,60.48,2.35,6.75,1.35,1.21,0.67,100.0,7.05,0.67,4.05,1.67,1.74,0.0,1.0,0.0,18.89,0.39,0.0,3.0,0.0,0
1.81,0.09,1.0,0.0,2.81,1.91,46.79,3.81,0.91,0.0,0.7,0.0,9.3,5.81,0.47,6.81,2.0,1.35,0.0,1.81,0.0,8.16,0.27,0.0,3.09,0.0,0
0.0,0.0,1.0,0.0,4.65,2.0,49.26,1.0,0.87,1.74,0.77,0.13,55.69,1.26,0.0,4.26,1.87,1.64,0.13,2.0,0.87,0.26,0.48,0.0,3.0,0.13,0
0.0,0.0,1.0,0.0,4.94,1.0,25.87,1.0,0.0,0.0,2.17,0.0,100.0,5.0,0.0,2.94,1.0,0.0,0.0,4.94,0.0,0.97,0.66,0.0,3.03,1.94,0
2.8,0.0,1.0,0.0,9.86,3.0,143.74,1.0,2.8,3.8,0.65,2.86,63.98,1.0,1.86,24.44,1.07,5.58,1.2,0.07,0.07,81.08,0.29,0.0,1.14,0.07,0
0.0,0.0,1.0,0.0,3.53,1.88,34.55,1.0,0.56,1.0,1.08,0.44,50.0,4.35,0.0,3.56,1.44,2.38,1.77,1.0,0.44,0.0,0.5,0.0,3.56,0.44,0
0.0,0.0,1.0,0.0,4.54,1.0,53.16,1.87,0.54,0.4,1.17,0.0,12.09,6.0,0.4,3.54,2.13,1.21,0.0,1.73,0.0,2.42,0.51,0.0,2.87,0.13,0
0.0,0.0,1.0,0.0,3.32,1.0,24.0,1.0,0.0,0.0,2.39,0.32,86.95,5.0,0.0,0.16,1.0,0.64,0.64,1.81,0.0,0.16,0.47,0.0,3.68,0.0,0
0.63,0.0,2.0,1.9,12.9,3.0,69.17,1.73,0.0,0.0,0.74,3.63,78.45,1.0,0.0,10.73,1.37,6.83,2.54,4.17,0.0,44.59,0.25,0.0,2.27,2.54,0
0.0,0.0,1.0,0.34,4.11,1.0,85.57,2.11,1.78,2.35,0.79,0.0,99.1,1.89,0.0,11.65,2.0,1.49,0.89,0.89,0.0,7.1,0.5,0.0,3.78,3.22,0
0.0,0.39,1.0,0.0,3.39,1.0,49.43,1.0,0.0,1.84,2.37,0.0,47.75,1.78,1.94,1.22,1.61,8.5,7.98,0.61,0.0,0.0,0.5,0.0,2.39,1.61,0
0.0,0.3,1.0,0.0,5.4,2.4,46.6,1.0,0.7,0.7,2.71,2.11,17.56,3.6,0.6,7.62,1.0,2.82,0.89,1.7,0.0,2.0,0.35,0.0,3.7,1.4,0
0.93,0.07,1.0,0.0,1.87,1.0,33.54,2.87,0.93,0.93,1.11,0.0,61.57,3.0,0.13,4.73,1.93,1.12,0.07,0.07,0.0,3.73,0.5,0.0,3.87,1.0,0
0.0,0.0,1.0,0.0,5.57,1.21,33.86,1.0,0.79,1.79,1.61,0.0,39.21,2.79,0.0,1.79,1.0,2.82,1.79,2.57,0.0,6.29,0.37,0.0,3.36,0.79,0
0.0,0.0,1.0,0.0,5.02,1.15,31.99,1.0,0.15,0.15,2.31,0.15,92.74,5.56,0.0,0.44,1.0,2.44,2.44,2.15,0.0,0.0,0.5,0.0,3.0,0.15,0
0.31,0.0,1.0,0.0,4.94,1.31,70.74,1.0,0.0,2.51,1.76,0.0,95.93,3.75,0.0,1.94,1.31,1.78,0.69,2.37,0.0,4.37,0.38,0.0,3.0,1.31,0
0.73,0.0,1.73,2.2,13.2,2.73,73.14,1.0,0.27,0.27,0.98,3.2,61.72,1.54,0.0,8.13,1.0,8.66,4.27,5.2,0.0,46.87,0.32,0.0,3.0,3.2,0
0.87,0.0,1.0,1.42,6.45,1.58,135.07,1.0,3.71,1.87,1.25,0.87,68.55,5.98,0.58,9.65,1.0,4.32,0.29,0.71,0.0,58.56,0.32,0.0,1.0,0.0,0
0.0,0.0,1.0,0.0,3.68,1.16,30.49,1.0,0.16,0.0,1.84,0.16,100.0,4.84,0.84,2.32,1.0,0.74,0.32,2.0,0.0,0.16,0.53,0.0,3.0,0.16,0
0.0,0.0,1.0,0.0,3.26,1.0,25.8,1.0,0.0,0.0,2.48,0.0,74.25,4.23,0.26,1.74,1.0,0.26,0.26,2.97,0.0,0.77,0.46,0.0,3.48,0.0,0
0.68,0.0,1.0,0.68,5.4,1.68,90.17,1.0,0.0,2.03,1.55,0.0,51.34,2.95,2.03,7.08,1.0,3.56,0.68,2.3,0.0,17.36,0.5,0.0,3.68,0.68,0
1.64,0.0,1.0,0.0,2.64,1.64,41.88,3.64,1.72,0.72,0.56,0.0,36.0,5.64,0.0,5.56,2.0,1.16,0.0,1.64,0.0,5.76,0.34,0.0,2.64,0.0,0
0.0,0.62,1.0,0.38,2.77,1.0,41.67,3.15,0.77,1.15,1.65,0.38,85.41,4.54,5.54,2.54,2.0,1.45,0.0,1.0,0.0,0.62,0.4,0.0,2.23,1.23,0
0.0,0.0,0.25,0.0,1.01,0.25,23.5,1.0,0.0,0.0,3.96,0.0,25.2,3.01,0.0,0.25,1.0,0.76,0.76,1.01,0.0,2.24,0.5,0.0,3.0,0.25,0
1.1,0.0,1.0,0.0,3.0,2.0,58.41,1.73,0.0,3.46,0.64,0.0,47.39,1.37,0.0,7.54,2.0,2.26,1.37,1.63,0.0,2.27,0.28,0.0,2.63,0.0,0
1.14,0.0,1.0,0.0,2.57,1.0,38.83,3.43,0.86,0.0,0.52,1.57,56.9,5.16,0.0,8.84,2.0,1.45,0.0,0.57,0.0,0.57,0.41,0.0,2.14,0.57,0
0.8,0.0,1.0,0.2,1.8,2.0,37.73,1.0,0.8,1.8,0.38,0.8,81.41,1.8,0.0,2.0,1.2,2.14,0.4,1.0,0.0,5.79,0.3,0.0,2.0,0.2,0
0.0,0.0,1.0,0.0,8.81,2.0,79.7,1.0,0.0,0.95,0.94,0.05,71.4,3.95,0.0,6.81,1.0,3.67,0.95,2.0,0.0,176.12,0.34,0.0,3.05,1.05,0
0.0,0.0,1.0,0.0,3.97,1.0,25.34,1.0,0.11,0.03,2.06,0.0,98.58,5.03,0.06,1.08,1.0,1.03,1.0,2.94,0.0,4.86,0.26,0.0,3.0,0.97,0
0.0,0.0,1.0,0.0,9.5,1.75,65.76,1.0,0.75,0.75,1.86,0.75,62.49,3.5,0.0,2.75,1.0,3.75,3.75,3.25,0.0,0.0,0.5,0.0,3.0,0.75,0
0.88,0.0,1.0,0.0,2.12,1.0,37.13,1.12,1.75,0.88,0.74,0.0,64.98,2.37,0.0,7.13,1.0,1.53,0.88,1.25,0.0,2.75,0.63,0.0,4.75,0.0,0
0.0,0.0,1.0,0.0,1.07,1.98,22.18,1.98,0.02,1.96,0.65,1.96,98.18,5.02,0.0,2.98,1.98,1.96,1.96,4.95,0.0,1.96,0.34,0.0,2.96,0.0,0
0.0,0.0,1.0,0.0,3.8,1.0,28.6,1.0,0.0,0.0,1.31,0.0,0.0,2.4,0.0,6.8,1.0,0.5,0.0,0.2,0.0,10.39,0.3,0.0,1.4,0.0,0
0.0,0.0,1.0,0.0,3.0,1.0,28.6,1.0,0.0,0.2,1.86,0.0,91.61,4.4,0.0,1.2,1.0,0.33,0.0,2.4,0.0,13.59,0.5,0.0,2.6,0.0,0
0.0,1.99,1.0,0.0,10.97,1.0,43.92,1.0,0.0,0.0,6.27,0.0,0.43,0.03,1.0,0.0,0.0,1.01,1.01,1.0,0.0,0.0,0.5,0.0,3.0,1.0,0
0.0,0.0,1.0,1.65,4.65,1.0,112.18,1.0,3.47,0.82,1.49,0.0,75.26,7.47,0.0,2.82,1.0,3.16,0.0,1.0,0.0,38.77,0.36,0.0,1.88,0.0,0
1.0,0.0,1.0,0.0,4.0,2.0,60.0,1.0,0.0,3.0,0.87,0.0,33.0,1.0,0.0,0.0,1.0,5.88,1.0,1.0,0.0,0.0,0.33,0.0,2.0,2.0,0
0.0,1.81,1.0,0.0,5.19,1.0,37.98,1.0,0.6,0.0,2.97,0.0,0.0,3.58,0.4,3.19,0.6,-0.79,-0.79,1.6,0.0,0.0,0.5,0.0,1.21,-0.6,0
0.0,0.0,1.0,0.0,8.04,2.0,31.72,1.0,1.93,0.0,0.49,1.0,-0.96,3.96,0.0,9.86,0.04,2.79,0.04,2.0,0.0,7.78,0.57,0.0,3.0,1.96,0
0.0,0.0,0.03,0.0,-4.8,-0.95,14.07,-0.95,0.0,1.0,3.11,-2.92,-39.44,3.95,0.0,-7.74,0.03,1.34,0.97,0.0,0.0,57.28,0.74,0.0,1.97,0.0,0
0.0,0.0,1.0,1.0,0.26,1.0,23.48,1.0,2.0,1.0,0.12,1.48,8.9,1.52,0.0,9.48,1.0,1.78,0.74,-1.22,0.0,2.26,0.21,0.0,1.74,-0.74,0
1.29,-0.64,1.0,0.0,4.29,1.0,27.79,1.64,0.0,0.0,1.1,1.29,100.0,4.36,-3.21,4.86,1.0,0.48,0.0,3.64,0.0,0.64,0.39,0.0,3.36,0.64,0
0.65,0.0,1.65,0.0,4.3,1.65,102.72,6.0,1.3,2.65,-1.87,0.0,114.87,8.0,0.0,13.18,2.0,2.18,0.65,1.65,0.0,6.0,0.44,0.0,2.3,0.0,0
0.82,1.64,1.0,0.0,5.46,1.82,279.02,9.21,1.64,8.21,1.72,0.82,135.31,9.93,-4.11,11.68,1.82,-3.13,-1.64,3.0,0.0,9.85,0.27,0.0,3.18,3.28,0
0.0,3.86,1.0,0.0,13.78,1.0,40.29,0.07,0.0,0.0,9.93,0.0,0.0,-5.57,1.93,-0.93,-1.86,2.86,3.78,0.07,0.0,0.0,0.5,0.0,3.93,1.93,0
0.0,-1.95,1.0,0.0,1.75,1.0,19.73,1.0,0.65,0.0,-1.55,0.0,0.0,0.35,-3.25,0.65,2.0,2.5,-0.65,0.65,0.0,1.3,0.39,0.0,5.3,1.95,0
0.0,0.0,1.0,0.0,-1.55,1.0,3.91,1.0,-0.77,0.0,2.82,0.0,0.0,8.32,-0.77,-2.09,1.0,-3.09,-0.77,3.77,0.0,0.0,0.5,0.0,2.23,-1.55,0
0.0,1.42,1.0,0.0,1.4,2.0,269.52,2.0,0.58,13.58,-0.84,0.0,128.75,5.3,-0.58,8.73,1.0,4.3,0.42,1.0,0.0,49.0,0.2,0.0,4.58,1.42,0
0.8,0.0,1.0,0.0,7.77,1.8,84.42,1.0,0.0,1.8,0.45,1.59,-32.1,-1.18,0.0,3.39,1.8,3.59,-0.8,-3.18,0.0,9.54,0.37,0.0,1.2,0.2,0
0.0,0.0,1.0,0.0,-4.09,0.36,20.84,1.0,-0.64,0.36,1.38,-0.64,-14.23,3.93,0.0,1.0,1.0,-0.58,-2.58,0.0,0.0,0.0,0.5,0.0,2.0,0.36,0
0.0,0.0,1.0,0.0,10.82,2.0,47.16,1.44,-2.26,0.0,1.56,1.0,0.0,7.69,-0.56,4.87,1.44,2.48,1.69,9.13,0.0,-1.13,0.64,0.0,0.87,1.0,0
3.52,5.28,0.0,7.04,-1.76,0.88,119.27,8.92,0.0,5.28,4.42,0.0,0.0,2.0,6.16,10.56,1.0,-1.04,-1.76,-0.88,0.0,89.72,0.29,0.0,2.88,2.76,0
0.0,0.0,1.0,0.0,4.75,1.0,48.5,1.0,1.0,0.62,0.58,0.0,81.26,3.13,-0.62,5.25,1.0,1.33,0.38,2.62,0.0,4.75,0.49,0.0,0.38,0.0,0
0.0,0.0,1.71,0.0,5.12,2.41,46.06,1.0,0.0,1.41,-0.54,0.0,30.36,3.29,0.0,8.35,1.71,1.38,0.71,2.41,0.0,0.0,0.32,0.0,3.0,0.0,0
0.0,0.0,2.0,0.0,12.43,2.0,52.0,1.0,0.0,0.0,1.37,2.0,47.71,1.52,0.0,8.0,2.52,2.0,1.0,0.48,0.0,3.48,0.59,0.0,3.0,0.0,0
0.0,0.0,1.0,0.0,2.24,1.76,40.85,2.0,0.0,0.76,1.43,-1.52,132.57,2.73,0.0,1.0,1.0,1.0,-2.27,-0.79,0.0,0.24,0.46,0.0,2.24,0.0,0
0.0,0.0,1.0,0.0,4.17,1.17,76.25,2.0,5.0,-0.83,2.55,0.0,146.27,9.13,0.0,1.87,1.17,0.62,-0.83,0.0,0.0,2.0,0.4,0.0,2.35,1.17,0
0.0,0.0,1.0,0.0,5.47,1.0,47.35,1.0,0.38,0.0,1.6,0.0,0.0,2.38,0.0,2.62,1.0,1.54,0.62,2.0,0.0,2.62,0.23,0.0,2.15,2.38,0
0.0,0.0,1.0,-0.99,3.0,1.0,55.53,1.99,1.97,0.99,-1.36,0.0,198.52,5.0,0.0,13.81,1.99,1.27,0.99,2.01,0.0,8.88,0.33,0.0,3.99,2.96,0
1.87,0.0,1.0,0.0,3.0,1.94,11.08,2.87,0.94,-1.87,2.28,-2.81,-61.81,6.81,0.0,-11.11,1.0,0.46,-0.94,1.94,0.0,4.68,0.27,0.0,3.0,0.0,0
-0.82,0.0,0.18,0.0,6.0,0.18,-121.67,1.0,3.0,0.0,2.33,0.0,62.26,8.1,1.36,-2.92,0.18,0.93,1.82,1.82,0.0,109.0,0.47,0.0,0.18,-2.46,0
0.0,0.0,1.0,1.0,11.85,2.0,325.45,4.0,6.0,2.0,4.97,0.0,28.77,0.15,1.0,8.29,1.0,1.94,-2.14,-2.14,0.0,1.0,0.33,0.0,-0.42,3.71,0
1.0,0.0,1.0,0.0,3.61,1.0,182.03,5.0,4.81,5.2,2.49,0.0,60.15,6.0,-1.59,1.81,2.0,1.66,0.8,0.8,0.0,84.0,0.5,0.0,2.0,3.0,0
0.0,5.46,1.0,0.0,3.18,1.0,3.82,1.0,0.0,-1.64,7.95,0.0,-41.02,-4.92,1.0,1.18,-0.82,3.19,0.18,-0.64,0.0,0.0,0.5,0.0,1.36,-0.82,0
0.0,0.0,1.0,0.73,4.0,1.0,26.19,1.0,0.0,0.0,2.62,0.0,27.11,3.08,0.0,1.46,1.0,5.64,5.64,2.73,0.0,0.0,0.5,0.0,2.27,0.0,0
6.33,4.0,2.0,6.0,6.33,3.33,381.67,7.0,0.0,8.33,-0.7,0.0,79.33,-0.67,6.67,17.67,2.67,7.84,0.0,-2.0,0.0,79.33,0.18,0.0,4.0,5.0,1
0.0,0.0,1.0,0.0,4.44,1.48,31.7,2.04,8.2,-3.12,0.7,1.52,68.76,6.16,2.52,7.04,1.0,1.27,0.0,1.0,0.0,65.99,0.45,0.0,1.0,-1.04,0
-0.95,0.0,1.0,-0.95,1.25,0.05,-218.52,1.0,-0.9,-5.59,2.24,1.9,-51.47,4.9,0.0,2.0,0.05,1.85,2.95,3.95,0.0,4.2,0.49,0.0,6.85,-0.9,0
0.0,-2.19,1.0,-1.46,2.54,0.27,-11.47,0.27,-1.46,0.0,2.47,0.0,124.07,4.54,0.0,2.19,1.0,2.88,4.0,2.0,0.0,2.19,0.38,0.0,2.54,-0.73,0
0.0,0.0,1.0,0.0,2.0,2.0,56.52,2.0,1.0,2.0,0.24,0.5,17.93,1.5,-0.5,11.01,2.5,1.0,0.5,-0.01,0.0,2.5,0.33,0.0,3.5,0.0,0
1.43,0.0,1.0,2.29,7.87,1.57,88.34,4.43,-1.01,2.0,1.11,0.43,83.0,3.13,-0.57,10.0,1.43,1.54,0.57,2.57,0.0,91.2,0.5,0.0,1.0,0.57,0
0.0,0.0,1.0,0.0,5.86,1.0,70.56,1.86,3.44,0.0,1.27,0.0,0.0,3.86,0.86,8.16,1.86,3.37,1.0,-1.58,0.0,0.0,0.5,0.0,2.0,1.86,0
1.0,0.0,1.0,0.42,6.7,2.0,218.75,1.0,2.58,7.42,0.62,0.0,70.58,3.3,-0.58,3.27,2.0,2.12,0.0,1.58,0.0,4.0,0.33,0.0,2.15,2.42,0
0.0,0.61,1.0,0.0,0.61,1.0,7.64,1.0,0.0,-1.22,5.72,0.0,-30.61,4.16,9.18,2.39,1.0,-0.43,1.61,1.78,0.0,1.84,0.4,0.0,1.78,2.45,0
0.0,0.0,1.0,0.0,19.69,1.0,61.25,1.0,-1.96,0.0,4.21,0.0,100.0,0.1,0.0,2.98,1.98,-1.31,0.0,3.02,0.0,101.84,0.4,0.0,0.06,-0.98,0
4.0,0.0,1.0,1.0,3.86,2.57,103.85,1.0,0.57,5.0,0.46,-0.57,131.97,1.57,0.0,1.43,2.0,5.67,2.57,1.0,0.0,17.57,0.59,0.0,1.43,1.0,0
0.0,-0.96,1.0,0.0,0.13,1.0,7.3,-0.92,0.04,0.0,5.11,0.0,100.0,3.92,10.87,0.08,0.04,27.06,18.25,0.04,0.0,0.0,0.5,0.0,4.96,2.96,0
0.0,0.0,1.0,0.0,9.85,1.0,88.07,1.0,2.67,1.0,1.66,0.0,154.52,2.84,5.18,6.84,2.0,-0.46,-3.34,-0.67,0.0,-31.91,0.5,0.0,4.0,2.0,0
0.0,0.0,1.0,1.0,6.98,1.0,79.12,5.0,2.0,3.74,0.77,1.0,-12.42,5.51,0.0,5.0,2.74,2.12,0.74,1.0,0.0,0.0,0.5,0.0,0.26,0.0,0
0.0,0.0,1.0,0.0,4.22,1.0,31.88,1.61,1.22,-0.22,1.65,0.0,20.8,4.67,0.0,1.39,2.61,-0.23,-0.22,1.39,0.0,-1.22,0.6,0.0,0.55,0.0,0
0.0,-1.32,1.0,0.0,0.36,1.0,-130.99,0.34,1.98,-5.94,1.86,0.66,64.38,4.34,0.0,-2.3,1.0,-0.64,0.66,3.0,0.0,93.65,0.59,0.0,1.02,-1.32,0
0.0,1.35,1.0,0.0,4.05,2.0,271.8,2.0,0.0,13.0,-3.28,0.0,100.0,4.3,-1.95,10.9,1.65,4.26,0.35,0.35,0.0,55.5,0.04,0.0,2.05,0.05,0
0.0,0.0,1.0,0.0,-0.74,1.0,16.03,1.0,1.49,0.75,1.67,0.0,25.28,5.25,0.0,5.98,1.0,7.33,7.25,1.25,0.0,2.99,0.38,0.0,7.24,-0.75,0
0.0,0.0,1.0,0.0,3.69,1.0,77.44,1.0,-0.69,3.69,0.62,0.0,58.06,0.31,-5.5,0.63,2.69,-3.75,1.0,1.0,0.0,0.0,0.5,0.0,1.31,0.63,0
0.0,0.0,1.0,1.0,4.33,1.0,59.66,2.34,0.0,2.0,1.58,0.0,-4.3,5.33,2.0,2.0,2.0,4.29,1.33,0.34,0.0,0.34,0.78,0.0,2.0,0.0,0
3.0,0.0,1.0,1.0,3.17,1.17,107.32,2.0,1.0,8.83,1.24,-4.99,107.43,8.49,0.0,12.83,1.0,2.87,1.0,0.17,0.0,191.17,0.84,0.0,1.17,0.0,0
1.0,0.0,1.0,0.0,4.38,0.19,180.29,5.0,8.0,6.0,1.47,0.0,59.55,5.19,-0.81,4.19,2.81,1.76,0.0,0.81,0.0,84.0,0.5,0.0,0.38,3.0,0
2.82,0.0,2.82,0.0,2.0,3.72,47.34,2.09,1.18,2.91,-0.55,0.91,77.31,-1.35,0.0,7.54,2.0,4.26,1.82,3.72,0.91,0.0,0.5,0.0,5.63,0.91,0
0.0,0.0,1.0,3.0,7.64,1.0,399.8,3.0,2.11,14.58,1.64,-5.81,139.53,3.11,1.58,-0.06,3.06,4.1,0.0,-0.53,0.0,8.45,0.64,0.0,1.47,5.0,0
0.0,0.0,1.0,0.0,7.21,1.79,113.81,1.0,0.0,0.79,7.79,-1.59,19.86,-1.18,0.0,3.18,1.79,0.23,-2.38,-2.97,0.0,-0.79,0.63,0.0,2.59,3.59,0
0.0,1.0,1.0,9.94,12.01,1.0,359.17,1.0,1.99,1.99,5.8,-0.99,72.58,1.01,2.99,0.01,1.99,-0.21,1.0,0.01,0.0,-1.99,0.67,0.0,0.01,3.98,0
1.0,0.0,1.0,0.0,2.0,1.0,-7.35,2.06,3.0,0.13,2.9,-1.87,131.8,6.87,0.0,-16.64,1.06,2.38,1.87,1.0,0.0,-3.74,0.5,0.0,2.0,0.0,0
0.0,13.23,1.0,0.0,3.58,1.0,176.48,1.0,0.0,1.0,2.73,0.0,-57.5,-2.45,0.58,7.6,1.42,1.5,-0.73,-0.3,0.0,0.0,0.4,0.0,4.15,1.15,0
0.0,0.0,1.0,0.0,8.16,1.0,82.15,1.0,0.0,1.0,1.76,0.0,77.47,5.16,0.0,3.5,3.0,0.7,0.17,1.0,0.0,0.0,0.5,0.0,1.5,1.0,0
0.0,0.6,1.0,0.0,3.6,1.0,24.6,1.0,0.0,0.0,4.33,0.0,0.0,2.4,0.6,1.0,0.4,-2.1,-1.8,2.4,0.0,0.6,0.4,0.0,3.0,0.6,0
-1.27,0.0,1.0,1.0,5.73,1.0,143.17,-1.54,2.37,1.37,1.87,-0.63,73.76,-0.54,3.0,3.2,0.37,1.77,1.0,-0.63,0.0,3.8,0.66,0.0,2.27,1.63,0
2.63,0.0,1.88,0.0,12.0,1.88,154.93,1.0,0.88,1.88,1.05,0.0,28.11,1.25,-0.88,2.88,1.0,6.34,1.88,0.12,0.0,0.88,0.35,0.0,5.88,2.75,0
0.0,0.0,1.0,0.0,5.84,1.0,32.22,0.16,-0.68,-0.84,3.12,-1.68,114.27,3.0,1.16,-0.03,0.16,3.02,1.0,4.52,0.0,-10.91,0.71,0.0,4.0,1.16,0
0.0,0.0,1.0,0.0,3.21,1.0,49.57,1.0,9.4,1.0,0.36,1.21,-32.89,2.0,72.0,7.4,1.0,22.68,3.41,4.02,0.0,59.6,0.23,0.0,0.59,4.0,0
0.87,-1.6,1.87,2.6,15.79,2.73,58.44,1.0,0.0,0.0,0.17,3.46,57.15,3.87,0.13,8.79,1.87,3.6,4.46,6.2,0.0,55.42,0.28,0.0,3.0,4.46,0
0.0,4.0,1.0,0.0,7.0,1.0,53.95,1.0,0.0,0.0,5.69,0.0,0.0,-0.95,2.0,2.0,0.0,1.75,1.0,1.0,0.0,6.0,0.25,0.0,4.9,-0.9,0
-1.81,0.0,1.0,0.0,-2.03,-0.21,-35.55,3.6,0.19,-1.41,1.19,-0.81,10.82,8.41,-1.21,-6.66,2.6,-0.24,1.81,2.21,0.0,-25.31,0.54,0.0,4.21,1.0,0
0.58,-0.58,1.0,0.0,7.26,1.58,98.36,1.0,3.0,2.74,-1.61,0.0,102.16,6.58,0.26,4.84,1.58,7.83,1.0,1.0,0.0,-1.74,0.4,0.0,3.84,-0.58,0
0.0,0.0,1.8,0.8,4.0,2.6,9.65,1.0,-0.8,0.8,1.14,0.8,-27.15,1.4,0.0,1.4,1.0,1.38,1.0,0.2,0.0,-0.8,0.63,0.0,2.0,1.0,0
0.0,0.77,1.0,0.0,14.45,3.0,26.02,1.0,1.0,1.0,4.6,2.23,25.0,3.77,1.54,5.39,1.0,3.36,0.77,2.0,0.0,-11.06,0.33,0.0,2.46,2.77,0
0.0,0.0,1.0,0.0,2.89,1.0,36.71,2.11,0.56,1.67,2.4,-1.11,145.15,6.0,0.0,2.23,1.56,2.65,1.77,-0.79,0.0,0.0,0.5,0.0,4.0,0.0,0
0.0,0.0,2.0,0.0,9.69,3.0,56.19,3.0,-0.65,-0.65,0.01,10.2,43.08,-0.31,-1.96,15.27,1.35,-0.68,-1.31,0.35,0.0,11.0,0.25,0.0,2.31,0.65,0
0.72,0.0,1.0,0.72,6.61,1.72,115.72,3.0,1.0,5.16,-0.64,0.0,82.68,1.39,2.16,12.22,2.0,5.38,0.72,1.0,0.0,5.33,0.33,0.0,3.44,-0.72,0
0.0,5.89,1.0,0.56,4.89,0.44,-52.66,2.67,1.11,-5.57,5.52,0.56,-21.15,2.23,1.0,-1.11,0.56,-1.79,-0.56,1.0,0.0,-5.27,0.57,0.0,0.33,-0.11,0
3.0,0.0,1.0,0.0,10.0,3.0,150.0,1.0,3.0,4.0,0.63,3.0,65.0,1.0,2.0,26.0,1.0,5.64,1.0,0.0,0.0,87.0,0.27,0.0,1.0,0.0,0
0.0,0.0,1.0,0.0,3.44,1.0,57.73,1.0,1.0,0.48,2.18,0.0,60.0,4.6,1.0,4.48,0.48,3.57,2.48,1.52,0.0,8.0,0.25,0.0,3.0,2.0,0
-2.11,0.0,1.0,0.0,-2.81,-0.4,-58.17,1.0,-1.4,-1.4,4.27,-2.11,-22.47,7.4,-1.4,-16.85,1.0,-2.2,0.7,3.11,0.0,-55.48,0.54,0.0,5.11,0.7,0
0.0,0.0,1.7,0.0,6.52,1.7,73.34,1.0,0.0,5.0,-0.85,0.0,75.0,3.82,1.41,0.7,2.0,7.61,2.11,2.41,0.0,-2.82,0.38,0.0,2.0,1.0,0
0.0,1.03,1.0,0.0,5.51,1.0,29.95,0.49,-0.03,0.0,4.24,0.0,-51.35,1.89,0.51,0.97,-0.03,-0.51,-0.51,2.0,0.0,0.0,0.5,0.0,2.03,0.51,0
1.74,0.0,1.0,2.0,8.95,2.74,191.61,1.0,-0.74,11.89,0.35,1.0,70.43,-1.95,0.0,4.47,2.74,5.57,0.0,1.0,0.0,2.21,0.62,0.0,-0.21,1.47,0
0.0,-2.96,1.0,0.0,1.03,1.99,43.03,2.0,2.99,1.0,-3.05,2.99,181.68,8.95,0.01,8.97,2.99,2.15,0.99,0.99,0.0,13.99,0.41,0.0,3.0,1.99,0
0.0,0.0,1.0,0.0,1.29,1.0,30.29,1.0,-0.85,0.0,0.8,9.39,0.0,-2.42,0.0,5.98,2.0,0.57,0.0,-0.85,0.0,1.71,0.36,0.0,4.71,0.85,0
0.0,0.0,1.0,0.0,1.65,1.0,-36.02,1.0,0.67,-3.37,2.6,0.0,-59.94,3.02,0.0,1.35,0.65,-0.59,0.0,0.67,0.0,-0.67,0.39,0.0,2.33,-2.02,0
0.0,0.0,1.0,0.82,7.47,0.18,143.41,1.0,1.64,1.64,1.99,-1.64,85.2,5.36,1.64,6.47,1.0,0.98,0.0,0.36,0.0,-0.82,0.36,0.0,1.36,0.18,0
0.0,0.0,0.16,0.0,-8.54,-2.18,-1.21,1.0,-1.67,-3.18,2.4,-4.18,2.19,3.51,0.0,-0.85,2.0,-1.78,-1.51,1.0,0.0,-232.48,0.64,0.0,3.16,2.0,0
1.0,0.0,0.14,0.0,1.42,1.14,47.95,1.0,-3.44,2.14,3.77,0.0,-10.05,-2.44,-1.72,-3.44,1.0,3.98,0.14,0.14,0.0,2.58,0.33,0.0,2.0,2.0,0
0.0,0.0,1.0,0.0,5.62,1.0,58.79,1.62,-1.24,0.0,2.32,0.0,31.02,-1.48,-1.24,5.58,2.62,1.93,0.0,0.0,0.0,4.96,0.5,0.0,4.62,1.86,0
0.0,0.0,1.0,0.0,4.16,1.0,36.78,2.0,0.0,0.0,1.7,0.0,42.23,6.16,0.0,1.0,1.0,2.16,1.16,2.42,0.0,1.0,0.33,0.0,2.42,0.0,0
0.0,0.0,1.0,0.0,1.18,1.0,47.5,4.64,1.64,0.82,-0.65,0.82,-82.15,2.0,-0.82,7.11,2.82,0.91,0.0,0.36,0.0,3.0,0.33,0.0,1.82,0.0,0
0.0,0.0,1.0,-0.52,3.52,1.0,7.9,-1.08,-1.04,-1.56,2.67,-0.52,119.73,2.4,1.56,-0.6,0.48,2.62,2.56,6.0,0.0,0.0,0.41,0.0,4.52,2.04,0
0.0,0.0,1.0,0.0,2.34,1.0,59.2,1.0,0.0,0.0,1.62,0.0,100.0,2.34,-0.66,1.66,1.66,0.33,0.0,1.01,0.0,-0.66,0.61,0.0,2.34,-0.66,0
0.74,0.0,1.0,0.0,11.23,4.23,97.64,1.0,0.0,2.49,0.33,0.74,119.68,3.26,0.0,3.28,1.0,5.47,1.74,1.26,0.0,194.68,0.46,0.0,2.26,1.74,0
2.0,0.0,1.0,0.0,1.43,1.0,43.22,3.0,0.78,0.0,-0.07,2.0,21.64,4.57,-2.35,13.35,2.0,-1.01,-2.35,1.0,0.0,1.0,0.46,0.0,3.78,-0.57,0
0.0,1.0,1.0,0.0,1.84,1.72,40.1,0.28,0.72,0.72,7.43,0.72,59.63,2.13,2.0,1.28,0.28,3.24,3.0,0.28,0.0,4.16,0.22,0.0,2.28,0.0,0
0.0,0.0,0.0,0.0,-6.68,0.0,-22.29,1.0,-2.23,-0.74,5.53,0.0,-61.63,2.0,-1.49,-4.46,1.0,-3.71,-0.74,0.0,0.0,3.0,0.5,0.0,1.51,0.0,0
0.0,0.0,1.0,0.0,2.37,0.17,45.22,1.83,2.17,0.17,2.01,-0.83,124.44,7.66,2.0,4.34,1.0,1.68,-3.14,1.0,0.0,0.83,0.36,0.0,5.0,-0.83,0
-0.81,1.0,1.0,0.0,1.57,1.0,-87.23,-2.24,-6.48,-4.86,9.46,0.0,0.0,5.0,2.0,-2.05,0.19,1.53,3.0,1.81,0.0,-66.02,0.4,0.0,3.0,-1.62,0
0.0,0.0,2.0,1.0,11.98,3.0,46.15,1.0,0.0,1.0,-0.31,1.0,66.0,2.0,-9.96,4.0,1.0,1.62,0.29,1.71,0.0,-2.13,0.62,0.0,2.29,-2.85,0
1.0,0.0,1.0,0.0,9.02,3.24,171.29,1.0,3.02,3.51,1.15,1.0,81.15,5.02,2.27,7.53,2.51,2.91,1.24,0.24,0.0,28.6,0.58,0.0,2.76,2.76,0
0.0,-0.56,1.0,0.0,8.4,1.0,12.68,1.0,0.0,0.52,2.28,0.0,0.0,-1.56,0.4,1.52,0.52,0.31,0.0,1.52,0.0,1.0,0.33,0.0,3.52,1.0,0
0.0,0.0,1.71,0.0,8.66,3.42,71.94,2.42,-0.71,2.0,0.31,2.12,113.78,-0.42,0.0,16.08,2.71,1.49,1.0,1.29,0.0,9.37,0.19,0.0,0.88,-2.12,0
-1.9,0.0,1.0,0.0,3.24,3.0,12.32,-2.81,-2.85,-0.9,2.32,0.05,-28.98,1.0,0.0,-3.66,1.05,4.33,4.95,1.95,1.0,0.0,0.5,0.0,4.9,1.0,0
1.0,2.0,1.63,0.0,15.26,2.63,404.66,11.63,4.25,14.0,-0.65,1.0,162.62,10.76,2.0,15.25,2.63,4.15,1.25,1.63,0.0,10.12,0.22,0.0,1.75,5.0,0
0.0,0.0,1.0,-1.0,4.0,2.0,112.92,6.0,1.0,4.99,0.35,1.0,39.15,7.0,0.0,2.02,2.0,4.09,1.99,1.0,0.0,193.24,0.33,0.0,1.0,0.0,0
0.0,0.0,1.0,0.0,6.55,1.0,68.0,-2.82,2.0,1.0,1.88,0.0,143.73,5.64,86.0,4.73,0.36,21.86,1.0,2.0,0.0,6.0,0.2,0.0,0.36,-1.27,0
0.0,0.0,0.09,0.0,3.0,0.09,33.26,1.0,0.0,1.0,3.68,0.0,33.0,-2.65,0.0,-0.74,2.0,0.42,-0.91,-2.74,0.0,47.74,0.5,0.0,1.0,0.0,0
0.51,0.0,1.0,0.0,3.97,1.0,33.57,1.0,2.03,0.0,1.46,0.0,105.14,3.51,2.0,8.6,-0.03,3.97,1.0,2.0,0.0,1.54,0.59,0.0,4.51,1.49,0
0.0,0.0,1.0,1.59,4.79,0.21,102.02,1.0,3.17,0.0,1.63,0.0,6.35,6.76,0.0,9.59,1.0,0.32,-0.79,0.0,0.0,50.3,0.12,0.0,1.0,0.0,0
-0.92,0.0,1.0,-0.92,-4.33,-1.75,3.84,1.92,0.08,-0.92,1.83,-1.83,-68.73,6.67,-1.83,0.17,1.92,0.54,1.83,2.92,0.0,-111.63,0.27,0.0,4.0,2.08,0
0.0,0.0,1.0,0.0,1.96,1.0,43.52,1.0,0.0,-1.04,2.61,0.0,-3.05,4.4,0.0,-0.36,2.32,1.77,1.68,1.68,0.0,0.0,0.5,0.0,4.68,-0.36,0
-2.41,0.0,0.2,0.0,5.18,0.2,-13.9,2.0,3.61,-0.8,1.9,0.0,120.1,8.8,2.41,1.2,2.0,1.28,2.0,1.0,0.0,86.82,0.5,0.0,-1.41,-1.61,0
0.0,0.0,1.0,-0.75,3.0,1.0,13.66,-2.01,2.49,-1.26,2.24,-0.75,3.33,2.99,2.0,3.25,0.25,2.67,1.0,1.75,0.0,0.0,0.5,0.0,5.26,0.0,0
0.0,0.0,0.26,0.0,-5.17,0.26,18.83,-0.48,0.0,0.74,2.47,-2.22,-41.37,6.0,0.0,-4.17,1.0,0.33,0.74,3.0,0.0,-8.13,0.68,0.0,5.22,1.48,0
0.0,0.0,1.0,0.98,3.91,1.0,157.72,1.0,2.93,1.95,1.08,0.0,82.42,-0.91,2.93,6.84,1.0,-5.56,-6.84,-0.95,0.0,0.0,0.5,0.0,-0.91,0.98,0
0.0,0.56,1.0,1.0,9.24,0.44,139.66,1.0,3.0,1.44,5.24,0.0,39.97,-0.24,3.56,3.08,0.44,0.72,1.0,-0.56,0.0,-103.69,0.59,0.0,0.44,1.0,0
-3.94,0.0,1.0,0.02,-0.92,0.02,-14.8,5.98,2.0,-1.92,1.26,1.0,-11.85,10.94,0.0,7.95,2.0,0.01,1.97,1.98,0.0,27.57,0.34,0.0,1.98,-0.98,0
0.0,-2.52,1.0,0.0,10.37,1.0,183.53,2.0,5.37,2.52,-0.71,0.0,175.73,11.05,6.68,10.21,4.52,3.56,-0.84,-0.84,0.0,17.15,0.42,0.0,2.16,0.84,0
-0.89,0.89,1.0,0.0,4.11,1.11,57.75,0.21,3.21,-1.79,4.92,0.0,10.65,4.11,1.79,2.43,0.21,2.31,1.79,0.0,0.0,-160.62,0.55,0.0,5.79,2.0,0
2.38,2.0,1.0,0.0,16.54,2.58,131.13,1.0,2.38,3.17,5.74,2.38,51.49,-1.58,2.58,14.26,0.0,4.04,1.0,-0.58,0.0,67.33,0.45,0.0,1.42,0.21,0
0.55,-0.55,1.0,0.0,5.65,1.0,119.64,3.2,4.4,3.3,-0.38,0.0,154.99,8.3,-0.1,4.2,2.1,0.4,-1.1,1.45,0.0,46.19,0.5,0.0,1.35,1.65,0
0.0,0.0,1.0,0.0,6.21,1.0,35.21,1.0,-1.57,0.21,1.15,0.79,-12.82,4.64,-67.54,3.79,1.0,-13.65,0.21,0.21,0.0,8.64,0.74,0.0,5.36,0.0,0
-0.93,0.0,1.0,0.0,6.78,1.0,60.79,1.07,2.78,-0.93,1.55,0.0,31.5,8.78,0.93,4.85,2.0,2.51,0.0,2.0,0.0,-3.71,0.5,0.0,2.07,0.0,0
0.0,0.0,1.0,0.0,2.23,1.92,36.23,1.92,0.0,1.85,-0.64,1.85,100.0,7.0,0.0,6.77,1.92,2.85,1.85,5.69,0.0,1.85,0.35,0.0,2.08,0.08,0
0.0,1.08,1.0,0.0,7.54,1.0,67.25,1.0,1.0,-0.54,4.41,-1.62,91.33,1.83,0.54,4.92,0.46,3.03,2.62,1.46,0.0,0.46,0.42,0.0,4.08,0.0,0
2.8,0.0,1.0,0.7,6.1,1.7,101.47,0.6,2.0,4.5,0.83,0.0,152.46,1.3,0.0,12.3,2.0,4.7,2.4,0.3,0.0,17.79,0.62,0.0,4.7,3.7,0
0.0,0.0,1.0,0.0,-1.77,1.0,17.34,2.0,-1.18,-0.59,2.14,0.0,-35.33,8.18,0.0,-0.53,2.0,0.18,1.0,4.18,0.0,-0.59,0.6,0.0,4.18,0.0,0
0.0,-0.55,1.0,0.0,-1.82,1.0,31.64,1.0,0.0,0.0,-2.71,0.0,100.0,4.1,0.0,-0.55,1.55,5.38,2.1,2.0,0.0,0.0,0.5,0.0,1.45,3.55,0
-0.81,0.0,1.0,0.0,7.85,1.0,41.39,-0.62,-0.81,-0.81,3.03,0.0,127.47,5.0,0.0,-3.04,0.19,0.55,0.81,4.62,0.0,-3.23,0.5,0.0,1.38,1.62,0
0.0,0.0,0.0,0.0,1.72,0.0,47.01,1.0,0.86,0.86,5.02,0.0,42.88,2.0,0.0,-2.57,1.0,0.86,3.43,0.86,0.0,2.28,0.81,0.0,3.0,0.0,0
0.0,3.0,1.53,0.0,5.0,1.53,40.73,1.0,0.0,0.0,3.91,0.0,0.0,2.13,1.0,2.6,0.0,7.53,0.53,1.6,0.0,0.0,0.5,0.0,3.53,-0.53,0
0.0,1.0,1.0,0.0,-0.7,1.0,17.11,1.15,-1.7,-0.85,1.74,-0.85,100.0,3.15,2.0,4.15,2.0,5.47,4.4,0.85,0.0,38.22,0.36,0.0,3.15,0.0,0
-0.54,-1.08,1.0,0.0,1.75,0.46,-153.04,-4.41,-0.54,-7.04,1.89,-0.54,-16.24,0.29,-1.08,-2.41,0.46,-0.24,1.0,1.0,0.0,-3.25,0.79,0.0,2.0,-1.17,0
4.0,-0.64,1.0,1.0,4.36,2.0,84.92,1.0,0.0,5.0,-3.0,0.0,139.31,1.64,-0.64,1.36,2.0,3.46,0.07,2.29,0.0,15.71,0.56,0.0,2.0,1.0,0
0.0,-0.5,1.0,0.0,1.99,1.0,76.62,1.0,0.0,3.0,-2.33,0.5,78.0,2.51,-1.51,9.56,2.5,2.04,1.0,1.0,0.0,0.0,0.46,0.0,2.0,0.99,0
0.0,0.0,1.0,0.59,4.0,2.0,72.24,1.0,0.0,1.0,2.92,0.0,75.0,3.0,0.0,-0.76,1.0,1.8,1.41,1.59,0.0,0.0,0.5,0.0,4.59,0.0,0
0.99,0.0,2.99,2.97,14.96,3.99,81.83,3.0,0.0,-2.97,-0.0,5.97,132.65,0.01,-0.99,19.91,2.0,7.93,1.98,5.95,0.0,74.32,0.0,0.0,0.01,2.97,0
0.0,0.0,1.0,0.0,2.3,1.0,23.3,1.0,0.0,0.0,2.41,0.0,100.0,4.3,0.0,1.3,1.0,-2.09,-2.09,0.91,0.0,0.0,0.5,0.0,3.7,-0.7,0
-1.78,0.0,1.0,0.0,-0.57,-0.19,-50.29,1.0,-1.78,-2.38,2.54,-1.78,120.8,7.38,-1.19,-14.45,1.0,-3.35,-0.59,3.59,0.0,-50.7,0.47,0.0,4.78,0.59,0
1.0,0.0,1.0,0.0,7.56,2.89,64.45,-0.78,-2.67,3.0,1.5,-0.89,33.0,-1.67,0.0,-2.67,0.11,6.1,1.0,1.0,0.0,1.78,0.18,0.0,4.67,2.0,0
0.0,3.0,1.0,3.0,3.0,2.0,89.49,2.0,4.0,1.7,0.28,0.0,62.59,5.7,0.0,4.3,0.3,2.9,-0.7,-0.4,0.0,0.0,0.5,0.0,2.3,1.7,0
0.95,0.0,1.0,0.0,7.9,3.95,147.73,1.0,1.0,8.61,0.54,2.05,107.71,1.1,0.0,-2.36,1.95,4.77,-0.95,2.0,0.0,2.0,0.56,0.0,3.05,2.95,0
0.0,0.0,1.0,0.0,6.41,1.0,33.82,1.0,1.6,0.8,1.24,0.0,148.13,3.4,0.0,4.21,1.0,1.32,0.2,1.4,0.0,5.8,0.12,0.0,1.4,1.0,0
0.0,-2.0,1.0,0.0,2.0,1.0,38.99,3.0,0.0,0.0,-3.51,0.0,0.0,5.0,-1.0,8.0,3.0,-0.17,-2.0,3.0,0.0,3.0,0.33,0.0,-1.0,1.0,0
0.0,0.0,1.56,0.0,6.37,2.69,36.93,1.0,0.56,0.56,0.35,1.69,114.06,5.56,0.0,5.62,1.0,1.55,0.0,2.12,0.0,-1.12,0.31,0.0,4.56,1.12,0
8.0,6.69,1.0,9.0,3.69,3.0,221.17,9.31,-3.43,11.0,5.19,0.0,6.47,1.69,7.69,8.52,1.31,5.69,2.06,0.69,0.0,119.0,0.37,0.0,3.0,3.0,0
0.0,0.0,1.0,0.0,0.74,1.0,37.28,1.0,2.0,0.63,0.78,-0.63,57.93,2.86,0.0,3.63,1.63,0.91,-1.26,-0.51,0.0,28.25,0.5,0.0,2.74,1.0,0
-0.72,1.0,1.0,0.0,9.17,1.72,-55.63,-1.9,-5.79,-4.34,7.64,0.72,-72.39,0.83,16.0,1.72,0.28,3.58,2.72,1.45,0.0,-56.36,0.21,0.0,3.72,3.55,0
2.0,0.0,1.0,0.0,2.34,0.34,66.41,6.3,0.0,0.66,0.34,2.0,121.09,7.61,0.0,12.98,2.0,1.83,-0.66,1.0,0.0,4.95,0.22,0.0,1.02,-0.32,0
0.0,1.0,1.0,0.0,13.16,1.0,37.6,0.14,-1.72,0.0,4.6,0.0,0.0,3.86,1.0,-3.3,1.0,1.21,1.0,0.14,0.0,0.0,0.5,0.0,3.0,1.0,0
0.0,2.0,1.0,0.0,15.76,1.0,53.53,1.0,-0.95,-0.95,7.19,0.0,47.63,-1.91,1.0,-0.95,0.0,0.52,1.0,4.81,0.0,0.95,0.66,0.0,2.05,2.91,0
0.0,0.0,1.0,-1.45,5.0,1.0,-49.91,1.0,-2.89,-0.72,2.86,1.45,-36.87,2.83,1.0,-0.45,1.0,0.16,2.89,5.61,0.0,-33.25,0.5,0.0,5.72,0.0,0
-1.24,0.0,1.0,0.0,-0.62,0.38,-260.85,-1.48,0.0,-9.93,3.15,0.0,-57.74,10.1,0.0,-10.18,1.0,-0.84,0.0,5.62,0.0,36.03,0.58,0.0,3.0,-3.1,0
0.84,0.0,1.0,0.0,3.84,2.68,58.67,1.0,0.0,2.68,1.25,0.0,83.37,0.16,0.0,2.0,2.0,4.41,1.68,-0.84,0.0,57.59,0.5,0.0,-0.68,0.0,0
0.0,24.58,1.0,0.0,8.16,1.0,214.84,1.0,-1.05,-0.53,8.84,0.0,0.0,1.05,3.63,5.32,0.0,3.05,0.53,0.0,0.0,-2.11,0.42,0.0,3.42,1.95,0
0.0,0.0,1.0,0.0,9.21,1.0,47.05,1.0,0.84,0.0,2.02,0.0,184.22,10.05,0.0,8.74,0.16,3.65,2.53,5.68,0.0,0.0,0.5,0.0,1.32,0.0,0
0.0,0.0,1.0,0.0,2.68,2.0,17.32,1.0,1.68,0.0,1.24,1.0,125.23,6.05,0.68,6.05,0.32,1.83,2.68,2.68,0.0,2.36,0.55,0.0,0.95,0.32,0
0.0,0.0,0.16,-0.84,1.47,-0.69,3.76,1.0,0.0,-0.84,4.02,-0.84,128.68,8.53,0.0,-3.37,1.0,0.03,1.16,2.0,0.0,0.0,0.5,0.0,3.84,0.84,0
0.0,0.0,2.0,0.0,20.0,6.0,134.93,1.0,2.0,5.58,0.54,5.0,-8.35,1.67,0.0,9.17,1.58,7.13,5.58,1.42,0.0,277.42,0.43,0.0,4.0,0.0,0
3.88,0.0,0.0,0.97,0.97,0.97,92.82,1.0,0.0,4.85,4.21,0.0,72.73,1.03,0.0,-5.82,1.97,4.74,1.94,0.97,0.0,6.88,0.74,0.0,3.97,0.97,0
0.0,0.0,1.94,0.0,8.66,1.94,59.44,2.0,4.94,1.89,-1.59,0.0,131.14,6.94,12.0,7.89,2.0,3.98,1.89,2.83,0.0,3.78,0.19,0.0,5.94,0.94,0
0.69,0.0,1.0,7.64,6.17,0.31,229.67,1.0,1.31,0.31,1.34,-0.69,9.72,3.39,0.0,8.0,1.0,2.32,0.0,1.69,0.0,1.92,0.51,0.0,4.31,4.78,0
0.0,0.0,1.0,1.0,5.0,1.0,-13.79,-2.85,-0.55,-1.65,2.54,0.0,-54.93,1.9,-1.65,-4.39,0.45,1.08,0.0,2.55,0.0,-1.1,0.59,0.0,3.55,-1.2,0
0.0,1.28,1.0,0.0,11.2,0.36,67.87,2.28,-0.28,-2.56,2.77,-0.64,70.58,6.36,1.28,8.0,1.64,2.78,2.36,2.0,0.0,-122.17,0.61,0.0,1.64,0.0,0
0.0,0.0,1.0,0.0,2.0,1.05,69.6,1.0,3.95,4.95,0.69,-0.9,26.97,2.95,80.89,3.9,1.0,21.77,2.0,1.0,0.0,195.76,-0.11,0.0,-0.9,-1.9,0
-2.39,0.0,1.0,4.0,10.59,1.2,66.01,0.41,3.0,-2.77,3.21,0.0,135.81,6.39,0.0,2.02,0.2,-0.43,-0.59,2.0,0.0,186.2,0.47,0.0,4.59,2.59,0
-0.97,1.0,1.0,-1.95,3.97,1.0,15.32,1.0,0.0,-0.97,6.04,0.0,-64.22,1.95,2.0,2.95,-0.97,-0.11,2.0,1.0,0.0,0.0,0.5,0.0,4.03,0.0,0
0.0,0.0,1.0,0.0,8.8,1.0,45.01,1.0,-0.76,1.52,3.46,0.0,-25.85,2.72,1.0,1.76,1.0,3.61,3.04,2.76,0.0,1.52,0.37,0.0,4.24,0.0,0
0.0,0.0,1.0,1.0,6.15,1.0,68.98,4.46,2.54,3.0,0.54,1.0,115.72,4.31,0.54,5.0,1.46,2.05,-0.54,0.46,0.0,0.0,0.5,0.0,0.46,0.0,0
1.0,1.6,1.0,2.41,7.0,2.8,207.09,1.8,3.21,8.8,-2.7,0.0,127.1,5.01,-1.6,7.21,2.8,3.66,-1.6,1.0,0.0,3.0,0.67,0.0,1.4,2.8,0
0.0,0.0,1.0,5.78,6.16,1.58,262.56,1.0,1.16,2.16,0.98,0.0,34.38,0.69,0.58,3.16,1.58,5.33,1.58,-1.31,0.0,-0.58,0.4,0.0,3.84,2.16,0
0.0,0.0,1.0,0.0,4.95,1.0,67.52,1.95,0.95,1.0,1.51,-0.95,52.92,2.9,0.0,0.95,2.95,-1.47,-2.81,-3.76,0.0,-0.95,0.66,0.0,2.05,0.0,0
0.8,0.0,1.0,8.85,7.22,1.0,256.37,2.0,2.0,0.2,1.38,0.0,162.77,3.61,0.0,9.78,2.0,2.56,0.2,1.8,0.0,8.0,0.5,0.0,4.0,4.61,0
0.0,0.0,1.0,0.0,10.24,2.58,86.11,1.0,0.0,1.58,0.9,0.0,35.44,2.58,1.0,7.08,1.0,3.9,1.58,1.58,0.0,107.73,0.4,0.0,5.0,0.58,0
0.0,6.17,1.0,0.0,15.32,0.42,114.31,1.0,-0.58,-1.17,14.92,0.0,-37.28,2.42,2.17,0.25,-0.17,4.53,0.58,-0.58,-0.58,0.0,0.5,0.0,4.17,0.0,0
1.52,0.0,2.52,-7.6,3.28,2.52,-192.85,7.0,-1.52,-0.76,0.21,0.76,1.52,6.0,-0.76,7.52,2.0,2.54,2.28,4.28,0.76,0.0,0.5,0.0,7.04,0.72,0
0.86,0.0,1.0,4.0,9.86,2.86,142.96,3.73,1.27,2.86,1.33,0.0,143.14,-0.31,-1.73,6.86,1.86,2.36,0.14,2.0,0.0,344.03,0.19,0.0,3.0,1.0,0
-0.82,0.0,1.82,-9.01,12.65,5.1,-105.7,1.0,1.64,5.1,-0.05,7.1,-22.49,4.0,0.0,6.91,1.0,3.19,4.1,2.0,0.0,228.68,0.2,0.0,4.46,-2.28,0
2.78,0.0,1.93,0.0,12.35,1.93,121.39,1.0,0.93,0.93,2.1,0.0,169.56,7.86,0.0,0.93,0.07,4.32,2.0,1.07,0.0,0.93,0.35,0.0,3.93,1.86,0
0.0,0.0,2.0,0.0,19.03,6.0,109.84,1.0,2.0,4.03,0.4,5.0,1.33,2.05,-0.97,10.92,1.0,7.55,5.0,-0.92,0.0,277.03,0.5,0.0,3.03,1.95,0
0.0,-0.95,1.0,0.0,4.19,1.0,104.66,1.0,3.86,0.95,-2.48,0.0,179.11,12.72,0.95,13.72,1.95,8.15,3.0,2.0,0.0,0.0,0.5,0.0,3.86,-0.95,0
3.0,0.0,1.0,0.0,10.0,3.0,159.07,1.0,3.0,4.0,0.29,3.0,14.61,-0.01,2.0,29.53,1.0,6.54,1.5,-0.5,0.0,88.01,0.19,0.0,1.0,0.5,0
0.0,-0.77,1.0,0.0,2.23,1.0,27.93,2.0,0.0,0.0,0.02,0.0,176.71,6.53,-3.84,1.0,1.0,-13.58,-14.58,3.77,0.0,1.0,0.33,0.0,3.77,-0.77,0
0.0,1.0,1.0,0.0,6.83,1.71,70.57,1.0,0.0,0.71,1.51,0.0,-17.67,1.29,2.0,3.53,1.0,16.21,3.71,-0.41,0.0,130.73,0.38,0.0,4.0,1.71,0
0.0,0.95,2.0,0.0,19.05,6.0,83.99,1.0,1.05,5.0,3.47,5.0,-45.3,4.0,2.86,3.23,1.0,20.55,22.15,0.09,0.0,278.0,0.33,0.0,3.05,-0.95,0
0.0,0.0,1.0,0.0,8.59,1.0,145.6,1.0,-0.72,3.87,1.68,0.0,78.01,-1.31,0.0,-0.15,2.44,4.22,1.0,0.28,0.0,0.72,0.62,0.0,5.0,3.15,0
0.0,0.0,1.0,0.0,13.88,1.98,83.16,1.0,0.98,1.98,1.59,0.98,99.12,7.0,0.0,2.02,1.0,5.95,5.91,1.98,0.0,0.0,0.5,0.0,2.02,0.98,0
4.2,0.0,1.0,0.0,6.1,1.0,134.01,6.65,7.4,6.4,-0.83,1.0,129.79,6.55,0.55,11.1,2.55,2.74,0.0,1.45,0.0,9.91,0.36,0.0,0.45,0.0,0
0.0,0.0,1.0,0.0,4.0,2.0,84.04,1.0,0.56,1.0,2.62,0.0,75.0,3.56,-0.56,3.79,1.0,1.72,0.88,1.56,0.0,0.0,0.59,0.0,5.12,0.0,0
0.0,0.0,1.86,0.0,10.15,1.86,161.06,1.0,2.58,5.0,-1.32,0.0,174.89,2.72,2.58,2.72,3.0,3.44,0.86,0.86,0.0,92.04,0.52,0.0,2.28,3.0,0
30.18,0.0,2.0,0.0,4.55,0.55,677.17,4.0,0.82,18.37,1.37,0.18,119.61,4.45,0.0,3.18,4.0,1.16,-1.63,0.0,0.0,1994.77,0.33,0.0,5.26,2.37,0
0.0,0.0,1.0,0.0,1.01,0.4,46.94,0.4,0.0,0.0,0.84,0.0,0.0,-0.39,0.0,8.6,0.4,0.32,0.0,-4.18,0.0,23.16,0.25,0.0,2.2,-0.6,0
0.73,0.27,1.0,0.0,13.18,1.0,65.72,1.73,7.27,1.45,4.51,0.73,0.0,3.64,0.09,1.73,0.0,0.79,0.0,1.73,0.0,21.36,0.21,0.0,2.27,1.0,0
0.0,0.0,1.0,0.84,4.28,1.0,120.41,1.56,0.0,4.37,1.73,0.0,25.8,1.0,0.0,0.28,2.0,1.59,0.72,0.72,0.0,0.0,0.5,0.0,2.0,1.4,0
1.0,0.0,2.0,2.12,13.12,3.0,89.58,1.88,1.77,0.88,-1.57,5.77,139.45,3.65,0.88,16.19,1.88,11.03,4.0,4.23,0.0,75.5,0.03,0.0,3.0,4.88,0
0.0,0.0,1.0,0.0,0.26,1.87,-21.12,-5.09,1.74,1.87,0.24,3.87,-30.98,1.39,-2.61,-6.7,0.13,2.9,1.74,2.0,0.0,165.42,0.33,0.0,0.26,-2.48,0
0.57,2.0,1.0,0.57,21.7,1.0,126.24,1.0,0.0,1.7,10.97,-0.57,43.02,-1.13,3.7,4.96,0.0,9.8,1.57,0.43,0.0,3.4,0.5,0.0,5.0,-0.57,0
0.0,0.0,2.0,0.0,15.34,1.33,39.96,1.0,0.0,-1.34,2.51,2.0,71.23,4.34,1.34,2.65,1.33,3.51,2.34,1.0,0.0,1.99,0.67,0.0,3.0,0.0,0
0.0,0.0,-0.2,-0.6,-0.18,-0.79,25.06,1.0,0.0,0.4,4.38,-0.6,-39.46,1.0,0.0,-2.39,2.0,-0.39,0.4,0.4,0.0,0.0,0.5,0.0,1.4,0.6,0
-0.84,0.0,1.0,-0.84,-4.21,0.16,-50.02,3.0,3.84,-2.52,0.85,1.0,20.19,9.36,-2.52,0.27,2.0,-3.98,-0.84,2.0,0.0,-5.05,0.5,0.0,2.68,-0.84,0
0.0,0.85,1.0,0.0,5.39,1.0,49.64,1.0,2.0,0.0,6.05,0.0,100.0,5.15,1.69,2.15,1.0,3.03,1.69,0.31,0.0,1.69,0.42,0.0,4.0,1.0,0
0.0,0.0,1.0,0.0,2.96,2.48,24.74,1.0,0.74,0.0,2.33,0.0,6.66,5.26,0.0,6.92,1.0,1.42,0.0,3.0,0.0,0.74,0.5,0.0,4.48,0.74,0
0.0,0.0,1.0,0.0,5.8,1.0,97.38,1.0,4.24,2.12,1.08,0.0,120.41,4.8,1.68,6.24,1.56,1.2,-0.56,-0.12,0.0,16.08,0.81,0.0,2.44,1.56,0
0.0,0.0,1.0,0.72,4.0,1.0,27.69,1.72,0.0,0.0,2.21,-2.16,-2.87,3.72,1.44,-10.65,1.0,2.62,0.28,1.0,0.0,-2.16,0.62,0.0,1.28,1.0,0
0.0,-4.52,1.0,0.0,5.0,1.0,44.74,1.0,0.0,0.75,0.69,0.0,0.0,1.75,-0.75,0.0,3.51,2.25,0.75,0.75,0.0,0.0,0.5,0.0,4.0,-0.75,0
0.0,0.0,1.0,0.0,6.44,1.72,70.92,1.0,2.16,0.0,1.24,0.72,-27.39,4.12,1.44,5.32,1.0,0.38,-0.88,1.28,0.0,38.2,0.59,0.0,0.84,0.0,0
0.0,0.0,0.24,0.0,3.0,0.24,15.95,1.0,0.0,0.0,3.32,0.0,100.0,1.98,0.0,1.0,1.0,-1.51,-1.51,1.49,0.0,0.0,0.5,0.0,2.24,0.76,0
0.0,0.97,1.0,0.0,0.08,1.0,-9.13,1.0,-3.9,0.0,2.79,0.0,100.0,3.05,0.97,-1.95,1.0,-0.24,0.97,1.0,0.0,0.0,0.5,0.0,4.97,-0.97,0
0.0,3.86,1.0,0.0,4.65,1.0,78.7,1.0,0.0,1.0,2.72,0.0,-37.12,-0.76,0.55,1.0,0.45,2.0,0.0,0.0,0.0,12.13,0.44,0.0,0.9,1.55,0
1.0,0.0,1.0,2.0,6.8,2.0,112.47,0.2,0.8,6.0,0.56,1.0,56.73,-1.41,0.0,6.21,2.0,3.58,0.0,1.0,0.0,3.21,0.5,0.0,2.8,0.0,0
0.0,0.0,1.0,0.77,7.08,1.0,64.39,4.08,1.54,2.31,0.9,0.77,-29.31,6.08,0.0,6.86,1.77,2.06,1.0,1.0,0.0,0.0,0.5,0.0,0.46,1.0,0
0.0,-3.92,1.0,0.0,-0.92,1.0,58.17,2.96,1.96,5.98,-4.09,0.98,75.0,6.89,-1.96,4.9,3.96,4.16,-0.98,1.98,0.0,0.0,0.5,0.0,2.98,1.0,0
-1.04,1.56,1.0,1.56,3.0,1.52,45.6,1.48,2.09,0.52,1.68,-1.04,73.92,6.04,0.0,-2.13,0.48,0.97,0.0,3.0,0.0,0.48,0.42,0.0,3.0,0.0,0
0.0,0.0,1.0,0.0,3.0,1.0,71.87,0.03,0.0,0.0,2.03,1.0,0.0,2.0,0.0,2.13,0.03,-2.72,-2.92,0.03,0.0,13.1,0.5,0.0,4.0,0.0,0
0.0,0.0,1.0,1.0,-2.3,1.0,-1.77,1.0,2.0,-0.32,1.01,0.0,105.44,4.98,0.0,6.68,1.0,-2.63,-2.64,1.66,0.0,1.68,0.44,0.0,0.34,0.0,0
0.0,0.0,1.0,0.0,11.0,2.0,52.99,1.0,0.0,1.0,0.32,1.0,18.99,3.0,0.0,7.0,1.0,-1.7,-3.0,7.0,0.0,-44.98,0.67,0.0,0.0,3.0,0
0.0,0.0,1.0,4.0,9.0,2.0,109.91,2.0,3.7,2.0,1.3,0.0,29.88,2.6,-0.7,7.4,1.0,2.98,1.0,0.6,0.0,187.0,0.33,0.0,3.0,1.0,0
0.0,0.0,1.0,0.0,4.24,0.24,41.03,0.24,0.0,-0.51,2.83,-1.51,-42.68,6.76,0.0,4.0,0.24,-0.09,-0.76,-0.51,0.0,-1.51,0.63,0.0,1.0,0.0,0
0.0,0.0,1.0,0.0,-3.38,1.84,4.8,1.0,0.0,0.0,1.11,1.69,100.0,0.47,0.84,-3.38,1.0,-1.69,-1.69,1.0,0.0,0.84,0.64,0.0,4.69,1.69,0
0.0,0.0,1.0,10.0,7.7,2.0,366.78,1.0,1.3,2.0,2.1,0.0,2.7,3.81,1.7,3.59,2.0,3.67,3.11,1.0,0.0,0.0,0.5,0.0,1.7,4.0,0
2.0,0.0,3.0,0.0,12.33,4.0,70.66,1.0,0.0,1.0,-0.18,1.0,75.0,-1.33,0.0,10.1,2.0,7.56,4.78,3.22,1.0,0.0,0.5,0.0,4.22,2.55,0
0.0,0.0,1.0,-0.33,1.67,1.0,-45.6,1.0,-2.66,-0.67,3.03,0.0,19.98,-0.33,0.67,1.67,1.0,2.48,5.0,5.33,0.0,-31.3,0.61,0.0,4.33,0.0,0
0.0,5.72,1.0,0.0,3.82,1.0,59.11,1.0,0.0,0.0,5.48,-1.63,84.49,0.92,0.82,1.18,0.18,-2.27,-2.27,1.92,0.0,17.15,0.55,0.0,4.0,1.82,0
25.67,0.0,1.83,0.0,1.34,2.66,547.2,3.48,-2.48,16.73,0.71,0.83,3.31,-2.31,-1.66,0.34,4.48,0.95,0.17,1.17,0.0,1661.73,0.36,0.0,0.52,3.31,0
0.0,0.0,1.0,0.0,3.26,1.74,35.12,1.0,0.74,0.0,2.47,0.0,160.06,5.26,0.74,2.22,1.0,0.76,-0.22,-0.97,0.0,0.0,0.75,0.0,3.74,1.48,0
0.0,0.0,1.0,0.0,9.07,1.0,39.73,2.0,-0.07,0.0,2.43,0.0,57.32,6.69,3.62,6.0,2.0,3.8,0.69,0.69,0.0,-33.11,0.13,0.0,4.38,0.69,0
0.0,18.23,1.0,-0.79,2.0,1.0,165.97,3.0,0.0,0.0,3.2,0.0,0.0,-0.38,0.79,10.13,1.21,2.35,0.0,0.42,0.0,3.0,0.2,0.0,2.58,1.58,0
0.0,0.0,1.0,0.0,0.24,1.0,-10.86,0.06,-3.76,1.94,0.61,0.94,34.04,-1.82,0.0,-2.76,2.06,0.96,1.0,1.94,0.0,0.94,0.36,0.0,2.12,-0.88,0
3.0,0.5,2.0,0.0,14.01,2.0,134.5,1.0,1.0,0.5,4.15,0.0,75.0,2.5,1.5,3.0,-0.0,3.2,1.0,0.5,0.0,2.5,0.33,0.0,4.5,3.5,0
0.0,0.0,1.0,0.0,3.03,0.03,27.06,1.0,0.97,0.0,2.15,-5.81,0.0,4.91,0.0,7.03,1.0,0.5,0.0,0.0,0.0,12.03,0.41,0.0,0.03,0.0,0
0.0,-0.77,1.0,0.0,11.23,1.0,3.73,1.0,0.0,0.0,4.03,0.0,59.0,0.59,-1.95,-0.59,0.0,0.41,0.41,1.0,0.0,0.0,0.5,0.0,3.18,2.18,0
0.0,6.0,1.0,0.0,2.76,1.0,29.3,1.0,-0.62,0.0,4.88,0.0,0.0,1.24,-0.24,-2.47,0.0,-1.14,-0.62,0.62,0.0,0.0,0.5,0.0,2.0,-0.24,0
-0.94,0.0,1.0,0.0,2.18,-1.82,72.03,5.69,2.0,0.0,2.51,-0.94,115.02,10.63,1.0,6.69,1.94,-0.68,-0.88,0.0,0.0,-8.45,0.34,0.0,3.06,-0.88,0
0.0,1.0,1.0,0.0,4.0,1.0,85.04,1.0,0.0,2.72,4.26,0.0,-5.98,0.83,5.0,-1.09,2.09,19.66,19.0,-2.72,0.0,0.0,0.5,0.0,3.54,1.54,0
4.0,-1.65,1.0,0.0,-0.75,1.0,107.71,4.55,8.0,8.0,-2.68,0.0,139.97,7.55,-1.75,2.0,2.0,2.35,-0.55,1.1,0.0,18.55,0.16,0.0,2.55,0.0,0
0.0,0.57,2.0,1.0,6.43,3.0,55.3,1.0,0.0,1.0,4.26,1.0,66.0,3.15,1.15,3.43,1.0,3.48,2.15,1.0,0.0,1.15,0.44,0.0,3.57,-0.57,0
-0.56,0.56,1.0,0.0,7.9,1.0,31.6,5.77,-3.46,-0.34,4.01,0.0,44.26,1.66,3.56,9.21,0.89,0.79,0.56,1.56,0.0,-44.83,0.33,0.0,3.0,2.89,0
0.0,0.92,1.0,0.0,0.38,0.08,-1.65,1.92,-2.77,0.0,2.62,-0.92,135.11,8.85,2.77,3.08,1.92,0.77,0.0,1.08,0.0,-48.97,0.38,0.0,5.77,1.0,0
0.0,0.0,1.68,0.0,14.89,4.4,98.87,0.64,2.0,3.72,0.67,2.72,100.0,0.64,0.0,14.36,1.32,5.03,4.4,1.68,0.0,197.16,0.39,0.0,4.68,2.32,0
1.54,0.0,1.0,6.94,5.84,1.46,233.82,1.0,-0.54,2.46,0.73,-0.54,101.37,1.54,3.0,9.46,1.0,4.4,-1.7,0.46,0.0,6.0,0.5,0.0,2.92,2.62,0
2.0,0.62,1.0,0.0,3.15,2.0,475.83,6.0,-1.85,16.0,3.15,0.0,31.17,-1.47,-0.62,20.38,1.38,1.98,0.62,1.0,0.0,-59.4,0.48,0.0,5.47,5.0,0
0.0,0.0,1.0,0.0,4.59,1.0,25.59,1.0,0.0,0.0,2.59,0.0,100.0,3.94,0.0,0.53,1.0,0.27,0.0,-0.06,0.0,0.0,0.5,0.0,4.0,0.0,0
-0.85,0.0,1.0,0.0,13.58,-0.71,50.78,1.0,2.56,1.71,3.04,0.0,88.04,1.0,0.0,3.15,2.0,-0.32,0.0,1.0,0.0,254.29,0.26,0.0,0.15,-1.71,0
0.0,0.0,1.0,0.0,5.83,1.83,-43.96,1.0,0.0,-4.17,1.62,5.01,-74.29,4.67,0.0,4.67,-0.67,-0.01,1.0,2.67,0.0,0.0,0.22,0.0,0.33,-1.5,0
0.0,0.79,1.0,0.0,-2.37,0.21,-17.14,1.79,1.0,-0.58,2.33,0.0,98.92,8.58,7.1,1.63,1.0,-0.07,0.0,1.79,0.0,0.0,0.5,0.0,4.0,0.79,0
0.0,0.0,1.0,0.0,1.37,1.81,81.64,1.0,2.44,7.44,-0.24,0.81,71.75,-1.44,-0.81,0.0,2.0,7.28,0.81,-2.25,0.0,154.56,0.5,0.0,0.37,1.0,0
0.87,0.0,1.0,1.75,9.13,1.87,75.06,1.13,0.25,5.24,0.63,0.87,82.54,3.64,-4.36,-0.62,2.0,2.81,2.0,1.87,0.0,-1.75,0.65,0.0,0.13,0.0,0
0.0,0.57,1.0,0.0,4.15,0.43,2.49,1.0,0.0,-1.15,5.76,0.0,78.19,4.43,1.72,-0.15,-0.15,-0.7,0.57,3.57,0.0,1.15,0.6,0.0,3.57,1.15,0
0.0,0.0,1.91,0.91,11.23,2.83,277.47,3.74,9.49,2.83,-2.31,0.0,141.43,6.91,2.91,12.23,1.0,4.62,1.0,1.0,0.0,0.91,0.35,0.0,2.09,1.83,0
1.41,0.0,1.0,0.0,2.41,1.41,26.15,4.0,1.0,-1.77,1.74,0.0,39.57,8.95,0.0,7.0,2.0,-2.14,-0.59,2.0,0.0,9.0,0.35,0.0,3.0,0.0,0
2.0,0.0,1.0,6.0,4.92,3.0,92.17,3.56,1.52,0.92,0.04,0.52,51.43,5.63,-3.63,7.59,2.52,-0.66,-0.04,0.48,0.0,7.0,0.4,0.0,-0.56,0.48,0
0.0,0.0,1.51,0.0,3.0,1.51,65.54,2.02,1.53,3.0,-1.3,0.51,78.0,3.04,0.0,5.56,2.51,1.97,1.0,2.02,0.0,0.0,0.5,0.0,1.49,1.49,0
0.0,0.0,1.0,0.0,4.12,1.0,42.56,0.44,0.0,0.0,1.86,0.56,43.75,3.88,0.0,10.0,1.0,0.21,0.56,1.88,0.0,1.12,0.55,0.0,3.56,0.56,0
0.0,0.0,1.0,0.0,3.76,0.24,22.92,1.0,-0.76,-1.51,3.33,0.0,-48.41,2.51,0.0,-0.76,1.24,-0.22,0.76,-0.76,-0.76,0.0,0.5,0.0,2.24,0.76,0
1.0,2.0,1.0,0.0,9.0,2.0,389.55,11.0,3.0,14.0,0.39,1.0,100.0,6.45,2.0,15.1,2.0,3.45,0.55,3.75,0.0,12.0,0.22,0.0,4.1,4.45,0
0.0,0.0,0.0,0.0,1.12,0.0,4.03,0.44,0.0,-1.12,5.75,-1.67,18.97,1.44,1.67,-11.72,0.44,1.74,1.12,0.0,0.0,1.77,0.57,0.0,2.44,1.12,0
0.0,0.0,1.0,-0.61,1.17,1.61,-49.31,1.0,-1.22,0.0,1.5,0.0,89.03,4.39,-1.83,-0.83,1.61,-0.62,-0.61,4.22,0.61,0.0,0.5,0.0,5.22,-0.61,0
0.0,2.38,1.0,0.0,5.19,1.0,71.94,2.0,4.0,0.0,2.37,0.0,100.0,4.81,1.6,7.0,1.4,3.05,0.0,0.0,0.0,-1.79,0.6,0.0,3.6,1.0,0
0.0,23.0,1.0,0.0,5.0,1.0,147.28,-3.23,0.85,-1.69,5.7,0.0,20.29,-2.54,1.0,3.93,-0.85,2.25,0.0,0.0,0.0,-5.07,0.47,0.0,9.23,3.0,0
2.0,0.0,1.0,0.0,1.41,2.0,51.18,4.0,1.0,0.0,0.22,0.0,-79.49,2.82,0.0,6.21,2.79,2.13,0.79,-0.38,0.0,8.21,0.12,0.0,3.0,-1.59,0
-0.72,1.43,1.0,-6.88,4.28,1.72,26.12,1.72,0.0,9.31,1.36,0.0,2.15,2.28,0.0,3.58,1.0,1.53,0.72,1.28,0.0,35.09,0.29,0.0,5.15,-0.43,0
5.54,4.15,1.0,6.23,-0.46,1.0,132.67,7.23,0.0,6.92,2.26,-0.69,117.3,5.0,4.85,7.61,1.0,-0.38,-2.77,0.31,-0.69,82.37,0.34,0.0,4.0,1.38,0
0.0,0.0,1.0,0.0,3.0,1.0,30.53,1.0,0.0,0.0,1.94,0.0,0.0,1.0,0.73,0.73,2.0,-5.88,-5.88,0.73,0.0,0.0,0.5,0.0,1.53,0.0,0
-0.6,0.0,0.4,0.0,-1.2,1.0,253.85,4.0,-0.6,9.99,1.54,0.0,10.79,-0.2,0.0,12.79,2.6,0.91,0.4,2.0,0.0,4.2,0.52,0.0,2.4,1.8,0
30.49,0.0,2.0,0.0,7.0,3.0,698.98,5.02,-1.02,19.49,0.6,1.0,56.43,2.0,0.0,1.45,4.51,3.66,-0.51,0.51,0.0,2007.0,0.16,0.0,-0.04,4.0,0
1.29,-1.29,1.0,0.0,5.29,2.0,89.37,3.58,1.94,2.29,-2.14,0.65,97.64,4.88,-0.65,11.46,3.29,0.77,-0.94,1.65,0.0,0.0,0.5,0.0,2.06,1.35,0
1.0,1.07,1.0,0.0,9.0,2.0,382.5,11.0,3.0,14.93,0.54,1.0,100.0,9.79,1.07,15.86,2.0,-8.71,-1.86,4.71,0.0,12.93,0.07,0.0,3.0,5.0,0
0.0,0.0,1.0,0.0,1.57,1.0,44.47,1.0,7.16,0.72,0.97,0.0,39.88,3.14,52.53,6.73,1.0,11.75,-2.15,2.28,0.0,42.23,0.38,0.0,2.28,2.86,0
1.02,0.0,2.02,0.0,10.12,3.54,70.99,0.49,0.0,1.51,1.15,0.51,88.4,-1.07,1.0,5.05,1.0,4.1,2.54,1.51,0.51,0.0,0.5,0.0,6.02,0.51,0
-3.55,0.0,1.0,0.0,4.66,1.0,-52.55,0.34,-5.09,-6.09,2.2,1.0,-75.37,5.11,0.89,5.11,1.11,1.52,2.66,2.77,0.0,-15.96,0.72,0.0,4.89,0.0,0
-1.74,0.0,1.0,0.0,-0.05,-0.16,7.25,2.16,-1.16,0.42,1.28,-1.74,70.25,3.31,-1.16,-11.15,3.58,-0.69,0.42,1.58,0.0,-49.76,0.54,0.0,4.58,1.0,0
1.0,0.0,2.0,3.0,12.35,3.0,52.05,1.0,0.0,0.0,0.18,6.47,37.98,3.47,-1.65,10.82,-0.65,7.39,3.18,6.82,0.0,64.82,0.11,0.0,1.35,4.0,0
7.18,5.38,1.0,8.08,1.31,2.79,205.18,9.08,0.1,10.87,-0.25,0.0,48.56,-1.59,7.28,14.97,2.9,2.8,-0.9,-0.79,0.0,109.89,0.44,0.0,5.79,4.69,0
0.0,2.0,1.0,0.0,8.87,2.0,258.82,2.0,-1.91,12.04,2.37,0.0,195.68,5.87,0.0,2.22,1.0,3.73,1.0,4.83,0.0,46.13,0.52,0.0,2.09,2.0,0
0.0,0.0,1.0,0.0,0.1,1.0,27.08,1.0,0.0,0.0,1.02,0.0,100.0,1.1,0.03,1.03,1.0,1.31,0.0,-1.9,0.0,-0.97,0.66,0.0,3.0,-0.97,0
1.0,0.7,1.0,0.0,0.3,1.0,34.41,3.0,1.0,1.0,3.11,0.0,-4.45,-0.52,1.41,5.0,1.3,1.83,0.7,-1.41,0.0,0.48,0.68,0.0,5.41,0.3,0
0.9,0.0,1.0,1.8,0.1,2.0,-51.99,2.0,0.0,-1.61,0.61,2.0,79.25,5.0,0.0,3.0,1.1,3.77,2.9,5.9,0.0,1.1,0.18,0.0,2.1,-1.8,0
-2.27,0.0,0.24,0.0,-0.3,0.24,-35.54,1.0,-0.76,-0.76,3.16,0.0,18.93,2.51,0.0,-0.76,2.0,-0.15,-0.76,2.27,0.0,-0.76,0.63,0.0,3.24,-1.51,0
0.0,0.0,1.0,0.0,5.76,2.0,59.0,1.0,0.0,1.0,0.69,0.0,102.53,0.41,0.0,5.59,2.0,1.78,1.0,1.0,0.0,0.0,0.5,0.0,4.0,2.0,0
0.0,0.0,2.0,0.0,22.56,6.0,75.82,1.85,2.85,5.0,1.08,5.0,50.0,8.27,0.0,3.73,1.85,6.51,5.0,2.0,0.0,263.48,0.33,0.0,1.44,0.0,0
1.34,0.0,1.0,-0.66,-0.24,-0.97,54.35,5.0,2.34,1.34,2.22,-0.31,33.87,9.28,-1.31,5.41,2.0,-0.19,0.0,2.66,0.0,-110.7,0.57,0.0,1.0,-0.66,0
1.0,0.0,1.0,0.0,2.9,4.0,59.97,1.52,0.0,2.0,-2.18,1.0,111.63,4.07,1.03,4.55,2.03,4.26,1.48,0.48,0.0,13.45,0.5,0.0,2.0,0.45,0
0.0,-0.62,1.0,0.0,7.81,1.0,38.62,1.0,0.0,0.0,3.89,0.0,0.0,1.62,2.19,8.49,0.81,-1.03,-1.43,0.19,0.0,13.55,0.3,0.0,1.57,2.19,0
0.0,4.0,1.0,0.0,7.0,1.0,74.57,1.83,3.32,0.0,4.25,-0.83,0.0,0.83,11.95,6.98,0.83,0.61,-1.49,0.17,0.0,6.0,0.25,0.0,4.66,1.0,0
0.0,0.0,1.0,0.0,7.36,1.0,53.67,1.0,-0.84,0.0,2.76,0.0,-41.99,-2.04,0.0,0.64,1.84,2.42,0.84,2.0,0.0,0.0,0.5,0.0,2.32,0.0,0
0.0,0.0,1.72,0.0,8.04,1.72,49.24,2.44,0.0,0.28,-0.32,2.16,76.0,0.56,0.0,9.92,1.72,1.19,-1.44,0.0,0.0,75.92,0.32,0.0,-1.16,0.0,0
1.0,1.95,2.0,3.0,15.95,3.0,103.23,2.95,0.98,0.0,-0.08,3.02,-31.68,-3.88,1.95,10.98,1.98,9.22,3.02,3.07,0.0,64.0,0.25,0.0,2.02,4.0,0
0.88,1.0,1.0,0.0,5.63,1.0,133.79,1.0,-0.88,5.25,5.72,0.0,20.13,0.0,2.0,1.0,0.0,3.94,2.0,0.12,-0.88,2.63,0.65,0.0,5.0,1.75,0
0.0,0.0,1.0,0.0,5.31,0.23,41.31,0.23,0.0,-0.54,2.11,-1.54,19.0,2.0,0.0,4.46,0.23,0.26,-0.54,-0.54,0.0,-1.54,0.63,0.0,1.0,2.0,0
2.0,0.0,1.0,0.0,3.28,2.0,483.81,6.0,0.0,16.0,1.2,0.0,179.05,2.72,0.0,18.42,2.0,1.49,-0.86,1.0,0.0,8.0,0.38,0.0,4.72,4.14,1
0.0,0.0,1.0,0.0,2.42,0.42,22.42,0.42,0.0,-0.58,3.0,-1.15,42.29,3.69,0.0,-1.15,0.42,-0.1,-0.58,-1.31,0.0,-1.15,0.6,0.0,2.58,1.0,0
0.55,0.0,1.0,10.55,10.29,2.55,489.55,1.0,3.1,5.84,1.19,0.0,121.85,1.0,1.0,6.1,2.0,3.16,0.45,0.45,0.0,2.2,0.41,0.0,-0.1,5.65,0
0.0,1.0,1.0,0.0,12.98,1.0,21.14,1.99,-1.98,-0.99,6.03,0.0,0.0,3.95,3.0,-3.94,0.99,0.1,0.0,1.99,0.0,-2.95,0.5,0.0,1.02,-0.98,0
0.0,1.05,0.48,0.0,6.72,-0.05,42.77,1.95,2.0,1.0,6.13,-0.57,-52.45,5.48,1.05,0.23,0.95,3.47,0.52,1.0,0.0,-5.77,0.63,0.0,6.1,0.0,0
-0.59,0.0,1.0,0.0,0.62,0.41,4.8,1.0,0.0,-1.78,3.98,0.0,80.4,9.56,0.0,0.59,1.0,4.51,7.41,4.38,0.0,24.36,0.6,0.0,5.59,-1.19,0
0.0,2.8,1.0,0.0,8.67,1.0,53.27,1.0,0.0,1.0,4.96,0.0,0.0,-4.6,0.93,-1.87,1.07,6.6,0.07,-1.8,0.0,0.0,0.5,0.0,2.0,0.0,0
0.92,0.0,1.0,0.0,4.31,1.08,58.22,3.85,1.85,0.92,0.9,0.08,46.14,6.0,0.0,7.85,2.0,-2.27,-3.69,8.0,-0.92,167.94,0.35,0.0,2.0,0.08,0
2.0,1.3,1.0,0.0,8.19,2.0,57.08,4.0,0.35,0.0,3.41,0.0,0.0,3.4,0.65,5.05,1.35,1.77,0.65,2.0,0.0,9.0,0.25,0.0,3.0,0.65,0
0.0,-0.89,1.0,0.0,-0.55,1.0,16.9,1.0,0.89,0.0,-2.92,0.0,188.73,4.11,-7.1,2.89,1.0,7.1,-0.89,3.89,0.0,-2.66,0.65,0.0,3.89,-2.66,0
0.0,0.0,1.0,0.0,4.77,1.88,42.31,1.0,2.23,1.88,0.96,0.0,16.39,2.46,2.0,2.23,1.0,4.56,1.88,0.12,0.0,0.0,0.5,0.0,0.35,-0.88,0
0.0,0.0,1.0,0.0,0.85,1.0,14.09,1.15,-1.69,-0.85,2.86,-1.69,14.38,6.85,-0.85,-4.92,1.15,3.4,3.38,3.69,0.0,-10.99,0.71,0.0,3.85,-0.85,0
0.0,-0.73,1.0,0.0,0.8,1.0,54.69,1.0,0.73,0.0,-0.43,0.0,73.45,3.0,0.73,10.94,1.0,4.0,1.0,2.73,0.0,2.0,0.33,0.0,3.73,1.73,0
0.0,0.0,1.0,0.8,3.8,2.0,241.86,2.61,5.82,3.61,1.24,-0.8,155.35,1.59,0.8,6.41,0.2,3.73,0.0,-5.43,0.0,1.8,0.2,0.0,0.2,1.61,0
0.0,0.0,1.0,0.0,4.0,2.88,55.47,1.0,0.88,2.76,0.76,0.0,40.02,1.12,0.0,3.64,1.0,5.76,1.0,-0.76,0.0,0.0,0.5,0.0,-0.76,0.0,0
0.0,0.0,1.0,0.0,-0.41,1.0,-13.53,1.0,-2.05,-0.68,2.06,0.0,111.6,4.32,-0.68,-1.73,1.0,-3.07,-0.68,3.68,0.0,0.0,0.5,0.0,1.64,0.0,0
0.0,-3.67,1.0,0.92,4.08,2.0,23.0,1.0,0.0,0.0,-2.66,1.0,0.0,5.75,-1.83,2.08,1.92,-0.43,-0.92,3.83,0.0,0.0,0.5,0.0,4.0,2.92,0
0.0,0.0,1.93,0.93,14.66,2.86,51.73,2.0,0.14,0.0,2.2,0.93,161.54,8.0,0.0,-1.73,2.0,3.34,2.93,1.0,0.0,-3.73,0.66,0.0,-0.86,-1.86,0
3.0,0.0,1.0,0.0,11.87,3.0,82.84,1.93,4.87,-0.66,1.27,3.0,75.26,5.66,6.66,30.66,0.07,6.61,1.0,0.0,0.0,87.93,-0.04,0.0,0.07,-2.8,0
1.56,0.0,1.0,2.56,10.5,2.56,232.72,-2.37,1.12,10.5,0.83,1.0,130.01,-1.81,0.0,2.44,2.0,4.25,0.0,0.44,0.0,2.25,0.41,0.0,0.31,0.0,0
0.0,0.0,1.0,0.0,8.1,1.0,25.38,1.0,0.0,0.0,2.74,0.62,61.96,5.0,1.0,1.62,1.0,0.0,0.0,3.24,0.0,0.0,0.5,0.0,5.0,0.0,0
0.0,1.0,1.0,0.0,15.81,1.0,145.82,1.0,2.81,2.1,6.7,0.0,-7.01,0.7,3.1,4.21,1.4,2.1,0.3,-1.1,0.0,9.12,0.75,0.0,1.3,1.0,0
0.0,0.0,1.0,0.0,8.65,1.78,159.09,8.0,3.33,3.0,-0.49,0.78,148.07,1.9,4.55,14.33,2.0,1.83,-0.78,-0.55,0.0,43.09,0.43,0.0,1.45,4.0,0
0.0,0.0,1.0,-0.61,7.26,1.0,88.93,1.0,-1.22,0.61,1.1,1.0,-10.35,1.39,0.0,3.95,1.0,2.84,2.44,1.61,0.0,16.39,0.5,0.0,6.44,0.0,0
0.87,0.0,1.0,1.87,10.92,1.87,144.22,5.0,2.0,5.6,-0.98,1.0,127.78,1.81,2.6,12.79,2.0,5.94,0.87,-2.46,0.0,-30.29,0.5,0.0,1.87,0.87,0
0.0,0.0,1.0,0.0,1.83,1.0,5.44,1.0,-1.76,0.0,2.29,1.17,41.46,5.41,-0.76,2.76,1.0,-0.64,0.0,3.59,0.0,-63.8,0.6,0.0,4.76,0.59,0
-3.69,0.0,1.0,1.0,9.92,2.0,221.14,1.23,-1.38,-5.38,0.68,0.92,21.62,-1.61,0.08,13.61,0.08,0.67,0.0,0.92,0.0,0.08,0.56,0.0,2.84,3.0,0
1.0,0.01,1.0,0.0,-7.87,2.0,362.2,11.99,6.97,14.0,-8.88,1.0,199.26,12.96,11.93,18.96,3.99,-2.44,-0.99,0.01,0.0,12.0,0.22,0.0,3.0,5.0,0
1.9,0.0,1.0,0.0,0.15,-0.9,28.1,2.9,0.05,-0.95,1.89,-0.95,71.26,4.0,0.0,3.95,1.95,-0.14,0.0,0.05,0.0,-0.95,0.5,0.0,2.05,-0.95,0
0.0,1.0,1.0,0.58,15.32,1.0,109.79,1.0,1.16,1.16,6.94,0.0,-10.44,0.0,-1.9,2.9,0.0,-3.46,1.0,0.42,0.0,0.0,0.5,0.0,0.26,0.42,0
3.0,0.0,2.0,0.0,15.95,2.0,172.57,1.0,1.0,1.99,0.98,0.0,46.33,1.02,0.0,3.0,1.99,5.34,1.99,1.0,0.0,1.0,0.33,0.0,4.0,2.0,0
1.0,0.0,1.0,0.0,6.92,4.0,64.67,1.0,0.0,4.75,0.75,1.0,90.26,1.08,0.92,-0.67,1.0,3.39,2.92,0.08,0.0,13.17,0.65,0.0,2.92,2.0,0
0.0,4.0,1.0,0.0,6.0,1.0,28.13,0.31,-2.75,0.0,7.11,0.69,0.0,-0.69,-6.25,-3.12,-0.69,2.45,3.06,0.69,0.0,0.0,0.5,0.0,1.63,0.0,0
0.0,0.0,1.0,0.0,5.72,1.0,51.89,2.43,0.85,1.0,1.15,1.0,50.0,6.0,1.15,1.41,1.43,1.76,0.57,1.57,0.0,61.33,0.55,0.0,1.85,1.0,0
0.99,0.0,1.0,10.94,9.96,1.0,289.49,1.0,0.0,-0.99,1.85,0.0,196.45,7.98,0.0,1.99,1.0,1.54,-0.99,3.99,0.0,1.0,0.33,0.0,0.02,3.98,0
0.0,0.0,1.0,-0.69,5.61,1.0,54.23,1.0,0.0,0.0,2.02,0.0,100.0,1.61,0.0,1.39,1.69,2.03,1.69,2.0,0.0,0.0,0.5,0.0,2.0,2.31,0
0.91,1.0,1.0,0.0,14.82,3.73,28.64,1.0,-1.82,0.91,6.17,0.91,-18.18,-2.73,-77.18,-2.73,0.0,-14.82,1.91,0.09,0.0,8.18,0.77,0.0,2.91,2.82,0
0.0,0.0,1.0,1.0,4.51,1.0,16.86,0.49,-2.55,0.0,4.4,0.0,0.0,2.51,-0.51,-5.1,0.49,-0.42,0.0,2.51,0.0,-1.02,0.63,0.0,3.51,0.51,0
0.0,0.0,1.0,-0.55,3.45,1.0,28.22,-1.19,-0.55,-0.64,2.36,-0.55,-33.93,-1.19,0.0,-1.64,1.45,0.79,1.0,1.55,0.0,1.09,0.41,0.0,3.64,1.64,0
0.0,0.83,1.0,0.0,5.7,1.0,106.48,2.65,3.83,1.0,-1.23,0.0,83.0,6.83,1.17,6.83,2.65,5.99,1.83,1.0,0.0,-0.83,0.64,0.0,4.17,-0.83,0
-0.89,0.0,1.0,0.0,5.68,1.0,14.95,-0.79,-0.89,-0.89,4.34,0.0,130.4,8.68,0.0,-4.47,0.11,0.78,1.79,2.79,0.0,-3.58,0.5,0.0,1.11,0.11,0
-0.55,0.0,1.0,0.0,1.9,1.0,46.14,2.0,4.0,-1.1,0.93,0.55,44.91,6.55,12.0,8.2,2.0,1.29,0.0,0.55,0.0,0.0,0.5,0.0,4.45,0.0,0
0.0,1.07,1.0,3.0,4.93,2.0,51.73,2.0,4.0,1.0,-0.44,0.0,50.0,5.97,3.86,4.03,1.0,2.01,0.97,1.97,0.0,0.0,0.5,0.0,2.03,1.0,0
0.0,-2.62,1.0,0.0,2.95,1.0,-8.72,1.0,0.0,0.0,-2.54,3.05,0.0,3.0,-0.52,6.57,1.0,1.66,1.52,3.05,0.0,0.0,0.5,0.0,4.52,1.52,0
0.0,6.82,1.0,0.0,6.0,-0.41,46.0,1.0,-0.71,-0.71,9.48,-2.12,-17.64,-2.12,3.41,-5.35,-0.71,0.62,1.71,-1.41,0.0,-1.41,0.62,0.0,2.29,-1.41,0
0.0,0.0,1.0,0.0,4.56,0.48,46.37,2.0,3.48,0.0,2.17,-0.52,48.15,6.52,12.52,4.44,2.0,0.59,-1.04,0.0,0.0,-0.52,0.41,0.0,6.04,-0.52,0
0.51,0.0,0.49,0.0,-1.09,1.0,34.07,1.0,0.0,1.53,1.73,-1.02,65.93,5.0,1.0,-2.07,0.49,2.47,0.0,2.0,0.0,-2.03,0.42,0.0,2.49,1.02,0
0.0,0.0,0.43,0.0,-0.83,0.43,28.04,4.0,2.0,0.0,2.04,0.43,-56.59,5.74,0.0,5.43,2.0,-0.73,-1.13,-2.26,0.0,0.0,0.5,0.0,0.43,0.57,0
1.97,1.0,1.0,0.0,2.97,1.99,479.72,6.93,-1.97,14.79,1.34,0.0,122.68,3.01,2.0,21.77,2.99,4.23,1.0,0.0,0.0,1.97,0.13,0.0,4.0,3.95,0
0.0,0.0,1.0,0.0,3.54,1.0,37.54,2.08,2.08,0.54,1.12,0.54,26.92,5.08,0.0,5.15,1.54,0.47,0.0,1.0,0.0,0.0,0.5,0.0,3.0,0.54,0
2.0,3.72,1.0,0.0,7.98,2.0,540.44,4.51,-1.49,15.26,6.73,-0.74,93.0,-1.23,0.74,18.02,1.26,2.87,0.0,0.26,0.0,8.0,0.38,0.0,2.26,5.0,0
-0.66,1.33,1.0,-1.33,13.29,0.34,32.37,3.0,2.0,-2.98,7.72,0.34,-3.08,5.34,1.33,4.67,0.67,3.28,0.66,1.0,0.0,0.0,0.5,0.0,4.99,1.0,0
2.0,0.0,0.39,0.61,-1.12,0.39,56.88,5.0,3.0,2.0,1.91,-0.22,21.84,6.61,0.0,5.11,1.39,0.22,-0.61,2.61,0.0,-2.45,0.5,0.0,1.0,0.0,0
0.0,0.0,1.0,0.0,1.22,1.89,54.65,6.0,-0.89,2.0,-0.03,0.89,-13.19,7.11,0.0,5.32,2.0,-0.22,-0.89,1.0,0.0,5.11,0.48,0.0,1.89,1.78,0
0.0,0.0,1.0,0.0,2.0,1.0,31.0,1.0,3.27,0.0,1.26,0.0,119.0,8.53,54.48,6.17,-0.27,13.83,0.0,2.63,0.0,3.8,0.31,0.0,2.1,0.37,0
-0.7,5.0,1.0,-0.7,1.13,0.3,32.64,1.0,0.7,-2.09,8.67,0.0,-52.84,4.39,-1.09,2.0,1.0,-1.31,0.0,4.87,0.0,2.78,0.57,0.0,0.91,-0.7,0
0.0,0.0,1.0,0.0,6.0,2.0,92.31,1.0,4.77,0.89,-0.15,1.0,26.52,1.11,2.0,11.32,1.0,2.99,0.0,-0.77,0.0,53.89,0.48,0.0,-1.66,0.0,1
2.03,0.0,1.0,0.51,1.02,1.51,64.64,2.0,0.0,2.54,0.27,0.0,-12.7,4.46,0.0,4.02,2.51,3.74,2.02,3.0,0.0,8.64,0.5,0.0,3.0,0.0,0
0.0,3.4,1.0,0.0,5.26,0.15,44.02,1.0,0.15,0.0,4.7,-0.85,-85.11,-0.4,1.7,8.3,0.15,1.45,0.15,7.15,0.0,14.26,0.25,0.0,1.0,0.0,0
0.0,0.0,1.0,0.0,2.64,1.0,37.31,2.0,1.76,0.88,0.85,1.76,73.0,6.12,0.88,8.28,2.0,1.15,1.0,1.24,0.0,11.43,0.28,0.0,3.0,0.88,0
0.0,2.0,1.0,0.0,3.04,2.0,287.86,3.97,1.97,13.99,-0.53,0.99,1.31,3.99,0.0,9.96,1.99,5.08,1.0,-2.95,0.0,48.01,0.04,0.0,4.99,0.03,0
0.0,0.0,1.0,0.0,1.55,1.0,34.27,1.0,1.0,0.0,2.7,-1.45,58.92,3.73,0.0,1.27,1.0,-1.91,-2.91,-1.64,0.0,1.27,0.45,0.0,4.0,4.45,0
0.0,0.0,1.0,0.0,0.27,1.0,37.17,0.27,1.0,0.73,-0.16,2.18,-61.02,2.27,0.0,10.73,1.0,1.55,1.0,7.27,0.0,10.0,0.6,0.0,0.27,0.73,0
0.0,0.0,1.91,0.0,13.98,1.91,87.96,0.09,0.0,0.09,1.56,1.81,50.0,-2.63,-0.91,6.44,3.0,3.03,1.91,1.0,0.0,3.63,0.5,0.0,4.0,-0.81,0
0.0,2.0,1.0,0.0,17.72,1.0,67.13,1.76,0.0,-0.76,10.67,0.0,-25.06,3.04,2.0,3.28,0.0,9.03,4.04,2.52,0.0,0.0,0.37,0.0,6.52,0.0,0
0.0,0.0,1.0,0.0,4.16,0.42,24.58,0.42,0.0,-1.16,3.97,-1.16,100.0,5.58,0.0,-1.74,0.42,-1.16,-1.16,-1.32,0.0,-1.16,0.6,0.0,3.42,0.58,0
-1.41,7.71,-0.41,0.0,4.59,-1.12,40.88,1.0,0.0,-0.71,8.03,-0.71,-52.95,1.41,1.71,-4.24,-0.71,-3.35,-2.12,-1.12,-0.71,22.0,0.4,0.0,0.59,1.0,0
0.0,0.0,1.0,0.0,7.56,1.0,59.0,1.44,2.0,0.0,2.4,0.0,43.95,4.88,5.0,7.68,2.0,2.81,0.0,-0.56,0.0,1.44,0.43,0.0,3.56,0.0,0
0.0,1.0,1.0,0.0,3.78,1.0,35.33,0.46,0.0,0.54,7.66,-0.54,26.87,3.0,16.0,2.07,0.46,2.0,2.0,0.0,0.0,3.0,0.33,0.0,4.61,5.0,0
-0.73,0.0,1.0,0.0,2.07,1.0,19.03,-0.47,-7.33,-0.47,2.4,-0.73,50.0,-1.4,-0.73,-2.4,0.27,1.82,1.0,1.0,0.0,-20.52,0.62,0.0,5.0,1.0,0
-0.74,0.0,1.0,-1.48,8.0,1.26,13.27,2.0,2.22,-4.45,1.44,0.26,14.83,8.22,2.22,5.26,1.26,0.07,0.74,8.0,0.0,80.82,0.38,0.0,1.26,1.0,0
-0.88,2.65,1.0,-0.88,2.47,-1.65,56.59,1.0,0.12,3.12,5.48,-1.76,-9.18,0.12,6.12,-3.41,0.12,3.63,1.12,1.0,0.0,-149.14,0.59,0.0,4.0,0.12,0
1.92,0.0,1.0,0.0,3.96,1.96,480.45,5.79,2.0,16.32,-0.03,0.0,149.07,2.08,0.0,24.24,1.96,2.69,-0.96,1.0,0.0,8.66,0.21,0.0,1.96,3.83,0
1.0,0.0,1.0,0.0,-0.64,-0.86,59.58,3.0,10.0,2.0,1.53,0.07,84.22,9.0,1.0,5.07,2.0,-0.59,-3.71,0.07,-0.93,69.78,0.33,0.0,1.14,-0.93,0
0.0,0.56,1.0,0.0,3.56,1.0,37.68,2.0,-0.56,-1.11,4.71,0.0,81.64,5.0,8.9,0.44,1.0,0.72,0.0,1.33,0.0,-1.78,0.33,0.0,2.44,2.23,0
0.0,23.0,1.0,1.16,6.16,1.0,241.06,1.0,2.33,0.0,5.3,0.0,30.26,3.49,1.0,10.16,0.0,4.03,0.0,0.58,0.0,27.35,0.24,0.0,4.42,2.42,0
0.59,0.0,1.0,0.59,8.55,1.59,204.36,1.0,2.18,5.74,1.33,0.0,80.48,1.63,3.0,6.37,2.59,5.04,2.0,0.82,0.0,3.78,0.33,0.0,-0.18,1.78,0
0.0,3.43,1.0,0.0,7.43,1.0,45.7,1.0,-1.71,-0.86,5.96,0.0,-51.38,-0.43,1.71,-1.28,0.14,1.3,1.86,1.0,0.0,4.28,0.43,0.0,3.71,1.86,0
0.0,0.0,1.0,0.0,3.0,1.84,44.09,1.0,0.84,1.67,0.55,0.0,69.86,0.81,0.0,4.51,1.84,-0.44,-1.51,4.33,0.84,0.0,0.5,0.0,4.0,0.16,0
1.0,0.0,1.0,0.0,5.4,1.6,200.28,5.0,8.0,7.21,0.29,0.0,138.7,2.98,0.0,6.21,2.6,2.6,0.0,0.0,0.6,84.0,0.5,0.0,3.21,3.0,0
-0.44,0.0,2.0,-4.32,4.12,0.56,199.56,0.28,-0.72,-0.44,1.45,0.0,37.68,1.28,2.0,6.84,2.0,4.3,0.0,0.72,0.0,-5.04,0.41,0.0,5.44,2.28,0
-1.75,0.0,1.0,0.0,2.12,0.12,-388.73,-3.38,0.0,-14.02,3.53,0.0,106.13,9.5,1.0,-16.52,0.12,-1.18,0.88,4.75,0.0,-2.63,0.39,0.0,3.0,-3.5,0
0.0,0.0,1.57,-1.14,1.71,1.57,142.08,2.0,0.0,0.0,1.03,0.0,17.05,7.57,1.14,7.55,2.0,2.06,0.43,2.43,0.0,0.0,0.41,0.0,3.57,1.14,0
-0.97,0.0,1.0,-0.97,-0.89,0.03,-55.6,1.0,1.0,-2.92,2.49,0.0,123.37,8.89,-1.95,-5.79,1.0,-4.4,-0.97,1.97,0.0,-5.84,0.5,0.0,5.03,-0.97,0
1.42,0.0,1.0,0.0,-0.27,0.29,53.02,2.42,1.0,1.0,0.35,0.71,142.14,2.0,1.0,9.56,2.71,-0.24,-0.71,0.29,0.0,3.29,0.5,0.0,4.0,2.0,0
0.0,0.0,1.0,0.0,1.8,1.0,25.81,1.0,1.0,0.0,2.13,0.6,0.0,5.79,-1.79,3.0,1.0,-0.56,0.0,1.0,0.0,0.0,0.6,0.0,3.6,-1.2,0
0.0,0.0,1.0,0.0,3.6,2.0,24.22,1.0,0.0,-0.7,1.43,1.0,46.81,2.3,0.0,0.9,1.0,-0.13,0.0,3.4,0.0,0.0,0.5,0.0,5.4,2.0,0
0.0,0.0,1.0,0.0,-0.16,1.0,32.89,1.0,0.0,-0.79,2.37,0.0,87.38,5.21,0.0,-1.58,2.58,5.37,5.63,1.21,0.0,-1.58,0.63,0.0,4.21,0.79,0
0.0,0.0,1.0,0.0,-1.49,0.1,31.18,1.9,0.9,2.69,1.64,-0.9,189.75,4.1,0.0,1.1,1.0,1.96,1.0,-0.28,0.0,0.9,0.35,0.0,4.0,0.1,0
2.89,0.0,1.0,0.96,4.0,1.96,102.63,1.96,2.96,7.73,0.97,0.0,108.86,9.81,84.08,16.58,-0.92,19.78,1.0,2.0,0.0,190.69,0.39,0.0,-0.92,-0.96,0
0.0,1.0,1.0,0.0,16.56,1.89,7.39,1.89,-1.78,-0.89,6.5,0.89,-71.25,0.89,-75.6,0.0,0.89,-17.61,0.11,6.34,0.0,-5.34,0.77,0.0,2.89,1.89,0
1.0,0.0,1.0,11.0,10.94,1.0,286.42,1.0,0.0,0.0,0.93,0.79,175.85,4.79,0.0,2.79,1.0,4.17,0.79,4.37,0.0,-32.33,0.63,0.0,1.0,4.0,0
0.0,0.0,1.0,7.58,6.03,2.0,293.26,1.0,1.52,2.0,1.07,0.0,65.73,1.0,0.76,5.97,2.0,2.41,1.0,1.24,0.0,0.73,0.44,0.0,1.48,3.03,0
-0.89,0.0,1.0,-1.77,7.54,1.0,-6.0,1.0,0.0,-2.66,3.3,0.0,58.38,6.89,0.89,-0.89,0.11,4.13,5.77,2.0,0.0,0.0,0.5,0.0,5.77,0.89,0
-0.79,0.0,0.21,-2.37,-4.89,-0.58,35.63,1.0,2.0,1.79,1.11,-3.16,57.38,2.0,1.58,-3.1,2.58,-4.13,-2.37,-2.94,0.0,-44.49,0.95,0.0,3.79,-1.37,0
0.0,0.0,1.97,0.0,9.81,2.95,102.98,2.95,0.0,0.0,0.24,3.92,97.25,1.03,0.0,10.89,1.97,1.01,0.0,1.97,0.0,15.05,0.5,0.0,4.0,0.0,0
0.0,5.25,1.0,0.0,3.88,1.0,43.26,1.0,0.0,0.0,3.69,0.0,12.45,0.62,0.88,2.0,0.12,1.17,0.0,2.12,0.0,0.0,0.5,0.0,2.12,0.88,0
0.0,0.0,1.0,0.0,1.38,1.0,16.88,1.0,1.87,-0.75,1.19,0.0,46.51,7.25,1.0,7.75,1.13,-0.18,-0.87,1.0,0.0,4.0,0.5,0.0,5.75,0.25,0
0.0,0.75,1.0,0.0,5.99,1.0,48.74,1.25,2.0,1.0,3.46,2.0,83.0,3.5,4.74,3.26,1.25,12.39,11.22,-1.5,0.0,-20.67,0.37,0.0,3.0,1.75,0
0.0,-1.07,1.0,0.0,3.4,1.0,12.83,-0.07,-0.53,0.0,3.18,0.0,153.44,4.67,1.93,-1.07,0.47,6.0,4.6,1.53,0.0,0.0,0.33,0.0,3.07,2.0,0
0.0,-2.81,1.0,0.0,3.94,1.0,80.75,1.0,0.0,1.0,-2.43,0.0,93.83,7.57,-0.94,4.88,2.94,1.5,0.06,2.94,0.0,0.0,0.5,0.0,3.0,0.94,0
0.0,0.0,1.0,0.0,3.56,1.78,9.46,3.0,-1.56,-0.78,0.18,4.68,-62.44,0.44,-67.12,0.66,2.0,-16.2,-0.78,2.0,0.0,-0.9,0.44,0.0,1.78,0.0,0
2.37,-3.42,2.0,3.0,13.32,3.68,342.9,4.42,0.0,10.96,-4.94,4.0,129.69,-0.37,-0.68,23.01,1.68,10.79,4.0,6.68,0.0,69.48,0.16,0.0,3.0,7.42,0
2.81,0.0,2.81,1.0,13.53,4.72,323.82,1.0,2.0,8.91,-0.5,0.91,156.99,-3.53,-1.81,10.44,2.91,4.22,0.91,2.81,0.91,4.0,0.33,0.0,2.81,3.91,0
-0.89,0.0,1.0,10.0,9.68,2.0,387.09,-0.79,0.21,0.21,2.26,0.0,73.0,-0.79,2.79,6.79,1.11,5.6,1.89,1.89,0.0,0.0,0.5,0.0,2.79,5.79,0
0.0,0.0,1.0,1.0,6.33,1.0,26.05,0.34,-2.65,0.66,2.12,0.0,-44.39,3.0,-7.95,-1.33,0.34,0.03,0.0,2.66,0.0,0.0,0.5,0.0,0.35,1.0,0
0.0,3.97,1.0,3.0,6.87,2.0,93.26,2.0,4.0,1.0,5.67,0.0,50.0,3.07,1.93,5.97,1.0,5.1,2.9,-2.87,0.0,-37.69,0.4,0.0,3.0,1.0,0
-0.51,0.0,2.0,1.0,5.98,1.47,52.57,1.0,0.0,0.49,1.21,0.49,60.9,1.49,1.02,2.98,2.02,2.33,0.49,1.0,0.0,-7.65,0.5,0.0,4.02,-0.51,0
0.0,0.0,1.0,1.0,2.26,1.0,12.99,1.0,0.58,0.0,2.84,0.0,0.0,1.42,0.58,1.74,1.0,0.26,-0.58,2.0,0.0,0.0,0.5,0.0,3.0,-1.74,0
0.0,2.0,1.0,0.0,12.93,1.97,15.97,0.03,-3.87,0.0,5.93,5.8,-96.66,-2.9,0.03,-3.87,-0.97,-1.66,1.0,2.93,0.0,0.97,0.34,0.0,2.03,0.03,0
0.0,0.0,1.0,0.0,6.26,1.0,68.67,1.0,0.0,1.0,1.57,0.0,113.01,5.52,0.0,1.37,1.0,2.87,0.37,1.0,0.0,0.0,0.5,0.0,5.63,0.37,0
0.0,1.37,1.0,0.0,6.06,2.0,37.69,1.0,0.0,1.0,3.02,0.0,62.0,-2.12,0.69,-1.06,0.31,5.37,2.37,-0.37,0.0,0.0,0.5,0.0,1.69,0.69,0
-0.6,0.0,1.0,-1.2,3.6,1.0,22.81,1.0,0.0,-0.6,1.7,0.0,-39.57,4.2,0.0,6.2,0.4,1.03,1.0,2.0,0.0,0.0,0.5,0.0,1.4,2.0,0
0.0,0.0,1.0,0.0,7.0,1.0,61.98,2.0,2.0,0.0,1.66,0.0,199.36,6.99,5.0,5.01,2.0,2.17,0.0,0.0,0.0,2.0,0.33,0.0,5.98,0.0,0
4.72,0.0,1.72,0.72,7.72,3.86,157.32,4.0,8.72,8.72,-2.14,1.43,138.64,6.28,2.43,7.01,2.0,5.56,1.43,0.72,0.0,136.73,0.18,0.0,2.0,0.72,0
0.0,0.0,1.0,0.0,4.0,1.48,52.79,1.0,0.0,0.48,1.58,0.0,63.66,2.55,0.0,5.0,2.0,0.23,1.0,2.03,0.0,2.59,0.37,0.0,5.03,2.52,0
2.0,-1.75,0.12,6.0,1.74,1.25,-107.5,1.12,1.0,-8.39,3.88,0.0,-6.6,1.12,0.0,-1.13,2.0,-1.41,0.12,0.12,0.0,-32.42,0.81,0.0,0.12,-0.75,0
0.0,-4.92,1.0,0.0,1.89,1.0,-6.65,1.0,0.0,0.0,0.12,0.0,170.32,8.52,-0.7,1.7,1.7,0.0,0.0,4.41,0.0,-15.47,0.57,0.0,4.41,-0.7,0
2.91,0.91,1.0,0.0,10.47,1.91,403.91,14.11,5.73,14.76,-3.31,1.91,174.13,12.38,0.0,21.85,3.82,2.26,-1.82,2.0,0.0,10.94,0.25,0.0,-0.82,4.56,0
0.0,3.11,1.0,0.0,0.78,1.0,24.11,1.0,-2.33,0.0,6.28,0.0,-77.7,1.89,-0.78,0.0,0.22,0.34,1.0,1.0,0.0,-39.03,0.27,0.0,4.55,0.78,0
0.0,0.0,2.0,1.0,6.29,3.0,49.71,1.0,1.42,1.0,0.72,1.0,137.12,4.13,0.0,2.58,1.0,1.62,0.29,1.0,0.0,0.0,0.5,0.0,4.42,-0.71,0
0.0,0.0,1.0,0.0,1.31,1.0,22.29,1.0,1.0,0.0,2.71,0.85,0.0,1.31,0.0,-1.39,1.0,2.69,2.54,1.15,0.0,2.0,0.33,0.0,4.0,2.15,0
1.0,0.0,1.0,0.0,7.37,2.84,96.19,1.0,0.0,3.84,0.53,0.0,11.96,-1.52,0.0,2.52,1.0,8.26,1.84,1.0,0.0,155.69,0.19,0.0,2.0,2.0,0
0.0,0.0,2.0,1.0,7.65,3.0,71.13,1.0,0.65,1.65,0.63,1.0,47.12,0.05,0.65,7.25,1.65,2.98,1.0,-0.3,0.0,1.95,0.61,0.0,3.65,1.3,0
0.82,0.0,1.0,8.98,6.27,1.0,214.3,1.0,0.0,-0.82,2.92,0.0,164.52,6.63,0.0,0.82,1.0,1.13,0.0,2.63,0.0,0.0,0.5,0.0,3.18,2.45,0
0.0,0.0,1.0,1.0,5.0,1.0,33.36,1.64,0.0,0.0,1.17,0.0,0.0,3.64,0.0,0.0,1.64,0.67,0.0,2.0,0.0,0.0,0.5,0.0,3.0,1.0,0
0.0,0.94,1.0,0.0,2.88,2.0,-22.09,1.0,0.06,-2.75,2.67,1.0,29.53,3.88,-5.63,2.0,1.0,-4.03,-0.94,1.0,0.0,3.0,0.25,0.0,1.06,0.0,0
2.59,0.0,1.0,0.0,6.18,2.0,497.95,7.18,1.77,17.18,-0.68,0.0,152.03,-0.18,0.0,22.18,2.59,2.86,0.0,-1.36,0.0,-16.2,0.38,0.0,2.41,5.0,0
-0.78,-1.56,1.0,0.0,1.09,1.22,-161.88,-1.35,-1.56,-7.6,1.27,-0.78,50.0,0.44,1.78,1.44,1.0,0.38,1.0,1.0,0.0,-7.82,0.59,0.0,5.0,-0.78,0
0.87,0.0,1.0,0.87,10.25,1.87,251.64,1.0,0.87,7.0,1.88,1.0,177.84,4.25,0.0,3.62,1.87,3.03,2.0,3.13,0.0,1.75,0.5,0.0,0.38,0.0,0
0.0,0.0,1.0,1.0,6.47,2.37,45.24,1.0,2.0,1.68,-0.34,0.68,117.17,-0.42,0.0,9.37,1.68,3.91,2.73,-0.37,0.68,3.0,0.33,0.0,1.0,0.68,0
0.0,-1.25,1.0,0.0,0.83,1.0,16.17,1.0,0.0,0.0,4.08,0.0,0.0,3.25,0.46,1.62,0.54,2.82,3.54,2.62,0.0,0.0,0.5,0.0,4.54,0.46,0
0.0,0.0,1.0,-0.72,7.16,1.72,48.3,1.0,-1.44,1.44,2.49,1.0,71.95,3.84,0.0,3.88,1.72,2.64,2.0,3.28,0.0,-107.18,0.5,0.0,3.72,0.0,0
0.0,0.0,1.0,0.0,2.08,1.0,58.42,1.92,3.67,0.0,0.82,0.0,91.69,1.0,-0.92,7.5,2.92,0.31,-1.75,0.17,0.0,0.0,0.5,0.0,3.0,0.92,0
0.84,0.0,1.0,0.0,3.84,1.84,117.38,5.16,0.0,4.52,0.13,0.0,19.67,4.64,0.0,7.16,2.0,5.24,0.84,-0.68,0.0,5.16,0.33,0.0,0.16,1.68,0
1.08,0.0,1.0,0.0,3.46,1.54,22.24,3.61,0.54,-0.54,0.76,0.0,-26.9,8.69,-1.08,6.23,1.46,-0.43,-0.54,2.54,0.0,4.84,0.37,0.0,2.46,-0.54,0
0.0,-0.8,1.0,0.0,11.59,2.0,51.02,0.2,0.0,3.0,2.82,1.8,33.0,2.8,-0.59,-1.98,0.2,3.73,3.59,1.8,0.0,0.0,0.5,0.0,3.2,1.0,0
0.0,0.0,1.0,0.0,3.44,2.0,2.84,1.0,0.0,0.0,2.29,0.22,77.89,4.56,0.0,-10.24,1.0,-0.74,-0.78,2.0,0.0,-2.34,0.56,0.0,4.0,1.22,0
0.0,0.0,1.0,0.0,6.7,1.0,37.5,2.35,1.35,0.0,2.4,0.67,133.74,9.37,0.0,3.37,1.67,1.27,1.33,2.0,0.0,0.0,0.5,0.0,2.33,0.67,0
-0.65,2.61,1.0,-0.65,1.7,0.35,-126.34,1.0,-1.3,-5.21,4.51,0.0,-57.98,2.35,1.3,3.05,-0.3,2.05,1.65,2.0,0.0,1.3,0.45,0.0,3.3,0.7,0
-0.96,0.0,2.0,-0.96,5.21,2.04,2.33,3.0,9.65,-1.93,0.56,3.0,42.12,1.96,66.56,10.07,2.0,15.94,0.0,1.0,0.0,62.13,0.09,0.0,0.04,2.89,0
0.0,0.0,1.0,0.67,4.0,1.0,22.29,1.0,0.0,-0.67,4.21,0.0,0.0,2.0,1.0,1.67,0.33,3.28,3.68,1.34,0.0,3.0,0.33,0.0,2.0,0.0,0
0.0,-1.97,1.99,0.0,9.89,2.97,83.44,2.97,0.0,1.0,-3.95,5.96,114.57,4.99,-0.99,13.83,2.97,-0.81,-2.96,2.0,0.0,11.84,0.09,0.0,-0.96,0.01,0
0.0,0.0,1.0,0.0,2.94,0.31,46.41,1.0,1.0,0.69,2.16,-4.12,12.35,5.31,0.0,0.63,1.0,1.37,0.0,0.63,0.0,-0.69,0.61,0.0,1.0,0.69,0
-0.86,0.0,1.0,-1.71,8.0,0.14,29.58,1.0,3.57,-5.14,2.78,-0.86,117.14,9.57,2.57,7.14,0.14,3.83,3.86,2.0,0.0,93.41,0.36,0.0,0.14,0.0,0
0.0,0.0,1.0,0.65,3.65,1.0,13.54,0.35,0.0,-1.29,3.21,-1.94,-42.6,2.35,0.0,-5.55,0.35,0.91,0.35,2.65,0.0,-0.58,0.33,0.0,3.0,1.0,0
-0.63,1.0,0.37,-1.89,-2.93,-0.26,25.32,1.0,0.63,0.0,8.38,-2.52,-41.58,6.26,2.0,-3.04,1.0,-2.67,0.48,-1.52,0.0,-37.06,0.45,0.0,3.63,-0.63,0
0.0,0.0,1.0,0.0,6.15,1.57,24.55,1.0,0.0,-1.15,2.64,0.0,-16.04,6.57,2.57,1.57,0.43,3.4,3.0,2.0,0.0,0.0,0.5,0.0,4.72,-1.15,0
0.0,0.0,1.0,0.0,15.72,1.0,-1.46,1.0,0.0,-3.2,3.09,0.0,107.04,3.56,0.0,4.0,0.72,-0.77,0.0,2.92,0.0,104.0,0.19,0.0,0.36,-1.92,0
0.0,0.19,1.0,0.0,13.81,1.0,33.39,1.0,0.0,0.0,4.99,0.0,80.59,1.61,-3.03,2.42,0.0,-14.31,-14.31,5.03,0.0,0.81,0.63,0.0,2.0,1.81,0
0.0,0.0,1.0,0.0,1.3,0.33,-138.33,-1.02,-4.05,-1.35,1.68,0.0,-67.47,2.0,-0.67,1.93,1.0,-0.84,0.0,1.35,0.0,12.33,0.36,0.0,2.35,-1.35,0
0.9,-1.8,1.0,0.0,-2.39,1.0,-279.51,-5.29,-1.8,-12.58,1.82,-0.9,-89.89,3.1,-1.8,-4.29,1.0,-0.91,0.0,1.9,0.0,-2.7,0.52,0.0,3.0,-4.49,0
-0.89,0.0,1.0,-1.78,3.33,0.11,52.72,1.89,0.0,-1.56,1.6,1.78,37.52,7.78,1.0,18.04,1.0,2.72,1.89,2.0,0.0,3.56,0.5,0.0,5.89,1.0,0
0.0,0.0,2.5,0.0,22.57,4.52,91.82,1.0,1.01,2.52,0.36,4.52,74.8,-0.01,0.0,12.03,2.0,1.12,-0.51,1.0,0.0,144.14,0.42,0.0,2.5,0.0,0
4.0,0.0,1.0,1.0,5.52,2.0,110.87,1.0,0.0,5.52,0.35,0.0,23.04,-1.08,0.0,2.0,2.52,5.9,2.52,1.0,0.0,17.0,0.5,0.0,1.48,1.0,0
0.0,0.0,0.0,0.0,-1.41,0.0,-5.91,1.0,-0.71,-0.71,4.62,0.0,28.21,4.12,-0.71,-2.12,1.0,-3.1,-2.12,2.12,0.0,-2.64,0.68,0.0,3.71,-1.41,0
-1.35,3.69,1.0,0.0,4.35,0.33,-270.62,-2.37,0.0,-10.77,8.91,0.0,-62.62,-0.67,3.35,-11.79,-1.35,1.6,2.67,1.0,0.0,-1.35,0.42,0.0,5.0,-2.69,0
0.0,2.43,1.0,0.0,5.43,1.0,42.47,-0.22,2.78,0.39,4.24,-0.61,50.0,2.35,3.22,0.96,-0.22,2.81,1.61,0.39,0.0,0.0,0.5,0.0,2.39,0.0,0
0.0,6.0,1.0,-0.63,4.0,1.0,65.61,1.0,0.63,0.63,4.71,0.0,37.95,-0.63,1.63,3.16,0.0,3.69,1.9,-0.63,0.0,5.06,0.34,0.0,2.0,1.63,0
0.82,0.0,1.0,1.18,4.18,1.0,133.91,2.64,6.45,2.64,-0.07,0.0,151.75,11.27,0.0,3.0,1.82,0.39,-4.09,-1.45,0.0,47.0,0.33,0.0,0.18,0.0,0
0.0,0.0,1.0,0.0,4.06,0.06,37.94,1.0,0.0,0.0,2.66,0.0,0.0,1.12,0.0,1.12,1.94,1.47,1.94,1.0,0.0,-1.88,0.66,0.0,1.06,1.0,0
2.0,0.0,3.79,0.0,12.37,4.79,80.19,1.0,3.15,1.79,-2.1,1.0,114.42,4.15,1.58,10.15,2.0,7.48,4.79,4.79,1.0,0.0,0.5,0.0,5.79,0.21,0
0.0,0.0,1.94,0.0,11.76,2.94,46.41,2.0,0.0,0.0,-2.6,1.0,0.0,6.0,0.0,13.53,2.0,0.97,0.0,8.0,0.0,12.23,0.26,0.0,1.06,0.06,0
0.0,0.0,1.0,0.0,0.34,2.0,34.11,1.0,1.0,0.0,1.02,1.0,44.67,4.55,0.0,5.11,1.0,2.55,2.55,2.0,0.0,1.0,0.67,0.0,3.0,1.0,0
0.0,1.27,1.0,0.0,5.54,1.0,67.73,3.0,1.73,0.0,-2.74,0.0,72.76,3.18,1.27,4.18,2.73,3.38,1.0,1.73,0.0,-2.18,0.5,0.0,2.0,-0.73,0
0.0,0.0,1.0,0.0,5.08,2.69,45.99,-1.54,-1.69,0.85,3.69,0.0,42.29,0.08,0.0,-2.54,1.0,3.68,3.38,1.85,0.85,0.0,0.5,0.0,4.69,0.85,0
0.0,1.0,0.04,0.0,12.07,-0.93,31.36,1.0,-0.96,0.0,9.3,-0.96,-96.37,1.07,2.0,-2.85,1.0,-0.93,-0.93,-0.93,0.0,2.89,0.5,0.0,2.0,0.04,0
0.0,0.0,1.0,0.0,-1.51,1.5,18.49,1.0,0.5,0.5,0.76,0.5,91.45,1.49,0.0,1.01,1.0,0.67,0.0,1.0,0.0,1.51,0.37,0.0,1.99,-0.5,0
0.97,0.0,1.0,0.0,4.03,1.0,40.83,2.93,2.9,0.97,0.46,1.0,79.17,5.9,0.0,18.93,1.97,0.27,1.0,1.97,0.0,3.0,0.43,0.0,4.0,0.03,0
1.5,0.0,1.0,0.5,3.0,0.5,97.03,1.5,0.0,4.5,1.32,-1.5,77.53,2.5,0.0,2.0,3.0,1.45,1.5,0.5,0.0,95.09,0.68,0.0,3.0,-0.0,0
0.6,1.0,1.0,0.6,3.98,1.6,172.14,1.4,-1.19,4.77,2.02,0.0,93.44,1.02,4.4,3.81,2.0,1.16,0.0,0.6,0.0,2.39,0.4,0.0,2.81,1.19,0
0.76,0.0,1.0,1.52,3.76,1.0,37.41,0.24,0.0,0.0,2.6,0.0,74.21,2.97,0.24,0.24,1.0,2.02,0.76,3.0,0.0,0.0,0.5,0.0,3.0,-0.76,0
0.0,0.0,0.49,0.0,0.43,0.49,9.65,1.0,-0.51,0.0,4.34,0.0,48.65,5.49,-1.03,-2.57,1.0,-2.05,-0.51,-0.03,0.0,1.54,0.5,0.0,1.49,-0.03,0
0.0,0.0,1.0,0.0,0.0,1.0,20.0,1.0,0.0,0.0,2.0,0.0,100.0,3.0,0.0,0.0,1.0,0.0,0.0,1.0,0.0,0.0,0.5,0.0,3.0,0.0,0
0.0,-5.45,1.0,0.0,5.0,1.0,75.91,1.0,1.91,1.91,-1.38,0.0,124.54,3.82,1.0,10.45,2.82,4.1,3.0,1.91,0.0,11.64,0.25,0.0,4.82,2.91,0
0.0,-1.69,1.0,0.85,2.15,1.0,-188.07,-6.47,2.46,-9.32,0.77,-0.85,79.67,-1.08,1.85,6.61,1.15,2.85,0.85,0.0,0.0,-3.08,0.49,0.0,3.85,-3.39,0
0.0,0.0,1.0,0.0,2.14,1.0,15.99,1.0,-7.72,-0.86,1.26,0.0,-13.72,3.86,-61.75,9.72,1.0,-14.28,1.0,8.0,0.0,-40.02,0.56,0.0,1.28,-2.43,0
0.0,6.0,1.0,0.0,0.83,1.0,21.26,1.0,0.0,-0.63,5.8,0.0,-31.72,1.9,1.0,-1.27,0.0,-1.02,-0.63,0.0,0.0,0.0,0.5,0.0,0.73,0.37,0
0.0,0.0,1.0,0.0,5.71,1.0,33.43,1.0,0.0,0.0,2.29,0.0,71.44,6.57,0.0,2.29,0.29,2.43,2.43,2.43,0.0,0.0,0.5,0.0,2.0,1.71,0
1.0,0.0,1.0,0.0,6.95,1.26,112.71,3.0,2.0,4.95,1.37,-0.74,68.29,-1.21,5.16,2.79,2.0,5.23,0.0,0.26,0.0,181.26,0.21,0.0,3.74,0.0,0
4.24,3.18,1.0,5.77,-0.24,1.53,96.07,5.77,-0.53,5.3,2.66,-0.53,13.25,0.94,3.71,5.83,1.53,-0.42,-2.65,0.41,0.0,63.06,0.38,0.0,3.0,1.06,0
0.0,0.0,1.0,0.0,9.0,1.0,89.46,1.0,3.0,1.0,2.34,0.0,27.27,3.77,2.0,4.89,1.56,5.0,1.0,-1.23,0.0,0.0,0.5,0.0,4.44,0.0,0
0.0,-1.23,1.0,0.0,-1.52,1.0,31.75,1.0,6.13,0.61,-0.69,0.0,109.81,6.23,43.55,4.91,1.61,11.91,0.0,1.0,0.0,36.19,0.4,0.0,4.0,2.84,0
0.0,0.0,1.0,0.0,7.76,2.0,55.53,1.0,0.0,1.0,1.63,0.0,50.0,-2.61,1.0,0.24,1.92,0.75,0.08,-1.76,0.0,0.0,0.5,0.0,5.0,0.0,0
0.0,-0.51,1.0,1.0,3.49,1.0,52.78,5.0,2.0,3.0,-2.46,1.0,62.0,4.95,-1.02,5.0,2.51,0.35,-1.02,1.51,0.0,-1.02,0.55,0.0,1.0,0.0,0
0.0,0.0,1.0,0.0,8.22,1.0,5.24,2.0,1.11,-3.56,1.72,1.78,49.22,9.78,-6.24,5.56,2.0,-2.65,1.11,1.89,0.0,0.0,0.5,0.0,1.0,0.0,0
0.0,0.0,1.0,1.0,11.11,2.53,307.29,4.0,6.0,2.53,0.98,0.0,139.52,0.89,1.0,9.0,1.0,3.7,1.05,-2.11,0.0,-20.6,0.33,0.0,1.53,3.0,0
0.0,1.0,1.0,0.0,5.19,0.4,16.7,1.0,0.0,-1.19,3.93,0.0,-25.62,4.38,2.6,-4.77,0.4,12.76,2.4,1.0,0.0,-1.79,0.65,0.0,5.19,1.0,0
0.0,0.0,1.0,0.0,-2.74,2.0,8.91,1.94,0.06,3.81,-0.93,1.0,83.0,1.06,-4.68,1.06,1.0,0.7,0.0,1.94,0.0,2.06,0.25,0.0,1.06,0.0,0
0.0,1.0,1.0,0.0,8.55,0.09,33.73,1.0,0.0,0.0,7.2,-5.45,0.0,5.73,2.0,1.0,1.0,1.91,1.91,1.91,0.0,-0.91,0.65,0.0,2.91,1.0,0
0.0,0.0,1.0,6.59,3.66,2.66,261.02,1.0,0.66,3.32,0.4,0.0,25.19,-1.64,0.66,9.66,2.66,1.64,1.0,1.34,0.0,2.34,0.36,0.0,3.0,2.64,0
-1.55,0.0,1.0,0.0,3.22,1.0,50.57,-1.11,1.67,-0.78,1.93,-0.78,90.67,2.11,1.0,-0.77,2.0,3.07,0.78,-0.78,0.0,0.0,0.5,0.0,4.55,1.0,0
1.0,0.0,1.0,0.0,5.65,2.0,180.45,1.0,0.0,8.0,0.69,0.0,53.25,-0.35,0.0,4.67,2.67,2.01,0.0,1.67,0.0,3.0,0.67,0.0,1.65,1.33,0
0.0,1.0,1.0,0.0,3.88,1.94,1.71,1.06,-3.76,0.0,1.88,5.65,5.88,0.18,8.06,-2.76,1.06,-1.09,0.0,2.88,0.0,1.94,0.18,0.0,2.06,1.06,0
0.0,4.0,1.0,0.0,4.8,1.0,32.81,1.0,-0.6,-0.6,6.58,0.0,7.8,1.2,0.2,-1.4,-0.6,-0.75,-0.2,-0.6,0.0,-1.2,0.6,0.0,3.6,0.6,0
-0.52,0.0,1.0,-5.68,6.45,3.0,-55.69,1.0,0.0,1.52,0.77,1.0,25.71,-0.55,0.0,2.48,3.03,3.87,4.52,0.48,1.0,0.0,0.5,0.0,4.55,-0.55,0
8.0,6.0,1.0,7.19,2.1,3.0,128.21,10.9,-3.62,10.1,-0.06,0.0,11.72,-0.81,7.0,14.0,2.9,1.69,0.0,0.9,0.0,76.51,0.42,0.0,4.81,3.0,0
0.0,0.0,1.66,0.0,16.29,3.66,71.18,1.0,0.66,1.99,2.11,3.32,-16.6,7.0,0.0,3.66,1.0,4.82,5.32,2.66,0.0,183.95,0.5,0.0,4.99,0.0,0
0.0,0.0,1.0,0.0,2.0,1.0,47.08,2.04,1.56,1.0,-0.27,3.52,-36.09,5.56,0.0,5.65,1.52,0.96,0.0,2.52,0.0,1.0,0.33,0.0,0.96,1.0,0
0.0,0.85,1.0,0.0,-2.09,1.0,34.06,1.85,0.0,-0.85,0.9,0.0,42.45,0.45,1.7,9.7,1.85,1.38,1.0,1.15,0.0,2.0,0.33,0.0,3.85,1.0,0
0.07,-1.87,1.0,2.0,3.2,2.0,-199.7,-8.35,0.0,-7.08,0.42,1.0,44.49,-3.67,0.0,-4.48,1.07,2.11,0.0,1.0,0.0,38.32,0.88,0.0,0.13,-4.67,0
0.0,0.0,1.0,0.0,3.79,1.0,73.72,6.52,0.79,1.58,2.53,1.0,133.14,7.37,2.37,7.89,1.79,2.67,3.0,1.79,0.0,-52.08,0.37,0.0,4.58,3.16,0
1.0,0.0,1.0,-0.52,4.52,1.0,84.7,1.96,10.0,1.48,0.94,1.0,93.73,7.43,-0.04,5.48,2.52,1.56,0.52,1.0,0.0,27.48,0.25,0.0,4.04,0.52,0
0.57,0.0,1.0,0.0,-0.14,2.0,27.15,1.0,2.14,1.57,0.06,1.0,117.32,2.0,0.0,2.0,1.0,1.96,0.57,1.57,0.0,-2.72,0.49,0.0,4.29,0.0,0
2.0,0.0,1.0,0.0,2.41,2.59,28.43,4.0,-4.34,0.0,0.35,0.59,39.73,6.0,-42.69,3.44,2.0,-9.98,-0.59,2.0,0.0,-24.2,0.2,0.0,2.41,-2.37,0
11.99,6.0,1.0,9.0,2.0,3.0,309.73,12.99,7.98,17.98,-0.52,0.0,159.76,6.98,8.0,14.0,2.0,4.95,-1.0,-1.99,0.0,136.95,0.02,0.0,2.0,3.0,0
0.0,0.0,1.0,0.0,3.58,0.42,50.65,2.0,-0.58,0.0,1.23,0.0,42.21,3.84,0.0,2.73,1.0,-0.04,-1.16,2.42,0.0,10.25,0.24,0.0,3.58,-0.58,0
-2.62,0.0,1.0,0.0,4.62,3.75,3.58,1.0,3.87,0.51,0.31,2.75,46.0,2.0,1.75,6.37,0.13,2.85,2.0,1.0,0.0,323.71,0.25,0.0,1.87,0.0,0
0.0,2.31,1.0,0.0,5.58,1.0,38.58,1.0,-0.58,0.42,3.97,0.0,-17.2,3.69,-0.58,2.27,-0.15,-0.63,-0.58,-0.15,0.0,-1.15,0.6,0.0,2.15,0.0,0
0.0,5.0,1.0,0.0,6.85,1.0,83.56,1.0,0.0,-0.85,9.01,0.85,84.95,7.25,1.0,2.85,0.15,2.05,0.85,2.55,0.0,0.0,0.5,0.0,3.85,0.0,0
-2.41,0.0,1.0,-0.8,6.0,2.2,-11.75,0.2,0.2,-5.42,1.4,3.0,-39.17,0.59,0.0,2.78,1.0,1.7,0.0,2.0,0.0,-152.0,0.17,0.0,4.0,2.8,0
-0.72,0.0,1.0,0.0,6.72,1.0,60.86,-0.43,1.57,-1.43,1.93,0.0,28.41,2.57,3.0,1.28,0.28,2.7,1.0,1.72,0.0,110.43,0.21,0.0,2.43,2.15,0
0.0,0.0,1.0,-0.86,0.58,1.0,28.0,1.0,0.0,0.0,1.4,2.0,0.0,6.42,0.0,5.0,1.0,1.5,1.0,1.14,0.0,0.0,0.5,0.0,4.0,1.0,0
1.74,0.0,1.74,4.23,10.7,2.49,82.52,1.0,0.0,1.0,0.31,2.98,40.67,-1.98,0.0,6.96,2.0,10.62,3.98,2.49,0.0,47.67,0.31,0.0,3.0,3.98,0
-0.57,5.0,1.0,0.0,6.57,0.43,74.08,-0.14,-1.14,-1.14,9.14,0.0,0.0,6.42,1.0,1.43,0.43,0.77,0.0,0.57,0.0,-103.64,0.59,0.0,3.0,0.57,0
0.0,-0.81,1.0,0.0,4.81,1.0,39.11,0.19,0.0,0.81,2.56,2.43,-68.1,2.0,-3.05,-1.43,0.19,0.46,1.0,1.62,0.0,3.81,0.2,0.0,0.38,0.81,0
0.0,-0.57,1.0,0.0,-6.26,1.0,35.38,3.0,8.69,0.57,-3.21,1.0,9.1,7.14,40.39,11.55,2.57,11.3,0.0,2.0,0.0,33.56,0.41,0.0,1.57,1.71,0
0.75,0.0,1.0,0.0,7.75,1.75,127.89,1.0,-0.75,2.98,1.61,0.0,122.39,3.0,-5.22,2.24,1.75,-0.6,-0.49,2.0,0.0,2.24,0.62,0.0,1.25,3.75,0
0.0,0.0,1.0,0.0,7.04,1.0,39.73,-0.92,1.92,0.08,1.14,0.0,80.42,2.0,-1.92,1.08,0.04,2.8,4.0,2.0,0.0,145.26,0.01,0.0,5.0,0.96,0
0.0,0.0,1.0,0.0,2.23,1.0,19.7,1.0,-0.59,-1.18,2.71,0.0,139.49,7.18,0.0,-0.59,1.0,2.53,2.82,2.0,0.0,-4.71,0.6,0.0,3.41,-0.59,0
0.0,0.0,1.0,0.0,4.41,1.0,39.08,1.0,1.0,0.0,1.88,0.0,19.46,3.64,-0.59,2.0,1.59,0.2,-0.59,-0.95,0.0,25.95,0.6,0.0,-0.77,-0.59,0
1.0,-0.7,1.0,0.0,0.6,1.0,54.82,1.0,9.01,1.7,-0.59,0.0,71.21,2.0,49.06,13.61,1.0,6.45,-0.4,1.0,0.0,44.35,0.55,0.0,4.3,2.1,0
1.32,0.0,2.32,0.34,4.3,2.98,43.12,1.0,2.0,1.66,-0.05,0.66,132.5,1.68,0.0,12.62,1.66,4.02,2.64,2.32,0.66,3.0,0.33,0.0,2.32,0.0,0
0.71,2.43,1.0,0.0,8.28,1.71,308.24,8.13,2.14,9.98,6.83,0.71,0.0,6.43,3.43,11.98,1.71,5.07,3.0,1.0,0.0,10.56,0.2,0.0,2.29,3.56,0
0.0,0.0,1.0,0.0,1.17,0.08,5.51,2.83,0.0,-3.66,2.26,0.0,57.86,8.66,0.0,5.58,1.92,-3.09,-1.83,3.92,0.0,-174.96,0.65,0.0,4.0,0.0,0
0.0,0.0,1.0,0.0,5.52,1.0,81.9,2.0,9.39,0.0,1.4,0.0,74.88,3.78,57.45,10.43,2.0,16.59,0.0,-2.96,0.0,44.85,0.33,0.0,3.0,2.96,0
0.0,2.77,1.0,0.0,10.47,1.0,60.12,-4.55,0.0,0.0,8.62,0.0,100.0,4.15,4.62,-3.62,0.08,3.66,3.92,3.08,0.0,0.0,0.5,0.0,1.15,-1.77,0
0.0,-2.58,1.0,-1.58,7.44,0.14,11.11,0.14,-3.44,-0.86,4.56,0.0,42.97,0.28,0.0,-4.3,1.0,-0.34,0.86,2.86,0.0,0.0,0.5,0.0,2.14,1.72,0
0.0,0.0,1.0,0.0,7.25,1.87,65.77,1.0,2.13,1.0,1.77,0.0,-4.39,4.25,2.0,6.0,1.0,3.51,0.13,1.0,0.0,0.87,0.5,0.0,7.62,0.0,0
0.0,11.66,1.0,0.0,4.41,2.0,168.56,1.0,3.0,0.0,1.31,1.0,62.0,0.41,2.0,10.24,0.47,2.81,-0.53,0.47,0.0,53.0,0.54,0.0,2.06,1.06,0
4.0,0.0,1.0,1.0,8.05,2.76,96.43,1.76,0.0,4.24,-0.24,0.76,75.0,4.81,0.0,6.57,2.0,5.0,1.24,6.33,0.0,17.0,0.5,0.0,2.0,1.76,0
0.0,0.0,1.0,0.0,-2.65,2.0,64.79,2.02,0.51,1.0,-1.85,0.0,75.0,3.51,0.0,1.51,2.02,-0.97,2.0,1.0,0.0,0.0,0.5,0.0,2.47,0.0,0
1.09,0.0,1.0,-0.55,1.09,1.55,38.23,2.64,-0.55,-0.55,3.35,0.0,-45.42,7.64,0.0,-0.55,1.55,0.36,0.0,1.55,0.0,3.28,0.45,0.0,4.09,0.0,0
0.0,0.0,1.0,0.0,2.56,1.28,38.28,1.0,1.72,0.0,1.38,1.28,172.05,5.44,1.0,3.28,1.0,2.27,1.0,1.28,0.0,1.0,0.67,0.0,4.44,0.56,0
0.63,0.0,1.0,1.0,2.75,0.37,1.43,1.0,1.25,0.0,1.89,0.0,-9.4,1.37,0.0,4.39,1.0,-0.25,-0.63,2.0,0.0,1.88,0.6,0.0,3.63,0.0,0
1.63,0.0,1.0,11.63,10.8,1.63,453.98,0.37,1.27,5.07,1.06,0.0,90.03,1.47,0.0,4.53,1.63,4.13,0.0,0.73,0.0,1.9,0.5,0.0,-0.27,5.9,0
0.0,1.95,0.0,1.95,1.95,0.65,56.75,1.65,2.6,0.65,3.78,0.0,-32.45,3.3,0.0,3.24,1.0,1.43,0.0,0.0,0.0,4.0,0.67,0.0,3.0,0.65,0
0.0,0.0,1.0,0.0,-0.42,1.0,17.16,1.0,0.0,-0.86,1.94,0.0,0.0,6.42,0.0,5.0,0.14,2.33,1.0,2.0,0.0,35.1,0.36,0.0,2.86,2.0,0
-0.77,0.0,1.0,1.0,7.06,1.0,33.18,-0.53,0.0,0.0,3.99,0.0,16.07,2.77,2.3,-0.77,1.0,2.01,1.53,3.53,0.0,-1.53,0.37,0.0,0.7,-0.77,0
0.0,0.0,1.0,0.0,2.41,1.0,45.12,1.0,2.41,1.0,0.87,0.0,60.31,1.6,0.6,2.21,1.0,1.08,-1.41,-0.21,0.0,-27.14,0.6,0.0,4.0,0.6,0
0.0,2.88,1.0,0.0,7.94,0.06,31.37,1.0,-0.94,0.0,11.5,-0.94,-93.89,-3.76,3.94,-1.76,-0.94,1.94,1.94,0.06,0.0,2.06,0.34,0.0,4.94,3.0,0
0.0,0.67,1.0,0.0,1.67,2.0,29.34,0.33,0.33,1.0,4.69,0.33,83.0,-0.67,10.67,1.33,0.33,2.33,1.33,0.33,0.0,5.0,0.14,0.0,3.33,3.34,0
-1.84,0.0,1.0,-5.52,-4.44,-0.84,-46.76,3.92,3.84,-1.76,0.63,1.92,-74.56,9.68,0.0,7.84,2.0,-1.68,-0.92,1.92,0.0,-6.44,0.59,0.0,4.0,-0.92,0
1.0,0.0,2.0,0.0,8.32,2.0,268.84,1.0,0.66,1.66,0.44,0.0,87.43,1.34,3.98,10.32,2.66,7.51,1.32,-0.66,0.0,1.32,0.22,0.0,2.68,3.0,0
-0.99,0.0,1.0,0.99,1.02,1.0,-2.55,-0.98,-5.91,-0.98,0.68,-0.99,37.26,-0.94,-0.99,1.07,0.01,0.16,0.0,1.0,0.0,121.62,0.33,0.0,0.01,0.99,0
0.0,2.62,1.0,0.0,6.97,1.0,145.44,1.0,0.0,5.0,3.44,0.0,23.38,-2.28,1.31,1.66,2.34,2.19,0.66,-0.66,0.0,1.0,0.67,0.0,3.34,3.0,0
0.0,-1.5,1.0,0.0,4.0,2.0,33.49,1.0,0.0,1.0,-1.0,1.0,62.0,3.5,-0.5,2.5,1.5,4.25,1.0,1.5,0.0,0.0,0.5,0.0,1.5,0.5,0
0.0,0.0,1.0,0.0,2.16,1.08,14.92,1.0,0.0,-0.84,2.26,0.0,100.93,5.59,0.92,2.25,1.08,-0.26,1.0,3.75,0.0,-0.92,0.65,0.0,4.0,1.08,0
-2.14,0.0,1.0,0.71,4.42,0.29,-3.77,-0.42,0.0,-4.27,2.54,0.0,60.83,5.71,0.0,-1.56,0.29,-1.37,-0.42,6.71,0.0,-0.71,0.62,0.0,4.71,1.71,0
0.0,2.0,1.0,0.0,1.46,2.0,240.65,2.0,0.0,13.0,3.06,-0.91,100.0,5.73,0.0,-8.45,1.0,3.34,0.09,1.0,0.0,46.27,0.26,0.0,3.09,1.09,0
-0.98,0.0,1.0,-10.78,0.06,1.0,-230.82,1.0,0.0,0.0,1.95,0.0,4.94,4.04,1.0,6.88,1.0,-2.82,0.0,1.04,0.0,12.74,0.25,0.0,3.0,-3.92,0
0.0,0.0,0.0,0.0,-9.0,0.0,21.0,1.0,0.0,0.0,3.37,-2.0,-99.99,6.0,0.0,-5.0,1.0,1.5,0.0,2.0,0.0,-4.0,0.5,0.0,4.0,0.0,0
0.0,1.0,1.0,-0.53,11.53,1.0,30.36,1.0,-0.53,0.0,5.98,0.0,-40.69,-0.53,3.0,2.06,0.0,-0.18,0.0,1.53,0.0,-77.21,0.33,0.0,4.06,2.06,0
-0.99,-1.98,1.0,0.0,-0.96,0.01,-308.21,-8.89,0.01,-13.85,2.59,-0.99,0.0,1.02,-0.99,-9.87,0.01,0.11,0.99,1.01,0.0,-9.87,0.61,0.0,4.99,-0.96,0
3.0,0.0,1.0,2.22,7.05,2.0,166.86,2.0,3.44,8.61,0.2,0.0,122.72,7.22,0.0,12.0,1.0,4.01,0.39,-0.22,0.0,220.68,0.6,0.0,0.78,0.0,0
0.0,0.0,1.0,0.0,1.06,1.0,66.81,1.0,1.98,1.98,-0.08,0.0,-26.94,-0.94,1.0,9.92,2.0,-0.08,-0.98,0.02,0.0,7.92,0.34,0.0,4.98,2.98,0
0.0,0.0,1.0,-1.67,1.33,1.0,-43.16,1.0,1.5,0.17,1.17,0.0,75.05,3.5,2.0,3.17,1.0,-0.75,1.0,1.0,0.0,-39.24,0.64,0.0,7.17,0.0,0
0.0,0.0,1.0,0.0,5.8,1.0,41.22,1.0,0.0,0.2,1.97,0.0,33.0,6.0,0.0,4.0,1.0,1.87,-0.8,0.2,0.0,0.0,0.5,0.0,2.61,0.0,0
0.0,0.0,1.0,10.0,7.0,2.0,372.84,1.0,2.0,2.0,0.36,1.23,11.66,-0.23,1.0,8.07,2.0,3.71,1.61,1.61,0.0,0.0,0.5,0.0,1.0,4.0,0
0.0,0.0,1.0,0.78,9.66,1.78,235.3,3.33,4.88,2.55,0.67,0.0,87.0,4.78,-2.44,9.44,2.0,-1.96,1.22,1.22,0.0,2.78,0.2,0.0,-1.33,0.78,0
0.0,0.0,1.0,0.0,4.7,1.0,28.68,1.57,0.57,0.0,2.44,0.57,43.21,7.14,0.0,0.0,1.57,-0.28,-0.57,-1.84,0.0,0.0,0.5,0.0,0.3,0.43,0
-0.63,0.0,1.0,0.0,2.73,1.0,1.56,1.63,-5.07,-1.27,1.72,0.0,-63.41,2.37,-0.63,3.0,1.0,-0.38,1.0,0.37,0.0,-17.76,0.61,0.0,0.73,1.0,0
0.0,-2.42,1.0,-2.42,5.61,1.19,4.83,0.19,-1.61,-0.81,2.41,0.0,40.28,3.0,0.81,1.58,1.0,0.34,0.81,1.19,0.0,2.0,0.33,0.0,4.81,0.0,0
0.0,0.5,1.0,0.0,0.0,0.5,23.99,0.5,0.0,0.0,4.44,-0.5,0.0,3.5,0.5,-2.51,0.5,1.25,1.5,-2.51,0.0,41.0,0.33,0.0,3.5,0.0,0
0.0,0.99,1.0,0.0,16.86,1.0,44.85,1.0,0.0,-0.99,9.97,0.0,0.0,1.01,1.99,0.01,0.01,0.18,1.0,0.0,0.0,3.0,0.33,0.0,0.02,0.99,0
0.0,-0.96,1.0,0.0,8.78,1.0,29.74,1.0,0.0,0.0,3.84,0.0,100.0,6.0,0.0,-0.96,1.0,-5.78,0.96,1.96,0.0,0.0,0.5,0.0,2.0,2.96,0
0.95,0.0,1.0,1.9,2.95,1.0,39.29,1.0,2.0,1.0,0.65,0.0,7.61,1.05,0.0,7.05,1.95,2.33,0.95,1.95,0.0,-60.71,0.33,0.0,6.9,2.95,0
0.61,1.0,1.0,0.0,1.61,2.82,27.18,2.0,0.0,1.22,1.09,0.0,136.47,3.39,2.0,-3.51,2.0,4.1,1.61,0.0,0.0,7.29,0.54,0.0,2.78,0.61,0
0.0,0.0,1.52,0.0,6.18,2.05,73.82,2.05,10.0,1.0,0.15,1.57,68.27,2.0,72.0,13.23,1.0,20.59,0.48,0.48,0.0,64.75,0.2,0.0,1.95,4.0,0
0.0,4.23,2.0,1.0,7.7,3.0,56.05,1.0,0.0,0.3,2.95,1.0,42.74,1.3,0.7,2.59,-0.41,2.33,1.0,1.0,0.0,-31.72,0.5,0.0,3.7,0.7,0
0.0,0.0,1.0,0.0,8.63,1.0,62.42,1.0,0.0,2.0,1.64,0.0,2.93,0.74,0.0,4.89,1.0,6.26,4.0,1.37,0.0,2.0,0.33,0.0,5.63,0.0,0
0.0,0.0,1.0,0.0,3.0,1.0,37.0,1.0,2.0,1.0,1.12,0.0,60.0,4.0,0.0,7.0,1.0,1.4,0.0,1.0,0.0,1.0,0.33,0.0,1.0,0.0,0
0.0,0.0,1.0,0.0,5.24,1.38,42.16,1.0,1.0,0.76,1.12,0.0,99.44,4.73,0.0,0.89,1.38,1.13,-0.62,2.0,1.0,-1.87,0.66,0.0,3.0,0.62,0
0.0,0.0,1.0,0.0,5.12,1.0,24.08,1.0,-2.51,1.0,2.18,0.0,-12.73,7.0,-7.53,-0.14,1.0,2.61,1.0,2.25,0.0,0.0,0.5,0.0,1.75,0.0,0
0.0,0.0,1.0,0.0,6.06,1.0,34.51,1.0,-0.94,0.0,2.35,0.0,100.0,4.87,-1.87,-3.75,1.0,-1.01,1.0,2.94,0.0,4.68,0.27,0.0,1.06,2.06,0
0.0,4.93,1.0,0.0,9.93,1.0,84.73,1.0,-0.64,-0.64,11.39,0.0,-38.66,5.29,7.58,-1.58,1.0,-1.19,-0.29,1.0,0.0,-5.15,0.66,0.0,1.36,-1.29,0
-18.62,0.0,0.32,0.0,3.29,3.32,-380.08,1.0,0.68,-11.53,0.46,0.32,1.14,4.71,0.0,5.03,-0.35,2.05,2.0,2.35,0.0,-1336.64,0.44,0.0,2.68,-0.71,0
0.0,0.0,1.0,0.82,7.11,1.82,235.03,3.46,4.93,1.64,1.19,0.0,100.0,3.36,0.82,7.57,1.0,1.35,-0.82,0.54,0.0,-3.28,0.57,0.0,1.36,1.64,0
-0.93,1.0,0.07,0.0,-3.56,0.07,-129.34,-1.7,-7.41,-5.56,5.63,0.0,7.41,-0.7,9.0,-3.63,1.07,-0.18,0.0,1.0,0.0,-76.78,0.33,0.0,3.0,0.15,0
1.0,0.0,1.0,0.0,6.7,2.0,91.81,3.0,2.0,2.9,0.34,0.0,100.0,-3.51,0.0,4.1,2.9,2.29,0.0,0.1,0.0,182.0,0.33,0.0,3.0,0.0,0
0.0,0.0,1.0,0.0,8.61,2.0,45.54,2.0,1.22,0.0,1.43,-0.22,61.03,7.22,0.61,4.17,2.0,0.81,0.0,6.78,0.0,0.0,0.5,0.0,2.0,1.0,0
0.0,0.0,1.0,0.0,3.28,1.0,30.25,3.0,-0.64,0.0,0.29,1.28,-51.77,2.0,0.0,2.36,2.0,2.9,2.56,5.2,0.0,3.64,0.23,0.0,-1.56,0.0,0
0.0,0.8,1.0,0.0,5.0,1.0,-3.7,1.0,0.0,-0.8,4.21,0.0,-40.14,5.8,1.0,0.2,-0.61,7.63,1.61,2.0,0.0,0.0,0.5,0.0,5.0,0.0,0
0.0,-5.05,1.0,0.0,4.28,1.0,43.8,1.0,0.0,0.0,-2.08,1.0,72.15,8.05,-0.72,19.89,1.72,2.1,1.0,1.72,0.0,-12.87,0.5,0.0,4.72,1.0,0
-0.72,3.0,1.0,0.0,5.83,1.0,-42.48,-1.9,-5.79,-4.34,8.93,0.0,0.0,4.0,5.0,-2.62,0.28,5.48,6.79,2.45,0.0,-60.83,0.5,0.0,4.17,-2.17,0
0.0,1.0,1.0,0.0,9.72,1.0,9.3,1.0,-0.55,0.0,6.2,0.0,-7.11,-2.19,-0.09,-1.09,0.0,-1.41,0.45,1.0,0.0,3.28,0.64,0.0,0.91,1.55,0
0.0,0.77,1.0,0.0,6.06,1.0,27.83,1.0,0.0,-0.77,3.75,0.0,100.0,3.47,0.0,1.23,1.0,0.0,0.0,0.94,0.0,-0.77,0.63,0.0,3.23,0.0,0
0.53,0.0,1.0,0.0,2.94,1.53,16.5,1.0,-0.53,-0.53,1.68,0.0,87.25,6.0,-3.72,0.47,1.0,2.55,2.47,4.0,0.0,0.0,0.41,0.0,1.94,1.53,0
-0.98,0.0,1.0,-10.73,2.1,1.0,-174.65,1.98,1.0,4.0,1.74,0.0,59.93,1.98,7.0,0.02,1.0,4.39,2.0,1.98,0.0,0.98,0.34,0.0,5.95,-2.9,0
1.0,0.0,2.0,0.0,5.18,2.0,118.4,1.0,-2.73,0.09,0.93,0.0,44.09,-0.73,-0.73,4.45,0.18,4.98,1.82,2.73,0.0,-9.11,0.09,0.0,5.82,3.0,0
0.0,-6.79,1.0,0.0,4.03,2.0,69.06,1.0,0.97,2.97,-2.66,0.0,96.17,2.94,0.0,8.85,2.97,6.49,2.91,0.0,0.0,-12.57,0.19,0.0,3.97,1.97,0
-0.58,0.0,1.0,5.18,3.85,1.0,82.86,1.0,0.0,-2.45,1.66,0.0,23.8,6.0,0.58,4.0,1.0,1.01,0.58,1.0,0.0,-2.3,0.6,0.0,1.0,0.58,0
0.0,0.0,1.0,0.0,4.09,1.54,41.71,1.0,1.0,0.54,1.17,0.0,89.11,4.46,0.0,3.09,1.54,0.55,0.0,1.0,0.0,-36.49,0.41,0.0,7.09,0.54,0
0.0,2.0,1.0,0.0,19.3,1.0,55.85,1.0,0.7,-0.7,10.86,0.0,26.08,-1.41,3.41,2.41,0.7,6.59,1.7,1.0,0.0,1.41,0.38,0.0,2.18,-0.7,0
0.0,0.0,1.0,1.0,1.51,0.42,16.56,1.0,0.0,-1.74,2.11,-0.58,38.95,5.33,-0.58,-0.58,1.0,0.47,0.58,3.74,0.0,0.0,0.5,0.0,2.42,1.0,0
2.0,0.0,1.0,6.0,7.0,3.0,155.47,2.96,1.0,4.93,-1.14,2.89,48.24,-0.89,-0.96,24.27,2.96,3.94,1.96,-0.93,0.0,10.85,0.4,0.0,1.0,1.0,0
0.0,0.0,0.14,-2.59,-8.24,-0.73,5.15,2.73,0.86,1.86,2.06,-3.46,0.0,2.73,0.0,-2.32,2.86,-6.07,-2.46,-3.19,0.0,-51.87,0.72,0.0,3.86,-2.59,0
0.43,0.57,1.0,0.0,6.57,-0.71,176.28,5.0,8.0,4.86,5.02,-0.57,65.7,4.86,1.71,4.43,1.43,0.1,-0.57,0.0,0.0,77.14,0.5,0.0,3.14,3.57,0
0.0,0.0,1.0,0.0,1.45,1.0,17.8,1.0,0.0,0.0,1.14,0.0,100.0,5.0,0.0,8.2,1.0,1.52,1.77,10.65,0.0,6.2,0.71,0.0,1.68,-1.32,0
-2.14,0.0,1.0,0.0,-0.71,-0.43,-38.95,1.0,0.29,-2.14,1.52,-2.14,53.6,5.71,-1.43,-8.85,1.0,-1.38,0.29,2.71,0.0,-59.25,0.54,0.0,6.86,2.43,0
1.0,0.0,2.0,3.0,12.71,4.29,77.44,0.36,-1.29,0.64,0.04,4.64,33.81,-3.51,0.0,10.64,1.0,11.77,5.29,6.0,0.64,64.0,0.25,0.0,4.29,4.64,0
0.0,0.0,1.0,0.0,4.66,1.0,29.53,1.0,1.17,1.0,2.74,0.0,60.0,5.66,0.83,6.17,1.0,0.57,0.0,1.0,0.0,-0.66,0.47,0.0,1.83,-2.49,0
1.73,0.0,1.0,0.73,10.4,4.73,243.04,-0.47,0.73,5.67,0.65,1.0,51.93,-0.94,0.0,3.0,1.0,4.45,2.0,1.0,0.0,17.2,0.5,0.0,1.27,4.2,0
0.0,0.0,0.19,-1.63,-1.07,0.19,-63.24,1.0,-3.25,-0.81,5.4,0.0,43.05,1.12,0.0,-2.44,1.0,-3.07,0.0,0.19,0.0,-34.98,0.77,0.0,3.63,1.0,0
0.0,0.0,1.0,0.0,1.22,1.0,25.78,1.0,0.0,-0.89,1.09,0.0,70.65,2.33,0.0,4.56,1.0,1.01,0.89,3.89,0.0,2.78,0.19,0.0,4.78,0.89,0
0.0,0.0,1.0,0.0,3.68,1.0,61.05,1.0,0.0,1.68,0.75,0.0,-19.66,-1.71,0.0,2.0,2.68,2.86,1.68,2.0,0.0,0.0,0.5,0.0,2.32,0.0,0
0.0,0.0,1.0,0.0,3.59,1.0,18.88,1.0,0.0,0.0,3.45,-1.77,90.58,4.23,0.0,0.0,1.59,0.45,0.59,1.0,0.0,-0.59,0.6,0.0,2.59,1.41,0
0.0,0.0,1.0,0.0,17.0,1.0,51.21,1.0,-2.11,0.0,3.11,0.0,47.37,1.0,-0.53,1.89,2.0,-0.92,0.0,2.05,0.0,104.0,0.4,0.0,1.0,-0.53,0
0.0,0.0,1.0,0.0,4.82,1.0,56.72,-1.73,-1.82,0.91,2.26,-0.91,145.44,-1.36,1.82,-2.54,1.91,4.27,1.91,6.91,0.0,0.0,0.5,0.0,6.73,1.91,0
0.0,0.0,1.0,0.0,6.93,1.0,52.19,1.0,0.47,0.0,1.89,0.0,46.53,7.0,-1.07,9.6,1.0,3.16,3.0,2.0,0.0,1.07,0.41,0.0,0.47,-0.53,0
0.0,-1.49,1.0,0.0,-2.46,2.0,24.07,1.0,1.74,0.0,-2.16,1.0,100.0,8.46,-0.74,5.49,1.74,1.26,1.26,2.74,0.0,1.0,0.67,0.0,1.51,0.26,0
0.0,1.39,1.0,0.0,5.09,1.0,32.09,1.0,0.0,0.0,2.35,11.0,0.0,-2.18,0.7,8.3,0.3,2.75,2.09,-0.39,0.0,2.0,0.33,0.0,3.7,1.7,0
0.0,0.0,1.0,0.0,7.19,1.8,80.32,1.0,0.8,1.8,1.41,0.0,122.02,1.0,0.0,2.39,2.8,1.42,0.2,1.8,0.8,0.0,0.5,0.0,2.2,0.0,0
1.67,0.0,1.0,0.67,5.37,1.67,103.3,1.0,2.0,3.02,0.39,0.0,43.84,-0.69,2.02,14.06,1.0,5.15,1.67,-0.35,0.0,6.37,0.78,0.0,5.67,0.67,0
3.0,0.58,1.0,0.0,5.92,1.42,49.06,3.0,0.0,5.42,3.5,0.0,11.21,1.42,1.17,1.5,2.0,2.35,2.0,0.42,0.0,-107.03,0.43,0.0,1.42,0.0,0
0.0,0.0,1.0,0.0,4.18,0.24,163.13,1.0,4.0,3.0,2.8,-0.76,166.44,7.53,3.0,2.41,3.0,-0.49,-0.76,-0.76,0.0,16.47,0.73,0.0,2.76,1.0,0
0.0,-3.65,1.0,2.74,6.26,2.91,55.56,1.91,3.65,0.91,-3.16,1.0,45.63,7.56,-0.91,10.56,1.91,6.01,1.0,2.0,0.0,-18.08,0.42,0.0,3.91,1.0,0
0.84,1.68,1.0,0.0,6.53,1.84,330.9,9.42,1.68,10.11,1.4,0.84,56.44,6.37,1.68,14.11,1.84,2.33,-1.68,0.32,0.0,3.37,0.41,0.0,3.16,3.37,0
1.0,0.0,1.0,2.0,7.11,2.0,98.36,1.0,0.56,5.44,0.56,1.0,107.87,0.44,0.0,2.44,2.0,3.65,0.0,1.56,0.0,0.0,0.5,0.0,2.0,0.56,0
0.0,0.0,1.0,0.0,6.34,1.0,90.14,1.83,0.83,0.83,7.14,0.0,0.0,-0.48,0.0,7.45,1.83,1.24,0.0,0.17,0.0,5.8,0.64,0.0,3.48,4.48,0
0.0,0.0,1.0,0.0,4.76,1.38,24.67,1.0,-1.87,-2.49,2.54,5.38,-28.6,5.49,0.0,1.76,1.0,-1.01,0.0,2.62,0.0,-117.75,0.44,0.0,3.24,0.0,0
0.0,0.0,1.0,0.0,6.06,1.0,121.6,8.0,1.0,3.0,0.94,0.0,100.0,2.94,3.51,12.51,2.0,1.76,0.51,0.49,0.0,3.54,0.25,0.0,2.49,4.0,0
0.0,0.0,1.0,1.9,4.9,1.0,121.01,1.0,3.8,0.95,1.29,0.0,166.58,8.8,0.0,2.95,1.0,3.12,0.0,4.0,0.0,44.7,0.34,0.0,2.1,0.0,0
0.0,0.0,1.0,0.0,8.05,1.56,86.45,1.0,0.0,1.56,0.02,0.0,60.12,0.32,0.0,4.37,1.0,4.15,0.56,-1.68,0.0,80.87,0.41,0.0,2.0,1.56,0
-0.7,0.0,1.0,0.0,0.91,0.3,-73.72,1.0,0.0,-5.58,3.98,0.0,39.28,5.7,0.7,-0.09,0.3,-1.74,0.7,2.3,0.0,0.0,0.27,0.0,2.3,-1.4,0
0.0,0.91,1.0,0.0,12.73,2.0,63.2,-4.47,0.0,3.0,8.26,1.0,33.0,1.09,2.82,-1.65,0.09,5.81,4.73,0.09,0.0,1.82,0.41,0.0,3.09,-1.73,0
0.0,0.0,1.0,0.0,5.63,1.0,19.39,-0.26,-0.63,-1.89,3.54,0.0,0.0,7.63,0.0,-2.15,0.37,3.53,4.52,2.63,0.0,-0.63,0.61,0.0,4.26,0.0,0
0.0,0.89,1.0,0.0,4.78,1.0,52.23,-1.67,0.22,1.0,7.32,-0.89,70.0,-0.67,1.78,0.44,0.11,2.91,2.67,1.89,0.0,7.78,0.66,0.0,4.78,1.0,0
0.0,0.0,1.0,1.0,10.84,1.0,85.78,3.0,0.0,2.0,1.65,0.0,62.0,1.39,2.0,2.65,2.65,3.62,0.0,-1.61,0.0,68.26,0.49,0.0,0.69,-1.31,0
0.0,0.0,1.0,0.0,4.21,1.0,51.92,1.0,0.0,1.0,1.89,0.0,-60.5,-1.42,0.0,0.79,2.61,3.11,1.0,-0.42,0.0,0.0,0.5,0.0,3.0,0.0,0
1.0,0.0,1.0,0.0,9.9,2.0,175.71,1.0,2.95,5.21,0.49,0.0,99.33,1.0,2.21,2.95,2.47,7.03,0.26,-1.21,0.0,13.27,0.41,0.0,1.26,2.74,0
0.0,0.0,1.0,0.0,3.0,1.0,-9.46,-2.44,2.0,-0.38,1.74,0.0,86.51,-0.06,0.0,-0.81,0.31,-0.19,0.0,2.38,0.0,1.87,0.86,0.0,4.38,1.0,0
0.68,0.0,1.0,0.0,9.07,1.68,57.12,1.0,1.0,0.68,1.11,1.36,-42.78,3.28,0.0,4.72,1.68,2.04,0.0,1.32,0.0,8.15,0.39,0.0,1.0,0.0,0
1.0,0.67,1.0,1.0,7.33,2.0,120.33,1.0,0.0,3.0,3.6,-1.34,76.0,-1.01,4.34,7.31,0.33,5.61,1.67,0.33,0.0,6.0,0.5,0.0,4.67,0.33,0
0.0,0.0,1.0,0.0,-0.18,1.0,5.53,1.0,0.0,0.0,2.5,0.0,76.43,6.91,-1.91,0.0,0.36,-2.07,-1.27,0.36,0.0,-1.27,0.61,0.0,5.91,0.0,0
-1.64,0.82,1.0,0.0,3.36,1.18,60.37,-0.64,-0.82,2.0,2.18,0.0,119.8,-0.64,4.09,2.36,2.0,2.36,0.0,-1.64,0.0,-6.36,0.54,0.0,3.82,1.0,0
2.0,0.0,1.61,0.0,3.0,1.61,47.04,4.22,1.83,0.0,-2.16,2.61,100.0,5.44,0.0,15.26,2.61,2.4,0.0,2.22,0.0,1.0,0.33,0.0,2.39,0.39,0
0.0,0.0,1.0,1.0,12.36,2.56,298.78,4.0,6.0,2.56,0.89,0.56,72.03,3.0,-0.12,7.88,1.0,3.21,2.24,0.56,0.0,1.0,0.33,0.0,0.44,2.44,0
0.0,0.0,2.0,0.0,20.0,6.0,153.2,7.89,1.02,6.97,-0.01,5.0,69.68,4.0,-81.67,13.9,1.98,-13.58,4.02,1.02,0.0,274.06,0.46,0.0,5.97,3.94,0
7.14,5.36,1.0,8.03,4.0,2.79,148.18,9.03,0.0,8.93,1.46,0.0,166.95,6.0,6.25,10.82,1.0,5.41,2.11,2.21,0.0,106.22,0.29,0.0,3.0,3.68,0
0.0,0.0,1.0,3.4,3.4,1.0,55.88,1.85,2.55,0.0,3.64,0.0,52.67,8.55,0.0,1.7,0.15,2.45,2.85,3.7,0.0,158.0,0.5,0.0,3.0,0.0,0
0.0,-1.17,1.0,0.0,1.83,2.0,48.51,-0.17,1.0,2.58,1.57,0.0,110.06,4.58,-0.58,5.75,0.42,3.87,1.17,1.0,0.0,5.67,0.19,0.0,1.58,1.17,0
0.0,-0.58,1.0,0.0,3.58,1.0,29.79,2.0,5.0,0.0,-2.42,0.0,100.0,4.58,1.0,9.42,2.0,1.12,0.0,0.58,0.0,0.85,0.31,0.0,3.0,0.0,0
1.0,0.0,1.0,0.0,13.39,2.73,64.66,1.0,0.0,1.0,0.83,2.0,91.83,3.19,0.0,7.92,1.27,4.71,0.0,2.0,0.0,147.24,0.21,0.0,3.0,0.73,0
1.66,4.0,1.0,4.99,9.32,2.66,121.63,1.83,0.83,2.49,4.01,0.0,-15.79,-2.49,2.0,5.16,0.83,3.67,1.83,0.0,0.0,5.82,0.42,0.0,1.34,0.83,0
0.0,0.0,1.0,0.0,6.66,1.0,34.56,1.0,-2.85,-3.8,3.05,0.0,-43.74,6.95,0.0,6.8,1.0,1.36,0.05,3.95,0.0,-179.72,0.5,0.0,4.9,0.95,0
0.0,0.0,0.36,0.0,11.0,1.36,77.07,1.0,1.0,1.0,2.86,1.0,50.0,-0.21,0.0,2.36,1.0,5.0,5.0,-0.21,0.0,-23.77,0.61,0.0,3.0,1.0,0
0.0,0.0,1.66,-0.66,12.6,1.66,11.03,1.0,-1.97,-1.32,7.54,1.32,11.84,1.34,-1.97,0.66,1.66,1.8,0.0,1.66,0.0,2.63,0.5,0.0,2.32,1.34,0
0.0,0.0,1.0,0.0,6.67,2.0,33.33,0.33,0.67,0.0,1.5,6.0,0.0,3.0,0.0,2.33,0.33,-0.67,0.0,2.0,0.0,1.0,0.33,0.0,0.66,0.0,0
1.95,0.0,2.95,0.0,11.84,3.92,86.05,1.0,1.0,0.97,0.29,0.97,75.66,1.11,-0.97,8.87,1.97,7.31,4.89,3.95,0.97,1.0,0.33,0.0,2.95,0.97,0
-2.0,2.0,-1.0,1.0,-4.0,-2.0,-13.98,1.0,0.0,-1.0,7.23,-1.0,-74.96,0.0,1.0,-4.0,-1.0,2.25,4.0,1.0,-1.0,0.0,0.5,0.0,2.0,0.0,0
0.0,0.0,1.0,0.88,5.27,1.88,235.14,2.76,3.51,0.88,3.01,-1.76,14.93,4.24,0.0,1.76,0.12,3.3,2.0,2.0,0.0,-10.54,0.57,0.0,1.24,1.76,0
0.92,0.0,1.0,0.0,3.92,1.92,59.64,2.84,1.84,1.84,1.83,0.0,191.81,3.16,0.0,-1.75,1.92,-0.05,-0.92,2.08,0.0,165.25,0.5,0.0,4.0,-0.92,0
0.0,0.0,1.0,0.0,3.39,1.0,14.98,1.0,-1.22,-0.61,1.84,0.0,10.33,3.61,-1.22,4.22,1.0,0.59,2.22,1.61,0.0,0.0,0.5,0.0,-0.43,1.0,0
0.0,1.0,1.0,0.0,-0.51,1.0,38.93,0.3,-0.7,0.7,5.44,0.0,-28.07,-4.21,2.7,3.1,-0.7,3.68,2.7,1.0,0.0,5.61,0.32,0.0,6.4,1.4,0
0.0,3.0,1.0,-2.47,11.3,1.82,-144.01,-0.65,0.0,-10.72,8.0,0.82,-75.87,5.65,5.0,5.12,0.18,1.74,1.82,2.65,0.0,1.65,0.36,0.0,2.82,-3.3,0
0.0,2.0,1.62,0.62,8.49,3.24,293.81,2.0,0.0,13.62,-0.0,0.62,78.84,1.13,0.0,8.87,1.0,6.04,1.62,-0.24,0.0,49.0,0.2,0.0,3.38,2.0,0
0.0,0.0,0.48,0.0,-3.3,0.48,20.33,1.0,0.0,0.52,1.73,0.52,55.93,6.57,0.0,-2.15,0.48,-0.61,-0.52,3.52,0.0,-1.57,0.41,0.0,2.48,0.52,0
0.0,0.0,1.0,-3.7,1.45,0.08,-4.94,0.08,-2.77,-0.92,1.98,0.0,7.54,0.23,0.0,-3.7,1.92,0.74,1.0,2.0,0.0,-172.89,0.65,0.0,2.0,2.08,0
0.0,0.0,1.0,0.0,7.41,1.0,51.95,1.0,2.68,0.0,0.58,0.0,167.58,6.0,0.0,7.73,1.0,4.26,2.03,-0.03,0.0,-27.71,0.5,0.0,2.65,1.0,0
0.51,0.0,1.0,0.0,5.0,2.0,62.17,2.02,5.12,1.02,0.33,1.51,0.0,4.54,0.51,5.56,1.51,0.12,-1.54,0.46,0.0,14.34,0.41,0.0,4.0,1.49,0
1.0,0.0,1.0,0.0,1.42,1.0,27.54,3.0,3.0,2.0,1.04,-1.15,157.6,6.15,0.0,0.7,2.0,-0.01,-0.58,1.58,0.0,0.0,0.5,0.0,2.0,-0.58,0
0.0,-1.24,1.0,0.0,1.76,0.38,-81.51,1.0,1.24,-6.41,1.27,0.0,58.0,1.38,0.0,5.71,1.62,-0.37,0.0,0.0,0.0,42.68,0.69,0.0,1.0,0.62,0
-0.71,0.0,1.0,-0.71,2.88,-1.12,90.24,1.0,-0.71,3.82,2.08,-1.41,42.88,6.0,-1.41,-0.24,2.41,-1.66,-1.41,0.29,0.0,-118.61,0.69,0.0,1.71,1.41,0
-0.96,0.0,1.0,0.0,2.04,0.04,-24.99,-0.92,-1.92,-1.92,1.36,10.57,3.94,5.96,0.0,5.84,0.04,-1.04,0.0,3.0,0.0,-172.91,0.5,0.0,3.0,0.96,0
-7.41,-5.56,1.0,-8.34,6.85,0.15,-104.98,-7.34,0.93,-9.27,2.52,1.0,-13.9,3.93,-5.56,-5.34,0.07,0.51,2.78,2.93,0.0,-102.85,0.48,0.0,4.0,1.07,0
0.0,0.0,1.0,9.17,7.75,1.92,333.91,1.0,1.83,0.92,2.32,0.0,1.83,1.0,0.92,4.58,2.0,3.35,0.0,0.0,0.0,0.0,0.5,0.0,2.17,3.67,0
-0.91,0.0,1.0,0.91,9.74,-0.83,260.76,4.74,7.48,0.0,2.45,-0.91,136.52,6.91,5.91,11.48,2.0,1.02,-1.83,-0.91,0.0,-10.78,0.18,0.0,2.09,0.91,0
0.0,0.0,1.0,0.0,7.34,1.0,30.2,1.0,1.0,-2.01,2.52,0.0,47.66,8.35,1.34,3.33,0.33,3.31,2.34,2.67,0.0,1.0,0.33,0.0,1.67,-1.34,0
1.0,0.0,1.0,0.0,0.63,1.0,31.1,3.0,10.0,2.0,-4.58,2.69,100.0,9.84,1.0,10.22,2.0,2.16,0.84,1.84,0.0,28.0,0.33,0.0,5.53,-0.84,0
0.0,-0.87,1.87,0.87,2.51,2.74,46.94,1.0,1.0,2.87,-2.21,0.87,90.52,4.74,-2.61,4.61,1.87,4.53,2.87,3.0,0.0,7.13,0.48,0.0,4.0,0.13,0
1.0,2.48,1.0,2.0,7.86,2.0,103.65,1.0,0.0,6.0,2.96,1.0,17.98,-2.1,1.24,2.38,1.38,4.11,0.62,-0.86,0.0,0.0,0.5,0.0,2.0,0.0,0
0.89,0.0,1.89,0.0,16.03,2.78,91.89,1.0,0.0,2.89,-1.62,1.78,98.99,1.11,0.0,7.46,1.89,7.68,4.0,3.78,0.0,10.03,0.18,0.0,5.0,0.0,0
0.86,0.0,1.0,0.0,11.71,2.86,78.99,1.0,1.0,2.86,-0.42,1.71,95.7,-3.28,0.0,5.71,2.86,3.0,-0.86,1.14,1.0,10.28,0.36,0.0,3.0,0.0,0
0.0,0.0,1.0,0.0,4.83,1.0,113.18,6.0,0.92,2.92,-0.57,0.0,64.08,6.17,2.75,11.67,2.92,4.58,1.83,1.92,0.0,7.83,0.18,0.0,0.08,-1.83,0
0.0,0.0,1.0,0.0,2.76,1.0,30.24,1.0,2.0,0.0,-0.06,1.52,38.62,6.0,0.0,3.0,1.0,4.36,3.03,4.27,0.0,0.76,0.37,0.0,3.24,1.0,0
0.0,0.0,1.0,0.0,2.57,1.0,-4.45,-0.99,-0.57,-1.71,1.67,0.0,-56.97,-0.28,-1.71,-3.84,2.0,1.21,0.0,1.43,0.0,1.86,0.43,0.0,1.57,-2.28,0
-2.25,2.0,1.0,-0.56,10.44,0.44,8.61,1.0,0.56,-2.81,6.49,0.0,14.04,0.56,1.56,0.56,-0.56,-0.76,-0.12,1.56,0.0,-9.55,0.5,0.0,3.0,0.44,0
0.0,-2.47,1.0,0.0,3.15,1.0,17.2,1.0,0.0,0.0,-0.02,0.0,61.65,9.08,0.77,1.0,1.62,2.58,2.38,3.85,0.0,0.0,0.5,0.0,3.0,0.0,0
0.0,0.0,1.0,0.0,2.19,1.0,36.77,1.55,1.1,0.55,2.5,0.55,27.4,4.45,0.0,1.64,1.0,0.86,0.45,-0.1,0.0,41.0,0.33,0.0,3.0,0.55,0
0.73,-2.18,1.0,-0.73,3.73,0.27,21.29,0.27,-0.91,1.0,1.21,0.0,81.62,-0.91,0.0,1.09,1.73,1.3,0.73,1.0,0.0,6.0,0.75,0.0,3.0,1.0,0
0.0,0.0,1.0,0.0,8.0,3.0,78.44,1.0,0.0,1.66,0.44,1.0,22.31,-0.98,0.0,3.0,2.0,5.85,4.0,-1.64,1.0,44.83,0.5,0.0,1.02,1.0,0
0.0,0.0,1.61,0.0,5.04,1.61,59.33,4.0,2.0,0.0,-1.71,1.61,0.0,8.61,0.0,16.32,2.0,1.23,0.61,0.61,0.0,1.82,0.46,0.0,2.21,0.0,0
0.0,0.0,1.0,0.0,6.76,2.0,40.05,1.0,0.76,0.0,0.69,6.0,75.57,2.24,0.76,1.49,1.0,-0.06,-0.76,2.0,0.0,1.0,0.33,0.0,2.0,-1.51,0
0.0,1.43,1.0,2.14,2.29,1.71,106.3,1.71,2.86,1.71,-0.18,0.0,35.74,3.14,-1.43,6.57,2.0,-6.58,-1.14,2.0,0.0,0.0,0.5,0.0,2.29,0.0,0
1.15,0.0,1.0,0.0,2.28,1.0,38.99,2.15,-0.57,1.0,1.41,1.15,0.0,-0.15,0.0,4.01,2.57,1.03,0.43,0.43,0.0,0.0,0.5,0.0,3.15,0.57,0
-1.95,7.0,1.0,0.0,9.25,1.0,43.59,0.35,0.0,-3.9,5.73,0.65,-35.76,2.6,1.0,0.65,0.0,-2.28,-1.3,5.55,0.0,21.35,0.51,0.0,2.0,1.65,0
0.0,6.08,1.0,0.0,-4.14,1.0,75.3,1.92,3.69,0.0,1.12,0.0,92.23,2.77,10.22,4.61,0.92,0.58,-0.92,0.08,0.0,22.0,0.4,0.0,4.77,0.08,0
0.0,0.0,1.0,0.0,6.37,2.0,41.88,1.46,-1.09,0.0,0.93,1.0,0.0,3.29,0.0,4.91,1.46,0.39,-0.54,8.54,0.0,0.0,0.5,0.0,2.54,2.63,0
0.0,0.0,1.0,0.0,1.5,1.0,36.99,7.0,0.0,0.0,0.4,0.0,9.56,7.01,0.0,3.99,2.0,1.54,1.51,4.01,0.0,0.5,0.42,0.0,2.99,2.5,0
0.0,0.0,1.0,0.0,2.27,1.0,8.45,1.0,0.73,0.27,2.14,0.0,-3.25,3.18,-1.45,3.45,0.55,-1.33,-0.73,0.0,0.0,45.0,0.5,0.0,0.27,-0.73,0
-0.61,0.0,1.0,0.0,1.93,1.61,-40.17,-1.46,-4.3,-2.07,1.07,0.61,39.56,0.54,0.0,0.16,0.39,3.42,1.0,1.61,0.0,-49.74,0.35,0.0,5.0,-0.84,0
-20.54,0.0,0.34,0.0,-0.31,-0.32,-397.89,-0.99,1.32,-11.59,1.6,-0.66,-24.63,1.0,0.0,4.65,0.01,-0.86,0.0,0.66,0.0,-1281.85,0.5,0.0,2.99,-1.32,0
3.0,0.0,1.0,-2.19,7.26,2.45,126.96,1.0,3.55,2.9,0.45,3.0,65.0,2.1,2.55,26.55,1.55,5.64,0.45,-1.1,0.0,-15.59,0.36,0.0,1.0,0.0,0
3.0,0.0,1.0,0.0,11.87,3.0,149.38,1.0,3.0,3.38,0.95,3.0,83.12,2.25,2.0,26.0,0.38,5.6,1.0,0.62,0.0,87.0,0.27,0.0,0.38,1.87,0
0.0,0.0,1.0,1.0,5.99,1.0,59.0,1.01,-2.99,2.0,3.56,0.0,161.74,3.0,2.0,-4.98,1.0,6.37,2.99,0.0,0.0,1.0,0.67,0.0,3.99,0.0,0
0.0,0.0,1.0,0.0,7.69,0.22,165.28,1.0,0.78,0.22,2.33,-0.78,92.41,5.13,2.35,5.91,2.56,0.84,-1.56,-0.78,0.0,-67.3,0.71,0.0,1.78,0.78,0
0.0,0.0,1.0,0.0,10.5,1.79,51.92,1.0,0.0,2.36,1.64,1.79,47.37,3.64,0.79,1.79,1.0,4.62,3.57,2.43,0.0,0.0,0.5,0.0,3.0,0.79,0
-2.43,-4.43,3.0,-6.65,11.48,3.26,272.86,-1.96,0.0,4.69,0.95,1.0,88.3,1.0,-5.17,12.17,2.0,4.38,4.0,4.74,1.0,-82.01,0.58,0.0,5.0,2.48,0
0.0,-0.75,1.0,0.0,-3.47,1.0,16.78,1.0,0.0,0.0,-2.21,0.0,174.7,8.74,-0.75,1.75,1.75,0.25,0.25,4.49,0.0,5.75,0.13,0.0,3.75,0.25,0
1.29,0.0,1.0,0.0,4.35,2.65,28.83,2.29,-0.65,-0.65,0.83,1.0,-64.58,5.58,0.0,-0.87,1.0,0.36,-0.65,2.65,0.0,0.65,0.34,0.0,3.35,0.06,0
0.0,0.73,1.0,0.0,1.54,1.0,34.81,1.73,4.0,0.27,1.72,0.0,123.12,8.19,5.66,6.19,1.0,2.13,0.27,-0.46,0.0,0.0,0.5,0.0,3.73,0.0,0
0.63,0.0,1.63,1.9,11.87,2.27,64.87,1.0,4.0,1.0,-0.23,2.53,91.8,2.83,2.0,10.33,1.0,7.27,2.27,3.53,0.0,40.54,0.34,0.0,3.0,2.53,0
0.0,0.0,1.0,0.0,3.0,1.0,32.0,1.0,0.0,0.0,2.08,0.0,41.93,1.0,0.0,0.0,2.0,0.0,0.0,0.0,0.0,0.0,0.5,0.0,2.16,-0.84,0
0.0,1.0,1.0,0.0,0.72,1.0,27.72,2.0,1.28,0.64,2.09,0.0,74.39,1.08,9.0,2.92,2.0,1.76,0.0,0.36,0.0,1.64,0.23,0.0,1.72,1.36,0
2.41,-0.8,1.0,0.8,7.0,1.8,81.06,1.8,0.8,7.44,-3.97,0.0,114.37,7.8,-1.61,11.05,1.0,2.45,-0.61,1.0,0.0,152.87,0.74,0.0,2.2,0.0,0
-0.61,0.0,1.0,0.0,1.17,1.0,10.81,-0.22,2.0,1.0,1.07,-0.61,70.35,3.39,0.0,2.74,1.0,1.04,0.0,0.39,0.0,1.0,0.33,0.0,1.61,0.0,0
1.0,0.0,1.0,0.0,10.47,2.0,200.47,1.0,0.0,8.87,1.15,0.0,100.87,-1.6,-0.87,4.87,2.0,6.97,2.6,-1.6,0.0,3.87,0.67,0.0,4.73,2.0,0
0.0,-2.68,1.0,-2.68,-0.68,0.11,-7.75,3.0,-3.57,-0.89,1.02,0.0,-44.65,2.0,0.0,3.0,2.89,2.11,3.57,2.89,0.0,43.18,0.18,0.0,1.0,-0.89,0
0.0,0.0,2.0,1.0,4.22,3.93,62.0,1.0,-0.93,2.86,-0.32,1.0,8.45,-3.57,0.0,0.29,1.93,0.37,-1.78,-0.86,0.0,0.93,0.35,0.0,4.86,0.93,0
0.91,0.0,0.09,1.91,-7.87,-0.81,16.44,3.0,-0.91,-1.62,0.93,-2.72,84.64,1.28,3.81,1.09,2.0,2.04,-2.72,0.09,0.0,-97.71,0.73,0.0,1.09,0.91,0
0.0,0.0,1.0,0.57,19.27,1.0,117.48,1.0,1.7,0.57,3.67,0.0,146.51,1.57,1.7,6.27,1.43,0.46,0.0,-0.13,0.0,104.0,0.4,0.0,-0.13,0.57,0
0.0,-0.84,1.0,5.67,12.34,2.0,183.56,1.16,6.34,2.84,1.01,0.0,74.93,7.34,-4.18,4.33,0.16,4.65,1.0,2.84,0.0,226.28,0.19,0.0,0.49,1.0,0
0.0,0.0,1.0,0.0,2.04,1.0,25.92,3.88,1.92,0.0,2.98,-9.59,100.0,10.76,0.0,-2.88,1.96,-0.26,0.0,0.04,0.0,-1.92,0.66,0.0,1.08,-0.96,0
1.0,0.0,1.0,2.0,2.53,2.87,72.64,1.0,-0.87,6.87,-1.12,1.87,65.24,-1.6,-0.87,3.0,2.0,2.6,-0.87,1.87,0.0,2.6,0.28,0.0,0.26,-0.87,0
0.0,0.0,1.0,0.0,5.24,1.0,61.85,4.0,1.35,0.0,1.02,1.0,0.0,6.7,0.0,7.95,2.0,0.74,0.65,0.0,0.0,0.65,0.39,0.0,0.35,-0.65,0
2.0,0.0,3.0,-0.76,10.76,4.76,101.85,1.0,0.0,2.53,-1.31,1.0,103.99,0.24,0.0,10.05,2.76,7.45,4.0,2.47,1.0,0.76,0.37,0.0,5.0,1.76,0
1.05,0.0,2.05,1.0,6.68,2.58,47.58,1.0,0.0,0.53,1.64,0.53,-13.13,-1.63,-0.53,6.15,1.53,8.02,7.1,4.53,0.53,0.0,0.5,0.0,4.05,0.53,0
0.0,0.81,1.0,0.0,13.1,2.0,27.32,1.0,0.0,-1.43,6.45,0.0,-13.19,1.19,1.81,1.38,-0.62,0.98,1.0,1.0,0.0,0.0,0.5,0.0,5.0,-0.81,0
0.0,0.0,1.0,0.0,1.6,1.0,52.31,1.0,-0.7,-0.7,0.83,1.0,9.1,2.7,-2.1,5.6,0.3,-2.42,-1.4,1.7,0.0,15.6,0.62,0.0,5.4,0.0,0
0.0,0.0,2.0,1.0,4.02,3.0,36.07,2.99,1.99,1.0,-0.67,1.99,-33.42,5.98,-7.95,8.97,1.99,-7.36,0.01,1.99,0.0,0.0,0.5,0.0,0.02,-1.99,0
0.0,0.0,0.0,0.0,2.48,0.0,19.69,1.83,0.83,-0.83,3.72,0.83,0.0,6.96,0.0,0.0,1.0,-0.91,-0.83,-0.83,0.0,4.0,0.67,0.0,1.35,0.0,0
1.0,5.11,1.0,1.0,7.15,2.0,132.93,1.0,0.0,3.0,2.73,0.0,76.0,-4.96,3.85,9.15,0.15,4.7,-0.7,-0.7,0.0,6.0,0.5,0.0,3.15,1.85,0
3.0,0.0,1.0,0.0,4.44,2.0,78.77,3.0,0.72,7.44,0.15,0.0,6.68,-0.16,0.0,6.44,2.0,2.92,0.56,1.72,0.0,6.77,0.21,0.0,2.0,0.72,0
-2.55,0.0,1.0,0.0,6.85,0.15,10.24,-0.7,1.0,-5.09,2.82,0.0,138.21,8.4,0.0,0.6,0.15,1.35,1.85,4.55,0.0,0.15,0.47,0.0,1.85,0.85,0
0.0,1.58,1.0,1.05,9.47,1.53,53.27,0.42,3.05,-1.05,1.92,-0.53,93.68,6.95,0.0,2.0,1.47,2.43,2.0,1.0,0.0,0.0,0.5,0.0,2.05,0.53,0
0.0,0.7,1.0,0.0,6.18,1.0,51.27,1.0,2.0,1.0,2.53,0.0,-69.64,-1.48,2.09,8.7,0.3,0.9,0.0,1.0,0.0,4.7,0.22,0.0,4.3,1.3,0
0.0,0.0,1.0,0.0,0.0,1.0,17.25,1.48,-2.58,0.0,2.07,0.0,0.0,7.52,-0.52,-1.65,1.48,0.57,1.0,4.55,0.0,-1.03,0.63,0.0,3.0,0.0,0
0.0,0.0,1.98,0.0,19.64,5.89,95.58,2.0,-1.96,4.92,0.47,4.89,100.0,3.04,-0.96,5.92,2.0,4.46,3.92,1.98,0.0,272.13,0.34,0.0,3.98,2.0,0
0.0,-2.91,1.0,0.0,1.36,1.0,34.36,1.0,8.18,0.82,2.16,0.0,13.09,1.64,59.1,6.55,0.82,18.62,3.82,1.82,0.0,48.28,0.36,0.0,4.82,3.45,0
0.0,0.0,1.0,0.0,4.5,1.5,56.75,1.5,2.52,-0.5,1.94,0.0,150.4,8.02,0.0,3.02,1.0,4.55,3.5,1.5,0.0,1.01,0.45,0.0,5.01,1.01,0
0.0,2.8,1.0,3.0,10.6,1.0,348.84,3.0,-1.87,12.07,7.57,0.0,92.0,2.87,4.66,-5.53,2.0,3.19,0.93,0.0,0.0,-3.73,0.66,0.0,-0.8,3.13,0
0.0,1.9,1.0,0.0,6.17,1.0,42.97,1.0,0.0,1.0,3.5,0.0,33.0,-2.8,0.63,0.73,1.37,5.13,-0.63,-1.9,0.0,45.0,0.5,0.0,1.0,0.0,0
-2.63,5.0,1.0,0.0,6.88,0.12,62.94,0.12,0.0,-5.26,9.32,0.0,-48.21,6.51,1.0,0.25,1.0,-1.43,-1.75,0.88,0.0,-0.88,0.65,0.0,3.88,0.0,0
0.0,-2.46,1.0,0.0,6.72,1.0,32.42,2.0,2.82,0.82,-3.65,0.0,158.22,6.36,-3.28,6.1,2.82,2.0,1.18,1.0,0.0,3.28,0.5,0.0,2.64,1.64,0
0.68,0.0,1.0,0.0,8.09,3.05,49.25,1.0,0.0,2.36,-0.14,0.68,40.94,2.27,1.0,4.05,1.0,3.73,2.36,5.0,0.0,11.23,0.33,0.0,3.32,2.36,0
0.0,1.63,1.0,0.0,3.55,1.0,41.98,1.82,0.18,2.0,1.38,0.0,-48.66,-2.72,1.63,2.0,1.0,1.85,1.18,3.0,0.0,8.0,0.33,0.0,4.82,1.0,0
0.0,0.0,1.0,0.0,0.56,1.28,61.18,6.06,-0.44,2.17,0.96,0.28,127.45,6.17,0.72,8.33,1.72,1.64,2.0,2.0,0.0,-35.85,0.46,0.0,4.44,3.89,0
0.0,-1.31,1.0,1.0,3.34,2.31,15.46,-0.31,0.0,0.66,2.84,1.97,16.43,3.31,-1.31,5.26,0.34,1.02,-0.66,2.66,0.0,1.31,0.39,0.0,4.31,1.31,0
0.0,0.0,1.0,0.0,7.88,1.37,72.74,1.0,1.12,-2.5,2.14,0.37,33.2,5.13,2.0,5.37,1.0,0.73,0.0,1.63,0.0,-66.6,0.73,0.0,2.25,0.0,0
0.0,0.0,1.0,0.0,10.59,1.43,70.13,1.0,1.15,0.0,1.96,5.43,0.0,5.29,1.15,5.29,1.0,2.1,0.57,2.0,0.0,-0.72,0.48,0.0,3.72,0.0,0
0.0,0.0,1.0,0.0,3.39,1.0,22.57,1.61,-0.61,0.0,2.89,0.0,100.0,7.21,0.0,-3.04,1.61,5.42,5.82,-1.64,0.0,21.25,0.34,0.0,5.21,0.0,0
0.0,0.0,1.0,0.0,4.56,1.0,36.66,1.0,0.0,1.0,1.24,0.0,19.0,2.0,0.0,2.1,1.0,1.18,1.0,0.22,0.0,-1.56,0.63,0.0,0.22,2.0,0
0.0,0.0,1.0,-5.33,1.22,1.11,387.73,4.56,-0.89,13.55,0.74,0.0,53.67,0.11,0.0,23.22,2.0,1.01,0.11,2.0,0.0,3.89,0.23,0.0,4.78,3.56,0
0.44,0.0,0.44,-0.69,4.51,0.88,272.21,1.56,2.56,8.0,1.1,-1.69,51.92,4.37,0.0,0.51,2.56,-3.16,-2.25,-1.81,0.0,-31.95,0.47,0.0,-0.12,0.75,0
0.0,1.86,1.0,0.0,11.52,2.0,139.51,2.93,5.93,0.0,1.08,0.0,100.0,1.28,1.86,3.21,2.0,-0.52,-2.79,-0.93,0.0,-39.89,0.56,0.0,3.07,2.0,0
0.0,0.0,1.0,0.67,4.0,1.0,0.68,-1.0,1.67,0.0,1.04,0.67,74.68,3.33,-1.0,-1.66,1.0,2.33,0.0,2.0,0.0,-1.33,0.61,0.0,0.67,-2.67,0
-0.78,0.0,1.0,3.0,4.22,1.0,311.99,1.44,-0.78,12.22,2.18,0.0,40.62,3.34,0.0,-2.11,1.22,2.22,0.0,2.34,0.0,-3.11,0.5,0.0,1.22,4.22,0
0.73,0.0,1.0,1.46,3.07,1.0,23.9,1.0,1.0,0.73,-3.11,0.0,148.34,4.27,0.0,4.73,1.73,3.05,1.73,2.0,0.0,1.0,0.33,0.0,2.46,-0.73,0
0.0,0.0,1.0,1.0,3.41,1.0,27.54,1.0,0.59,0.0,2.69,0.0,58.97,-0.36,-0.59,1.18,1.0,-0.74,-1.77,2.0,0.0,0.0,0.5,0.0,2.41,0.0,0
0.0,-3.85,1.0,0.0,1.15,1.0,-1.95,1.0,0.0,0.0,-1.58,0.0,196.37,9.82,-1.93,3.0,1.96,-1.69,-0.96,7.89,0.0,-4.78,0.91,0.0,3.96,1.04,0
-0.84,0.0,1.0,0.0,1.32,1.0,19.92,1.0,-0.68,-0.84,3.78,0.0,-50.39,8.2,0.0,-2.88,1.0,-1.01,-0.84,4.36,0.0,31.92,0.36,0.0,1.32,0.0,0
0.0,0.33,1.0,0.0,3.66,1.0,62.39,1.0,0.0,3.34,5.16,0.0,50.11,-1.34,2.33,1.33,0.67,3.77,0.33,1.0,0.0,3.0,0.5,0.0,3.33,3.0,0
-0.71,0.0,1.0,1.0,4.43,1.0,27.86,-0.43,0.0,-0.71,3.34,0.0,24.27,0.29,5.71,0.86,0.29,11.33,5.71,4.71,0.0,-2.86,0.5,0.0,3.0,0.71,0
0.7,0.0,0.0,-0.7,2.8,0.0,124.14,3.8,4.21,4.21,5.23,0.0,16.12,3.4,0.0,3.5,1.7,0.34,0.0,-0.7,0.0,-46.26,0.62,0.0,2.0,2.4,0
0.0,0.0,1.0,1.0,9.0,2.0,237.65,0.48,6.0,0.59,1.63,0.0,46.5,-1.93,1.0,4.78,1.0,2.55,0.7,0.7,0.0,-3.22,0.45,0.0,2.41,3.0,0
0.0,0.67,1.0,0.0,7.72,1.0,41.07,1.0,1.0,-0.67,3.93,0.0,-33.75,-0.37,1.35,1.33,0.33,0.33,-0.67,-0.7,0.0,2.0,0.33,0.0,4.0,3.67,0
-1.02,0.0,-0.02,0.0,1.44,-0.53,26.51,1.0,0.0,2.04,2.23,-0.51,100.0,5.0,0.0,-0.56,1.0,-0.31,-2.04,3.47,-0.51,1.0,0.67,0.0,1.47,2.0,0
0.0,0.0,1.0,0.0,2.13,1.0,7.31,1.0,0.97,0.0,-4.31,0.0,100.0,3.97,0.0,1.95,1.0,0.83,1.0,2.97,0.0,1.95,0.34,0.0,4.92,3.97,0
0.0,0.0,1.0,0.0,4.92,1.0,50.55,1.0,0.02,0.0,1.16,0.0,0.0,1.04,0.0,8.04,1.0,3.19,1.98,8.98,0.0,10.0,0.6,0.0,-2.92,2.94,0
0.0,3.94,1.0,0.0,5.41,1.0,48.98,2.0,0.0,0.0,4.21,0.0,100.0,-0.41,6.47,5.74,1.26,1.13,-0.74,-1.47,0.0,0.0,0.5,0.0,4.0,0.0,0
0.72,0.0,1.0,0.72,8.62,1.72,57.83,1.0,0.0,1.45,2.1,0.0,154.98,5.0,2.17,7.06,0.28,2.73,0.0,3.28,0.0,4.34,0.5,0.0,3.72,0.72,0
0.0,-0.66,1.0,0.66,8.66,1.0,48.82,1.0,0.0,2.0,-2.36,0.0,66.0,0.69,-1.31,1.69,1.0,3.47,2.03,2.66,0.0,0.69,0.4,0.0,5.0,0.66,0
0.0,0.0,1.0,0.0,8.34,1.0,61.01,1.0,0.0,0.0,2.62,0.0,166.89,4.34,0.0,-5.35,1.0,0.85,0.33,-2.68,0.0,-6.69,0.43,0.0,5.34,3.0,0
1.0,0.0,1.0,2.0,5.14,1.0,33.67,1.0,0.0,1.0,1.6,0.0,66.0,3.27,0.0,1.57,2.0,2.76,1.0,1.0,0.0,0.0,0.5,0.0,1.86,0.43,0
0.0,0.0,1.0,0.0,2.04,1.0,20.42,1.0,0.65,0.65,1.38,0.0,67.29,5.65,-0.65,2.96,1.0,1.33,1.0,1.69,0.0,5.0,0.25,0.0,3.65,1.0,0
0.8,0.0,1.0,0.8,10.4,1.8,113.99,1.0,1.0,2.4,-0.13,0.0,160.79,-2.0,3.4,8.6,1.0,5.67,0.0,0.4,0.0,4.8,0.5,0.0,2.8,0.8,0
0.0,0.0,1.0,0.0,4.65,1.0,3.89,1.0,0.0,0.35,2.41,0.0,-32.44,6.3,1.0,3.3,-0.3,0.57,1.0,5.0,0.0,1.0,0.33,0.0,2.7,1.0,0
0.0,0.0,1.0,0.0,0.45,1.0,33.12,0.11,-0.78,0.11,2.71,0.0,-17.87,4.67,1.0,-5.55,1.11,0.75,0.0,1.0,0.0,33.33,0.35,0.0,3.11,-0.67,0
0.0,0.0,1.0,0.0,2.34,0.34,20.71,1.0,0.0,0.0,3.02,0.0,165.82,6.32,0.0,-0.63,1.0,-0.33,0.0,3.34,0.0,-1.32,0.61,0.0,3.34,0.0,0
0.0,0.0,1.0,-0.71,15.58,1.0,59.88,1.0,0.0,0.0,3.47,0.0,171.21,2.42,0.0,4.71,2.0,-0.47,0.0,1.71,0.0,104.0,0.4,0.0,1.0,-0.71,0
1.0,0.0,1.0,-1.99,2.0,1.0,-154.57,1.67,3.0,-6.62,0.86,0.0,105.3,8.98,0.0,4.99,1.34,-0.53,0.0,2.33,0.0,0.0,0.5,0.0,2.66,-2.65,0
0.0,0.0,1.0,0.0,5.86,1.0,59.18,-2.43,0.57,3.29,2.09,0.0,32.62,-1.86,4.01,-0.86,1.43,5.28,2.14,1.43,0.0,0.0,0.5,0.0,3.0,-1.14,0
0.0,0.0,1.0,-0.89,4.42,1.0,25.79,-2.58,-1.79,-0.68,3.0,-0.89,10.52,1.11,0.0,1.21,0.11,4.66,4.89,3.79,0.0,2.0,0.33,0.0,6.79,0.0,0
-0.99,0.0,1.0,0.0,8.94,1.0,24.0,-0.97,0.0,1.99,2.9,0.0,-32.58,5.0,1.0,-0.96,0.01,2.36,2.97,7.96,0.0,4.95,0.17,0.0,4.0,1.0,0
0.0,0.72,1.0,0.0,7.17,1.0,51.25,2.45,0.72,0.0,1.85,0.0,100.0,1.28,3.0,1.45,1.72,-4.4,1.55,1.0,0.0,0.0,0.33,0.0,0.55,1.28,0
0.0,-0.6,1.0,0.0,3.98,2.19,57.47,7.0,0.0,0.6,-2.07,0.6,29.79,6.6,-1.19,7.19,3.19,1.92,1.19,2.0,0.6,0.0,0.5,0.0,2.81,3.6,0
1.0,0.0,0.08,0.0,1.25,1.08,60.0,1.0,0.0,3.0,2.98,0.0,-58.68,-2.67,-0.92,-0.92,1.0,5.88,1.0,-1.75,0.0,3.67,0.49,0.0,2.0,2.0,0
0.0,-1.8,1.0,0.0,0.29,0.1,-176.65,0.1,0.0,-9.82,1.38,0.0,-73.05,0.1,0.0,1.1,2.0,-0.92,1.0,2.0,0.0,-44.19,0.77,0.0,0.29,0.0,0
0.0,0.0,1.0,0.97,4.03,1.0,55.46,4.87,0.97,1.94,0.59,0.97,75.79,9.9,-2.9,4.97,1.0,-1.3,-1.94,1.03,0.0,-1.94,0.66,0.0,3.0,1.0,0
0.0,0.0,1.0,0.0,4.24,1.0,-3.83,0.24,-3.06,0.0,2.87,0.0,100.0,4.24,-0.76,-1.59,0.24,-2.1,0.0,7.29,0.0,1.0,0.67,0.0,3.0,1.24,0
0.0,0.59,1.0,0.0,1.83,1.0,30.45,1.59,0.0,0.0,2.2,-0.59,100.0,4.41,2.93,2.93,1.59,-0.88,-1.76,0.41,0.0,0.0,0.5,0.0,3.59,0.0,0
-0.6,0.0,1.0,-0.6,0.62,-0.79,26.58,1.6,1.79,-0.6,2.68,-1.19,114.9,8.98,0.4,1.0,1.6,-1.04,-1.19,2.4,0.0,-100.74,0.56,0.0,3.0,0.0,0
0.0,-2.56,1.0,0.0,13.59,1.0,41.34,2.0,2.0,0.0,2.38,0.0,100.0,8.0,1.03,2.51,2.0,1.32,2.0,1.51,0.0,0.51,0.41,0.0,1.51,0.0,0
0.0,0.0,1.0,0.0,-1.36,1.0,28.82,2.0,7.27,-0.73,0.77,0.0,63.63,5.0,52.38,4.64,1.0,12.22,-2.18,2.27,0.0,42.47,0.33,0.0,1.55,2.91,0
0.0,0.0,1.0,0.35,4.46,0.06,266.44,5.3,6.0,2.0,0.97,-1.3,94.17,4.3,-0.3,7.7,1.65,0.46,-1.3,-0.65,0.0,-105.96,0.4,0.0,1.65,3.0,0
-3.72,0.93,1.0,0.0,14.16,1.0,-61.53,-1.79,-7.44,-7.44,7.47,0.0,-79.03,-0.72,0.93,1.07,0.07,-0.25,1.93,1.93,0.0,-16.73,0.73,0.0,2.0,0.93,0
0.0,0.0,1.0,0.0,3.0,1.0,81.46,0.36,2.55,1.0,1.15,0.0,-31.89,1.64,0.64,4.28,1.36,2.58,1.64,2.0,0.0,0.0,0.5,0.0,3.0,-1.28,0
0.0,0.0,0.32,-2.05,-0.9,-0.37,30.97,2.37,1.68,0.68,2.16,-2.74,100.0,8.37,0.0,4.58,1.68,-1.75,0.26,-2.11,0.0,-41.1,0.67,0.0,1.68,-2.05,0
0.0,1.0,1.0,0.0,7.0,0.32,39.73,1.0,0.0,0.68,7.77,-0.68,22.49,2.04,3.0,2.68,0.0,1.23,1.0,0.32,0.0,3.0,0.5,0.0,1.96,1.64,0
1.0,-0.77,1.0,0.0,4.0,2.0,60.0,1.0,0.0,3.0,0.63,0.0,33.0,1.77,-1.53,3.07,1.0,-2.94,-1.3,1.77,0.0,0.0,0.33,0.0,2.0,1.23,0
0.0,0.0,1.0,0.0,4.0,1.76,43.92,1.0,0.76,1.52,1.17,0.0,48.63,1.48,0.0,4.76,1.76,2.22,-0.76,2.76,0.76,0.0,0.5,0.0,4.76,-0.76,0
0.56,0.0,1.0,-0.56,3.56,1.56,36.39,1.0,1.13,0.0,1.23,0.0,121.41,3.31,-1.13,2.69,1.0,-1.06,0.0,3.0,0.0,102.98,0.15,0.0,3.56,0.0,0
-1.65,0.0,1.0,-4.96,1.52,-0.65,-39.26,0.17,-0.83,-2.48,5.05,0.0,15.7,4.48,1.83,-1.48,0.17,-0.75,0.17,0.83,0.0,-2.79,0.42,0.0,3.65,-0.83,0
0.0,0.0,1.0,0.0,3.0,1.0,35.35,1.0,0.0,0.5,1.69,0.0,43.19,3.01,0.0,-0.01,1.0,0.13,-0.5,0.0,0.0,0.0,0.5,0.0,1.5,1.5,0
0.65,0.0,1.0,0.0,4.41,1.0,57.05,2.65,3.3,1.3,1.88,-0.65,164.86,4.7,5.0,6.65,2.0,2.48,0.0,0.0,0.0,2.0,0.33,0.0,3.65,0.0,0
0.0,0.0,1.67,0.0,18.47,4.37,104.65,1.0,2.35,1.35,1.64,3.37,81.11,6.02,0.0,10.05,0.33,4.83,3.7,2.67,0.0,188.51,0.22,0.0,4.35,-1.35,0
0.0,4.92,1.0,0.0,6.93,1.0,83.0,-0.97,-1.97,-0.98,10.87,-0.98,100.0,3.05,0.98,-3.93,0.02,0.69,0.0,0.02,0.0,0.0,0.5,0.0,1.02,1.0,0
1.0,0.0,1.12,0.0,0.87,0.25,225.25,-0.75,0.0,1.0,1.7,-2.63,8.49,3.75,2.0,1.12,1.12,4.74,0.88,0.0,0.0,-9.63,0.55,0.0,4.88,3.88,0
0.0,0.0,1.0,0.0,4.68,1.16,44.16,1.0,3.52,1.16,1.63,0.0,122.09,6.52,2.52,1.48,0.16,2.69,0.0,1.0,0.0,92.67,0.19,0.0,-1.52,-1.68,0
0.0,0.0,1.0,5.01,4.56,0.44,134.16,1.0,0.0,-2.34,2.05,-0.56,59.46,6.67,1.0,1.44,0.44,1.11,1.0,5.56,0.0,1.0,0.33,0.0,2.44,2.23,0
-0.15,0.0,1.0,0.0,4.27,0.42,176.18,4.42,9.15,6.0,1.0,0.58,100.0,6.0,0.0,5.0,2.0,1.19,0.0,0.0,0.0,78.82,0.64,0.0,0.85,3.0,0
0.0,0.0,1.0,0.0,4.92,0.08,17.59,1.0,-0.92,0.0,3.69,-1.83,8.39,8.75,-0.92,-2.75,1.0,1.69,2.92,2.0,0.0,-0.92,0.35,0.0,3.0,-1.83,0
0.0,-18.46,0.2,0.0,-1.01,0.2,-102.45,1.0,0.0,1.0,1.61,0.0,0.0,2.61,-0.8,-5.22,2.8,-0.81,1.0,2.0,0.0,2.41,0.63,0.0,1.39,-2.41,0
0.0,0.0,1.0,1.0,3.2,1.0,87.5,5.0,9.97,3.8,-1.06,1.0,-4.94,3.81,57.38,11.38,2.0,17.64,0.8,1.0,0.0,47.02,0.37,0.0,1.8,1.59,0
0.0,0.0,1.78,1.0,19.5,4.12,216.77,1.0,3.78,5.91,1.56,2.34,42.95,2.0,2.22,10.12,1.0,5.37,4.12,0.0,0.0,216.35,0.24,0.0,1.78,-0.56,0
-1.51,0.0,1.0,0.0,5.02,0.5,32.02,-0.01,0.5,-3.03,0.85,11.0,22.7,3.01,0.0,9.5,0.5,-0.41,-0.5,1.5,0.0,2.0,0.33,0.0,3.5,1.0,0
0.0,0.0,1.0,0.0,2.31,1.0,31.27,2.0,2.69,1.0,0.74,2.0,82.31,5.0,0.31,5.63,1.31,0.89,0.0,0.0,0.0,14.37,0.42,0.0,2.31,0.31,0
0.0,0.0,1.0,0.35,6.39,2.0,282.0,4.0,6.0,2.0,0.21,0.0,100.0,5.61,1.0,9.65,1.0,2.65,0.0,0.65,0.0,1.0,0.33,0.0,1.0,3.0,0
0.0,0.0,1.0,0.0,2.23,1.0,20.46,2.85,1.85,0.0,1.89,0.92,0.0,6.85,1.0,4.69,1.92,-0.08,0.0,2.92,0.0,0.0,0.5,0.0,3.15,0.0,0
1.0,0.0,1.18,0.0,-1.19,1.18,231.26,0.18,-1.64,1.0,3.09,0.0,14.14,-2.91,2.0,7.36,1.18,3.4,-1.64,-0.82,0.0,0.0,0.33,0.0,4.82,3.82,0
0.0,1.72,1.0,0.0,17.58,0.14,62.15,2.0,5.0,-1.72,9.75,0.0,63.13,3.14,2.72,3.14,0.28,5.76,0.0,-0.86,0.0,-0.57,0.46,0.0,4.72,0.0,0
0.0,0.0,1.0,-0.51,0.94,1.49,-82.05,-0.02,-1.04,-0.51,1.04,3.02,91.32,5.02,1.0,2.98,1.51,1.58,1.0,2.0,0.0,7.13,0.62,0.0,4.02,0.98,0
2.0,0.0,3.0,0.0,10.0,4.0,137.19,6.6,0.8,3.4,0.38,1.0,154.99,3.4,2.4,10.2,2.8,6.35,4.0,4.8,1.0,-8.8,0.57,0.0,6.6,4.2,0
0.0,0.0,1.63,0.0,11.76,2.25,99.17,2.25,-0.63,-0.63,7.39,1.88,8.15,0.12,-1.88,5.02,1.0,0.48,-1.25,0.37,0.0,5.64,0.45,0.0,1.0,2.0,0
4.0,0.0,1.0,1.0,5.0,2.0,101.82,1.0,0.0,5.0,0.5,0.0,75.0,0.18,0.0,2.0,2.0,5.38,2.0,1.0,0.0,17.0,0.5,0.0,3.65,-0.65,1
1.0,0.0,1.0,-0.56,9.56,2.0,99.52,-1.23,-1.12,2.12,1.26,1.44,52.07,-2.35,0.0,2.77,2.56,2.91,0.0,1.44,0.0,12.56,0.43,0.0,4.67,1.67,0
0.0,0.0,1.0,0.0,2.02,1.0,60.15,1.0,0.0,0.0,0.11,1.0,97.82,1.02,0.0,7.0,1.0,1.18,0.98,2.96,0.0,17.0,0.5,0.0,4.0,0.98,0
-0.64,0.0,1.0,0.0,4.18,0.36,-34.71,1.0,1.64,-5.1,1.8,0.0,44.59,8.27,0.0,11.82,0.36,3.17,3.64,6.46,0.0,4.46,0.46,0.0,-0.27,-1.27,0
0.0,-3.35,1.0,0.0,5.99,1.0,8.37,1.0,0.0,2.0,-2.92,0.0,133.07,3.34,-0.67,3.0,1.0,4.2,4.0,4.68,0.0,2.0,0.33,0.0,5.67,0.0,0
1.0,-0.77,0.23,0.0,-7.95,0.23,18.76,3.0,3.0,2.0,-1.14,0.0,100.0,6.53,-0.77,3.0,2.77,0.09,-0.77,0.23,0.0,0.0,0.5,0.0,2.0,0.0,0
0.0,23.0,1.69,0.0,5.0,1.69,200.06,1.0,0.0,0.0,3.91,0.0,0.0,3.43,1.0,9.69,0.0,3.0,0.0,3.43,0.0,25.37,0.22,0.0,5.0,3.0,0
0.0,0.0,1.99,0.0,14.87,5.95,71.49,1.0,0.99,4.95,1.38,4.95,50.54,3.03,0.0,0.0,1.0,9.9,9.98,2.0,0.0,275.01,0.34,0.0,7.97,0.0,0
0.0,0.0,1.0,0.0,3.0,1.0,77.57,2.0,1.8,2.9,-0.79,3.0,39.06,0.31,0.0,23.69,2.0,1.91,1.0,-0.8,0.0,9.39,0.72,0.0,3.0,0.9,0
0.0,2.87,1.0,0.0,2.96,2.0,33.0,1.0,0.04,0.0,6.69,1.0,4.24,4.0,4.79,-0.79,1.0,1.18,2.0,1.04,0.0,0.04,0.83,0.0,2.04,1.0,0
1.54,0.0,1.0,1.08,7.62,1.54,226.8,5.0,8.0,9.25,0.23,0.54,89.18,3.84,0.0,6.08,2.54,3.54,0.0,-1.08,0.0,84.0,0.5,0.0,0.92,3.0,0
-0.83,0.0,0.17,0.0,1.33,0.17,22.17,1.0,0.33,0.17,4.15,0.0,20.0,2.0,0.0,-2.67,1.0,-0.73,-0.83,0.17,0.0,3.5,0.61,0.0,0.5,1.83,0
0.0,0.0,1.0,0.0,2.11,1.0,-2.26,1.0,2.0,0.11,1.18,0.0,104.61,7.57,0.0,7.0,-0.78,-0.09,-0.89,2.78,0.0,1.89,0.18,0.0,0.11,-0.89,0
0.93,0.0,1.0,-0.93,4.07,1.93,56.22,1.0,1.0,2.79,1.14,0.0,30.74,4.14,0.0,2.0,1.0,4.85,0.93,1.07,0.0,0.0,0.34,0.0,0.07,0.93,0
4.0,0.0,1.0,0.0,2.0,0.46,131.39,4.0,6.92,10.15,1.14,-0.54,82.31,6.46,3.69,-0.69,2.0,5.02,1.08,0.0,0.0,-10.51,0.18,0.0,3.61,0.54,0
0.0,0.0,1.0,0.0,-1.5,1.0,29.0,1.0,0.0,0.0,3.25,0.0,-50.01,6.0,0.0,-0.5,1.0,1.0,1.0,1.5,0.0,61.5,0.33,0.0,2.5,0.0,0
0.0,4.44,1.0,0.0,-3.03,1.0,46.78,1.0,0.0,0.78,0.12,2.34,12.5,3.12,0.22,1.56,0.78,1.2,-0.78,0.78,0.0,0.78,0.37,0.0,1.22,1.0,0
0.0,-2.88,1.0,1.0,8.28,2.0,282.72,4.0,6.0,2.0,-1.38,0.0,100.0,3.72,-0.44,8.28,2.44,3.37,-0.72,0.0,0.0,1.0,0.33,0.0,1.72,3.0,0
0.0,-3.65,1.0,0.0,1.95,1.0,2.86,1.61,0.0,0.0,-0.39,0.0,160.9,7.44,0.61,5.05,2.22,1.52,0.61,3.39,0.0,-13.4,0.56,0.0,4.22,-0.61,0
0.0,5.4,1.0,0.0,1.1,2.0,24.89,1.0,2.1,3.1,2.71,1.0,-8.03,0.2,0.0,-2.5,0.1,0.86,-0.7,0.1,0.0,183.8,0.56,0.0,0.1,-0.9,0
0.0,0.0,1.0,0.0,6.52,1.24,102.09,0.24,0.0,2.76,1.05,-1.52,21.32,-2.03,0.0,3.24,2.0,2.11,-0.76,-3.03,0.0,-0.52,0.46,0.0,2.24,2.52,0
0.0,0.0,1.0,-0.95,7.75,1.0,46.15,2.0,-1.9,1.0,2.57,0.0,121.84,4.05,1.0,2.0,2.0,0.94,0.95,1.95,0.0,-142.46,0.66,0.0,3.0,3.9,0
0.0,0.0,1.0,0.63,4.89,1.0,28.57,-2.77,0.0,1.0,3.77,0.0,0.0,-1.51,0.0,-1.77,1.37,1.42,1.0,2.0,0.0,0.0,0.5,0.0,2.37,-1.89,0
0.0,0.0,1.0,0.0,1.8,0.36,116.28,1.0,0.0,4.36,2.37,0.0,57.0,3.56,-0.64,-0.92,3.0,1.42,0.64,0.64,0.0,1.0,0.67,0.0,2.72,3.0,0
2.72,-0.86,1.0,0.0,10.72,2.0,73.91,1.86,0.0,1.0,0.1,3.72,37.0,0.14,-1.72,10.16,2.0,2.78,-0.86,2.86,0.0,12.86,0.19,0.0,2.14,0.86,0
-0.5,0.0,1.0,-0.5,-0.04,0.5,-85.23,4.03,-1.01,-3.04,1.87,0.0,-44.93,3.52,0.0,0.5,2.0,0.04,1.0,1.5,0.0,-2.02,0.58,0.0,3.51,0.0,0
0.0,0.0,2.0,0.0,11.0,3.0,28.96,0.32,0.0,-1.07,1.88,3.0,112.88,-0.61,0.0,7.71,1.46,0.72,0.0,1.0,0.0,7.78,0.34,0.0,2.07,0.0,0
0.0,0.0,1.0,0.0,7.95,2.0,40.48,1.0,-1.05,0.0,1.1,1.0,0.0,3.0,-0.53,5.47,1.0,2.95,0.47,3.58,0.0,2.0,0.33,0.0,2.47,0.47,0
-0.77,0.0,1.0,0.0,7.69,2.0,25.79,1.0,0.77,1.46,1.1,1.77,71.44,2.77,1.0,3.54,1.0,-0.16,1.23,1.0,0.0,2.31,0.44,0.0,4.0,-0.54,0
0.0,23.78,1.0,0.0,2.67,1.0,198.78,1.78,0.0,0.0,5.06,-1.55,77.75,0.78,2.55,9.0,0.78,3.78,0.0,-1.55,0.0,0.0,0.33,0.0,5.0,2.22,0
0.0,0.0,1.0,-0.81,4.0,1.0,5.26,0.19,0.0,-1.62,1.86,2.0,30.86,3.81,-1.62,4.19,0.19,-0.63,1.0,3.62,0.0,0.0,0.23,0.0,4.81,1.0,0
1.0,0.0,2.0,0.0,7.0,2.0,214.5,0.01,0.0,-0.98,2.41,-2.96,129.58,3.98,2.0,-10.75,1.01,3.68,-0.99,1.98,0.0,-3.95,0.33,0.0,4.0,3.0,0
0.0,0.0,1.0,1.0,0.39,1.0,20.39,1.0,0.0,0.9,2.31,0.0,-90.37,-2.52,0.0,0.0,1.0,-1.05,-1.81,-0.71,0.0,0.0,0.5,0.0,3.9,-0.9,0
0.0,0.7,1.0,0.0,10.73,1.0,41.62,0.3,0.0,1.0,4.53,0.0,33.0,-3.92,2.11,0.59,0.59,0.63,-0.7,-1.41,0.0,45.7,0.38,0.0,1.0,0.7,0
0.0,0.0,1.0,0.0,5.21,1.0,45.89,2.0,0.0,1.1,0.35,0.0,136.41,5.0,-0.55,2.1,1.0,3.21,1.65,4.1,0.0,0.45,0.33,0.0,4.65,0.0,0
0.0,0.0,1.0,2.0,3.38,-0.62,116.04,1.0,3.19,0.19,2.74,-2.43,130.76,9.62,0.81,-3.48,1.0,1.95,0.0,1.0,0.0,45.38,0.47,0.0,0.19,-1.62,0
0.0,0.0,1.0,0.0,4.0,1.63,21.48,-0.26,-1.26,0.0,2.37,-0.63,107.57,3.48,0.0,-3.15,0.37,4.05,2.63,2.0,0.0,0.0,0.5,0.0,1.74,-0.63,0
1.23,0.0,1.0,3.7,11.47,2.23,133.13,1.62,2.38,2.23,1.85,0.0,95.96,4.77,2.0,4.77,1.62,5.75,1.62,1.0,0.0,3.7,0.54,0.0,5.0,0.62,0
0.0,0.0,1.0,-1.42,0.58,2.0,-31.07,1.71,1.71,-0.71,0.58,1.0,121.36,1.15,0.71,8.98,1.71,-0.1,2.0,1.29,0.0,-31.03,0.61,0.0,4.42,1.0,0
1.0,0.0,1.0,1.0,11.7,2.0,322.73,1.0,2.0,7.1,1.14,0.0,179.09,-0.8,-0.9,3.2,2.0,2.9,0.0,-1.7,0.0,3.1,0.48,0.0,-0.8,4.8,0
0.0,1.0,1.0,0.0,5.32,0.34,36.95,1.66,1.32,-0.66,2.77,0.0,33.04,4.64,4.64,1.98,1.66,13.89,2.34,0.34,0.0,1.32,0.39,0.0,2.68,1.0,0
0.0,0.0,1.0,-1.42,3.42,1.0,-20.07,1.0,-0.84,-0.71,1.49,0.0,121.28,2.45,0.0,0.87,1.0,-0.07,0.71,2.71,0.0,-33.34,0.62,0.0,4.71,3.13,0
0.0,0.0,1.0,0.0,3.29,1.0,16.57,5.29,-3.43,0.0,1.83,1.0,14.29,6.0,-10.28,1.0,1.0,0.85,2.0,5.71,0.0,0.0,0.5,0.0,2.14,2.57,0
0.0,0.0,1.0,0.0,3.0,1.0,27.11,1.0,0.0,0.52,2.94,1.0,117.1,5.0,0.0,0.0,1.0,3.17,2.48,-0.04,0.0,23.31,0.5,0.0,1.96,0.0,0
0.57,0.0,1.0,0.0,-1.13,2.7,27.7,1.0,0.0,0.0,1.49,0.57,-3.4,6.0,0.0,3.0,1.0,0.43,-0.13,2.43,0.0,7.37,0.59,0.0,1.3,1.13,0
0.64,-0.64,1.0,1.64,11.54,3.91,298.54,4.0,6.64,2.64,-0.23,1.27,147.7,2.36,1.0,13.45,1.0,-3.07,-0.64,0.0,0.0,108.49,0.27,0.0,0.36,3.0,0
-0.66,0.0,1.0,0.0,3.34,0.34,26.94,0.68,2.0,0.34,0.9,0.0,73.58,3.98,0.0,14.32,1.34,1.05,1.0,1.0,0.0,-111.55,0.5,0.0,2.68,3.0,0
1.57,0.0,1.0,0.0,5.57,1.78,412.79,4.92,0.0,12.75,0.7,0.0,77.43,0.22,2.0,15.89,3.78,4.54,1.0,1.78,0.0,-47.02,0.4,0.0,5.57,4.92,0
0.0,0.0,1.0,0.0,-0.16,1.0,4.48,1.79,0.0,0.0,2.39,0.0,100.0,7.58,0.0,0.79,1.0,7.37,7.21,2.79,0.0,0.79,0.37,0.0,5.79,-2.37,0
0.0,0.0,1.0,1.13,6.0,1.0,218.95,2.13,3.0,7.34,0.91,0.0,151.96,2.87,3.0,2.56,1.56,3.97,1.0,-0.13,0.0,109.0,0.33,0.0,0.44,2.26,0
0.0,0.0,1.0,1.0,4.16,0.42,60.16,2.42,0.0,0.84,1.6,-1.16,62.0,4.0,2.0,1.42,1.42,3.05,-0.58,1.58,0.0,-0.16,0.76,0.0,2.58,0.58,0
0.0,0.0,1.68,0.0,4.08,1.68,67.02,2.0,0.68,2.72,-0.55,0.0,38.74,5.32,4.76,1.68,2.0,5.56,1.36,2.68,0.0,-2.72,0.39,0.0,3.68,0.68,0
0.0,0.0,1.0,0.0,6.0,1.0,68.05,0.12,-3.42,4.0,2.41,0.0,-31.36,-1.65,6.12,-6.07,1.0,6.86,2.88,2.77,0.0,-1.77,0.72,0.0,4.0,1.0,0
0.0,1.82,1.0,0.0,3.39,0.39,-1.54,1.0,-1.82,0.0,5.12,-0.61,62.3,4.78,-0.61,-3.04,0.39,5.19,2.0,1.39,0.0,-32.23,0.42,0.0,4.22,0.0,0
3.0,0.0,2.0,0.0,11.48,2.0,135.0,1.0,0.48,1.0,1.38,0.0,75.0,1.45,0.0,3.52,1.0,4.02,1.52,0.48,0.0,1.0,0.33,0.0,4.52,2.52,0
1.0,0.0,1.0,1.67,8.67,2.0,146.57,3.69,1.35,5.02,-0.4,0.67,117.72,3.69,3.0,12.02,1.67,5.53,0.33,1.0,0.0,6.0,0.5,0.0,3.33,1.0,0
0.0,0.0,1.0,-0.92,0.0,1.0,35.19,1.0,0.92,0.0,1.79,0.0,0.0,8.84,0.0,0.08,1.0,-3.68,-4.6,3.16,0.0,42.84,0.35,0.0,3.92,2.76,0
2.5,0.0,1.0,0.0,3.0,2.67,109.11,0.17,0.83,3.34,1.59,2.5,70.8,-0.84,1.67,20.03,0.17,3.03,-0.83,0.17,0.0,72.59,0.31,0.0,4.0,0.0,0
0.0,0.0,1.0,0.0,3.34,1.0,121.96,8.66,1.0,3.0,0.08,0.0,100.0,5.0,3.0,12.0,2.0,1.91,0.0,1.0,0.0,2.66,0.22,0.0,3.0,4.0,0
0.0,0.0,1.0,0.0,8.57,1.0,79.19,1.0,-0.57,0.0,7.89,0.0,0.0,3.7,-4.54,-0.57,1.0,-3.11,0.0,2.14,0.0,2.84,0.36,0.0,0.43,1.43,0
0.0,0.0,1.0,0.0,5.0,1.0,37.64,1.0,0.0,0.0,2.93,0.0,-93.93,3.24,0.0,1.94,1.94,2.94,2.94,1.06,0.0,-0.94,0.66,0.0,3.0,0.0,0
1.24,1.0,1.0,0.0,3.62,1.62,318.92,4.1,0.0,9.3,4.67,0.0,57.64,-2.48,1.38,12.78,0.62,2.84,1.38,-1.48,0.0,4.34,0.53,0.0,4.38,2.48,0
0.0,0.0,1.0,0.0,1.42,1.0,24.23,1.0,0.0,1.0,2.54,-0.79,96.91,4.37,0.0,-12.41,1.0,7.23,5.52,0.79,0.0,-2.37,0.56,0.0,2.79,0.21,0
0.0,0.0,1.0,0.0,1.1,2.0,37.97,0.03,0.0,1.0,1.15,-0.97,62.0,-1.87,0.0,1.0,0.03,4.48,1.0,1.97,0.0,1.93,0.34,0.0,3.9,2.9,0
0.0,0.0,1.0,0.0,4.0,1.67,38.31,-3.72,1.33,-0.35,3.02,0.0,63.13,3.65,83.98,-1.42,0.33,21.91,2.35,2.0,0.0,4.65,0.31,0.0,1.67,-2.7,0
2.1,-1.58,0.0,0.53,0.0,0.53,56.65,1.0,0.0,2.63,2.17,0.0,39.44,2.53,-0.53,0.53,2.05,-0.85,1.05,0.53,0.0,11.94,0.5,0.0,2.47,0.53,0
0.0,0.0,1.0,0.0,1.25,1.13,-21.66,0.13,-4.37,2.0,2.17,0.0,-44.39,-0.75,0.0,5.5,1.13,0.3,1.87,2.87,0.0,1.25,0.34,0.0,1.25,-1.75,0
-1.1,1.0,1.0,0.0,4.0,1.0,24.89,-1.2,-1.1,-1.1,8.73,-0.55,-45.66,5.0,2.0,-2.4,0.45,2.21,3.0,1.0,0.0,2.0,0.4,0.0,3.0,0.0,0
0.0,0.0,1.0,0.0,6.0,1.2,65.22,1.0,1.6,0.8,1.13,6.0,64.05,4.6,68.85,4.6,1.0,16.73,0.8,2.0,0.0,4.2,0.23,0.0,-0.4,0.0,0
0.0,-0.04,1.0,0.0,1.98,1.0,10.64,1.0,0.0,0.0,5.1,0.0,0.0,0.0,1.0,1.02,0.0,3.51,3.51,1.0,0.0,-11.24,0.55,0.0,4.51,0.49,0
-1.77,0.0,1.0,0.0,-4.43,1.0,-23.86,-0.55,0.34,-1.77,1.59,0.11,15.07,3.34,0.0,-1.86,1.11,-1.03,0.0,1.11,0.0,0.0,0.5,0.0,2.77,0.0,0
1.0,0.0,1.0,0.0,10.89,2.0,96.91,1.95,-0.95,2.89,0.83,4.84,99.37,1.0,0.0,15.4,2.95,2.72,0.0,-4.62,0.0,6.33,0.24,0.0,4.89,0.0,0
1.15,3.0,1.0,-1.15,6.28,1.0,67.25,2.15,0.0,0.0,7.7,-0.57,-14.33,4.57,5.0,2.15,1.0,1.47,2.15,1.0,0.0,0.57,0.4,0.0,2.0,0.0,0
0.0,-2.84,1.0,0.0,-1.74,1.0,-0.91,1.0,4.79,0.95,-4.18,0.0,147.39,3.9,5.16,4.84,1.0,11.14,1.0,1.0,0.0,0.0,0.5,0.0,4.95,2.0,0
0.0,2.0,0.15,0.0,0.46,0.15,26.15,1.0,0.0,0.0,8.22,0.0,-84.57,-2.54,1.0,-0.85,0.0,3.0,3.0,-1.54,0.0,2.54,0.78,0.0,4.0,1.0,0
0.0,0.0,1.0,0.0,6.66,2.34,34.77,1.0,1.66,1.66,0.67,3.0,13.77,3.66,-0.66,9.34,1.0,3.3,0.66,3.32,0.0,7.29,0.22,0.0,3.34,2.66,0
-6.32,-4.74,1.0,-6.11,-1.37,-0.58,-128.17,-5.32,2.0,-7.69,1.55,0.0,23.72,7.74,-5.53,-0.69,1.0,-1.87,0.79,3.37,0.0,-91.05,0.52,0.0,1.0,-2.37,0
2.01,1.0,1.0,0.0,7.35,2.34,107.01,1.0,1.34,2.68,3.75,2.01,43.52,-0.35,6.34,16.07,1.0,22.77,19.67,-1.34,0.0,58.26,0.35,0.0,3.0,1.0,0
-1.86,0.93,1.0,-5.57,15.5,0.14,13.33,0.07,-0.93,-1.78,5.84,0.0,-0.16,4.93,1.86,3.29,0.07,2.33,1.0,2.0,0.0,178.5,0.43,0.0,3.93,1.0,0
0.0,0.0,1.0,0.0,4.62,0.38,36.01,3.0,1.38,1.0,1.79,-0.25,50.0,4.75,1.25,3.5,2.0,2.1,1.25,0.38,0.0,-0.62,0.29,0.0,2.38,1.0,0
0.0,-1.46,1.0,0.0,-5.77,1.0,22.38,1.0,2.73,1.0,-5.38,0.0,133.11,9.12,-1.46,12.12,1.73,-0.55,1.46,1.73,0.0,1.0,0.33,0.0,-1.92,0.0,0
-2.16,0.0,1.0,0.0,-1.04,0.56,-16.54,2.44,-1.44,0.28,1.03,-2.16,69.18,3.88,-1.44,-10.11,2.72,-1.15,0.28,1.72,0.0,-61.87,0.54,0.0,4.72,2.0,0
0.0,0.0,1.0,0.0,9.34,2.0,34.0,1.0,0.0,0.84,0.43,6.0,0.0,2.16,0.84,3.84,1.0,0.84,0.84,3.67,0.0,1.84,0.19,0.0,2.84,0.84,0
-0.92,0.0,1.0,0.0,7.6,1.0,97.32,-0.84,-1.84,-0.84,2.23,0.0,18.0,1.08,0.0,3.76,0.08,2.92,0.92,0.92,0.0,0.92,0.35,0.0,2.92,1.0,0
0.0,0.0,1.0,0.0,4.0,2.0,4.37,1.0,-1.48,1.0,0.93,0.0,39.75,2.0,-63.03,-1.97,1.0,-11.13,1.0,3.22,0.0,-3.71,0.6,0.0,2.48,0.0,0
0.0,0.0,1.0,0.0,1.73,1.0,26.73,1.0,0.0,0.57,0.13,0.0,-56.74,-0.27,0.0,8.0,1.0,1.54,0.57,-1.13,0.0,13.0,0.25,0.0,1.57,0.0,0
0.0,0.0,1.0,0.0,-0.9,0.22,-27.8,0.22,-2.9,0.0,2.89,0.0,22.05,5.0,0.0,-2.68,0.22,-0.6,0.78,1.78,0.0,30.4,0.45,0.0,5.22,-1.56,0
-0.52,0.0,0.48,0.0,2.91,1.48,-70.82,1.0,0.0,0.48,1.78,0.0,52.09,3.57,-0.05,-1.18,0.48,-0.97,1.0,2.57,0.0,0.52,0.5,0.0,4.48,-1.57,0
0.0,0.0,1.0,0.0,7.53,1.0,32.27,1.0,-1.07,1.0,2.72,0.0,50.0,6.47,0.0,1.4,1.0,2.29,1.0,0.47,0.0,0.0,0.5,0.0,3.0,-0.53,0
0.0,0.0,1.0,-2.43,1.38,1.0,-146.28,0.38,4.0,-9.73,1.09,0.0,25.38,6.0,12.0,7.62,2.0,0.33,0.81,1.62,0.0,0.0,0.5,0.0,5.81,-4.06,0
21.17,-1.05,1.68,0.0,0.32,2.37,460.48,4.05,0.0,13.66,-2.65,0.68,159.42,2.63,1.59,7.05,4.05,3.7,-0.68,-0.68,0.0,1370.7,0.39,0.0,4.0,2.73,0
0.73,0.0,1.0,0.0,6.91,2.73,135.98,1.0,0.0,5.82,-0.06,0.0,63.31,1.54,0.0,5.46,1.73,2.32,-0.73,2.0,0.0,4.18,0.45,0.0,4.73,1.46,0
0.0,0.6,1.0,0.0,-0.6,1.0,15.63,1.0,-0.6,-0.6,2.93,0.0,-52.01,4.8,-0.6,-1.39,0.4,5.83,0.6,2.4,0.0,-1.2,0.6,0.0,4.79,0.6,0
0.27,0.0,2.0,0.0,7.73,1.27,214.96,-0.46,-1.46,-0.46,1.67,0.0,96.0,4.91,2.0,6.82,1.27,3.76,0.0,2.18,0.0,-132.51,0.45,0.0,4.0,3.0,0
0.0,0.0,1.0,0.0,4.42,1.42,-13.63,0.42,-2.9,0.58,1.5,1.0,-58.08,3.0,0.58,0.68,0.42,-0.3,0.58,4.9,0.0,-0.58,0.46,0.0,4.0,1.42,0
0.14,0.0,1.0,0.28,8.57,2.0,56.55,1.0,0.0,0.85,1.18,1.0,11.39,2.72,0.0,5.57,1.14,3.88,0.86,1.86,0.0,1.72,0.36,0.0,2.86,0.86,0
0.0,0.0,1.0,0.0,5.52,1.0,67.52,2.0,0.0,3.68,0.48,3.0,93.73,2.16,0.0,20.16,2.0,3.2,2.68,2.68,0.0,10.72,0.36,0.0,3.84,0.84,0
1.84,-1.69,2.0,0.84,8.69,3.69,69.36,0.16,0.84,-9.13,0.6,1.69,74.9,0.31,3.69,9.0,2.0,4.96,0.84,0.0,0.0,101.26,0.5,0.0,3.16,2.16,0
0.0,2.0,1.0,0.0,20.56,0.44,73.08,1.0,0.0,0.0,11.53,-1.12,-56.0,1.12,1.44,-0.12,0.0,5.69,0.44,1.0,0.0,-0.56,0.41,0.0,3.88,-1.12,0
0.0,0.0,2.0,1.0,7.56,3.0,41.77,-0.11,0.0,1.0,1.81,1.0,121.59,4.22,0.56,2.89,0.44,2.06,1.0,1.56,0.0,-1.67,0.59,0.0,4.11,0.0,0
0.0,-0.86,1.0,0.0,5.71,1.86,80.83,0.14,2.0,2.71,0.1,0.0,31.25,2.43,81.72,9.42,1.0,21.19,1.86,3.71,0.0,8.57,-0.01,0.0,0.14,0.0,0
2.0,0.0,1.0,6.0,7.0,3.0,115.0,2.0,1.0,3.0,0.58,0.0,81.0,2.0,0.0,5.0,2.0,2.62,1.0,1.0,0.0,7.0,0.4,0.0,1.0,1.0,0
0.0,0.0,1.0,-0.59,-2.37,1.0,-47.7,2.0,-1.18,-1.18,1.24,0.0,10.65,7.78,-1.78,-1.96,2.0,-0.22,-0.59,2.59,0.0,0.0,0.5,0.0,5.96,-0.59,0
0.0,0.0,1.0,0.0,-0.55,0.23,-24.38,6.23,-3.86,0.0,2.22,0.77,0.0,6.0,0.0,1.36,1.23,0.99,2.32,2.77,0.0,-1.55,0.58,0.0,3.23,1.45,0
0.0,1.0,1.0,0.0,1.85,1.0,38.87,1.0,-0.54,0.54,7.9,0.0,-53.72,4.46,1.46,0.93,1.0,2.78,3.54,0.46,0.0,2.0,0.4,0.0,4.07,0.0,0
-0.57,3.72,1.0,0.0,10.43,0.43,53.15,1.0,0.0,-0.57,10.2,-1.14,-21.17,1.72,3.86,-2.29,-0.57,-0.14,1.57,0.43,0.0,-6.87,0.6,0.0,2.43,1.0,0
0.0,0.0,1.0,0.0,5.89,1.0,32.68,0.28,0.0,0.72,3.41,1.0,100.0,1.38,0.0,-0.72,1.0,3.0,3.72,0.28,0.0,0.0,0.5,0.0,2.28,0.0,0
1.0,0.0,1.0,0.0,-3.85,0.02,11.66,1.0,2.0,1.0,1.06,-0.98,157.54,3.95,0.0,4.1,1.0,-1.33,1.0,4.9,0.0,1.05,0.83,0.0,5.98,0.0,0
0.0,0.0,1.0,0.0,2.0,1.0,131.75,1.0,1.09,5.57,0.42,0.0,-10.04,-1.65,0.0,5.26,2.83,0.18,-0.91,-0.83,0.0,4.91,0.49,0.0,5.0,3.83,0
-0.54,0.54,1.0,0.0,3.46,1.0,27.15,0.46,-1.62,-1.08,3.65,0.0,100.0,4.46,2.69,1.08,1.0,0.35,0.0,0.46,0.0,0.0,0.5,0.0,5.08,1.0,0
0.0,0.0,1.0,0.0,8.07,1.0,102.64,1.0,12.28,1.0,1.25,0.0,67.22,6.93,68.84,11.57,0.07,22.72,1.93,1.93,0.0,13.0,0.35,0.0,6.86,3.71,0
0.0,0.0,1.98,0.0,18.79,2.96,115.84,1.0,1.98,0.98,-0.82,0.98,149.03,7.98,0.0,10.94,1.0,9.24,7.9,4.94,0.0,0.0,0.5,0.0,1.98,0.0,0
0.0,0.0,1.0,0.0,4.66,1.0,38.34,1.0,-1.66,0.0,1.3,0.0,-83.17,-0.33,0.0,12.16,1.0,1.11,1.0,0.34,0.0,12.81,0.13,0.0,0.5,0.17,0
0.0,-0.8,1.0,0.0,-2.61,1.0,19.78,1.0,0.0,0.8,-0.88,0.0,40.08,8.01,-1.6,2.8,1.8,1.3,0.8,4.21,0.0,0.0,0.5,0.0,3.0,-0.8,0
0.0,0.0,1.0,0.0,4.0,1.0,64.85,2.0,2.68,1.0,0.74,0.0,100.0,-0.04,5.45,13.0,2.0,8.09,1.68,-0.36,0.0,8.0,0.5,0.0,4.68,4.36,0
0.0,-1.66,1.0,0.0,0.01,1.0,55.02,1.0,1.0,1.0,-1.36,0.0,60.0,6.99,1.83,5.83,1.83,6.48,4.66,1.83,0.0,8.0,0.25,0.0,3.0,1.17,0
2.0,0.0,1.0,0.0,3.2,2.0,502.19,10.49,0.0,16.0,-0.16,0.0,3.12,1.9,0.0,25.49,2.9,1.71,0.0,0.1,0.0,7.1,0.52,0.0,3.9,7.7,0
0.0,0.0,1.0,0.0,3.65,1.0,4.28,1.0,2.0,0.35,1.42,0.0,134.85,4.59,0.0,2.7,0.35,0.28,0.0,1.65,0.0,9.24,0.59,0.0,3.0,1.65,0
0.0,-2.14,1.0,0.0,0.86,1.0,-27.76,1.0,0.0,0.0,0.37,0.0,100.0,3.86,0.0,-1.43,0.29,1.29,2.14,1.71,0.0,0.0,0.5,0.0,2.71,2.71,0
-13.65,0.57,0.43,0.0,-1.42,-0.14,-245.66,2.86,8.0,-3.39,1.59,-0.57,92.4,8.14,3.85,2.57,0.86,0.8,0.0,0.0,0.0,-1124.81,0.34,0.0,3.14,-2.28,0
0.0,0.0,1.0,-1.76,2.82,1.0,-106.04,-0.18,2.0,-6.64,2.58,0.0,84.7,7.94,86.0,5.41,0.41,19.58,1.0,2.59,0.0,6.0,0.2,0.0,1.0,-2.35,0
-1.81,1.0,1.0,0.0,10.28,1.0,17.76,0.09,0.0,0.0,7.83,-1.81,-90.73,3.63,1.0,-7.26,0.0,-0.13,1.91,2.81,0.0,-0.91,0.65,0.0,2.0,0.09,0
-0.79,0.0,1.0,0.0,9.73,1.0,69.34,-0.58,-2.36,-1.58,7.87,0.0,21.21,2.64,0.0,0.64,0.21,0.9,0.0,5.0,0.0,1.0,0.67,0.0,2.21,3.58,0
0.75,0.0,2.0,0.0,14.0,2.75,34.11,1.0,-2.24,0.0,0.43,3.49,65.72,-2.73,-1.49,7.25,2.75,0.51,0.25,1.75,0.0,12.94,0.38,0.0,1.51,0.0,0
0.0,0.0,1.0,0.0,3.65,0.35,55.82,1.0,0.0,2.35,1.8,0.65,102.79,3.61,0.0,2.0,2.0,0.54,1.65,2.96,0.0,0.0,0.5,0.0,3.3,2.0,0
0.0,0.0,1.0,1.0,3.55,1.0,39.48,1.0,2.0,0.0,0.64,0.0,128.81,4.0,0.0,-0.52,1.0,1.33,0.0,-0.04,0.0,150.0,0.33,0.0,1.48,2.04,0
0.0,0.0,1.0,0.0,3.27,1.0,80.55,1.0,1.0,5.33,0.29,0.0,65.33,0.53,3.0,2.27,2.87,8.21,2.0,-0.6,0.0,2.0,0.33,0.0,0.13,0.87,0
0.0,0.0,0.0,0.0,0.82,0.82,27.08,1.0,0.0,0.0,3.34,0.0,-81.61,0.37,0.0,3.26,1.0,0.41,0.0,0.82,0.0,4.63,0.36,0.0,3.82,0.0,0
0.0,-4.36,1.0,0.0,-1.74,1.0,-37.64,1.0,0.0,0.0,-3.23,0.0,87.18,7.74,-0.87,2.13,1.0,-0.05,1.0,5.62,0.0,0.0,0.5,0.0,3.0,0.0,0
0.0,-0.96,1.0,0.0,8.96,1.0,102.34,1.0,0.96,0.96,2.02,0.0,57.66,-0.88,-0.96,2.88,1.0,3.35,0.0,1.0,0.0,5.77,0.36,0.0,1.0,3.92,0
3.0,-0.86,1.0,1.0,3.14,2.0,100.56,2.0,1.0,8.0,0.61,0.0,80.0,7.72,-1.72,13.72,1.0,-8.86,-1.58,1.0,0.0,192.0,0.7,0.0,1.14,-0.86,0
0.0,0.0,1.0,0.0,5.66,1.0,48.61,0.34,-0.31,0.34,3.16,0.0,60.0,2.0,2.97,-3.53,0.34,6.51,4.31,1.0,0.0,2.75,0.14,0.0,1.69,1.34,0
5.11,5.11,1.0,8.67,1.0,2.7,167.75,6.97,2.0,10.38,0.54,-1.7,61.69,1.3,5.97,10.56,1.0,2.33,0.0,0.15,0.0,103.58,0.28,0.0,1.0,1.7,0
0.0,0.0,1.0,0.0,3.0,1.0,8.53,1.02,-1.95,0.02,2.96,-1.95,116.59,5.98,0.02,-4.83,1.02,-0.64,0.0,1.98,0.0,-12.69,0.74,0.0,2.02,2.0,0
0.66,1.32,1.0,0.0,2.63,1.66,244.6,7.58,1.32,10.21,0.37,0.66,0.0,3.63,0.0,6.92,1.66,1.11,0.34,0.34,0.0,7.89,0.32,0.0,3.34,1.97,0
0.0,0.0,1.0,-0.52,5.0,1.0,34.6,1.0,0.0,0.0,1.9,0.0,0.0,6.0,2.0,0.48,1.52,1.42,0.92,0.96,0.0,0.0,0.5,0.0,3.0,0.0,0
1.0,-4.7,1.0,1.0,8.06,2.94,247.85,1.0,2.0,8.94,-5.98,0.0,136.03,0.06,0.0,5.94,2.0,2.62,0.94,1.94,0.0,4.0,0.33,0.0,2.88,3.0,0
0.0,-0.9,1.0,0.0,5.0,1.0,37.2,0.1,0.9,0.0,0.6,0.0,9.94,6.1,-1.8,8.5,0.1,0.25,0.0,9.21,0.0,9.01,0.59,0.0,0.3,1.0,0
2.0,0.0,0.34,0.0,1.03,0.34,34.8,3.0,-0.66,0.0,2.22,2.0,34.31,3.0,-5.26,9.69,2.0,-4.32,-0.66,0.34,0.0,3.63,0.44,0.0,2.34,-0.31,0
0.0,0.0,1.0,0.0,0.7,1.0,45.28,1.0,10.0,1.0,1.72,0.65,16.0,0.7,72.0,5.41,1.0,21.71,2.94,0.35,0.0,59.0,0.33,0.0,3.0,3.35,0
0.0,0.0,1.0,0.0,-3.31,0.34,7.12,2.0,0.0,0.0,2.14,-0.66,66.21,8.99,0.0,-0.97,2.0,-0.32,1.66,3.0,0.0,-1.32,0.61,0.0,3.0,-0.66,0
-0.76,0.0,1.0,-0.76,0.46,0.24,-171.52,1.0,-1.51,-6.05,3.07,0.0,8.32,9.03,2.0,-1.27,0.24,1.85,3.0,3.51,0.0,-3.03,0.63,0.0,4.51,-2.27,0
0.0,0.0,1.55,0.0,12.31,3.66,63.7,1.0,0.55,0.55,-1.01,2.66,13.8,3.55,0.0,11.52,1.0,5.52,1.0,3.1,0.0,0.9,0.15,0.0,3.55,2.1,0
0.0,0.0,0.06,0.0,-6.34,0.06,106.53,5.7,0.0,2.88,0.52,-1.88,27.44,7.58,2.0,1.0,3.0,3.19,0.06,1.0,0.0,1.88,0.34,0.0,2.12,1.0,0
0.0,-1.32,1.0,0.0,-4.62,1.0,-8.65,2.66,0.0,0.0,-2.96,0.0,65.94,5.0,-1.98,7.64,2.66,4.99,4.0,1.34,0.0,45.0,0.33,0.0,4.32,0.0,0
0.0,6.0,1.0,0.0,4.0,1.0,61.86,1.0,0.57,0.57,3.98,0.0,-16.42,-1.7,1.0,2.27,0.57,1.62,0.0,-0.57,0.0,2.27,0.5,0.0,2.57,2.13,0
0.0,0.0,1.0,0.0,-0.07,1.0,23.8,2.6,1.53,0.0,0.32,0.53,-53.28,6.2,-0.53,11.6,1.53,0.68,1.0,6.93,0.0,10.0,0.6,0.0,0.47,0.0,0
0.0,1.6,2.0,1.0,21.44,3.0,81.09,-0.6,-1.6,0.2,9.05,0.2,66.0,-2.81,1.6,-0.01,-0.6,7.55,1.8,1.0,0.0,0.0,0.5,0.0,3.8,0.0,0
0.0,0.0,1.0,0.0,6.56,3.0,60.89,-0.44,-1.44,1.0,0.69,2.44,25.46,-0.44,0.0,0.11,1.28,4.81,4.0,1.72,1.0,0.72,0.38,0.0,2.28,1.0,0
1.87,2.0,1.0,0.0,14.21,2.87,418.52,11.0,3.0,14.87,-0.17,2.74,132.13,4.39,2.0,16.61,2.87,5.07,0.0,1.87,0.0,22.42,0.08,0.0,3.0,5.0,0
0.0,0.59,1.0,1.0,0.32,0.41,2.99,1.59,0.0,-0.59,2.05,0.0,14.63,3.0,1.17,-1.17,1.59,-0.11,0.0,0.83,0.0,-108.24,0.6,0.0,3.59,0.41,0
0.0,0.0,1.0,0.0,2.0,1.0,25.05,1.0,2.0,0.0,2.1,-10.91,199.18,8.98,0.0,-4.93,1.0,0.67,0.0,3.98,0.0,-0.99,0.5,0.0,4.0,0.01,0
0.0,0.9,1.0,0.0,4.81,0.1,54.36,1.0,-2.71,1.39,4.69,-0.9,33.47,1.9,4.51,-1.81,2.0,19.02,15.35,0.1,0.0,-172.43,0.65,0.0,3.81,1.9,0
0.0,0.0,1.0,0.0,4.73,1.0,67.66,1.0,0.0,0.0,1.92,0.95,-94.69,7.0,0.0,17.1,1.0,1.3,0.95,5.0,0.0,43.84,0.43,0.0,3.95,0.95,0
0.0,0.81,1.0,0.0,3.38,1.0,46.19,1.81,0.0,-0.81,3.05,0.0,54.12,3.42,4.04,2.42,2.0,2.63,0.0,0.0,0.0,-36.35,0.5,0.0,6.42,0.0,0
0.0,0.0,1.0,0.0,3.19,1.0,26.93,1.0,0.0,0.0,4.21,0.0,0.0,4.44,0.19,0.19,1.0,-0.63,1.0,-0.81,0.0,3.0,0.33,0.0,5.26,0.0,0
0.0,3.76,1.0,0.0,6.82,2.0,65.58,1.0,0.0,0.06,5.69,0.0,26.15,-0.88,1.88,0.3,1.06,1.5,1.0,0.06,0.0,0.0,0.5,0.0,5.88,0.12,0
-0.66,0.0,1.0,0.0,0.36,0.34,16.28,1.0,0.0,-1.98,2.34,0.0,-21.75,6.29,0.0,8.66,1.0,-2.07,0.34,3.32,0.0,2.0,0.44,0.0,3.66,-0.32,0
0.0,0.0,1.79,0.0,4.79,2.58,43.25,1.79,-1.58,0.0,0.2,2.38,0.0,-3.54,0.0,15.92,1.0,-0.03,-1.58,0.0,0.0,21.71,0.05,0.0,1.0,0.0,0
0.0,1.0,1.0,0.0,1.95,1.0,38.53,1.0,0.0,0.68,1.8,0.0,-34.22,0.63,3.37,0.68,2.37,15.01,3.0,0.32,0.0,0.0,0.5,0.0,5.37,-0.37,0
1.92,0.0,2.0,3.0,14.92,3.92,104.29,1.0,0.0,2.77,-0.96,4.0,4.05,-2.7,0.0,10.0,1.0,15.43,4.92,6.0,0.0,64.0,0.1,0.0,2.08,5.85,0
-2.01,0.0,1.0,0.67,2.33,0.33,118.33,3.01,2.01,-1.34,1.47,-2.01,23.42,4.34,-0.67,-6.38,1.0,0.34,0.33,2.0,0.0,-57.55,0.54,0.0,2.0,4.01,0
0.0,0.0,1.0,3.01,7.51,1.75,86.14,1.75,2.5,1.5,1.03,0.0,0.0,4.5,-6.02,5.01,1.0,-4.45,0.0,2.75,0.0,142.64,0.21,0.0,3.25,2.25,0
0.0,0.0,1.0,0.0,3.64,1.0,31.67,1.0,0.0,0.0,1.25,0.0,36.09,3.72,0.0,2.28,1.0,0.0,0.0,1.72,0.0,-2.2,0.49,0.0,2.36,0.0,0
0.0,0.0,1.0,0.0,3.15,1.0,28.27,1.0,0.85,1.0,1.43,0.0,-35.41,4.15,1.0,3.71,1.0,0.43,0.15,3.29,0.0,-3.27,0.55,0.0,3.0,-0.85,0
0.0,0.0,1.0,2.0,2.82,1.0,129.73,1.0,3.27,-1.18,1.05,0.0,28.6,8.0,-5.08,4.45,1.73,-0.01,-0.73,1.73,0.0,47.0,0.33,0.0,0.27,-0.73,0
0.0,0.0,1.0,-2.63,1.12,1.0,-187.36,2.12,5.51,-10.39,1.1,1.0,7.01,10.38,0.88,11.26,2.0,0.19,0.0,1.0,0.0,0.0,0.5,0.0,4.88,-3.51,0
0.0,0.0,0.0,0.0,2.81,0.0,31.44,1.0,-0.94,1.87,4.56,0.0,-31.87,1.06,-1.87,-1.87,1.0,0.94,2.81,0.0,0.0,5.87,0.51,0.0,3.94,-1.87,0
1.67,0.0,1.0,0.56,5.56,1.56,109.49,1.56,1.56,5.45,0.89,0.0,48.88,2.56,1.0,11.67,1.0,5.69,3.56,1.0,0.0,114.77,0.36,0.0,2.44,2.0,0
1.0,0.05,1.0,0.0,6.08,2.0,401.66,11.0,3.97,14.0,-3.04,1.0,197.39,13.82,1.03,21.79,2.97,6.14,1.95,1.97,0.0,12.0,0.22,0.0,1.05,4.03,0
0.0,0.0,1.0,0.0,5.8,1.0,128.82,8.0,1.9,3.0,0.58,0.0,100.0,5.0,3.0,13.8,2.0,2.15,0.0,-2.61,0.0,2.0,0.33,0.0,3.0,4.0,0
0.0,0.0,1.0,0.0,6.57,2.0,116.97,3.04,5.52,1.57,0.08,0.0,152.24,4.48,0.0,8.09,2.52,2.91,0.0,-1.04,0.0,2.52,0.31,0.0,3.48,2.0,0
2.0,0.64,1.0,0.0,6.2,2.0,42.24,4.0,1.0,-0.64,2.23,0.0,0.0,7.28,0.64,6.36,1.36,0.95,0.0,1.36,0.0,9.0,0.25,0.0,3.0,0.64,0
0.0,23.0,1.0,0.0,3.06,1.0,195.09,1.0,0.0,0.0,5.77,-0.97,0.0,0.0,1.0,8.03,0.0,1.06,-1.94,-2.91,0.0,0.0,0.33,0.0,4.03,3.97,0
0.0,0.93,1.0,-3.71,1.14,0.07,-28.11,0.07,-1.78,-1.86,6.69,0.0,-92.81,-0.71,2.78,-1.71,0.07,-0.62,0.0,1.07,0.0,-168.77,0.49,0.0,4.93,4.86,0
0.0,0.0,1.0,2.63,6.76,1.0,282.91,2.76,0.0,11.41,1.13,0.0,92.98,1.49,0.0,0.88,1.88,2.72,0.0,0.12,0.0,0.0,0.5,0.0,2.24,6.39,0
0.0,0.0,1.0,0.0,4.71,1.0,25.32,-1.13,-1.42,0.0,3.55,-0.71,71.01,0.87,0.0,-0.26,0.29,1.72,0.0,2.71,0.0,0.0,0.5,0.0,6.13,0.0,0
-5.67,-2.84,1.0,-6.38,12.05,-0.42,-66.86,-4.38,0.0,-7.8,9.07,0.0,-53.18,5.29,-3.55,-8.22,0.58,2.98,0.71,2.71,0.0,-84.38,0.67,0.0,4.42,-2.13,0
1.0,-0.78,1.0,2.0,6.35,1.0,87.36,1.0,0.78,4.13,-1.56,0.0,110.62,1.78,3.91,1.0,2.78,6.86,1.0,1.0,0.0,0.0,0.5,0.0,2.22,1.78,0
0.0,-1.25,1.0,0.0,2.0,1.0,5.97,3.0,0.0,0.0,-1.64,0.0,0.0,1.37,-2.5,3.0,2.0,0.5,0.0,2.0,0.0,3.0,0.33,0.0,1.63,0.63,0
1.0,0.0,1.0,11.0,9.54,1.0,309.59,1.0,0.0,0.0,0.9,0.0,97.0,2.09,0.0,2.0,1.0,4.52,0.64,2.64,0.0,0.0,0.5,0.0,1.0,4.64,0
0.0,-0.66,1.0,0.0,5.99,1.0,43.3,0.34,1.0,0.0,0.92,0.0,33.75,2.0,-4.96,4.32,0.34,1.92,0.66,2.0,0.0,-0.66,0.61,0.0,1.34,-0.66,0
0.0,0.0,1.0,0.0,4.86,1.0,4.12,1.0,0.86,-4.29,1.28,0.0,21.45,2.86,0.86,10.57,0.14,-1.98,0.0,0.86,0.0,13.0,0.25,0.0,1.0,-0.86,0
2.0,0.0,3.0,0.0,10.0,4.0,58.21,1.0,0.0,1.0,1.36,1.97,172.43,4.9,0.0,7.0,1.03,8.67,6.92,4.97,1.0,0.0,0.5,0.0,5.0,1.0,0
0.7,2.0,1.0,0.0,5.6,0.3,53.38,4.4,2.4,1.4,1.04,-1.4,0.0,1.7,1.3,1.3,2.7,0.16,0.3,0.3,0.0,-0.7,0.38,0.0,1.3,-1.4,0
0.0,-0.58,1.0,0.0,9.08,1.0,15.51,-0.17,-0.58,0.0,5.87,0.0,0.0,6.17,1.0,0.42,0.42,-0.12,0.0,2.0,0.0,0.0,0.5,0.0,5.0,0.58,0
1.0,-1.18,1.0,11.0,2.89,1.0,276.24,1.0,0.0,0.59,-1.18,0.0,97.0,6.94,0.0,3.18,1.59,3.38,0.0,4.35,0.0,0.59,0.4,0.0,1.59,4.0,0
0.0,0.0,1.0,0.81,9.03,1.0,220.04,3.42,4.03,1.61,2.53,-1.61,100.0,4.19,0.0,4.03,1.0,0.26,-0.81,-0.61,0.0,0.0,0.23,0.0,2.39,2.81,0
0.0,0.0,1.0,0.0,6.39,2.8,49.75,1.0,0.0,1.6,-0.28,0.0,34.31,-0.99,0.0,10.38,1.8,1.5,0.8,1.2,0.0,4.39,0.13,0.0,4.0,0.0,0
0.0,0.0,1.0,0.0,3.0,1.0,23.44,0.44,-1.67,0.56,2.1,0.0,83.3,3.89,-0.56,-2.34,0.44,-0.13,0.0,3.56,0.0,2.23,0.78,0.0,3.0,0.56,0
-1.94,0.97,1.0,0.0,6.97,0.03,75.0,-1.91,-0.97,2.0,8.94,0.0,50.0,5.03,2.94,-2.86,0.03,5.95,3.91,1.03,0.0,-6.8,0.65,0.0,5.0,1.0,0
0.0,0.0,2.0,0.37,8.9,3.0,32.54,-1.53,-1.27,-0.27,1.59,0.37,58.4,2.0,0.0,2.73,0.37,3.36,1.63,1.0,0.0,0.0,0.5,0.0,4.27,0.0,0
-1.91,0.0,2.91,-0.95,4.77,2.91,-9.41,3.0,3.0,-3.82,0.41,1.95,0.0,6.0,0.0,11.77,2.0,0.6,1.91,4.86,0.95,-16.23,0.5,0.0,3.86,0.0,0
19.46,0.0,1.63,0.0,5.51,2.26,443.55,2.88,0.0,12.55,2.45,0.63,154.61,5.37,0.0,-0.63,2.88,1.18,-0.63,-0.26,0.0,1259.75,0.4,0.0,2.0,3.26,0
1.0,0.0,1.0,0.0,1.07,1.0,6.42,0.07,3.86,-0.86,1.18,-2.79,91.58,4.79,0.0,-8.72,0.07,1.56,0.07,1.93,0.0,-0.71,0.67,0.0,5.93,0.93,0
0.0,1.0,1.0,0.0,0.18,1.0,44.44,2.0,0.0,0.0,1.87,0.0,86.38,-0.63,9.0,-1.72,2.0,2.71,0.0,0.09,0.0,1.0,0.33,0.0,3.91,2.91,0
1.0,0.0,1.0,0.0,5.32,1.72,48.13,3.0,1.0,1.0,0.42,0.72,66.0,4.44,0.0,7.88,1.28,3.29,0.0,0.0,0.0,5.44,0.38,0.0,4.0,1.72,0
0.0,0.0,1.0,0.0,4.11,1.0,21.21,1.89,4.45,-0.89,2.33,0.0,44.47,3.67,-0.89,8.01,1.11,-0.32,-0.89,-0.89,0.0,1.78,0.28,0.0,3.11,-0.89,0
