CountDeclMethodPrivate,CountDeclMethodDefault,AvgEssential,CountDeclClassVariable,CountDeclClassMethod,AvgLineComment,AvgCyclomaticModified,CountDeclClass,CountDeclMethodProtected,CountDeclInstanceVariable,CountDeclMethodPublic,RatioCommentToCode,AvgLineBlank,PercentLackOfCohesion,MaxInheritanceTree,CountClassDerived,CountClassCoupled,CountClassBase,CountInput_Mean,CountInput_Min,CountOutput_Min,MaxNesting_Min,ADEV,OWN_COMMIT,MINOR_COMMIT,MINOR_LINE,MAJOR_LINE,target
0.0,1.0,1.0,0.0,0.0,5.0,1.0,1.0,0.0,0.0,0.0,4.2,0.0,0.0,0.0,1.0,0.0,0.0,0.0,0.0,0.0,0.0,1.0,1.0,0.0,1.0,0.0,0
0.0,0.0,2.0,0.0,0.0,8.0,4.0,1.0,4.0,2.0,0.0,0.53,2.0,62.0,3.0,0.0,2.0,1.0,2.0,1.0,1.0,0.0,2.0,0.5,0.0,1.0,0.0,1
0.0,0.0,1.0,0.0,0.0,5.0,1.0,1.0,1.0,1.0,1.0,1.93,0.0,50.0,1.0,6.0,0.0,2.0,6.5,6.0,2.0,0.0,1.0,1.0,0.0,1.0,0.0,0
0.0,0.0,1.0,0.0,0.0,6.0,1.0,1.0,3.0,2.0,6.0,1.22,0.0,61.0,2.0,0.0,3.0,1.0,1.89,1.0,1.0,0.0,1.0,1.0,0.0,1.0,0.0,0
0.0,0.0,1.0,0.0,0.0,7.0,2.0,1.0,2.0,2.0,4.0,1.14,1.0,41.0,1.0,1.0,0.0,2.0,4.0,2.0,2.0,0.0,1.0,1.0,0.0,1.0,0.0,0
2.0,0.0,1.0,0.0,0.0,0.0,2.0,1.0,0.0,10.0,7.0,0.22,0.0,72.0,2.0,0.0,9.0,2.0,5.33,0.0,1.0,0.0,4.0,1.0,0.0,2.0,1.0,0
0.0,0.0,1.0,0.0,0.0,10.0,1.0,1.0,1.0,0.0,3.0,4.59,0.0,0.0,3.0,0.0,2.0,2.0,3.25,1.0,1.0,0.0,2.0,1.0,0.0,3.0,0.0,0
0.0,6.0,1.0,0.0,0.0,2.0,1.0,1.0,0.0,0.0,0.0,2.79,0.0,0.0,3.0,1.0,0.0,1.0,0.0,0.0,0.0,0.0,2.0,1.0,0.0,2.0,0.0,0
0.0,0.0,1.0,0.0,0.0,1.0,1.0,1.0,0.0,1.0,2.0,2.0,0.0,0.0,2.0,1.0,0.0,1.0,2.0,2.0,2.0,0.0,1.0,1.0,0.0,2.0,0.0,0
0.0,0.0,1.0,0.0,0.0,0.0,1.0,1.0,3.0,1.0,2.0,0.4,0.0,0.0,3.0,0.0,10.0,1.0,3.6,2.0,2.0,0.0,2.0,0.5,0.0,2.0,2.0,0
0.0,0.0,1.0,0.0,0.0,0.0,1.0,1.0,0.0,1.0,9.0,0.5,0.0,0.0,1.0,0.0,1.0,2.0,1.11,1.0,1.0,0.0,3.0,1.0,0.0,1.0,0.0,0
1.0,2.0,1.0,1.0,2.0,0.0,1.0,9.0,17.0,4.0,10.0,0.09,0.0,75.0,3.0,5.0,14.0,2.0,2.13,0.0,0.0,0.0,4.0,0.75,0.0,1.0,1.0,1
0.0,0.0,2.0,0.0,0.0,3.0,2.0,1.0,0.0,3.0,12.0,0.82,0.0,58.0,2.0,0.0,3.0,1.0,1.42,0.0,1.0,0.0,5.0,0.6,0.0,2.0,0.0,1
0.0,0.0,1.0,1.0,0.0,0.0,2.0,1.0,5.0,5.0,15.0,0.15,0.0,78.0,3.0,0.0,18.0,2.0,3.7,0.0,0.0,0.0,12.0,0.67,0.0,3.0,1.0,1
0.0,0.0,1.0,0.0,0.0,0.0,2.0,3.0,3.0,2.0,8.0,0.32,0.0,55.0,1.0,0.0,3.0,2.0,2.64,1.0,1.0,0.0,3.0,1.0,0.0,2.0,0.0,0
0.0,2.0,1.0,0.0,0.0,0.0,1.0,2.0,0.0,1.0,2.0,1.23,0.0,100.0,1.0,2.0,0.0,2.0,0.5,0.0,1.0,0.0,2.0,1.0,0.0,1.0,0.0,0
0.0,0.0,3.0,1.0,0.0,16.0,6.0,1.0,0.0,0.0,1.0,1.08,6.0,100.0,1.0,0.0,3.0,2.0,3.0,3.0,8.0,2.0,4.0,1.0,0.0,4.0,0.0,1
0.0,0.0,1.0,0.0,0.0,9.0,1.0,1.0,0.0,0.0,1.0,3.2,0.0,0.0,1.0,0.0,4.0,2.0,0.0,0.0,1.0,0.0,3.0,1.0,0.0,2.0,0.0,0
6.0,3.0,1.0,0.0,0.0,2.0,2.0,7.0,5.0,23.0,54.0,0.19,0.0,92.0,2.0,2.0,45.0,2.0,3.97,0.0,1.0,0.0,17.0,0.53,0.0,3.0,1.0,1
0.0,0.0,1.0,0.0,0.0,0.0,2.0,2.0,1.0,2.0,4.0,0.45,0.0,50.0,1.0,0.0,3.0,2.0,2.4,1.0,1.0,0.0,3.0,1.0,0.0,2.0,0.0,0
0.0,0.0,1.0,0.0,0.0,0.0,1.0,1.0,0.0,0.0,4.0,1.11,0.0,0.0,2.0,0.0,3.0,2.0,1.5,0.0,2.0,0.0,3.0,0.67,0.0,2.0,0.0,0
0.0,1.0,1.0,1.0,0.0,0.0,2.0,4.0,5.0,10.0,13.0,0.12,0.0,80.0,2.0,0.0,4.0,2.0,3.0,0.0,1.0,0.0,1.0,1.0,0.0,1.0,0.0,0
0.0,0.0,2.0,13.0,3.0,0.0,2.0,1.0,2.0,6.0,29.0,0.11,0.0,93.0,2.0,3.0,6.0,5.0,11.23,0.0,1.0,0.0,7.0,0.86,0.0,2.0,3.0,1
0.0,0.0,1.0,2.0,0.0,0.0,1.0,1.0,1.0,0.0,6.0,0.81,0.0,92.0,3.0,0.0,1.0,2.0,16.0,0.0,1.0,0.0,2.0,1.0,0.0,3.0,0.0,0
0.0,0.0,1.0,1.0,0.0,2.0,1.0,1.0,0.0,5.0,12.0,1.24,0.0,84.0,2.0,0.0,3.0,1.0,7.5,1.0,1.0,0.0,1.0,1.0,0.0,2.0,0.0,0
0.0,0.0,1.0,1.0,0.0,0.0,1.0,1.0,0.0,1.0,7.0,1.0,0.0,71.0,1.0,0.0,2.0,2.0,5.86,0.0,1.0,0.0,1.0,1.0,0.0,3.0,0.0,0
0.0,0.0,1.0,1.0,0.0,0.0,1.0,1.0,0.0,4.0,14.0,0.46,0.0,75.0,2.0,0.0,2.0,2.0,4.79,0.0,1.0,0.0,2.0,1.0,0.0,4.0,0.0,0
0.0,4.0,1.0,0.0,0.0,0.0,1.0,1.0,0.0,0.0,0.0,1.78,0.0,0.0,0.0,2.0,1.0,0.0,0.0,0.0,0.0,0.0,2.0,1.0,0.0,3.0,0.0,0
0.0,0.0,1.0,1.0,0.0,0.0,1.0,1.0,0.0,4.0,23.0,0.39,0.0,90.0,1.0,1.0,4.0,2.0,2.04,0.0,0.0,0.0,1.0,1.0,0.0,1.0,1.0,0
1.0,0.0,1.0,1.0,0.0,0.0,1.0,1.0,0.0,6.0,16.0,0.39,0.0,76.0,1.0,0.0,2.0,2.0,8.35,0.0,1.0,0.0,2.0,1.0,0.0,3.0,0.0,0
0.0,0.0,1.0,0.0,0.0,2.0,1.0,1.0,0.0,2.0,9.0,1.35,0.0,55.0,1.0,3.0,0.0,2.0,2.44,0.0,1.0,0.0,2.0,1.0,0.0,3.0,0.0,0
0.0,1.0,1.0,0.0,0.0,5.0,1.0,1.0,0.0,0.0,0.0,5.4,0.0,0.0,1.0,10.0,1.0,1.0,7.0,7.0,1.0,0.0,2.0,1.0,0.0,3.0,0.0,0
0.0,0.0,2.0,0.0,0.0,0.0,2.0,1.0,0.0,1.0,3.0,0.88,0.0,33.0,2.0,0.0,1.0,1.0,2.0,0.0,1.0,0.0,2.0,1.0,0.0,3.0,0.0,0
0.0,1.0,1.0,0.0,0.0,3.0,1.0,1.0,0.0,0.0,0.0,4.8,0.0,0.0,0.0,5.0,1.0,0.0,13.0,13.0,1.0,0.0,2.0,1.0,0.0,3.0,0.0,0
2.0,1.0,1.0,0.0,0.0,3.0,2.0,4.0,0.0,9.0,9.0,0.88,0.0,83.0,2.0,0.0,7.0,1.0,2.75,0.0,0.0,0.0,3.0,1.0,0.0,2.0,1.0,0
0.0,0.0,1.0,1.0,2.0,10.0,4.0,1.0,0.0,0.0,3.0,0.75,1.0,33.0,1.0,0.0,1.0,2.0,5.0,3.0,5.0,1.0,2.0,1.0,0.0,1.0,0.0,0
0.0,0.0,1.0,0.0,0.0,0.0,2.0,1.0,1.0,0.0,1.0,1.17,0.0,0.0,2.0,2.0,0.0,1.0,1.5,1.0,1.0,0.0,2.0,1.0,0.0,3.0,0.0,0
0.0,0.0,1.0,0.0,0.0,0.0,1.0,1.0,0.0,0.0,1.0,2.1,0.0,0.0,1.0,0.0,0.0,2.0,1.0,1.0,1.0,0.0,1.0,1.0,0.0,3.0,0.0,0
0.0,3.0,1.0,3.0,0.0,0.0,2.0,4.0,5.0,6.0,41.0,0.19,0.0,90.0,2.0,2.0,3.0,3.0,1.37,0.0,0.0,0.0,6.0,0.83,0.0,2.0,2.0,1
4.0,9.0,1.0,4.0,0.0,1.0,2.0,1.0,1.0,20.0,19.0,0.2,0.0,89.0,1.0,0.0,9.0,2.0,4.03,0.0,1.0,0.0,6.0,0.83,0.0,2.0,0.0,1
0.0,0.0,1.0,1.0,0.0,3.0,1.0,1.0,0.0,2.0,10.0,0.9,0.0,63.0,1.0,0.0,4.0,2.0,1.9,0.0,0.0,0.0,2.0,1.0,0.0,2.0,0.0,0
6.0,0.0,1.0,4.0,0.0,0.0,2.0,2.0,0.0,18.0,44.0,0.14,0.0,92.0,1.0,0.0,16.0,2.0,3.64,1.0,1.0,0.0,12.0,0.58,0.0,2.0,0.0,1
0.0,0.0,1.0,0.0,0.0,0.0,1.0,1.0,1.0,3.0,6.0,0.49,0.0,42.0,2.0,1.0,0.0,1.0,3.0,1.0,1.0,0.0,1.0,1.0,0.0,3.0,0.0,0
0.0,1.0,1.0,0.0,0.0,3.0,1.0,1.0,0.0,0.0,0.0,6.0,0.0,0.0,0.0,2.0,0.0,0.0,1.0,1.0,0.0,0.0,2.0,1.0,0.0,3.0,0.0,0
0.0,4.0,1.0,0.0,0.0,2.0,1.0,1.0,0.0,0.0,0.0,4.43,0.0,0.0,0.0,2.0,1.0,0.0,1.75,1.0,0.0,0.0,2.0,1.0,0.0,3.0,0.0,0
0.0,1.0,1.0,1.0,0.0,0.0,2.0,2.0,0.0,5.0,5.0,0.34,0.0,60.0,1.0,0.0,4.0,2.0,3.0,0.0,1.0,0.0,7.0,0.71,0.0,4.0,0.0,1
0.0,4.0,1.0,0.0,0.0,1.0,1.0,1.0,0.0,0.0,0.0,2.64,0.0,0.0,0.0,2.0,3.0,0.0,1.0,1.0,0.0,0.0,1.0,1.0,0.0,4.0,0.0,0
0.0,0.0,1.0,1.0,0.0,1.0,1.0,1.0,9.0,6.0,10.0,0.42,0.0,85.0,1.0,2.0,2.0,3.0,3.21,1.0,0.0,0.0,3.0,1.0,0.0,3.0,1.0,0
0.0,0.0,1.0,0.0,0.0,3.0,1.0,1.0,0.0,2.0,6.0,1.65,0.0,41.0,3.0,1.0,0.0,1.0,1.33,0.0,1.0,0.0,2.0,1.0,0.0,4.0,0.0,0
0.0,7.0,1.0,0.0,0.0,0.0,1.0,1.0,0.0,0.0,0.0,1.14,0.0,0.0,0.0,3.0,3.0,0.0,3.0,2.0,0.0,0.0,2.0,1.0,0.0,2.0,0.0,0
2.0,0.0,1.0,1.0,2.0,0.0,1.0,1.0,0.0,0.0,1.0,0.43,0.0,33.0,1.0,0.0,56.0,1.0,0.67,0.0,1.0,0.0,3.0,1.0,0.0,1.0,0.0,0
0.0,0.0,1.0,0.0,0.0,5.0,1.0,1.0,0.0,0.0,7.0,1.24,1.0,0.0,2.0,0.0,4.0,1.0,2.57,0.0,1.0,0.0,3.0,1.0,0.0,1.0,1.0,0
0.0,0.0,1.0,0.0,0.0,4.0,1.0,1.0,0.0,0.0,7.0,1.45,1.0,0.0,3.0,0.0,5.0,1.0,2.57,0.0,1.0,0.0,2.0,1.0,0.0,1.0,1.0,0
0.0,0.0,1.0,0.0,0.0,5.0,2.0,1.0,0.0,0.0,7.0,0.39,2.0,0.0,3.0,0.0,8.0,1.0,2.57,0.0,1.0,0.0,3.0,1.0,0.0,1.0,0.0,0
0.0,0.0,1.0,0.0,0.0,4.0,1.0,1.0,0.0,0.0,7.0,1.33,1.0,0.0,2.0,1.0,4.0,1.0,3.29,0.0,1.0,0.0,2.0,1.0,0.0,1.0,0.0,0
0.0,0.0,1.0,0.0,0.0,4.0,1.0,1.0,0.0,0.0,7.0,1.36,1.0,0.0,3.0,0.0,4.0,1.0,2.57,0.0,1.0,0.0,2.0,1.0,0.0,1.0,0.0,0
0.0,0.0,1.0,0.0,0.0,4.0,1.0,1.0,0.0,0.0,7.0,1.49,1.0,0.0,3.0,4.0,4.0,1.0,5.43,0.0,1.0,0.0,2.0,1.0,0.0,1.0,0.0,0
0.0,0.0,1.0,0.0,0.0,4.0,1.0,1.0,0.0,0.0,7.0,1.2,1.0,0.0,3.0,0.0,6.0,1.0,2.57,0.0,1.0,0.0,2.0,1.0,0.0,1.0,0.0,0
0.0,0.0,1.0,0.0,0.0,0.0,1.0,1.0,0.0,1.0,5.0,1.04,0.0,19.0,1.0,0.0,3.0,2.0,1.2,0.0,1.0,0.0,1.0,1.0,0.0,2.0,0.0,0
0.0,0.0,1.0,0.0,0.0,0.0,1.0,1.0,0.0,2.0,3.0,0.91,0.0,33.0,2.0,0.0,0.0,1.0,2.33,1.0,2.0,0.0,2.0,1.0,0.0,1.0,0.0,0
0.0,0.0,1.0,0.0,0.0,3.0,1.0,1.0,0.0,0.0,1.0,5.4,0.0,0.0,3.0,0.0,0.0,1.0,0.0,0.0,0.0,0.0,2.0,1.0,0.0,1.0,0.0,0
0.0,0.0,1.0,0.0,0.0,1.0,1.0,1.0,0.0,9.0,19.0,0.62,0.0,88.0,1.0,0.0,6.0,2.0,1.63,0.0,1.0,0.0,6.0,0.5,0.0,2.0,0.0,1
0.0,0.0,1.0,1.0,0.0,0.0,2.0,2.0,1.0,2.0,14.0,0.23,0.0,64.0,2.0,0.0,15.0,2.0,4.4,1.0,1.0,0.0,7.0,0.57,0.0,2.0,0.0,1
0.0,0.0,1.0,0.0,0.0,0.0,2.0,1.0,1.0,0.0,1.0,2.06,0.0,0.0,3.0,0.0,1.0,1.0,1.5,1.0,2.0,0.0,1.0,1.0,0.0,3.0,0.0,0
0.0,2.0,1.0,0.0,0.0,0.0,1.0,1.0,0.0,0.0,0.0,3.8,0.0,0.0,0.0,4.0,0.0,0.0,4.0,4.0,1.0,0.0,2.0,0.5,0.0,4.0,0.0,0
1.0,0.0,1.0,1.0,0.0,0.0,3.0,1.0,0.0,6.0,13.0,0.16,0.0,74.0,1.0,0.0,2.0,1.0,7.43,2.0,1.0,0.0,4.0,1.0,0.0,2.0,2.0,0
0.0,1.0,1.0,3.0,0.0,1.0,2.0,3.0,0.0,9.0,23.0,0.26,0.0,64.0,1.0,0.0,11.0,2.0,3.96,0.0,0.0,0.0,5.0,1.0,0.0,3.0,1.0,0
0.0,0.0,1.0,0.0,0.0,1.0,1.0,1.0,2.0,3.0,18.0,0.49,0.0,75.0,1.0,1.0,9.0,2.0,1.7,0.0,0.0,0.0,8.0,0.5,0.0,2.0,0.0,1
1.0,2.0,1.0,6.0,0.0,0.0,2.0,1.0,4.0,10.0,25.0,0.16,0.0,91.0,2.0,0.0,23.0,2.0,2.44,0.0,0.0,0.0,19.0,0.63,0.0,2.0,0.0,1
0.0,8.0,1.0,0.0,0.0,5.0,1.0,1.0,0.0,0.0,0.0,3.67,0.0,0.0,2.0,2.0,4.0,1.0,1.12,1.0,0.0,0.0,5.0,0.6,0.0,2.0,0.0,1
0.0,9.0,1.0,0.0,0.0,9.0,1.0,1.0,0.0,0.0,0.0,6.35,0.0,0.0,3.0,2.0,4.0,2.0,1.22,1.0,0.0,0.0,5.0,0.8,0.0,1.0,1.0,1
0.0,0.0,0.0,0.0,0.0,0.0,0.0,1.0,0.0,5.0,0.0,2.62,0.0,0.0,0.0,0.0,0.0,0.0,0.0,0.0,0.0,0.0,2.0,1.0,0.0,3.0,0.0,0
0.0,0.0,1.0,0.0,0.0,0.0,1.0,1.0,1.0,0.0,0.0,1.5,0.0,0.0,3.0,0.0,4.0,1.0,2.0,2.0,3.0,0.0,1.0,1.0,0.0,2.0,0.0,0
0.0,0.0,3.0,0.0,0.0,0.0,5.0,1.0,0.0,0.0,4.0,0.19,2.0,0.0,1.0,0.0,12.0,2.0,4.75,2.0,7.0,1.0,5.0,1.0,0.0,2.0,1.0,0
0.0,0.0,1.0,1.0,0.0,0.0,1.0,1.0,0.0,1.0,5.0,0.83,0.0,80.0,2.0,0.0,0.0,1.0,4.8,0.0,1.0,0.0,2.0,1.0,0.0,1.0,0.0,0
0.0,0.0,1.0,1.0,0.0,1.0,2.0,1.0,3.0,11.0,19.0,0.48,0.0,88.0,4.0,3.0,11.0,1.0,2.23,0.0,0.0,0.0,8.0,0.62,0.0,3.0,1.0,1
0.0,0.0,1.0,1.0,0.0,2.0,3.0,1.0,1.0,6.0,8.0,0.31,2.0,73.0,2.0,1.0,13.0,1.0,5.0,1.0,1.0,0.0,5.0,1.0,0.0,2.0,0.0,0
0.0,0.0,1.0,1.0,0.0,1.0,2.0,1.0,6.0,0.0,3.0,0.3,1.0,100.0,2.0,1.0,19.0,1.0,3.33,1.0,1.0,0.0,5.0,0.6,0.0,2.0,1.0,1
1.0,0.0,1.0,3.0,0.0,0.0,2.0,1.0,1.0,15.0,23.0,0.18,0.0,88.0,1.0,1.0,8.0,3.0,2.68,0.0,1.0,0.0,12.0,0.83,0.0,3.0,0.0,1
2.0,0.0,1.0,0.0,45.0,0.0,1.0,1.0,0.0,0.0,44.0,0.09,0.0,0.0,1.0,0.0,1.0,1.0,3.43,0.0,0.0,0.0,5.0,1.0,0.0,1.0,0.0,1
1.0,0.0,1.0,1.0,0.0,2.0,2.0,1.0,0.0,2.0,22.0,0.42,0.0,55.0,2.0,0.0,1.0,2.0,5.52,2.0,1.0,0.0,3.0,1.0,0.0,2.0,1.0,0
0.0,0.0,1.0,1.0,0.0,0.0,1.0,2.0,0.0,4.0,9.0,0.35,0.0,59.0,1.0,0.0,3.0,4.0,1.78,0.0,1.0,0.0,4.0,1.0,0.0,1.0,0.0,0
0.0,0.0,1.0,1.0,0.0,0.0,1.0,2.0,5.0,6.0,4.0,0.21,1.0,69.0,3.0,0.0,2.0,2.0,3.44,2.0,1.0,0.0,3.0,1.0,0.0,3.0,0.0,0
0.0,0.0,1.0,0.0,0.0,3.0,1.0,1.0,0.0,0.0,1.0,2.0,0.0,0.0,2.0,0.0,2.0,1.0,0.0,0.0,5.0,0.0,1.0,1.0,0.0,1.0,1.0,0
0.0,0.0,1.0,0.0,0.0,0.0,2.0,1.0,1.0,0.0,3.0,0.38,1.0,0.0,6.0,0.0,6.0,1.0,1.5,0.0,2.0,0.0,2.0,1.0,0.0,2.0,2.0,0
0.0,0.0,1.0,0.0,0.0,0.0,2.0,2.0,1.0,0.0,2.0,0.53,0.0,0.0,3.0,0.0,2.0,2.0,0.67,0.0,2.0,0.0,3.0,1.0,0.0,2.0,0.0,0
0.0,0.0,1.0,1.0,1.0,0.0,2.0,2.0,2.0,12.0,55.0,0.05,0.0,93.0,2.0,0.0,10.0,2.0,0.68,0.0,0.0,0.0,4.0,1.0,0.0,2.0,1.0,0
0.0,0.0,1.0,0.0,0.0,0.0,2.0,1.0,1.0,0.0,2.0,0.59,0.0,0.0,2.0,0.0,3.0,1.0,1.0,0.0,2.0,0.0,2.0,1.0,0.0,2.0,0.0,0
0.0,0.0,1.0,0.0,0.0,4.0,1.0,1.0,3.0,1.0,3.0,0.57,2.0,16.0,3.0,0.0,0.0,1.0,1.67,0.0,3.0,0.0,1.0,1.0,0.0,3.0,0.0,0
0.0,0.0,1.0,1.0,0.0,3.0,2.0,1.0,1.0,0.0,1.0,0.59,2.0,50.0,4.0,0.0,0.0,1.0,4.5,0.0,2.0,0.0,4.0,1.0,0.0,3.0,0.0,0
0.0,1.0,1.0,0.0,0.0,0.0,3.0,1.0,5.0,1.0,0.0,0.15,0.0,0.0,3.0,0.0,8.0,1.0,2.83,1.0,3.0,0.0,1.0,1.0,0.0,1.0,0.0,0
0.0,0.0,1.0,1.0,2.0,0.0,2.0,2.0,4.0,6.0,5.0,0.25,1.0,89.0,5.0,0.0,8.0,2.0,2.67,0.0,2.0,0.0,6.0,0.67,0.0,2.0,1.0,1
0.0,0.0,1.0,0.0,0.0,0.0,1.0,1.0,0.0,1.0,3.0,1.5,0.0,0.0,4.0,0.0,0.0,1.0,1.33,1.0,1.0,0.0,1.0,1.0,0.0,3.0,0.0,0
0.0,0.0,1.0,0.0,0.0,0.0,1.0,1.0,1.0,0.0,0.0,2.5,0.0,0.0,3.0,0.0,0.0,1.0,0.0,0.0,1.0,0.0,1.0,1.0,0.0,3.0,0.0,0
0.0,0.0,1.0,1.0,0.0,0.0,1.0,1.0,1.0,0.0,1.0,1.44,0.0,100.0,5.0,0.0,1.0,1.0,1.0,0.0,2.0,0.0,3.0,1.0,0.0,2.0,0.0,0
0.0,0.0,1.0,1.0,0.0,0.0,1.0,1.0,1.0,0.0,1.0,1.53,0.0,100.0,4.0,1.0,1.0,1.0,1.5,0.0,3.0,0.0,3.0,1.0,0.0,2.0,0.0,0
0.0,0.0,1.0,1.0,0.0,0.0,1.0,1.0,1.0,0.0,1.0,1.86,0.0,100.0,7.0,0.0,1.0,1.0,1.0,0.0,1.0,0.0,4.0,1.0,0.0,1.0,0.0,0
0.0,0.0,1.0,1.0,0.0,0.0,1.0,1.0,1.0,0.0,1.0,1.86,0.0,100.0,7.0,0.0,1.0,1.0,1.0,0.0,1.0,0.0,4.0,1.0,0.0,1.0,0.0,0
0.0,0.0,1.0,1.0,0.0,0.0,1.0,1.0,1.0,0.0,1.0,1.29,0.0,100.0,4.0,0.0,1.0,1.0,1.0,0.0,2.0,0.0,3.0,1.0,0.0,1.0,0.0,0
0.0,0.0,1.0,1.0,0.0,0.0,1.0,1.0,1.0,0.0,1.0,1.5,0.0,100.0,5.0,0.0,1.0,1.0,1.0,0.0,2.0,0.0,3.0,1.0,0.0,1.0,0.0,0
0.0,0.0,1.0,1.0,0.0,0.0,1.0,1.0,1.0,0.0,1.0,1.59,0.0,100.0,4.0,1.0,1.0,1.0,1.5,0.0,3.0,0.0,3.0,1.0,0.0,1.0,0.0,0
0.0,0.0,1.0,0.0,0.0,0.0,1.0,1.0,1.0,0.0,0.0,1.33,0.0,0.0,3.0,0.0,1.0,1.0,0.0,0.0,4.0,0.0,1.0,1.0,0.0,3.0,0.0,0
0.0,0.0,1.0,1.0,0.0,0.0,2.0,1.0,0.0,5.0,9.0,0.27,0.0,75.0,1.0,1.0,2.0,2.0,3.67,1.0,1.0,0.0,3.0,0.67,0.0,4.0,0.0,0
0.0,0.0,1.0,1.0,0.0,2.0,2.0,1.0,3.0,3.0,1.0,0.61,0.0,81.0,3.0,0.0,0.0,1.0,1.75,0.0,2.0,0.0,3.0,1.0,0.0,2.0,0.0,0
0.0,0.0,1.0,1.0,0.0,3.0,2.0,1.0,5.0,1.0,0.0,0.52,2.0,30.0,4.0,11.0,0.0,1.0,8.6,2.0,1.0,0.0,3.0,1.0,0.0,3.0,0.0,0
0.0,0.0,1.0,1.0,0.0,0.0,1.0,1.0,3.0,1.0,0.0,0.62,1.0,50.0,6.0,0.0,2.0,1.0,1.67,1.0,2.0,0.0,4.0,1.0,0.0,3.0,0.0,0
0.0,0.0,1.0,0.0,0.0,2.0,1.0,1.0,5.0,2.0,0.0,0.97,0.0,60.0,5.0,3.0,2.0,1.0,1.8,1.0,1.0,0.0,1.0,1.0,0.0,2.0,1.0,0
0.0,0.0,1.0,1.0,0.0,3.0,1.0,1.0,6.0,3.0,0.0,0.68,2.0,66.0,4.0,12.0,1.0,1.0,6.33,1.0,1.0,0.0,3.0,1.0,0.0,3.0,0.0,0
0.0,0.0,1.0,0.0,0.0,0.0,1.0,1.0,2.0,0.0,0.0,1.9,0.0,0.0,3.0,0.0,0.0,1.0,1.0,0.0,1.0,0.0,2.0,1.0,0.0,2.0,0.0,0
0.0,0.0,1.0,0.0,0.0,0.0,1.0,1.0,2.0,1.0,3.0,0.95,0.0,60.0,3.0,0.0,1.0,1.0,0.6,0.0,0.0,0.0,3.0,1.0,0.0,2.0,0.0,0
0.0,0.0,1.0,1.0,0.0,0.0,2.0,3.0,9.0,7.0,13.0,0.13,0.0,82.0,2.0,2.0,13.0,2.0,2.18,0.0,0.0,0.0,3.0,1.0,0.0,2.0,0.0,0
0.0,0.0,1.0,0.0,0.0,0.0,1.0,1.0,1.0,0.0,0.0,1.46,0.0,0.0,4.0,0.0,2.0,1.0,0.0,0.0,3.0,0.0,2.0,1.0,0.0,2.0,0.0,0
0.0,0.0,1.0,1.0,0.0,0.0,2.0,1.0,1.0,1.0,1.0,0.7,2.0,50.0,4.0,0.0,4.0,1.0,4.5,4.0,4.0,0.0,4.0,0.5,0.0,2.0,0.0,1
0.0,0.0,1.0,1.0,0.0,1.0,2.0,1.0,1.0,1.0,1.0,0.64,3.0,0.0,5.0,5.0,1.0,1.0,6.5,4.0,5.0,1.0,3.0,1.0,0.0,2.0,0.0,0
0.0,0.0,1.0,1.0,0.0,3.0,1.0,1.0,1.0,2.0,6.0,0.27,3.0,42.0,3.0,2.0,1.0,1.0,3.57,0.0,1.0,0.0,5.0,0.8,0.0,2.0,0.0,0
0.0,0.0,1.0,0.0,0.0,0.0,1.0,1.0,1.0,2.0,0.0,1.9,0.0,100.0,6.0,0.0,1.0,1.0,0.0,0.0,2.0,0.0,1.0,1.0,0.0,2.0,0.0,0
0.0,0.0,1.0,0.0,0.0,0.0,1.0,1.0,3.0,1.0,1.0,0.56,1.0,25.0,2.0,0.0,4.0,1.0,1.0,1.0,1.0,0.0,2.0,1.0,0.0,1.0,0.0,0
0.0,0.0,1.0,0.0,0.0,0.0,1.0,1.0,1.0,0.0,0.0,3.33,0.0,0.0,4.0,0.0,0.0,1.0,0.0,0.0,1.0,0.0,1.0,1.0,0.0,3.0,0.0,0
1.0,0.0,1.0,1.0,0.0,3.0,2.0,1.0,3.0,7.0,5.0,0.58,1.0,66.0,1.0,2.0,3.0,2.0,4.22,1.0,1.0,0.0,2.0,1.0,0.0,1.0,0.0,0
0.0,0.0,4.0,0.0,0.0,1.0,5.0,1.0,3.0,1.0,8.0,0.16,0.0,72.0,3.0,1.0,0.0,1.0,2.27,1.0,1.0,0.0,1.0,1.0,0.0,1.0,0.0,0
1.0,0.0,1.0,0.0,2.0,0.0,4.0,1.0,3.0,4.0,2.0,0.29,1.0,70.0,2.0,1.0,0.0,1.0,4.67,1.0,1.0,0.0,2.0,1.0,0.0,2.0,0.0,0
0.0,0.0,1.0,1.0,0.0,0.0,1.0,1.0,2.0,1.0,4.0,0.68,0.0,66.0,3.0,0.0,1.0,1.0,1.33,0.0,0.0,0.0,2.0,1.0,0.0,3.0,0.0,0
0.0,0.0,1.0,0.0,0.0,0.0,1.0,1.0,0.0,4.0,10.0,0.56,0.0,75.0,4.0,2.0,1.0,1.0,2.3,0.0,1.0,0.0,2.0,1.0,0.0,2.0,0.0,0
0.0,0.0,1.0,0.0,0.0,0.0,1.0,1.0,5.0,1.0,0.0,0.61,0.0,60.0,5.0,2.0,2.0,1.0,1.6,0.0,1.0,0.0,1.0,1.0,0.0,2.0,0.0,0
0.0,0.0,1.0,0.0,0.0,0.0,1.0,1.0,0.0,1.0,41.0,0.18,0.0,97.0,1.0,0.0,3.0,4.0,1.68,0.0,0.0,0.0,2.0,1.0,0.0,2.0,0.0,0
0.0,0.0,1.0,0.0,0.0,1.0,1.0,1.0,0.0,0.0,2.0,2.67,0.0,0.0,1.0,3.0,1.0,2.0,2.0,1.0,0.0,0.0,1.0,1.0,0.0,2.0,0.0,0
0.0,0.0,1.0,1.0,0.0,2.0,1.0,1.0,0.0,1.0,3.0,1.16,0.0,50.0,1.0,1.0,1.0,2.0,3.33,0.0,2.0,0.0,1.0,1.0,0.0,2.0,0.0,0
0.0,0.0,1.0,0.0,2.0,0.0,3.0,1.0,2.0,2.0,5.0,0.22,1.0,85.0,2.0,0.0,4.0,1.0,6.43,4.0,1.0,0.0,1.0,1.0,0.0,2.0,0.0,0
0.0,0.0,1.0,1.0,0.0,0.0,1.0,1.0,0.0,4.0,52.0,0.1,0.0,96.0,1.0,0.0,0.0,2.0,0.19,0.0,0.0,0.0,1.0,1.0,0.0,2.0,0.0,0
0.0,0.0,1.0,1.0,0.0,0.0,2.0,1.0,2.0,6.0,15.0,0.22,0.0,89.0,1.0,1.0,1.0,1.0,4.12,0.0,0.0,0.0,2.0,1.0,0.0,1.0,0.0,0
0.0,0.0,1.0,4.0,0.0,0.0,1.0,1.0,0.0,7.0,14.0,0.29,0.0,90.0,2.0,2.0,0.0,1.0,1.71,1.0,1.0,0.0,2.0,1.0,0.0,1.0,0.0,0
0.0,0.0,1.0,0.0,0.0,0.0,2.0,1.0,1.0,5.0,7.0,0.23,0.0,67.0,1.0,0.0,0.0,3.0,2.25,1.0,1.0,0.0,1.0,1.0,0.0,1.0,0.0,0
0.0,0.0,1.0,0.0,0.0,0.0,2.0,1.0,1.0,2.0,2.0,0.57,0.0,33.0,3.0,0.0,3.0,1.0,3.33,1.0,1.0,0.0,1.0,1.0,0.0,1.0,0.0,0
0.0,0.0,1.0,17.0,0.0,0.0,10.0,1.0,0.0,0.0,2.0,0.16,8.0,50.0,1.0,0.0,2.0,2.0,10.0,1.0,3.0,0.0,2.0,1.0,0.0,1.0,1.0,0
0.0,0.0,1.0,0.0,0.0,0.0,1.0,1.0,0.0,0.0,2.0,1.25,0.0,0.0,2.0,0.0,1.0,2.0,0.5,0.0,2.0,0.0,2.0,1.0,0.0,2.0,0.0,0
0.0,0.0,1.0,1.74,0.0,0.0,1.92,1.0,0.0,0.9,2.9,1.36,0.82,5.11,3.69,0.0,0.2,1.1,2.22,1.0,1.2,0.0,1.1,1.0,0.0,2.8,0.1,0
0.0,0.0,1.0,0.94,0.0,0.94,2.0,1.0,1.0,0.94,1.06,0.64,2.82,0.0,4.82,4.7,1.12,1.0,6.17,3.76,4.82,0.94,2.94,1.0,0.0,2.0,0.0,0
0.0,0.0,1.0,0.0,0.0,1.49,1.0,1.0,1.26,0.0,2.6,1.75,0.37,0.0,3.0,1.49,1.49,1.0,2.64,0.0,1.0,0.0,2.0,1.0,0.0,1.63,0.0,0
1.25,2.88,1.0,0.0,0.0,2.62,1.62,2.87,0.0,5.62,5.62,1.6,0.0,51.8,2.38,0.38,4.37,1.0,1.72,0.0,0.0,0.0,2.62,1.0,0.0,2.0,0.62,0
0.0,0.0,1.0,0.0,0.0,2.96,1.0,1.0,0.69,1.04,10.82,1.14,0.65,26.02,2.31,2.96,5.73,1.35,4.14,0.0,0.65,0.0,4.08,0.83,0.0,1.35,0.0,0
0.0,0.0,1.99,0.0,0.0,7.95,3.97,1.0,4.01,2.0,0.0,0.53,1.98,61.98,3.02,0.03,2.0,1.0,2.0,1.0,1.0,0.0,1.99,0.5,0.0,1.01,0.01,1
1.5,0.0,1.0,0.0,33.78,0.0,1.0,1.0,0.0,0.25,43.25,0.11,0.0,24.19,1.0,0.0,1.5,1.75,3.0,0.0,0.0,0.0,4.25,1.0,0.0,1.25,0.0,0
0.0,0.0,1.0,1.0,0.0,0.04,1.04,1.0,0.02,1.09,7.02,0.99,0.04,71.04,1.02,0.02,2.2,1.98,5.84,0.02,1.0,0.0,1.07,1.0,0.0,2.98,0.0,0
0.0,0.97,1.0,0.97,0.0,0.0,2.0,2.0,0.03,4.91,4.97,0.34,0.0,59.72,1.0,0.0,3.97,2.0,2.98,0.03,1.0,0.0,6.89,0.72,0.0,3.94,0.0,1
0.0,0.0,1.0,0.69,0.0,1.39,1.0,1.0,0.0,0.69,3.31,1.14,0.0,34.64,1.31,0.69,1.61,2.0,2.77,0.0,2.0,0.0,1.61,0.9,0.0,2.0,0.0,0
0.5,0.0,1.0,1.5,0.0,1.49,1.5,1.0,1.99,3.47,5.5,0.7,0.5,79.11,2.01,0.99,1.99,2.0,10.16,0.5,1.0,0.0,2.0,1.0,0.0,2.01,0.0,0
0.0,0.0,1.0,0.0,0.0,9.73,1.0,1.0,0.97,0.07,3.2,4.48,0.0,1.83,2.93,0.1,1.93,2.0,3.22,0.97,1.0,0.0,2.0,1.0,0.0,3.0,0.0,0
0.61,1.21,1.0,1.0,1.21,1.18,1.0,5.86,10.32,3.21,10.0,0.41,0.0,70.28,2.21,3.04,10.07,2.0,2.04,0.0,0.0,0.0,3.21,0.85,0.0,1.39,0.61,0
0.0,0.0,1.0,0.34,0.0,0.0,1.0,1.0,1.69,0.34,0.0,1.17,0.34,17.16,4.69,0.0,2.0,1.0,0.57,0.34,2.66,0.0,2.69,1.0,0.0,2.34,0.0,0
0.0,0.0,1.0,0.0,0.0,3.39,1.0,1.0,0.15,0.46,6.85,1.34,0.85,6.45,2.85,3.54,3.39,1.0,5.06,0.15,1.0,0.0,1.85,1.0,0.0,1.31,0.0,0
0.4,0.0,1.0,1.0,0.0,1.19,1.4,1.0,1.19,5.19,15.88,0.47,0.4,80.5,1.0,1.4,3.6,2.0,2.91,0.4,0.4,0.0,1.4,1.0,0.0,1.0,0.6,0
0.0,0.0,1.0,0.0,0.0,1.65,1.45,1.0,0.45,1.1,3.74,1.43,0.0,22.5,2.55,1.45,0.0,1.0,1.41,0.45,1.0,0.0,2.0,1.0,0.0,3.55,0.0,0
0.43,2.28,1.0,1.29,0.0,0.0,1.43,1.0,0.43,6.44,9.87,1.09,0.0,37.76,0.43,1.57,4.0,1.29,1.15,0.0,0.43,0.0,6.29,0.93,0.0,3.0,0.0,0
0.0,0.0,1.0,1.0,0.0,0.28,1.28,1.0,0.28,1.0,5.34,0.9,0.83,51.3,2.11,1.39,1.72,1.72,6.04,1.11,2.11,0.28,1.55,1.0,0.0,2.72,0.0,0
0.0,0.0,1.0,1.0,0.0,1.12,1.88,1.0,2.63,10.26,18.13,0.57,0.0,87.5,3.75,2.63,10.01,1.0,2.88,0.12,0.12,0.0,7.13,0.67,0.0,2.88,0.88,1
0.0,0.0,1.0,1.0,0.0,2.93,1.93,1.0,4.67,1.26,0.79,0.57,1.87,33.54,3.87,10.28,0.2,1.0,8.53,1.93,1.0,0.0,2.87,1.0,0.0,2.93,0.0,0
0.0,0.0,2.16,0.58,0.0,11.35,4.31,1.0,0.0,0.0,3.53,0.79,4.31,57.77,1.84,0.0,5.11,1.58,2.82,1.73,5.04,1.16,3.58,1.0,0.0,2.73,0.0,0
0.0,0.0,1.0,0.55,0.0,0.0,1.55,1.0,2.77,3.66,9.65,0.49,0.0,57.93,2.55,0.0,9.97,1.55,3.09,0.45,0.89,0.0,7.54,0.82,0.0,2.11,0.55,1
0.0,0.0,1.88,11.53,2.63,0.24,2.12,1.0,1.88,6.0,26.43,0.13,0.24,90.55,2.0,2.76,6.86,4.51,10.46,0.12,1.0,0.0,6.76,0.87,0.0,2.0,2.63,0
0.06,0.12,1.0,0.06,0.12,0.0,1.94,1.48,1.97,0.24,1.54,1.94,0.0,4.54,3.0,0.3,1.79,1.06,1.54,0.94,1.88,0.0,1.18,0.98,0.0,2.88,0.06,0
0.0,0.0,1.0,0.17,0.0,0.0,1.0,1.0,0.0,0.17,1.66,1.89,0.0,13.29,1.17,0.0,0.0,1.83,1.63,0.83,1.0,0.0,1.17,1.0,0.0,2.67,0.0,0
0.0,0.67,1.0,0.67,0.0,1.33,1.0,1.0,0.0,3.34,8.01,2.09,0.0,56.04,1.33,1.33,2.0,0.67,6.34,2.0,1.0,0.0,1.33,0.83,0.0,2.67,0.0,0
0.0,0.0,1.0,0.82,0.0,1.64,1.0,1.0,0.0,1.0,9.8,0.98,0.0,58.41,1.0,0.82,1.36,2.36,3.04,0.0,1.64,0.0,1.18,1.0,0.0,2.0,0.0,0
0.94,0.0,1.0,0.94,0.0,0.0,1.06,1.06,0.06,5.74,15.22,0.39,0.0,74.32,1.0,0.0,2.06,2.0,7.97,0.06,1.0,0.0,2.06,1.0,0.0,2.94,0.0,0
1.33,1.33,1.0,1.0,2.0,0.0,1.0,6.33,11.34,2.67,7.0,0.2,0.0,61.01,2.33,3.33,27.99,1.67,1.64,0.0,0.33,0.0,3.67,0.83,0.0,1.0,0.67,1
0.0,0.0,1.0,1.0,0.0,0.88,1.88,1.0,1.0,0.88,1.0,0.78,2.65,11.66,5.23,4.42,1.0,1.0,5.86,3.53,4.53,0.88,3.12,1.0,0.0,1.88,0.0,0
0.0,2.58,1.0,0.35,0.0,2.35,1.35,1.0,1.77,0.35,0.0,3.05,0.71,10.62,1.42,5.19,0.65,0.35,4.17,1.35,0.35,0.0,2.35,1.0,0.0,3.0,0.0,0
0.0,0.0,1.0,0.23,0.0,0.0,1.0,1.0,0.0,0.23,4.68,1.09,0.0,16.11,1.77,0.0,2.77,2.0,2.49,0.0,1.77,0.0,2.55,0.74,0.0,2.23,0.0,0
0.0,0.0,1.0,0.36,0.0,0.0,1.0,1.0,1.64,0.0,0.36,1.89,0.0,36.29,4.45,0.0,0.36,1.0,1.0,0.0,1.0,0.0,2.73,1.0,0.0,1.64,0.0,0
0.0,0.0,1.0,1.0,0.0,0.94,1.94,1.0,3.0,10.43,17.92,0.49,0.06,85.83,4.11,2.83,10.49,1.0,2.2,0.06,0.11,0.0,7.77,0.65,0.0,3.0,0.94,1
0.0,0.0,1.0,0.42,0.0,0.0,1.0,1.0,1.0,1.75,3.92,0.95,0.0,66.1,2.83,1.0,0.42,1.0,2.38,0.58,1.83,0.0,1.83,1.0,0.0,2.17,0.0,0
0.98,0.0,1.0,0.98,0.0,0.0,1.0,1.0,0.0,5.95,15.85,0.39,0.0,75.98,1.07,0.05,1.98,1.98,8.21,0.0,1.0,0.0,2.0,1.0,0.0,2.98,0.0,0
0.0,0.0,1.0,0.0,0.0,2.85,1.0,1.0,2.05,0.68,1.68,1.29,0.0,0.0,2.37,0.0,8.1,1.32,2.46,1.37,1.68,0.0,2.32,0.66,0.0,2.0,1.37,0
0.0,0.38,1.0,0.0,0.0,3.62,1.0,1.0,0.0,0.0,6.34,1.52,0.91,0.0,2.72,3.81,3.72,0.91,4.92,0.0,0.91,0.0,2.0,1.0,0.0,1.19,0.0,0
0.0,0.0,1.21,0.0,0.0,0.0,2.32,2.79,2.68,1.79,7.58,0.31,0.21,49.19,1.0,0.0,3.95,2.0,2.86,1.11,1.63,0.11,3.21,1.0,0.0,2.0,0.11,0
0.0,0.0,2.15,0.57,0.0,9.19,3.87,1.0,0.43,1.28,3.13,0.83,3.45,75.33,1.43,0.43,1.72,1.57,3.0,2.15,5.02,1.15,2.72,1.0,0.0,3.57,0.0,0
0.0,0.0,1.0,0.04,0.0,0.04,1.96,2.92,3.25,2.16,8.08,0.32,0.0,56.23,1.0,0.08,2.96,2.04,2.66,1.0,0.96,0.0,3.0,1.0,0.0,2.04,0.04,0
0.22,0.0,1.0,0.22,0.0,3.13,1.44,1.0,2.34,2.09,5.18,0.48,1.56,28.66,2.56,0.0,0.44,1.0,2.92,0.44,2.56,0.0,1.66,1.0,0.0,2.78,0.44,0
0.0,0.0,1.0,0.12,0.0,5.28,1.0,1.0,2.76,1.76,5.4,1.25,0.0,65.65,2.36,0.0,2.76,1.0,1.78,0.88,1.12,0.0,1.24,1.0,0.0,1.12,0.0,0
0.91,0.0,1.0,0.91,0.0,1.81,2.0,1.09,0.09,2.0,20.3,0.42,0.0,54.53,1.91,0.0,1.19,2.0,5.23,1.91,1.0,0.0,3.0,1.0,0.0,2.0,0.91,0
0.0,0.0,1.0,1.06,0.0,2.81,1.94,1.0,4.75,0.94,0.38,0.54,1.87,33.94,3.94,10.3,0.06,1.06,9.07,1.87,1.0,0.0,2.94,1.0,0.0,3.0,0.0,0
1.53,0.23,1.0,0.0,34.5,1.17,1.0,1.0,0.0,0.0,33.73,1.05,0.0,0.0,0.77,0.23,0.77,0.77,2.63,0.0,0.0,0.0,4.07,1.0,0.0,1.0,0.0,0
0.0,0.0,1.0,0.52,0.0,0.52,2.0,1.48,3.6,0.0,2.52,0.41,0.52,51.96,2.48,0.52,10.83,1.48,2.05,0.52,1.48,0.0,4.04,0.79,0.0,2.0,0.52,0
0.0,0.0,1.0,0.14,0.0,0.86,1.0,1.0,0.0,1.0,2.41,1.84,0.0,10.94,2.0,0.86,0.0,1.0,2.38,1.73,1.86,0.0,1.14,1.0,0.0,1.86,0.0,0
0.0,1.0,1.0,1.11,0.0,0.05,2.0,3.95,4.73,9.95,13.53,0.13,0.0,79.15,1.95,0.0,4.37,2.0,3.05,0.0,0.95,0.0,1.21,1.0,0.0,1.11,0.05,0
0.0,0.0,1.0,0.03,0.0,0.0,1.97,1.0,1.06,1.97,1.94,0.57,0.03,33.49,3.09,0.0,2.97,1.0,3.29,1.0,1.03,0.0,1.09,1.0,0.0,1.06,0.0,0
3.04,7.8,1.0,3.04,0.0,1.0,1.76,1.0,0.76,15.21,14.45,0.78,0.0,67.71,0.76,0.48,7.56,1.52,3.31,0.24,0.76,0.0,4.8,0.87,0.0,2.48,0.0,0
0.0,0.0,1.0,0.37,0.0,0.37,1.37,1.0,2.25,0.63,26.75,0.22,0.37,98.12,1.37,0.37,9.0,2.88,2.3,0.37,0.37,0.0,3.12,0.85,0.0,2.0,0.37,0
0.0,0.0,1.0,0.0,0.0,0.98,1.67,1.0,0.67,4.02,6.67,0.69,0.0,58.51,1.65,0.33,0.0,2.35,1.95,0.67,1.0,0.0,1.33,1.0,0.0,1.98,0.0,0
0.0,0.0,1.0,0.69,0.69,1.25,1.69,1.69,1.38,8.26,40.04,0.45,0.31,64.02,2.0,0.31,8.13,1.69,1.49,0.0,0.31,0.0,3.38,1.0,0.0,1.69,0.69,0
0.0,0.0,1.0,0.71,0.0,0.57,1.0,1.0,2.14,1.29,2.58,0.83,0.71,51.43,4.57,0.86,1.43,1.29,1.89,0.71,1.71,0.0,3.43,1.0,0.0,3.0,0.0,0
0.0,0.0,1.0,1.0,0.0,0.88,1.44,1.0,1.32,3.56,29.63,0.32,0.0,89.42,1.88,0.0,0.0,1.56,0.88,0.0,0.88,0.0,1.88,1.0,0.0,2.0,0.0,0
0.0,0.0,1.0,0.0,0.0,0.0,1.63,1.0,0.63,0.37,17.19,0.31,0.63,36.22,4.13,0.0,4.88,2.12,1.57,0.0,1.25,0.0,2.0,1.0,0.0,2.0,1.25,0
0.0,0.0,1.0,0.36,0.0,3.19,1.0,1.0,0.64,2.09,5.71,1.4,0.0,59.06,1.36,3.83,0.72,2.0,5.88,3.83,1.64,0.0,1.36,1.0,0.0,2.09,0.0,0
0.0,0.1,1.0,0.9,0.0,0.31,1.9,1.0,1.8,5.39,13.47,0.81,0.0,79.9,0.9,1.1,0.9,0.9,3.8,0.1,0.0,0.0,2.0,1.0,0.0,1.2,0.0,0
0.0,0.0,1.0,0.0,0.0,0.0,1.0,1.0,1.14,1.71,4.28,1.33,0.0,32.08,3.43,0.86,0.43,1.0,1.56,0.0,1.0,0.0,2.0,1.0,0.0,2.0,0.0,0
1.02,0.0,1.0,0.0,0.0,0.0,1.51,1.0,0.0,5.1,4.06,1.14,0.0,36.71,1.51,0.0,4.59,2.0,3.21,0.49,1.0,0.0,2.53,1.0,0.0,2.49,0.51,0
0.0,0.0,1.0,1.0,0.13,0.0,1.13,1.13,1.13,1.57,8.06,1.62,0.0,99.09,6.35,0.0,2.18,1.13,0.96,0.0,0.87,0.0,4.0,1.0,0.0,1.13,0.13,0
0.0,0.0,1.0,1.34,0.0,0.0,1.66,1.0,0.66,5.67,9.35,0.25,0.0,74.71,1.34,0.67,0.0,2.33,2.07,1.0,1.0,0.0,1.34,1.0,0.0,1.0,0.0,0
0.0,0.0,1.0,1.0,0.0,0.0,2.0,2.7,7.8,6.1,11.2,0.22,0.3,77.19,2.3,1.7,11.65,1.85,2.53,0.6,0.6,0.0,3.15,0.92,0.0,2.0,0.0,0
5.88,2.94,1.0,0.0,0.0,2.02,1.98,6.88,4.9,22.57,53.02,0.22,0.0,90.95,2.02,1.98,44.08,1.98,3.92,0.0,1.0,0.0,16.69,0.54,0.0,3.02,0.98,1
0.0,0.0,1.0,0.34,0.0,1.97,1.0,1.0,0.34,0.0,1.0,1.81,0.0,34.3,3.03,0.0,1.66,1.0,0.34,0.0,3.97,0.0,1.69,1.0,0.0,1.34,0.66,0
0.0,0.0,1.0,0.08,0.0,0.08,1.0,1.0,1.63,0.47,0.79,1.42,0.0,6.68,2.84,0.16,3.84,1.16,2.1,1.92,2.76,0.0,1.16,1.0,0.0,2.08,0.08,0
0.0,0.0,1.0,0.0,0.0,0.0,1.22,1.22,1.0,0.45,0.9,2.04,0.0,11.2,2.55,0.0,0.67,1.22,0.54,0.22,1.0,0.0,1.45,1.0,0.0,2.78,0.0,0
0.52,0.0,1.0,0.0,0.0,0.0,2.0,2.48,2.22,4.07,7.74,0.29,0.0,59.41,1.26,0.0,4.56,2.0,3.34,0.74,1.0,0.0,3.26,1.0,0.0,2.0,0.26,0
0.0,0.0,1.06,0.0,0.0,0.0,1.06,1.0,2.82,1.0,1.12,0.58,0.94,25.48,2.0,0.0,3.82,1.0,1.06,0.94,1.0,0.0,2.0,1.0,0.0,1.12,0.0,0
0.0,0.0,1.0,0.0,0.0,7.81,1.0,1.0,0.69,0.62,3.94,3.67,0.0,12.8,3.0,0.31,1.38,1.69,2.65,0.69,1.0,0.0,2.0,1.0,0.0,3.31,0.0,0
0.0,0.0,1.0,0.34,0.0,0.68,1.0,1.0,0.66,0.34,1.02,2.04,0.0,17.0,2.32,0.34,0.34,1.34,1.13,0.0,1.34,0.0,1.0,1.0,0.0,2.66,0.0,0
0.0,0.0,1.33,4.28,0.99,0.67,1.33,1.0,0.66,1.98,10.89,1.83,0.0,30.63,1.33,3.0,2.65,2.99,5.04,0.67,0.33,0.0,2.98,0.95,0.0,2.0,0.99,0
5.1,2.55,1.0,0.0,0.0,2.3,1.85,6.1,4.7,19.71,46.37,0.25,0.3,80.64,2.15,1.7,38.27,1.85,3.63,0.0,1.3,0.0,14.61,0.6,0.0,3.0,0.85,1
0.0,0.0,1.0,0.76,0.0,1.71,1.76,1.0,1.48,1.0,1.48,0.62,2.76,3.81,4.52,3.81,0.76,1.0,5.35,3.05,4.52,0.76,2.52,1.0,0.0,2.24,0.0,0
0.0,0.0,1.0,0.02,0.0,2.95,1.0,1.0,0.0,0.02,1.07,5.32,0.0,1.46,2.98,0.0,0.0,1.0,0.09,0.0,0.02,0.0,2.0,1.0,0.0,1.0,0.0,0
0.0,0.0,1.0,0.0,0.0,1.93,1.0,1.0,1.07,0.36,1.36,3.62,0.0,0.0,3.0,0.0,3.57,1.0,1.28,0.71,0.71,0.0,2.0,0.82,0.0,1.36,0.71,0
0.0,0.0,1.0,0.58,0.0,0.0,1.0,1.0,0.42,0.58,4.03,1.14,0.0,40.89,1.85,0.0,1.58,1.58,3.37,0.0,2.27,0.0,1.0,1.0,0.0,3.0,0.0,0
0.0,0.1,1.0,0.0,0.0,0.0,1.95,1.0,0.95,4.75,6.64,0.41,0.0,63.6,0.95,0.2,0.0,2.85,2.34,1.15,1.0,0.0,1.05,0.97,0.0,1.15,0.0,0
0.54,0.0,1.0,1.0,0.0,1.08,1.54,1.0,0.92,1.54,13.7,0.54,0.0,60.08,2.46,0.0,1.0,1.54,3.59,1.08,0.54,0.0,2.54,1.0,0.0,2.46,0.54,0
0.0,0.0,1.0,0.43,0.0,0.0,1.0,1.0,0.0,2.3,45.76,0.15,0.0,96.57,1.0,0.0,1.7,3.13,1.04,0.0,0.0,0.0,1.57,1.0,0.0,2.0,0.0,0
0.12,0.23,1.0,1.58,0.0,0.0,1.12,1.0,1.35,1.15,3.76,1.29,0.0,98.96,4.65,0.0,3.53,1.12,1.17,0.0,1.77,0.0,4.84,0.96,0.0,2.0,0.0,0
1.24,0.62,1.0,0.38,0.0,1.85,1.62,3.24,0.0,7.09,9.0,0.68,0.0,73.84,1.62,0.0,5.47,2.15,2.38,0.0,0.38,0.0,3.38,1.0,0.0,1.62,0.62,0
0.0,0.0,1.0,0.0,0.0,0.89,1.0,1.0,3.34,0.89,0.0,1.48,0.0,26.78,3.89,1.34,0.89,1.0,1.36,0.45,1.0,0.0,1.55,1.0,0.0,2.0,0.45,0
0.0,0.0,1.0,0.56,0.0,0.0,1.0,1.0,0.44,0.56,2.78,1.13,0.0,44.53,2.44,0.0,1.77,1.0,3.56,0.89,1.89,0.0,1.56,1.0,0.0,1.44,0.0,0
0.0,0.0,1.0,0.52,0.0,0.52,1.52,1.0,3.62,0.0,1.57,1.74,0.52,52.49,2.95,0.52,9.97,1.0,1.75,0.52,1.0,0.0,3.1,0.79,0.0,2.48,0.52,0
0.0,0.0,1.0,0.0,0.0,0.0,1.0,1.0,1.91,0.0,0.0,1.85,0.0,0.0,3.0,0.0,0.09,1.0,0.91,0.0,1.28,0.0,1.91,1.0,0.0,2.09,0.0,0
0.0,0.0,1.0,0.28,0.0,2.87,1.0,1.0,0.0,1.13,11.53,0.97,0.72,25.46,2.43,0.28,5.43,1.28,2.42,0.0,0.72,0.0,1.72,1.0,0.0,1.0,0.28,0
0.0,0.0,1.0,1.0,0.0,0.91,1.0,1.09,8.18,5.82,9.91,0.41,0.0,82.64,1.0,1.82,2.09,3.09,3.08,0.91,0.09,0.0,3.09,1.0,0.0,2.82,0.91,0
0.9,0.0,1.0,0.9,0.0,0.48,1.0,1.0,0.0,5.43,15.14,0.47,0.1,68.76,1.1,0.0,2.19,1.9,7.8,0.0,1.0,0.0,2.1,1.0,0.0,2.81,0.1,0
0.0,0.0,1.0,0.19,0.39,2.42,1.19,1.19,0.77,1.16,1.77,1.66,0.19,17.16,2.58,0.0,3.16,1.19,0.51,0.0,4.42,0.0,1.96,0.94,0.0,1.19,1.0,0
0.0,0.0,1.0,0.0,0.0,2.3,1.0,1.0,0.23,0.0,0.77,4.49,0.0,0.0,3.0,0.0,0.93,1.0,0.46,0.46,0.7,0.0,1.77,1.0,0.0,1.23,0.0,0
0.95,1.89,1.0,1.0,1.89,0.0,1.0,8.62,16.07,4.0,9.95,0.1,0.0,74.13,2.89,4.73,13.4,2.11,2.11,0.0,0.05,0.0,4.0,0.76,0.0,1.0,0.95,1
0.0,0.8,1.2,3.4,0.6,0.0,2.0,1.8,0.4,5.2,9.8,0.29,0.0,66.6,1.2,0.6,4.4,2.6,4.65,0.0,1.0,0.0,7.0,0.74,0.0,3.6,0.6,1
0.0,0.0,1.0,0.0,0.84,0.0,1.84,1.0,3.74,1.42,2.1,0.45,0.42,70.51,3.74,1.16,2.84,1.0,3.63,1.68,1.0,0.0,1.0,1.0,0.0,2.0,0.0,0
0.0,0.0,1.0,0.79,0.0,0.0,1.0,1.0,0.21,0.79,5.52,1.49,0.0,55.95,1.64,0.0,1.58,1.79,4.62,0.0,1.0,0.0,1.0,1.0,0.0,3.0,0.0,0
0.0,2.07,1.0,0.22,0.0,0.0,1.07,2.15,0.37,1.37,4.88,1.15,0.0,99.26,1.07,2.0,0.22,2.07,0.56,0.0,0.93,0.0,2.3,0.99,0.0,1.07,0.15,0
0.0,0.0,1.0,0.79,0.0,0.84,1.79,1.0,1.58,4.74,13.32,0.49,0.21,70.34,1.42,1.63,1.63,1.0,4.39,0.0,0.21,0.0,2.0,1.0,0.0,1.0,0.0,0
0.0,0.0,1.0,0.55,0.0,0.0,1.0,1.0,1.0,0.89,0.55,1.73,0.0,100.0,4.89,0.55,1.0,1.0,0.83,0.0,2.55,0.0,2.11,1.0,0.0,1.45,0.0,0
0.0,0.0,1.0,0.09,0.0,0.0,1.09,1.0,2.82,1.0,1.91,0.43,0.18,4.61,3.09,0.0,9.45,1.0,3.68,2.18,2.18,0.0,2.18,0.5,0.0,2.0,1.82,0
0.0,2.86,1.0,0.0,0.0,1.57,1.0,1.0,0.0,0.57,1.72,2.36,0.0,11.74,0.86,1.71,2.14,0.29,1.1,0.71,0.29,0.0,1.29,1.0,0.0,4.0,0.0,0
0.0,5.86,1.0,0.16,0.0,0.49,1.16,1.0,0.81,0.16,0.0,1.04,0.32,4.87,0.65,4.3,2.51,0.16,3.91,2.0,0.16,0.0,2.16,1.0,0.0,2.16,0.0,0
0.0,0.0,1.0,0.0,0.0,1.64,1.59,1.59,0.59,0.0,4.05,0.81,0.41,0.0,3.0,0.0,3.64,1.59,1.45,0.0,1.59,0.0,2.59,1.0,0.0,1.59,0.0,0
0.0,0.0,1.0,1.0,0.0,1.06,1.94,1.0,5.62,0.32,3.57,0.36,0.94,98.99,2.0,0.94,17.99,1.0,3.6,1.0,1.0,0.0,4.75,0.63,0.0,2.0,0.94,1
0.0,0.0,1.94,0.0,0.0,0.0,1.94,1.0,0.06,0.94,2.82,0.91,0.0,30.97,2.06,0.0,1.0,1.0,1.88,0.0,1.18,0.0,1.94,1.0,0.0,3.0,0.0,0
0.0,3.23,1.0,0.0,0.0,0.61,1.0,1.0,0.0,0.0,0.0,3.49,0.0,0.0,0.92,3.08,0.0,0.31,2.77,2.77,0.69,0.0,2.0,0.65,0.0,3.39,0.0,0
0.0,0.0,1.0,0.69,0.0,1.25,1.0,1.0,0.0,2.75,37.9,0.49,0.31,65.92,1.31,0.31,1.25,1.69,1.16,0.0,0.31,0.0,1.31,1.0,0.0,1.69,0.0,0
0.0,0.19,1.0,0.19,0.0,0.0,2.0,1.57,1.77,1.91,3.3,1.69,0.0,15.3,2.81,0.0,1.57,1.19,1.79,0.81,1.81,0.0,1.0,1.0,0.0,2.62,0.0,0
0.0,0.0,1.61,7.93,1.83,0.0,1.61,1.0,1.61,3.66,17.7,0.59,0.0,56.75,2.39,1.83,4.05,3.44,6.85,0.0,2.17,0.0,4.66,0.91,0.0,2.39,1.83,0
0.0,1.14,2.43,0.0,0.0,0.28,3.86,1.0,0.0,0.0,2.86,0.89,1.43,0.0,0.72,0.57,9.44,1.43,3.68,1.72,5.01,0.72,3.86,1.0,0.0,2.57,0.72,0
0.0,0.0,1.17,3.89,0.51,0.0,1.17,1.0,1.17,1.03,9.95,0.69,0.0,92.17,2.83,0.51,1.86,2.51,15.18,0.0,1.0,0.0,2.86,0.98,0.0,2.83,0.51,0
0.0,6.65,1.0,0.0,0.0,0.0,1.0,1.0,0.15,0.05,0.1,1.1,0.0,0.0,0.15,2.85,3.35,0.05,3.03,2.0,0.1,0.0,2.0,0.98,0.0,2.0,0.1,0
0.0,0.0,1.0,1.0,0.0,0.0,1.0,1.06,1.23,0.35,1.18,1.23,0.06,98.18,3.94,0.0,1.06,1.06,1.14,0.12,1.94,0.0,3.0,1.0,0.0,1.12,0.0,0
0.0,0.0,1.0,0.11,0.0,0.89,1.0,1.0,0.11,0.89,1.89,1.98,0.0,10.89,2.54,0.89,0.11,1.0,1.89,1.78,1.89,0.0,1.33,1.0,0.0,1.89,0.0,0
0.0,0.0,0.66,0.66,0.0,1.32,0.66,1.0,0.0,2.36,1.98,1.66,0.0,33.02,0.66,0.66,0.66,1.32,2.2,0.0,1.32,0.0,1.34,1.0,0.0,2.34,0.0,0
0.0,2.64,1.0,2.76,0.0,0.0,1.88,3.64,4.52,5.28,36.21,0.35,0.0,91.2,2.36,1.76,2.76,2.76,1.32,0.0,0.24,0.0,5.64,0.85,0.0,1.88,1.76,1
0.0,0.0,1.0,0.96,0.0,0.17,1.96,1.0,4.79,4.79,14.67,0.2,0.04,74.75,3.0,0.0,17.42,1.96,3.65,0.0,0.04,0.0,11.58,0.68,0.0,2.92,0.96,1
0.0,0.0,1.81,11.28,2.43,0.0,1.81,1.0,1.62,6.19,26.14,0.14,0.0,92.43,2.0,2.81,4.85,4.24,9.41,0.19,1.0,0.0,6.05,0.88,0.0,1.81,2.43,0
0.0,0.0,1.0,0.66,0.0,0.0,1.0,1.66,3.64,4.64,2.64,0.79,0.66,79.56,4.02,0.0,1.66,1.66,2.27,1.32,1.34,0.0,2.32,1.0,0.0,2.66,0.0,0
0.8,0.0,1.0,0.8,0.0,2.41,1.8,1.0,2.41,5.81,5.79,0.56,0.8,52.94,1.0,1.6,2.6,2.0,3.61,1.0,1.0,0.0,2.2,1.0,0.0,1.0,0.0,0
0.44,0.0,1.0,1.0,0.44,2.34,1.0,1.0,0.0,1.56,8.01,0.8,0.0,56.36,1.0,0.0,15.51,1.78,1.63,0.0,0.22,0.0,2.22,1.0,0.0,1.78,0.0,0
0.0,0.0,1.0,0.46,0.0,0.0,1.54,1.0,1.0,2.69,4.23,0.98,0.0,82.21,3.77,0.0,0.46,2.08,1.67,0.54,1.0,0.0,2.38,1.0,0.0,1.0,0.0,0
0.0,0.0,1.0,0.0,0.0,0.0,1.38,1.38,0.38,1.24,2.62,0.77,0.0,20.49,2.38,0.0,0.76,1.38,1.7,0.62,2.0,0.0,2.38,1.0,0.0,1.38,0.0,0
0.0,0.0,1.0,0.43,0.0,1.3,1.0,1.0,3.26,1.43,2.6,0.46,1.3,52.19,4.13,2.0,1.57,1.0,2.46,0.0,1.0,0.0,2.74,0.91,0.0,2.0,0.0,0
0.0,0.0,1.97,0.0,0.0,2.9,1.97,1.0,0.07,2.9,11.58,0.86,0.0,55.98,2.03,0.0,2.9,1.0,1.4,0.0,1.0,0.0,4.9,0.61,0.0,2.0,0.0,1
0.0,0.0,1.0,0.0,0.0,0.14,1.86,1.0,0.86,0.0,2.0,0.89,0.0,0.0,1.86,0.43,2.71,1.14,1.14,0.14,1.71,0.0,1.86,1.0,0.0,2.0,0.0,0
0.58,0.0,1.0,0.58,0.0,0.0,1.0,1.0,0.83,3.5,9.32,1.02,0.0,44.27,1.83,0.0,1.17,1.58,5.28,0.0,1.0,0.0,2.0,1.0,0.0,2.58,0.0,0
0.0,0.0,1.0,1.0,1.42,7.99,3.14,1.0,0.29,0.58,3.86,0.61,1.58,35.59,1.58,0.58,1.0,1.71,4.59,2.14,3.85,0.71,2.86,0.94,0.0,1.29,0.0,0
0.0,0.0,1.17,0.0,0.0,5.49,1.17,1.0,2.49,2.17,7.02,1.15,0.0,60.49,2.0,0.0,3.0,1.0,1.81,0.83,1.0,0.0,1.68,0.93,0.0,1.17,0.0,0
0.0,0.0,1.0,0.0,0.0,0.0,1.75,1.0,1.5,1.75,1.75,0.57,0.25,31.02,2.75,0.0,3.25,1.0,2.76,1.0,1.0,0.0,1.25,1.0,0.0,1.0,0.0,0
0.0,0.0,1.69,0.0,0.0,3.31,1.69,1.0,0.94,2.38,9.19,0.74,0.62,44.88,2.31,0.0,2.06,1.0,1.49,0.0,1.62,0.0,3.75,0.72,0.0,2.31,0.0,0
0.0,0.0,1.0,1.0,0.0,0.96,1.96,1.0,5.77,0.16,3.43,0.31,0.96,99.03,2.0,0.96,18.34,1.04,3.39,0.96,1.0,0.0,4.88,0.62,0.0,2.08,0.96,1
0.0,0.0,1.0,1.0,0.0,2.0,1.94,1.0,2.81,2.88,1.12,0.64,0.0,79.08,2.88,0.06,0.06,1.06,1.85,0.0,2.0,0.0,2.88,1.0,0.0,2.0,0.0,0
0.0,0.0,1.0,0.43,0.0,0.87,1.87,1.0,2.13,3.17,4.03,0.45,1.43,45.8,2.0,0.43,7.9,1.0,2.73,1.0,1.0,0.0,3.3,1.0,0.0,1.43,0.0,0
0.0,0.0,1.0,1.19,0.0,0.0,1.0,1.0,1.81,0.41,3.97,0.71,0.41,64.86,2.59,0.0,2.22,1.59,9.92,0.41,1.0,0.0,2.0,1.0,0.0,2.19,0.0,0
0.0,0.0,1.0,1.9,1.4,0.0,1.7,1.7,2.8,6.3,7.7,0.26,0.7,89.3,4.1,0.6,5.6,1.7,2.38,0.3,1.7,0.0,4.8,0.77,0.0,1.7,0.7,0
4.31,2.16,1.0,0.28,0.28,1.44,2.0,5.59,4.16,19.91,54.28,0.15,0.0,92.28,2.0,1.44,35.15,2.0,3.05,0.0,0.72,0.0,13.34,0.66,0.0,2.72,1.0,1
0.0,0.74,1.0,0.0,0.0,2.22,1.0,1.0,0.78,0.26,0.52,3.65,0.0,0.0,0.78,3.7,3.34,0.26,10.55,10.14,1.26,0.0,2.0,0.87,0.0,2.74,0.52,0
0.0,1.52,1.48,0.24,0.0,3.87,2.21,1.0,0.0,0.0,0.24,3.14,1.45,24.18,0.24,3.03,0.73,0.48,3.76,3.76,2.69,0.48,2.48,0.62,0.0,4.0,0.0,0
0.64,0.0,1.0,0.64,0.0,0.0,1.0,1.0,0.0,4.22,12.09,0.62,0.0,55.72,1.0,0.0,2.36,2.0,5.81,0.0,1.0,0.0,1.64,1.0,0.0,2.64,0.0,0
0.0,0.0,1.6,0.0,0.0,1.8,1.6,1.0,0.4,1.8,7.21,1.09,0.0,34.86,2.4,0.0,3.4,1.0,1.65,0.8,1.8,0.0,3.4,0.76,0.0,2.0,0.0,0
1.18,0.41,1.0,1.22,26.64,0.41,1.41,1.82,0.0,3.67,35.43,0.16,0.0,26.11,1.0,0.0,5.08,1.41,3.65,0.0,0.0,0.0,5.0,1.0,0.0,1.82,0.41,0
0.0,0.0,1.0,0.0,0.0,0.0,1.56,1.0,1.0,0.0,0.56,2.13,0.0,0.0,2.89,1.11,0.0,1.0,0.84,0.56,1.0,0.0,1.56,1.0,0.0,3.0,0.0,0
0.0,0.1,1.0,0.9,0.0,0.0,1.19,1.0,1.38,0.1,0.9,1.32,0.0,90.41,4.81,0.0,1.67,1.0,1.18,0.1,2.1,0.0,2.81,1.0,0.0,1.9,0.0,0
0.0,0.0,1.0,1.0,1.32,0.0,1.66,1.66,2.64,5.32,11.11,0.3,0.66,89.34,3.64,0.34,6.64,2.0,2.46,0.0,1.32,0.0,4.3,0.78,0.0,1.66,1.0,0
0.0,0.0,1.0,0.38,0.0,0.0,1.0,1.0,0.0,0.38,4.38,1.0,0.0,30.5,2.0,0.0,1.86,1.62,2.76,0.0,1.62,0.0,2.62,0.79,0.0,1.62,0.0,0
0.0,0.0,1.0,0.0,0.0,0.99,1.0,1.0,0.01,8.94,18.87,0.63,0.0,87.42,1.02,0.0,5.97,1.99,1.62,0.0,1.01,0.0,5.97,0.5,0.0,2.0,0.0,1
0.0,0.22,1.0,0.67,0.0,1.0,1.22,1.44,0.0,2.0,6.66,2.14,0.0,14.2,1.0,2.33,3.22,2.0,2.43,0.78,0.0,0.0,1.89,1.0,0.0,2.22,0.22,0
0.0,0.0,1.87,11.25,2.6,1.35,1.87,1.0,1.87,5.19,25.5,0.71,0.0,80.48,2.13,2.6,5.46,4.6,10.15,0.13,1.0,0.0,6.33,0.88,0.0,2.13,2.6,0
0.0,3.36,1.0,0.0,0.0,3.32,1.0,1.0,0.0,0.0,3.08,2.11,0.44,0.0,2.56,0.56,1.76,1.0,1.13,0.0,0.44,0.0,2.44,1.0,0.0,1.56,0.44,0
0.0,0.0,1.0,0.18,0.0,0.0,1.0,1.0,1.0,0.0,0.18,2.38,0.0,18.33,3.73,0.0,0.18,1.0,0.18,0.0,1.0,0.0,1.55,1.0,0.0,2.63,0.0,0
0.0,0.0,1.0,0.0,0.0,0.0,1.0,1.0,1.14,0.0,0.0,1.52,0.0,0.0,3.86,0.0,1.73,1.0,0.14,0.0,2.73,0.0,2.0,1.0,0.0,2.0,0.0,0
0.0,0.0,1.0,0.45,0.0,0.45,1.45,1.0,2.73,1.09,3.0,0.63,0.45,63.43,2.0,0.45,8.63,1.0,2.79,1.0,1.55,0.0,3.36,0.82,0.0,1.45,0.45,0
0.0,0.0,1.0,0.68,0.0,1.28,1.68,1.0,1.36,4.08,12.44,0.53,0.32,60.52,1.64,0.68,2.6,1.0,3.62,0.0,0.32,0.0,2.0,1.0,0.0,1.0,0.0,0
0.0,0.03,1.0,0.0,0.0,0.16,1.97,1.0,0.97,0.0,0.97,1.3,0.0,0.0,1.97,2.26,0.03,1.0,1.68,1.19,1.0,0.0,2.0,1.0,0.0,3.0,0.0,0
0.0,0.0,3.37,0.0,0.0,0.79,4.16,1.0,2.37,1.21,6.95,0.32,0.0,63.8,2.79,0.79,0.0,1.0,2.29,1.0,1.21,0.0,1.21,1.0,0.0,1.0,0.0,0
0.0,0.0,1.0,0.2,0.0,0.2,1.0,1.0,1.81,1.2,3.61,1.08,0.0,17.07,1.8,0.4,1.2,2.2,1.04,0.2,1.6,0.0,2.2,1.0,0.0,2.2,0.2,0
0.0,0.0,1.0,0.63,0.0,0.63,1.63,1.0,3.77,0.37,3.74,0.58,0.63,69.87,1.63,0.63,13.05,1.37,2.54,0.63,1.0,0.0,3.51,0.75,0.0,2.0,0.63,0
0.0,0.0,1.0,1.0,0.55,2.76,1.83,1.0,0.72,0.0,1.55,1.31,0.28,81.5,3.17,0.72,1.0,1.28,2.47,0.83,3.55,0.28,2.72,1.0,0.0,1.72,0.0,0
0.0,0.0,1.0,0.89,0.0,0.45,1.0,1.0,2.67,0.89,0.78,0.72,1.0,44.43,5.67,0.45,2.22,1.0,2.09,0.89,1.89,0.0,3.78,1.0,0.0,2.78,0.0,0
0.12,0.0,1.0,1.0,0.0,2.0,1.12,1.0,0.0,1.12,5.33,1.07,0.0,50.61,1.12,0.88,1.0,2.0,3.6,0.25,1.88,0.0,1.25,1.0,0.0,2.0,0.12,0
0.0,0.66,1.34,0.0,0.0,3.3,1.34,1.0,0.0,0.34,1.02,3.87,0.0,11.19,1.34,6.61,1.0,1.0,5.3,4.63,1.0,0.0,2.0,1.0,0.0,3.0,0.0,0
0.0,0.0,1.0,2.45,0.0,0.0,1.39,1.0,0.39,4.28,8.96,0.98,0.0,55.08,2.39,1.22,0.39,1.0,1.63,1.0,1.39,0.0,1.61,1.0,0.0,1.78,0.0,0
0.0,0.71,1.0,0.0,0.0,6.17,1.0,1.0,0.0,0.0,0.29,3.91,0.0,0.0,0.29,0.71,1.17,0.59,0.0,0.0,0.29,0.0,1.59,1.0,0.0,1.29,0.0,0
0.0,0.0,1.0,0.0,0.0,4.05,1.02,1.0,0.03,0.03,6.95,1.36,1.0,0.62,2.97,0.02,3.94,1.02,2.59,0.03,1.02,0.0,1.98,1.0,0.0,1.0,0.0,0
0.0,0.0,1.0,1.0,0.0,0.0,1.0,1.0,0.51,1.95,25.87,1.0,0.0,98.05,4.07,0.0,0.51,1.49,0.61,0.0,0.51,0.0,2.54,1.0,0.0,1.49,0.0,0
0.0,0.0,1.0,0.31,0.0,0.62,1.31,1.0,0.92,0.92,3.08,0.96,0.0,24.97,2.31,0.0,2.08,1.69,1.58,0.0,2.0,0.0,3.0,0.77,0.0,2.0,0.0,0
0.0,1.96,1.0,0.0,0.0,0.0,1.0,1.0,0.0,0.02,0.18,3.73,0.0,0.0,0.02,3.92,0.02,0.04,3.94,3.94,1.0,0.0,2.02,0.51,0.0,3.94,0.0,0
0.0,0.65,1.0,0.35,0.0,3.23,1.35,1.0,0.71,2.12,5.31,2.79,0.0,31.48,0.35,1.0,0.35,0.35,1.46,0.0,0.0,0.0,1.35,1.0,0.0,1.0,0.0,0
3.62,8.43,1.0,3.91,0.0,0.91,2.0,1.28,1.38,18.68,21.07,0.2,0.0,89.09,1.09,0.19,8.43,2.09,3.78,0.0,0.91,0.0,6.0,0.83,0.0,2.0,0.19,1
0.0,0.0,1.0,0.32,0.0,0.0,1.0,1.0,2.68,0.84,2.64,0.47,0.0,14.8,3.0,0.0,8.55,1.16,5.59,1.68,1.84,0.0,2.0,0.58,0.0,2.16,1.68,0
1.38,3.1,1.0,1.38,0.0,0.34,1.34,1.0,0.34,7.54,12.44,0.4,0.0,30.64,1.0,0.0,3.75,2.0,2.12,0.66,1.0,0.0,4.03,0.94,0.0,1.34,0.0,0
0.0,0.0,1.0,0.96,0.0,0.0,1.04,1.0,1.0,0.0,1.0,1.57,0.0,95.86,3.92,1.04,0.96,1.0,1.5,0.04,2.92,0.0,2.96,1.0,0.0,1.08,0.0,0
0.0,0.0,1.0,0.6,0.0,0.79,1.0,1.0,0.6,0.79,4.18,1.66,0.0,82.12,4.62,1.19,0.6,1.4,1.57,0.0,1.0,0.0,3.21,1.0,0.0,1.79,0.0,0
0.0,0.0,1.0,0.77,0.0,0.94,1.0,1.0,0.0,0.77,5.47,0.92,0.23,61.24,2.23,0.0,1.41,1.0,4.28,0.0,1.0,0.0,2.0,1.0,0.0,1.0,0.0,0
0.54,0.27,1.0,0.73,0.0,0.81,1.27,1.81,0.73,2.43,3.16,1.6,0.0,95.41,5.65,0.0,2.62,1.0,1.47,0.0,0.73,0.0,3.73,1.0,0.0,1.27,0.27,0
0.0,1.56,1.0,0.0,0.0,0.78,1.0,1.0,0.0,0.0,1.22,2.49,0.0,0.0,1.22,0.78,1.0,1.22,0.99,0.39,1.22,0.0,2.0,1.0,0.0,2.39,0.0,0
0.0,0.35,1.0,0.0,0.0,3.73,1.0,1.0,2.73,0.91,2.73,0.75,1.82,14.58,2.73,0.18,0.27,0.91,1.61,0.09,2.73,0.0,1.0,1.0,0.0,3.09,0.0,0
0.0,0.0,1.09,1.16,0.27,0.0,1.09,1.0,0.18,0.53,6.22,1.02,0.0,8.27,2.0,0.27,3.27,2.27,2.36,0.0,1.91,0.0,3.36,0.68,0.0,2.0,0.27,0
1.0,0.0,1.0,1.0,0.0,2.0,2.0,1.0,0.0,2.0,22.0,0.42,0.0,55.0,2.0,0.0,1.0,2.0,5.52,2.0,1.0,0.0,3.0,1.0,0.0,2.0,1.0,0
0.0,3.77,1.0,0.0,0.0,0.0,1.0,1.0,0.0,0.0,0.23,1.74,0.0,0.0,0.12,1.88,1.12,0.12,0.09,0.0,0.12,0.0,2.06,0.98,0.0,2.94,0.0,0
1.47,0.0,0.73,0.73,1.47,0.0,0.73,1.0,0.0,1.33,0.73,1.01,0.0,24.24,0.73,0.0,41.14,0.73,0.49,0.0,0.73,0.0,2.73,1.0,0.0,1.53,0.0,0
1.01,0.0,1.0,1.98,22.78,0.0,1.0,1.0,0.0,3.46,29.19,0.19,0.0,44.44,1.49,0.99,0.51,1.0,2.59,0.49,0.49,0.0,3.52,1.0,0.0,1.0,0.0,0
0.0,0.0,1.0,1.0,0.0,0.28,1.0,1.0,3.25,1.69,3.53,1.2,0.0,95.78,3.87,0.56,1.28,1.56,1.62,0.28,1.44,0.0,3.0,1.0,0.0,1.56,0.28,0
0.0,2.91,1.0,2.91,0.0,0.0,2.0,4.0,5.0,6.18,39.74,0.19,0.0,89.55,2.0,1.91,3.04,2.96,1.44,0.0,0.04,0.0,5.78,0.84,0.0,1.96,1.91,1
0.0,0.0,1.0,0.31,0.0,0.0,1.0,1.0,0.31,0.0,3.06,1.34,0.0,31.24,3.56,0.0,2.38,1.69,1.34,0.0,1.69,0.0,3.31,0.77,0.0,1.69,0.0,0
0.29,0.58,1.0,1.75,0.0,0.0,1.29,1.0,1.88,2.92,7.3,2.4,0.0,26.56,3.42,0.0,6.71,1.29,0.71,0.0,0.71,0.0,6.25,0.89,0.0,2.71,0.0,0
0.0,1.0,1.0,0.6,0.0,1.98,1.6,1.6,0.0,3.02,3.02,1.87,0.0,36.28,0.6,0.4,2.42,1.21,1.81,0.0,0.6,0.0,4.63,0.83,0.0,2.81,0.0,0
0.0,0.58,1.0,0.42,0.0,3.0,1.0,1.0,2.49,1.25,0.0,3.79,0.83,27.4,1.66,6.15,0.42,0.42,3.21,1.0,0.42,0.0,2.42,1.0,0.0,3.0,0.0,0
0.0,0.0,1.0,0.0,0.0,3.6,1.0,1.0,0.0,0.4,7.4,1.46,0.8,10.92,2.6,3.8,3.21,1.2,4.84,0.0,1.0,0.0,2.0,1.0,0.0,1.4,0.0,0
0.0,0.0,1.98,0.02,0.0,7.84,3.94,1.0,3.92,2.04,0.46,0.53,1.96,62.56,2.96,0.02,2.04,1.02,2.0,0.98,0.98,0.0,1.98,0.51,0.0,1.0,0.02,1
0.0,0.0,1.0,1.0,0.0,0.0,1.0,1.0,1.91,0.91,3.72,0.74,0.0,69.16,3.09,0.0,1.0,1.0,1.3,0.0,0.19,0.0,2.09,1.0,0.0,2.81,0.0,0
0.0,0.0,1.92,0.08,0.15,2.77,2.0,1.08,0.3,3.23,11.47,0.78,0.08,60.34,2.23,0.0,3.38,1.08,1.51,0.0,1.08,0.0,5.08,0.61,0.0,2.0,0.08,1
0.0,0.0,1.0,0.83,0.0,1.5,1.83,1.0,4.99,0.0,3.67,0.5,1.0,83.19,2.17,1.5,16.48,1.0,3.69,0.83,1.0,0.0,4.5,0.67,0.0,1.83,0.83,1
0.0,0.0,1.0,0.0,0.0,6.43,2.0,1.08,1.92,2.0,4.0,1.08,0.92,41.73,1.0,0.92,0.24,2.0,3.87,1.92,1.92,0.0,1.16,1.0,0.0,1.08,0.0,0
0.0,0.0,1.0,0.34,0.0,1.97,1.0,1.34,0.0,2.68,7.03,1.2,0.0,47.16,2.32,0.66,1.03,2.03,1.49,0.0,1.0,0.0,2.68,1.0,0.0,2.97,0.0,0
0.0,6.76,1.0,0.25,0.0,7.51,1.0,1.0,1.49,0.75,0.0,4.94,0.5,16.41,3.25,4.49,3.25,1.75,2.49,1.0,0.25,0.0,4.5,0.85,0.0,1.5,0.75,0
0.0,0.41,1.0,0.0,0.0,1.22,1.59,1.59,0.59,0.0,1.19,2.76,0.0,0.0,1.78,0.81,1.19,1.19,0.8,0.41,1.19,0.0,2.59,1.0,0.0,2.41,0.0,0
0.0,0.0,1.0,0.0,0.0,5.07,1.0,1.0,0.87,0.0,0.56,2.63,0.0,0.0,1.87,0.0,2.25,1.56,0.44,0.0,1.0,0.0,2.56,1.0,0.0,2.0,0.0,0
0.85,0.0,1.0,0.15,1.69,0.0,3.54,1.0,2.69,3.39,1.85,0.49,0.85,74.58,2.31,1.0,0.15,1.0,4.18,0.85,1.31,0.0,2.15,1.0,0.0,1.85,0.0,0
0.0,0.0,1.0,0.0,0.0,2.24,1.32,1.0,4.04,1.32,1.28,0.78,0.32,53.93,3.72,1.68,1.36,1.32,2.37,0.64,1.32,0.0,1.0,1.0,0.0,1.68,0.0,0
0.0,0.0,1.0,0.0,0.0,0.04,1.98,1.98,0.98,0.04,2.14,0.55,0.0,1.1,2.96,0.06,1.96,2.0,0.7,0.0,1.98,0.0,2.98,1.0,0.0,2.02,0.0,0
0.0,0.25,1.0,0.75,0.0,2.02,1.75,1.0,4.48,0.0,2.24,1.29,0.75,74.61,1.49,1.0,14.18,0.75,2.49,0.75,0.75,0.0,3.98,0.7,0.0,1.75,0.75,0
4.6,2.3,1.0,0.23,0.0,2.0,2.23,5.6,4.07,19.04,43.27,0.22,0.47,87.57,2.0,1.77,37.54,1.77,4.21,0.23,1.0,0.0,14.2,0.64,0.0,2.77,0.77,1
0.0,0.0,1.0,1.0,1.41,0.0,1.7,1.7,3.11,4.23,3.82,0.63,0.7,92.25,4.7,0.3,5.93,1.7,2.32,0.0,2.3,0.0,5.11,0.77,0.0,2.0,0.7,0
0.0,0.0,1.0,0.0,0.0,0.0,1.0,1.0,2.78,0.26,0.0,1.57,0.0,15.58,3.52,0.52,0.52,1.0,1.16,0.0,1.0,0.0,1.74,1.0,0.0,2.0,0.0,0
0.0,0.0,1.0,0.38,0.0,0.0,1.38,1.0,1.0,0.38,0.38,1.09,0.76,19.01,3.38,0.0,2.14,1.0,1.71,1.52,4.0,0.0,2.14,0.81,0.0,2.62,0.0,0
0.0,0.62,1.0,0.62,0.0,0.0,1.62,1.62,0.38,3.86,3.1,0.93,0.0,75.18,2.9,0.0,2.86,1.62,1.86,0.0,1.38,0.0,4.72,0.82,0.0,3.24,0.0,0
0.0,0.78,1.0,0.0,0.0,3.86,1.22,1.0,0.43,0.43,0.86,4.95,0.22,8.84,0.22,1.78,0.0,0.43,1.65,1.22,0.43,0.0,1.78,1.0,0.0,2.57,0.0,0
0.0,0.51,1.0,0.92,0.0,0.17,1.0,1.0,0.0,0.92,4.58,1.0,0.0,73.22,2.08,0.08,0.0,1.0,4.39,0.0,0.92,0.0,2.0,1.0,0.0,1.08,0.0,0
0.0,0.0,1.0,0.79,0.0,0.79,1.79,1.0,2.37,8.89,16.89,0.48,0.0,69.44,3.37,2.37,8.89,1.21,1.99,0.21,0.21,0.0,6.95,0.7,0.0,2.58,0.79,1
2.0,0.0,1.0,0.0,44.96,0.0,1.0,1.0,0.0,0.0,43.97,0.09,0.0,0.0,1.0,0.0,1.0,1.0,3.43,0.0,0.0,0.0,5.0,1.0,0.0,1.0,0.0,1
0.58,0.0,1.0,1.0,0.0,0.0,1.0,1.42,0.0,5.15,13.03,0.37,0.0,68.78,1.0,0.0,2.42,2.85,5.56,0.0,1.0,0.0,2.85,1.0,0.0,2.15,0.0,0
0.0,0.0,1.61,7.88,1.82,1.57,1.61,1.0,1.21,3.64,20.34,0.64,0.39,56.4,2.39,1.82,5.61,3.43,7.82,0.0,1.0,0.0,5.03,0.91,0.0,1.61,2.21,0
0.0,0.0,1.42,0.0,0.0,1.25,1.42,1.0,0.0,1.83,28.9,0.45,0.0,80.72,1.42,0.0,3.0,2.75,1.57,0.0,0.42,0.0,3.25,0.83,0.0,2.0,0.0,0
1.42,0.0,1.0,1.74,0.0,0.0,2.0,1.0,0.58,12.9,16.29,0.2,0.0,81.29,1.42,0.58,8.42,2.58,3.79,0.0,1.0,0.0,8.64,0.9,0.0,2.58,0.42,1
0.0,0.0,1.0,0.17,0.0,4.14,1.83,1.0,0.17,0.0,5.97,0.6,1.66,17.16,3.17,0.17,6.8,1.0,2.39,0.0,1.34,0.0,3.0,1.0,0.0,1.0,0.0,0
0.95,1.89,1.0,0.95,1.89,0.0,1.0,8.58,16.15,3.89,9.47,0.19,0.0,76.32,3.16,4.74,13.31,1.95,2.02,0.0,0.11,0.0,3.84,0.76,0.0,1.05,0.95,1
0.0,0.19,1.0,1.0,0.81,0.0,2.0,2.37,2.56,11.63,47.16,0.06,0.0,90.57,2.0,0.0,8.88,2.0,1.12,0.0,0.19,0.0,3.44,1.0,0.0,1.81,0.81,0
0.69,0.0,1.0,1.0,0.0,0.31,2.37,1.0,2.83,6.0,12.06,0.24,0.0,77.46,1.0,0.63,2.0,1.63,6.1,1.69,0.69,0.0,3.69,1.0,0.0,2.31,1.69,0
0.0,0.0,1.0,0.0,0.0,4.25,1.0,1.0,0.3,0.0,5.94,1.34,0.85,0.0,2.15,0.0,3.4,1.0,2.33,0.0,1.0,0.0,2.85,1.0,0.0,1.15,0.85,0
0.0,0.0,1.0,0.68,0.0,3.17,1.0,1.0,2.37,0.68,0.95,1.88,0.68,34.13,5.05,0.0,2.0,1.32,2.17,1.0,1.68,0.0,3.37,1.0,0.0,3.0,0.0,0
1.59,0.0,1.0,0.0,35.77,0.21,1.0,1.0,0.41,0.62,38.67,0.17,0.0,15.39,1.0,0.21,2.64,1.21,3.08,0.0,0.0,0.0,5.62,0.9,0.0,1.21,0.0,1
1.47,0.0,1.0,0.0,33.13,1.05,1.0,1.0,0.0,0.0,34.24,0.42,0.26,0.0,1.53,0.0,1.79,1.0,3.21,0.0,0.26,0.0,4.21,1.0,0.0,1.0,0.0,0
0.0,0.0,1.0,0.92,0.0,1.23,1.92,1.0,5.55,0.0,3.3,0.38,1.0,92.49,2.08,0.92,17.87,1.0,3.28,0.92,1.0,0.0,4.77,0.63,0.0,1.92,0.92,1
0.0,0.0,1.0,1.0,0.72,0.0,2.0,1.36,4.64,5.36,11.39,0.19,0.36,81.98,3.72,0.0,14.39,2.0,3.33,0.0,0.72,0.0,9.83,0.67,0.0,2.64,1.0,1
0.0,3.52,1.0,0.5,0.5,0.0,1.5,1.5,0.99,5.96,27.32,0.6,0.0,46.19,0.99,1.51,6.48,0.99,1.85,1.01,0.0,0.0,2.99,1.0,0.0,2.0,0.5,0
0.0,2.05,1.0,0.66,0.0,0.68,1.0,1.0,0.66,0.0,0.66,1.94,0.0,65.92,4.32,0.34,0.66,1.0,0.66,0.0,1.32,0.0,2.66,1.0,0.0,1.34,0.0,0
0.0,0.97,1.0,0.03,0.0,4.83,1.0,1.0,0.03,0.0,0.03,4.12,0.0,3.49,0.24,0.97,0.03,0.03,0.03,0.0,0.03,0.0,1.1,1.0,0.0,1.0,0.0,0
0.0,0.94,1.0,0.0,0.0,0.31,1.84,1.0,0.84,1.69,1.69,0.92,0.0,27.85,3.0,0.16,2.53,1.0,2.81,0.84,0.84,0.0,1.16,1.0,0.0,1.16,0.0,0
0.0,0.31,1.0,1.0,0.0,2.08,1.31,1.31,4.15,3.62,1.54,0.58,1.38,64.15,3.08,8.31,1.92,1.31,5.31,0.69,1.0,0.0,4.23,0.91,0.0,3.31,0.0,0
0.0,0.0,1.0,0.0,0.0,0.0,1.0,1.0,0.0,1.03,8.81,0.51,0.0,1.05,1.03,0.0,0.97,1.97,1.15,1.0,1.03,0.0,2.97,1.0,0.0,1.0,0.0,0
5.16,0.0,1.0,3.44,0.0,0.0,1.86,1.86,0.14,15.49,37.87,0.47,0.0,79.18,1.28,0.0,13.77,1.86,3.13,0.86,1.0,0.0,10.47,0.64,0.0,2.14,0.0,1
0.0,0.0,1.0,0.6,0.0,0.0,1.4,1.6,0.4,2.39,6.59,0.36,0.4,35.29,3.01,0.0,4.21,2.79,1.67,0.0,1.4,0.0,3.2,1.0,0.0,1.4,0.8,0
0.25,0.0,1.0,0.75,0.0,0.0,2.0,1.0,1.0,3.75,6.5,1.59,0.0,22.01,2.5,0.25,2.75,1.5,1.8,0.75,1.75,0.0,3.75,0.96,0.0,3.0,0.0,0
0.0,0.44,1.0,1.0,0.0,0.56,2.0,1.44,1.67,8.34,12.8,0.42,0.0,75.6,2.67,1.67,7.9,1.44,2.57,0.0,0.44,0.0,7.56,0.66,0.0,3.44,0.56,1
0.71,0.0,1.0,1.0,0.0,3.0,1.71,1.0,2.14,5.56,6.44,0.67,0.71,65.14,1.0,1.42,3.29,2.0,3.55,0.71,0.71,0.0,2.0,1.0,0.0,1.29,0.0,0
0.0,0.0,1.0,0.11,0.0,0.0,1.89,1.11,1.43,2.43,2.22,0.53,0.11,36.89,3.0,0.0,2.89,1.11,3.35,1.11,1.0,0.0,1.22,1.0,0.0,1.22,0.0,0
0.0,0.0,1.0,0.0,0.0,0.56,1.0,1.0,0.81,0.0,0.19,3.04,0.0,0.0,3.0,0.0,0.0,1.0,0.0,0.0,0.81,0.0,1.19,1.0,0.0,2.63,0.0,0
0.0,0.0,1.0,0.8,0.0,0.99,1.2,1.0,0.0,3.21,12.61,0.45,0.4,60.1,2.2,0.0,3.19,1.8,4.35,0.0,1.0,0.0,2.2,1.0,0.0,3.4,0.0,0
0.0,6.02,1.0,0.33,0.0,6.02,1.33,1.0,1.66,1.66,4.97,4.3,0.0,25.84,3.0,1.34,8.64,2.0,2.04,0.67,0.0,0.0,7.32,0.76,0.0,1.66,1.0,1
0.0,0.0,1.0,1.0,0.0,2.72,1.09,1.0,5.53,2.81,0.09,0.68,2.0,64.5,4.0,10.88,1.28,1.0,6.16,1.28,1.28,0.0,3.09,0.95,0.0,2.91,0.0,0
0.69,1.37,1.0,4.12,0.0,0.0,2.0,1.0,3.06,6.87,17.49,0.75,0.0,62.51,2.31,0.0,16.11,1.69,2.14,0.31,0.63,0.0,13.36,0.75,0.0,2.31,0.0,1
1.06,0.0,1.0,0.0,0.0,0.0,2.0,1.0,0.47,5.29,4.18,1.09,0.0,38.1,2.47,0.0,5.23,1.53,3.53,0.47,1.47,0.0,2.59,1.0,0.0,2.47,0.53,0
0.0,0.0,1.0,0.42,0.0,0.0,1.58,1.0,0.58,3.31,6.16,0.48,0.0,72.48,1.42,0.0,0.0,2.16,3.33,0.58,1.0,0.0,1.42,1.0,0.0,1.0,0.0,0
0.0,1.56,1.0,0.61,0.0,0.39,1.0,1.0,0.61,0.0,0.61,1.91,0.0,60.97,3.05,0.78,1.78,0.61,1.0,0.39,1.22,0.0,2.22,1.0,0.0,2.78,0.0,0
0.0,0.0,1.0,1.0,0.0,0.0,1.0,1.0,0.79,0.21,2.25,1.23,0.0,93.94,3.37,0.0,1.21,1.21,2.02,0.0,1.79,0.0,2.58,1.0,0.0,1.42,0.0,0
0.0,3.09,1.0,0.0,0.0,1.55,1.0,1.0,0.23,0.45,0.0,3.86,0.0,22.65,1.36,1.55,1.0,0.23,1.35,0.77,0.45,0.0,1.77,1.0,0.0,2.77,0.0,0
0.0,0.0,1.0,0.0,0.0,1.28,1.0,1.0,0.96,3.04,7.76,0.56,0.64,56.1,3.68,1.36,0.68,1.0,2.1,0.0,1.64,0.0,1.68,1.0,0.0,2.32,0.0,0
0.0,0.0,1.0,0.0,0.0,1.73,1.42,1.0,0.42,0.0,1.85,3.27,0.42,0.0,4.27,0.0,2.55,1.0,0.64,0.0,0.85,0.0,2.0,1.0,0.0,1.42,0.85,0
0.0,0.0,1.0,1.0,0.0,1.69,1.0,1.0,0.16,0.84,2.69,1.2,0.0,57.82,1.63,0.84,1.0,1.84,2.97,0.0,2.0,0.0,1.31,1.0,0.0,2.0,0.0,0
1.71,0.0,1.0,1.14,0.0,0.0,1.29,1.29,0.71,5.13,12.54,1.08,0.0,26.22,3.14,0.0,5.99,1.29,1.04,0.29,2.43,0.0,4.85,0.88,0.0,2.0,0.0,0
0.0,0.0,1.0,0.21,0.0,3.15,1.0,1.21,0.0,0.85,7.42,1.15,0.79,12.52,2.58,0.0,3.79,1.64,2.4,0.0,1.0,0.0,2.42,1.0,0.0,1.0,0.0,0
1.0,0.0,1.0,3.0,0.0,0.0,2.0,1.0,1.0,15.0,23.0,0.18,0.0,88.0,1.0,1.0,8.0,3.0,2.68,0.0,1.0,0.0,12.0,0.83,0.0,3.0,0.0,1
0.0,0.04,1.0,0.0,0.0,1.08,1.0,1.0,0.0,0.0,1.92,2.8,0.0,0.0,0.96,2.96,0.96,1.92,1.96,1.0,0.0,0.0,1.04,1.0,0.0,2.04,0.0,0
0.0,0.81,1.0,2.43,0.0,0.81,1.81,2.62,0.19,7.3,18.65,0.46,0.0,51.88,1.38,0.0,9.11,1.81,3.21,0.0,0.76,0.0,4.24,1.0,0.0,3.0,0.81,0
0.19,0.0,1.0,3.42,0.0,0.39,1.19,1.0,0.0,6.04,15.54,0.32,0.0,83.25,2.0,1.61,0.19,1.19,2.45,1.19,1.0,0.0,2.19,1.0,0.0,1.19,0.19,0
0.15,0.0,1.0,1.0,0.0,1.71,1.29,1.0,0.0,1.74,4.47,1.01,0.0,53.53,1.0,0.85,1.15,1.85,3.94,0.29,1.85,0.0,1.44,1.0,0.0,2.0,0.29,0
0.0,4.27,1.0,0.0,0.0,2.67,1.0,1.0,0.93,0.0,0.0,2.84,0.0,0.0,2.47,1.07,2.13,1.0,1.07,0.53,0.47,0.0,3.6,0.79,0.0,2.0,0.0,0
0.0,1.69,1.0,0.0,0.0,0.31,1.0,1.0,0.0,0.31,1.4,3.42,0.0,8.58,0.16,3.84,0.0,0.31,3.76,3.38,1.0,0.0,2.0,0.58,0.0,3.84,0.0,0
0.0,0.51,1.0,0.0,0.0,5.23,1.75,1.25,1.49,1.75,3.49,1.16,0.75,55.9,1.0,1.25,0.0,2.0,3.12,1.49,1.75,0.0,1.25,1.0,0.0,1.0,0.0,0
0.0,0.0,1.0,0.5,0.0,1.5,1.5,1.0,3.5,1.5,1.5,0.53,1.5,33.02,5.0,6.0,3.5,1.0,3.92,0.5,1.5,0.0,2.5,1.0,0.0,2.5,1.0,0
0.0,0.0,0.25,0.0,0.0,0.25,0.25,1.0,0.0,3.99,0.5,2.46,0.0,0.0,0.5,0.25,0.0,0.25,0.5,0.5,0.5,0.0,1.75,1.0,0.0,2.75,0.0,0
0.0,0.0,2.23,1.0,0.0,9.86,4.08,1.0,0.38,0.0,1.0,1.25,3.7,100.0,2.15,0.38,2.23,1.62,2.42,1.85,6.08,1.23,3.62,1.0,0.0,3.23,0.0,0
0.0,0.0,1.0,1.0,0.0,0.01,1.01,1.0,0.01,1.03,5.02,0.83,0.01,79.95,2.0,0.01,0.09,1.0,4.8,0.01,1.0,0.0,2.02,1.0,0.0,1.01,0.0,0
0.0,0.0,1.41,0.0,0.0,0.0,1.41,1.0,0.59,0.41,1.24,1.14,0.0,13.63,2.59,0.0,1.0,1.0,0.83,0.0,2.76,0.0,1.41,1.0,0.0,3.0,0.0,0
0.0,0.0,2.04,0.65,0.0,0.35,2.38,1.0,1.04,2.96,17.81,0.31,0.0,83.78,1.69,1.0,2.62,1.65,2.12,0.35,0.35,0.0,1.0,1.0,0.0,1.0,0.65,0
4.58,0.0,1.0,3.29,0.0,0.24,2.0,1.76,1.42,13.74,34.29,0.18,0.24,93.89,1.24,0.24,16.71,1.76,3.57,1.0,1.0,0.0,10.34,0.59,0.0,2.0,0.24,1
0.0,0.0,1.0,0.58,0.0,1.16,1.58,1.0,2.16,2.58,0.58,1.15,0.0,89.02,4.27,0.0,0.42,1.0,1.01,0.0,2.0,0.0,2.16,1.0,0.0,2.0,0.0,0
0.97,0.0,1.0,2.92,0.05,0.0,2.03,1.0,1.03,14.67,22.54,0.18,0.03,87.92,1.03,0.97,7.9,2.95,2.78,0.1,1.0,0.0,11.72,0.84,0.0,2.97,0.0,1
0.0,0.0,1.0,0.0,0.0,4.0,1.0,1.0,0.0,0.0,7.0,1.48,1.0,0.0,3.0,3.23,4.19,1.0,4.88,0.0,1.0,0.0,2.0,1.0,0.0,1.0,0.19,0
0.0,0.0,1.0,0.63,0.0,0.63,2.0,1.0,2.26,7.68,12.73,0.51,0.0,67.72,3.63,1.89,8.05,1.0,2.64,0.37,0.37,0.0,5.42,0.76,0.0,2.26,0.63,0
0.0,0.0,1.0,0.34,0.0,0.68,1.66,1.66,0.66,1.69,5.38,0.77,0.0,28.39,2.66,0.0,2.34,1.66,2.98,0.34,1.66,0.0,2.32,1.0,0.0,2.0,0.0,0
0.0,5.12,1.0,0.27,0.0,0.8,1.0,1.0,0.0,0.54,2.68,1.08,0.0,16.88,0.27,2.2,3.27,0.54,2.71,1.46,0.0,0.0,2.0,1.0,0.0,2.0,0.0,0
0.0,0.0,1.0,0.0,0.0,0.0,1.78,1.0,1.44,0.22,1.22,1.0,0.0,0.0,2.22,1.56,2.19,1.0,1.96,1.22,1.22,0.0,2.0,0.89,0.0,2.78,0.44,0
0.0,0.0,1.0,0.17,0.17,3.32,1.17,1.17,2.83,2.86,11.81,0.48,1.66,29.05,2.83,0.0,1.69,1.17,1.5,0.0,2.49,0.0,1.51,1.0,0.0,2.83,0.17,0
0.0,0.0,1.0,0.0,0.0,3.47,1.69,1.0,0.31,0.0,4.86,0.73,1.39,0.0,3.0,0.0,6.78,1.0,2.4,0.61,1.61,0.0,2.39,1.0,0.0,1.31,0.0,0
0.0,0.0,1.0,0.17,0.0,0.0,1.0,1.0,0.17,0.0,1.83,1.31,0.0,17.14,2.34,0.17,1.0,1.83,0.67,0.0,2.17,0.0,2.17,1.0,0.0,1.83,0.0,0
0.0,0.0,1.0,0.0,0.0,1.27,1.68,1.68,0.68,1.36,4.95,0.78,0.32,34.09,1.64,1.27,3.32,1.68,3.36,0.68,1.0,0.0,2.68,1.0,0.0,1.68,0.0,0
0.0,0.0,1.0,2.02,0.0,0.0,1.0,1.0,0.0,3.54,9.06,0.7,0.0,45.54,2.0,1.01,1.48,1.49,1.61,0.51,1.49,0.0,2.49,0.84,0.0,1.49,0.0,0
2.75,0.0,1.54,8.87,1.62,0.0,2.0,1.46,1.08,11.51,35.88,0.12,0.0,92.54,1.54,1.62,10.59,3.62,7.74,0.46,1.0,0.0,9.29,0.73,0.0,2.0,1.62,1
0.0,0.0,1.0,0.42,0.0,2.31,1.0,1.42,2.12,2.54,5.73,0.92,1.0,29.23,3.0,0.0,3.73,1.42,2.94,0.85,1.0,0.0,2.42,1.0,0.0,1.85,0.58,0
0.0,0.48,1.0,0.0,0.0,3.64,1.0,1.0,2.64,0.88,2.64,0.82,1.76,14.08,2.64,0.24,0.36,0.88,1.59,0.12,2.64,0.0,1.0,1.0,0.0,3.12,0.0,0
0.0,0.0,1.36,0.18,0.0,6.17,1.9,1.0,0.0,0.0,5.92,1.42,1.9,18.06,2.64,3.28,3.82,1.18,4.99,0.54,2.26,0.36,2.36,1.0,0.0,1.54,0.0,0
0.0,1.32,1.0,0.34,0.0,0.34,1.34,1.0,1.03,3.76,6.49,2.67,0.0,30.07,1.37,3.66,3.76,0.34,3.39,2.63,0.66,0.0,4.05,0.54,0.0,3.66,0.34,1
0.0,1.91,1.0,0.52,0.0,0.48,1.0,1.0,0.52,0.0,0.52,2.09,0.0,52.26,2.09,1.48,1.95,0.52,1.26,0.48,1.57,0.0,2.05,1.0,0.0,2.43,0.0,0
0.0,0.19,1.0,0.0,0.0,1.0,1.0,1.0,0.0,0.0,1.91,2.67,0.0,0.0,0.95,2.95,1.09,1.91,1.95,1.0,0.0,0.0,1.0,1.0,0.0,2.09,0.0,0
0.69,0.31,1.0,1.61,0.0,0.31,2.69,1.61,0.0,6.92,16.07,0.19,0.0,70.93,1.0,0.0,4.76,1.31,6.36,1.39,0.69,0.0,4.31,1.0,0.0,2.31,1.69,0
3.29,0.0,1.0,4.0,0.0,0.0,1.55,1.55,0.0,13.04,30.47,0.21,0.0,91.1,1.45,0.9,8.79,1.55,2.77,1.0,1.0,0.0,7.49,0.77,0.0,1.55,0.0,1
0.0,3.92,1.04,0.0,0.0,0.98,1.08,1.0,0.0,0.0,0.08,2.59,0.04,0.0,0.02,1.96,3.19,0.04,1.08,1.02,0.15,0.02,1.08,1.0,0.0,3.96,0.02,0
0.0,0.0,1.0,0.14,0.27,0.0,2.0,1.14,1.41,0.82,3.27,0.36,1.0,12.13,5.86,0.0,6.27,1.14,1.66,0.0,2.0,0.0,2.54,0.95,0.0,2.0,1.86,0
0.0,1.8,1.1,1.28,0.3,0.0,1.1,1.0,0.2,0.59,2.85,3.44,0.0,9.15,0.2,3.9,0.59,0.49,4.71,3.61,1.0,0.0,2.49,0.54,0.0,3.8,0.3,0
0.47,0.0,1.0,0.53,0.93,0.0,2.4,1.0,2.47,2.4,3.07,0.5,0.47,67.87,2.53,0.47,0.53,1.0,2.89,0.47,0.47,0.0,2.0,1.0,0.0,2.53,0.0,0
0.0,0.0,1.0,1.0,0.0,0.0,1.0,1.0,1.0,0.0,1.0,1.58,0.0,100.0,4.0,1.0,1.0,1.0,1.5,0.0,3.0,0.0,3.0,1.0,0.0,1.12,0.0,0
0.77,1.26,1.0,0.0,0.0,0.26,2.87,1.77,5.0,3.83,6.94,0.16,0.0,11.82,2.87,0.26,12.75,1.13,2.98,0.87,2.74,0.0,3.06,0.94,0.0,1.26,0.13,0
0.0,0.0,1.0,0.75,1.5,0.5,1.75,1.75,4.25,5.0,3.75,0.43,0.75,81.77,5.0,0.75,6.5,1.75,2.45,0.25,1.75,0.0,4.75,0.75,0.0,2.0,1.0,0
0.0,0.0,1.0,0.86,0.0,0.56,1.0,1.0,0.86,0.0,1.84,1.42,0.14,86.01,4.58,0.14,1.42,1.0,1.32,0.0,1.86,0.0,2.86,1.0,0.0,1.86,0.0,0
0.58,0.0,1.0,1.0,0.0,0.42,2.58,1.0,0.42,3.88,7.91,0.36,1.27,42.63,2.7,2.12,1.58,1.0,7.03,2.85,2.7,0.42,3.58,1.0,0.0,2.0,1.15,0
2.4,0.0,1.0,2.2,0.0,0.6,1.4,1.4,5.4,10.8,23.59,0.31,0.0,87.8,1.0,1.2,7.59,2.6,3.38,1.0,0.4,0.0,6.6,0.83,0.0,2.6,0.6,1
0.28,0.56,1.0,1.0,1.28,0.0,1.72,3.96,6.21,9.76,42.37,0.06,0.0,87.95,2.28,1.4,11.12,2.0,1.09,0.0,0.0,0.0,4.0,0.93,0.0,1.72,1.0,1
0.0,0.0,0.48,0.48,0.95,4.77,1.91,1.0,0.0,2.62,1.43,1.73,0.48,15.74,0.48,0.0,0.48,0.95,2.38,1.43,2.38,0.48,2.0,1.0,0.0,2.05,0.0,0
0.0,0.0,1.0,0.63,0.0,0.0,1.63,2.26,5.68,4.42,8.94,0.54,0.0,51.77,2.0,1.26,8.58,2.0,1.56,0.0,0.74,0.0,2.63,1.0,0.0,2.0,0.0,0
0.0,0.0,1.0,0.29,0.0,0.0,2.0,1.0,0.71,1.46,4.75,0.35,0.71,21.91,4.54,0.29,4.83,1.29,2.13,0.29,1.71,0.0,2.29,0.9,0.0,2.58,1.42,0
0.0,0.0,1.0,0.67,0.66,0.0,1.66,1.0,2.67,1.33,1.66,0.49,1.0,61.61,4.67,0.0,2.66,1.0,3.25,2.0,1.67,0.0,3.0,1.0,0.0,2.67,0.0,0
0.0,0.0,1.0,1.0,0.0,0.34,1.0,1.0,3.34,1.23,0.0,0.63,1.11,51.83,5.77,1.37,1.89,1.0,2.2,1.0,1.89,0.0,3.89,1.0,0.0,3.0,0.0,0
0.62,0.0,1.0,0.62,0.0,1.86,2.0,1.38,2.24,4.35,3.86,0.56,0.62,41.0,1.76,1.24,2.62,2.0,2.88,0.62,1.38,0.0,2.38,1.0,0.0,1.38,0.0,0
0.0,0.0,1.0,0.98,0.0,0.0,1.98,1.0,4.96,4.92,14.71,0.16,0.02,76.89,2.98,0.0,17.71,1.98,3.64,0.02,0.02,0.0,11.79,0.67,0.0,2.96,0.98,1
0.0,0.0,1.0,1.0,0.0,0.0,1.0,1.0,0.25,3.75,21.07,0.41,0.08,86.64,1.42,0.92,3.83,1.92,2.01,0.08,0.17,0.0,1.25,1.0,0.0,1.17,0.92,0
0.0,0.0,1.0,0.55,0.0,2.9,1.0,1.0,0.28,0.0,6.72,1.09,0.72,25.4,3.0,0.0,4.62,1.28,6.28,0.0,1.0,0.0,2.0,1.0,0.0,1.55,0.0,0
0.0,0.0,1.0,0.0,0.0,6.86,1.0,1.0,0.24,0.0,0.76,3.23,0.0,0.0,1.71,0.0,3.05,1.76,0.0,0.0,1.0,0.0,2.53,1.0,0.0,2.24,0.0,0
0.0,0.0,1.0,0.0,0.0,0.0,1.0,1.0,1.14,0.07,0.14,3.13,0.0,0.0,3.93,0.0,0.68,1.0,0.24,0.14,1.07,0.0,1.07,0.97,0.0,2.93,0.14,0
0.54,0.0,1.0,0.27,0.54,0.0,1.73,1.0,0.73,1.46,1.73,0.53,0.0,33.0,2.46,0.0,17.42,1.0,2.61,0.73,1.0,0.0,1.54,1.0,0.0,1.0,0.0,0
0.0,0.0,1.0,0.8,0.0,0.78,1.0,1.0,0.59,1.0,6.22,0.92,0.39,60.26,1.39,0.0,1.61,1.8,5.04,0.0,1.39,0.0,1.0,1.0,0.0,3.0,0.0,0
0.0,0.0,1.0,0.85,0.0,0.0,1.15,1.31,0.46,3.69,20.71,0.38,0.0,84.65,1.0,0.85,3.85,2.0,2.13,0.15,0.15,0.0,1.31,1.0,0.0,1.15,0.85,0
3.77,1.88,1.0,0.0,0.0,2.37,1.63,4.77,3.14,14.44,34.27,2.13,0.0,57.75,2.37,1.26,28.25,1.63,2.49,0.0,0.63,0.0,11.42,0.7,0.0,2.26,0.63,1
0.0,0.0,1.0,0.71,0.0,3.58,1.29,1.0,4.27,2.13,2.02,0.6,2.0,46.95,3.71,8.54,3.02,1.0,5.25,0.71,1.0,0.0,3.0,1.0,0.0,2.42,0.0,0
0.0,4.28,1.0,0.52,0.0,4.28,1.0,1.0,1.05,0.52,2.1,3.38,0.0,34.6,3.0,0.95,2.43,1.48,1.28,0.48,0.0,0.0,3.43,0.9,0.0,2.05,0.48,0
0.0,0.0,1.0,0.11,0.11,3.55,1.11,1.11,0.23,1.35,12.42,1.21,0.89,10.5,2.89,0.0,4.68,1.11,2.36,0.0,0.89,0.0,2.23,1.0,0.0,1.11,0.11,0
0.0,0.0,1.0,0.0,0.0,0.0,1.0,1.0,2.64,0.64,0.64,1.04,0.64,15.99,2.36,0.0,2.56,1.0,1.0,0.64,1.0,0.0,2.0,1.0,0.0,1.36,0.0,0
0.0,0.0,1.0,0.09,0.0,5.44,1.0,1.0,3.0,1.91,5.44,1.16,0.09,59.98,2.37,0.0,2.91,1.0,1.87,1.0,1.09,0.0,1.28,1.0,0.0,1.19,0.0,0
0.0,9.0,1.0,0.0,0.0,9.0,1.0,1.0,0.0,0.0,0.0,6.35,0.0,0.0,3.0,2.0,4.0,2.0,1.22,1.0,0.0,0.0,5.0,0.8,0.0,1.0,1.0,1
1.75,0.0,1.0,1.88,0.0,0.0,1.29,1.29,0.0,8.09,22.76,0.37,0.0,79.96,1.71,0.0,6.09,2.0,4.45,0.29,1.0,0.0,4.92,0.88,0.0,3.42,0.0,0
0.0,0.22,1.0,0.0,0.0,2.66,1.0,1.11,0.0,0.11,1.11,1.91,0.0,11.19,1.89,0.22,1.78,1.11,0.06,0.0,4.55,0.0,1.11,1.0,0.0,1.0,0.89,0
0.69,1.38,1.0,0.69,1.38,0.62,1.0,6.52,11.73,3.38,9.69,0.48,0.0,68.81,2.38,4.38,9.66,2.0,2.23,0.0,0.31,0.0,3.38,0.83,0.0,1.62,0.69,0
0.0,3.9,1.0,0.03,0.0,1.97,1.03,1.0,0.15,0.0,0.08,4.33,0.03,2.53,0.05,1.97,1.45,0.03,1.79,1.0,0.03,0.0,2.08,0.99,0.0,2.97,0.03,0
0.69,1.39,1.0,0.69,2.0,0.0,1.61,6.55,12.41,3.39,8.47,0.13,0.31,78.06,2.69,3.47,10.94,1.69,3.45,1.22,0.31,0.0,3.08,0.83,0.0,1.31,0.69,0
1.6,0.0,1.0,1.0,1.6,0.4,1.0,1.0,0.0,0.2,1.4,0.58,0.0,36.38,1.0,0.2,45.06,1.2,1.2,0.0,1.2,0.0,2.6,1.0,0.0,1.2,0.0,0
0.0,0.0,1.0,0.15,0.0,2.56,1.0,1.15,0.74,0.89,1.44,4.63,0.15,10.19,3.0,0.0,0.3,1.15,0.51,0.3,0.15,0.0,2.15,1.0,0.0,1.3,0.0,0
0.0,0.0,2.43,0.52,0.0,0.48,2.9,1.0,1.95,0.48,4.33,1.05,0.0,86.7,5.1,0.48,0.52,1.0,1.6,0.48,1.0,0.0,2.57,1.0,0.0,1.0,0.0,0
0.0,0.0,2.09,0.54,0.0,8.72,3.72,1.0,2.28,0.46,0.54,0.87,3.27,81.8,2.82,0.91,2.54,1.54,2.36,1.63,4.81,1.09,2.63,1.0,0.0,3.09,0.0,0
0.0,0.81,1.0,0.0,0.0,2.98,1.6,1.4,0.0,0.4,4.98,0.73,1.19,40.33,2.19,0.81,4.77,1.4,1.74,0.0,1.0,0.0,2.6,1.0,0.0,1.0,0.0,0
0.0,0.0,1.0,0.96,0.0,0.0,1.0,1.0,0.0,4.0,22.43,0.4,0.0,89.34,1.13,1.04,3.87,1.96,2.05,0.0,0.04,0.0,1.04,1.0,0.0,1.04,0.96,0
2.96,0.0,1.0,2.48,0.0,1.52,1.49,1.49,0.0,9.89,26.76,0.53,0.0,77.29,1.0,0.0,9.91,2.0,2.76,0.49,0.49,0.0,6.93,0.79,0.0,2.0,0.0,1
0.0,0.0,1.0,0.0,0.0,0.0,2.0,1.0,1.0,3.69,5.96,0.27,0.26,49.5,2.31,0.0,1.57,2.48,2.05,0.74,1.26,0.0,1.26,1.0,0.0,1.26,0.52,0
0.0,0.38,1.0,0.0,0.0,0.0,1.0,1.0,0.95,0.0,0.0,1.32,0.0,0.0,2.84,0.16,1.11,0.95,0.16,0.11,3.78,0.0,1.05,1.0,0.0,2.95,0.0,0
0.0,0.0,1.0,0.89,0.0,0.0,1.89,1.0,0.0,4.58,8.58,0.35,0.0,69.08,1.0,0.89,2.11,2.0,3.41,0.89,1.0,0.0,2.79,0.7,0.0,3.79,0.0,0
0.53,0.27,1.0,0.0,0.0,3.73,1.27,1.8,0.0,2.39,7.53,1.23,0.73,22.06,2.73,0.0,4.8,1.0,2.62,0.0,0.73,0.0,2.27,1.0,0.0,1.27,0.27,0
0.0,0.0,1.0,1.0,0.0,0.0,2.0,1.0,1.95,5.98,14.85,0.22,0.0,88.65,1.0,1.0,1.02,1.02,4.11,0.02,0.02,0.0,2.02,0.99,0.0,1.07,0.0,0
0.28,0.14,1.0,0.86,0.0,0.42,2.0,3.14,7.75,7.28,12.45,0.23,0.0,82.14,2.0,1.72,12.17,1.86,2.26,0.0,0.0,0.0,3.0,1.0,0.0,2.0,0.14,0
0.0,0.0,1.0,3.85,0.0,0.26,1.04,1.0,0.07,6.81,13.63,0.32,0.04,88.18,1.96,1.96,0.0,1.04,1.8,1.04,1.04,0.0,1.96,1.0,0.0,1.0,0.0,0
0.0,0.0,1.0,0.15,0.0,3.4,1.0,1.15,0.0,0.6,7.3,1.32,0.85,8.9,2.7,3.4,3.85,1.45,4.88,0.0,1.0,0.0,2.3,1.0,0.0,1.0,0.0,0
0.35,0.0,1.0,1.0,0.0,2.65,2.0,1.0,3.25,1.35,7.72,0.48,1.3,38.77,3.3,7.14,0.35,1.35,7.52,2.0,1.0,0.0,3.0,1.0,0.0,2.65,0.35,0
0.0,1.0,1.0,0.0,0.0,3.0,1.0,1.0,0.0,0.0,0.0,5.2,0.0,0.0,0.0,4.01,0.67,0.0,9.04,9.04,0.67,0.0,2.0,1.0,0.0,3.0,0.0,0
0.0,0.0,1.0,0.78,1.57,0.0,1.78,1.78,3.14,4.71,4.14,0.65,0.78,69.81,4.14,0.0,6.27,2.0,2.31,0.22,1.78,0.0,4.92,0.74,0.0,2.22,0.78,0
0.0,0.0,2.59,0.0,0.0,0.0,4.31,1.0,0.0,0.69,3.45,0.53,1.72,0.0,0.86,0.0,10.34,1.72,4.09,1.72,6.03,0.86,4.59,1.0,0.0,2.14,0.86,0
0.0,0.44,1.0,1.0,0.0,0.0,1.44,2.88,5.0,7.77,7.98,0.17,0.56,73.86,2.56,0.0,2.88,2.0,3.25,1.12,1.0,0.0,2.12,1.0,0.0,2.12,0.0,0
0.62,0.0,1.0,0.69,0.0,0.69,2.0,1.0,0.69,3.78,2.85,0.51,2.07,22.22,4.07,3.46,3.47,1.31,6.14,2.77,3.77,0.69,3.31,1.0,0.0,2.0,0.31,0
0.98,0.0,1.0,0.0,1.96,0.0,3.94,1.0,2.98,3.94,2.02,0.3,0.98,69.82,2.02,0.98,0.02,1.0,4.59,0.98,0.98,0.0,2.02,1.0,0.0,2.0,0.0,0
0.0,0.0,2.98,0.01,0.0,0.0,4.97,1.0,0.0,0.03,4.15,0.19,1.98,0.72,1.0,0.01,11.94,2.0,4.73,1.98,6.94,0.99,4.97,1.0,0.0,1.99,1.0,0
0.0,0.0,1.0,5.38,0.0,2.05,3.85,1.0,0.0,1.37,4.73,1.18,2.53,43.85,2.37,0.68,0.63,1.32,4.08,0.32,1.63,0.0,2.0,1.0,0.0,3.05,0.32,0
0.0,0.26,1.0,0.0,0.0,3.52,1.0,1.0,0.0,1.48,4.44,2.63,0.0,30.31,2.48,3.35,0.26,1.0,2.81,1.82,1.0,0.0,2.0,1.0,0.0,3.74,0.0,0
2.49,1.25,1.0,0.58,0.0,0.83,2.0,4.08,2.66,10.72,30.62,0.21,0.0,75.63,2.0,0.83,27.46,2.0,4.22,0.58,1.0,0.0,11.15,0.55,0.0,2.42,0.42,1
0.0,0.0,1.0,0.0,0.0,2.13,1.0,1.0,0.47,0.93,3.73,1.68,0.53,46.71,4.4,2.13,2.6,1.0,2.89,0.0,1.47,0.0,1.53,1.0,0.0,1.47,0.0,0
2.28,1.14,1.0,0.62,0.0,0.76,1.38,3.28,2.52,8.74,21.14,1.23,0.0,96.96,5.1,0.76,17.72,1.38,2.13,0.0,1.0,0.0,8.94,0.82,0.0,1.76,0.38,1
0.0,0.0,1.0,0.0,0.0,0.0,1.0,1.0,1.15,0.15,0.44,1.39,0.0,8.72,3.85,0.0,1.85,1.0,0.09,0.0,2.56,0.0,2.15,1.0,0.0,2.0,0.0,0
0.0,0.0,1.0,0.0,0.0,3.82,1.76,1.0,0.71,0.24,5.58,0.43,1.76,5.92,2.76,0.0,7.05,1.0,2.2,0.24,1.0,0.0,2.76,1.0,0.0,1.0,0.0,0
0.16,0.0,1.0,1.0,0.0,0.0,1.0,1.0,0.0,1.79,8.42,0.9,0.0,71.79,1.0,0.0,2.0,2.0,6.25,0.0,1.0,0.0,1.16,1.0,0.0,3.0,0.0,0
0.0,0.82,1.0,0.0,0.0,0.21,1.0,1.0,0.79,0.0,0.0,1.7,0.0,0.0,3.18,0.41,2.21,0.79,0.21,0.21,2.38,0.0,1.79,1.0,0.0,2.41,0.0,0
0.0,0.46,1.0,0.54,0.0,1.39,1.54,2.07,4.82,3.75,6.96,2.86,0.0,43.93,1.07,2.0,6.96,1.07,1.63,0.46,0.0,0.0,2.54,1.0,0.0,2.46,0.0,0
0.0,0.05,1.0,0.95,0.0,1.09,1.0,1.0,8.57,5.72,9.53,0.63,0.0,80.99,0.95,2.14,1.95,2.86,3.67,1.57,0.05,0.0,2.95,1.0,0.0,3.0,0.95,0
0.01,0.03,1.0,0.01,0.03,0.0,1.0,1.1,1.2,0.05,0.13,2.47,0.0,0.96,3.0,0.06,0.18,1.01,0.03,0.0,0.99,0.0,1.04,1.0,0.0,2.97,0.01,0
0.0,0.0,1.0,0.32,0.0,0.0,1.0,1.0,0.68,2.63,4.44,1.44,0.0,92.07,4.73,0.0,1.32,1.32,1.52,0.0,1.68,0.0,1.32,1.0,0.0,2.63,0.0,0
0.0,0.0,1.0,0.0,0.0,0.0,1.0,1.0,0.08,0.92,8.3,0.58,0.0,0.0,1.16,0.0,1.23,1.92,1.18,1.08,1.16,0.0,2.84,1.0,0.0,1.08,0.0,0
0.0,0.0,1.0,1.0,0.0,0.0,1.58,2.15,5.62,4.04,7.93,0.71,0.0,89.61,3.27,1.15,7.93,1.58,1.68,0.0,0.85,0.0,3.0,1.0,0.0,1.58,0.0,0
0.0,0.87,1.0,0.88,0.0,0.0,1.0,1.0,0.0,0.88,4.38,0.87,0.0,70.01,1.75,0.37,0.37,0.88,4.58,0.25,0.88,0.0,2.0,1.0,0.0,1.12,0.0,0
0.0,1.33,0.67,0.0,0.0,0.0,0.67,1.0,0.0,1.67,0.0,3.41,0.0,0.0,0.0,2.66,0.0,0.0,2.66,2.66,0.67,0.0,2.0,0.67,0.0,3.67,0.0,0
0.0,0.0,1.0,1.0,0.0,1.97,1.34,1.0,4.63,4.03,5.15,0.52,1.31,73.89,2.97,8.23,1.0,1.0,5.57,0.66,0.66,0.0,2.66,1.0,0.0,2.31,0.0,0
0.0,0.0,1.94,0.0,0.0,0.0,2.88,1.0,1.06,0.53,3.47,0.59,0.94,31.85,2.06,0.0,6.16,1.47,2.55,0.94,3.28,0.47,3.94,1.0,0.0,2.0,0.47,0
0.0,0.0,1.0,0.4,0.0,1.2,2.0,1.0,2.6,0.4,0.6,0.91,0.8,12.02,2.8,5.61,0.0,1.0,4.34,1.4,1.0,0.0,2.4,1.0,0.0,3.0,0.0,0
0.0,0.0,1.0,0.0,0.0,0.36,1.82,1.0,1.73,0.36,0.82,1.13,0.0,10.91,2.55,2.18,0.36,1.0,1.55,1.0,1.0,0.0,1.82,1.0,0.0,2.82,0.18,0
0.0,0.0,1.24,0.76,0.0,4.22,2.49,1.0,4.76,1.24,0.0,0.52,2.0,37.8,3.76,8.32,0.49,1.0,6.99,1.76,1.0,0.0,2.76,0.88,0.0,2.51,0.0,0
0.0,0.0,1.0,0.49,0.0,0.0,1.49,1.0,2.56,2.95,4.4,0.44,0.0,67.33,3.05,1.51,2.0,1.49,2.61,0.49,1.0,0.0,1.98,0.84,0.0,2.98,0.0,0
0.0,2.52,1.0,0.64,0.0,1.28,1.0,1.0,0.0,0.64,1.92,1.15,0.0,31.97,0.64,1.72,1.72,1.28,3.21,0.72,1.28,0.0,1.36,1.0,0.0,2.0,0.0,0
0.0,0.0,1.0,0.35,0.0,0.0,1.35,1.7,4.44,2.44,4.53,1.28,0.0,28.56,2.65,0.7,4.53,1.35,1.41,0.0,0.65,0.0,2.35,1.0,0.0,2.0,0.0,0
0.0,0.0,1.0,0.01,0.0,4.99,1.0,1.0,0.01,0.01,6.99,1.23,1.01,0.29,2.01,0.01,3.98,1.0,2.58,0.0,1.0,0.0,3.01,1.0,0.0,1.01,0.99,0
0.0,0.0,1.0,0.75,0.5,0.0,2.25,1.0,1.25,1.25,2.0,0.58,1.75,58.77,3.5,0.0,4.0,1.0,4.98,4.0,3.25,0.0,3.25,0.63,0.0,2.0,0.0,0
0.0,0.0,1.0,0.45,0.0,1.65,1.0,1.0,0.0,1.8,10.9,1.28,0.0,40.48,1.55,0.45,2.9,1.45,0.92,0.0,2.75,0.0,1.0,1.0,0.0,1.0,1.0,0
0.0,0.0,1.0,0.49,0.98,4.88,2.98,2.02,1.54,1.02,5.56,0.53,0.49,44.26,1.0,0.0,2.02,2.0,3.79,1.98,2.95,0.49,2.51,1.0,0.0,1.51,0.0,0
4.18,2.09,1.0,0.0,0.0,1.39,1.7,5.18,4.09,16.34,38.57,0.42,0.0,82.32,2.3,1.39,31.69,1.7,2.95,0.0,0.7,0.0,12.76,0.67,0.0,2.7,0.7,1
2.64,6.29,1.0,2.98,0.0,0.66,2.0,2.02,2.36,16.61,16.97,0.17,0.0,85.95,1.34,0.0,7.31,2.0,3.68,0.0,1.0,0.0,4.31,0.89,0.0,1.66,0.0,0
1.76,0.0,1.0,0.88,1.76,0.0,1.0,1.0,0.0,0.12,1.95,0.44,0.0,29.1,1.0,0.0,49.5,1.12,0.72,0.12,1.0,0.0,3.0,1.0,0.0,1.0,0.0,0
0.0,0.0,1.0,0.09,0.0,0.0,1.91,2.83,2.91,1.91,7.66,0.35,0.0,55.95,1.17,0.0,2.83,1.91,2.52,0.91,0.91,0.0,2.91,1.0,0.0,2.09,0.0,0
0.0,0.0,1.0,1.0,1.27,0.0,2.0,1.63,3.27,6.0,8.66,0.24,0.63,89.0,3.54,0.37,5.44,1.63,3.2,0.0,1.27,0.0,4.54,0.79,0.0,1.63,0.63,0
0.19,0.0,1.0,1.0,0.19,0.9,1.9,1.0,2.71,9.95,17.28,0.48,0.0,82.73,3.71,2.71,15.31,1.0,2.08,0.0,0.1,0.0,7.52,0.66,0.0,2.81,0.9,1
0.42,4.53,1.0,0.42,0.0,1.89,1.11,1.0,0.11,2.1,2.0,3.99,0.0,9.36,0.11,1.79,1.84,0.21,1.99,0.89,0.11,0.0,2.42,0.98,0.0,2.89,0.0,0
0.0,0.0,1.0,1.0,0.13,1.58,2.13,1.0,0.94,0.94,1.13,0.65,2.87,2.11,4.74,4.68,1.0,1.06,6.4,3.94,5.0,1.0,2.94,1.0,0.0,1.94,0.0,0
0.0,5.97,1.0,0.34,0.0,5.97,1.0,1.0,0.0,1.34,7.73,4.35,0.0,30.26,2.33,1.66,4.0,2.0,1.5,0.66,0.0,0.0,3.66,0.87,0.0,1.0,1.0,0
0.0,0.0,1.0,0.0,0.0,0.0,1.0,1.0,1.62,0.54,1.54,1.18,0.0,0.0,2.08,0.0,5.4,1.46,2.4,1.54,1.54,0.0,1.54,0.73,0.0,2.46,1.08,0
0.0,0.0,1.0,1.0,0.0,0.98,1.67,1.0,0.67,1.33,3.95,0.77,1.34,54.27,3.02,0.0,4.0,1.33,3.65,2.69,2.69,0.0,3.34,0.66,0.0,2.0,0.0,0
0.91,0.0,1.09,0.91,0.0,0.26,2.91,1.0,0.0,5.74,12.91,0.22,0.0,72.62,1.09,0.0,2.09,1.0,6.91,1.83,1.0,0.0,4.09,0.97,0.0,2.0,1.83,0
0.0,0.0,1.0,0.0,0.0,1.5,1.0,1.0,3.76,2.5,2.49,0.87,0.0,63.73,4.75,2.75,1.75,1.0,1.92,0.75,1.0,0.0,1.25,1.0,0.0,2.0,0.75,0
0.0,0.0,1.19,0.0,0.0,3.62,1.38,1.0,0.0,0.0,6.71,1.22,1.1,0.0,1.9,0.9,4.76,1.1,3.43,0.19,1.57,0.1,2.29,1.0,0.0,1.1,0.1,0
0.0,0.0,1.0,0.34,0.0,2.65,1.34,1.0,0.68,2.03,9.7,1.03,0.66,30.08,2.32,0.34,3.65,1.0,3.09,0.0,0.66,0.0,2.0,1.0,0.0,1.0,0.66,0
0.0,0.0,1.0,0.0,0.0,0.0,1.0,1.0,2.25,2.37,4.12,0.53,0.0,47.64,2.94,1.31,0.63,1.0,2.56,0.69,1.0,0.0,1.0,1.0,0.0,2.69,0.0,0
0.0,0.0,1.0,0.0,0.0,3.99,1.01,1.0,0.0,0.02,7.02,1.2,1.0,0.24,2.99,0.0,5.99,1.0,2.59,0.01,1.0,0.0,2.01,1.0,0.0,1.0,0.01,0
0.0,0.0,1.0,0.82,0.0,0.88,1.82,1.0,4.3,4.3,12.54,0.46,0.0,73.08,2.65,1.05,14.84,2.0,4.19,1.05,0.35,0.0,10.07,0.73,0.0,2.65,0.82,1
0.14,0.0,1.0,1.0,0.0,3.0,1.14,1.0,5.57,3.58,0.72,0.67,1.86,66.0,3.57,10.56,1.29,1.14,6.03,1.0,1.0,0.0,2.86,1.0,0.0,2.71,0.0,0
0.0,0.0,1.0,0.38,0.0,0.0,1.0,1.0,1.23,1.0,3.77,0.9,0.0,67.7,2.62,0.0,0.62,1.0,2.22,0.0,0.38,0.0,2.62,1.0,0.0,1.62,0.0,0
0.0,0.0,1.0,0.03,0.0,0.0,1.0,1.0,1.0,0.0,0.03,1.46,0.0,3.1,4.0,0.03,1.97,1.0,0.05,0.0,3.0,0.0,2.03,1.0,0.0,1.97,0.0,0
0.0,2.6,0.65,0.0,0.0,0.0,0.65,1.0,0.0,1.75,0.0,2.07,0.0,0.0,0.0,1.3,0.65,0.0,0.0,0.0,0.0,0.0,2.0,1.0,0.0,3.0,0.0,0
0.0,0.0,1.0,1.0,0.0,1.22,1.22,1.0,7.7,5.35,8.05,0.46,0.0,84.13,1.43,1.57,1.57,2.57,2.89,0.78,0.43,0.0,3.0,1.0,0.0,2.78,0.78,0
0.0,0.0,1.0,0.9,0.0,0.4,1.0,1.0,0.9,0.0,1.6,1.53,0.1,90.07,3.9,1.3,1.3,1.0,1.89,0.0,2.8,0.0,2.9,1.0,0.0,1.9,0.0,0
1.85,0.07,1.0,0.22,0.0,0.07,2.0,1.15,0.0,9.93,8.18,0.22,0.0,71.41,1.93,0.0,9.15,2.0,5.23,0.0,0.93,0.0,4.07,1.0,0.0,2.07,1.0,0
0.0,0.0,1.0,1.0,0.0,1.0,2.0,1.0,0.5,5.0,15.53,0.35,1.0,81.53,1.5,1.0,8.48,1.5,3.52,0.5,0.5,0.0,2.99,1.0,0.0,1.5,0.5,0
0.0,0.0,1.0,0.55,0.0,0.0,1.0,1.0,0.55,0.45,2.8,1.26,0.0,63.6,3.2,0.0,1.9,1.45,1.09,0.0,1.55,0.0,2.1,1.0,0.0,2.0,0.0,0
0.0,0.0,1.0,0.23,0.0,0.0,1.0,1.0,1.0,0.0,0.23,1.55,0.0,23.38,4.7,0.0,1.77,1.0,0.23,0.0,2.53,0.0,2.47,1.0,0.0,1.77,0.0,0
0.0,0.0,1.29,0.9,0.0,2.81,1.38,1.0,1.19,1.9,6.19,0.26,2.71,44.88,3.0,1.9,0.9,1.0,3.45,0.1,1.0,0.0,4.62,0.82,0.0,1.9,0.0,0
0.0,0.0,1.0,1.0,0.0,0.65,1.0,1.0,0.68,1.61,4.55,1.66,0.0,94.83,5.39,0.0,1.65,1.0,3.1,0.32,1.0,0.0,3.03,1.0,0.0,1.32,0.0,0
0.0,0.99,1.02,2.98,0.0,1.15,2.04,2.98,0.0,8.91,22.79,0.27,0.06,64.35,1.0,0.0,10.92,2.0,3.95,0.03,0.08,0.02,4.99,1.0,0.0,3.01,0.99,0
0.13,1.74,1.0,0.13,0.0,0.0,1.26,1.87,0.0,1.64,3.42,1.09,0.0,96.65,1.0,1.74,0.26,1.87,1.39,0.26,1.0,0.0,2.26,1.0,0.0,1.13,0.26,0
0.0,0.0,1.0,0.0,0.0,0.0,1.67,1.0,1.0,0.0,2.01,0.74,0.67,0.0,5.34,0.0,4.68,1.0,1.01,0.0,2.33,0.0,2.0,1.0,0.0,2.0,1.34,0
0.0,0.0,1.0,1.44,0.0,1.67,1.0,1.0,1.56,0.56,6.0,0.92,0.0,83.35,2.72,0.0,1.56,1.72,12.06,0.28,1.0,0.0,1.72,1.0,0.0,2.44,0.0,0
0.0,0.0,3.21,0.0,0.0,0.74,4.21,1.26,2.48,1.26,6.95,0.24,0.0,66.23,2.48,0.74,0.79,1.26,2.31,1.0,1.0,0.0,1.52,1.0,0.0,1.26,0.0,0
0.0,0.0,1.0,0.0,0.0,5.07,1.0,1.0,1.61,1.07,6.46,1.34,0.46,32.76,2.46,1.85,3.46,1.0,3.53,0.54,1.0,0.0,1.46,1.0,0.0,1.0,0.0,0
1.21,0.61,1.0,0.39,0.0,1.82,1.61,2.82,0.0,7.03,10.97,0.71,0.0,79.85,2.0,0.0,5.03,1.39,3.55,0.0,0.39,0.0,2.61,1.0,0.0,2.79,0.61,0
0.0,0.0,1.68,0.66,0.0,0.0,2.35,1.0,0.66,0.0,2.01,1.06,0.68,66.22,3.65,0.0,4.72,1.34,2.27,0.68,3.69,0.34,3.68,1.0,0.0,1.34,0.34,0
0.0,0.0,1.0,0.0,0.0,2.86,1.0,1.0,0.0,1.95,6.14,1.6,0.0,39.06,2.91,0.95,0.05,1.05,1.32,0.05,1.0,0.0,2.05,1.0,0.0,3.86,0.0,0
0.0,0.0,1.0,0.0,0.0,0.0,1.0,1.0,2.57,1.0,2.43,0.49,0.0,2.75,2.71,0.0,8.99,1.14,3.25,1.71,1.86,0.0,1.86,0.57,0.0,2.0,1.71,0
0.0,0.0,1.0,0.87,0.0,0.0,1.0,1.0,0.87,0.0,1.4,1.76,0.0,86.74,6.34,0.0,1.27,1.13,1.07,0.0,1.13,0.0,3.87,0.96,0.0,1.13,0.0,0
0.0,0.0,3.5,0.17,0.0,1.0,4.33,1.0,4.01,1.84,8.34,0.2,0.0,74.18,2.66,1.17,0.34,1.34,2.43,1.0,0.83,0.0,1.34,1.0,0.0,1.34,0.17,0
0.0,0.0,1.0,0.78,0.0,0.66,1.78,2.56,7.02,5.9,11.46,0.47,0.0,72.96,2.22,1.78,10.13,1.78,1.99,0.0,0.22,0.0,2.78,1.0,0.0,2.44,0.0,0
0.0,1.35,1.0,0.0,0.0,1.94,1.0,1.35,0.0,0.35,0.71,3.54,0.0,35.25,0.35,3.94,0.65,0.71,8.59,8.42,1.0,0.0,2.0,1.0,0.0,2.29,0.0,0
0.0,0.0,1.0,0.06,1.87,0.0,2.87,1.0,1.87,2.13,5.57,0.24,0.94,84.36,2.0,0.0,3.87,1.06,6.32,3.75,1.0,0.0,1.06,1.0,0.0,2.13,0.0,0
0.0,0.0,1.0,0.0,0.0,0.21,1.79,1.0,1.21,0.63,4.56,1.73,0.0,15.72,2.58,0.21,2.68,1.21,1.54,0.79,1.58,0.0,2.47,0.9,0.0,2.79,0.0,0
0.0,0.62,0.31,0.0,0.0,0.0,0.31,1.0,0.0,3.46,0.0,2.98,0.0,0.0,0.0,1.23,0.0,0.0,1.23,1.23,0.31,0.0,2.0,0.85,0.0,3.31,0.0,0
0.0,0.76,1.0,0.0,0.0,2.29,1.0,1.0,0.0,0.0,0.24,4.17,0.0,0.0,0.24,3.82,0.76,0.47,10.18,10.18,1.0,0.0,1.76,1.0,0.0,3.0,0.0,0
0.0,0.0,1.0,0.34,0.0,1.03,1.0,1.0,0.66,0.69,3.43,1.29,0.0,21.61,2.31,0.0,4.0,1.34,1.97,1.31,1.97,0.0,1.34,1.0,0.0,2.0,0.0,0
0.0,0.0,1.0,0.69,0.0,1.38,1.0,1.0,0.31,0.69,2.07,1.25,0.0,34.58,1.93,0.69,1.31,1.69,2.31,0.0,2.31,0.0,1.31,1.0,0.0,2.0,0.0,0
0.0,0.0,1.0,0.2,0.0,0.0,1.2,1.0,1.81,1.01,3.03,1.23,0.0,15.74,3.0,0.0,6.82,1.2,2.34,1.6,2.39,0.0,3.22,0.93,0.0,2.2,0.2,0
0.0,0.0,1.0,0.43,0.0,0.0,2.0,1.0,1.43,2.6,7.08,0.76,0.0,38.62,1.57,1.57,0.43,1.0,2.64,0.57,0.57,0.0,2.0,1.0,0.0,2.13,0.0,0
0.0,1.0,1.0,1.01,0.0,0.0,2.0,2.0,0.0,5.01,5.03,0.34,0.0,60.11,1.0,0.01,3.99,2.0,3.0,0.0,1.0,0.0,6.98,0.72,0.0,3.99,0.0,1
0.0,0.06,1.0,0.0,0.0,3.94,1.0,1.0,0.0,0.0,6.57,1.66,0.94,0.0,2.82,0.31,4.76,0.94,3.21,0.8,1.0,0.0,2.0,1.0,0.0,1.12,0.94,0
0.29,0.0,1.0,0.0,6.42,1.71,1.0,1.0,4.29,1.71,6.28,0.84,0.0,51.44,4.43,2.57,1.86,1.0,2.03,0.86,0.86,0.0,1.57,1.0,0.0,1.86,0.86,0
0.0,0.0,1.0,0.0,0.0,0.0,1.0,1.0,0.0,0.21,3.79,1.19,0.0,0.0,2.42,0.0,2.37,1.79,1.46,0.21,1.79,0.0,2.58,0.74,0.0,2.21,0.0,0
0.0,0.0,1.35,5.22,1.05,0.65,1.35,1.0,6.54,6.0,16.68,0.31,0.0,87.81,1.35,2.35,3.41,3.7,6.03,0.65,0.35,0.0,4.41,0.95,0.0,2.65,1.7,0
0.0,0.0,1.0,0.24,0.0,0.0,1.0,1.0,0.76,2.48,3.33,1.56,0.0,94.05,5.05,0.0,1.24,1.24,1.14,0.0,1.76,0.0,1.24,1.0,0.0,2.48,0.0,0
0.0,1.35,1.0,3.55,0.0,0.0,1.45,2.35,2.26,6.55,26.19,0.24,0.0,90.0,2.0,2.0,1.35,1.9,1.56,0.55,0.55,0.0,3.81,0.92,0.0,1.45,0.9,0
0.0,0.0,1.0,0.0,0.0,6.88,2.0,1.0,1.88,1.88,4.18,1.1,1.06,38.54,1.12,0.94,0.48,1.94,3.91,1.88,1.94,0.0,1.12,1.0,0.0,1.0,0.0,0
0.0,0.0,1.0,0.0,0.0,0.0,2.0,2.43,1.86,0.86,4.58,0.44,0.0,23.63,2.14,0.0,2.43,2.0,1.51,0.43,1.57,0.0,3.0,1.0,0.0,2.0,0.0,0
0.0,0.0,1.0,1.0,0.84,0.58,1.42,1.42,6.91,6.0,7.91,0.35,0.42,86.67,2.67,1.16,4.51,2.58,2.98,0.58,0.84,0.0,4.25,0.86,0.0,2.58,1.0,0
0.0,1.0,1.0,0.0,0.0,3.0,1.0,1.0,0.0,0.0,0.0,4.83,0.0,0.0,0.0,4.92,0.97,0.0,12.69,12.69,0.97,0.0,2.0,1.0,0.0,3.0,0.0,0
0.0,0.55,1.0,0.86,0.0,0.27,1.0,1.0,2.59,0.86,0.0,1.14,0.86,43.13,5.18,0.27,1.86,0.86,1.68,1.0,1.73,0.0,3.73,1.0,0.0,3.0,0.0,0
0.0,0.77,1.23,5.31,0.69,0.77,2.0,2.54,0.46,8.31,24.39,0.23,0.0,70.7,1.23,0.69,9.84,2.69,5.64,0.0,0.23,0.0,5.46,0.97,0.0,2.77,1.46,0
0.0,0.0,1.0,1.0,0.0,0.0,1.63,1.0,3.17,4.63,17.93,0.24,0.0,82.4,2.27,0.37,12.87,2.0,3.09,0.0,0.0,0.0,7.97,0.79,0.0,2.27,1.0,1
0.0,0.0,1.0,0.0,0.0,0.0,1.0,1.0,0.75,0.25,0.75,1.47,0.0,0.0,4.0,0.0,1.5,1.0,0.33,0.25,2.5,0.0,1.75,1.0,0.0,2.25,0.0,0
0.0,0.0,1.0,0.0,0.0,2.18,1.0,1.0,0.0,1.73,15.57,1.25,0.0,56.31,2.45,0.73,0.82,1.82,1.43,0.0,0.73,0.0,2.0,1.0,0.0,3.45,0.0,0
0.12,0.0,1.0,0.08,0.0,3.92,1.02,1.02,2.94,1.33,3.8,0.56,1.96,17.48,2.96,0.0,0.31,1.02,1.7,0.02,2.96,0.0,1.21,0.99,0.0,2.98,0.0,0
0.0,0.0,1.39,0.61,0.0,0.0,1.39,1.61,3.04,4.04,3.61,0.47,0.61,54.91,2.61,0.0,1.61,1.61,2.88,1.22,1.0,0.0,2.61,1.0,0.0,3.0,0.0,0
2.48,0.0,1.0,2.24,0.0,1.17,1.41,1.41,0.0,10.37,25.23,0.79,0.0,87.31,1.59,0.0,8.37,1.41,5.9,1.0,1.0,0.0,5.55,0.83,0.0,2.0,0.0,0
0.0,0.0,1.0,2.76,0.0,0.41,1.41,1.0,0.41,4.53,8.64,0.43,1.24,52.91,3.24,3.24,0.41,1.0,3.69,2.24,2.65,0.41,2.41,1.0,0.0,1.41,0.0,0
0.81,0.0,1.0,0.81,0.0,2.62,1.81,1.0,2.43,7.38,7.66,0.59,0.81,70.18,1.0,1.62,3.57,2.0,3.73,0.81,1.0,0.0,2.76,0.91,0.0,1.19,0.0,0
0.0,0.0,1.0,0.0,0.0,0.71,1.0,1.0,0.29,0.71,1.43,1.85,0.0,0.0,2.57,0.71,0.57,1.0,1.43,1.43,2.29,0.0,1.29,1.0,0.0,2.0,0.0,0
0.0,0.0,1.85,0.72,0.0,1.0,2.13,1.0,7.3,4.59,9.43,0.35,0.0,81.32,1.57,1.72,1.43,2.43,2.95,1.0,0.28,0.0,2.43,1.0,0.0,2.43,0.72,0
0.0,0.0,1.0,0.0,0.0,1.53,1.0,1.0,2.64,1.53,0.94,1.46,0.0,31.73,3.59,2.06,1.06,1.0,1.89,1.47,1.47,0.0,1.0,1.0,0.0,2.0,0.53,0
0.97,0.12,1.0,0.97,0.0,0.03,1.0,1.0,0.0,5.82,15.53,0.46,0.0,73.76,0.97,0.06,2.03,1.94,8.14,0.03,0.97,0.0,1.97,1.0,0.0,3.03,0.0,0
0.0,0.0,1.0,0.28,0.56,5.03,2.0,1.28,2.56,3.12,4.28,0.89,1.0,54.5,2.12,0.72,2.25,2.0,3.63,1.44,2.0,0.0,2.41,0.91,0.0,1.28,0.28,0
0.0,0.0,1.0,0.2,0.0,0.4,1.2,1.0,0.6,0.6,1.8,1.12,0.0,16.15,2.2,0.0,0.8,1.8,0.75,0.0,2.0,0.0,2.2,1.0,0.0,2.0,0.0,0
3.5,7.87,1.0,3.5,0.0,0.87,1.87,1.0,1.0,17.48,16.61,0.36,0.0,77.79,1.25,0.0,8.37,1.87,3.77,0.25,1.25,0.0,5.37,0.85,0.0,2.0,0.0,1
0.01,5.95,1.0,0.01,0.0,1.98,1.02,1.0,0.0,0.05,0.11,2.77,0.0,0.62,2.98,0.99,0.02,1.0,0.06,0.02,0.01,0.0,2.02,1.0,0.0,2.0,0.02,0
0.0,0.0,1.0,0.45,0.0,0.45,2.0,1.0,1.0,0.45,1.0,1.41,1.36,0.0,3.91,2.27,1.0,1.0,3.77,2.36,3.36,0.45,1.91,1.0,0.0,2.55,0.0,0
0.1,0.2,1.0,0.59,0.0,9.01,1.1,1.0,1.3,0.99,5.17,4.15,0.0,9.0,2.9,0.0,4.08,2.0,3.17,0.9,0.9,0.0,3.68,0.96,0.0,2.9,0.0,0
0.96,0.0,1.0,1.0,0.0,3.0,1.96,1.0,2.87,6.78,5.22,0.59,0.96,65.87,1.0,1.91,3.04,2.0,4.12,0.96,0.96,0.0,2.0,1.0,0.0,1.04,0.0,0
0.0,0.0,1.0,1.0,0.0,0.0,1.0,1.04,2.87,1.13,0.39,0.61,0.96,50.39,5.78,0.0,2.04,1.13,1.67,0.96,1.96,0.0,4.0,1.0,0.0,2.91,0.0,0
0.0,0.0,1.0,0.59,0.0,0.0,1.0,1.0,1.0,0.0,0.59,1.71,0.0,58.96,5.36,0.0,2.23,1.0,1.41,0.82,1.82,0.0,2.77,1.0,0.0,1.41,0.0,0
0.0,0.0,1.0,0.38,0.0,1.87,1.0,1.0,0.38,1.25,4.12,1.63,0.0,63.15,3.38,1.0,0.38,1.0,1.4,0.0,1.75,0.0,2.38,1.0,0.0,2.87,0.0,0
0.0,0.0,1.0,0.0,0.0,1.25,1.0,1.0,0.0,0.58,3.34,1.44,0.0,11.11,1.42,0.0,2.58,1.58,0.7,0.0,2.66,0.0,1.0,1.0,0.0,1.58,0.42,0
0.0,2.91,1.0,0.68,0.0,2.91,1.0,1.0,0.68,0.0,0.68,3.03,0.0,67.64,4.35,0.65,1.97,1.32,1.07,0.32,1.35,0.0,3.65,0.94,0.0,1.68,0.32,0
0.0,0.0,1.74,0.37,0.0,5.91,2.85,1.0,0.0,0.0,1.0,1.72,2.22,36.96,1.0,0.0,1.11,2.0,1.74,1.74,3.59,0.74,2.11,1.0,0.0,3.37,0.0,0
0.0,1.97,1.0,1.97,0.0,0.69,1.66,2.97,3.28,4.62,29.97,0.59,0.0,77.94,1.66,2.34,1.97,2.66,1.74,0.0,0.34,0.0,4.62,0.89,0.0,2.34,1.31,0
0.0,0.0,1.5,0.5,0.0,1.51,1.5,1.0,0.0,2.01,8.53,0.82,0.0,68.89,2.0,0.0,1.51,1.0,3.09,0.0,1.0,0.0,3.51,0.8,0.0,1.5,0.0,0
0.0,0.0,1.0,1.0,0.0,2.69,2.0,1.0,1.0,0.1,1.0,0.6,2.0,50.0,4.0,0.0,0.41,1.0,4.5,0.41,2.21,0.0,4.0,0.95,0.0,2.9,0.0,0
0.0,0.74,1.0,1.0,0.0,0.0,1.74,3.23,4.23,7.7,10.7,0.26,0.0,76.43,2.26,0.0,3.23,1.74,2.57,0.0,0.74,0.0,1.26,1.0,0.0,1.51,0.0,0
0.0,0.0,1.0,0.27,0.0,0.0,1.73,1.0,1.0,0.0,2.47,0.78,0.73,26.74,6.27,0.0,4.66,1.0,1.37,0.0,1.73,0.0,2.53,1.0,0.0,1.73,1.47,0
0.11,0.0,1.0,0.11,0.0,0.22,1.11,1.0,0.0,0.22,5.98,1.03,0.0,6.04,2.0,0.0,2.78,2.0,1.94,0.22,1.89,0.0,3.0,0.7,0.0,2.0,0.11,0
0.0,0.0,1.0,0.0,0.0,4.57,1.0,1.0,2.28,1.76,5.76,1.18,0.0,50.96,1.76,0.0,3.0,1.24,1.72,0.76,1.0,0.0,1.0,1.0,0.0,1.24,0.0,0
0.0,0.0,1.0,0.0,0.0,0.52,1.0,1.0,0.26,1.09,8.74,0.56,0.0,5.27,1.09,0.0,1.17,1.91,1.18,1.0,1.0,0.0,2.83,1.0,0.0,1.0,0.0,0
0.0,0.0,1.0,0.31,0.0,0.94,1.31,1.0,0.31,0.69,28.42,0.31,0.63,82.22,1.94,0.0,2.06,3.06,2.57,0.0,0.63,0.0,2.63,1.0,0.0,2.31,0.0,0
0.0,0.0,1.0,1.0,0.0,1.33,1.17,1.0,8.33,5.16,8.33,0.44,0.33,75.81,1.5,3.5,1.67,2.67,4.11,1.17,0.17,0.0,3.0,1.0,0.0,3.0,0.83,0
0.0,0.0,1.0,3.85,0.0,0.0,1.0,1.0,0.0,6.85,14.45,0.29,0.0,90.0,1.95,1.95,0.2,1.05,1.73,0.95,0.95,0.0,1.95,1.0,0.0,1.0,0.05,0
0.0,0.0,1.0,0.32,0.0,0.32,1.32,1.0,1.92,0.68,7.08,0.44,0.32,31.95,1.32,0.32,6.75,1.68,1.82,1.0,1.0,0.0,3.64,0.87,0.0,1.32,0.32,0
0.0,0.0,1.0,0.35,0.0,0.65,1.0,1.0,0.35,0.0,1.65,2.39,0.0,35.14,3.11,1.95,1.0,1.65,1.65,0.65,0.35,0.0,2.05,1.0,0.0,1.65,0.0,0
1.68,0.84,1.0,0.16,0.0,3.0,1.84,3.51,0.97,8.03,7.54,0.85,0.32,80.24,2.32,1.95,6.03,1.0,3.33,0.16,0.16,0.0,3.0,1.0,0.0,2.16,0.84,0
0.0,0.0,1.26,0.87,0.0,1.74,2.38,1.0,2.62,2.62,1.38,0.56,0.26,70.64,2.74,0.0,1.54,1.13,2.13,0.26,2.64,0.13,3.26,1.0,0.0,2.0,0.13,0
0.0,0.0,1.0,0.33,0.0,0.67,1.0,1.0,0.33,0.67,1.67,1.77,0.0,32.82,2.66,0.67,0.33,1.0,1.67,1.34,2.0,0.0,1.66,1.0,0.0,1.67,0.0,0
0.0,0.0,1.0,0.77,0.0,0.68,1.0,1.0,2.32,0.77,0.23,0.93,0.77,38.66,5.09,0.0,2.0,1.0,1.29,0.77,2.68,0.0,3.32,1.0,0.0,2.55,0.23,0
0.0,0.0,1.0,1.0,0.0,1.34,1.45,1.0,2.24,2.66,7.74,0.49,0.89,54.87,2.89,4.92,1.11,1.55,6.49,0.89,1.0,0.0,2.45,1.0,0.0,3.55,0.0,0
0.0,0.0,1.0,0.0,0.0,2.0,1.0,1.0,5.0,2.0,0.0,0.97,0.01,59.86,5.0,3.04,1.99,1.0,1.83,1.0,1.0,0.0,1.01,1.0,0.0,2.0,1.0,0
0.0,0.52,1.0,1.0,0.0,0.0,1.52,2.57,4.05,5.7,6.79,0.36,0.48,65.68,3.91,0.0,3.05,1.52,2.36,0.48,1.48,0.0,2.43,1.0,0.0,1.95,0.0,0
0.0,1.2,1.0,1.8,0.0,0.0,1.4,2.2,2.6,2.4,17.02,1.03,0.0,95.99,3.2,1.4,1.8,1.8,1.45,0.0,1.8,0.0,4.2,0.93,0.0,1.4,0.8,0
0.0,0.0,1.0,0.0,0.0,0.0,1.0,1.0,1.19,0.0,0.0,1.54,0.0,0.0,3.81,0.0,1.63,1.0,0.19,0.0,2.63,0.0,2.0,1.0,0.0,2.0,0.0,0
0.0,0.63,1.0,0.0,0.0,0.16,1.0,1.0,0.0,0.84,34.59,0.56,0.0,81.84,0.84,0.31,3.0,3.37,1.58,0.16,0.0,0.0,1.84,1.0,0.0,2.31,0.0,0
0.0,0.0,1.0,1.0,0.0,0.98,2.0,1.0,5.87,0.11,3.13,0.3,0.98,99.46,1.98,1.0,18.64,1.02,3.34,1.0,1.0,0.0,4.96,0.6,0.0,2.04,0.98,1
0.0,0.0,1.0,0.5,0.0,0.0,1.5,1.0,0.5,0.5,4.01,1.53,0.0,35.59,2.0,0.0,1.5,1.5,3.68,0.5,1.5,0.0,1.0,1.0,0.0,3.0,0.0,0
4.72,2.36,1.0,0.0,0.0,2.0,1.79,5.72,5.0,18.53,42.5,0.36,0.0,85.19,2.64,2.21,35.84,1.79,3.51,0.21,1.0,0.0,13.59,0.63,0.0,2.79,1.0,1
0.0,0.52,3.81,0.0,0.0,1.26,4.74,1.0,2.81,0.94,7.48,0.39,0.0,67.35,2.94,1.06,0.26,1.0,2.2,1.0,0.94,0.0,1.26,0.97,0.0,1.06,0.0,0
0.0,0.0,1.0,1.0,0.0,0.0,1.64,2.28,6.1,4.46,8.65,0.64,0.0,88.52,2.72,1.64,8.65,1.64,1.93,0.0,1.09,0.0,3.0,1.0,0.0,2.0,0.0,0
0.8,0.0,1.0,0.6,18.01,0.0,1.0,1.0,0.0,0.6,21.81,0.64,0.0,42.58,1.0,0.0,1.6,1.6,4.89,0.0,0.6,0.0,2.6,1.0,0.0,2.2,0.0,0
0.0,0.0,1.0,0.92,0.0,0.08,1.0,1.0,0.92,0.73,2.46,1.43,0.0,99.03,4.68,0.0,1.41,1.08,1.05,0.0,1.92,0.0,3.24,0.96,0.0,1.08,0.0,0
0.0,4.73,1.0,0.0,0.0,0.0,1.32,1.32,0.32,0.65,1.3,0.92,0.0,16.24,0.32,2.03,3.0,0.65,2.81,1.68,0.32,0.0,2.32,1.0,0.0,2.0,0.0,0
0.32,0.68,1.0,0.32,0.0,4.05,1.32,1.0,0.0,0.63,6.98,3.0,0.0,17.46,0.63,0.68,0.32,0.63,1.75,0.63,0.32,0.0,1.63,1.0,0.0,1.32,0.32,0
0.53,1.4,1.0,1.4,1.07,0.0,3.07,2.4,3.93,4.93,20.17,0.24,0.53,79.32,2.0,1.47,1.4,1.93,3.13,0.53,0.53,0.0,3.86,0.92,0.0,2.0,0.93,0
0.0,0.5,1.0,0.5,0.0,0.0,2.0,1.0,2.5,1.0,3.5,0.58,0.0,35.51,2.0,0.0,5.0,1.5,4.35,0.5,2.0,0.0,1.0,1.0,0.0,2.0,0.0,0
0.0,0.0,1.62,8.42,1.85,0.0,1.62,1.0,1.62,3.71,18.31,0.78,0.0,95.67,3.91,1.85,4.09,3.47,7.32,0.0,1.0,0.0,5.85,0.91,0.0,1.62,1.85,0
0.0,0.0,1.0,0.6,0.0,1.8,1.4,1.0,0.4,1.2,6.81,0.78,0.0,37.88,1.4,0.0,3.6,1.6,1.54,0.0,0.8,0.0,2.0,1.0,0.0,2.0,0.0,0
0.0,0.0,1.0,1.47,0.0,0.0,1.0,1.0,1.0,0.0,4.41,1.48,0.0,67.67,3.26,0.0,0.74,1.74,11.77,0.0,1.0,0.0,1.74,1.0,0.0,3.0,0.0,0
0.0,1.19,1.0,1.79,0.0,0.6,1.4,2.19,7.42,6.0,22.25,0.33,0.0,86.98,1.4,2.0,2.4,3.0,2.48,0.6,0.0,0.0,4.19,0.93,0.0,2.6,1.4,0
0.0,0.0,1.0,0.28,0.0,0.0,1.0,1.0,1.55,0.28,0.0,1.98,0.28,13.81,3.83,0.0,0.55,1.0,0.46,0.28,1.28,0.0,1.83,1.0,0.0,3.0,0.0,0
0.0,1.52,1.0,0.0,0.0,0.0,1.24,1.24,0.24,0.48,0.96,2.99,0.0,12.05,0.24,3.04,0.72,0.48,3.61,3.28,1.0,0.0,2.24,0.62,0.0,3.52,0.0,0
0.0,0.0,1.0,0.33,0.0,0.0,1.67,2.34,3.0,1.67,5.36,0.42,0.33,53.35,2.65,0.0,2.67,1.67,2.32,1.0,1.33,0.0,3.33,1.0,0.0,2.33,0.0,0
0.0,0.77,1.0,0.23,0.0,2.3,1.23,1.0,0.0,1.16,2.09,3.75,0.0,17.45,0.23,4.07,1.23,0.47,10.83,10.21,1.0,0.0,2.23,0.92,0.0,3.23,0.0,0
0.28,0.0,1.0,1.0,0.0,2.15,1.57,1.0,0.72,3.14,7.99,0.24,2.15,51.12,2.43,1.43,1.28,1.0,4.67,0.57,1.0,0.0,4.72,0.86,0.0,2.0,0.57,0
0.0,5.93,1.0,0.26,0.0,4.22,1.0,1.0,0.0,1.3,3.11,3.04,0.0,21.78,2.0,1.48,3.74,1.0,2.78,1.0,0.26,0.0,3.96,0.7,0.0,2.0,0.0,0
0.0,0.05,1.0,0.95,0.0,2.05,1.95,1.0,2.86,2.86,0.95,0.81,0.0,77.18,2.86,0.24,0.05,0.95,2.28,0.61,1.95,0.0,2.95,1.0,0.0,2.05,0.0,0
0.0,0.0,1.0,0.13,0.0,0.0,1.0,1.0,4.47,0.87,0.13,0.78,0.0,65.33,5.27,1.73,1.87,1.0,1.52,0.0,1.0,0.0,1.4,1.0,0.0,1.87,0.0,0
0.71,0.0,1.0,0.71,0.0,2.12,2.0,1.29,2.41,4.94,4.12,0.57,0.71,46.61,1.59,1.41,2.71,2.0,3.18,0.71,1.29,0.0,2.29,1.0,0.0,1.29,0.0,0
0.0,0.0,1.0,0.0,0.0,0.0,1.22,1.0,1.78,0.0,0.22,1.74,0.0,0.0,2.78,0.44,0.0,1.0,1.11,0.22,1.0,0.0,2.0,1.0,0.0,2.22,0.0,0
0.45,0.0,0.45,0.45,0.0,0.0,1.34,1.0,0.0,5.45,5.81,1.52,0.0,33.08,0.45,0.0,0.89,0.45,3.32,0.89,0.45,0.0,2.89,1.0,0.0,2.55,0.89,0
0.0,0.0,1.0,0.0,0.0,0.0,2.0,1.0,1.0,0.0,2.61,0.71,0.8,0.0,5.41,0.0,5.02,1.0,1.5,0.2,2.0,0.0,1.8,1.0,0.0,2.2,1.61,0
0.0,0.0,1.0,0.0,0.0,0.33,1.0,1.0,0.0,0.67,2.67,1.89,0.0,0.0,3.0,1.0,0.33,1.33,1.56,1.0,0.67,0.0,1.0,1.0,0.0,2.67,0.0,0
0.0,7.22,1.0,0.0,0.0,4.78,1.0,1.0,0.0,0.0,0.0,3.8,0.0,0.0,1.78,2.34,3.66,0.89,2.45,2.34,0.11,0.0,4.66,0.64,0.0,2.11,0.0,1
0.0,0.29,1.0,0.0,0.0,2.83,1.58,1.0,1.46,0.29,4.96,1.01,0.71,0.0,3.0,0.0,5.17,1.0,2.65,0.29,1.58,0.0,1.71,1.0,0.0,1.0,0.0,0
1.7,0.85,1.0,0.0,0.0,2.56,1.85,3.56,0.15,7.97,7.67,1.03,0.0,85.51,2.59,0.0,6.11,1.0,2.34,0.0,0.3,0.0,2.7,1.0,0.0,2.0,0.85,0
0.0,0.0,1.0,1.0,0.0,3.0,1.0,1.0,0.15,2.0,9.42,0.81,0.44,59.94,1.29,0.29,3.56,1.85,2.14,0.0,0.15,0.0,2.44,0.97,0.0,2.0,0.0,0
0.0,0.0,1.0,0.0,0.0,2.56,1.0,1.0,0.84,1.72,7.32,1.13,0.56,44.06,1.56,2.16,0.0,1.72,2.23,0.0,1.56,0.0,1.72,1.0,0.0,3.0,0.0,0
0.0,0.0,1.0,0.43,0.0,0.0,1.0,1.0,0.57,1.72,22.4,0.9,0.0,41.35,2.14,0.0,2.28,1.43,1.22,1.14,1.71,0.0,1.0,1.0,0.0,2.0,0.0,0
0.87,0.44,1.0,0.56,0.0,1.87,2.0,2.31,3.38,3.93,5.62,0.55,0.56,92.57,2.0,0.56,13.76,1.0,3.08,0.56,0.56,0.0,4.13,0.77,0.0,2.0,1.0,0
0.0,0.0,1.0,1.0,0.0,0.0,1.0,1.0,1.0,0.0,1.0,1.76,0.0,100.0,6.51,0.0,1.0,1.0,1.0,0.0,1.24,0.0,3.76,1.0,0.0,1.24,0.0,0
0.0,0.0,1.0,0.4,0.0,0.0,1.0,1.4,1.19,1.62,3.63,1.27,0.0,23.83,2.19,0.0,1.21,2.21,1.31,0.0,1.0,0.0,2.81,1.0,0.0,1.6,0.0,0
0.0,0.0,1.0,0.0,0.0,3.5,1.0,1.0,0.38,0.13,6.24,1.37,1.0,3.15,2.87,3.5,4.0,1.0,4.87,0.13,1.0,0.0,2.0,1.0,0.0,1.0,0.0,0
0.0,0.0,1.0,0.09,0.0,3.62,1.09,1.09,0.09,0.19,7.66,1.37,0.91,6.02,2.91,3.62,5.03,1.09,5.33,0.09,1.0,0.0,2.47,0.96,0.0,1.09,0.0,0
0.0,0.0,1.0,0.76,0.0,0.0,1.0,1.0,0.0,3.29,40.37,0.43,0.0,73.21,1.71,0.0,0.0,1.76,0.46,0.24,0.24,0.0,1.0,1.0,0.0,2.24,0.0,0
0.0,0.0,1.0,1.0,0.0,2.0,2.0,1.0,3.0,3.0,1.0,0.61,0.0,81.0,3.0,0.0,0.0,1.0,1.75,0.0,2.0,0.0,3.0,1.0,0.0,2.0,0.0,0
0.0,6.33,1.0,0.0,0.0,6.33,1.0,1.0,0.3,0.0,0.0,5.21,0.0,0.0,3.0,1.41,2.81,1.7,0.86,0.7,0.3,0.0,3.81,0.86,0.0,1.59,0.7,0
0.0,0.0,1.0,0.4,0.0,0.0,1.0,1.0,0.4,0.6,5.76,0.92,0.0,40.49,2.21,0.4,1.0,1.6,1.27,0.6,1.81,0.0,3.0,1.0,0.0,1.4,0.0,0
1.24,0.62,1.0,0.38,0.76,5.67,2.76,2.86,0.0,5.57,6.71,0.83,0.38,63.94,1.62,0.0,4.71,1.38,3.61,1.14,1.91,0.38,2.62,1.0,0.0,1.62,0.62,0
0.0,0.0,1.74,0.0,0.0,0.0,1.74,1.0,0.0,1.0,3.0,1.04,0.0,24.47,2.52,0.0,0.74,1.0,1.83,0.26,1.0,0.0,1.74,1.0,0.0,3.0,0.0,0
0.0,0.0,1.0,0.95,0.0,1.91,1.0,1.0,0.0,1.05,3.0,1.15,0.0,49.23,1.05,0.95,0.95,1.95,3.29,0.05,2.0,0.0,1.05,1.0,0.0,1.95,0.0,0
0.0,0.47,1.0,0.47,0.0,2.66,1.47,2.4,2.34,4.67,9.8,0.72,0.53,37.4,2.0,0.0,4.0,1.47,2.77,0.0,1.0,0.0,2.07,1.0,0.0,1.0,0.53,0
0.0,0.0,0.27,0.27,0.0,0.0,0.27,1.0,0.27,3.66,0.27,2.42,0.0,26.71,1.87,0.0,0.27,0.27,0.27,0.0,0.27,0.0,2.53,1.0,0.0,2.47,0.0,0
0.0,0.0,1.0,0.22,0.0,3.91,2.0,1.0,0.22,0.22,5.69,0.46,2.0,10.92,3.22,0.0,7.13,1.0,2.99,0.87,1.66,0.0,3.22,0.89,0.0,1.22,0.0,0
1.14,2.58,1.0,0.0,0.0,0.86,1.57,1.0,0.0,5.69,3.99,1.33,0.0,41.0,2.43,0.43,5.13,1.57,3.04,0.0,0.57,0.0,3.14,1.0,0.0,2.0,0.57,0
0.0,0.0,1.25,0.0,0.0,0.0,1.25,1.0,0.0,3.26,8.28,0.64,0.0,64.69,3.51,1.51,1.0,1.0,2.23,0.0,1.0,0.0,2.0,1.0,0.0,2.25,0.0,0
0.0,0.0,1.0,0.0,0.0,0.0,1.73,1.0,0.73,0.27,12.54,0.48,0.0,26.21,1.73,0.0,3.0,1.81,1.18,0.0,1.46,0.0,2.0,1.0,0.0,2.0,0.0,0
0.0,0.0,1.0,0.0,0.0,0.34,1.0,1.0,0.66,3.04,6.41,1.87,0.0,29.7,2.32,0.0,2.03,1.34,0.55,0.0,1.0,0.0,2.69,0.83,0.0,2.66,0.0,0
0.0,0.0,1.0,0.69,0.0,0.0,1.0,1.0,0.31,2.76,15.89,0.73,0.0,62.17,1.62,0.69,4.0,1.69,2.03,0.62,0.93,0.0,1.0,1.0,0.0,1.31,0.69,0
0.0,0.0,1.42,0.0,0.0,1.16,1.42,1.0,2.9,1.58,1.26,0.93,0.0,48.64,3.74,1.74,1.58,1.0,1.88,0.58,1.0,0.0,1.42,1.0,0.0,2.42,0.58,0
0.0,0.0,1.0,0.92,0.0,0.0,1.08,1.0,1.0,0.0,1.0,1.54,0.0,92.38,4.85,0.0,1.0,1.0,1.04,0.08,2.0,0.0,2.85,1.0,0.0,1.15,0.0,0
0.0,0.0,1.0,1.0,1.19,6.75,3.59,1.0,0.41,2.44,5.03,0.57,1.41,49.24,1.41,0.41,5.87,1.59,5.0,2.19,3.38,0.59,3.22,1.0,0.0,1.41,0.0,0
0.0,0.0,1.33,4.9,0.98,0.0,1.33,1.0,1.33,1.95,10.11,1.07,0.0,97.72,3.35,1.65,2.63,2.3,4.66,0.0,2.35,0.0,4.3,0.95,0.0,2.0,0.98,0
0.0,0.0,1.0,1.64,0.0,0.0,1.0,1.0,1.0,0.0,4.93,0.93,0.0,75.54,3.18,0.0,1.18,1.82,13.14,0.0,1.36,0.0,2.0,1.0,0.0,2.82,0.0,0
0.0,4.64,1.0,0.34,0.0,0.0,1.0,1.34,0.0,1.35,3.03,0.87,0.0,19.87,0.34,1.99,3.0,1.35,2.59,1.33,0.34,0.0,2.67,1.0,0.0,1.66,0.0,0
0.0,0.0,1.0,1.0,0.0,0.01,1.0,1.0,2.99,1.0,0.04,0.62,1.0,50.02,5.98,0.01,1.99,1.0,1.67,1.0,2.0,0.0,3.99,1.0,0.0,3.0,0.0,0
0.0,1.06,1.0,0.47,0.0,0.0,1.47,1.53,2.34,2.87,8.09,0.72,0.0,89.7,1.94,1.06,8.43,2.0,2.0,0.0,0.53,0.0,6.68,0.84,0.0,1.94,0.47,0
0.57,0.0,1.0,1.0,0.0,1.71,1.57,1.0,2.14,3.99,3.28,1.01,0.57,80.61,2.29,1.57,2.14,1.57,3.05,0.57,1.86,0.0,2.43,1.0,0.0,1.0,0.0,0
0.0,0.0,1.0,0.99,0.0,0.04,1.0,1.99,4.99,5.97,4.01,0.22,0.99,68.95,2.99,0.0,2.01,1.99,3.43,1.99,1.0,0.0,2.99,1.0,0.0,2.99,0.0,0
0.94,1.88,1.0,1.0,1.88,0.0,1.0,8.53,15.99,4.0,10.24,0.11,0.0,75.0,2.94,4.7,13.29,2.0,2.29,0.0,0.06,0.0,3.88,0.76,0.0,1.18,0.94,1
0.0,0.65,1.0,0.35,0.0,3.95,1.7,1.0,0.35,2.09,2.79,3.62,0.7,25.49,1.35,6.86,5.19,1.0,6.3,4.91,1.0,0.0,3.05,1.0,0.0,2.65,0.0,0
0.0,0.0,1.0,0.51,0.0,0.0,1.51,1.0,1.0,0.51,0.51,1.99,1.02,25.5,4.0,0.0,2.04,1.0,2.3,2.04,2.53,0.0,2.53,0.74,0.0,2.49,0.0,0
0.0,1.34,1.0,0.0,0.0,0.0,1.0,1.67,0.33,0.67,1.34,1.31,0.0,67.18,1.98,1.34,0.66,1.67,0.34,0.0,1.66,0.0,2.0,1.0,0.0,1.33,0.0,0
0.0,0.0,1.54,1.0,0.0,4.35,2.36,1.0,0.0,0.73,3.91,0.9,1.63,85.44,1.73,0.0,0.82,1.27,4.31,0.82,2.9,0.54,2.54,1.0,0.0,1.82,0.0,0
0.0,0.0,1.0,0.0,0.0,4.4,1.85,1.0,0.0,0.0,6.25,0.73,1.7,0.0,2.7,0.45,6.95,1.15,2.49,0.15,0.85,0.0,2.7,1.0,0.0,1.15,0.0,0
0.0,0.0,1.0,1.0,0.0,1.09,1.36,1.0,0.36,2.55,33.48,0.28,0.73,79.3,2.09,0.0,0.0,1.64,1.76,0.0,0.73,0.0,2.09,1.0,0.0,2.36,0.0,0
0.0,0.0,1.27,1.0,0.0,2.18,1.68,1.0,1.73,0.86,3.59,0.73,0.82,70.62,2.73,0.0,1.27,1.14,1.56,0.41,1.09,0.27,2.27,1.0,0.0,3.14,0.0,0
0.0,0.0,1.0,0.0,0.0,0.0,1.95,1.95,0.95,1.95,4.05,0.48,0.0,48.43,1.0,0.0,3.0,2.0,2.34,0.95,1.0,0.0,2.9,1.0,0.0,2.0,0.0,0
0.0,3.23,1.0,0.0,0.0,3.23,1.0,1.0,0.0,2.56,6.41,2.64,0.0,48.08,3.64,2.0,2.08,1.36,1.91,0.36,0.64,0.0,3.08,0.93,0.0,1.64,0.36,0
0.0,0.0,1.0,0.0,0.0,6.0,1.0,1.0,3.0,2.0,6.0,1.22,0.0,61.0,2.0,0.0,3.0,1.0,1.89,1.0,1.0,0.0,1.0,1.0,0.0,1.0,0.0,0
0.0,0.0,1.13,0.0,0.0,1.06,1.4,1.0,0.53,1.13,7.81,0.5,0.26,8.21,1.26,0.0,1.13,1.87,1.23,1.0,1.0,0.0,2.87,0.93,0.0,1.0,0.0,0
0.0,0.0,1.0,0.0,0.0,1.42,1.0,1.0,0.64,0.0,2.49,2.04,0.36,0.0,3.0,0.0,2.13,1.0,0.91,0.0,1.0,0.0,1.36,1.0,0.0,2.29,0.0,0
0.0,2.15,1.0,2.15,0.0,0.28,1.72,3.15,4.15,5.15,34.51,0.27,0.0,85.76,1.72,1.72,4.69,2.72,1.46,0.0,0.0,0.0,6.56,0.74,0.0,2.0,1.44,1
0.0,0.0,1.0,0.75,0.0,2.5,1.0,1.0,5.0,3.0,4.48,0.63,1.5,68.24,3.25,9.26,2.99,1.25,5.18,0.75,0.75,0.0,4.24,0.88,0.0,2.75,0.0,0
0.0,0.0,1.0,0.0,0.0,0.0,1.0,1.0,2.9,1.05,1.9,0.48,0.0,5.03,3.15,0.0,9.55,1.0,3.42,1.9,2.0,0.0,1.95,0.53,0.0,2.0,1.9,0
0.0,0.81,1.0,14.71,0.0,0.27,8.79,1.0,0.0,0.0,1.73,0.51,6.92,43.25,1.27,0.13,1.73,1.87,8.65,0.87,2.6,0.0,2.0,1.0,0.0,1.13,0.87,0
0.0,0.0,1.0,1.0,1.1,5.51,3.1,1.0,2.24,2.24,8.38,0.48,0.55,53.18,1.9,0.0,8.63,2.0,4.42,1.65,2.76,0.55,6.49,0.85,0.0,1.9,0.45,1
0.0,0.0,1.0,0.87,0.0,0.0,2.0,1.13,1.0,0.87,1.13,0.68,1.74,43.52,3.87,0.0,3.74,1.13,4.0,3.48,3.74,0.0,3.87,0.56,0.0,2.0,0.0,0
0.0,0.98,1.0,0.51,0.0,0.0,1.0,1.49,0.51,0.49,1.49,1.55,0.0,100.0,4.07,0.98,0.51,1.49,0.76,0.0,1.0,0.0,3.02,1.0,0.0,1.0,0.0,0
0.0,0.0,1.0,0.94,0.0,0.0,1.94,1.0,1.94,5.62,14.04,0.42,0.0,83.31,1.19,0.94,0.94,1.0,3.85,0.0,0.06,0.0,1.94,1.0,0.0,1.13,0.0,0
0.0,2.12,1.0,0.0,0.0,6.71,1.0,1.0,2.29,1.53,4.59,2.43,0.0,46.64,2.24,0.47,3.24,1.24,1.73,1.0,0.76,0.0,1.94,0.95,0.0,1.0,0.24,0
0.0,0.0,1.0,1.0,0.0,0.0,1.0,1.85,4.42,5.13,3.56,0.39,0.85,73.51,3.29,0.0,1.85,1.85,3.09,1.71,1.15,0.0,3.0,1.0,0.0,2.85,0.0,0
0.0,0.24,1.0,0.0,0.0,1.48,1.0,1.0,1.52,2.27,13.65,1.82,0.0,56.86,0.76,1.24,6.82,1.52,1.53,0.24,0.0,0.0,6.55,0.62,0.0,2.24,0.0,1
0.0,0.35,1.0,0.0,0.0,1.06,1.65,1.0,0.65,0.0,1.29,2.51,0.0,0.0,1.29,0.71,1.94,0.65,1.0,0.35,1.29,0.0,2.0,1.0,0.0,2.35,0.0,0
0.32,0.0,1.0,0.96,0.0,2.04,1.32,1.0,0.32,4.78,8.0,3.74,0.0,28.02,2.36,0.32,2.55,1.64,0.85,0.0,0.32,0.0,5.18,0.95,0.0,1.64,0.0,0
0.71,0.36,2.93,0.0,0.0,1.71,3.93,2.07,1.93,3.86,8.36,0.42,0.0,75.93,2.64,0.64,2.5,1.0,2.44,0.64,0.64,0.0,1.71,1.0,0.0,1.36,0.36,0
0.0,0.0,1.17,0.83,0.0,1.33,1.5,1.83,0.66,3.67,7.51,0.38,0.33,59.5,1.33,0.0,2.83,3.5,1.81,0.17,1.0,0.0,3.67,0.92,0.0,1.0,0.0,0
0.0,0.0,1.0,1.0,1.27,2.75,2.55,1.73,1.45,8.7,40.71,0.24,0.27,76.51,1.73,0.0,7.53,2.0,1.87,0.82,1.37,0.27,3.45,1.0,0.0,1.73,0.73,0
0.0,0.0,1.0,0.44,0.0,3.0,1.44,1.0,2.18,0.44,0.56,1.35,0.87,13.09,2.87,4.8,1.13,1.0,3.75,0.87,3.25,0.0,1.87,1.0,0.0,1.87,0.56,0
0.51,0.0,1.0,1.0,0.0,2.02,1.51,1.0,5.93,6.51,7.44,0.5,0.51,75.28,1.0,2.0,2.51,2.49,3.73,1.0,0.51,0.0,2.49,1.0,0.0,1.98,0.49,0
0.26,0.0,1.0,1.0,0.0,0.0,1.51,1.0,0.0,4.51,13.74,0.38,0.0,74.74,1.74,0.0,2.0,1.74,5.46,0.51,1.0,0.0,2.51,1.0,0.0,3.49,0.51,0
0.0,0.01,1.0,1.98,0.0,0.04,1.0,1.0,0.99,0.0,5.93,0.86,0.0,90.87,2.96,0.06,1.0,1.98,15.96,0.16,1.0,0.0,2.0,1.0,0.0,3.0,0.0,0
0.0,0.0,1.0,0.0,0.0,0.0,1.0,1.0,0.39,1.0,7.96,0.51,0.13,3.25,1.13,0.0,1.39,1.87,1.1,1.0,1.0,0.0,2.87,1.0,0.0,1.0,0.0,0
0.0,0.0,1.0,0.68,0.0,2.04,1.68,1.0,4.04,1.0,0.96,0.66,1.36,39.6,3.68,7.48,0.32,1.0,6.04,1.36,0.68,0.0,3.0,1.0,0.0,2.68,0.0,0
0.0,0.0,1.0,0.34,0.0,0.0,1.34,1.0,1.34,4.02,9.07,0.4,0.0,58.02,1.66,1.0,0.34,1.0,3.38,0.66,0.66,0.0,1.34,1.0,0.0,2.32,0.0,0
0.0,1.09,1.0,0.0,0.0,0.27,1.0,1.0,0.0,0.73,29.8,0.85,0.0,70.51,0.73,0.55,3.0,2.91,1.5,0.27,0.0,0.0,1.73,1.0,0.0,2.55,0.0,0
0.0,0.0,1.0,1.0,0.0,1.96,1.0,1.0,0.0,4.98,12.21,1.22,0.0,84.11,1.98,0.02,3.02,1.02,7.4,0.98,0.98,0.0,1.0,1.0,0.0,1.98,0.02,0
4.45,0.0,1.0,2.96,0.0,0.0,1.74,1.74,0.26,14.12,34.16,0.23,0.0,79.05,1.26,0.26,11.86,1.74,3.47,1.0,1.0,0.0,9.15,0.69,0.0,2.26,0.0,1
0.0,0.0,1.0,0.0,0.0,0.0,1.91,1.0,1.0,0.18,1.82,0.71,0.0,9.21,2.37,0.0,2.82,1.0,0.91,0.0,2.0,0.0,1.91,1.0,0.0,2.0,0.0,0
0.0,0.17,1.0,0.83,0.0,0.87,1.0,1.83,0.0,3.31,7.44,1.23,0.0,48.76,1.0,1.74,2.65,3.48,2.68,1.21,1.0,0.0,3.65,1.0,0.0,1.35,0.0,0
0.0,0.0,1.0,0.15,0.0,0.0,1.0,1.0,2.56,1.44,4.24,0.53,0.85,34.59,1.85,0.15,4.0,1.15,1.15,0.85,0.85,0.0,1.85,1.0,0.0,1.0,0.15,0
0.0,0.03,1.0,1.0,1.99,0.0,2.0,2.0,3.98,5.98,4.98,0.25,1.0,88.64,4.98,0.01,7.98,1.99,2.67,0.01,1.99,0.0,5.98,0.67,0.0,2.0,1.0,1
0.0,0.01,1.0,0.0,0.0,1.99,1.0,1.0,4.99,2.0,0.01,0.97,0.0,60.12,4.99,3.0,1.99,1.0,1.8,1.0,1.0,0.0,1.0,1.0,0.0,2.0,1.0,0
0.0,0.0,1.0,0.0,0.0,3.53,1.0,1.0,0.0,0.47,7.47,1.24,0.77,12.92,2.53,0.7,4.59,1.23,2.54,0.0,1.0,0.0,2.0,1.0,0.0,1.47,0.0,0
0.0,0.03,1.0,0.0,0.0,0.13,1.0,1.0,0.97,1.95,0.0,1.99,0.0,97.45,5.87,0.25,1.0,1.0,0.18,0.18,1.97,0.0,1.03,1.0,0.0,2.03,0.0,0
0.47,3.07,1.0,0.23,0.47,0.77,1.0,1.0,0.0,0.0,0.23,2.13,0.0,7.67,0.23,1.53,15.32,0.23,0.92,0.77,0.23,0.0,1.47,1.0,0.0,3.3,0.0,0
0.0,0.0,1.0,0.18,0.0,1.65,1.0,1.0,0.18,1.65,7.59,1.38,0.0,62.95,1.53,2.65,0.18,1.82,2.28,0.0,1.35,0.0,2.18,1.0,0.0,2.82,0.0,0
0.0,0.0,2.0,0.0,0.0,3.0,2.0,1.0,0.0,3.0,12.01,0.82,0.0,58.0,2.0,0.0,3.0,1.0,1.42,0.0,1.0,0.0,5.0,0.6,0.0,2.0,0.0,1
0.0,0.0,1.0,0.41,0.0,0.0,1.0,1.0,0.41,0.59,5.68,0.91,0.0,41.45,2.66,0.0,1.0,1.59,1.07,0.59,1.41,0.0,3.0,1.0,0.0,1.0,0.0,0
0.3,0.0,1.0,1.0,0.0,0.0,2.3,1.0,0.0,5.3,10.19,0.24,0.0,74.7,1.0,0.7,2.0,1.7,4.78,1.3,1.0,0.0,3.3,0.77,0.0,3.41,0.59,0
0.0,0.0,1.0,1.0,0.56,1.33,2.0,1.56,1.56,6.67,31.0,0.29,0.89,73.89,2.89,0.0,5.55,1.56,2.38,0.0,0.89,0.0,4.0,1.0,0.0,2.44,0.56,0
0.0,0.0,1.0,0.18,0.0,1.64,1.0,1.0,4.27,1.64,0.18,1.13,0.0,67.29,5.36,2.45,1.82,1.0,1.65,0.82,1.0,0.0,1.55,1.0,0.0,1.82,0.82,0
0.0,0.0,1.24,0.76,0.0,0.0,1.24,1.0,0.76,0.24,1.48,1.62,0.0,83.93,5.8,0.0,1.0,1.0,1.24,0.0,1.0,0.0,3.52,1.0,0.0,1.48,0.0,0
0.0,0.0,1.0,0.43,0.0,1.57,1.0,1.0,6.73,3.73,4.33,0.73,0.0,70.83,3.27,2.57,2.0,1.87,2.41,1.0,0.57,0.0,1.87,1.0,0.0,2.43,1.0,0
0.0,1.0,1.0,2.59,0.0,1.27,1.86,2.73,0.0,7.78,19.87,0.88,0.0,55.3,0.86,0.68,9.64,1.73,5.19,1.77,0.14,0.0,4.59,1.0,0.0,3.0,0.86,0
0.0,0.0,1.0,0.68,0.0,1.28,1.0,1.0,0.68,0.0,2.92,1.73,0.32,68.06,5.72,0.0,2.28,1.0,1.5,0.0,1.0,0.0,3.36,1.0,0.0,1.0,0.32,0
0.0,0.02,1.0,1.0,0.0,0.01,1.0,1.0,0.0,3.98,51.77,0.12,0.0,95.57,1.0,0.01,0.0,1.99,0.2,0.0,0.0,0.0,1.0,1.0,0.0,2.0,0.0,0
0.0,0.0,1.0,0.0,0.0,0.0,1.0,1.0,0.06,0.94,2.83,1.61,0.0,0.0,4.0,0.0,0.0,1.0,1.26,0.94,1.0,0.0,1.0,1.0,0.0,3.0,0.0,0
0.0,0.0,1.0,0.2,0.0,4.6,1.2,1.0,1.0,0.8,1.0,1.66,0.4,50.0,1.6,4.8,0.0,1.8,6.1,4.8,2.0,0.0,1.6,1.0,0.0,1.4,0.0,0
0.74,0.26,1.0,1.0,0.0,2.22,2.0,1.26,2.22,6.48,5.0,0.52,0.74,64.44,1.0,1.48,3.26,2.0,3.9,0.74,1.0,0.0,3.3,0.93,0.0,1.78,0.0,0
0.0,0.0,1.0,1.0,0.0,0.0,1.02,1.03,0.15,4.05,22.83,0.39,0.0,89.86,1.02,1.02,4.15,2.0,2.05,0.0,0.0,0.0,1.03,1.0,0.0,1.02,0.98,0
0.0,0.0,1.0,0.0,0.0,0.0,1.0,1.0,0.9,0.19,0.29,1.29,0.0,3.21,2.9,0.0,0.9,1.0,0.23,0.1,3.81,0.0,1.1,1.0,0.0,2.81,0.0,0
0.0,0.0,1.11,1.49,0.34,0.0,2.0,1.0,1.11,0.69,5.98,0.35,0.89,10.67,5.54,0.34,6.0,1.46,2.62,0.0,1.89,0.0,2.57,0.98,0.0,2.0,2.11,0
0.0,0.52,1.0,1.56,0.0,0.52,1.52,2.04,0.96,5.16,13.4,0.59,0.0,62.08,1.96,0.0,6.2,1.52,2.35,0.0,0.0,0.0,4.04,1.0,0.0,2.52,0.52,0
0.0,0.0,1.0,0.6,0.0,0.6,1.6,1.0,3.63,0.0,3.4,0.62,0.6,60.49,2.0,0.6,12.68,1.4,2.61,0.6,1.4,0.0,4.21,0.63,0.0,2.0,0.6,1
0.0,6.6,1.0,0.0,0.0,4.13,1.0,1.0,0.17,0.0,0.0,3.28,0.0,0.0,2.35,1.65,3.65,1.0,0.93,0.83,0.52,0.0,4.48,0.67,0.0,2.0,0.0,0
0.31,0.0,1.0,0.31,0.0,2.77,1.0,1.0,0.0,1.85,9.77,1.15,0.69,23.4,2.38,2.77,3.38,1.31,6.33,0.0,1.0,0.0,2.0,1.0,0.0,1.62,0.0,0
3.16,0.0,1.0,2.58,0.0,0.0,1.53,2.0,2.37,12.31,25.05,0.17,0.47,81.1,1.95,0.0,9.37,2.0,3.55,1.47,1.0,0.0,7.74,0.78,0.0,2.47,0.0,1
0.0,0.0,1.0,0.0,0.0,0.0,1.0,1.0,0.98,0.02,0.7,1.48,0.0,1.65,2.97,0.0,3.98,1.05,1.99,1.97,2.95,0.0,1.02,1.0,0.0,2.0,0.0,0
0.0,0.0,1.0,0.0,0.0,5.18,1.54,1.0,1.09,2.0,4.91,1.37,0.54,41.0,1.91,1.0,0.0,1.54,2.78,1.09,1.54,0.0,1.46,1.0,0.0,2.37,0.0,0
0.0,0.29,1.0,0.86,0.0,0.0,1.0,1.14,0.86,0.14,1.14,1.77,0.0,100.0,6.14,0.29,0.86,1.14,0.93,0.0,1.0,0.0,3.71,1.0,0.0,1.0,0.0,0
0.0,0.0,1.0,3.75,0.0,0.08,1.0,1.0,0.75,6.92,13.67,0.3,0.0,89.58,1.92,2.0,0.17,1.17,1.84,1.0,0.92,0.0,2.08,1.0,0.0,1.17,0.08,0
0.67,0.0,1.0,2.02,0.0,0.0,1.67,1.0,0.67,10.42,18.42,0.28,0.0,59.22,1.0,0.67,5.71,2.67,2.17,0.33,1.0,0.0,9.06,0.89,0.0,2.35,0.0,1
0.0,0.0,1.0,0.0,0.0,1.57,1.0,1.0,1.22,0.0,2.74,1.63,0.39,0.0,3.0,0.0,2.35,1.0,1.62,0.0,1.0,0.0,2.0,1.0,0.0,1.61,0.0,0
0.0,0.3,1.0,0.0,0.0,0.91,1.0,1.0,1.39,0.0,0.0,3.14,0.0,0.0,2.09,0.61,0.0,0.7,1.0,0.3,0.7,0.0,2.0,1.0,0.0,2.3,0.0,0
0.0,0.0,2.74,1.0,0.26,13.94,5.49,1.13,0.51,0.77,1.51,0.97,5.36,98.59,1.51,0.0,3.64,2.0,2.96,2.61,7.23,1.74,4.26,0.96,0.0,3.74,0.13,1
0.0,0.0,1.0,0.0,0.0,0.0,1.0,1.0,0.0,1.93,2.93,0.95,0.0,31.91,1.97,0.0,0.0,1.03,2.29,1.0,1.97,0.0,1.97,1.0,0.0,1.07,0.0,0
0.0,0.0,1.0,0.0,0.0,0.0,1.0,1.0,0.9,0.0,0.2,2.37,0.0,0.0,2.9,0.0,0.1,1.1,0.05,0.0,1.1,0.0,1.1,1.0,0.0,2.9,0.0,0
0.5,1.01,1.0,3.02,0.0,0.0,2.0,1.99,3.5,6.02,16.55,0.24,0.0,73.1,1.5,0.0,13.06,2.0,2.54,0.5,0.5,0.0,11.04,0.81,0.0,2.0,0.0,1
0.0,6.84,1.0,0.0,0.0,4.71,1.0,1.0,0.0,0.29,0.87,3.38,0.0,5.95,2.15,1.85,3.42,1.0,1.16,0.85,0.15,0.0,4.56,0.66,0.0,2.29,0.0,0
0.0,0.0,1.0,0.54,0.0,1.82,1.54,1.0,0.54,0.54,3.73,0.93,1.54,27.23,3.54,0.0,4.91,1.0,3.62,2.18,2.63,0.0,3.09,0.73,0.0,1.54,0.0,0
0.88,0.0,1.0,1.0,0.0,0.35,1.0,1.0,0.12,5.54,14.85,0.38,0.35,72.08,1.23,0.23,1.88,1.88,7.8,0.0,1.0,0.0,2.35,0.98,0.0,2.88,0.0,0
0.58,1.16,1.0,1.0,1.16,0.42,1.42,5.65,11.13,6.93,13.77,0.25,0.0,80.45,3.42,4.16,12.74,1.58,2.17,0.0,0.0,0.0,5.68,0.7,0.0,1.84,1.0,1
0.0,0.0,1.0,0.04,0.0,0.12,2.0,1.0,1.0,0.0,1.96,0.59,0.08,2.0,2.08,0.0,2.88,1.0,1.14,0.0,2.0,0.0,2.08,1.0,0.0,2.04,0.0,0
0.0,6.06,1.0,0.37,0.0,5.69,1.37,1.37,0.0,1.84,1.84,4.14,0.0,22.06,2.26,1.26,4.0,2.0,1.88,0.63,0.37,0.0,5.74,0.77,0.0,2.1,0.63,1
0.0,0.52,1.0,0.48,0.0,0.0,2.04,1.0,3.09,0.52,0.48,0.77,0.0,47.87,3.96,0.0,4.65,1.0,1.96,0.52,2.52,0.0,1.96,1.0,0.0,1.48,0.0,0
0.0,0.0,1.0,0.08,0.0,2.75,1.0,1.0,0.25,1.92,5.5,1.56,0.08,41.75,3.25,0.92,0.17,1.0,1.36,0.08,1.08,0.0,2.17,1.0,0.0,3.92,0.0,0
0.0,0.0,1.0,0.24,0.0,0.0,1.24,1.0,1.24,1.45,3.62,1.16,0.0,21.49,3.28,0.24,1.76,1.0,0.99,0.0,2.28,0.0,2.0,1.0,0.0,1.76,0.0,0
0.0,0.0,1.0,0.4,0.0,0.0,1.6,2.2,1.8,1.6,7.6,0.59,0.0,61.39,1.0,0.0,2.6,2.0,3.92,0.6,1.0,0.0,2.2,1.0,0.0,2.4,0.0,0
0.67,0.0,1.0,2.33,0.0,0.0,2.0,1.0,1.33,11.99,20.33,0.19,0.0,88.33,1.0,1.0,5.66,2.33,3.16,0.0,0.67,0.0,8.66,0.89,0.0,2.33,0.0,1
0.0,0.0,1.0,1.0,0.0,1.34,1.0,1.0,0.0,1.0,4.33,1.11,0.0,56.97,1.0,0.67,1.33,2.0,4.17,0.0,1.67,0.0,1.0,1.0,0.0,2.33,0.0,0
0.31,0.61,1.0,1.84,0.0,6.24,1.31,1.0,1.23,3.07,8.37,2.27,0.0,27.95,1.31,0.0,9.84,2.0,0.75,0.0,0.69,0.0,7.91,0.89,0.0,2.0,0.0,1
0.64,1.28,1.0,1.0,1.64,0.0,1.36,6.48,11.6,6.88,26.2,0.08,0.0,81.48,2.64,3.2,12.56,2.0,1.61,0.0,0.0,0.0,4.0,0.84,0.0,1.36,1.0,1
0.0,0.0,1.0,0.14,0.0,3.42,1.0,1.0,0.43,0.14,5.99,1.23,1.0,7.24,2.58,0.86,3.71,1.0,3.05,0.14,1.14,0.0,2.29,1.0,0.0,1.29,0.0,0
0.0,0.0,1.0,0.29,0.0,0.0,1.29,1.59,4.77,2.77,5.24,0.32,0.0,24.19,2.71,0.59,10.88,1.29,3.18,1.41,1.41,0.0,2.29,0.65,0.0,2.0,1.41,0
0.0,0.0,1.0,0.0,0.0,0.0,1.3,1.3,0.3,1.3,29.83,0.26,0.0,82.81,1.0,0.0,3.0,3.4,1.9,0.3,0.3,0.0,2.3,1.0,0.0,2.0,0.0,0
0.0,0.0,1.0,0.0,0.0,4.8,1.8,1.0,0.0,0.0,7.0,0.6,1.8,0.0,3.0,0.0,7.4,1.0,2.57,0.0,1.0,0.0,2.8,1.0,0.0,1.0,0.2,0
0.0,0.0,1.0,0.13,0.0,2.61,1.0,1.0,0.13,0.0,1.0,4.9,0.0,13.1,3.13,0.13,0.13,1.0,0.2,0.0,0.39,0.0,2.13,1.0,0.0,1.0,0.0,0
1.05,0.0,1.0,0.47,23.72,0.47,1.0,1.0,4.26,2.84,27.92,0.25,0.0,40.2,1.0,0.95,1.47,1.95,3.33,0.47,0.0,0.0,4.05,1.0,0.0,1.95,0.47,0
0.0,0.0,1.0,0.22,0.0,0.0,1.0,1.0,2.57,0.78,1.78,0.71,0.0,21.53,3.86,0.0,8.06,1.0,3.04,1.57,1.78,0.0,2.43,0.61,0.0,1.78,1.57,0
0.0,0.0,1.0,0.51,0.0,1.02,2.02,1.0,0.51,3.06,4.57,1.19,1.02,37.18,1.51,0.51,6.62,1.49,3.04,1.0,1.0,0.0,3.04,1.0,0.0,2.49,0.0,0
0.0,0.0,1.0,0.26,0.0,0.0,1.0,1.0,0.26,2.97,7.68,0.79,0.0,81.44,4.26,1.48,1.0,1.0,1.97,0.0,1.26,0.0,2.26,1.0,0.0,2.0,0.0,0
0.0,0.0,1.0,1.0,0.0,0.0,1.0,1.0,0.75,3.25,17.27,0.45,0.25,80.04,2.25,0.75,3.5,1.75,1.95,0.25,0.5,0.0,1.75,1.0,0.0,1.5,0.75,0
0.37,0.83,1.0,0.37,0.0,6.45,2.0,1.0,1.91,3.66,5.38,1.05,0.91,45.42,1.0,0.91,0.83,2.0,4.0,1.82,1.91,0.0,1.46,0.98,0.0,1.09,0.0,0
0.0,0.0,1.0,1.0,0.0,0.0,1.0,1.0,1.87,0.87,3.62,0.78,0.0,70.34,3.26,0.0,1.0,1.0,1.29,0.0,0.26,0.0,2.13,1.0,0.0,2.74,0.0,0
0.0,0.0,1.0,0.65,0.0,0.0,1.65,1.65,1.35,1.65,10.14,0.48,0.0,62.59,2.35,0.0,10.08,1.65,3.07,0.65,0.65,0.0,5.59,0.72,0.0,2.0,0.0,0
0.0,0.0,1.0,0.37,0.0,2.0,1.0,1.0,3.14,3.12,4.46,1.07,0.0,68.93,3.88,1.88,2.37,1.0,3.92,1.0,1.0,0.0,1.0,1.0,0.0,2.0,0.63,0
0.0,0.0,1.46,0.0,0.0,3.7,2.39,1.0,3.46,1.46,1.07,0.46,0.93,28.71,3.0,0.0,6.3,1.0,2.86,1.54,1.54,0.0,2.0,0.5,0.0,1.54,1.07,1
0.0,0.0,1.0,0.14,0.0,0.0,1.14,1.0,0.86,2.42,1.25,1.67,0.0,96.54,5.31,0.14,1.14,1.14,0.51,0.14,1.86,0.0,1.28,0.95,0.0,2.28,0.0,0
0.23,0.0,1.0,0.23,0.0,5.41,1.77,1.0,1.55,2.91,6.73,0.97,0.77,48.96,1.0,0.77,0.45,2.0,4.99,1.55,1.77,0.0,1.23,1.0,0.0,1.45,0.0,0
1.76,1.24,1.0,0.36,0.0,2.64,2.0,4.0,0.61,8.64,12.88,0.8,0.0,83.85,2.0,0.24,6.51,1.24,2.58,0.0,0.0,0.0,3.36,0.98,0.0,2.0,1.12,0
1.0,0.24,1.0,1.61,0.0,0.0,2.88,1.0,0.49,6.49,14.47,0.16,0.0,76.08,1.12,0.0,4.56,1.12,6.82,1.76,0.88,0.0,5.83,0.96,0.0,2.0,1.76,0
0.76,0.0,1.0,0.76,0.0,2.29,2.0,1.0,2.53,5.35,4.29,0.58,0.76,50.49,1.24,1.53,3.0,1.76,3.46,0.76,1.24,0.0,2.0,1.0,0.0,1.24,0.0,0
0.0,0.76,1.0,0.0,0.0,3.81,1.0,1.0,0.24,0.0,0.0,3.99,0.0,0.0,0.95,0.76,0.0,0.24,0.0,0.0,0.24,0.0,1.0,1.0,0.0,1.48,0.0,0
0.0,0.0,1.0,0.33,0.0,0.0,1.0,1.0,1.0,0.0,0.33,1.59,0.0,32.54,4.98,0.0,1.67,1.0,0.33,0.0,2.35,0.0,2.65,1.0,0.0,1.67,0.0,0
0.0,0.0,1.6,0.7,0.0,1.4,2.21,1.0,0.0,3.49,9.59,0.92,0.6,58.66,1.7,0.0,5.71,1.3,6.67,1.3,2.81,0.3,2.21,1.0,0.0,2.0,0.3,0
0.0,1.21,1.0,0.0,0.0,3.96,1.0,1.6,0.4,0.6,2.4,2.56,0.0,60.39,1.79,1.21,0.79,2.0,1.59,0.4,1.0,0.0,2.0,1.0,0.0,1.79,0.0,0
0.0,0.0,1.0,0.47,0.0,0.0,1.0,1.0,2.07,0.53,1.0,0.97,0.53,60.05,3.4,0.0,2.6,1.0,1.0,0.53,1.47,0.0,2.47,1.0,0.0,1.47,0.0,0
0.0,0.0,1.0,0.0,0.0,0.0,1.11,1.0,4.56,0.89,0.11,0.67,0.0,53.42,4.67,2.0,1.78,1.0,1.59,0.11,1.0,0.0,1.11,1.0,0.0,2.11,0.0,0
0.0,0.0,1.0,0.17,0.0,0.0,1.0,1.0,1.0,0.0,0.17,3.08,0.0,16.72,4.5,0.0,0.17,1.0,0.17,0.0,1.0,0.0,1.5,1.0,0.0,2.67,0.0,0
0.0,0.0,1.0,0.12,0.0,0.12,1.12,1.0,3.0,2.19,3.13,0.55,0.88,32.47,2.24,0.36,4.83,1.0,1.15,0.88,0.88,0.0,2.71,0.96,0.0,1.24,0.12,0
0.0,0.0,1.0,0.57,0.0,0.0,1.0,1.0,1.0,0.0,0.57,1.69,0.0,56.62,5.7,0.0,1.43,1.0,0.57,0.0,1.87,0.0,3.13,1.0,0.0,1.43,0.0,0
0.29,0.0,1.0,0.71,0.57,0.0,2.57,1.0,4.43,4.71,11.28,0.19,0.29,75.71,2.71,0.29,12.85,1.71,3.98,0.29,0.29,0.0,9.14,0.76,0.0,2.71,0.71,1
0.0,0.0,1.0,0.84,0.0,1.69,1.0,1.0,0.78,4.37,10.12,1.14,0.0,80.25,2.47,0.31,2.84,1.0,6.58,0.84,1.0,0.0,1.0,1.0,0.0,2.0,0.0,0
0.0,0.0,1.0,0.12,0.0,3.51,1.0,1.0,0.12,0.0,6.26,1.36,0.88,12.34,2.25,1.0,3.63,1.0,3.07,0.0,1.25,0.0,2.12,1.0,0.0,1.0,0.0,0
0.0,0.0,1.0,0.0,0.0,0.55,1.45,1.89,1.34,1.45,4.68,1.25,0.0,24.6,1.55,0.55,1.34,1.45,2.28,1.55,1.55,0.0,1.89,1.0,0.0,2.0,0.0,0
0.0,0.0,1.24,0.76,0.0,4.18,1.71,1.0,5.53,2.76,0.0,0.64,2.0,65.06,3.76,9.17,1.24,1.0,5.31,1.0,1.0,0.0,2.76,0.88,0.0,2.53,0.0,0
1.25,0.0,1.75,0.37,0.0,5.99,3.5,1.0,0.0,6.26,4.75,0.54,2.25,82.48,1.63,0.0,6.75,2.0,4.46,1.12,3.62,0.75,4.0,1.0,0.0,2.75,0.63,0
0.99,1.97,1.0,1.0,1.97,0.0,1.0,8.9,16.8,3.95,9.89,0.11,0.0,75.31,3.01,4.95,13.84,1.99,2.13,0.0,0.04,0.0,3.99,0.75,0.0,1.01,0.99,1
0.8,0.0,1.0,0.8,0.0,3.4,2.0,1.0,2.41,5.61,5.4,0.54,1.2,52.91,1.4,1.6,3.99,1.8,3.89,0.8,1.0,0.0,2.2,1.0,0.0,1.0,0.0,0
0.0,0.93,1.0,0.93,0.0,0.33,1.93,1.93,0.07,4.74,4.74,0.44,0.0,59.34,1.0,0.39,3.74,2.0,3.23,0.39,1.07,0.0,6.61,0.73,0.0,3.8,0.0,0
1.17,0.0,1.0,0.41,26.43,0.0,1.41,1.0,0.83,2.48,32.03,0.14,0.0,36.72,1.0,0.41,1.0,1.0,3.72,0.0,0.0,0.0,3.76,1.0,0.0,1.0,0.0,0
0.0,3.1,1.0,0.0,0.0,0.78,1.0,1.0,0.0,0.45,0.67,2.25,0.0,7.42,0.45,1.55,2.33,0.22,1.3,1.0,0.45,0.0,1.22,1.0,0.0,3.33,0.0,0
0.0,0.0,1.0,0.0,0.0,0.0,1.14,1.29,0.43,1.14,5.43,0.94,0.0,24.14,1.0,0.0,3.0,2.0,1.41,0.14,1.0,0.0,1.29,1.0,0.0,2.0,0.0,0
0.0,0.0,1.0,1.0,0.0,0.0,1.0,1.97,4.86,5.8,3.9,0.25,0.97,70.06,3.07,0.0,1.97,1.97,3.36,1.93,1.03,0.0,3.0,1.0,0.0,2.93,0.0,0
0.0,0.0,1.74,9.56,2.21,0.0,1.74,1.0,1.47,4.68,22.66,0.36,0.0,73.44,1.74,2.21,5.21,4.21,8.58,0.0,1.0,0.0,5.41,0.89,0.0,2.0,2.21,0
0.0,0.0,1.0,0.0,0.0,4.73,1.95,1.0,0.0,0.05,7.11,0.4,1.89,0.0,2.89,0.0,7.63,1.05,2.49,0.05,1.0,0.0,3.0,1.0,0.0,1.0,0.0,0
0.0,0.0,1.0,0.4,0.0,0.6,1.0,1.0,1.2,3.4,31.6,0.33,0.0,83.4,1.0,0.6,5.4,2.0,1.1,0.0,0.0,0.0,5.2,0.7,0.0,2.0,0.0,1
0.0,1.99,1.0,0.0,0.0,0.03,1.0,1.99,0.0,0.99,2.03,1.23,0.01,99.31,1.01,1.99,0.04,1.99,0.51,0.0,1.0,0.0,2.0,1.0,0.0,1.0,0.0,0
0.0,0.35,1.0,1.04,0.0,0.35,1.35,1.69,0.0,5.74,14.51,0.46,0.0,71.18,2.96,1.31,4.47,1.35,2.88,0.0,0.65,0.0,3.04,1.0,0.0,2.35,0.35,0
2.0,0.71,1.0,0.0,13.15,2.12,1.71,3.12,0.0,6.37,19.23,0.65,0.0,58.75,1.71,0.0,5.25,1.0,2.95,0.0,0.0,0.0,3.58,1.0,0.0,1.71,0.71,0
0.0,0.0,1.0,0.0,0.0,0.0,1.0,1.0,3.0,1.0,2.0,0.4,0.0,0.0,3.0,0.0,9.98,1.0,3.59,2.0,2.0,0.0,2.0,0.5,0.0,2.0,2.0,0
0.0,0.0,1.54,0.0,0.0,4.33,2.63,1.0,4.46,1.54,0.0,0.57,1.08,61.08,3.92,0.92,2.0,1.0,1.82,0.54,1.0,0.0,1.54,0.73,0.0,1.46,0.0,0
0.0,0.0,1.0,1.0,1.87,0.0,1.93,1.93,3.74,5.67,5.0,0.29,0.93,88.41,4.8,0.0,7.48,1.93,2.81,0.0,1.93,0.0,5.74,0.69,0.0,1.93,0.93,1
0.0,0.0,1.0,0.72,0.0,2.57,1.0,1.0,0.0,3.58,10.58,1.3,0.28,60.21,2.28,0.0,3.57,1.0,6.1,0.72,1.0,0.0,1.28,1.0,0.0,1.72,0.28,0
0.0,0.0,1.0,0.61,0.0,3.39,1.61,1.0,1.78,0.39,1.78,0.58,2.0,36.67,3.61,0.0,0.0,1.0,3.39,0.0,2.39,0.0,2.82,1.0,0.0,3.0,0.0,0
0.3,0.59,1.0,1.78,0.0,0.7,1.3,1.0,1.19,3.68,8.84,1.45,0.0,27.06,2.0,0.7,6.84,1.3,2.13,1.41,1.41,0.0,6.35,0.89,0.0,2.0,0.0,0
0.0,0.0,1.0,0.46,0.0,0.54,1.0,1.0,0.46,0.54,1.54,1.74,0.0,45.81,3.37,0.54,0.46,1.0,1.54,1.08,2.0,0.0,1.92,1.0,0.0,2.0,0.0,0
0.54,0.0,1.0,0.54,0.0,1.85,2.08,1.0,0.0,3.23,10.23,0.71,0.46,39.84,1.92,0.0,2.92,1.0,5.19,1.08,1.0,0.0,3.08,1.0,0.0,1.54,1.08,0
0.0,0.0,1.0,0.64,0.0,0.0,1.64,1.64,0.64,1.28,10.38,0.55,0.0,40.81,2.0,0.0,10.65,2.0,3.35,0.64,1.36,0.0,5.55,0.61,0.0,2.0,0.0,1
0.0,0.0,1.0,1.0,0.0,1.22,2.22,1.0,1.0,3.67,5.28,0.81,1.22,83.5,2.78,1.0,8.34,1.0,3.64,0.61,1.78,0.0,4.22,1.0,0.0,1.61,0.0,0
0.0,0.0,1.76,0.0,0.0,3.24,1.76,1.0,0.71,2.53,9.88,0.76,0.47,48.11,2.24,0.0,2.29,1.0,1.48,0.0,1.47,0.0,4.06,0.69,0.0,2.24,0.0,0
3.94,8.85,1.0,3.94,0.0,0.98,1.98,1.0,1.06,19.69,18.69,0.21,0.0,88.53,1.06,0.03,8.89,1.98,3.99,0.0,1.0,0.0,5.92,0.84,0.0,2.0,0.0,1
0.0,7.53,1.0,0.0,0.0,4.71,1.06,1.0,0.06,0.0,0.06,3.58,0.0,0.0,2.06,1.88,3.83,1.0,1.15,1.0,0.12,0.0,4.77,0.62,0.0,2.06,0.0,1
3.68,8.28,1.0,3.68,0.0,1.0,1.92,1.0,0.92,19.12,19.0,0.23,0.0,88.92,1.0,0.0,8.76,2.0,3.84,0.0,1.0,0.0,6.0,0.81,0.0,2.0,0.0,1
0.0,1.06,1.0,0.0,0.0,0.0,2.87,1.06,4.68,1.0,0.13,0.22,0.0,6.5,2.87,0.13,7.48,1.06,2.68,0.94,2.87,0.0,1.06,1.0,0.0,1.0,0.0,0
0.0,0.72,1.57,0.0,0.0,0.0,3.57,1.0,3.58,0.72,1.14,0.16,0.57,0.0,2.43,0.0,9.14,1.28,3.38,1.28,4.14,0.28,2.14,1.0,0.0,1.28,0.28,0
0.0,0.72,1.0,1.0,0.0,0.0,1.72,3.45,3.62,8.35,11.9,0.18,0.0,74.22,1.72,0.0,3.72,2.55,2.66,0.0,1.0,0.0,1.83,1.0,0.0,1.0,0.0,0
0.0,0.0,1.0,0.58,0.0,0.0,1.0,1.0,1.27,2.73,30.36,0.3,0.42,65.88,1.42,0.0,1.7,1.58,0.53,0.42,0.42,0.0,1.42,1.0,0.0,1.58,0.0,0
0.0,0.0,1.0,0.0,0.0,0.59,1.0,1.0,1.24,5.69,11.55,0.6,0.41,61.94,1.41,0.0,5.17,1.59,1.37,0.41,1.0,0.0,4.35,0.71,0.0,1.59,0.0,0
0.0,0.0,1.0,0.48,0.0,5.07,2.0,1.0,1.52,1.04,2.56,0.88,1.48,45.33,2.44,0.52,0.0,1.52,4.24,1.04,2.0,0.0,2.44,1.0,0.0,1.96,0.0,0
1.53,0.0,1.0,0.24,0.0,0.71,1.76,1.0,0.24,8.1,6.76,0.23,0.71,64.88,2.24,0.47,7.1,1.76,4.92,0.0,1.0,0.0,4.24,0.95,0.0,2.0,0.76,0
0.0,0.0,1.0,0.87,0.0,0.87,1.87,1.0,5.36,0.26,2.62,0.5,0.87,100.0,2.51,0.87,16.7,1.0,2.91,0.87,1.13,0.0,4.49,0.65,0.0,2.0,0.87,1
0.98,0.0,1.0,1.0,0.0,0.0,2.96,1.0,0.02,5.89,12.78,0.18,0.0,74.48,1.07,0.0,1.98,1.0,7.31,1.96,1.02,0.0,3.98,1.0,0.0,2.0,1.96,0
0.0,1.67,1.0,0.0,0.0,2.87,1.0,1.0,0.0,0.0,0.0,4.53,0.0,0.0,0.4,4.46,0.87,0.13,11.25,11.25,0.87,0.0,2.0,1.0,0.0,2.87,0.0,0
0.0,0.0,1.0,0.0,0.0,0.47,1.0,1.0,0.0,0.0,3.06,1.84,0.0,0.0,1.53,1.41,2.06,2.0,1.73,0.47,1.06,0.0,2.06,0.82,0.0,2.0,0.0,0
0.0,0.0,1.0,0.0,0.0,0.0,1.0,1.0,4.62,1.0,0.38,0.64,0.0,56.9,4.7,1.85,2.08,1.08,1.57,0.0,1.0,0.0,1.0,1.0,0.0,2.0,0.0,0
0.0,0.0,1.0,1.0,0.0,1.37,1.0,1.31,0.0,1.94,4.88,0.91,0.0,52.82,1.0,0.69,1.63,2.63,2.85,0.0,1.69,0.0,1.94,1.0,0.0,1.69,0.0,0
0.0,0.0,1.0,0.0,0.0,2.49,1.0,1.0,0.38,0.0,4.35,1.69,0.62,0.0,3.0,0.0,3.73,1.0,1.6,0.0,1.0,0.0,1.62,1.0,0.0,1.76,0.0,0
0.0,0.0,1.0,1.0,0.0,1.8,1.0,1.0,0.4,1.2,6.4,1.28,0.0,77.79,3.4,0.0,2.8,1.6,1.54,0.0,0.4,0.0,2.8,1.0,0.0,1.6,0.0,0
0.0,0.0,1.0,0.57,0.0,0.43,1.0,1.0,0.0,2.7,30.37,0.92,0.0,54.47,1.43,0.43,0.0,1.57,0.97,0.87,0.87,0.0,1.0,1.0,0.0,2.0,0.0,0
0.0,0.0,1.0,0.0,0.0,0.0,1.0,1.0,0.15,0.85,7.66,0.92,0.0,0.0,1.45,0.0,0.85,1.85,0.95,0.85,1.0,0.0,2.7,1.0,0.0,1.3,0.0,0
0.0,0.0,1.0,0.79,0.0,2.38,1.0,1.0,0.79,2.41,6.83,0.33,2.38,48.82,3.21,2.0,1.0,1.0,3.31,0.0,1.0,0.0,4.38,0.84,0.0,2.0,0.0,0
2.69,6.05,1.0,3.02,0.0,0.67,1.67,1.0,1.0,13.44,13.1,0.74,0.0,92.61,2.97,0.0,6.38,1.67,3.04,0.0,1.0,0.0,5.34,0.89,0.0,1.67,0.0,0
0.0,0.0,1.0,0.92,0.0,1.83,1.08,1.0,0.08,4.75,11.15,1.18,0.0,79.67,2.08,0.0,3.0,1.0,7.15,1.0,1.0,0.0,1.0,1.0,0.0,1.92,0.0,0
0.0,4.73,1.0,0.0,0.0,1.52,1.0,1.0,0.0,0.0,0.0,3.63,0.0,0.0,0.0,2.24,1.48,0.0,2.05,1.24,0.0,0.0,2.0,1.0,0.0,2.76,0.0,0
0.0,1.99,1.0,0.5,0.0,0.0,1.0,1.0,0.0,2.01,26.07,0.94,0.0,48.12,0.5,1.0,0.5,1.0,0.1,0.0,0.0,0.0,1.5,1.0,0.0,2.5,0.0,0
0.0,0.0,1.68,0.32,0.0,2.35,2.0,1.0,1.94,2.03,9.09,0.65,0.32,71.59,2.0,0.32,8.18,1.0,2.04,0.32,1.0,0.0,5.0,0.6,0.0,2.0,0.32,1
0.0,0.17,1.0,0.83,0.0,0.52,1.83,1.83,0.83,1.65,11.57,1.02,0.0,52.9,1.65,0.87,12.57,1.65,5.89,3.08,1.0,0.0,6.13,0.65,0.0,2.17,0.0,1
0.0,0.73,1.0,0.0,0.55,2.18,1.55,1.0,0.55,0.55,1.37,3.54,0.27,23.34,0.55,3.63,1.82,0.27,11.2,10.53,1.0,0.0,1.73,1.0,0.0,2.73,0.0,0
0.0,0.0,1.0,0.99,0.99,0.0,1.99,1.99,1.99,11.86,54.34,0.08,0.0,91.89,2.01,0.0,9.88,1.99,0.68,0.0,0.01,0.0,3.96,1.0,0.0,2.01,0.99,0
0.84,0.0,1.0,0.84,0.0,1.68,1.84,1.0,0.47,1.84,18.68,0.44,0.16,50.26,2.0,0.0,1.47,1.84,4.81,1.84,1.0,0.0,2.84,1.0,0.0,1.84,0.84,0
1.23,2.77,1.0,1.23,0.0,0.31,1.31,1.0,1.0,8.22,9.99,0.4,0.0,56.44,1.69,0.69,2.77,1.31,3.32,0.69,1.0,0.0,2.54,0.95,0.0,2.69,0.0,0
0.0,0.58,1.0,0.0,0.0,2.9,1.0,1.0,1.26,0.42,0.84,2.6,0.0,0.0,1.26,0.58,4.2,0.42,1.51,0.84,0.84,0.0,1.42,0.79,0.0,1.42,0.84,0
0.0,0.0,1.0,0.0,0.0,0.0,1.1,1.19,0.29,0.19,4.39,1.03,0.0,5.34,1.9,0.0,3.0,2.0,1.61,0.1,1.9,0.0,3.0,0.7,0.0,2.0,0.0,0
0.0,0.66,1.0,0.0,0.69,3.28,1.69,1.0,0.69,0.69,1.72,3.62,0.34,29.29,1.34,6.55,2.03,1.0,6.8,5.97,1.0,0.0,1.66,1.0,0.0,2.66,0.0,0
0.0,0.88,1.0,2.76,0.24,0.88,2.0,2.88,0.48,8.64,20.85,0.26,0.12,66.99,1.48,0.0,10.64,2.0,3.8,0.0,0.24,0.0,5.12,0.96,0.0,2.88,1.0,0
0.0,0.0,1.0,0.0,0.0,0.0,2.0,1.21,1.0,4.38,6.38,0.28,0.0,63.51,1.0,0.0,0.62,2.79,2.28,1.0,1.0,0.0,1.41,1.0,0.0,1.21,0.0,0
0.0,0.0,1.0,0.91,0.0,3.38,1.09,1.0,5.62,2.91,0.38,0.72,1.91,63.65,3.72,10.97,0.91,1.09,6.11,1.09,1.09,0.0,2.81,1.0,0.0,2.81,0.0,0
0.03,0.0,1.0,0.03,0.0,4.95,1.03,1.0,1.05,1.16,1.11,1.89,0.03,50.44,1.0,5.89,0.08,2.0,6.44,5.86,1.97,0.0,1.03,1.0,0.0,1.0,0.0,0
0.0,0.0,1.0,1.0,0.8,4.0,2.2,1.0,0.6,0.0,1.8,1.42,0.4,73.23,4.6,0.0,1.0,1.4,2.6,1.2,2.6,0.4,3.2,1.0,0.0,1.0,0.0,0
0.12,0.0,1.0,0.88,0.24,0.0,1.36,1.0,0.36,4.0,46.01,0.12,0.12,92.89,1.12,0.12,0.0,1.88,0.73,0.12,0.12,0.0,1.12,1.0,0.0,2.0,0.0,0
0.0,0.0,1.0,0.69,0.0,0.69,1.69,1.0,1.62,1.0,1.31,0.57,2.08,0.0,4.38,3.46,3.77,1.0,5.61,3.38,4.08,0.69,2.69,0.85,0.0,2.0,0.62,0
0.0,1.0,1.0,0.0,0.0,5.0,1.0,1.0,0.0,0.0,0.0,4.71,0.0,0.0,0.42,4.79,0.42,0.42,2.95,2.95,0.42,0.0,1.42,1.0,0.0,1.84,0.0,0
0.0,0.0,1.0,1.0,1.73,0.0,1.86,1.86,3.59,5.18,4.45,0.39,0.86,90.5,4.86,0.0,7.05,1.86,2.44,0.0,2.0,0.0,5.59,0.71,0.0,1.86,0.86,1
0.0,0.0,1.0,0.0,0.0,2.94,1.0,1.0,2.47,0.73,2.2,0.82,1.47,11.76,3.0,0.0,1.06,1.0,1.76,0.53,3.0,0.0,1.0,1.0,0.0,2.73,0.0,0
0.0,0.18,1.0,0.18,0.0,0.0,1.18,1.18,2.45,1.73,2.55,0.39,0.0,10.91,2.64,0.0,8.91,1.18,3.49,1.64,1.82,0.0,2.91,0.54,0.0,2.36,1.64,0
0.0,0.0,1.0,2.8,0.0,0.0,2.9,1.89,0.89,1.77,12.65,0.22,0.9,62.42,1.89,0.0,13.54,2.0,5.03,1.0,1.23,0.0,6.44,0.62,0.0,1.89,0.11,1
0.0,0.0,1.0,0.93,0.0,0.0,1.0,1.0,0.07,0.93,4.64,0.87,0.0,74.24,2.07,0.0,0.07,1.0,4.45,0.0,1.22,0.0,1.93,1.0,0.0,1.14,0.0,0
0.0,0.0,2.99,0.0,0.0,0.0,4.98,1.0,0.0,0.0,3.99,0.2,1.99,0.0,1.0,0.0,11.95,2.0,4.74,2.0,6.98,1.0,4.98,1.0,0.0,2.0,1.0,0
0.0,0.98,1.0,0.98,0.0,0.05,1.98,1.98,0.0,4.91,4.93,0.43,0.0,58.95,1.03,0.0,3.93,1.98,2.95,0.0,0.98,0.0,6.91,0.72,0.0,3.95,0.0,1
0.0,0.57,1.0,0.0,0.0,2.71,1.0,1.0,0.0,0.0,0.86,5.01,0.0,0.0,2.57,0.29,0.43,0.86,0.14,0.14,0.0,0.0,1.86,1.0,0.0,1.43,0.0,0
0.0,0.0,1.0,12.77,0.0,1.49,7.76,1.0,0.75,0.5,3.0,0.42,6.01,52.74,1.25,0.0,2.25,1.75,7.98,1.0,2.5,0.0,1.75,1.0,0.0,1.0,0.75,0
0.0,0.0,1.0,0.95,0.0,0.29,1.95,1.0,0.15,4.85,8.85,0.32,0.0,74.32,1.05,0.95,2.05,1.95,3.58,1.0,1.0,0.0,2.9,0.68,0.0,3.85,0.0,0
3.67,3.39,1.0,0.0,0.0,1.22,1.61,4.67,3.06,14.06,33.01,0.81,0.0,56.25,1.22,2.0,27.9,1.22,2.43,0.0,0.61,0.0,11.17,0.71,0.0,3.0,0.61,1
1.54,0.0,1.0,1.02,0.0,2.23,1.26,1.26,0.0,4.61,12.02,4.05,0.0,23.57,2.49,0.0,4.1,1.26,0.93,0.26,0.26,0.0,4.56,0.89,0.0,1.26,0.0,0
0.0,0.0,1.0,0.02,0.0,0.0,1.0,1.0,2.96,0.98,1.98,0.42,0.0,2.04,3.04,0.0,9.82,1.0,3.55,1.96,2.0,0.0,2.02,0.51,0.0,2.0,1.96,0
0.0,0.0,1.0,0.84,1.69,8.45,3.69,1.0,0.16,0.0,3.0,0.69,1.0,27.87,1.78,0.0,1.78,1.84,4.46,2.53,4.53,0.84,2.0,1.0,0.0,1.16,0.31,0
0.0,0.0,1.0,0.84,0.0,0.32,1.0,1.0,0.84,0.32,2.29,1.78,0.0,92.74,6.03,0.48,0.84,1.16,1.23,0.0,1.0,0.0,3.68,1.0,0.0,1.32,0.0,0
0.0,0.0,1.0,0.0,0.0,0.98,1.02,1.0,0.02,0.98,2.02,1.97,0.02,0.0,2.08,0.98,0.12,1.0,1.99,1.96,2.0,0.0,1.02,1.0,0.0,2.0,0.04,0
1.46,1.09,1.0,0.73,1.46,0.54,1.0,1.0,0.0,0.0,0.73,1.52,0.0,24.02,0.73,0.54,41.03,0.73,0.96,0.27,0.73,0.0,2.73,1.0,0.0,1.54,0.0,0
0.05,0.0,1.0,1.0,0.05,0.98,1.98,1.0,5.86,0.0,2.95,0.3,0.98,98.4,1.98,0.98,19.89,1.0,3.27,0.98,1.0,0.0,4.95,0.61,0.0,1.98,0.98,1
0.0,0.0,1.0,0.0,0.0,1.04,1.21,1.0,0.0,0.79,5.42,0.9,0.42,15.03,1.42,0.0,4.04,1.79,1.49,0.0,1.0,0.0,1.42,1.0,0.0,1.79,0.0,0
0.0,0.0,1.0,0.8,0.0,0.6,1.0,1.0,0.0,0.8,4.21,1.06,0.0,64.12,2.0,0.0,0.4,1.0,3.85,0.0,1.79,0.0,1.8,1.0,0.0,1.0,0.2,0
0.0,0.0,1.0,1.0,0.0,3.0,1.0,1.0,1.0,2.0,6.0,0.27,3.0,42.0,3.0,2.0,1.0,1.0,3.57,0.0,1.0,0.0,5.0,0.8,0.0,2.0,0.0,0
0.6,0.0,1.0,0.6,0.0,0.0,2.21,1.0,0.0,4.02,9.84,0.51,0.0,52.25,1.0,0.0,2.4,1.4,4.97,1.21,1.0,0.0,2.81,1.0,0.0,2.0,1.21,0
0.0,0.0,3.47,0.18,0.0,1.35,4.3,1.0,2.47,1.18,8.35,0.29,0.0,70.42,2.65,0.82,0.7,1.18,2.21,0.82,0.82,0.0,1.18,1.0,0.0,1.18,0.0,0
0.0,0.0,1.0,1.0,0.0,1.62,1.0,1.0,0.19,4.06,9.93,1.36,0.0,87.01,2.94,0.0,2.62,1.0,6.28,0.81,1.0,0.0,1.57,1.0,0.0,1.81,0.0,0
0.0,0.0,1.0,0.04,0.0,3.0,1.0,1.0,0.04,2.0,6.0,1.59,0.13,41.04,3.0,1.04,0.04,1.0,1.43,0.0,1.0,0.0,2.13,0.99,0.0,3.91,0.0,0
0.0,0.0,1.0,0.55,0.0,0.0,1.45,1.0,1.0,0.9,1.45,1.05,0.0,69.93,4.1,0.0,1.9,1.0,2.05,0.45,1.55,0.0,2.1,1.0,0.0,1.55,0.0,0
0.0,0.0,1.0,0.76,0.0,0.0,1.76,1.0,1.76,4.56,11.39,0.52,0.0,67.6,1.72,0.76,1.24,1.0,3.13,0.0,0.72,0.0,2.0,1.0,0.0,1.24,0.0,0
0.0,0.0,1.0,0.0,0.0,0.0,1.75,1.75,1.0,1.5,3.0,0.71,0.0,37.45,1.5,0.0,3.25,1.75,2.3,1.25,1.5,0.0,2.5,1.0,0.0,2.0,0.0,0
0.53,0.27,1.0,0.73,0.0,0.8,1.27,1.8,0.73,2.39,3.13,1.6,0.0,95.48,5.67,0.0,2.6,1.0,1.47,0.0,0.73,0.0,3.73,1.0,0.0,1.27,0.27,0
0.0,0.83,1.0,2.5,0.0,0.83,2.0,2.67,0.17,8.34,20.35,0.26,0.0,64.5,1.0,0.0,9.18,2.17,3.68,0.17,0.17,0.0,4.34,1.0,0.0,2.67,0.83,0
0.95,0.0,1.0,2.9,0.0,0.0,2.0,1.0,1.05,14.55,22.6,0.18,0.0,88.05,1.0,1.0,7.65,2.9,2.75,0.0,0.95,0.0,11.5,0.84,0.0,2.9,0.0,1
0.0,0.0,1.0,0.0,0.0,2.98,1.0,1.0,1.28,0.26,5.21,1.17,0.74,15.3,3.51,0.51,3.49,1.0,2.32,0.0,1.0,0.0,1.74,1.0,0.0,1.26,0.0,0
0.0,0.0,1.58,0.71,0.0,2.13,2.16,1.0,0.71,1.42,5.42,0.25,2.71,29.8,2.42,1.42,4.2,1.29,3.91,0.58,2.74,0.29,5.0,0.86,0.0,2.0,0.29,0
0.0,2.48,1.0,2.48,0.0,0.0,1.83,3.48,4.48,5.13,34.4,0.32,0.0,84.79,2.17,1.65,2.65,2.65,1.23,0.0,0.0,0.0,5.48,0.86,0.0,2.0,1.65,1
0.0,0.0,1.0,0.02,0.0,0.0,1.0,1.0,0.02,3.94,9.86,0.58,0.0,75.39,4.05,1.97,1.0,1.0,2.28,0.0,1.0,0.0,2.03,1.0,0.0,1.98,0.0,0
0.22,4.66,1.0,0.22,0.0,1.55,1.0,1.0,0.0,1.34,3.56,2.26,0.0,16.91,2.55,0.78,0.45,1.22,1.86,0.0,0.22,0.0,2.0,1.0,0.0,2.22,0.0,0
0.0,0.0,2.63,0.0,0.0,0.56,4.26,1.0,0.0,0.0,3.44,1.16,1.63,0.0,1.37,0.0,9.77,1.81,3.87,1.63,5.7,0.81,4.44,1.0,0.0,1.81,0.81,0
0.0,0.0,1.0,0.0,0.0,2.5,1.0,1.0,0.0,0.33,1.33,4.65,0.0,5.49,2.83,0.0,0.0,1.0,0.39,0.17,0.33,0.0,2.0,1.0,0.0,1.0,0.0,0
0.0,1.74,1.0,0.0,0.0,0.87,1.0,1.0,0.0,0.56,2.82,2.52,0.0,10.73,0.56,0.87,2.13,1.13,1.44,0.44,0.56,0.0,1.44,1.0,0.0,2.44,0.0,0
0.57,0.0,0.57,0.57,0.0,0.0,1.7,1.0,0.0,5.57,7.39,1.22,0.0,42.04,0.57,0.0,1.14,0.57,4.22,1.14,0.57,0.0,3.14,1.0,0.0,2.43,1.14,0
0.0,5.75,1.0,0.28,0.0,3.59,1.0,1.0,0.0,0.28,1.97,2.92,0.0,19.97,1.72,1.44,3.44,1.28,2.46,0.72,0.28,0.0,3.87,0.71,0.0,2.28,0.0,0
0.0,4.11,1.0,0.0,0.0,0.0,1.0,1.0,0.41,0.0,0.0,1.7,0.0,0.0,1.24,1.76,1.76,0.41,1.76,1.17,0.41,0.0,1.59,1.0,0.0,2.41,0.0,0
0.0,0.0,1.0,1.0,0.0,0.0,1.97,1.03,0.0,4.97,9.0,0.27,0.0,74.44,1.0,0.97,2.03,2.07,3.6,0.97,1.0,0.0,3.03,0.68,0.0,3.9,0.0,0
0.0,0.0,1.0,0.46,0.0,0.54,1.46,1.0,2.0,4.38,16.62,0.37,0.0,81.46,1.0,1.0,5.31,1.54,2.82,0.0,0.0,0.0,5.23,0.73,0.0,1.54,0.0,0
0.0,7.05,1.0,0.0,0.0,5.48,1.0,1.0,0.0,0.0,0.0,4.56,0.0,0.0,1.83,2.0,2.83,1.22,0.74,0.61,0.0,0.0,3.83,0.88,0.0,1.78,0.61,0
0.0,0.61,1.0,0.0,0.0,1.84,1.39,1.0,0.39,0.0,0.39,3.4,0.0,0.0,0.77,3.84,0.61,0.39,8.56,8.37,1.0,0.0,2.0,1.0,0.0,3.0,0.0,0
0.0,0.0,1.0,1.0,0.0,0.09,1.0,1.0,0.82,4.18,21.81,0.39,0.0,89.54,1.0,1.09,3.82,2.09,2.15,0.09,0.0,0.0,1.18,1.0,0.0,1.18,1.0,0
0.0,0.0,1.0,0.92,1.84,0.0,1.92,1.92,3.68,5.61,5.0,0.31,0.92,83.49,4.68,0.0,7.61,2.0,2.55,0.0,1.92,0.0,5.61,0.69,0.0,2.0,0.92,1
0.0,0.0,1.0,0.47,0.0,0.53,1.47,1.93,5.26,4.86,15.67,0.32,0.0,78.26,1.47,1.47,10.86,2.0,1.92,0.0,0.0,0.0,5.67,0.73,0.0,2.0,0.0,1
0.39,0.77,1.0,2.32,0.0,0.0,1.39,1.0,1.55,4.48,11.51,0.98,0.0,35.19,3.23,0.0,8.89,1.39,1.76,0.61,0.61,0.0,7.96,0.86,0.0,2.61,0.0,1
0.7,0.0,1.0,0.7,0.0,0.0,2.41,1.0,0.89,4.52,9.44,0.28,0.3,59.46,1.3,0.0,2.59,1.0,5.52,1.7,1.0,0.0,3.41,1.0,0.0,1.7,1.41,0
0.0,0.0,1.0,0.0,0.46,0.77,1.46,1.0,2.0,2.77,15.04,0.43,0.23,77.28,1.23,0.77,7.86,1.77,2.78,0.91,0.23,0.0,6.4,0.61,0.0,2.0,0.0,1
0.33,0.0,1.0,0.33,0.0,0.99,1.33,1.0,3.0,2.99,2.32,0.57,1.0,38.58,1.67,0.66,3.67,1.33,2.07,1.0,1.0,0.0,2.0,1.0,0.0,1.0,0.0,0
0.0,0.0,1.0,0.5,0.0,3.01,1.5,1.0,1.49,1.49,4.03,0.91,0.5,40.11,3.0,0.0,3.03,1.0,2.16,0.0,1.5,0.0,2.5,1.0,0.0,1.5,0.0,0
0.0,0.0,1.0,1.0,0.0,2.97,1.01,1.0,0.05,2.03,10.05,0.89,0.0,63.14,1.02,0.0,4.13,2.0,1.92,0.0,0.0,0.0,2.09,1.0,0.0,2.01,0.01,0
0.0,0.0,1.0,1.0,1.3,0.0,1.65,1.65,2.6,5.3,11.3,0.3,0.65,89.35,3.6,0.35,6.6,2.0,2.45,0.0,1.3,0.0,4.25,0.78,0.0,1.65,1.0,0
0.0,0.0,1.05,0.0,0.0,2.85,1.05,1.0,0.0,1.95,5.85,1.61,0.0,40.59,2.95,0.95,0.05,1.0,1.37,0.0,1.0,0.0,2.0,1.0,0.0,3.95,0.0,0
0.22,0.44,1.0,1.0,0.44,0.0,1.0,2.77,3.75,4.0,20.13,0.32,0.0,86.69,1.44,1.88,6.21,2.0,2.06,0.0,0.0,0.0,1.66,0.94,0.0,1.0,1.0,0
0.0,0.0,1.0,0.0,0.0,1.51,1.0,1.0,3.11,0.62,2.64,0.83,0.38,37.33,4.24,1.24,3.51,1.0,1.97,0.0,1.0,0.0,1.38,1.0,0.0,1.62,0.0,0
0.0,0.0,1.0,0.96,0.0,1.92,1.96,1.0,3.0,2.92,1.04,0.6,0.0,77.59,3.0,0.0,0.42,1.0,1.83,0.08,2.0,0.0,2.96,0.98,0.0,2.0,0.08,0
0.0,0.0,1.0,8.67,0.0,0.49,5.59,1.0,0.0,0.0,2.0,1.39,4.08,25.5,1.0,1.47,1.51,2.0,6.08,1.0,1.53,0.0,1.51,1.0,0.0,1.49,0.51,0
1.97,0.99,1.0,0.67,0.0,0.66,1.33,2.97,2.32,7.57,18.44,1.07,0.0,97.37,4.01,0.66,15.48,1.33,1.98,0.0,1.67,0.0,7.61,0.85,0.0,1.66,0.33,1
0.41,0.59,1.0,1.82,0.0,0.0,2.0,2.77,3.36,12.05,17.1,0.14,0.0,83.28,1.59,0.41,5.64,2.41,2.87,0.0,1.0,0.0,5.51,0.93,0.0,1.82,0.0,0
0.08,0.16,1.0,1.0,0.16,0.0,1.92,1.62,3.17,5.84,14.61,0.21,0.0,87.91,1.16,1.31,2.02,1.08,3.96,0.0,0.0,0.0,2.16,0.98,0.0,1.0,0.08,0
0.0,2.25,1.0,0.44,0.88,4.38,2.31,1.0,0.0,0.0,1.31,1.33,0.44,14.45,0.44,1.12,1.0,0.88,2.19,1.31,2.19,0.44,2.0,1.0,0.0,2.12,0.0,0
0.0,2.0,1.0,0.0,0.0,1.0,1.0,1.0,0.0,0.5,1.0,2.32,0.0,0.0,1.0,1.5,1.5,0.5,1.5,1.5,1.0,0.0,1.0,1.0,0.0,3.0,0.0,0
0.66,1.32,1.0,1.0,1.32,0.68,1.68,6.26,11.53,4.68,9.32,0.17,0.68,74.32,2.66,3.63,13.66,1.66,3.11,0.34,0.34,0.0,4.34,0.84,0.0,1.34,0.66,1
0.7,0.0,1.0,0.65,15.84,0.0,1.65,1.65,0.65,1.3,24.56,0.18,0.0,41.47,1.65,0.0,10.07,1.65,4.06,0.65,0.65,0.0,6.3,0.72,0.0,1.65,0.0,1
0.14,0.0,1.0,0.14,0.0,7.72,1.0,1.0,0.0,0.85,3.13,2.8,0.0,10.82,1.0,0.0,3.72,2.0,1.19,0.0,1.0,0.0,2.86,1.0,0.0,2.14,0.0,0
0.0,0.0,1.07,0.93,0.0,1.5,1.22,1.0,8.64,5.71,9.28,0.43,0.14,83.34,1.14,1.86,2.0,2.86,3.12,1.0,0.07,0.0,2.93,0.96,0.0,2.86,0.93,0
0.0,0.0,1.0,0.96,0.0,0.2,2.0,1.0,0.0,4.8,8.92,0.27,0.08,71.99,1.08,0.96,2.24,1.96,3.62,0.96,1.0,0.0,3.0,0.68,0.0,3.88,0.0,0
0.27,0.0,1.0,0.27,0.0,0.0,1.0,1.0,3.67,2.33,4.25,0.55,0.0,64.25,3.94,1.47,2.0,1.27,3.4,0.0,1.0,0.0,1.27,1.0,0.0,2.27,0.0,0
0.03,0.07,1.0,0.03,0.07,0.0,1.0,1.27,0.57,0.13,1.3,2.03,0.0,2.5,1.07,0.17,0.47,2.0,1.04,0.97,0.97,0.0,1.1,0.99,0.0,2.93,0.03,0
0.0,0.0,1.15,0.0,0.0,1.19,1.45,1.0,0.59,0.3,3.41,1.02,0.3,9.2,2.15,0.0,2.85,1.85,1.57,0.15,1.85,0.0,2.85,0.64,0.0,1.85,0.0,0
0.0,0.0,1.26,0.0,0.0,2.96,1.26,1.0,0.0,0.26,5.96,1.21,0.74,8.62,2.0,0.74,3.22,1.0,2.95,0.0,1.0,0.0,2.0,1.0,0.0,1.52,0.0,0
1.44,0.0,1.0,0.28,32.3,0.85,1.28,1.0,0.28,0.0,31.86,0.23,0.56,14.11,1.85,0.0,0.72,1.0,3.74,0.0,0.56,0.0,4.72,1.0,0.0,1.56,0.0,0
0.0,0.0,1.0,0.49,0.0,1.46,1.0,1.0,0.49,1.49,7.54,0.39,1.46,20.4,1.97,0.97,1.0,1.51,2.31,0.51,1.0,0.0,3.97,0.9,0.0,1.49,0.0,0
0.0,0.0,1.0,0.0,0.0,8.39,1.0,1.0,0.73,0.0,4.07,3.76,0.27,0.0,3.0,1.07,2.54,1.73,3.83,0.73,1.0,0.0,2.0,1.0,0.0,2.46,0.0,0
0.0,0.0,1.0,6.81,0.0,0.0,4.27,1.0,1.91,0.64,0.73,0.45,3.54,50.0,4.19,0.0,2.0,1.36,4.69,1.0,2.36,0.0,3.27,1.0,0.0,2.27,0.36,0
0.0,0.0,1.0,0.66,0.0,1.99,1.66,1.0,0.66,0.67,1.67,0.7,1.33,44.27,3.33,0.0,0.0,1.0,3.77,0.34,2.0,0.0,3.33,1.0,0.0,2.33,0.0,0
0.0,0.0,1.0,0.97,0.0,0.97,1.97,1.0,2.94,10.68,18.44,0.51,0.0,85.41,3.97,2.91,10.79,1.0,2.22,0.06,0.09,0.0,7.79,0.64,0.0,2.97,0.97,1
0.05,0.0,1.0,0.05,0.0,3.95,1.05,1.0,0.16,0.37,6.89,1.29,1.0,3.47,1.95,1.05,3.95,1.05,3.33,0.05,1.0,0.0,2.0,1.0,0.0,1.0,0.0,0
1.37,0.68,1.0,0.0,0.0,2.05,1.68,3.05,0.0,6.79,7.1,0.89,0.0,67.18,2.0,0.0,4.79,1.0,2.62,0.32,0.63,0.0,2.68,1.0,0.0,1.68,0.68,0
0.0,2.53,1.0,0.0,0.0,0.0,1.0,1.0,0.37,0.0,0.0,1.68,0.0,0.0,1.1,1.26,2.1,0.37,0.74,0.74,1.1,0.0,1.63,1.0,0.0,2.63,0.0,0
0.0,0.0,1.0,0.24,0.0,0.47,2.0,1.0,1.47,0.71,1.0,1.04,0.0,19.14,2.24,1.53,0.0,1.0,1.56,0.76,1.24,0.0,2.24,1.0,0.0,2.76,0.0,0
0.0,0.0,1.0,1.0,0.0,1.24,1.41,1.59,2.06,2.76,5.28,0.42,0.83,47.03,2.24,4.54,1.76,2.76,4.59,0.83,1.0,0.0,3.59,1.0,0.0,1.83,0.0,0
0.0,0.0,1.0,0.0,0.0,1.73,1.0,1.0,0.0,1.15,5.15,1.42,0.0,23.58,2.58,0.58,1.27,1.42,1.4,0.0,1.42,0.0,2.42,0.86,0.0,3.15,0.0,0
0.0,0.0,1.0,0.68,0.0,1.29,1.68,1.68,0.68,1.35,11.74,0.64,0.32,43.33,2.32,1.29,11.45,1.68,4.73,0.68,1.0,0.0,5.39,0.71,0.0,1.68,0.0,0
0.0,0.62,1.0,0.0,0.0,3.85,1.0,1.0,0.0,0.76,3.44,3.85,0.0,21.03,1.0,7.32,0.62,1.38,5.26,4.32,1.0,0.0,2.0,1.0,0.0,3.0,0.0,0
0.24,0.0,1.0,0.24,0.0,2.24,1.24,1.0,0.72,3.2,8.04,1.17,0.24,57.63,1.0,2.76,0.72,2.0,2.87,0.24,1.0,0.0,2.0,1.0,0.0,2.52,0.0,0
0.0,0.0,1.0,12.65,0.0,0.0,7.7,1.0,0.51,0.0,1.49,0.61,5.95,37.21,1.51,0.0,1.49,1.74,7.7,0.74,2.49,0.0,2.0,1.0,0.0,1.26,0.74,0
0.0,0.0,1.0,0.0,0.0,0.27,1.0,1.0,0.73,2.39,5.04,1.14,0.0,23.33,2.47,0.0,2.33,1.27,0.43,0.0,3.2,0.0,2.33,0.87,0.0,2.73,0.0,0
0.09,0.19,2.81,1.0,0.19,14.51,5.53,1.75,1.59,0.37,1.84,0.99,5.44,97.67,1.19,0.47,4.03,2.0,2.92,2.72,7.25,1.81,4.0,0.98,0.0,3.72,0.09,1
0.0,0.31,1.0,1.21,0.0,0.0,2.0,1.31,1.42,1.52,5.19,0.65,1.79,54.19,3.79,0.21,3.9,1.21,4.17,3.58,3.58,0.0,4.21,0.53,0.0,2.0,0.21,1
0.0,4.82,1.0,0.0,0.0,0.0,1.0,1.0,0.0,0.31,0.93,1.25,0.0,0.0,1.24,2.07,2.07,0.31,2.48,1.69,0.31,0.0,1.69,1.0,0.0,2.31,0.0,0
0.0,0.0,1.0,0.0,0.0,0.0,1.0,1.0,1.82,0.0,0.0,1.82,0.0,0.0,3.18,0.0,0.36,1.0,0.82,0.0,1.36,0.0,2.0,1.0,0.0,2.0,0.0,0
0.0,0.0,1.0,0.0,0.0,0.82,1.18,1.0,0.18,7.42,16.02,0.61,0.0,72.56,1.18,0.0,5.47,1.82,1.52,0.0,1.18,0.0,5.3,0.59,0.0,2.0,0.0,1
0.93,0.0,1.0,2.8,0.0,0.27,1.93,1.0,0.93,13.98,21.91,0.26,0.07,82.02,1.07,1.0,7.73,2.86,2.72,0.0,1.0,0.0,11.32,0.84,0.0,2.86,0.0,1
0.5,0.0,1.0,0.5,0.0,0.0,1.5,1.5,0.5,4.0,9.99,0.42,0.0,62.98,1.0,0.0,2.5,2.0,5.37,0.5,1.0,0.0,2.5,1.0,0.0,2.5,0.0,0
0.06,0.0,1.0,1.11,0.0,0.0,1.06,1.0,1.0,0.85,2.24,1.77,0.0,99.32,6.66,0.06,1.4,1.11,1.09,0.0,1.0,0.0,4.45,0.99,0.0,1.11,0.0,0
0.0,0.0,1.0,0.0,0.0,1.01,1.14,1.0,0.29,0.29,1.43,1.96,0.14,5.91,1.0,0.14,0.0,2.0,1.43,1.14,1.14,0.0,1.0,1.0,0.0,2.71,0.0,0
0.0,0.0,1.0,0.78,0.0,0.0,1.78,2.57,7.05,6.35,12.35,0.22,0.0,80.48,2.43,2.0,10.4,1.78,2.21,0.0,0.22,0.0,2.78,1.0,0.0,2.0,0.0,0
0.0,0.59,1.0,0.93,0.0,0.37,1.0,1.93,0.0,3.7,8.33,0.6,0.0,54.62,1.07,0.15,3.07,3.78,1.73,0.07,0.93,0.0,4.07,0.97,0.0,1.07,0.0,0
0.0,0.0,1.0,0.31,0.0,0.0,1.0,1.0,1.62,0.31,0.0,1.23,0.31,15.51,3.93,0.0,3.38,1.0,1.9,1.69,2.69,0.0,1.93,1.0,0.0,2.31,0.0,0
0.0,0.0,1.0,0.0,0.0,0.0,1.0,1.0,0.83,0.28,1.28,1.63,0.0,0.0,1.55,0.0,2.75,1.72,1.72,1.28,1.28,0.0,1.28,0.86,0.0,2.72,0.55,0
0.0,0.0,2.46,0.51,0.0,2.03,3.46,1.0,4.03,1.0,3.89,0.34,1.03,50.43,3.51,6.14,0.0,1.0,5.52,1.51,1.0,0.0,2.03,1.0,0.0,2.03,0.0,0
1.7,1.0,1.0,0.15,0.0,2.55,2.0,4.0,0.75,9.15,9.6,0.77,0.0,82.55,2.0,0.0,6.55,1.15,2.79,0.0,0.15,0.0,2.7,1.0,0.0,1.85,0.85,0
0.0,0.0,1.0,0.38,0.0,1.15,1.0,1.0,0.38,0.77,3.53,0.87,1.15,16.08,2.38,0.77,1.0,1.62,1.68,0.0,1.62,0.0,3.15,0.92,0.0,2.0,0.0,0
0.0,0.0,1.24,0.0,0.0,7.55,1.24,1.0,0.0,0.73,3.66,2.62,0.0,14.03,1.24,0.0,3.76,1.76,0.34,0.0,1.0,0.0,3.48,0.9,0.0,2.0,0.0,0
0.0,0.58,1.0,0.0,0.0,0.0,1.71,2.0,0.71,0.29,2.0,0.73,0.0,28.76,2.42,0.58,1.42,2.0,0.62,0.0,1.71,0.0,2.71,1.0,0.0,1.71,0.0,0
0.0,0.0,1.0,0.0,0.0,0.25,2.0,1.96,1.04,0.07,2.07,0.55,0.04,1.49,2.93,0.04,1.93,2.0,0.79,0.07,2.0,0.0,2.93,1.0,0.0,1.96,0.0,0
0.0,0.0,1.1,0.0,0.0,0.0,1.21,1.0,0.0,0.0,1.16,2.0,0.1,0.0,1.0,0.0,0.63,2.0,1.2,1.05,1.31,0.05,1.21,1.0,0.0,2.95,0.05,0
0.0,0.0,1.0,0.0,0.0,0.0,1.4,1.0,1.0,2.01,2.82,2.08,0.0,26.98,2.79,0.0,0.0,1.81,0.91,0.4,1.0,0.0,1.0,1.0,0.0,2.19,0.0,0
0.0,0.0,1.0,0.77,0.0,0.0,1.23,2.0,4.09,4.64,3.55,0.28,0.77,53.38,3.0,0.0,2.0,2.0,2.82,1.55,1.23,0.0,3.0,1.0,0.0,2.77,0.0,0
0.0,0.0,1.0,0.9,0.0,0.1,1.0,1.0,0.9,0.86,2.71,1.74,0.0,98.86,6.43,0.0,1.48,1.1,1.06,0.0,1.0,0.0,4.19,0.95,0.0,1.1,0.0,0
0.0,0.0,1.0,0.0,0.0,5.3,1.0,1.0,2.88,1.88,5.65,1.19,0.0,60.88,2.12,0.0,2.77,1.0,1.74,0.88,0.88,0.0,1.23,1.0,0.0,1.12,0.0,0
0.0,0.55,1.0,0.45,0.0,3.0,1.45,1.0,2.26,0.45,0.0,3.52,0.9,13.57,1.81,6.07,0.0,0.45,4.44,1.45,0.45,0.0,2.45,1.0,0.0,3.0,0.0,0
0.48,0.0,2.04,0.48,0.0,0.0,3.08,1.0,0.0,2.88,9.76,0.29,1.04,36.51,1.0,0.0,7.2,2.0,6.48,1.04,4.12,0.52,3.56,1.0,0.0,2.48,0.52,0
0.96,1.92,1.0,5.75,0.0,0.08,1.96,1.0,4.04,9.67,23.97,0.19,0.0,89.72,2.12,0.12,22.14,1.96,2.41,0.04,0.04,0.0,18.26,0.65,0.0,2.0,0.04,1
0.0,0.0,3.48,2.96,0.0,0.83,5.87,1.0,2.48,0.83,6.96,0.16,1.39,68.17,2.65,0.83,0.35,1.17,3.62,1.0,1.35,0.0,1.17,1.0,0.0,1.0,0.17,0
0.0,0.47,1.0,0.0,0.0,2.33,1.0,1.0,0.0,0.0,0.53,3.64,0.0,0.0,1.0,4.67,0.47,1.53,3.8,3.8,1.0,0.0,1.47,1.0,0.0,3.0,0.0,0
0.0,1.42,1.0,0.29,0.0,0.0,1.0,2.0,1.44,2.44,2.58,0.94,0.29,91.08,1.58,1.42,0.58,2.0,1.35,0.58,1.0,0.0,2.29,1.0,0.0,1.58,0.0,0
0.0,0.76,1.0,0.0,0.0,3.24,1.0,1.0,0.0,0.0,1.66,4.9,0.24,0.0,0.71,1.53,0.95,0.24,1.37,0.76,0.24,0.0,2.0,1.0,0.0,2.53,0.0,0
0.0,0.0,1.0,1.0,0.0,0.48,1.0,1.0,0.84,0.32,2.43,1.35,0.0,94.12,4.36,0.0,1.48,1.16,1.14,0.0,1.68,0.0,2.84,1.0,0.0,2.0,0.0,0
0.0,1.42,1.0,0.0,0.0,3.19,1.0,1.0,0.0,0.0,5.58,1.42,0.8,0.0,2.39,3.8,3.8,0.8,4.94,0.4,0.8,0.0,2.0,1.0,0.0,1.2,0.0,0
0.0,0.01,3.97,0.01,0.0,0.99,4.97,1.01,2.97,1.04,7.97,0.16,0.0,71.87,2.98,0.99,0.04,1.01,2.28,0.99,1.0,0.0,1.07,1.0,0.0,1.03,0.0,0
0.0,0.0,1.0,0.0,0.0,0.0,1.0,1.0,1.0,0.0,0.0,1.85,0.0,0.0,3.0,0.0,0.56,1.0,0.0,0.0,2.67,0.0,1.0,1.0,0.0,3.0,0.0,0
0.0,0.0,1.0,0.96,0.0,0.0,1.0,1.0,0.96,0.08,1.08,1.56,0.0,97.33,3.92,0.96,0.96,1.0,1.53,0.04,2.96,0.0,2.96,1.0,0.0,1.0,0.0,0
3.69,8.29,1.0,3.76,0.08,0.92,2.0,1.08,1.08,19.37,21.83,0.19,0.0,89.31,1.08,0.0,9.08,2.0,3.77,0.0,0.92,0.0,5.84,0.85,0.0,2.0,0.08,1
0.0,0.0,1.0,1.0,0.0,2.33,1.78,1.0,4.1,0.78,0.22,0.75,1.55,45.68,4.0,8.76,0.22,1.0,7.01,1.55,1.45,0.0,3.0,1.0,0.0,2.78,0.0,0
1.72,0.0,1.0,0.0,0.0,0.0,2.0,1.0,0.14,8.58,6.15,0.48,0.0,61.78,2.14,0.0,7.86,1.86,4.79,0.14,1.14,0.0,3.57,1.0,0.0,2.14,0.86,0
0.0,0.97,1.0,0.0,0.0,2.94,1.0,1.0,0.0,0.03,0.06,5.87,0.0,0.0,0.06,1.97,0.0,0.03,1.03,1.03,0.06,0.0,1.97,1.0,0.0,2.97,0.0,0
0.0,5.59,1.0,0.0,0.0,4.31,1.0,1.0,0.0,0.0,0.0,4.06,0.0,0.0,1.31,3.03,2.97,0.66,5.21,5.13,0.34,0.0,3.97,0.74,0.0,2.34,0.0,0
0.0,0.0,1.0,0.86,0.0,0.0,1.14,1.86,0.14,3.46,8.18,0.35,0.14,50.97,1.68,0.0,3.41,3.59,1.74,0.0,1.14,0.0,3.73,1.0,0.0,1.14,0.27,0
0.0,0.0,1.95,0.0,0.0,7.8,3.85,1.0,3.8,1.9,0.35,0.58,1.95,58.88,3.0,0.2,2.1,1.0,2.17,0.95,1.0,0.0,2.0,0.53,0.0,1.0,0.0,1
0.5,1.13,0.13,0.5,0.0,0.13,0.25,1.0,0.13,6.88,2.38,2.32,0.0,11.13,0.13,0.0,1.13,0.25,0.5,0.0,0.13,0.0,2.5,0.98,0.0,2.87,0.0,0
0.0,0.0,1.0,0.23,0.0,2.31,1.0,1.0,0.0,0.23,2.38,4.39,0.0,16.32,2.54,0.0,0.46,1.23,1.35,0.0,0.23,0.0,1.77,1.0,0.0,1.46,0.0,0
0.0,0.72,1.0,0.0,0.0,3.21,1.0,1.36,0.0,0.36,5.21,1.24,0.64,35.81,1.64,0.72,2.57,1.36,1.83,0.0,1.0,0.0,2.64,1.0,0.0,1.0,0.64,0
0.88,1.12,1.0,0.0,0.0,0.0,1.44,1.56,0.0,4.95,4.19,0.79,0.0,87.71,1.44,1.12,3.95,2.0,2.62,0.0,1.0,0.0,2.88,1.0,0.0,1.44,0.44,0
0.32,0.0,1.0,0.96,0.0,4.07,1.32,1.0,2.36,6.17,11.46,0.89,0.0,69.67,1.68,0.32,4.61,1.64,2.14,0.68,1.0,0.0,4.53,0.95,0.0,1.64,0.0,0
0.0,0.6,1.0,0.0,0.0,0.0,2.2,1.0,3.0,1.0,2.0,0.51,0.0,7.58,2.2,0.0,6.0,1.4,2.18,0.6,2.2,0.0,1.0,1.0,0.0,1.4,0.0,0
0.0,0.41,3.69,0.0,0.0,1.1,4.59,1.0,2.69,0.9,7.18,0.6,0.0,64.61,2.69,1.1,0.1,0.9,2.22,1.0,0.9,0.0,1.1,1.0,0.0,1.21,0.0,0
0.0,0.78,1.0,0.0,0.0,0.0,1.0,1.0,0.0,2.45,6.12,1.82,0.0,45.87,2.45,2.78,0.61,0.61,2.96,1.55,1.0,0.0,2.0,0.81,0.0,2.78,0.0,0
0.0,0.0,1.0,0.0,0.0,2.16,1.0,1.0,0.0,0.0,4.7,1.29,0.54,0.0,2.0,0.54,2.62,1.46,2.0,0.0,1.46,0.0,2.0,1.0,0.0,1.46,0.0,0
0.0,0.75,1.0,3.25,0.0,0.37,1.0,1.0,0.0,5.69,11.38,1.07,0.0,73.15,1.63,2.0,0.19,0.81,1.72,1.0,0.81,0.0,2.0,1.0,0.0,1.37,0.0,0
0.0,4.93,1.0,1.55,0.0,0.0,1.52,2.55,2.59,3.11,21.24,0.65,0.0,46.62,1.04,2.48,3.0,1.55,2.15,0.96,0.0,0.0,4.07,0.91,0.0,2.0,1.04,0
0.0,0.87,1.0,0.0,0.0,5.0,1.0,1.0,0.13,0.13,0.13,3.9,0.0,6.53,0.13,1.65,0.0,0.26,0.85,0.78,0.26,0.0,1.0,1.0,0.0,1.0,0.0,0
0.0,0.0,1.0,0.69,0.0,0.0,1.0,1.0,0.35,0.65,28.88,0.4,0.0,95.27,1.69,0.0,2.31,3.31,6.64,0.0,0.35,0.0,2.0,1.0,0.0,2.35,0.0,0
0.0,0.0,1.0,0.25,0.25,0.0,1.25,1.25,1.25,2.95,13.51,1.9,0.0,22.85,2.75,0.0,2.46,1.25,0.17,0.0,0.75,0.0,1.74,1.0,0.0,2.75,0.25,0
0.0,0.0,1.0,0.0,0.0,6.7,1.0,1.0,0.0,0.26,1.51,2.77,0.0,0.0,1.77,0.0,2.98,1.74,0.34,0.26,1.0,0.0,2.49,1.0,0.0,2.26,0.0,0
0.0,0.68,1.0,0.32,0.0,3.0,1.0,1.0,0.32,0.65,1.94,4.15,0.97,13.58,0.97,2.0,0.32,0.32,1.83,0.68,0.32,0.0,2.97,0.94,0.0,2.68,0.0,0
1.04,0.52,1.0,0.0,0.0,1.57,1.52,2.57,0.0,4.7,5.18,1.46,0.0,43.34,1.52,0.0,3.66,1.48,1.91,0.48,0.48,0.0,2.04,1.0,0.0,2.48,0.52,0
0.0,0.0,1.0,1.95,0.0,0.0,1.05,1.0,1.0,0.05,5.73,0.8,0.11,89.74,3.05,0.0,1.16,1.95,15.38,0.22,1.16,0.0,2.11,0.97,0.0,2.95,0.0,0
0.51,0.0,1.0,1.52,0.0,0.0,1.51,1.0,0.51,7.59,12.13,1.13,0.0,44.52,1.0,0.51,4.05,2.51,1.85,0.49,1.0,0.0,6.56,0.92,0.0,3.0,0.0,0
0.0,0.0,1.0,0.51,0.51,0.49,1.51,1.51,1.03,6.65,29.23,1.0,0.0,47.78,2.0,0.49,5.14,1.51,1.32,0.97,0.97,0.0,2.54,1.0,0.0,2.0,0.51,0
0.0,0.0,1.0,0.41,0.0,1.22,1.0,1.0,3.63,1.81,1.78,0.84,0.81,62.44,3.41,4.88,1.0,1.0,2.93,0.41,0.41,0.0,3.0,1.0,0.0,2.41,0.0,0
0.0,0.0,1.0,0.0,0.0,0.52,1.87,2.74,3.0,1.87,7.35,0.35,0.26,49.94,1.26,0.0,2.61,1.87,2.51,0.87,1.26,0.0,2.74,1.0,0.0,2.13,0.0,0
0.0,0.0,1.0,0.19,0.0,0.56,1.0,1.0,2.44,1.19,2.68,0.62,0.81,32.1,1.81,0.0,4.0,1.19,1.17,0.81,0.81,0.0,2.0,1.0,0.0,1.19,0.0,0
0.0,0.0,1.0,0.26,0.0,4.48,1.26,1.0,2.05,1.0,0.74,1.56,0.52,44.77,1.78,7.31,0.0,1.74,7.05,4.95,1.74,0.0,1.52,1.0,0.0,1.52,0.0,0
0.0,0.0,1.0,0.0,0.0,0.0,1.0,1.0,0.0,0.37,3.92,1.52,0.0,0.0,1.0,0.0,0.37,2.0,1.04,1.0,1.0,0.0,1.73,1.0,0.0,2.27,0.0,0
0.0,0.41,1.0,0.0,0.0,0.21,1.0,1.0,0.9,0.0,0.0,1.8,0.0,0.0,2.69,0.21,3.69,0.9,1.97,1.9,2.69,0.0,1.1,1.0,0.0,2.1,0.0,0
0.0,0.0,1.46,6.5,1.38,0.0,1.46,1.0,2.54,3.29,13.3,0.39,0.54,69.73,4.17,1.38,3.83,2.83,6.05,0.54,1.54,0.0,5.38,0.93,0.0,2.54,1.38,0
0.0,0.0,2.56,0.0,0.0,0.88,4.12,1.0,0.0,0.0,4.66,0.44,1.78,0.0,1.22,0.22,10.23,1.78,4.43,1.56,5.67,0.78,4.34,1.0,0.0,1.78,0.78,0
0.0,0.0,1.0,0.0,0.0,2.35,1.22,1.0,0.22,2.0,5.13,1.42,0.0,39.26,3.0,0.78,0.65,1.0,1.77,0.22,1.0,0.0,1.78,1.0,0.0,3.35,0.0,0
0.0,0.0,2.03,1.0,0.0,8.74,3.58,1.0,4.36,2.91,5.36,0.76,3.09,92.74,1.0,0.97,2.52,2.48,3.1,2.03,4.13,1.03,3.52,1.0,0.0,3.52,0.48,0
0.0,0.0,1.0,0.0,0.0,4.4,1.0,1.0,0.0,0.0,5.2,1.47,0.7,0.0,2.0,0.0,3.4,1.0,1.8,0.0,2.2,0.0,2.4,1.0,0.0,1.0,1.0,0
0.0,0.0,1.0,0.0,0.0,3.76,1.06,1.06,0.06,0.0,6.7,1.16,0.94,0.0,3.0,0.0,5.76,1.06,2.46,0.0,1.06,0.0,2.06,1.0,0.0,1.06,0.0,0
1.0,0.36,1.0,1.89,0.0,1.64,2.0,1.0,0.71,3.43,22.54,0.37,0.0,61.42,2.0,0.0,4.92,2.0,4.97,1.64,0.82,0.0,5.85,0.93,0.0,2.0,0.82,0
0.0,0.0,1.0,0.46,0.0,0.46,1.46,1.0,2.77,0.54,3.0,0.95,0.46,46.19,3.08,0.46,8.78,1.0,2.26,1.0,1.0,0.0,2.85,0.82,0.0,2.54,0.46,0
0.0,3.42,1.0,0.14,0.0,2.0,1.29,1.0,0.14,0.86,1.15,3.84,0.29,10.52,0.29,1.86,2.73,0.14,2.22,1.0,0.14,0.0,2.43,1.0,0.0,2.86,0.0,0
0.0,4.09,1.0,0.32,0.0,1.68,1.0,1.0,2.87,1.91,3.19,2.03,0.0,27.11,2.36,1.32,0.64,1.64,1.02,0.32,0.0,0.0,2.32,1.0,0.0,2.32,0.32,0
0.0,1.96,1.0,0.0,0.0,2.36,1.0,1.0,0.0,0.0,0.0,4.92,0.0,0.0,0.0,2.0,0.96,0.0,1.0,1.0,0.0,0.0,1.68,1.0,0.0,3.32,0.0,0
0.45,5.85,1.0,2.7,0.0,4.94,1.45,1.0,1.8,4.51,11.27,3.56,0.0,41.01,2.55,1.1,12.56,2.0,1.77,0.55,0.0,0.0,11.31,0.72,0.0,1.45,0.55,1
0.0,0.0,1.0,1.0,0.0,3.0,2.0,1.0,4.99,1.0,0.02,0.52,2.0,29.93,4.0,10.98,0.02,1.0,8.59,2.0,1.0,0.0,3.0,1.0,0.0,3.0,0.0,0
0.0,0.0,1.0,0.74,0.0,0.0,1.0,1.0,0.74,0.26,1.52,1.34,0.0,74.15,4.0,0.0,0.74,1.0,1.09,0.26,1.74,0.0,2.48,1.0,0.0,1.52,0.0,0
0.0,0.0,1.0,0.33,0.0,0.0,1.33,1.33,1.0,2.0,4.66,1.34,0.0,88.01,4.67,0.0,5.66,1.33,1.47,0.33,1.67,0.0,3.0,0.86,0.0,2.0,0.0,0
1.0,2.0,1.0,6.0,0.0,0.0,2.0,1.0,4.0,10.0,25.0,0.16,0.0,91.0,2.0,0.0,23.0,2.0,2.44,0.0,0.0,0.0,19.0,0.63,0.0,2.0,0.0,1
0.0,0.0,1.0,1.0,1.99,0.0,2.0,2.0,3.99,5.98,4.98,0.26,1.0,89.05,5.0,0.0,7.97,2.0,2.65,0.0,2.0,0.0,5.98,0.67,0.0,2.0,1.0,1
0.4,0.0,1.0,0.4,0.0,0.8,2.0,1.0,0.6,0.8,9.35,1.41,0.0,21.87,2.6,0.0,1.0,1.4,3.1,1.4,1.6,0.0,1.8,1.0,0.0,2.6,0.4,0
0.0,0.0,1.0,1.0,0.0,0.0,1.0,1.0,1.0,0.0,1.0,1.82,0.0,100.0,6.77,0.0,1.0,1.0,1.0,0.0,1.08,0.0,3.92,1.0,0.0,1.0,0.0,0
0.0,0.95,1.0,0.05,0.0,4.82,1.05,1.0,0.27,0.0,0.14,5.17,0.05,4.55,1.05,9.59,1.82,1.0,6.83,6.73,1.0,0.0,2.14,0.98,0.0,2.95,0.05,0
0.0,0.0,1.0,0.0,0.0,0.0,1.99,2.98,3.0,1.99,7.94,0.32,0.01,54.73,1.01,0.0,3.01,1.99,2.62,1.0,1.0,0.0,2.99,1.0,0.0,1.99,0.0,0
0.0,0.0,1.0,1.0,0.0,0.16,1.16,1.84,0.48,5.13,10.61,0.37,0.0,63.68,1.48,0.48,4.29,3.52,1.85,0.0,0.84,0.0,4.64,0.94,0.0,1.32,0.16,0
0.9,0.1,1.0,0.9,0.0,0.0,1.2,1.0,0.49,5.51,14.42,0.37,0.0,68.5,1.2,0.0,2.59,1.9,7.81,0.1,1.2,0.0,1.9,1.0,0.0,2.8,0.0,0
0.0,0.0,1.0,0.46,0.0,0.54,1.0,1.0,0.46,4.9,10.8,0.93,0.0,93.47,2.37,0.0,3.72,1.54,1.34,0.0,1.46,0.0,4.63,0.73,0.0,1.54,0.0,0
0.12,1.12,1.0,0.12,0.23,4.41,1.0,1.94,1.99,0.47,1.17,3.72,0.0,8.8,0.35,1.47,1.64,0.23,0.25,0.0,0.0,0.0,1.35,0.97,0.0,1.0,0.12,0
0.76,0.0,1.0,0.76,0.0,3.89,1.76,1.0,0.24,1.53,17.52,1.4,0.0,42.03,2.24,0.0,1.24,2.0,4.99,1.76,1.0,0.0,2.76,1.0,0.0,2.24,0.76,0
0.0,2.69,1.0,2.69,0.0,0.31,1.9,3.69,4.48,5.37,36.81,0.38,0.0,80.57,2.0,1.79,2.9,2.79,1.22,0.0,0.52,0.0,5.48,0.85,0.0,1.9,1.9,1
0.0,0.0,1.0,0.24,0.0,1.0,1.0,1.0,2.13,1.42,3.89,2.14,0.0,20.09,1.0,2.76,1.24,2.24,2.29,1.0,0.0,0.0,1.47,1.0,0.0,2.24,0.24,0
0.0,0.0,1.0,1.0,0.0,1.98,1.0,1.0,0.01,0.99,2.98,1.16,0.0,50.6,1.05,0.99,1.0,1.99,3.31,0.0,2.0,0.0,1.02,1.0,0.0,2.0,0.0,0
0.17,0.0,3.5,0.0,0.34,0.83,4.83,1.0,3.0,1.5,6.99,0.18,0.17,71.66,2.83,1.0,0.0,1.0,2.67,1.0,1.0,0.0,1.17,1.0,0.0,1.17,0.0,0
0.0,0.0,1.35,1.0,0.0,2.82,1.88,1.82,0.0,3.3,7.59,0.48,1.06,66.22,1.0,0.0,3.0,3.65,1.99,0.53,2.23,0.35,4.0,1.0,0.0,1.53,0.0,0
0.0,0.0,1.0,0.28,0.0,0.0,1.0,1.28,2.12,1.68,1.12,1.86,0.28,19.3,3.0,0.0,0.56,1.28,0.96,0.56,1.0,0.0,1.56,1.0,0.0,3.0,0.0,0
0.0,0.0,1.03,0.97,0.0,0.1,2.0,1.0,1.93,5.9,14.9,0.24,0.0,87.96,1.03,0.97,1.07,1.0,4.03,0.0,0.03,0.0,2.1,0.99,0.0,1.03,0.0,0
0.88,0.0,1.0,0.88,0.0,2.65,2.0,1.12,2.77,6.19,4.65,0.57,0.88,58.35,1.23,1.77,2.88,2.0,3.81,0.88,1.12,0.0,2.12,1.0,0.0,1.12,0.0,0
0.0,0.46,1.0,0.0,0.0,1.38,1.0,1.0,1.08,0.54,1.62,3.27,0.0,32.48,1.62,0.92,0.54,0.54,0.78,0.46,0.0,0.0,2.54,1.0,0.0,2.46,0.0,0
0.0,0.0,1.0,3.71,0.0,2.35,2.96,1.0,0.0,0.0,1.22,4.26,1.75,10.91,2.56,0.0,0.44,1.22,2.18,0.22,0.65,0.0,2.0,1.0,0.0,1.0,0.22,0
0.0,0.0,1.0,1.0,0.0,1.33,1.67,1.0,2.33,2.0,1.0,0.91,0.0,87.35,3.67,0.0,0.33,1.0,1.5,0.0,2.0,0.0,3.0,1.0,0.0,1.67,0.0,0
0.0,0.0,1.0,0.33,0.0,0.0,1.33,1.0,2.98,2.31,6.92,0.69,0.0,65.88,3.0,0.0,6.55,1.33,1.61,0.0,0.0,0.0,5.94,0.89,0.0,2.33,0.33,0
0.0,0.0,1.0,0.0,0.0,0.0,1.35,1.35,0.35,1.3,2.65,0.78,0.0,21.47,2.35,0.0,0.7,1.35,1.75,0.65,2.0,0.0,2.35,1.0,0.0,1.35,0.0,0
0.0,0.0,1.0,1.0,0.0,0.0,1.82,1.0,4.08,4.82,16.46,0.19,0.0,80.2,2.63,0.18,15.44,2.0,3.4,0.0,0.0,0.0,9.99,0.73,0.0,2.63,1.0,1
0.0,0.0,1.0,0.26,0.0,2.98,1.0,1.26,0.0,1.02,7.51,0.98,0.74,15.06,2.49,0.0,5.23,1.77,2.37,0.0,1.0,0.0,2.51,1.0,0.0,1.0,0.0,0
0.76,0.0,1.0,0.62,17.08,0.0,1.0,1.0,0.0,2.48,30.97,0.28,0.0,55.85,1.0,0.62,2.86,1.62,2.57,0.0,0.0,0.0,2.52,1.0,0.0,1.0,0.62,0
0.0,0.0,2.19,1.0,0.0,9.55,3.98,1.0,0.4,0.0,1.0,1.39,3.58,100.0,3.42,0.0,2.19,1.6,2.19,1.79,5.18,1.19,4.0,1.0,0.0,2.79,0.0,0
0.0,7.99,1.0,0.0,0.0,4.98,1.0,1.0,0.0,0.0,0.0,3.66,0.0,0.0,2.01,1.99,3.98,1.0,1.12,0.99,0.0,0.0,4.98,0.6,0.0,2.0,0.0,1
0.0,0.0,1.0,0.0,0.0,3.33,1.0,1.0,0.0,0.0,5.88,1.65,0.78,0.0,2.55,0.67,3.33,1.22,2.44,0.22,0.78,0.0,1.78,1.0,0.0,1.22,0.0,0
0.96,0.48,1.0,0.84,0.0,1.16,1.16,1.96,8.36,8.71,17.02,0.38,0.0,86.12,1.16,2.0,8.86,2.84,3.33,0.84,0.16,0.0,5.23,0.92,0.0,3.0,1.0,0
0.0,0.0,1.0,1.0,0.83,0.0,2.0,2.17,3.21,11.14,47.77,0.06,0.0,91.11,2.0,0.34,10.52,2.0,0.94,0.0,0.0,0.0,3.83,1.0,0.0,2.0,0.83,0
0.0,0.0,1.0,0.79,0.0,0.0,1.79,1.0,1.79,4.76,11.89,0.45,0.0,70.54,1.41,0.79,1.0,1.0,3.26,0.0,0.83,0.0,1.79,1.0,0.0,1.41,0.0,0
0.0,0.0,1.0,0.44,0.0,3.13,1.44,1.0,1.31,1.31,4.39,1.08,0.56,35.27,3.0,0.0,2.82,1.0,2.21,0.0,1.44,0.0,2.44,1.0,0.0,1.44,0.56,0
0.0,0.0,1.0,0.0,0.0,2.04,1.0,1.0,0.0,1.96,8.96,1.35,0.02,54.0,1.04,3.02,0.07,1.98,2.5,0.0,1.0,0.0,2.0,1.0,0.0,2.96,0.0,0
0.0,0.0,2.87,1.0,0.0,15.12,5.81,1.0,0.06,0.38,1.44,1.03,5.75,98.3,1.06,0.06,3.63,1.94,3.13,2.87,7.56,1.87,4.06,1.0,0.0,3.87,0.0,1
0.0,0.0,1.0,0.0,0.0,0.0,1.47,1.47,1.0,0.0,0.95,2.0,0.0,0.0,3.53,0.0,0.95,1.47,0.32,0.0,1.47,0.0,1.95,1.0,0.0,2.53,0.0,0
0.0,0.0,1.0,0.14,0.0,0.86,1.0,1.14,0.72,8.57,16.84,0.56,0.14,85.26,1.29,0.0,5.42,2.0,1.89,0.29,1.0,0.0,5.57,0.57,0.0,2.14,0.0,1
0.0,0.0,1.0,0.18,1.64,0.53,2.64,1.0,1.64,2.0,5.89,0.34,0.82,81.08,1.82,0.0,4.0,1.18,5.62,3.29,0.82,0.0,1.18,1.0,0.0,2.0,0.0,0
0.0,0.0,1.0,0.5,0.0,1.51,2.0,1.0,1.0,0.0,1.0,1.32,1.01,25.24,3.5,0.0,0.5,1.0,3.01,0.5,2.0,0.0,2.51,1.0,0.0,3.0,0.0,0
0.63,0.0,1.0,0.63,0.0,0.37,1.0,1.0,0.0,7.1,17.1,0.47,0.0,80.39,1.0,0.0,3.46,2.0,5.89,0.0,1.0,0.0,3.46,0.82,0.0,2.63,0.0,0
0.0,0.0,1.98,0.0,0.0,0.08,1.98,1.0,0.0,0.98,3.08,0.89,0.02,32.36,2.02,0.0,1.08,1.0,2.01,0.0,1.0,0.0,2.0,1.0,0.0,2.96,0.02,0
0.0,9.0,1.0,0.0,0.0,9.0,1.0,1.0,0.0,0.0,0.0,6.35,0.0,0.0,3.0,2.0,4.0,2.0,1.22,1.0,0.0,0.0,5.0,0.8,0.0,1.0,1.0,1
0.0,1.75,1.0,0.56,0.0,2.13,1.0,1.0,0.0,1.13,5.64,1.66,0.0,35.5,0.56,0.87,3.56,1.13,1.51,0.44,0.0,0.0,1.56,1.0,0.0,2.87,0.0,0
1.95,0.0,1.0,1.0,1.95,0.07,1.0,1.0,0.14,0.07,0.98,0.44,0.05,33.77,1.07,0.28,54.71,1.0,0.8,0.02,1.0,0.0,3.0,1.0,0.0,1.05,0.0,0
0.0,0.0,1.0,0.5,0.0,2.01,1.5,1.5,0.5,1.0,10.49,0.84,0.5,31.87,2.5,0.0,9.98,1.5,3.48,0.5,1.0,0.0,4.49,0.79,0.0,1.5,0.5,0
0.0,0.0,1.0,1.0,0.0,2.75,1.75,1.0,0.75,1.27,3.8,0.76,1.49,58.64,3.49,0.0,0.76,1.0,5.26,0.25,1.75,0.0,3.24,1.0,0.0,2.75,0.0,0
0.0,0.0,1.0,0.0,0.0,0.22,1.96,2.91,2.91,1.96,7.7,0.39,0.0,54.78,1.0,0.26,2.87,2.0,2.8,1.22,1.04,0.0,2.91,1.0,0.0,1.96,0.0,0
0.0,0.0,1.0,0.57,0.85,1.72,2.43,1.0,1.43,0.85,2.71,0.43,1.57,64.94,3.15,0.0,1.71,1.0,5.32,1.71,1.57,0.0,2.72,1.0,0.0,2.57,0.0,0
0.76,0.24,1.0,0.24,1.51,0.0,3.51,1.24,2.27,4.24,2.73,0.3,0.76,67.57,1.76,0.76,0.97,1.24,4.26,0.76,1.0,0.0,3.21,0.93,0.0,2.49,0.0,0
0.41,0.83,1.0,2.48,0.0,0.0,1.41,1.0,1.65,4.13,12.66,0.72,0.0,37.54,2.0,0.0,11.25,2.0,1.89,0.0,1.17,0.0,9.6,0.65,0.0,2.0,0.0,1
0.0,0.0,1.0,0.76,0.0,1.41,1.0,1.76,0.71,3.53,8.29,0.55,0.0,59.47,1.24,0.0,3.0,3.29,1.8,0.24,1.0,0.0,3.29,1.0,0.0,1.0,0.0,0
0.99,1.99,1.0,5.96,0.0,0.0,2.0,1.01,3.99,9.95,24.89,0.16,0.0,90.77,1.99,0.0,22.87,2.0,2.44,0.01,0.01,0.0,18.9,0.63,0.0,2.0,0.0,1
0.0,0.03,1.0,0.03,0.0,0.99,1.01,1.03,0.05,8.97,19.2,0.62,0.0,88.02,1.01,0.02,5.97,2.01,1.63,0.0,0.99,0.0,6.0,0.5,0.0,2.0,0.02,1
0.65,1.31,1.0,2.04,1.31,0.0,1.0,6.22,11.1,5.04,11.39,0.16,0.0,80.21,2.65,3.96,9.14,1.65,1.99,0.35,0.35,0.0,3.31,0.84,0.0,1.0,0.65,0
0.0,0.0,1.0,0.78,0.0,1.34,1.0,1.0,0.67,3.55,41.76,0.35,0.0,88.21,1.22,0.0,0.67,1.78,0.57,0.22,0.22,0.0,1.0,1.0,0.0,1.78,0.0,0
2.81,0.0,1.0,1.88,0.0,0.0,1.47,1.47,0.53,8.44,20.63,0.86,0.0,43.13,2.06,0.0,9.63,1.47,2.77,1.53,2.06,0.0,6.16,0.8,0.0,2.0,0.0,1
0.0,0.0,1.0,1.0,0.94,0.06,2.0,1.94,2.06,11.94,52.84,0.08,0.0,92.7,2.12,0.18,10.06,1.94,0.78,0.0,0.0,0.0,4.24,0.98,0.0,2.06,1.0,0
0.0,0.16,1.0,1.32,0.0,0.16,2.0,2.16,0.84,3.1,15.42,0.23,0.0,64.0,1.84,0.0,14.37,2.0,4.33,0.84,0.84,0.0,6.68,0.64,0.0,2.16,0.16,1
0.0,0.0,1.0,0.74,0.0,0.0,1.0,1.0,1.0,0.51,0.74,1.87,0.0,100.0,6.74,0.0,1.0,1.0,0.74,0.0,1.26,0.0,3.23,1.0,0.0,1.26,0.0,0
0.7,0.0,1.0,0.7,0.0,0.0,1.0,1.0,0.3,4.8,11.21,0.84,0.0,83.19,2.5,0.0,1.7,1.7,5.85,0.0,1.3,0.0,1.7,1.0,0.0,2.7,0.0,0
0.0,0.0,1.0,3.44,0.0,0.0,1.0,1.0,0.0,6.17,17.75,0.27,0.0,90.97,1.86,1.72,0.42,1.42,1.71,0.86,0.86,0.0,2.0,1.0,0.0,1.14,0.0,0
0.0,1.94,1.0,0.0,0.0,0.0,1.0,1.0,0.72,0.0,0.0,2.72,0.0,0.0,2.89,0.83,0.83,0.72,0.83,0.55,0.72,0.0,1.28,1.0,0.0,2.72,0.0,0
0.0,0.0,1.0,0.0,1.57,0.86,2.57,1.0,1.57,1.57,5.43,0.46,1.0,66.66,2.0,0.22,4.0,1.0,5.75,3.14,1.0,0.0,1.22,1.0,0.0,1.78,0.0,0
0.48,0.0,1.0,0.76,11.56,0.0,1.76,1.76,1.52,9.12,52.36,0.06,0.0,70.68,1.76,0.0,7.84,1.76,1.34,0.0,0.0,0.0,4.24,1.0,0.0,1.76,0.76,0
0.4,0.0,1.0,0.4,0.0,5.39,2.0,1.0,2.4,4.01,4.4,0.91,1.0,51.06,1.0,1.4,1.21,2.0,4.09,1.6,1.6,0.0,1.4,1.0,0.0,1.0,0.0,0
0.0,0.0,1.0,1.0,0.0,0.0,1.0,1.0,0.0,2.7,32.46,0.49,0.0,85.14,1.0,0.0,0.87,2.0,2.65,0.0,0.43,0.0,1.0,1.0,0.0,2.43,0.0,0
0.0,0.0,1.0,0.01,0.0,0.99,1.0,1.01,1.99,3.01,17.94,0.49,0.0,74.9,1.0,0.99,8.96,2.01,1.7,0.0,0.01,0.0,7.97,0.5,0.0,1.99,0.0,1
0.0,0.0,1.0,0.15,0.0,4.42,2.0,1.0,0.87,0.0,6.42,0.38,1.85,14.58,2.85,0.15,9.6,1.0,2.68,0.15,1.0,0.0,3.29,0.94,0.0,1.15,0.15,0
0.0,0.0,1.0,0.16,0.0,2.68,1.0,1.0,1.44,2.64,6.64,1.45,0.0,48.05,2.68,1.16,0.32,1.32,1.63,0.16,0.84,0.0,2.16,1.0,0.0,3.84,0.16,0
0.0,0.0,1.0,1.0,0.0,2.93,1.0,1.0,5.89,2.93,0.02,0.69,1.95,66.78,4.0,11.72,1.0,1.0,6.21,0.98,1.02,0.0,3.0,1.0,0.0,2.95,0.0,0
0.0,0.0,0.21,0.0,0.0,0.42,0.21,1.0,1.05,4.37,0.0,2.28,0.0,12.55,1.05,0.63,0.42,0.21,0.38,0.21,0.21,0.0,1.79,1.0,0.0,2.79,0.21,0
0.0,4.35,1.0,0.0,0.0,0.0,1.0,1.0,0.0,0.0,0.0,1.71,0.0,0.0,0.0,2.12,1.23,0.0,0.35,0.23,0.0,0.0,2.0,1.0,0.0,2.88,0.0,0
0.0,0.0,1.0,1.0,0.0,1.6,1.0,1.0,4.99,-1.6,-6.98,1.62,0.0,88.03,4.8,0.8,1.8,1.0,0.6,0.8,2.0,0.0,2.2,1.0,0.0,1.0,0.8,0
0.0,0.0,1.0,1.0,0.0,0.0,1.0,2.0,5.0,3.97,-8.17,0.51,1.0,62.24,3.68,-0.68,-0.7,1.32,5.31,2.0,1.68,0.0,3.68,1.0,0.0,3.0,-0.68,0
0.0,0.0,1.0,1.0,0.0,0.0,1.46,-0.07,1.46,5.46,12.32,0.56,0.0,91.68,2.07,1.0,-0.07,0.46,3.03,-0.54,-0.54,0.0,2.0,1.0,0.0,1.0,0.0,0
0.0,0.0,1.0,2.0,0.0,-1.55,1.0,1.0,1.78,-0.78,4.45,1.1,0.0,130.82,5.33,0.0,1.0,1.22,14.58,0.0,1.78,0.0,3.55,1.0,0.0,3.0,0.0,0
0.0,8.0,2.55,0.0,0.0,17.43,4.89,1.0,-0.78,0.0,0.0,3.06,4.66,0.0,-2.66,2.0,5.55,1.78,2.68,3.33,5.44,1.55,5.0,0.6,0.0,4.33,0.0,1
1.29,0.64,1.0,0.0,0.0,5.93,1.0,2.29,-0.64,5.79,11.5,1.68,1.0,53.39,2.36,0.0,8.22,0.36,3.91,0.0,-0.29,0.0,2.0,1.0,0.0,1.0,1.64,0
0.0,0.0,1.0,0.79,1.58,0.0,2.0,3.0,5.37,5.17,8.79,0.16,0.79,85.86,4.17,0.0,6.96,2.0,2.85,0.21,1.79,0.0,5.37,0.74,0.0,2.0,0.79,1
1.0,-0.69,1.0,1.0,0.0,0.69,1.0,-1.08,0.69,-0.94,9.06,0.51,0.69,89.88,1.0,0.69,12.41,1.31,8.58,0.69,1.0,0.0,4.78,0.72,0.0,3.69,0.69,0
1.66,-7.45,1.0,0.0,0.0,1.17,1.0,1.83,4.17,0.34,20.7,0.92,0.0,62.48,5.0,3.0,7.8,1.0,1.48,1.83,1.0,0.0,5.97,0.79,0.0,2.0,1.0,1
0.0,0.0,1.0,0.0,0.0,-1.21,1.0,1.0,0.19,-0.6,1.81,1.89,0.0,0.0,1.79,-1.81,-0.6,1.0,0.27,-0.6,0.4,0.0,3.21,1.0,0.0,2.0,-0.6,0
0.0,0.0,1.0,0.6,0.0,1.2,3.2,3.0,1.8,5.01,11.61,0.27,1.2,98.96,0.4,0.6,4.81,2.0,3.48,0.4,0.4,0.0,4.81,1.3,0.0,2.0,-1.2,0
0.0,0.0,1.84,11.91,2.52,2.0,2.0,1.0,3.84,8.04,23.66,0.21,0.0,159.05,3.0,2.52,2.52,4.36,10.33,0.0,1.16,0.0,7.2,0.88,0.0,2.0,2.52,0
6.0,3.0,1.0,0.85,0.0,1.15,2.0,7.0,5.0,23.85,58.25,-1.23,0.0,152.36,2.0,-0.55,45.85,2.0,7.25,-0.85,1.85,0.0,17.0,0.53,0.0,3.85,1.0,1
-0.66,1.0,1.0,-1.31,0.0,0.0,2.34,1.0,4.34,-8.17,-10.48,0.69,0.0,-11.14,3.0,-0.66,4.07,0.34,4.92,1.0,3.0,0.0,-6.21,1.11,0.0,1.0,0.0,0
0.0,-4.94,1.0,2.96,0.0,-0.99,1.99,2.97,1.0,8.88,22.7,0.0,0.0,63.17,1.03,-0.99,10.86,1.99,3.91,0.0,1.0,0.0,3.96,1.0,0.0,3.99,0.99,0
0.0,-0.56,1.0,1.0,0.0,0.19,2.0,1.0,2.69,0.56,2.12,-1.54,2.0,50.0,5.69,-0.56,5.62,1.56,6.52,1.12,3.12,0.0,4.56,0.72,0.0,3.56,1.12,0
0.0,0.0,1.0,1.0,0.0,-2.89,0.42,2.0,5.0,6.0,1.11,0.71,-0.16,69.0,2.42,0.0,-2.05,2.58,2.25,2.0,1.58,0.0,2.42,1.0,0.0,3.58,0.0,0
1.0,3.85,1.0,3.0,0.0,0.96,2.0,1.0,1.0,15.0,21.07,1.87,0.0,88.0,0.04,0.04,8.0,1.07,2.44,0.0,1.0,0.0,12.96,0.83,0.0,3.96,0.0,1
0.0,0.0,1.0,0.58,0.0,4.0,1.0,1.0,0.0,0.58,10.46,0.86,1.0,40.93,3.0,4.0,5.15,1.0,8.23,-0.58,1.0,0.0,2.0,1.0,0.0,1.0,0.0,0
0.0,0.0,1.0,0.0,0.0,0.0,2.5,2.01,2.51,1.01,4.02,0.19,0.0,27.74,1.5,0.0,3.0,1.0,1.57,0.5,1.5,0.0,2.0,1.17,0.0,2.0,0.0,0
0.0,0.0,1.0,0.49,1.03,0.0,1.51,-0.03,-2.59,-2.56,-3.1,1.55,0.51,101.54,5.0,-1.03,-3.62,0.49,3.18,2.05,2.51,0.0,1.97,1.0,0.0,1.0,0.0,0
0.0,0.0,-0.99,1.0,0.0,6.99,-1.99,1.0,2.99,2.99,4.01,1.66,-0.99,80.6,3.99,0.0,-7.94,0.0,-0.41,-1.99,-3.98,-1.0,1.01,1.0,0.0,1.0,0.0,0
0.0,0.0,1.0,0.86,0.0,0.0,0.14,1.0,0.0,0.0,4.0,1.7,0.0,85.94,6.3,-1.72,3.86,2.0,1.07,-0.86,2.0,0.0,4.72,0.67,0.0,0.28,0.0,0
1.01,0.0,1.0,1.0,22.67,-2.52,1.0,1.0,0.5,-0.5,22.66,0.6,0.0,74.81,4.0,-2.02,1.5,0.5,-0.04,-3.02,1.99,0.0,5.02,1.0,0.0,2.0,0.0,0
2.0,0.0,1.0,1.0,2.0,2.04,0.32,1.0,0.0,-2.04,1.68,0.86,0.0,24.83,1.0,-0.68,57.36,1.0,-0.54,-0.68,0.32,0.0,2.32,1.23,0.0,-0.36,0.0,0
0.0,1.0,1.0,3.0,0.0,-0.07,1.47,3.0,-1.07,7.4,23.0,0.78,0.0,74.13,1.53,0.53,11.53,2.0,3.83,0.0,0.53,0.0,5.0,1.0,0.0,2.47,1.0,0
0.0,0.89,1.0,3.66,0.0,0.89,2.89,2.77,0.11,8.98,21.4,-0.36,2.0,106.76,1.34,0.0,11.98,1.89,8.01,4.0,1.34,0.0,6.66,0.5,0.0,2.89,0.89,1
0.0,0.0,1.0,0.25,0.0,-2.25,1.0,1.0,-1.99,-0.75,2.5,1.91,-1.5,77.55,5.5,-8.23,3.25,1.0,-4.69,-1.5,1.75,0.0,3.25,1.0,0.0,0.25,0.0,0
1.19,0.0,1.0,-0.6,26.84,4.0,1.0,1.0,0.0,-0.6,30.26,1.05,1.0,-47.71,2.4,4.0,4.6,1.0,4.61,0.0,0.4,0.0,3.79,1.0,0.0,1.0,0.0,0
2.0,1.0,1.0,0.85,0.0,5.56,2.0,4.0,5.13,10.71,-26.05,1.31,1.71,56.5,4.56,10.26,5.29,-1.56,6.73,0.85,0.85,0.0,3.85,1.0,0.0,2.85,1.0,0
0.0,9.63,1.0,0.0,0.0,0.66,1.0,1.0,0.0,-0.66,-5.92,2.55,0.0,0.0,-0.66,4.32,4.32,-1.32,2.93,2.0,-0.66,0.0,0.68,1.0,0.0,3.97,0.0,0
0.0,7.0,1.0,-0.96,0.0,0.0,1.96,2.92,1.92,1.92,6.7,-0.02,0.0,-43.1,-2.87,2.04,4.92,0.96,4.09,2.96,-1.92,0.0,2.0,1.0,0.0,2.0,0.0,0
0.0,6.62,1.0,0.0,0.0,4.14,1.0,1.0,0.0,1.0,37.69,2.3,0.0,97.0,1.0,1.66,3.83,3.17,1.37,0.83,-1.66,0.0,3.66,0.94,0.0,2.0,0.0,0
6.0,3.0,1.0,-0.57,0.0,0.85,1.43,7.0,3.28,22.43,55.15,0.36,0.0,64.42,1.43,2.0,45.0,2.0,4.31,0.57,1.0,0.0,16.43,0.53,0.0,2.43,1.0,1
0.0,0.0,1.99,-0.99,0.0,8.98,1.99,1.0,3.0,1.01,4.02,1.58,0.0,44.13,2.0,0.0,3.99,0.01,-1.45,1.0,1.0,0.0,3.98,0.6,0.0,-0.98,0.0,1
0.0,0.0,1.0,1.0,0.0,0.0,2.0,1.0,0.5,1.0,1.0,0.5,2.0,50.0,4.0,0.0,6.0,1.0,5.0,5.0,5.0,0.0,3.5,0.5,0.0,2.0,0.0,1
-0.77,-1.55,1.0,16.23,-1.55,0.0,10.77,-5.19,-12.39,-1.55,-4.19,0.53,8.0,17.48,1.0,-3.87,-6.52,1.23,10.93,1.77,3.77,0.0,-0.32,1.19,0.0,1.0,0.23,0
0.0,0.0,2.0,0.0,0.0,0.0,2.98,1.98,-0.98,1.98,12.8,0.44,0.0,31.04,1.02,0.0,14.72,1.98,5.0,0.98,1.98,0.0,6.9,0.58,0.0,2.02,0.0,1
0.0,0.0,1.0,0.0,0.0,9.71,1.0,1.0,0.71,0.71,-3.27,3.54,-0.71,35.56,-0.42,4.27,0.44,2.71,2.79,4.27,1.71,0.0,2.29,1.0,0.0,2.0,-0.71,0
0.0,-0.87,3.62,-2.62,0.0,3.0,3.62,-0.75,2.62,-7.0,-12.12,1.91,0.0,7.0,3.75,0.87,-7.62,0.13,-1.47,0.87,5.87,0.0,-2.5,1.0,0.0,-0.75,0.13,0
0.0,0.0,1.0,0.21,0.0,3.0,1.0,1.0,0.0,2.0,9.21,1.41,0.0,-16.05,-2.16,0.0,3.21,2.0,1.11,0.0,0.0,0.0,-0.37,1.0,0.0,3.58,0.0,0
0.88,0.0,1.0,0.88,0.0,1.37,1.0,1.0,0.0,1.76,20.16,1.23,-0.76,48.26,2.12,0.0,-0.14,1.88,5.16,1.76,1.0,0.0,2.0,1.0,0.0,1.88,0.88,0
2.58,0.0,1.0,1.75,45.0,0.0,1.0,-0.16,-1.16,7.56,52.73,0.01,0.0,19.2,1.0,0.58,3.91,1.58,3.46,-0.58,0.0,0.0,10.24,0.9,0.0,1.58,0.0,1
0.0,-0.96,1.0,1.96,0.0,-1.92,2.96,1.0,5.8,1.96,1.0,-2.83,3.92,78.77,7.84,9.59,4.0,1.96,12.75,5.92,4.96,0.0,5.92,0.5,0.0,3.92,0.0,1
0.0,0.0,1.0,-0.58,0.0,0.0,0.42,0.42,0.42,3.0,-0.4,0.89,0.0,23.96,2.0,1.0,-8.73,0.42,1.8,1.0,1.58,0.0,-1.91,1.25,0.0,2.42,0.0,0
0.0,0.0,1.0,0.0,0.0,4.62,1.0,1.0,4.23,1.62,12.23,0.31,2.0,41.83,2.38,0.62,5.54,1.62,1.28,-0.62,1.77,0.0,4.69,0.69,0.0,3.62,0.0,1
0.0,0.0,1.0,1.0,0.0,-6.97,0.0,1.0,0.0,0.0,-2.98,2.29,-1.0,158.77,8.98,0.0,2.0,0.0,-2.48,-1.99,3.0,0.0,3.0,1.0,0.0,3.0,0.0,0
-5.97,0.0,1.0,-1.98,0.0,0.0,1.01,0.01,5.99,-12.9,-27.76,1.53,0.0,85.95,5.98,0.99,3.09,1.01,1.57,-0.99,1.99,0.0,3.05,1.08,0.0,3.0,1.0,0
0.0,0.0,1.0,1.74,0.0,1.49,1.74,1.0,2.49,0.74,1.74,0.9,0.0,85.87,4.77,0.0,0.26,1.0,2.3,0.0,1.0,0.0,5.49,1.0,0.0,1.0,0.0,0
-1.4,0.0,1.0,1.7,-29.54,10.0,4.7,2.4,6.31,4.91,-18.73,0.78,1.0,90.48,1.7,1.4,9.41,2.7,4.12,3.0,5.0,1.0,0.6,1.0,0.0,1.7,0.0,0
0.0,0.0,1.0,0.0,0.0,0.0,1.0,1.0,1.0,0.0,1.16,2.04,0.58,0.0,5.31,-1.16,3.47,1.0,0.0,-0.58,1.58,0.0,1.0,1.0,0.0,2.42,1.16,0
2.0,1.0,1.0,11.91,0.0,3.0,8.31,4.0,-0.7,9.0,10.4,-1.34,5.61,118.03,-0.1,0.0,8.4,1.7,9.76,0.7,1.4,0.0,3.7,1.0,0.0,0.6,1.7,0
6.0,0.0,1.0,3.0,0.0,-1.0,3.0,2.0,-7.99,16.99,40.98,-0.05,0.0,74.0,1.0,-2.0,13.99,2.0,2.68,1.0,2.0,0.0,9.99,0.58,0.0,0.0,-1.0,1
0.0,0.0,0.42,1.0,0.0,0.0,0.42,2.0,5.0,5.42,2.84,0.92,1.0,49.92,2.42,0.0,1.42,2.58,2.87,2.58,1.0,0.0,2.42,1.0,0.0,3.0,0.0,0
0.0,0.0,1.0,-11.11,0.0,6.0,-5.25,1.0,3.69,2.0,5.31,2.0,-5.55,95.71,4.08,0.0,2.31,0.31,-4.36,0.31,0.31,0.0,1.69,1.0,0.0,1.0,-0.69,0
0.0,0.0,1.0,1.0,0.0,4.25,2.0,1.0,1.0,-4.37,-7.11,1.23,2.0,20.67,5.25,0.62,-3.74,0.38,4.31,0.0,2.0,0.0,1.5,1.31,0.0,4.25,0.0,0
1.0,2.0,1.0,1.0,2.0,0.0,1.0,9.8,16.2,7.19,16.39,-0.83,0.0,42.25,-0.19,5.0,15.6,4.4,2.75,0.0,-0.8,0.0,4.8,0.75,0.0,1.0,1.0,1
5.48,0.0,1.0,4.65,0.0,-6.39,1.0,1.91,-1.83,15.62,41.54,-0.08,-0.91,126.59,2.0,-0.91,14.62,1.0,4.47,-0.91,0.09,0.0,12.05,0.62,0.0,1.91,0.0,1
0.0,-0.58,1.0,1.0,0.0,-2.89,1.0,1.0,0.0,1.58,12.2,-1.14,0.0,71.0,1.58,-0.58,2.58,3.15,6.5,0.58,1.58,0.0,2.15,1.0,0.0,3.0,0.0,0
1.0,0.0,-0.92,0.96,3.92,9.6,3.04,1.0,3.0,4.0,1.04,0.83,0.04,101.69,2.0,1.0,-10.56,1.0,4.91,1.96,-0.92,0.0,-0.88,1.0,0.0,1.04,-0.96,0
0.0,7.94,1.0,0.0,0.0,0.0,1.94,3.82,4.71,5.65,-0.94,0.82,0.0,4.71,0.0,3.0,4.88,0.0,1.32,2.0,0.0,0.0,1.06,1.0,0.0,-0.82,0.0,0
0.77,0.0,1.0,3.31,0.0,3.0,2.77,1.0,5.0,12.56,17.72,-0.37,2.0,97.8,2.46,11.77,5.39,2.54,10.66,2.0,-1.31,0.0,11.48,0.87,0.0,3.0,0.0,1
0.0,0.0,1.0,1.6,0.0,0.0,1.4,1.0,5.0,3.8,14.4,0.92,0.0,118.14,5.4,0.0,16.8,2.0,2.3,-0.6,0.0,0.0,13.8,0.67,0.0,3.0,1.0,1
6.0,3.0,1.0,-0.53,0.0,2.0,1.47,7.0,6.05,20.37,49.27,1.05,0.0,52.57,3.05,1.47,43.95,1.47,2.57,-0.53,1.0,0.0,16.47,0.7,0.0,1.95,1.0,1
0.0,-1.36,1.0,-0.04,0.0,3.4,0.32,-1.04,-2.4,-4.08,-21.87,3.54,0.0,30.81,1.64,-0.68,-1.04,-0.04,15.07,0.0,1.0,0.0,-1.4,1.11,0.0,2.32,-1.36,0
0.0,0.0,1.0,2.0,0.0,-1.71,1.0,1.0,-1.85,-1.71,6.57,1.28,-1.14,111.35,3.57,-6.83,1.0,2.0,12.96,-0.57,1.57,0.0,2.0,1.0,0.0,1.86,0.0,0
0.0,0.0,-1.14,0.29,0.0,-11.41,-3.28,2.0,0.0,7.57,8.29,1.45,-4.28,-12.31,0.29,0.0,0.86,2.57,-0.36,-2.14,-4.7,-1.43,2.57,1.0,0.0,0.29,0.0,0
-3.92,-1.96,1.0,0.65,0.0,-1.31,1.0,-2.92,-2.62,-13.39,6.34,0.51,1.31,69.53,2.31,-1.31,-23.81,3.35,2.03,2.62,1.96,0.0,-6.5,0.98,0.0,1.35,-0.65,0
0.0,0.0,1.0,1.0,0.0,-2.06,1.0,1.0,3.06,0.69,1.69,-1.58,0.0,100.0,7.0,0.0,7.87,1.0,3.47,1.37,2.37,0.0,4.0,0.66,0.0,1.69,1.37,0
0.0,3.66,1.0,-2.44,0.0,1.22,1.0,1.0,3.0,-3.27,-6.53,1.92,0.0,-54.85,3.61,-0.61,10.0,1.0,2.56,1.39,1.39,0.0,2.0,0.5,0.0,2.61,2.0,1
5.71,0.0,1.0,4.8,0.0,-2.76,3.0,1.95,1.0,23.12,43.19,0.07,0.1,160.51,0.1,1.0,20.61,1.95,6.02,1.95,1.0,0.0,13.56,0.6,0.0,2.95,0.0,1
1.0,2.48,1.0,3.0,0.0,-0.83,2.0,1.0,1.0,15.0,23.0,-1.12,0.0,88.0,1.0,1.0,8.83,3.0,3.3,0.0,1.0,0.0,12.0,0.83,0.0,3.0,0.0,1
0.0,0.0,3.0,0.52,0.0,1.55,5.0,1.0,0.0,0.0,4.0,-0.11,3.03,25.75,2.03,-1.03,12.0,2.0,6.3,1.48,7.52,1.0,6.03,1.0,0.0,2.0,1.0,0
0.0,0.0,1.0,0.0,2.0,-1.54,2.23,1.0,0.46,-0.3,5.0,1.18,1.0,99.59,5.07,0.0,4.77,1.0,5.85,4.0,0.23,0.0,1.77,1.0,0.0,1.23,0.0,0
0.89,0.0,0.0,0.0,0.0,1.79,0.89,1.0,-1.79,5.89,16.08,2.39,0.0,-9.83,-0.89,0.0,0.0,0.89,3.74,1.79,0.89,0.0,2.89,1.0,0.0,2.11,0.89,0
0.61,0.0,1.0,1.0,-1.23,-4.15,1.39,1.0,3.0,6.69,7.15,0.25,-0.61,106.2,3.0,0.0,0.61,0.39,3.24,-0.61,-0.46,-0.61,4.23,1.0,0.0,2.61,1.23,0
1.0,0.0,1.0,3.0,0.0,0.0,1.32,-0.36,-5.12,12.96,23.68,0.4,0.0,83.24,1.0,-0.36,0.52,3.0,4.45,0.0,1.68,0.0,11.32,0.83,0.0,4.36,0.0,1
0.79,0.0,1.0,0.0,0.0,0.79,0.21,1.0,3.57,0.79,-2.36,2.11,-0.79,-5.5,2.21,0.79,-7.86,1.79,0.39,0.0,1.0,0.0,-0.36,1.0,0.0,1.21,0.0,0
0.0,-0.85,3.0,1.0,0.0,13.45,6.85,1.0,0.85,0.0,1.85,-1.25,6.0,100.0,3.55,-4.25,3.0,2.85,-6.77,-7.19,8.85,2.0,3.15,1.0,0.0,4.0,0.0,1
0.0,0.0,1.0,1.0,0.0,0.6,1.6,1.0,0.6,0.4,5.8,0.66,1.2,71.0,2.8,-0.6,1.4,1.4,6.56,0.0,1.0,0.0,2.8,1.0,0.0,3.6,0.0,0
0.0,1.0,1.0,4.96,0.0,0.0,2.0,4.0,3.02,16.94,26.87,-1.48,0.0,169.17,1.01,1.98,4.0,2.0,3.71,0.99,1.0,0.0,1.0,1.0,0.0,0.01,0.0,0
0.0,0.0,1.0,0.31,-1.38,0.0,1.31,0.31,-0.77,3.23,13.62,0.68,-0.69,50.28,-1.07,1.0,-4.53,0.31,3.89,0.69,0.0,0.0,-0.77,1.23,0.0,0.31,-0.69,0
0.0,0.0,1.0,4.77,0.0,0.0,1.0,1.77,3.84,11.61,16.3,-1.16,0.77,142.99,3.54,2.0,1.54,1.0,3.59,1.77,1.0,0.0,3.54,1.0,0.0,1.0,0.0,0
0.0,0.0,1.0,1.0,0.0,0.0,1.0,1.0,0.0,1.0,5.0,0.83,0.0,80.0,2.0,0.0,0.0,1.0,4.8,0.0,1.0,0.0,2.0,1.0,0.0,1.0,0.0,0
0.95,0.0,1.0,0.95,0.0,2.84,1.0,1.0,1.89,6.62,6.84,1.1,0.95,62.46,1.05,1.89,3.0,2.95,4.55,0.95,1.05,0.0,3.0,0.67,0.0,1.05,0.0,0
0.0,2.67,1.0,0.0,0.0,1.34,1.0,2.0,0.0,1.0,0.66,2.66,0.0,100.0,0.33,3.34,0.0,0.66,7.86,8.03,1.67,0.0,2.67,1.0,0.0,1.67,0.0,0
0.0,0.0,1.0,0.0,0.0,-1.6,1.0,1.0,-3.19,0.8,6.79,0.87,0.0,-14.37,-0.39,-1.6,-0.6,2.0,1.46,0.0,2.0,0.0,2.0,1.0,0.0,2.8,-0.8,0
0.0,0.0,1.72,0.72,0.0,4.0,1.72,1.0,0.0,-2.89,12.06,0.28,1.0,51.28,3.72,0.0,6.44,2.44,6.8,0.0,1.72,0.0,1.28,1.0,0.0,1.0,1.0,0
1.24,2.0,1.0,-0.62,0.0,-1.24,1.62,2.0,0.0,4.1,-1.1,0.6,0.0,92.57,1.0,2.0,3.71,2.62,-0.84,-0.62,1.0,0.0,3.86,1.0,0.0,1.0,0.62,0
0.0,0.0,1.95,0.0,0.0,6.85,1.0,1.0,-0.95,2.85,17.45,0.18,1.0,55.08,2.05,0.0,5.9,1.0,2.49,-0.95,0.05,0.0,5.8,0.62,0.0,0.05,0.0,1
1.18,0.59,1.0,-0.59,0.0,10.0,1.59,2.77,1.0,4.12,2.41,4.58,0.0,11.79,3.59,0.0,3.77,1.41,3.75,1.0,1.0,0.0,2.59,1.0,0.0,3.0,0.59,0
0.0,2.0,1.0,-0.54,0.0,-1.62,0.46,1.0,-0.54,0.54,4.33,3.75,-1.08,-27.04,-1.62,4.0,0.54,0.54,2.17,4.54,0.46,0.0,1.46,0.5,0.0,2.92,0.0,0
0.0,0.63,1.0,-0.63,0.0,3.63,1.0,1.0,0.0,-0.63,-0.88,4.28,0.0,-31.36,1.37,2.51,2.0,-0.25,6.06,8.15,4.37,0.0,1.63,1.0,0.0,1.63,1.0,0
1.0,0.62,1.0,6.69,0.0,2.07,2.0,0.31,4.0,10.69,30.53,-0.07,0.0,65.45,2.0,-1.38,25.76,2.0,3.4,0.0,-0.69,0.0,19.0,0.63,0.0,2.69,0.0,1
-1.05,3.16,1.0,-0.53,-1.05,1.05,1.0,1.0,3.0,1.0,1.47,1.64,0.0,-17.38,4.05,0.53,-19.5,1.0,3.25,2.0,1.47,0.0,1.47,0.5,0.0,2.53,2.0,0
0.0,0.0,1.0,1.0,0.0,4.99,2.0,1.0,1.99,0.0,-3.98,2.12,0.0,38.82,3.0,-1.0,2.0,1.0,-1.24,-1.0,6.0,0.0,2.99,1.0,0.0,0.0,1.0,0
0.0,-0.53,1.0,0.0,0.0,2.63,0.95,3.0,0.37,1.47,11.69,0.89,0.53,55.0,0.47,0.0,0.89,2.0,2.5,0.47,-0.05,0.0,4.05,1.0,0.0,2.0,0.53,0
0.0,0.0,1.0,0.0,0.0,-2.34,2.78,1.0,-2.12,2.34,12.7,1.7,-1.56,17.94,0.66,-8.58,1.0,1.0,-0.23,0.22,1.22,0.0,0.22,1.0,0.0,1.44,0.0,0
0.0,1.8,1.0,2.2,0.0,0.0,1.6,2.8,5.4,4.6,23.99,-0.04,1.0,44.0,4.8,1.2,3.2,2.2,1.89,1.0,0.8,0.0,5.8,0.9,0.0,3.6,1.2,1
0.0,0.0,1.0,0.0,0.0,-6.53,0.07,1.0,3.8,2.07,2.27,-0.0,-0.93,59.73,5.73,1.93,1.87,0.07,0.76,-0.87,0.07,0.0,1.0,1.0,0.0,3.93,0.0,0
0.0,0.0,1.0,0.99,0.0,2.98,0.01,-0.98,-2.97,11.97,22.96,1.53,0.0,116.69,1.99,0.0,6.0,1.01,6.44,0.0,1.0,0.0,4.02,0.5,0.0,2.0,0.0,0
-0.81,-0.81,1.0,-0.81,-1.63,4.07,1.0,-5.51,-13.83,-2.26,-3.14,4.38,0.0,-42.03,-1.44,-3.26,-8.39,0.37,-0.54,0.0,1.0,0.0,-1.44,1.2,0.0,2.0,-0.81,0
0.0,6.48,1.0,0.52,0.0,0.52,-0.03,1.0,2.07,2.58,5.17,1.28,0.0,43.92,-1.03,4.03,-0.1,1.03,3.19,2.0,-1.55,0.0,3.03,1.0,0.0,3.03,0.52,0
0.0,0.0,1.0,-0.76,0.0,0.49,0.24,1.0,-0.76,-0.27,8.24,2.32,0.0,-6.21,1.0,3.0,0.0,2.0,1.88,0.0,0.24,0.0,1.24,1.0,0.0,3.0,0.0,0
0.0,0.0,1.0,1.0,0.0,0.0,1.88,1.0,1.88,-3.52,-5.15,1.34,0.88,34.09,6.76,-1.76,5.39,1.0,0.3,0.0,2.88,0.0,3.0,1.0,0.0,1.0,1.76,0
0.0,0.0,1.0,-0.8,-1.59,4.0,0.2,0.2,-3.18,-3.98,7.0,1.99,0.2,-55.66,-0.18,0.0,0.02,1.0,1.41,0.0,0.2,0.0,-1.98,1.27,0.0,1.0,-0.8,0
0.0,-0.66,1.0,1.66,0.0,-1.99,1.0,2.0,6.32,6.66,6.65,-2.52,1.0,112.67,4.99,-3.31,2.0,2.66,-4.28,-6.6,0.34,0.0,3.0,1.0,0.0,3.0,0.0,0
0.0,-0.81,1.0,0.0,0.0,0.0,0.19,0.19,0.0,-3.23,3.62,1.78,0.0,8.89,2.0,0.0,-0.62,2.0,2.81,0.0,2.0,0.0,-2.85,1.23,0.0,1.19,0.0,0
0.0,0.0,1.0,0.76,0.0,4.0,1.0,1.0,4.52,1.0,-25.12,0.95,2.0,-7.56,4.52,0.0,-1.52,-1.28,1.4,0.0,3.0,0.0,1.0,1.0,0.0,3.76,0.0,0
0.0,0.0,1.0,1.0,0.0,1.0,2.83,1.83,2.17,11.83,27.25,0.11,0.0,86.35,3.17,3.0,22.56,1.83,4.76,0.83,0.83,0.0,12.13,0.27,0.0,2.17,1.0,1
0.0,-0.9,1.0,1.0,0.0,2.7,-0.8,1.0,-3.51,0.9,6.41,3.21,0.0,136.95,7.0,0.9,-6.21,1.0,-0.35,-0.9,-0.8,0.0,4.9,1.0,0.0,3.7,0.0,0
0.0,4.0,0.02,0.0,0.0,5.9,0.02,1.0,0.0,-2.95,-10.82,4.12,0.0,-57.05,-0.98,2.0,1.98,0.98,-1.39,0.0,0.0,0.0,0.03,1.39,0.0,3.0,0.0,0
0.0,0.0,1.0,0.87,0.0,5.74,2.74,1.0,2.13,5.36,7.36,0.01,3.74,27.32,2.13,0.87,10.45,1.0,5.5,0.87,3.87,0.0,2.74,1.0,0.0,3.0,0.0,0
0.0,-6.59,1.0,0.0,0.0,0.0,1.0,1.0,2.82,1.94,9.94,-0.05,0.94,23.53,2.88,-2.82,1.94,2.94,-0.77,0.06,1.94,0.0,3.0,1.0,0.0,0.06,0.0,0
0.0,0.0,1.0,1.0,0.0,0.0,1.0,2.0,6.98,5.01,4.99,-1.12,1.99,-5.27,-0.96,0.0,4.97,2.0,4.43,2.99,0.01,0.0,3.99,1.0,0.0,2.01,0.0,0
-0.75,-1.5,1.0,-4.51,0.0,4.0,0.25,1.0,-3.0,1.49,5.48,1.59,0.75,19.67,1.75,0.0,-7.52,1.25,1.73,0.0,1.75,0.0,-6.77,0.78,0.0,1.25,0.75,0
0.26,-2.87,1.0,4.0,0.0,-1.91,1.04,-3.74,-4.79,-3.06,31.56,0.13,0.0,96.79,0.04,-1.91,-24.2,3.91,1.45,1.0,0.04,0.0,-2.36,1.03,0.0,1.04,-0.96,0
1.0,2.0,1.0,1.0,2.0,-1.26,1.0,9.0,17.0,4.0,6.21,2.72,-0.63,75.0,3.63,5.0,11.47,2.0,0.51,0.0,-0.63,0.0,3.37,0.75,0.0,1.0,0.37,1
0.0,3.79,1.0,0.0,0.0,1.4,2.3,1.0,4.3,-2.49,-4.89,3.08,0.0,-46.79,2.3,1.4,8.7,-1.09,2.48,1.0,2.3,0.0,1.7,1.0,0.0,2.4,0.0,0
0.0,-4.94,1.0,1.0,0.0,-0.65,2.0,1.0,1.82,2.65,1.0,-0.09,3.0,82.37,7.47,4.18,1.82,1.0,6.5,4.0,6.65,1.0,2.18,1.0,0.0,2.0,0.0,0
0.0,4.0,1.0,-1.81,0.0,0.0,1.0,1.0,-0.91,0.0,-3.63,2.18,0.0,-83.47,-0.91,2.0,1.0,0.0,-14.06,0.0,0.91,0.0,2.0,1.0,0.0,2.09,0.0,0
0.0,0.0,1.0,1.68,0.0,4.37,2.37,1.0,6.0,7.1,5.47,-0.13,3.37,115.87,3.32,12.68,7.15,1.0,8.38,0.32,-0.37,0.0,5.73,1.0,0.0,3.0,0.0,0
0.0,0.0,2.0,0.0,0.0,3.0,1.34,0.34,0.0,3.66,13.31,0.85,0.0,52.76,2.66,0.66,1.03,0.34,1.81,0.0,1.0,0.0,3.69,0.6,0.0,2.66,0.0,0
0.0,-0.91,1.0,-2.73,0.0,1.82,0.09,-0.82,0.0,-8.18,-18.99,6.77,0.0,-58.17,2.82,0.0,-10.0,1.09,-2.6,1.0,1.0,0.0,-1.73,1.0,0.0,1.18,-0.91,0
1.0,0.0,1.0,-0.94,2.0,0.94,4.0,1.0,3.0,4.0,-0.82,1.39,1.0,-5.14,2.0,1.94,0.0,1.0,2.04,2.88,1.94,0.0,1.06,1.0,0.0,2.94,0.0,0
0.0,0.0,1.0,2.66,0.0,0.83,2.0,0.17,-2.14,5.17,23.28,0.34,0.0,75.75,0.17,1.0,6.8,1.0,4.91,0.0,-0.83,0.0,5.31,1.0,0.0,2.66,0.83,0
0.0,0.0,1.0,1.0,2.0,10.94,4.0,1.0,-0.94,0.0,4.87,2.0,1.0,33.0,-0.87,2.81,1.0,2.94,6.87,3.94,1.25,1.0,2.0,1.0,0.0,0.06,0.0,0
0.0,4.0,1.0,0.63,0.0,1.26,0.37,1.0,-0.63,3.15,5.68,2.32,-0.63,52.97,-2.52,2.0,-0.89,0.0,3.78,0.63,-0.63,0.0,1.37,1.0,0.0,3.0,-1.26,0
0.0,1.0,1.0,0.33,0.0,2.01,2.0,2.0,0.0,5.67,4.33,0.78,0.0,39.87,2.34,0.67,2.66,1.33,-0.03,0.0,1.0,0.0,7.67,0.71,0.0,4.67,0.0,1
0.0,0.53,1.0,1.53,1.0,-1.59,2.53,2.53,2.0,13.59,54.47,-0.64,0.0,103.07,0.94,-0.53,12.12,2.53,1.57,0.0,0.0,0.0,6.65,0.85,0.0,2.0,1.0,1
-5.41,0.0,1.0,-2.71,0.0,1.8,1.9,0.1,5.9,-9.83,-32.48,0.76,1.8,42.86,5.9,2.9,-0.71,0.1,2.83,0.0,1.0,0.0,-5.32,1.38,0.0,2.0,0.0,0
0.0,0.0,1.0,1.0,0.0,5.5,3.87,1.0,1.0,-1.87,-2.5,0.11,3.75,-3.98,3.75,1.0,14.75,0.13,5.82,1.0,1.0,0.0,2.38,1.44,0.0,1.13,0.0,0
3.94,0.0,1.0,2.63,0.0,7.0,2.66,1.66,1.34,12.51,32.91,-0.02,1.0,35.74,-2.29,1.0,9.86,2.66,6.39,2.66,1.34,0.0,8.23,0.73,0.0,1.0,0.0,1
2.0,1.0,1.0,0.62,0.0,4.25,2.62,4.0,1.25,10.87,9.62,0.43,0.0,133.44,2.0,0.0,6.38,1.0,3.84,0.0,-1.25,0.0,4.25,1.0,0.0,1.38,1.0,0
-0.58,2.91,1.0,0.42,-1.16,0.0,1.0,-3.66,-8.9,-2.33,-4.82,2.47,0.0,56.34,5.25,-1.16,-5.4,-0.16,1.5,1.16,1.0,0.0,2.84,1.15,0.0,1.58,-0.58,0
0.0,-0.59,1.0,-0.59,0.0,0.0,0.41,0.41,1.0,-2.97,-0.59,1.96,0.0,-35.65,3.59,0.0,3.41,1.0,1.11,2.0,3.59,0.0,-1.38,0.97,0.0,0.81,0.0,0
0.0,0.0,0.0,0.0,0.0,0.0,0.0,1.0,0.0,5.0,0.0,2.62,0.0,0.0,0.0,0.0,0.0,0.0,0.0,0.0,0.0,0.0,2.0,1.0,0.0,3.0,0.0,0
0.0,0.0,1.0,1.0,0.0,0.33,1.0,1.0,0.0,6.0,9.67,0.77,-0.56,98.93,0.44,0.44,2.11,2.56,2.41,0.0,2.0,0.0,3.22,0.72,0.0,2.56,0.0,0
1.0,0.0,1.0,1.0,0.0,0.58,1.58,1.0,1.73,11.77,22.92,0.09,0.0,85.81,2.73,1.73,7.19,1.42,6.26,0.0,0.42,0.0,6.04,0.78,0.0,3.0,0.58,0
0.0,0.0,1.0,0.21,0.0,7.73,1.0,1.0,8.36,3.79,-0.79,0.85,2.0,58.12,4.79,12.0,1.79,0.21,3.21,1.79,1.0,0.0,3.0,1.0,0.0,1.42,0.0,0
0.41,2.0,1.0,1.0,0.82,0.0,-0.77,9.0,18.18,2.23,8.82,0.28,-0.59,69.11,4.77,5.59,15.18,2.0,0.33,-0.59,0.0,0.0,3.41,0.75,0.0,1.0,1.0,1
0.0,9.61,1.0,0.0,-1.22,2.88,-0.22,1.61,0.0,3.06,1.22,6.1,-0.61,16.53,3.0,2.0,5.84,2.0,-0.0,-0.84,-2.45,-0.61,8.06,0.63,0.0,2.84,1.0,1
0.0,0.0,1.0,0.0,0.0,4.0,1.0,1.0,0.0,-2.42,1.36,2.25,1.0,-60.41,3.0,2.39,3.19,1.0,4.65,0.81,1.0,0.0,1.19,1.0,0.0,1.81,0.0,0
0.0,6.93,1.0,0.0,0.0,2.98,1.0,1.0,0.0,9.0,19.0,-0.5,0.0,88.0,2.98,-2.97,8.97,2.99,-10.12,-11.87,0.01,0.0,8.97,0.1,0.0,1.01,0.0,1
0.0,0.0,1.0,1.0,0.0,1.0,2.0,1.0,1.0,0.38,-23.05,1.3,3.0,-59.82,5.62,5.0,-0.23,-0.23,5.77,4.0,6.23,1.0,3.0,1.0,0.0,2.0,0.0,0
0.0,-0.79,1.0,0.79,0.0,6.04,1.0,1.0,2.58,0.79,6.16,0.86,0.0,52.21,4.58,-7.91,2.0,2.0,-1.23,-4.54,0.21,0.0,2.0,1.0,0.0,3.0,0.0,0
1.0,0.0,1.0,0.27,0.0,3.0,2.0,1.0,4.46,6.27,-0.1,1.24,1.0,14.27,2.46,2.0,1.54,1.27,0.68,1.0,1.0,0.0,2.73,1.0,0.0,0.27,0.0,0
0.0,0.0,1.0,1.51,0.0,3.0,1.0,1.0,1.0,2.0,6.51,0.4,3.0,93.25,3.51,2.51,1.0,1.0,4.34,0.0,0.49,0.0,6.02,0.8,0.0,0.98,0.0,0
2.82,1.0,1.0,0.82,0.0,4.63,2.0,3.18,-0.82,10.63,25.3,0.79,0.0,127.83,1.18,0.0,6.18,1.0,6.71,1.63,-0.82,0.0,3.0,1.0,0.0,2.0,1.82,0
1.0,0.0,1.0,1.53,0.0,3.6,2.0,1.0,0.0,2.53,25.72,0.1,0.0,88.51,0.4,0.0,3.13,2.53,5.82,1.47,0.47,0.0,3.53,1.0,0.0,1.47,1.0,0
-1.37,0.0,1.0,0.0,0.0,0.0,0.31,1.0,1.0,-6.86,-4.11,2.75,0.0,-49.36,3.31,0.0,-4.17,1.0,-2.97,0.69,3.0,0.0,-0.06,1.0,0.0,2.69,-0.69,0
-0.87,-0.73,1.0,-0.87,-1.73,2.6,3.0,-5.93,-9.73,-2.47,-7.8,4.75,0.0,-65.0,3.0,-4.33,-4.13,0.13,0.98,1.0,3.0,0.0,-0.73,1.22,0.0,1.0,-0.87,0
0.0,0.0,1.0,-0.72,0.0,5.43,0.28,1.0,-0.72,-0.72,7.0,4.86,-1.15,0.0,1.57,-3.58,4.28,1.0,-2.08,-2.86,-2.58,-0.72,1.28,1.0,0.0,0.28,1.0,0
0.0,0.0,1.0,0.05,2.0,0.0,2.0,1.05,4.0,2.2,-1.65,1.11,1.0,32.93,5.95,0.0,6.1,0.1,1.45,0.0,2.95,0.0,4.1,0.67,0.0,2.95,1.0,0
0.0,0.0,1.0,1.77,0.0,1.55,2.55,1.0,0.23,3.86,4.86,1.04,1.55,110.04,3.23,1.77,10.27,1.0,4.9,0.77,3.77,0.0,4.55,1.0,0.0,2.0,0.0,0
0.0,0.0,1.0,0.0,0.0,0.0,1.22,-0.55,-5.99,2.67,14.77,0.43,0.0,73.21,0.22,-0.78,-6.99,3.0,2.14,1.0,1.0,0.0,-0.55,1.0,0.0,0.22,0.78,0
0.0,0.0,1.0,-0.54,0.0,0.0,2.54,1.0,1.54,-1.08,-10.35,2.16,0.0,-30.8,4.08,-0.54,0.46,0.46,2.2,1.54,2.54,0.0,1.0,1.0,0.0,3.0,-0.54,0
0.0,0.0,1.0,0.0,0.0,7.11,0.22,-0.56,-2.34,-1.56,6.22,2.33,1.78,-42.83,4.56,0.0,6.56,0.22,2.52,-0.78,1.0,0.0,1.22,1.0,0.0,0.22,1.78,0
0.0,0.68,1.0,0.32,0.0,3.41,2.0,0.32,-3.41,0.91,6.27,3.81,-0.68,27.96,-0.36,7.82,1.32,1.32,6.09,4.41,1.0,0.0,2.32,0.67,0.0,4.0,0.0,0
0.0,5.5,3.0,-15.58,0.0,1.83,-3.25,1.0,0.0,0.0,2.17,2.6,-5.33,-45.83,2.83,0.92,10.17,1.08,-4.42,1.08,4.25,1.0,5.0,1.0,0.0,2.92,0.08,0
0.0,-0.91,1.0,3.74,0.0,2.91,3.91,1.91,1.0,13.3,27.16,-0.58,2.0,40.15,2.0,-0.83,23.04,1.0,8.16,1.0,0.09,0.0,7.74,1.0,0.0,3.83,0.91,1
-0.94,-1.87,3.0,-4.69,0.0,1.87,5.0,1.0,-0.94,-6.56,-18.49,0.61,2.0,-9.37,1.94,0.0,-9.56,1.06,4.11,2.0,8.87,1.0,-10.0,1.35,0.0,2.0,1.0,0
0.0,0.51,1.0,-0.51,0.0,8.53,1.0,1.0,3.0,-0.03,-1.1,3.12,0.0,22.99,0.99,0.51,1.99,-0.01,-0.54,1.0,0.49,0.0,0.49,1.0,0.0,-0.52,0.0,0
0.0,0.0,-0.98,0.99,0.0,0.99,-2.95,1.0,9.9,8.93,11.93,0.72,-1.98,126.04,2.0,2.98,-9.89,1.99,1.48,0.01,-5.92,-0.99,-0.98,1.0,0.0,3.99,0.0,0
0.0,1.0,1.0,0.0,0.0,10.69,1.0,1.0,0.57,-1.14,0.0,6.29,0.0,-18.77,0.57,1.0,1.14,0.57,0.52,0.0,-0.57,0.0,1.0,1.0,0.0,2.14,0.0,0
0.0,0.0,1.0,0.0,0.0,-1.84,0.39,1.0,-2.45,0.39,5.61,1.7,-1.22,61.87,1.0,-6.12,3.61,2.0,-3.15,-1.22,2.22,0.0,1.0,1.0,0.0,0.78,0.0,0
0.0,-2.64,1.0,1.0,0.0,-1.32,2.66,1.66,1.66,1.0,2.32,-1.87,2.0,50.0,5.98,-1.32,4.66,2.32,3.79,3.34,5.32,0.0,4.66,0.5,0.0,1.34,0.0,1
0.0,-0.83,1.0,-1.48,0.0,2.0,1.17,-0.65,4.65,-1.96,-3.13,0.8,0.0,90.09,3.0,0.83,-1.65,1.0,-0.12,0.0,2.0,0.0,5.48,0.59,0.0,1.17,-0.83,0
0.0,0.0,1.0,0.4,0.0,0.0,1.6,2.2,7.78,5.19,4.19,0.21,1.0,44.02,5.4,1.2,9.18,1.0,-6.6,1.0,1.4,0.0,4.6,1.0,0.0,2.4,0.0,0
0.0,0.0,1.0,1.0,0.0,0.0,1.0,1.0,0.04,3.84,49.97,-0.25,0.0,96.16,-0.76,0.0,0.04,1.96,0.22,0.0,1.04,0.0,0.12,1.0,0.0,2.96,0.0,0
-0.64,0.0,1.0,1.0,2.0,0.0,2.0,2.0,4.64,2.18,-4.55,0.96,1.0,104.27,7.55,0.0,7.36,1.36,-2.01,0.0,2.64,0.0,6.64,0.67,0.0,0.73,1.0,1
0.0,0.0,1.0,1.11,0.0,2.17,1.0,1.0,0.0,1.95,4.62,1.52,0.0,25.03,2.0,0.56,1.44,1.0,0.48,0.28,3.89,0.0,1.28,1.0,0.0,1.0,0.72,0
0.0,0.0,1.0,1.93,0.0,4.85,2.0,1.0,1.0,4.64,11.2,-0.21,2.0,127.87,4.93,0.0,2.78,0.07,10.53,0.0,2.0,0.0,4.0,1.0,0.0,2.07,0.0,0
-1.41,0.0,1.0,0.0,-31.74,0.0,1.71,1.0,0.71,2.41,-26.63,1.84,0.0,23.28,5.41,0.0,1.41,1.0,1.26,1.71,1.71,0.0,-1.82,1.0,0.0,3.0,0.0,0
0.85,1.71,1.0,4.26,0.0,-0.85,2.85,2.0,-3.26,3.41,14.79,0.31,0.0,5.12,3.85,-1.71,19.91,1.15,0.01,-0.85,2.0,0.0,16.65,0.69,0.0,1.15,-0.85,1
0.0,5.72,1.0,-0.95,0.0,0.0,1.05,2.05,3.0,-2.77,3.23,1.08,0.0,-2.19,0.05,2.86,2.05,0.09,2.64,2.91,0.05,0.0,-1.77,1.27,0.0,0.09,0.0,0
2.0,0.0,1.0,1.0,0.3,-8.48,-1.54,1.0,0.0,0.85,2.7,0.5,-0.85,72.83,1.85,0.0,55.15,0.15,0.5,-2.54,-2.39,-0.85,3.0,1.0,0.0,1.0,0.0,0
0.0,0.0,1.0,-0.52,1.04,-1.56,2.04,1.0,1.04,2.0,0.4,0.56,0.52,44.44,2.52,0.0,0.0,0.48,4.69,3.08,2.52,0.0,1.48,1.0,0.0,1.0,0.0,0
0.0,-0.59,1.0,1.59,0.0,3.0,2.59,1.0,5.0,3.38,1.78,-0.01,2.0,6.21,4.0,9.81,2.38,1.0,10.09,2.0,1.0,0.0,5.97,0.83,0.0,4.78,0.0,0
0.0,0.0,1.0,-0.99,0.0,0.99,1.01,2.0,-3.97,-0.99,8.96,1.34,-0.99,-29.82,1.01,-9.94,5.98,2.0,-4.62,-1.99,2.0,0.0,2.01,1.0,0.0,0.01,0.0,0
0.66,0.0,1.0,1.98,0.0,2.02,1.66,1.0,3.66,10.89,17.51,-0.63,2.0,74.05,2.34,0.66,3.96,2.32,3.43,0.0,0.36,0.0,8.26,0.89,0.0,4.32,-0.66,1
0.0,0.0,-0.59,1.0,0.0,3.0,-2.19,1.0,0.0,2.0,8.41,1.74,-1.59,63.0,1.8,0.0,-4.76,2.0,-1.49,-1.59,-3.98,-0.8,-0.39,1.0,0.0,2.0,-0.8,0
0.0,0.0,1.0,1.0,0.0,-3.56,2.0,1.0,0.89,5.0,2.77,0.13,-0.89,75.0,1.0,-2.56,-0.67,2.0,-1.16,1.0,3.67,0.0,2.11,0.67,0.0,5.78,0.0,0
0.0,0.0,1.0,0.73,0.0,0.0,1.0,1.0,5.0,1.0,-0.73,0.65,0.0,78.21,7.91,2.0,0.54,1.0,2.09,0.0,1.73,0.0,2.46,1.0,0.0,3.46,0.0,0
0.0,0.0,1.0,1.0,0.0,5.06,2.0,1.0,2.24,3.0,6.35,0.5,0.76,81.0,3.0,0.0,0.0,1.0,2.19,-1.53,0.47,0.0,3.76,1.0,0.0,1.24,0.0,0
4.0,9.0,1.0,4.0,0.0,1.0,2.0,1.0,1.0,20.0,19.0,0.2,0.0,89.0,1.0,0.0,9.0,2.0,4.03,0.0,1.0,0.0,6.0,0.83,0.0,2.0,0.0,1
0.0,0.7,1.0,1.7,0.0,-0.7,1.7,1.7,-0.4,1.4,-8.09,1.4,0.0,89.51,5.0,-0.7,-2.5,1.0,1.91,0.0,2.7,0.0,2.3,1.15,0.0,2.4,0.0,0
0.0,1.54,1.0,1.54,0.0,0.0,2.51,2.54,3.56,3.08,22.0,0.05,0.0,46.14,2.0,1.03,4.03,1.51,1.44,0.0,0.97,0.0,4.05,0.91,0.0,2.0,1.03,0
-1.56,-0.78,1.0,1.0,2.0,0.0,1.22,-0.35,4.0,0.52,2.65,0.85,1.0,56.14,5.78,0.78,2.52,2.0,1.56,0.0,2.78,0.0,5.22,0.67,0.0,3.56,0.22,0
0.0,2.0,1.0,0.0,0.0,-1.87,1.0,1.0,0.62,0.0,-3.75,3.96,0.0,36.86,1.87,3.38,0.62,0.0,3.17,4.0,1.62,0.0,1.38,0.5,0.0,2.75,0.0,0
0.0,0.0,1.0,0.4,0.0,-0.8,1.4,1.0,3.6,-0.6,3.0,0.86,-0.2,82.0,2.0,-5.6,20.2,1.0,-1.83,-0.2,2.2,0.0,4.4,0.6,0.0,1.4,1.0,1
-2.0,-1.0,1.0,1.0,0.0,-3.0,1.0,-1.0,4.0,-5.99,-5.0,0.19,1.0,17.03,5.0,0.0,-2.0,2.0,1.32,2.0,3.0,0.0,4.0,1.0,0.0,3.0,-1.0,0
0.0,0.0,1.0,0.14,0.0,0.0,1.0,1.86,0.0,1.86,7.58,0.62,-1.72,80.0,-0.58,0.0,-0.86,1.86,3.0,-2.58,-1.58,0.0,1.14,1.43,0.0,1.0,0.0,0
0.0,0.0,1.0,1.0,0.0,0.0,1.0,1.0,-1.83,4.0,75.74,-0.03,0.0,155.04,-0.22,0.0,-4.26,3.83,-0.97,-1.22,-1.22,0.0,1.0,1.3,0.0,2.0,-1.22,0
0.0,0.0,1.0,1.73,0.0,0.82,1.73,1.0,8.18,2.27,0.0,0.48,1.27,126.9,3.27,12.73,14.78,1.0,7.54,1.73,-0.45,0.0,5.9,0.71,0.0,2.27,0.73,1
0.0,-2.29,1.0,1.0,0.0,3.14,2.0,1.0,5.86,4.14,1.0,0.15,0.0,115.33,5.86,0.57,0.57,1.57,2.78,0.57,2.57,0.0,2.43,1.0,0.0,1.43,0.57,0
0.0,0.72,1.0,0.0,0.0,2.57,1.0,1.72,-2.15,1.43,9.86,1.01,1.0,-15.03,1.57,0.0,8.86,1.72,3.47,0.0,0.28,0.0,4.86,0.8,0.0,2.43,0.0,0
0.0,-2.54,1.0,1.0,0.0,1.27,1.0,1.0,1.0,0.0,5.45,-0.37,0.64,100.0,6.91,1.27,2.91,1.64,3.34,-0.64,2.64,0.0,3.0,1.0,0.0,-0.27,0.0,0
0.0,0.0,1.0,0.67,0.0,0.67,1.0,1.0,0.67,0.67,4.0,0.91,1.35,4.04,1.33,6.06,2.33,2.0,4.55,0.0,2.0,0.0,4.35,0.67,0.0,2.67,-0.67,0
0.0,0.0,1.0,-1.2,0.0,2.39,1.0,1.0,-0.6,2.0,3.6,1.32,0.6,-22.02,2.0,2.39,1.79,0.4,-3.99,1.0,2.0,0.0,2.0,1.0,0.0,-0.2,0.0,0
0.0,0.0,1.0,0.0,0.0,-0.95,0.05,1.0,-0.89,-10.42,-17.04,2.45,0.0,11.36,4.0,-1.89,-7.47,1.0,-0.69,0.0,5.84,0.0,-2.73,1.36,0.0,1.05,-0.95,0
0.0,-1.94,4.0,-1.94,0.0,1.0,4.35,-0.94,0.41,-1.59,-18.52,1.27,0.0,78.47,5.59,-0.29,-1.29,-0.29,1.39,1.0,2.29,0.0,-2.23,1.11,0.0,1.0,-1.29,0
0.0,-0.62,1.0,1.0,0.0,0.14,1.0,1.0,0.62,6.24,12.0,-0.56,0.0,145.98,5.72,-3.1,3.0,1.62,-0.56,-7.06,1.62,0.0,0.38,1.0,0.0,1.38,0.0,0
0.0,0.0,1.0,-0.85,0.0,0.0,1.0,1.0,6.42,1.85,1.15,-0.31,0.0,-34.17,3.0,1.71,10.85,1.0,4.11,2.0,1.15,0.0,0.29,0.5,0.0,2.0,2.0,0
0.0,4.0,1.79,-0.79,0.0,4.74,1.79,1.0,2.37,-3.16,-6.32,1.95,0.0,-8.7,0.79,1.21,-7.7,0.0,-2.37,0.0,0.0,0.0,-0.37,0.6,0.0,2.21,0.0,0
0.0,0.0,1.85,0.0,0.0,0.0,2.7,1.0,1.85,-4.26,0.85,2.02,0.0,0.0,5.56,0.0,0.85,1.85,1.28,0.85,2.7,0.0,0.15,1.0,0.0,3.0,0.0,0
0.0,-0.68,1.0,-0.68,0.0,0.0,0.32,0.32,3.68,-1.03,-1.38,1.46,0.0,27.06,6.38,0.0,7.97,0.32,1.57,2.0,2.68,0.0,-2.06,0.69,0.0,0.65,2.0,0
0.0,-5.97,1.0,0.0,0.0,-1.99,1.0,1.0,4.97,1.99,9.0,-1.67,0.0,59.7,2.99,0.99,2.99,2.0,2.7,1.0,1.99,0.0,2.01,1.0,0.0,1.0,0.0,0
-0.63,0.0,2.25,0.37,0.0,0.0,4.51,1.0,5.0,1.24,7.48,0.02,1.25,30.35,3.0,0.0,24.27,2.0,1.44,1.25,3.76,0.63,13.88,0.67,0.0,2.37,1.63,1
0.0,0.0,2.13,0.57,0.0,16.06,4.83,1.0,1.43,2.0,4.57,0.34,4.4,97.61,-0.13,1.0,1.7,2.57,5.7,3.7,5.96,1.13,2.7,1.0,0.0,1.57,0.0,0
0.0,-0.57,1.0,1.57,0.0,2.0,1.57,1.0,2.87,5.57,12.0,-1.22,1.15,101.22,4.3,3.44,2.43,1.57,4.98,-5.31,1.0,0.0,1.57,1.0,0.0,2.0,0.0,0
0.0,0.73,1.0,1.0,0.0,1.0,2.73,3.2,5.93,18.34,27.8,-0.53,0.0,73.33,1.8,3.0,13.2,1.73,3.69,0.0,-0.73,0.0,6.53,0.62,0.0,3.0,1.0,1
0.0,0.0,1.0,0.0,0.0,0.0,1.3,1.0,0.3,0.0,2.0,1.24,0.0,0.0,1.3,-1.39,3.0,1.7,0.65,0.0,2.0,0.0,1.3,1.0,0.0,2.0,0.0,0
0.0,0.9,1.0,1.9,0.0,0.0,1.9,3.71,1.0,8.14,12.76,1.06,0.0,118.1,2.29,-1.81,2.81,1.9,2.27,0.0,2.0,0.0,3.0,1.0,0.0,0.1,0.0,0
0.0,-0.7,1.0,0.0,0.0,-1.4,1.0,1.0,3.0,7.29,14.28,-2.36,1.0,86.51,2.7,-3.49,7.49,2.4,-6.95,-8.09,1.0,0.0,4.8,0.65,0.0,0.3,0.0,0
0.0,0.0,1.0,0.11,0.0,-0.89,1.0,1.0,-7.99,0.45,16.78,0.83,0.0,43.83,1.89,-0.78,2.22,0.22,1.26,0.0,1.78,0.0,0.11,1.0,0.0,-0.78,0.11,0
0.0,3.82,1.0,0.05,0.0,-0.95,0.05,1.0,-0.95,1.0,4.05,4.49,-1.91,32.3,-1.82,1.91,0.95,0.05,2.18,0.95,-0.91,0.0,0.09,1.0,0.0,1.0,0.0,0
0.0,0.0,3.0,0.0,0.0,0.97,5.0,1.0,0.0,0.0,9.81,-3.72,2.97,0.0,1.0,0.0,15.87,2.0,7.24,2.0,7.97,1.0,5.0,1.0,0.0,2.0,1.0,0
2.0,0.0,1.0,0.0,45.0,0.0,1.82,1.0,0.82,4.11,48.94,-1.45,0.0,55.14,1.0,0.0,1.0,1.82,4.46,0.0,0.0,0.0,5.0,1.0,0.0,-0.65,0.0,1
0.0,0.0,0.21,0.21,2.0,0.0,0.42,2.0,2.42,5.21,-6.82,2.14,1.0,18.87,4.21,-0.79,7.21,1.21,-0.58,0.0,2.0,0.0,6.0,0.67,0.0,3.58,1.0,1
0.97,1.95,2.0,0.97,1.95,0.0,2.0,8.78,16.53,3.92,-27.15,0.79,0.0,11.6,3.95,4.86,11.7,-0.95,2.44,0.0,1.0,0.0,3.95,0.76,0.0,2.03,0.97,1
0.7,0.0,1.0,4.1,0.0,0.0,1.0,1.0,1.0,9.08,20.67,0.54,0.0,130.42,1.6,0.7,4.49,3.4,15.54,-0.7,1.0,0.0,9.68,0.88,0.0,4.4,0.0,0
0.0,0.0,1.0,0.0,0.0,2.61,1.0,1.0,1.46,3.0,18.54,0.85,0.0,75.0,0.46,1.0,9.54,2.0,1.7,0.0,0.54,0.0,8.0,0.5,0.0,0.93,0.54,1
0.0,0.26,1.0,0.0,0.0,7.96,1.0,1.0,0.0,0.0,0.74,3.46,0.0,0.0,0.74,0.26,2.96,1.48,0.0,0.0,0.74,0.0,2.48,1.0,0.0,1.74,0.0,0
0.0,0.0,0.21,0.79,0.0,-1.58,2.0,1.0,3.37,11.33,12.54,-0.04,0.0,90.74,2.58,2.37,6.33,3.0,2.89,1.0,0.21,0.0,3.37,1.02,0.0,1.79,0.79,0
-0.72,0.0,1.0,-0.45,0.0,1.45,1.72,2.0,5.0,-0.51,-6.85,0.3,2.45,58.15,3.72,0.0,5.62,0.55,5.12,2.72,1.0,0.0,-2.06,1.12,0.0,2.28,0.0,0
0.0,0.0,0.21,0.0,0.0,0.79,0.21,1.0,1.0,6.32,12.64,1.12,0.0,43.46,2.21,0.0,4.95,1.79,-0.29,0.0,4.0,0.0,4.16,0.6,0.0,2.21,0.0,0
0.0,1.33,1.0,-2.02,0.0,-0.67,0.33,-0.35,1.35,-6.07,-15.5,4.91,0.0,-43.14,1.35,4.0,-7.41,-0.67,2.01,4.0,1.67,0.0,-0.02,0.5,0.0,3.33,-0.67,0
0.0,0.0,1.0,0.0,0.0,1.79,1.0,1.0,-0.6,1.19,7.37,0.68,0.0,-22.08,-1.58,0.0,2.79,2.6,1.04,0.0,1.4,0.0,0.81,1.0,0.0,2.6,0.0,0
0.0,0.0,1.0,0.0,0.0,1.14,1.0,1.0,0.43,2.84,6.24,0.98,0.0,-9.08,0.16,0.0,2.14,1.0,3.69,0.57,4.0,0.0,-0.7,1.0,0.0,3.57,0.0,0
0.0,0.0,2.73,1.86,0.0,13.83,4.46,-0.73,-2.59,2.27,16.95,1.05,5.19,128.91,1.0,1.0,4.0,2.0,2.36,1.73,6.05,1.73,1.86,1.0,0.0,2.73,1.0,0
0.0,9.0,1.0,0.94,0.0,9.0,1.0,1.0,-0.94,0.0,0.94,6.06,0.0,94.47,3.94,2.94,4.94,2.0,1.69,1.0,1.89,0.0,5.94,0.8,0.0,0.06,1.0,1
0.0,-0.14,0.43,3.0,0.0,1.0,1.43,3.0,0.0,11.85,23.0,-0.41,0.0,64.0,1.0,-2.28,11.0,2.0,1.68,-2.28,-0.57,0.0,5.0,1.28,0.0,2.43,1.0,0
0.0,-0.75,1.0,-1.51,0.0,-0.75,0.25,-0.51,0.75,-5.79,-13.59,2.5,0.0,27.14,6.26,0.75,-7.54,0.25,-0.52,1.0,3.26,0.0,-0.51,1.0,0.0,1.49,-0.75,0
2.0,0.0,1.0,1.0,2.0,0.0,1.0,0.19,0.81,-3.23,-5.46,1.36,0.0,66.1,4.23,0.0,54.39,-1.42,0.04,0.0,1.81,0.0,2.19,1.0,0.0,1.0,0.0,0
0.0,-2.88,1.0,1.72,0.0,-1.44,1.0,1.0,1.0,0.72,6.03,-0.94,0.0,151.06,4.72,-0.44,1.72,2.44,4.45,-0.72,3.72,0.0,2.28,1.0,0.0,2.0,0.0,0
0.0,3.36,1.0,0.0,0.0,1.12,0.44,1.0,1.44,1.0,2.44,1.36,0.0,60.0,3.0,0.56,0.44,1.0,-0.24,-0.56,-1.12,0.0,3.56,1.0,0.0,1.44,0.0,0
0.0,1.0,2.3,0.65,0.0,15.41,3.6,1.0,-0.65,-3.25,-3.9,4.75,3.9,21.47,0.0,1.0,1.95,-0.65,0.49,1.3,4.55,1.3,2.95,1.0,0.0,2.95,0.0,0
0.0,0.0,1.0,-2.17,0.0,2.17,1.0,1.0,0.0,-3.79,-1.79,1.88,0.54,-48.75,2.54,-1.08,3.71,2.0,0.96,-0.54,2.0,0.0,2.0,1.0,0.0,2.0,0.54,0
0.0,0.0,1.0,1.0,-1.85,0.0,-0.85,1.0,-1.85,4.0,50.15,0.74,-0.93,47.78,1.0,0.0,-3.71,2.0,-3.6,-2.78,0.93,0.0,1.93,1.0,0.0,1.07,0.0,0
0.0,0.0,1.0,0.0,1.43,3.86,1.71,1.71,5.86,4.86,2.43,0.76,0.71,79.58,4.86,0.0,5.86,1.0,2.44,1.0,2.43,0.0,3.86,0.76,0.0,1.0,0.71,0
0.0,0.0,1.0,1.0,0.0,0.0,1.0,1.0,2.0,1.0,4.0,0.68,0.0,66.0,3.0,0.0,1.0,1.0,1.33,0.0,0.0,0.0,2.0,1.0,0.0,3.0,0.0,0
0.0,0.0,2.0,13.0,3.0,-0.98,2.0,1.0,2.98,6.0,27.04,-1.2,0.0,93.0,3.96,0.06,6.0,4.02,9.27,-0.98,4.91,0.0,7.0,0.86,0.0,2.98,3.0,1
0.0,-0.71,1.0,0.0,0.0,-3.53,1.0,1.0,2.71,0.0,0.0,-0.12,0.0,0.0,5.12,-0.71,0.71,1.71,1.0,0.0,3.82,0.0,2.0,1.0,0.0,3.41,0.0,0
0.0,6.0,1.0,0.0,0.0,2.0,0.39,1.0,-1.84,1.23,6.76,3.18,0.0,1.84,2.39,1.0,1.84,1.0,3.53,0.61,-0.61,0.0,0.77,1.0,0.0,2.0,0.0,0
0.0,0.47,1.0,0.88,0.0,-1.77,1.0,1.0,0.0,3.53,12.36,-1.72,0.0,66.19,1.77,0.23,1.88,1.77,2.68,-0.88,0.88,0.0,2.0,1.0,0.0,3.88,0.0,0
0.98,0.0,1.0,0.98,0.0,0.0,0.02,1.0,1.02,5.88,13.73,1.7,0.0,74.51,2.02,0.0,-0.98,1.98,8.21,0.0,0.02,0.0,2.0,1.0,0.0,2.98,0.0,0
0.0,0.0,2.98,1.0,2.0,10.0,7.97,1.0,-1.98,-0.99,3.99,-0.0,2.98,-26.51,-0.98,0.0,11.91,2.99,9.12,4.98,11.94,1.99,3.98,1.0,0.0,1.0,0.99,1
0.0,0.0,1.0,0.74,0.0,-1.49,1.74,1.0,1.0,1.49,-1.49,1.36,-1.49,48.33,3.0,0.0,1.0,1.0,0.06,0.0,3.26,0.0,2.49,1.0,0.0,2.26,0.0,0
0.0,-2.76,1.0,0.0,0.0,0.0,1.0,1.0,1.0,1.38,2.07,1.9,0.0,22.75,4.38,-1.38,-0.69,1.69,1.61,0.69,2.38,0.0,1.0,1.0,0.0,1.62,0.0,0
0.0,0.0,2.0,13.0,3.0,-1.91,2.0,1.0,-1.19,4.09,29.64,0.65,-1.28,114.69,2.0,-4.02,6.0,5.0,8.14,-0.64,2.28,0.0,7.0,0.86,0.0,1.36,3.0,0
0.0,0.0,1.0,0.8,0.0,2.39,1.2,1.2,0.2,3.59,10.37,0.74,0.0,100.16,-0.59,0.0,4.59,2.0,3.38,1.0,-0.59,0.0,2.2,1.0,0.0,2.0,0.0,0
0.0,0.0,1.0,-10.07,0.0,3.96,-4.33,1.0,0.59,9.59,18.41,1.67,-4.74,88.0,1.0,3.55,4.82,2.0,-0.44,2.96,0.41,0.0,5.41,0.5,0.0,2.0,-0.59,1
0.0,0.86,1.0,2.71,0.0,0.86,1.86,2.71,0.14,7.7,19.83,0.98,0.0,69.19,4.43,0.0,9.56,1.86,3.53,0.0,-0.71,0.0,5.71,1.0,0.0,2.71,0.86,0
0.0,0.0,0.32,-7.17,-2.04,3.36,1.32,1.0,1.64,2.32,-10.57,1.38,0.0,74.88,3.0,-2.04,-2.04,-1.72,-0.79,0.68,2.0,0.0,-1.08,1.1,0.0,2.0,-2.04,0
-0.89,0.0,1.0,-0.89,0.0,-1.79,0.11,1.0,0.0,2.21,-8.78,2.06,0.0,25.81,3.11,2.0,0.11,1.0,-1.74,-0.89,1.0,0.0,0.21,1.0,0.0,2.89,-0.89,0
0.86,0.0,1.0,1.0,0.0,3.72,1.0,1.0,-1.72,1.56,18.02,1.41,0.0,54.77,2.86,-0.86,3.0,1.86,8.71,2.72,1.86,0.0,1.86,1.0,0.0,2.86,0.86,0
0.86,0.0,1.0,0.14,38.68,-1.72,0.14,2.0,0.0,2.28,27.91,0.07,0.0,11.72,0.14,0.0,3.0,3.14,-0.02,-1.72,0.14,0.0,5.72,1.0,0.0,0.14,-0.86,0
0.0,0.71,1.0,0.0,0.0,0.0,1.0,3.13,5.13,3.84,0.58,0.33,0.0,-6.4,3.71,-0.71,12.13,1.71,2.81,2.0,2.71,0.0,1.29,0.5,0.0,2.0,2.0,1
-0.76,0.0,1.0,0.0,0.0,0.76,1.0,1.0,4.78,-0.76,-16.65,1.54,1.51,-18.92,5.51,8.32,1.24,0.24,2.33,0.0,3.0,0.0,2.0,1.0,0.0,2.76,-0.76,0
-0.75,0.0,4.0,-1.51,0.0,3.26,5.0,1.0,6.01,-9.54,-9.32,0.42,1.51,28.32,5.26,8.53,-6.02,-0.51,6.73,2.51,1.0,0.0,-5.78,1.13,0.0,1.0,0.0,0
0.0,0.0,1.0,0.0,0.0,0.0,1.0,1.0,2.0,-2.09,-4.18,3.88,0.0,-29.25,4.39,-0.7,0.0,1.0,-1.09,-0.7,1.0,0.0,2.0,1.0,0.0,2.0,0.0,0
1.0,0.0,1.0,3.0,0.0,0.0,2.0,1.0,1.8,15.8,25.39,-0.23,0.0,135.79,0.2,1.0,7.2,3.0,3.16,0.0,-1.39,0.0,12.8,0.83,0.0,3.0,0.0,1
1.71,0.0,1.0,1.0,38.41,0.0,1.15,-0.71,2.44,3.29,45.73,-0.05,0.0,31.06,3.0,0.0,16.29,1.15,4.38,-0.85,-0.85,0.0,13.71,0.67,0.0,2.15,1.0,1
0.0,-0.6,1.0,0.0,0.0,0.0,-0.2,1.0,-2.4,-0.6,2.0,2.66,0.0,0.0,2.0,0.0,-3.8,2.0,-1.2,-0.6,0.8,0.0,2.0,1.0,0.0,3.2,0.0,0
0.0,3.58,2.0,0.0,0.0,6.21,4.0,1.0,4.0,2.0,0.0,-1.66,2.0,62.0,3.0,-1.19,3.19,1.0,-3.97,-5.57,0.4,0.0,2.0,0.5,0.0,0.4,0.0,1
-1.97,-0.98,1.0,16.72,0.0,-2.95,8.87,-1.95,5.0,-7.85,-6.89,-0.1,7.87,27.54,4.02,2.0,-2.92,1.98,8.73,0.98,3.95,0.0,0.02,1.0,0.0,1.02,0.0,0
0.0,0.0,1.0,0.95,0.0,0.0,1.95,1.0,2.85,5.9,10.0,0.43,0.0,75.0,6.85,4.85,5.76,0.05,2.87,0.0,0.05,0.0,3.9,1.12,0.0,2.95,0.95,0
-5.21,0.0,1.0,-2.47,0.0,2.0,1.13,0.13,5.6,-11.76,-36.32,0.97,0.87,22.85,3.87,0.0,-10.42,0.13,-0.54,0.0,2.0,0.0,-5.68,1.36,0.0,1.13,0.0,0
0.67,2.35,1.0,6.37,0.0,1.0,2.0,1.65,-3.37,11.02,31.1,0.28,0.0,70.07,1.0,-1.35,17.75,2.0,4.13,0.0,0.0,0.0,15.8,0.75,0.0,3.0,1.0,1
0.0,4.0,1.0,-0.63,-1.26,2.0,0.37,0.37,-0.63,-3.15,-2.52,4.63,0.0,-40.36,-1.89,2.0,-1.52,-0.63,0.7,1.63,-0.63,0.0,-0.52,1.21,0.0,2.37,-0.63,0
-4.24,-1.41,2.0,15.12,3.0,-0.71,2.0,-1.82,-1.53,-3.89,7.11,0.16,0.0,73.23,1.29,1.59,-18.01,5.0,11.22,0.0,0.29,0.0,-1.47,1.19,0.0,2.0,3.0,0
0.0,0.8,1.0,0.0,0.0,0.78,2.61,1.0,1.61,0.0,4.59,1.11,-0.61,-12.88,3.0,0.0,11.44,1.0,3.51,0.8,1.0,0.0,2.0,1.0,0.0,-0.61,1.0,0
-0.38,-0.69,1.0,1.0,0.0,2.07,2.31,-1.07,2.07,1.17,10.93,0.39,0.0,58.81,1.0,0.0,-0.76,1.0,6.83,2.69,1.69,0.0,2.62,1.0,0.0,1.31,1.31,0
-0.5,0.0,1.0,0.0,0.0,0.0,-0.0,1.0,0.5,-2.01,34.98,0.85,0.0,110.04,3.01,0.0,2.5,4.0,-1.54,-1.0,0.5,0.0,1.5,1.0,0.0,1.5,-1.0,0
0.0,0.0,1.0,1.51,0.0,0.0,2.0,1.0,5.0,7.03,25.67,-0.29,0.0,123.75,2.49,0.51,19.52,2.0,4.48,0.0,-1.02,0.0,11.49,0.67,0.0,2.49,1.51,1
0.0,2.0,1.0,0.81,0.0,0.0,1.0,2.0,0.81,5.85,13.31,0.46,0.0,171.91,0.19,1.19,0.81,2.0,2.62,-0.81,0.19,0.0,2.0,1.0,0.0,-0.62,0.0,0
0.0,-3.71,1.0,1.62,2.0,8.76,4.62,1.0,3.09,3.09,12.27,-0.88,1.0,81.21,1.0,-0.62,12.13,2.62,7.29,3.0,5.0,1.0,8.18,0.79,0.0,1.62,0.62,1
0.0,-6.65,1.0,0.0,0.0,-4.16,1.83,2.66,2.5,2.66,47.65,-2.61,0.0,142.75,0.17,-1.66,2.17,4.83,2.94,0.0,0.83,0.0,0.34,1.33,0.0,2.0,0.0,0
0.0,9.0,-0.77,0.0,0.0,8.41,-1.36,1.0,-1.18,-0.59,-4.72,7.04,0.0,-42.49,3.0,1.41,4.59,2.0,-0.12,0.41,1.77,0.0,5.0,0.8,0.0,2.18,1.0,0
0.0,0.0,-1.51,2.0,0.0,-0.84,-2.35,1.0,1.0,0.0,0.98,1.01,0.0,31.7,3.0,-0.84,9.37,2.0,17.11,0.84,1.84,0.0,2.84,0.58,0.0,3.84,1.67,0
0.0,0.0,1.0,1.0,0.0,0.72,1.0,1.0,5.73,5.29,13.44,-0.03,0.0,60.26,-3.29,1.43,2.72,3.43,7.44,0.72,0.28,0.0,0.28,1.0,0.0,4.43,0.72,0
0.0,0.0,1.0,1.0,0.0,0.94,1.0,1.0,8.62,-0.87,-11.25,0.1,2.87,33.13,7.87,11.25,0.13,1.0,0.57,1.0,2.0,0.0,5.87,1.0,0.0,3.94,0.0,0
0.0,0.0,1.0,0.0,0.0,2.97,1.74,1.0,3.48,2.48,5.22,0.31,0.74,90.4,2.26,0.74,-0.48,1.74,3.57,1.48,-2.22,0.0,3.0,1.0,0.0,2.0,-0.74,0
7.78,9.0,1.0,5.89,0.0,0.37,2.0,1.63,-0.89,24.41,34.75,-0.01,0.0,91.52,-0.89,-1.89,12.15,2.63,4.92,0.63,1.63,0.0,8.52,0.81,0.0,1.37,-0.63,1
0.0,0.0,-0.77,0.0,0.0,0.0,-2.53,1.0,3.88,1.0,-1.53,1.41,-1.77,0.0,4.77,0.0,0.29,0.12,-0.59,0.23,-0.65,-0.88,-1.53,0.5,0.0,2.88,1.12,0
0.0,0.0,1.0,0.0,0.0,4.0,1.0,1.0,3.0,1.0,3.0,1.25,2.0,16.0,3.0,-1.7,-0.57,1.0,-5.12,-6.79,2.43,0.0,1.0,1.0,0.0,3.0,0.0,0
0.0,-0.65,1.0,1.65,1.3,0.06,2.35,-0.94,1.0,0.17,2.82,0.02,2.0,40.61,1.35,1.0,44.75,1.0,3.65,1.0,1.65,0.0,5.0,1.0,0.0,1.35,-0.65,0
0.0,0.0,1.0,0.0,-1.26,-6.31,-0.89,1.0,0.0,2.52,31.91,1.69,-0.63,39.74,1.0,0.0,-0.63,2.0,-2.03,-0.89,-2.15,-0.63,0.37,1.0,0.0,3.63,0.0,0
0.0,0.9,1.0,0.0,0.0,2.7,1.0,1.0,0.2,1.0,3.0,4.64,0.0,60.0,0.3,1.8,1.0,0.1,0.6,0.9,-0.9,0.0,3.0,1.0,0.0,2.9,0.0,0
0.0,0.0,3.42,-0.81,0.0,3.81,4.22,1.0,1.61,2.81,11.64,0.28,0.0,18.43,-0.22,1.81,-0.81,1.0,2.36,0.81,1.0,0.0,-0.42,1.0,0.0,4.0,0.0,0
0.0,0.0,1.0,0.0,-1.18,-4.88,-0.76,1.59,4.94,6.53,18.59,0.17,0.0,96.18,2.18,1.0,9.59,2.0,0.79,-0.59,-2.35,-0.59,8.59,0.5,0.0,3.18,0.0,1
0.0,2.0,1.0,-0.59,0.0,-1.18,1.0,1.59,-1.18,-0.59,1.77,3.71,0.0,-18.26,-1.18,4.0,1.77,0.59,4.38,4.59,0.41,0.0,2.0,0.5,0.0,4.0,0.0,0
0.0,0.0,1.0,0.0,0.0,4.0,1.0,1.0,0.0,0.0,7.0,1.49,1.0,0.0,3.0,4.0,4.0,1.0,5.43,0.0,1.0,0.0,2.0,1.0,0.0,1.0,0.0,0
0.0,-5.63,1.0,1.94,1.88,1.12,1.94,1.94,9.75,8.63,4.69,-1.7,2.94,149.46,5.88,11.06,8.5,1.94,8.83,1.0,2.88,0.0,6.75,0.69,0.0,3.0,0.94,1
0.0,0.0,1.0,-0.7,0.0,-6.99,0.3,1.0,2.4,1.4,1.4,0.96,0.0,36.34,3.7,0.0,3.1,0.3,1.0,0.7,1.2,-0.7,0.3,1.0,0.0,3.7,0.0,0
0.78,-1.56,1.0,-4.69,0.0,0.0,1.0,1.0,-3.13,0.0,-10.07,1.16,0.0,-14.85,2.0,0.0,-7.95,2.0,3.76,0.0,2.78,0.0,-8.73,0.95,0.0,2.0,0.78,0
0.0,0.0,1.0,1.0,0.0,3.0,0.27,1.0,8.92,2.27,-1.46,0.71,2.0,85.71,5.46,13.46,0.27,1.0,5.07,0.27,1.0,0.0,3.0,1.0,0.0,3.73,0.0,0
0.0,0.0,1.0,0.72,0.0,4.0,1.0,1.0,-0.72,1.45,23.62,0.4,1.0,-7.23,-0.61,4.72,6.17,1.72,6.91,0.0,-0.45,0.0,2.0,1.0,0.0,0.28,0.72,0
0.0,0.0,1.0,1.66,0.0,0.0,1.0,1.0,0.66,3.34,8.72,1.12,0.0,140.97,4.64,0.0,2.0,1.34,4.71,-0.66,1.66,0.0,2.0,1.0,0.0,4.0,0.0,0
0.0,0.0,1.0,0.53,0.0,-1.59,2.0,1.0,1.0,2.12,28.05,-0.75,0.0,50.92,1.94,0.0,1.0,1.53,1.6,1.0,2.0,0.0,0.47,1.0,0.0,3.53,0.0,0
-3.59,1.2,1.0,3.6,0.0,0.0,1.4,0.41,2.0,-4.78,15.84,0.82,0.0,85.21,2.0,0.8,-22.16,2.4,3.48,0.6,0.0,0.0,-3.59,1.12,0.0,1.4,1.4,0
0.0,0.0,0.44,0.44,0.0,2.44,1.44,1.0,-4.01,-0.56,-4.57,1.82,2.0,2.66,3.44,-1.11,-1.11,-0.67,2.71,-0.56,2.0,0.0,3.44,1.0,0.0,3.0,-0.56,0
1.0,4.27,1.0,0.24,2.0,0.76,0.24,8.24,17.0,0.21,6.21,1.83,0.0,29.55,2.24,6.51,13.24,0.49,0.62,0.76,-0.76,0.0,-0.54,0.97,0.0,1.0,1.0,0
1.0,0.0,1.0,1.0,0.0,3.13,2.0,1.0,-1.13,4.26,26.52,0.74,0.0,65.17,1.44,0.0,2.13,2.0,9.0,2.56,1.56,0.0,2.44,1.0,0.0,1.44,1.0,0
0.0,0.0,1.0,0.42,-0.58,3.0,0.42,0.42,-1.16,-4.39,1.87,0.98,0.0,65.32,0.42,0.0,-0.07,3.16,2.48,0.0,0.0,0.0,0.84,1.0,0.0,2.0,-0.58,0
0.0,-5.58,1.0,0.0,3.86,-1.86,4.86,1.0,3.86,3.86,9.65,-2.17,1.93,164.11,1.07,-0.93,7.72,1.0,12.41,7.72,1.93,0.0,0.07,1.0,0.0,2.0,0.0,0
0.0,0.0,2.0,-0.6,0.0,2.4,1.4,1.0,-1.2,-3.62,0.56,2.04,0.0,5.01,1.4,-1.81,-3.62,1.0,0.08,0.0,1.6,0.0,0.78,0.83,0.0,2.0,-0.6,0
0.0,0.0,1.0,0.0,1.66,8.32,4.5,1.0,0.17,0.0,4.66,-0.54,1.83,-55.76,1.01,0.0,6.0,1.83,4.83,2.5,5.33,0.83,0.34,1.0,0.0,2.0,2.0,0
0.0,0.0,1.0,0.04,0.0,0.0,1.96,2.92,2.87,1.96,5.96,0.18,0.0,64.68,2.0,0.0,0.96,1.0,1.72,0.96,1.0,0.0,3.92,1.0,0.0,0.04,0.0,0
0.0,1.0,1.0,1.0,0.0,0.0,2.0,4.0,5.0,10.52,33.99,-0.89,0.0,130.9,2.0,0.0,5.57,3.05,3.36,-0.52,0.48,0.0,1.52,1.0,0.0,0.48,0.0,0
4.87,2.43,1.0,0.0,0.0,3.81,1.81,5.87,4.06,11.36,29.39,5.05,0.0,3.24,3.81,1.62,31.64,1.0,1.9,0.0,0.0,0.0,10.92,1.02,0.0,1.81,0.81,1
0.0,0.0,3.62,0.0,0.0,-2.66,4.43,1.0,-1.62,1.38,12.0,0.05,0.81,24.82,2.0,-0.81,12.71,1.0,2.02,0.0,5.05,0.81,8.24,0.6,0.0,2.81,0.81,1
0.0,0.0,1.0,0.73,0.0,-2.65,1.73,1.0,0.73,12.65,29.22,-0.63,0.0,116.47,1.0,-3.65,6.73,1.27,-0.11,-4.38,-0.46,0.0,6.73,0.5,0.0,2.0,0.0,1
0.0,0.0,1.0,0.0,0.0,0.0,2.58,1.0,0.42,2.91,6.66,-0.0,0.0,-14.57,0.25,0.58,3.58,1.58,2.55,0.58,1.42,0.0,2.0,0.81,0.0,3.75,0.0,0
0.0,1.0,1.0,0.16,0.0,0.0,1.16,2.0,0.0,0.78,-0.91,1.17,0.0,-3.35,1.84,-0.84,3.16,2.0,0.33,-0.84,1.84,0.0,6.16,1.0,0.0,2.31,0.0,0
0.0,4.0,0.36,-0.64,0.0,0.0,-0.29,0.36,-0.64,1.93,-9.0,3.32,0.0,-41.13,-1.29,2.0,-8.64,-1.29,-2.83,-0.64,-0.64,0.0,-1.21,1.28,0.0,3.64,0.0,0
0.0,0.0,1.0,-0.59,1.18,0.0,2.18,1.0,1.59,1.18,2.35,1.69,0.59,-8.82,1.82,-0.59,1.76,1.0,2.9,2.35,-0.18,0.0,-0.18,1.0,0.0,3.59,0.0,0
0.0,0.0,1.0,0.0,-1.87,2.81,-0.87,1.0,-0.87,0.13,-3.75,6.75,-0.94,20.36,6.94,0.0,-2.75,1.0,-6.02,-3.75,1.06,0.0,1.94,1.0,0.0,1.06,0.0,0
0.0,0.47,1.0,-1.6,0.0,4.47,1.0,1.0,1.6,-3.73,-7.99,4.23,0.0,-4.8,0.0,1.0,-4.26,0.0,-0.7,0.53,0.53,0.0,-0.07,1.0,0.0,0.47,-0.53,0
0.0,7.0,1.0,1.44,0.0,-0.72,1.0,1.0,0.72,-0.72,2.88,0.28,0.0,66.21,0.72,2.28,3.72,0.72,13.08,0.56,-0.72,0.0,2.72,1.0,0.0,2.72,0.0,0
-1.29,0.82,1.0,-2.29,2.0,2.46,1.0,2.64,0.0,-7.39,-27.75,1.04,0.0,25.61,1.82,0.0,48.61,0.18,-0.06,-0.82,0.18,0.0,-4.39,1.34,0.0,1.0,0.82,0
0.0,3.14,1.0,-0.78,0.0,0.0,0.22,1.0,-2.35,-4.63,-4.91,2.26,0.0,5.93,0.86,1.22,-5.28,0.22,1.34,0.78,1.0,0.0,-3.49,1.29,0.0,2.78,-0.78,0
0.0,2.95,1.0,0.0,0.0,0.0,1.0,1.0,2.0,1.0,2.26,0.71,0.0,60.0,2.26,1.48,1.74,-0.48,-0.14,-0.74,-0.74,0.0,3.74,1.0,0.0,2.0,0.0,0
0.0,0.0,1.0,0.0,0.0,7.0,1.0,-1.0,-5.0,-3.0,-11.0,2.41,0.0,49.01,2.0,4.0,-13.0,1.0,6.07,6.0,4.0,0.0,1.0,1.0,0.0,1.0,0.0,0
0.0,0.0,1.0,0.0,0.0,2.83,0.41,1.0,-1.17,-1.76,7.0,2.03,1.0,11.16,3.59,4.59,4.59,1.0,5.28,0.0,1.59,0.0,2.0,1.0,0.0,1.0,0.0,0
0.0,-3.0,1.0,0.0,0.0,4.25,1.0,1.0,5.0,2.0,5.25,-0.11,0.75,60.0,7.25,1.5,4.25,1.75,2.98,0.25,1.75,0.0,1.75,1.0,0.0,-0.25,1.0,0
0.0,-3.02,1.0,1.0,0.0,3.76,1.0,1.0,6.0,3.76,1.51,0.85,2.0,66.0,5.51,11.24,0.24,1.76,7.84,2.51,2.51,0.0,2.24,1.0,0.0,2.24,0.0,0
0.0,-5.86,1.0,1.3,0.0,-5.86,1.0,1.0,2.65,0.0,3.9,-1.7,0.0,59.85,3.0,-1.3,-1.95,1.0,10.61,-0.65,1.65,0.0,0.05,1.13,0.0,3.3,-0.65,0
0.0,1.0,1.0,0.57,0.0,6.72,1.0,1.0,1.72,1.15,-1.15,5.56,1.15,37.81,1.57,16.87,-4.16,1.0,8.57,6.43,0.43,0.0,2.57,1.29,0.0,3.57,-1.15,0
-0.93,0.0,1.0,0.93,-1.86,2.79,-0.86,1.0,0.14,-3.72,-0.93,2.18,0.93,-18.62,4.86,-0.93,0.0,1.0,0.84,-0.93,1.93,0.0,3.86,1.0,0.0,2.93,0.0,0
0.0,0.0,1.0,1.0,0.0,-2.14,1.0,1.0,1.61,4.54,11.32,-0.04,-0.54,75.0,2.54,-0.54,5.21,2.0,4.95,1.07,1.54,0.0,2.0,0.73,0.0,4.54,1.07,0
6.0,8.91,1.0,-0.74,0.0,5.7,2.0,6.26,1.3,18.57,51.04,2.75,-0.74,41.0,1.26,3.48,46.48,1.26,2.26,-0.74,0.26,0.0,18.48,0.23,0.0,2.26,1.0,1
0.0,0.0,1.0,1.0,0.0,3.58,1.21,1.0,2.21,4.58,5.75,1.38,-0.79,124.5,-0.95,2.37,-4.75,1.79,2.5,0.0,1.21,0.0,3.0,1.0,0.0,2.79,-1.58,0
0.0,6.0,1.0,0.0,0.0,3.75,1.0,1.0,0.0,0.0,-1.75,3.31,0.0,0.0,3.0,1.0,-0.58,0.42,-0.88,0.0,1.75,0.0,0.83,1.19,0.0,1.42,0.58,0
2.0,0.7,1.0,1.0,2.0,2.79,1.0,1.0,-1.4,-2.09,-11.56,3.02,0.0,-19.35,0.3,0.0,49.72,-0.4,-0.52,0.0,1.0,0.0,-1.89,1.35,0.0,0.3,0.0,0
2.0,0.0,1.0,0.39,2.0,-0.61,0.39,1.0,-1.23,-6.75,-10.67,1.06,0.0,-21.03,0.39,-1.84,51.7,1.0,0.53,1.23,2.84,0.0,-1.3,1.23,0.0,0.39,-0.61,0
-0.95,0.0,1.0,-0.95,0.0,7.79,1.0,1.0,-0.95,-4.74,6.05,2.02,1.0,-23.71,3.0,3.05,1.15,1.0,5.22,0.95,1.95,0.0,1.05,1.0,0.0,1.0,0.0,0
-0.89,-0.95,1.0,1.0,0.0,0.16,2.0,-1.84,3.95,-1.51,-2.56,1.7,1.0,-12.45,1.95,2.0,-2.67,2.0,3.04,1.95,2.89,0.0,0.11,1.0,0.0,1.95,-0.95,0
-6.0,0.0,1.0,-3.0,0.0,3.0,0.0,0.0,1.0,-15.99,-36.97,3.37,0.0,48.99,9.0,1.0,-14.99,0.0,-1.3,-1.0,1.0,0.0,-5.99,1.42,0.0,3.0,0.0,0
0.0,0.0,1.0,0.0,0.0,1.72,2.0,1.0,1.0,3.28,5.28,0.21,0.86,19.82,1.86,-1.72,3.43,2.14,2.97,1.0,1.0,0.0,1.0,1.0,0.0,-0.72,0.0,0
0.0,0.0,-0.52,0.0,0.0,2.52,-1.37,1.0,-2.52,0.16,2.16,1.97,0.84,-27.58,2.0,-0.84,5.21,1.0,2.25,-0.84,1.0,0.0,2.84,1.0,0.0,3.0,0.84,0
5.56,0.0,1.0,2.78,0.0,4.0,1.93,1.93,-0.93,16.69,46.86,0.15,1.0,-7.42,-0.71,0.0,17.91,1.93,5.02,0.93,0.07,0.0,10.34,0.61,0.0,1.0,0.0,1
0.0,0.0,1.0,1.0,2.0,10.0,4.7,1.0,2.78,-0.7,-1.17,0.92,0.3,24.65,1.7,6.26,0.3,2.0,8.5,4.39,5.0,1.0,0.61,1.14,0.0,1.7,0.0,0
0.0,2.0,1.0,0.0,0.0,3.26,0.19,1.0,-0.81,0.0,3.26,4.67,0.0,0.0,-2.44,4.0,-0.81,0.0,4.87,4.0,0.19,0.0,2.0,0.5,0.0,3.19,-0.81,0
0.0,0.0,1.0,0.0,0.0,3.0,1.0,1.0,0.0,0.0,1.0,5.4,0.0,0.0,3.0,0.0,0.0,1.0,0.0,0.0,0.0,0.0,2.0,1.0,0.0,1.0,0.0,0
0.0,0.0,1.0,1.0,0.0,4.75,0.05,1.0,1.0,-3.8,-4.7,3.05,0.0,83.86,5.0,5.7,1.0,0.05,5.04,4.75,2.95,0.0,3.0,1.0,0.0,2.0,0.0,0
0.0,1.0,1.0,1.0,-0.78,1.57,2.0,1.22,0.78,-2.06,-37.36,0.78,0.0,50.59,1.78,0.0,-3.84,1.22,3.84,0.0,2.57,0.0,6.22,0.71,0.0,4.0,-0.78,0
1.77,0.89,1.0,0.0,0.0,7.66,1.89,3.66,1.0,8.09,1.0,2.27,0.0,123.58,1.89,6.0,5.32,1.11,7.95,5.11,1.11,0.0,1.0,1.0,0.0,1.89,0.89,0
0.0,0.0,1.0,1.27,0.0,0.73,0.27,1.0,0.27,0.0,10.4,1.35,-0.73,55.37,1.53,0.73,3.93,2.0,15.11,0.0,0.27,0.0,0.53,1.0,0.0,1.53,0.0,0
0.0,1.0,1.0,0.88,-1.77,3.0,-0.77,1.0,-1.77,-0.88,0.0,5.34,-0.88,-4.42,0.0,5.0,-2.53,0.0,11.56,9.47,1.0,0.0,2.88,1.0,0.0,2.12,0.0,0
0.0,0.0,1.0,1.57,0.0,1.86,1.57,1.0,3.43,2.0,11.14,-2.02,0.57,120.21,0.43,0.57,14.87,2.0,3.81,0.57,0.57,0.0,3.72,0.77,0.0,2.57,0.57,0
0.0,0.0,1.93,0.0,0.0,-2.78,1.93,1.0,1.0,-0.93,-2.78,1.79,0.0,-7.4,2.07,-0.93,0.93,1.0,0.62,0.0,1.0,0.0,1.0,1.0,0.0,2.07,0.0,0
0.82,5.64,1.0,4.93,0.0,1.0,1.82,1.0,2.46,6.57,20.53,1.21,0.0,-7.39,-3.29,2.0,21.07,0.82,3.0,1.0,-1.64,0.0,15.78,0.7,0.0,4.0,0.0,1
1.02,0.0,1.0,4.0,1.02,0.0,0.49,1.0,0.0,4.46,9.93,0.37,0.0,68.63,2.0,1.49,27.48,0.49,0.19,0.49,1.0,0.0,2.0,1.17,0.0,-0.53,0.0,0
-4.95,-2.47,1.0,17.82,0.0,-0.82,10.0,-3.95,-3.3,-18.15,-41.71,0.53,10.47,-25.88,3.47,2.47,-34.29,1.18,12.09,4.3,6.3,0.82,-9.55,1.39,0.0,0.18,0.18,0
0.0,0.0,1.0,0.0,0.0,0.0,1.0,1.0,3.0,0.25,-0.24,0.56,0.0,-14.19,3.75,0.0,8.51,1.0,3.08,2.0,2.75,0.0,2.75,0.5,0.0,2.0,2.0,1
1.0,0.0,1.0,0.0,2.0,0.0,4.0,1.0,3.0,4.0,0.44,0.8,1.0,70.0,1.48,1.0,-1.56,1.0,4.41,1.52,0.48,0.0,0.96,1.17,0.0,2.52,0.0,0
0.0,0.72,1.0,1.0,0.0,-2.15,1.0,3.15,2.87,11.18,31.61,0.05,-1.44,111.53,-0.44,1.0,6.87,2.72,0.97,0.0,-0.72,0.0,-1.15,1.0,0.0,-0.44,1.0,0
1.0,0.0,1.0,1.9,0.0,3.0,2.9,2.79,11.06,9.69,7.69,0.19,1.0,72.27,-0.79,2.0,13.75,2.9,4.12,1.0,0.1,0.0,2.9,1.0,0.0,1.0,0.0,0
0.59,-0.59,1.0,-1.17,0.0,11.17,1.0,-0.17,2.76,-1.17,-7.57,4.78,0.59,1.17,3.0,1.17,-2.7,2.0,3.4,1.59,1.59,0.0,0.24,1.0,0.0,1.83,-0.59,0
0.0,5.11,1.0,1.0,0.0,6.11,1.43,1.0,0.43,1.0,-0.14,3.91,3.0,0.0,5.57,6.14,1.57,1.57,6.63,4.57,3.86,1.0,4.7,0.89,0.0,1.43,0.57,0
1.31,0.0,1.0,0.0,1.31,1.0,0.34,-0.31,-5.91,4.4,11.12,0.82,0.0,55.83,0.34,-1.31,34.23,1.34,0.64,0.0,1.66,0.0,6.0,0.5,0.0,1.34,0.0,1
0.0,-2.18,1.0,-1.45,0.0,1.0,0.27,-1.18,-2.18,5.37,-7.87,0.98,0.0,70.57,1.73,-1.45,4.55,0.55,1.61,0.0,1.0,0.0,3.1,0.62,0.0,2.73,-1.45,0
0.0,0.0,1.0,0.0,0.0,0.0,2.0,1.0,2.68,0.84,3.84,-1.25,1.84,21.04,5.16,0.0,9.37,1.0,2.34,0.84,2.0,0.0,2.84,1.0,0.0,0.32,2.0,0
0.0,-2.12,1.0,0.53,0.0,0.53,2.53,1.0,2.59,6.59,7.53,-0.84,0.0,109.89,2.59,-1.06,-1.59,3.53,2.65,0.47,2.06,0.0,2.06,1.0,0.0,-0.06,0.0,0
-0.8,0.0,1.0,-0.8,0.0,3.21,0.4,2.0,1.0,-4.81,-2.81,1.36,0.8,-59.35,4.6,0.0,5.21,2.0,-3.23,-1.6,2.0,0.0,1.4,1.0,0.0,1.2,-1.6,0
0.0,2.78,1.0,1.0,0.0,1.39,2.0,1.0,2.0,5.31,-13.47,3.17,0.0,21.66,0.31,2.39,-0.39,-1.78,4.16,0.69,0.0,0.0,2.0,1.0,0.0,1.69,0.0,0
0.0,0.0,1.0,1.05,0.0,4.0,1.0,1.0,-0.52,0.0,10.14,0.63,1.0,48.09,3.0,0.0,6.52,1.52,10.41,0.0,1.0,0.0,2.0,1.0,0.0,1.52,0.0,0
0.0,0.0,1.0,1.0,0.0,5.85,1.0,1.0,1.84,0.0,2.67,2.01,0.84,106.68,2.33,1.84,-1.51,1.84,2.06,0.84,3.84,0.0,3.0,1.0,0.0,2.0,0.0,0
-0.94,0.0,1.0,-0.94,0.0,0.0,0.06,1.0,-1.81,-6.55,-3.74,2.66,-0.94,-61.71,3.94,-1.87,0.06,0.06,-3.95,-0.94,7.74,0.0,0.06,1.0,0.0,3.0,0.94,0
1.57,0.0,1.0,2.71,0.0,3.0,2.57,1.0,1.86,15.0,17.57,0.36,0.43,101.99,0.43,2.57,5.29,3.14,5.18,0.43,1.0,0.0,7.71,0.9,0.0,2.14,0.0,1
1.0,0.0,1.0,1.0,0.0,1.99,1.0,1.0,-3.32,4.67,20.65,0.57,0.66,36.15,-0.99,-1.99,3.33,2.0,8.87,-0.66,1.0,0.0,3.33,1.0,0.0,2.34,0.0,0
0.0,0.0,1.0,0.05,0.0,1.0,2.0,0.05,1.0,-1.84,-2.79,1.29,3.0,-37.88,5.0,5.0,1.0,-0.89,5.95,4.0,5.0,1.0,0.16,1.0,0.0,2.95,0.0,0
0.0,0.51,1.0,-1.53,0.0,3.49,0.49,-0.02,0.0,-4.59,-4.72,3.16,1.0,-32.62,2.49,2.04,-1.61,-0.02,2.59,2.04,1.51,0.0,0.47,0.75,0.0,1.51,-0.51,0
1.77,0.0,1.0,5.3,0.0,0.0,2.0,0.23,1.0,24.97,37.57,-0.03,0.0,117.15,1.0,1.77,11.84,3.77,2.89,-0.77,1.0,0.0,18.9,0.71,0.0,3.77,0.0,1
0.0,0.0,1.0,0.0,0.0,0.0,1.0,1.0,5.83,1.0,-6.56,0.62,1.94,48.61,2.94,0.0,6.83,0.06,0.9,1.0,1.0,0.0,1.06,1.0,0.0,1.0,0.0,0
0.0,0.0,1.0,1.0,0.0,-2.6,1.65,1.0,1.65,0.0,-2.9,1.85,-0.65,100.0,4.0,0.0,-2.25,1.0,0.3,0.65,2.65,0.0,2.35,1.0,0.0,2.3,0.0,0
1.0,2.0,1.0,6.0,0.0,8.08,2.0,1.0,4.0,9.1,17.82,2.58,0.0,91.0,2.0,0.0,25.69,2.0,1.44,-0.9,0.0,0.0,19.0,0.63,0.0,2.9,0.0,1
0.0,0.0,0.2,0.8,0.0,-4.0,-1.4,1.0,-2.4,0.0,5.8,1.89,0.8,-16.01,1.0,1.6,-0.8,2.0,2.26,0.2,1.0,0.0,3.4,1.24,0.0,3.8,0.0,0
0.0,0.96,2.0,0.0,0.0,-0.96,2.0,1.0,0.0,1.0,-3.72,4.34,-0.96,33.0,-0.88,4.8,-3.8,0.04,12.02,12.48,1.0,0.0,2.0,1.0,0.0,4.92,0.0,0
0.0,0.0,1.0,0.0,0.0,0.0,1.53,1.53,1.53,-1.07,-0.53,1.26,0.0,-17.63,4.53,0.0,3.07,1.53,-0.89,-0.53,3.0,0.0,2.53,1.0,0.0,2.53,0.0,0
-5.52,0.0,1.0,-3.68,0.0,0.0,0.08,0.08,0.0,-13.72,-32.72,1.75,0.0,-35.28,1.92,0.0,-11.72,1.08,-0.0,0.0,1.92,0.0,-8.2,1.38,0.0,1.08,0.0,0
-0.82,0.0,1.82,-0.82,0.0,-1.63,1.0,1.0,1.0,-0.82,-15.51,1.84,0.0,-17.95,4.0,0.0,2.0,0.18,-2.87,-1.63,3.0,0.0,1.18,1.0,0.0,2.82,-0.82,0
0.63,0.0,1.0,1.37,0.0,0.0,0.37,1.0,1.0,2.54,2.2,0.85,0.0,90.73,3.63,0.0,5.44,2.63,14.67,-1.27,1.0,0.0,2.0,1.0,0.0,3.0,-0.63,0
0.61,0.61,1.0,0.61,1.22,7.17,1.0,5.89,10.39,2.44,7.11,0.32,0.0,45.84,2.83,0.0,11.94,3.22,-6.64,-7.94,0.39,0.0,4.22,0.85,0.0,0.78,0.61,1
1.97,0.0,1.0,1.99,1.97,1.0,2.0,1.0,5.01,0.0,3.99,-2.56,1.0,132.51,-0.96,1.0,74.16,1.0,3.99,1.0,1.0,0.0,6.97,0.6,0.0,0.03,1.0,1
2.0,0.0,1.0,0.61,0.0,0.61,2.0,-0.22,1.83,8.78,3.95,0.21,0.61,99.49,2.61,0.61,18.77,1.39,5.76,0.0,1.0,0.0,5.22,0.76,0.0,2.0,1.61,0
0.0,-3.83,2.91,0.0,0.0,1.04,4.83,1.0,5.0,2.0,3.83,-1.37,1.91,60.0,5.96,1.09,10.61,2.91,5.39,1.96,7.7,0.96,4.83,1.0,0.0,0.09,1.96,0
0.0,0.0,4.0,0.0,0.0,1.0,5.0,1.0,3.0,1.0,8.0,0.16,0.0,72.0,3.0,1.0,0.0,1.0,2.27,1.0,1.0,0.0,1.0,1.0,0.0,1.0,0.0,0
0.0,0.0,1.0,0.0,0.0,-0.93,1.93,2.86,3.79,-6.5,-10.22,1.22,0.0,-30.66,3.0,0.0,1.21,1.0,2.93,2.93,3.0,0.0,-1.79,1.46,0.0,2.0,0.0,0
0.0,0.0,1.0,1.91,0.0,0.0,1.0,1.0,-1.74,2.74,46.69,1.02,0.0,187.73,2.17,0.0,-8.14,1.91,-2.11,-1.83,0.17,0.0,2.09,1.46,0.0,1.0,-1.83,0
0.0,0.0,1.0,-0.65,0.0,-0.65,0.35,1.0,1.3,0.0,1.65,1.94,-1.95,0.0,-0.3,-3.25,5.84,2.0,-0.88,-0.3,-0.95,-0.65,0.35,0.68,0.0,3.0,1.3,0
0.0,0.54,2.0,0.0,0.0,4.07,2.0,1.0,0.0,3.0,10.93,1.96,0.0,58.0,1.46,1.07,3.0,-0.07,7.31,6.43,1.54,0.0,5.54,0.6,0.0,2.54,0.0,1
0.0,0.0,1.0,0.94,0.0,4.0,1.94,1.0,2.82,3.77,18.3,0.45,1.0,16.95,3.0,0.0,22.01,1.94,5.49,0.0,1.0,0.0,10.47,0.69,0.0,1.94,0.94,1
0.0,0.0,1.0,0.48,0.0,-1.55,1.48,1.0,-0.55,1.0,2.55,0.92,0.96,65.53,3.48,-5.69,4.52,1.0,0.36,2.96,3.48,0.0,4.0,0.5,0.0,1.48,0.0,1
0.0,0.0,1.97,0.0,0.0,-0.97,2.97,1.0,1.0,7.92,11.87,-0.38,-0.97,123.53,0.03,0.0,-1.95,3.0,1.12,1.0,1.0,0.0,3.92,0.61,0.0,1.97,-0.97,1
0.0,0.0,-0.3,1.0,0.0,-10.4,-2.25,1.0,2.0,3.6,37.15,0.04,-3.9,63.4,3.0,0.0,-0.95,1.0,-0.49,-1.95,-5.2,-1.3,0.05,1.0,0.0,1.7,0.0,0
0.89,1.77,1.0,4.43,-0.89,0.0,1.0,0.11,2.77,1.23,-20.61,0.59,0.0,40.23,2.0,1.0,11.53,1.0,4.56,1.0,1.0,0.0,14.3,0.67,0.0,3.0,-0.89,1
0.0,0.77,1.0,-0.77,-1.54,3.85,1.23,0.23,-2.08,-4.62,-2.85,5.13,-0.77,-68.5,-1.08,9.7,-5.39,0.23,4.84,6.39,0.23,0.0,-1.08,1.26,0.0,3.77,-0.77,0
0.0,0.0,-0.8,-0.9,0.0,-11.39,-3.5,1.0,0.9,3.8,5.1,2.39,-5.4,41.0,7.5,1.0,-1.8,0.1,-1.37,-2.7,-4.4,-1.8,-0.7,1.0,0.0,2.2,0.0,0
0.0,0.0,1.0,0.0,0.0,9.3,1.0,1.0,-5.26,-1.39,32.21,4.37,0.0,7.65,3.0,-1.39,0.61,1.3,1.15,0.3,1.0,0.0,0.61,1.0,0.0,2.3,-0.7,0
0.0,0.0,1.8,1.0,0.0,3.0,2.8,1.0,3.4,-3.19,2.6,-1.18,2.0,50.0,6.4,0.0,7.99,1.8,7.37,1.6,3.6,0.0,4.0,0.6,0.0,2.2,1.6,1
1.0,2.0,1.68,6.0,0.0,-2.74,2.0,1.0,2.63,10.68,30.47,-0.06,-0.68,102.63,2.68,-0.68,25.05,1.32,0.67,-1.37,-0.68,0.0,21.74,0.36,0.0,2.68,0.0,1
0.0,9.47,1.0,0.0,0.0,2.8,1.0,1.0,0.0,0.0,-0.73,4.99,0.0,0.0,0.53,4.94,2.53,0.27,4.06,3.94,-2.94,0.0,5.73,0.23,0.0,4.2,-0.73,1
0.0,0.0,2.0,0.0,0.0,11.63,3.27,1.0,4.0,2.73,0.0,0.44,2.0,98.26,1.55,4.35,1.27,1.73,5.63,4.63,1.0,0.0,2.0,0.5,0.0,-0.45,0.0,1
0.0,0.0,1.0,0.15,0.0,-0.85,1.0,1.0,-5.12,-0.27,15.31,0.51,0.85,38.76,1.85,-0.71,5.71,0.29,0.16,0.0,0.85,0.0,0.15,1.0,0.0,-0.71,0.15,0
0.0,1.0,1.0,0.63,0.0,5.0,1.0,1.0,0.63,-2.54,-5.71,4.76,0.0,15.86,0.63,-0.27,0.0,0.0,-0.82,0.0,0.63,0.0,1.63,1.0,0.0,1.0,0.0,0
0.0,0.0,1.0,4.0,0.0,0.0,1.83,2.66,2.49,7.83,-13.36,0.41,0.0,55.18,2.0,2.0,0.0,-0.66,2.5,1.83,1.83,0.0,2.83,1.0,0.0,1.0,0.0,0
0.0,4.0,1.0,-0.64,0.0,0.07,1.0,1.0,1.93,-0.64,-5.16,4.11,0.0,-40.63,1.29,2.0,4.87,-0.64,2.85,2.29,1.29,0.0,2.0,0.68,0.0,3.0,1.29,0
0.0,0.0,1.0,3.01,0.0,2.98,0.01,1.0,0.0,2.04,6.06,5.38,0.0,15.57,3.98,1.01,-1.98,0.01,-1.92,0.01,0.01,0.0,1.01,1.33,0.0,-1.98,0.0,0
0.0,7.0,1.0,-0.94,0.0,0.0,1.94,2.88,2.81,0.94,0.94,0.5,0.0,-15.01,0.0,3.0,3.94,0.0,-0.02,2.94,0.0,0.0,3.88,1.0,0.0,1.06,0.0,0
0.0,5.97,1.0,-1.97,1.97,2.0,0.02,8.88,15.76,-10.83,-12.8,4.34,0.0,-12.8,1.97,5.94,6.91,-0.98,1.21,1.0,-0.98,0.0,-5.88,0.92,0.0,1.03,0.98,0
0.77,4.0,1.0,0.77,0.0,1.0,1.0,1.0,0.0,4.61,10.76,1.98,0.0,58.42,-0.77,2.0,3.77,0.0,7.04,1.0,-0.77,0.0,1.0,1.0,0.0,4.77,0.0,0
0.0,0.0,1.0,1.0,0.0,-2.64,1.0,1.0,1.76,1.0,4.12,0.74,0.0,80.0,2.88,0.0,-1.76,1.0,5.68,0.0,-2.52,0.0,2.88,1.0,0.0,1.88,-0.88,0
0.0,0.0,1.0,0.0,0.0,4.0,1.84,1.0,0.84,-1.69,7.0,1.04,1.84,-27.83,6.37,4.0,9.06,1.0,4.73,-0.84,1.0,0.0,2.0,1.0,0.0,1.84,1.69,0
0.0,0.0,1.0,-0.94,0.0,0.0,1.65,2.65,5.65,2.76,4.0,0.17,1.0,52.17,3.0,-1.29,11.71,2.65,5.18,2.0,1.0,0.0,6.24,0.72,0.0,3.65,0.0,1
0.0,0.0,1.0,1.77,0.0,-1.09,3.77,1.77,-0.55,6.77,16.5,0.05,0.45,110.08,1.23,1.0,24.59,1.77,7.11,1.77,-0.55,0.0,9.64,0.67,0.0,1.23,0.0,1
0.0,5.6,1.0,1.07,0.0,-0.53,1.53,2.6,-2.13,0.0,16.53,1.66,0.0,2.67,0.53,2.0,1.53,0.0,-0.98,-0.53,0.0,0.0,3.6,0.91,0.0,2.47,0.53,0
0.0,2.0,1.0,0.0,1.34,0.0,1.67,0.33,0.67,1.34,2.01,3.59,0.67,56.99,-0.67,4.0,1.34,-0.67,7.86,6.68,0.33,0.0,0.66,0.5,0.0,4.0,0.0,0
0.0,1.0,1.0,0.0,0.0,-1.12,-0.65,1.0,-3.3,0.82,9.89,5.04,-1.65,-3.3,-0.82,5.0,1.82,0.0,12.52,12.18,1.0,0.0,4.47,1.08,0.0,3.82,0.0,0
0.0,0.0,1.0,17.0,0.0,-0.51,10.0,1.0,0.0,0.0,21.73,-0.76,8.0,99.06,0.49,-0.51,3.52,3.52,9.84,-0.01,1.99,0.0,2.51,1.0,0.0,1.0,1.0,0
0.0,0.0,1.0,0.0,0.0,-3.03,1.0,1.0,1.76,2.0,-5.31,1.78,-0.76,100.0,6.0,-3.03,-1.28,1.0,-4.12,0.0,4.28,0.0,0.24,1.0,0.0,3.52,0.0,0
0.0,0.0,1.0,0.0,0.0,6.6,2.0,1.0,-1.6,-0.8,9.39,0.07,3.6,-35.11,1.4,-2.39,6.4,1.0,2.47,-0.8,2.6,0.0,3.0,1.0,0.0,1.8,-0.8,0
0.0,-0.92,1.0,0.0,0.0,0.92,1.0,1.0,1.0,0.0,6.44,-2.81,0.92,0.0,6.76,-1.84,5.68,1.92,1.45,-0.92,3.92,0.0,2.0,1.0,0.0,0.16,0.0,0
0.0,0.0,1.0,0.64,0.0,3.0,1.64,1.0,1.29,3.86,8.08,4.83,0.0,57.31,2.36,0.64,-1.29,0.36,1.69,0.0,-1.29,0.0,1.36,1.21,0.0,0.36,0.0,0
0.0,0.0,1.0,0.18,0.0,-1.65,1.0,1.0,2.47,0.7,4.94,-0.1,0.82,26.39,2.0,0.0,2.82,2.0,-0.57,0.0,1.0,0.0,2.82,1.0,0.0,3.18,0.0,0
0.0,0.0,1.0,1.63,0.0,-4.67,2.0,1.0,3.0,13.52,27.19,-1.25,0.0,135.28,4.63,3.0,9.74,1.0,5.24,0.0,0.0,0.0,7.37,0.62,0.0,4.26,1.0,1
0.0,1.0,1.67,2.33,0.0,3.02,2.67,3.0,-0.67,11.02,30.42,-0.22,0.0,35.67,-0.35,-0.67,12.35,2.0,3.9,0.0,-1.35,0.0,6.35,0.73,0.0,3.0,1.0,1
0.63,1.26,1.0,1.63,1.26,-0.63,1.0,6.05,10.46,0.63,-4.05,1.61,0.0,100.0,8.26,2.52,4.15,1.0,1.27,0.0,1.0,0.0,1.48,1.16,0.0,0.37,0.63,0
0.0,0.0,1.0,0.0,0.0,0.41,1.0,1.0,0.81,1.81,10.29,0.82,0.0,41.78,1.0,0.41,5.44,2.0,1.4,0.0,0.59,0.0,3.85,0.8,0.0,2.0,0.0,0
0.0,0.8,1.0,1.0,0.0,-5.61,1.8,1.0,2.4,3.2,19.79,-0.4,-0.8,57.14,2.6,0.2,10.41,1.2,1.11,-0.8,0.8,0.0,1.0,1.0,0.0,1.0,1.0,0
0.0,0.0,1.0,1.0,0.0,4.17,2.0,1.0,1.83,1.0,-32.36,2.16,2.0,10.81,4.0,5.0,1.5,-0.67,8.52,9.0,5.67,0.0,3.17,0.5,0.0,1.17,0.0,0
1.0,0.0,1.0,1.0,0.0,3.0,2.0,1.0,3.97,6.03,0.16,0.86,1.0,47.62,2.94,2.0,1.06,1.03,3.06,1.0,3.9,0.0,2.0,1.0,0.0,1.97,0.0,0
1.0,0.0,1.0,1.0,0.0,0.0,1.0,1.0,0.0,6.0,16.0,0.34,0.0,76.0,1.0,0.0,2.0,2.0,8.35,0.0,1.0,0.0,2.0,1.0,0.0,3.91,0.0,0
1.0,9.93,1.0,6.0,0.0,7.93,1.12,1.0,3.12,10.0,22.36,5.42,-0.88,91.0,-0.64,1.76,21.24,2.88,2.19,0.88,-1.76,0.0,21.64,0.46,0.0,1.12,-0.88,1
1.0,0.0,1.0,1.0,0.0,-4.15,2.79,2.59,5.38,8.59,10.56,-1.71,1.0,109.7,1.0,2.0,2.21,2.0,6.32,1.79,1.0,0.0,2.0,1.0,0.0,1.0,0.0,0
0.0,4.0,1.0,0.0,0.0,-0.66,1.66,1.0,-4.59,0.0,3.28,1.65,0.0,2.62,0.0,1.34,0.34,-1.31,0.59,-0.66,0.0,0.0,1.34,1.0,0.0,1.69,-0.66,0
0.0,0.0,1.0,1.91,0.0,0.0,1.91,1.0,0.0,1.91,5.91,0.26,1.83,125.63,2.91,0.0,2.74,1.0,8.91,3.65,1.0,0.0,4.74,0.54,0.0,0.09,0.0,0
0.0,1.0,1.0,1.0,0.0,-4.59,2.0,2.0,2.75,5.92,-0.51,-0.28,0.0,82.95,1.0,0.0,4.0,2.0,1.56,0.92,1.0,0.0,6.08,0.71,0.0,4.0,-0.92,0
0.0,3.79,1.0,-0.95,0.0,0.0,2.0,1.0,0.05,0.0,2.05,0.84,1.0,-94.71,2.21,1.89,6.0,0.05,0.55,0.0,0.11,0.0,1.05,1.0,0.0,3.89,2.0,0
0.0,-3.63,1.0,1.0,0.0,1.82,1.0,1.0,1.0,0.0,5.24,0.65,0.61,100.0,3.39,0.39,3.42,1.0,3.06,0.0,3.61,0.0,3.61,1.0,0.0,0.39,0.61,0
0.0,1.0,1.0,-0.6,-1.2,-3.0,-0.8,1.0,0.0,0.0,-0.6,5.1,-0.6,-19.81,0.6,5.0,1.0,0.0,10.3,11.2,-0.8,-0.6,2.0,1.0,0.0,3.6,0.0,0
0.0,-0.9,1.0,0.0,0.0,0.0,0.1,0.1,0.0,0.4,10.0,1.0,0.0,93.0,4.9,2.0,-2.6,0.1,3.92,0.0,1.0,0.0,-2.5,1.26,0.0,-0.7,0.0,0
1.41,4.7,1.0,0.0,0.0,2.11,1.0,1.7,-2.11,4.93,0.7,2.17,0.0,19.73,0.7,2.0,3.82,-0.7,0.08,-0.7,-0.7,0.0,2.0,1.0,0.0,3.0,0.7,0
0.0,0.0,1.0,0.0,0.0,-2.16,2.72,2.44,7.48,8.6,9.16,-0.32,0.0,80.68,1.72,1.44,6.48,3.0,2.45,1.0,1.0,0.0,1.72,1.0,0.0,1.0,0.0,0
0.0,0.0,-1.58,0.0,0.0,0.86,-1.44,1.0,-1.58,0.86,1.86,3.08,0.0,-14.61,1.28,1.72,1.0,1.86,1.65,0.14,2.0,0.0,1.86,1.0,0.0,4.72,0.0,0
0.0,-0.56,1.0,1.0,0.0,0.0,0.88,3.0,6.76,7.56,13.0,1.11,0.0,137.91,3.68,2.0,9.09,2.0,0.6,-0.56,-0.56,0.0,3.0,1.0,0.0,2.56,0.0,0
0.0,0.0,1.0,0.59,0.0,-2.97,1.0,1.0,3.0,3.37,11.5,-0.1,-0.59,53.41,2.41,0.59,10.0,1.59,3.29,2.0,1.41,0.0,0.81,0.5,0.0,2.0,2.0,0
0.0,0.0,1.0,1.83,0.0,1.67,1.83,0.17,1.0,3.34,4.34,1.47,1.67,119.18,4.83,1.83,9.34,0.17,3.67,0.0,3.0,0.0,4.67,1.0,0.0,1.0,0.0,0
0.0,3.38,1.0,0.0,0.0,1.69,2.0,3.0,3.0,1.16,-26.64,3.91,0.0,-26.95,0.16,1.69,1.31,-1.38,2.69,1.84,1.0,0.0,3.0,1.0,0.0,2.84,0.0,0
0.72,0.0,1.0,17.72,0.0,-2.88,10.0,1.0,0.0,4.32,8.48,-0.6,7.28,104.74,-0.44,0.0,-0.16,2.72,14.16,1.0,3.0,0.0,2.0,1.0,0.0,2.44,0.28,0
0.0,1.0,1.0,1.0,0.0,0.5,2.0,2.0,1.0,2.0,14.0,-0.35,0.0,64.0,2.0,-1.0,16.51,2.0,2.89,-0.51,0.5,0.0,6.5,0.82,0.0,2.0,0.0,0
0.0,0.0,1.0,1.76,0.0,0.48,1.0,1.0,0.0,2.52,35.72,0.21,0.0,81.2,1.0,-1.28,1.0,2.0,1.62,0.0,1.24,0.0,0.24,1.0,0.0,1.24,0.0,0
0.0,3.55,1.0,0.0,0.0,0.0,0.22,1.0,-0.78,-0.78,-1.55,4.41,0.0,38.85,0.0,5.55,-2.33,0.0,2.52,3.22,1.0,0.0,1.22,0.5,0.0,3.22,0.0,0
0.0,0.74,1.0,1.48,0.0,3.74,1.74,2.48,-0.74,6.67,17.31,1.24,0.0,-26.69,-0.22,0.0,9.41,1.74,2.19,0.0,3.52,0.0,2.48,1.0,0.0,2.48,1.74,0
-1.39,0.0,1.0,1.0,-1.39,0.0,1.0,2.0,5.69,6.0,4.0,1.2,1.0,115.47,7.16,0.0,-36.14,2.0,3.68,2.0,1.0,0.0,3.69,1.0,0.0,3.0,0.0,0
0.0,0.0,0.15,1.0,0.0,2.0,1.15,1.0,4.69,2.15,-1.54,1.47,0.0,53.04,3.85,0.0,-0.85,1.0,0.9,0.0,2.0,0.0,3.0,1.0,0.0,1.15,0.0,0
0.0,0.0,1.0,-0.85,0.0,5.12,2.0,0.15,3.56,-1.71,0.44,1.12,1.0,1.71,6.85,0.0,6.0,-1.56,1.59,0.85,2.0,0.0,-0.56,1.0,0.0,2.0,2.0,0
1.57,4.0,1.0,-0.78,0.0,2.0,1.78,0.22,0.0,4.7,-1.57,4.33,0.0,10.18,0.78,2.0,5.7,-1.57,4.53,1.0,0.0,0.0,2.0,1.0,0.0,3.78,0.78,0
0.0,0.0,1.0,0.0,0.0,0.0,2.0,2.0,1.0,0.75,5.76,0.07,0.0,0.0,2.25,0.0,0.49,2.0,0.37,0.75,1.25,0.0,3.0,1.25,0.0,1.25,0.0,0
4.02,-0.99,1.0,4.0,0.0,-2.97,1.01,-0.97,0.0,10.08,38.06,0.75,0.0,9.83,2.98,0.0,9.07,2.0,2.24,1.99,1.99,0.0,10.02,0.58,0.0,2.99,-0.99,1
0.81,1.62,1.0,0.81,1.62,1.77,2.0,7.47,13.74,3.23,9.42,-0.51,1.19,60.62,3.0,4.04,14.47,1.81,2.22,0.0,0.19,0.0,4.62,0.8,0.0,1.0,0.81,1
2.0,0.0,1.99,0.0,0.0,0.0,2.99,1.0,0.0,5.05,7.99,-0.29,0.0,72.0,2.99,0.0,9.0,3.98,6.32,0.99,1.99,0.0,3.01,1.0,0.0,2.0,1.0,0
0.0,0.0,1.0,1.0,25.9,3.0,0.42,1.0,1.0,-3.75,27.29,0.2,3.0,0.57,2.42,2.0,-3.6,0.42,2.48,0.0,0.42,0.0,5.58,0.8,0.0,1.42,-0.58,0
0.0,0.0,-0.07,1.0,0.0,-5.93,-0.13,1.0,6.53,0.0,3.0,0.04,-1.13,73.34,3.6,1.0,17.4,0.47,4.13,-0.6,-2.2,-1.07,5.0,0.6,0.0,1.47,1.0,0
0.0,0.0,1.0,-1.79,0.0,0.89,1.0,1.0,-0.89,8.04,15.62,0.94,0.0,-3.58,0.21,0.0,7.47,2.0,-11.34,0.0,2.0,0.0,6.58,0.22,0.0,1.11,0.0,1
0.0,-7.01,1.0,0.88,0.0,-4.38,1.0,1.0,3.0,4.51,14.27,-2.41,0.0,65.73,3.0,-1.75,8.25,1.88,6.81,1.12,2.88,0.0,-0.63,0.85,0.0,3.75,2.0,0
1.0,5.4,0.1,1.0,0.0,-2.4,-0.7,1.0,-0.6,5.2,5.0,2.61,-0.8,10.21,1.0,2.9,1.2,2.0,2.42,0.1,0.1,0.0,2.0,1.45,0.0,1.9,0.0,0
6.0,0.0,1.0,4.89,0.0,0.0,2.0,2.0,5.37,22.47,48.47,-0.03,0.0,116.16,1.89,1.79,24.95,2.0,3.23,0.11,0.11,0.0,12.0,0.58,0.0,2.0,0.0,1
1.0,0.0,1.0,3.0,0.0,-2.0,3.0,1.0,3.0,17.0,26.0,-1.88,1.0,129.0,1.0,2.0,4.0,3.0,6.68,2.0,2.0,0.0,10.0,0.83,0.0,2.0,0.0,1
0.0,-2.65,1.0,1.0,0.0,-1.22,2.0,2.0,1.83,5.61,5.61,-1.02,0.61,75.21,0.39,-0.61,6.43,2.0,3.61,0.61,1.61,0.0,7.0,0.71,0.0,3.39,0.0,0
0.0,0.0,1.0,-9.78,0.0,6.17,-4.07,1.0,1.0,2.0,9.17,0.42,-0.81,10.28,4.27,2.0,4.81,0.37,-1.14,-0.63,-0.27,0.0,5.63,0.8,0.0,2.0,-0.63,0
-1.4,-0.7,1.0,0.0,0.0,-2.1,0.3,-1.1,0.0,-4.6,0.8,1.47,0.0,-39.12,2.4,0.0,-1.9,2.0,0.21,0.7,1.7,0.0,-0.4,1.0,0.0,2.7,-0.7,0
-3.72,-8.37,1.0,-2.72,0.0,1.86,0.07,1.0,-0.93,-14.6,35.26,1.77,0.0,13.25,1.93,0.0,-6.51,1.07,-3.55,0.0,3.72,0.0,-3.65,1.15,0.0,1.07,0.93,0
0.0,0.0,1.58,-0.58,0.0,0.0,2.0,1.0,-1.88,1.15,9.91,0.55,-0.15,16.12,4.85,-6.33,7.73,1.0,-2.63,-1.15,2.0,0.0,3.15,0.77,0.0,1.42,2.0,0
0.91,0.0,1.0,1.91,0.0,2.83,1.91,1.0,8.09,7.83,30.09,-2.24,0.0,135.22,-0.83,2.0,2.91,3.91,8.25,2.83,0.0,0.0,4.83,1.0,0.0,2.09,1.91,0
0.0,0.0,1.0,1.0,0.0,2.63,0.12,1.0,-0.88,2.25,51.12,1.35,0.0,67.07,0.12,0.0,-0.88,2.0,-2.73,-0.88,3.51,0.0,1.0,1.0,0.0,2.0,0.88,0
0.0,-0.73,1.0,0.0,2.0,-3.64,3.0,1.0,2.0,2.73,11.56,-3.35,1.0,85.0,2.0,-7.28,4.0,1.73,2.14,-0.37,1.0,0.0,1.73,1.0,0.0,0.54,0.0,0
0.0,0.0,1.0,1.78,0.0,2.0,2.0,1.0,2.22,3.0,1.78,0.58,0.0,158.7,6.11,0.0,0.78,1.0,1.75,0.0,2.0,0.0,4.55,1.0,0.0,1.22,0.0,0
-3.04,-5.31,1.0,-3.04,0.0,-0.76,0.24,1.0,0.24,-15.18,-14.42,6.06,0.0,-67.56,3.24,3.04,-6.83,-0.52,-0.02,3.04,1.0,0.0,-2.04,0.75,0.0,4.52,0.0,0
-1.65,-0.82,2.0,13.0,3.0,0.0,1.18,-1.47,2.0,0.24,26.53,0.74,0.0,58.42,2.82,3.82,0.24,5.0,10.06,0.0,1.82,0.0,6.18,0.86,0.0,3.65,2.18,0
1.0,0.0,1.0,0.12,0.0,0.88,1.0,1.0,-0.88,6.0,16.88,1.47,0.0,-11.61,-2.5,2.63,2.0,2.88,9.23,0.88,-0.75,0.0,0.25,1.0,0.0,3.0,0.0,0
0.0,4.0,1.0,0.0,0.0,-1.27,0.24,1.0,0.0,0.0,0.0,3.4,-1.51,37.77,0.0,2.76,3.76,0.0,-1.27,1.0,0.76,0.0,0.24,1.0,0.0,2.49,0.0,0
0.0,0.0,1.0,1.64,0.71,10.0,2.71,1.64,1.93,2.57,2.36,0.74,1.0,22.7,1.64,0.0,-0.29,2.64,3.08,1.71,5.0,1.0,3.29,1.0,0.0,1.64,0.0,0
0.0,0.0,1.0,-0.55,0.0,0.0,1.45,0.45,1.0,-1.1,-6.71,1.78,0.0,-35.26,2.55,2.0,-7.71,0.45,-0.92,0.45,2.65,0.0,-1.31,1.24,0.0,3.55,0.0,0
0.0,0.0,1.0,-0.87,0.0,0.0,1.0,1.0,0.0,-0.73,-0.54,0.89,0.0,-36.43,1.0,0.0,-0.73,1.13,-1.02,1.87,1.87,0.0,3.0,1.0,0.0,-1.6,0.0,0
0.0,0.0,1.0,0.33,0.0,2.67,0.33,1.0,1.33,3.67,18.0,1.39,0.0,84.0,2.0,0.0,7.67,1.0,6.19,0.33,0.33,0.0,4.33,0.89,0.0,0.67,0.0,0
0.0,0.0,1.0,0.58,0.0,8.26,1.58,1.0,2.74,-0.58,3.0,4.43,-0.58,48.72,2.42,0.58,13.02,2.0,4.22,1.58,-0.16,0.0,4.32,0.77,0.0,2.42,0.58,1
0.0,2.85,1.0,1.0,0.0,-0.42,1.0,1.0,5.44,4.58,10.0,1.0,0.0,42.3,-2.56,1.29,1.29,2.29,1.93,0.29,-0.71,0.0,3.71,1.0,0.0,3.71,0.29,0
0.0,9.09,-1.18,0.0,0.0,0.27,-1.91,1.0,-2.18,-0.73,-5.82,3.35,0.0,-52.4,-2.18,3.46,5.18,-0.73,1.53,1.73,-0.73,0.0,1.73,1.0,0.0,4.73,0.0,0
0.0,3.0,1.0,2.29,0.0,-1.42,2.0,4.0,5.0,8.14,45.98,-0.24,0.0,107.8,4.14,2.71,3.0,2.29,0.63,0.0,-0.71,0.0,6.71,0.83,0.0,2.0,2.0,1
0.0,0.0,1.0,1.0,0.0,3.0,1.0,1.0,4.39,0.3,0.91,0.37,3.0,57.27,5.54,2.85,2.7,1.0,2.38,-0.85,1.0,0.0,5.0,0.8,0.0,1.15,0.0,0
0.94,0.0,1.0,1.94,0.0,2.0,1.94,1.0,0.0,15.11,18.99,0.57,0.0,46.24,-0.88,1.94,7.59,2.94,-9.2,0.0,2.0,0.0,10.41,0.84,0.0,2.0,0.0,1
-0.71,0.0,1.0,0.29,0.0,3.83,2.0,1.0,0.29,-2.54,0.29,1.04,3.0,-17.68,5.0,4.29,-1.12,1.0,6.34,4.71,5.71,1.0,2.29,1.0,0.0,2.0,0.0,0
0.0,1.0,0.5,1.5,0.0,-3.52,0.49,4.0,7.52,12.01,18.03,0.06,-1.01,91.57,0.99,1.01,4.0,3.01,3.61,0.0,0.5,0.0,1.5,1.25,0.0,2.01,0.5,0
1.31,0.0,1.0,1.0,0.0,-1.31,1.65,1.0,-2.27,5.24,5.58,0.95,0.0,107.86,3.04,-1.96,5.58,1.65,3.31,-0.65,2.0,0.0,4.96,1.0,0.0,2.0,0.0,0
0.0,-0.72,1.0,0.0,0.0,-3.62,2.0,1.0,1.0,0.72,5.62,-2.57,0.0,13.77,2.0,-7.25,4.45,1.72,-3.2,-5.07,2.0,0.0,1.28,1.0,0.0,1.28,0.0,0
0.0,1.0,1.0,-3.33,0.0,6.66,1.0,1.0,0.0,-4.16,-4.16,5.08,0.0,-29.11,-0.83,1.83,0.0,0.83,0.61,-0.83,0.0,0.0,1.0,1.0,0.0,2.66,0.0,0
2.0,0.0,1.0,1.8,0.41,2.39,-0.59,1.0,-0.8,0.0,1.8,0.47,1.59,-1.28,1.8,1.59,53.61,1.0,-1.61,-3.19,1.0,0.0,6.19,0.84,0.0,1.0,0.0,1
0.0,0.0,1.0,-0.67,0.0,0.0,2.0,1.0,2.35,0.67,1.67,1.26,0.0,-67.28,2.33,-0.67,7.06,1.0,2.91,2.35,1.33,0.0,0.33,0.66,0.0,3.67,1.35,0
2.0,0.0,1.0,0.0,45.0,4.38,1.0,1.0,-2.63,-0.88,42.25,2.39,-1.75,-14.01,-0.75,0.0,4.5,1.88,1.98,0.0,-1.75,0.0,6.75,1.0,0.0,0.12,0.0,1
0.0,-2.69,1.0,0.67,0.0,10.0,1.0,1.67,4.37,4.04,5.69,3.53,0.67,46.47,5.02,-1.35,2.67,3.35,5.57,2.35,1.67,0.0,2.67,1.0,0.0,3.0,0.0,0
0.0,-0.7,1.0,0.7,0.0,-2.51,1.0,1.0,2.0,5.81,27.83,-2.98,0.0,127.66,1.7,-6.02,9.7,2.7,0.15,-4.92,0.0,0.0,8.0,0.5,0.0,2.7,0.0,1
0.6,1.19,3.0,2.98,0.0,-0.6,5.6,1.0,-2.98,2.39,12.95,0.03,2.0,3.58,1.6,-1.19,24.53,1.4,4.29,1.4,7.0,1.0,14.55,0.78,0.0,1.4,0.4,1
0.0,0.0,1.0,0.0,0.0,0.0,1.13,0.13,2.73,4.13,-5.12,0.57,0.87,54.88,4.46,0.0,-11.26,2.13,-0.12,1.0,1.87,0.0,-1.6,1.37,0.0,1.87,0.0,0
0.0,0.0,0.01,0.0,0.0,-2.97,0.01,1.0,5.0,0.01,-8.9,0.7,0.0,35.27,5.0,2.0,-0.97,1.0,2.51,0.99,1.99,0.0,-1.97,1.4,0.0,1.01,0.0,0
0.0,0.9,4.0,-0.9,0.0,3.7,5.0,0.1,-1.5,-4.41,4.4,4.3,-0.9,9.84,0.3,5.5,-0.9,-0.8,10.88,10.91,1.0,0.0,0.1,1.0,0.0,1.0,0.0,0
1.0,-0.55,1.0,0.45,0.0,3.64,1.45,0.45,0.0,-0.74,19.81,1.33,0.0,22.16,2.55,0.0,-0.09,1.45,3.88,2.0,3.19,0.0,-0.28,1.16,0.0,0.36,1.55,0
0.0,0.0,0.1,1.0,0.0,0.0,1.0,2.8,3.7,0.9,5.49,1.36,0.0,119.77,6.1,0.0,2.8,1.9,1.57,0.9,1.0,0.0,4.9,1.0,0.0,0.1,0.0,0
0.0,6.0,1.0,0.0,0.0,5.19,1.0,1.0,-3.99,-0.8,5.58,3.36,0.8,-47.84,0.61,0.2,1.59,1.0,1.34,0.0,0.0,0.0,2.8,1.0,0.0,1.2,0.0,0
0.0,0.0,1.0,0.73,0.0,0.0,1.0,1.0,1.73,3.0,6.0,0.32,0.0,114.59,6.36,1.0,0.73,0.27,3.0,0.27,1.0,0.0,3.18,1.0,0.0,1.55,0.0,0
1.96,0.0,1.0,1.96,0.0,-1.91,2.91,1.0,0.0,9.83,19.83,-0.75,0.0,94.17,1.0,-2.87,3.91,1.04,13.12,1.91,1.0,0.0,3.91,1.0,0.0,2.04,1.91,0
0.0,0.0,1.0,0.0,0.0,4.91,0.09,1.0,0.91,0.91,21.55,1.29,1.0,38.2,1.18,0.91,9.46,1.91,1.09,-0.91,0.09,0.0,8.37,0.55,0.0,1.91,0.0,1
0.0,0.71,2.0,-0.71,0.0,2.14,1.29,1.0,-0.71,0.29,2.29,3.81,-1.43,-2.71,-0.86,3.57,-1.14,0.29,8.07,6.43,-1.14,0.0,0.57,1.36,0.0,3.71,0.0,0
0.0,-0.78,1.0,-0.78,0.0,0.0,1.22,0.22,1.0,1.87,7.0,0.78,0.0,34.91,1.0,0.0,-0.78,3.0,0.84,1.0,1.0,0.0,-3.7,1.22,0.0,-0.57,0.0,0
-0.82,0.0,1.0,-0.82,0.0,0.0,1.0,1.0,5.0,-3.95,-11.55,1.32,0.0,-2.68,5.82,2.0,1.18,1.0,-4.88,0.0,1.82,0.0,1.0,1.0,0.0,1.18,0.0,0
0.0,0.0,1.0,0.77,0.0,2.31,1.77,1.0,4.08,-1.54,-4.63,1.52,1.54,-9.25,4.54,7.71,4.0,1.0,6.32,2.77,3.0,0.0,2.54,1.0,0.0,2.0,0.0,0
0.89,1.0,1.0,1.78,0.0,3.0,1.89,1.0,0.89,12.43,14.21,5.27,0.0,15.1,0.0,2.89,5.33,0.89,-1.82,1.0,0.0,0.0,11.77,0.85,0.0,3.0,0.0,1
0.69,0.0,1.0,-0.69,31.04,-1.38,1.31,1.0,1.0,-1.38,16.17,1.83,0.0,-37.93,2.31,0.0,1.0,0.31,0.06,-0.38,1.31,0.0,2.38,1.0,0.0,2.31,-0.69,0
1.11,-0.55,1.0,1.55,1.11,-1.66,1.0,1.0,0.0,4.0,14.55,-2.63,0.0,93.29,2.55,-1.11,33.03,2.55,4.6,-0.55,1.55,0.0,2.55,1.0,0.0,2.89,0.0,0
0.0,0.0,1.0,0.0,0.0,0.0,1.0,1.0,0.74,1.26,0.78,0.78,0.0,33.0,1.26,0.0,0.74,1.0,1.35,0.26,4.22,0.0,2.0,1.0,0.0,1.0,0.0,0
0.0,0.0,1.0,0.0,0.0,0.0,2.0,2.0,1.0,4.86,19.24,-0.13,0.0,68.09,1.0,0.95,4.9,2.0,-1.23,1.0,0.05,0.0,3.0,1.0,0.0,0.1,0.95,0
0.0,0.0,1.0,0.04,0.0,3.96,2.0,1.0,1.0,-0.96,-3.8,2.19,2.0,-18.2,4.0,2.88,-0.96,1.0,0.79,0.96,1.04,0.0,4.0,1.0,0.0,2.04,0.0,0
0.0,-0.66,1.0,1.0,1.0,0.0,1.34,0.03,-0.63,5.42,47.11,1.02,0.0,106.16,3.32,0.66,8.03,1.34,-0.3,0.0,1.32,0.0,5.32,1.0,0.0,2.0,1.0,0
0.0,8.85,1.0,0.02,0.0,4.9,2.0,2.0,-2.94,4.02,5.0,3.33,-0.98,10.96,-2.92,1.96,5.96,2.0,2.47,0.0,-0.96,0.0,7.98,0.32,0.0,3.02,0.0,1
6.0,0.78,1.0,6.35,0.0,0.78,2.78,3.56,0.0,25.04,61.2,-1.3,0.0,142.05,1.0,0.0,24.6,2.0,5.95,0.22,0.22,0.0,15.13,0.58,0.0,2.0,0.78,1
0.0,0.0,1.0,0.0,0.0,0.96,1.0,1.0,0.76,0.0,1.68,3.01,0.24,0.0,4.52,3.24,0.96,1.0,2.93,0.0,1.0,0.0,1.24,1.0,0.0,2.52,0.0,0
0.0,0.0,1.0,-0.78,0.0,3.89,1.78,1.0,1.0,-3.11,-12.45,1.46,1.56,-70.01,5.56,-0.78,5.11,0.22,0.41,0.0,3.78,0.0,3.56,1.0,0.0,2.0,-0.78,0
0.0,0.0,1.0,0.7,0.0,2.6,1.0,1.0,-3.5,-0.7,10.5,1.23,1.0,13.99,-0.1,-1.1,2.6,1.0,5.38,-0.7,1.0,0.0,2.7,1.0,0.0,0.3,-0.7,0
0.0,0.0,1.0,0.0,1.15,-2.88,1.58,1.0,1.15,2.15,3.85,0.94,-0.58,67.98,0.42,0.0,0.69,2.0,3.42,2.31,1.0,0.0,-0.15,1.0,0.0,2.58,0.0,0
0.0,0.0,1.0,0.0,-1.26,12.51,-0.26,1.0,-0.26,-1.26,4.26,5.29,0.0,-53.41,3.0,0.63,2.0,2.0,1.28,-1.51,1.0,0.0,2.63,1.0,0.0,2.37,0.0,0
0.0,8.0,1.0,-0.72,0.0,5.72,0.28,1.0,-1.44,-4.33,-9.37,5.44,0.0,-64.16,2.0,3.44,4.0,1.72,-0.4,1.72,0.0,0.0,4.28,0.6,0.0,2.72,0.0,1
2.0,6.99,1.0,-0.75,0.0,6.74,1.25,4.0,-3.74,5.26,-2.23,3.52,0.0,24.59,1.25,1.5,-3.48,0.25,0.82,0.75,0.0,0.0,-2.24,0.95,0.0,1.25,0.25,0
0.0,0.0,1.0,1.0,0.0,0.0,1.0,1.0,0.66,4.0,13.34,0.04,0.0,75.0,3.99,0.0,3.33,1.34,4.12,-0.66,2.33,0.0,2.66,1.0,0.0,3.34,0.0,0
0.0,0.0,1.0,0.59,0.0,0.0,1.59,1.0,5.94,3.94,8.47,-0.16,0.0,45.86,3.59,0.0,18.82,1.0,4.89,2.0,0.82,0.0,7.29,0.5,0.0,2.59,2.59,1
-0.73,-1.47,1.0,-3.67,0.0,0.0,1.0,1.73,-0.2,-5.87,-8.07,1.95,0.0,-19.81,3.0,0.0,-5.87,1.0,2.44,0.73,1.73,0.0,-6.8,0.96,0.0,2.0,0.0,0
0.0,0.0,1.0,0.0,0.0,-0.84,1.0,1.0,-5.05,-3.21,-5.42,1.67,0.84,-29.48,8.21,-1.68,0.0,-0.68,0.03,1.0,2.68,0.0,1.84,1.0,0.0,3.0,-0.84,0
0.0,1.0,1.0,0.0,0.0,5.0,0.02,0.02,-3.91,-0.98,-8.81,5.48,0.98,-12.72,1.98,8.04,-9.77,1.0,8.24,8.96,1.98,0.0,2.0,1.0,0.0,3.98,0.0,0
0.0,5.91,1.0,-0.98,0.0,2.97,1.0,1.0,-0.98,9.0,18.02,1.8,0.0,-10.46,0.02,0.0,5.02,2.0,0.15,0.0,-1.95,0.0,5.02,0.5,0.0,2.98,0.0,1
1.4,0.0,1.0,0.0,31.58,0.3,1.0,1.0,0.0,2.68,36.54,0.25,0.0,26.24,1.0,0.0,2.49,1.3,2.9,0.0,0.3,0.0,5.3,0.85,0.0,1.3,0.0,1
0.0,0.0,-1.3,1.77,0.0,2.54,-1.07,1.0,0.7,11.77,20.54,1.05,0.0,81.09,2.46,2.23,14.07,1.77,1.94,-0.77,-0.77,0.0,8.77,0.62,0.0,3.77,1.0,1
0.0,0.0,2.0,13.0,3.0,0.0,1.31,1.0,2.0,6.0,27.63,0.71,0.0,93.0,3.37,3.0,5.31,5.0,10.54,0.0,1.69,0.0,7.0,0.86,0.0,2.0,3.0,1
-0.67,0.0,1.67,8.69,0.67,5.0,0.66,1.0,-0.67,1.34,25.06,0.27,1.33,15.38,3.0,1.34,12.01,3.68,6.96,-0.67,1.0,0.0,6.34,0.9,0.0,1.0,2.01,0
0.58,0.0,1.0,2.73,0.0,0.0,2.58,1.0,5.58,13.07,25.38,-0.35,0.0,117.78,3.0,0.58,20.88,2.58,4.55,0.0,0.0,0.0,18.34,0.57,0.0,3.58,1.0,1
0.0,0.0,1.0,0.0,-1.06,-0.32,-0.6,1.0,2.06,1.53,1.53,1.89,-0.53,67.55,2.06,6.0,0.0,1.47,4.55,4.4,-0.66,-0.53,1.0,1.0,0.0,2.06,0.0,0
0.0,0.0,1.0,0.0,0.0,3.0,0.19,1.0,0.81,2.81,1.12,2.9,-1.63,81.69,1.37,5.88,-6.51,1.81,4.53,4.88,1.81,0.0,0.37,1.0,0.0,4.0,0.0,0
1.0,0.0,0.11,-9.67,-0.89,3.0,2.0,1.89,4.78,7.0,-16.33,0.7,1.89,62.44,3.67,-0.67,4.78,-0.67,-3.39,1.0,1.89,0.0,1.11,0.83,0.0,1.0,-1.78,0
0.83,0.0,1.0,1.0,1.65,0.0,4.48,1.0,2.65,4.3,2.65,-0.16,2.83,107.79,3.17,0.83,3.17,1.0,8.35,4.83,1.52,0.0,4.83,0.5,0.0,1.17,0.0,1
0.85,1.69,2.0,4.23,0.0,7.15,4.85,1.0,-0.23,5.39,12.7,0.31,2.0,67.08,3.85,-1.69,19.78,0.15,1.35,0.15,1.0,0.0,15.55,0.19,0.0,0.15,-0.85,1
2.0,0.0,1.0,1.0,2.0,0.0,1.0,1.0,0.0,0.0,2.37,-0.72,0.68,33.0,3.05,0.0,59.42,1.0,0.67,-0.68,1.0,0.0,3.68,1.0,0.0,0.32,1.37,0
0.61,0.0,1.0,0.0,1.22,0.0,0.78,1.0,1.0,-3.67,-4.34,0.55,1.0,-25.07,6.0,0.0,39.02,1.0,-2.64,-1.22,2.0,0.0,1.39,1.0,0.0,1.39,0.78,0
0.0,0.0,1.0,1.0,0.0,-0.87,1.0,1.0,-6.8,-1.73,12.27,1.5,0.0,104.33,4.0,0.13,2.73,0.13,0.49,-0.87,3.0,0.0,1.27,1.0,0.0,0.27,0.0,0
-0.91,0.17,1.0,0.0,-1.83,2.74,1.91,-5.31,-10.96,-1.74,-7.13,1.62,1.83,58.9,1.91,7.48,-12.79,1.09,6.41,1.83,1.91,0.0,1.09,1.23,0.0,2.83,-0.91,0
2.0,0.0,1.0,1.0,2.0,-5.61,-0.4,1.0,-2.8,-0.7,3.1,0.68,-1.4,12.66,0.3,0.0,55.3,1.0,0.67,-0.7,1.0,0.0,3.0,1.35,0.0,2.4,0.0,0
0.0,1.0,1.0,-0.97,0.0,5.9,1.0,1.0,4.83,2.9,-5.79,4.67,1.93,-25.11,0.97,16.59,1.0,-0.97,3.66,13.97,1.0,0.0,2.97,1.0,0.0,3.0,0.0,0
-0.51,0.0,1.0,-0.51,0.0,9.51,0.49,1.0,0.0,-3.06,-0.02,3.19,0.51,-25.48,2.02,-1.02,2.47,1.49,-1.3,-0.51,2.02,0.0,2.49,1.0,0.0,3.02,0.0,0
1.91,0.0,1.0,0.0,43.08,-2.87,1.0,1.0,0.0,-1.91,38.38,-0.24,0.0,-39.25,0.09,-0.96,1.96,2.0,2.51,0.0,1.04,0.0,4.87,1.0,0.0,-0.87,0.0,0
0.51,0.0,1.0,0.51,0.0,5.01,1.51,1.0,0.0,1.01,17.63,0.35,1.0,27.83,3.51,0.0,6.51,1.0,4.86,0.51,1.0,0.0,3.01,1.0,0.0,0.49,0.51,0
0.0,-0.78,1.0,0.0,0.0,0.0,0.44,1.0,-0.56,0.0,1.78,1.49,0.78,19.48,1.22,2.0,-3.12,1.0,0.07,1.0,-0.56,0.0,2.78,1.0,0.0,3.0,0.0,0
0.0,0.61,-0.22,0.39,2.0,-7.96,-1.06,2.0,4.0,6.0,4.39,2.53,-2.67,27.8,4.39,3.06,6.78,0.78,8.79,6.12,-2.28,-1.22,4.78,0.67,0.0,1.39,1.0,0
4.0,9.0,1.0,4.74,0.0,12.78,2.74,1.0,1.0,20.0,16.79,0.86,2.95,162.63,1.0,0.0,2.37,2.0,2.74,0.74,1.74,0.74,5.26,0.83,0.0,3.47,-0.74,1
1.23,0.62,1.0,-0.62,0.0,4.85,1.62,2.85,-0.62,5.55,5.94,1.75,0.0,-10.49,0.77,0.0,5.7,1.0,1.08,0.0,3.77,0.0,1.0,1.0,0.0,1.62,1.62,0
2.0,1.0,1.0,0.59,0.0,3.59,2.0,4.0,0.0,11.38,14.94,0.43,0.0,132.88,2.0,-0.59,8.78,1.0,6.02,-0.59,-0.59,0.0,3.0,1.0,0.0,2.0,1.0,0
0.0,0.0,1.0,-0.8,1.6,0.0,2.6,1.0,1.8,1.6,3.21,2.3,0.8,-12.03,1.59,0.0,2.41,1.0,4.35,3.21,0.2,0.0,-0.6,1.0,0.0,3.8,0.0,0
0.0,8.77,1.0,0.0,0.0,8.95,1.03,1.0,0.05,0.05,0.1,6.22,0.03,1.03,2.95,1.97,3.9,2.0,1.29,1.03,0.05,0.0,4.9,0.81,0.0,1.0,0.97,0
0.0,2.15,1.0,-0.54,0.0,-1.62,1.0,1.0,4.46,-0.08,-3.23,1.42,-1.62,37.38,3.38,2.0,2.0,0.46,-0.32,0.0,0.46,0.0,-0.62,1.11,0.0,2.54,0.0,0
6.0,5.09,1.0,4.0,0.0,-4.24,2.0,2.0,0.0,18.0,44.0,-2.45,0.0,92.0,1.0,1.7,18.54,2.0,6.18,2.7,1.0,0.0,12.85,0.58,0.0,2.85,0.0,1
-0.84,0.0,1.0,1.84,-1.68,0.0,-0.52,1.0,3.32,1.64,14.16,0.99,-0.84,103.18,4.68,-0.84,18.84,2.0,0.62,-0.84,0.84,0.0,12.84,0.67,0.0,2.16,1.0,1
1.0,0.0,1.0,1.0,0.0,0.51,1.51,1.0,1.53,11.11,22.13,0.12,0.0,84.68,2.53,1.53,6.6,1.49,6.5,0.0,0.49,0.0,5.57,0.81,0.0,3.0,0.51,0
-4.28,-2.14,1.0,1.71,0.0,-1.43,1.0,-3.28,1.0,-12.85,-26.84,1.41,0.0,90.01,5.71,-1.43,-18.27,1.0,0.81,0.0,1.29,0.0,-0.57,1.1,0.0,2.0,0.0,0
0.0,0.0,1.0,1.6,0.6,3.0,2.6,1.6,3.2,7.61,33.03,0.18,2.0,49.82,2.2,9.8,4.8,1.6,8.05,2.0,0.4,0.0,4.8,1.0,0.0,3.0,0.6,0
0.97,0.97,1.0,5.81,0.0,-4.84,1.97,1.0,3.87,10.68,65.2,-3.73,0.0,185.07,2.94,-0.97,25.26,5.94,4.04,0.0,0.0,0.0,19.42,0.64,0.0,2.97,0.0,1
0.0,6.0,1.0,0.0,0.0,-0.88,1.0,1.0,0.0,-1.92,-4.8,4.32,-2.88,55.63,6.84,-0.92,0.0,1.0,-2.47,0.0,0.0,0.0,1.04,1.19,0.0,1.04,0.0,0
0.0,-1.65,1.0,1.0,0.0,2.48,1.0,0.17,1.0,-0.83,0.17,5.31,0.0,17.31,8.65,-1.65,1.0,0.17,0.59,0.0,0.17,0.0,4.0,1.0,0.0,1.0,0.0,0
-0.62,6.76,1.0,-0.62,-1.24,5.0,1.0,-3.96,-10.54,-2.48,-4.96,4.39,0.0,-46.5,1.38,-1.1,-4.06,1.0,0.11,1.0,1.24,0.0,3.76,0.75,0.0,2.62,-0.62,0
0.0,0.0,1.0,0.0,0.0,-0.87,2.0,1.0,1.0,2.0,36.11,-1.02,0.0,117.83,2.13,-0.87,5.62,3.62,3.06,-0.75,-0.75,0.0,1.87,1.0,0.0,1.0,0.0,0
0.0,-0.92,1.0,0.0,0.0,0.0,1.08,1.08,1.0,-3.68,2.0,0.98,0.0,18.41,3.92,0.0,-1.68,1.08,2.32,0.0,2.0,0.0,-1.6,1.26,0.0,-0.76,0.0,0
0.0,5.28,1.0,0.0,0.0,-3.55,1.0,1.0,-0.75,0.0,4.74,-1.15,1.0,0.0,0.74,2.26,5.75,-0.51,2.38,0.75,0.25,0.0,2.0,1.0,0.0,0.25,1.0,0
-0.55,0.0,2.0,-0.55,0.0,0.0,2.0,1.0,0.55,-2.3,-5.81,2.04,0.0,-8.83,3.1,0.0,-0.1,0.45,-2.6,0.0,1.0,0.0,1.45,1.0,0.0,3.0,0.0,0
0.0,0.0,2.0,-0.53,0.0,8.0,3.47,1.0,0.79,2.0,-0.53,1.8,1.47,8.58,2.47,1.07,-7.62,1.53,1.29,1.0,0.47,0.0,-0.14,0.71,0.0,1.0,-0.53,0
0.0,0.0,1.74,1.0,0.0,2.0,1.0,1.0,-0.74,1.74,4.48,0.95,0.0,74.34,1.0,-0.48,1.74,2.0,3.7,-0.74,2.0,0.0,1.0,1.0,0.0,2.0,0.0,0
6.0,7.45,1.0,-0.64,0.0,2.0,1.36,5.73,-0.73,18.55,45.73,0.83,0.0,39.84,0.73,2.64,38.64,0.73,4.49,1.27,1.0,0.0,16.36,0.53,0.0,3.0,1.0,1
5.04,2.52,1.0,1.0,0.0,3.84,1.84,6.04,4.2,21.33,53.71,-1.18,0.0,140.33,1.84,-0.84,40.98,2.0,3.56,-0.84,0.84,0.0,15.45,0.6,0.0,2.84,0.84,1
-1.9,0.0,1.0,0.95,-42.67,6.84,1.95,1.0,4.74,0.95,-34.73,1.61,2.9,28.45,5.84,10.43,5.05,1.0,7.47,1.9,1.95,0.0,0.1,1.0,0.0,2.9,0.0,0
0.0,5.04,1.0,-1.91,1.91,1.04,1.0,0.04,3.83,-2.87,-17.22,2.78,0.96,23.91,6.83,1.0,-2.87,1.0,-1.24,0.0,1.91,0.0,2.96,0.68,0.0,1.04,0.0,0
0.0,11.76,0.46,-6.98,-1.61,5.0,0.46,1.0,-1.07,-3.22,-15.57,4.22,0.0,-49.92,0.93,2.0,2.39,-1.68,-3.29,2.07,-0.54,0.0,2.32,0.68,0.0,2.0,-1.61,0
0.0,0.0,1.0,0.0,0.0,0.0,1.0,1.0,5.41,0.0,4.1,1.82,0.0,2.05,4.37,-0.68,10.93,1.0,1.02,-0.68,0.32,0.0,8.15,1.0,0.0,1.32,0.68,0
0.0,0.0,1.0,0.0,2.0,-0.53,3.0,1.0,2.53,-2.76,-5.05,1.65,1.0,38.43,3.59,0.0,0.82,0.47,5.57,4.0,1.0,0.0,-1.65,1.26,0.0,2.53,0.0,0
-0.71,1.43,1.0,-4.28,0.0,0.0,0.29,1.0,-2.86,-7.14,-13.85,2.27,0.0,-64.96,0.57,1.43,-12.71,0.57,-0.24,0.0,2.0,0.0,-9.14,0.93,0.0,2.71,0.0,0
0.0,0.0,1.85,-0.85,2.0,6.81,5.55,1.0,4.55,3.7,4.15,-0.43,2.7,52.66,1.15,0.0,4.85,1.0,7.28,4.85,0.15,0.0,0.15,0.57,0.0,2.0,0.0,0
0.0,2.92,1.0,0.0,0.0,0.73,2.0,2.0,1.0,0.0,1.27,0.92,0.0,0.0,2.27,1.46,4.19,0.54,0.67,0.0,1.27,0.0,3.0,1.0,0.0,2.73,0.0,0
0.0,0.0,1.0,0.74,0.0,4.0,0.26,1.0,2.96,4.45,8.48,0.96,1.74,51.13,3.0,0.0,6.0,1.0,4.63,1.48,0.26,0.0,2.0,1.0,0.0,1.74,0.0,0
1.0,3.11,1.0,2.22,0.0,0.0,2.0,1.0,1.0,14.22,17.55,0.79,0.0,32.77,0.22,2.56,7.22,1.44,-1.88,0.0,0.22,0.0,12.78,0.83,0.0,3.0,0.0,1
0.0,0.0,1.0,2.74,0.0,0.0,1.0,1.0,-0.48,-0.74,6.0,1.77,-0.74,147.41,6.69,0.0,-1.22,2.0,16.0,-0.74,1.0,0.0,3.48,1.0,0.0,3.0,0.0,0
0.0,0.0,1.0,1.0,-0.84,0.0,0.16,0.16,-0.84,-9.02,-40.09,2.34,0.0,85.85,6.18,0.0,-7.52,0.16,5.06,0.0,1.84,0.0,2.0,1.0,0.0,0.16,-0.84,0
0.0,0.56,1.0,1.0,0.0,2.79,0.44,0.44,1.44,1.0,2.89,2.72,0.0,66.0,1.33,0.56,-0.11,-0.11,0.96,0.0,-1.11,0.0,0.89,1.0,0.0,2.44,0.0,0
0.0,0.0,2.0,0.0,-1.55,-4.77,-0.33,1.0,1.55,3.78,12.78,0.77,-0.78,83.66,3.55,0.0,3.0,0.22,-1.43,-2.33,-2.89,-0.78,5.0,0.6,0.0,3.55,0.0,0
0.0,4.06,1.0,-2.03,2.0,-0.68,2.32,-0.35,2.0,-4.08,-10.55,0.81,1.0,41.73,1.32,2.03,-1.41,-0.35,5.78,5.35,1.0,0.0,-1.03,1.0,0.0,1.32,-0.68,0
0.0,0.0,4.0,0.0,-1.9,3.85,3.1,1.0,1.1,-0.9,4.2,1.85,-0.95,-8.73,3.0,1.0,-1.9,1.0,-3.83,-2.8,4.8,0.0,1.0,1.0,0.0,0.05,0.95,0
0.0,0.0,1.0,0.0,0.0,-1.65,2.0,1.55,0.45,1.1,4.65,0.42,-0.65,9.37,4.9,-1.1,7.1,2.65,0.51,0.0,2.0,0.0,1.45,1.11,0.0,1.45,2.0,0
0.0,1.0,0.17,3.83,0.0,1.83,2.0,3.0,2.48,17.28,36.25,-0.07,0.0,109.55,2.66,2.48,19.28,2.0,4.15,0.0,-0.83,0.0,9.97,0.69,0.0,3.0,1.83,1
0.0,0.0,4.0,0.0,0.0,3.84,5.0,1.0,2.29,-0.42,12.97,-0.16,0.71,0.95,0.87,1.0,2.84,1.0,4.1,1.0,0.29,0.0,1.71,1.0,0.0,0.29,0.71,0
0.0,0.0,1.0,0.78,0.0,2.0,1.0,1.0,5.0,2.0,0.78,1.25,0.0,138.29,8.13,3.0,-0.35,1.0,1.02,-0.57,-0.57,0.0,3.35,1.0,0.0,1.22,1.0,0
0.0,0.0,1.0,-0.79,0.0,-0.79,1.21,1.0,-1.37,-6.68,-12.2,1.85,0.0,-36.43,0.63,-2.37,-5.68,1.79,2.37,1.79,1.79,0.0,-4.52,1.3,0.0,1.0,-0.79,0
0.0,0.0,1.0,-0.9,0.0,3.0,0.1,-0.8,-8.11,-5.41,26.24,5.45,0.0,13.52,2.1,-1.8,-9.01,2.8,-0.45,0.0,0.0,0.0,1.1,1.0,0.0,1.0,0.0,0
0.0,-2.31,1.0,1.58,0.0,-0.58,1.0,1.0,1.0,2.31,31.08,-0.03,0.0,155.54,5.58,-1.16,-0.74,2.16,0.53,-0.58,2.0,0.0,3.0,1.0,0.0,0.84,0.0,0
0.0,-1.97,1.0,0.0,0.0,8.91,1.0,0.01,2.96,0.99,4.94,5.39,0.0,-38.43,3.99,-1.97,2.96,0.01,1.37,0.99,0.0,0.0,1.01,1.0,0.0,1.0,0.0,0
0.0,0.0,1.99,0.01,-1.98,3.97,2.0,0.01,-0.96,8.03,25.92,1.04,-0.99,57.34,1.03,3.0,6.05,0.01,0.99,0.0,-0.99,0.0,7.01,0.56,0.0,3.0,0.01,1
0.95,1.0,1.0,0.0,1.9,2.05,3.84,1.0,2.84,-4.74,-16.12,4.49,0.95,-17.07,0.95,5.95,-4.69,-0.95,15.88,13.95,1.0,0.0,-1.79,1.47,0.0,3.0,0.0,0
0.0,0.71,1.0,-0.71,0.0,2.83,0.29,1.0,-2.12,-6.79,-8.46,3.67,0.0,-43.33,-1.83,-1.42,-4.79,1.29,-0.38,0.0,1.0,0.0,-3.96,1.27,0.0,0.58,-0.71,0
0.0,0.0,1.0,-1.93,0.0,3.0,1.73,1.0,1.73,-1.66,-2.79,0.48,3.0,0.23,3.73,0.53,3.2,1.0,4.76,0.0,1.0,0.0,4.27,0.8,0.0,2.0,0.0,0
0.0,0.0,1.0,0.39,0.0,1.0,2.0,1.61,0.55,9.16,12.27,0.66,0.0,70.86,2.78,3.0,1.82,1.0,1.43,0.61,0.61,0.0,2.49,0.83,0.0,2.39,0.39,0
0.0,0.0,1.0,-0.88,0.0,0.0,2.0,1.0,-0.75,-0.88,2.0,0.97,0.0,-57.85,1.12,0.0,4.75,1.88,1.15,0.0,3.75,0.0,2.88,0.71,0.0,1.12,0.0,0
0.0,4.93,1.0,0.0,0.0,10.07,1.0,1.0,0.0,0.0,0.0,9.59,0.0,0.0,2.36,2.0,2.36,1.57,1.96,1.79,0.0,0.0,4.36,0.84,0.0,1.43,0.79,0
0.0,1.0,1.0,0.94,0.0,-0.74,1.94,1.0,0.0,0.0,0.0,4.79,2.81,-46.78,3.74,1.06,0.94,-0.94,1.0,-0.87,2.81,0.94,3.87,1.0,0.0,3.94,0.0,0
0.0,-2.81,1.0,1.7,0.0,0.7,1.7,2.0,7.11,13.73,17.35,-0.7,1.0,130.83,5.81,0.7,9.03,2.7,5.01,2.0,1.0,0.0,7.22,0.74,0.0,3.0,0.7,1
1.0,0.0,1.0,0.32,0.0,0.0,2.32,1.0,1.36,2.59,6.86,1.27,0.0,22.84,2.36,-0.68,0.64,0.32,5.61,1.32,1.0,0.0,3.32,1.23,0.0,0.64,2.0,0
1.36,0.0,1.0,0.0,1.36,2.0,0.32,1.0,-3.4,-1.4,-0.51,1.54,0.0,24.44,-0.36,3.0,25.81,1.32,0.38,0.0,1.68,0.0,-4.11,1.23,0.0,1.64,-0.68,0
0.0,0.97,1.0,0.0,0.0,10.0,-0.95,1.0,-3.87,-0.97,3.0,8.15,0.0,0.0,0.08,3.9,-5.8,1.03,4.39,3.92,-0.95,0.0,2.97,0.51,0.0,5.92,0.0,0
0.0,-2.96,1.0,0.0,0.0,8.93,1.99,1.0,1.98,1.98,3.96,4.52,0.99,40.54,0.99,1.01,-2.97,1.98,3.97,1.99,1.98,0.0,2.0,1.0,0.0,0.03,0.0,0
0.0,3.37,1.0,0.0,0.0,3.0,0.41,1.0,-0.59,-1.19,-1.19,5.52,0.0,-19.57,-1.78,6.19,-0.19,-0.59,11.02,12.41,0.41,0.0,2.59,1.0,0.0,4.19,0.0,0
0.68,0.0,1.0,1.68,0.0,2.0,3.68,1.0,0.32,10.07,16.15,-0.98,2.0,123.24,0.64,1.0,13.68,1.0,9.02,1.68,0.32,0.0,7.04,1.0,0.0,1.32,1.36,0
1.0,2.0,1.0,1.0,2.0,0.0,1.0,9.0,17.0,4.0,10.0,0.06,0.0,75.0,3.0,5.0,14.0,2.0,2.13,0.0,0.0,0.0,4.0,0.75,0.0,1.53,1.0,1
-1.74,0.0,1.0,1.0,-1.74,1.74,2.87,1.0,3.6,3.6,1.0,0.86,2.0,91.68,5.74,0.0,-44.62,1.0,5.44,4.0,4.87,0.0,4.0,0.5,0.0,2.87,0.0,0
0.61,0.0,1.0,0.61,0.0,2.82,1.61,1.0,3.82,6.63,18.0,0.21,0.61,103.45,1.0,2.21,9.0,2.0,3.53,0.61,0.0,0.0,8.61,0.5,0.0,1.39,0.0,1
0.0,0.0,1.0,1.63,0.0,3.89,2.63,1.0,3.0,1.11,-2.15,0.67,1.26,86.03,4.26,-0.63,0.0,1.0,2.69,-0.63,2.63,0.0,4.89,1.0,0.0,2.0,0.0,0
0.52,0.0,1.0,0.52,0.0,0.0,1.0,1.0,0.48,2.1,8.39,0.67,0.0,-12.58,1.38,0.0,2.52,1.52,4.38,0.0,2.48,0.0,2.52,1.0,0.0,2.52,0.0,0
0.0,0.0,1.0,1.0,0.0,0.84,1.54,1.54,-1.08,1.46,9.46,0.88,-1.08,54.37,1.0,0.0,5.08,2.54,1.36,0.0,-0.54,0.0,3.08,1.0,0.0,1.46,0.0,0
0.0,-1.71,1.0,1.0,0.0,2.57,1.0,0.14,1.0,-0.86,0.14,2.1,0.0,14.32,5.86,-1.71,2.71,0.14,0.57,0.0,5.43,0.0,2.14,1.0,0.0,2.0,0.86,0
0.0,0.0,1.0,0.75,0.0,0.0,1.0,1.0,1.25,1.75,6.73,0.48,0.0,119.66,1.51,0.0,-0.49,1.0,4.18,0.0,-1.49,0.0,3.0,1.0,0.0,1.25,0.0,0
0.0,0.0,1.0,-0.84,-1.68,-5.41,-1.52,1.0,0.84,0.0,-1.52,6.0,-0.84,-27.75,5.52,0.0,0.84,0.16,-4.2,-2.52,-1.68,-0.84,2.0,1.0,0.0,1.84,0.0,0
0.0,0.54,1.0,1.0,0.0,5.68,2.0,1.0,1.0,-0.54,-1.68,2.29,2.0,39.81,3.46,0.54,-1.61,-0.07,3.86,0.0,1.46,0.0,4.0,1.0,0.0,2.46,0.0,0
0.0,0.0,4.0,0.0,0.0,-0.37,5.68,1.0,-0.42,-0.37,8.68,0.13,0.68,26.82,3.68,-3.79,0.0,1.0,2.39,3.05,3.74,0.68,1.0,1.0,0.0,0.32,0.0,0
-5.7,0.0,1.0,-1.85,0.0,0.0,1.0,0.05,4.75,-8.36,24.43,0.11,0.0,82.69,2.9,0.0,1.9,2.0,0.25,-0.95,-0.95,0.0,1.0,1.08,0.0,2.95,0.95,0
0.0,-3.78,1.0,1.0,0.0,0.0,1.0,2.0,5.0,6.0,4.95,0.51,1.0,69.0,3.95,-1.89,1.05,3.89,4.39,2.95,1.95,0.0,2.05,1.0,0.0,3.0,0.0,0
-0.71,0.0,1.0,0.0,0.0,-2.13,1.0,1.0,-0.71,1.29,10.1,0.65,-0.71,49.32,2.0,-0.71,-1.42,0.29,2.26,0.29,1.29,0.0,2.0,1.0,0.0,1.0,0.0,0
0.0,0.0,1.0,0.0,0.0,9.0,1.0,1.0,0.0,0.0,1.0,3.34,0.0,0.0,1.0,0.0,2.22,2.0,0.0,0.0,1.0,0.0,3.0,1.0,0.0,2.0,0.0,0
-0.85,0.0,1.0,0.0,0.15,0.0,4.93,1.0,4.85,9.55,14.95,0.1,1.0,121.81,2.0,1.93,-50.88,1.0,7.86,1.0,0.07,0.0,1.07,1.0,0.0,2.0,0.0,0
-0.45,0.0,1.0,1.0,-32.68,0.0,3.73,1.0,0.73,6.0,-16.77,0.37,0.73,74.0,4.63,0.0,5.63,1.0,6.02,2.0,2.45,0.0,1.82,1.0,0.0,2.73,3.45,0
0.0,0.0,0.14,1.86,0.0,-0.86,2.0,1.0,7.59,5.0,5.5,-0.03,0.0,97.86,3.86,0.0,15.41,2.0,3.99,0.0,0.86,0.0,10.27,1.01,0.0,3.0,1.0,1
6.0,0.0,1.0,3.46,0.0,-1.08,2.0,2.0,0.0,21.78,48.86,-0.01,0.0,105.5,1.0,0.0,17.08,2.0,3.5,1.0,1.54,0.0,14.16,0.31,0.0,2.0,0.0,1
0.0,1.0,1.0,0.16,0.0,3.38,2.0,2.0,-0.84,5.0,10.07,0.33,0.84,-24.43,-0.69,3.38,6.53,2.0,6.74,0.0,0.16,0.0,6.16,0.71,0.0,4.0,0.0,0
0.0,0.0,1.0,0.63,0.0,4.0,1.0,1.0,0.63,-0.63,-18.37,2.16,1.0,1.9,5.54,0.0,2.73,-0.9,2.14,0.0,2.27,0.0,2.63,1.0,0.0,1.0,0.0,0
0.0,-3.92,1.0,0.0,0.0,4.0,1.98,1.0,0.98,0.0,8.96,0.32,1.0,0.0,4.96,2.04,5.96,1.98,6.41,0.0,2.96,0.0,2.0,1.0,0.0,0.02,0.0,0
0.0,0.0,1.0,1.71,0.0,0.0,2.71,2.0,2.43,6.28,23.28,-0.51,0.0,127.52,1.29,0.71,15.0,1.29,6.98,1.0,-0.43,0.0,7.0,0.57,0.0,1.29,0.0,1
0.0,0.59,1.0,0.41,0.0,2.96,1.0,1.0,-0.18,-0.59,-1.37,4.09,0.0,60.91,2.82,5.92,1.0,1.0,4.36,4.15,2.59,0.0,3.0,1.0,0.0,1.0,0.0,0
0.0,0.0,1.0,0.0,0.0,-0.94,1.59,1.0,5.0,1.41,1.18,0.06,0.59,30.6,7.94,-0.53,5.53,0.41,-1.14,-2.53,1.0,0.0,1.59,1.0,0.0,2.59,2.18,0
0.0,0.0,1.0,0.44,0.0,2.23,0.44,1.0,-2.79,1.21,47.53,0.83,0.56,52.44,1.0,0.0,-7.26,1.44,-0.44,0.0,0.56,0.0,-4.58,1.19,0.0,0.88,0.0,0
1.41,1.0,1.0,2.3,0.0,1.0,2.0,3.0,-1.41,11.81,17.38,0.26,0.0,52.05,1.7,-0.7,16.62,2.7,4.81,0.0,0.7,0.0,6.41,1.0,0.0,3.7,1.7,0
0.0,0.0,1.0,0.0,0.0,1.66,0.17,-0.66,-4.47,-3.98,-7.3,1.42,1.0,-1.57,1.17,-0.83,-5.96,1.0,1.96,1.0,2.66,0.0,0.34,1.0,0.0,1.0,0.0,0
0.0,-1.27,1.0,0.0,0.0,2.0,1.0,0.37,1.9,2.0,9.0,0.82,0.0,-8.36,2.27,1.73,6.34,1.37,4.41,1.27,1.63,0.0,2.0,0.68,0.0,3.63,1.27,0
0.0,0.0,1.0,0.08,0.0,0.0,2.0,1.0,4.08,5.92,22.34,-0.79,0.0,-13.71,0.25,-0.92,18.0,2.92,3.34,0.92,-1.83,0.0,12.0,0.67,0.0,2.08,1.0,1
0.0,0.0,1.0,-0.53,0.0,0.0,2.0,1.0,-0.06,-0.53,1.0,3.05,-0.53,-26.4,1.42,0.0,-0.06,1.0,0.62,0.47,1.47,0.0,-0.58,1.0,0.0,3.0,0.0,0
1.0,0.75,1.0,0.25,0.0,5.75,2.0,1.0,-0.75,2.0,21.25,2.49,0.0,-20.1,-1.75,0.75,0.25,1.25,4.77,2.0,-0.5,0.0,1.5,1.0,0.0,1.25,1.0,0
-3.95,-4.9,1.0,-3.95,0.0,1.01,0.01,1.0,-0.99,-19.77,-16.8,5.47,0.0,-87.97,0.99,2.0,-6.91,0.0,-1.74,1.0,0.99,0.0,-1.95,1.16,0.0,3.0,0.0,0
1.0,2.0,1.0,1.0,2.0,7.29,0.19,9.0,16.19,4.0,10.0,1.01,0.0,75.0,1.38,5.0,16.43,2.81,0.92,-0.81,-0.81,0.0,5.62,0.75,0.0,0.19,1.0,1
0.0,0.0,1.0,0.02,0.0,3.91,1.0,1.0,-0.98,4.0,28.87,0.35,0.98,-7.8,0.02,3.93,6.93,2.0,5.89,0.0,-1.96,0.0,0.02,1.0,0.0,0.02,1.0,0
0.0,0.0,1.0,1.0,0.0,-0.14,1.0,1.0,6.15,5.43,33.37,-0.03,0.0,106.09,-1.28,0.29,2.57,4.71,3.14,0.43,-0.57,0.0,3.57,1.0,0.0,3.0,0.43,0
-4.03,0.67,1.0,-1.68,0.0,3.36,0.33,0.33,1.0,-12.08,-28.52,5.06,0.0,38.27,4.0,7.71,-9.07,0.33,3.75,4.03,3.0,0.0,-3.71,1.28,0.0,2.67,0.0,0
0.0,4.98,-0.42,0.29,0.0,-10.37,-1.55,1.0,6.0,0.0,2.29,0.34,-3.27,28.92,1.29,3.13,19.0,-0.42,3.33,0.29,-4.69,-1.42,3.58,0.6,0.0,0.58,1.0,0
0.0,0.0,-0.61,1.54,0.0,0.54,-0.61,2.0,5.0,7.08,0.23,0.45,1.0,73.84,3.0,-0.54,2.0,2.0,3.16,1.46,1.54,0.0,4.08,1.0,0.0,3.54,0.0,0
0.0,0.0,2.43,-6.44,-1.72,16.57,5.43,1.0,-1.15,1.72,-4.73,1.37,6.0,97.14,0.43,-1.72,3.0,0.28,-2.49,3.0,8.0,2.0,3.43,0.8,0.0,4.0,-1.72,1
0.0,3.64,1.0,0.59,0.0,2.0,1.0,1.0,0.0,2.36,8.26,2.01,0.0,44.26,4.18,-0.18,0.59,2.18,2.82,0.0,0.59,0.0,2.0,1.0,0.0,2.59,0.0,0
0.0,1.0,-0.02,0.0,0.0,5.0,-1.04,1.0,0.0,0.51,2.55,4.36,-1.02,0.0,0.0,1.0,-5.62,0.0,-1.86,-0.51,-3.06,-0.51,-0.02,1.0,0.0,0.49,-0.51,0
0.0,0.0,2.84,0.84,0.0,0.0,3.68,1.0,1.68,1.84,15.57,-1.13,0.0,107.6,2.84,0.84,1.84,1.84,5.45,0.0,1.0,0.0,2.0,1.0,0.0,1.32,0.0,0
0.0,-1.75,1.0,0.0,0.0,5.0,1.87,0.13,0.87,-0.87,6.13,1.19,1.0,-87.49,2.87,0.0,4.0,0.13,3.45,0.87,1.0,0.0,3.0,1.0,0.0,2.75,1.0,0
0.0,0.0,2.0,0.0,0.0,3.0,2.67,1.0,-1.35,3.0,12.67,0.87,0.67,58.0,0.65,0.0,4.35,1.0,3.32,2.02,2.35,0.0,5.0,0.26,0.0,1.33,0.0,1
0.0,0.0,1.0,-0.92,0.0,0.0,2.0,2.0,0.08,3.68,10.29,-0.28,0.0,-23.03,2.08,1.84,2.0,2.0,1.86,0.0,1.08,0.0,2.08,1.0,0.0,2.0,0.0,0
0.0,-4.75,1.0,0.79,0.0,-0.58,1.79,1.0,1.58,5.75,13.88,-0.04,0.0,70.48,0.42,1.0,0.79,1.0,5.26,2.0,2.0,0.0,1.0,1.0,0.0,1.21,0.0,0
0.0,0.0,1.0,0.0,0.0,11.0,2.0,1.0,1.0,1.0,3.0,3.7,2.99,-99.7,4.0,3.99,2.0,2.0,8.24,4.99,2.99,1.0,2.0,1.0,0.0,3.0,0.0,0
0.0,0.0,1.0,1.58,0.0,2.74,2.0,1.0,8.32,0.58,2.42,-0.59,2.16,117.39,2.58,7.37,18.42,1.0,7.45,1.58,0.42,0.0,6.16,0.6,0.0,2.0,1.0,1
0.0,0.81,1.0,0.0,0.0,0.0,2.0,2.0,1.0,-1.62,-2.85,4.05,0.0,-33.13,0.58,0.81,2.0,1.19,0.4,0.81,1.19,0.0,3.0,1.0,0.0,1.19,0.0,0
0.0,0.0,1.0,-0.6,0.0,2.4,1.4,2.0,0.4,-0.6,5.61,0.83,-0.6,-30.06,2.4,0.0,3.2,2.0,-0.49,-2.4,0.2,0.0,1.8,1.3,0.0,1.4,0.0,0
0.0,4.0,0.31,0.0,0.0,3.39,1.0,1.0,0.0,-2.08,-3.46,4.13,1.39,-40.17,0.69,2.0,4.46,0.0,2.55,1.0,0.0,0.0,0.61,1.28,0.0,2.31,0.0,0
6.0,3.0,1.0,0.57,0.0,2.0,2.0,7.0,4.43,24.15,67.22,-0.68,0.0,86.25,-0.87,2.57,46.72,2.57,5.14,0.0,-0.15,0.0,17.0,0.53,0.0,2.43,1.57,1
0.0,0.0,1.0,0.0,0.0,6.64,1.0,1.0,0.0,-0.82,6.18,1.24,1.0,0.0,2.0,-0.82,5.64,1.0,0.93,-1.64,3.46,0.0,3.0,1.0,0.0,0.18,1.82,0
0.0,0.0,1.0,-0.87,0.0,2.62,1.62,1.0,1.87,3.49,6.12,1.28,0.0,48.75,2.25,1.62,7.86,2.0,3.65,-0.62,1.38,0.0,4.74,0.77,0.0,3.25,0.62,0
0.0,0.0,1.0,0.0,0.0,2.35,1.0,1.0,0.0,-5.05,-6.4,1.36,0.78,-35.91,3.57,0.0,0.0,0.22,3.07,1.0,2.0,0.0,-1.13,1.39,0.0,0.22,0.0,0
0.0,-0.91,1.0,14.57,0.0,9.0,8.29,0.09,0.0,-4.55,-1.73,3.04,7.29,-9.11,1.0,0.0,2.18,2.0,6.38,0.91,2.82,0.0,-1.55,1.26,0.0,-0.73,0.91,0
0.0,7.0,1.0,-0.68,0.0,0.0,1.68,1.0,0.68,-0.68,-4.09,1.26,0.0,-48.44,0.68,4.36,1.64,-0.68,0.03,2.68,0.0,0.0,2.68,1.0,0.0,2.0,0.0,0
0.0,0.0,1.0,-0.96,0.0,0.0,2.0,1.0,0.04,5.96,14.65,-1.07,0.0,-28.67,-4.74,0.0,0.0,3.96,2.36,1.96,1.0,0.0,0.04,1.0,0.0,1.0,0.0,0
-3.06,-6.88,1.0,-2.29,0.0,-0.76,0.24,1.0,0.0,-15.3,-11.77,2.2,0.0,8.41,5.06,0.0,-5.12,1.24,-1.82,0.0,2.76,0.0,-0.29,1.13,0.0,2.0,0.0,0
0.0,1.0,1.0,1.0,0.0,0.0,2.0,4.0,3.7,9.35,13.65,0.71,-0.65,112.62,0.7,0.65,3.35,2.0,2.89,-0.65,1.65,0.0,0.35,1.0,0.0,0.35,0.0,0
0.0,0.0,1.0,2.84,0.0,3.0,1.0,1.0,6.92,-0.67,-3.67,0.91,2.0,81.61,3.08,10.16,1.0,1.92,18.91,1.0,1.0,0.0,3.0,1.0,0.0,3.92,0.0,0
0.0,1.9,1.0,2.81,0.0,0.6,1.0,-2.51,-3.51,-3.51,-7.01,4.39,0.0,0.0,-0.7,0.6,-19.34,0.0,1.52,1.7,0.0,0.0,-1.51,1.04,0.0,2.3,-0.7,0
0.0,0.0,1.0,0.0,0.0,4.75,1.0,1.0,-3.39,0.64,3.68,2.42,0.0,-7.73,-0.72,-2.04,1.36,1.68,1.11,0.32,2.0,0.0,3.36,1.0,0.0,1.0,-0.68,0
-5.37,0.0,1.0,-1.79,0.0,0.0,0.11,0.11,1.89,-16.1,-33.99,2.1,0.0,0.0,4.79,0.0,-9.42,1.0,13.06,1.11,3.0,0.0,-7.94,1.37,0.0,2.89,0.0,0
2.5,1.0,1.0,0.5,0.0,1.5,2.5,4.0,-0.5,9.5,19.51,0.12,0.0,85.5,2.5,-3.0,7.5,1.0,2.26,-2.0,-0.5,0.0,4.0,1.0,0.0,2.5,1.5,0
0.0,-2.96,1.0,3.0,0.0,2.98,2.0,3.0,0.0,9.0,29.93,-2.69,0.99,64.0,3.97,-1.98,14.96,2.99,4.77,-0.99,0.99,0.0,5.0,1.0,0.0,1.02,1.99,0
0.94,0.0,1.0,1.94,0.0,0.0,3.88,3.0,9.0,12.64,23.34,-0.89,0.0,151.56,1.06,2.0,13.94,1.06,8.69,1.88,-0.94,0.0,4.88,1.0,0.0,2.0,1.88,0
0.0,1.04,1.0,-0.52,0.0,0.0,1.0,1.0,0.48,0.0,-0.52,2.72,0.0,-51.85,0.41,2.07,3.48,0.48,3.56,4.07,2.48,0.0,0.48,0.74,0.0,3.04,0.0,0
0.0,0.0,1.84,0.16,0.0,4.53,3.0,1.0,0.16,7.69,17.28,0.41,0.31,79.75,0.31,1.0,12.16,1.0,2.4,-2.38,-1.53,0.0,5.84,1.08,0.0,2.0,0.0,0
-1.76,0.0,1.0,0.0,0.0,0.0,0.12,1.0,2.65,-6.94,-1.41,1.66,0.0,-63.49,4.88,0.0,0.88,0.12,-0.2,2.76,1.88,0.0,-0.76,0.56,0.0,3.0,0.88,0
0.0,0.0,1.0,0.15,0.0,0.0,1.0,1.0,0.85,4.85,53.69,-0.67,0.0,62.19,-2.38,0.0,0.0,2.0,-0.15,0.0,-0.85,0.0,0.15,1.0,0.0,2.85,0.0,0
0.0,2.51,1.0,1.0,0.0,2.63,1.0,1.0,0.0,4.37,-13.69,2.78,0.0,23.22,1.37,1.25,3.0,-1.51,7.07,1.63,1.0,0.0,0.37,1.0,0.0,3.25,0.0,0
-0.7,0.0,1.0,-1.41,0.0,12.11,0.3,1.0,4.52,-8.46,-13.21,4.94,1.41,-15.5,5.11,7.75,-2.93,0.59,5.82,1.7,1.0,0.0,-4.34,1.12,0.0,3.0,0.0,0
-0.87,0.0,1.0,2.61,0.0,0.0,1.0,1.0,0.87,5.36,22.94,0.47,0.0,13.94,0.13,0.87,0.13,2.87,-1.2,1.0,1.0,0.0,9.97,0.85,0.0,1.87,-0.87,1
0.0,0.0,1.0,0.0,0.0,6.82,1.0,1.0,2.82,-8.09,-16.28,1.97,1.82,-2.74,1.0,13.27,-10.0,2.0,12.29,7.82,2.91,0.0,-3.55,1.34,0.0,1.0,-0.91,0
0.0,0.0,1.0,1.0,1.0,-2.9,1.03,2.0,3.93,12.97,54.03,0.08,-0.97,93.0,3.93,0.0,11.93,2.0,-2.05,0.97,0.0,0.0,4.0,1.0,0.0,2.0,1.0,1
0.0,0.0,1.8,0.0,0.0,0.0,1.8,1.0,-0.8,-1.6,1.6,1.42,0.0,-7.21,2.0,-0.8,3.8,2.0,0.7,-0.8,2.0,0.0,3.8,0.67,0.0,2.0,0.0,0
0.0,0.0,1.0,0.75,0.0,5.0,1.0,1.0,1.75,5.5,11.5,1.22,0.0,116.75,0.25,5.25,0.75,2.0,8.46,5.25,1.25,0.0,1.0,1.0,0.0,-0.5,0.0,0
-0.79,-1.58,1.0,-3.94,0.0,0.0,1.0,1.0,0.79,-1.94,-4.88,0.9,0.0,22.76,2.79,0.0,-3.94,1.0,3.33,1.0,2.0,0.0,-3.51,1.03,0.0,1.79,0.79,0
0.0,0.91,0.09,1.0,0.0,0.0,0.09,1.0,0.0,1.28,3.11,4.07,0.0,22.37,0.19,4.54,0.19,1.09,15.3,11.8,1.0,0.0,-0.72,1.36,0.0,4.91,0.0,0
0.0,0.0,1.0,0.0,0.0,4.4,2.88,1.0,0.12,0.0,9.16,-0.6,2.76,0.0,6.0,0.0,9.52,1.0,2.0,-1.76,0.24,0.0,3.76,1.0,0.0,1.12,2.0,0
-0.71,0.0,1.0,0.0,0.0,7.13,-0.42,1.0,1.71,-1.84,-3.98,2.01,2.13,27.26,2.42,7.42,-0.71,2.0,3.76,4.58,2.0,0.0,1.71,0.86,0.0,1.0,-1.42,0
0.94,0.0,1.0,0.0,0.0,1.18,2.88,1.0,-0.94,3.76,13.58,1.39,-1.82,30.1,1.12,2.12,4.94,1.0,9.06,1.88,1.0,0.0,1.06,1.19,0.0,1.0,1.88,0
0.0,0.0,1.0,0.86,1.73,3.0,1.86,1.86,0.86,4.32,3.59,5.27,0.86,76.98,4.73,0.0,-1.73,1.86,-0.81,-1.73,0.0,0.0,5.46,1.14,0.0,1.0,-0.86,0
-4.57,0.0,1.0,-1.74,0.0,0.0,1.91,0.09,0.0,-6.96,-14.32,0.48,0.0,58.56,2.0,0.0,-10.79,1.09,8.25,0.91,1.0,0.0,-5.31,1.38,0.0,4.0,1.83,0
0.0,0.0,1.0,0.16,0.0,0.0,1.0,1.0,1.0,0.84,-2.36,1.36,0.0,68.08,5.84,0.0,-0.68,0.16,-1.96,0.84,2.84,0.0,3.84,1.0,0.0,0.32,0.0,0
0.0,0.0,1.0,0.0,0.0,-0.77,1.0,1.0,0.0,-5.17,-9.35,2.18,0.0,-67.91,6.32,0.0,-4.63,0.23,1.1,1.77,1.0,0.0,-2.86,1.39,0.0,3.77,0.0,0
0.0,0.0,1.0,0.86,0.0,6.0,1.0,1.86,9.88,6.3,13.74,0.94,0.0,88.51,2.86,1.72,11.6,1.0,1.7,0.14,0.14,0.0,1.0,1.0,0.0,1.0,0.0,0
0.0,1.0,1.0,0.0,0.0,12.88,1.0,1.0,-0.88,0.0,0.88,4.81,0.0,0.0,-1.75,1.0,3.5,0.88,0.0,0.0,0.0,0.0,2.75,1.0,0.0,0.12,0.0,0
0.0,2.36,1.0,-1.18,2.0,1.18,3.0,1.0,1.41,2.0,1.45,2.36,1.0,30.62,0.23,1.18,4.0,-0.18,-1.99,4.59,0.41,0.0,1.0,1.0,0.0,2.0,0.0,0
0.0,0.0,1.0,0.91,0.0,0.91,1.91,1.0,5.49,-2.66,-1.4,0.8,0.91,41.87,-0.83,-0.91,19.46,2.0,2.15,0.91,1.0,0.0,3.74,0.63,0.0,2.0,0.91,1
1.83,2.0,1.83,8.49,0.0,0.0,3.66,1.0,4.83,18.3,44.09,-1.86,0.0,164.03,2.83,0.83,29.64,4.49,4.66,0.0,0.83,0.0,27.3,0.49,0.0,2.0,0.0,1
1.0,2.0,1.0,1.64,2.0,0.0,1.0,9.0,18.27,4.64,10.0,-0.36,0.64,106.87,4.91,5.0,14.64,2.0,3.2,0.64,-1.27,0.0,5.91,0.75,0.0,1.0,1.0,1
0.0,0.0,2.0,13.0,3.0,-2.79,2.93,2.86,10.36,10.65,31.79,-0.61,0.0,110.65,2.93,4.86,14.36,5.0,11.49,0.0,1.0,0.0,7.93,0.86,0.0,2.0,3.0,1
-0.69,0.0,1.0,0.0,-1.38,3.0,-1.07,1.0,-2.07,-2.07,27.95,5.32,-0.69,18.66,2.31,-0.69,2.07,3.07,-2.06,-0.69,-0.69,0.0,2.0,1.0,0.0,1.0,0.0,0
1.21,0.0,1.0,0.0,1.21,7.0,2.0,1.0,1.4,2.0,4.0,0.62,1.0,0.5,-0.81,1.0,33.25,2.0,3.8,2.0,1.4,0.0,1.0,1.0,0.0,1.0,0.0,0
6.0,3.0,1.0,0.0,0.0,-0.88,2.0,7.0,5.96,23.0,53.04,-0.45,0.0,92.0,2.96,2.0,44.04,2.0,3.97,0.0,0.04,0.0,17.0,0.53,0.0,4.92,0.04,1
0.0,4.0,1.0,0.53,0.0,0.0,1.0,1.0,1.05,0.0,-0.53,1.59,0.0,24.77,1.05,2.0,-0.05,-0.53,0.07,0.0,-0.53,0.0,2.53,1.0,0.0,3.53,0.0,0
6.0,-0.79,1.0,4.0,0.0,3.93,0.43,2.0,-3.93,17.21,49.5,1.0,0.79,92.0,0.21,0.0,12.86,2.0,3.43,0.21,-0.57,0.0,13.57,0.58,0.0,2.0,0.79,1
0.0,0.0,1.0,1.0,0.0,-1.25,1.62,2.25,8.6,4.74,6.23,-0.02,1.0,69.92,6.62,0.62,9.47,1.0,0.95,1.0,0.75,0.0,5.25,1.0,0.0,3.0,0.0,0
-1.28,-7.38,1.0,-1.46,2.0,-0.82,0.18,1.0,-0.82,-13.13,28.07,0.35,0.0,38.74,1.0,0.0,48.62,1.0,-2.48,0.0,0.18,0.0,-1.1,1.14,0.0,1.0,0.0,0
-0.94,-1.88,1.0,-0.94,0.0,0.0,3.88,-5.52,-13.11,0.12,-0.7,0.57,0.94,59.4,0.06,-4.7,-6.4,1.06,6.44,4.76,1.94,0.0,0.18,1.24,0.0,2.94,-0.94,0
0.0,-5.63,1.0,1.0,0.0,1.12,1.0,1.0,1.94,2.0,6.0,-0.98,3.0,42.0,3.94,1.06,2.88,1.0,3.57,0.0,3.82,0.0,5.0,0.8,0.0,2.0,0.0,0
0.0,0.0,1.0,-0.99,0.0,4.04,2.99,1.0,2.0,0.02,0.05,1.46,-1.96,-0.49,0.01,-0.98,1.98,2.0,1.46,2.0,2.99,0.0,-1.96,1.2,0.0,1.0,0.0,0
0.0,0.0,1.0,1.97,0.0,1.0,2.97,1.0,-1.91,4.88,8.76,0.36,2.03,48.53,4.03,5.97,-0.94,1.97,9.09,4.0,5.0,1.0,3.97,0.68,0.0,4.91,0.0,0
0.0,0.78,1.0,1.22,0.0,0.0,2.57,1.0,4.92,-2.35,-12.04,0.62,0.0,21.4,4.57,-0.78,4.14,1.22,16.62,0.78,3.35,0.0,2.0,1.0,0.0,3.0,-0.78,0
0.0,0.0,2.0,13.0,3.0,0.0,2.0,1.0,1.45,6.0,29.55,-0.56,0.0,93.0,0.36,3.0,6.0,5.55,11.77,0.55,1.0,0.0,7.0,0.86,0.0,2.0,3.0,1
0.0,0.0,0.46,-5.99,-1.61,0.0,0.46,1.0,0.54,1.31,37.49,0.26,0.0,46.03,1.54,-1.61,2.15,-0.15,-3.91,1.07,0.54,0.0,-1.69,0.81,0.0,2.0,-0.54,0
0.65,-0.65,1.0,0.0,0.0,5.29,1.0,-0.94,-3.23,-5.17,12.82,1.52,1.0,-16.16,2.0,1.0,2.06,1.0,4.92,1.29,1.0,0.0,3.29,1.0,0.0,1.65,0.65,0
2.0,0.0,1.0,0.53,0.0,1.06,2.53,1.0,1.59,11.59,7.0,-0.57,0.0,114.95,3.06,0.0,9.0,1.47,5.73,-0.53,1.53,0.0,5.06,1.0,0.0,1.47,1.0,0
0.0,0.0,1.0,1.9,0.0,-0.71,1.9,1.0,2.71,14.94,22.84,0.47,-0.9,163.52,3.81,1.81,9.33,1.0,6.54,1.0,0.1,0.0,6.42,0.66,0.0,3.81,0.9,1
0.0,0.84,1.0,1.0,0.0,1.84,2.0,1.0,3.0,11.0,13.14,4.0,-0.84,88.0,2.33,11.37,6.81,1.0,5.94,5.86,0.0,0.0,8.0,0.62,0.0,4.67,1.0,1
2.0,1.0,1.0,0.0,0.0,3.0,2.0,4.0,0.0,9.0,9.0,0.38,0.0,83.0,1.4,0.0,7.0,1.0,2.75,0.0,0.0,0.0,3.0,1.0,0.0,2.0,1.0,0
-3.92,-8.82,1.0,-2.92,0.0,0.02,1.02,1.0,5.02,-18.62,-6.8,0.59,1.0,12.77,2.0,1.0,11.16,1.0,0.47,1.98,1.0,0.0,2.06,0.76,0.0,1.02,1.0,0
-1.78,-5.33,1.0,0.41,0.0,-0.59,1.0,1.0,0.0,1.04,16.37,0.45,0.0,74.41,2.0,0.59,1.41,2.59,3.99,0.0,1.0,0.0,5.55,1.0,0.0,4.59,0.0,0
0.0,0.0,1.0,0.14,0.0,1.0,1.0,1.0,10.73,6.86,10.86,-0.55,0.0,-1.26,0.14,1.14,9.76,3.0,5.02,2.73,-0.86,0.0,2.14,0.57,0.0,3.0,2.73,1
0.0,0.0,1.0,1.0,0.0,0.0,1.0,1.99,1.98,5.95,10.96,0.59,0.0,89.82,-1.97,0.0,2.0,2.99,7.62,0.99,0.01,0.0,0.01,1.0,0.0,3.0,0.0,0
0.0,-0.63,1.0,-0.63,0.0,4.54,0.37,-0.9,-3.17,-4.35,5.19,2.04,0.63,4.22,1.63,3.0,1.27,1.37,2.17,0.0,1.0,0.0,2.63,1.0,0.0,3.0,0.0,0
0.0,0.0,1.0,0.59,1.17,5.86,3.76,1.0,0.41,0.0,2.76,0.73,0.59,19.33,0.83,2.0,-1.76,1.59,3.26,1.59,2.17,0.59,2.59,1.0,0.0,2.41,0.0,0
0.0,0.0,1.0,1.79,0.0,0.0,1.0,2.0,0.79,3.21,12.14,-0.61,0.0,32.3,-1.36,0.0,3.0,4.0,2.82,0.0,-0.57,0.0,4.79,1.0,0.0,1.79,0.0,0
0.0,-0.53,1.0,0.53,0.0,-2.66,2.0,1.0,1.53,2.0,2.53,-0.82,0.0,86.25,5.13,0.0,3.53,1.53,4.13,1.0,2.6,0.0,2.06,1.0,0.0,1.0,0.0,0
0.0,-0.51,1.0,-1.03,0.0,3.03,1.0,-0.03,0.51,-2.62,-2.28,1.52,1.03,47.82,2.54,3.0,-5.64,1.49,2.72,0.0,2.03,0.0,1.49,1.0,0.0,3.0,-0.51,0
0.55,0.0,-0.64,1.55,1.0,0.55,0.36,2.0,0.36,12.55,62.66,0.19,0.0,83.7,1.45,-0.55,10.55,2.55,2.46,0.55,0.0,0.0,5.09,1.0,0.0,2.55,1.55,0
0.0,0.0,1.0,0.21,0.0,3.0,2.0,1.0,5.0,-2.15,-40.17,2.1,2.0,-45.61,4.0,11.0,0.0,1.0,9.24,2.79,1.79,0.0,3.0,1.0,0.0,3.79,0.0,0
0.0,0.0,1.0,1.77,0.0,-1.32,1.77,1.0,9.77,6.77,5.37,-0.21,1.54,85.0,2.54,5.86,-1.09,3.0,6.24,4.09,3.09,0.77,3.77,1.0,0.0,3.77,0.23,0
-0.78,1.55,1.0,-0.78,-1.55,6.0,1.0,-5.22,-10.22,-1.11,-1.77,2.53,0.0,2.7,-0.33,-2.33,-7.11,-0.55,0.23,1.0,1.0,0.0,-0.55,1.19,0.0,2.55,-0.78,0
0.0,6.08,1.0,1.0,0.0,9.08,2.0,1.0,4.32,-0.35,0.0,3.53,2.0,-37.6,1.97,12.35,2.03,1.68,9.43,2.68,-0.35,0.0,5.7,0.86,0.0,2.32,0.68,0
0.0,0.0,1.0,-0.92,0.0,0.0,1.0,1.0,0.92,4.92,11.83,0.03,0.0,38.33,3.08,1.08,1.0,1.0,1.47,0.0,-1.75,0.0,2.0,1.0,0.0,2.0,0.0,0
2.99,0.0,1.0,1.0,44.88,3.0,2.0,1.0,3.0,6.0,45.89,-0.83,1.0,66.0,-1.99,2.0,4.0,2.0,6.32,0.0,0.0,0.0,5.99,1.0,0.0,-0.99,0.0,1
0.0,0.0,1.0,1.0,0.0,0.0,1.71,1.71,0.71,3.29,13.29,-0.23,0.0,75.0,1.29,0.0,3.41,2.71,4.31,-0.71,1.71,0.0,3.41,1.0,0.0,3.29,0.0,0
0.0,1.52,1.0,1.0,0.0,2.0,1.0,1.0,-0.76,5.0,12.0,1.6,0.0,84.0,-1.05,3.05,3.0,0.24,10.55,4.05,1.0,0.0,1.76,0.62,0.0,2.76,0.0,0
0.0,0.0,1.0,1.0,0.0,0.78,2.78,1.0,3.44,5.0,15.78,0.17,1.56,38.94,2.22,3.91,17.22,2.0,7.48,2.34,2.34,0.78,11.22,0.67,0.0,2.22,1.0,1
0.0,-4.28,1.0,0.0,0.0,2.33,2.53,1.0,0.53,0.0,7.53,-0.95,2.0,0.0,3.0,0.0,5.86,1.0,2.77,0.0,1.53,0.0,1.4,1.21,0.0,1.53,0.0,0
-3.08,-6.93,1.0,-1.31,0.0,1.77,1.0,1.0,10.54,-7.09,-3.86,0.74,0.0,78.84,2.54,2.0,-4.93,2.23,1.45,1.0,0.77,0.0,0.69,1.13,0.0,3.0,1.0,0
-0.72,-0.86,1.0,1.86,0.0,-0.86,2.14,-1.58,0.0,2.56,15.58,0.47,0.0,74.86,1.0,0.0,-1.44,1.0,11.51,2.86,1.86,0.0,2.28,1.0,0.0,2.0,1.14,0
0.0,0.0,0.0,0.51,0.0,0.0,0.0,1.51,0.0,6.02,6.6,1.69,0.0,32.49,-0.51,0.0,7.11,0.51,1.47,0.0,-0.51,0.0,5.05,0.78,0.0,2.49,0.0,0
0.0,0.0,4.0,-0.89,0.0,3.68,5.0,1.0,2.11,1.0,8.0,3.69,0.0,-17.23,1.22,1.0,-0.89,1.0,1.38,1.0,-0.78,0.0,0.11,1.0,0.0,0.11,0.0,0
0.0,0.0,1.0,1.0,0.0,-1.39,1.0,1.0,1.39,8.66,19.53,0.92,-1.39,97.46,1.0,2.09,9.66,2.0,4.27,0.0,-0.39,0.0,3.79,0.74,0.0,3.0,0.7,0
2.0,1.0,1.92,0.0,0.0,4.85,2.92,4.0,0.0,3.46,2.53,1.06,0.0,55.29,2.92,0.0,4.23,0.08,2.55,0.0,0.0,0.0,2.08,1.09,0.0,2.0,1.0,0
-0.62,6.76,1.0,-3.73,0.0,5.0,0.38,1.0,-1.87,-4.98,-15.55,4.75,0.0,5.6,4.49,2.0,-9.68,0.38,-0.39,1.0,1.24,0.0,-6.19,0.83,0.0,2.0,0.0,0
0.0,0.0,2.0,0.0,0.0,3.0,3.25,1.0,0.0,3.0,10.13,0.68,0.0,56.75,2.0,0.0,3.0,0.38,0.84,1.25,1.0,0.0,6.25,0.6,0.0,1.38,1.25,1
0.86,1.72,1.0,0.86,1.72,-0.58,1.0,7.87,19.6,5.43,7.73,-3.59,0.0,124.4,5.0,7.29,14.02,1.86,3.63,1.0,1.0,0.0,2.72,0.79,0.0,2.0,1.86,1
0.0,0.92,3.0,0.0,0.0,-4.6,6.84,1.0,3.68,0.0,3.08,-1.45,2.0,-45.96,2.84,-5.52,19.35,1.08,1.38,-2.6,7.92,1.0,5.0,1.0,0.0,2.0,1.0,0
0.0,0.0,4.0,0.0,0.0,6.8,5.0,1.0,3.83,1.0,9.66,-0.51,0.0,72.0,3.0,1.0,1.66,1.83,4.97,1.83,1.83,0.0,1.0,1.0,0.0,2.66,0.0,0
0.0,0.0,1.5,0.0,0.0,0.0,1.5,1.0,1.0,-2.01,4.52,2.27,0.0,0.0,4.5,0.0,0.5,2.0,0.56,0.5,1.5,0.0,1.5,1.0,0.0,2.0,0.0,0
0.0,0.0,1.0,1.0,0.0,3.52,0.48,0.48,-0.52,5.67,17.86,0.99,0.0,82.9,1.0,0.0,5.57,2.0,1.5,-0.52,0.0,0.0,3.57,0.74,0.0,2.0,0.0,0
0.0,0.0,1.0,0.0,0.0,6.91,0.34,1.0,-0.66,1.0,0.69,3.85,-0.66,0.0,-1.28,1.0,-1.31,1.66,1.01,2.0,1.34,0.0,1.66,1.0,0.0,2.0,-1.31,0
0.0,2.64,1.0,-0.66,0.0,2.0,1.0,1.0,4.34,2.0,-0.66,0.92,0.0,-5.99,0.38,4.32,2.0,0.34,1.14,1.0,0.34,0.0,-0.32,1.0,0.0,3.32,1.0,0
0.0,0.0,1.0,1.0,0.0,3.86,1.43,1.0,1.0,1.57,0.43,1.41,3.0,28.6,4.43,8.43,-0.72,1.57,9.65,7.43,5.0,1.0,2.43,1.0,0.0,1.43,0.0,0
0.0,0.0,1.0,0.54,0.0,10.0,1.54,1.0,1.0,2.68,5.68,4.14,0.0,40.23,2.46,0.54,1.46,2.0,4.41,1.54,0.46,0.0,2.0,1.0,0.0,4.07,0.0,0
-1.52,0.0,1.0,1.76,0.0,0.76,1.24,2.0,7.86,-1.05,16.29,0.38,0.0,73.9,1.24,1.52,9.67,2.76,2.78,1.76,0.24,0.0,6.24,0.57,0.0,2.76,0.0,1
-0.6,0.0,1.0,0.4,0.0,-1.19,0.4,1.0,2.98,3.4,38.87,0.21,0.0,98.98,2.79,1.19,0.6,1.4,-2.15,-1.19,0.0,0.0,-0.19,1.0,0.0,2.0,-0.6,0
0.0,2.66,0.33,-7.66,-2.0,0.0,1.33,1.0,0.67,2.0,-4.32,1.33,0.0,27.05,-0.33,0.33,-2.33,-2.33,-3.36,0.0,-0.67,0.0,-1.33,1.1,0.0,1.67,-2.0,0
-1.64,0.0,1.0,1.0,-1.64,0.0,1.0,1.0,1.0,3.28,42.77,1.26,0.0,151.6,4.0,1.0,-44.87,1.82,1.11,0.0,2.18,0.0,1.36,1.0,0.0,2.82,0.0,0
2.86,0.0,1.0,0.0,46.72,-3.44,3.58,1.0,2.58,3.44,39.7,-0.8,0.0,60.15,1.0,0.0,-2.44,1.0,4.62,0.86,0.0,0.0,5.0,1.0,0.0,1.86,0.0,1
0.0,0.0,1.0,0.2,0.0,2.8,1.0,1.0,0.0,7.43,12.64,0.85,0.0,63.66,1.0,1.0,4.21,2.0,-0.06,0.0,2.0,0.0,5.02,0.6,0.0,1.2,0.0,1
1.93,-3.86,1.0,1.97,1.93,2.03,1.0,1.0,0.0,2.0,10.97,-1.23,0.0,94.85,1.97,-1.93,55.15,2.97,1.58,-0.97,0.97,0.0,3.93,1.0,0.0,-0.9,0.0,0
0.0,-0.73,1.0,0.79,0.0,-1.58,1.0,1.0,0.0,3.15,18.11,-0.11,0.0,70.88,-1.58,2.0,4.15,0.79,1.61,0.0,0.0,0.0,1.21,1.0,0.0,2.21,0.79,0
0.0,0.0,0.07,0.0,0.0,7.46,1.07,3.0,6.73,3.86,4.27,0.64,0.0,112.78,2.86,0.0,-6.32,1.07,0.07,0.07,-4.59,-0.93,0.2,0.53,0.0,1.07,-0.93,0
0.0,0.69,1.0,-0.69,0.0,2.62,2.38,1.0,6.46,-1.77,-5.31,-0.18,2.0,-42.16,3.69,0.0,3.46,1.0,-1.56,0.0,4.38,0.0,1.0,1.0,0.0,2.31,0.0,0
0.0,0.0,1.0,1.64,0.0,0.0,1.36,0.36,-0.64,5.64,10.91,0.46,0.0,125.83,0.36,1.0,0.73,1.36,6.29,1.0,0.36,0.0,2.36,0.67,0.0,3.36,0.0,0
2.84,1.0,1.0,0.0,1.68,3.0,4.52,4.0,1.68,12.37,10.68,-0.98,0.84,141.89,1.16,0.84,7.0,1.0,6.68,0.84,0.0,0.0,3.84,1.0,0.0,1.16,1.0,0
-0.6,0.0,1.0,0.0,0.0,-0.6,2.6,2.0,-0.2,1.4,5.8,0.29,0.6,54.2,1.6,-0.6,9.0,1.4,2.87,1.0,1.0,0.0,4.8,1.0,0.0,2.6,0.0,0
0.0,0.0,1.0,1.98,0.0,0.0,2.98,3.0,10.95,11.88,22.76,-0.67,0.0,150.35,2.0,2.98,11.05,1.02,5.03,0.0,-0.98,0.0,3.98,1.0,0.0,1.02,0.0,0
2.18,4.9,1.0,2.18,0.0,0.54,2.54,1.0,1.54,10.34,-10.97,2.07,0.0,-4.35,3.0,0.0,4.26,-0.09,2.78,1.0,2.54,0.0,3.18,0.91,0.0,3.0,0.0,0
0.0,0.0,1.0,0.0,0.0,0.0,1.92,1.0,1.0,4.61,6.45,-1.36,0.0,61.76,0.23,0.0,4.0,2.84,4.07,2.92,3.0,0.0,1.0,1.0,0.0,0.16,0.0,0
0.0,5.36,1.0,0.82,0.0,0.0,1.0,1.0,0.82,0.0,0.82,-0.75,0.0,82.03,4.1,-0.28,3.82,0.82,0.54,-1.28,0.82,0.0,2.82,1.41,0.0,-0.46,0.0,0
0.0,0.0,0.33,0.67,2.0,0.0,2.33,1.0,2.67,1.33,0.99,-0.15,3.0,74.31,2.67,1.34,2.66,1.0,7.87,4.0,1.0,0.0,1.0,1.13,0.0,2.0,0.0,0
0.67,1.33,1.0,4.0,0.0,-2.67,2.67,1.0,3.67,6.67,14.0,-0.1,-0.67,60.68,1.33,0.0,14.34,1.67,0.91,0.0,1.33,0.0,13.34,0.75,0.0,2.67,0.0,1
0.0,0.0,1.0,1.58,0.0,1.42,3.0,1.0,0.42,4.25,-1.93,0.86,2.0,87.6,4.34,0.42,8.33,0.42,4.59,1.0,2.17,0.0,2.08,1.29,0.0,2.0,0.0,0
0.0,0.0,1.0,0.61,0.0,7.0,2.0,1.0,1.39,4.45,18.1,0.56,1.0,96.17,-0.23,1.61,1.84,2.61,5.25,2.0,-0.45,0.0,1.0,1.0,0.0,-0.23,0.61,0
1.94,0.0,1.0,0.97,1.94,-3.88,1.0,1.0,0.0,4.0,4.18,-0.31,-0.97,107.0,3.03,1.03,51.42,1.0,-0.24,0.0,1.0,0.0,2.97,1.0,0.0,2.0,0.0,0
0.56,8.12,1.0,0.56,1.12,0.0,0.44,5.48,8.95,2.24,5.04,0.04,0.0,41.96,0.0,5.8,10.27,0.56,3.35,1.44,-1.12,0.0,3.68,0.86,0.0,0.88,0.56,0
0.0,0.0,0.34,0.0,0.0,1.31,0.34,1.0,1.66,-1.31,-7.21,2.23,0.0,-5.24,2.34,3.93,2.03,1.66,5.33,5.93,3.66,0.0,-1.62,1.26,0.0,1.34,0.0,0
0.0,0.0,1.0,0.75,0.0,3.0,0.25,1.0,0.75,-0.75,2.51,2.08,0.0,24.9,2.0,0.0,0.49,1.0,-1.51,-0.75,4.25,0.0,1.75,1.0,0.0,2.51,1.0,0
0.0,-3.81,1.95,13.38,2.86,3.0,2.95,1.0,2.9,5.71,28.61,-1.0,2.0,138.53,5.9,0.95,4.76,5.76,15.19,0.0,2.95,0.0,8.76,0.86,0.0,2.05,2.86,1
-1.38,0.0,3.0,0.0,-30.96,0.0,5.0,1.0,1.38,0.69,-24.21,0.78,2.0,41.28,2.38,0.0,12.0,2.0,2.8,2.0,7.0,1.0,3.62,1.0,0.0,2.69,1.0,0
0.0,0.0,-0.16,0.0,0.0,-4.26,-1.89,1.0,1.74,0.58,6.42,0.97,-1.89,-28.95,4.89,0.0,3.42,0.42,1.8,-1.16,-2.47,-1.16,3.0,1.0,0.0,0.42,1.0,0
0.0,0.0,1.0,4.0,0.0,0.0,1.0,1.0,1.21,7.0,11.57,0.77,0.0,90.0,2.61,2.0,-1.82,0.39,1.41,1.0,0.39,0.0,1.39,1.2,0.0,1.0,0.0,0
0.0,0.0,1.0,0.15,0.0,0.0,0.15,1.15,1.7,3.15,-2.02,0.63,0.85,25.94,1.0,0.0,-6.32,3.15,-1.1,0.0,1.0,0.0,-0.24,1.36,0.0,0.15,0.0,0
0.0,0.0,1.0,1.0,0.0,-2.78,1.0,1.0,1.0,1.39,-1.78,1.3,-0.69,122.93,4.31,0.0,-3.17,1.0,0.83,0.69,2.69,0.0,3.0,1.0,0.0,1.0,0.0,0
6.76,-3.86,1.0,0.76,0.0,-4.86,3.52,7.0,5.0,27.57,63.91,-4.53,0.0,148.38,0.48,0.48,43.48,1.24,8.7,0.76,1.76,0.0,16.24,0.68,0.0,3.76,1.76,1
0.0,0.0,1.0,0.0,0.0,3.69,2.0,1.0,1.0,-0.92,-0.85,1.82,0.92,0.0,3.85,2.0,4.61,0.08,2.85,0.08,1.0,0.0,1.08,1.0,0.0,3.0,0.0,0
0.0,0.0,1.0,1.0,0.0,0.0,1.0,1.0,1.0,0.0,1.0,1.59,0.0,100.0,4.0,1.0,1.0,1.0,1.5,0.0,3.0,0.0,3.0,1.0,0.0,1.0,0.0,0
0.0,0.0,1.0,0.0,0.0,0.87,1.0,1.0,3.25,6.24,3.49,0.9,0.0,68.73,5.87,4.62,-4.11,0.13,0.31,0.0,1.0,0.0,-2.49,0.96,0.0,2.0,0.0,0
0.0,0.0,1.0,1.0,0.0,2.69,1.0,1.0,0.0,3.33,25.69,0.28,0.67,90.0,-0.35,1.67,6.69,2.0,3.36,-0.67,0.0,0.0,1.67,1.0,0.0,-0.35,1.0,0
1.0,0.0,1.0,1.0,0.0,0.16,1.08,1.0,0.0,5.68,16.48,0.39,0.0,74.33,1.08,0.0,1.92,2.0,8.13,0.16,1.0,0.0,2.08,1.0,0.0,2.92,0.08,0
1.12,0.0,1.0,1.56,1.12,-3.61,1.0,1.0,-0.56,5.0,10.88,-1.09,0.0,102.52,0.88,0.0,33.3,0.44,6.05,0.44,1.0,0.0,1.56,1.0,0.0,0.88,0.0,0
0.0,0.0,0.25,0.75,0.0,0.0,2.0,1.0,4.74,4.99,10.97,0.02,0.0,66.65,3.75,0.0,15.71,1.75,4.6,1.0,0.25,0.0,8.48,0.75,0.0,1.0,0.75,1
0.0,0.0,1.0,1.0,0.0,-1.43,1.0,1.0,0.0,6.14,37.28,-0.16,0.0,118.55,1.0,1.0,6.14,2.0,1.12,0.0,-1.43,0.0,1.0,1.0,0.0,0.29,1.71,0
0.0,0.0,1.0,3.46,0.0,0.0,1.0,1.0,-0.85,3.69,9.0,1.33,-0.62,140.0,5.0,1.23,-1.46,1.0,1.44,0.0,2.0,0.0,3.0,1.0,0.0,1.0,0.0,0
0.0,0.0,1.0,2.0,1.32,6.59,2.98,1.0,1.0,-2.63,-1.24,1.0,0.66,64.34,2.34,0.0,0.34,2.0,16.14,1.98,3.63,0.66,2.0,1.0,0.0,1.02,0.0,0
0.0,0.0,1.0,0.0,0.0,0.91,2.0,2.0,8.25,7.43,12.15,-0.47,0.0,36.41,-2.62,1.81,3.91,3.81,4.4,1.91,-0.81,0.0,3.0,1.0,0.0,2.91,0.91,0
0.0,0.0,-0.36,0.0,0.0,-6.22,-2.41,1.0,6.13,4.09,13.13,0.88,-3.09,-10.22,2.0,2.36,3.32,1.68,3.43,-1.36,-4.45,-1.36,1.32,1.0,0.0,0.32,0.68,0
-1.63,0.0,1.0,1.82,-36.7,1.0,1.0,1.82,13.08,10.89,-22.62,0.52,0.82,141.27,2.63,2.0,2.82,3.82,3.22,2.63,0.82,0.0,1.37,1.0,0.0,4.63,1.0,0
0.0,1.0,1.0,0.0,0.0,-1.82,3.61,2.22,6.82,2.22,4.25,-2.94,0.0,33.41,1.78,0.0,9.82,1.61,4.43,1.61,3.61,0.0,1.61,1.0,0.0,1.61,0.0,0
0.0,0.0,1.0,0.72,0.0,4.0,1.0,0.28,2.87,2.16,14.9,0.98,1.0,20.12,4.44,0.0,16.78,1.0,3.51,-0.72,0.28,0.0,8.47,0.76,0.0,1.72,0.72,1
0.0,0.0,1.0,0.62,0.62,-0.62,1.62,1.62,2.25,10.5,39.11,-1.15,0.0,100.1,2.62,-0.87,5.62,1.0,2.18,0.38,1.0,0.0,2.87,1.0,0.0,3.0,0.62,0
0.0,0.0,1.0,0.58,0.0,1.74,2.0,1.0,3.9,5.0,3.52,0.34,1.16,80.91,2.16,6.37,0.58,3.0,4.18,1.0,1.0,0.0,2.16,1.0,0.0,1.0,0.0,0
3.95,8.89,1.0,3.95,2.0,0.99,3.0,1.0,2.0,21.75,22.77,-1.62,1.0,172.87,0.03,0.0,11.9,1.99,8.93,3.01,0.01,0.0,5.94,0.84,0.0,1.01,0.0,1
-1.69,0.0,1.0,0.0,0.0,2.53,0.16,1.0,1.0,-4.75,-0.84,3.11,0.0,73.85,6.84,0.84,-6.59,0.16,-3.37,0.0,2.0,0.0,-0.69,1.0,0.0,3.69,-0.84,0
6.0,-5.88,1.0,0.99,0.0,-3.92,2.0,7.0,5.0,24.97,63.87,-5.19,0.0,154.18,0.03,0.03,45.0,2.0,4.64,-0.99,1.0,0.0,14.04,0.73,0.0,3.99,0.01,1
0.0,0.0,1.0,0.0,0.0,4.89,0.11,1.0,0.89,2.67,21.23,1.4,1.0,66.7,2.11,4.89,9.34,1.89,6.05,0.0,-0.78,0.0,7.34,0.56,0.0,1.0,0.0,1
0.0,0.0,1.0,-0.55,0.0,0.0,2.0,-0.1,-3.42,-3.86,-4.52,1.31,0.55,-45.28,4.21,0.9,-3.86,0.45,1.12,1.0,2.1,0.0,1.45,1.0,0.0,3.0,1.1,0
2.0,0.0,1.0,1.97,2.0,1.95,1.97,1.0,0.0,5.84,7.81,-0.41,1.95,104.03,1.0,-0.97,68.65,1.0,4.07,0.0,1.0,0.0,5.92,1.0,0.0,0.03,0.0,1
0.0,7.87,1.0,-0.98,0.0,5.0,1.0,1.0,-0.98,0.0,-0.98,4.96,0.0,-98.12,-2.92,11.96,2.96,0.02,8.47,8.96,-1.94,0.0,1.02,1.0,0.0,3.98,0.0,0
0.0,1.0,1.0,1.02,0.0,3.0,1.0,1.0,0.0,0.0,3.07,5.67,0.0,47.01,-0.51,2.0,-0.51,0.51,9.18,1.0,-1.02,0.0,2.0,1.0,0.0,3.51,0.0,0
0.0,0.0,1.0,0.0,0.0,2.82,1.0,1.0,5.0,2.0,-1.63,2.24,0.0,60.0,4.18,5.45,0.37,1.0,2.21,1.82,-0.63,0.0,-0.63,1.27,0.0,2.0,1.0,0
0.0,0.0,1.0,-0.67,0.0,0.0,1.0,1.0,1.0,0.0,-0.67,2.45,0.0,-66.78,3.0,-0.67,0.67,1.0,-1.0,0.0,1.0,0.0,0.33,1.0,0.0,3.0,0.0,0
1.0,2.0,1.72,1.0,2.0,0.72,2.43,9.0,18.43,4.0,7.13,-0.35,0.72,90.05,4.43,4.28,15.43,1.28,0.7,-0.72,-0.72,0.0,4.72,0.39,0.0,1.0,1.0,1
4.0,9.0,1.76,4.0,0.0,3.29,2.76,1.0,1.0,22.29,26.64,-0.13,0.0,133.32,1.0,0.0,10.53,1.24,4.73,0.0,0.24,0.0,8.29,0.53,0.0,2.0,0.0,1
0.0,0.0,2.0,12.0,3.0,0.0,2.0,1.0,-1.99,3.01,16.04,0.53,0.0,48.14,2.0,3.0,-8.95,4.0,10.86,1.0,2.0,0.0,-3.97,1.19,0.0,0.01,2.0,0
0.0,0.7,1.0,0.7,0.0,0.0,1.7,3.1,4.49,8.29,-19.56,1.86,0.0,88.13,6.7,0.0,1.7,-0.4,0.92,0.0,2.7,0.0,0.3,1.0,0.0,1.3,0.0,0
0.0,0.0,1.0,0.74,0.0,0.74,2.74,1.0,4.68,-0.21,-0.21,0.43,0.74,75.64,3.0,0.0,16.97,1.0,3.58,1.0,1.0,0.0,3.94,0.71,0.0,0.26,0.74,0
0.0,0.0,1.0,0.97,0.0,4.0,1.0,1.0,0.0,2.91,11.85,1.29,1.0,72.69,2.97,1.0,4.97,1.0,6.85,-0.97,1.0,0.0,1.03,1.0,0.0,3.91,0.0,0
0.0,0.0,1.0,3.27,0.0,0.73,1.0,1.0,-0.73,7.73,14.73,0.66,0.0,16.97,-0.19,2.73,-0.73,1.0,2.44,2.46,1.0,0.0,0.54,1.0,0.0,1.73,0.0,0
0.0,0.0,1.0,0.0,0.0,0.0,1.7,1.0,-0.7,1.0,3.7,1.61,0.0,0.0,4.0,0.0,0.7,1.0,1.69,1.7,1.7,0.0,0.3,1.0,0.0,3.7,0.0,0
0.0,0.0,1.0,0.35,-0.65,3.27,1.0,0.35,-0.31,-7.84,-30.37,1.81,1.31,39.22,4.65,1.0,-0.31,0.35,2.73,0.0,3.65,0.0,2.35,1.0,0.0,0.35,-0.65,0
0.0,4.04,1.0,-0.67,0.0,11.35,1.0,1.0,1.0,-0.67,-1.71,5.79,0.0,-47.77,4.35,0.67,0.65,1.33,-0.69,1.0,0.33,0.0,2.67,1.0,0.0,2.33,0.0,0
0.0,5.47,1.0,0.0,0.0,7.79,1.0,1.0,-0.56,0.0,0.0,6.61,0.0,0.0,0.44,11.12,1.0,1.0,6.51,6.44,-0.68,0.0,4.23,0.78,0.0,3.0,0.0,0
-1.48,0.0,2.48,-0.74,-1.48,1.0,3.96,1.0,0.0,9.0,21.22,0.44,1.48,63.6,1.0,0.0,-26.53,2.74,4.65,1.48,5.44,0.74,7.48,0.5,0.0,2.74,0.74,1
0.0,0.0,1.0,1.0,2.0,10.0,4.0,1.0,-0.79,0.79,6.96,-0.41,1.0,48.04,-0.58,0.0,3.37,2.79,5.95,3.0,5.0,1.0,2.0,1.0,0.0,0.21,0.0,0
0.0,-0.63,1.0,0.37,0.0,3.16,1.0,-0.89,-2.16,-6.31,-2.79,1.76,1.26,49.51,4.63,1.0,3.52,0.37,1.23,0.0,3.0,0.0,4.26,1.0,0.0,1.0,0.0,0
0.0,0.0,1.0,1.75,0.0,0.75,2.75,1.0,-0.5,8.49,15.23,0.6,2.0,70.96,3.25,0.75,10.74,1.0,4.97,4.0,3.25,0.0,9.24,0.22,0.0,2.75,0.75,1
0.0,0.0,1.0,1.78,0.0,0.0,1.78,1.78,3.78,2.56,10.16,-0.84,1.0,100.03,6.78,0.0,13.73,1.0,4.32,1.0,2.0,0.0,8.69,0.66,0.0,2.22,0.0,1
0.0,0.0,1.0,0.22,0.0,5.9,1.0,1.0,-1.56,0.22,5.34,1.6,0.78,-1.43,0.22,1.0,3.34,2.0,4.3,0.0,2.78,0.0,1.78,1.0,0.0,0.44,0.78,0
0.0,0.0,1.0,1.75,0.0,1.51,2.51,1.0,0.75,4.02,10.77,0.55,1.51,101.19,1.0,0.75,11.81,2.0,7.87,0.0,0.25,0.0,3.26,1.0,0.0,3.75,0.0,0
0.0,0.0,1.0,1.0,0.0,0.0,2.0,0.37,1.63,-1.53,-4.07,1.45,2.0,75.97,5.9,0.63,2.73,-0.9,4.32,4.0,5.27,0.0,3.37,0.5,0.0,2.63,0.0,0
1.0,0.0,1.0,0.0,2.0,0.0,4.0,1.0,3.0,4.0,-26.96,0.58,1.0,64.02,2.0,2.0,4.0,1.0,6.51,1.0,1.0,0.0,2.0,1.0,0.0,1.0,1.0,0
0.0,0.53,1.0,0.0,0.0,-3.68,1.0,1.0,-0.53,1.0,3.42,1.78,0.0,19.0,-0.58,1.05,1.95,0.95,0.02,0.0,0.47,0.0,1.0,1.0,0.0,2.0,0.0,0
-1.25,0.0,1.0,1.63,0.0,3.63,1.0,1.0,0.63,-3.63,6.25,1.16,1.88,17.96,2.88,3.13,-1.0,1.37,2.63,2.5,2.5,0.63,1.37,1.0,0.0,2.0,-0.63,0
0.0,-0.66,1.0,0.66,2.0,-1.32,3.66,1.0,2.66,2.0,5.66,-2.95,2.32,117.93,3.98,-6.59,3.34,1.0,4.78,-0.61,1.66,0.0,2.32,1.0,0.0,2.0,0.0,0
0.0,0.0,1.0,17.0,0.0,0.0,10.85,2.69,0.85,0.85,6.24,-0.37,8.0,45.76,-0.69,0.0,3.69,2.85,11.73,1.85,3.85,0.0,2.0,1.0,0.0,1.0,1.0,0
-0.59,8.0,1.0,9.45,0.0,5.0,5.13,1.0,0.0,-3.54,-6.49,3.67,4.72,-14.17,2.0,2.0,4.0,1.59,2.64,0.41,1.18,0.0,3.82,0.6,0.0,1.41,-0.59,1
0.0,0.0,1.0,-0.69,0.0,0.0,2.0,0.31,1.69,-2.78,-5.25,1.85,0.0,-40.95,3.39,2.0,-1.39,-1.08,0.27,1.0,3.08,0.0,-0.08,1.0,0.0,4.39,0.0,0
1.65,0.0,1.0,0.0,37.11,5.35,2.0,1.0,2.0,0.35,32.86,0.1,1.0,-4.35,1.0,-1.47,0.82,1.18,4.82,2.0,1.18,0.0,3.47,1.0,0.0,-0.65,0.0,0
0.0,8.61,1.0,0.0,0.0,6.83,1.0,1.0,-3.05,-1.22,0.0,5.64,0.0,-36.6,-1.05,0.78,2.78,0.39,0.03,0.39,-0.61,0.0,5.0,0.6,0.0,1.39,-0.61,1
0.0,0.0,0.31,2.38,0.0,-0.07,2.31,1.0,1.69,3.93,3.85,0.3,2.0,96.51,2.69,1.0,11.62,1.69,15.08,1.0,1.0,0.0,2.93,1.28,0.0,2.69,0.0,0
0.0,1.0,0.37,1.0,0.0,0.0,2.0,4.0,5.63,9.37,13.0,-0.19,0.63,59.36,4.5,0.0,7.13,2.0,2.69,0.0,1.63,0.0,1.0,1.0,0.0,0.37,1.25,0
0.0,0.0,1.0,0.0,0.0,4.1,0.1,1.0,-0.8,-8.92,-15.24,2.88,0.0,60.82,1.0,4.2,-9.02,2.0,5.84,6.0,4.71,0.0,-3.51,1.34,0.0,0.1,-0.9,0
6.0,0.0,1.0,-8.29,0.0,0.0,-4.91,2.0,0.77,18.0,43.23,1.17,-6.14,130.39,4.07,0.0,15.23,1.23,-3.27,0.23,0.23,0.0,12.77,0.58,0.0,2.0,-0.77,1
1.0,2.0,1.0,1.0,2.0,-2.71,1.68,9.68,17.68,5.36,7.97,-0.42,-0.68,108.91,1.64,5.0,11.97,2.68,2.02,0.68,0.0,0.0,4.68,0.75,0.0,1.68,1.0,1
2.0,0.0,1.0,0.0,45.0,-1.61,1.0,1.0,0.8,-4.02,35.16,0.59,0.0,12.86,5.02,0.0,-0.61,1.0,-1.79,-0.8,0.0,0.0,7.41,1.0,0.0,0.2,0.0,1
0.0,4.0,1.0,0.0,0.0,2.85,1.0,1.0,0.0,-5.92,-8.45,5.05,0.0,-27.89,0.0,4.54,-4.07,0.0,2.44,1.0,0.0,0.0,-1.38,1.42,0.0,3.85,0.0,0
0.0,0.0,1.0,1.0,0.0,1.0,1.0,1.0,9.0,6.0,10.0,0.42,0.0,85.0,1.0,2.0,2.0,3.0,3.21,1.0,0.0,0.0,3.0,1.0,0.0,3.0,1.0,0
0.0,3.79,1.0,2.21,0.0,-1.58,2.79,4.0,6.58,4.42,40.21,-0.17,0.0,26.17,2.0,2.0,9.3,3.0,2.22,0.79,0.79,0.0,4.42,0.83,0.0,1.21,2.0,1
0.0,0.0,1.0,3.53,0.0,0.0,0.16,1.0,-3.21,1.68,0.16,1.62,0.0,110.11,4.16,1.68,-14.16,0.16,-0.67,0.84,2.84,0.0,-5.42,1.28,0.0,-0.68,-0.84,0
0.0,0.0,1.0,-0.75,0.0,0.0,2.75,1.0,-1.98,-4.47,-0.49,1.41,-0.75,-51.44,2.0,2.0,0.0,1.0,-0.57,-0.49,1.75,0.0,2.0,1.0,0.0,2.25,0.0,0
0.0,0.0,1.0,-0.78,-0.78,3.0,0.22,0.22,-0.78,-7.41,-37.13,2.79,0.0,-31.92,3.78,1.0,-4.7,0.22,2.37,1.57,3.35,0.0,-0.35,1.0,0.0,4.0,-0.78,0
0.0,-2.88,1.0,3.88,0.0,-0.72,2.0,1.0,2.0,11.03,25.06,-1.47,0.0,153.7,2.44,1.0,-1.16,1.72,4.63,0.0,0.72,0.0,2.72,1.0,0.0,-1.16,0.0,0
0.0,0.0,1.0,0.0,0.0,-2.26,2.0,1.0,1.75,5.0,6.25,-0.27,0.0,67.0,1.75,0.0,-0.75,3.0,2.25,1.0,0.25,0.0,1.0,1.0,0.0,2.5,-0.75,0
0.0,2.99,1.0,0.0,0.0,-0.97,1.0,1.0,-2.98,-0.99,-2.98,8.01,-1.99,-15.89,-2.98,8.97,1.0,-0.99,15.32,16.97,-0.99,0.0,2.99,0.5,0.0,3.99,0.0,0
0.0,8.86,1.0,0.0,0.0,4.92,2.0,1.0,1.0,2.0,-4.89,5.64,-0.98,33.0,3.0,1.97,1.03,1.98,2.0,1.98,0.02,0.0,3.95,0.8,0.0,1.0,0.98,0
0.68,1.37,1.0,1.68,1.37,-2.73,1.0,6.46,9.56,6.05,18.78,0.13,-1.37,115.28,2.0,3.41,11.56,2.68,5.1,0.0,-1.05,0.0,4.05,0.83,0.0,2.63,0.68,0
0.0,0.0,0.22,0.78,0.78,-6.22,-0.55,1.78,-1.55,7.77,46.76,0.74,-1.55,24.1,1.22,0.0,9.22,2.78,0.48,-0.78,1.22,0.0,4.55,1.06,0.0,2.78,0.78,0
0.0,1.0,1.0,1.0,0.0,2.64,1.34,1.34,-0.66,5.0,8.3,0.89,0.66,60.0,1.0,0.0,5.32,1.34,4.26,0.0,0.34,0.0,6.34,0.71,0.0,3.34,0.0,0
0.96,0.0,1.0,0.0,1.92,0.0,3.88,1.0,0.96,3.88,2.04,0.87,0.96,9.59,3.04,0.96,-0.96,1.0,5.23,1.96,1.96,0.0,0.04,1.0,0.0,3.0,0.0,0
0.0,0.0,1.0,0.28,0.0,0.0,1.0,1.0,0.28,2.87,7.45,1.23,0.0,82.09,6.28,1.43,1.0,1.0,1.93,0.0,0.28,0.0,3.28,1.0,0.0,1.0,0.0,0
1.0,0.0,1.0,0.02,0.0,2.98,2.0,1.0,0.0,0.05,19.07,0.71,0.98,-6.53,3.95,0.0,2.95,1.02,6.18,2.0,1.98,0.0,3.0,1.0,0.0,1.02,1.0,0
0.0,2.0,0.36,0.64,0.0,0.64,0.36,2.0,5.76,4.2,6.48,0.94,0.0,133.26,0.36,3.28,0.64,3.28,1.27,0.64,0.36,0.0,2.64,1.0,0.0,1.0,0.64,0
1.09,0.0,1.0,-0.55,24.58,-1.64,1.0,1.0,3.0,-0.09,19.57,0.12,1.0,-9.41,2.0,0.0,2.36,0.45,1.84,1.0,1.0,0.0,3.64,1.0,0.0,0.45,0.0,0
0.0,0.0,1.0,1.0,0.0,0.0,2.0,1.0,2.57,4.36,9.0,-0.56,0.0,49.32,0.36,2.28,2.64,2.0,4.69,1.0,0.36,0.0,3.0,0.67,0.0,4.0,0.0,0
1.0,2.0,1.0,1.7,2.0,0.7,1.0,8.3,20.48,2.61,9.3,-0.01,0.7,109.77,3.7,5.7,25.13,1.3,2.78,0.0,0.0,0.0,5.39,0.47,0.0,1.0,1.7,1
0.0,3.0,1.0,2.43,1.13,0.0,2.57,4.57,6.7,9.39,40.43,-0.13,0.57,88.3,3.13,2.0,6.96,3.0,-6.17,0.0,0.57,0.0,8.26,0.64,0.0,1.43,2.57,1
0.0,0.0,2.0,0.55,0.0,0.0,2.0,1.55,0.0,-0.64,6.83,0.88,0.0,31.36,2.55,0.0,9.21,0.45,3.18,0.0,1.0,0.0,5.28,0.77,0.0,3.55,0.0,0
0.0,0.0,1.0,0.0,0.0,-0.88,1.0,1.0,3.65,0.88,-3.53,1.91,0.88,14.13,3.88,0.0,-3.53,1.0,-0.8,0.0,2.77,0.0,-0.77,1.0,0.0,4.77,-0.88,0
0.0,0.0,1.0,0.0,0.0,3.43,1.0,1.0,-0.81,9.81,20.62,0.29,2.43,68.53,1.0,1.62,6.0,2.0,3.45,0.0,1.81,0.0,8.43,0.34,0.0,1.19,0.0,1
2.0,0.0,1.0,-2.26,2.0,8.14,1.0,1.0,0.81,-5.7,-7.96,3.93,0.0,-40.28,1.81,-1.63,57.63,1.81,1.92,0.0,1.0,0.0,3.0,1.0,0.0,2.63,0.0,0
0.0,4.0,1.0,0.54,0.0,1.54,1.54,1.0,3.27,-1.09,0.0,2.31,0.54,36.47,0.0,2.54,13.34,0.0,1.54,1.0,-0.54,0.0,2.63,0.78,0.0,4.54,0.54,0
4.24,0.0,1.71,3.82,0.0,0.0,3.41,1.71,2.0,15.18,46.06,-1.53,0.0,153.95,1.71,1.0,12.3,2.41,6.69,0.71,0.71,0.0,9.06,0.71,0.0,0.29,0.0,1
0.0,0.0,1.0,1.8,0.0,3.0,1.0,1.0,1.0,-0.39,2.01,1.36,3.0,88.28,6.99,1.2,1.8,1.0,1.98,-0.8,1.0,0.0,7.39,0.8,0.0,0.4,0.0,0
0.0,0.0,1.0,0.58,0.0,-1.15,1.0,1.0,3.58,-0.15,-2.61,0.5,0.0,25.95,4.73,-1.15,10.58,0.42,3.06,2.0,3.15,0.0,2.58,0.5,0.0,1.42,2.0,0
0.0,0.0,1.0,1.0,0.0,0.74,1.25,1.0,4.25,4.02,38.45,0.15,0.49,64.68,1.74,11.0,0.0,1.75,5.35,2.0,-0.51,0.0,0.74,1.0,0.0,2.25,0.0,0
0.0,0.0,1.0,0.0,0.0,2.55,1.0,1.0,0.0,0.85,1.45,2.09,0.0,34.87,3.7,0.85,2.15,1.15,1.69,-0.85,2.0,0.0,2.15,0.67,0.0,4.55,0.0,0
0.0,1.0,1.0,1.6,0.0,1.81,2.6,2.0,0.0,3.79,5.6,-0.45,1.21,29.87,-0.21,0.0,3.4,2.0,5.71,0.0,1.0,0.0,8.81,0.71,0.0,4.6,0.0,1
0.0,0.0,1.0,1.0,0.0,-3.35,2.0,2.0,2.67,2.0,8.98,0.02,0.0,63.16,4.51,2.51,14.16,2.0,4.33,1.0,1.0,0.0,7.0,0.57,0.0,2.84,0.84,1
0.0,4.21,1.0,-2.53,0.0,4.84,0.16,-0.69,0.0,-7.59,-12.39,3.58,1.0,-53.94,4.69,0.84,-4.27,0.16,-0.76,0.0,1.0,0.0,-0.53,1.0,0.0,0.16,0.16,0
0.0,0.0,1.0,1.68,0.0,0.0,1.0,1.0,0.68,-0.36,5.64,1.26,0.0,116.64,2.36,0.0,2.68,2.0,4.95,-0.68,1.0,0.0,1.68,1.0,0.0,3.0,0.0,0
0.0,0.81,1.0,0.0,0.0,4.0,2.62,1.0,3.24,0.81,7.0,0.14,1.0,0.0,2.19,0.0,10.86,1.0,4.87,0.81,1.0,0.0,1.19,1.0,0.0,0.19,0.0,0
0.0,5.22,1.0,0.0,0.0,11.74,0.13,-0.74,-1.61,-1.74,-3.96,6.74,0.0,-47.88,4.74,0.87,-0.61,1.13,0.95,0.13,0.13,0.0,1.13,1.0,0.0,3.0,0.0,0
0.0,0.0,1.0,0.0,0.0,3.48,2.0,1.0,1.58,2.0,-0.32,2.39,-0.58,33.0,3.0,0.0,1.26,1.58,3.73,1.58,1.0,0.0,1.0,1.0,0.0,2.16,-0.58,0
0.0,0.92,1.0,0.0,0.0,3.67,1.0,1.0,1.0,0.0,-1.84,3.84,0.0,0.0,3.0,6.43,1.0,0.08,4.59,5.51,4.92,0.0,1.92,1.0,0.0,3.92,0.0,0
0.0,0.0,1.0,-0.97,0.0,-2.92,0.03,1.0,-3.87,2.92,9.73,1.5,-1.95,43.79,4.0,-8.76,2.97,1.0,-6.13,-1.95,3.0,0.0,1.03,1.0,0.0,1.03,0.0,0
2.17,4.88,1.0,3.17,0.0,0.54,2.54,3.0,9.54,17.31,1.07,0.14,0.0,77.66,2.0,2.0,16.25,0.92,3.46,0.0,0.54,0.0,5.17,0.91,0.0,2.0,0.0,1
0.0,1.0,1.0,1.0,0.0,-0.86,2.86,2.0,-3.45,9.31,11.9,0.16,0.0,97.08,-0.72,-8.62,15.21,2.0,-0.1,-0.86,1.0,0.0,8.72,0.71,0.0,3.14,0.0,1
0.0,0.0,1.0,0.7,0.0,0.0,2.7,1.0,1.7,0.0,1.0,0.18,1.41,35.2,3.41,2.0,-1.41,1.0,4.67,1.0,-1.11,0.0,4.11,1.0,0.0,4.41,-0.7,0
0.0,0.0,1.0,0.78,0.0,-2.35,1.78,1.0,1.57,7.14,17.06,-0.56,0.0,112.68,2.43,2.0,1.78,1.0,4.49,0.0,0.22,0.0,2.0,1.0,0.0,-0.35,0.0,0
0.0,0.0,1.0,1.9,0.0,-0.9,2.0,1.9,2.0,8.69,21.28,-1.26,0.0,141.95,0.1,0.1,3.69,3.69,3.92,-1.79,-0.9,0.0,4.69,1.0,0.0,0.1,0.0,0
0.0,0.0,1.0,0.0,0.0,0.0,1.96,1.0,2.0,0.0,0.96,1.62,0.0,0.0,1.07,1.93,-1.93,1.0,2.45,0.96,-0.93,0.0,2.0,1.0,0.0,2.96,0.0,0
0.87,1.87,1.0,0.87,1.74,-1.34,1.0,7.95,14.77,3.48,8.69,1.39,0.0,65.16,1.74,-2.34,11.29,0.87,-3.23,-5.08,-0.87,0.0,3.74,0.78,0.0,1.26,0.87,1
0.0,4.81,1.0,-12.61,1.0,1.6,-5.21,2.0,2.0,12.0,53.4,2.16,-6.41,52.96,3.6,0.8,8.4,1.2,-7.32,-0.8,-2.4,0.0,4.0,1.0,0.0,2.8,0.2,0
0.0,0.0,0.2,1.0,0.0,2.6,1.2,1.0,3.0,11.8,23.79,0.86,0.0,105.58,3.2,5.4,10.2,1.8,2.58,0.0,0.0,0.0,8.0,0.62,0.0,3.0,1.0,1
0.0,0.0,1.0,1.0,0.0,-0.9,1.03,1.97,3.0,7.84,4.87,0.31,-0.97,118.72,2.03,-10.64,1.93,1.97,-3.24,0.0,2.0,0.0,3.0,1.0,0.0,2.0,0.0,0
0.0,0.0,1.0,0.0,-1.5,9.23,0.25,1.0,0.0,0.0,6.25,1.89,1.0,-32.89,2.25,0.75,3.01,1.75,0.76,-1.5,1.75,0.0,2.0,1.0,0.0,0.25,0.0,0
0.0,0.0,1.0,1.0,0.0,3.0,1.0,1.0,6.0,3.0,0.0,0.68,2.0,66.0,4.0,12.0,1.0,1.0,6.33,1.0,1.0,0.0,3.0,1.0,0.0,3.0,0.0,0
0.0,0.0,1.0,-0.77,0.0,0.46,-0.54,1.0,-0.77,-1.86,34.48,1.25,-1.54,73.53,0.23,2.23,-7.72,4.32,-0.12,-0.77,0.23,0.0,-0.32,1.0,0.0,3.0,0.0,0
0.0,0.0,1.0,1.0,1.7,11.48,4.55,0.15,-3.24,-5.09,0.15,1.05,2.0,19.46,2.3,0.0,-0.85,1.0,5.82,0.85,5.39,0.85,3.15,1.0,0.0,1.3,0.0,0
2.0,1.0,1.95,-0.95,0.0,3.0,2.0,3.05,-0.95,8.05,-1.5,1.5,0.0,53.41,2.0,0.0,-6.36,0.05,0.46,-0.95,0.0,0.0,-1.77,1.41,0.0,2.95,1.0,0
0.0,0.0,1.94,12.25,2.81,0.0,1.94,1.0,0.94,9.62,78.25,-1.29,0.0,89.44,-0.87,1.87,4.69,5.75,9.31,0.0,-1.87,0.0,4.75,0.87,0.0,2.94,2.81,1
0.0,0.0,1.0,0.14,0.0,5.45,0.14,1.0,-1.72,-0.17,5.1,2.09,0.86,7.25,3.72,-0.86,7.31,1.0,6.17,1.0,1.86,0.0,1.0,1.0,0.0,2.0,0.0,0
0.0,0.0,1.0,0.54,0.0,1.63,0.46,1.0,2.71,2.63,40.46,-0.57,1.08,132.77,1.54,6.5,3.0,4.0,4.3,0.0,-0.54,0.0,3.08,1.0,0.0,2.0,0.0,0
0.0,0.52,1.0,0.0,0.0,1.57,1.0,1.0,2.0,0.48,-18.47,3.37,0.0,9.2,2.48,2.62,-0.05,-1.09,6.53,6.81,0.52,0.0,3.0,1.0,0.0,2.52,0.0,0
0.0,0.0,1.0,1.99,0.0,0.0,2.0,0.01,3.96,7.97,19.89,-0.03,0.0,102.73,2.98,1.0,16.85,2.0,4.95,0.01,0.01,0.0,11.91,0.34,0.0,4.99,0.99,1
-1.69,0.0,1.0,0.85,0.0,1.69,2.85,1.0,1.85,-3.39,1.85,1.25,1.69,0.85,2.0,2.85,3.39,0.15,1.22,1.85,1.0,0.0,2.85,1.0,0.0,3.0,-0.85,0
0.55,2.11,1.0,4.33,0.0,0.0,2.55,4.0,6.66,15.55,26.87,-1.64,0.0,130.47,0.89,0.0,16.76,2.55,4.35,0.0,0.45,0.0,10.98,0.8,0.0,0.45,0.0,1
0.0,1.59,1.0,1.0,0.0,7.14,1.0,1.0,1.0,0.0,1.0,5.42,0.0,100.0,6.38,-0.79,1.79,2.59,-0.41,-0.79,2.0,0.0,5.38,0.84,0.0,0.21,0.79,0
0.0,2.89,1.0,0.0,0.0,0.72,0.28,1.0,-0.72,0.0,-0.45,3.58,0.0,0.0,-0.45,1.45,0.0,1.28,1.0,1.72,-0.45,0.0,0.28,1.0,0.0,4.45,0.0,0
0.0,0.0,1.81,0.0,0.0,5.68,2.62,1.0,2.62,-2.43,3.24,0.26,0.81,33.26,4.81,0.81,2.0,2.62,3.24,1.62,4.62,0.0,1.19,1.0,0.0,0.38,0.0,0
0.0,-0.65,1.0,1.0,0.0,3.65,1.0,1.0,2.95,2.65,7.95,-2.48,4.3,52.41,4.95,-1.25,0.35,1.65,-3.8,-8.46,2.3,0.0,4.35,0.8,0.0,2.0,0.0,0
0.0,0.0,3.0,1.0,0.0,25.93,5.01,1.0,0.0,-4.97,-2.97,5.41,6.0,33.44,2.99,0.0,4.99,1.01,3.99,3.0,8.0,2.0,4.99,1.0,0.0,5.99,0.0,1
0.0,0.0,1.0,1.0,0.0,0.0,2.0,1.0,0.25,2.51,8.54,-0.31,2.0,31.16,2.49,1.51,4.0,1.0,6.23,4.0,3.25,0.0,4.75,0.5,0.0,2.0,0.0,1
0.0,0.0,1.0,0.0,0.0,6.0,1.0,1.0,2.11,1.11,3.34,1.76,0.0,91.11,2.89,0.0,3.0,1.0,1.59,1.0,2.77,0.0,1.89,1.0,0.0,-0.77,0.0,0
-0.76,4.0,1.0,0.0,0.0,1.0,1.76,2.51,6.81,0.76,-2.27,2.44,0.0,4.54,0.76,3.51,11.32,0.0,-3.67,1.0,-0.76,0.0,1.76,1.0,0.0,3.24,0.0,0
4.69,4.0,1.0,3.13,0.0,2.0,1.78,1.78,-3.91,13.29,34.39,4.06,0.0,25.01,-3.13,0.44,11.94,0.78,3.34,1.78,0.0,0.0,10.6,0.67,0.0,3.0,0.0,1
0.06,0.0,1.0,0.06,1.89,0.0,4.89,1.0,1.89,2.22,2.61,-0.0,0.94,82.5,1.94,0.0,3.89,0.06,5.61,5.78,1.0,0.0,3.06,1.0,0.0,1.06,2.0,0
0.0,-1.75,1.0,0.0,0.0,3.49,2.0,1.0,1.0,5.0,13.11,-1.79,0.87,67.0,3.62,0.0,3.49,3.87,3.5,-2.49,1.0,0.0,1.0,1.44,0.0,-1.62,0.0,0
0.0,0.0,1.0,0.37,0.0,1.88,2.0,1.0,6.25,5.0,15.0,0.74,-1.88,89.89,2.37,-1.25,19.25,2.0,2.65,0.63,0.0,0.0,9.5,0.79,0.0,2.37,1.0,1
1.0,-8.42,2.87,1.0,0.0,-6.42,5.74,1.0,0.0,2.0,25.74,-5.34,1.87,55.0,0.13,-1.87,8.49,2.0,8.82,2.94,7.55,0.94,3.0,1.19,0.0,2.94,1.0,0
0.0,1.0,1.0,0.0,0.0,3.0,1.0,1.0,-0.94,0.0,3.78,4.59,0.0,0.0,-0.94,5.0,2.89,0.94,14.42,13.0,-0.89,0.0,3.89,0.69,0.0,2.06,0.0,0
0.0,0.93,1.0,1.0,0.0,2.8,1.0,1.0,0.0,-0.87,4.2,5.75,0.0,40.21,-0.87,1.87,2.0,1.07,4.61,0.0,-0.87,0.0,1.0,1.0,0.0,4.87,0.0,0
0.0,0.0,1.0,0.2,0.0,2.39,1.0,1.0,0.2,0.0,1.0,4.68,0.0,20.29,3.81,0.0,0.2,1.0,0.2,0.0,0.2,0.0,2.41,1.0,0.0,1.0,0.0,0
0.0,-2.3,1.0,1.0,0.0,-1.53,2.53,1.0,4.83,0.77,1.0,-1.75,0.0,100.0,6.3,-0.53,6.36,1.77,2.33,0.0,5.3,0.0,2.23,1.0,0.0,0.47,0.0,0
0.0,2.25,1.0,3.25,0.0,3.0,2.0,3.25,4.0,4.5,30.25,0.29,2.0,117.51,4.0,1.5,0.0,2.5,4.78,0.0,0.5,0.0,7.0,0.87,0.0,3.0,1.5,1
0.0,0.0,1.0,0.83,0.0,-2.49,2.0,1.0,-1.49,2.0,5.32,0.3,0.0,34.66,2.17,0.0,3.83,1.83,3.34,0.17,0.17,0.0,1.83,1.0,0.0,1.83,0.0,0
0.0,-1.52,1.0,0.0,0.0,-1.52,1.0,1.0,0.0,0.0,4.0,0.63,0.0,0.0,2.0,1.52,2.24,2.0,3.21,2.28,2.76,0.0,3.0,0.29,0.0,2.76,0.0,1
0.0,0.0,1.0,0.0,0.0,4.85,1.0,1.0,-4.85,0.03,11.8,1.65,0.97,-39.25,-1.91,-1.94,4.94,2.0,2.14,0.0,1.0,0.0,2.94,1.0,0.0,1.03,0.97,0
0.0,0.0,1.0,0.0,0.0,0.87,1.0,-0.75,-4.24,3.5,5.24,1.77,0.0,5.24,5.75,0.87,0.25,0.13,0.04,0.0,3.0,0.0,6.37,0.67,0.0,2.87,0.87,0
0.0,0.0,1.0,0.44,0.0,2.79,1.56,1.0,2.11,0.56,1.56,1.85,0.56,94.98,7.0,0.0,0.44,1.0,1.37,1.11,1.0,0.0,4.0,1.0,0.0,0.44,0.0,0
1.0,0.7,1.0,2.4,0.0,3.7,2.7,2.4,3.0,10.5,5.0,0.49,1.0,47.82,1.0,1.3,7.9,2.0,5.56,1.0,1.0,0.0,4.8,1.0,0.0,2.4,0.0,0
0.0,0.0,1.0,2.0,0.0,0.0,0.5,2.0,0.0,4.0,10.5,0.57,-0.5,105.11,-0.5,0.0,0.49,4.5,9.04,0.0,0.5,0.0,4.0,1.0,0.0,1.5,-1.0,0
0.0,0.0,-0.53,1.77,2.0,2.3,-0.3,2.0,7.84,6.77,1.93,0.5,1.0,112.02,7.3,8.44,-1.21,1.23,5.62,0.0,-2.6,-0.77,4.47,0.67,0.0,2.77,0.23,0
0.0,3.66,1.0,-0.52,0.0,5.0,1.0,1.0,1.0,0.48,-1.61,2.09,0.0,8.18,-0.05,7.57,1.57,1.48,5.56,7.05,1.48,0.0,1.0,1.0,0.0,1.52,0.0,0
0.0,0.0,2.0,-0.84,-0.84,6.37,1.16,0.16,-1.68,-7.1,-28.42,2.03,0.84,-20.31,2.84,3.37,-2.05,0.16,5.41,0.0,1.84,0.0,3.32,0.6,0.0,1.16,-0.84,0
0.0,3.7,1.0,-0.92,0.0,4.0,1.0,1.0,-0.92,0.0,6.08,1.13,1.0,-92.45,-3.47,1.85,6.0,0.08,1.65,0.0,0.08,0.0,0.15,1.0,0.0,2.85,0.0,0
0.0,0.0,1.0,0.0,0.84,8.45,3.69,0.16,-0.69,-10.14,-42.93,2.65,0.84,-50.69,2.16,0.0,-6.6,1.0,5.15,3.53,6.22,0.84,-0.69,1.0,0.0,2.16,-0.84,0
2.0,4.85,1.0,-0.96,0.0,4.93,2.0,4.0,-0.96,9.0,8.04,3.9,0.0,-13.3,-1.85,1.93,7.0,0.04,3.47,0.96,-1.93,0.0,2.04,1.0,0.0,3.93,1.0,0
-1.54,2.32,1.0,1.54,-1.54,0.0,2.77,3.32,4.86,9.63,37.9,0.04,0.0,111.03,1.77,1.54,-40.94,4.54,2.79,1.0,0.23,0.0,3.32,0.87,0.0,1.77,1.54,0
0.0,9.54,0.23,0.0,0.0,5.0,0.23,1.0,0.0,-0.77,-2.31,5.92,0.0,-25.4,0.46,5.08,3.23,0.23,2.66,4.08,0.0,0.0,5.0,0.22,0.0,2.77,0.0,1
0.44,0.0,1.0,1.0,-1.11,5.22,0.33,1.0,1.33,4.78,7.78,1.22,1.0,27.15,1.56,1.44,5.78,2.0,3.06,0.44,1.0,0.0,2.0,1.0,0.0,0.44,0.56,0
0.0,0.0,1.0,-0.71,0.0,0.71,1.29,1.0,-2.53,-0.71,6.94,1.18,-0.71,-21.16,1.29,-7.76,5.82,1.0,-3.25,-1.41,2.0,0.0,1.29,1.0,0.0,0.59,0.0,0
4.16,2.08,1.0,0.0,0.0,1.92,1.69,5.16,3.46,15.93,39.56,0.47,0.31,63.73,3.0,1.39,34.4,1.69,3.54,0.0,1.0,0.0,11.7,0.67,0.0,2.39,0.0,1
0.0,0.0,1.0,-2.97,0.0,9.0,1.0,1.0,0.0,-3.72,-7.17,3.66,0.0,-42.36,1.0,-1.49,4.0,2.0,0.46,0.0,1.74,0.0,3.0,1.0,0.0,2.0,0.0,0
0.0,0.6,1.0,-0.6,0.0,0.0,1.6,1.0,2.41,0.0,0.4,1.77,-1.2,-30.07,0.4,0.0,2.41,2.0,-0.0,-0.8,0.4,0.0,-0.8,1.3,0.0,2.4,0.0,0
0.0,0.0,1.0,0.96,0.0,5.96,1.0,1.0,5.82,1.0,1.96,1.65,0.96,146.31,1.0,6.96,15.41,2.0,8.75,6.96,1.04,0.0,3.89,0.61,0.0,1.0,0.96,1
0.0,0.0,1.85,11.02,2.54,-4.24,1.85,1.0,3.69,5.08,18.64,0.94,-0.85,78.81,3.0,2.54,1.69,4.39,8.33,0.0,1.0,0.0,5.39,0.88,0.0,2.85,1.69,0
0.0,0.0,1.0,1.67,0.0,-4.01,1.67,1.0,3.34,4.67,13.33,-1.33,1.34,95.03,4.0,7.34,-0.67,1.33,10.53,1.34,1.0,0.0,2.0,1.0,0.0,4.67,0.0,0
0.0,0.0,1.0,0.0,0.0,-1.95,1.98,1.0,1.98,0.0,-6.83,0.7,0.0,-21.45,5.95,-2.93,4.93,0.02,0.87,0.98,3.0,0.0,1.02,1.0,0.0,0.05,0.0,0
0.0,-3.23,1.0,0.81,0.0,-1.61,1.0,1.0,0.81,0.0,4.81,-0.96,0.0,80.67,7.65,-1.61,3.0,2.81,0.89,-0.81,2.81,0.0,4.61,0.67,0.0,0.39,0.0,0
0.0,-0.53,1.0,0.53,1.06,3.35,1.53,1.53,5.12,5.18,8.65,-1.51,0.53,108.17,4.12,-5.3,6.71,1.53,-0.41,-2.71,1.53,0.0,3.12,0.82,0.0,0.47,0.53,0
0.0,0.0,1.0,-0.78,0.0,0.0,1.0,1.0,0.78,0.22,35.52,2.01,0.0,41.38,3.35,0.0,1.43,3.22,-2.91,0.0,0.0,0.0,2.0,1.0,0.0,2.0,0.0,0
2.0,4.22,1.0,0.0,0.0,0.0,1.4,1.0,-0.6,10.0,6.4,-0.33,0.0,72.0,0.19,1.81,10.21,1.4,6.24,0.6,-0.21,0.0,4.6,1.0,0.0,1.4,1.0,0
0.0,0.0,1.67,-0.67,0.0,0.0,2.67,3.0,2.33,2.67,9.33,-0.33,0.0,10.34,-2.33,0.0,3.0,2.0,3.3,1.0,1.0,0.0,1.67,1.0,0.0,3.33,0.0,0
0.0,0.0,1.0,1.0,0.0,0.0,0.33,1.0,3.0,0.33,9.37,0.7,1.0,60.04,6.0,0.0,3.34,1.0,0.58,0.33,1.33,0.0,2.66,1.22,0.0,0.99,0.67,0
0.0,1.62,2.0,15.43,3.0,-4.04,2.81,3.43,6.04,10.85,62.16,-4.1,0.0,165.79,2.81,-3.47,7.62,6.62,6.67,-5.66,0.19,0.0,10.23,0.72,0.0,1.19,4.62,1
0.0,0.0,1.0,0.0,0.0,0.0,1.0,1.0,-0.11,0.56,1.67,2.28,0.0,0.0,3.56,0.0,0.0,1.0,0.19,0.56,1.0,0.0,0.44,1.0,0.0,3.56,0.0,0
0.95,-5.71,1.0,0.95,0.0,-1.9,2.9,1.0,0.0,7.71,15.38,-1.59,0.0,103.45,0.1,-0.95,1.9,1.0,9.41,2.9,2.95,0.0,3.9,1.0,0.0,1.0,1.9,0
-1.01,-0.5,2.01,0.5,0.0,15.56,3.02,-0.51,0.0,-4.54,-3.04,3.3,3.03,8.58,0.5,0.0,1.98,2.5,0.13,1.51,5.04,1.01,3.5,1.0,0.0,3.01,-0.5,0
0.0,0.0,1.0,0.2,0.0,4.4,0.2,1.0,-0.8,5.8,15.99,2.0,-1.6,76.81,1.2,0.8,-0.2,1.0,4.97,-2.2,-1.4,0.0,-0.6,1.4,0.0,3.6,0.0,0
1.0,2.0,-0.11,5.45,0.0,-8.31,-0.77,1.0,4.0,10.55,25.55,0.67,-3.32,35.61,2.55,0.55,21.34,1.45,1.88,-0.55,-3.32,-1.11,17.34,0.63,0.0,0.89,0.0,1
1.0,0.0,1.0,1.0,0.0,1.16,3.0,1.0,2.9,6.0,11.26,0.19,0.0,89.67,2.74,1.74,3.16,1.0,7.12,2.0,0.42,0.0,3.42,1.0,0.0,2.58,2.58,0
1.0,0.0,1.0,1.0,0.0,1.57,0.48,0.48,-0.52,6.0,17.05,1.02,0.0,71.29,2.05,0.52,0.43,1.48,7.79,-0.52,1.0,0.0,1.48,1.0,0.0,4.05,0.0,0
0.0,0.0,1.0,0.0,0.0,2.0,1.0,1.0,6.37,3.37,10.94,-0.06,0.0,111.27,4.32,3.0,8.15,1.68,1.59,-0.37,-0.37,0.0,5.79,0.66,0.0,2.0,1.0,1
0.0,0.0,1.0,1.0,0.0,-1.84,1.0,1.0,0.0,-0.84,-1.45,0.74,0.0,29.3,2.92,-2.77,0.92,1.0,3.01,0.0,1.92,0.0,2.0,1.0,0.0,0.08,0.0,0
0.0,0.0,1.0,0.98,0.0,-0.98,1.0,1.0,-0.98,-1.93,-7.62,1.84,0.0,24.44,6.87,-0.98,-6.82,1.02,0.43,1.0,1.98,0.0,-0.91,1.49,0.0,0.02,0.0,0
3.4,0.0,1.0,1.7,0.0,2.43,1.0,1.57,-1.7,3.96,15.15,1.81,0.0,2.26,0.3,-1.7,4.83,1.57,0.8,0.57,5.57,0.0,3.26,0.98,0.0,0.43,0.43,0
0.0,0.0,1.0,0.0,0.0,4.93,1.0,1.0,4.02,3.95,8.79,0.03,0.0,23.86,-0.86,3.0,4.93,1.98,2.68,1.0,0.02,0.0,-0.95,1.0,0.0,2.98,1.0,0
2.0,4.39,1.0,0.0,0.0,0.45,2.0,4.0,0.0,9.0,8.15,0.69,0.0,83.0,0.3,1.7,6.15,0.15,2.75,0.0,-4.24,0.0,3.85,1.0,0.0,3.7,0.15,0
0.0,0.0,1.0,1.0,0.0,4.89,0.05,0.05,5.05,5.84,-1.89,1.64,2.0,84.94,4.0,12.0,-10.36,0.05,9.27,1.0,1.0,0.0,-2.68,1.41,0.0,3.0,0.0,0
6.0,0.0,1.0,4.96,0.0,0.96,1.04,2.0,7.67,23.75,50.71,0.18,-0.96,173.52,-3.8,1.92,12.16,3.92,5.28,1.96,-0.92,0.0,12.96,0.58,0.0,2.96,-0.96,1
1.09,0.0,1.0,1.0,1.09,-0.54,0.46,2.0,1.74,6.0,2.91,0.28,0.46,32.61,2.46,-0.54,22.1,2.0,2.0,1.46,1.0,0.0,1.91,1.22,0.0,2.46,-0.54,0
0.0,0.0,1.0,1.6,0.0,0.0,1.8,1.0,1.8,9.19,5.59,1.73,0.0,109.59,6.0,0.8,5.79,1.8,-4.53,0.0,2.0,0.0,8.99,0.87,0.0,2.0,0.0,1
0.0,0.51,1.0,2.0,0.0,0.0,1.51,2.54,3.56,4.62,10.1,0.45,0.0,92.0,3.0,0.0,3.05,2.51,15.08,0.0,1.0,0.0,1.49,1.0,0.0,3.0,0.0,0
1.0,0.0,1.0,1.0,0.0,-2.3,0.42,1.0,0.0,6.0,13.12,1.7,-1.15,76.0,-0.15,1.73,-2.03,2.58,8.02,0.58,0.42,0.0,0.85,1.0,0.0,3.58,0.0,0
0.0,5.61,1.0,1.0,0.0,0.0,1.0,1.0,1.0,-0.8,-6.21,2.37,0.0,100.0,6.2,2.4,2.6,-0.6,2.51,0.8,0.2,0.0,3.2,1.0,0.0,1.8,0.0,0
0.0,-3.98,1.0,0.0,1.99,0.0,2.99,1.0,2.99,1.99,4.97,0.95,0.99,84.53,4.99,-1.99,2.98,1.99,6.39,3.98,1.99,0.0,0.01,1.0,0.0,2.01,0.0,0
0.0,0.0,1.0,1.84,0.0,1.68,2.0,1.0,-0.84,9.21,19.09,0.19,0.0,145.66,0.16,1.0,3.68,2.0,9.98,1.84,-1.52,0.0,3.0,0.67,0.0,3.16,0.0,0
