CountDeclMethodPrivate,CountDeclMethodDefault,AvgEssential,CountDeclClassVariable,CountDeclClassMethod,AvgLineComment,AvgCyclomaticModified,CountDeclClass,CountDeclMethodProtected,CountDeclInstanceVariable,CountDeclMethodPublic,RatioCommentToCode,AvgLineBlank,PercentLackOfCohesion,MaxInheritanceTree,CountClassDerived,CountClassCoupled,CountClassBase,CountInput_Mean,CountInput_Min,CountOutput_Min,MaxNesting_Min,ADEV,OWN_COMMIT,MINOR_COMMIT,MINOR_LINE,MAJOR_LINE,target
0.0,0.0,1.0,0.0,0.0,6.0,1.0,1.0,3.0,2.0,6.0,1.22,0.0,61.0,2.0,0.0,3.0,1.0,1.89,1.0,1.0,0.0,1.0,1.0,0.0,1.0,0.0,0
0.0,0.0,1.0,2.0,0.0,7.0,2.0,1.0,3.0,1.0,6.0,1.19,1.0,81.0,2.0,0.0,0.0,1.0,2.44,1.0,1.0,0.0,1.0,1.0,0.0,1.0,0.0,0
0.0,0.0,1.0,0.0,0.0,6.0,1.0,1.0,0.0,1.0,3.0,2.57,0.0,0.0,1.0,0.0,0.0,2.0,2.0,1.0,1.0,0.0,1.0,1.0,0.0,1.0,0.0,0
1.0,0.0,1.0,5.0,1.0,2.0,1.0,2.0,7.0,29.0,73.0,0.54,0.0,97.0,2.0,3.0,18.0,6.0,6.7,0.0,1.0,0.0,10.0,0.5,0.0,3.0,2.0,1
1.0,0.0,1.0,1.0,0.0,0.0,3.0,1.0,0.0,4.0,3.0,0.24,1.0,50.0,1.0,0.0,12.0,2.0,6.5,6.0,5.0,0.0,4.0,0.75,0.0,3.0,0.0,0
1.0,0.0,1.0,0.0,0.0,0.0,2.0,1.0,1.0,1.0,4.0,0.42,1.0,50.0,1.0,0.0,4.0,2.0,3.0,2.0,1.0,0.0,2.0,1.0,0.0,2.0,0.0,0
0.0,0.0,1.0,0.0,0.0,3.0,1.0,1.0,0.0,5.0,10.0,1.24,0.0,80.0,1.0,0.0,4.0,1.0,2.0,1.0,1.0,0.0,2.0,1.0,0.0,2.0,0.0,0
0.0,21.0,1.0,0.0,0.0,3.0,1.0,1.0,0.0,0.0,0.0,3.3,0.0,0.0,0.0,3.0,0.0,0.0,0.48,0.0,0.0,0.0,4.0,0.75,0.0,3.0,1.0,0
0.0,0.0,0.0,0.0,0.0,0.0,0.0,1.0,0.0,0.0,0.0,4.0,0.0,0.0,1.0,1.0,0.0,1.0,0.0,0.0,0.0,0.0,1.0,1.0,0.0,2.0,0.0,0
0.0,0.0,1.0,1.0,0.0,0.0,2.0,1.0,4.0,5.0,4.0,0.29,0.0,70.0,2.0,0.0,10.0,1.0,4.12,0.0,0.0,0.0,5.0,1.0,0.0,2.0,1.0,0
0.0,0.0,1.0,0.0,0.0,0.0,1.0,1.0,0.0,1.0,22.0,0.23,0.0,0.0,1.0,0.0,2.0,2.0,1.45,1.0,1.0,0.0,4.0,1.0,0.0,2.0,1.0,0
0.0,0.0,1.0,0.0,0.0,2.0,2.0,1.0,1.0,2.0,27.0,0.7,0.0,76.0,1.0,3.0,4.0,2.0,1.46,0.0,1.0,0.0,3.0,1.0,0.0,3.0,0.0,0
0.0,0.0,1.0,0.0,0.0,0.0,1.0,1.0,0.0,2.0,6.0,0.55,0.0,16.0,3.0,0.0,2.0,1.0,3.33,2.0,1.0,0.0,2.0,1.0,0.0,3.0,0.0,0
0.0,0.0,1.0,0.0,0.0,0.0,1.0,1.0,0.0,7.0,12.0,0.24,0.0,61.0,3.0,0.0,3.0,1.0,7.0,1.0,1.0,0.0,3.0,0.67,0.0,4.0,0.0,0
0.0,0.0,1.0,0.0,0.0,0.0,1.0,1.0,0.0,15.0,26.0,0.23,0.0,86.0,1.0,0.0,7.0,2.0,1.85,0.0,1.0,0.0,4.0,0.75,0.0,2.0,1.0,0
0.0,0.0,1.0,0.0,0.0,0.0,1.0,1.0,0.0,2.0,23.0,0.24,0.0,89.0,1.0,0.0,6.0,2.0,0.22,0.0,0.0,0.0,2.0,1.0,0.0,2.0,0.0,0
0.0,0.0,1.0,0.0,0.0,1.0,2.0,1.0,0.0,3.0,8.0,0.4,0.0,50.0,1.0,0.0,7.0,2.0,2.25,0.0,1.0,0.0,5.0,0.8,0.0,2.0,0.0,0
0.0,2.0,1.0,0.0,0.0,5.0,1.0,1.0,0.0,0.0,0.0,3.88,0.0,0.0,0.0,1.0,1.0,0.0,1.0,1.0,1.0,0.0,2.0,1.0,0.0,2.0,0.0,0
0.0,2.0,1.0,0.0,0.0,9.0,1.0,1.0,0.0,0.0,0.0,4.88,0.0,0.0,0.0,1.0,2.0,0.0,1.0,1.0,0.0,0.0,3.0,1.0,0.0,3.0,0.0,0
0.0,4.0,1.0,0.0,0.0,6.0,1.0,1.0,0.0,0.0,0.0,3.57,0.0,0.0,1.0,6.0,6.0,1.0,1.25,1.0,0.0,0.0,2.0,1.0,0.0,4.0,0.0,0
0.0,0.0,1.0,1.0,0.0,0.0,2.0,3.0,0.0,6.0,11.0,0.32,0.0,71.0,1.0,0.0,9.0,2.0,2.45,0.0,1.0,0.0,2.0,1.0,0.0,3.0,1.0,0
0.0,0.0,1.0,0.0,0.0,5.0,1.0,1.0,0.0,0.0,1.0,2.9,0.0,0.0,1.0,0.0,4.0,2.0,0.0,0.0,1.0,0.0,2.0,1.0,0.0,2.0,0.0,0
0.0,0.0,1.0,0.0,0.0,1.0,1.0,1.0,0.0,4.0,9.0,1.0,0.0,77.0,1.0,2.0,2.0,2.0,1.56,1.0,1.0,0.0,3.0,0.67,0.0,2.0,0.0,0
0.0,0.0,1.0,0.0,0.0,1.0,1.0,1.0,0.0,3.0,9.0,0.82,0.0,77.0,1.0,0.0,3.0,1.0,1.89,1.0,1.0,0.0,2.0,1.0,0.0,1.0,1.0,0
0.0,0.0,1.0,0.0,0.0,0.0,2.0,2.0,1.0,2.0,4.0,0.45,0.0,50.0,1.0,0.0,3.0,2.0,2.4,1.0,1.0,0.0,3.0,1.0,0.0,2.0,0.0,0
5.0,0.0,1.0,3.0,0.0,1.0,2.0,4.0,14.0,38.0,73.0,0.16,0.0,95.0,1.0,1.0,72.0,5.0,3.08,0.0,1.0,0.0,23.0,0.57,0.0,3.0,1.0,1
0.0,0.0,1.0,0.0,0.0,1.0,2.0,1.0,0.0,0.0,1.0,2.38,0.0,0.0,3.0,0.0,2.0,1.0,3.0,3.0,5.0,1.0,3.0,0.67,0.0,1.0,1.0,0
0.0,0.0,1.0,0.0,0.0,1.0,1.0,1.0,0.0,2.0,3.0,1.69,0.0,33.0,1.0,0.0,2.0,2.0,1.67,1.0,1.0,0.0,1.0,1.0,0.0,2.0,0.0,0
0.0,1.0,1.0,0.0,0.0,9.0,1.0,1.0,0.0,0.0,0.0,6.4,0.0,0.0,0.0,2.0,0.0,0.0,0.0,0.0,0.0,0.0,3.0,1.0,0.0,3.0,0.0,0
0.0,0.0,2.0,13.0,3.0,0.0,2.0,1.0,2.0,6.0,29.0,0.11,0.0,93.0,2.0,3.0,6.0,5.0,11.23,0.0,1.0,0.0,7.0,0.86,0.0,2.0,3.0,1
1.0,1.0,1.0,2.0,2.0,0.0,2.0,12.0,5.0,1.0,69.0,0.09,0.0,96.0,3.0,10.0,12.0,2.0,5.57,0.0,0.0,0.0,5.0,0.8,0.0,2.0,2.0,1
0.0,0.0,1.0,2.0,0.0,0.0,1.0,1.0,1.0,0.0,6.0,0.81,0.0,92.0,3.0,0.0,1.0,2.0,16.0,0.0,1.0,0.0,2.0,1.0,0.0,3.0,0.0,0
0.0,0.0,1.0,1.0,0.0,0.0,1.0,1.0,0.0,1.0,5.0,1.26,0.0,60.0,3.0,0.0,1.0,1.0,5.6,1.0,1.0,0.0,3.0,1.0,0.0,3.0,0.0,0
0.0,0.0,1.0,1.0,0.0,0.0,1.0,1.0,0.0,1.0,6.0,1.05,0.0,75.0,3.0,0.0,1.0,1.0,7.0,0.0,1.0,0.0,2.0,1.0,0.0,3.0,0.0,0
0.0,0.0,1.0,6.0,0.0,0.0,1.0,1.0,0.0,3.0,11.0,0.6,0.0,89.0,1.0,0.0,3.0,2.0,7.0,0.0,1.0,0.0,2.0,1.0,0.0,3.0,0.0,0
0.0,0.0,1.0,1.0,0.0,1.0,1.0,1.0,0.0,5.0,18.0,0.67,0.0,86.0,2.0,0.0,8.0,1.0,9.17,1.0,1.0,0.0,2.0,1.0,0.0,3.0,0.0,0
0.0,0.0,1.0,1.0,0.0,1.0,1.0,1.0,0.0,1.0,10.0,0.79,0.0,55.0,2.0,0.0,7.0,1.0,5.9,1.0,1.0,0.0,3.0,1.0,0.0,2.0,0.0,0
0.0,0.0,1.0,1.0,0.0,0.0,1.0,1.0,0.0,1.0,6.0,0.96,0.0,75.0,2.0,5.0,2.0,1.0,6.0,0.0,1.0,0.0,2.0,1.0,0.0,3.0,0.0,0
0.0,0.0,1.0,1.0,0.0,1.0,1.0,1.0,0.0,5.0,17.0,0.68,0.0,83.0,1.0,0.0,3.0,2.0,9.88,0.0,1.0,0.0,6.0,0.5,0.0,4.0,0.0,1
0.0,0.0,1.0,9.0,0.0,0.0,1.0,1.0,0.0,3.0,10.0,0.45,0.0,84.0,2.0,0.0,5.0,1.0,14.1,1.0,1.0,0.0,2.0,1.0,0.0,3.0,0.0,0
0.0,0.0,2.0,0.0,0.0,0.0,2.0,1.0,0.0,1.0,3.0,0.88,0.0,33.0,2.0,0.0,1.0,1.0,2.0,0.0,1.0,0.0,2.0,1.0,0.0,3.0,0.0,0
0.0,0.0,1.0,3.0,5.0,1.0,2.0,2.0,0.0,1.0,13.0,0.44,0.0,90.0,2.0,1.0,2.0,2.0,1.92,0.0,1.0,0.0,5.0,0.8,0.0,2.0,2.0,0
0.0,0.0,1.0,2.0,0.0,2.0,2.0,1.0,4.0,5.0,16.0,0.49,0.0,82.0,1.0,0.0,2.0,2.0,3.75,0.0,1.0,0.0,4.0,1.0,0.0,2.0,1.0,0
1.0,0.0,1.0,1.0,4.0,1.0,2.0,1.0,0.0,0.0,4.0,0.55,0.0,60.0,1.0,0.0,2.0,1.0,3.0,0.0,1.0,0.0,4.0,1.0,0.0,3.0,0.0,0
0.0,0.0,1.0,3.0,0.0,1.0,2.0,3.0,10.0,3.0,7.0,0.36,0.0,100.0,1.0,1.0,5.0,2.0,2.06,1.0,1.0,0.0,5.0,1.0,0.0,2.0,1.0,0
0.0,5.0,1.0,0.0,0.0,0.0,2.0,2.0,0.0,9.0,9.0,0.17,0.0,62.0,1.0,0.0,4.0,1.0,3.5,1.0,1.0,0.0,4.0,0.75,0.0,1.0,1.0,0
0.0,0.0,1.0,1.0,0.0,0.0,2.0,1.0,10.0,9.0,14.0,0.23,0.0,84.0,1.0,2.0,10.0,1.0,4.33,0.0,0.0,0.0,6.0,0.67,0.0,2.0,0.0,1
0.0,1.0,1.0,0.0,0.0,0.0,1.0,1.0,0.0,4.0,3.0,0.58,0.0,25.0,1.0,1.0,3.0,2.0,3.0,1.0,1.0,0.0,2.0,1.0,0.0,2.0,0.0,0
0.0,1.0,1.0,0.0,0.0,0.0,1.0,1.0,0.0,0.0,0.0,3.2,0.0,0.0,0.0,1.0,1.0,0.0,1.0,1.0,0.0,0.0,1.0,1.0,0.0,2.0,0.0,0
0.0,21.0,1.0,0.0,0.0,6.0,1.0,1.0,0.0,0.0,0.0,6.04,0.0,0.0,0.0,2.0,2.0,0.0,8.81,1.0,0.0,0.0,4.0,0.75,0.0,2.0,0.0,0
0.0,0.0,1.0,0.0,0.0,7.0,2.0,1.0,0.0,0.0,2.0,1.13,0.0,0.0,1.0,0.0,0.0,2.0,2.5,2.0,5.0,0.0,2.0,1.0,0.0,2.0,0.0,0
0.0,0.0,1.0,0.0,0.0,0.0,2.0,1.0,1.0,2.0,14.0,0.33,0.0,43.0,2.0,0.0,0.0,2.0,6.07,1.0,1.0,0.0,4.0,1.0,0.0,3.0,0.0,0
0.0,0.0,1.0,1.0,0.0,0.0,1.0,1.0,2.0,5.0,12.0,0.32,0.0,59.0,3.0,2.0,4.0,1.0,4.0,1.0,1.0,0.0,2.0,1.0,0.0,2.0,2.0,0
0.0,0.0,1.0,0.0,0.0,1.0,1.0,1.0,1.0,5.0,15.0,0.42,0.0,67.0,2.0,0.0,0.0,1.0,3.44,1.0,1.0,0.0,1.0,1.0,0.0,1.0,2.0,0
0.0,0.0,1.0,0.0,0.0,3.0,2.0,1.0,0.0,5.0,2.0,0.92,1.0,40.0,1.0,0.0,1.0,1.0,4.5,2.0,3.0,0.0,3.0,1.0,0.0,3.0,0.0,0
0.0,1.0,1.0,0.0,0.0,0.0,1.0,1.0,0.0,0.0,0.0,5.2,0.0,0.0,0.0,2.0,0.0,0.0,1.0,1.0,0.0,0.0,1.0,1.0,0.0,3.0,0.0,0
0.0,1.0,1.0,0.0,0.0,4.0,1.0,1.0,0.0,0.0,0.0,5.0,0.0,0.0,0.0,1.0,0.0,0.0,1.0,1.0,1.0,0.0,1.0,1.0,0.0,1.0,0.0,0
0.0,0.0,1.0,0.0,0.0,3.0,1.0,1.0,0.0,2.0,6.0,1.65,0.0,41.0,3.0,1.0,0.0,1.0,1.33,0.0,1.0,0.0,2.0,1.0,0.0,4.0,0.0,0
0.0,3.0,1.0,0.0,0.0,3.0,1.0,1.0,0.0,0.0,0.0,5.0,0.0,0.0,0.0,1.0,1.0,0.0,1.33,1.0,0.0,0.0,4.0,1.0,0.0,1.0,0.0,0
0.0,0.0,1.0,0.0,0.0,4.0,1.0,1.0,0.0,0.0,7.0,1.91,1.0,0.0,4.0,5.0,4.0,1.0,6.14,0.0,1.0,0.0,2.0,1.0,0.0,3.0,0.0,0
0.0,0.0,1.0,0.0,0.0,5.0,2.0,1.0,0.0,0.0,7.0,0.66,2.0,0.0,3.0,0.0,5.0,1.0,2.57,0.0,1.0,0.0,2.0,1.0,0.0,3.0,0.0,0
0.0,0.0,1.0,0.0,0.0,4.0,1.0,1.0,0.0,0.0,7.0,1.91,1.0,0.0,3.0,0.0,4.0,1.0,2.57,0.0,1.0,0.0,2.0,1.0,0.0,3.0,0.0,0
0.0,0.0,1.0,0.0,0.0,4.0,1.0,1.0,0.0,0.0,7.0,0.87,1.0,0.0,3.0,0.0,8.0,1.0,2.57,0.0,1.0,0.0,2.0,1.0,0.0,2.0,1.0,0
0.0,0.0,1.0,0.0,0.0,4.0,1.0,1.0,0.0,0.0,7.0,1.09,1.0,0.0,3.0,0.0,7.0,1.0,2.57,0.0,1.0,0.0,2.0,1.0,0.0,2.0,1.0,0
0.0,0.0,1.0,0.0,0.0,5.0,1.0,1.0,0.0,0.0,7.0,1.05,1.0,0.0,3.0,0.0,7.0,1.0,2.57,0.0,1.0,0.0,2.0,1.0,0.0,2.0,1.0,0
0.0,0.0,1.0,0.0,0.0,4.0,1.0,1.0,0.0,0.0,7.0,1.45,1.0,0.0,3.0,0.0,4.0,1.0,2.57,0.0,1.0,0.0,2.0,1.0,0.0,2.0,1.0,0
0.0,0.0,1.0,0.0,0.0,5.0,1.0,1.0,0.0,0.0,5.0,2.25,1.0,0.0,3.0,2.0,2.0,1.0,5.4,5.0,1.0,0.0,2.0,1.0,0.0,2.0,0.0,0
0.0,0.0,1.0,0.0,0.0,5.0,1.0,1.0,0.0,0.0,5.0,1.38,2.0,0.0,2.0,23.0,3.0,1.0,26.4,26.0,4.0,0.0,2.0,1.0,0.0,2.0,0.0,0
0.0,0.0,1.0,0.0,0.0,4.0,1.0,1.0,0.0,0.0,7.0,1.45,1.0,0.0,2.0,0.0,4.0,1.0,2.57,0.0,1.0,0.0,2.0,1.0,0.0,1.0,1.0,0
0.0,0.0,1.0,0.0,0.0,5.0,2.0,1.0,0.0,0.0,7.0,0.61,2.0,0.0,3.0,0.0,6.0,1.0,2.57,0.0,1.0,0.0,3.0,1.0,0.0,1.0,1.0,0
0.0,0.0,1.0,0.0,0.0,5.0,2.0,1.0,0.0,0.0,7.0,0.67,2.0,0.0,3.0,0.0,7.0,1.0,2.57,0.0,1.0,0.0,3.0,1.0,0.0,1.0,1.0,0
0.0,0.0,1.0,0.0,0.0,4.0,1.0,1.0,0.0,0.0,7.0,1.3,1.0,0.0,2.0,0.0,4.0,1.0,2.57,0.0,1.0,0.0,2.0,1.0,0.0,1.0,1.0,0
0.0,0.0,1.0,0.0,0.0,5.0,1.0,1.0,0.0,0.0,7.0,1.05,1.0,0.0,3.0,0.0,7.0,1.0,2.57,0.0,1.0,0.0,2.0,1.0,0.0,1.0,1.0,0
0.0,0.0,1.0,0.0,0.0,4.0,1.0,1.0,0.0,0.0,7.0,1.33,1.0,0.0,2.0,1.0,4.0,1.0,3.29,0.0,1.0,0.0,2.0,1.0,0.0,1.0,1.0,0
0.0,0.0,1.0,0.0,0.0,5.0,2.0,1.0,0.0,0.0,7.0,0.79,2.0,0.0,3.0,0.0,7.0,1.0,2.57,0.0,1.0,0.0,2.0,1.0,0.0,1.0,1.0,0
0.0,0.0,1.0,0.0,0.0,4.0,1.0,1.0,0.0,0.0,7.0,1.45,1.0,0.0,3.0,0.0,4.0,1.0,2.57,0.0,1.0,0.0,2.0,1.0,0.0,1.0,1.0,0
0.0,0.0,1.0,0.0,0.0,4.0,1.0,1.0,0.0,0.0,7.0,1.17,1.0,0.0,3.0,0.0,5.0,1.0,2.57,0.0,1.0,0.0,2.0,1.0,0.0,1.0,1.0,0
0.0,0.0,1.0,0.0,0.0,4.0,1.0,1.0,0.0,0.0,7.0,1.91,1.0,0.0,3.0,0.0,4.0,1.0,2.57,0.0,1.0,0.0,2.0,1.0,0.0,1.0,0.0,0
0.0,0.0,1.0,0.0,0.0,4.0,1.0,1.0,0.0,0.0,7.0,1.36,1.0,0.0,3.0,0.0,4.0,1.0,2.57,0.0,1.0,0.0,2.0,1.0,0.0,1.0,0.0,0
0.0,0.0,1.0,0.0,0.0,5.0,1.0,1.0,0.0,0.0,7.0,1.24,1.0,0.0,2.0,0.0,4.0,1.0,2.57,0.0,1.0,0.0,3.0,1.0,0.0,1.0,0.0,0
0.0,0.0,1.0,0.0,0.0,4.0,1.0,1.0,0.0,0.0,7.0,1.45,1.0,0.0,3.0,0.0,5.0,1.0,2.57,0.0,1.0,0.0,2.0,1.0,0.0,1.0,0.0,0
0.0,0.0,1.0,0.0,0.0,4.0,1.0,1.0,0.0,0.0,7.0,1.05,3.0,0.0,2.0,0.0,4.0,1.0,2.57,0.0,1.0,0.0,2.0,1.0,0.0,1.0,0.0,0
0.0,1.0,1.0,0.0,0.0,0.0,1.0,1.0,2.0,2.0,18.0,0.34,0.0,76.0,1.0,0.0,5.0,3.0,2.52,0.0,1.0,0.0,3.0,1.0,0.0,2.0,1.0,0
0.0,0.0,1.0,0.0,0.0,0.0,1.0,1.0,3.0,6.0,17.0,0.38,0.0,85.0,1.0,0.0,6.0,3.0,2.15,1.0,1.0,0.0,3.0,1.0,0.0,3.0,2.0,0
0.0,0.0,2.0,0.0,0.0,8.0,3.0,1.0,0.0,1.0,3.0,0.88,2.0,33.0,2.0,0.0,7.0,1.0,4.67,4.0,2.0,0.0,3.0,1.0,0.0,1.0,0.0,0
0.0,0.0,1.0,0.0,0.0,1.0,1.0,1.0,0.0,2.0,8.0,0.76,0.0,50.0,1.0,0.0,4.0,2.0,1.5,0.0,1.0,0.0,4.0,1.0,0.0,3.0,0.0,0
0.0,0.0,1.0,0.0,0.0,0.0,1.0,1.0,0.0,0.0,34.0,0.12,0.0,0.0,1.0,2.0,27.0,2.0,0.0,0.0,1.0,0.0,2.0,1.0,0.0,1.0,0.0,0
0.0,0.0,1.0,0.0,0.0,1.0,1.0,1.0,0.0,9.0,19.0,0.62,0.0,88.0,1.0,0.0,6.0,2.0,1.63,0.0,1.0,0.0,6.0,0.5,0.0,2.0,0.0,1
0.0,1.0,1.0,0.0,0.0,2.0,2.0,1.0,0.0,4.0,17.0,0.34,0.0,65.0,1.0,0.0,12.0,2.0,3.56,0.0,0.0,0.0,6.0,0.83,0.0,2.0,0.0,0
0.0,0.0,1.0,0.0,0.0,0.0,2.0,1.0,0.0,0.0,1.0,0.84,2.0,0.0,3.0,0.0,1.0,1.0,1.0,1.0,13.0,0.0,4.0,1.0,0.0,3.0,0.0,0
2.0,0.0,1.0,1.0,2.0,0.0,3.0,1.0,2.0,2.0,30.0,0.12,0.0,62.0,1.0,7.0,8.0,2.0,5.38,1.0,1.0,0.0,6.0,0.83,0.0,3.0,1.0,1
0.0,0.0,1.0,2.0,0.0,1.0,1.0,1.0,1.0,10.0,27.0,0.36,0.0,89.0,2.0,1.0,6.0,2.0,1.75,1.0,1.0,0.0,5.0,1.0,0.0,2.0,2.0,0
0.0,0.0,1.0,1.0,0.0,0.0,2.0,3.0,1.0,2.0,17.0,0.22,0.0,66.0,2.0,0.0,11.0,2.0,3.94,1.0,1.0,0.0,6.0,0.83,0.0,2.0,2.0,0
0.0,1.0,1.0,3.0,0.0,1.0,2.0,3.0,0.0,9.0,23.0,0.26,0.0,64.0,1.0,0.0,11.0,2.0,3.96,0.0,0.0,0.0,5.0,1.0,0.0,3.0,1.0,0
0.0,0.0,1.0,0.0,0.0,6.0,1.0,1.0,0.0,0.0,2.0,1.06,0.0,0.0,1.0,0.0,3.0,2.0,1.5,1.0,8.0,0.0,2.0,1.0,0.0,2.0,0.0,0
0.0,0.0,1.0,0.0,0.0,0.0,1.0,1.0,0.0,0.0,2.0,1.62,0.0,0.0,1.0,0.0,0.0,2.0,1.5,1.0,2.0,0.0,2.0,1.0,0.0,1.0,0.0,0
0.0,0.0,1.0,0.0,0.0,1.0,1.0,1.0,2.0,3.0,18.0,0.49,0.0,75.0,1.0,1.0,9.0,2.0,1.7,0.0,0.0,0.0,8.0,0.5,0.0,2.0,0.0,1
0.0,0.0,1.0,0.0,0.0,3.0,1.0,1.0,0.0,0.0,2.0,0.96,0.0,0.0,1.0,0.0,2.0,2.0,1.5,1.0,8.0,0.0,2.0,1.0,0.0,2.0,0.0,0
0.0,6.0,1.0,0.0,0.0,0.0,2.0,1.0,0.0,2.0,0.0,0.38,0.0,33.0,1.0,0.0,3.0,1.0,3.5,1.0,1.0,0.0,4.0,0.75,0.0,2.0,0.0,0
0.0,9.0,1.0,0.0,0.0,2.0,1.0,1.0,0.0,0.0,0.0,2.15,0.0,0.0,2.0,1.0,0.0,1.0,0.0,0.0,0.0,0.0,4.0,1.0,0.0,3.0,0.0,0
0.0,0.0,1.0,0.0,0.0,0.0,2.0,1.0,1.0,0.0,0.0,0.67,4.0,0.0,2.0,0.0,6.0,1.0,2.0,2.0,7.0,1.0,3.0,0.67,0.0,2.0,1.0,0
1.0,2.0,1.0,1.0,0.0,0.0,2.0,3.0,1.0,22.0,38.0,0.11,1.0,92.0,1.0,0.0,11.0,2.0,2.57,0.0,1.0,0.0,9.0,0.78,0.0,3.0,2.0,1
2.0,2.0,1.0,1.0,0.0,0.0,2.0,5.0,0.0,9.0,9.0,0.19,0.0,74.0,2.0,0.0,3.0,2.0,3.85,0.0,1.0,0.0,10.0,0.7,0.0,2.0,2.0,1
0.0,0.0,1.0,0.0,0.0,0.0,1.0,1.0,0.0,1.0,6.0,1.04,0.0,33.0,1.0,0.0,1.0,2.0,1.5,0.0,0.0,0.0,1.0,1.0,0.0,2.0,0.0,0
0.0,2.0,1.0,0.0,0.0,4.0,1.0,1.0,0.0,0.0,0.0,5.0,0.0,0.0,0.0,2.0,1.0,0.0,1.0,1.0,0.0,0.0,1.0,1.0,0.0,2.0,0.0,0
0.0,0.0,1.0,1.0,0.0,0.0,1.0,1.0,0.0,3.0,28.0,0.21,0.0,91.0,1.0,1.0,3.0,2.0,1.64,0.0,0.0,0.0,4.0,1.0,0.0,1.0,0.0,0
1.0,0.0,1.0,3.0,6.0,4.0,2.0,1.0,4.0,0.0,13.0,0.7,0.0,94.0,1.0,8.0,10.0,1.0,5.94,1.0,1.0,0.0,6.0,1.0,0.0,2.0,1.0,0
0.0,4.0,1.0,0.0,0.0,4.0,1.0,1.0,0.0,0.0,0.0,3.55,0.0,0.0,1.0,3.0,2.0,1.0,8.25,1.0,0.0,0.0,3.0,1.0,0.0,3.0,0.0,0
0.0,0.0,1.0,0.0,0.0,0.0,1.0,1.0,0.0,1.0,7.0,0.68,0.0,0.0,1.0,0.0,2.0,2.0,1.29,1.0,1.0,0.0,1.0,1.0,0.0,3.0,0.0,0
0.0,0.0,1.0,1.0,0.0,0.0,1.0,3.0,5.0,5.0,11.0,0.29,0.0,78.0,3.0,0.0,12.0,2.0,1.75,0.0,0.0,0.0,4.0,1.0,0.0,2.0,0.0,0
0.0,0.0,1.0,0.0,0.0,3.0,1.0,1.0,0.0,1.0,3.0,2.62,0.0,0.0,1.0,0.0,0.0,2.0,1.33,1.0,1.0,0.0,1.0,1.0,0.0,4.0,0.0,0
0.0,3.0,1.0,0.0,0.0,4.0,1.0,1.0,0.0,0.0,0.0,5.83,0.0,0.0,0.0,1.0,0.0,0.0,2.0,0.0,0.0,0.0,1.0,1.0,0.0,4.0,0.0,0
0.0,0.0,1.0,0.0,0.0,2.0,2.0,1.0,1.0,1.0,5.0,0.65,0.0,66.0,1.0,0.0,2.0,1.0,8.0,2.0,0.0,0.0,3.0,1.0,0.0,2.0,1.0,0
0.0,6.0,1.0,0.0,0.0,3.0,1.0,1.0,0.0,0.0,0.0,3.08,0.0,0.0,0.0,5.0,1.0,0.0,7.0,0.0,0.0,0.0,2.0,1.0,0.0,2.0,0.0,0
0.0,0.0,1.0,1.0,0.0,0.0,1.0,2.0,0.0,4.0,9.0,0.35,0.0,59.0,1.0,0.0,3.0,4.0,1.78,0.0,1.0,0.0,4.0,1.0,0.0,1.0,0.0,0
0.0,0.0,1.0,0.0,0.0,1.0,1.0,1.0,0.0,1.0,5.0,1.52,0.0,40.0,2.0,0.0,0.0,3.0,0.6,0.0,1.0,0.0,1.0,1.0,0.0,3.0,0.0,0
0.0,0.0,1.0,0.0,2.0,2.0,2.0,1.0,0.0,5.0,61.0,0.23,3.0,78.0,5.0,3.0,12.0,1.0,3.23,0.0,2.0,0.0,7.0,0.86,0.0,2.0,3.0,1
0.0,0.0,1.0,0.0,2.0,6.0,3.0,1.0,0.0,0.0,11.0,0.25,6.0,0.0,6.0,3.0,12.0,1.0,0.55,0.0,2.0,0.0,3.0,1.0,0.0,2.0,2.0,0
0.0,0.0,1.0,0.0,0.0,0.0,1.0,1.0,4.0,0.0,0.0,0.49,0.0,0.0,3.0,0.0,4.0,1.0,1.75,1.0,4.0,0.0,3.0,1.0,0.0,2.0,0.0,0
0.0,0.0,1.0,1.0,0.0,4.0,2.0,1.0,2.0,3.0,1.0,0.62,2.0,41.0,2.0,1.0,3.0,1.0,3.33,0.0,1.0,0.0,2.0,1.0,0.0,3.0,0.0,0
0.0,0.0,1.0,1.0,2.0,0.0,1.0,1.0,2.0,2.0,3.0,0.28,1.0,80.0,5.0,2.0,10.0,1.0,1.8,0.0,2.0,0.0,2.0,1.0,0.0,3.0,0.0,0
0.0,0.0,1.0,0.0,0.0,0.0,2.0,1.0,3.0,1.0,1.0,0.47,1.0,50.0,3.0,1.0,3.0,1.0,1.25,1.0,1.0,0.0,2.0,1.0,0.0,2.0,0.0,0
0.0,0.0,1.0,0.0,0.0,3.0,3.0,1.0,3.0,6.0,2.0,0.41,0.0,70.0,2.0,1.0,3.0,1.0,3.2,0.0,1.0,0.0,1.0,1.0,0.0,1.0,0.0,0
0.0,0.0,1.0,1.0,0.0,1.0,1.0,1.0,2.0,1.0,2.0,0.4,2.0,50.0,2.0,0.0,0.0,1.0,2.0,0.0,1.0,0.0,4.0,0.75,0.0,2.0,0.0,0
0.0,0.0,1.0,0.0,0.0,0.0,1.0,1.0,1.0,0.0,2.0,0.83,0.0,0.0,2.0,0.0,1.0,1.0,1.33,0.0,3.0,0.0,1.0,1.0,0.0,1.0,0.0,0
0.0,0.0,1.0,0.0,1.0,0.0,2.0,1.0,2.0,0.0,7.0,0.39,0.0,0.0,2.0,0.0,2.0,1.0,0.22,0.0,1.0,0.0,2.0,1.0,0.0,3.0,0.0,0
0.0,0.0,1.0,1.0,0.0,0.0,1.0,1.0,0.0,0.0,1.0,1.12,2.0,0.0,2.0,0.0,2.0,1.0,1.0,1.0,8.0,0.0,2.0,1.0,0.0,2.0,0.0,0
0.0,0.0,1.0,0.0,0.0,0.0,2.0,1.0,2.0,1.0,0.0,1.17,0.0,0.0,3.0,3.0,0.0,1.0,1.0,1.0,2.0,0.0,2.0,0.5,0.0,1.0,1.0,0
1.0,0.0,1.0,1.0,0.0,2.0,1.0,1.0,2.0,0.0,7.0,0.2,8.0,90.0,2.0,0.0,2.0,1.0,1.5,0.0,1.0,0.0,3.0,1.0,0.0,1.0,0.0,0
0.0,0.0,1.0,0.0,0.0,0.0,2.0,1.0,1.0,0.0,2.0,0.59,0.0,0.0,2.0,0.0,3.0,1.0,1.0,0.0,2.0,0.0,2.0,1.0,0.0,2.0,0.0,0
0.0,0.0,1.0,0.0,0.0,0.0,1.0,1.0,12.0,12.0,15.0,0.06,2.0,75.0,2.0,0.0,4.0,1.0,6.07,1.0,1.0,0.0,3.0,1.0,0.0,2.0,1.0,0
0.0,0.0,1.0,1.0,0.0,15.0,3.0,1.0,0.0,0.0,1.0,0.71,11.0,0.0,5.0,0.0,2.0,1.0,2.0,2.0,18.0,1.0,2.0,1.0,0.0,3.0,0.0,0
1.0,0.0,1.0,0.0,0.0,2.0,2.0,1.0,3.0,4.0,3.0,0.31,1.0,75.0,5.0,0.0,1.0,1.0,2.86,0.0,1.0,0.0,3.0,1.0,0.0,2.0,1.0,0
2.0,0.0,1.0,0.0,1.0,7.0,1.0,3.0,6.0,1.0,9.0,0.75,2.0,33.0,3.0,2.0,3.0,1.0,2.47,0.0,1.0,0.0,2.0,1.0,0.0,2.0,1.0,0
0.0,0.0,1.0,1.0,0.0,5.0,1.0,1.0,3.0,2.0,1.0,1.11,0.0,58.0,5.0,0.0,0.0,1.0,2.5,0.0,1.0,0.0,3.0,1.0,0.0,3.0,0.0,0
0.0,0.0,1.0,0.0,0.0,3.0,1.0,1.0,1.0,0.0,0.0,2.0,0.0,0.0,4.0,2.0,1.0,1.0,1.0,1.0,4.0,0.0,1.0,1.0,0.0,3.0,0.0,0
0.0,0.0,1.0,1.0,0.0,1.0,2.0,1.0,6.0,2.0,0.0,0.44,0.0,61.0,2.0,2.0,2.0,1.0,2.67,1.0,1.0,0.0,2.0,1.0,0.0,3.0,0.0,0
0.0,4.0,1.0,1.0,0.0,2.0,2.0,1.0,2.0,4.0,4.0,0.53,0.0,68.0,2.0,0.0,5.0,1.0,2.5,0.0,1.0,0.0,5.0,0.6,0.0,2.0,0.0,1
0.0,0.0,1.0,1.0,2.0,0.0,2.0,2.0,4.0,6.0,5.0,0.25,1.0,89.0,5.0,0.0,8.0,2.0,2.67,0.0,2.0,0.0,6.0,0.67,0.0,2.0,1.0,1
0.0,0.0,1.0,0.0,0.0,0.0,1.0,1.0,1.0,0.0,1.0,0.84,2.0,0.0,3.0,0.0,3.0,1.0,2.0,0.0,2.0,0.0,2.0,0.5,0.0,4.0,0.0,0
0.0,0.0,1.0,0.0,0.0,0.0,1.0,1.0,1.0,0.0,0.0,2.5,0.0,0.0,3.0,0.0,0.0,1.0,0.0,0.0,1.0,0.0,1.0,1.0,0.0,3.0,0.0,0
0.0,0.0,1.0,1.0,0.0,0.0,1.0,1.0,1.0,0.0,1.0,1.71,0.0,100.0,5.0,0.0,1.0,1.0,1.0,0.0,1.0,0.0,3.0,1.0,0.0,2.0,0.0,0
0.0,0.0,1.0,1.0,0.0,0.0,2.0,1.0,1.0,0.0,1.0,0.89,1.0,100.0,5.0,0.0,1.0,1.0,1.5,1.0,2.0,0.0,3.0,0.67,0.0,3.0,0.0,0
0.0,0.0,1.0,1.0,0.0,0.0,1.0,1.0,1.0,0.0,1.0,1.62,0.0,100.0,5.0,0.0,1.0,1.0,1.0,0.0,2.0,0.0,3.0,1.0,0.0,2.0,0.0,0
0.0,0.0,1.0,1.0,0.0,0.0,2.0,1.0,1.0,0.0,1.0,0.63,1.0,100.0,5.0,0.0,2.0,1.0,1.0,0.0,3.0,0.0,3.0,1.0,0.0,2.0,1.0,0
0.0,0.0,1.0,1.0,0.0,0.0,1.0,1.0,1.0,0.0,1.0,1.73,0.0,100.0,6.0,0.0,1.0,1.0,1.0,0.0,2.0,0.0,3.0,1.0,0.0,2.0,0.0,0
0.0,0.0,1.0,1.0,0.0,0.0,1.0,1.0,1.0,0.0,1.0,1.62,0.0,100.0,5.0,0.0,1.0,1.0,1.0,0.0,3.0,0.0,3.0,1.0,0.0,2.0,0.0,0
0.0,0.0,1.0,1.0,0.0,0.0,1.0,1.0,1.0,0.0,1.0,1.73,0.0,100.0,5.0,0.0,1.0,1.0,1.0,0.0,3.0,0.0,3.0,1.0,0.0,2.0,0.0,0
0.0,0.0,1.0,1.0,0.0,0.0,1.0,1.0,1.0,0.0,1.0,1.53,0.0,100.0,5.0,0.0,1.0,1.0,1.0,0.0,2.0,0.0,3.0,1.0,0.0,2.0,0.0,0
0.0,0.0,1.0,1.0,0.0,0.0,1.0,1.0,1.0,0.0,1.0,1.86,0.0,100.0,6.0,0.0,1.0,1.0,1.0,0.0,1.0,0.0,3.0,1.0,0.0,1.0,0.0,0
0.0,0.0,1.0,0.0,0.0,0.0,1.0,1.0,1.0,0.0,0.0,2.18,1.0,0.0,4.0,23.0,1.0,1.0,24.0,24.0,3.0,0.0,2.0,1.0,0.0,1.0,0.0,0
0.0,0.0,1.0,1.0,0.0,0.0,1.0,1.0,1.0,0.0,1.0,1.35,0.0,100.0,5.0,0.0,1.0,1.0,1.0,0.0,2.0,0.0,3.0,1.0,0.0,2.0,0.0,0
0.0,0.0,1.0,1.0,0.0,0.0,1.0,1.0,1.0,0.0,1.0,1.59,0.0,100.0,4.0,0.0,1.0,1.0,1.0,0.0,2.0,0.0,3.0,1.0,0.0,1.0,0.0,0
0.0,0.0,1.0,0.0,0.0,0.0,2.0,1.0,1.0,0.0,0.0,0.51,1.0,0.0,5.0,1.0,3.0,1.0,3.0,3.0,35.0,1.0,2.0,1.0,0.0,1.0,0.0,0
0.0,0.0,1.0,1.0,0.0,0.0,1.0,1.0,1.0,0.0,1.0,1.8,0.0,100.0,5.0,0.0,1.0,1.0,1.0,0.0,3.0,0.0,3.0,1.0,0.0,1.0,0.0,0
0.0,0.0,1.0,1.0,0.0,0.0,1.0,1.0,1.0,0.0,1.0,1.59,0.0,100.0,5.0,0.0,1.0,1.0,1.0,0.0,3.0,0.0,3.0,1.0,0.0,1.0,0.0,0
0.0,0.0,1.0,1.0,0.0,0.0,1.0,1.0,1.0,0.0,1.0,1.59,0.0,100.0,5.0,0.0,1.0,1.0,1.0,0.0,3.0,0.0,3.0,1.0,0.0,1.0,0.0,0
0.0,0.0,1.0,1.0,0.0,0.0,2.0,1.0,1.0,0.0,1.0,0.75,0.0,100.0,5.0,0.0,1.0,1.0,1.0,0.0,2.0,0.0,3.0,1.0,0.0,1.0,1.0,0
0.0,0.0,1.0,0.0,0.0,0.0,1.0,1.0,1.0,0.0,0.0,1.33,0.0,0.0,3.0,0.0,1.0,1.0,0.0,0.0,4.0,0.0,1.0,1.0,0.0,3.0,0.0,0
0.0,0.0,1.0,0.0,0.0,0.0,1.0,1.0,1.0,0.0,0.0,1.73,0.0,0.0,4.0,0.0,2.0,1.0,2.0,2.0,4.0,0.0,2.0,1.0,0.0,3.0,0.0,0
0.0,0.0,1.0,0.0,0.0,0.0,1.0,1.0,1.0,0.0,0.0,1.58,0.0,0.0,4.0,0.0,1.0,1.0,4.0,4.0,3.0,0.0,1.0,1.0,0.0,3.0,0.0,0
0.0,0.0,1.0,0.0,0.0,0.0,2.0,1.0,1.0,1.0,1.0,0.74,0.0,0.0,2.0,0.0,3.0,1.0,1.5,1.0,2.0,0.0,2.0,1.0,0.0,2.0,0.0,0
2.0,0.0,1.0,0.0,0.0,1.0,1.0,3.0,3.0,4.0,6.0,0.22,2.0,61.0,5.0,0.0,14.0,2.0,4.09,0.0,2.0,0.0,3.0,1.0,0.0,1.0,0.0,0
0.0,0.0,1.0,1.0,0.0,2.0,2.0,1.0,3.0,3.0,1.0,0.61,0.0,81.0,3.0,0.0,0.0,1.0,1.75,0.0,2.0,0.0,3.0,1.0,0.0,2.0,0.0,0
0.0,0.0,1.0,0.0,0.0,0.0,1.0,1.0,1.0,0.0,0.0,3.33,0.0,0.0,3.0,0.0,2.0,1.0,0.0,0.0,2.0,0.0,1.0,1.0,0.0,2.0,0.0,0
0.0,0.0,1.0,1.0,2.0,0.0,1.0,1.0,2.0,0.0,2.0,0.87,0.0,75.0,6.0,0.0,2.0,1.0,1.25,0.0,2.0,0.0,3.0,1.0,0.0,2.0,0.0,0
0.0,0.0,1.0,1.0,0.0,0.0,1.0,1.0,2.0,0.0,2.0,0.44,0.0,50.0,2.0,0.0,7.0,1.0,2.5,1.0,2.0,0.0,2.0,1.0,0.0,3.0,0.0,0
0.0,0.0,1.0,0.0,0.0,0.0,1.0,1.0,4.0,0.0,20.0,0.13,2.0,0.0,2.0,0.0,6.0,1.0,1.88,0.0,2.0,0.0,2.0,1.0,0.0,2.0,1.0,0
0.0,0.0,1.0,1.0,0.0,0.0,1.0,2.0,0.0,3.0,9.0,0.37,0.0,71.0,1.0,0.0,1.0,2.0,1.89,1.0,0.0,0.0,4.0,0.75,0.0,3.0,0.0,0
0.0,0.0,1.0,0.0,0.0,6.0,1.0,1.0,0.0,0.0,7.0,1.25,1.0,0.0,3.0,0.0,1.0,1.0,0.0,0.0,1.0,0.0,3.0,0.33,0.0,4.0,0.0,1
0.0,0.0,1.0,1.0,0.0,3.0,1.0,1.0,6.0,3.0,0.0,0.68,2.0,66.0,4.0,12.0,1.0,1.0,6.33,1.0,1.0,0.0,3.0,1.0,0.0,3.0,0.0,0
0.0,0.0,1.0,0.0,0.0,0.0,1.0,1.0,1.0,0.0,0.0,3.33,0.0,0.0,4.0,0.0,0.0,1.0,0.0,0.0,1.0,0.0,1.0,1.0,0.0,3.0,0.0,0
0.0,0.0,1.0,1.0,0.0,0.0,1.0,2.0,3.0,1.0,5.0,0.45,0.0,50.0,2.0,0.0,4.0,2.0,0.75,0.0,0.0,0.0,3.0,1.0,0.0,3.0,0.0,0
0.0,0.0,1.0,0.0,0.0,0.0,1.0,1.0,1.0,0.0,0.0,1.78,0.0,0.0,4.0,0.0,0.0,1.0,0.0,0.0,3.0,0.0,2.0,0.5,0.0,1.0,1.0,0
0.0,0.0,1.0,1.0,0.0,1.0,1.0,1.0,2.0,1.0,0.0,0.86,1.0,25.0,4.0,0.0,6.0,1.0,1.5,1.0,6.0,0.0,2.0,1.0,0.0,2.0,0.0,0
0.0,0.0,1.0,0.0,0.0,0.0,1.0,1.0,2.0,1.0,0.0,0.94,0.0,100.0,6.0,0.0,1.0,1.0,0.5,0.0,3.0,0.0,2.0,1.0,0.0,1.0,0.0,0
0.0,0.0,1.0,1.0,0.0,0.0,2.0,1.0,1.0,1.0,1.0,0.65,0.0,25.0,3.0,0.0,6.0,1.0,7.5,6.0,3.0,0.0,2.0,1.0,0.0,2.0,0.0,0
0.0,0.0,1.0,0.0,0.0,0.0,1.0,1.0,1.0,1.0,6.0,0.65,0.0,57.0,5.0,0.0,4.0,1.0,1.71,1.0,1.0,0.0,2.0,1.0,0.0,2.0,0.0,0
0.0,0.0,1.0,1.0,0.0,0.0,1.0,2.0,3.0,1.0,1.0,0.43,1.0,50.0,4.0,0.0,11.0,2.0,2.5,2.0,1.0,0.0,2.0,1.0,0.0,2.0,0.0,0
1.0,0.0,1.0,0.0,1.0,0.0,1.0,1.0,0.0,0.0,1.0,1.0,0.0,0.0,1.0,0.0,3.0,1.0,1.5,0.0,1.0,0.0,3.0,1.0,0.0,2.0,0.0,0
0.0,0.0,1.0,3.0,0.0,0.0,1.0,1.0,0.0,4.0,22.0,0.22,0.0,86.0,2.0,0.0,1.0,1.0,1.32,0.0,0.0,0.0,3.0,1.0,0.0,1.0,0.0,0
0.0,0.0,1.0,0.0,0.0,0.0,1.0,1.0,0.0,1.0,6.0,0.65,0.0,33.0,2.0,0.0,0.0,1.0,0.83,0.0,1.0,0.0,2.0,1.0,0.0,1.0,0.0,0
0.0,0.0,1.0,3.0,0.0,0.0,1.0,1.0,0.0,2.0,5.0,0.64,0.0,68.0,6.0,0.0,1.0,1.0,2.6,2.0,1.0,0.0,2.0,1.0,0.0,1.0,0.0,0
0.0,0.0,1.0,0.0,0.0,0.0,1.0,1.0,0.0,1.0,27.0,0.47,0.0,92.0,2.0,0.0,0.0,1.0,0.15,0.0,0.0,0.0,3.0,1.0,0.0,1.0,0.0,0
0.0,0.0,1.0,2.0,0.0,5.0,3.0,1.0,0.0,0.0,1.0,0.67,0.0,0.0,3.0,0.0,0.0,1.0,4.0,4.0,17.0,1.0,3.0,0.67,0.0,2.0,1.0,0
0.0,0.0,1.0,4.0,0.0,4.0,5.0,1.0,0.0,1.0,3.0,0.47,5.0,19.0,5.0,1.0,1.0,1.0,4.67,2.0,4.0,1.0,1.0,1.0,0.0,2.0,0.0,0
0.0,0.0,1.0,0.0,0.0,1.0,3.0,1.0,2.0,1.0,1.0,0.42,2.0,33.0,6.0,0.0,7.0,1.0,2.0,1.0,2.0,1.0,4.0,1.0,0.0,2.0,1.0,0
0.0,0.0,1.0,0.0,0.0,0.0,1.0,1.0,1.0,0.0,0.0,2.71,0.0,0.0,4.0,0.0,0.0,1.0,0.0,0.0,2.0,0.0,2.0,1.0,0.0,2.0,0.0,0
0.0,0.0,1.0,1.0,0.0,10.0,1.0,1.0,0.0,0.0,1.0,0.48,15.0,0.0,3.0,0.0,1.0,1.0,3.0,3.0,20.0,0.0,3.0,1.0,0.0,2.0,0.0,0
0.0,0.0,1.0,1.0,0.0,3.0,1.0,1.0,1.0,2.0,6.0,0.27,3.0,42.0,3.0,2.0,1.0,1.0,3.57,0.0,1.0,0.0,5.0,0.8,0.0,2.0,0.0,0
0.0,0.0,1.0,0.0,0.0,2.0,2.0,1.0,3.0,2.0,0.0,0.53,0.0,33.0,6.0,0.0,2.0,1.0,2.0,2.0,2.0,1.0,2.0,1.0,0.0,2.0,0.0,0
0.0,0.0,1.0,0.0,0.0,12.0,1.0,1.0,0.0,0.0,2.0,0.98,7.0,0.0,2.0,0.0,1.0,1.0,1.5,0.0,2.0,0.0,2.0,1.0,0.0,1.0,1.0,0
0.0,0.0,1.0,0.0,0.0,4.0,1.0,1.0,2.0,0.0,1.0,1.5,0.0,0.0,2.0,0.0,1.0,1.0,0.0,0.0,1.0,0.0,3.0,1.0,0.0,2.0,0.0,0
0.0,0.0,1.0,0.0,0.0,0.0,1.0,1.0,1.0,0.0,7.0,0.51,0.0,0.0,2.0,0.0,2.0,1.0,0.88,0.0,1.0,0.0,1.0,1.0,0.0,3.0,0.0,0
1.0,0.0,1.0,0.0,0.0,1.0,1.0,1.0,0.0,0.0,2.0,0.47,1.0,0.0,2.0,0.0,0.0,1.0,1.33,1.0,1.0,0.0,1.0,1.0,0.0,2.0,0.0,0
1.0,0.0,1.0,1.0,0.0,3.0,2.0,1.0,3.0,7.0,5.0,0.58,1.0,66.0,1.0,2.0,3.0,2.0,4.22,1.0,1.0,0.0,2.0,1.0,0.0,1.0,0.0,0
0.0,0.0,1.0,0.0,0.0,6.0,2.0,1.0,0.0,1.0,2.0,1.52,1.0,0.0,1.0,0.0,1.0,2.0,3.0,3.0,1.0,0.0,2.0,1.0,0.0,1.0,0.0,0
1.0,0.0,2.0,15.0,0.0,0.0,4.0,1.0,6.0,19.0,5.0,0.07,2.0,85.0,1.0,0.0,2.0,2.0,6.83,0.0,2.0,0.0,3.0,0.67,0.0,1.0,1.0,0
1.0,0.0,2.0,3.0,0.0,0.0,4.0,1.0,0.0,10.0,5.0,0.14,2.0,58.0,1.0,0.0,2.0,2.0,6.17,2.0,2.0,0.0,3.0,0.67,0.0,1.0,1.0,0
1.0,0.0,1.0,0.0,0.0,0.0,4.0,2.0,17.0,5.0,12.0,0.05,1.0,90.0,3.0,2.0,0.0,2.0,2.23,0.0,0.0,0.0,2.0,1.0,0.0,1.0,0.0,0
0.0,0.0,3.0,0.0,0.0,0.0,3.0,1.0,0.0,1.0,2.0,0.43,0.0,0.0,1.0,0.0,2.0,2.0,2.0,1.0,2.0,0.0,2.0,1.0,0.0,1.0,0.0,0
1.0,3.0,2.0,0.0,1.0,2.0,4.0,4.0,2.0,21.0,6.0,0.21,2.0,76.0,2.0,2.0,5.0,2.0,5.33,1.0,1.0,0.0,3.0,1.0,0.0,2.0,0.0,0
1.0,0.0,1.0,0.0,2.0,0.0,4.0,1.0,3.0,4.0,2.0,0.29,1.0,70.0,2.0,1.0,0.0,1.0,4.67,1.0,1.0,0.0,2.0,1.0,0.0,2.0,0.0,0
0.0,0.0,1.0,3.0,0.0,0.0,2.0,1.0,4.0,4.0,11.0,0.27,0.0,90.0,5.0,0.0,6.0,1.0,2.0,0.0,0.0,0.0,2.0,1.0,0.0,2.0,1.0,0
0.0,0.0,1.0,0.0,0.0,0.0,1.0,1.0,2.0,8.0,17.0,0.24,0.0,84.0,3.0,0.0,0.0,1.0,1.58,0.0,1.0,0.0,3.0,1.0,0.0,2.0,0.0,0
0.0,0.0,1.0,1.0,0.0,0.0,1.0,1.0,2.0,0.0,1.0,0.86,0.0,66.0,6.0,0.0,3.0,1.0,1.33,0.0,1.0,0.0,2.0,1.0,0.0,2.0,0.0,0
0.0,0.0,1.0,0.0,0.0,9.0,1.0,1.0,0.0,1.0,1.0,0.35,15.0,100.0,2.0,0.0,3.0,1.0,4.0,4.0,20.0,0.0,2.0,1.0,0.0,2.0,0.0,0
0.0,0.0,1.0,0.0,0.0,0.0,1.0,1.0,0.0,2.0,6.0,0.79,0.0,50.0,1.0,0.0,0.0,2.0,2.33,0.0,1.0,0.0,1.0,1.0,0.0,1.0,1.0,0
1.0,0.0,1.0,2.0,0.0,2.0,1.0,1.0,0.0,4.0,9.0,0.6,0.0,83.0,1.0,0.0,3.0,6.0,2.6,0.0,1.0,0.0,2.0,1.0,0.0,3.0,0.0,0
0.0,0.0,1.0,0.0,0.0,0.0,1.0,1.0,0.0,0.0,6.0,0.82,0.0,0.0,1.0,0.0,1.0,4.0,0.5,0.0,1.0,0.0,1.0,1.0,0.0,3.0,0.0,0
1.0,0.0,1.0,0.0,0.0,4.0,1.0,1.0,0.0,2.0,40.0,1.25,0.0,91.0,1.0,0.0,2.0,4.0,1.85,0.0,0.0,0.0,2.0,1.0,0.0,2.0,1.0,0
0.0,44.0,1.0,0.0,0.0,0.0,1.0,1.0,0.0,0.0,0.0,0.63,0.0,0.0,2.0,1.0,1.0,1.0,0.39,0.0,1.0,0.0,2.0,0.5,0.0,1.0,1.0,1
6.0,0.0,1.0,3.0,1.0,0.0,1.0,1.0,1.0,7.0,27.0,0.14,0.0,84.0,2.0,0.0,2.0,1.0,3.15,0.0,1.0,0.0,2.0,1.0,0.0,2.0,1.0,0
12.0,0.0,1.0,0.0,0.0,0.0,2.0,2.0,1.0,3.0,6.0,0.12,0.0,57.0,2.0,0.0,4.0,2.0,2.84,0.0,1.0,0.0,3.0,0.67,0.0,2.0,2.0,1
1.0,0.0,1.0,0.0,0.0,0.0,2.0,1.0,5.0,8.0,1.0,0.24,1.0,78.0,2.0,0.0,6.0,1.0,3.43,0.0,1.0,0.0,1.0,1.0,0.0,1.0,0.0,0
0.0,0.0,1.0,0.0,0.0,0.0,3.0,1.0,0.0,0.0,1.0,0.84,5.0,0.0,3.0,0.0,3.0,1.0,5.0,5.0,8.0,2.0,1.0,1.0,0.0,1.0,0.0,0
0.0,0.0,1.0,0.0,0.0,0.0,1.0,1.0,0.0,5.0,13.0,0.33,0.0,80.0,3.0,0.0,0.0,2.0,2.08,0.0,1.0,0.0,1.0,1.0,0.0,1.0,0.0,0
0.0,0.0,1.0,0.0,0.0,0.0,1.0,1.0,0.0,2.0,7.0,0.59,0.0,50.0,1.0,0.0,0.0,1.0,2.71,1.0,1.0,0.0,1.0,1.0,0.0,1.0,0.0,0
0.0,2.0,1.0,0.0,0.0,2.0,1.0,1.0,0.0,0.0,0.0,4.0,0.0,0.0,2.0,1.0,1.0,1.0,2.0,1.0,0.0,0.0,1.0,1.0,0.0,2.0,0.0,0
0.0,0.0,1.0,0.0,0.0,0.0,1.0,1.0,0.0,0.0,2.0,3.33,0.0,0.0,1.0,3.0,0.0,1.0,1.0,1.0,0.0,0.0,1.0,1.0,0.0,2.0,0.0,0
0.0,0.0,1.0,0.0,0.0,0.0,2.0,1.0,0.0,2.0,4.0,0.47,0.0,50.0,1.0,0.0,2.0,2.0,2.25,0.0,1.0,0.0,1.0,1.0,0.0,2.0,0.0,0
0.0,0.0,1.0,0.0,0.0,0.0,1.0,1.0,0.0,3.0,3.0,0.8,0.0,11.0,2.0,2.0,4.0,1.0,4.33,3.0,1.0,0.0,1.0,1.0,0.0,2.0,0.0,0
0.0,0.0,1.0,0.0,0.0,0.0,1.0,1.0,0.0,1.0,3.0,0.91,0.0,33.0,3.0,0.0,5.0,1.0,3.33,3.0,2.0,0.0,1.0,1.0,0.0,2.0,0.0,0
0.0,0.0,1.0,0.0,0.0,0.0,1.0,1.0,1.0,2.0,3.0,0.66,1.0,25.0,3.0,2.0,5.0,1.0,4.25,3.0,2.0,0.0,1.0,1.0,0.0,2.0,0.0,0
0.0,0.0,1.0,1.0,1.0,0.0,2.0,2.0,6.0,7.0,11.0,0.16,1.0,85.0,2.0,2.0,11.0,2.0,3.0,0.0,0.0,0.0,2.0,1.0,0.0,1.0,0.0,0
0.0,0.0,1.0,0.0,0.0,0.0,1.0,1.0,0.0,0.0,1.0,2.67,0.0,0.0,3.0,0.0,0.0,1.0,0.0,0.0,2.0,0.0,1.0,1.0,0.0,1.0,0.0,0
0.0,0.0,1.0,4.0,0.0,0.0,1.0,1.0,0.0,6.0,12.0,0.51,0.0,90.0,3.0,0.0,0.0,1.0,1.92,1.0,1.0,0.0,2.0,1.0,0.0,1.0,0.0,0
0.0,3.0,1.0,0.0,0.0,0.0,1.0,1.0,0.0,0.0,0.0,2.29,0.0,0.0,0.0,2.0,0.0,0.0,0.33,0.0,0.0,0.0,2.0,1.0,0.0,1.0,0.0,0
0.0,0.0,1.0,2.0,0.0,0.0,1.0,1.0,2.0,1.0,0.0,0.89,0.0,66.0,1.0,2.0,3.0,2.0,4.5,4.0,1.0,0.0,2.0,1.0,0.0,1.0,1.0,0
0.0,0.0,1.0,14.0,0.0,3.0,6.0,1.0,1.0,1.0,2.0,0.17,5.0,64.0,1.0,0.0,1.0,2.0,7.33,1.0,3.0,1.0,3.0,1.0,0.0,1.0,1.0,0
0.0,0.0,1.0,0.0,0.0,0.0,1.0,1.0,5.0,8.0,17.0,0.17,0.0,86.0,2.0,2.0,2.0,2.0,1.82,1.0,0.0,0.0,1.0,1.0,0.0,1.0,0.0,0
0.0,0.0,1.0,0.0,0.0,0.0,2.0,1.0,1.0,2.0,2.0,0.57,0.0,33.0,3.0,0.0,3.0,1.0,3.33,1.0,1.0,0.0,1.0,1.0,0.0,1.0,0.0,0
0.0,0.0,1.0,0.0,0.0,2.0,2.0,3.0,2.0,4.0,3.0,1.12,0.0,66.0,2.0,0.0,2.0,2.0,2.0,0.0,1.0,0.0,3.0,0.67,0.0,2.0,0.0,0
0.0,0.0,1.0,0.0,0.0,0.0,2.0,1.0,4.0,10.0,20.0,0.19,0.0,88.0,2.0,0.0,3.0,2.0,1.79,1.0,1.0,0.0,2.0,1.0,0.0,2.0,0.0,0
0.0,0.0,1.0,1.0,0.0,0.0,3.0,1.0,1.0,0.0,0.0,0.83,2.0,0.0,2.0,0.0,0.0,1.0,2.0,2.0,8.0,1.0,2.0,1.0,0.0,2.0,0.0,0
0.0,0.0,1.0,0.0,0.0,0.0,1.0,1.0,0.0,1.0,7.0,0.51,0.0,14.0,2.0,1.0,10.0,1.0,1.29,1.0,1.0,0.0,2.0,1.0,0.0,2.0,0.0,0
0.0,0.0,1.0,0.0,0.0,0.0,1.0,1.0,5.0,3.0,11.0,0.32,0.0,77.0,1.0,9.0,3.0,1.0,3.56,1.0,1.0,0.0,1.0,1.0,0.0,2.0,0.0,0
0.0,0.0,1.0,0.0,1.0,0.0,2.0,1.0,1.0,0.0,1.0,1.4,0.0,0.0,3.0,0.0,2.0,1.0,0.5,0.0,3.0,0.0,1.0,1.0,0.0,2.0,0.0,0
0.0,0.0,1.0,0.0,0.0,0.0,1.0,1.0,2.0,2.0,6.0,0.48,0.0,68.0,1.0,2.0,0.0,2.0,2.12,1.0,1.0,0.0,2.0,1.0,0.0,2.0,0.0,0
0.0,0.0,1.0,0.0,1.0,0.0,2.0,1.0,1.0,1.0,6.0,0.39,0.0,42.0,3.0,0.0,1.0,1.0,2.14,0.0,1.0,0.0,2.0,1.0,0.0,2.0,1.0,0
0.0,2.82,1.0,0.0,0.0,0.06,1.12,1.0,0.12,0.06,0.06,2.18,0.12,2.02,0.37,1.88,0.43,0.06,0.44,0.06,0.12,0.06,2.12,1.0,0.0,1.06,0.06,0
0.0,0.75,1.0,0.0,0.0,1.24,1.25,1.0,0.0,0.0,1.74,2.6,0.5,0.0,0.75,0.75,2.49,0.25,1.39,0.75,0.25,0.0,1.25,1.0,0.0,1.75,0.25,0
0.0,0.0,1.0,0.55,0.0,0.0,1.0,1.0,0.55,0.45,12.78,1.08,0.0,96.37,3.09,0.0,0.55,1.0,0.61,0.0,1.09,0.0,3.0,1.0,0.0,1.0,0.0,0
0.0,0.0,1.0,0.25,0.0,3.75,1.0,1.0,0.25,0.49,6.75,1.16,1.49,10.36,3.0,0.49,3.26,1.0,2.82,0.0,1.0,0.0,2.74,0.95,0.0,1.25,0.75,0
0.0,0.0,1.0,0.81,0.0,0.0,1.0,1.0,1.62,4.05,16.18,0.28,0.0,47.78,2.62,2.0,8.37,1.19,3.24,0.81,1.0,0.0,2.0,1.0,0.0,1.81,1.62,0
0.0,0.0,1.0,1.42,0.0,0.0,1.0,1.58,2.16,0.58,5.42,0.6,0.0,67.6,2.42,0.0,2.74,2.0,7.14,0.0,0.42,0.0,2.58,1.0,0.0,3.0,0.0,0
0.0,0.24,0.03,0.0,0.0,0.05,0.03,1.0,0.0,0.0,0.0,3.95,0.0,0.0,1.03,1.0,0.0,1.0,0.0,0.0,0.0,0.0,1.08,1.0,0.0,2.03,0.0,0
0.0,3.78,1.0,0.0,0.0,0.0,1.76,1.76,0.0,7.04,13.41,0.24,0.0,69.35,1.24,0.0,3.02,1.0,2.68,0.76,0.76,0.0,3.76,0.81,0.0,1.0,0.76,0
0.0,0.0,1.0,0.42,0.0,0.42,1.0,1.0,0.0,2.67,22.82,0.56,0.0,88.24,1.58,0.0,1.25,1.42,4.22,0.0,0.42,0.0,4.25,0.79,0.0,2.25,0.0,0
1.17,1.17,1.0,0.58,0.0,0.0,1.58,3.34,0.0,11.49,16.07,0.21,0.0,78.99,1.58,0.0,4.66,2.0,3.01,0.0,1.0,0.0,7.51,0.72,0.0,2.0,1.58,1
0.0,0.79,1.0,0.0,0.0,0.83,1.0,1.0,0.0,0.0,1.45,4.35,0.21,0.0,0.62,1.59,1.45,0.21,1.33,0.79,0.21,0.0,1.21,1.0,0.0,2.79,0.21,0
0.55,0.0,1.0,0.45,0.0,1.11,2.0,1.89,2.11,3.11,9.26,0.27,0.55,70.98,3.66,0.0,5.47,1.45,3.34,0.45,1.0,0.0,4.34,0.93,0.0,2.0,1.45,0
0.0,0.0,1.0,0.0,0.0,4.74,1.47,1.0,1.42,1.0,1.0,0.41,8.37,76.33,2.47,0.47,3.0,1.0,2.7,2.58,11.0,0.0,2.0,1.0,0.0,2.0,0.0,0
1.0,2.92,1.97,0.0,0.97,1.95,3.95,3.92,1.97,20.46,5.95,0.22,1.97,75.3,1.97,1.95,4.97,2.0,5.27,1.03,1.0,0.0,2.97,1.0,0.0,2.0,0.0,0
0.0,0.62,1.0,0.0,0.0,0.62,1.0,1.0,1.38,5.52,11.74,1.4,0.0,58.01,2.69,0.31,0.31,1.0,1.71,0.31,0.69,0.0,2.38,1.0,0.0,2.0,0.0,0
0.0,0.87,1.0,0.0,0.0,3.49,1.0,1.0,0.0,0.0,0.25,4.79,0.0,0.0,0.13,1.25,0.0,0.13,1.0,1.0,0.87,0.0,1.0,1.0,0.0,1.13,0.0,0
0.0,0.23,1.0,0.0,0.0,3.54,1.23,1.0,0.0,0.92,9.29,0.75,0.77,14.91,2.54,0.0,8.92,1.23,2.8,0.0,0.77,0.0,2.92,0.96,0.0,2.0,0.77,0
0.0,0.0,1.0,1.0,0.0,0.23,1.77,1.0,0.77,0.23,3.07,0.87,0.77,89.67,4.31,0.0,2.38,1.0,2.51,1.0,1.77,0.0,3.0,0.74,0.0,2.77,0.0,0
0.0,0.0,1.0,0.0,0.99,0.03,2.0,1.0,0.99,0.0,1.04,1.4,0.01,0.0,3.0,0.0,2.03,1.0,0.51,0.0,2.99,0.0,1.01,1.0,0.0,1.99,0.01,0
0.0,0.0,1.0,0.67,0.0,0.22,1.22,1.45,2.23,1.45,18.65,0.26,0.0,22.31,1.0,0.22,2.67,2.0,1.59,1.0,1.0,0.0,4.22,1.0,0.0,2.0,1.0,0
0.0,3.95,1.0,0.0,0.0,5.7,1.0,1.0,0.0,0.0,0.0,3.51,0.0,0.0,0.95,5.8,5.7,0.95,1.2,0.95,0.0,0.0,2.0,1.0,0.0,3.85,0.0,0
0.0,0.0,1.0,0.0,0.0,0.0,2.0,1.99,0.99,1.98,3.97,0.45,0.02,49.43,1.02,0.0,2.98,1.99,2.38,1.0,1.14,0.0,3.01,1.0,0.0,2.01,0.0,0
0.0,0.0,1.0,0.92,0.0,4.92,1.0,1.0,2.76,1.84,1.48,1.17,0.08,53.35,4.92,0.4,0.32,1.0,2.79,0.0,1.0,0.0,2.92,1.0,0.0,3.0,0.0,0
0.0,0.0,1.0,1.58,0.0,1.15,2.0,1.85,2.73,3.73,16.42,0.38,0.0,75.21,1.42,0.0,5.82,2.0,3.83,0.42,1.0,0.0,4.85,0.93,0.0,2.0,1.42,0
0.95,0.96,1.0,0.0,0.0,4.09,1.0,1.0,0.0,1.91,38.18,1.47,0.0,86.85,0.95,0.09,2.0,3.82,2.17,0.05,0.0,0.0,2.09,0.99,0.0,2.0,0.95,0
0.0,1.28,1.0,0.0,0.0,3.08,1.36,1.0,0.0,0.0,2.53,2.79,0.72,0.0,2.36,0.64,2.45,1.0,2.21,0.64,0.36,0.0,1.36,1.0,0.0,2.36,0.0,0
0.0,0.0,1.0,0.0,0.0,0.94,2.31,1.0,3.0,2.56,1.31,0.45,0.69,56.23,2.69,1.0,3.0,1.0,1.86,0.69,1.0,0.0,1.69,1.0,0.0,1.69,0.0,0
0.0,0.0,1.0,0.66,0.0,0.0,1.0,1.0,0.78,0.44,1.1,2.74,0.0,14.95,3.66,0.0,1.78,1.0,0.57,0.44,1.78,0.0,1.22,1.0,0.0,1.78,0.0,0
0.0,0.0,1.0,0.09,0.0,0.0,1.0,1.0,0.0,0.0,5.53,0.85,0.19,0.0,1.09,0.0,1.09,3.72,0.55,0.09,1.65,0.0,1.09,1.0,0.0,2.91,0.0,0
0.0,0.0,1.0,0.0,0.0,0.17,1.35,1.0,0.35,1.0,2.65,0.82,0.35,33.0,3.52,0.0,5.35,1.0,3.1,2.65,2.0,0.17,1.52,1.0,0.0,2.0,0.17,0
0.0,0.0,1.0,0.52,0.0,1.91,1.0,1.0,0.52,0.0,3.86,1.47,0.48,52.3,3.57,0.0,2.43,1.0,1.75,0.0,2.05,0.0,2.52,1.0,0.0,1.52,0.48,0
0.0,0.0,1.0,0.0,0.0,0.0,1.0,1.0,0.83,0.79,8.91,0.54,0.42,26.13,2.0,0.0,1.25,1.0,1.05,0.0,1.21,0.0,2.0,1.0,0.0,1.21,0.21,0
0.0,0.0,1.0,0.0,0.0,7.28,1.0,1.0,1.72,1.57,3.87,0.85,6.4,77.65,2.0,0.0,3.0,1.0,2.79,2.28,9.11,0.0,1.43,1.0,0.0,1.43,0.0,0
0.88,0.0,1.0,0.88,0.12,0.0,2.88,1.0,0.24,3.52,3.48,0.26,0.88,44.05,1.12,0.0,10.81,1.88,5.75,5.29,4.52,0.0,3.76,0.78,0.0,3.0,0.0,0
0.0,0.0,1.0,0.0,0.0,2.37,1.0,1.0,0.41,0.0,7.0,0.72,0.59,0.0,2.59,0.0,5.55,1.0,1.88,0.0,1.0,0.0,1.59,1.0,0.0,2.41,0.59,0
0.0,0.0,1.0,0.0,0.0,2.3,1.0,1.0,0.0,1.08,7.0,0.8,0.46,27.04,1.92,0.0,3.21,1.0,2.65,0.54,1.0,0.0,1.46,1.0,0.0,1.0,0.46,0
0.0,0.0,1.0,0.14,0.0,0.14,1.86,1.86,0.86,2.43,5.99,0.48,0.0,55.11,1.14,0.0,3.71,1.86,3.36,1.0,1.0,0.0,2.86,1.0,0.0,2.14,0.0,0
0.4,0.4,1.0,0.81,0.81,2.39,1.4,5.43,2.01,0.4,31.97,0.9,0.6,38.66,2.4,4.03,7.22,1.4,3.78,0.0,0.6,0.0,3.21,0.92,0.0,1.4,1.4,0
0.09,0.0,1.0,0.91,0.0,0.0,1.27,2.91,6.06,5.0,11.09,0.27,0.09,79.06,3.0,0.18,10.94,2.0,1.79,0.0,0.0,0.0,3.82,1.0,0.0,1.91,0.0,0
0.0,0.0,1.0,0.87,0.0,0.0,1.0,1.0,2.39,1.52,2.77,1.42,0.25,96.83,4.62,0.0,1.38,1.0,1.64,0.13,2.75,0.0,3.0,1.0,0.0,2.0,0.13,0
0.94,0.0,1.0,0.0,0.0,1.18,1.0,1.0,0.0,0.0,2.3,0.51,1.12,0.0,2.0,0.0,0.24,1.0,1.41,0.94,1.0,0.0,1.06,1.0,0.0,1.94,0.0,0
0.0,3.26,1.0,0.0,0.0,0.0,1.65,1.65,0.35,5.86,6.21,0.4,0.7,40.37,1.7,0.0,3.65,1.0,2.98,0.65,1.35,0.0,3.3,0.66,0.0,2.05,0.65,0
0.0,0.44,1.0,3.34,0.0,0.0,1.0,1.0,0.0,1.67,6.12,2.64,0.0,49.55,0.56,0.89,1.67,1.11,4.34,0.44,0.56,0.0,1.56,1.0,0.0,3.0,0.0,0
0.76,0.0,1.0,0.0,1.52,0.95,3.29,1.0,2.29,3.05,3.19,0.68,1.0,53.34,2.24,0.76,0.95,1.0,4.17,0.76,1.0,0.0,2.0,1.0,0.0,2.24,0.0,0
1.0,0.0,1.0,1.93,4.58,2.58,2.71,1.0,3.64,1.42,9.09,0.55,0.36,85.46,1.36,5.51,6.44,1.0,5.49,1.0,1.0,0.0,4.58,1.0,0.0,2.0,0.64,0
0.0,0.0,1.0,0.0,0.0,0.8,1.0,1.0,0.8,4.18,12.54,0.52,0.0,60.04,2.2,0.0,1.02,1.0,3.42,1.41,1.2,0.0,1.0,1.0,0.0,1.2,1.59,0
0.0,0.0,1.0,0.0,0.0,5.13,1.0,1.0,0.0,0.13,4.75,2.29,0.87,0.0,2.75,1.75,1.75,1.13,4.97,4.5,1.0,0.0,1.87,1.0,0.0,1.87,0.0,0
0.0,0.0,1.0,1.9,0.0,6.64,1.95,1.0,2.9,0.95,6.05,1.16,0.95,76.86,2.0,0.0,0.1,1.0,2.36,0.95,1.0,0.0,1.0,1.0,0.0,1.1,0.0,0
0.0,0.0,1.0,0.0,0.0,0.0,1.35,1.35,1.0,0.69,1.38,2.33,0.0,17.28,2.96,0.0,1.04,1.35,0.83,0.35,1.0,0.0,1.69,1.0,0.0,2.65,0.0,0
0.0,0.94,1.0,0.69,0.0,0.0,1.0,1.0,0.0,0.0,0.69,1.49,1.37,0.0,1.37,0.63,1.37,0.69,0.79,0.69,5.48,0.0,2.0,1.0,0.0,1.69,0.0,0
0.09,0.0,1.0,2.73,4.55,1.27,1.91,1.91,0.0,1.09,15.42,0.51,0.0,90.09,1.91,0.91,2.0,2.18,1.92,0.0,0.91,0.0,4.73,0.82,0.0,2.0,1.91,0
0.0,1.59,1.0,0.0,0.0,3.73,1.0,1.0,0.0,0.0,5.14,1.68,0.73,0.0,2.2,1.33,3.94,0.73,3.75,0.0,0.73,0.0,2.0,1.0,0.0,1.27,0.73,0
0.0,0.0,1.0,0.0,0.0,0.0,1.32,1.0,1.64,1.0,4.41,0.59,0.32,54.77,4.36,0.32,3.68,1.0,1.57,1.0,1.0,0.0,2.0,1.0,0.0,2.0,0.0,0
0.0,0.0,1.0,0.0,0.0,6.69,1.92,1.0,0.0,0.16,2.31,1.17,0.0,3.2,1.16,0.08,0.0,1.92,2.41,1.84,4.69,0.0,2.0,1.0,0.0,2.16,0.0,0
0.0,0.25,1.0,0.75,1.5,0.0,1.0,1.0,1.5,1.5,2.25,1.51,0.75,59.98,3.75,2.0,7.5,0.75,1.6,0.25,1.5,0.0,1.75,1.0,0.0,3.0,0.0,0
0.81,0.0,1.0,0.81,3.25,1.75,1.81,1.0,0.0,0.0,3.44,0.99,0.0,48.78,1.0,0.0,2.37,1.19,2.44,0.0,1.0,0.0,3.63,1.0,0.0,2.81,0.0,0
0.44,3.35,1.0,0.0,0.0,0.88,2.0,1.0,1.32,2.88,1.32,0.35,0.44,51.53,2.76,0.0,2.12,1.0,3.22,0.56,1.0,0.0,3.56,0.86,0.0,2.0,0.44,0
0.0,0.0,1.0,0.61,0.0,0.0,1.0,1.61,2.21,0.61,3.03,0.8,0.0,30.32,2.39,0.0,2.82,1.61,0.45,0.0,1.57,0.0,2.21,1.0,0.0,3.0,0.0,0
0.0,0.12,1.0,0.0,0.0,3.12,1.88,1.0,0.0,4.39,1.75,1.42,0.88,35.09,0.88,0.12,0.88,0.88,4.07,1.88,2.75,0.0,2.75,1.0,0.0,2.75,0.0,0
0.0,0.0,1.0,0.08,0.0,5.69,1.08,1.0,0.23,0.23,1.92,1.03,0.0,6.29,1.16,0.0,2.77,1.92,1.52,0.92,7.53,0.0,2.08,1.0,0.0,2.0,0.0,0
0.36,0.0,1.0,0.36,0.0,0.0,2.36,1.0,1.27,2.09,1.09,0.83,0.36,18.18,2.27,1.91,4.36,1.36,3.0,2.82,3.09,0.0,2.73,0.59,0.0,1.73,0.64,0
0.0,20.02,1.0,0.0,0.0,5.72,1.0,1.0,0.0,0.0,0.09,5.83,0.0,0.0,0.05,1.91,1.91,0.09,8.47,1.0,0.09,0.0,3.91,0.76,0.0,1.95,0.0,0
0.8,0.0,0.4,0.0,0.4,2.81,0.4,1.8,2.41,0.4,3.61,2.69,0.8,13.25,1.8,1.4,1.2,1.0,0.99,0.0,0.4,0.0,1.4,1.0,0.0,2.0,0.4,0
0.0,0.0,1.0,0.67,0.0,0.67,1.0,1.0,2.67,0.67,1.33,0.43,1.33,33.34,2.33,0.0,1.33,1.0,1.92,0.33,2.0,0.0,3.67,0.83,0.0,2.0,0.0,0
0.0,0.0,1.0,0.0,0.0,1.46,1.0,1.0,0.71,0.0,0.29,2.62,0.0,0.0,2.42,0.0,1.17,1.29,0.0,0.0,1.0,0.0,1.29,1.0,0.0,2.71,0.0,0
0.0,0.0,1.0,0.0,0.0,0.94,1.06,1.0,2.06,2.87,16.92,0.49,0.06,73.41,1.13,1.0,8.62,1.94,1.67,0.06,0.06,0.0,7.62,0.53,0.0,2.0,0.0,1
0.0,0.78,1.0,0.0,0.0,0.0,1.22,1.22,0.22,3.57,3.22,0.55,0.0,30.44,1.0,0.78,3.0,2.0,2.87,1.0,1.0,0.0,2.22,1.0,0.0,2.0,0.0,0
0.0,6.65,1.0,0.0,0.0,1.41,1.0,1.0,0.0,1.18,0.88,1.69,0.0,7.36,1.71,1.0,0.88,1.29,0.88,0.29,0.29,0.0,3.41,1.0,0.0,2.71,0.0,0
0.0,0.0,1.0,8.9,0.0,0.0,1.0,1.01,0.04,2.98,9.94,0.45,0.0,83.58,2.0,0.0,4.99,1.01,13.94,0.99,0.99,0.0,2.01,1.0,0.0,3.0,0.0,0
0.0,0.0,1.0,0.56,0.0,3.44,1.28,1.0,1.11,1.39,9.5,1.18,0.72,22.76,1.72,0.0,3.44,1.28,2.9,0.0,1.0,0.0,2.56,1.0,0.0,1.28,1.0,0
0.02,0.98,1.0,0.1,0.02,0.04,1.0,1.02,0.14,0.59,1.49,3.15,0.0,1.98,0.04,1.04,1.35,0.12,1.12,0.98,0.02,0.0,1.18,0.99,0.0,2.02,0.04,0
0.0,0.22,1.0,0.89,0.0,1.01,1.0,1.0,0.89,0.0,0.89,2.07,0.0,88.75,4.44,0.11,1.11,0.89,1.0,0.11,0.89,0.0,3.0,1.0,0.0,2.11,0.0,0
0.01,0.0,1.0,0.0,0.0,0.01,1.0,1.0,0.0,0.99,2.99,0.9,0.01,32.62,2.99,0.0,4.94,1.0,3.31,2.98,1.99,0.0,1.0,1.0,0.0,2.0,0.0,0
0.0,0.0,1.0,0.56,0.0,1.76,1.0,1.0,0.0,1.68,18.78,0.5,0.44,51.06,1.88,0.56,5.19,1.56,2.05,0.0,0.44,0.0,3.12,1.0,0.0,1.44,0.44,0
0.0,0.0,1.0,0.06,0.0,2.82,1.0,1.06,0.0,4.88,9.94,1.19,0.0,79.46,1.0,0.0,3.82,1.06,1.99,1.0,0.94,0.0,2.12,0.99,0.0,2.06,0.0,0
0.0,0.0,1.92,0.0,0.0,0.0,1.92,1.0,0.08,0.92,3.33,0.85,0.0,30.27,2.0,0.0,1.08,1.0,1.91,0.0,1.0,0.0,1.92,1.0,0.0,3.0,0.0,0
0.0,23.56,1.0,0.0,0.0,0.46,1.0,1.0,0.46,2.32,6.97,0.53,0.0,31.13,2.0,0.54,0.54,1.0,1.8,0.46,1.0,0.0,1.54,0.73,0.0,1.0,1.46,0
0.0,0.0,1.0,0.48,0.0,0.48,1.0,1.0,1.04,3.43,11.73,0.57,0.0,76.6,1.48,1.04,3.82,1.52,5.49,1.0,1.0,0.0,2.0,1.0,0.0,2.48,0.0,0
0.0,0.0,1.39,0.0,0.0,3.73,1.78,1.0,0.0,2.22,6.66,0.84,0.78,59.81,1.39,0.0,4.56,1.0,2.97,2.17,1.39,0.0,2.39,1.0,0.0,1.0,0.61,0
0.0,0.0,1.0,0.0,0.0,0.0,1.0,1.0,1.0,0.0,0.0,1.81,0.0,0.0,3.89,0.0,1.79,1.0,1.79,1.79,3.68,0.0,1.89,1.0,0.0,3.0,0.0,0
0.0,0.0,2.47,0.26,0.0,0.26,2.47,1.0,0.53,1.0,2.0,0.42,0.53,13.2,1.26,0.0,1.47,1.74,2.0,0.74,1.74,0.0,2.53,0.93,0.0,1.26,0.0,0
0.0,0.0,0.83,0.83,0.0,12.4,2.48,1.0,0.0,0.0,0.83,1.28,9.09,0.0,4.31,0.17,1.65,1.0,1.65,1.65,14.88,0.83,1.83,1.0,0.0,2.83,0.0,0
0.0,0.0,1.0,0.45,0.91,0.0,1.45,1.45,4.55,4.36,8.28,0.29,0.45,82.44,2.81,4.92,5.27,1.45,3.16,0.55,1.45,0.0,3.27,0.85,0.0,2.0,0.45,0
0.0,0.0,1.0,0.8,0.0,0.8,2.0,1.0,3.4,2.59,6.98,0.48,0.6,62.75,2.2,0.6,2.6,1.4,2.25,0.6,1.0,0.0,2.8,1.0,0.0,2.0,0.4,0
0.0,13.31,1.0,0.37,0.0,1.9,1.0,1.0,0.73,0.0,0.73,2.25,0.0,18.31,0.73,1.9,2.56,0.37,1.22,0.37,0.73,0.0,3.27,0.84,0.0,3.0,0.63,0
0.0,0.0,1.0,0.0,0.0,1.07,1.73,1.0,0.0,0.0,2.61,0.97,1.73,0.0,2.73,0.27,1.81,1.0,1.61,0.73,9.78,0.0,3.46,1.0,0.0,2.46,0.27,0
0.0,0.0,1.0,0.0,0.0,2.79,1.0,1.0,0.0,4.54,12.75,0.8,2.09,26.01,1.7,0.0,4.91,1.3,2.35,0.0,1.0,0.0,2.6,0.92,0.0,1.3,0.3,0
0.08,0.0,1.0,0.16,0.0,0.16,1.0,1.0,0.92,0.32,0.72,1.69,0.0,6.66,3.76,0.0,0.24,1.4,0.21,0.0,2.84,0.0,2.0,0.54,0.0,1.16,0.92,0
0.0,0.0,1.0,0.43,0.0,2.3,1.43,1.0,0.43,0.43,4.44,1.11,0.57,10.65,3.0,0.0,4.85,1.0,4.67,2.56,1.85,0.0,2.0,1.0,0.0,2.0,0.57,0
7.87,0.0,1.0,0.38,1.5,0.38,2.0,1.62,0.62,1.87,5.25,0.28,0.0,58.13,1.62,0.0,3.25,1.62,2.9,0.0,1.0,0.0,3.38,0.79,0.0,2.38,1.25,0
0.0,0.0,1.0,0.0,0.0,2.61,1.0,1.0,1.74,2.78,10.48,1.01,0.65,29.89,2.65,0.7,3.3,1.35,2.31,0.35,0.65,0.0,1.65,1.0,0.0,1.65,0.65,0
0.0,0.0,0.41,0.0,0.0,0.0,0.41,1.0,1.22,2.44,6.91,2.53,0.0,34.55,1.0,0.59,2.44,1.81,0.87,0.41,0.41,0.0,1.81,1.0,0.0,2.41,0.81,0
0.0,0.0,1.0,13.99,0.0,3.0,6.0,1.0,1.0,1.0,2.0,0.17,5.0,63.95,1.0,0.0,1.0,2.0,7.33,1.0,3.0,1.0,3.0,1.0,0.0,1.0,1.0,0
0.0,3.4,1.0,0.32,0.0,0.0,1.68,1.68,0.0,6.44,8.04,0.45,0.0,66.15,1.64,0.0,3.04,1.0,4.62,0.68,1.0,0.0,3.36,0.83,0.0,1.64,0.68,0
0.0,3.49,1.0,0.0,0.0,0.78,1.0,1.0,0.0,0.61,1.84,1.39,0.0,20.21,2.61,0.39,3.06,1.0,2.04,1.84,1.22,0.0,2.16,1.0,0.0,2.39,0.0,0
0.34,0.34,1.0,2.66,0.68,0.66,2.0,6.08,8.29,2.32,28.2,0.27,0.0,98.63,1.68,4.08,7.39,2.0,3.26,0.66,0.66,0.0,5.0,0.93,0.0,2.0,1.34,1
0.0,3.02,1.0,0.76,0.0,2.73,2.0,1.0,1.51,3.02,4.73,0.56,0.49,51.38,2.24,0.0,5.0,1.0,2.52,0.0,1.0,0.0,4.27,0.7,0.0,2.24,0.0,0
0.0,0.0,1.0,0.98,1.95,0.0,1.0,1.0,1.95,0.12,2.26,0.86,0.0,75.12,5.93,0.0,1.95,1.02,1.27,0.0,1.98,0.0,2.95,1.0,0.0,1.98,0.0,0
0.0,3.54,1.0,0.0,0.0,2.61,2.21,1.0,1.82,3.64,1.21,1.09,0.0,42.5,2.0,1.0,1.82,1.0,1.94,0.0,0.61,0.0,2.18,1.0,0.0,1.79,0.0,0
0.0,0.0,1.0,0.0,0.0,3.24,1.0,1.0,0.0,1.66,8.1,1.01,0.45,42.49,1.9,0.0,2.1,1.0,1.04,0.55,1.0,0.0,2.45,0.7,0.0,2.34,0.55,0
0.0,0.0,1.0,0.2,0.0,3.2,1.0,1.0,0.2,0.0,5.81,1.39,0.8,19.89,2.6,0.0,3.4,1.0,2.26,0.0,1.4,0.0,2.2,1.0,0.0,1.2,0.8,0
0.0,0.0,1.0,1.0,0.0,0.0,1.98,1.0,3.92,4.92,4.04,0.3,0.0,70.1,2.02,0.0,9.83,1.0,4.18,0.0,0.02,0.0,4.94,1.0,0.0,2.02,0.98,0
0.1,0.0,1.0,0.1,0.41,0.1,1.1,1.0,4.49,2.69,10.28,0.34,0.0,75.26,1.0,8.08,2.9,1.0,3.5,0.9,1.0,0.0,1.31,1.0,0.0,2.1,0.0,0
0.0,0.0,1.0,1.11,0.0,0.0,1.0,1.0,1.11,0.11,0.89,1.64,0.0,96.31,4.57,0.22,1.22,1.11,1.38,0.43,2.78,0.0,2.89,1.0,0.0,1.89,0.11,0
0.0,0.0,1.0,2.61,0.0,0.61,1.61,2.22,6.87,2.22,4.26,0.57,0.0,86.68,1.0,1.39,4.22,2.0,3.02,2.18,1.0,0.0,3.82,1.0,0.0,1.61,1.0,0
0.0,0.14,1.0,0.0,0.0,11.79,1.0,1.0,0.0,0.0,1.86,1.26,6.51,0.0,1.86,0.07,1.07,0.93,1.46,0.07,1.86,0.0,2.07,1.0,0.0,1.14,0.93,0
0.7,0.0,1.0,1.0,0.0,2.1,2.3,1.0,2.4,4.91,3.51,0.65,1.3,46.29,1.3,1.4,2.1,1.7,3.56,1.3,3.09,0.3,2.0,1.0,0.0,1.3,0.0,0
4.34,0.0,1.0,0.0,0.0,0.0,2.0,1.36,1.0,1.08,3.45,0.42,0.0,20.61,2.0,0.0,3.36,1.36,1.67,0.0,1.64,0.0,2.36,0.88,0.0,2.0,0.72,0
0.0,0.26,1.0,0.06,0.0,2.94,1.06,1.0,1.06,0.26,0.26,1.91,0.0,4.37,3.87,1.87,1.26,1.0,1.1,0.94,3.81,0.0,1.26,0.97,0.0,2.94,0.0,0
0.0,0.0,1.0,0.12,0.96,0.04,2.0,1.08,2.31,0.12,7.0,0.39,0.0,3.86,1.96,0.04,2.12,1.04,0.29,0.04,1.0,0.0,2.12,1.0,0.0,2.96,0.04,0
0.0,0.0,1.0,0.0,0.0,5.24,1.0,1.0,0.71,0.47,2.18,2.5,0.0,14.38,1.24,0.0,3.76,1.76,0.45,0.24,1.0,0.0,1.76,1.0,0.0,1.76,0.0,0
0.0,0.0,1.0,0.0,0.0,2.17,1.46,1.0,1.37,0.46,4.26,0.85,1.0,22.84,3.0,0.46,4.09,1.0,1.97,0.46,1.0,0.0,2.0,1.0,0.0,1.46,0.54,0
0.0,0.0,1.0,0.47,0.0,0.0,1.47,1.95,1.0,0.95,8.03,1.86,0.0,31.19,2.53,0.0,6.25,1.47,1.86,0.47,1.53,0.0,3.36,0.92,0.0,2.0,0.95,0
0.0,0.38,1.0,0.0,0.0,1.72,1.0,1.0,0.0,2.43,2.43,1.58,0.0,8.9,1.62,1.81,3.62,0.81,3.7,2.62,0.81,0.0,1.38,1.0,0.0,2.19,0.0,0
0.0,0.0,1.0,1.0,0.0,0.0,1.0,1.0,1.0,0.0,1.0,1.61,0.0,100.0,5.0,0.0,1.0,1.0,1.0,0.0,1.28,0.0,3.0,1.0,0.0,2.0,0.0,0
0.0,0.87,1.0,0.0,0.0,3.96,1.0,1.0,0.0,0.0,6.71,1.97,0.96,0.0,2.88,0.12,3.83,0.96,2.48,0.0,0.96,0.0,2.08,0.99,0.0,3.0,0.04,0
0.0,0.0,0.71,0.0,0.71,0.0,1.41,1.0,0.71,0.0,0.71,2.16,0.0,0.0,2.41,0.29,1.41,1.0,0.35,0.0,2.12,0.0,1.0,1.0,0.0,2.0,0.0,0
0.0,0.42,1.0,0.86,0.0,0.42,1.0,1.0,0.86,0.0,0.86,2.07,0.0,86.06,4.3,0.14,1.0,0.86,1.05,0.14,2.58,0.0,3.14,1.0,0.0,1.0,0.0,0
0.0,0.0,1.0,0.0,0.0,3.32,2.37,1.0,2.05,4.11,3.58,0.69,0.32,47.92,2.0,0.68,3.32,1.0,3.0,0.0,1.0,0.0,1.32,1.0,0.0,1.0,0.32,0
0.0,0.0,1.0,1.0,0.0,0.0,2.0,1.66,6.71,8.01,13.01,0.26,0.0,79.72,1.0,1.34,9.67,1.33,3.71,0.0,0.33,0.0,4.68,0.78,0.0,2.33,0.33,0
0.0,0.0,1.0,0.05,0.0,0.0,1.05,1.0,0.05,0.0,1.0,2.58,0.0,4.52,3.09,0.0,0.05,1.0,0.05,0.0,2.0,0.0,1.09,1.0,0.0,1.0,0.05,0
0.0,0.0,1.0,0.65,0.0,2.41,1.0,1.0,0.0,0.65,8.24,1.0,0.7,35.62,2.0,8.1,5.59,1.0,13.12,9.81,2.06,0.0,2.65,1.0,0.0,2.0,0.0,0
0.25,0.0,1.0,0.0,0.25,3.75,1.0,1.0,0.0,0.0,1.0,2.42,0.0,0.0,1.0,0.0,3.75,1.75,0.38,0.0,1.0,0.0,2.25,1.0,0.0,2.0,0.0,0
0.43,0.0,1.0,0.0,0.0,0.0,2.29,1.43,7.89,2.15,5.16,1.26,1.0,38.73,3.57,13.96,0.57,1.43,14.63,13.67,1.71,0.0,2.0,1.0,0.0,1.0,0.0,0
0.0,0.0,1.0,0.33,0.0,0.67,1.33,1.0,1.67,2.0,12.31,0.62,0.33,83.37,2.34,0.67,6.32,1.67,1.63,0.33,0.67,0.0,6.33,0.56,0.0,2.33,0.0,1
0.75,0.0,1.0,0.0,1.49,0.0,3.24,1.0,2.24,3.24,3.27,0.39,0.75,52.27,1.75,0.75,0.51,1.25,3.81,1.0,1.0,0.0,1.75,1.0,0.0,2.25,0.0,0
0.09,0.28,1.09,0.0,0.09,1.09,1.28,1.28,0.19,5.58,8.72,0.93,0.19,76.91,1.09,2.0,2.28,2.0,1.91,1.0,1.0,0.0,3.0,0.7,0.0,2.0,0.0,0
0.0,0.0,1.0,0.67,0.0,0.0,1.0,1.0,0.67,0.33,2.66,1.24,0.0,77.78,4.0,0.0,0.67,1.0,0.94,0.0,1.67,0.0,2.67,1.0,0.0,1.67,0.0,0
0.0,0.0,1.0,0.59,0.0,0.0,1.59,2.18,1.0,1.18,10.07,0.67,0.0,39.08,2.41,0.0,6.92,1.59,2.34,0.59,2.22,0.0,3.96,0.9,0.0,2.41,1.18,0
0.0,0.48,1.0,0.52,0.0,0.0,1.52,1.0,0.52,0.0,0.52,2.96,0.52,51.95,2.6,0.96,0.52,0.52,1.26,1.0,1.04,0.0,2.04,0.83,0.0,3.0,0.0,0
0.0,0.0,1.0,0.56,0.0,1.76,1.0,2.12,2.8,2.8,9.24,0.64,0.44,43.67,3.0,0.0,9.8,1.56,2.11,0.0,0.44,0.0,3.12,1.0,0.0,2.0,0.44,0
0.0,2.12,1.0,0.0,0.0,4.29,1.76,1.0,0.0,0.0,5.35,1.02,1.53,0.0,2.76,0.24,5.35,1.0,1.97,0.0,0.76,0.0,3.24,1.0,0.0,1.47,0.76,0
0.0,0.88,1.0,0.0,0.0,7.92,1.0,1.0,0.48,0.0,2.4,5.65,0.24,0.0,0.24,1.76,0.72,0.12,0.22,0.0,0.24,0.0,2.88,1.0,0.0,2.88,0.12,0
0.0,0.0,1.0,0.0,1.47,4.41,2.74,1.0,1.06,2.64,13.38,0.23,4.41,23.25,4.94,2.21,9.62,1.26,0.87,0.26,1.74,0.0,2.74,1.0,0.0,2.0,1.47,0
0.0,0.9,1.0,0.0,0.0,8.2,1.1,1.0,0.0,0.3,0.8,5.8,0.0,4.98,0.1,1.8,0.7,0.2,0.22,0.0,0.1,0.0,3.2,0.98,0.0,2.9,0.0,0
0.0,0.58,1.0,0.0,0.0,0.0,1.0,1.0,0.42,0.0,0.0,2.6,0.0,0.0,1.69,0.58,0.58,0.42,0.58,0.58,1.26,0.0,1.42,0.79,0.0,1.58,0.42,0
0.0,0.0,1.0,0.0,0.0,0.0,1.0,1.0,0.0,2.0,12.36,0.43,0.0,43.32,2.25,0.0,3.5,1.37,2.17,1.25,0.63,0.0,2.0,1.0,0.0,2.63,0.0,0
0.0,0.0,1.0,0.23,0.0,0.23,1.0,1.0,1.23,0.23,5.83,0.48,0.47,11.72,2.0,0.0,1.53,1.0,1.14,0.0,1.0,0.0,1.7,0.94,0.0,2.77,0.0,0
0.0,0.0,1.0,0.15,0.85,0.0,2.0,1.0,1.0,0.85,5.25,0.46,0.15,50.69,3.3,0.0,1.0,1.0,2.05,0.15,1.15,0.0,2.15,0.95,0.0,2.15,0.85,0
0.0,0.0,1.0,0.0,0.0,0.17,1.17,1.0,0.0,0.0,5.15,1.09,0.0,0.0,1.34,0.0,1.17,3.49,0.93,0.51,1.68,0.17,1.34,0.94,0.0,2.66,0.17,0
0.77,0.0,1.0,0.0,0.0,0.91,3.32,1.77,13.14,3.86,10.86,0.29,1.0,69.56,3.0,1.55,1.59,1.77,2.31,0.0,0.23,0.0,2.0,1.0,0.0,1.23,0.23,0
0.0,0.0,1.0,1.26,0.0,4.26,3.0,1.0,1.11,2.21,1.37,0.57,0.0,25.8,2.63,0.37,1.11,1.0,3.71,2.53,11.1,0.63,2.26,0.79,0.0,1.63,0.63,0
0.0,0.0,1.0,1.26,0.0,0.53,2.0,1.0,8.42,7.95,14.53,0.3,0.0,83.47,1.0,1.47,7.89,1.26,4.18,0.0,0.26,0.0,5.47,0.75,0.0,2.0,0.26,1
0.0,4.98,1.0,0.0,0.0,0.0,2.0,2.0,0.0,8.97,8.99,0.17,0.0,61.95,1.0,0.0,3.98,1.0,3.5,1.0,1.0,0.0,3.99,0.75,0.0,1.0,1.0,0
0.0,0.0,1.0,0.83,0.0,3.33,1.0,1.0,0.83,1.67,5.17,0.71,2.5,35.03,2.67,1.67,1.5,1.17,2.98,0.0,1.0,0.0,4.5,0.83,0.0,2.0,0.0,0
0.0,0.0,1.0,0.0,0.0,0.0,1.0,1.0,4.64,2.86,10.64,0.37,0.0,73.83,1.0,8.35,2.86,1.07,3.41,0.93,0.93,0.0,1.0,1.0,0.0,2.0,0.0,0
0.0,0.0,1.09,0.95,0.0,0.0,1.09,1.0,1.91,0.05,2.0,0.44,0.0,47.64,1.95,0.0,6.76,1.05,2.48,1.0,2.0,0.0,2.0,1.0,0.0,2.91,0.0,0
0.0,0.35,1.0,0.0,0.0,5.08,1.0,1.0,0.0,1.31,3.92,3.3,0.0,26.79,1.96,1.35,0.0,0.65,0.87,0.0,0.65,0.0,2.35,1.0,0.0,3.65,0.0,0
0.0,0.0,1.0,0.2,0.0,3.99,1.0,1.0,0.0,0.2,6.6,1.09,0.8,12.12,3.0,0.0,5.79,1.0,3.18,0.2,1.0,0.0,2.2,1.0,0.0,2.2,0.8,0
0.0,0.0,1.0,0.79,0.0,1.07,1.0,1.0,0.79,0.0,1.86,1.73,0.21,78.56,3.79,0.43,1.21,1.0,1.94,1.07,1.79,0.0,2.79,1.0,0.0,1.21,0.0,0
0.0,0.0,0.79,0.79,0.0,0.0,0.79,1.79,0.0,3.16,7.12,1.11,0.0,46.67,1.0,0.21,2.37,3.37,1.41,0.0,0.79,0.0,3.37,1.0,0.0,1.21,0.0,0
0.02,0.0,1.0,0.02,0.0,1.03,1.02,1.0,1.03,5.03,14.84,0.42,0.02,66.98,1.98,0.03,0.05,1.02,3.45,1.0,1.0,0.0,1.02,1.0,0.0,1.0,1.97,0
0.11,4.46,1.0,0.11,0.0,0.0,2.11,1.89,0.0,8.46,8.35,0.18,0.11,60.7,1.0,0.0,4.86,1.11,3.82,1.54,1.43,0.0,4.0,0.75,0.0,1.22,0.89,0
0.0,0.0,1.0,0.72,0.0,0.28,1.28,1.0,0.72,0.85,2.98,1.45,0.0,85.83,4.58,0.0,2.7,1.28,1.35,0.0,1.0,0.0,3.57,0.94,0.0,1.28,0.0,0
0.0,2.79,1.0,0.0,0.0,1.4,1.0,1.0,0.53,0.0,3.74,1.71,0.0,0.0,1.07,2.33,1.53,0.53,3.73,0.0,0.53,0.0,1.47,1.0,0.0,2.53,0.0,0
0.39,0.0,1.0,0.39,0.0,0.0,1.78,1.0,0.0,3.39,3.0,0.58,0.39,26.27,1.61,1.22,7.13,1.39,5.18,4.17,2.57,0.0,2.17,0.9,0.0,2.39,0.0,0
0.0,0.0,1.0,0.94,1.88,0.0,1.94,1.94,3.81,5.63,4.69,0.44,0.94,83.45,4.94,0.0,7.5,1.94,2.5,0.0,1.94,0.0,5.69,0.69,0.0,2.06,0.94,1
0.0,0.0,1.0,0.67,1.34,0.0,1.0,1.0,1.34,1.67,4.33,0.36,0.67,58.12,4.01,1.67,10.0,1.0,1.63,0.33,1.67,0.0,2.0,1.0,0.0,2.67,0.0,0
0.39,0.0,1.0,0.0,0.78,0.0,2.17,1.0,4.22,3.39,7.49,0.31,0.39,74.27,1.39,5.88,1.83,1.0,3.99,1.0,1.0,0.0,1.39,1.0,0.0,2.0,0.0,0
2.77,0.0,1.0,2.11,0.0,0.55,1.55,2.66,8.2,21.05,40.88,0.81,0.0,97.23,2.78,0.55,40.32,3.22,2.15,0.0,1.89,0.0,14.08,0.76,0.0,2.55,0.55,1
0.0,0.0,1.0,0.0,0.0,1.33,1.27,1.0,2.94,0.0,16.54,0.26,2.0,0.0,2.27,0.0,6.0,1.0,2.06,0.0,1.73,0.0,2.27,1.0,0.0,1.73,1.0,0
0.0,0.0,1.0,1.0,0.0,2.28,1.72,1.0,3.85,3.0,0.72,0.63,0.56,76.76,3.28,3.39,0.28,1.0,3.04,0.28,1.72,0.0,3.0,1.0,0.0,2.28,0.0,0
0.0,0.0,1.0,0.0,0.0,0.0,1.0,1.0,1.0,0.07,2.04,0.82,0.04,0.9,2.04,0.07,1.14,1.0,1.44,0.11,2.96,0.0,1.0,1.0,0.0,1.04,0.0,0
0.0,0.0,1.0,0.68,0.0,0.0,1.68,2.35,0.65,4.7,9.38,0.37,0.0,70.03,1.0,0.65,6.08,2.0,2.35,0.32,1.0,0.0,2.0,1.0,0.0,2.68,0.68,0
0.0,0.0,1.0,0.0,0.0,2.68,2.0,1.0,0.77,1.55,22.48,0.69,0.45,58.84,1.45,2.32,4.68,1.77,1.71,0.0,1.0,0.0,3.0,1.0,0.0,2.55,0.23,0
0.0,0.0,1.0,2.82,0.0,0.41,1.06,1.0,0.0,1.88,4.82,0.67,0.0,63.99,5.71,0.0,0.94,1.06,2.59,2.0,1.24,0.0,2.0,1.0,0.0,1.06,0.0,0
0.0,0.0,1.0,1.7,0.0,0.0,1.0,1.0,0.0,2.27,15.09,0.48,0.0,48.84,1.57,0.0,1.0,2.3,0.96,0.0,0.43,0.0,2.14,1.0,0.0,1.86,0.0,0
0.0,0.0,1.0,0.5,0.0,2.0,1.5,1.0,1.0,2.0,2.0,0.76,1.0,37.0,2.5,0.5,4.0,1.0,3.33,1.5,1.5,0.0,1.5,1.0,0.0,2.5,0.0,0
0.0,0.0,1.0,0.44,0.0,0.0,1.0,1.0,0.44,0.0,1.56,2.56,0.0,44.45,2.33,1.67,0.44,1.0,1.0,0.56,0.89,0.0,1.89,1.0,0.0,1.56,0.0,0
0.0,16.99,1.0,0.19,0.0,4.85,1.0,1.0,0.19,0.0,0.19,5.19,0.0,19.11,0.96,1.62,1.81,0.19,7.32,0.81,0.57,0.0,3.81,0.8,0.0,1.81,0.0,0
0.0,0.0,1.0,1.0,0.0,0.78,1.22,1.0,0.22,3.92,14.32,0.72,0.22,89.03,2.65,0.0,6.48,1.0,7.51,1.0,1.22,0.0,2.22,0.93,0.0,3.0,0.0,0
0.0,0.0,1.54,0.0,0.0,4.33,2.54,1.0,0.46,1.46,2.54,0.74,1.08,33.0,2.46,0.0,5.16,1.0,4.05,2.62,1.54,0.0,2.08,1.0,0.0,1.0,0.0,0
1.0,0.0,1.0,0.95,3.79,1.16,1.95,1.0,0.0,0.1,5.89,0.59,0.0,61.62,1.0,0.0,2.0,1.16,2.94,0.0,0.95,0.0,3.9,1.0,0.0,2.95,0.05,0
0.0,0.0,1.0,1.0,0.0,6.57,1.88,1.0,0.0,0.56,3.25,1.02,4.82,33.73,3.88,0.0,1.44,1.0,4.02,1.44,8.44,0.44,2.56,1.0,0.0,3.0,0.0,0
0.87,0.0,1.0,0.13,0.26,1.74,2.0,1.13,3.13,4.26,3.26,0.3,1.0,76.79,5.0,0.0,1.89,1.13,2.83,0.0,1.13,0.0,3.38,0.96,0.0,2.0,1.0,0
0.7,0.0,1.3,3.95,0.91,0.7,1.3,1.0,0.61,1.82,10.21,0.36,0.7,28.28,2.0,0.91,1.82,2.22,4.34,0.7,1.0,0.0,2.82,0.96,0.0,2.0,0.91,0
0.0,0.0,1.0,0.28,0.0,1.44,1.72,2.72,2.28,3.15,3.56,0.93,0.0,61.49,2.0,0.0,2.56,2.0,1.65,0.0,0.72,0.0,3.0,0.76,0.0,2.28,0.0,0
0.0,0.0,1.0,0.12,0.0,0.0,1.88,1.0,3.65,8.82,17.75,0.36,0.0,89.42,2.35,0.0,2.76,1.88,1.7,0.88,1.24,0.0,2.12,1.0,0.0,1.88,0.0,0
0.0,0.0,1.0,0.0,0.0,0.22,1.0,1.0,0.0,0.94,6.06,0.69,0.06,31.17,2.0,0.0,0.22,1.0,0.93,0.0,1.0,0.0,2.0,1.0,0.0,1.0,0.06,0
0.0,0.0,1.0,2.0,0.0,3.02,2.34,1.0,2.64,3.3,10.91,0.55,0.0,54.2,1.68,0.0,1.32,1.66,3.83,1.36,6.42,0.34,3.66,0.89,0.0,2.0,1.0,0
0.0,0.0,1.0,0.08,0.0,3.67,1.0,1.08,0.0,0.25,7.16,1.22,0.92,5.83,1.92,0.0,3.75,1.08,2.52,0.08,0.92,0.0,2.16,0.98,0.0,1.16,0.92,0
0.0,0.0,1.22,0.78,0.0,0.0,1.22,1.0,0.0,1.0,4.56,1.18,0.0,54.07,2.78,0.0,1.0,1.0,4.81,0.78,1.0,0.0,2.78,1.0,0.0,3.0,0.0,0
0.0,0.84,1.0,0.16,0.0,0.0,1.0,1.0,0.16,3.35,2.68,0.76,0.0,37.13,1.65,0.84,2.68,1.84,2.68,0.84,1.0,0.0,2.16,1.0,0.0,2.0,0.0,0
0.0,0.81,1.0,0.0,0.0,4.0,1.0,1.0,0.0,0.0,4.16,2.89,0.59,0.0,1.78,0.81,3.38,0.59,1.93,0.41,0.59,0.0,1.59,1.0,0.0,1.41,0.0,0
0.0,0.0,1.0,0.0,0.82,0.0,1.82,1.0,2.54,0.54,7.72,0.38,0.0,13.82,1.82,1.62,2.18,1.0,0.82,0.18,1.0,0.0,1.82,1.0,0.0,2.82,0.0,0
0.94,0.0,1.0,0.06,0.06,0.0,2.0,1.06,5.06,7.94,1.56,0.24,1.0,78.39,2.0,0.11,6.28,1.06,3.4,0.0,0.94,0.0,1.06,1.0,0.0,1.0,0.0,0
0.0,0.0,1.0,0.57,0.86,2.57,3.0,1.0,0.57,0.0,4.72,0.58,3.72,0.0,3.72,1.29,5.15,1.0,1.38,1.14,5.43,0.57,2.43,1.0,0.0,2.0,0.86,0
5.67,0.0,1.0,2.84,0.95,0.27,1.05,1.0,0.95,6.62,25.91,0.17,0.11,79.43,2.05,0.0,2.27,1.0,3.12,0.0,1.0,0.0,2.05,1.0,0.0,1.95,1.0,0
0.0,0.0,1.0,0.0,0.0,0.78,1.0,1.0,0.87,0.0,1.78,0.89,1.87,0.0,3.0,0.0,2.74,1.0,1.74,0.0,1.87,0.0,2.13,0.48,0.0,4.0,0.0,0
0.0,0.0,1.0,0.45,0.0,0.0,1.55,1.0,0.45,1.1,2.65,0.97,0.0,72.44,2.35,0.0,1.55,1.55,1.69,0.0,1.45,0.0,1.9,1.0,0.0,1.55,0.0,0
0.0,0.0,1.0,0.0,1.31,4.27,2.65,1.0,0.0,0.0,7.54,0.99,3.92,0.0,4.96,1.96,8.54,1.0,1.39,1.04,3.04,0.35,3.0,0.88,0.0,1.65,1.65,0
0.0,0.0,1.0,0.68,0.0,0.0,1.0,1.0,3.32,0.34,13.2,0.39,1.32,22.45,1.66,0.68,4.98,1.34,2.77,1.36,1.66,0.0,2.0,1.0,0.0,1.66,1.0,0
0.0,0.0,1.0,0.0,0.0,3.0,1.61,1.0,0.0,3.45,2.39,1.58,0.61,24.53,1.0,0.0,0.61,1.39,3.28,1.61,2.23,0.0,2.23,1.0,0.0,3.39,0.0,0
0.0,0.0,1.0,0.0,0.0,4.08,1.0,1.0,1.85,0.0,1.46,1.47,0.08,0.0,2.08,0.0,1.46,1.0,0.2,0.0,1.0,0.0,2.92,1.0,0.0,1.92,0.08,0
1.05,0.0,1.0,0.53,0.18,0.0,1.82,1.0,0.18,2.88,8.03,0.41,0.0,55.96,1.18,0.0,2.0,1.82,2.41,0.0,1.0,0.0,1.18,1.0,0.0,2.0,0.18,0
0.0,0.0,1.0,0.0,0.0,0.8,1.8,1.0,0.0,3.0,7.0,0.48,0.0,42.19,1.2,0.4,6.4,1.8,2.67,0.6,1.0,0.0,4.2,0.84,0.0,2.0,0.0,0
0.92,1.85,1.0,0.92,0.0,0.0,1.92,2.85,1.0,20.34,35.13,0.27,1.0,85.05,1.23,1.74,10.24,1.92,4.19,1.81,1.15,0.0,8.47,0.79,0.0,2.85,1.85,1
0.0,0.0,1.0,0.0,0.0,0.0,1.0,1.0,0.0,1.44,17.79,0.61,0.0,73.59,1.56,0.0,0.0,1.44,1.11,0.0,0.44,0.0,2.12,1.0,0.0,1.0,0.44,0
0.0,0.51,1.0,1.54,0.0,2.46,1.51,2.03,0.0,4.62,15.21,1.06,0.49,32.83,2.46,2.44,7.59,1.51,5.02,0.0,0.49,0.0,3.54,1.0,0.0,3.0,0.51,0
0.0,0.0,1.0,0.52,0.48,1.57,1.48,1.0,1.0,1.04,3.61,0.81,1.57,21.93,3.0,1.04,1.48,1.0,2.1,0.0,1.96,0.0,3.09,0.9,0.0,2.0,0.0,0
0.0,1.78,1.0,0.44,0.0,2.0,2.0,1.0,1.44,2.89,16.78,0.62,0.0,72.45,1.44,1.67,4.44,1.56,1.92,0.0,1.0,0.0,3.89,0.82,0.0,2.56,0.0,0
1.0,0.63,1.0,0.32,0.0,0.0,2.0,1.63,3.73,12.44,12.72,0.2,1.0,82.44,1.68,0.0,7.58,1.32,3.16,0.0,1.0,0.0,3.53,0.93,0.0,1.63,0.63,0
0.0,0.0,1.0,1.0,0.0,0.0,1.47,1.0,5.78,4.26,7.15,0.56,0.0,74.52,3.63,0.95,6.31,1.0,2.75,0.0,0.53,0.0,3.89,0.84,0.0,2.0,0.0,0
0.0,6.09,1.0,0.0,0.0,2.97,1.0,1.0,0.0,0.0,2.27,1.79,0.32,0.0,2.32,0.68,2.27,1.0,0.83,0.0,0.32,0.0,3.35,1.0,0.0,2.68,0.32,0
0.0,0.0,1.0,0.0,0.0,4.96,1.0,1.0,0.0,0.0,7.0,1.06,1.0,0.0,3.0,0.0,6.89,1.0,2.57,0.0,1.0,0.0,2.0,1.0,0.0,1.04,1.0,0
0.66,0.0,1.0,0.66,0.0,3.37,1.0,1.0,2.34,0.68,6.66,0.55,5.26,80.08,2.0,0.0,2.34,1.0,1.63,0.34,1.0,0.0,2.32,1.0,0.0,1.0,0.0,0
0.0,0.0,1.0,1.93,0.0,4.97,2.93,1.0,0.0,0.0,1.2,0.7,0.03,0.0,3.0,0.0,0.17,1.0,3.95,3.87,16.46,0.97,2.97,0.68,0.0,1.97,0.97,0
0.0,0.0,1.18,0.0,0.0,0.0,2.09,1.0,0.91,1.91,12.93,0.34,0.0,39.17,1.91,0.0,0.18,2.0,5.7,1.0,1.09,0.0,3.82,1.0,0.0,2.82,0.0,0
0.0,0.0,1.0,1.0,0.0,0.0,1.0,1.0,1.0,0.0,1.0,1.71,0.0,100.0,5.0,0.0,1.0,1.0,1.0,0.0,3.0,0.0,3.0,1.0,0.0,1.0,0.0,0
0.41,0.0,1.0,0.0,0.0,0.41,1.0,1.0,0.59,0.0,0.81,0.98,0.41,0.0,2.59,0.0,0.59,1.0,0.54,0.41,2.78,0.0,1.0,1.0,0.0,2.59,0.0,0
0.0,0.0,1.0,0.28,0.0,1.72,1.86,2.72,1.86,3.44,3.42,1.08,0.0,69.64,2.14,0.0,1.86,2.0,3.96,0.0,1.0,0.0,2.86,0.71,0.0,2.14,0.0,0
0.0,1.73,1.0,0.0,0.0,4.0,1.0,1.0,0.0,0.0,0.0,5.0,0.0,0.0,0.0,1.73,0.73,0.0,1.0,1.0,0.27,0.0,1.0,1.0,0.0,1.73,0.0,0
0.92,1.83,1.0,0.92,0.0,0.17,2.0,3.0,1.08,20.51,35.11,0.19,0.92,89.85,1.08,0.0,10.26,2.0,2.52,0.0,1.0,0.0,8.5,0.77,0.0,2.92,1.83,1
0.0,0.0,1.0,0.66,0.0,0.0,1.0,1.0,0.66,1.02,1.68,1.32,0.0,69.65,3.98,0.68,2.02,1.0,2.14,1.02,2.32,0.0,2.32,1.0,0.0,1.34,0.0,0
0.0,0.0,1.0,1.0,0.71,0.0,1.0,1.0,0.71,2.65,19.16,0.23,0.35,87.11,2.41,1.35,5.47,1.65,1.7,0.0,0.71,0.0,3.29,1.0,0.0,1.71,0.0,0
0.0,0.0,1.0,0.46,0.0,5.08,1.23,1.0,3.23,2.69,8.31,1.05,0.0,65.85,1.77,0.0,2.77,1.23,2.32,0.77,1.0,0.0,1.69,1.0,0.0,1.23,0.23,0
0.0,0.0,1.0,0.61,0.0,0.0,1.0,1.0,1.0,0.0,0.61,1.63,0.0,61.01,4.61,0.0,0.61,1.0,0.61,0.0,2.39,0.0,2.61,0.81,0.0,1.61,0.39,0
0.0,0.35,1.0,0.0,0.0,5.86,1.0,1.0,0.0,0.65,0.65,1.34,9.77,65.11,1.3,0.35,2.3,0.65,2.95,2.95,13.02,0.0,1.65,1.0,0.0,2.0,0.0,0
0.0,0.0,1.0,0.0,0.0,0.0,1.43,1.0,0.0,8.49,15.15,0.49,0.87,48.67,1.87,0.0,4.4,1.57,1.48,0.43,6.21,0.0,4.0,0.86,0.0,2.43,0.57,0
0.54,0.92,1.0,0.54,2.17,2.83,1.54,1.0,0.0,0.0,2.17,2.08,0.0,32.51,0.54,0.46,1.54,0.54,2.08,0.46,1.0,0.0,3.08,1.0,0.0,2.54,0.0,0
0.0,0.0,1.0,0.65,0.0,4.65,1.0,1.0,1.96,1.31,3.08,1.1,0.35,37.87,4.31,0.0,2.43,1.0,2.52,0.0,1.0,0.0,2.65,1.0,0.0,2.65,0.35,0
0.0,0.0,1.0,0.11,0.0,0.0,1.0,1.0,0.89,1.0,5.89,0.72,0.0,57.33,4.78,0.0,3.67,1.0,2.14,1.0,1.0,0.0,2.11,1.0,0.0,2.11,0.0,0
0.0,0.29,1.0,0.0,0.0,1.43,1.71,1.0,2.14,1.43,0.0,1.29,0.0,23.58,4.29,0.29,1.71,0.71,1.71,1.71,1.43,0.71,1.71,1.0,0.0,2.0,0.0,0
0.0,0.0,1.0,0.78,0.78,0.44,2.0,2.22,5.12,6.34,9.25,0.37,0.78,80.84,2.0,1.56,9.03,2.0,2.78,0.0,0.22,0.0,2.22,0.93,0.0,1.22,0.0,0
0.0,0.19,1.0,0.0,0.0,2.43,2.62,1.0,2.43,5.62,2.19,0.44,0.0,61.47,1.81,1.0,3.0,1.19,3.16,0.19,1.0,0.0,1.19,1.0,0.0,1.19,0.0,0
0.44,0.0,1.0,0.0,0.0,2.67,1.0,1.0,0.0,0.0,4.79,0.97,1.0,0.0,2.56,0.0,2.23,1.0,2.02,0.44,1.0,0.0,1.56,1.0,0.0,1.44,0.0,0
0.0,0.14,1.0,0.0,0.0,2.57,1.0,1.0,0.86,0.0,0.0,2.46,0.0,0.0,3.43,2.0,0.86,0.86,1.0,1.0,3.43,0.0,1.0,1.0,0.0,3.0,0.0,0
0.0,0.0,1.0,0.75,0.0,0.75,1.37,1.0,1.5,2.5,22.88,0.48,0.0,88.25,1.63,0.0,0.75,1.37,1.5,0.0,0.37,0.0,3.37,1.0,0.0,1.37,0.37,0
0.0,0.0,1.0,0.0,0.0,0.0,1.0,1.0,2.39,1.44,23.0,0.22,0.0,36.83,1.0,5.35,15.52,1.52,1.7,0.48,1.0,0.0,1.52,1.0,0.0,1.48,0.0,0
0.0,0.0,1.0,0.23,0.0,0.77,1.0,1.23,0.7,7.13,15.73,0.58,0.0,79.13,1.23,0.0,5.53,2.0,1.43,0.0,0.77,0.0,5.3,0.62,0.0,2.23,0.0,1
0.09,0.0,1.0,0.0,0.0,0.0,1.09,1.0,0.09,1.91,6.73,0.57,0.09,50.0,1.0,0.0,0.35,1.09,2.74,1.09,1.0,0.0,1.09,1.0,0.0,1.09,0.0,0
0.0,0.06,1.0,0.0,0.0,3.77,1.0,1.0,0.0,0.0,6.59,1.53,0.94,0.0,1.88,0.12,3.77,0.94,2.48,0.06,0.94,0.0,1.94,1.0,0.0,1.12,0.94,0
0.0,0.0,1.0,0.31,0.0,4.82,2.0,1.62,0.31,0.62,6.67,0.85,0.0,20.56,1.31,0.0,3.43,2.0,2.95,1.69,3.75,0.0,3.25,0.95,0.0,2.0,0.62,0
0.48,0.0,1.0,0.96,0.0,0.96,1.0,1.0,0.0,1.92,7.44,0.71,0.0,39.86,1.0,0.0,1.96,4.96,1.51,0.0,1.0,0.0,1.48,1.0,0.0,3.0,0.0,0
0.0,0.0,1.0,0.25,0.0,4.25,1.0,1.0,0.76,0.51,5.48,1.1,0.75,14.7,3.51,0.0,5.23,1.0,2.55,0.0,1.0,0.0,2.25,1.0,0.0,2.25,0.75,0
0.0,0.0,1.0,0.3,0.0,1.4,2.0,2.4,2.6,4.3,3.3,0.87,0.0,67.2,2.0,0.0,4.4,1.7,2.64,0.0,0.7,0.0,3.6,0.77,0.0,2.0,0.3,0
0.0,0.0,1.0,0.0,0.57,0.0,1.57,1.0,1.13,0.0,4.39,1.38,0.0,0.0,2.43,0.0,1.13,1.0,0.13,0.0,1.43,0.0,1.57,1.0,0.0,2.13,0.0,0
0.0,0.0,1.0,0.05,0.0,0.05,1.0,1.0,0.95,0.23,0.83,1.3,0.0,3.97,2.95,0.0,1.32,1.0,0.42,0.05,3.86,0.0,1.05,1.0,0.0,3.0,0.0,0
0.0,0.0,1.0,0.54,0.0,0.0,1.46,1.0,1.93,0.46,1.0,1.09,0.46,76.87,4.07,0.46,1.93,1.0,1.12,0.46,2.07,0.0,2.54,1.0,0.0,2.0,0.0,0
0.0,0.0,1.0,1.0,0.0,0.0,1.0,1.0,1.0,0.0,1.0,1.61,0.0,100.0,4.23,0.0,1.0,1.0,1.0,0.0,2.0,0.0,3.0,1.0,0.0,1.11,0.0,0
0.0,0.0,1.0,0.0,0.0,0.0,1.1,1.0,1.0,0.0,0.2,1.62,0.0,0.0,3.8,0.0,2.1,1.0,1.9,1.8,3.8,0.0,2.0,1.0,0.0,2.9,0.0,0
0.0,0.0,1.0,0.83,0.17,8.27,1.17,1.0,0.35,0.0,2.04,0.46,12.4,0.0,2.83,0.0,1.17,1.0,2.52,2.48,16.71,0.0,2.83,1.0,0.0,2.17,0.0,0
0.0,0.0,1.0,0.0,0.0,0.0,1.51,1.0,0.51,8.34,19.85,0.28,0.0,63.96,1.51,0.0,3.41,2.0,4.01,0.51,1.0,0.0,4.0,0.88,0.0,2.51,0.49,0
0.0,0.12,1.0,0.98,0.0,0.0,1.02,1.0,1.96,0.04,1.96,0.44,0.0,49.65,1.98,0.0,6.92,1.0,2.52,1.0,1.98,0.0,2.04,0.99,0.0,2.98,0.0,0
0.0,0.0,1.0,0.52,0.0,0.0,1.0,1.0,1.0,0.0,0.52,1.63,0.0,51.81,4.52,0.0,1.48,1.0,1.48,0.96,2.96,0.0,2.52,1.0,0.0,2.48,0.0,0
0.0,0.0,1.0,0.0,0.0,0.0,1.66,1.0,2.66,7.31,15.63,0.32,0.0,75.24,1.66,0.0,1.99,1.66,2.1,1.0,1.0,0.0,1.66,1.0,0.0,1.66,0.0,0
0.0,0.0,1.0,0.0,0.0,0.0,2.0,1.0,3.46,8.56,16.77,0.26,0.0,78.12,2.18,0.0,3.0,1.82,2.07,1.0,1.0,0.0,1.82,1.0,0.0,1.82,0.0,0
0.0,0.0,1.0,0.0,0.0,0.0,2.0,1.0,0.0,0.0,1.0,0.84,2.0,0.0,3.0,0.0,1.0,1.0,1.0,1.0,13.0,0.0,4.0,1.0,0.0,3.0,0.0,0
0.0,0.0,1.0,0.0,1.07,1.07,1.54,1.0,0.0,3.15,36.01,0.36,1.61,48.39,3.61,2.07,11.07,1.0,2.33,0.46,1.54,0.0,4.69,0.92,0.0,2.0,1.61,0
1.95,0.0,1.0,0.15,1.25,6.85,1.05,2.9,5.9,0.95,9.2,0.75,1.9,36.09,2.9,2.3,3.35,1.0,2.65,0.05,1.0,0.0,2.2,1.0,0.0,2.0,1.0,0
0.66,0.0,1.0,0.34,0.0,3.32,1.34,1.0,1.01,2.34,26.83,1.03,0.0,87.62,1.68,0.0,1.32,2.99,1.82,0.0,0.68,0.0,2.34,1.0,0.0,2.0,0.66,0
0.0,0.0,1.0,0.0,0.0,0.0,2.91,1.0,0.09,0.0,1.09,0.82,4.54,0.0,2.91,0.0,3.0,1.0,4.63,4.54,7.45,1.82,1.09,1.0,0.0,1.09,0.0,0
0.0,0.0,1.0,0.04,0.0,0.0,1.0,1.0,0.99,0.06,0.12,1.32,0.0,0.93,3.0,0.0,0.99,1.0,0.02,0.01,3.97,0.0,1.01,1.0,0.0,2.98,0.0,0
0.0,0.0,1.0,0.0,0.78,3.22,1.39,1.0,0.0,1.95,28.02,0.92,1.78,30.36,3.78,1.17,7.11,1.0,2.83,0.0,1.39,0.0,3.95,0.94,0.0,1.39,1.17,0
0.66,1.02,1.0,0.66,2.64,0.66,1.66,1.0,0.0,0.0,2.64,1.14,0.0,39.67,0.66,0.68,1.32,0.66,2.1,0.0,0.66,0.0,3.32,1.0,0.0,2.32,0.0,0
0.63,0.0,1.0,0.37,0.63,0.0,1.0,1.0,0.0,1.12,11.05,0.71,0.0,33.88,1.0,0.37,3.0,1.37,1.55,0.0,0.63,0.0,3.37,1.0,0.0,1.63,0.0,0
0.0,0.56,1.0,0.0,0.0,0.0,1.0,1.0,1.33,2.66,7.52,3.07,0.0,37.62,0.44,1.11,2.66,1.33,1.51,1.0,0.44,0.0,1.89,1.0,0.0,3.0,0.89,0
0.0,0.0,1.0,0.7,0.0,0.7,1.0,1.0,1.39,1.0,3.51,0.48,1.39,34.86,1.7,0.0,0.61,1.3,1.78,0.3,1.0,0.0,3.09,0.83,0.0,2.3,0.0,0
0.63,1.9,1.63,3.31,0.63,1.27,2.9,2.9,1.27,14.39,7.47,0.3,1.27,78.94,2.0,1.27,5.0,1.63,8.55,1.0,1.0,0.0,2.63,1.0,0.0,2.37,0.0,0
0.0,0.0,1.0,0.0,0.0,0.0,1.0,1.0,4.28,2.52,8.38,0.47,0.0,82.48,2.19,6.85,2.52,1.0,2.83,0.76,1.48,0.0,1.24,1.0,0.0,1.76,0.0,0
0.0,0.0,1.0,0.14,0.0,4.32,1.0,1.14,0.0,0.54,2.09,2.55,0.0,8.03,1.0,0.0,3.86,2.27,0.24,0.0,1.0,0.0,2.27,1.0,0.0,1.86,0.0,0
0.0,0.0,1.0,0.0,0.0,4.12,1.0,1.0,2.37,1.37,4.12,1.52,0.31,41.91,2.63,7.2,2.37,1.0,8.81,8.2,1.63,0.0,1.31,1.0,0.0,1.0,0.0,0
0.0,0.0,1.49,0.0,0.0,5.45,1.98,1.0,0.0,3.04,6.58,1.06,0.98,57.01,1.49,0.0,5.47,1.0,3.3,2.47,1.49,0.0,2.49,1.0,0.0,1.51,0.0,0
0.29,0.0,1.0,0.0,0.0,1.16,1.0,1.0,0.71,0.58,11.55,1.91,0.71,26.28,3.13,16.36,1.29,1.87,17.6,17.07,2.13,0.0,2.0,1.0,0.0,1.29,0.29,0
0.0,0.0,1.0,0.0,0.0,0.0,1.0,1.0,0.35,1.0,4.96,1.02,0.0,44.65,1.87,0.0,1.0,1.83,1.33,0.0,0.52,0.0,1.17,1.0,0.0,1.83,0.0,0
0.0,0.0,1.0,0.47,0.0,1.4,1.0,1.0,0.47,0.93,3.34,1.55,1.4,19.63,3.0,0.93,0.47,1.0,1.67,0.0,1.53,0.0,2.87,0.91,0.0,1.47,0.0,0
0.07,40.76,1.07,1.1,0.0,0.0,1.22,1.0,0.44,1.4,0.37,0.59,0.15,6.26,1.93,0.93,1.07,1.07,0.86,0.0,1.07,0.0,2.07,0.51,0.0,1.0,1.0,1
0.0,0.53,1.0,0.0,0.0,2.85,1.0,1.0,1.42,0.95,2.85,2.26,0.0,28.93,0.95,0.53,1.95,0.47,1.42,1.0,0.47,0.0,1.0,1.0,0.0,1.53,0.0,0
0.0,0.44,1.0,0.0,0.0,0.0,1.0,1.0,1.68,3.36,9.52,2.5,0.0,47.6,0.56,0.88,3.36,1.68,1.64,1.0,0.56,0.0,2.12,1.0,0.0,3.0,1.12,0
0.45,0.0,1.0,1.34,2.69,2.34,1.45,1.0,1.79,1.66,10.79,0.77,0.0,84.62,1.0,3.58,6.14,1.0,3.71,1.0,1.0,0.0,3.79,1.0,0.0,1.45,1.0,0
0.65,1.94,1.65,0.0,0.65,1.29,3.29,2.94,1.65,13.93,4.23,0.4,1.29,49.13,2.0,1.29,4.29,1.65,3.98,1.0,1.35,0.0,2.65,1.0,0.0,2.0,0.0,0
0.0,0.0,1.0,0.23,0.0,0.0,1.23,1.0,0.23,1.77,18.0,0.33,0.0,74.47,1.45,0.0,6.0,1.77,1.87,1.36,0.68,0.0,2.0,1.0,0.0,2.0,0.0,0
0.19,0.0,1.0,1.0,0.0,0.57,2.0,1.0,1.38,1.34,1.76,0.72,0.19,93.51,4.24,0.38,1.38,1.19,1.62,0.19,1.81,0.0,2.81,1.0,0.0,1.0,0.81,0
0.6,0.0,1.0,0.3,0.6,0.0,1.6,1.0,4.09,2.7,16.75,0.26,0.0,72.46,1.0,8.4,4.51,1.3,4.11,1.0,1.0,0.0,2.51,0.95,0.0,2.3,0.3,0
0.0,0.0,1.0,0.21,0.0,3.0,1.79,1.0,0.21,4.37,2.84,0.78,1.42,40.42,1.42,0.42,1.0,1.0,4.31,1.58,2.58,0.0,3.42,0.96,0.0,2.79,0.0,0
0.0,0.7,1.0,0.0,0.0,1.2,1.0,1.0,0.0,0.0,2.11,2.81,0.3,0.0,0.9,0.7,1.9,0.3,1.47,0.7,0.3,0.0,1.3,1.0,0.0,2.3,0.0,0
0.0,0.0,1.0,0.0,0.0,0.0,1.0,1.0,2.99,2.99,7.63,0.54,0.36,60.26,4.46,0.0,4.0,1.0,2.5,1.0,1.0,0.0,2.18,1.0,0.0,2.0,0.18,0
0.0,0.0,1.0,0.0,0.0,0.74,1.0,1.0,2.44,4.89,15.14,0.51,0.19,69.22,1.37,0.0,6.19,2.63,2.23,0.81,1.0,0.0,2.81,1.0,0.0,2.81,1.81,0
0.0,0.0,1.0,1.1,0.0,3.63,1.73,1.0,0.0,1.65,8.37,0.62,1.45,24.68,3.0,0.0,3.63,1.0,2.39,0.27,1.0,0.0,2.0,1.0,0.0,2.45,0.0,0
0.0,0.0,1.0,1.31,0.0,0.0,1.0,1.84,0.0,3.69,8.37,0.4,0.0,60.41,1.78,0.0,2.69,3.53,1.91,0.31,1.0,0.0,3.69,1.0,0.0,1.0,0.0,0
0.0,0.0,1.0,0.0,0.0,1.23,1.11,1.0,0.0,2.34,7.32,0.78,0.11,48.87,1.0,0.0,3.66,1.89,1.84,0.23,1.23,0.0,3.89,1.0,0.0,3.0,0.0,0
0.0,0.0,1.0,1.0,0.0,0.17,1.0,1.0,1.28,0.17,0.94,1.57,0.11,98.08,4.94,0.68,1.0,1.0,1.3,0.06,2.89,0.0,3.0,1.0,0.0,2.06,0.0,0
1.52,0.0,1.0,0.0,0.0,1.0,1.48,2.52,2.76,3.28,4.8,0.27,2.0,54.26,5.24,0.0,12.32,1.76,3.59,0.24,2.0,0.24,3.24,1.0,0.0,1.24,0.24,0
0.0,4.79,1.0,0.0,0.0,7.63,1.0,1.0,0.0,0.77,0.77,1.02,11.58,77.2,1.54,0.68,2.32,0.77,3.2,3.09,15.44,0.0,2.46,0.94,0.0,2.23,0.23,0
0.0,11.08,1.0,0.75,0.0,7.48,1.0,1.0,0.0,0.0,0.75,0.52,11.22,0.0,2.75,0.25,1.0,1.0,2.34,2.24,15.22,0.0,2.75,0.87,0.0,1.75,0.25,0
0.0,0.0,1.3,0.0,0.0,0.0,1.3,1.0,1.4,1.7,5.1,0.6,0.0,57.48,1.3,1.4,0.3,1.7,2.09,0.7,1.0,0.0,2.0,1.0,0.0,2.3,0.0,0
1.0,0.0,1.0,0.0,0.36,0.0,1.64,1.0,0.64,0.64,2.91,0.63,0.64,31.91,1.0,0.0,3.64,1.64,2.46,1.28,1.0,0.0,2.36,1.0,0.0,2.0,0.0,0
0.0,0.0,1.0,0.5,0.0,2.99,1.0,1.0,0.0,2.0,15.54,1.39,0.0,45.64,1.0,0.5,1.5,2.0,1.82,0.5,0.5,0.0,2.5,1.0,0.0,1.0,0.0,0
0.0,0.0,1.0,0.72,0.0,0.28,1.0,1.0,0.72,0.83,3.2,1.4,0.0,93.67,3.9,0.0,1.55,1.0,1.24,0.28,1.72,0.0,2.72,1.0,0.0,1.72,0.28,0
0.0,0.0,1.0,0.21,0.79,0.0,1.79,1.0,0.79,0.64,6.8,1.14,0.0,19.56,2.57,0.21,2.21,1.21,0.75,0.0,2.36,0.0,1.64,1.0,0.0,1.79,0.0,0
0.0,0.0,0.46,0.0,0.0,0.0,0.46,1.0,0.0,3.25,5.58,2.25,0.0,28.36,1.93,0.54,1.39,1.0,3.25,0.46,0.46,0.0,1.93,0.85,0.0,2.93,0.0,0
0.0,0.0,2.98,0.02,0.0,0.06,2.99,1.0,0.03,1.0,2.03,0.44,0.01,0.68,1.01,0.0,1.98,1.99,2.0,1.0,1.99,0.0,1.99,1.0,0.0,1.0,0.0,0
0.0,0.0,1.0,0.0,0.0,4.62,1.28,1.0,0.0,0.83,7.28,1.02,0.72,13.75,2.45,0.0,2.65,1.28,0.62,0.0,1.0,0.0,3.55,0.46,0.0,3.45,0.0,1
0.0,0.09,1.0,0.91,1.81,0.0,1.91,1.91,3.81,5.63,6.21,0.26,0.91,87.79,4.63,0.0,7.72,2.09,2.65,0.0,1.91,0.0,5.72,0.7,0.0,2.0,1.0,1
0.0,0.0,1.0,0.25,0.0,0.0,1.0,1.0,0.25,0.75,5.5,0.79,0.0,35.48,2.75,0.75,7.75,1.0,1.21,0.75,1.5,0.0,2.25,1.0,0.0,2.0,0.0,0
0.0,0.0,1.0,0.47,0.0,2.65,1.0,1.47,0.0,1.88,4.76,1.7,0.0,27.76,1.0,0.0,3.53,2.94,0.84,0.0,1.0,0.0,2.94,1.0,0.0,1.53,0.0,0
1.68,0.0,1.0,0.16,0.84,8.3,1.32,2.68,5.03,0.84,7.7,0.74,3.46,27.65,3.32,1.68,2.84,1.0,2.39,0.32,3.76,0.16,2.0,1.0,0.0,2.16,0.84,0
0.7,0.7,1.0,1.4,1.7,0.0,2.0,8.71,3.8,1.0,50.17,0.18,0.0,79.86,3.0,7.01,8.71,1.7,4.54,0.0,0.3,0.0,4.1,0.86,0.0,2.0,1.7,1
0.0,0.0,1.0,0.0,0.0,0.63,1.0,1.0,0.37,1.9,5.69,1.74,0.0,48.64,1.74,0.0,2.63,1.0,1.19,0.63,1.37,0.0,1.63,1.0,0.0,1.37,0.63,0
0.0,0.0,1.0,0.02,0.0,0.0,1.98,1.0,1.0,1.97,1.98,0.59,0.0,34.03,3.03,0.0,2.97,1.0,3.3,0.98,1.0,0.0,1.03,1.0,0.0,1.02,0.0,0
0.53,2.33,1.0,0.53,2.14,0.53,2.0,1.47,0.0,4.2,6.33,0.37,0.0,60.93,1.0,0.0,2.93,1.0,3.23,0.47,1.0,0.0,4.0,0.88,0.0,2.07,0.47,0
0.0,0.0,1.0,0.0,0.0,10.67,1.0,1.0,0.0,0.0,2.95,0.99,5.86,0.0,2.19,0.0,2.14,1.0,1.7,0.0,1.81,0.0,2.0,1.0,0.0,1.19,1.0,0
0.0,0.0,1.0,0.0,0.09,3.65,1.09,1.0,1.91,0.0,1.0,1.49,0.0,0.0,2.09,0.0,1.09,1.0,0.04,0.0,1.17,0.0,2.83,1.0,0.0,2.0,0.0,0
0.0,0.0,1.65,0.0,0.35,0.0,2.0,1.0,0.35,0.65,2.3,1.06,0.0,21.47,2.35,0.0,1.35,1.0,1.48,0.0,1.7,0.0,1.65,1.0,0.0,2.65,0.0,0
0.0,0.0,1.0,0.01,0.0,0.0,1.0,1.0,1.0,0.0,1.03,0.84,1.99,0.48,3.0,0.0,2.99,1.01,2.07,0.0,1.99,0.0,2.0,0.5,0.0,3.99,0.0,0
0.0,0.77,1.0,0.0,0.0,3.07,1.23,1.0,0.23,0.46,0.46,3.97,0.0,7.66,0.7,0.77,0.7,0.23,1.54,1.0,1.0,0.0,1.0,1.0,0.0,1.0,0.0,0
0.0,0.0,1.0,0.0,0.0,0.0,1.9,1.0,2.7,0.9,1.1,0.58,0.9,45.04,2.8,0.9,2.7,1.1,1.27,1.0,1.1,0.0,2.0,1.0,0.0,1.9,0.0,0
0.5,0.0,1.5,2.0,0.0,0.0,3.0,1.0,0.5,5.48,2.99,0.4,1.0,41.44,2.0,0.0,4.01,1.5,6.84,4.01,2.5,0.0,2.5,0.83,0.0,1.5,0.5,0
0.0,0.53,1.0,0.0,0.0,0.0,1.0,1.0,0.0,2.58,4.89,0.55,0.0,19.8,1.47,1.0,6.31,1.53,2.19,1.0,1.0,0.0,2.0,1.0,0.0,2.0,0.0,0
0.0,2.04,1.0,0.0,0.0,2.73,1.32,1.0,0.0,0.0,0.32,4.24,0.64,0.0,0.96,0.68,0.32,0.32,1.68,0.32,4.14,0.0,1.96,1.0,0.0,3.68,0.0,0
0.0,0.0,1.0,0.0,0.0,0.77,1.0,1.0,0.81,0.0,1.34,2.28,0.19,0.0,3.0,0.0,0.77,1.0,0.49,0.0,1.0,0.0,1.19,1.0,0.0,2.62,0.0,0
0.0,0.0,1.0,2.85,0.0,0.0,1.05,1.0,0.0,3.8,20.95,0.25,0.1,81.71,2.05,0.0,1.0,1.0,1.3,0.05,0.65,0.0,3.05,1.0,0.0,1.1,0.0,0
0.0,0.29,0.29,0.0,0.0,0.0,0.29,1.0,0.58,0.58,5.19,2.95,0.0,21.9,1.0,0.71,1.44,1.58,0.73,0.0,0.29,0.0,1.58,1.0,0.0,2.0,0.29,0
0.0,0.0,1.0,1.0,0.0,0.0,1.32,1.64,0.68,1.91,4.18,1.19,0.0,90.78,3.05,0.0,3.54,1.32,1.46,0.0,1.68,0.0,2.68,1.0,0.0,1.64,0.32,0
0.0,0.0,1.0,0.32,0.0,1.6,1.0,1.0,1.64,2.0,2.36,0.8,0.68,35.55,3.64,1.36,3.4,1.0,3.69,2.04,1.68,0.0,1.64,1.0,0.0,2.32,0.0,0
0.74,0.0,1.0,0.0,0.74,1.05,1.0,1.0,0.0,0.0,2.58,1.12,0.26,0.0,1.53,0.0,3.26,1.0,1.78,0.0,1.0,0.0,2.74,1.0,0.0,2.0,0.26,0
0.19,1.62,1.0,0.19,0.0,7.3,1.38,1.0,0.0,0.76,0.57,4.0,0.19,9.44,0.19,0.81,3.89,0.38,2.04,1.94,0.94,0.0,3.19,0.95,0.0,3.0,0.0,0
0.0,7.84,1.0,0.0,0.0,8.64,1.0,1.0,0.0,0.0,1.25,1.85,4.39,0.0,1.25,1.12,0.63,0.63,1.12,0.0,1.25,0.0,2.75,0.91,0.0,1.75,1.0,0
0.71,0.0,1.0,0.29,0.71,0.29,1.0,1.0,0.59,0.29,0.71,0.96,0.29,7.37,1.88,0.0,3.88,1.0,1.5,0.29,2.47,0.0,2.71,1.0,0.0,2.0,0.0,0
0.0,0.0,1.37,0.63,0.0,0.0,1.37,1.63,0.0,2.9,6.81,0.54,0.0,49.49,1.37,0.0,2.27,2.9,1.86,0.0,1.0,0.0,3.27,1.0,0.0,1.73,0.0,0
0.0,0.0,1.0,0.0,0.0,0.0,2.37,1.0,0.0,1.26,2.9,0.61,1.84,31.62,1.74,0.0,2.37,1.63,3.26,1.84,3.57,0.74,1.0,1.0,0.0,1.63,0.0,0
0.87,0.0,1.0,0.52,0.0,0.17,1.17,1.52,2.44,7.45,18.5,0.45,0.0,28.12,1.83,1.0,20.81,1.7,1.6,0.83,1.0,0.0,5.66,0.92,0.0,2.17,0.17,0
0.0,0.0,1.0,0.0,0.0,0.0,1.0,1.0,0.96,0.0,0.07,1.84,0.0,0.0,3.89,0.11,0.0,1.0,0.04,0.04,2.89,0.0,1.96,0.52,0.0,1.04,0.96,0
0.0,0.0,1.0,0.66,0.0,2.34,1.66,1.0,1.97,2.66,2.71,0.97,0.0,67.33,3.0,0.34,0.0,1.0,1.61,0.0,1.66,0.0,2.66,1.0,0.0,2.68,0.0,0
0.78,0.22,1.0,2.22,0.0,1.78,1.22,1.43,0.0,5.08,12.03,0.53,0.0,78.89,1.0,0.0,4.73,5.13,2.89,0.0,0.78,0.0,2.65,1.0,0.0,3.0,0.22,0
0.0,0.0,1.0,0.0,0.0,5.02,2.0,1.0,0.0,1.39,3.18,1.3,0.8,9.81,1.0,0.0,2.18,2.0,2.85,2.41,1.0,0.0,2.59,0.96,0.0,1.2,0.0,0
1.14,1.14,1.0,1.0,0.0,0.0,2.0,3.29,0.43,5.57,5.57,0.39,0.0,53.01,2.43,0.0,4.29,1.57,5.41,2.57,1.86,0.0,6.57,0.83,0.0,2.0,1.14,0
0.0,0.0,1.0,0.0,0.0,0.0,1.0,1.0,2.94,0.53,0.0,0.73,0.0,53.03,4.59,0.0,2.41,1.0,1.09,0.47,3.47,0.0,2.47,1.0,0.0,1.47,0.0,0
0.07,0.0,1.0,0.33,0.07,3.87,1.0,1.07,0.47,1.94,11.42,1.02,2.8,6.49,2.0,0.2,4.94,1.33,2.85,0.0,1.0,0.0,2.54,0.97,0.0,1.13,0.13,0
0.0,0.0,1.0,0.85,0.0,0.0,1.0,1.0,1.0,0.0,0.85,1.8,0.15,85.45,5.71,3.35,1.0,1.0,4.35,3.49,2.15,0.0,2.85,1.0,0.0,1.85,0.0,0
0.0,0.29,1.0,0.0,0.0,6.98,1.29,1.0,0.0,1.87,5.61,0.35,10.67,89.91,1.71,0.0,5.6,1.29,3.87,2.85,14.23,0.0,3.15,0.95,0.0,2.0,0.0,0
0.13,0.0,1.0,0.13,0.52,5.35,2.0,1.0,0.0,0.87,2.26,1.39,0.87,7.83,1.0,0.0,1.13,1.87,3.0,2.61,1.0,0.0,2.26,1.0,0.0,1.26,0.0,0
0.0,0.0,1.85,0.0,0.0,6.78,2.69,1.0,0.15,0.85,2.54,1.01,1.69,27.96,2.31,0.0,6.24,1.0,4.26,3.69,2.31,0.0,2.85,1.0,0.0,1.31,0.0,0
0.0,0.0,1.0,2.35,0.0,0.0,1.0,1.0,0.32,2.71,15.22,0.71,0.0,90.52,3.29,0.0,1.0,1.0,1.22,0.0,0.65,0.0,3.0,1.0,0.0,1.32,0.0,0
0.0,0.72,1.0,0.0,0.0,3.89,1.0,1.0,0.0,2.55,5.75,2.4,0.0,49.16,0.64,1.64,2.0,1.28,1.35,1.0,0.64,0.0,3.0,0.79,0.0,2.36,0.0,0
0.53,0.0,1.0,0.53,2.13,0.53,1.53,1.0,1.4,2.81,10.09,0.47,0.0,71.7,1.0,0.0,3.87,1.94,2.6,0.47,1.0,0.0,3.53,1.0,0.0,3.0,0.94,0
0.0,0.0,1.0,0.0,0.0,0.32,1.21,1.0,0.32,1.53,5.58,0.97,0.0,36.9,1.11,0.11,1.21,1.89,1.68,0.0,0.11,0.0,1.0,1.0,0.0,1.89,0.0,0
0.0,0.0,1.0,0.0,0.0,0.0,2.0,1.0,1.05,0.05,0.0,0.55,0.95,0.0,4.89,1.11,2.84,1.0,2.89,2.89,33.23,0.95,2.0,0.97,0.0,1.0,0.05,0
0.0,0.0,1.0,0.06,0.11,0.0,1.0,1.0,0.11,4.83,12.43,0.33,0.06,80.0,3.11,0.11,0.57,1.94,2.06,0.0,1.06,0.0,1.06,1.0,0.0,1.11,0.0,0
0.0,0.0,1.0,0.0,0.0,0.0,1.15,1.0,0.15,0.85,2.56,0.87,0.59,28.17,2.85,0.0,5.15,1.0,3.14,2.85,2.73,0.15,1.29,0.95,0.0,2.0,0.15,0
0.0,0.0,1.0,0.99,0.0,0.0,1.99,2.99,0.99,1.99,16.91,0.23,0.0,65.58,1.99,0.0,10.93,2.0,3.93,1.0,1.01,0.0,5.97,0.83,0.0,1.99,1.99,0
0.0,0.0,1.78,12.11,2.33,0.0,1.78,1.0,1.55,5.33,24.77,0.19,0.0,91.0,2.0,2.33,5.78,4.11,11.87,0.22,1.0,0.0,5.89,0.89,0.0,2.22,2.33,0
0.0,0.0,1.0,1.0,1.87,0.06,2.0,1.94,4.13,5.74,4.68,0.26,0.94,87.21,4.81,0.13,7.62,1.94,2.67,0.06,1.94,0.0,5.74,0.69,0.0,2.06,0.94,1
0.0,0.0,1.0,0.0,0.0,4.13,1.0,1.0,0.0,0.87,6.57,1.31,0.57,17.78,3.0,0.43,3.96,1.0,2.03,0.0,1.0,0.0,2.0,1.0,0.0,2.87,0.57,0
0.81,0.0,1.0,0.19,0.0,1.81,1.81,1.0,2.43,4.19,5.85,0.38,0.81,77.09,4.43,0.0,2.33,1.0,4.06,0.19,1.0,0.0,2.81,1.0,0.0,2.19,0.81,0
8.46,0.89,1.0,0.0,0.0,0.89,1.7,1.7,0.7,2.11,4.23,1.56,0.0,40.17,1.41,0.3,3.11,1.41,2.4,0.3,0.7,0.0,3.3,0.77,0.0,1.7,1.41,1
0.0,0.0,1.0,0.43,0.0,2.27,1.0,1.0,0.0,0.43,6.57,1.19,0.57,32.39,2.57,2.16,3.14,1.0,4.05,0.0,1.0,0.0,2.0,1.0,0.0,1.86,0.0,0
0.17,0.0,1.0,1.33,1.0,0.66,2.0,1.0,9.0,7.51,13.83,0.31,0.0,85.66,1.0,3.0,10.0,1.0,4.6,0.17,0.17,0.0,6.0,0.72,0.0,2.0,0.17,1
0.0,0.0,1.0,0.0,0.0,4.0,1.0,1.0,0.0,0.0,7.0,0.87,1.0,0.02,3.0,0.0,8.0,1.0,2.57,0.0,1.0,0.0,2.0,1.0,0.0,2.0,1.0,0
0.0,0.35,1.0,1.05,0.0,2.3,2.0,1.7,0.0,6.39,9.32,0.69,0.65,48.36,1.0,0.0,4.48,1.35,4.31,1.3,1.95,0.0,3.7,1.0,0.0,3.0,0.35,0
0.0,0.0,1.0,1.52,0.0,0.76,1.0,1.0,0.76,7.62,21.04,0.66,0.0,67.8,1.76,0.76,4.57,2.0,1.69,1.0,1.24,0.0,4.29,1.0,0.0,1.76,1.52,0
0.0,0.0,1.0,0.0,0.0,0.0,1.0,1.0,0.3,0.0,1.39,3.33,0.0,0.0,1.91,2.09,0.0,1.0,0.7,0.7,0.3,0.0,1.0,1.0,0.0,2.3,0.0,0
0.0,0.0,1.0,0.47,0.0,3.2,1.47,1.0,1.86,2.33,5.6,0.8,0.53,32.61,2.53,0.0,5.19,1.0,1.92,0.0,0.53,0.0,3.93,0.64,0.0,3.07,0.47,0
0.0,0.0,1.0,0.0,0.0,4.79,1.0,1.0,0.0,0.0,7.0,1.13,1.0,0.0,3.0,0.0,6.38,1.0,2.57,0.0,1.0,0.0,2.0,1.0,0.0,1.0,1.0,0
0.0,0.0,1.0,0.4,0.0,4.6,1.4,1.0,0.8,1.21,4.59,0.88,1.4,16.49,2.6,0.4,5.39,1.0,2.88,0.0,1.0,0.0,2.0,1.0,0.0,2.4,0.6,0
0.0,6.62,1.0,0.0,0.0,2.26,1.26,1.0,0.0,1.32,0.53,1.83,0.26,10.56,1.74,0.74,0.26,1.0,1.19,0.53,0.79,0.0,3.74,1.0,0.0,3.0,0.0,0
0.0,0.0,1.0,0.0,0.01,0.0,2.0,1.0,0.01,1.99,4.02,0.47,0.0,49.9,1.02,0.0,1.99,1.99,2.25,0.0,1.0,0.0,1.01,1.0,0.0,2.0,0.01,0
0.0,0.0,1.0,0.58,0.0,4.27,1.42,1.0,3.45,2.15,0.85,1.04,1.58,37.97,2.73,6.9,1.0,1.42,4.92,1.85,1.0,0.0,2.58,1.0,0.0,2.15,0.0,0
3.47,0.0,1.0,0.0,0.0,0.71,2.0,1.29,0.29,3.0,7.42,0.32,0.0,52.02,1.29,0.0,6.13,2.0,2.42,0.0,1.0,0.0,4.42,0.76,0.0,2.0,0.58,0
0.0,0.0,0.76,0.76,0.0,0.0,0.76,1.0,0.76,0.0,0.76,2.18,0.0,75.52,4.02,0.24,0.76,1.0,0.76,0.0,2.27,0.0,2.51,1.0,0.0,1.24,0.0,0
2.71,1.65,1.0,1.35,0.18,0.0,1.82,4.29,0.18,8.65,12.17,0.18,0.0,75.76,2.0,0.0,2.82,1.82,3.72,0.0,1.0,0.0,8.59,0.75,0.0,2.0,1.82,1
0.85,1.71,1.0,0.85,0.0,0.0,1.85,2.71,1.29,19.68,34.95,0.15,0.85,90.98,1.0,0.0,10.27,2.15,2.51,0.15,1.0,0.0,8.13,0.81,0.0,3.0,2.0,1
0.0,0.75,1.0,0.75,0.0,0.75,1.0,1.0,0.0,2.25,20.96,1.41,0.0,68.13,0.75,1.0,2.5,1.5,1.57,0.25,0.0,0.0,4.0,1.0,0.0,1.0,0.0,0
0.4,0.0,1.0,0.6,0.0,0.0,1.4,2.2,5.0,6.19,7.02,0.27,0.4,78.0,2.6,0.0,9.61,1.6,2.42,0.0,0.4,0.0,2.81,1.0,0.0,1.6,0.0,0
0.0,0.0,1.0,1.0,0.0,0.0,1.0,1.0,1.64,4.28,10.92,0.45,0.0,61.87,3.0,1.64,3.46,1.0,4.54,0.82,1.0,0.0,2.0,1.0,0.0,2.18,1.64,0
0.0,0.0,1.0,0.39,0.0,0.0,2.0,1.0,1.0,0.0,1.61,0.61,0.39,39.04,3.17,0.0,2.61,1.0,1.0,0.0,2.39,0.0,2.39,1.0,0.0,2.0,0.39,0
0.0,0.9,1.0,0.0,0.1,0.0,1.1,1.0,0.2,3.59,3.41,0.56,0.0,22.46,1.1,0.9,2.9,1.9,2.72,0.9,1.0,0.0,2.0,1.0,0.0,2.1,0.0,0
0.0,0.0,1.0,0.42,0.0,0.0,1.58,1.58,1.0,1.17,2.75,0.97,0.0,70.77,2.66,0.0,2.17,1.58,1.82,0.58,1.0,0.0,3.0,1.0,0.0,2.0,0.0,0
0.0,0.0,1.0,0.0,0.12,5.31,2.0,1.0,0.12,1.0,2.46,1.39,0.88,4.84,1.23,0.0,1.0,1.88,2.9,2.65,1.0,0.0,2.0,1.0,0.0,1.12,0.12,0
0.0,0.54,1.0,0.0,0.0,2.31,1.0,1.0,0.0,0.0,0.46,3.06,0.0,0.0,0.46,0.54,2.39,0.92,0.54,0.54,0.46,0.0,1.46,1.0,0.0,2.0,0.0,0
0.0,0.0,1.0,0.0,0.0,0.24,1.0,1.0,0.76,0.24,1.2,1.72,0.0,9.59,3.52,0.0,0.0,1.48,0.14,0.0,2.52,0.0,1.76,0.62,0.0,1.48,0.76,0
0.0,0.0,1.0,0.0,0.0,5.0,1.0,1.0,0.0,0.0,7.0,1.05,1.0,0.0,3.0,0.0,7.0,1.0,2.57,0.0,1.0,0.0,2.0,1.0,0.0,1.31,1.0,0
0.0,0.0,1.0,0.03,0.0,0.0,2.0,1.0,1.1,0.17,2.07,0.58,0.0,2.35,2.0,0.0,3.24,1.0,1.11,0.0,1.93,0.0,2.1,1.0,0.0,2.0,0.03,0
1.13,0.0,1.0,1.38,0.19,0.0,1.0,1.0,1.0,1.31,5.88,1.34,0.0,97.0,4.44,0.0,1.19,1.0,1.4,0.0,1.81,0.0,2.81,1.0,0.0,2.0,0.19,0
0.0,0.0,1.0,0.01,0.0,0.0,1.0,1.02,5.0,3.02,11.0,0.32,0.0,77.01,1.02,8.91,3.09,1.01,3.54,0.99,0.99,0.0,1.03,1.0,0.0,2.0,0.0,0
0.0,0.0,1.0,0.67,0.0,1.32,1.67,1.0,0.67,0.0,2.98,1.04,1.0,67.03,4.01,0.33,1.99,1.0,2.09,0.67,1.67,0.0,2.67,0.78,0.0,2.34,0.33,0
0.0,0.0,1.0,0.0,0.0,0.63,1.0,1.0,0.84,0.0,1.11,3.1,0.16,0.0,3.16,0.79,2.32,1.0,0.97,0.0,1.84,0.0,1.16,1.0,0.0,2.16,0.0,0
0.0,1.96,1.0,0.02,0.0,8.85,1.0,1.0,0.04,0.02,0.04,4.8,0.04,0.92,0.04,0.98,1.96,0.02,1.02,0.98,0.02,0.0,3.02,1.0,0.0,2.98,0.0,0
0.0,0.0,1.0,0.6,0.0,3.4,1.0,1.0,3.6,1.8,2.8,0.94,1.6,39.56,3.2,7.59,2.2,1.0,5.11,0.6,1.0,0.0,2.6,1.0,0.0,2.2,0.4,0
0.0,0.0,1.0,0.0,0.0,3.88,1.0,1.0,0.0,1.7,4.97,1.03,0.0,32.67,1.0,0.85,2.58,2.0,1.52,1.0,5.03,0.0,2.42,0.86,0.0,2.0,0.0,0
1.0,0.91,1.0,1.82,1.82,0.0,2.18,11.09,6.09,1.36,63.84,0.09,0.09,95.46,3.0,9.28,10.91,2.0,5.26,0.0,0.0,0.0,4.73,0.82,0.0,1.91,1.82,1
0.0,0.0,1.0,0.93,0.0,14.04,2.86,1.0,0.0,0.07,1.27,0.77,10.25,2.74,4.79,0.0,1.86,1.14,1.9,1.86,16.84,0.93,1.93,1.0,0.0,3.0,0.0,0
0.0,0.0,1.0,0.96,0.0,0.17,1.0,1.0,0.96,0.0,1.25,1.58,0.04,95.83,4.87,0.0,1.13,1.0,1.07,0.0,2.92,0.0,2.96,1.0,0.0,1.0,0.04,0
0.0,4.04,1.0,0.0,0.0,1.38,1.81,1.0,0.0,2.42,6.46,0.96,0.0,40.39,0.81,0.58,5.65,1.62,1.91,0.0,0.81,0.0,4.81,0.79,0.0,2.19,0.19,0
0.0,0.0,1.0,0.0,0.0,5.0,2.0,1.0,0.0,0.0,7.0,0.78,2.0,0.0,3.0,0.0,6.96,1.0,2.57,0.0,1.0,0.0,2.04,1.0,0.0,1.0,1.0,0
0.0,0.0,1.0,1.0,0.0,0.0,1.0,1.0,1.53,2.65,6.83,0.92,0.0,78.28,3.94,1.06,2.59,1.0,2.59,0.53,1.94,0.0,2.47,1.0,0.0,1.53,1.06,0
0.0,4.61,1.08,0.0,0.0,0.0,2.0,1.92,0.0,8.38,8.54,0.22,0.0,59.76,1.08,0.0,3.77,1.0,3.38,0.92,1.0,0.0,3.85,0.77,0.0,1.15,0.92,0
0.0,0.0,1.0,0.34,0.0,1.7,1.0,1.0,1.02,1.34,2.32,0.98,0.0,41.48,3.68,0.0,3.3,1.0,3.05,1.98,1.66,0.0,1.68,1.0,0.0,2.34,0.0,0
0.0,0.0,1.0,0.0,0.27,4.27,1.27,1.0,0.0,0.0,7.55,1.68,1.68,0.0,3.41,0.41,5.09,1.0,2.29,0.0,1.14,0.0,2.14,1.0,0.0,1.14,0.27,0
0.0,0.0,1.0,0.0,0.0,4.59,1.0,1.0,0.0,0.0,7.0,1.33,1.0,0.0,2.41,0.0,4.0,1.0,2.57,0.0,1.0,0.0,2.59,1.0,0.0,1.0,0.41,0
1.72,0.0,1.0,1.03,0.0,0.34,1.34,2.03,4.82,15.05,27.11,0.58,0.0,39.93,1.66,1.66,27.42,2.38,3.9,1.97,1.0,0.0,8.58,0.85,0.0,2.34,0.34,1
0.0,0.0,1.0,0.64,1.36,3.6,2.0,1.0,0.96,3.72,43.45,0.54,2.36,78.96,4.04,2.04,8.17,1.0,2.98,0.32,1.68,0.0,5.09,0.9,0.0,1.68,2.04,0
0.0,0.0,1.0,1.0,0.0,0.53,1.26,1.0,1.53,0.79,1.0,1.33,0.0,94.98,3.74,0.0,0.74,1.0,1.2,0.0,2.0,0.0,3.0,1.0,0.0,1.26,0.0,0
0.0,0.0,1.0,1.52,0.0,0.52,1.0,1.48,1.96,5.67,14.48,0.39,0.48,70.22,2.96,0.52,8.41,2.0,2.11,1.48,1.0,0.0,3.56,1.0,0.0,2.0,1.04,0
0.2,0.0,1.0,0.0,0.2,0.0,1.0,1.0,0.0,0.0,1.0,2.34,0.0,0.0,2.61,0.0,0.59,1.0,0.29,0.0,1.8,0.0,1.39,1.0,0.0,1.2,0.0,0
0.0,3.15,1.0,0.0,0.0,0.0,1.63,1.63,0.0,6.04,8.26,0.3,0.0,44.23,1.37,0.37,6.22,1.0,2.68,1.0,1.0,0.0,3.26,0.84,0.0,1.37,0.63,0
0.0,0.0,1.61,0.0,0.0,5.28,2.61,1.0,0.0,0.61,2.22,1.46,1.22,20.19,2.39,0.0,5.06,1.0,4.02,3.61,3.16,0.39,3.0,0.87,0.0,1.0,0.39,0
0.0,0.0,1.0,0.0,0.0,0.0,1.0,1.0,2.94,5.83,16.53,0.44,0.0,82.66,1.08,0.0,5.83,2.94,2.09,0.97,1.03,0.0,2.97,1.0,0.0,2.97,1.94,0
0.0,0.0,1.0,0.34,0.0,2.65,1.0,1.0,0.68,1.69,8.69,0.68,0.66,19.99,3.0,0.68,6.65,1.0,3.06,0.34,1.0,0.0,2.0,1.0,0.0,2.0,1.34,0
0.91,0.0,1.0,0.0,0.0,0.91,1.0,1.0,0.0,0.18,2.36,0.48,0.91,1.43,2.09,0.0,0.18,1.0,1.51,1.09,1.0,0.0,1.09,1.0,0.0,2.09,0.0,0
0.36,0.0,1.0,0.0,0.36,0.0,1.0,1.0,0.0,0.0,1.64,2.49,0.0,0.0,1.0,1.92,1.08,1.0,1.18,0.64,0.36,0.0,1.72,1.0,0.0,2.0,0.0,0
0.0,0.82,1.0,0.0,0.0,0.91,1.18,1.0,0.0,0.0,1.28,4.4,0.36,0.0,0.55,1.64,1.28,0.18,1.29,0.82,0.18,0.0,1.18,1.0,0.0,2.64,0.18,0
0.0,1.35,1.0,0.77,0.0,3.87,1.23,1.0,2.32,2.0,0.77,0.95,0.0,52.37,4.1,0.0,0.68,1.0,2.73,0.23,1.0,0.0,3.23,0.94,0.0,2.77,0.0,0
0.0,0.0,1.0,1.07,0.0,2.4,1.0,1.0,0.53,5.34,17.67,1.08,0.47,47.5,2.47,0.53,5.07,1.53,2.13,0.53,1.0,0.0,3.6,1.0,0.0,2.47,1.07,0
0.69,0.0,1.0,1.0,2.74,0.69,1.69,1.31,0.94,0.31,3.06,0.51,0.31,56.86,1.94,0.0,4.83,1.31,2.84,0.63,1.0,0.0,3.37,1.0,0.0,2.69,0.0,0
0.0,0.0,1.0,0.14,0.0,0.0,1.0,1.14,2.14,1.86,5.86,0.48,0.0,65.39,1.14,1.71,0.58,2.0,1.93,0.86,0.86,0.0,2.14,1.0,0.0,2.14,0.0,0
0.0,0.0,1.0,0.0,0.0,1.09,1.0,1.0,0.78,0.0,1.52,1.51,0.22,0.0,3.57,0.0,1.65,1.0,3.69,3.13,2.57,0.0,1.43,1.0,0.0,2.57,0.0,0
0.0,0.25,1.0,2.25,0.0,4.0,2.75,1.5,0.0,2.25,6.5,0.57,0.0,15.99,2.5,0.0,2.75,1.25,3.99,3.0,12.75,0.75,3.5,0.75,0.0,2.25,1.0,0
0.88,1.75,1.0,0.88,0.0,0.0,1.88,2.75,1.0,19.29,33.32,0.32,0.88,80.68,1.37,0.0,9.65,1.88,2.25,0.0,1.25,0.0,8.14,0.74,0.0,2.75,1.88,1
0.0,2.8,1.0,0.07,0.0,2.8,1.07,1.0,0.07,0.07,0.07,4.71,0.0,1.65,0.2,0.93,1.33,0.07,1.74,1.33,0.2,0.0,3.87,1.0,0.0,1.07,0.0,0
0.0,0.0,1.0,1.02,0.0,0.34,1.34,1.68,3.39,1.02,24.86,0.2,0.0,33.87,1.0,1.66,19.55,2.0,0.7,0.34,1.0,0.0,3.02,1.0,0.0,1.34,0.34,0
0.0,15.25,1.0,0.0,0.0,3.27,1.0,1.0,0.0,0.0,1.92,2.79,0.27,0.0,0.82,2.18,1.37,0.27,1.05,0.0,0.27,0.0,3.45,0.82,0.0,2.45,0.73,0
0.0,0.0,1.0,0.0,0.63,0.0,1.63,1.0,1.26,0.0,4.77,1.24,0.0,0.0,2.37,0.0,1.26,1.0,0.14,0.0,1.37,0.0,1.63,1.0,0.0,2.26,0.0,0
0.0,10.54,1.0,0.0,0.0,3.01,1.0,1.0,0.0,1.0,3.49,3.33,0.0,24.9,0.5,1.0,1.0,0.5,5.77,1.0,0.5,0.0,2.51,0.87,0.0,1.5,0.0,0
0.0,0.0,1.0,0.7,0.0,0.0,1.7,1.0,0.7,0.3,2.52,0.75,0.7,79.58,3.78,0.0,1.7,1.3,1.15,0.0,2.09,0.0,2.39,1.0,0.0,2.0,0.7,0
0.57,0.0,1.0,0.0,0.0,2.28,1.0,1.0,0.0,0.0,4.13,0.85,1.0,0.0,2.43,0.0,1.7,1.0,1.86,0.57,1.0,0.0,1.43,1.0,0.0,1.57,0.0,0
0.0,0.0,1.0,0.0,0.0,0.39,1.0,1.0,2.06,1.06,0.39,0.96,0.0,97.47,5.74,0.0,1.13,1.0,0.59,0.06,2.87,0.0,1.94,1.0,0.0,1.0,0.0,0
0.0,2.72,1.0,0.09,0.0,0.0,1.0,1.0,0.09,0.0,0.09,2.2,0.0,9.43,0.47,1.81,0.09,0.09,0.4,0.0,0.19,0.0,2.09,1.0,0.0,1.09,0.0,0
0.0,0.0,1.0,1.45,0.0,0.0,1.0,1.0,0.78,0.89,5.68,1.49,0.0,96.88,5.11,0.0,1.0,1.0,1.07,0.0,0.78,0.0,3.0,1.0,0.0,1.0,0.0,0
0.0,0.0,1.0,0.11,0.89,1.67,2.11,1.0,1.78,0.0,6.33,0.43,1.23,0.0,2.33,0.0,2.0,1.0,0.42,0.22,2.89,0.11,2.0,1.0,0.0,3.0,0.0,0
0.0,0.0,1.0,0.0,0.0,0.0,1.0,1.0,0.55,0.45,2.71,1.16,0.0,14.92,3.1,0.0,0.55,1.0,2.57,2.19,2.1,0.0,1.45,1.0,0.0,2.1,0.0,0
0.0,0.0,1.0,0.75,0.0,0.75,1.0,1.0,0.0,1.0,13.02,0.65,0.0,41.14,1.75,0.0,5.74,1.25,4.78,1.0,1.0,0.0,3.25,1.0,0.0,2.0,0.25,0
0.5,0.0,1.0,2.99,0.5,0.99,1.5,1.5,3.98,14.4,36.74,0.72,0.5,98.51,3.51,1.49,9.44,3.48,4.08,0.5,1.5,0.0,6.47,0.58,0.0,3.0,0.99,1
0.0,0.0,1.0,0.6,0.0,0.0,1.0,1.0,0.4,0.6,3.62,1.16,0.0,45.27,3.0,0.0,1.0,1.0,4.23,0.0,2.19,0.0,1.6,1.0,0.0,3.0,0.0,0
0.0,0.0,1.0,0.0,0.0,0.6,1.0,1.0,0.0,0.85,7.0,0.8,0.15,0.0,1.15,0.0,2.3,1.85,1.48,0.85,1.0,0.0,1.15,1.0,0.0,2.7,0.15,0
1.58,1.58,1.0,0.79,0.0,0.21,2.21,4.17,0.42,7.34,7.34,0.24,0.42,65.48,2.83,0.0,3.83,1.79,3.46,0.21,1.21,0.21,8.75,0.76,0.0,2.0,1.79,1
0.0,0.0,1.0,0.0,0.37,0.0,2.0,1.63,1.0,1.63,4.75,0.43,0.0,47.01,1.75,0.0,2.25,1.63,2.3,0.63,1.0,0.0,2.63,1.0,0.0,2.0,0.37,0
0.0,0.0,1.0,0.0,0.0,0.68,1.0,1.0,0.32,1.35,2.03,2.22,0.0,22.33,1.97,0.0,1.35,1.68,1.13,0.68,1.0,0.0,1.0,1.0,0.0,2.32,0.0,0
0.0,0.84,1.0,0.0,0.0,1.56,1.0,1.0,0.0,6.49,13.71,1.84,0.0,63.49,0.72,0.28,4.61,1.44,1.55,0.28,0.72,0.0,5.44,0.64,0.0,1.72,0.0,1
0.0,0.23,1.0,0.7,0.0,0.23,1.23,1.47,0.77,2.11,5.39,1.42,0.0,15.0,3.3,0.0,2.58,1.23,0.93,0.0,2.3,0.0,2.7,0.62,0.0,1.47,1.0,0
0.0,0.0,0.8,0.0,0.0,3.18,0.8,1.0,0.0,0.0,5.57,1.85,0.8,0.0,1.8,0.2,3.18,1.0,2.04,0.0,0.8,0.0,1.8,1.0,0.0,1.2,0.8,0
0.0,0.0,1.0,0.72,0.0,0.72,1.0,1.0,0.0,1.0,14.82,0.7,0.0,65.49,2.0,0.0,5.01,1.0,4.27,0.72,0.72,0.0,3.0,1.0,0.0,1.72,0.0,0
0.0,0.0,1.0,0.96,0.0,0.0,1.09,1.0,1.91,0.0,1.96,0.46,0.22,47.82,2.04,0.0,6.83,1.0,2.61,1.17,2.26,0.09,1.96,1.0,0.0,2.91,0.0,0
0.0,4.04,1.0,0.55,0.0,2.55,1.0,1.0,0.55,1.1,3.3,1.11,1.65,23.13,2.55,1.55,0.55,1.0,1.97,0.0,0.55,0.0,4.55,0.89,0.0,2.45,0.0,0
0.0,0.0,1.0,0.0,0.94,0.0,1.94,1.0,1.94,0.0,6.55,0.58,0.0,0.0,2.13,0.0,1.87,1.0,0.21,0.0,1.0,0.0,1.94,1.0,0.0,3.0,0.0,0
2.48,0.0,1.0,1.99,1.01,0.5,1.5,2.49,7.95,18.84,37.21,0.52,0.0,84.92,3.52,0.5,36.71,2.98,2.16,0.0,1.5,0.0,12.92,0.78,0.0,2.5,0.5,1
1.84,0.0,1.0,0.85,0.0,3.39,2.0,1.15,1.85,3.0,1.77,0.54,1.69,43.45,2.0,0.85,3.15,1.15,3.26,0.0,1.0,0.0,2.15,0.95,0.0,2.85,0.31,0
0.0,0.0,1.0,0.0,0.0,0.0,1.0,1.0,0.3,0.7,2.1,1.04,0.0,23.06,3.0,0.0,3.8,1.0,2.33,2.1,2.6,0.0,1.0,1.0,0.0,2.3,0.0,0
0.0,0.39,1.0,1.16,1.23,4.07,2.61,1.77,0.0,3.47,15.63,0.25,3.68,24.71,4.07,1.84,11.61,1.39,1.86,0.0,1.23,0.0,3.77,1.0,0.0,2.39,1.61,0
0.0,0.0,1.0,1.19,0.0,0.26,2.19,1.0,0.94,0.06,1.13,0.62,1.26,94.83,5.0,0.06,1.94,1.0,1.23,0.13,3.06,0.06,2.87,1.0,0.0,2.0,0.94,0
0.0,0.86,1.0,1.0,0.0,0.43,1.21,1.0,1.21,0.86,1.64,1.36,0.0,93.13,4.36,0.0,1.86,1.0,1.32,0.0,2.57,0.0,3.43,0.91,0.0,1.21,0.0,0
0.0,0.0,1.0,0.11,0.89,0.0,1.89,1.11,1.23,0.11,1.0,1.29,0.11,5.64,3.11,0.0,3.02,1.11,0.73,0.23,2.77,0.0,1.11,1.0,0.0,2.0,0.0,0
0.72,0.0,1.0,2.15,4.3,4.28,2.0,1.0,2.86,0.0,11.3,0.69,0.57,67.32,1.57,5.73,9.15,1.0,4.99,0.72,1.0,0.0,5.15,1.0,0.0,1.72,1.0,0
0.0,1.18,1.0,0.0,0.0,5.41,1.0,1.0,0.0,0.41,1.22,3.35,0.0,0.0,0.41,0.59,0.59,0.82,1.41,1.0,1.0,0.0,1.59,1.0,0.0,1.59,0.0,0
0.0,0.0,1.0,0.0,0.0,1.52,2.0,1.0,0.78,0.0,2.0,0.71,0.0,0.0,1.78,0.0,2.35,1.22,1.33,0.44,2.65,0.0,2.0,1.0,0.0,2.0,0.0,0
0.0,0.0,1.0,0.0,0.24,0.0,2.0,1.0,1.0,0.24,2.94,0.54,0.0,9.89,2.24,0.0,2.53,1.0,1.27,0.0,1.76,0.0,2.0,1.0,0.0,2.0,0.24,0
0.0,0.0,1.0,0.57,0.0,0.43,2.0,1.0,0.57,0.0,1.0,1.38,0.57,57.32,4.15,0.0,2.0,1.0,1.85,1.28,3.85,0.43,3.0,0.86,0.0,1.57,1.0,0
0.0,0.0,1.0,0.52,0.0,1.9,1.0,1.0,0.52,0.0,3.86,1.4,1.43,52.41,3.57,0.0,2.43,1.0,1.75,0.0,1.0,0.0,2.52,1.0,0.0,1.52,0.0,0
0.53,0.0,1.0,0.47,0.47,0.0,2.0,1.47,3.37,3.85,7.32,0.3,1.0,66.61,1.47,0.95,7.32,2.0,3.0,1.05,0.53,0.0,2.0,1.0,0.0,1.53,0.0,0
0.0,0.0,1.0,0.0,0.0,0.0,2.0,1.29,1.0,1.29,1.87,0.66,0.0,14.55,1.71,0.0,3.0,1.29,1.76,1.0,1.71,0.0,2.29,1.0,0.0,2.0,0.0,0
0.0,0.0,1.0,0.0,0.0,0.61,1.31,1.0,0.31,1.69,5.69,0.75,0.0,54.89,1.0,0.0,0.61,1.69,4.06,0.61,0.69,0.0,1.61,1.0,0.0,1.31,1.0,0
0.0,1.66,1.0,0.0,0.0,1.66,1.0,1.0,0.45,0.0,0.0,4.25,0.0,0.0,1.34,0.55,1.45,0.45,0.74,0.55,0.89,0.0,2.66,1.0,0.0,1.45,0.0,0
0.0,0.0,1.0,0.52,0.0,0.0,1.52,1.0,0.52,1.44,1.96,0.71,0.52,57.21,3.56,0.96,2.96,1.0,2.6,1.44,2.04,0.0,2.04,1.0,0.0,2.0,0.52,0
0.0,0.19,1.0,0.0,0.0,0.47,1.0,1.0,1.81,1.81,5.43,0.8,0.0,61.57,0.91,1.91,0.09,1.81,2.02,1.0,1.0,0.0,2.0,1.0,0.0,2.0,0.0,0
0.0,0.0,1.0,1.0,0.0,0.0,1.0,1.0,1.0,0.0,1.01,1.62,0.0,99.9,5.0,0.0,1.0,1.0,1.0,0.0,3.0,0.0,3.0,1.0,0.0,2.0,0.0,0
0.0,0.0,1.0,0.28,0.0,0.0,1.0,1.0,1.0,0.0,0.28,2.91,0.0,27.77,4.28,0.0,0.28,1.0,0.28,0.0,1.56,0.0,1.56,1.0,0.0,2.44,0.0,0
1.0,0.0,1.0,0.0,0.0,0.82,1.55,1.18,3.13,0.92,3.84,0.39,1.0,16.58,2.18,0.37,0.0,1.18,1.5,0.82,0.82,0.0,1.18,1.0,0.0,1.82,0.0,0
1.98,0.0,1.0,0.01,0.99,6.95,1.0,2.98,5.96,0.99,8.94,0.76,1.98,33.52,3.02,1.98,2.98,1.0,2.46,0.0,1.01,0.0,2.01,1.0,0.0,2.0,0.99,0
0.0,0.0,1.0,0.33,0.0,0.0,2.33,1.0,2.33,0.67,0.67,0.59,1.33,33.36,2.67,0.67,2.0,1.0,1.5,1.33,3.33,0.33,2.0,1.0,0.0,2.0,0.0,0
0.7,0.7,1.0,1.4,1.4,1.51,1.7,8.67,3.49,0.7,50.26,0.38,0.3,66.98,3.0,6.98,10.49,1.7,4.66,0.0,0.3,0.0,4.09,0.86,0.0,1.7,1.7,1
0.0,0.0,1.0,0.0,0.0,0.0,1.0,1.0,3.87,5.74,12.2,0.83,0.0,61.73,2.28,1.44,1.44,1.72,1.31,0.72,0.28,0.0,1.0,1.0,0.0,1.56,0.0,0
0.0,0.0,1.0,1.0,0.0,0.0,1.0,1.0,1.0,0.01,1.08,1.35,0.0,99.96,4.98,0.0,1.02,1.0,1.0,0.0,1.99,0.0,3.0,1.0,0.0,2.0,0.0,0
0.2,0.0,1.0,0.2,0.0,4.4,1.0,1.0,0.4,0.0,5.4,1.14,3.21,18.11,2.0,18.37,2.8,1.0,21.39,20.77,3.4,0.0,2.2,1.0,0.0,1.8,0.0,0
1.78,0.67,1.0,0.0,0.0,0.89,1.11,2.78,2.66,3.78,5.33,0.24,1.78,57.87,4.55,0.0,12.77,1.89,4.02,0.11,1.89,0.0,3.11,0.97,0.0,1.11,0.0,0
1.9,0.0,1.0,0.0,0.95,7.1,1.0,2.9,5.71,1.0,8.62,0.73,2.62,36.22,2.95,1.9,3.0,1.0,2.54,0.19,1.91,0.0,2.0,1.0,0.0,2.0,0.95,0
0.0,0.0,1.0,0.0,0.0,3.96,1.0,1.0,0.0,1.7,5.75,0.81,0.0,27.26,1.68,0.0,1.98,2.0,1.7,0.66,5.61,0.0,1.66,1.0,0.0,1.66,0.0,0
0.0,0.0,1.0,0.0,0.41,0.59,1.41,1.0,0.41,1.59,7.18,0.61,0.0,46.73,1.82,0.0,2.77,1.59,1.76,0.0,1.0,0.0,3.18,1.0,0.0,2.59,0.41,0
0.0,0.0,1.0,0.0,0.0,3.53,2.0,1.98,0.98,1.96,5.04,0.95,1.02,32.32,2.51,0.0,4.55,1.49,2.29,0.0,1.0,0.0,2.49,0.84,0.0,1.49,0.51,0
0.0,0.8,1.0,0.0,0.0,4.0,1.0,1.0,0.0,0.0,4.18,2.88,0.6,0.0,1.79,0.8,2.79,0.6,1.94,0.4,0.6,0.0,1.6,1.0,0.0,1.4,0.6,0
0.6,1.81,1.6,3.57,0.6,1.21,2.81,2.81,1.21,13.86,7.59,0.31,1.21,79.18,2.0,1.21,5.0,1.6,8.81,1.0,1.0,0.0,2.6,1.0,0.0,2.4,0.0,0
0.0,0.0,1.0,0.0,0.0,4.22,1.0,1.0,0.0,0.0,6.55,0.98,1.22,0.0,2.78,5.17,6.88,1.0,7.93,5.85,1.67,0.0,2.0,1.0,0.0,2.0,0.78,0
0.0,0.0,1.0,0.0,0.0,2.74,1.81,1.0,0.81,1.0,4.63,1.01,0.0,53.72,1.0,0.0,1.63,1.19,6.88,1.81,0.19,0.0,2.63,1.0,0.0,1.81,0.81,0
0.0,0.0,1.0,0.0,0.0,0.0,1.0,1.0,0.05,0.95,5.73,1.03,0.11,31.22,1.11,0.0,1.11,1.95,1.53,0.0,0.11,0.0,1.05,0.97,0.0,2.11,0.0,0
0.0,0.0,1.0,0.0,0.0,2.02,1.33,1.0,1.0,0.0,0.0,1.57,1.3,0.0,3.35,1.35,2.63,1.0,1.33,1.33,4.98,0.33,1.65,0.89,0.0,2.67,0.33,0
0.0,0.0,1.0,0.95,0.0,9.59,1.05,1.0,0.0,0.14,1.32,0.48,14.31,2.3,2.91,0.0,1.28,1.05,2.97,2.86,19.13,0.0,3.09,0.99,0.0,2.0,0.0,0
0.09,0.0,1.09,2.24,0.0,0.91,1.26,1.0,2.35,2.59,0.44,0.79,1.09,30.3,3.74,0.0,5.65,1.09,1.97,0.91,5.65,0.0,2.09,0.97,0.0,1.91,0.09,0
0.0,0.0,1.0,0.0,0.16,0.0,1.16,1.0,0.16,0.84,2.69,0.99,0.0,27.83,3.0,0.0,4.53,1.0,2.89,2.53,2.16,0.0,1.0,1.0,0.0,2.0,0.0,0
0.61,0.0,1.0,0.0,0.0,2.85,1.05,1.05,0.05,2.05,6.0,1.57,0.0,41.81,2.95,0.95,0.2,1.05,1.41,0.0,1.0,0.0,2.05,0.98,0.0,3.9,0.1,0
0.0,0.62,1.0,0.0,0.0,0.38,1.77,1.0,0.77,0.38,0.38,3.36,0.77,12.7,2.31,1.23,2.69,0.38,1.38,1.0,0.77,0.38,2.15,1.0,0.0,2.62,0.38,0
0.0,2.79,1.0,0.0,0.0,0.0,1.0,1.0,0.07,0.0,0.0,2.25,0.0,0.0,0.28,1.86,0.0,0.07,0.31,0.0,0.21,0.0,2.0,0.97,0.0,1.0,0.07,0
0.57,0.0,1.0,1.7,3.39,4.43,2.0,1.0,2.26,0.0,10.39,0.74,0.87,53.14,1.87,4.52,8.7,1.0,4.48,0.57,1.0,0.0,4.26,1.0,0.0,1.57,1.0,0
0.64,0.0,1.0,0.0,0.0,1.27,2.0,1.36,2.27,3.27,3.36,0.36,0.64,65.93,3.55,0.0,1.73,1.36,2.69,0.36,1.0,0.0,3.0,1.0,0.0,2.0,0.64,0
0.0,0.0,1.0,0.0,0.0,0.0,1.0,1.0,1.0,0.0,0.0,1.58,0.0,0.0,4.0,0.0,1.0,1.0,4.0,4.0,3.0,0.0,1.0,1.0,0.0,3.0,0.0,0
0.0,0.0,1.0,0.0,0.0,0.0,1.94,1.0,0.94,0.94,1.06,0.8,0.0,0.0,1.94,0.0,2.81,1.06,1.5,1.0,2.0,0.0,2.0,1.0,0.0,1.94,0.0,0
0.43,0.0,1.0,0.43,0.0,1.29,1.43,1.0,1.86,3.01,2.15,1.67,0.43,28.42,2.14,0.86,1.29,1.43,1.82,0.43,1.0,0.0,1.43,1.0,0.0,2.14,0.0,0
0.0,0.0,1.0,0.0,0.0,2.79,1.0,1.0,0.0,0.0,2.0,1.13,0.0,0.0,1.0,0.21,1.86,1.93,1.47,1.0,7.44,0.0,1.93,1.0,0.0,2.0,0.0,0
0.0,0.0,1.0,0.63,0.0,2.51,1.63,1.0,1.63,1.89,0.63,1.03,1.26,25.77,2.74,0.63,2.63,1.0,2.84,0.74,2.11,0.0,2.0,1.0,0.0,3.0,0.0,0
0.0,0.0,1.0,2.11,0.0,0.56,2.0,2.11,6.0,1.67,4.33,0.48,0.44,100.0,2.78,0.56,3.67,1.56,1.59,0.56,1.89,0.0,4.11,1.0,0.0,2.0,1.0,0
0.0,0.0,1.0,1.77,0.0,0.0,1.0,1.0,0.41,1.18,2.95,1.11,0.0,40.17,5.18,0.0,0.59,1.0,1.54,1.18,1.82,0.0,2.0,0.8,0.0,1.0,0.41,0
0.0,8.74,1.0,0.0,0.0,4.17,1.0,1.0,0.0,0.0,4.09,1.99,0.58,0.0,1.75,1.25,4.09,0.58,1.7,0.0,0.58,0.0,2.83,0.9,0.0,1.83,1.0,0
0.0,0.0,1.0,0.0,0.0,4.96,1.0,1.0,0.0,0.0,1.25,2.86,0.04,0.0,1.13,0.21,4.0,1.96,0.26,0.0,1.0,0.0,2.0,1.0,0.0,2.04,0.0,0
0.0,0.0,1.0,0.0,0.0,0.0,1.0,1.0,4.75,2.85,12.15,0.31,0.0,73.15,1.0,8.65,4.2,1.05,3.38,0.95,1.0,0.0,1.05,1.0,0.0,1.95,0.0,0
0.0,0.21,1.0,0.0,0.0,0.96,1.04,1.0,0.0,2.96,8.68,0.8,0.0,75.43,1.0,0.0,3.0,1.0,1.95,1.0,1.0,0.0,2.07,0.99,0.0,1.04,0.96,0
0.0,0.57,1.0,0.0,0.0,2.57,1.71,1.0,1.43,0.71,0.0,2.23,0.0,0.0,2.14,2.43,0.57,0.71,1.0,1.0,1.43,0.0,2.29,0.64,0.0,1.57,0.71,0
0.0,0.27,1.0,2.18,0.0,0.73,1.73,2.45,7.26,2.18,5.09,1.14,0.0,72.65,0.73,1.0,3.91,1.45,1.77,1.0,0.73,0.0,3.91,1.0,0.0,2.0,0.73,0
0.0,0.0,1.0,0.0,0.49,0.0,1.49,1.0,0.98,1.02,7.0,0.49,0.0,25.45,1.49,0.0,0.98,1.0,1.49,0.51,1.0,0.0,1.49,1.0,0.0,1.98,0.0,0
0.0,0.0,1.0,0.52,0.0,1.91,1.0,1.0,0.52,0.0,3.86,1.85,0.48,52.28,4.05,0.0,2.43,1.0,1.75,0.0,2.05,0.0,2.52,1.0,0.0,1.95,0.0,0
0.24,0.0,1.0,1.0,0.0,0.48,1.0,1.0,1.24,0.0,2.44,1.26,1.92,97.59,4.28,0.0,1.24,1.0,1.12,0.0,2.52,0.0,3.0,1.0,0.0,1.0,0.0,0
0.2,0.2,1.0,1.2,0.4,0.0,2.8,3.2,1.8,0.2,13.82,0.68,1.6,19.23,2.2,2.0,2.4,1.2,2.71,1.6,6.4,0.8,2.6,0.96,0.0,2.0,0.4,0
1.69,0.0,1.0,1.0,1.69,0.15,2.85,1.0,2.61,2.0,25.39,0.17,0.0,61.85,1.15,6.23,7.08,1.85,4.97,1.0,1.0,0.0,5.39,0.86,0.0,3.0,0.85,1
0.0,0.0,1.0,1.0,0.0,2.76,1.08,1.0,5.59,2.84,0.08,0.68,1.84,62.65,3.92,11.02,1.41,1.0,6.43,1.41,1.16,0.0,2.92,1.0,0.0,2.92,0.0,0
0.97,0.0,1.0,0.0,1.0,0.0,1.03,1.0,0.03,0.0,1.0,1.01,0.0,0.0,1.05,0.0,2.97,1.0,1.47,0.0,1.05,0.0,2.95,1.0,0.0,2.0,0.0,0
0.0,0.0,1.0,0.0,0.0,0.49,1.92,1.0,1.16,2.0,13.35,0.4,0.0,44.47,2.0,0.0,0.24,1.92,5.73,1.0,1.0,0.0,3.76,1.0,0.0,2.84,0.0,0
0.23,0.0,1.77,0.0,0.0,0.0,2.0,1.0,0.23,1.0,3.23,0.78,0.23,36.84,1.77,0.0,1.68,1.23,2.23,0.45,1.0,0.0,2.0,1.0,0.0,2.77,0.0,0
0.0,0.0,1.0,0.67,0.0,0.0,1.67,2.34,0.66,6.66,12.97,0.29,0.0,75.27,1.66,0.0,6.04,1.67,2.17,0.0,1.0,0.0,2.33,1.0,0.0,2.67,0.67,0
0.0,1.0,1.0,0.0,0.0,2.0,2.0,1.0,0.0,4.0,16.99,0.34,0.0,64.96,1.0,0.0,12.0,2.0,3.55,0.0,0.0,0.0,6.0,0.83,0.0,2.0,0.0,0
0.0,0.0,1.0,1.0,0.0,0.0,1.0,1.0,0.0,1.0,6.0,1.05,0.0,75.0,3.0,0.0,1.0,1.0,7.0,0.0,1.0,0.0,2.0,1.0,0.0,3.0,0.0,0
0.38,2.49,1.0,0.0,0.0,4.11,1.0,1.0,0.0,0.0,0.75,2.4,0.38,0.0,1.38,3.74,3.74,1.0,1.28,1.0,0.38,0.0,1.62,1.0,0.0,3.25,0.0,0
0.0,0.0,1.0,0.0,0.0,1.63,2.37,2.25,2.0,2.88,2.25,0.86,0.75,53.67,3.49,0.0,3.87,1.63,2.0,0.37,1.37,0.37,3.37,0.79,0.0,2.0,0.37,0
1.45,0.0,1.0,1.0,1.45,0.27,2.45,1.0,2.0,1.73,22.36,0.2,0.55,58.72,1.27,5.09,5.82,1.73,4.46,0.73,1.0,0.0,5.45,0.81,0.0,2.73,0.73,1
0.85,0.15,1.0,0.0,0.0,2.22,1.0,1.0,0.0,0.0,1.7,1.37,0.85,0.0,1.7,0.3,0.0,0.85,1.13,0.85,0.85,0.0,1.3,1.0,0.0,2.15,0.0,0
0.0,0.0,1.0,0.0,0.0,4.75,1.05,1.0,0.05,0.1,6.75,1.03,0.95,1.66,3.0,0.0,6.8,1.0,2.61,0.05,1.0,0.0,1.95,1.0,0.0,1.95,0.95,0
0.0,0.0,1.0,0.44,0.0,1.13,2.0,1.0,6.05,5.05,6.09,0.4,0.0,55.19,3.82,0.87,5.48,1.0,3.02,1.13,1.13,0.56,3.74,0.85,0.0,2.0,0.0,0
0.0,0.58,1.0,0.0,0.0,0.0,1.0,1.0,0.0,0.81,2.42,1.18,0.0,26.62,2.42,0.39,4.03,0.81,2.75,2.42,1.61,0.0,1.19,1.0,0.0,1.81,0.0,0
0.0,0.0,1.0,0.4,0.0,3.47,1.13,1.0,0.53,0.53,7.53,1.16,0.87,12.03,2.4,0.0,4.27,1.0,2.5,0.0,0.87,0.0,2.0,1.0,0.0,1.13,1.0,0
0.0,0.0,1.0,0.0,0.0,5.16,1.84,1.0,0.0,0.16,6.36,1.07,1.68,0.0,2.68,0.0,5.88,1.16,2.48,0.16,1.0,0.0,1.84,1.0,0.0,1.0,0.84,0
0.87,0.0,1.0,0.0,1.74,0.0,3.61,1.0,2.61,5.43,5.12,0.28,0.87,72.08,1.87,0.87,0.91,1.13,4.3,0.87,1.0,0.0,2.26,0.97,0.0,2.0,0.13,0
0.0,0.0,1.0,0.0,0.0,0.0,1.0,1.0,0.0,1.42,16.62,0.94,0.0,63.19,1.58,0.0,4.26,1.71,0.15,0.0,0.58,0.0,1.71,1.0,0.0,1.71,0.0,0
0.0,7.3,1.0,0.19,0.0,1.62,1.0,1.0,0.38,0.0,0.19,1.91,0.0,12.5,2.76,0.81,0.57,1.0,0.25,0.0,0.19,0.0,3.62,1.0,0.0,2.81,0.0,0
0.0,0.0,1.0,1.77,0.0,0.88,1.0,1.0,0.88,8.96,24.58,0.44,0.0,82.56,1.88,0.88,5.42,2.0,1.72,0.88,0.88,0.0,4.54,1.0,0.0,2.0,1.77,0
0.0,0.0,1.0,0.27,0.0,0.82,1.73,1.0,2.36,2.27,1.45,0.6,0.55,42.0,3.27,3.27,2.45,1.0,4.15,1.0,1.0,0.0,1.55,1.0,0.0,1.55,0.0,0
0.93,0.0,1.0,0.07,0.0,0.0,1.93,1.0,1.0,0.93,3.79,0.5,0.93,53.45,1.28,0.0,3.79,1.93,2.86,1.86,1.14,0.0,2.07,1.0,0.0,1.93,0.0,0
0.23,0.0,1.23,4.19,0.0,0.0,1.68,1.77,3.68,5.11,5.0,0.36,0.46,57.98,1.77,0.0,3.54,2.0,2.14,0.0,0.46,0.0,3.0,0.92,0.0,2.54,0.23,0
0.0,0.31,1.0,0.0,0.0,0.0,1.0,1.0,0.69,0.0,1.38,2.19,0.0,0.0,1.38,0.62,0.69,0.69,1.23,0.31,2.06,0.0,1.0,1.0,0.0,1.62,0.0,0
0.0,0.0,1.0,0.0,0.0,0.0,1.0,1.0,0.54,0.0,6.54,0.65,0.0,0.0,1.54,0.0,1.54,2.38,0.7,0.0,1.0,0.0,1.0,1.0,0.0,3.0,0.0,0
0.72,0.72,1.0,1.44,1.44,1.11,1.72,8.94,3.61,0.72,51.74,0.43,0.28,69.27,2.72,7.22,9.77,1.72,4.73,0.0,0.28,0.0,4.16,0.86,0.0,1.72,1.72,1
1.0,0.02,1.0,1.02,0.04,0.0,2.98,1.23,0.1,3.94,4.39,0.24,0.98,50.97,1.04,0.21,12.0,2.0,6.48,5.87,4.9,0.0,4.02,0.75,0.0,2.98,0.04,0
1.62,0.56,1.0,0.81,1.62,0.75,2.62,1.0,1.62,1.62,24.37,1.19,0.0,50.37,0.81,5.87,6.5,1.62,4.75,0.81,0.81,0.0,5.06,0.86,0.0,3.19,0.81,0
0.0,0.0,1.0,0.44,0.0,6.61,1.0,1.0,0.0,0.0,4.39,0.8,8.23,0.0,2.44,0.0,2.69,1.0,2.76,1.31,9.28,0.0,2.44,1.0,0.0,1.44,0.0,0
0.77,0.23,1.0,0.77,0.0,0.46,2.77,1.0,0.0,4.0,6.22,0.26,0.77,53.45,1.0,0.0,12.0,2.0,5.82,4.62,3.85,0.0,4.46,0.77,0.0,2.77,0.0,0
0.0,2.67,1.0,0.11,0.22,0.0,1.0,1.0,0.22,0.22,0.33,2.07,0.11,8.79,0.55,2.0,1.1,0.11,0.49,0.0,0.22,0.0,2.0,1.0,0.0,1.22,0.0,0
0.71,0.0,1.0,0.65,1.0,2.48,1.65,2.35,6.0,4.88,10.29,0.37,1.35,66.6,2.35,2.0,8.17,1.65,2.81,0.0,0.35,0.0,2.0,1.0,0.0,1.35,0.35,0
0.0,0.0,1.0,0.0,0.0,0.2,1.0,1.0,0.0,0.96,3.08,0.96,0.04,31.7,3.0,0.08,4.88,1.0,3.41,3.08,1.96,0.0,1.04,1.0,0.0,2.0,0.0,0
0.0,0.48,1.0,0.0,0.0,5.79,1.0,1.0,0.0,0.95,2.84,2.55,0.0,0.0,1.05,0.05,0.0,1.95,1.89,0.95,0.95,0.0,1.16,1.0,0.0,1.11,0.0,0
0.0,0.0,1.0,0.29,0.0,0.0,1.0,1.29,0.71,1.17,4.04,0.69,0.0,17.23,1.71,0.0,1.58,1.88,1.46,0.0,2.42,0.0,1.88,1.0,0.0,1.0,0.0,0
0.0,0.0,1.0,0.0,0.0,0.0,1.0,1.0,0.0,1.79,22.79,0.24,0.0,70.54,1.0,0.0,5.17,2.0,0.47,0.21,0.21,0.0,2.41,1.0,0.0,2.0,0.21,0
0.7,0.0,0.7,0.0,0.0,0.0,1.4,1.0,3.5,5.6,0.7,1.37,0.7,54.58,1.7,0.3,4.2,1.0,2.4,0.0,0.7,0.0,1.0,1.0,0.0,1.3,0.0,0
0.0,1.18,1.0,0.0,0.0,0.59,1.0,1.0,0.0,0.8,2.41,1.34,0.0,26.5,2.41,0.99,4.21,0.8,4.06,2.41,1.61,0.0,1.2,1.0,0.0,2.0,0.0,0
0.0,0.0,1.0,1.26,0.0,1.16,1.58,1.0,0.58,2.0,17.75,0.67,0.0,72.64,3.1,1.74,2.74,1.58,1.94,0.84,1.0,0.0,2.58,1.0,0.0,2.16,0.0,0
0.0,0.0,1.0,1.32,0.0,0.44,1.44,1.88,4.96,1.32,3.08,1.04,0.0,44.0,2.68,0.44,2.76,1.44,3.15,2.68,2.12,0.0,2.76,1.0,0.0,2.56,0.44,0
0.2,0.0,1.0,0.0,0.0,0.8,2.8,1.0,1.8,1.0,1.59,0.42,1.8,36.34,5.02,0.0,6.41,1.2,2.2,1.2,1.8,0.8,3.61,1.0,0.0,2.0,0.8,0
0.98,0.0,1.0,0.02,0.0,1.96,1.98,1.0,2.96,3.91,2.96,0.34,0.98,75.53,4.98,0.0,1.0,1.0,2.82,0.0,1.02,0.0,3.0,1.0,0.0,1.98,0.98,0
0.0,0.0,1.0,0.38,0.77,0.0,1.62,1.0,2.0,0.62,0.77,1.05,0.0,28.83,4.15,1.85,0.77,1.0,1.1,0.62,2.0,0.0,2.38,0.69,0.0,1.38,0.62,0
0.0,0.0,1.0,0.57,0.87,3.17,1.87,1.0,0.0,2.83,14.4,0.49,2.6,47.02,3.17,1.3,6.9,1.57,5.84,0.0,1.43,0.0,4.7,0.72,0.0,3.13,0.87,0
1.0,0.1,1.03,0.97,0.03,2.97,2.07,1.1,2.97,7.46,5.03,0.57,1.03,66.33,1.03,2.0,3.07,2.0,4.26,1.0,1.0,0.0,2.03,1.0,0.0,1.03,0.0,0
0.0,0.0,1.0,0.0,0.0,5.0,1.0,1.0,0.0,0.0,5.0,1.38,2.0,0.0,2.0,23.0,3.0,1.0,26.4,26.0,4.0,0.0,2.0,1.0,0.0,2.0,0.0,0
0.0,0.0,1.0,0.0,0.0,5.0,1.0,1.0,0.0,0.0,6.83,1.1,0.97,0.0,2.94,0.0,6.91,1.03,2.5,0.0,1.0,0.0,2.0,1.0,0.0,2.0,0.97,0
0.37,0.0,1.37,2.37,0.0,4.44,2.73,1.0,1.9,4.29,5.63,0.81,1.37,72.59,1.63,0.0,0.73,1.37,3.8,1.37,1.37,0.0,1.73,0.88,0.0,1.0,0.37,0
0.0,0.0,1.0,1.91,0.0,0.64,1.64,2.27,6.37,2.64,6.64,0.52,0.0,81.84,1.0,0.64,3.18,2.0,2.16,0.64,1.0,0.0,3.55,1.0,0.0,1.64,1.0,0
0.0,0.0,1.0,0.22,0.0,3.1,1.22,1.0,0.22,0.22,5.66,1.15,0.78,5.6,2.22,0.0,4.45,1.0,3.68,1.34,1.45,0.0,2.0,1.0,0.0,1.22,0.78,0
0.0,0.0,1.0,0.72,0.0,0.0,1.0,1.72,2.15,1.0,6.98,0.37,0.72,35.76,3.15,0.0,8.44,2.0,2.2,1.72,1.0,0.0,2.57,1.0,0.0,2.0,0.28,0
0.41,0.0,1.0,1.0,0.0,1.23,1.41,1.0,1.23,3.46,5.0,0.98,0.41,62.46,2.18,0.82,1.82,1.41,5.03,1.0,1.0,0.0,2.59,1.0,0.0,2.18,0.0,0
0.0,0.0,1.0,0.0,0.0,1.86,1.54,1.0,0.0,0.0,3.79,1.12,1.54,0.0,3.0,0.0,2.86,1.0,1.73,0.54,7.42,0.0,3.07,1.0,0.0,2.07,0.0,0
0.0,0.0,1.0,0.47,0.0,1.41,1.0,1.0,1.0,0.94,2.82,0.83,1.41,19.73,3.0,0.94,1.0,1.0,1.68,0.0,2.59,0.0,2.88,0.91,0.0,2.53,0.0,0
0.0,0.0,1.0,0.04,0.0,0.96,2.92,1.0,2.0,0.96,1.04,0.42,1.92,33.69,5.84,0.0,7.0,1.0,2.02,1.0,2.0,0.96,3.92,1.0,0.0,2.04,0.96,0
0.0,0.0,1.0,3.98,0.0,0.4,1.0,1.0,0.0,3.81,13.42,0.63,0.0,86.58,1.0,0.0,3.0,2.0,8.16,0.0,1.0,0.0,3.62,0.8,0.0,3.4,0.0,0
0.0,0.0,1.0,0.64,0.0,1.43,1.0,1.0,1.28,0.0,3.79,0.66,1.07,32.12,2.0,0.0,5.93,1.0,2.53,0.64,1.64,0.0,2.0,1.0,0.0,2.28,0.0,0
0.0,0.0,1.0,0.44,0.0,0.0,1.56,1.87,2.75,2.18,4.8,0.41,0.56,34.05,4.13,0.56,6.93,1.44,2.45,1.69,19.72,0.56,2.87,1.0,0.0,1.44,0.0,0
0.08,0.0,1.0,0.0,1.85,1.92,1.92,1.0,0.0,4.62,56.56,0.25,2.85,72.13,4.77,2.77,11.1,1.0,3.09,0.08,1.92,0.0,6.55,0.87,0.0,2.0,2.77,1
0.0,0.0,1.0,1.34,0.0,2.33,1.67,1.0,2.68,3.35,11.39,0.64,0.0,54.99,1.0,0.0,2.0,2.0,3.01,0.33,3.31,0.0,3.34,1.0,0.0,2.0,0.67,0
0.0,0.0,1.0,1.0,0.48,0.0,2.0,1.48,4.96,5.96,7.34,0.23,0.48,77.17,2.0,0.96,10.48,1.48,3.59,0.0,0.0,0.0,3.57,1.0,0.0,1.52,0.52,0
0.0,0.0,1.0,0.0,0.0,1.3,1.0,1.0,2.22,4.44,14.39,0.6,0.26,62.84,1.26,0.0,5.48,2.48,2.26,0.74,1.0,0.0,3.0,1.0,0.0,2.48,1.48,0
0.14,0.0,1.0,0.86,0.0,0.57,2.72,1.0,0.86,0.28,5.65,0.89,1.72,12.86,1.86,0.0,0.28,1.42,1.98,1.72,6.87,0.86,2.0,1.0,0.0,2.0,0.14,0
0.0,0.0,1.0,0.0,0.0,3.12,1.0,1.0,0.0,0.75,6.62,0.95,0.62,18.81,2.25,0.0,4.37,1.38,2.48,0.0,1.0,0.0,1.62,1.0,0.0,1.0,1.0,0
0.0,0.0,1.0,0.0,0.0,4.81,1.0,1.0,0.0,0.0,7.0,1.07,1.0,0.0,3.0,0.0,6.61,1.0,2.57,0.0,1.0,0.0,2.0,1.0,0.0,1.81,1.0,0
0.0,28.74,1.0,0.0,0.0,0.35,1.0,1.0,0.35,1.73,5.2,0.56,0.0,23.24,2.0,0.65,0.65,1.0,1.44,0.35,1.0,0.0,1.65,0.67,0.0,1.0,1.35,0
0.0,0.0,1.0,1.95,0.0,6.95,1.97,1.0,2.92,0.97,5.97,1.22,1.0,78.93,2.03,0.05,0.05,1.0,2.52,1.1,1.0,0.0,1.03,1.0,0.0,1.03,0.0,0
0.0,0.0,1.0,1.0,0.0,0.0,1.0,1.0,0.9,0.31,3.83,1.57,0.0,99.06,5.48,0.1,1.21,1.1,1.07,0.0,1.79,0.0,3.1,1.0,0.0,1.9,0.0,0
0.0,0.0,1.0,2.43,0.0,2.43,3.82,1.0,0.39,0.61,2.61,0.52,3.04,11.55,3.82,0.61,1.78,1.0,3.23,1.22,3.22,0.61,1.39,1.0,0.0,2.0,0.0,0
0.0,7.76,1.0,0.0,0.0,0.0,1.0,1.0,0.0,0.0,4.94,0.79,0.0,0.0,1.18,0.18,1.0,3.47,0.48,0.0,1.0,0.0,1.18,0.91,0.0,2.65,0.18,0
0.0,0.0,1.0,0.0,0.0,2.99,1.0,1.0,0.0,2.41,8.2,1.1,0.4,46.38,1.8,1.2,1.6,1.6,0.94,0.6,1.0,0.0,3.0,0.53,0.0,2.8,0.0,0
0.0,0.0,1.0,0.0,0.34,10.99,1.34,1.0,0.0,0.0,3.51,0.86,6.83,0.0,2.67,0.5,2.85,1.0,1.34,0.0,2.0,0.0,2.17,1.0,0.0,1.17,1.17,0
0.0,0.0,1.0,2.52,0.0,1.0,1.52,2.03,5.64,6.39,16.69,0.36,0.0,94.67,1.48,1.0,5.48,2.0,1.91,1.0,1.0,0.0,5.0,1.0,0.0,2.0,1.48,0
0.0,0.33,1.0,1.66,0.0,0.33,1.33,1.66,1.34,6.33,15.65,0.3,0.0,60.66,2.34,1.34,6.32,1.33,3.99,0.67,0.67,0.0,2.99,1.0,0.0,2.33,1.67,0
0.0,1.97,1.0,0.0,0.0,1.97,1.0,1.0,0.34,0.0,0.0,4.14,0.0,0.0,1.03,0.66,0.66,0.34,0.88,0.66,0.34,0.0,2.97,1.0,0.0,1.69,0.0,0
0.0,0.0,1.0,0.0,0.0,1.68,1.0,1.0,0.0,3.1,8.55,1.07,0.23,59.65,1.23,1.77,2.45,1.77,1.95,0.77,1.0,0.0,2.77,0.74,0.0,1.77,0.23,0
0.0,0.0,1.0,0.61,0.0,0.0,1.61,1.0,1.0,0.61,1.39,0.72,0.0,15.28,2.61,0.0,4.06,1.0,5.1,3.67,3.0,0.0,1.61,1.0,0.0,1.61,0.0,0
0.0,0.0,1.0,0.0,0.0,2.04,1.0,1.0,0.49,0.0,3.57,1.54,0.51,0.0,2.98,0.0,2.04,1.0,1.31,0.0,1.98,0.0,2.0,0.75,0.0,1.0,1.0,0
0.0,0.0,1.0,1.94,0.0,0.0,1.0,1.0,1.94,1.0,0.21,0.88,0.0,64.44,1.03,1.97,3.21,1.97,4.4,3.91,1.0,0.0,2.0,1.0,0.0,1.03,0.97,0
0.2,4.8,1.0,0.0,0.0,0.0,2.0,1.0,1.0,3.2,0.2,0.35,0.2,42.02,1.2,0.0,3.6,1.0,3.49,0.8,1.0,0.0,3.4,0.8,0.0,1.8,0.0,0
0.0,0.0,1.0,1.12,0.0,2.81,2.12,1.0,1.75,0.0,9.33,0.43,0.88,0.0,2.56,0.0,2.63,1.0,3.07,2.25,10.43,0.56,2.56,0.81,0.0,2.0,1.0,0
0.0,0.0,1.0,0.0,0.0,4.82,1.0,1.0,0.0,0.0,7.0,1.12,1.0,0.0,3.0,0.0,6.64,1.0,2.57,0.0,1.0,0.0,2.0,1.0,0.0,1.82,0.82,0
0.0,0.0,1.0,1.8,0.0,2.2,1.9,1.0,3.6,4.5,15.1,0.55,0.1,73.77,1.2,0.0,2.5,1.9,3.63,0.0,1.0,0.0,3.8,1.0,0.0,2.0,1.0,0
2.64,0.0,1.0,1.58,0.0,1.94,2.0,2.58,7.39,22.42,39.48,0.52,0.47,69.03,1.0,0.53,38.48,3.11,3.75,0.94,1.94,0.0,13.56,0.77,0.0,3.0,0.53,1
5.82,0.0,1.0,0.0,0.0,3.09,1.48,1.48,0.48,1.97,4.45,1.38,0.0,27.63,1.48,0.0,1.94,2.0,2.41,0.52,1.0,0.0,1.97,0.84,0.0,1.48,0.97,0
0.0,0.0,1.0,0.2,0.0,0.0,1.0,1.0,0.95,0.3,1.54,0.82,1.9,4.44,3.0,0.0,2.85,1.0,2.0,0.05,1.95,0.0,2.0,0.52,0.0,3.85,0.0,0
0.81,0.19,1.0,0.0,0.81,0.0,1.0,1.0,0.0,0.0,0.81,1.78,0.0,0.0,0.81,0.37,2.44,0.81,1.41,0.19,0.81,0.0,2.63,1.0,0.0,2.19,0.0,0
0.93,0.0,1.0,0.07,0.93,0.07,1.0,1.0,0.13,0.07,0.93,0.99,0.07,1.63,1.2,0.0,3.2,1.0,1.5,0.07,1.33,0.0,2.93,1.0,0.0,2.0,0.0,0
0.0,0.0,1.0,0.84,0.33,0.98,2.16,1.0,0.84,0.0,2.63,0.67,0.98,83.7,5.16,0.49,2.79,1.0,0.93,0.0,2.0,0.0,3.0,1.0,0.0,1.16,1.16,0
0.73,13.31,1.0,0.0,0.0,4.17,1.0,1.73,1.1,1.46,2.2,3.91,0.73,22.32,1.83,1.27,6.39,0.73,7.08,0.63,0.73,0.0,3.63,0.84,0.0,1.63,0.0,0
0.0,1.35,1.0,0.0,0.0,3.3,1.0,1.0,0.0,0.0,0.0,4.52,0.0,0.0,0.0,1.18,0.0,0.0,0.88,0.82,0.82,0.0,1.18,1.0,0.0,1.0,0.0,0
0.0,0.0,1.0,0.0,1.99,5.96,2.99,1.0,0.0,0.04,11.01,0.25,5.96,0.38,5.98,2.98,11.94,1.0,0.59,0.01,1.99,0.0,3.0,1.0,0.0,2.01,1.99,0
0.0,0.0,1.0,0.87,0.0,0.0,1.87,1.0,1.5,1.0,3.0,0.57,0.87,98.25,4.62,0.25,2.0,1.13,1.1,0.13,2.62,0.0,2.75,1.0,0.0,1.87,0.87,0
0.53,0.0,1.47,0.53,0.0,3.78,3.0,1.0,0.0,2.58,3.0,0.54,1.47,41.97,1.47,0.0,9.64,1.53,5.63,5.05,3.58,0.0,3.53,0.87,0.0,2.05,0.0,0
0.0,0.0,1.0,0.0,0.0,0.0,2.0,1.94,1.0,1.88,3.88,0.46,0.0,46.89,1.06,0.0,3.0,1.94,2.31,0.94,1.06,0.0,2.94,1.0,0.0,2.0,0.0,0
0.0,0.0,1.0,0.83,0.0,0.0,1.0,1.0,0.33,1.33,3.67,0.97,1.67,14.0,2.17,0.0,1.67,1.0,1.1,0.83,6.83,0.0,2.17,1.0,0.0,2.0,0.0,0
0.0,0.0,1.0,0.0,0.0,3.77,1.0,1.0,0.0,0.46,6.77,1.22,0.77,9.47,3.0,0.23,5.38,1.0,2.29,0.0,1.0,0.0,2.0,1.0,0.0,2.46,0.77,0
0.0,0.0,1.0,0.0,0.0,1.26,2.0,1.0,1.37,1.0,3.16,0.84,0.0,41.71,1.74,1.1,1.26,1.0,5.42,1.63,0.74,0.0,2.63,0.82,0.0,1.63,1.0,0
0.17,0.0,1.0,0.0,0.34,0.83,2.34,1.0,0.51,0.68,1.17,2.02,0.17,11.9,2.83,0.17,1.66,1.0,3.28,2.66,4.32,0.83,2.83,0.72,0.0,1.17,0.83,0
0.0,0.0,1.0,0.47,0.0,2.64,1.53,1.0,0.0,0.0,4.17,0.88,2.0,0.0,2.53,0.0,3.58,1.0,1.83,0.47,4.3,0.0,2.0,1.0,0.0,2.53,0.0,0
0.0,0.0,1.0,0.0,0.49,0.0,1.49,1.0,1.51,1.02,3.55,0.93,0.0,34.73,1.98,1.02,0.98,1.51,1.33,0.51,1.98,0.0,1.51,1.0,0.0,2.0,0.0,0
0.0,4.55,1.0,0.0,0.0,0.0,1.76,1.0,0.0,1.76,1.45,0.54,0.0,33.0,1.0,0.0,2.52,1.24,3.02,0.76,0.76,0.0,3.28,0.81,0.0,2.0,0.0,0
0.0,4.77,1.0,0.0,0.0,2.39,1.2,1.0,0.41,0.2,0.0,2.69,0.0,0.0,0.61,4.59,0.8,0.2,5.77,0.2,0.41,0.0,2.0,0.9,0.0,1.8,0.2,0
0.0,0.0,1.0,0.0,0.0,2.42,1.19,1.0,0.19,0.39,2.0,0.88,0.0,6.36,1.39,0.0,2.19,1.81,1.85,1.0,6.65,0.0,1.81,1.0,0.0,1.81,0.0,0
0.0,0.0,1.0,0.0,0.0,0.45,1.0,1.0,0.0,1.0,5.55,1.04,0.0,36.12,2.0,0.0,0.0,1.89,0.73,0.0,1.0,0.0,1.55,1.0,0.0,1.89,0.0,0
0.0,0.0,1.0,0.13,0.0,4.37,2.0,1.0,0.51,0.63,6.62,0.73,1.75,8.87,2.87,0.0,7.38,1.0,2.77,0.0,0.87,0.0,2.38,1.0,0.0,1.13,1.0,0
0.0,0.42,1.0,0.0,0.0,0.58,1.58,1.0,0.0,1.75,4.67,2.4,0.0,29.17,0.58,0.83,4.08,1.17,1.73,0.42,0.58,0.0,3.33,0.88,0.0,2.42,0.0,0
0.0,0.0,1.0,0.0,0.0,0.53,1.0,1.0,0.82,0.35,1.05,3.03,0.0,7.21,3.82,0.18,0.0,1.0,0.23,0.0,1.0,0.0,1.18,1.0,0.0,3.18,0.0,0
0.0,0.0,1.0,0.64,0.0,1.8,1.0,1.0,0.64,0.0,2.44,1.51,0.72,64.08,3.92,8.26,1.72,1.0,10.12,9.34,3.36,0.0,2.64,1.0,0.0,1.36,0.0,0
0.0,0.0,1.0,1.0,0.0,0.0,1.35,2.35,0.35,3.3,11.8,0.3,0.0,61.45,1.35,0.0,5.8,3.3,2.54,0.35,1.0,0.0,4.7,0.94,0.0,1.35,0.7,0
0.0,0.0,1.0,0.48,0.0,1.03,2.0,2.03,1.52,2.06,2.03,0.94,0.0,82.46,3.45,0.0,1.52,1.52,1.52,0.0,1.48,0.0,3.0,0.83,0.0,1.52,0.48,0
0.08,0.0,1.0,0.0,0.17,0.0,1.25,1.0,2.08,2.17,5.66,0.46,0.08,68.17,1.08,1.92,0.0,1.92,2.34,1.0,1.0,0.0,2.0,1.0,0.0,2.0,0.0,0
0.0,0.0,1.0,0.0,0.0,0.24,1.0,1.0,2.82,5.63,16.39,0.44,0.06,79.8,1.12,0.0,5.88,2.88,2.18,0.94,1.0,0.0,2.94,1.0,0.0,2.88,1.88,0
0.0,0.0,1.0,0.0,0.0,0.93,1.46,1.0,0.46,1.54,5.54,0.73,0.0,57.41,1.0,0.0,0.93,1.54,4.96,0.93,0.54,0.0,1.93,1.0,0.0,1.46,1.0,0
0.27,0.0,1.0,0.0,0.0,0.0,1.8,1.27,6.75,5.73,15.66,0.29,0.27,86.34,1.54,0.54,4.39,2.73,2.17,0.73,0.73,0.0,2.73,1.0,0.0,2.46,1.46,0
0.0,0.0,1.0,1.0,0.0,2.13,1.0,1.0,4.26,2.13,0.29,0.81,2.0,46.86,3.42,8.52,1.29,1.0,4.79,1.0,3.03,0.0,2.71,1.0,0.0,2.71,0.0,0
0.0,0.0,1.0,0.0,0.0,3.53,1.0,1.0,0.0,0.0,6.88,1.06,0.88,0.0,2.76,0.0,6.29,1.36,2.33,0.0,1.0,0.0,1.88,1.0,0.0,2.12,0.88,0
0.0,0.0,1.0,0.0,0.0,0.0,2.0,1.0,2.14,1.64,1.42,1.1,0.0,6.23,2.93,2.79,0.21,1.07,1.06,1.0,1.93,0.0,2.0,0.54,0.0,1.07,0.93,0
0.0,0.78,1.0,0.0,0.0,1.56,1.78,1.0,0.44,3.35,13.29,0.47,0.0,72.64,2.09,0.0,9.6,1.78,2.89,0.0,0.65,0.0,5.13,0.87,0.0,1.78,0.0,0
0.0,0.0,1.0,0.23,0.46,0.0,1.23,1.23,0.93,2.16,18.07,0.23,0.23,20.59,1.93,0.0,3.39,2.0,1.73,0.77,1.23,0.0,4.46,0.92,0.0,2.0,1.0,0
0.0,0.0,1.0,0.75,0.0,0.0,1.0,1.0,1.75,0.0,5.73,1.05,0.5,75.08,4.25,0.0,2.25,1.0,1.22,0.0,2.0,0.0,2.75,1.0,0.0,2.0,0.25,0
0.2,0.6,1.2,0.8,0.2,0.4,1.6,1.6,2.0,8.18,10.81,0.3,0.4,62.38,2.8,2.0,4.2,1.2,4.26,1.0,1.0,0.0,2.2,1.0,0.0,2.0,1.6,0
0.0,0.0,1.0,0.64,1.29,0.0,1.0,1.0,1.64,2.0,3.0,0.42,1.0,60.34,4.29,2.0,8.21,1.0,2.68,1.07,2.0,0.0,1.64,1.0,0.0,2.64,0.0,0
3.49,0.0,1.0,2.09,0.0,1.91,1.7,3.09,9.76,26.49,53.01,0.55,0.3,66.22,1.3,0.7,51.4,3.79,2.92,0.0,1.0,0.0,16.64,0.7,0.0,2.39,1.0,1
0.0,0.0,1.0,0.62,0.0,0.0,1.62,1.0,2.87,3.11,5.13,0.37,0.0,43.61,2.0,0.0,6.98,1.0,2.9,0.0,0.38,0.0,3.49,1.0,0.0,2.38,0.62,0
0.0,0.0,1.0,0.0,0.0,0.0,1.17,1.0,3.49,0.17,16.77,0.23,1.66,0.0,2.0,0.0,5.49,1.0,1.81,0.17,2.0,0.0,2.0,1.0,0.0,2.0,0.83,0
0.0,0.0,1.0,0.28,0.0,0.0,1.0,1.0,0.28,1.44,16.88,0.62,0.0,92.06,2.11,0.0,4.61,1.72,0.43,0.0,0.83,0.0,2.28,1.0,0.0,2.0,0.0,0
0.0,0.36,1.0,0.0,0.0,2.96,1.0,1.0,0.96,0.0,0.0,2.01,0.0,0.0,3.92,1.96,0.96,1.0,0.96,0.96,3.84,0.0,1.12,1.0,0.0,3.0,0.0,0
0.16,0.0,1.0,0.0,0.0,0.84,1.16,1.0,1.0,4.36,13.25,0.42,0.16,64.29,1.84,0.0,0.64,1.16,3.37,1.16,1.0,0.0,1.16,1.0,0.0,1.16,1.68,0
0.0,2.86,1.0,0.0,0.0,0.0,1.48,1.0,0.52,0.95,0.52,0.62,1.05,15.75,2.05,0.0,3.0,1.0,2.72,0.48,1.52,0.0,2.95,0.62,0.0,3.05,0.0,0
0.0,0.0,1.0,1.75,0.0,6.26,1.88,1.0,2.63,1.12,5.63,1.25,0.88,75.08,1.88,0.0,0.25,1.12,2.35,1.0,1.0,0.0,1.0,1.0,0.0,1.12,0.0,0
0.0,0.0,1.0,0.0,0.0,0.56,1.09,1.0,0.0,1.0,5.63,1.08,0.09,29.92,1.0,0.0,1.0,2.0,1.64,0.28,0.09,0.0,1.09,1.0,0.0,1.91,0.0,0
5.0,0.0,1.0,3.0,0.0,1.0,2.0,4.0,14.0,37.99,72.99,0.16,0.0,95.0,1.0,1.0,71.99,5.0,3.08,0.0,1.0,0.0,23.0,0.57,0.0,3.0,1.0,1
0.0,0.0,1.0,0.88,0.0,9.39,1.12,1.0,0.0,0.0,1.73,0.5,13.41,0.0,3.0,0.0,1.61,1.0,2.95,2.63,17.68,0.0,3.0,1.0,0.0,1.88,0.12,0
0.0,1.8,1.0,0.96,0.0,0.0,1.0,1.96,2.88,0.96,4.8,0.46,0.0,47.96,2.0,0.04,3.88,1.96,0.74,0.0,0.04,0.0,2.96,0.98,0.0,2.92,0.04,0
0.0,0.0,1.0,0.19,0.0,3.23,1.0,1.0,0.19,0.0,5.84,1.4,0.81,19.26,3.39,0.0,3.42,1.0,2.27,0.0,1.39,0.0,2.19,1.0,0.0,1.0,0.0,0
0.0,0.0,1.0,0.0,0.0,0.39,1.0,1.0,0.9,0.9,6.1,0.77,0.1,51.45,4.9,0.49,4.0,1.0,2.15,0.9,1.0,0.0,2.0,1.0,0.0,2.1,0.0,0
0.0,2.01,0.67,0.0,0.0,2.68,0.67,1.0,0.0,0.0,0.0,5.23,0.0,0.0,0.33,1.0,0.0,0.33,1.34,0.0,0.0,0.0,1.0,1.0,0.0,3.34,0.0,0
0.0,0.0,1.0,1.0,0.0,0.19,1.0,1.0,1.62,0.96,4.26,0.82,0.0,69.83,5.23,0.0,3.96,1.0,2.84,0.19,1.0,0.0,2.0,1.0,0.0,2.19,0.0,0
0.0,0.0,1.0,0.0,0.0,4.95,1.0,1.0,0.0,0.0,5.25,1.15,0.65,0.0,2.3,0.0,1.35,1.35,0.53,0.35,3.45,0.0,2.65,0.57,0.0,3.3,0.0,0
0.0,0.0,1.0,0.88,0.0,0.0,1.12,1.12,0.12,1.12,5.76,0.9,0.0,72.04,1.88,4.41,2.12,1.12,5.57,0.12,1.0,0.0,2.12,1.0,0.0,2.88,0.0,0
0.0,0.0,1.0,0.0,0.0,2.13,1.0,1.0,0.0,0.0,21.64,1.03,0.43,0.0,1.85,2.0,16.35,1.57,2.3,2.13,1.0,0.0,2.0,1.0,0.0,1.43,0.0,0
0.0,0.0,1.0,0.0,0.97,0.21,1.97,1.0,1.93,0.0,6.83,0.41,0.0,0.0,1.97,0.0,2.03,1.03,0.27,0.03,1.24,0.0,2.0,1.0,0.0,2.97,0.0,0
0.0,0.0,1.0,2.7,0.0,2.27,3.27,1.0,0.43,0.57,2.14,0.95,2.84,53.99,5.0,0.57,1.0,1.0,3.08,1.14,3.57,0.57,1.86,1.0,0.0,1.57,0.0,0
0.0,0.0,1.0,0.0,0.0,3.56,1.0,1.0,0.29,0.0,4.98,1.47,0.71,0.0,3.0,0.0,4.98,1.0,1.83,0.0,1.0,0.0,1.71,1.0,0.0,1.58,0.71,0
0.0,0.0,1.0,0.46,1.07,3.21,2.07,1.0,0.46,0.0,6.35,0.76,3.21,46.45,5.54,1.61,6.89,1.0,0.76,0.0,2.0,0.0,3.0,1.0,0.0,2.0,1.07,0
0.0,0.0,1.0,0.74,0.51,2.29,1.51,1.0,1.49,0.74,2.83,0.7,2.29,18.57,4.51,0.77,7.54,1.0,1.25,0.74,4.97,0.0,2.26,1.0,0.0,2.0,0.51,0
0.17,0.0,1.0,1.0,0.0,0.0,1.34,1.0,0.83,0.67,1.34,1.48,0.17,91.62,4.33,0.0,2.84,1.17,1.92,1.01,3.34,0.0,3.17,0.96,0.0,2.17,0.0,0
0.0,0.0,1.0,0.0,0.0,2.46,2.0,2.69,1.69,3.38,3.62,1.07,0.31,55.85,2.15,0.0,2.77,1.85,2.09,0.0,1.0,0.0,2.85,0.72,0.0,1.85,0.15,0
0.0,0.0,1.0,0.22,0.0,0.0,2.0,1.0,2.56,0.78,1.0,0.51,1.0,61.05,3.44,0.78,2.78,1.0,1.19,0.78,1.44,0.0,2.22,1.0,0.0,2.0,0.22,0
0.0,1.09,1.0,0.0,0.0,1.45,1.0,1.0,0.64,0.0,0.0,3.71,0.0,0.0,1.91,0.36,0.0,0.64,0.72,0.0,0.64,0.0,1.0,1.0,0.0,3.36,0.0,0
0.79,10.99,1.0,0.79,0.0,0.0,1.79,2.57,0.79,17.29,29.87,0.22,0.79,72.31,1.21,0.21,8.86,1.79,2.1,0.0,1.0,0.0,7.5,0.72,0.0,2.57,1.79,1
0.0,0.0,0.52,0.0,0.0,0.0,0.52,1.0,0.0,1.04,3.12,2.33,0.0,26.04,1.0,0.48,0.0,1.52,1.22,0.0,0.52,0.0,1.0,1.0,0.0,1.48,0.52,0
0.0,0.0,1.0,0.0,0.0,3.58,1.0,1.0,1.9,0.0,0.9,1.57,0.1,0.0,2.21,2.41,1.0,1.0,2.51,2.51,1.21,0.0,2.9,1.0,0.0,1.9,0.0,0
0.0,0.0,1.0,0.12,0.0,0.0,1.0,1.0,2.88,5.29,15.11,0.44,0.0,82.76,1.59,0.0,5.65,2.76,2.05,0.88,1.0,0.0,2.88,1.0,0.0,2.88,1.76,0
0.0,0.0,1.0,2.69,0.0,0.69,1.69,2.38,7.53,2.38,4.84,0.52,0.0,89.52,1.0,1.31,4.38,2.0,2.81,1.92,1.0,0.0,4.08,1.0,0.0,1.69,1.0,0
0.0,1.21,1.8,10.37,2.39,0.61,1.8,1.0,1.6,4.79,23.14,0.71,0.0,74.2,1.6,3.4,4.99,3.99,10.37,0.0,0.8,0.0,5.99,0.89,0.0,2.0,2.39,0
0.0,0.0,1.0,0.0,0.0,0.0,1.0,1.0,1.85,0.72,9.95,0.5,0.56,40.91,4.15,0.0,4.56,1.0,1.76,0.72,1.28,0.0,2.0,1.0,0.0,2.0,0.28,0
0.0,0.0,1.0,0.85,0.0,0.0,1.0,1.0,2.65,1.8,3.1,1.36,0.3,96.25,3.7,0.0,1.45,1.0,1.76,0.15,1.85,0.0,3.0,1.0,0.0,1.15,0.15,0
0.0,0.0,1.0,0.18,0.0,0.0,1.82,1.0,0.0,1.82,4.18,0.61,0.0,51.81,1.36,0.0,1.82,1.82,2.86,0.18,1.0,0.0,1.36,1.0,0.0,2.18,0.0,0
0.71,0.0,1.0,0.29,0.0,0.0,1.71,1.0,3.86,5.72,1.0,0.63,0.71,84.28,2.86,0.0,4.57,1.0,2.74,0.0,1.57,0.0,1.57,1.0,0.0,1.29,0.0,0
0.14,0.0,1.14,2.94,0.0,0.0,1.42,1.0,1.69,2.64,1.56,1.38,0.28,97.92,4.44,0.0,1.14,1.14,1.81,0.0,2.86,0.0,3.0,0.95,0.0,1.0,0.14,0
0.0,0.0,1.0,1.0,0.0,0.0,1.0,1.0,1.51,2.53,6.56,1.08,0.0,79.28,4.48,1.01,2.52,1.0,2.52,0.51,1.0,0.0,2.49,1.0,0.0,1.51,1.01,0
0.0,0.25,1.0,0.75,0.0,11.25,2.5,1.0,0.0,0.0,0.75,1.83,8.25,0.0,3.75,0.5,1.5,0.75,1.75,1.75,13.5,0.75,1.75,1.0,0.0,3.0,0.0,0
0.0,0.0,1.0,0.1,0.0,0.0,1.1,1.0,1.0,1.0,5.51,0.65,0.0,53.88,4.81,0.0,4.19,1.0,2.28,1.49,1.19,0.0,2.0,1.0,0.0,2.0,0.0,0
0.41,0.0,1.0,0.0,0.0,2.36,1.41,1.0,2.05,3.28,4.54,1.23,1.0,31.96,2.59,0.0,4.82,1.0,2.92,0.0,1.0,0.0,1.59,1.0,0.0,2.18,0.0,0
0.98,0.0,1.0,2.95,5.91,3.91,2.0,1.02,4.0,0.14,12.82,0.69,0.02,93.89,1.09,7.82,9.95,1.02,5.87,0.98,1.02,0.0,6.0,0.99,0.0,2.0,1.0,0
0.0,2.37,1.0,0.21,0.0,3.0,1.0,1.0,1.25,0.63,0.0,4.1,0.42,13.8,0.84,3.3,1.0,0.21,2.38,1.0,0.21,0.0,3.79,1.0,0.0,1.42,0.0,0
0.0,0.0,1.0,0.0,0.0,0.0,1.0,1.0,0.42,0.0,0.58,2.6,0.0,0.0,3.0,0.0,0.0,1.0,0.0,0.0,1.58,0.0,1.0,1.0,0.0,1.84,0.0,0
0.0,0.0,0.51,0.0,0.0,0.0,0.51,1.0,0.0,0.51,3.06,2.49,0.0,16.82,1.0,0.49,0.51,1.51,0.76,0.0,0.0,0.0,1.0,1.0,0.0,2.0,0.0,0
0.0,0.0,1.0,10.75,0.0,2.25,4.75,1.0,1.25,0.75,2.0,0.24,3.75,60.5,1.25,0.0,2.5,1.75,6.13,1.0,2.75,0.75,2.75,1.0,0.0,1.5,0.75,0
0.0,0.0,1.0,1.0,0.0,0.0,1.33,1.67,3.3,4.98,10.65,0.32,0.0,75.28,1.0,0.66,3.97,1.67,2.69,0.67,0.0,0.0,4.66,0.72,0.0,2.67,0.0,0
0.0,1.81,1.0,0.45,0.0,3.1,1.45,1.0,0.9,1.81,5.65,0.99,0.55,30.69,2.55,0.0,4.45,1.0,2.54,0.0,1.0,0.0,3.35,0.82,0.0,1.45,0.0,0
0.0,0.0,1.0,0.58,0.0,0.71,1.0,1.0,2.0,2.42,12.82,0.61,0.0,72.41,1.0,1.29,7.27,2.0,2.51,1.15,0.29,0.0,6.27,0.64,0.0,1.71,0.29,1
0.0,0.0,1.0,0.0,0.0,3.24,1.12,1.0,0.0,0.0,2.61,0.94,0.24,0.0,1.24,0.0,2.61,1.88,1.63,0.88,7.15,0.0,2.0,1.0,0.0,1.88,0.12,0
0.0,0.0,1.0,0.0,0.0,5.6,1.4,1.0,0.0,0.0,7.0,1.01,1.4,0.0,3.0,0.0,2.6,1.0,1.03,0.0,1.0,0.0,2.6,0.6,0.0,3.6,0.0,0
0.0,0.0,1.0,0.0,1.63,1.26,2.0,1.0,0.37,3.15,38.76,0.66,1.89,49.09,4.26,1.89,8.29,1.0,2.22,0.0,2.37,0.0,4.78,0.91,0.0,2.0,1.89,0
0.0,0.0,1.0,1.11,0.0,0.05,1.05,1.11,2.43,0.16,1.32,0.83,0.0,67.81,5.73,0.05,3.11,1.05,1.37,0.05,1.0,0.0,2.16,1.0,0.0,2.0,0.05,0
0.0,0.0,1.0,0.0,0.0,0.0,1.0,1.0,4.69,5.5,11.69,0.27,0.0,59.16,2.31,1.38,2.62,1.69,1.8,1.0,1.25,0.0,1.62,1.0,0.0,1.31,0.0,0
0.0,0.0,1.0,0.19,0.0,4.04,1.19,1.38,0.0,1.15,7.77,0.91,0.81,13.62,2.62,0.0,7.38,1.19,2.55,0.0,1.0,0.0,2.0,1.0,0.0,2.19,1.0,0
0.0,0.0,1.0,0.0,1.07,4.6,2.07,1.0,0.0,2.33,10.53,0.71,3.2,37.35,3.67,1.6,8.27,1.0,1.22,0.47,1.53,0.0,2.53,1.0,0.0,2.0,1.07,0
0.81,0.0,1.81,12.21,0.0,0.19,3.44,1.0,4.89,15.84,5.56,0.2,1.63,78.5,1.0,0.0,2.37,2.0,5.84,0.0,1.81,0.0,3.19,0.73,0.0,1.37,0.81,0
0.0,0.63,1.0,0.0,0.0,0.0,1.0,1.0,1.46,2.54,9.21,0.42,0.73,15.87,1.37,0.63,4.1,1.63,2.59,0.63,1.37,0.0,2.0,1.0,0.0,2.0,0.37,0
0.0,0.0,1.0,0.7,1.0,0.0,2.0,1.7,4.49,5.19,9.49,0.23,0.7,72.03,2.3,1.4,7.98,1.7,2.74,0.0,0.3,0.0,2.0,1.0,0.0,1.3,0.3,0
0.0,0.0,1.67,8.73,2.01,0.0,2.0,1.0,1.34,4.69,20.79,0.23,0.0,78.87,1.67,2.01,4.69,4.01,8.28,0.0,1.0,0.0,5.03,0.9,0.0,2.0,2.01,0
0.47,0.0,1.0,0.0,0.0,0.53,2.42,1.47,8.6,5.0,13.58,0.24,0.47,77.92,2.47,0.95,0.0,1.47,2.87,0.53,0.53,0.0,1.47,1.0,0.0,1.0,1.05,0
0.0,0.0,1.0,0.0,0.0,0.0,1.37,1.0,1.37,0.37,0.0,2.53,0.0,0.0,3.0,1.1,1.26,1.0,0.37,0.37,2.0,0.0,1.37,0.82,0.0,1.63,0.37,0
0.0,0.0,1.0,1.54,0.0,0.0,1.23,1.23,1.77,1.23,0.92,0.79,0.0,62.33,1.0,1.54,3.0,2.0,4.02,3.31,1.0,0.0,2.23,1.0,0.0,1.23,0.77,0
0.0,0.0,1.0,0.0,0.74,2.86,1.74,1.0,0.0,1.26,5.97,1.15,2.23,20.73,2.86,1.12,5.72,1.63,1.25,0.63,1.37,0.0,1.74,1.0,0.0,2.0,0.74,0
0.0,0.0,1.0,0.0,0.0,4.96,1.96,1.0,0.0,0.0,7.0,0.63,1.96,0.0,3.0,0.0,6.04,1.0,2.57,0.0,1.0,0.0,2.96,1.0,0.0,1.04,1.0,0
0.77,0.77,1.0,1.0,0.0,0.0,1.38,2.54,0.62,3.46,4.07,1.07,0.0,90.01,3.85,0.0,1.77,1.38,2.09,0.0,2.23,0.0,5.69,0.88,0.0,2.0,0.77,0
0.0,0.0,1.0,0.19,0.0,0.0,1.81,1.0,0.81,0.19,2.56,0.72,0.0,11.28,2.19,0.0,2.62,1.0,1.86,0.19,1.81,0.0,2.19,1.0,0.0,2.19,0.0,0
0.06,0.0,1.06,1.13,0.0,1.87,2.13,1.0,2.81,3.44,1.25,0.58,0.13,79.55,2.87,0.0,0.13,1.06,2.03,0.13,2.0,0.0,3.0,0.98,0.0,1.94,0.06,0
0.82,0.53,1.0,0.0,0.0,2.18,1.82,1.0,2.47,3.3,2.47,1.13,0.82,61.83,4.12,0.18,1.0,0.82,2.59,0.18,0.82,0.0,3.18,1.0,0.0,1.82,0.82,0
0.0,0.0,1.0,0.05,0.0,0.95,1.0,1.0,0.05,3.82,8.64,1.03,0.0,78.04,1.18,1.91,1.95,1.95,1.53,0.95,1.0,0.0,3.0,0.68,0.0,2.0,0.0,0
0.0,0.0,1.0,1.54,0.0,1.15,1.0,1.0,0.77,0.0,5.77,1.14,0.23,70.92,3.0,0.46,1.23,1.77,13.57,1.15,1.0,0.0,2.0,1.0,0.0,2.77,0.0,0
0.0,0.0,1.0,0.1,0.2,0.0,1.0,1.0,3.8,0.0,18.16,0.21,1.8,7.66,2.41,0.0,5.59,1.0,1.81,0.0,2.0,0.0,2.1,1.0,0.0,2.0,0.9,0
0.6,0.0,1.0,2.99,0.6,1.19,1.0,1.6,4.99,20.54,50.45,0.42,0.0,91.76,2.4,1.79,10.75,3.99,4.64,0.0,1.0,0.0,7.18,0.7,0.0,2.6,1.19,1
0.61,1.82,1.61,0.0,0.61,3.18,3.22,2.82,1.22,12.76,6.39,0.39,2.0,46.19,2.39,1.22,5.0,1.61,4.25,0.61,1.0,0.0,2.61,1.0,0.0,2.39,0.0,0
0.0,0.0,1.0,0.0,0.0,0.96,2.93,1.0,1.96,0.96,0.96,0.5,1.93,31.79,5.93,0.0,6.74,1.0,1.93,0.96,2.0,0.96,3.93,1.0,0.0,2.0,0.96,0
0.0,0.0,1.0,0.6,0.0,0.79,1.4,1.0,1.0,0.79,11.32,1.4,0.0,90.48,4.02,1.19,2.19,1.4,1.18,0.0,1.0,0.0,3.0,1.0,0.0,1.79,0.0,0
0.0,0.0,1.0,0.0,0.0,4.84,1.0,1.0,2.81,1.81,4.84,1.17,0.0,68.52,2.77,0.0,2.61,1.0,1.62,0.81,1.39,0.0,1.19,1.0,0.0,1.0,0.0,0
0.0,0.0,1.64,0.0,0.0,5.09,2.27,1.0,0.36,0.64,1.91,1.19,1.27,20.98,2.73,0.0,5.18,1.0,3.7,3.27,2.73,0.0,2.64,1.0,0.0,1.73,0.0,0
0.0,0.0,1.0,0.15,0.0,0.0,1.0,1.0,0.85,0.0,0.15,1.64,0.3,0.0,3.7,0.0,2.0,1.0,1.85,1.85,4.6,0.0,2.0,1.0,0.0,2.85,0.0,0
0.0,0.0,1.0,0.0,0.0,2.88,1.0,1.0,0.0,1.04,3.12,2.54,0.0,2.07,1.0,0.0,0.0,2.0,1.37,0.96,1.0,0.0,1.0,1.0,0.0,3.88,0.04,0
0.0,1.29,1.0,0.0,0.0,3.96,1.0,1.0,0.0,0.68,2.04,2.93,0.0,0.0,1.0,1.93,1.93,1.68,1.31,1.0,0.68,0.0,1.32,1.0,0.0,4.0,0.0,0
0.48,1.0,1.0,2.52,0.95,0.52,2.0,7.28,2.38,5.19,44.9,0.18,0.0,79.23,1.95,4.76,11.48,2.0,4.72,0.0,0.0,0.0,5.0,0.9,0.0,2.52,1.48,1
0.0,0.0,1.0,6.72,0.0,0.0,1.29,1.0,2.86,4.71,11.14,0.39,0.0,84.0,1.71,0.57,6.43,1.0,11.31,0.71,0.71,0.0,3.14,0.9,0.0,2.71,0.0,0
0.0,0.96,1.0,0.0,0.0,0.0,1.04,1.0,0.04,0.0,0.09,3.08,0.0,0.0,0.09,0.96,1.09,0.04,1.0,0.96,0.09,0.0,1.04,1.0,0.0,2.0,0.0,0
0.37,0.37,1.0,1.37,0.73,0.0,1.37,5.04,2.47,0.37,25.97,1.06,0.0,98.53,4.27,3.67,5.04,1.37,2.68,0.0,1.27,0.0,3.73,0.93,0.0,2.0,0.73,0
0.88,0.0,1.0,0.12,0.0,2.36,1.88,1.0,3.0,3.76,2.76,0.41,0.88,72.98,5.0,0.0,0.88,1.0,2.81,0.0,1.0,0.0,3.0,1.0,0.0,2.12,0.88,0
5.11,0.0,1.0,0.0,0.0,2.3,1.43,1.43,0.43,1.28,6.57,1.15,0.57,24.29,2.57,0.0,4.0,1.43,2.69,0.0,1.0,0.0,2.43,0.86,0.0,2.57,0.85,0
1.0,0.87,1.0,0.44,0.0,0.0,3.13,2.44,10.03,12.41,23.33,0.08,1.0,90.87,2.13,1.13,4.79,2.0,2.38,0.0,0.44,0.0,5.05,0.9,0.0,1.87,0.87,1
0.09,0.0,1.09,0.26,0.0,0.0,2.18,1.0,0.91,0.88,0.44,0.62,3.82,5.08,1.91,0.0,5.65,1.09,2.36,2.0,6.56,0.91,3.0,0.67,0.0,1.91,1.0,0
0.0,0.0,1.0,0.52,0.0,1.9,1.0,1.0,1.05,0.0,3.85,1.14,0.48,34.62,4.57,0.0,3.48,1.0,1.92,0.0,1.0,0.0,2.0,1.0,0.0,1.52,0.48,0
0.0,0.0,1.0,4.26,0.0,2.3,3.22,1.0,1.0,1.0,4.09,0.5,1.52,65.39,1.0,0.0,1.7,1.3,7.8,1.7,0.91,0.3,3.0,1.0,0.0,1.7,1.0,0
0.68,0.0,1.0,0.0,0.0,2.95,2.0,1.0,2.05,2.73,4.27,0.41,1.32,51.23,4.37,0.0,2.58,1.0,2.77,0.0,1.0,0.0,3.0,1.0,0.0,1.68,1.0,0
0.0,0.0,1.0,0.32,0.0,0.0,1.68,1.0,1.0,0.0,0.32,1.01,2.71,32.17,3.29,0.0,4.39,1.0,1.68,1.36,5.39,0.68,3.0,0.77,0.0,2.0,0.68,0
0.0,0.0,1.0,2.59,0.0,0.0,1.79,1.0,3.38,3.18,8.94,0.54,0.0,92.06,4.79,0.0,4.97,1.0,1.79,0.0,0.41,0.0,2.21,1.0,0.0,1.79,0.79,0
0.0,0.0,1.0,0.0,0.0,5.85,1.0,1.0,0.0,0.0,7.0,1.3,1.0,0.0,3.0,0.0,1.22,1.0,0.19,0.0,1.0,0.0,2.93,0.38,0.0,3.78,0.0,1
0.0,0.0,1.0,0.0,0.0,0.0,1.0,1.0,0.0,1.97,2.66,1.08,0.0,7.22,1.66,1.31,2.63,1.34,3.36,2.31,1.34,0.0,1.34,1.0,0.0,1.66,0.0,0
0.0,0.0,1.0,0.0,0.0,0.0,1.0,1.0,0.7,0.0,0.3,3.13,0.0,0.0,3.0,0.0,1.4,1.0,0.0,0.0,2.0,0.0,1.0,1.0,0.0,1.7,0.0,0
0.17,0.0,1.0,1.17,0.0,0.35,1.83,1.0,0.83,0.7,2.4,0.72,0.0,97.03,4.3,0.0,1.35,1.87,1.28,0.0,1.83,0.0,2.83,1.0,0.0,1.35,0.83,0
0.0,4.11,1.0,0.0,0.0,3.09,1.0,1.0,0.0,0.0,3.8,1.55,1.63,0.0,2.0,0.46,2.17,1.0,1.4,0.0,0.54,0.0,2.91,1.0,0.0,1.91,0.0,0
0.0,6.52,1.0,0.0,0.0,1.65,1.0,1.0,0.0,0.0,0.0,3.98,0.0,0.0,0.0,1.28,1.28,0.0,3.15,1.0,0.0,0.0,1.83,0.93,0.0,2.0,0.0,0
0.0,0.0,0.01,0.01,0.0,0.0,0.01,1.0,0.02,0.03,0.02,3.98,0.0,0.43,1.01,0.99,0.06,1.0,0.03,0.0,0.0,0.0,1.02,1.0,0.0,2.0,0.01,0
0.0,0.0,1.0,0.11,0.0,0.0,1.0,1.0,4.47,7.26,15.84,0.25,0.0,84.84,2.0,2.32,2.0,1.89,2.26,0.89,0.11,0.0,1.11,1.0,0.0,1.21,0.0,0
0.0,0.0,1.0,0.0,0.0,0.85,1.0,1.0,0.0,7.64,16.44,1.03,0.0,74.73,1.0,0.45,5.1,1.85,1.54,0.15,0.85,0.0,5.25,0.58,0.0,2.0,0.0,1
0.0,0.0,1.0,0.0,0.0,1.0,1.0,1.0,0.0,6.17,14.55,0.68,0.0,72.61,1.0,0.0,5.19,2.0,1.58,0.0,1.0,0.0,5.19,0.7,0.0,2.4,0.0,0
0.0,0.0,1.0,1.0,0.0,0.0,1.0,1.22,1.44,0.55,2.1,1.45,0.0,97.59,4.78,0.0,2.21,1.11,1.08,0.0,2.67,0.0,3.11,1.0,0.0,1.11,0.0,0
0.0,0.0,1.0,2.27,0.0,2.27,3.27,1.0,0.43,1.0,4.29,0.55,2.84,35.4,5.0,0.57,2.29,1.0,3.39,1.57,2.71,0.57,1.43,1.0,0.0,2.0,0.0,0
0.0,0.0,1.0,1.0,0.0,0.0,1.0,1.4,1.8,0.4,2.59,1.22,0.0,80.09,3.81,0.0,2.19,1.4,0.9,0.0,1.81,0.0,3.0,1.0,0.0,2.4,0.0,0
0.64,0.0,1.64,9.57,0.0,0.0,3.28,1.0,4.55,12.48,3.19,0.47,1.28,54.23,1.72,1.09,1.28,1.64,4.72,0.36,2.0,0.0,2.64,0.61,0.0,1.0,1.0,0
0.0,0.02,1.0,0.0,0.0,11.77,1.02,1.0,0.0,0.09,2.34,0.97,6.84,1.46,1.98,0.0,1.25,1.02,1.55,0.0,1.95,0.0,2.09,1.0,0.0,1.02,0.98,0
0.0,0.38,1.0,0.0,0.0,2.76,1.62,1.0,0.62,1.24,16.76,2.33,0.0,47.19,0.62,2.24,2.48,1.24,1.29,0.38,1.0,0.0,2.24,1.0,0.0,2.24,0.0,0
0.0,0.47,1.0,0.53,0.0,4.78,1.53,1.0,3.16,1.05,0.0,3.26,0.0,32.16,1.05,2.0,1.05,0.53,1.41,0.53,0.53,0.0,2.47,1.0,0.0,3.0,0.0,0
1.49,0.0,1.0,0.0,0.75,5.48,1.0,2.49,4.48,3.02,11.53,0.72,1.49,46.92,2.49,1.49,3.76,1.25,2.26,0.0,1.0,0.0,3.01,0.87,0.0,2.0,0.75,0
0.29,31.22,1.29,0.87,0.0,0.0,1.87,1.0,0.0,2.9,1.45,0.49,0.58,16.85,1.71,0.71,1.29,1.29,2.07,0.58,1.29,0.0,2.29,0.55,0.0,1.0,1.0,1
0.0,0.0,1.0,0.0,0.0,0.54,1.0,1.0,0.89,0.0,0.75,3.08,0.11,0.0,3.0,0.0,2.54,1.0,0.28,0.0,1.89,0.0,1.11,1.0,0.0,2.0,0.11,0
0.0,0.0,1.0,0.05,0.0,0.0,1.95,1.95,1.0,1.91,3.86,0.5,0.0,52.27,1.18,0.0,2.91,1.95,2.34,0.95,1.09,0.0,3.0,1.0,0.0,1.95,0.0,0
0.0,0.0,1.0,0.01,0.01,0.0,2.0,1.01,1.02,0.04,0.04,0.51,1.0,0.66,5.0,0.99,3.04,1.01,3.0,2.98,34.76,0.99,2.03,1.0,0.0,1.01,0.01,0
0.0,0.0,1.0,1.0,0.0,0.94,1.0,1.0,2.56,0.94,0.69,1.31,0.63,89.36,4.0,3.76,1.0,1.0,2.67,0.31,1.69,0.0,3.0,1.0,0.0,1.63,0.0,0
0.0,0.0,0.02,0.02,0.0,0.0,0.02,1.0,0.02,0.0,0.02,3.95,0.0,2.27,1.09,0.98,0.02,1.0,0.02,0.0,0.07,0.0,1.05,1.0,0.0,1.98,0.0,0
0.0,0.0,0.31,0.0,0.0,0.0,0.31,1.0,0.0,4.65,8.06,2.83,0.0,26.67,1.0,0.69,2.17,1.31,0.57,0.0,0.31,0.0,1.93,0.92,0.0,2.0,0.31,0
0.0,0.88,1.56,7.3,1.68,2.19,1.56,1.0,1.12,3.37,16.29,1.76,0.0,52.23,1.12,2.12,3.81,2.81,6.74,0.44,1.0,0.0,4.81,0.92,0.0,2.0,1.68,0
0.0,0.0,1.0,0.0,0.0,1.82,2.0,1.0,1.0,1.09,4.73,0.64,0.0,63.02,1.18,0.0,2.09,1.0,7.58,1.91,0.09,0.0,2.82,1.0,0.0,1.91,0.91,0
0.0,0.0,1.0,0.0,0.0,0.67,1.0,1.0,0.0,0.83,7.0,0.79,0.17,0.0,1.33,0.0,2.33,1.83,1.5,0.83,1.0,0.0,1.17,1.0,0.0,2.67,0.0,0
0.0,0.0,1.0,0.77,0.0,0.23,1.77,2.53,0.0,5.3,10.53,0.44,0.0,72.41,1.0,0.0,7.59,1.77,2.32,0.23,1.0,0.0,2.0,1.0,0.0,2.53,1.0,0
0.0,0.0,1.0,0.14,0.0,1.0,1.86,1.0,0.28,2.72,7.16,0.4,0.28,50.0,1.14,0.0,6.02,1.86,2.21,0.0,1.0,0.0,4.86,0.79,0.0,2.0,0.0,0
0.0,0.0,1.0,0.0,0.33,0.67,1.33,1.0,1.0,3.37,10.42,0.74,0.0,45.1,2.33,0.0,0.65,1.0,2.48,0.67,1.65,0.0,1.0,1.0,0.0,1.33,1.35,0
0.0,0.34,1.0,0.0,0.0,2.83,1.0,1.0,0.83,0.0,0.0,2.34,0.0,0.0,3.66,1.83,1.0,1.0,1.17,1.0,3.32,0.0,1.0,1.0,0.0,2.83,0.0,0
0.0,0.0,1.0,0.0,0.0,0.0,1.0,1.0,1.75,0.0,0.0,2.0,0.0,0.0,3.0,0.0,0.99,1.0,0.44,0.25,1.75,0.0,1.5,1.0,0.0,2.75,0.0,0
0.0,0.0,1.0,0.5,0.0,0.83,2.83,1.0,2.34,1.5,2.68,0.39,1.66,42.57,5.83,0.0,6.83,1.0,2.0,0.83,1.66,0.83,3.66,1.0,0.0,2.0,1.0,0
0.0,0.0,1.0,0.47,0.0,1.58,2.0,1.0,0.47,2.64,1.53,0.91,1.0,68.35,2.89,0.0,1.0,1.0,3.08,1.53,2.53,0.0,3.0,0.84,0.0,3.0,0.0,0
0.25,0.0,1.0,0.25,0.0,0.49,1.0,1.0,0.49,1.51,6.25,0.46,1.96,34.13,2.75,0.0,2.0,1.0,2.88,1.51,1.0,0.0,2.25,1.0,0.0,2.51,0.0,0
0.0,0.0,1.0,0.0,0.0,0.0,1.0,1.0,0.76,0.24,0.72,2.12,0.0,7.91,3.0,0.0,1.2,1.0,0.8,0.72,1.24,0.0,1.0,1.0,0.0,2.76,0.0,0
0.0,3.56,1.0,0.0,0.0,4.0,1.0,1.0,0.0,0.0,0.77,3.31,0.11,0.0,1.11,2.78,2.22,1.0,7.7,0.89,0.11,0.0,2.89,1.0,0.0,2.78,0.11,0
0.0,0.0,1.0,2.77,0.15,0.46,1.15,1.0,0.0,1.85,5.46,0.61,0.46,62.79,6.0,0.23,1.84,1.0,2.44,1.85,1.08,0.0,2.08,1.0,0.0,1.08,0.15,0
0.0,0.0,1.0,0.01,0.0,0.99,1.01,1.0,0.12,2.08,3.13,1.67,0.0,33.62,1.0,0.02,2.1,1.99,1.7,0.99,0.99,0.0,1.06,1.0,0.0,2.0,0.0,0
0.0,0.0,1.0,3.04,0.0,4.82,1.64,1.0,0.0,4.07,8.46,0.57,3.54,61.07,3.64,0.0,0.64,1.0,1.94,1.32,6.46,0.32,2.0,1.0,0.0,1.64,0.0,0
0.0,0.0,1.0,0.3,0.0,4.7,2.0,1.0,0.6,0.91,5.19,0.65,2.0,12.39,2.7,0.3,4.4,1.0,2.8,0.0,1.0,0.0,2.0,1.0,0.0,3.0,0.0,0
0.07,0.07,1.0,0.14,0.14,0.0,1.07,1.8,0.36,0.07,6.85,1.51,0.0,6.95,1.14,0.72,0.87,2.0,1.79,0.93,1.86,0.0,2.22,0.99,0.0,1.07,0.14,0
0.0,0.0,1.0,0.0,0.0,4.52,1.9,1.0,0.1,0.0,6.32,0.76,1.81,0.0,3.1,0.0,4.71,1.0,2.52,0.19,1.29,0.0,2.0,1.0,0.0,3.0,0.0,0
0.0,0.0,1.0,1.64,0.0,2.73,1.55,1.0,2.18,2.18,9.18,0.72,0.45,49.08,4.09,0.0,3.73,1.0,1.09,0.0,0.45,0.0,2.45,0.7,0.0,2.91,0.55,0
0.0,0.83,1.0,0.67,0.0,0.0,1.0,1.0,0.0,4.33,4.5,0.57,0.0,35.84,1.33,0.83,2.5,1.83,2.82,1.0,1.0,0.0,2.0,1.0,0.0,1.83,0.0,0
0.0,0.0,1.0,1.91,0.0,6.83,1.96,1.0,2.87,1.0,5.87,1.25,0.96,77.46,1.96,0.0,0.0,1.04,2.4,1.0,1.0,0.0,1.0,1.0,0.0,1.13,0.0,0
0.0,0.0,1.0,2.68,0.0,0.32,1.0,1.0,0.32,5.92,23.6,0.26,0.0,86.96,2.0,0.32,2.6,1.32,1.46,0.32,0.32,0.0,3.64,1.0,0.0,1.32,0.64,0
0.0,0.25,1.0,0.0,0.0,0.0,1.0,1.0,0.0,0.75,20.31,1.64,0.0,69.2,1.5,0.5,0.0,0.75,0.36,0.25,0.0,0.0,2.5,1.0,0.0,1.5,0.0,0
0.0,0.07,1.0,0.98,0.0,0.07,1.98,1.0,9.83,8.85,13.77,0.29,0.0,82.59,1.0,2.02,9.87,1.0,4.4,0.02,0.0,0.0,5.95,0.67,0.0,2.02,0.0,1
0.0,0.0,1.0,0.27,0.0,3.65,1.73,1.0,0.0,0.27,6.73,0.77,1.46,20.25,3.0,0.0,5.38,1.0,3.77,0.0,1.0,0.0,2.73,1.0,0.0,1.54,0.73,0
0.0,0.0,1.0,2.96,0.0,1.04,1.0,1.0,0.0,4.44,10.7,0.66,0.26,66.67,3.0,0.0,1.81,1.0,2.09,0.74,1.0,0.0,2.0,1.0,0.0,1.26,0.26,0
0.79,0.0,1.0,0.0,0.0,1.59,1.79,1.0,2.38,3.17,2.59,0.8,0.79,59.44,4.59,0.0,0.79,1.0,2.26,0.0,1.21,0.0,2.59,1.0,0.0,1.79,0.79,0
0.0,0.0,1.0,0.0,0.0,0.0,1.0,1.0,0.0,0.23,3.15,2.68,0.0,3.23,1.23,2.54,2.3,1.0,1.07,1.0,0.23,0.0,1.23,1.0,0.0,2.0,0.0,0
0.0,1.42,1.0,0.0,0.0,4.71,1.0,1.0,0.0,0.0,2.02,3.31,0.29,0.0,0.87,0.71,1.87,0.29,1.45,0.71,1.0,0.0,2.0,1.0,0.0,1.71,0.0,0
0.0,0.68,1.0,0.32,0.0,6.12,1.32,1.0,0.32,0.32,0.32,4.56,0.0,8.0,0.96,1.36,1.92,0.32,2.4,1.92,0.96,0.0,2.68,1.0,0.0,2.68,0.0,0
0.0,0.0,1.0,0.0,0.0,0.54,1.27,1.0,0.81,0.54,4.38,0.74,0.0,8.91,2.35,0.0,1.27,3.19,0.9,0.54,1.27,0.27,1.27,1.0,0.0,2.73,0.0,0
0.0,0.56,1.0,0.0,0.0,3.12,1.44,1.0,1.33,0.88,0.0,3.02,0.0,14.6,2.65,0.56,0.88,0.44,1.44,1.44,1.44,0.44,1.44,1.0,0.0,1.44,0.0,0
0.0,0.0,1.0,1.79,2.98,0.6,1.6,1.6,0.0,0.6,8.56,0.92,0.0,53.66,1.6,0.6,1.19,2.0,1.75,0.4,1.4,0.0,3.79,0.88,0.0,1.6,1.19,0
0.0,13.24,1.0,0.0,0.0,3.78,1.0,1.0,0.0,5.54,9.6,3.89,0.0,31.77,0.37,1.26,3.85,0.74,6.24,0.63,0.37,0.0,4.0,0.75,0.0,2.0,0.37,0
0.0,0.0,1.0,1.0,0.0,0.18,1.0,1.0,0.0,0.89,3.85,1.04,1.64,14.79,1.82,0.0,2.18,1.18,2.58,0.82,6.75,0.0,2.71,0.91,0.0,2.36,0.0,0
0.0,0.0,1.0,1.21,0.0,2.98,1.0,1.0,0.0,1.61,13.05,0.72,0.6,34.66,2.6,0.0,4.58,1.0,2.07,0.0,0.6,0.0,2.4,1.0,0.0,1.6,0.6,0
0.0,0.0,1.0,0.0,0.0,0.0,1.0,1.0,0.0,0.87,10.54,0.61,0.0,0.0,1.0,0.26,5.28,2.0,1.12,0.87,1.0,0.0,1.13,1.0,0.0,2.74,0.0,0
0.0,1.24,1.0,0.59,0.0,1.83,1.0,1.0,1.17,0.59,1.17,2.31,1.17,29.28,1.17,0.41,0.41,0.59,1.72,0.41,0.59,0.0,4.0,0.85,0.0,1.59,0.0,0
0.0,0.0,1.0,0.0,0.0,0.0,1.0,1.0,2.47,5.12,15.24,0.4,0.0,72.48,1.18,0.18,6.71,2.65,2.0,1.0,1.0,0.0,2.82,1.0,0.0,2.82,1.65,0
0.0,0.81,1.0,0.0,0.0,2.0,2.0,1.0,0.57,3.62,13.77,0.38,0.0,58.92,1.95,0.0,10.1,1.81,3.26,0.38,0.38,0.19,5.24,0.87,0.0,2.0,0.0,0
0.0,0.9,1.0,0.1,0.0,0.3,1.0,1.0,0.59,3.9,2.7,0.59,0.2,29.07,1.3,2.09,2.8,1.9,3.33,1.0,1.0,0.0,2.1,1.0,0.0,2.1,0.0,0
0.0,0.65,1.0,0.35,0.0,5.87,1.35,1.0,0.35,0.35,0.35,4.4,0.0,8.7,1.04,1.3,2.09,0.35,2.61,2.09,1.04,0.0,2.65,1.0,0.0,2.65,0.0,0
0.0,0.0,1.0,0.0,0.8,0.0,1.8,1.0,1.61,0.39,6.8,0.42,0.0,3.14,2.2,0.0,2.0,1.0,0.83,0.39,1.0,0.0,2.0,1.0,0.0,3.0,0.0,0
0.0,0.0,1.0,0.76,0.0,0.76,1.76,1.0,4.79,1.52,1.69,0.46,0.0,46.29,2.0,1.52,2.0,1.0,2.23,0.76,1.0,0.0,1.76,1.0,0.0,3.0,0.0,0
0.32,0.0,1.0,1.37,0.0,3.42,2.68,1.0,1.58,2.53,1.0,0.53,0.32,24.62,2.68,0.0,1.89,1.0,3.82,2.74,11.95,0.68,2.37,0.77,0.0,1.68,0.68,0
0.0,0.0,1.0,0.68,0.0,0.0,2.0,1.0,1.0,0.0,0.68,0.72,1.28,68.0,4.04,0.0,2.6,1.0,1.32,0.64,3.6,0.32,3.0,0.89,0.0,1.32,1.0,0
0.0,0.0,1.34,4.47,1.03,0.66,1.34,1.0,0.69,2.72,13.26,1.03,0.0,58.24,2.0,1.03,2.07,3.69,4.26,0.0,1.0,0.0,3.07,0.95,0.0,2.66,1.03,0
0.0,0.0,1.0,0.24,0.0,3.8,1.76,1.0,0.24,0.0,5.56,0.85,1.52,24.02,3.24,0.0,4.8,1.0,2.19,0.0,1.24,0.0,3.0,1.0,0.0,1.0,0.76,0
0.0,0.0,1.0,0.0,0.0,0.0,1.0,1.0,0.79,0.0,1.25,2.32,0.0,0.0,3.37,0.0,0.21,1.63,0.1,0.0,1.79,0.0,1.79,1.0,0.0,2.21,0.0,0
0.36,0.0,1.36,5.35,0.0,1.29,2.71,1.0,2.78,8.06,19.16,0.48,0.71,79.21,1.0,1.93,3.29,2.0,3.38,0.0,1.36,0.0,3.0,0.88,0.0,2.29,0.36,0
0.0,0.0,1.0,1.82,0.0,0.0,1.0,1.0,1.18,0.54,7.0,0.77,0.0,91.36,2.82,0.0,1.45,2.09,14.74,0.09,1.0,0.0,2.09,1.0,0.0,3.0,0.18,0
0.67,0.0,1.0,0.0,0.0,3.34,1.33,1.66,0.66,2.66,27.88,1.21,0.0,82.81,1.33,0.0,2.0,3.34,1.9,0.0,0.33,0.0,2.33,0.89,0.0,2.0,0.67,0
0.98,0.0,1.0,1.29,0.0,2.02,1.11,1.0,1.98,0.02,6.89,0.2,7.93,89.42,1.98,0.0,1.98,1.02,1.63,0.02,1.04,0.02,3.0,1.0,0.0,1.0,0.02,0
0.0,0.0,1.0,0.0,0.0,0.68,1.0,1.0,0.86,0.0,0.68,2.19,1.0,0.0,3.86,20.14,1.14,1.0,21.47,21.41,2.73,0.0,2.0,1.0,0.0,1.14,0.0,0
0.0,0.0,1.0,0.64,1.27,1.09,1.64,1.64,2.55,4.19,4.27,1.11,0.64,56.74,3.55,0.0,5.1,2.0,2.18,0.36,1.64,0.0,4.19,0.79,0.0,2.73,0.64,0
0.58,0.0,1.0,0.0,0.0,1.25,2.75,1.58,9.92,2.92,7.83,0.43,0.58,52.51,2.17,1.17,0.83,2.0,1.93,0.42,3.33,0.0,2.0,1.0,0.0,1.42,0.0,0
1.8,1.8,1.0,1.0,0.0,0.0,1.9,4.6,0.1,8.1,8.2,0.34,0.0,76.61,2.3,0.0,2.8,1.9,3.56,0.0,1.2,0.0,9.3,0.73,0.0,2.0,1.8,1
0.0,0.0,1.0,0.0,0.0,1.59,1.0,1.0,0.0,1.2,7.0,0.87,0.4,30.1,1.4,0.0,1.59,1.0,2.66,0.6,1.0,0.0,1.4,1.0,0.0,1.0,0.4,0
0.0,0.97,1.0,0.24,0.0,1.24,2.0,1.0,0.49,0.97,1.73,1.93,0.0,16.56,2.76,0.0,2.73,1.0,2.88,2.27,4.03,0.76,3.49,0.65,0.0,1.24,0.76,0
0.0,0.0,1.66,0.34,0.0,0.0,1.66,1.0,0.34,0.66,2.33,1.17,0.0,55.5,3.01,0.0,1.0,1.0,1.66,0.0,1.67,0.0,2.34,1.0,0.0,2.66,0.0,0
0.0,0.0,1.0,0.86,0.0,0.72,1.0,1.0,0.86,0.0,1.0,1.9,0.0,85.59,4.42,0.0,1.43,1.14,0.86,0.0,2.71,0.0,2.86,1.0,0.0,2.0,0.0,0
0.0,0.0,1.0,0.5,1.0,3.01,2.5,2.0,0.5,1.0,13.99,0.24,3.01,32.93,4.0,1.5,11.5,1.5,2.24,0.5,1.5,0.0,4.5,0.92,0.0,2.0,2.0,0
0.0,0.0,1.0,0.0,0.0,2.65,1.47,1.0,0.0,0.94,4.53,1.42,0.53,23.45,2.06,1.06,2.0,1.47,3.92,2.65,1.0,0.0,1.53,1.0,0.0,2.0,0.0,0
0.0,1.2,1.0,0.4,0.0,1.2,1.0,1.0,0.8,0.0,0.4,2.75,0.0,26.3,3.59,0.6,1.8,1.0,1.73,0.6,0.4,0.0,1.4,1.0,0.0,2.0,0.0,0
0.0,0.0,1.0,1.0,0.0,0.0,1.03,1.0,0.03,2.91,27.19,0.22,0.03,91.27,1.12,0.97,2.97,1.97,1.62,0.0,0.09,0.0,3.97,1.0,0.0,1.03,0.03,0
0.0,0.0,1.0,0.85,0.0,13.3,2.69,1.0,0.0,0.0,1.93,0.9,9.45,0.0,4.85,0.77,2.31,1.0,2.64,1.69,15.37,0.85,2.0,1.0,0.0,3.0,0.0,0
0.0,0.0,1.0,0.0,1.24,3.72,2.24,1.0,0.38,0.0,6.82,0.76,3.72,0.0,5.24,1.86,7.82,1.0,1.86,1.52,2.38,0.0,2.24,1.0,0.0,2.38,1.24,0
0.0,0.43,1.0,0.0,0.0,0.0,1.0,1.0,0.0,0.0,1.14,4.14,0.0,0.0,0.57,2.57,0.0,0.57,1.0,1.0,0.0,0.0,1.0,1.0,0.0,2.43,0.0,0
0.0,0.0,1.0,0.27,1.46,2.0,2.0,1.0,0.82,4.46,44.69,0.33,2.18,78.82,4.46,2.18,8.74,1.0,2.83,0.0,2.0,0.0,5.91,0.9,0.0,2.0,2.18,1
0.0,0.0,1.0,0.0,0.0,2.95,1.0,1.0,0.22,2.18,6.16,1.62,0.04,41.62,2.98,0.98,0.07,1.0,1.42,0.02,1.0,0.0,2.02,1.0,0.0,3.96,0.02,0
0.0,0.0,1.0,0.0,0.0,3.22,1.0,1.0,0.0,1.04,7.52,1.04,2.22,20.11,1.74,0.52,3.48,1.26,2.31,0.26,1.0,0.0,2.26,0.91,0.0,1.26,0.0,0
0.0,0.0,1.0,0.0,0.3,2.79,1.3,1.0,0.3,0.0,5.19,1.43,0.7,0.0,3.0,0.0,4.09,1.0,1.95,0.0,1.6,0.0,1.7,1.0,0.0,1.3,0.0,0
0.0,0.0,1.0,0.27,0.0,2.91,1.0,1.0,0.0,0.82,12.74,1.02,0.73,24.89,1.73,1.0,3.73,1.27,2.84,0.0,0.73,0.0,2.55,1.0,0.0,1.0,0.73,0
0.0,0.0,1.0,0.52,0.0,1.43,1.48,1.0,1.04,5.0,7.22,0.61,0.48,49.92,2.04,1.04,2.57,1.0,4.24,1.48,1.96,0.0,2.48,1.0,0.0,2.48,1.04,0
0.3,0.3,1.0,0.59,0.59,4.22,1.3,4.26,1.48,0.3,25.35,0.91,0.7,28.42,3.0,2.96,4.26,1.3,1.65,0.0,0.7,0.0,3.59,0.47,0.0,3.41,0.59,1
0.0,0.0,1.0,0.0,0.7,0.6,2.0,1.6,2.0,1.2,5.8,0.61,0.0,19.86,2.0,0.0,2.0,1.3,0.76,0.0,1.0,0.0,2.3,0.9,0.0,2.7,0.0,0
0.0,0.0,1.0,0.42,0.0,0.0,1.0,1.0,1.0,0.0,0.42,2.66,0.0,42.02,3.84,0.0,1.58,1.0,0.42,0.0,2.42,0.0,1.84,1.0,0.0,2.0,0.0,0
0.0,0.0,1.0,0.49,0.0,3.55,1.0,1.0,0.0,2.45,9.85,0.87,0.0,42.19,1.49,0.0,5.45,1.51,5.26,1.0,4.57,0.0,2.0,1.0,0.0,2.49,0.0,0
0.0,0.08,1.0,0.02,0.0,0.04,1.02,1.0,1.02,0.08,0.08,1.56,0.0,1.34,3.96,0.0,1.08,1.0,3.97,3.92,2.96,0.0,1.08,0.99,0.0,2.98,0.0,0
0.57,1.71,1.57,0.0,0.57,1.14,3.14,2.71,1.14,12.8,5.14,0.32,1.14,64.78,1.57,1.14,3.71,2.0,4.0,0.57,1.0,0.0,2.14,1.0,0.0,2.0,0.0,0
0.66,0.0,1.0,0.0,0.0,0.33,1.0,1.66,1.0,2.0,6.67,0.53,0.66,20.28,2.33,0.0,5.99,2.0,2.22,0.67,1.33,0.0,1.66,1.0,0.0,2.34,0.0,0
0.0,0.0,1.0,0.0,0.0,2.17,1.0,1.0,0.0,0.91,7.0,1.31,0.54,22.86,2.09,0.0,2.17,1.0,2.64,0.46,1.0,0.0,1.54,1.0,0.0,1.0,0.0,0
0.0,3.8,1.0,0.0,0.0,4.0,1.0,1.0,0.0,0.0,0.35,3.45,0.05,0.0,1.1,2.85,2.1,1.0,7.97,0.95,0.05,0.0,2.95,1.0,0.0,2.9,0.05,0
0.0,0.0,1.0,0.42,0.0,0.42,1.58,1.0,2.33,6.23,15.82,0.44,0.0,74.19,2.0,0.0,4.67,1.58,3.51,1.0,1.0,0.0,2.42,1.0,0.0,2.0,0.0,0
1.44,1.68,1.0,0.0,0.0,1.56,1.0,2.44,2.16,2.88,4.32,1.02,1.44,43.89,3.6,1.4,10.35,1.44,4.91,0.0,1.44,0.0,2.72,1.0,0.0,1.28,0.0,0
0.0,0.0,1.0,1.0,0.81,0.0,1.0,1.0,2.0,0.81,1.81,0.63,0.4,71.64,5.6,0.81,5.82,1.0,1.52,0.0,1.4,0.0,2.0,1.0,0.0,2.4,0.0,0
0.0,0.0,1.0,0.0,0.0,1.87,1.37,1.0,0.0,3.13,10.75,0.46,0.75,50.06,3.0,0.0,2.62,1.63,2.26,0.0,1.0,0.0,1.75,1.0,0.0,1.0,0.37,0
0.0,0.0,1.0,0.0,0.0,0.52,1.0,1.0,0.91,0.0,2.0,0.85,0.0,0.0,1.91,0.0,1.17,1.09,1.35,0.09,3.43,0.0,1.09,1.0,0.0,1.09,0.0,0
4.66,0.0,1.0,0.0,0.0,0.0,1.39,1.39,0.39,2.39,16.4,0.19,0.0,76.57,1.39,0.0,5.22,2.0,1.24,0.0,0.39,0.0,2.39,0.87,0.0,2.0,0.78,0
0.0,0.87,1.0,0.0,0.0,1.87,1.87,1.0,0.27,3.87,17.13,0.36,0.0,66.33,1.0,0.13,11.6,2.0,3.31,0.0,0.0,0.0,6.27,0.79,0.0,2.0,0.0,0
0.0,0.0,1.0,2.08,0.0,0.0,1.0,1.0,2.4,6.96,14.4,0.35,0.0,88.08,2.52,0.96,0.96,1.48,1.87,1.0,0.52,0.0,1.52,1.0,0.0,1.0,0.0,0
0.0,0.0,1.0,0.0,0.0,0.0,1.74,1.0,3.47,7.63,14.73,0.39,0.0,91.16,3.05,0.0,2.47,1.74,1.45,0.74,1.53,0.0,2.0,1.0,0.0,1.74,0.0,0
0.0,0.0,1.0,1.43,0.0,2.0,2.0,1.0,3.43,3.87,7.49,0.56,0.0,81.43,2.13,0.0,0.87,1.43,2.62,0.0,1.57,0.0,3.43,1.0,0.0,2.0,0.43,0
0.0,0.0,1.0,1.0,0.0,0.98,2.0,1.0,5.89,1.96,0.02,0.44,0.02,61.85,2.07,1.96,2.0,1.0,2.63,0.98,1.04,0.0,2.02,1.0,0.0,2.98,0.02,0
0.0,0.0,1.0,0.0,0.0,3.8,1.1,1.0,0.1,0.2,8.98,0.85,0.9,7.53,2.8,0.3,7.6,1.1,2.46,0.0,1.0,0.0,2.1,1.0,0.0,2.1,0.9,0
0.0,1.7,1.0,0.43,0.0,3.15,1.43,1.0,0.85,1.7,5.72,1.32,0.57,28.95,3.15,2.87,4.43,1.0,4.59,0.0,1.0,0.0,3.28,0.83,0.0,2.57,0.0,0
0.0,0.0,1.0,0.76,0.0,0.0,1.24,1.76,0.47,3.29,6.87,0.54,0.0,45.01,1.47,0.71,2.29,3.29,1.59,0.24,1.24,0.0,3.53,0.88,0.0,1.0,0.24,0
0.0,0.4,1.0,0.0,0.0,0.0,1.0,1.0,2.4,0.0,12.0,2.16,1.2,0.0,1.2,0.8,3.6,0.6,1.52,0.4,1.2,0.0,1.6,1.0,0.0,2.4,0.6,0
0.0,0.0,1.0,0.33,0.33,0.67,1.33,1.33,1.95,2.95,6.95,1.08,0.33,54.63,2.0,0.65,3.58,2.67,1.38,0.0,0.67,0.0,1.33,1.0,0.0,2.35,0.0,0
0.0,2.56,1.0,0.0,0.0,4.56,1.36,1.0,0.36,0.72,9.7,2.54,0.0,27.29,1.0,4.92,5.28,1.36,1.33,0.64,0.36,0.0,2.36,1.0,0.0,3.64,0.0,0
0.0,1.44,1.0,1.0,0.0,0.72,1.36,1.0,1.36,1.44,2.08,1.23,0.0,88.51,3.92,0.0,2.44,1.0,1.54,0.0,1.64,0.0,3.72,0.86,0.0,2.0,0.0,0
0.0,0.0,1.0,0.0,0.0,0.81,1.54,1.0,0.81,1.62,2.0,2.54,0.0,18.89,1.27,2.46,0.81,1.0,1.59,0.73,0.27,0.0,1.0,1.0,0.0,1.73,0.0,0
0.72,13.45,1.0,0.0,0.36,6.36,1.0,1.72,2.16,0.36,3.24,4.14,0.72,11.87,1.08,2.0,2.36,0.36,6.53,0.64,0.36,0.0,3.28,0.84,0.0,2.0,0.36,0
0.0,0.0,1.0,0.24,0.0,5.57,2.0,1.0,1.43,0.48,1.52,0.97,0.0,14.52,1.24,0.48,0.48,1.76,2.54,1.76,4.05,0.0,2.0,1.0,0.0,2.24,0.0,0
0.0,0.31,1.0,0.0,0.0,6.93,1.0,1.0,0.0,0.0,4.82,2.85,0.69,0.0,2.07,0.62,0.69,0.69,0.0,0.0,0.69,0.0,3.0,0.54,0.0,3.69,0.0,1
0.0,0.0,1.0,0.0,0.0,3.62,1.0,1.0,1.81,0.09,1.57,1.41,0.0,1.32,2.0,0.09,1.85,1.0,0.12,0.09,1.0,0.0,2.91,1.0,0.0,2.0,0.0,0
0.0,0.0,1.0,1.74,0.0,0.0,1.0,1.0,5.05,6.21,9.21,0.4,0.84,70.95,4.32,0.0,2.26,1.0,4.06,1.58,1.0,0.0,2.42,1.0,0.0,1.42,0.42,0
0.0,0.0,1.0,0.0,0.0,0.52,1.48,1.0,0.96,1.0,2.61,1.35,0.0,20.87,2.48,1.43,0.0,2.04,0.79,0.48,1.48,0.0,1.48,0.76,0.0,2.04,0.48,0
0.0,0.0,1.0,1.0,0.0,1.4,1.53,1.0,3.33,1.93,0.53,0.66,0.93,44.07,3.47,5.58,3.67,1.0,6.96,3.67,2.07,0.0,2.47,1.0,0.0,2.47,0.0,0
0.0,1.54,1.0,0.0,0.0,4.46,1.0,1.0,0.0,0.0,3.41,3.17,0.49,0.0,1.46,0.51,1.0,0.49,0.68,0.51,0.49,0.0,3.51,0.67,0.0,2.46,0.0,0
0.0,0.0,1.0,0.0,0.0,3.13,1.0,1.0,1.57,0.22,6.62,1.28,0.0,19.9,2.0,0.0,0.78,1.0,0.03,0.0,0.78,0.0,3.0,1.0,0.0,1.78,0.0,0
0.44,3.12,1.0,0.78,0.22,3.1,1.78,1.44,2.88,3.34,5.1,0.58,0.44,60.29,2.22,0.44,4.56,1.0,2.49,0.0,1.0,0.0,4.34,0.69,0.0,2.0,0.22,0
0.0,0.0,1.0,0.0,0.0,2.57,1.0,1.0,0.0,3.41,8.41,0.83,1.03,29.7,2.49,11.8,3.0,1.0,16.96,13.83,2.54,0.0,2.49,0.84,0.0,2.97,0.0,0
0.0,0.0,1.0,0.0,0.0,0.0,1.0,1.0,11.57,11.57,14.53,0.18,1.93,72.3,1.96,0.11,3.86,1.0,5.89,1.0,0.96,0.0,2.93,1.0,0.0,2.0,0.96,0
4.0,0.0,1.0,0.0,0.0,0.0,1.33,1.33,2.33,5.0,13.33,0.29,0.0,75.66,1.33,0.0,5.33,2.67,2.38,0.67,1.0,0.0,3.0,0.89,0.0,2.67,2.0,0
0.0,0.0,1.0,0.39,0.0,0.0,1.78,1.0,0.39,1.83,1.83,0.81,0.78,6.7,2.0,1.22,2.44,1.0,3.42,2.61,3.74,0.39,1.39,1.0,0.0,2.0,0.0,0
0.0,0.12,1.0,0.0,0.0,0.0,1.88,1.0,1.12,0.24,2.19,0.63,3.51,9.26,1.88,0.0,5.88,1.24,2.06,1.76,6.27,0.88,3.0,0.71,0.0,2.0,1.0,0
0.88,0.0,1.0,0.88,0.12,0.0,2.88,1.0,0.12,3.65,3.35,0.26,0.88,49.07,1.23,0.0,10.73,1.88,6.0,5.31,4.54,0.0,3.77,0.78,0.0,2.88,0.12,0
0.0,0.0,1.0,0.0,0.0,5.11,1.0,1.0,0.0,0.0,6.31,1.26,1.83,0.0,2.0,0.0,3.58,1.0,2.42,0.0,1.14,0.0,2.0,1.0,0.0,1.0,1.0,0
0.87,0.0,1.0,1.25,0.0,0.0,2.75,1.0,0.0,3.75,3.25,0.29,0.87,52.29,1.64,0.0,10.6,1.87,6.0,5.49,4.49,0.0,3.75,0.78,0.0,2.75,0.0,0
0.0,0.0,1.0,0.0,0.0,3.37,1.0,1.0,0.33,0.0,2.96,2.12,0.0,0.0,1.33,0.0,3.35,1.67,0.29,0.0,1.0,0.0,1.67,1.0,0.0,2.33,0.0,0
0.0,0.0,1.0,0.0,0.0,4.1,1.1,1.0,0.0,0.0,7.0,1.37,1.1,0.0,2.1,0.0,4.19,1.0,2.57,0.0,1.0,0.0,2.1,1.0,0.0,1.0,1.0,0
0.0,0.0,1.0,0.67,0.0,0.0,1.0,1.0,1.33,2.34,5.35,0.37,0.0,53.68,2.33,0.0,5.66,1.0,4.01,1.0,1.67,0.0,2.33,0.89,0.0,3.33,0.0,0
0.0,0.0,1.0,0.0,0.0,0.0,1.23,1.0,0.46,1.0,5.41,0.79,0.0,0.0,1.46,0.68,1.54,1.77,1.22,1.0,1.23,0.0,1.23,0.89,0.0,2.54,0.23,0
0.0,1.0,1.0,0.0,0.0,0.0,1.0,1.0,0.0,0.01,0.01,3.2,0.0,0.1,0.01,1.0,1.01,0.0,1.0,1.0,0.0,0.0,1.01,1.0,0.0,2.0,0.0,0
0.0,0.0,1.0,0.02,0.0,4.89,1.0,1.02,0.07,0.02,4.91,1.36,1.98,1.11,2.04,22.49,3.18,1.02,25.87,25.47,3.93,0.0,2.0,1.0,0.0,2.0,0.0,0
0.0,0.0,1.0,0.0,0.0,2.71,1.0,1.0,0.0,0.0,1.0,2.79,0.0,0.0,1.92,0.0,2.17,1.54,0.0,0.0,1.46,0.0,1.54,1.0,0.0,1.54,0.0,0
0.0,0.0,1.0,0.05,0.0,0.0,1.05,1.0,1.0,0.0,1.0,0.83,1.95,4.87,3.1,0.0,2.95,1.0,1.95,0.0,2.05,0.0,2.05,0.52,0.0,3.9,0.05,0
0.66,0.0,1.0,0.34,0.0,0.0,1.66,1.0,3.31,5.63,2.69,0.48,0.66,76.98,2.0,1.69,4.65,1.0,4.3,0.0,1.0,0.0,1.34,1.0,0.0,1.68,0.0,0
0.0,0.0,1.0,0.0,0.0,7.25,1.0,1.0,0.0,0.42,1.58,0.76,6.25,41.68,1.42,0.0,3.0,1.58,2.54,2.25,13.0,0.0,2.0,1.0,0.0,2.0,0.0,0
0.0,0.0,1.0,0.67,0.0,0.99,1.0,1.0,0.0,2.34,19.78,1.0,0.0,61.08,1.0,0.67,2.01,2.0,1.54,0.33,0.33,0.0,3.01,1.0,0.0,1.99,0.0,0
0.0,0.0,1.0,0.0,0.0,4.32,1.0,1.0,2.16,1.72,6.0,1.06,0.0,53.14,2.0,0.0,2.16,1.0,1.59,0.72,1.0,0.0,1.28,1.0,0.0,1.0,0.0,0
0.0,1.03,1.0,1.77,0.0,6.43,1.89,1.0,2.66,0.89,5.31,1.3,0.89,71.71,2.0,0.11,0.0,1.0,2.16,0.89,0.89,0.0,1.34,1.0,0.0,1.23,0.0,0
0.0,1.35,1.65,0.0,0.0,1.35,1.65,1.0,0.0,0.33,0.65,2.83,0.0,0.0,1.67,0.67,1.33,1.33,2.0,1.0,0.65,0.0,1.33,1.0,0.0,1.67,0.0,0
0.0,0.0,1.0,0.0,0.0,2.18,1.44,1.0,0.56,0.0,3.05,2.17,0.87,0.0,3.56,0.0,2.18,1.0,1.12,0.0,1.0,0.0,1.44,1.0,0.0,3.0,0.0,0
1.61,1.61,1.0,0.81,0.0,0.0,1.81,4.22,2.34,9.58,10.17,0.16,0.39,74.19,2.0,0.0,3.19,1.81,4.28,0.19,1.0,0.0,8.64,0.76,0.0,2.0,1.81,1
0.0,1.97,1.0,0.0,0.0,3.95,1.01,1.01,0.01,0.03,0.05,4.94,0.0,0.65,0.01,1.97,1.03,0.03,1.02,1.0,0.01,0.0,1.03,1.0,0.0,2.0,0.0,0
0.0,0.0,1.0,0.0,0.0,0.84,1.0,1.0,0.72,0.56,1.68,1.6,0.0,11.48,3.72,0.28,0.72,1.0,3.25,2.88,2.44,0.0,1.28,1.0,0.0,3.28,0.0,0
0.51,0.0,1.0,1.53,3.05,2.03,1.51,1.0,2.03,1.47,8.08,0.75,0.0,53.2,1.49,5.05,7.05,1.0,5.15,1.98,1.0,0.0,3.54,1.0,0.0,2.0,0.51,0
1.2,0.0,1.0,2.24,0.0,0.24,1.24,1.72,4.12,9.13,22.1,0.65,0.0,92.72,2.52,0.24,18.06,2.72,12.9,0.0,1.0,0.0,7.05,0.9,0.0,3.0,0.24,0
0.0,0.0,1.0,0.0,1.81,2.29,2.0,1.0,0.0,4.52,55.78,0.27,2.9,70.46,4.81,2.71,11.52,1.0,3.17,0.0,1.9,0.0,6.61,0.87,0.0,1.9,2.81,1
0.49,1.47,1.49,1.53,0.49,0.98,2.47,2.47,0.98,11.31,5.49,0.43,0.98,71.92,4.04,0.98,2.96,1.49,3.94,1.51,1.0,0.0,2.49,1.0,0.0,1.49,0.0,0
0.0,0.0,1.0,0.0,0.0,4.77,1.0,1.0,0.0,0.0,7.0,1.24,1.0,0.0,3.23,1.13,6.32,1.0,3.38,0.0,1.0,0.0,2.0,1.0,0.0,2.23,0.77,0
0.0,0.0,1.0,1.2,0.0,0.0,1.0,1.0,1.2,0.6,2.39,0.86,0.0,39.67,1.0,1.2,2.2,2.8,2.9,2.4,1.0,0.0,1.6,1.0,0.0,1.8,0.6,0
0.0,0.0,1.0,0.0,0.0,1.0,1.0,1.0,0.8,1.6,3.8,0.78,1.0,20.02,2.8,1.6,4.8,1.0,3.92,2.4,1.8,0.0,1.4,1.0,0.0,1.8,0.0,0
0.0,0.59,1.0,1.78,0.0,0.59,1.59,2.19,0.0,6.16,16.11,0.38,0.0,44.54,1.81,0.0,7.35,1.59,3.7,0.81,0.41,0.0,3.78,1.0,0.0,3.0,0.59,0
0.0,0.0,1.0,0.0,0.0,0.0,1.69,1.0,0.69,0.31,1.86,0.66,2.76,10.23,2.0,0.0,4.14,1.0,1.64,1.38,5.14,0.69,2.69,0.77,0.0,1.69,0.69,0
0.86,0.0,1.0,0.0,0.0,0.0,3.59,1.86,14.66,5.0,12.14,0.09,0.86,88.63,3.0,1.73,0.0,2.0,2.21,0.0,0.14,0.0,1.86,1.0,0.0,1.0,0.0,0
0.0,0.0,1.0,0.34,0.0,1.01,1.0,1.0,0.34,1.34,6.0,0.52,1.01,36.02,2.34,0.67,0.34,1.0,1.75,0.0,1.0,0.0,3.01,0.93,0.0,1.34,0.0,0
0.0,0.0,1.0,0.44,0.0,0.0,1.0,1.0,3.71,0.22,0.81,0.5,0.0,6.52,2.85,0.0,3.93,1.07,2.13,0.93,3.78,0.0,2.93,1.0,0.0,2.07,0.0,0
0.0,17.23,1.0,0.18,0.18,2.46,1.18,1.18,1.08,1.26,1.98,2.74,0.18,15.28,0.36,2.82,1.98,0.36,0.93,0.0,0.0,0.0,3.64,0.79,0.0,2.64,0.82,0
0.04,0.0,1.0,0.2,0.04,4.88,1.96,1.04,0.28,1.15,9.62,0.78,1.92,3.86,2.96,0.12,7.44,1.2,2.74,0.0,1.0,0.0,2.32,0.98,0.0,1.08,1.04,0
0.0,5.18,1.0,0.0,0.0,2.86,1.14,1.0,0.14,0.27,3.67,2.76,0.0,10.34,0.14,4.73,1.41,0.27,6.25,0.0,0.14,0.0,2.14,1.0,0.0,2.14,0.0,0
0.0,4.75,1.0,0.0,0.0,2.38,1.21,1.0,0.21,0.0,0.0,2.58,0.83,0.0,0.42,3.96,2.04,0.21,5.96,0.42,1.46,0.21,2.21,0.93,0.0,2.0,0.21,0
0.0,0.2,1.0,0.0,0.0,2.9,1.0,1.0,0.0,4.49,8.99,1.52,0.0,71.89,1.1,0.1,3.7,1.0,2.0,1.0,0.9,0.0,1.9,1.0,0.0,2.0,0.0,0
0.0,0.0,1.0,0.0,0.0,1.85,1.0,1.0,0.63,0.0,2.59,1.51,0.37,0.0,3.63,0.0,2.59,1.0,0.95,0.0,2.26,0.0,2.0,0.68,0.0,1.37,1.0,0
0.0,0.0,1.0,0.37,0.0,0.0,1.0,1.0,0.37,1.26,4.15,0.91,0.0,47.16,3.74,0.0,1.63,1.0,2.47,1.26,1.37,0.0,2.37,1.0,0.0,2.63,0.0,0
0.0,0.0,1.0,0.0,0.0,1.63,1.46,1.0,0.54,0.92,1.83,1.3,0.0,22.88,2.63,1.08,1.46,1.46,1.57,0.54,2.63,0.0,1.0,1.0,0.0,2.54,0.0,0
0.0,0.0,1.0,0.15,0.0,0.3,2.0,1.0,3.0,1.3,1.0,0.49,0.85,54.58,3.0,0.85,2.56,1.0,1.32,0.85,1.15,0.0,2.15,1.0,0.0,2.0,0.0,0
0.0,0.87,1.0,0.0,0.57,0.87,1.57,1.0,0.57,0.0,0.57,2.53,0.0,0.0,2.57,0.43,1.57,1.0,1.15,0.43,1.7,0.0,1.0,1.0,0.0,2.0,0.0,0
0.07,3.73,1.07,1.02,0.0,3.73,1.2,1.0,0.41,1.3,0.34,3.31,0.14,5.8,1.0,2.8,2.0,1.07,8.15,0.93,0.14,0.0,3.0,0.98,0.0,2.86,0.07,0
0.1,18.84,1.0,0.0,0.0,5.38,1.31,1.1,1.75,0.51,1.23,5.42,0.1,9.24,0.31,2.0,1.79,0.21,8.13,0.9,0.0,0.0,3.79,0.78,0.0,1.9,0.0,0
0.92,0.0,1.0,2.93,0.0,2.08,1.39,1.0,0.08,3.77,8.46,0.57,0.39,81.53,1.0,0.0,2.84,5.69,2.97,0.08,1.16,0.08,2.08,1.0,0.0,2.84,0.08,0
0.0,1.27,1.0,0.0,0.0,1.27,1.0,1.0,0.68,0.0,0.0,3.4,0.0,0.0,3.05,0.95,0.63,1.0,2.61,0.32,0.68,0.0,1.63,1.0,0.0,3.0,0.0,0
0.0,0.0,1.0,2.36,0.0,1.96,2.0,2.36,7.45,3.0,5.09,0.44,0.64,81.2,1.32,1.0,4.36,1.68,2.46,0.68,1.0,0.0,4.04,1.0,0.0,2.32,0.68,0
0.0,1.66,1.0,0.0,0.0,3.72,1.0,1.0,0.0,0.0,5.06,1.9,0.72,0.0,2.17,1.38,3.17,0.72,3.8,0.0,0.72,0.0,2.0,1.0,0.0,2.0,0.72,0
0.0,0.0,1.0,0.0,0.0,0.0,1.05,1.0,1.0,0.05,0.05,2.41,0.0,0.0,2.95,0.0,0.16,1.0,0.08,0.05,1.05,0.0,1.05,1.0,0.0,2.95,0.0,0
0.0,0.0,1.0,0.65,0.0,0.0,1.22,1.0,0.86,1.65,7.86,0.46,0.0,30.42,2.65,0.78,9.14,1.0,1.44,0.78,0.78,0.0,2.0,1.0,0.0,2.0,0.22,0
0.0,0.77,1.0,0.0,0.0,0.0,1.0,1.0,0.0,1.15,3.0,2.54,0.0,18.45,0.69,0.77,0.77,0.46,1.25,0.77,0.23,0.0,1.0,1.0,0.0,1.77,0.0,0
0.0,0.0,1.0,0.81,1.63,0.0,2.0,1.81,3.44,5.25,6.68,0.26,0.81,80.4,4.44,0.0,6.5,2.0,3.3,0.19,1.81,0.0,5.63,0.73,0.0,2.19,0.81,1
0.0,0.0,1.0,0.82,0.0,1.11,1.0,1.0,1.37,0.37,1.92,1.52,0.0,92.82,4.45,0.0,1.37,1.0,1.16,0.18,2.63,0.0,2.63,1.0,0.0,1.0,0.0,0
0.49,0.49,1.0,0.98,0.98,0.0,1.49,6.42,2.97,0.49,34.48,0.47,1.02,47.27,3.0,4.92,7.43,1.49,3.76,0.0,1.02,0.0,3.48,0.65,0.0,3.02,0.98,1
0.0,2.78,1.0,0.0,0.0,0.0,1.0,1.0,0.15,0.07,0.0,2.19,0.0,7.32,0.44,1.85,0.07,0.07,0.35,0.0,0.22,0.0,2.0,1.0,0.0,1.0,0.0,0
0.0,0.0,1.0,0.06,0.0,0.12,2.0,1.94,1.12,2.06,3.83,0.46,0.0,51.79,1.12,0.0,2.83,1.94,2.36,0.94,1.06,0.0,3.0,1.0,0.0,2.0,0.0,0
0.0,1.27,1.0,0.0,0.0,5.06,1.0,1.0,0.0,0.0,6.58,1.35,0.94,0.0,2.82,0.12,6.7,0.94,2.95,0.06,0.94,0.0,2.12,0.98,0.0,2.0,0.94,0
1.85,0.0,1.15,0.45,0.0,0.85,1.45,2.7,2.55,4.91,5.85,0.21,2.0,60.55,4.39,0.0,12.18,2.0,4.41,0.3,2.0,0.0,3.0,0.95,0.0,1.0,0.15,0
0.0,0.0,1.0,0.67,0.0,0.65,2.0,1.0,7.07,6.72,18.23,0.38,0.0,81.39,1.0,2.33,8.05,1.33,3.4,0.0,0.33,0.0,5.02,0.78,0.0,2.33,0.0,0
0.0,0.0,1.0,1.37,0.0,0.0,1.66,1.66,0.66,3.37,6.75,0.47,0.0,63.73,1.69,0.0,1.97,1.66,2.23,1.0,1.0,0.0,2.66,1.0,0.0,1.66,0.0,0
1.8,0.0,1.0,0.0,0.9,6.32,1.0,2.8,5.51,0.9,8.12,0.81,1.8,29.78,3.0,1.8,2.8,1.0,2.23,0.0,1.29,0.0,1.9,1.0,0.0,2.1,0.9,0
0.0,0.0,1.0,0.0,0.0,0.48,1.0,1.0,0.0,1.96,7.96,0.66,0.0,44.18,1.52,0.52,6.65,1.0,1.57,1.0,1.0,0.0,2.0,1.0,0.0,1.52,0.48,0
0.0,0.0,1.0,0.46,0.0,0.46,1.0,1.0,0.91,8.62,14.16,0.52,0.46,58.22,2.37,0.0,6.54,1.54,1.69,0.46,3.28,0.0,3.09,0.86,0.0,2.0,0.54,0
0.0,5.88,1.0,0.0,0.0,1.68,1.0,1.0,0.0,0.72,19.44,2.03,0.0,66.23,1.44,0.56,0.56,0.72,2.57,0.28,0.0,0.0,3.28,0.93,0.0,1.28,0.0,0
0.55,0.0,1.55,8.7,0.9,0.0,3.1,1.45,5.1,13.15,5.0,0.15,1.55,86.8,2.8,0.0,4.7,2.0,4.96,0.0,2.0,0.0,4.35,0.67,0.0,1.45,1.0,1
0.0,0.0,1.0,0.0,0.0,2.22,1.0,1.0,0.0,0.45,5.22,1.16,0.55,14.69,3.0,0.0,4.45,1.0,2.91,1.34,1.45,0.0,1.55,1.0,0.0,1.45,0.0,0
0.0,0.0,1.0,1.0,0.0,0.95,1.95,1.0,5.76,1.9,0.05,0.5,0.0,62.88,2.14,1.9,1.95,1.0,2.59,0.95,1.0,0.0,2.05,1.0,0.0,2.95,0.0,0
0.0,7.64,1.0,3.31,0.0,0.0,1.0,1.0,0.0,4.96,9.92,0.53,0.0,74.37,2.83,0.17,0.17,1.0,1.65,0.83,1.0,0.0,2.0,0.91,0.0,1.0,0.17,0
0.0,0.0,1.0,1.0,0.0,0.0,1.0,1.0,0.0,0.82,4.29,1.24,0.35,49.41,2.82,0.0,1.18,1.0,4.79,1.0,2.24,0.0,2.82,1.0,0.0,2.82,0.0,0
0.0,1.97,1.0,0.02,0.03,8.86,1.0,1.0,0.03,0.03,0.05,4.81,0.02,1.27,0.08,1.02,2.13,0.02,1.01,0.98,0.03,0.0,2.98,1.0,0.0,3.0,0.0,0
0.0,0.0,1.0,0.63,0.0,0.73,2.63,1.0,1.0,0.73,9.86,0.78,1.27,27.76,1.63,1.1,1.46,1.37,1.8,1.27,5.44,0.63,2.37,1.0,0.0,2.37,0.0,0
0.0,0.42,1.0,0.0,0.0,4.34,1.0,1.0,1.17,1.75,10.49,2.96,0.0,43.7,0.58,1.42,5.24,1.17,0.99,0.0,0.0,0.0,5.91,0.71,0.0,2.42,0.0,1
0.0,0.0,1.0,0.67,0.0,0.33,1.65,1.0,1.33,0.33,1.0,1.23,0.65,78.12,5.33,0.0,2.96,1.0,1.33,0.33,2.0,0.33,3.33,1.0,0.0,2.0,0.33,0
0.0,0.0,1.0,0.83,1.82,1.82,1.91,1.0,0.0,4.82,56.31,0.25,2.72,78.55,4.72,2.72,11.36,1.0,4.23,0.09,1.91,0.0,6.54,0.87,0.0,2.09,2.72,1
0.0,0.0,1.0,0.23,0.0,0.0,1.0,1.23,0.0,0.69,3.6,1.33,0.0,16.22,1.0,0.0,0.23,2.0,1.59,1.0,1.54,0.0,2.46,0.94,0.0,1.46,0.0,0
0.77,0.0,1.0,0.0,0.38,2.69,1.62,1.77,2.92,1.62,12.08,0.49,0.77,39.16,2.38,0.77,1.15,1.62,4.69,0.62,1.0,0.0,3.23,1.0,0.0,2.62,0.38,0
0.29,0.0,1.0,0.71,0.29,0.71,1.0,1.0,1.43,0.71,1.71,0.57,1.43,35.66,1.71,0.0,0.86,1.0,1.86,0.0,1.0,0.0,3.71,0.82,0.0,2.0,0.0,0
0.0,0.0,1.0,0.0,0.0,0.0,1.0,1.0,0.94,0.86,1.49,2.07,0.94,4.93,3.83,21.68,1.34,1.06,22.73,22.62,2.89,0.0,2.11,0.99,0.0,1.06,0.06,0
0.0,0.0,1.0,0.0,0.05,0.0,1.05,1.0,1.0,0.0,1.0,0.87,1.9,0.0,3.0,0.0,2.95,1.0,1.92,0.0,2.05,0.0,1.95,0.53,0.0,3.9,0.0,0
0.0,0.0,1.0,2.1,2.74,0.55,1.55,1.55,0.45,0.55,7.58,0.97,0.0,94.52,3.35,0.55,1.55,1.55,1.51,0.0,1.9,0.0,4.1,0.89,0.0,2.0,1.1,0
0.0,2.72,1.0,0.09,0.0,0.09,1.0,1.0,0.19,0.09,0.19,2.11,0.19,4.7,0.19,1.81,0.0,0.09,0.49,0.0,0.09,0.0,2.19,0.98,0.0,1.09,0.0,0
0.96,0.0,1.0,0.0,0.0,0.48,1.0,1.96,1.44,2.44,6.0,0.65,0.96,46.45,2.92,0.0,7.25,2.0,2.74,0.0,0.96,0.0,1.96,1.0,0.0,1.52,0.0,0
0.0,0.0,1.0,5.74,0.0,0.21,1.0,1.0,0.0,2.87,10.83,0.62,0.04,85.2,1.09,0.0,3.17,1.96,6.81,0.0,1.0,0.0,2.0,1.0,0.0,2.91,0.04,0
0.0,0.0,1.0,0.0,0.0,1.01,1.0,1.0,0.0,1.99,8.0,0.76,0.0,49.82,1.01,0.02,4.0,2.0,1.52,0.0,1.0,0.0,3.99,1.0,0.0,3.0,0.0,0
0.0,0.0,1.0,1.7,0.0,0.0,1.0,1.0,0.0,1.57,5.43,0.64,0.0,52.86,4.27,0.0,0.57,1.0,1.84,1.13,1.0,0.0,2.0,1.0,0.0,1.0,0.0,0
0.6,0.0,1.0,0.0,0.0,1.21,1.6,1.0,1.81,2.41,15.31,0.23,0.6,45.22,3.41,0.79,11.32,1.4,1.72,0.0,1.0,0.0,2.6,1.0,0.0,1.6,0.6,0
0.0,0.0,1.0,1.65,0.0,0.65,1.0,1.0,0.65,6.83,19.61,0.57,0.0,84.07,2.0,2.41,4.59,1.65,3.25,0.65,1.0,0.0,3.94,1.0,0.0,2.35,1.3,0
1.05,0.0,1.0,0.52,1.05,1.9,2.05,1.0,1.05,1.05,19.05,0.97,0.48,32.49,1.95,3.67,6.1,1.52,4.04,0.52,1.0,0.0,4.1,0.91,0.0,2.05,0.52,0
0.0,0.0,1.0,0.0,0.0,5.48,1.0,1.0,2.74,1.83,5.65,1.4,0.0,55.73,1.91,0.26,2.74,1.0,1.81,1.0,0.91,0.0,1.0,1.0,0.0,1.09,0.0,0
0.0,0.0,1.0,0.71,0.0,11.47,2.41,1.0,0.0,0.59,2.47,0.99,7.76,12.07,4.41,0.29,1.41,1.0,1.8,1.41,12.99,0.71,2.0,1.0,0.0,3.29,0.0,0
0.0,0.0,1.0,0.99,0.0,0.0,1.01,2.97,4.99,5.07,11.13,0.29,0.0,78.15,2.99,0.0,11.87,2.0,1.75,0.01,0.01,0.0,3.97,1.0,0.0,2.0,0.0,0
5.03,0.0,1.0,0.58,0.0,0.0,1.42,2.0,0.42,3.58,7.74,0.25,0.0,58.16,1.42,0.0,3.42,3.16,2.22,0.0,1.0,0.0,3.58,0.86,0.0,1.42,0.84,0
0.0,0.0,1.0,0.06,0.0,0.0,1.0,1.0,1.06,0.0,0.06,3.17,0.0,4.18,3.19,0.0,2.06,1.0,0.08,0.0,1.94,0.0,1.06,1.0,0.0,2.0,0.0,0
0.0,0.0,1.0,3.8,0.0,0.0,1.0,1.0,0.07,5.61,11.28,0.58,0.0,90.65,3.13,0.0,0.07,1.0,1.86,0.93,1.07,0.0,2.07,1.0,0.0,1.07,0.0,0
0.0,0.0,1.0,2.58,0.0,0.0,1.0,1.0,0.0,1.72,5.14,0.67,0.0,58.53,5.3,0.0,1.0,1.42,2.31,1.72,1.0,0.0,1.86,1.0,0.0,1.28,0.0,0
0.0,0.66,1.0,0.0,0.0,0.0,1.0,1.0,0.0,2.98,9.43,0.46,0.0,16.53,1.0,0.66,2.66,2.0,2.48,1.0,1.0,0.0,2.68,1.0,0.0,2.0,0.34,0
0.0,0.0,1.0,0.0,1.51,5.51,2.51,1.0,0.0,0.0,10.02,0.54,4.78,0.0,5.27,2.27,10.29,1.0,1.04,0.0,1.76,0.0,2.76,1.0,0.0,1.76,1.51,0
0.0,0.0,1.0,0.37,0.0,0.0,1.0,1.0,0.37,1.25,4.13,1.13,0.0,68.74,2.5,0.0,0.37,1.63,1.83,0.0,1.0,0.0,1.75,1.0,0.0,1.37,0.63,0
0.0,3.67,1.0,0.0,0.08,5.51,1.08,1.0,0.08,0.0,0.08,3.39,0.0,0.0,1.16,5.51,5.67,1.0,1.19,0.92,0.25,0.0,1.92,1.0,0.0,3.84,0.0,0
0.96,0.0,1.0,0.0,0.0,0.0,1.96,1.0,5.29,8.17,1.58,0.23,1.04,77.88,2.0,0.0,5.92,1.0,3.54,0.04,1.0,0.0,1.08,1.0,0.0,1.04,0.04,0
0.0,4.13,1.0,0.0,0.0,3.62,1.0,1.0,0.0,0.0,2.18,2.45,0.31,0.0,0.94,3.44,2.87,0.31,5.62,0.0,0.31,0.0,2.0,1.0,0.0,2.0,0.31,0
3.13,0.0,1.0,2.25,0.0,1.75,1.63,2.88,11.01,24.94,45.76,0.35,0.75,84.18,2.12,5.1,45.51,3.51,4.29,0.37,1.0,0.0,15.54,0.73,0.0,3.0,0.63,1
0.0,0.0,1.0,0.0,0.33,0.0,2.0,1.0,2.34,1.0,2.66,0.44,0.67,47.34,3.0,0.67,2.34,1.0,1.55,0.67,1.0,0.0,2.0,1.0,0.0,2.0,0.33,0
0.65,0.65,1.0,2.0,1.3,2.44,2.0,8.17,4.3,1.0,47.07,0.47,0.35,90.78,2.65,6.52,7.82,1.65,4.48,0.35,0.35,0.0,3.61,0.87,0.0,1.65,1.3,1
0.0,0.0,1.0,1.68,0.0,0.91,1.91,1.0,0.0,0.23,1.46,0.97,2.68,4.33,2.68,0.23,1.77,1.0,1.84,1.23,7.09,0.23,1.77,1.0,0.0,2.0,0.0,0
0.0,1.14,1.0,0.62,1.24,1.14,1.0,1.0,1.24,1.24,1.86,2.07,0.62,49.6,3.1,1.62,6.58,0.62,1.62,0.38,1.24,0.0,2.76,1.0,0.0,2.24,0.0,0
0.0,0.0,1.0,0.74,0.0,1.74,1.74,1.0,2.21,2.74,2.85,0.65,0.0,72.82,2.47,0.0,1.06,1.26,1.68,0.0,1.74,0.0,3.26,1.0,0.0,2.26,0.0,0
0.0,0.0,1.0,0.53,0.0,0.0,1.0,1.0,0.53,0.0,16.57,1.01,0.0,52.81,3.11,0.94,13.27,1.47,0.53,0.0,2.06,0.0,2.53,1.0,0.0,1.0,0.0,0
0.0,0.0,1.0,0.68,0.0,2.68,1.32,1.0,1.0,1.68,5.68,0.39,2.05,49.63,2.36,1.36,1.32,1.0,4.98,0.64,0.68,0.0,4.36,0.86,0.0,2.0,0.32,0
0.0,0.0,1.0,0.34,0.0,0.0,1.0,1.34,1.02,1.66,5.66,0.67,0.0,50.0,1.34,0.0,1.37,2.0,1.79,0.0,0.66,0.0,1.68,1.0,0.0,1.68,0.66,0
0.0,0.0,1.0,1.0,0.0,0.46,1.0,1.0,1.46,0.46,0.54,1.33,0.46,65.81,5.09,0.0,3.28,1.0,1.23,0.46,3.82,0.0,2.54,1.0,0.0,2.0,0.0,0
0.0,0.0,1.0,1.0,0.0,0.0,1.1,1.95,0.05,3.8,8.55,0.37,0.1,56.03,1.05,0.0,2.85,3.85,1.79,0.1,1.35,0.05,3.9,1.0,0.0,1.05,0.0,0
0.0,0.0,1.0,1.0,0.0,0.0,1.5,1.0,0.5,1.0,3.02,0.96,0.0,42.66,3.0,0.0,3.48,1.0,6.54,3.48,1.99,0.0,2.5,1.0,0.0,2.5,0.0,0
0.0,0.0,1.0,0.0,0.0,0.0,1.0,1.0,0.16,0.84,5.36,1.01,0.0,27.71,1.16,0.0,1.0,1.84,1.47,0.0,0.48,0.0,1.0,1.0,0.0,1.84,0.0,0
0.0,0.0,1.0,0.32,0.0,0.0,2.37,1.32,0.95,0.32,1.0,0.71,3.74,15.8,3.32,0.0,5.53,1.32,4.21,4.05,5.79,1.37,1.32,1.0,0.0,1.32,0.0,0
0.0,13.49,1.0,0.0,0.0,1.93,1.0,1.0,0.36,0.0,0.0,2.68,0.0,0.0,1.43,1.93,0.36,0.36,1.74,1.43,1.07,0.0,2.93,0.84,0.0,3.0,0.64,0
0.0,0.0,1.0,0.0,0.0,1.9,1.95,2.9,1.9,3.81,2.95,1.14,0.0,62.82,1.95,0.0,1.9,2.0,1.98,0.05,1.05,0.0,2.95,0.68,0.0,1.95,0.0,0
0.0,0.0,1.0,0.85,0.0,3.85,2.0,1.0,1.7,3.3,1.15,0.67,1.85,40.85,1.85,0.85,2.7,1.0,3.51,0.3,1.3,0.0,2.15,1.0,0.0,3.0,0.0,0
0.0,0.0,1.0,1.0,0.0,2.39,1.0,1.0,1.2,2.61,7.21,0.28,2.39,45.44,3.0,2.0,1.61,1.0,3.66,0.2,1.0,0.0,4.39,0.84,0.0,2.0,0.4,0
0.0,0.07,1.0,0.0,0.0,0.98,1.0,1.0,1.95,2.93,17.59,0.53,0.0,73.31,0.98,1.02,8.8,1.95,1.67,0.0,0.0,0.0,7.86,0.51,0.0,1.98,0.0,1
0.0,0.0,1.0,0.42,0.0,2.34,1.42,1.0,0.42,0.0,4.5,1.11,1.0,41.59,3.83,0.0,3.75,1.0,1.92,0.0,1.83,0.0,2.42,1.0,0.0,1.42,0.42,0
0.0,0.39,1.0,0.0,0.0,3.49,1.61,1.0,0.61,0.0,0.0,2.8,0.61,0.0,3.06,1.39,1.84,0.61,1.84,1.84,21.42,0.61,2.39,1.0,0.0,1.78,0.0,0
0.0,0.0,1.0,0.0,0.0,3.99,1.0,1.0,0.01,0.0,7.04,1.45,1.0,0.0,3.0,0.0,5.0,1.0,2.57,0.0,1.0,0.0,2.0,1.0,0.0,1.0,0.0,0
0.0,0.0,1.0,0.0,0.0,1.42,1.0,1.0,3.76,0.47,16.69,0.39,1.53,14.42,2.0,0.0,5.29,1.0,1.88,0.24,1.76,0.0,1.76,1.0,0.0,1.76,0.76,0
0.0,0.0,1.0,0.43,0.0,4.83,1.0,1.0,0.0,2.3,5.6,0.78,6.38,44.25,1.85,1.15,1.57,1.57,2.17,1.85,9.08,0.0,3.0,0.81,0.0,2.0,0.0,0
0.0,0.0,1.0,0.0,0.0,4.9,1.0,1.0,0.0,0.0,7.0,1.31,1.0,0.0,2.2,0.51,4.0,1.0,2.94,0.0,1.0,0.0,2.9,1.0,0.0,1.2,0.0,0
0.0,1.26,1.0,0.0,0.0,5.68,1.37,1.0,0.37,0.0,0.0,3.33,1.47,0.0,0.74,0.63,3.47,0.37,1.37,1.37,2.58,0.37,3.0,0.88,0.0,2.63,0.37,0
0.0,0.1,1.0,0.0,0.0,0.9,1.0,1.0,0.9,4.9,13.77,0.44,0.0,62.71,1.9,0.1,0.31,1.1,3.39,1.0,1.0,0.0,1.1,1.0,0.0,1.1,1.8,0
0.07,0.93,1.0,0.0,0.07,0.0,1.0,1.0,0.0,0.0,0.07,3.05,0.0,0.0,0.07,0.93,1.14,0.07,1.03,0.93,0.07,0.0,1.14,1.0,0.0,2.0,0.0,0
0.0,0.0,1.0,0.0,0.0,0.0,1.0,1.0,1.12,0.24,0.71,1.45,0.0,8.1,3.64,0.24,0.88,1.12,3.78,3.64,2.76,0.0,1.12,1.0,0.0,2.88,0.0,0
0.0,0.45,1.0,0.0,0.0,3.88,1.55,1.0,0.89,0.89,9.14,0.78,0.0,33.93,1.0,0.0,2.23,2.45,2.51,1.11,3.21,0.0,2.45,1.0,0.0,2.0,0.45,0
0.0,0.0,1.0,0.35,0.0,0.0,1.0,1.0,1.65,1.31,4.27,0.86,0.0,79.09,2.04,1.31,0.35,1.65,1.73,0.65,1.35,0.0,2.35,1.0,0.0,1.65,0.0,0
0.0,0.0,1.0,0.98,0.0,3.0,1.0,1.0,0.98,2.0,6.0,0.29,2.95,41.98,3.0,1.98,0.98,1.0,3.54,0.0,1.0,0.0,4.95,0.8,0.0,2.03,0.0,0
0.0,0.0,1.0,1.0,0.0,0.0,1.0,1.0,1.0,0.0,1.0,1.76,0.0,100.0,5.64,0.0,1.0,1.0,1.0,0.0,1.72,0.0,3.0,1.0,0.0,1.0,0.0,0
0.0,0.0,1.73,9.44,2.18,0.0,2.0,1.27,1.73,4.91,22.16,0.2,0.0,81.23,1.73,2.18,5.18,4.18,8.81,0.27,1.0,0.0,5.91,0.9,0.0,2.0,2.18,0
0.0,0.0,1.0,0.0,0.0,4.78,1.0,1.0,0.0,0.0,7.0,1.06,1.0,0.0,3.0,0.0,7.0,1.0,2.57,0.0,1.0,0.0,2.0,1.0,0.0,2.0,1.0,0
0.0,0.58,1.0,0.0,0.0,0.0,1.1,1.0,0.0,4.71,11.75,0.33,0.0,75.49,2.81,0.0,0.29,1.9,2.21,0.1,1.0,0.0,1.29,0.98,0.0,1.1,0.0,0
0.0,0.0,1.0,0.0,0.0,4.17,1.28,1.0,1.0,2.45,8.61,0.3,2.17,24.08,-0.45,1.45,2.0,1.0,9.86,2.0,-0.72,0.0,4.45,0.86,0.0,2.72,0.28,0
0.59,0.0,1.59,0.59,0.0,7.18,1.59,1.0,4.18,2.0,10.12,-1.02,4.71,113.97,2.59,-0.59,4.18,1.0,2.77,1.0,1.59,0.0,2.18,1.0,0.0,0.41,0.0,0
0.98,0.0,1.0,1.0,0.0,-3.9,3.94,1.98,18.66,5.9,4.9,-0.12,1.0,113.22,4.0,1.96,-0.86,1.98,1.17,1.0,5.02,0.0,2.0,1.0,0.0,2.0,-0.98,0
0.0,0.0,1.0,0.0,0.0,5.82,1.91,1.0,-0.91,1.82,-11.25,1.72,-0.82,30.11,6.65,0.0,0.35,1.0,2.69,1.82,1.0,0.91,2.0,1.0,0.0,1.0,-0.91,0
-0.6,0.0,2.2,0.0,-0.6,0.0,2.2,1.0,2.0,2.6,6.6,0.14,0.0,68.0,1.0,2.0,-0.6,2.6,2.43,1.6,1.6,0.0,1.4,1.0,0.0,1.4,0.0,0
0.0,0.0,1.0,-0.55,0.0,2.74,1.55,1.0,-1.1,5.0,15.74,0.45,1.1,52.59,3.55,0.0,-1.1,2.0,2.12,-0.55,0.45,0.0,1.0,1.0,0.0,1.0,0.0,0
0.0,0.0,1.0,0.99,0.0,0.99,0.01,1.0,1.0,9.89,27.7,0.56,-0.99,-10.87,-0.97,0.99,4.95,1.99,2.07,0.99,1.02,0.0,2.98,1.0,0.0,1.0,0.99,0
0.0,1.0,1.0,0.0,0.0,9.75,1.0,1.0,0.75,0.75,-0.75,5.85,0.75,-56.57,0.0,2.0,3.77,0.0,0.38,0.75,3.02,0.0,2.25,1.0,0.0,3.75,0.0,0
0.6,0.0,1.0,1.0,0.0,0.0,2.6,1.0,-5.02,-3.01,-5.62,0.64,1.6,79.52,5.0,-1.2,3.2,1.6,2.3,3.61,6.01,0.0,1.8,1.05,0.0,2.6,1.0,0
-1.82,-1.82,1.0,0.09,0.0,0.0,1.0,-2.65,3.82,-7.29,-6.2,1.33,0.0,-17.44,2.91,2.73,4.27,0.09,-0.09,1.91,2.91,0.0,-5.29,0.82,0.0,2.09,-0.91,0
1.0,3.6,1.0,3.0,6.0,4.0,2.0,1.72,1.84,5.76,18.76,0.48,-0.72,102.64,-0.44,7.28,10.72,1.0,7.56,1.0,1.0,0.0,7.44,0.82,0.0,1.28,1.72,1
0.0,0.0,1.0,0.0,0.0,0.0,0.08,1.0,4.0,-4.61,0.0,0.53,-0.92,-36.92,3.0,0.0,4.92,1.92,-1.02,0.08,8.61,0.0,2.08,1.0,0.0,1.08,0.0,0
0.0,0.0,1.0,0.0,0.0,-3.49,1.0,1.0,0.87,1.0,3.0,0.22,-0.87,33.0,3.0,0.0,3.26,1.0,1.86,3.0,2.0,0.0,0.13,1.0,0.0,3.74,-0.87,0
0.0,-4.78,1.0,0.0,0.0,3.98,2.0,1.0,1.0,0.41,7.57,0.8,1.59,6.73,4.59,0.0,6.18,1.0,2.59,0.2,1.0,0.0,0.2,1.2,0.0,0.2,0.8,0
0.0,0.0,1.0,0.0,0.0,0.0,1.0,1.0,0.41,-0.59,9.38,0.42,-0.59,-6.54,1.41,-0.59,4.97,1.0,-0.89,-1.19,0.41,0.0,1.59,1.0,0.0,3.0,0.0,0
0.0,0.0,1.0,0.0,0.0,7.84,1.0,1.0,0.0,-10.65,-8.49,3.12,1.71,-61.07,4.42,2.0,-0.13,0.29,5.92,5.0,1.0,0.0,0.58,1.18,0.0,2.0,0.0,0
0.0,-0.74,1.0,0.0,0.0,-6.64,3.0,1.0,0.0,0.74,20.93,-3.54,5.0,67.9,4.48,-1.48,3.0,1.74,5.11,5.0,8.0,2.0,1.0,1.0,0.0,-0.48,0.0,0
1.0,0.0,1.0,2.07,6.0,3.07,1.07,1.0,0.28,-3.72,7.41,0.98,0.0,68.86,1.93,8.0,14.66,0.07,7.95,1.93,1.0,0.0,5.07,1.0,0.0,2.0,0.07,0
0.0,0.0,1.0,3.87,0.0,-3.5,1.0,1.0,0.87,4.0,16.75,0.37,-0.87,173.48,4.62,0.0,-1.62,1.0,-0.06,0.0,0.87,0.0,3.87,1.0,0.0,1.87,-0.87,0
0.0,0.0,1.0,2.5,-1.01,2.01,1.0,1.0,-1.01,0.99,7.01,1.46,0.0,27.79,5.5,1.51,-2.02,1.0,4.78,2.0,0.5,0.0,2.0,1.0,0.0,1.0,0.0,0
-0.86,0.0,1.0,-0.86,0.0,1.14,2.0,1.0,-0.72,3.59,6.72,1.18,-6.9,54.79,0.14,0.0,2.86,1.0,8.34,2.86,0.0,0.0,2.14,1.0,0.0,2.0,1.86,0
-0.51,-1.54,0.49,1.54,-0.51,2.97,-0.54,-0.54,0.97,-9.77,0.49,1.72,-1.03,-4.11,4.06,-1.03,-1.06,0.49,-1.41,0.51,1.0,0.0,2.49,1.0,0.0,1.49,0.0,0
0.0,0.0,1.0,0.0,0.0,0.67,1.0,1.0,0.67,1.67,22.67,-0.59,1.35,-33.66,-1.02,0.0,1.33,2.0,2.13,1.0,-0.35,0.0,4.67,0.83,0.0,2.0,1.0,0
0.0,0.0,1.0,-0.7,-4.24,-0.85,2.15,0.15,1.85,-0.85,-10.17,1.75,2.0,8.48,4.54,-0.85,-0.85,0.15,1.22,2.0,8.85,1.0,0.3,1.17,0.0,2.0,-1.7,0
0.0,0.0,1.0,0.0,0.0,4.8,2.2,1.0,1.8,-4.4,-11.4,2.73,0.0,-9.6,1.6,0.6,-2.4,1.4,2.15,1.0,1.0,0.0,-0.8,1.15,0.0,3.4,-0.6,0
0.0,-20.38,1.0,1.97,0.0,-2.91,1.0,2.0,3.0,1.0,1.97,-1.69,2.94,50.0,5.94,-2.91,12.94,2.97,3.01,2.97,8.76,0.0,0.06,1.24,0.0,1.03,-0.97,0
1.05,-0.52,1.0,0.0,0.52,-1.05,1.0,2.05,3.14,0.52,38.71,-2.84,1.05,17.29,2.57,2.0,28.57,2.52,1.29,0.0,1.52,0.0,1.48,1.0,0.0,0.48,0.52,0
-0.81,0.81,1.0,1.0,0.0,0.0,-1.42,0.19,-11.11,-2.42,5.84,1.96,-0.81,88.7,4.39,-1.61,5.04,1.81,1.23,0.0,2.81,0.0,3.81,1.0,0.0,2.81,0.81,0
1.0,0.0,2.0,3.0,0.0,-3.78,4.0,1.0,0.95,10.0,-1.62,0.02,1.05,58.0,1.95,0.0,-1.78,2.0,3.74,2.0,3.89,0.0,3.0,0.19,0.0,1.0,1.95,1
0.0,0.0,1.0,0.0,0.0,0.0,0.33,1.0,-0.67,2.0,9.34,0.73,0.0,72.05,1.0,0.0,-2.0,2.0,1.89,-0.67,0.33,0.0,1.0,1.0,0.0,0.33,1.0,0
0.0,0.0,1.0,1.0,0.0,3.72,1.0,1.0,-0.86,-1.86,1.93,2.52,0.93,36.79,6.86,-1.86,4.72,0.07,1.41,-0.93,3.0,0.0,3.0,1.0,0.0,1.07,0.93,0
-3.98,0.0,1.0,-2.99,0.0,-1.0,3.0,-0.99,8.03,-29.88,-49.79,0.21,1.0,72.06,3.0,9.97,-68.76,-1.99,2.72,1.0,0.0,0.0,-19.92,1.43,0.0,0.0,-1.0,0
0.0,5.0,1.0,0.0,0.0,0.0,2.0,2.0,3.15,11.36,17.67,-0.82,0.0,122.67,-1.36,7.09,5.58,1.0,3.16,-1.36,-0.58,0.0,4.0,0.75,0.0,0.21,1.0,0
-1.14,-1.14,1.0,-0.57,0.0,4.0,1.0,-1.27,0.57,-3.97,3.03,1.55,1.0,-23.28,2.57,1.0,4.0,0.43,2.99,0.57,1.0,0.0,-3.11,1.17,0.0,0.43,-0.14,0
0.0,3.0,1.0,-0.78,0.0,-3.83,1.0,1.0,0.0,11.75,19.58,5.63,-11.75,67.35,-1.57,1.0,4.7,0.78,1.1,-2.35,-14.88,0.0,1.78,0.8,0.0,4.0,0.78,0
-0.5,0.0,0.0,0.0,-1.01,0.0,-1.01,1.0,-1.01,-2.01,-1.01,4.11,0.0,-35.19,2.51,1.0,1.51,1.0,-0.84,1.01,17.09,0.5,1.0,1.0,0.0,1.5,0.0,0
0.0,4.92,1.0,-0.64,0.0,2.46,1.0,2.0,-0.82,3.0,4.08,2.23,0.0,-4.42,-1.46,4.1,1.0,0.36,-5.49,1.0,-0.82,0.0,4.0,0.75,0.0,2.18,0.0,0
0.0,0.0,1.0,-1.21,-1.81,3.4,0.4,0.4,1.21,-0.6,0.37,1.62,1.0,-9.04,5.41,-0.6,4.0,0.4,2.17,0.0,1.6,0.0,0.79,1.12,0.0,1.0,-1.21,0
0.0,0.96,1.0,3.0,0.0,-3.84,1.0,1.0,-1.92,4.0,21.04,1.85,0.0,86.0,0.08,0.96,1.0,0.04,2.28,0.96,-0.96,0.0,1.08,1.0,0.0,1.0,0.0,0
1.0,20.14,1.0,1.0,0.0,5.18,1.14,2.14,0.14,20.27,34.54,4.94,1.0,48.8,0.14,1.73,10.14,0.27,8.11,0.0,0.14,0.0,9.86,0.56,0.0,3.0,2.0,1
0.0,0.0,1.0,2.04,2.6,0.52,2.52,1.52,0.48,0.52,7.23,0.22,1.0,94.81,3.44,0.52,1.52,1.52,1.98,1.0,0.96,0.0,4.04,0.56,0.0,3.0,1.04,1
0.0,0.0,1.0,1.93,0.0,2.9,1.97,1.0,3.9,0.97,-0.97,2.07,1.0,78.35,4.0,23.0,-2.87,1.0,23.88,24.97,3.0,0.0,1.03,1.0,0.0,1.0,-0.97,0
0.0,13.41,1.0,0.0,0.0,3.83,1.0,1.0,4.36,8.0,17.0,2.92,0.0,86.0,-0.55,3.28,2.0,1.36,6.17,0.36,-2.55,0.0,2.28,0.84,0.0,0.36,0.0,0
0.0,0.0,1.0,4.0,0.0,1.25,5.0,1.0,0.0,5.81,6.43,0.04,4.31,60.89,5.0,1.0,-2.43,1.0,7.71,2.69,4.0,1.0,1.69,0.77,0.0,3.37,-0.69,0
0.0,0.0,1.0,2.1,0.0,3.0,1.0,1.0,5.45,5.2,11.53,-0.22,2.0,58.31,1.8,12.0,1.0,1.0,6.51,1.0,0.45,0.0,3.0,1.0,0.0,3.0,0.0,0
1.0,2.0,1.0,0.07,0.0,0.93,2.0,3.0,1.93,24.79,53.79,-0.94,1.0,68.78,-2.71,0.93,18.43,2.93,3.22,0.0,-1.79,0.0,13.64,0.31,0.0,3.0,2.0,1
0.0,0.69,0.31,1.0,0.0,-5.51,-0.38,1.0,1.0,-0.69,-1.07,2.95,-1.38,77.26,3.62,0.69,-3.14,0.31,-1.53,-2.07,0.62,0.0,1.62,1.0,0.0,2.69,0.0,0
0.0,0.0,1.0,-0.65,0.0,7.74,1.0,1.0,0.0,4.35,10.42,0.28,4.52,31.62,2.35,0.0,0.0,2.0,-1.47,0.0,1.65,0.0,1.0,1.0,0.0,-0.29,0.65,0
1.0,-1.0,1.0,0.0,0.0,0.0,3.0,1.0,6.0,7.0,-15.97,0.37,2.0,52.04,4.0,1.0,4.0,-1.0,2.16,1.0,1.0,0.0,0.0,1.0,0.0,1.0,-1.0,0
0.0,-12.55,1.0,0.0,0.0,5.4,1.6,1.0,3.0,2.0,10.18,-1.99,1.2,61.0,3.79,-1.2,5.99,1.6,-1.84,0.4,1.6,0.0,0.4,1.15,0.0,0.4,0.6,0
0.0,0.0,1.0,-1.37,0.0,-4.81,1.31,1.0,1.69,1.31,-2.12,0.09,-0.69,-22.68,3.69,0.0,5.75,1.0,2.86,1.0,3.06,0.0,2.37,1.0,0.0,1.69,0.0,0
0.0,0.0,2.01,0.0,0.0,3.97,2.01,1.0,3.0,2.51,3.46,0.75,-0.51,61.0,0.99,0.0,1.99,1.51,1.6,1.51,1.51,0.0,1.0,1.0,0.0,1.0,0.0,0
0.0,0.0,1.0,0.65,1.0,0.0,2.0,1.0,0.35,1.0,9.23,0.36,0.0,58.77,1.06,0.0,-0.29,1.65,11.61,0.0,1.0,0.0,2.0,1.0,0.0,2.65,1.0,0
-3.13,0.0,1.0,-1.56,-0.52,3.52,1.0,1.0,-0.52,3.04,1.83,1.9,0.0,43.09,2.48,1.0,2.09,1.52,0.54,0.0,1.0,0.0,4.09,0.74,0.0,4.0,-0.52,0
0.0,0.0,1.0,0.0,0.0,5.68,1.84,1.0,0.0,1.68,29.69,1.17,1.0,63.86,0.48,2.52,6.52,1.84,0.44,-3.36,-0.68,0.0,3.68,1.0,0.0,3.0,0.0,0
0.0,0.0,1.0,0.34,0.0,0.66,1.0,1.0,2.0,3.29,11.2,-0.35,0.0,28.31,0.03,0.0,6.34,1.0,4.1,1.66,0.69,0.0,0.69,1.0,0.0,2.34,1.31,0
0.0,3.0,1.0,0.0,0.0,3.0,1.0,1.0,0.0,0.0,0.0,5.38,0.95,0.0,0.0,22.81,1.95,0.0,24.09,23.76,0.0,0.0,4.0,1.47,0.0,1.0,-0.95,0
0.0,-2.92,1.0,0.0,0.0,-0.46,1.73,1.73,0.0,10.58,15.58,-0.45,0.0,122.31,0.27,1.27,4.92,2.0,4.11,1.73,1.73,0.0,3.0,0.48,0.0,0.54,0.73,1
0.0,0.0,2.0,-0.68,0.0,2.04,2.0,1.0,0.0,0.32,0.96,0.68,0.0,-7.8,0.64,0.0,1.68,1.68,-0.79,0.0,5.76,0.0,1.32,1.0,0.0,2.32,0.0,0
0.0,0.0,1.0,1.0,0.0,0.0,2.0,1.0,5.55,6.55,17.99,-3.49,0.0,129.08,2.78,-1.55,13.89,3.33,5.31,-0.78,0.78,0.0,6.55,1.0,0.0,1.22,1.78,0
0.0,0.0,1.0,-0.8,0.0,7.2,0.2,1.0,-3.2,-4.0,9.4,2.39,1.8,-56.06,3.8,0.0,2.19,1.0,1.33,0.0,1.8,0.0,-0.4,1.0,0.0,2.8,0.2,0
0.0,12.32,1.0,0.0,-0.54,10.62,0.46,1.0,-0.54,-0.54,-3.23,7.97,0.0,-22.64,-1.62,3.62,-0.54,-0.54,-0.9,0.0,-0.54,0.0,4.08,0.87,0.0,3.54,0.0,0
0.0,0.0,1.0,0.6,2.0,-0.39,2.0,1.0,0.6,5.0,57.41,0.12,2.4,137.75,6.2,3.0,10.21,1.0,2.29,0.0,3.2,0.0,7.6,0.86,0.0,1.4,3.0,1
1.0,0.0,1.44,15.0,0.0,-3.33,3.44,1.0,4.33,17.89,1.67,1.61,2.0,51.14,0.44,0.56,0.33,2.0,5.78,-0.56,1.44,0.0,3.0,0.67,0.0,1.56,1.0,0
0.0,4.0,1.0,-0.86,0.0,6.86,0.14,-0.71,-0.86,1.71,-6.84,4.24,0.0,9.41,0.14,7.71,-1.7,1.0,-0.79,1.0,0.0,0.0,-0.57,0.86,0.0,4.0,-1.71,0
0.0,0.0,1.0,0.0,0.0,0.0,2.78,1.0,0.78,1.22,-11.64,0.75,0.0,50.0,1.78,0.0,2.78,1.22,1.89,-0.78,1.78,0.0,-0.56,1.0,0.0,2.0,-0.78,0
0.0,0.0,1.0,0.0,0.0,-0.6,1.0,1.0,3.98,0.6,3.79,0.57,0.0,16.07,2.0,5.36,0.4,0.4,2.56,0.6,3.0,0.0,-0.79,1.0,0.0,0.4,0.0,0
0.0,0.0,1.0,-0.89,0.0,7.67,1.0,1.0,-2.67,-2.67,10.34,2.29,2.78,-72.07,3.0,2.0,6.45,1.0,6.13,5.0,0.11,0.0,1.11,1.0,0.0,2.89,0.0,0
0.8,0.0,1.0,1.0,0.0,0.8,-0.59,2.0,0.0,4.0,9.8,0.06,-3.19,59.0,0.2,0.0,0.61,4.0,-1.15,-3.19,-4.58,-1.59,4.0,1.0,0.0,1.8,0.0,0
0.0,3.92,-0.31,0.0,0.0,0.0,0.35,1.0,5.0,8.65,15.69,0.14,0.0,107.54,2.0,2.0,2.65,1.35,2.8,1.0,-0.65,0.0,2.31,0.84,0.0,1.65,0.0,0
0.0,0.0,1.0,0.0,0.0,-3.88,1.0,1.0,0.97,0.97,33.03,-0.66,-0.97,55.33,2.94,2.0,27.0,2.0,-0.83,0.97,1.0,0.0,2.0,1.0,0.0,1.97,-0.97,0
-0.7,0.0,1.0,0.7,-1.4,4.4,1.6,1.0,1.6,7.4,-12.74,0.75,0.0,84.74,2.0,-3.91,-0.51,3.81,1.25,-0.7,1.0,0.0,-1.81,1.12,0.0,1.0,-0.7,0
-0.87,0.0,1.0,0.13,0.0,5.19,-0.73,1.0,4.6,-1.73,4.6,1.29,-0.87,59.52,2.87,0.0,-0.79,0.13,-1.49,-3.33,-1.46,0.0,-0.6,1.22,0.0,1.27,0.0,0
0.0,0.0,1.0,1.0,0.0,3.0,1.0,1.0,6.0,2.07,0.0,0.51,2.0,66.0,4.0,10.14,1.93,0.07,6.64,1.0,1.0,0.0,2.07,1.31,0.0,2.07,0.93,0
0.0,0.0,1.0,-1.73,-2.88,2.88,0.42,0.42,12.0,12.0,9.25,1.29,2.0,23.21,1.42,-0.58,2.85,1.0,6.12,1.58,1.0,0.0,0.7,1.12,0.0,1.42,-0.15,0
0.0,1.0,1.0,0.54,0.0,0.0,1.0,1.0,0.54,4.0,3.0,-0.0,0.0,78.85,1.54,1.0,3.54,2.0,3.54,1.0,1.0,0.0,3.08,1.0,0.0,2.0,0.0,0
0.0,0.0,1.0,0.27,2.0,0.0,1.0,1.0,4.91,2.18,9.28,-0.25,0.0,58.27,2.36,6.55,3.46,1.0,3.11,0.73,2.0,0.0,1.54,1.0,0.0,2.73,0.0,0
0.0,0.0,1.0,0.0,0.0,7.17,2.0,1.0,1.0,-8.96,-14.33,1.12,8.18,-51.36,2.6,0.0,2.42,0.4,1.79,2.0,7.6,1.0,1.81,0.82,0.0,1.4,1.0,0
6.0,0.0,1.0,3.0,1.0,0.8,1.0,1.0,0.2,14.19,42.18,-0.75,0.0,154.33,-0.4,0.0,5.2,1.8,2.85,-1.6,-1.4,0.0,5.2,0.6,0.0,1.2,1.0,1
0.0,0.0,1.0,0.78,0.0,-0.78,-0.56,1.0,-0.78,-0.78,2.0,2.53,-1.56,52.22,0.22,0.0,-4.68,2.0,0.72,0.22,2.78,-0.78,1.22,1.0,0.0,0.22,-0.78,0
-0.54,3.0,1.0,0.0,0.0,-1.08,0.46,1.0,-1.62,-0.54,0.0,2.55,-0.54,-34.58,-1.62,3.08,1.62,0.0,1.13,1.62,0.0,0.0,0.92,1.0,0.0,1.0,-0.54,0
0.0,0.0,1.0,-1.86,0.0,-3.49,1.0,1.0,0.07,0.0,-5.57,1.98,-0.93,-75.15,4.93,4.78,1.0,1.0,-0.34,1.0,4.93,0.0,1.93,0.54,0.0,3.0,0.93,0
2.0,-0.72,1.0,1.72,2.0,0.0,3.0,1.0,0.56,1.28,21.33,0.57,0.0,61.28,1.72,10.61,5.83,0.56,7.89,1.0,1.0,0.0,5.28,0.83,0.0,3.72,0.28,0
0.0,0.97,1.0,1.0,0.0,-1.95,1.97,1.0,1.0,3.89,10.73,0.2,-0.97,163.26,4.05,0.0,8.79,1.97,1.96,0.0,1.03,0.0,6.89,0.84,0.0,2.97,0.0,0
0.0,4.0,1.0,-1.93,0.0,5.03,1.0,1.0,-0.97,-8.69,-4.83,3.44,0.0,-85.98,0.03,5.03,2.14,1.0,0.96,1.0,0.0,0.0,1.03,1.0,0.0,4.0,-0.97,0
-0.62,0.0,1.0,1.0,-0.62,4.34,2.62,1.0,1.0,1.0,1.62,0.73,0.0,25.0,3.0,0.0,4.14,1.62,8.12,7.24,5.48,0.0,1.38,1.0,0.0,2.0,0.0,0
0.0,0.0,1.0,-0.71,0.0,0.0,1.0,1.0,0.29,-0.71,0.71,3.08,0.0,24.09,5.83,-1.42,-1.42,0.29,-2.48,-2.83,1.0,0.0,1.71,1.0,0.0,3.71,-0.71,0
0.0,1.0,1.0,0.0,0.0,12.39,1.0,1.0,0.0,-0.85,3.39,6.76,0.85,-27.96,-0.85,2.85,-0.85,0.0,-0.04,-2.54,-0.85,0.0,3.85,1.0,0.0,2.15,0.85,0
0.95,2.85,1.95,1.0,0.95,-2.85,2.9,4.85,4.9,20.97,0.05,-0.01,1.0,122.27,3.05,1.9,9.1,2.95,5.13,2.95,1.0,0.0,2.0,1.0,0.0,2.95,-0.95,0
0.0,0.0,1.0,-0.83,0.0,5.0,2.66,1.0,-1.66,0.0,7.0,1.03,5.15,-54.72,0.51,0.0,7.0,1.0,5.61,4.15,6.8,1.66,1.17,1.0,0.0,0.17,1.0,0
0.62,0.0,1.0,0.0,2.25,0.0,3.87,1.0,1.62,-1.5,-3.36,0.42,0.62,33.26,2.38,0.62,1.0,1.0,4.07,0.62,1.0,0.0,1.38,1.0,0.0,2.0,1.0,0
0.0,0.0,1.0,0.65,0.0,1.42,1.0,1.0,-1.29,5.16,23.77,0.97,1.0,20.0,1.06,0.65,7.87,1.65,2.09,0.65,1.0,0.0,3.29,1.0,0.0,0.35,2.29,0
0.86,0.0,1.0,0.0,0.0,0.0,1.86,1.0,0.86,15.0,10.52,0.39,0.86,129.0,1.0,0.0,8.72,2.0,3.18,0.86,1.0,0.0,2.28,0.75,0.0,2.0,0.14,0
1.0,0.0,1.0,2.0,0.74,1.26,0.26,1.0,0.0,3.26,13.41,0.58,-1.47,58.74,-1.94,0.0,-0.68,6.0,1.29,-0.74,0.26,-0.74,0.53,1.0,0.0,3.74,-0.74,0
-1.46,0.0,1.0,1.27,-1.46,9.19,0.54,1.0,1.54,-0.46,-14.44,1.8,1.0,35.73,2.0,-5.11,-4.38,1.0,-0.39,1.0,6.11,0.0,-1.92,1.12,0.0,0.27,-0.73,0
0.0,-3.42,1.0,0.0,0.0,2.29,1.0,1.0,0.9,0.0,0.0,3.07,0.9,0.0,3.62,17.27,1.0,0.9,16.37,22.7,3.71,0.0,2.0,1.0,0.0,1.1,0.0,0
8.75,-2.92,1.0,1.0,2.0,-4.37,1.73,1.73,2.73,2.19,6.37,-1.65,0.0,116.56,6.73,-4.37,0.54,1.73,2.41,-0.73,2.73,0.0,3.73,0.76,0.0,0.54,1.46,0
0.0,0.0,1.0,0.0,0.0,3.0,0.11,1.0,0.11,2.67,2.67,2.26,-0.89,9.8,1.33,2.89,1.89,1.0,2.19,1.0,-26.3,-0.89,0.11,1.0,0.0,3.89,0.0,0
0.0,0.0,1.0,1.19,0.0,-1.78,1.0,1.0,3.0,6.0,20.56,-0.33,0.0,139.55,0.41,-1.19,6.0,3.59,11.04,0.41,-0.78,0.0,3.59,1.0,0.0,3.0,2.0,0
-0.94,-0.94,1.0,-1.88,-1.88,0.0,1.0,-8.39,-2.76,0.94,-59.03,1.17,0.0,-43.19,0.12,-9.39,-7.45,1.0,-1.64,0.94,3.94,0.0,-0.88,1.19,0.0,1.0,-1.88,0
0.0,-4.5,1.0,0.0,0.0,2.75,1.75,1.75,0.75,1.5,8.0,-0.59,2.0,37.49,2.75,19.25,4.5,2.5,22.95,26.75,4.75,0.0,2.75,1.0,0.0,2.0,0.0,0
0.0,0.0,1.0,0.25,0.0,1.0,1.0,1.0,1.0,8.25,17.65,0.84,0.0,58.02,1.42,1.0,6.0,2.58,1.86,1.0,1.0,0.0,3.83,1.0,0.0,2.58,2.0,0
0.0,0.0,1.0,-0.92,-1.85,10.54,2.0,0.08,-3.69,-4.61,4.23,1.96,2.0,-82.12,-0.69,0.0,0.54,1.0,2.88,2.77,0.08,0.0,-1.69,1.31,0.0,0.08,0.08,0
-0.74,0.0,1.0,-1.47,-4.42,5.0,1.0,1.0,-1.47,2.21,-1.84,0.99,2.47,-39.04,3.74,-5.16,1.84,1.0,0.65,-0.74,1.0,0.0,-0.95,1.0,0.0,2.74,0.26,0
1.0,0.0,1.0,0.56,0.0,0.0,2.0,1.0,6.12,8.0,-1.24,0.03,1.0,105.97,2.56,0.0,9.36,-0.68,4.55,0.56,1.56,0.0,1.56,1.0,0.0,1.0,0.0,0
-0.95,0.0,1.0,1.05,-0.95,-0.9,1.0,0.05,-5.65,-11.84,-30.93,0.33,0.0,82.35,2.95,-1.85,-11.09,-2.75,-2.8,1.95,1.0,0.0,-2.6,1.47,0.0,0.1,0.1,0
0.0,0.0,1.0,-0.86,1.0,3.45,2.0,1.0,2.72,0.14,1.69,0.86,0.0,-22.63,3.0,-4.31,0.14,1.0,-3.03,0.0,1.0,0.0,2.86,1.0,0.0,1.14,1.0,0
0.0,0.0,1.0,-0.79,0.0,1.0,0.21,1.0,0.0,3.0,8.21,1.69,-0.79,-1.86,0.21,0.0,3.0,1.0,2.68,2.58,1.79,0.0,1.21,1.0,0.0,1.79,0.21,0
-1.39,-1.39,1.0,1.0,0.0,0.0,0.31,-1.78,1.39,-1.78,8.08,1.05,0.0,64.58,2.69,6.39,2.69,0.31,6.11,0.69,1.0,0.0,-3.56,1.21,0.0,3.0,0.0,0
0.67,0.0,1.0,1.0,0.0,3.02,1.67,1.0,1.34,9.7,20.69,0.03,0.67,63.16,-0.69,1.34,9.34,1.67,11.33,1.67,0.33,0.0,1.33,1.0,0.0,2.33,0.0,0
0.0,0.0,1.0,0.0,0.0,4.88,1.0,1.0,1.0,-0.98,0.0,2.86,0.98,0.0,4.95,0.0,4.88,0.02,1.26,-0.98,1.0,0.0,1.98,1.0,0.0,1.05,0.98,0
0.72,0.0,1.0,0.72,2.87,0.0,1.72,1.0,0.0,-0.44,22.72,-0.59,0.0,19.39,1.0,0.0,2.0,1.28,2.41,0.28,1.0,0.0,6.15,1.0,0.0,2.72,1.0,0
0.0,0.0,1.0,0.0,0.0,4.0,1.51,1.0,-1.52,0.51,7.51,1.3,1.0,0.0,2.49,0.0,4.49,1.0,2.44,0.0,-0.01,0.0,1.49,1.0,0.0,1.0,1.0,0
6.0,0.0,1.0,3.0,1.0,6.35,1.0,1.0,0.47,7.0,28.06,-0.28,3.7,84.0,0.94,0.0,2.53,1.0,3.94,0.0,0.47,0.0,2.0,1.26,0.0,2.0,1.0,0
0.0,0.0,1.0,0.0,0.0,-1.46,2.0,1.0,0.54,1.08,7.54,0.5,-1.23,13.45,3.54,1.08,9.15,1.0,4.05,1.61,1.0,0.0,2.46,1.0,0.0,1.54,0.46,0
0.0,5.0,1.0,0.64,1.28,0.0,2.0,2.0,1.28,7.72,-4.46,0.57,0.0,53.02,4.21,0.0,1.44,0.36,4.16,1.0,2.28,0.0,4.64,0.75,0.0,1.0,1.0,0
0.92,0.0,1.0,0.0,0.0,-5.28,1.92,1.0,0.92,1.0,5.76,2.68,-12.88,-46.01,0.08,0.0,0.92,2.92,0.41,-0.84,-16.48,0.0,1.0,1.0,0.0,4.0,0.0,0
0.0,0.0,1.0,14.66,0.0,3.0,6.66,1.0,1.0,0.34,-1.31,0.33,5.66,92.48,1.0,0.0,-0.99,2.0,7.19,1.0,3.66,1.0,3.66,0.78,0.0,1.66,1.0,0
1.0,0.0,1.0,3.0,6.0,4.51,2.0,1.0,3.49,2.56,21.71,0.12,0.0,86.83,-0.54,8.0,13.59,1.0,10.13,1.51,-0.02,0.0,5.49,1.0,0.0,3.02,1.0,0
0.0,0.0,1.0,2.65,0.0,0.05,2.0,1.0,4.65,3.7,12.75,0.45,0.0,120.32,1.65,-0.65,2.65,2.0,3.53,0.0,1.65,0.0,4.65,1.0,0.0,0.05,1.0,0
0.0,0.0,1.0,-0.98,0.0,1.0,1.0,1.0,2.0,0.01,5.95,0.85,1.0,29.96,3.01,0.99,7.98,1.99,1.82,1.0,6.0,0.0,2.99,1.0,0.0,2.0,0.0,0
0.0,0.0,1.0,1.77,0.0,1.77,2.0,1.0,7.55,2.0,-17.03,0.93,0.77,80.35,4.32,2.0,5.1,0.23,2.7,1.0,4.87,0.0,0.45,1.0,0.0,3.0,-0.77,0
1.0,0.0,1.0,0.0,1.0,0.0,1.0,1.0,0.0,-5.87,-9.77,1.23,0.0,-15.66,-0.96,1.96,3.0,1.98,2.03,0.98,1.0,0.0,2.02,1.0,0.0,2.0,0.0,0
1.24,0.0,1.0,2.0,0.0,0.62,1.0,2.24,3.24,3.47,3.71,-1.03,1.24,103.74,1.62,2.0,11.66,2.62,7.03,4.0,1.62,0.0,3.24,1.0,0.0,-0.24,1.0,0
0.0,0.0,1.0,0.0,0.0,1.0,0.03,1.0,-2.9,4.17,16.1,1.88,0.0,116.99,3.9,0.0,-2.7,2.0,-1.39,0.0,3.9,0.0,4.07,0.5,0.0,1.03,-0.97,1
0.0,0.0,1.0,1.0,-1.96,-4.89,-0.96,1.0,2.0,2.96,13.78,0.39,-3.89,137.33,-2.91,-2.94,-5.89,1.98,1.68,0.0,-0.96,0.0,3.02,0.75,0.0,2.0,-1.96,0
0.0,0.0,1.0,-0.52,0.0,1.0,3.52,1.0,3.57,6.22,10.92,-0.33,2.0,26.74,4.43,0.0,8.04,1.52,2.41,1.52,1.48,1.0,3.48,1.0,0.0,2.0,1.0,0
1.0,0.0,1.0,3.67,0.0,0.0,2.11,2.78,7.11,5.78,8.33,0.19,-0.78,109.57,-3.45,0.89,10.22,2.89,6.55,6.0,4.11,-0.89,4.89,0.75,0.0,3.0,0.0,1
0.93,0.0,1.0,1.86,0.0,0.28,1.0,1.0,0.0,2.79,12.57,0.08,1.0,77.09,3.0,0.0,6.79,4.72,3.13,-0.93,1.0,0.0,2.93,1.0,0.0,2.86,0.0,0
-3.74,0.0,1.0,0.38,-0.62,0.62,1.0,1.0,1.0,1.87,1.0,1.76,0.0,103.12,5.0,0.62,3.5,1.62,0.13,0.62,3.0,0.0,4.87,1.0,0.0,2.0,0.62,0
0.0,1.62,1.0,0.92,0.0,-1.71,-0.08,1.0,1.0,10.0,26.46,1.24,0.0,89.0,0.38,2.08,6.0,1.46,-0.24,-1.17,-8.21,-0.54,4.46,1.18,0.0,1.46,1.46,0
0.73,0.73,1.0,0.73,1.46,1.0,1.73,9.03,4.92,3.73,67.67,-0.71,0.0,72.08,-0.46,8.3,17.03,2.73,5.04,0.0,-2.19,0.0,9.46,0.35,0.0,2.0,1.46,1
0.0,0.0,1.0,1.93,0.0,5.93,1.93,1.0,5.79,3.86,-2.72,0.26,0.0,96.15,5.93,0.0,0.0,-0.86,3.57,0.0,1.93,0.0,4.86,1.0,0.0,2.07,0.0,0
0.0,3.09,1.0,0.0,0.0,3.09,1.0,1.0,-2.32,2.36,-1.14,2.69,0.0,-4.71,3.0,2.32,-0.09,-0.55,11.72,1.0,0.23,0.0,3.0,0.67,0.0,4.0,-1.55,0
0.0,0.0,1.0,0.93,0.0,1.0,1.93,1.0,2.79,5.65,8.72,-0.73,0.0,105.05,0.14,0.0,9.29,3.0,4.43,0.0,-0.86,0.0,3.79,1.0,0.0,3.0,0.93,0
0.0,0.0,1.0,0.37,0.0,3.54,1.0,1.0,0.0,0.37,10.63,1.34,0.63,7.45,2.0,0.0,8.9,1.0,3.09,1.0,1.0,0.0,3.0,1.0,0.0,0.73,0.0,0
0.0,0.0,1.0,1.0,0.0,1.0,1.0,1.0,2.0,1.0,1.06,0.69,0.47,25.0,4.53,-12.15,8.11,1.0,-11.09,-12.74,4.41,0.0,2.0,1.0,0.0,2.0,0.53,0
0.0,0.0,1.0,1.0,2.0,0.88,0.12,1.0,2.0,2.63,2.88,0.95,0.0,96.02,6.0,0.0,2.0,0.12,-1.05,0.0,2.0,0.0,0.37,1.0,0.0,0.25,1.75,0
-0.94,0.0,1.0,-0.94,0.0,-1.87,2.87,1.0,3.13,3.0,5.39,0.92,-2.81,-7.22,1.94,9.0,3.94,1.0,6.84,5.68,7.55,1.87,-0.87,1.0,0.0,2.0,0.0,0
0.0,0.0,1.0,0.0,0.0,-2.78,1.93,1.0,0.0,2.93,7.93,-0.58,0.0,50.0,-0.85,-1.85,1.85,1.0,3.18,1.0,-0.85,0.0,1.93,1.0,0.0,0.07,0.0,0
0.0,0.0,1.0,0.75,0.0,3.25,1.0,1.0,0.0,-0.75,9.24,0.76,1.0,31.3,2.75,3.73,4.0,0.25,5.8,-0.75,1.0,0.0,2.75,1.0,0.0,1.75,1.0,0
0.0,0.0,1.0,0.0,0.0,2.14,2.0,1.0,0.0,2.14,8.43,0.63,1.29,54.97,1.57,0.0,4.14,1.0,2.08,0.71,1.0,0.0,2.0,1.0,0.0,0.29,1.0,0
1.98,0.0,1.0,3.0,6.0,7.93,2.0,1.0,4.0,-2.95,39.55,1.6,0.0,104.82,-0.97,8.0,11.97,2.97,5.72,1.0,0.02,0.0,6.98,1.0,0.0,2.98,1.98,1
0.0,0.0,1.0,1.0,-0.84,0.0,0.16,1.0,0.16,0.0,-4.88,3.57,0.0,100.0,6.68,0.0,-0.68,1.0,0.81,0.0,3.84,0.0,3.0,1.0,0.0,1.16,0.0,0
0.0,0.0,1.0,0.42,0.0,1.74,1.0,1.0,-1.16,0.42,8.91,1.84,-0.58,45.94,2.58,5.0,4.32,1.0,6.33,0.0,1.0,0.0,0.84,1.15,0.0,3.58,0.0,0
0.0,0.0,1.0,0.0,0.0,-1.26,1.0,1.0,0.0,4.01,6.5,1.27,-0.75,97.89,1.25,0.75,-1.5,3.75,-0.7,0.75,1.0,0.0,1.75,0.75,0.0,3.75,-0.75,0
0.0,0.0,1.0,3.0,0.0,-1.74,1.0,1.0,1.74,4.0,18.53,0.06,0.87,72.1,3.74,0.87,1.87,1.0,-4.54,-0.87,0.87,0.0,2.13,1.0,0.0,1.0,-0.87,0
0.0,0.0,1.0,-0.62,0.0,3.08,-0.23,1.0,2.38,6.0,21.32,0.63,-0.62,85.0,1.0,0.0,8.47,3.0,2.5,-0.23,-3.32,-0.62,3.62,1.0,0.0,2.38,2.0,0
0.92,3.0,1.0,0.0,0.0,0.92,1.0,1.0,0.0,-0.92,-3.69,1.76,0.92,-30.46,0.92,2.0,-0.92,-0.92,0.18,0.92,0.92,0.0,2.0,1.0,0.0,1.0,0.0,0
0.59,0.0,1.0,3.94,0.59,1.18,1.0,1.59,6.11,12.93,37.84,0.62,0.0,71.15,1.41,1.76,15.81,3.94,2.33,0.41,2.0,0.0,6.11,0.9,0.0,2.41,1.18,1
0.0,-0.64,1.0,1.0,1.0,-1.29,1.36,2.0,6.64,4.42,0.04,1.55,1.0,43.08,3.29,2.0,3.26,1.36,0.71,0.0,0.64,0.0,-1.22,1.11,0.0,1.64,0.0,0
0.0,1.0,0.39,-7.92,-1.83,1.83,1.0,1.0,-1.22,-0.61,-16.45,5.69,0.61,-32.28,-0.61,0.17,-3.05,-2.44,-3.1,2.22,1.22,0.0,-1.44,1.09,0.0,3.61,-1.83,0
0.0,0.0,1.0,0.64,0.0,0.64,2.0,1.0,0.36,3.2,11.52,-1.19,1.0,55.06,4.36,1.0,6.84,1.0,8.87,3.64,34.36,1.0,2.64,1.0,0.0,1.64,0.0,0
0.0,0.0,1.0,0.0,0.0,0.0,1.0,1.0,4.0,0.0,20.0,0.68,2.0,0.0,2.0,0.0,3.88,1.0,1.88,0.0,2.0,0.0,2.0,1.0,0.0,1.47,0.47,0
0.81,0.81,1.0,0.81,0.0,4.0,1.81,2.63,0.81,14.64,35.47,1.53,1.81,54.51,3.0,-0.81,10.51,1.0,2.22,-0.81,1.0,0.0,7.69,0.82,0.0,1.81,1.63,1
1.0,-2.55,1.0,3.0,6.0,1.45,2.0,1.0,4.85,1.7,15.55,-2.99,0.85,115.25,3.55,8.85,13.4,1.85,8.42,2.7,2.7,0.0,3.45,1.0,0.0,2.85,1.0,0
0.0,0.0,1.0,0.0,0.0,0.5,0.5,1.0,0.5,0.49,4.48,0.98,1.01,24.85,2.01,0.0,1.99,1.5,1.37,0.0,1.5,0.0,2.49,0.85,0.0,4.01,0.0,0
0.0,3.27,1.0,0.0,0.0,5.0,2.65,1.65,-1.31,0.65,1.77,0.61,2.0,-14.38,1.69,0.0,7.62,1.0,3.83,0.65,1.0,0.0,2.65,0.84,0.0,2.35,0.65,0
-0.85,0.0,1.0,0.85,0.0,0.0,1.85,1.0,6.12,1.71,-1.71,1.7,-0.85,52.07,4.0,1.71,3.71,1.0,3.14,2.0,4.0,0.0,2.85,1.0,0.0,3.85,0.0,0
0.0,1.27,-0.27,1.0,0.0,2.27,-0.27,1.0,2.0,0.37,-1.27,3.12,1.0,25.0,4.63,0.63,5.37,0.37,1.5,1.0,4.73,0.0,1.37,1.0,0.0,2.63,0.0,0
0.0,-36.76,1.0,0.84,0.0,0.0,1.0,1.0,1.84,0.0,2.84,1.75,0.0,83.55,5.34,-0.84,1.0,1.0,1.85,0.0,3.84,0.0,1.84,1.42,0.0,1.84,-0.84,0
1.0,0.0,1.0,1.0,4.85,-9.16,2.85,1.0,0.85,0.85,7.39,0.05,-5.93,95.56,1.85,0.0,2.0,1.0,3.54,0.0,0.15,0.0,4.0,1.0,0.0,3.85,0.0,0
0.0,0.0,1.0,0.53,0.0,4.0,1.53,1.0,0.53,0.0,6.47,-0.12,1.53,52.82,5.11,-1.58,5.53,1.0,2.84,0.0,2.06,0.0,3.06,0.82,0.0,1.53,1.0,0
0.0,0.0,1.0,0.0,0.0,4.48,1.0,1.0,10.21,10.21,14.1,0.87,3.79,14.13,2.9,18.8,6.69,0.1,27.8,23.38,3.69,0.0,3.0,1.0,0.0,2.0,1.0,0
0.0,-1.4,1.0,0.7,1.4,-3.5,1.0,1.0,2.4,1.4,2.1,0.81,0.7,55.99,7.5,0.7,6.3,1.7,0.56,-0.7,1.7,0.0,1.0,1.0,0.0,3.7,0.0,0
0.0,0.0,1.0,0.72,0.0,-2.15,1.0,1.0,0.0,-0.86,3.14,0.59,0.0,46.42,1.72,3.58,-1.43,2.0,5.2,-0.72,1.0,0.0,1.0,1.0,0.0,1.72,1.0,0
0.0,1.0,1.0,0.57,0.0,0.0,-0.14,2.14,2.85,6.85,8.7,0.27,-2.85,69.45,1.0,1.0,8.13,2.57,1.15,-1.85,-3.56,-1.14,3.71,1.0,0.0,2.57,0.0,0
0.0,0.0,1.0,2.57,-1.57,-0.79,1.0,1.0,2.0,0.0,-6.86,1.19,-4.71,66.0,3.64,-2.36,-6.43,1.0,4.05,3.14,12.79,0.79,2.0,0.74,0.0,2.0,-0.79,0
5.0,0.0,1.0,2.1,0.0,1.0,1.1,4.0,14.0,38.0,72.1,1.84,-0.9,4.96,-0.8,1.0,70.2,5.0,2.18,0.0,-0.8,0.0,21.2,0.57,0.0,3.9,0.1,1
0.0,0.0,1.0,2.52,0.0,0.85,0.37,1.0,0.0,3.78,10.15,0.91,-0.26,56.65,3.0,0.0,2.59,1.0,2.16,0.63,1.0,0.0,2.0,1.0,0.0,2.0,0.37,0
4.3,0.0,1.0,1.72,0.0,0.86,2.86,3.58,11.17,34.65,65.85,-0.76,0.0,45.7,-2.44,0.86,62.99,5.44,4.03,0.0,-0.72,0.0,18.18,0.63,0.0,3.72,0.86,1
0.0,0.0,1.0,0.0,0.58,-2.33,1.58,1.0,1.17,1.0,3.0,0.02,-0.58,33.0,2.42,0.0,3.83,1.0,1.96,3.0,2.0,0.0,1.0,1.0,0.0,2.0,0.0,0
0.0,-4.66,1.0,0.0,0.0,2.0,1.07,0.07,3.0,-6.38,-7.45,2.86,0.0,-24.76,7.86,0.0,-1.73,1.0,-1.26,1.07,2.93,1.0,-0.79,1.23,0.0,2.0,-0.93,0
0.0,0.0,1.0,1.87,0.0,-0.87,0.26,1.0,0.13,0.13,1.0,1.77,-1.74,83.35,2.13,0.0,0.77,1.0,6.63,5.13,2.13,-0.87,1.13,1.0,0.0,2.0,-0.87,0
-0.89,0.0,1.0,-3.57,-0.89,3.21,1.0,0.11,-5.36,-25.91,-57.32,1.99,1.0,2.68,5.68,-2.68,-8.19,-3.47,-2.52,0.0,2.79,0.0,-4.25,1.45,0.0,-0.79,-0.79,0
0.0,0.0,1.0,0.0,0.0,-0.78,2.78,1.0,1.0,2.0,5.92,0.26,1.57,33.0,4.57,0.0,4.57,0.22,4.17,0.22,-4.49,0.0,1.0,1.0,0.0,1.78,0.0,0
0.57,0.0,1.0,-0.57,0.0,1.57,1.0,1.0,-0.57,2.0,8.57,-0.03,0.57,-6.53,-1.26,0.0,3.43,2.0,1.69,0.57,1.0,0.0,2.87,1.0,0.0,3.57,0.0,0
0.0,1.0,1.0,0.0,0.0,10.21,1.0,1.0,0.0,-3.03,3.03,6.25,0.61,-24.23,1.21,2.0,3.63,0.0,-1.17,-1.21,-1.21,0.0,3.0,1.0,0.0,1.79,0.61,0
1.0,-42.44,1.0,0.0,0.0,0.0,2.0,1.0,5.0,11.95,3.96,0.19,1.0,102.68,1.01,0.0,7.97,1.99,6.01,0.99,1.0,0.0,1.0,1.49,0.0,1.99,-0.99,0
-0.6,0.0,0.4,-0.81,0.0,0.0,0.19,1.0,1.6,-6.03,-2.01,2.81,-0.21,65.03,6.81,0.0,-0.21,0.4,-2.22,-0.21,1.4,0.0,1.79,0.87,0.0,4.21,-0.6,0
0.0,0.0,1.0,0.0,0.0,0.0,1.0,1.0,0.0,14.39,26.0,0.14,0.0,75.58,1.61,0.0,7.0,1.39,0.93,0.0,1.0,0.0,4.61,0.75,0.0,2.0,0.39,0
6.44,0.0,1.0,1.0,0.0,-2.15,1.54,1.54,1.54,1.61,0.46,1.19,-0.54,130.61,4.46,0.0,-1.15,1.54,1.15,0.0,3.0,0.0,3.54,0.82,0.0,1.0,0.54,0
0.0,0.0,1.0,15.93,0.0,3.0,6.0,1.0,1.0,1.0,6.82,0.14,3.07,152.69,1.0,0.0,-0.93,2.96,20.83,1.0,2.04,1.0,3.0,1.48,0.0,0.04,1.0,0
0.0,-3.94,1.0,0.0,0.0,-5.9,1.98,1.0,1.0,0.0,0.98,-1.36,1.97,0.0,4.97,-5.9,-3.92,1.0,-0.25,0.0,16.79,0.0,2.97,1.0,0.0,2.02,0.0,0
0.0,3.0,1.0,0.87,0.0,4.0,1.87,1.0,0.0,0.0,0.87,4.88,0.87,86.65,0.87,1.0,0.0,0.0,1.13,-1.73,-0.87,0.0,1.87,1.0,0.0,3.13,0.87,0
0.0,0.0,1.0,-0.61,0.0,4.0,1.0,1.0,-1.23,0.61,8.84,1.68,0.39,4.91,1.16,0.0,2.55,1.61,2.67,0.0,-2.07,0.0,1.39,1.0,0.0,1.0,1.0,0
0.0,-2.18,1.0,2.45,0.0,-0.73,1.73,1.0,3.91,3.63,12.63,-1.75,0.0,159.61,5.73,-0.73,1.73,2.45,2.76,-0.73,2.73,0.0,3.0,1.0,0.0,2.73,0.73,0
0.0,1.84,1.0,0.0,0.0,-5.51,1.0,1.0,0.0,2.0,6.0,-0.74,0.0,16.0,3.0,-0.92,2.92,1.0,4.56,2.92,1.0,0.0,2.92,1.0,0.0,1.16,0.0,0
0.0,6.0,1.0,-1.43,0.0,0.0,1.28,-0.43,-7.16,3.43,7.88,0.6,0.0,22.97,1.72,-0.72,5.15,0.28,8.59,1.0,1.0,0.0,1.85,0.75,0.0,2.72,-0.72,0
0.0,0.0,1.0,0.0,0.0,1.86,2.73,1.0,0.86,9.86,19.86,-1.18,1.73,116.53,3.59,0.0,12.05,2.0,3.36,0.86,1.86,0.86,8.59,0.5,0.0,1.14,0.86,1
0.0,0.0,1.0,1.41,0.0,0.0,0.21,1.0,-2.38,-1.18,-2.94,1.69,0.0,75.94,5.21,0.0,-2.97,1.0,1.81,2.0,2.59,0.0,2.79,1.0,0.0,0.21,-0.79,0
12.0,0.0,1.0,0.7,0.0,-0.7,2.0,2.0,1.7,1.61,1.13,0.7,0.0,91.79,4.09,0.0,1.91,1.3,2.49,0.0,1.7,0.0,2.3,0.67,0.0,0.61,2.0,1
0.0,0.0,1.0,0.0,0.0,2.23,0.41,1.0,0.0,-2.94,6.41,1.37,1.59,-11.77,2.59,1.0,4.0,1.0,2.14,0.59,1.0,0.0,2.59,1.0,0.0,1.59,1.0,0
5.23,0.0,1.0,2.61,0.87,-0.48,1.0,1.0,0.87,6.1,19.42,0.32,-0.87,73.18,0.13,0.0,-3.23,2.0,2.0,1.0,8.0,0.0,2.0,1.0,0.0,2.0,0.0,0
0.0,0.0,1.0,0.17,0.0,0.0,1.0,1.0,1.0,0.0,5.13,1.61,-1.65,100.0,5.17,0.0,0.17,3.48,0.59,-0.83,-4.79,0.0,2.17,1.0,0.0,1.83,0.0,0
0.0,-0.59,1.0,6.0,0.0,-1.18,1.0,1.0,1.77,1.23,1.58,0.68,0.59,80.17,2.18,0.59,-2.3,1.41,5.64,0.59,1.59,0.0,-0.35,1.1,0.0,3.0,0.0,0
1.71,0.0,1.0,1.0,0.0,-1.71,1.14,2.71,3.57,-0.86,4.43,0.03,1.86,118.0,8.43,0.0,13.14,1.86,0.65,-1.71,2.14,0.0,3.0,1.0,0.0,0.29,1.0,0
0.79,0.0,1.0,3.96,0.79,-0.58,1.0,1.79,5.54,26.96,61.25,0.28,-0.79,153.79,0.21,4.38,12.29,5.96,4.83,1.0,1.0,0.0,9.33,0.27,0.0,3.58,1.58,1
0.0,0.0,1.0,1.0,0.0,0.63,1.0,1.0,0.0,3.52,10.03,0.21,0.0,108.44,1.74,1.26,2.26,1.63,6.58,1.63,0.37,0.0,4.26,0.79,0.0,3.63,0.0,0
0.94,0.0,1.0,4.75,0.94,1.94,2.0,1.94,10.69,28.26,68.45,0.14,-0.94,128.51,0.12,4.81,13.25,5.69,7.55,0.06,-3.69,0.0,9.5,0.53,0.0,3.94,1.88,1
0.0,11.92,1.0,2.3,0.0,2.81,0.3,1.0,-1.4,-0.81,2.19,4.5,0.0,20.3,4.6,1.4,-1.1,0.3,7.03,2.7,0.3,0.0,1.3,1.11,0.0,1.0,0.0,0
0.64,1.0,1.0,0.0,0.64,-7.66,1.0,1.0,2.0,2.0,17.36,0.35,-4.47,76.0,0.36,0.0,6.28,3.0,2.52,0.0,0.36,0.0,3.64,1.0,0.0,2.64,0.36,0
0.0,0.0,1.0,1.56,0.0,3.68,2.0,1.0,3.0,4.12,4.36,0.02,1.68,104.54,3.0,1.12,0.0,1.0,3.75,0.0,0.32,0.0,5.24,0.89,0.0,1.44,0.0,0
0.0,34.68,1.0,0.0,0.0,1.26,1.0,1.0,0.0,0.0,7.0,-0.79,1.0,0.0,3.83,-3.65,4.0,1.91,-3.46,0.0,1.91,0.0,2.0,0.54,0.0,0.09,1.91,1
0.0,0.0,1.0,1.57,0.0,0.0,1.0,2.13,1.57,1.13,10.04,1.51,-1.13,137.3,5.43,0.0,6.65,1.57,2.66,0.0,-5.78,0.0,4.13,0.91,0.0,0.43,1.13,0
0.0,1.0,1.0,0.0,0.0,-1.73,1.0,1.0,0.0,4.86,7.32,-1.03,0.0,68.21,1.0,1.0,6.46,2.0,3.14,0.14,1.0,0.0,4.59,1.0,0.0,1.14,0.0,0
0.0,0.0,1.0,0.25,0.0,3.0,1.75,1.0,5.25,3.75,0.0,0.59,2.0,16.21,0.98,12.0,1.0,1.0,6.46,1.75,1.75,0.0,3.0,1.0,0.0,3.0,0.0,0
0.0,0.0,1.0,1.49,0.0,1.49,1.75,1.0,2.24,8.73,24.94,-1.33,0.0,141.18,0.76,0.0,1.49,2.75,4.87,0.0,0.25,0.0,2.49,1.0,0.0,1.0,0.75,0
0.84,4.0,1.0,1.0,0.0,-2.19,2.0,1.0,2.84,4.84,1.49,0.37,-0.84,109.86,0.33,0.0,3.33,1.84,2.86,1.67,1.0,0.0,4.16,0.6,0.0,2.84,-0.84,0
6.0,-0.89,1.0,3.89,1.0,-1.79,1.89,1.0,1.89,3.43,11.81,0.58,1.79,25.94,2.89,0.0,-8.72,0.11,1.76,1.79,8.15,0.89,-1.57,1.15,0.0,2.0,1.0,0
0.0,17.29,1.0,0.0,0.0,5.96,0.26,0.26,0.0,-6.67,-1.48,4.16,0.74,-45.95,0.74,3.74,0.0,0.0,0.32,-0.74,0.0,0.0,2.52,0.94,0.0,3.0,1.0,0
0.0,0.0,1.0,1.0,0.0,4.72,2.0,-0.81,1.19,-0.62,4.62,0.31,1.81,21.27,3.91,0.0,4.53,0.09,2.27,0.0,2.0,0.0,2.09,1.3,0.0,1.09,0.91,0
0.0,-0.83,1.0,1.83,0.0,-1.67,0.17,1.0,2.83,-3.34,-11.35,1.66,0.0,79.2,5.34,0.0,-2.18,0.17,0.37,1.0,4.5,0.0,-0.5,1.14,0.0,2.17,0.0,0
0.0,0.0,1.0,14.0,0.0,-0.66,6.0,1.0,1.0,1.61,1.39,0.04,4.39,84.13,-0.22,0.0,1.0,2.61,8.25,1.0,2.39,1.0,1.78,1.41,0.0,-0.22,1.0,0
0.0,0.0,1.0,0.94,0.0,6.94,1.0,1.0,3.0,2.0,8.83,1.48,0.0,99.66,2.0,-0.94,0.17,1.0,6.24,1.0,1.0,0.0,1.94,1.0,0.0,1.0,0.0,0
0.0,0.0,1.0,0.5,0.0,-0.51,1.0,1.0,0.0,4.51,8.02,1.3,-0.5,74.71,-0.0,0.0,1.5,2.5,5.34,1.0,1.0,0.0,3.01,0.75,0.0,3.0,-0.5,0
0.0,0.0,1.0,-0.65,0.0,-0.26,1.69,1.65,4.96,6.65,2.0,0.25,0.65,102.63,2.65,1.0,10.18,1.65,2.22,-1.31,-9.44,-0.65,0.35,1.22,0.0,1.0,-0.65,0
3.45,0.0,1.0,1.38,0.0,-5.21,1.69,3.07,9.66,29.21,58.66,0.6,-10.34,142.52,-0.38,0.69,51.97,3.76,1.94,-1.07,-12.1,0.0,15.79,0.7,0.0,1.69,1.69,1
0.0,-0.94,1.0,0.0,0.0,-7.51,2.0,1.0,1.88,4.82,20.9,-5.08,0.0,120.43,1.94,-0.94,10.45,3.88,3.85,0.0,1.0,0.0,5.7,0.53,0.0,1.06,0.0,1
0.0,0.92,1.0,-2.77,-4.62,8.39,0.08,0.08,0.0,1.08,-4.01,6.26,0.0,-33.12,-0.85,0.92,2.15,0.15,-0.28,0.0,0.08,0.0,2.15,1.18,0.0,3.92,-1.85,0
-0.77,0.0,1.0,-0.77,0.0,-1.54,1.0,1.0,1.77,-3.08,-6.17,2.6,0.0,13.1,7.08,0.0,0.46,-2.85,0.77,2.0,5.54,0.0,2.77,1.0,0.0,2.23,0.0,0
0.0,0.0,1.0,0.83,0.0,-1.48,1.83,1.0,0.0,9.0,19.83,-0.3,0.83,170.79,1.83,-1.66,6.0,2.0,2.05,0.0,-0.66,0.0,7.66,0.22,0.0,2.0,0.0,1
0.0,0.0,1.0,0.0,0.0,4.3,1.3,1.0,0.0,-1.4,6.3,0.75,2.0,-25.25,3.7,0.7,9.1,0.3,1.9,0.7,1.0,0.0,0.9,1.14,0.0,1.0,1.0,0
0.98,0.0,1.0,1.98,3.93,-4.91,1.98,1.0,1.0,0.0,-1.94,1.04,-0.98,158.89,4.04,0.0,1.98,1.0,3.94,0.0,2.0,0.0,3.98,1.65,0.0,1.02,0.0,0
-0.91,0.0,1.0,0.09,0.0,0.0,-0.81,1.0,2.72,2.81,17.69,1.39,-0.91,91.73,3.0,0.0,-4.44,1.91,1.66,-3.53,-2.63,0.0,2.09,1.23,0.0,3.0,1.81,0
0.0,-1.95,1.0,0.98,0.0,-5.79,1.0,1.0,2.95,0.0,0.98,-1.93,0.0,64.45,9.86,1.02,1.98,1.98,1.33,0.02,4.98,0.0,0.02,1.0,0.0,2.02,0.0,0
0.0,0.0,1.91,-1.72,0.0,10.27,2.82,1.0,1.0,1.09,4.18,0.49,4.82,10.22,-0.63,2.0,6.45,1.0,5.45,1.82,1.91,0.0,5.91,0.8,0.0,2.0,0.0,0
0.0,4.0,1.0,-0.56,0.0,9.33,1.0,1.0,1.67,1.11,2.78,3.63,-1.11,33.9,1.0,6.0,6.56,1.0,1.74,1.0,-3.89,0.0,1.44,1.0,0.0,3.44,0.0,0
1.0,15.99,1.0,-1.28,0.0,4.28,1.0,1.0,2.0,-1.52,3.19,2.23,8.0,38.23,-2.57,2.28,1.24,0.24,-0.12,-1.52,0.24,0.0,4.52,0.81,0.0,2.52,0.76,0
0.78,0.0,1.0,0.0,0.0,1.0,1.78,1.0,-0.78,2.22,7.44,0.77,0.78,62.95,1.0,-1.56,6.12,1.0,2.57,1.78,1.0,0.0,2.0,1.0,0.0,1.0,1.0,0
-0.9,0.9,1.0,4.8,1.8,-0.9,1.9,9.11,1.8,-0.7,61.79,0.52,-1.8,99.55,4.2,9.01,-0.8,1.0,3.93,2.0,-0.8,0.0,3.8,0.82,0.0,1.9,1.8,1
0.0,0.0,1.0,-0.55,0.0,-1.66,1.0,1.0,0.0,1.89,-0.33,1.39,-1.66,-12.31,2.0,0.89,4.0,1.0,2.35,3.0,2.66,0.0,-1.22,1.11,0.0,2.55,0.0,0
0.0,0.0,1.0,0.05,0.0,0.0,1.95,1.0,-0.95,3.0,28.0,-0.7,1.91,-4.27,-0.91,1.0,3.0,2.0,1.64,0.95,9.53,0.0,4.95,1.0,0.0,2.91,0.0,0
0.0,3.41,1.0,-0.71,0.0,3.41,1.0,1.0,-0.71,0.0,-0.71,5.6,0.0,-70.51,-0.82,1.71,1.0,1.0,2.71,1.71,-1.41,0.0,-0.41,1.0,0.0,2.0,0.0,0
0.0,0.0,1.0,0.0,0.0,1.14,1.0,1.0,11.43,9.71,8.14,1.32,2.0,36.69,1.43,0.0,4.0,1.57,4.87,1.0,1.0,0.0,3.0,1.0,0.0,3.72,-0.14,0
0.0,0.0,1.0,-5.88,0.0,0.0,1.0,1.0,1.47,3.47,24.47,0.14,0.0,70.64,1.73,1.47,5.27,2.0,-7.2,0.0,0.0,0.0,2.0,1.0,0.0,1.27,1.47,0
0.0,0.0,1.0,0.49,0.0,0.0,2.51,0.49,-0.03,1.0,1.0,0.81,-0.51,-0.63,1.97,0.0,1.9,0.49,6.99,5.49,3.51,0.0,2.0,1.0,0.0,2.0,0.0,0
0.0,0.0,1.0,1.0,0.0,4.0,2.0,1.0,2.0,3.0,1.93,-1.12,3.86,41.0,1.07,1.0,5.78,1.0,5.19,0.0,1.0,0.0,2.0,0.54,0.0,4.86,0.0,0
0.0,0.0,1.0,0.51,0.0,7.48,1.0,1.0,0.0,1.51,2.52,0.06,14.49,127.81,1.49,0.0,4.52,1.0,5.68,4.51,20.0,0.0,2.51,1.0,0.0,2.51,0.0,0
0.0,0.0,1.0,0.0,-4.82,-0.96,1.0,0.04,4.86,2.89,-1.93,1.62,0.0,0.0,6.89,-0.96,3.86,0.04,0.07,0.0,2.04,0.0,-0.89,0.69,0.0,1.0,0.04,0
0.0,3.0,1.0,0.0,0.0,-2.07,1.52,1.0,0.0,0.0,-3.11,1.74,0.52,0.0,0.0,2.0,-1.55,0.0,-0.48,0.52,6.21,0.0,3.04,1.0,0.0,1.0,0.0,0
0.0,0.0,1.0,-0.86,1.0,0.0,2.0,0.14,-0.59,0.86,7.86,0.48,0.0,-29.36,2.86,0.0,0.27,0.14,2.45,1.73,1.86,0.0,1.14,1.0,0.0,3.0,0.0,0
1.0,0.0,1.0,-0.74,1.0,0.0,1.0,0.26,0.0,-2.21,-4.15,1.92,0.0,-52.27,1.0,0.0,2.26,1.0,1.21,0.0,2.47,0.0,1.53,1.18,0.0,0.53,0.0,0
0.0,0.0,1.0,0.0,0.0,6.0,1.0,1.0,0.0,-1.64,29.92,0.9,1.0,-13.1,1.36,1.64,21.46,1.82,-2.73,-1.64,1.0,0.0,3.0,0.33,0.0,2.36,0.0,1
0.0,0.0,1.0,0.38,0.0,0.0,1.62,0.38,1.62,-0.62,-3.32,1.98,0.0,76.57,7.23,0.0,2.23,0.38,1.89,0.0,1.62,0.0,1.15,1.15,0.0,-0.23,0.0,0
-0.82,0.0,1.0,-2.47,-4.93,-3.29,0.18,1.0,-1.47,0.0,-4.93,2.02,1.0,-77.31,4.82,16.42,-5.58,1.0,19.83,23.18,3.0,0.0,-2.11,1.0,0.0,1.82,-0.82,0
0.0,0.0,1.0,1.88,0.0,0.0,1.0,2.0,0.0,-4.07,-5.14,0.92,0.0,55.1,3.65,0.0,3.65,2.0,1.67,1.0,0.0,0.0,3.12,0.75,0.0,3.0,0.0,0
0.0,-0.99,1.0,0.0,0.0,-3.94,1.99,1.0,0.99,3.97,20.8,-4.01,0.0,92.38,2.97,-0.99,0.0,2.97,7.71,1.0,1.0,0.0,3.96,1.0,0.0,2.97,0.0,0
0.0,0.0,1.0,0.0,0.0,3.32,1.0,1.0,-0.66,2.0,11.64,0.14,0.66,50.0,0.34,0.0,3.32,1.0,3.09,-0.33,-0.99,0.0,1.0,1.0,0.0,-0.33,0.66,0
0.0,-2.57,1.0,0.0,0.0,-3.43,1.0,1.0,0.0,7.0,13.71,-1.9,0.0,61.0,3.86,1.71,3.0,1.86,6.14,1.86,1.0,0.0,3.0,0.67,0.0,2.29,0.0,0
0.0,1.0,1.0,1.53,-0.77,3.83,1.77,1.0,-1.53,0.0,-4.6,5.41,0.0,0.0,0.77,2.0,-1.53,0.0,3.9,4.07,12.26,0.77,1.77,0.74,0.0,2.23,0.77,0
0.0,0.0,1.0,1.16,0.0,8.34,3.0,1.0,-1.67,-4.18,-3.18,2.0,0.84,-49.32,3.0,-1.67,0.0,1.0,2.81,3.16,17.0,1.0,3.0,0.67,0.0,2.84,-0.67,0
0.0,5.12,1.0,0.0,0.0,8.31,1.0,1.0,0.0,0.0,-4.8,7.52,-0.69,0.0,-2.06,5.43,-2.06,-0.69,3.04,0.0,-0.69,0.0,3.0,1.0,0.0,3.69,-0.69,0
0.0,0.0,1.0,1.53,0.0,0.53,3.0,1.0,1.53,3.68,-0.53,0.91,2.0,-1.05,2.53,0.0,1.58,1.0,2.06,2.53,8.53,1.0,2.53,1.0,0.0,2.53,1.05,0
2.0,2.57,1.0,1.0,0.0,0.57,0.86,5.0,-1.7,5.59,7.86,2.8,0.0,34.24,0.86,0.0,1.3,1.43,2.6,0.57,1.0,0.0,10.0,0.7,0.0,2.0,2.0,1
0.0,0.0,1.0,1.0,0.0,0.0,1.97,1.0,-0.94,-4.86,-14.54,1.94,0.0,17.43,4.97,0.0,-1.91,-0.94,0.37,0.0,2.97,0.0,2.03,1.0,0.0,0.03,-1.94,0
2.63,0.0,1.0,2.58,0.0,-0.53,1.0,2.58,6.83,19.91,29.16,0.98,0.0,69.98,3.0,-1.05,36.72,2.58,6.45,1.0,1.0,0.0,13.51,0.77,0.0,3.0,0.53,1
-1.02,0.51,1.0,-0.51,-1.02,0.0,-0.02,1.0,-1.02,1.02,20.23,0.35,0.0,-18.87,1.0,-1.06,24.45,2.0,-1.22,0.0,1.0,0.0,-0.04,1.09,0.0,0.49,-0.51,0
0.0,-0.6,1.0,-0.79,0.0,-0.6,1.4,-0.19,12.38,3.64,12.21,0.15,1.19,45.86,1.6,2.0,7.02,0.4,3.09,0.0,1.19,0.0,4.21,0.67,0.0,1.4,0.0,0
0.0,0.0,1.0,0.84,0.0,8.19,1.0,1.0,2.51,1.67,6.16,-0.53,1.0,48.55,5.35,-1.51,4.0,1.0,4.54,-0.84,1.84,0.0,3.67,1.0,0.0,1.84,1.0,0
0.0,0.81,1.0,2.0,0.0,6.07,2.0,1.0,4.0,5.0,10.3,4.75,-0.81,82.0,-1.44,1.63,-2.07,1.19,1.65,0.0,0.19,0.0,4.81,1.0,0.0,3.63,0.19,0
0.0,0.0,1.0,1.0,0.0,1.0,1.0,1.0,1.23,1.0,3.55,0.88,2.0,50.0,-0.32,2.32,0.0,1.0,2.77,0.77,-0.55,0.0,3.23,0.75,0.0,2.0,0.0,0
0.0,0.0,1.0,0.0,0.0,-3.09,1.0,1.0,0.0,1.77,22.0,0.08,-0.77,0.0,-0.55,0.0,-2.64,2.77,0.46,1.77,1.0,0.0,3.23,1.0,0.0,2.77,0.23,0
0.0,1.45,1.0,0.0,0.0,4.77,1.55,1.0,-1.11,-1.11,-6.1,4.18,1.11,-42.13,3.11,1.0,2.11,-0.11,2.03,1.0,0.0,0.0,1.0,1.0,0.0,1.45,0.0,0
0.5,0.0,1.0,0.5,0.0,1.5,3.0,1.0,1.5,7.0,6.0,0.15,0.0,82.5,-0.0,1.0,4.5,3.5,3.25,0.0,1.0,0.0,0.5,1.0,0.0,1.0,0.0,0
0.0,0.0,1.66,0.0,0.0,1.97,1.66,1.0,0.66,2.0,23.0,-1.07,0.0,89.0,2.97,0.66,6.66,2.0,0.87,0.66,2.63,0.0,2.0,1.0,0.0,2.66,0.0,0
0.0,0.0,1.0,2.42,0.0,4.22,5.22,1.0,0.0,0.0,-0.61,1.74,4.03,-33.03,4.61,0.81,2.0,1.0,2.25,3.81,7.42,1.81,1.39,0.67,0.0,0.19,1.0,1
1.0,0.0,1.0,1.0,0.0,6.98,0.0,1.0,-1.99,-9.97,-7.95,1.39,9.99,2.27,2.0,22.93,2.0,0.0,26.03,24.92,3.99,0.0,3.0,1.0,0.0,1.0,0.0,0
0.0,62.45,1.0,0.0,0.0,3.0,1.0,1.0,0.0,-1.88,-6.59,3.34,0.0,-47.1,0.94,3.94,0.94,0.0,-1.72,-0.94,0.0,0.0,4.94,0.28,0.0,3.0,1.94,1
1.0,0.0,1.0,1.0,0.0,-0.8,1.41,1.0,2.39,9.57,15.72,0.04,-0.59,92.14,-2.18,1.59,8.02,2.8,6.36,6.0,3.41,-0.8,1.61,0.75,0.0,2.2,-0.8,0
1.0,0.0,1.0,3.35,3.91,2.78,1.78,1.78,0.43,-0.78,12.48,0.17,8.0,107.22,2.78,-0.78,3.57,1.0,1.34,-0.78,1.0,0.0,5.35,0.84,0.0,1.0,1.57,0
0.0,0.0,1.0,0.0,0.0,0.0,1.0,1.0,0.0,5.0,13.0,0.13,0.0,80.0,3.0,0.0,0.92,2.0,2.08,0.0,1.0,0.0,1.0,1.0,0.0,1.0,0.0,0
0.0,0.0,1.0,0.57,0.0,-3.44,1.0,1.0,1.0,1.57,5.43,0.48,-0.57,99.97,4.43,2.86,4.57,1.0,5.15,1.0,1.0,0.0,1.43,1.38,0.0,1.43,0.0,0
0.0,-2.15,1.0,1.0,0.0,-2.15,2.0,3.0,2.07,3.07,20.22,-1.43,0.0,102.54,2.0,-0.54,9.93,2.54,0.65,1.0,1.54,0.0,5.46,0.83,0.0,1.46,2.0,1
-3.48,0.0,1.7,7.96,2.09,-0.7,1.0,-1.09,-6.35,-22.27,-28.62,0.41,0.0,48.61,2.7,1.39,-38.93,1.0,8.17,1.0,2.0,0.0,-9.13,1.2,0.0,2.3,1.39,0
0.0,0.0,1.0,0.0,0.0,4.0,1.0,1.0,0.92,-0.92,2.39,2.19,1.0,23.04,4.84,0.0,4.0,1.0,-2.96,0.0,1.92,0.0,2.92,1.0,0.0,0.08,0.0,0
0.0,4.0,1.0,0.74,1.48,6.0,-0.48,1.0,1.48,1.48,1.48,3.15,-2.97,59.39,2.48,7.48,11.2,1.0,-1.13,-2.71,-4.45,-1.48,2.74,1.0,0.0,5.48,0.0,0
5.0,0.0,1.0,3.59,0.0,1.0,2.0,4.0,14.0,38.0,73.59,-0.22,0.0,154.41,2.78,1.0,72.59,5.0,3.67,0.0,1.0,0.0,24.19,0.57,0.0,1.81,1.0,1
0.0,0.0,1.0,3.75,0.0,-4.82,0.31,1.0,-1.06,1.38,4.44,1.32,-0.69,105.51,5.31,0.0,3.06,1.69,4.14,-0.69,2.0,0.0,3.69,1.0,0.0,3.38,0.0,0
0.0,0.0,1.0,0.0,0.0,1.48,2.52,1.0,3.0,0.96,-2.6,0.25,0.0,18.93,6.0,-1.04,2.0,1.0,2.36,1.48,2.0,1.0,0.96,1.17,0.0,2.0,0.0,0
0.0,0.0,1.0,0.0,0.0,0.0,1.0,1.0,0.0,1.0,27.0,0.64,0.0,92.0,2.8,0.0,0.0,1.0,0.15,0.0,0.8,0.0,3.0,1.0,0.0,1.0,0.0,0
0.0,0.0,1.0,0.25,0.0,-0.75,1.75,2.0,3.0,0.25,4.25,0.74,-2.26,68.07,0.49,-1.51,4.75,2.0,4.08,1.51,-0.75,0.0,1.49,1.15,0.0,3.0,0.75,0
0.0,2.76,1.0,0.0,0.0,2.76,0.08,1.0,2.08,4.16,4.11,4.68,0.0,45.4,-0.84,0.92,6.92,1.16,-2.21,1.0,0.08,0.0,3.0,1.0,0.0,1.16,2.0,0
0.0,2.24,1.0,0.0,0.0,9.48,1.0,1.0,-1.49,-1.49,-6.43,3.65,1.0,-56.71,2.0,4.48,4.75,-0.49,1.62,0.75,0.25,0.0,2.25,1.0,0.0,2.49,-0.75,0
0.7,0.0,1.0,9.7,0.0,-3.52,1.7,1.0,0.0,5.82,7.18,0.15,-0.7,119.2,0.59,0.0,9.93,1.7,16.87,5.22,3.82,0.0,3.41,0.82,0.0,3.0,0.0,0
1.0,0.0,0.19,1.0,0.0,-0.26,0.37,1.0,4.63,6.19,3.37,1.08,-0.63,39.14,1.0,2.0,-1.88,2.0,0.42,-2.26,0.19,0.0,2.0,1.0,0.0,1.81,0.0,0
0.0,0.0,1.0,1.0,0.0,3.0,1.0,1.0,6.0,2.39,2.45,0.55,2.0,89.86,3.39,10.78,-1.45,1.0,5.34,-0.22,1.0,0.0,3.0,1.0,0.0,2.39,0.0,0
0.0,0.73,1.0,3.0,0.0,-1.47,1.73,1.0,0.0,6.94,29.35,-0.6,-0.73,133.76,0.53,0.0,6.88,1.73,2.04,0.0,-0.73,0.0,5.94,0.88,0.0,1.0,-0.73,0
0.0,0.0,1.0,-4.87,0.0,2.0,2.0,1.0,0.57,-0.15,16.0,0.53,0.0,66.55,1.0,0.0,2.0,2.0,3.37,1.14,1.0,0.0,4.0,1.0,0.0,2.0,1.0,0
2.0,0.0,1.0,1.0,2.0,4.33,3.0,1.0,2.87,3.73,29.13,0.7,0.0,68.92,3.6,7.0,1.94,2.0,5.38,0.13,0.13,0.0,6.87,0.83,0.0,3.0,1.0,1
0.0,0.0,1.0,0.0,0.0,6.0,1.98,1.0,-3.9,0.0,7.98,1.59,2.95,0.0,3.0,0.0,-1.93,1.0,-0.73,0.0,9.78,0.0,3.98,0.33,0.0,4.98,0.0,1
0.0,0.0,1.0,1.64,-1.28,-3.83,-0.28,1.0,1.64,0.0,-5.38,2.45,-3.83,163.81,3.36,-1.91,-6.02,1.0,1.29,0.0,2.64,0.0,3.0,1.0,0.0,0.36,-1.28,0
4.44,0.0,1.0,2.22,0.74,5.3,1.0,1.0,0.74,6.18,17.27,-1.21,14.26,162.1,1.26,-1.48,3.0,1.0,2.33,0.3,20.0,0.0,2.0,1.0,0.0,2.0,0.74,0
-2.96,3.0,1.0,-1.18,1.78,4.59,1.59,1.0,-0.59,-4.14,-13.61,6.07,0.0,-14.2,-0.59,1.0,0.0,0.0,1.91,0.0,0.0,0.0,2.18,1.0,0.0,4.59,-0.59,0
0.0,0.0,1.0,0.0,-4.96,0.0,2.0,1.99,9.91,1.98,-4.95,0.76,2.0,9.91,2.01,0.0,3.97,1.0,1.13,1.99,13.0,0.0,4.0,1.2,0.0,3.0,-0.99,0
0.0,0.0,1.0,-0.57,1.0,0.0,2.0,1.0,0.43,3.84,12.83,-0.41,0.0,30.62,1.86,0.0,0.43,1.57,2.76,0.0,-0.14,0.0,0.86,1.0,0.0,1.43,1.0,0
0.0,44.0,1.0,-2.5,0.0,-0.83,1.0,-0.67,-8.34,-0.83,-2.5,0.72,0.0,-41.71,2.0,0.17,-1.5,1.0,0.55,-0.83,1.0,0.0,-1.34,0.5,0.0,1.0,0.17,0
0.0,0.0,1.0,1.92,0.0,5.96,2.92,1.0,0.0,0.0,-0.77,1.85,0.04,0.0,3.0,2.0,-4.74,1.0,6.77,8.85,16.4,0.96,2.96,0.68,0.0,2.0,0.0,0
0.0,0.0,1.0,0.0,0.0,4.98,2.0,1.0,0.67,-3.36,-4.73,2.12,0.0,-53.81,3.02,0.0,-2.69,2.0,1.15,1.33,5.67,0.0,2.0,1.0,0.0,2.0,0.0,0
0.0,0.0,1.0,3.0,0.0,2.49,1.0,1.0,0.0,-1.12,1.26,1.16,0.62,18.16,6.0,0.0,4.12,0.38,2.91,2.0,1.0,0.0,2.62,1.0,0.0,1.0,0.62,0
0.0,0.0,2.0,12.14,3.0,3.45,2.0,1.0,2.0,5.14,29.86,0.53,0.86,28.35,2.0,-1.31,7.72,5.0,8.27,0.0,1.0,0.0,7.0,0.86,0.0,0.28,3.86,1
0.0,0.0,1.0,-0.57,0.0,-1.7,1.57,1.0,1.0,0.87,-0.4,0.8,-0.13,1.2,4.13,1.43,6.13,1.0,3.93,4.7,21.26,0.57,-0.7,1.11,0.0,1.43,0.0,0
-0.78,44.0,0.22,-1.55,0.0,0.0,-0.55,1.0,0.78,-6.99,-3.11,1.03,-1.55,-25.64,3.55,1.0,4.11,0.22,1.42,3.11,1.78,0.0,1.22,0.76,0.0,1.78,0.22,0
0.98,0.0,1.0,0.0,0.98,1.0,1.0,1.0,-0.96,4.02,15.98,0.48,0.0,-31.11,-2.91,0.0,1.96,1.0,4.42,1.0,-0.96,0.0,1.98,1.0,0.0,1.98,2.0,0
-0.69,2.0,1.0,0.0,1.38,9.0,1.0,1.0,-2.07,0.69,40.04,4.82,1.38,2.07,0.0,3.07,9.59,0.0,1.26,1.0,0.69,0.0,5.76,0.9,0.0,3.0,1.38,1
0.0,0.0,1.0,0.0,0.0,5.0,1.0,1.0,-0.83,0.83,5.96,1.37,0.0,27.3,0.17,0.0,4.0,2.0,0.69,0.0,1.0,0.0,2.83,1.0,0.0,0.35,0.0,0
0.0,0.0,2.53,0.0,0.0,10.66,4.07,1.0,0.0,1.0,6.73,-0.93,3.07,33.0,3.07,-0.53,10.2,1.0,6.04,4.0,2.53,0.0,4.07,1.0,0.0,0.47,0.53,0
0.0,-0.79,1.0,-1.36,0.0,16.58,3.79,-0.58,2.36,-2.36,-15.55,0.83,11.0,4.73,5.79,0.79,-4.31,0.21,1.4,2.0,18.79,1.0,-1.15,1.0,0.0,1.42,-0.79,0
0.0,1.0,1.0,0.0,0.0,0.0,1.0,-0.58,-1.17,-1.96,10.08,1.46,0.0,93.42,2.58,0.0,-3.71,2.21,1.93,0.0,1.79,0.0,2.21,1.0,0.0,2.0,1.0,0
0.0,0.0,1.0,0.0,0.0,3.92,1.0,1.0,0.0,0.22,6.0,1.73,0.0,7.15,1.0,0.0,-0.57,2.0,1.76,0.0,0.0,0.0,1.0,1.0,0.0,1.22,0.0,0
0.0,0.0,1.56,0.0,0.0,9.56,1.56,1.0,0.0,6.06,11.68,-1.55,15.0,149.45,2.0,-0.56,6.37,1.56,4.92,4.0,20.56,0.0,4.81,0.72,0.0,2.0,0.0,0
0.0,9.0,1.0,-1.95,-4.89,1.02,0.02,0.02,0.98,-0.98,-11.73,3.41,0.0,9.77,5.91,0.02,-0.98,0.02,-0.9,0.0,0.98,0.0,2.05,1.2,0.0,3.0,-1.95,0
0.0,0.0,1.0,0.0,0.0,8.18,2.8,1.0,0.0,-1.59,6.2,0.59,3.59,-39.79,4.59,0.0,7.8,0.2,3.42,0.0,1.0,0.0,1.41,1.0,0.0,1.0,1.0,0
0.0,0.72,1.0,2.28,5.0,-1.17,2.0,2.0,-4.34,-1.17,13.0,3.71,-1.45,42.23,-0.9,-6.24,1.28,1.28,-1.94,0.0,0.28,0.0,3.55,0.8,0.0,2.0,2.0,0
0.0,0.0,1.0,-0.52,0.0,-5.21,1.0,1.0,0.0,1.52,4.04,1.13,-7.81,50.19,3.0,0.0,7.08,1.0,3.51,3.0,-7.37,0.0,-0.04,1.0,0.0,2.0,0.0,0
0.0,0.0,1.0,0.53,0.0,0.0,0.47,1.53,2.06,0.53,0.53,2.37,-1.6,26.61,4.06,0.0,2.66,1.53,0.27,0.0,-2.19,-0.53,0.47,1.18,0.0,3.0,-0.53,0
0.0,0.0,1.0,-0.9,0.0,5.0,2.0,1.0,-0.9,-4.49,-3.77,1.98,2.0,-52.93,3.9,-1.79,3.41,1.0,-1.02,-0.9,2.79,0.0,3.0,0.55,0.0,0.1,0.1,0
0.0,0.87,1.0,0.0,0.0,-0.26,1.0,1.0,0.0,0.57,3.39,1.76,0.0,18.67,2.57,-0.13,1.0,2.13,2.28,0.43,0.0,0.0,1.0,1.0,0.0,2.0,0.0,0
0.0,0.77,1.0,0.0,0.0,5.23,1.0,1.0,1.53,1.0,14.51,1.53,0.0,33.0,1.0,0.0,2.3,2.77,2.66,0.23,1.0,0.0,2.53,1.0,0.0,1.0,0.77,0
-1.63,-1.63,1.0,0.0,0.0,2.82,1.18,-2.26,4.63,-4.53,-7.34,1.08,0.82,-6.98,7.63,0.0,4.45,0.18,0.09,2.82,6.08,1.0,-4.53,1.24,0.0,2.0,-1.63,0
0.0,0.0,1.0,-0.84,0.0,7.38,1.0,1.0,-0.84,0.0,12.06,0.83,3.84,-84.38,0.31,0.0,6.53,1.0,3.9,0.0,1.0,0.0,1.16,1.0,0.0,1.0,0.84,0
0.0,0.0,1.0,3.0,0.0,-3.65,2.77,3.0,13.1,10.75,20.94,-0.31,0.0,168.18,1.77,1.0,5.0,2.0,2.28,1.0,-4.42,0.0,5.0,1.0,0.0,2.0,1.0,0
0.0,0.0,1.0,0.61,0.0,15.05,2.22,1.0,-0.61,0.0,2.0,0.42,7.0,-60.94,1.39,0.0,0.39,1.0,3.33,2.44,11.14,0.61,2.0,0.8,0.0,1.61,1.61,0
0.0,1.0,1.0,0.55,0.0,0.0,1.0,1.55,-1.1,1.1,4.95,2.89,0.0,-15.95,-2.75,1.0,1.0,0.55,1.76,1.55,-1.65,0.0,2.1,0.86,0.0,3.1,0.0,0
0.0,0.0,1.0,0.0,0.0,2.19,1.0,1.0,1.62,5.0,10.0,0.11,0.0,80.0,1.81,0.0,1.57,0.19,2.0,1.0,1.0,0.0,2.81,1.0,0.0,2.0,0.0,0
0.0,0.0,1.0,1.0,0.0,-2.91,1.0,1.0,1.0,0.97,-0.94,1.53,-0.97,138.84,5.0,-0.97,-2.88,2.94,-1.61,0.0,2.0,0.0,2.03,1.0,0.0,3.94,-0.97,0
0.0,0.0,1.0,0.0,0.0,-4.46,1.0,1.0,0.91,3.0,7.18,2.13,0.0,77.0,2.82,0.0,0.27,0.09,0.52,0.09,-5.37,0.0,1.09,1.0,0.0,1.91,1.0,0
0.0,18.07,1.0,0.98,0.0,-0.9,2.95,1.0,0.98,0.0,0.0,-1.58,1.95,0.0,1.95,2.02,0.0,0.98,0.48,1.95,7.81,0.98,4.98,0.75,0.0,1.05,1.0,1
0.0,0.0,1.0,0.0,0.0,5.0,1.75,1.0,0.0,1.51,16.03,0.67,1.0,32.36,3.0,0.0,6.25,1.75,6.13,0.75,-0.51,0.0,4.26,1.0,0.0,2.51,1.0,0
0.0,0.0,1.0,0.39,0.0,-1.22,0.39,1.0,0.16,-3.06,-8.19,1.53,0.0,77.02,8.45,0.0,2.39,0.39,-0.35,0.0,2.22,0.0,1.39,1.0,0.0,1.39,-0.61,0
1.0,0.0,1.0,-0.75,0.0,1.25,2.0,1.0,0.76,2.51,7.48,0.91,1.75,31.72,3.51,0.0,3.98,1.0,2.91,0.0,1.0,0.0,2.25,1.0,0.0,0.51,1.0,0
0.0,0.0,1.0,1.85,0.0,0.0,0.08,1.0,0.92,1.08,-6.93,1.31,0.0,71.24,0.08,1.85,2.77,2.0,0.89,2.77,1.0,0.0,-0.85,1.0,0.0,-0.85,1.92,0
0.0,0.0,1.0,8.78,0.0,-6.7,2.0,1.0,0.0,2.93,14.8,0.09,-4.83,81.92,3.0,0.0,9.9,1.0,14.86,0.98,0.02,0.0,3.0,1.0,0.0,2.95,0.02,0
0.0,0.0,1.0,-1.66,0.0,2.34,0.17,1.0,-2.49,-0.83,6.17,2.05,1.0,-67.26,3.83,1.66,6.66,1.0,5.03,3.32,1.0,0.0,2.83,1.0,0.0,1.83,1.0,0
1.86,0.0,1.0,1.0,0.0,5.44,1.0,1.0,1.14,1.72,41.38,-1.59,8.0,168.2,-0.58,0.0,3.72,3.58,3.09,0.0,0.14,0.0,3.86,1.0,0.0,0.14,0.86,0
1.0,-14.96,1.0,1.0,4.0,-3.27,2.0,1.0,0.0,0.71,19.67,-3.59,0.0,60.0,1.71,-1.42,2.0,2.42,-2.24,0.0,1.71,0.0,4.0,1.18,0.0,3.0,0.71,0
0.88,0.0,1.88,4.63,0.0,0.0,3.63,1.0,-1.63,3.51,-4.53,0.6,1.76,68.3,3.0,0.0,-2.51,1.12,19.53,0.88,1.88,0.0,2.0,0.71,0.0,1.24,-0.88,0
0.0,-0.84,1.84,0.0,0.0,9.05,1.84,1.0,0.0,-2.53,-4.78,2.36,2.68,-26.94,3.84,0.0,-0.21,0.16,3.51,3.37,2.68,0.0,-0.53,1.14,0.0,0.16,0.0,0
-2.4,0.0,1.0,-1.6,1.6,3.2,1.8,-1.4,-9.59,-28.77,-27.36,1.88,1.0,-26.37,3.0,4.79,-47.14,-1.4,4.41,0.8,1.0,0.0,-11.59,1.21,0.0,3.0,0.0,0
0.0,5.33,1.0,0.0,0.0,3.0,1.0,1.0,0.0,0.0,-5.43,8.47,-0.78,0.0,-2.33,1.78,-2.1,-0.78,0.89,1.0,-0.78,0.0,3.22,1.0,0.0,3.33,0.0,0
0.0,-0.58,1.0,0.0,0.0,0.0,1.0,1.0,1.0,1.17,3.5,-0.39,1.0,29.13,4.58,21.83,1.0,2.17,24.78,23.42,3.58,0.0,2.0,1.0,0.0,-0.17,0.58,0
0.0,-43.63,1.99,0.0,0.0,5.0,1.99,1.0,0.0,0.99,9.98,1.3,1.0,32.73,3.0,-0.99,7.0,1.0,4.17,0.0,1.0,0.0,2.0,1.5,0.0,2.98,0.01,0
0.0,0.0,1.0,1.0,0.0,-1.91,0.36,1.0,2.64,-3.18,2.0,0.38,-0.64,24.57,2.64,0.0,7.0,1.0,0.49,-0.27,2.0,0.0,0.73,1.0,0.0,1.73,0.0,0
0.0,0.0,1.0,0.0,0.0,1.34,1.33,1.0,-0.34,2.69,0.67,1.01,3.33,4.7,-1.36,0.0,1.97,1.0,3.68,2.67,7.67,0.33,2.33,0.67,0.0,2.67,0.33,0
0.0,1.0,1.0,-0.88,0.0,0.0,1.0,1.0,1.12,2.88,19.77,-0.21,0.0,16.73,-0.77,0.0,8.54,3.0,4.59,2.65,1.0,0.0,1.23,1.0,0.0,2.0,1.0,0
-0.98,0.0,1.0,1.02,0.0,5.03,2.98,2.97,3.98,-0.97,13.86,0.82,1.0,64.29,2.98,0.0,7.86,-2.93,3.77,1.98,1.0,0.0,4.93,0.84,0.0,0.02,1.97,0
0.0,0.0,2.21,-1.21,0.0,-1.21,1.6,1.0,-1.41,-2.41,-6.45,0.79,0.0,-49.48,2.0,0.0,1.0,1.0,0.28,0.6,3.6,0.0,-0.21,1.0,0.0,0.4,-0.6,0
0.0,0.0,1.0,-0.87,0.0,-12.99,-0.73,1.0,1.87,0.0,7.0,0.62,-7.79,0.0,0.27,0.0,2.87,1.0,0.88,-1.73,-12.85,-0.87,1.0,0.57,0.0,3.87,0.0,0
0.0,-0.99,1.0,0.99,0.0,0.0,2.99,1.0,1.99,1.0,1.99,-3.78,0.99,98.84,6.94,-1.98,4.98,1.99,1.5,0.01,4.97,0.0,3.98,1.0,0.0,1.01,0.99,0
0.0,0.0,1.0,0.17,0.0,4.16,1.83,1.0,-0.83,3.0,32.99,-0.58,1.66,7.87,-0.66,1.0,7.99,2.0,2.95,0.0,-1.66,0.0,4.0,1.0,0.0,0.17,0.83,0
0.0,3.0,1.0,0.0,0.0,3.0,1.0,1.0,1.61,0.81,0.81,4.84,-2.42,40.26,0.81,1.81,-1.42,0.0,0.73,0.19,-4.83,-0.81,3.19,1.27,0.0,1.0,-0.81,0
-1.83,0.0,1.0,1.0,-0.92,-2.75,1.0,-0.83,-4.49,-0.92,-0.83,2.02,-0.92,69.8,5.0,-1.83,4.66,1.0,1.09,0.0,1.0,0.0,3.0,1.0,0.0,2.0,0.0,0
-0.93,1.87,1.0,1.0,0.0,4.74,0.07,1.0,-2.67,-6.48,-0.93,5.31,0.07,-47.92,2.13,1.87,1.33,0.07,-0.77,1.93,5.07,0.0,2.0,1.0,0.0,2.93,0.0,0
0.0,0.0,3.0,0.0,0.0,0.0,3.67,2.34,0.0,2.34,12.75,-0.67,0.0,-22.84,-1.69,0.0,8.72,2.67,3.98,1.67,2.0,0.0,4.02,0.89,0.0,1.67,1.34,0
-0.95,0.0,1.0,0.0,0.0,4.86,0.09,1.0,8.73,1.05,-2.86,0.95,0.95,48.27,8.86,11.45,-8.5,0.05,1.84,-2.77,-1.82,1.0,1.05,1.24,0.0,2.0,0.0,0
1.0,-35.37,2.0,3.8,0.0,0.0,4.0,1.0,0.8,10.0,5.8,1.02,2.0,138.4,4.22,-0.8,2.0,2.0,6.66,2.0,2.8,0.0,3.8,1.07,0.0,1.8,0.2,0
-0.54,-0.54,1.0,-0.07,-1.07,0.54,1.46,-4.91,-1.69,4.3,-25.85,0.91,1.0,95.7,3.93,-5.37,-1.22,1.0,-1.11,0.0,3.54,0.0,3.54,0.84,0.0,2.0,-0.07,0
0.0,-11.01,1.0,0.71,0.0,-2.83,1.71,1.0,3.41,4.83,20.83,-3.55,0.0,124.04,2.41,-1.41,7.12,3.71,-1.93,-0.71,1.71,0.0,3.71,0.89,0.0,2.0,1.0,0
5.14,0.0,1.0,3.0,1.0,-2.57,1.86,1.0,1.0,7.86,-0.46,-0.59,0.0,48.82,2.0,0.0,6.29,-0.72,3.49,0.0,1.86,0.0,4.57,0.83,0.0,2.0,0.14,0
0.0,0.0,1.0,1.0,0.0,2.78,1.0,2.0,2.44,-1.78,-6.22,0.79,1.0,12.77,3.44,0.0,12.67,2.56,1.42,2.0,4.89,0.0,2.56,1.0,0.0,2.56,-1.11,0
0.0,0.0,1.0,1.0,0.0,0.0,-0.19,1.0,1.0,1.79,2.19,1.84,-2.98,106.56,5.4,1.19,1.6,1.0,0.6,-1.19,-3.18,-1.19,3.0,1.0,0.0,1.6,0.0,0
0.0,0.0,1.0,1.84,0.0,0.84,1.0,1.0,2.51,0.0,-4.86,1.3,2.0,25.93,3.67,0.0,-3.86,0.16,0.58,1.0,8.84,0.0,0.33,1.17,0.0,2.0,0.0,0
0.0,0.0,1.98,11.75,4.94,1.02,2.98,1.0,1.96,5.98,71.77,-0.32,3.0,84.85,5.0,5.94,10.04,4.92,5.25,-0.98,2.0,0.0,11.9,0.72,0.0,1.02,5.94,1
0.0,0.0,1.0,1.83,0.0,0.0,2.65,1.0,0.83,1.35,9.0,0.7,1.65,17.48,1.83,1.0,-1.96,1.17,3.12,1.65,6.61,0.83,4.0,1.0,0.0,1.0,0.0,0
0.0,-1.77,1.0,0.0,0.0,5.88,2.0,1.0,0.0,0.0,11.42,-1.64,2.88,0.0,5.65,0.0,7.88,1.88,6.46,3.53,1.88,0.0,2.88,1.0,0.0,1.0,1.0,0
0.0,0.0,1.0,0.0,0.0,9.17,2.63,1.0,0.0,0.37,1.37,1.41,1.63,-20.91,1.0,0.0,0.37,2.0,3.84,4.27,1.0,0.0,2.63,1.0,0.0,0.37,0.0,0
0.0,0.41,1.0,0.0,0.0,0.59,1.59,1.0,0.0,0.0,4.14,2.64,1.18,0.0,1.77,1.41,4.14,0.59,1.93,0.41,0.0,0.0,2.18,1.0,0.0,3.0,0.59,0
0.0,0.0,1.0,0.0,2.0,6.0,3.0,1.0,0.0,0.0,11.0,0.63,6.0,0.0,6.51,5.56,11.49,1.0,2.37,0.0,2.0,0.0,3.0,1.0,0.0,3.02,1.49,0
0.0,-1.27,1.0,0.0,0.0,-3.73,2.0,1.0,1.64,1.0,5.0,-0.34,0.0,66.0,3.55,-0.64,0.73,1.64,7.36,1.36,0.64,0.0,1.73,1.0,0.0,2.0,1.0,0
0.0,0.0,1.0,2.46,2.0,0.0,2.73,2.0,5.46,8.91,11.55,0.13,1.0,118.13,7.18,0.0,7.27,2.0,2.3,-0.73,0.54,0.0,6.0,0.67,0.0,1.27,1.73,1
0.0,0.0,1.0,0.2,0.0,3.21,1.0,1.0,-0.8,1.0,10.82,0.75,0.8,-5.31,-0.41,5.8,4.41,1.0,7.84,0.0,-0.61,0.0,1.2,1.0,0.0,3.0,0.8,0
0.0,0.0,1.0,-1.0,2.0,8.99,3.0,1.0,0.0,-4.98,1.03,1.02,7.0,-82.72,7.99,3.0,13.99,0.0,-6.74,0.0,2.0,0.0,-0.99,1.5,0.0,-0.99,2.0,0
0.0,0.0,1.0,0.0,0.0,1.0,2.0,1.0,0.0,3.0,8.0,0.06,0.0,50.0,0.26,0.0,7.74,2.0,2.25,0.0,1.74,0.0,4.26,1.17,0.0,3.49,-0.74,0
0.0,0.0,1.0,1.0,0.0,-1.84,0.08,-0.84,0.16,-3.68,29.49,-0.06,0.0,5.35,5.08,1.84,25.97,1.0,-0.5,0.0,1.0,0.0,1.08,1.31,0.0,1.08,0.0,0
0.0,0.0,1.0,1.0,0.0,0.72,1.0,1.0,6.0,3.57,-2.28,0.37,1.43,84.83,4.0,12.0,1.57,1.0,6.77,2.71,1.57,0.0,2.43,1.0,0.0,3.0,-0.57,0
3.95,0.0,1.0,1.58,0.0,-7.12,1.79,3.37,11.07,32.05,79.95,-0.01,-11.86,164.14,-0.58,0.79,62.16,5.16,0.28,-2.37,-15.03,0.0,17.82,0.66,0.0,2.79,0.79,1
1.0,0.0,2.0,2.04,-0.96,3.85,3.04,0.04,-5.77,3.27,1.15,1.24,2.0,-23.73,1.0,-1.92,-4.73,1.04,5.75,2.0,2.96,0.0,3.0,0.67,0.0,1.0,1.96,0
0.0,0.0,1.0,0.0,0.0,4.5,1.0,1.0,-0.5,1.01,10.53,0.7,1.0,25.22,2.5,0.0,10.02,1.5,2.95,-0.5,0.5,0.0,3.51,0.9,0.0,2.0,1.0,0
0.0,0.0,1.0,13.14,0.0,7.29,6.86,0.14,-1.58,0.14,3.72,0.46,6.72,21.06,1.86,0.0,3.58,1.14,8.9,1.0,3.86,1.0,2.14,1.0,0.0,-0.72,1.86,0
-0.94,0.0,1.0,1.0,0.0,0.06,0.06,1.0,-0.83,0.06,5.67,1.34,0.06,26.89,0.22,0.0,7.89,1.0,0.59,1.94,6.0,0.0,1.06,1.0,0.0,1.06,0.0,0
0.0,0.53,1.0,-0.53,0.0,4.76,1.0,1.0,1.0,-0.53,-2.17,3.67,2.0,-39.67,1.41,1.06,2.47,0.47,-1.7,0.0,1.47,0.0,2.53,0.5,0.0,4.0,0.0,1
0.0,0.0,1.0,0.0,0.0,0.0,1.67,1.0,5.67,8.0,13.63,0.23,0.0,63.75,2.0,2.0,4.02,2.0,2.27,1.67,0.67,0.0,1.0,1.0,0.0,1.67,0.0,0
0.0,0.0,1.0,0.0,0.0,6.0,1.0,2.52,-7.58,-2.27,-0.27,1.13,0.0,-9.85,1.0,-1.52,2.24,2.76,0.08,1.0,8.76,0.0,-1.03,1.25,0.0,2.76,0.76,0
0.0,0.0,1.0,1.78,0.0,0.0,1.0,2.0,10.06,6.49,14.41,0.18,0.0,90.01,0.43,1.57,9.49,2.0,1.53,-0.78,-0.78,0.0,6.92,0.74,0.0,3.78,0.0,1
0.0,0.0,1.0,0.0,0.0,0.0,1.0,1.0,4.0,1.93,0.0,0.38,0.0,-21.23,2.04,1.93,3.04,1.0,2.71,1.0,3.04,0.0,3.0,1.0,0.0,2.0,0.0,0
-0.92,-0.92,1.0,-1.85,-1.85,4.62,0.08,-9.17,-3.62,1.08,-56.19,2.66,1.92,-63.78,3.0,-5.4,-4.25,0.08,4.1,7.62,2.92,0.0,-1.77,1.18,0.0,2.0,-1.85,0
0.0,0.0,1.0,0.23,0.0,0.0,1.0,1.0,1.0,0.0,0.23,2.94,0.0,22.62,4.23,0.0,0.23,1.0,0.23,0.0,0.45,0.0,1.45,1.0,0.0,2.77,0.0,0
0.0,0.0,1.0,3.0,0.0,1.0,2.0,3.0,10.0,3.0,8.2,0.16,-0.6,100.0,1.6,-12.83,7.41,2.0,-12.27,-14.63,-0.8,0.0,5.0,1.0,0.0,2.0,1.6,0
0.0,0.0,1.0,1.0,0.0,3.07,0.39,1.0,1.0,0.0,4.69,1.39,-1.84,100.0,5.0,0.0,2.84,1.0,-0.49,-3.07,-2.3,-1.23,4.23,1.0,0.0,2.0,0.61,0
0.87,0.0,1.0,3.13,0.87,4.0,5.0,1.0,-1.73,-3.33,-6.52,1.06,5.0,-32.08,3.27,-0.73,0.13,1.0,2.5,1.13,4.0,1.0,1.87,1.0,0.0,2.0,-1.73,0
0.0,0.0,1.0,1.0,0.0,-2.18,1.0,1.0,3.09,1.64,8.0,0.03,-0.55,90.88,1.45,0.55,9.73,1.55,2.03,1.0,1.45,0.0,4.73,0.73,0.0,3.55,0.0,0
-0.74,0.0,1.0,1.26,0.0,2.22,0.26,1.0,1.0,-3.71,6.74,1.28,-0.74,88.29,3.74,-1.48,1.0,1.26,14.27,0.0,1.0,0.0,1.26,1.0,0.0,3.0,0.0,0
1.0,0.0,1.0,3.0,6.0,4.0,1.3,0.3,4.0,-0.7,14.41,0.84,0.0,98.92,3.81,8.0,10.7,0.3,5.46,1.0,1.0,0.0,5.3,1.0,0.0,2.0,1.0,0
0.0,0.0,1.0,1.0,0.0,2.74,2.0,1.0,3.05,0.68,-5.16,1.11,1.0,102.05,7.05,0.0,-3.79,1.0,-0.83,0.32,2.0,0.0,3.0,0.67,0.0,3.68,0.0,0
0.0,-7.5,1.0,6.0,0.0,-0.67,1.0,1.0,0.0,7.5,27.17,-0.62,0.0,160.16,1.17,-0.83,10.5,1.83,15.0,1.0,1.83,0.0,0.33,1.0,0.0,3.0,0.0,0
-0.98,0.0,1.0,-2.93,-5.85,2.07,0.02,1.0,-2.93,4.88,8.95,0.78,1.0,-26.33,3.98,-7.8,-2.75,1.0,0.13,0.0,1.0,0.0,-2.88,1.0,0.0,0.02,1.98,0
0.0,6.0,1.0,-0.77,0.0,5.32,1.0,0.23,-1.55,-0.77,-0.77,4.29,-0.77,-38.63,0.0,6.55,-6.73,-0.77,5.84,-0.77,2.32,0.0,1.23,1.0,0.0,2.77,0.0,0
0.0,0.0,1.0,0.0,0.0,3.93,1.0,1.0,0.0,0.02,27.98,0.76,0.98,59.57,2.98,0.98,2.95,0.02,1.9,0.0,0.98,0.0,3.98,1.0,0.0,0.02,0.98,0
-4.79,0.0,1.0,-2.87,0.0,0.0,0.04,-1.87,-12.44,-24.59,-43.52,0.49,0.0,34.2,3.96,-0.96,-65.92,-2.83,7.35,1.96,1.0,0.0,-18.06,1.08,0.0,2.09,0.96,0
0.0,-0.77,1.0,0.0,0.0,5.0,1.0,1.0,0.0,2.3,7.3,0.41,1.0,8.42,4.53,2.77,4.3,1.77,7.95,6.53,1.77,0.0,2.0,1.0,0.0,2.0,0.0,0
0.0,0.0,1.0,8.16,0.0,0.84,1.0,1.0,-0.84,4.69,15.91,-0.28,0.0,41.79,-1.38,0.0,7.53,1.84,14.52,1.0,0.16,0.0,2.84,1.0,0.0,3.84,0.0,0
2.05,0.0,1.0,0.53,1.05,1.37,2.05,1.0,1.05,3.05,52.12,0.76,-0.53,123.67,-0.05,3.69,2.53,4.53,3.33,0.53,0.0,0.0,4.11,0.91,0.0,3.05,1.0,1
0.0,0.0,1.0,-0.99,-1.97,4.93,1.0,0.01,0.05,-5.92,21.97,0.54,2.99,-87.8,0.03,0.0,5.01,0.01,1.78,0.0,1.01,0.0,-0.96,1.33,0.0,1.01,1.0,0
-0.79,1.0,1.0,0.0,0.0,-2.36,1.0,1.0,0.79,-1.57,-0.79,4.97,-0.79,3.15,0.79,0.43,5.51,-0.79,0.92,0.21,-0.79,0.0,3.36,1.0,0.0,3.79,0.79,0
0.92,0.0,1.0,5.58,0.92,1.83,0.08,1.92,7.5,31.56,77.03,0.27,0.0,147.84,3.0,4.75,17.74,5.58,9.22,1.0,0.08,0.0,9.33,0.54,0.0,2.92,3.83,1
1.0,0.0,1.0,0.45,0.0,2.73,3.0,1.0,-0.55,4.0,5.19,0.6,1.55,-4.63,-0.09,1.09,12.55,2.0,8.9,8.73,3.91,0.0,3.45,0.75,0.0,3.55,0.0,0
3.68,0.0,1.0,2.76,0.0,1.92,1.0,3.76,11.96,35.03,68.45,1.28,-0.92,81.38,2.0,0.92,62.54,5.76,0.67,-1.84,1.0,0.0,20.31,0.6,0.0,3.92,0.92,1
0.0,0.0,1.0,1.82,0.0,0.0,2.82,1.0,1.82,0.0,0.18,0.88,1.0,100.0,4.18,0.0,0.18,1.0,2.32,1.82,-2.08,0.82,1.37,0.67,0.0,2.18,0.0,0
0.0,0.0,1.0,1.0,0.0,2.49,0.17,1.0,-1.49,-1.66,5.14,2.41,1.66,72.66,1.69,19.05,1.83,1.0,21.21,19.88,2.66,-0.83,3.0,1.0,0.0,2.0,0.0,0
0.0,0.0,2.0,0.0,0.0,6.12,3.63,1.0,0.0,1.63,3.0,0.57,2.0,47.43,0.75,0.0,7.0,1.0,4.2,4.0,2.63,0.0,3.0,1.0,0.0,0.37,0.0,0
0.0,0.0,1.0,-0.62,0.0,3.49,0.38,-0.25,-0.62,1.75,2.77,1.53,0.62,35.88,1.62,0.0,-1.36,0.38,1.03,0.38,1.0,0.0,-0.49,1.1,0.0,0.38,-0.25,0
0.0,0.0,1.0,0.0,0.0,0.55,1.55,1.0,1.0,-0.55,0.89,1.64,0.0,-18.29,2.0,0.0,-0.66,1.0,1.15,0.0,4.66,0.55,2.11,0.82,0.0,0.45,0.55,0
-4.77,0.0,1.0,-1.38,-0.79,1.79,1.0,1.0,-0.79,2.62,2.7,1.36,0.0,77.44,0.21,1.59,3.0,2.79,8.62,0.79,1.0,0.0,6.79,0.24,0.0,4.0,-0.79,1
0.0,0.0,0.14,0.0,0.0,0.0,2.86,1.0,1.0,1.14,12.29,0.3,4.28,14.77,2.86,0.0,1.71,2.0,8.63,5.28,6.99,1.71,3.14,1.0,0.0,1.29,0.0,0
1.62,0.62,1.0,3.24,1.24,2.0,1.62,7.84,0.62,4.62,51.93,0.35,0.0,142.72,1.0,6.22,7.98,6.62,4.97,-0.62,-1.49,0.0,3.24,0.88,0.0,3.0,1.24,1
0.0,0.0,1.0,1.0,0.0,0.0,1.87,2.0,4.74,1.87,0.13,-0.88,1.0,50.0,4.0,2.61,11.0,2.0,3.37,2.87,1.0,0.0,2.87,0.56,0.0,2.0,0.87,1
1.0,0.0,1.0,4.48,1.0,4.07,1.0,2.0,6.48,29.0,76.1,0.47,0.52,45.26,0.45,3.0,19.55,6.0,7.52,0.0,-0.03,0.0,9.48,0.5,0.0,3.0,2.52,1
0.0,0.0,1.0,0.0,0.0,3.0,1.0,1.0,0.91,0.17,6.0,1.58,0.0,-4.71,3.91,1.0,1.83,1.0,-0.35,-0.91,1.0,0.0,2.0,1.0,0.0,5.83,0.0,0
-7.55,2.52,1.0,0.63,0.0,1.26,1.0,0.37,1.63,2.63,1.74,0.92,1.0,31.92,3.0,2.0,5.63,0.37,4.03,3.0,2.0,0.0,2.26,0.96,0.0,2.0,-1.26,0
1.0,0.0,1.0,1.89,0.0,2.11,1.11,1.0,3.89,6.11,-17.25,0.31,2.78,42.86,1.89,-0.67,-0.56,1.11,4.7,1.0,1.0,0.0,2.89,0.78,0.0,0.11,0.0,0
0.0,0.0,1.0,1.86,0.0,0.0,0.14,2.0,0.0,3.0,9.86,1.1,-0.86,157.49,1.0,-0.86,-0.73,2.0,0.16,-1.59,-28.54,-0.86,4.86,0.75,0.0,3.86,0.0,0
0.0,1.74,1.0,3.0,0.0,1.74,-0.74,1.0,-2.61,-3.22,3.26,3.66,0.0,7.16,4.26,0.0,-0.74,0.13,0.69,2.87,1.0,0.0,2.87,1.0,0.0,1.87,0.0,0
0.0,0.0,1.0,1.0,0.0,0.0,3.0,1.89,0.11,0.89,3.55,0.19,2.0,44.44,0.22,-2.67,2.67,1.89,3.24,2.0,7.11,1.0,2.89,1.44,0.0,2.89,-0.89,0
0.0,0.0,1.0,0.79,0.0,2.58,-1.37,0.21,-11.83,-2.94,1.06,1.64,5.52,40.0,1.21,-1.58,1.58,2.21,0.02,0.0,1.79,0.0,1.79,1.0,0.0,3.0,0.0,0
0.0,2.47,1.0,0.0,0.0,8.04,1.0,1.0,0.0,0.0,3.58,2.96,0.51,0.0,2.53,4.98,9.58,1.51,2.39,1.0,0.51,0.0,2.0,1.0,0.0,4.51,0.51,0
1.0,0.0,1.0,0.68,0.0,1.29,1.0,1.0,0.68,2.0,35.94,1.13,-0.68,158.69,3.03,0.0,-0.03,4.0,0.79,0.0,0.68,0.0,2.68,1.0,0.0,2.68,1.0,0
1.55,1.65,1.55,1.0,4.55,-1.19,3.65,2.65,1.1,11.52,3.45,-0.02,0.55,101.69,0.45,1.1,4.19,1.55,5.93,0.55,1.0,0.0,4.0,1.37,0.0,1.9,0.0,0
0.0,0.0,1.0,2.6,0.0,1.0,1.87,1.0,2.6,4.47,8.47,1.31,0.0,118.13,4.6,0.0,3.47,3.0,1.58,0.0,0.13,0.0,1.87,1.0,0.0,2.13,0.87,0
1.87,0.0,1.0,3.0,0.94,5.61,1.0,2.87,5.61,2.13,22.0,0.15,1.87,44.83,3.87,1.87,1.0,1.0,1.86,-0.94,0.0,0.0,3.0,1.0,0.0,1.94,0.0,0
0.0,0.0,1.0,1.0,0.0,-4.64,1.23,1.0,1.77,-0.77,-0.55,1.67,-0.77,100.0,7.32,0.0,0.23,0.23,-1.32,-2.32,2.77,0.0,3.0,1.0,0.0,1.77,1.0,0
0.0,0.0,1.0,1.55,0.0,-10.64,-0.55,1.0,0.0,4.55,12.1,0.77,-8.54,129.78,1.78,0.0,2.22,1.0,2.35,1.0,-12.19,-0.78,2.0,1.0,0.0,-0.55,1.0,0
0.0,0.0,1.0,3.0,0.0,2.8,1.0,1.0,-1.87,6.8,25.74,0.93,0.0,97.21,2.0,-1.87,4.74,0.07,1.2,0.0,0.0,0.0,3.0,1.0,0.0,1.0,0.0,0
0.0,0.0,1.0,1.53,0.0,0.0,1.51,1.0,2.04,2.53,1.39,0.7,0.0,45.93,3.04,0.0,4.04,1.49,1.56,0.49,0.49,0.0,-0.02,1.0,0.0,3.0,0.0,0
0.0,-0.61,1.0,3.21,0.0,-0.46,3.0,1.0,0.61,0.0,4.64,-2.72,0.0,55.8,4.82,-1.21,0.61,2.21,13.7,4.0,17.61,1.0,2.39,0.67,0.0,2.0,1.0,0
0.89,0.0,2.89,-0.89,0.0,-3.57,1.11,1.0,0.0,9.04,4.79,0.59,-2.68,67.82,-1.57,-0.89,1.89,1.89,3.34,0.0,-0.79,-0.89,3.79,0.7,0.0,2.11,0.89,0
0.0,0.0,1.0,1.72,0.0,3.58,1.0,2.0,2.15,4.72,4.7,0.66,0.0,100.53,3.86,0.0,1.57,3.28,2.65,-0.72,1.0,0.0,5.43,1.0,0.0,1.0,0.0,0
0.0,0.0,0.03,1.0,0.0,-3.73,0.07,1.0,4.9,7.83,14.53,0.14,0.07,91.27,1.03,1.0,2.03,2.93,0.9,-2.9,0.03,0.0,2.0,1.0,0.0,4.93,1.93,0
0.0,0.0,1.0,1.0,0.0,3.76,2.0,1.0,1.94,2.82,1.0,0.63,1.88,44.51,2.18,0.94,2.88,1.0,3.19,0.0,1.06,0.0,2.06,1.0,0.0,2.88,0.06,0
-0.6,0.6,1.0,0.0,0.0,14.38,0.4,1.0,-0.6,0.4,-1.39,3.93,14.4,70.09,1.4,1.2,0.61,-0.2,2.21,2.8,19.4,0.0,2.6,1.0,0.0,2.6,0.0,0
0.64,0.0,1.0,1.0,0.0,0.64,-0.28,2.0,-1.92,1.43,33.37,0.89,0.0,72.47,0.36,-0.64,2.36,5.92,0.91,0.0,0.36,0.0,4.64,1.0,0.0,1.64,0.64,0
0.0,0.0,1.0,0.0,0.37,0.63,1.37,1.0,0.37,5.69,12.38,0.91,0.0,55.61,1.74,0.0,4.53,1.63,1.22,0.0,1.74,0.0,4.16,0.68,0.0,2.0,0.0,0
0.0,0.0,1.0,-0.47,0.0,1.71,0.53,2.64,0.0,4.11,7.58,0.55,-4.11,42.76,-0.29,-0.82,6.58,1.82,2.18,2.36,14.53,0.18,3.82,0.67,0.0,2.82,1.82,0
0.0,0.0,1.0,1.8,0.0,-2.39,1.0,2.0,0.8,3.0,8.2,0.87,0.0,150.55,4.18,0.0,0.2,1.2,1.49,0.2,-3.98,0.0,4.8,0.75,0.0,2.2,0.0,0
0.0,0.0,1.0,9.0,0.0,0.74,1.0,1.0,0.0,5.22,12.22,0.71,0.0,116.61,1.26,1.48,6.48,1.74,14.64,1.74,1.0,0.0,2.74,0.75,0.0,3.74,0.0,0
0.0,0.0,1.0,1.8,0.0,0.0,1.0,1.0,1.8,-0.8,-3.02,2.2,0.0,153.87,8.22,0.0,1.0,0.2,0.6,0.0,5.41,0.0,4.61,1.0,0.0,0.2,0.0,0
2.0,1.76,1.0,-0.88,1.0,14.93,1.0,3.0,5.12,1.0,8.12,3.41,2.0,-55.14,-2.29,2.88,3.88,0.12,2.47,0.88,0.12,0.0,2.0,1.0,0.0,3.76,1.0,0
-0.82,0.0,1.0,-0.82,-2.28,4.92,2.0,1.0,1.0,1.0,4.36,0.87,0.0,-7.23,3.0,0.0,-0.64,1.82,1.73,1.64,4.28,0.0,0.36,1.0,0.0,1.18,1.0,0
1.0,0.0,1.0,1.57,0.0,2.43,2.0,1.57,4.72,6.43,6.15,-0.13,1.0,75.75,1.57,2.0,4.15,2.0,3.7,0.43,0.43,0.0,3.15,1.0,0.0,1.57,0.0,0
1.77,0.77,1.0,0.0,2.54,0.0,1.77,9.47,2.31,0.0,54.16,0.38,0.0,23.11,2.54,6.16,9.93,1.0,2.32,-3.08,0.23,0.0,5.31,0.85,0.0,2.77,0.77,1
-0.62,0.0,1.0,-0.62,0.0,2.76,1.0,1.0,-1.24,3.11,10.73,0.95,-3.98,-6.22,3.62,0.0,6.76,1.62,2.93,0.0,1.0,0.0,0.76,1.0,0.0,2.0,1.0,0
0.0,0.0,1.0,0.76,0.0,1.0,3.52,1.0,0.76,1.48,3.45,0.43,1.52,12.08,1.76,0.0,7.0,1.24,2.0,1.52,6.31,0.76,5.76,0.8,0.0,2.76,-0.76,0
0.0,0.0,1.0,1.57,0.0,10.0,1.57,1.0,0.0,-0.57,-1.84,0.54,15.0,24.4,3.0,0.0,-0.7,1.0,2.59,2.43,20.57,0.0,3.57,1.0,0.0,1.43,0.57,0
1.89,-18.66,1.0,5.44,0.89,-0.89,3.0,1.89,6.22,29.77,67.88,-2.21,1.0,136.2,2.78,0.0,28.0,7.33,12.03,6.0,5.89,0.0,9.33,0.53,0.0,3.0,0.89,1
0.0,0.0,1.0,1.65,0.0,5.0,2.0,1.0,0.82,0.0,10.29,-1.28,2.0,75.7,4.65,-2.47,7.82,1.82,14.91,-0.82,1.82,0.0,2.82,1.0,0.0,1.82,1.0,0
0.0,0.0,1.0,0.1,0.0,-8.03,1.0,1.0,2.0,14.54,22.57,0.63,-12.54,102.64,2.19,0.0,11.42,1.9,0.46,-1.71,-11.15,0.0,2.9,0.77,0.0,2.0,0.9,0
0.84,0.0,1.84,0.0,0.0,7.35,1.84,1.0,0.0,1.68,40.53,-1.14,1.0,76.28,3.0,-0.84,6.68,3.51,4.13,0.0,1.0,0.0,2.84,1.0,0.0,1.0,1.84,0
0.0,0.0,1.0,0.18,0.0,1.82,2.63,-0.63,-0.45,-2.27,-8.17,0.97,2.63,-11.76,6.45,0.0,1.92,0.18,1.7,1.82,7.63,0.82,2.0,1.0,0.0,2.0,0.82,0
-0.8,0.0,1.0,0.8,0.0,4.0,-1.41,1.0,-0.8,-1.61,7.8,0.86,1.0,8.03,5.41,0.8,16.03,1.0,0.27,-0.8,1.8,0.0,2.0,1.0,0.0,2.8,1.0,0
-1.63,0.0,1.0,0.0,0.0,3.18,1.82,-0.63,-0.82,-2.45,2.11,2.22,-0.63,-49.75,1.37,2.45,-7.42,0.18,0.05,0.82,1.0,0.0,1.18,0.59,0.0,2.0,1.82,0
0.0,-2.31,1.0,0.0,0.0,-3.47,2.0,1.0,4.58,10.0,20.0,-0.43,0.0,88.0,3.16,-3.47,-0.47,2.0,1.07,0.42,1.58,0.0,1.42,1.0,0.0,1.42,0.0,0
0.0,0.0,1.0,1.63,3.26,0.0,1.0,1.0,2.63,0.0,2.0,0.63,0.0,109.6,7.26,0.0,5.15,1.0,-0.29,-1.89,2.0,0.0,3.63,1.0,0.0,2.63,0.0,0
-0.56,0.0,1.0,0.0,-2.25,4.44,0.44,1.0,0.56,0.0,5.31,1.64,1.0,22.52,5.25,0.0,6.44,1.0,1.45,0.0,2.13,0.0,1.44,1.0,0.0,-0.13,1.0,0
0.96,-0.96,1.96,3.87,0.0,-8.62,3.87,2.0,0.0,13.57,13.79,-5.64,1.91,114.53,1.96,-1.91,4.91,5.91,7.68,1.91,2.91,0.0,4.0,0.68,0.0,-0.91,0.96,0
0.0,4.0,1.0,-0.72,0.0,5.44,1.72,1.0,-0.72,-1.44,0.72,3.92,-0.72,-30.26,1.0,1.56,6.32,1.0,7.53,1.0,0.0,0.0,0.84,1.14,0.0,2.28,0.72,0
0.0,1.51,1.0,0.0,0.0,6.0,2.0,1.0,0.0,1.0,-1.79,3.41,-0.51,0.0,-0.51,-16.66,-0.51,1.24,-16.23,-15.93,-1.27,0.0,2.0,1.0,0.0,1.0,0.0,0
1.0,0.0,1.0,-1.26,0.0,2.63,2.0,1.0,2.37,4.63,2.37,0.76,1.0,42.19,4.37,0.0,0.37,1.63,-6.86,0.0,1.0,0.0,2.37,1.0,0.0,2.0,1.0,0
-0.66,-1.97,0.34,1.0,-0.66,2.32,-0.97,-0.97,0.68,-12.81,0.66,1.58,0.34,-24.99,4.0,-1.32,5.34,0.34,-0.32,0.34,6.0,0.0,1.34,1.0,0.0,1.34,0.66,0
0.0,0.85,1.0,2.54,0.0,-3.39,1.0,2.69,1.0,7.62,13.54,2.88,-1.69,54.17,2.31,0.0,3.39,1.85,1.17,0.0,0.15,0.0,3.54,1.0,0.0,4.69,0.0,0
0.0,0.0,1.0,1.7,0.0,1.39,1.7,1.0,4.09,8.48,22.45,-0.28,0.0,46.46,0.21,2.0,4.7,1.7,5.92,1.0,0.3,0.0,2.7,1.0,0.0,2.0,2.7,0
6.21,1.21,1.0,3.6,-1.21,-0.21,2.0,6.42,14.0,40.42,41.58,0.14,-1.81,92.58,-0.81,-0.81,66.56,5.6,3.45,0.0,0.4,0.0,24.81,0.47,0.0,3.0,0.4,1
0.0,0.0,1.0,0.82,0.0,3.29,4.29,1.0,0.0,1.18,5.35,0.45,4.12,9.65,0.18,0.82,0.0,1.0,4.42,1.0,3.47,0.82,0.18,1.0,0.0,1.82,0.0,0
0.0,0.0,1.0,-0.76,0.0,-0.88,2.0,1.0,9.12,0.21,-7.96,1.34,0.0,5.81,0.12,1.12,4.73,1.0,4.11,0.0,0.88,0.0,3.36,0.67,0.0,1.12,-1.76,0
0.0,0.0,1.0,1.86,0.0,0.0,2.0,1.0,-8.47,-10.33,-11.06,2.39,-0.72,121.53,7.58,0.0,-1.58,1.0,-2.87,0.14,3.72,0.0,3.0,0.67,0.0,2.14,-0.86,0
0.0,0.0,1.0,0.76,0.0,-0.76,1.24,1.0,-2.28,2.28,13.92,0.95,2.0,38.01,-0.8,0.0,1.76,1.76,6.99,-0.52,12.24,-0.76,7.04,0.62,0.0,4.52,0.0,0
0.0,0.0,1.0,0.0,0.0,-0.59,1.0,1.0,5.85,12.27,10.24,-0.01,1.17,61.0,3.59,-0.59,0.07,0.41,9.56,1.59,1.59,0.0,0.07,0.96,0.0,4.0,0.59,0
0.0,0.0,1.0,1.75,0.0,-2.99,1.0,1.0,1.0,0.75,0.25,1.16,-0.75,156.1,4.25,3.74,-1.24,1.0,3.56,0.0,2.0,0.0,3.0,1.0,0.0,3.5,0.0,0
0.0,0.0,1.0,1.7,0.0,0.0,2.0,1.0,10.7,8.3,-0.6,1.2,0.0,153.52,3.78,2.0,9.3,0.3,4.02,-0.7,1.39,0.0,5.3,0.67,0.0,2.0,-0.7,1
0.0,9.0,1.0,0.0,0.0,5.02,1.0,1.0,0.0,-1.51,0.0,2.8,0.75,-37.74,3.51,1.0,3.02,1.0,-0.11,-0.75,0.0,0.0,4.75,1.0,0.0,3.0,0.75,0
0.0,-1.06,1.53,6.9,1.59,-4.78,1.53,1.0,2.06,3.18,15.39,0.8,0.0,49.37,5.06,1.06,2.12,3.65,5.43,-0.53,1.53,0.0,3.12,0.92,0.0,2.47,1.59,0
-0.98,0.0,1.0,1.0,-0.98,13.74,2.0,1.0,3.0,3.0,1.98,0.59,6.85,81.0,3.98,0.0,-1.96,1.0,1.75,0.0,2.98,0.0,2.02,1.0,0.0,1.02,0.98,0
0.0,-0.51,1.0,0.0,0.0,7.03,1.51,1.0,2.49,1.49,-0.68,1.38,0.0,55.86,2.0,0.0,1.46,-0.03,4.7,2.03,0.49,0.0,1.0,1.0,0.0,1.0,0.0,0
-0.57,0.0,1.0,1.57,0.0,0.0,2.0,1.0,3.85,0.57,8.4,0.88,0.43,103.41,4.43,1.14,3.28,1.0,2.01,1.0,1.43,0.0,5.85,0.48,0.0,3.57,0.0,1
1.45,1.0,1.0,0.0,0.0,2.0,2.0,2.45,2.18,4.0,14.82,-0.23,1.45,53.39,3.9,-1.45,20.71,2.0,5.39,-0.73,0.73,0.0,6.0,1.08,0.0,1.27,0.0,0
0.0,1.76,1.0,2.0,0.0,1.76,1.0,1.0,2.0,1.0,-19.96,3.76,0.0,66.0,0.41,1.41,-12.27,0.83,5.28,4.59,0.41,0.0,3.17,1.0,0.0,1.0,1.0,0
12.0,0.51,1.0,1.52,0.0,0.51,2.51,3.01,0.49,7.05,14.61,-0.08,0.0,60.54,-0.03,0.0,7.54,2.51,3.98,-0.51,0.49,0.0,4.52,0.67,0.0,2.51,2.51,1
0.0,0.0,1.0,0.0,0.0,6.0,1.66,1.0,0.0,1.0,3.0,1.97,0.66,0.0,1.0,0.0,0.66,2.0,2.0,1.0,1.66,0.0,1.0,1.0,0.0,1.0,0.66,0
0.0,0.0,1.0,0.0,0.0,5.31,2.0,1.0,-0.65,0.17,10.78,1.07,0.83,-16.64,-1.48,0.0,4.48,1.0,9.71,2.0,-1.65,0.0,3.0,1.0,0.0,2.83,1.83,0
1.0,-1.16,1.0,1.58,0.0,-2.05,1.58,1.0,3.74,1.74,7.58,-2.27,8.0,136.87,3.74,-0.58,0.84,1.58,1.93,-0.58,2.16,0.0,3.0,1.0,0.0,0.42,0.0,0
0.0,0.0,1.15,13.0,3.0,-2.54,1.15,1.0,2.0,5.15,32.39,-0.08,0.0,65.04,2.85,3.0,4.31,5.0,9.45,-3.39,0.15,0.0,6.15,0.86,0.0,3.69,3.0,0
-0.74,0.0,1.0,-3.71,-0.74,8.22,1.74,0.26,-2.19,-19.51,-42.95,1.41,1.48,-10.94,2.74,-2.22,-5.16,-2.71,-1.18,1.0,1.0,0.0,-4.93,1.37,0.0,-0.48,-0.74,0
1.0,-2.81,1.0,0.0,2.0,0.0,4.0,1.0,3.0,4.0,6.91,-0.86,1.7,70.0,3.4,-1.11,1.4,1.0,0.68,0.3,1.7,0.0,1.3,1.0,0.0,2.0,0.0,0
0.0,0.0,-0.09,6.55,0.0,0.0,-0.09,1.55,0.0,4.64,14.83,0.56,0.0,121.28,1.0,0.0,3.55,3.09,6.88,-0.55,0.45,0.0,3.09,1.0,0.0,3.0,0.0,0
6.0,0.0,1.0,2.01,1.0,0.0,0.01,1.0,3.96,7.0,26.01,0.0,-0.99,-14.62,0.03,0.0,3.97,1.0,3.89,0.99,1.99,0.0,2.0,1.0,0.0,2.0,0.01,0
1.0,1.0,1.0,2.57,2.0,0.0,2.57,12.0,5.57,1.0,68.43,-0.47,0.57,152.53,5.26,10.0,13.13,1.43,5.28,-0.57,0.57,0.0,5.57,0.8,0.0,2.57,2.57,1
1.38,0.0,1.0,1.62,2.0,-1.86,3.0,1.0,3.24,1.38,6.4,-0.41,1.24,36.53,1.62,7.0,6.76,0.14,5.47,1.0,1.62,0.0,7.24,0.68,0.0,3.0,0.38,1
-0.55,0.0,1.0,-1.65,-1.3,4.35,2.45,1.0,-2.2,1.1,8.25,0.28,6.0,-24.21,6.0,-1.4,8.7,1.55,-1.9,-0.55,2.0,0.0,1.9,1.0,0.0,2.55,1.45,0
0.0,0.0,1.0,3.0,0.0,3.51,2.0,3.0,9.37,3.0,11.39,-0.15,0.0,100.0,0.37,-13.42,6.88,2.0,-11.37,-14.04,-0.25,0.0,5.0,1.0,0.0,2.0,1.0,0
0.0,0.0,1.0,3.0,0.0,0.0,1.0,1.0,3.1,1.22,-12.08,0.84,0.0,68.0,7.55,0.0,2.55,0.22,2.83,2.0,3.33,0.0,1.22,1.0,0.0,1.0,-0.78,0
0.0,-1.07,1.0,0.0,0.0,1.61,0.46,0.46,1.0,-4.83,-3.83,3.43,2.0,-33.28,2.46,0.54,1.39,0.46,0.84,0.0,1.46,0.0,2.0,0.63,0.0,4.0,-0.54,0
0.83,1.67,1.0,0.83,0.0,0.0,2.83,2.67,1.0,20.35,45.69,-1.02,0.83,119.72,-0.5,0.0,7.51,2.83,6.54,-0.67,-1.5,0.0,9.84,0.81,0.0,3.0,1.67,1
0.0,0.0,1.0,0.0,0.0,5.73,1.0,1.0,-1.82,5.91,15.47,1.89,0.0,26.25,-1.73,0.91,3.09,1.0,2.76,1.0,-0.82,0.0,2.0,1.0,0.0,4.73,0.0,0
0.0,0.0,1.0,1.27,0.0,2.93,1.0,1.0,1.0,0.0,10.39,0.94,-0.73,92.0,3.0,0.0,2.46,2.0,17.15,-0.73,-4.12,0.0,2.0,1.0,0.0,2.27,0.73,0
-0.9,0.0,1.0,1.0,0.0,-3.59,1.0,2.0,4.48,8.38,-11.61,-0.6,0.0,66.52,1.9,1.79,1.0,0.21,1.86,1.9,0.0,0.0,3.1,0.75,0.0,2.1,-0.9,0
0.0,0.0,1.0,-0.69,0.0,3.0,1.69,1.0,0.69,-0.38,-15.65,2.99,0.0,-62.85,1.69,-0.69,0.0,1.31,1.23,1.69,2.38,0.0,-0.38,1.0,0.0,4.69,0.0,0
0.0,1.0,1.0,0.0,0.0,0.0,1.0,1.0,0.0,4.0,3.0,0.95,-0.7,25.0,1.0,-15.2,2.3,2.0,-13.91,-15.91,0.3,0.0,2.0,1.0,0.0,2.7,0.0,0
0.0,0.0,1.0,0.0,1.0,0.0,2.0,1.0,1.94,-0.94,-1.83,0.82,0.0,0.0,5.83,1.88,2.94,0.06,0.19,0.0,5.83,0.0,1.0,1.0,0.0,1.06,0.0,0
0.0,0.0,1.0,0.0,0.0,1.14,1.93,1.0,-1.86,2.2,9.07,1.44,1.86,4.53,0.07,0.0,4.0,1.0,2.23,2.86,6.59,0.93,1.07,1.0,0.0,2.0,0.0,0
-0.7,1.0,0.3,-10.46,0.0,9.0,-0.39,1.0,-3.49,-11.86,-2.09,6.75,-1.39,-36.27,1.39,2.0,0.7,-0.7,-2.44,0.7,-0.7,0.0,1.61,1.23,0.0,3.0,-0.7,0
0.0,0.0,1.0,0.0,0.0,-2.08,2.39,1.0,0.0,-1.46,-0.23,0.51,3.46,-5.41,2.39,0.0,-0.69,2.0,4.41,2.77,5.85,1.39,0.31,1.0,0.0,0.31,1.0,0
1.0,0.0,1.0,-0.61,0.0,4.61,0.39,1.0,-1.21,0.18,40.0,2.63,-1.21,66.15,0.39,-0.61,2.61,4.61,-0.17,0.0,0.0,0.0,2.0,1.0,0.0,1.39,1.0,0
0.0,-0.7,1.0,-0.4,-1.4,0.0,2.4,-5.0,8.4,6.8,-30.89,0.32,0.7,54.8,1.0,-5.6,-5.4,4.0,-0.55,0.0,1.0,0.0,1.9,1.14,0.0,0.3,-1.4,0
0.0,0.0,1.0,1.2,0.0,1.0,2.0,1.0,0.6,4.79,17.57,0.38,0.0,79.31,-1.99,0.0,7.0,2.6,3.3,-1.2,0.4,-0.6,6.2,0.8,0.0,2.0,0.6,0
1.0,0.0,1.0,0.52,0.0,0.52,2.0,1.0,2.42,9.03,4.1,0.43,1.0,81.1,2.0,-4.65,6.0,1.52,6.69,-0.52,1.0,0.0,3.58,0.74,0.0,2.03,0.0,0
0.0,0.0,1.0,-1.57,0.0,2.0,2.78,3.0,1.22,3.22,3.0,0.95,3.13,14.29,2.78,-1.57,4.35,1.22,0.04,-1.57,5.7,0.78,3.78,0.41,0.0,2.78,0.0,1
0.0,1.43,1.0,3.0,0.0,-1.43,1.0,1.0,0.0,4.0,17.01,2.24,-0.71,86.0,1.29,0.71,-1.85,1.0,0.91,0.71,-0.71,0.0,2.29,1.0,0.0,1.71,-0.71,0
0.0,0.0,1.0,2.71,1.41,0.0,1.0,1.0,2.41,0.71,3.88,0.27,0.71,125.18,5.82,1.41,7.35,1.29,16.21,0.0,2.41,0.0,2.71,1.0,0.0,3.71,0.0,0
0.0,0.0,1.0,0.0,0.0,1.24,2.0,1.0,9.51,10.51,12.3,0.73,2.59,59.45,1.79,0.0,1.79,1.21,6.63,3.0,-4.55,0.0,2.79,1.0,0.0,1.0,0.79,0
0.0,0.0,1.0,0.0,0.0,4.0,1.0,1.0,0.0,0.0,7.0,0.53,1.0,0.0,2.27,0.0,8.0,1.0,2.57,0.0,1.0,0.0,2.0,1.0,0.0,2.0,1.73,0
-0.61,0.0,1.0,1.0,0.0,1.22,1.0,2.0,3.0,1.0,5.0,0.75,-0.61,50.0,1.39,0.0,5.22,2.61,0.85,0.0,4.27,0.0,3.61,1.0,0.0,3.0,0.0,0
0.0,0.0,1.0,-0.55,0.0,6.32,1.45,1.0,-0.55,5.55,3.11,1.99,0.45,-15.34,-1.21,0.0,-0.11,1.55,5.05,2.55,1.89,0.0,1.89,1.0,0.0,2.45,-0.55,0
0.0,0.78,1.0,1.0,0.0,0.0,1.0,1.0,2.0,-0.78,-4.47,2.96,0.0,55.06,4.44,0.0,-4.03,0.22,1.11,0.0,0.22,0.0,1.22,1.0,0.0,2.0,0.0,0
1.11,-1.78,1.0,-0.89,1.0,7.89,0.11,-0.56,6.0,-7.0,2.78,1.0,2.89,-32.79,3.0,2.0,0.33,0.11,0.24,0.89,1.0,0.0,-6.0,1.27,0.0,2.0,-0.78,0
-1.6,-0.8,1.0,0.2,0.0,2.6,1.0,-2.21,0.0,0.99,24.41,0.79,0.0,78.79,1.2,0.0,15.21,1.0,8.93,1.0,0.2,0.0,-1.21,1.11,0.0,3.0,-1.6,0
0.0,2.0,1.0,0.87,0.0,2.93,1.0,1.0,3.47,4.34,1.74,4.15,0.0,60.73,0.87,1.0,10.68,-0.87,2.41,-0.74,-4.34,0.0,5.6,1.0,0.0,3.0,0.87,0
0.62,-0.62,1.0,3.62,7.5,-3.99,2.62,2.0,0.0,1.0,15.5,-3.21,0.0,127.44,2.62,-0.25,3.25,2.62,3.79,0.0,1.62,0.0,5.62,0.8,0.0,2.0,2.0,0
0.0,0.0,1.0,1.17,0.0,-0.58,0.42,1.0,2.58,1.42,14.18,0.53,0.0,75.01,0.42,1.42,-0.58,2.58,2.45,1.0,1.0,0.0,3.75,1.0,0.0,2.58,0.58,0
0.0,0.0,1.0,-0.63,0.0,0.0,1.0,1.0,1.26,2.26,9.15,0.64,-1.26,75.77,0.37,1.26,-0.26,2.63,2.21,0.0,-4.4,0.0,1.0,1.0,0.0,2.0,0.0,0
0.64,0.0,1.0,1.91,3.82,1.27,1.0,1.0,0.64,-0.27,15.29,0.62,0.0,52.89,-1.19,6.1,15.1,1.0,3.8,0.36,0.36,-0.64,4.55,1.0,0.0,2.0,0.64,0
0.0,0.0,1.0,2.55,0.0,4.85,1.0,2.7,7.65,2.55,11.25,1.16,1.0,84.95,2.15,0.85,5.7,1.85,3.47,0.85,0.15,0.0,4.55,1.0,0.0,1.0,0.85,0
0.0,0.85,1.0,-0.85,0.0,0.0,0.15,1.0,-8.54,-6.69,10.04,4.47,0.0,-71.74,0.15,0.0,-6.54,1.15,-1.39,1.85,1.0,0.0,-0.27,1.28,0.0,2.85,1.0,0
1.39,1.39,1.0,0.7,0.0,0.0,2.7,3.79,2.0,6.57,2.09,0.85,0.0,28.56,3.0,3.0,2.09,1.7,3.1,1.0,2.0,0.0,7.57,0.29,0.0,1.7,2.39,1
0.0,0.0,2.0,-0.76,0.0,8.76,3.76,1.0,-0.76,1.0,3.0,1.48,2.0,-42.65,1.24,0.0,7.76,1.0,6.18,6.27,4.27,0.76,3.0,0.75,0.0,1.0,0.76,1
-0.54,8.17,1.0,-0.54,0.0,2.17,2.0,1.0,-1.08,2.0,-3.79,2.2,-4.33,-15.74,0.46,3.25,5.17,1.0,3.36,1.54,0.46,0.0,3.46,0.75,0.0,3.62,0.0,0
0.0,0.0,1.0,-0.69,0.0,0.31,1.31,1.0,-3.44,-1.38,1.69,2.66,1.38,-41.97,3.69,-1.38,2.69,1.0,2.54,2.31,5.69,1.0,3.0,0.32,0.0,1.69,1.0,1
-5.58,4.65,1.0,-1.79,-0.93,0.0,3.93,1.93,0.07,1.86,-16.73,0.86,2.0,-20.45,1.07,0.0,1.86,1.0,2.33,2.93,8.0,1.0,3.86,0.77,0.0,1.07,0.0,0
1.0,3.0,2.0,0.96,1.0,2.96,4.96,4.0,4.87,22.91,2.17,-0.66,2.0,115.25,2.96,2.0,5.0,0.09,6.43,1.0,1.96,0.0,4.91,1.0,0.0,1.04,0.0,0
0.0,-1.88,1.0,0.0,0.0,-7.51,1.0,1.0,0.0,4.76,15.45,-3.13,0.0,86.33,2.94,1.94,10.0,2.88,1.81,1.0,1.94,0.0,2.0,0.69,0.0,1.06,0.0,0
0.0,0.0,1.0,0.68,0.0,-3.42,1.0,1.0,1.0,0.68,1.68,0.02,1.32,51.25,3.0,-1.37,2.32,1.0,3.09,-3.42,2.0,0.0,2.0,0.5,0.0,4.68,0.0,0
0.0,0.0,1.0,0.56,0.0,5.55,1.56,1.0,1.0,0.0,-3.33,1.69,5.0,0.0,5.11,0.0,-0.78,1.0,1.68,3.11,13.44,0.56,2.0,1.0,0.0,4.11,-0.56,0
0.0,0.0,1.0,-1.62,-4.37,-0.87,1.0,0.13,1.87,-0.87,-8.62,1.84,0.0,21.25,5.0,-0.87,1.87,0.13,0.19,0.0,1.87,0.0,0.38,1.17,0.0,2.0,-1.75,0
0.0,0.0,1.0,1.0,0.0,3.38,1.0,1.0,0.16,0.0,6.91,1.3,0.84,100.0,4.16,0.0,6.07,1.0,-0.21,-3.38,-0.69,0.0,3.84,1.0,0.0,1.16,0.84,0
0.0,0.0,1.0,-2.9,0.0,3.0,1.0,1.0,0.73,-0.9,-0.53,1.76,0.73,-6.19,3.0,2.45,3.63,1.0,3.03,1.45,1.73,0.0,1.27,1.0,0.0,4.73,0.0,0
0.76,1.53,1.0,1.76,0.0,0.0,1.76,2.53,1.0,16.79,30.0,-0.6,0.76,170.21,3.71,0.0,9.4,1.76,2.96,0.0,1.0,0.0,9.11,0.83,0.0,1.0,1.53,1
0.0,0.0,1.0,7.32,0.0,-4.21,-0.68,1.0,0.0,3.84,11.68,0.65,0.0,111.77,2.0,0.0,9.21,1.0,13.54,0.16,-11.62,-0.84,0.32,1.28,0.0,3.0,-0.84,0
0.0,0.0,1.0,-0.65,0.0,0.0,1.0,1.0,2.94,0.0,-0.65,0.87,0.0,-64.75,3.35,0.0,2.94,1.0,4.49,4.65,4.3,0.0,1.0,1.0,0.0,3.65,0.0,0
0.0,0.0,1.0,1.35,0.0,0.0,1.0,1.0,4.35,5.33,12.95,0.61,0.0,118.73,-0.35,1.35,6.67,3.67,2.94,2.35,1.0,0.0,3.0,1.0,0.0,1.65,2.67,0
0.0,1.85,1.0,-0.85,0.0,0.0,0.15,-0.71,2.0,-3.13,8.6,2.8,0.0,15.31,0.15,0.85,-1.84,1.29,1.28,0.85,0.15,0.0,2.15,1.0,0.0,1.15,0.15,0
0.0,0.0,1.0,-0.95,1.0,0.0,2.95,1.0,0.05,-2.86,2.91,1.41,0.0,-15.24,2.05,-1.91,-1.81,1.95,2.47,0.0,3.0,0.0,2.91,1.0,0.0,2.95,-1.91,0
0.0,0.0,1.0,0.57,0.0,3.0,1.0,1.0,0.57,0.0,2.0,0.5,0.0,57.13,2.71,0.0,2.57,2.0,2.07,1.0,7.43,0.0,3.14,1.0,0.0,2.0,0.0,0
0.0,0.0,1.0,1.69,0.0,1.69,1.0,1.0,2.0,3.74,10.22,0.15,2.0,86.31,2.69,0.0,4.8,0.31,7.25,0.69,1.69,0.0,4.69,0.75,0.0,2.69,0.0,0
0.0,0.0,1.0,1.0,0.0,4.54,1.0,1.0,1.09,-1.82,5.54,0.9,1.82,36.01,6.0,0.0,5.73,1.0,0.64,-0.91,1.0,0.0,3.82,1.0,0.0,2.0,0.91,0
0.47,0.0,2.0,3.0,0.0,-2.11,4.53,1.0,0.53,9.47,-15.56,-0.13,2.0,10.03,1.53,0.0,2.53,0.42,5.98,2.53,3.05,0.0,3.0,0.67,0.0,1.0,0.47,0
0.0,0.0,1.0,0.64,0.0,0.0,2.0,1.0,0.36,-5.13,-8.25,1.45,0.0,10.25,3.28,0.0,3.64,1.0,0.63,0.0,3.28,0.0,2.0,1.0,0.0,1.36,0.0,0
0.78,0.0,1.0,-0.78,0.0,0.0,3.55,1.78,6.43,-3.1,0.45,0.45,0.78,4.65,3.55,0.0,-4.76,1.78,-0.63,0.0,2.0,0.0,-1.1,1.26,0.0,1.22,0.0,0
0.0,0.0,1.0,-0.87,0.0,-0.87,1.0,1.0,0.0,-7.75,-16.74,2.24,0.0,42.62,3.62,-0.87,-3.37,1.13,0.84,-0.87,1.75,0.0,-0.75,1.0,0.0,2.0,-1.75,0
1.0,0.0,1.0,-0.75,0.0,2.63,3.0,1.0,-0.88,-4.76,-14.52,1.09,1.88,-27.97,1.0,0.0,10.25,1.12,7.85,5.12,5.0,0.0,1.37,0.75,0.0,2.12,-0.88,0
0.0,0.0,0.15,9.0,0.0,0.85,1.85,1.0,1.71,3.0,8.29,0.06,1.71,84.0,5.42,0.0,10.13,1.0,14.1,1.85,1.85,0.85,3.71,1.0,0.0,2.15,0.85,0
0.0,3.0,1.0,-0.88,0.0,2.23,1.0,1.0,-0.88,0.88,2.65,6.32,-2.65,30.89,-1.77,-0.77,1.77,0.0,0.51,0.88,0.0,0.0,-1.65,1.18,0.0,3.12,0.88,0
0.0,0.0,1.0,-2.47,0.0,0.0,-2.47,1.0,2.73,-0.87,-0.73,2.51,-4.34,83.52,2.4,-0.87,1.0,1.0,-3.05,-1.73,-0.6,-0.87,4.73,1.0,0.0,2.0,0.0,0
0.0,0.0,1.0,2.24,0.0,0.0,0.38,1.0,-5.18,-3.09,5.95,1.58,0.0,101.24,5.62,-1.24,-4.57,1.0,-0.86,0.0,3.0,0.0,1.14,1.21,0.0,0.38,0.0,0
0.0,2.0,1.0,-0.99,0.0,5.97,1.0,1.0,-0.99,0.0,5.96,3.63,0.99,-99.26,-0.98,1.0,3.98,1.0,3.56,1.0,-0.99,0.0,0.01,1.0,0.0,1.01,0.0,0
-0.79,0.0,1.0,8.38,0.0,0.79,-0.58,1.79,-5.54,1.42,7.04,0.85,-0.79,96.92,-0.58,-0.79,6.96,2.0,6.86,0.79,1.79,0.0,4.38,1.0,0.0,3.79,0.79,0
0.0,0.0,1.0,1.72,0.0,-2.15,1.0,1.0,1.72,-0.72,-0.44,0.99,0.0,171.78,8.15,0.0,1.72,0.28,0.76,-0.72,2.72,0.0,4.44,1.0,0.0,-0.15,0.0,0
0.0,0.0,1.0,1.98,0.0,0.0,1.0,1.0,2.97,-1.97,-3.92,1.56,0.0,100.0,5.98,0.0,7.89,1.0,0.79,0.0,1.98,0.0,3.98,1.0,0.0,3.97,0.0,0
0.0,0.0,1.0,0.0,0.0,-0.61,0.39,1.0,0.0,1.61,4.23,0.01,0.0,53.22,3.0,0.0,6.84,1.0,3.54,3.0,0.16,-0.61,-0.23,1.2,0.0,2.61,-0.61,0
0.0,3.0,1.0,0.51,0.0,4.51,1.51,1.0,1.02,2.04,8.14,5.64,-0.51,29.0,-1.53,1.0,-2.04,0.51,3.14,-0.51,-2.54,0.0,2.02,1.0,0.0,4.0,0.51,0
0.0,0.0,0.07,0.0,0.0,4.0,0.07,1.0,0.0,0.0,24.65,0.49,1.0,-30.66,2.07,0.0,7.93,1.93,2.06,0.93,1.0,0.0,3.86,1.0,0.0,1.07,1.93,0
0.0,0.0,1.0,0.0,0.0,-0.58,2.16,1.0,-0.58,4.42,13.0,0.31,0.58,65.48,1.84,0.0,-3.48,2.0,2.37,0.58,2.16,0.58,1.0,1.0,0.0,1.0,0.0,0
0.0,0.0,1.0,0.0,1.0,0.73,2.0,1.0,0.27,1.73,9.65,-0.93,0.0,71.23,2.27,0.0,-0.46,2.46,2.58,0.0,0.27,0.0,2.0,1.0,0.0,2.73,1.0,0
0.0,1.0,1.0,-0.74,-1.47,4.74,0.26,0.26,-2.95,-3.69,0.0,5.94,-0.74,-36.13,-2.21,1.0,-5.9,0.74,-0.52,1.0,0.26,0.0,-2.69,1.25,0.0,1.74,-0.74,0
1.1,0.0,1.0,0.0,1.1,0.0,3.1,1.0,1.55,1.1,15.91,-0.14,4.0,-20.85,-0.19,3.84,9.84,1.55,4.4,2.55,5.9,1.0,4.65,0.58,0.0,3.1,1.55,1
0.0,0.0,1.0,0.84,1.0,0.84,2.0,1.0,2.0,-0.84,-3.88,0.85,0.0,-28.47,2.84,0.0,2.84,0.16,4.98,0.84,1.84,0.0,2.84,1.0,0.0,3.0,0.0,0
0.0,0.0,1.0,10.95,0.0,0.0,0.02,1.0,0.0,2.02,14.89,0.52,0.0,173.89,2.98,0.0,3.05,1.98,28.27,0.02,0.02,0.0,2.0,1.0,0.0,3.98,0.0,0
0.0,0.0,0.34,0.0,0.0,5.0,1.34,1.0,-1.33,-0.66,7.0,2.69,2.0,-66.29,-0.31,0.66,4.34,1.0,2.24,0.0,-0.99,0.0,1.34,1.0,0.0,3.66,0.0,0
0.0,6.0,1.0,0.0,0.0,-3.78,2.63,1.0,-1.89,2.0,-1.26,-0.09,0.0,26.07,0.37,0.0,2.37,1.63,3.73,0.37,1.0,0.0,4.0,0.75,0.0,2.63,0.0,0
1.0,3.0,2.0,-0.71,1.0,2.0,4.0,4.0,2.0,21.0,17.41,-0.31,2.0,22.5,1.29,-1.57,5.0,2.71,2.09,1.71,1.0,0.0,4.43,1.0,0.0,1.29,0.71,0
0.0,15.31,1.0,0.0,0.0,2.19,1.0,1.0,-0.73,2.0,0.9,2.58,0.0,16.0,1.54,2.19,0.54,0.27,3.04,2.0,0.27,0.0,4.19,0.82,0.0,3.0,0.73,0
0.0,0.0,2.0,0.0,0.0,10.47,2.38,1.0,-2.47,-5.18,-5.03,1.49,2.62,-21.38,2.62,0.0,8.24,0.38,5.15,3.38,2.0,0.0,3.0,1.0,0.0,0.38,0.62,0
0.0,2.0,1.0,0.0,0.0,1.3,1.0,1.0,0.7,-0.7,-4.19,3.89,0.7,-36.33,3.4,2.4,2.4,1.0,3.65,2.4,0.7,0.0,0.3,1.0,0.0,2.7,-0.7,0
0.0,0.0,1.0,1.0,0.0,-1.37,0.32,1.0,0.0,1.0,6.68,1.05,0.0,68.84,5.74,0.0,2.37,1.0,2.7,-0.68,1.68,0.0,1.32,1.0,0.0,3.0,-0.68,0
1.0,0.0,1.55,4.45,1.0,2.0,1.55,2.0,6.45,29.55,74.09,0.15,0.0,60.32,0.36,3.0,18.0,6.0,7.25,0.0,-0.09,0.0,9.45,0.5,0.0,4.09,2.0,1
0.0,0.0,1.0,3.7,0.0,0.0,1.3,1.0,4.7,4.0,12.39,0.22,-0.7,124.86,2.91,-0.7,8.79,1.0,1.65,-1.39,-23.01,-0.7,2.0,1.0,0.0,3.39,1.0,0
0.0,0.0,1.0,3.3,0.0,4.0,5.0,1.0,0.0,1.0,7.23,-0.12,5.0,-51.42,2.89,1.0,1.7,1.0,4.58,2.0,3.3,1.0,-0.41,1.0,0.0,2.7,0.0,0
0.0,-0.56,1.0,1.56,0.0,-5.04,2.0,3.0,1.56,2.0,17.56,-2.47,0.0,122.0,4.8,-1.12,11.56,2.56,4.5,1.0,2.68,0.0,6.0,0.83,0.0,0.88,2.0,0
0.0,1.0,1.0,0.0,0.0,4.66,1.0,1.0,0.0,-4.66,-5.6,6.05,0.93,-74.63,-0.93,2.0,3.73,-0.93,1.46,1.0,0.0,0.0,2.87,1.0,0.0,3.0,0.0,0
0.0,-7.61,1.0,0.0,0.0,-0.69,1.85,1.0,2.85,3.85,18.85,-0.7,0.0,75.0,1.0,0.15,11.54,2.0,2.97,0.85,1.69,0.0,6.31,0.5,0.0,1.15,0.0,1
0.0,0.98,1.0,-0.98,0.0,8.78,1.0,0.02,1.0,-2.93,-8.78,9.21,0.0,-69.24,2.02,1.95,1.02,-0.95,-1.84,-0.98,2.0,0.0,0.02,1.24,0.0,2.0,0.0,0
0.0,1.68,1.0,0.0,0.0,-0.84,1.0,1.0,5.0,8.0,17.0,-0.23,0.0,86.0,1.16,3.68,1.16,1.16,0.77,0.16,0.0,0.0,0.16,1.0,0.0,0.16,0.0,0
0.76,1.52,1.0,1.76,0.0,-1.03,2.76,2.52,3.76,19.67,24.49,-0.19,0.0,150.72,1.48,0.0,4.55,1.76,1.75,0.0,2.0,0.0,8.3,0.83,0.0,3.52,0.76,1
0.0,0.0,1.0,-1.89,0.0,-1.52,-0.52,2.26,3.15,2.52,6.04,2.27,-3.15,37.21,1.74,-0.63,8.94,1.63,1.16,1.74,2.48,0.37,4.89,0.67,0.0,1.0,1.0,1
0.0,0.0,1.0,3.6,5.0,0.4,0.8,2.0,-0.6,0.4,13.0,1.22,-1.2,130.09,1.4,1.0,-1.59,2.0,1.32,-0.6,1.6,-0.6,4.4,0.8,0.0,2.0,1.4,0
-0.74,0.0,0.26,-2.23,0.74,5.0,-0.49,1.0,1.49,-7.44,8.49,1.24,-0.49,-43.17,3.74,0.0,7.0,0.26,-1.85,-1.49,0.26,0.0,1.26,1.25,0.0,3.49,0.26,0
0.0,0.75,1.0,0.0,0.0,0.0,1.0,1.0,1.51,2.51,-6.08,1.21,0.0,90.37,1.0,-1.51,-15.61,2.75,3.41,0.0,0.0,0.0,1.75,1.0,0.0,2.75,0.75,0
0.72,0.72,1.0,1.44,1.44,0.0,1.72,8.92,4.6,1.28,36.11,0.55,1.0,30.04,4.44,9.2,9.32,1.0,8.1,3.0,2.0,0.0,3.16,0.86,0.0,2.0,1.44,0
0.0,0.0,1.0,0.04,0.0,0.0,2.0,0.04,-1.88,1.0,2.92,1.11,-0.96,8.71,2.04,0.0,0.25,0.04,8.3,6.96,3.96,0.0,1.04,1.0,0.0,2.0,0.0,0
0.73,2.2,1.73,-1.47,0.73,-3.66,2.47,3.2,-0.73,15.65,3.0,0.19,0.73,29.34,3.0,1.47,8.66,1.73,5.45,3.0,2.0,0.0,2.47,1.0,0.0,2.73,0.0,0
0.0,0.0,1.0,1.0,0.0,0.92,1.92,1.0,-0.92,3.75,13.34,-0.88,0.0,120.89,1.16,0.0,7.43,1.92,9.07,0.0,1.0,0.0,5.67,0.82,0.0,2.08,0.0,0
0.0,0.0,1.0,-0.6,0.0,6.0,1.0,1.0,0.0,2.38,6.17,0.68,0.0,2.98,1.6,-2.98,1.81,2.6,-0.84,1.0,8.0,0.0,1.4,1.0,0.0,0.81,0.0,0
1.0,0.0,2.0,3.0,0.0,0.0,4.0,1.0,-0.5,10.0,8.0,-0.81,2.0,58.0,-0.5,0.0,2.5,3.5,6.42,2.0,1.5,0.0,2.5,0.67,0.0,1.5,1.0,0
0.72,1.0,1.0,1.44,4.32,4.88,2.0,1.0,-4.32,-2.48,16.28,0.68,0.0,72.2,1.0,4.32,12.0,2.0,4.72,0.72,0.72,0.0,6.0,1.07,0.0,2.0,0.72,0
0.0,4.0,1.0,0.0,0.0,4.74,0.26,1.0,0.0,3.68,11.04,3.37,-2.95,49.33,1.0,3.0,-2.42,1.0,9.31,0.26,-4.42,-0.74,1.53,1.25,0.0,2.26,0.74,0
0.0,0.0,1.0,-0.98,0.0,7.92,0.02,1.0,-0.98,0.0,12.88,1.63,1.0,-97.95,1.04,0.0,7.94,1.0,3.62,-0.98,0.02,0.0,1.02,1.33,0.0,-0.96,1.0,0
0.0,0.0,1.0,1.55,2.0,4.32,2.77,1.0,-0.77,4.23,57.9,0.25,3.0,26.92,6.55,3.0,10.45,1.0,0.13,1.55,15.16,0.77,7.0,0.6,0.0,2.0,3.0,1
0.0,0.59,1.0,0.0,0.0,-0.59,3.0,1.0,0.0,1.77,-0.18,0.29,5.0,-8.85,2.41,0.59,4.77,0.41,6.42,5.59,8.0,2.0,1.59,1.0,0.0,0.41,0.0,0
0.0,0.0,1.0,0.16,0.0,0.84,2.0,3.0,0.84,8.53,25.35,-0.61,0.0,49.89,-1.53,0.84,15.76,2.84,3.05,0.0,-0.69,0.0,6.22,0.58,0.0,3.84,1.0,1
0.0,0.0,1.0,0.0,0.0,0.0,0.17,1.0,2.17,10.99,26.16,-0.04,0.0,135.78,1.83,0.0,6.0,3.0,6.73,1.0,0.17,0.0,3.83,0.72,0.0,4.66,2.0,0
0.0,46.72,1.0,-2.72,0.0,2.72,1.0,1.0,0.0,-1.82,-4.54,4.59,0.0,-61.71,-3.45,1.91,1.0,0.09,-0.76,-0.91,0.09,0.0,3.82,0.5,0.0,1.0,1.0,1
0.0,0.0,1.0,0.0,0.0,8.56,1.0,1.0,0.0,-1.28,7.0,1.8,1.64,-32.04,4.28,0.0,3.56,1.0,-0.09,-0.64,1.0,0.0,3.64,0.33,0.0,4.64,0.64,1
0.0,0.0,1.0,4.95,0.0,1.0,1.0,1.0,-0.82,3.47,14.07,-0.73,0.0,113.39,-0.47,0.0,2.47,3.82,6.37,0.0,1.0,0.0,1.82,1.0,0.0,3.0,0.0,0
0.0,0.0,1.81,0.0,0.0,0.0,1.81,1.0,0.0,1.0,-12.37,1.01,0.0,-47.62,1.0,0.0,2.81,2.0,2.78,1.0,1.81,0.0,0.19,1.0,0.0,4.61,0.0,0
0.0,7.96,1.0,-0.66,0.0,3.33,1.0,1.0,-0.66,0.0,-0.66,4.37,0.0,-66.26,0.01,1.66,0.34,1.0,1.34,1.0,-1.99,0.0,1.66,1.0,0.0,3.33,0.0,0
0.0,2.0,1.0,0.0,0.0,5.73,0.27,1.0,-0.73,0.0,-15.42,4.58,0.0,-25.69,1.47,-0.47,-1.94,-0.73,0.9,1.0,1.0,0.0,1.27,1.0,0.0,2.73,0.0,0
-0.54,0.0,1.0,-1.08,0.0,2.92,1.0,1.0,0.54,-2.17,2.12,2.03,1.54,-44.97,4.63,12.46,3.92,-1.71,14.17,13.0,2.08,0.0,2.0,1.0,0.0,-0.08,1.0,0
-0.98,0.0,1.98,11.81,2.95,2.05,1.0,1.0,-0.98,-0.98,28.61,0.92,1.02,26.57,2.98,23.98,5.95,3.95,33.29,25.02,4.0,0.0,6.92,0.86,0.0,2.98,2.95,1
-0.98,0.0,1.0,0.98,0.0,0.98,0.02,1.0,-3.89,-2.93,16.64,1.27,1.02,4.89,2.02,0.0,0.07,1.98,8.31,0.0,2.0,0.0,6.89,0.01,0.0,6.93,0.0,1
0.0,0.0,1.0,0.5,0.0,4.5,2.5,1.0,0.5,-4.53,-2.06,0.67,2.5,6.04,5.01,0.0,2.99,0.5,2.25,0.0,2.01,0.0,0.49,1.25,0.0,3.0,0.5,0
1.96,0.0,1.96,6.92,-0.92,2.0,3.87,2.0,5.08,38.58,75.87,-0.16,1.92,80.72,-2.79,3.0,18.0,6.96,11.41,1.92,1.0,0.0,10.0,0.18,0.0,2.04,2.96,1
2.0,0.0,1.0,1.92,2.0,-4.62,2.08,1.0,2.92,2.0,24.46,0.99,-1.85,154.41,3.77,7.0,2.46,2.0,3.93,1.0,1.92,0.0,6.92,0.83,0.0,3.92,0.08,1
1.0,0.0,1.87,11.28,4.6,0.0,4.87,1.0,4.74,8.34,3.74,-0.02,1.0,70.87,2.0,3.6,5.21,4.47,14.28,1.0,1.87,0.0,5.47,0.88,0.0,2.87,2.6,0
0.0,0.0,0.38,0.62,0.0,4.09,0.38,1.0,1.86,1.62,3.76,1.66,0.0,55.46,3.86,0.0,-0.62,3.0,0.91,0.0,1.0,0.0,1.62,1.0,0.0,3.0,0.0,0
0.0,0.0,1.0,9.0,0.0,1.59,1.0,1.0,0.0,3.0,10.0,0.59,0.0,84.0,2.0,1.06,4.47,1.0,13.57,0.47,1.0,0.0,1.47,1.0,0.0,3.0,0.0,0
0.0,0.0,1.0,0.0,0.0,5.0,1.0,1.0,0.0,0.0,10.48,0.04,1.0,0.0,1.43,2.0,3.57,1.0,6.09,5.0,1.0,0.0,2.0,1.0,0.0,2.0,0.0,0
-0.75,0.0,1.0,1.88,0.0,-0.88,3.0,-0.75,-1.75,0.5,-1.38,1.23,-0.75,84.17,1.0,0.0,0.61,1.12,3.79,6.0,5.0,0.0,4.0,0.75,0.0,3.88,0.0,0
0.0,0.0,1.0,1.27,0.0,-4.45,1.36,2.0,1.64,2.0,6.54,0.25,0.0,108.53,2.27,0.0,3.64,2.0,10.99,-0.27,-1.54,0.0,3.0,1.0,0.0,2.64,0.0,0
-0.61,5.0,1.0,-3.05,-0.61,1.22,2.0,1.39,-4.27,-8.67,-31.21,0.72,0.61,2.9,1.61,-1.83,-3.92,-2.05,0.98,1.0,1.0,0.0,-0.87,1.05,0.0,-0.22,-0.22,0
-1.74,0.0,1.0,0.0,0.0,12.95,1.0,-0.74,-2.61,-1.61,-1.34,2.68,11.3,33.89,-1.61,0.0,-9.56,1.13,1.92,4.48,16.64,0.0,0.13,1.0,0.0,1.87,0.0,0
0.0,2.64,1.0,0.0,0.0,2.0,1.12,1.0,-0.76,0.12,5.0,1.63,0.0,66.0,-1.64,-0.88,2.0,0.12,7.41,1.12,-1.76,0.0,3.0,1.44,0.0,2.0,0.12,0
0.0,0.0,1.0,-0.58,0.0,5.0,0.42,1.0,1.15,1.73,5.58,2.15,2.15,-5.18,3.58,0.85,-1.45,1.0,6.4,5.58,1.58,0.0,0.27,1.19,0.0,2.0,0.58,0
0.0,0.0,1.0,1.0,0.0,0.0,1.42,3.0,-0.73,1.42,36.07,0.02,-0.58,37.11,0.84,0.58,24.87,2.58,3.22,0.42,1.0,0.0,6.0,0.83,0.0,1.42,2.0,1
0.0,1.41,1.0,-0.41,1.0,2.83,2.0,2.0,5.29,7.0,6.76,3.12,1.0,19.97,-0.12,3.41,11.0,0.59,-7.6,0.71,-0.71,0.0,1.29,1.0,0.0,0.29,0.0,0
-0.8,0.0,0.2,-0.6,0.0,0.0,-1.41,1.8,4.41,-7.22,2.0,0.69,-1.6,43.59,2.8,0.0,8.6,1.0,-1.84,-0.6,0.4,0.0,2.0,1.27,0.0,4.6,-0.8,0
0.0,-0.96,1.0,0.0,0.0,6.0,1.0,1.0,0.0,0.96,12.78,-2.76,1.0,31.8,3.96,-1.93,1.96,2.93,0.48,-0.96,1.0,0.0,3.0,0.33,0.0,3.04,0.0,1
0.0,0.0,1.0,5.14,0.0,0.0,1.0,1.0,-1.43,2.71,5.0,0.78,0.0,90.13,6.0,-1.43,-1.86,1.0,1.11,2.0,1.0,0.0,2.0,1.0,0.0,0.29,-1.43,0
0.0,0.0,1.0,1.63,0.0,5.82,3.63,1.0,0.0,0.0,2.1,0.12,1.18,0.0,3.82,-0.82,1.73,1.0,3.15,3.27,14.07,0.82,2.82,0.73,0.0,3.82,0.0,0
0.0,0.0,1.0,0.84,0.0,-4.18,1.0,1.0,-2.51,3.51,15.19,0.2,0.0,51.39,1.16,0.0,0.0,1.84,7.51,-0.84,1.0,0.0,6.18,0.58,0.0,3.51,0.0,0
1.0,-2.27,1.0,0.57,1.14,-2.27,2.0,1.0,6.14,9.14,2.7,-1.62,1.57,123.45,4.27,-0.57,10.55,1.0,-0.24,-0.57,2.14,0.0,0.43,1.0,0.0,1.0,0.0,0
0.0,0.0,1.0,0.27,0.0,0.0,2.0,3.0,1.0,5.65,25.77,-0.36,-1.46,124.45,2.73,0.0,9.54,2.73,4.73,0.27,-4.11,0.0,5.27,0.83,0.0,1.27,2.0,0
-0.82,0.0,1.0,0.82,0.0,16.25,1.82,1.0,-4.08,-6.53,7.0,1.74,9.16,-63.69,5.45,0.0,0.73,1.0,1.41,1.63,14.88,0.82,2.82,1.0,0.0,2.63,0.0,0
1.0,1.0,1.0,1.35,2.0,1.3,2.0,12.0,3.7,-0.3,69.65,0.68,-0.65,69.29,2.35,9.35,10.7,2.65,5.35,1.95,0.0,0.0,5.0,0.8,0.0,0.7,2.0,1
0.0,0.0,1.0,0.0,0.0,4.72,1.72,1.0,3.59,1.43,6.28,0.44,1.0,-27.96,0.13,1.43,4.72,1.0,3.77,0.72,0.28,0.0,1.28,1.0,0.0,1.72,0.0,0
0.0,3.3,1.0,1.0,0.0,-0.83,0.17,1.0,1.0,0.0,-4.78,3.96,-1.65,100.0,3.35,2.48,-2.3,1.0,5.69,0.83,1.17,0.0,3.0,1.0,0.0,3.65,-0.83,0
0.0,0.0,1.0,1.0,0.0,-1.52,0.24,1.0,1.0,-0.76,-2.81,3.19,0.0,49.71,7.29,0.0,-0.52,1.0,-5.1,-1.52,4.52,0.0,2.24,1.0,0.0,2.0,-0.76,0
0.0,0.74,1.0,0.0,1.0,2.94,2.0,1.0,2.0,-0.74,2.58,3.59,0.0,-24.3,0.53,0.74,2.0,0.26,0.34,0.74,1.0,0.0,1.26,1.0,0.0,3.0,0.0,0
0.0,0.0,1.84,1.0,0.0,2.0,2.84,1.0,3.0,3.84,3.53,-2.0,0.0,108.86,4.69,-0.84,4.22,1.0,4.56,2.53,3.69,0.0,3.0,1.0,0.0,2.0,0.0,0
0.0,0.0,1.53,1.0,0.0,0.0,1.53,1.0,1.0,-0.53,-9.51,1.93,0.0,70.57,5.53,0.0,-1.63,0.47,1.94,0.0,3.53,0.0,3.0,1.0,0.0,1.53,0.0,0
0.0,0.0,0.19,3.24,0.0,3.24,5.43,1.0,0.0,0.0,1.0,0.51,9.05,-11.33,5.43,0.81,3.0,1.0,7.16,6.62,10.43,2.81,0.19,1.0,0.0,0.19,0.0,0
0.0,0.0,1.0,-0.59,0.0,0.0,3.19,2.0,0.41,2.0,4.0,0.01,2.96,-9.25,-0.19,0.0,4.19,2.0,4.77,3.96,3.96,1.19,1.81,1.0,0.0,2.0,0.0,0
0.0,0.0,1.0,1.0,0.0,-2.51,1.0,1.0,0.0,0.84,4.35,0.86,2.0,27.64,2.84,0.0,0.32,0.16,0.44,0.16,2.14,0.0,2.0,1.0,0.0,1.16,0.0,0
0.0,0.0,1.0,1.0,0.0,5.0,1.0,1.0,3.0,2.98,1.98,0.97,0.0,58.0,5.0,0.0,0.98,-0.97,3.27,0.98,1.0,0.0,3.0,1.0,0.0,3.0,0.0,0
1.0,-0.69,1.0,0.69,1.0,-1.39,0.31,1.0,0.69,-2.77,-10.09,1.96,0.0,24.27,3.77,0.0,-4.63,0.31,-0.27,0.0,3.08,0.0,0.92,1.12,0.0,2.0,0.0,0
0.0,0.0,1.0,-1.81,1.0,-1.81,1.09,1.0,-2.63,-2.72,-7.17,1.49,0.0,-29.03,3.0,0.0,0.19,0.09,-0.44,0.91,3.0,0.0,-1.72,1.0,0.0,1.09,-0.91,0
0.0,0.0,1.0,1.0,0.0,0.0,1.92,1.0,1.0,0.0,1.0,1.8,0.0,7.74,2.23,2.77,0.08,1.0,1.46,0.92,2.08,0.0,3.0,0.54,0.0,1.0,0.92,0
2.0,0.0,1.0,0.0,0.0,-0.24,0.38,3.0,3.0,4.0,-8.9,0.2,2.62,29.33,6.24,-0.62,14.62,1.38,5.82,1.86,2.62,0.0,1.76,1.0,0.0,0.38,0.0,0
0.0,0.0,1.0,-0.76,0.0,3.8,1.76,0.24,0.0,-1.04,4.48,0.79,1.52,-28.85,4.52,0.0,3.52,-1.28,3.94,2.0,1.0,0.0,0.48,1.0,0.0,4.52,0.0,0
0.0,0.0,1.0,0.0,1.0,0.84,2.0,1.0,1.0,1.0,0.93,2.1,-0.84,42.0,1.31,0.0,-2.38,1.84,-0.03,0.0,1.0,0.0,2.0,1.0,0.0,2.0,0.16,0
1.0,-0.87,2.0,3.0,0.0,0.0,4.87,1.0,0.0,10.0,5.87,-3.66,3.74,58.0,3.61,-1.74,2.87,2.87,6.17,2.0,13.32,0.0,5.61,0.67,0.0,1.0,1.0,1
-0.8,0.0,1.0,0.0,0.0,0.0,0.2,1.0,1.2,1.0,1.6,1.44,-0.8,86.38,6.0,0.0,-1.4,1.0,-0.7,-1.6,2.2,0.0,1.2,1.0,0.0,1.0,0.0,0
0.0,0.0,1.0,0.0,0.86,1.0,1.0,1.0,0.86,0.28,0.41,2.49,0.0,-10.11,2.72,0.0,2.0,1.14,0.16,1.0,2.72,0.0,1.0,1.0,0.0,2.0,0.0,0
0.0,3.12,1.0,4.78,0.0,0.88,5.78,1.0,-0.78,2.56,1.44,-0.07,5.0,24.45,5.0,1.0,2.56,1.0,5.14,1.22,4.0,1.0,4.12,0.69,0.0,2.78,0.0,1
0.0,44.0,1.0,0.0,0.0,-5.46,1.91,1.0,0.91,0.0,-1.82,0.13,0.91,0.0,5.64,1.91,1.0,0.09,1.75,1.82,25.58,0.91,2.0,0.5,0.0,0.09,1.0,1
0.0,0.0,1.0,0.83,2.0,2.67,3.0,1.0,-0.83,0.0,11.0,0.32,6.0,83.3,7.67,3.0,12.0,1.0,1.38,0.0,2.83,0.0,3.0,1.0,0.0,1.17,2.0,0
0.0,0.0,1.0,0.27,0.0,16.46,3.73,1.0,-0.73,-1.46,1.73,0.99,10.27,-30.58,5.0,-1.46,4.91,1.0,1.27,2.0,18.0,1.0,-0.18,1.15,0.0,3.73,0.0,0
-0.7,0.0,1.0,-0.7,-1.4,2.8,0.6,1.0,-0.4,0.0,9.01,1.38,0.0,20.32,2.0,-4.91,-1.2,2.4,-1.47,-0.7,1.3,0.0,-0.8,1.12,0.0,1.3,0.0,0
1.0,0.0,1.0,0.91,0.0,3.09,-0.81,1.0,0.0,1.09,40.91,1.27,-1.81,106.4,-2.62,0.0,2.0,4.0,2.31,0.0,0.0,-0.91,0.19,1.0,0.0,2.91,0.09,0
0.0,0.0,1.0,0.7,0.0,0.3,1.0,1.0,0.7,2.69,6.37,1.38,0.0,96.42,3.81,0.0,2.49,1.3,1.19,0.0,1.0,0.0,3.9,0.85,0.0,2.0,0.0,0
0.0,0.0,1.0,-1.22,0.0,1.22,2.61,1.0,1.83,2.61,1.56,0.45,0.0,57.92,-0.83,0.0,1.39,2.0,1.73,-1.22,1.61,0.0,1.61,1.0,0.0,2.61,0.0,0
0.0,0.0,1.0,0.0,0.0,0.53,1.53,1.0,0.0,-1.58,4.95,1.65,0.0,-5.8,1.53,-1.05,-0.05,4.0,-0.2,0.0,3.11,0.53,2.05,0.82,0.0,2.47,0.53,0
0.0,-1.31,1.0,0.0,0.0,-2.63,1.0,1.0,0.0,7.0,16.59,-2.27,0.66,61.0,4.97,-0.66,6.28,1.66,8.03,0.34,1.66,0.0,2.34,0.67,0.0,2.69,0.66,0
0.0,6.0,1.0,0.0,0.0,4.75,1.87,1.0,0.0,0.87,2.62,2.92,0.0,57.69,-0.87,5.0,1.87,0.0,12.83,1.75,-2.62,0.0,3.75,1.0,0.0,2.87,0.87,0
0.0,-16.82,1.0,0.0,0.0,-4.8,2.0,1.0,1.0,0.0,1.6,-2.87,4.0,0.0,2.8,-1.6,4.4,2.6,-3.85,2.0,8.6,1.0,1.4,0.87,0.0,1.2,1.0,0
0.0,0.0,1.0,0.0,0.0,1.97,1.0,1.0,0.0,4.92,8.85,1.78,0.0,75.89,-0.95,1.95,-0.92,2.97,-0.07,-0.95,0.03,0.0,2.95,0.68,0.0,2.0,0.0,0
0.0,0.0,1.0,0.0,0.0,0.0,1.0,1.0,0.0,2.0,23.0,0.24,0.0,89.0,1.0,0.0,6.0,2.0,0.22,0.0,0.0,0.0,2.0,1.0,0.0,2.0,0.0,0
1.0,-0.56,1.0,0.0,0.0,2.79,2.56,1.0,5.0,5.77,3.23,0.36,2.12,64.04,3.12,-0.56,8.23,0.44,3.19,-0.56,1.0,0.0,1.0,1.0,0.0,0.44,0.56,0
0.0,0.0,1.0,1.55,-0.55,5.52,0.45,1.0,-0.1,0.0,-2.31,1.85,8.28,100.0,5.55,0.0,0.45,1.0,2.53,1.66,13.49,0.0,3.55,1.0,0.0,0.45,0.0,0
0.0,1.0,1.0,0.0,0.0,4.06,1.0,1.0,0.0,-1.35,0.0,3.65,0.68,-33.85,1.35,1.0,1.68,0.0,-0.84,0.32,0.0,0.0,2.35,0.55,0.0,4.03,0.0,0
1.0,0.0,1.0,-0.56,0.0,-0.56,1.44,1.0,1.62,6.87,20.14,0.06,1.0,43.66,1.44,0.0,20.07,1.56,1.93,-0.56,1.0,0.0,1.0,1.0,0.0,-0.13,0.0,0
0.0,0.0,1.0,1.0,0.0,-2.6,1.0,1.0,1.0,0.65,1.0,1.71,-1.3,126.02,5.0,-14.96,-0.95,2.3,-15.78,-16.92,1.05,0.0,2.35,1.0,0.0,2.65,0.0,0
0.0,0.0,1.0,-0.96,0.0,3.96,2.0,1.0,-0.96,13.63,19.27,-0.01,1.0,28.49,-1.88,0.0,5.8,1.96,5.11,2.0,2.04,0.0,5.88,0.52,0.0,3.96,0.0,1
0.28,0.0,1.72,0.0,0.0,0.0,2.0,1.0,4.28,8.0,0.28,0.57,0.28,65.81,2.72,0.0,3.85,0.28,2.71,-1.43,1.0,0.0,1.0,1.0,0.0,1.72,0.0,0
0.0,-4.04,1.0,0.67,0.0,0.0,1.0,2.35,0.67,1.0,17.44,0.54,0.0,55.21,2.67,0.0,5.39,1.67,1.13,0.0,1.0,0.0,3.35,1.06,0.0,1.0,1.35,0
0.0,0.0,1.0,0.0,0.0,-3.89,1.0,1.0,0.97,7.0,5.19,2.42,-0.97,61.0,3.0,0.0,-1.86,1.0,4.5,1.0,1.97,0.0,2.03,0.67,0.0,4.0,-0.97,0
0.0,0.0,1.0,-0.73,1.46,1.46,1.73,1.0,1.0,2.92,40.12,1.13,2.19,2.19,5.46,2.19,10.02,1.0,-0.75,2.0,4.73,0.0,5.65,0.9,0.0,2.27,2.19,1
-0.92,0.0,2.0,15.96,-0.96,-6.73,4.0,0.04,3.12,19.0,-2.69,-0.24,1.04,101.34,1.96,-1.92,9.69,2.96,6.86,1.92,2.0,0.0,3.0,0.67,0.0,1.0,0.04,0
0.0,0.0,1.0,-0.74,0.0,-0.74,1.0,1.0,1.49,-1.23,-4.9,0.64,0.0,-15.62,1.74,1.49,2.0,1.26,0.48,1.74,1.0,0.0,-0.49,1.0,0.0,3.74,-0.74,0
0.0,0.0,1.0,-2.89,0.0,1.04,1.04,-0.92,-6.62,5.85,4.81,0.41,0.0,-4.53,7.92,-0.96,0.08,0.04,6.76,2.0,2.0,1.0,0.08,0.68,0.0,3.92,-0.96,0
1.0,0.0,1.0,0.53,0.0,4.0,1.0,1.0,0.0,3.58,47.37,0.72,0.0,117.32,1.0,0.0,2.53,4.0,6.18,-0.53,0.0,0.0,4.63,0.74,0.0,3.05,1.0,1
0.0,0.0,1.0,2.13,0.0,-1.74,0.13,1.0,-0.87,8.35,35.92,-0.1,0.0,88.61,2.0,0.0,1.0,1.0,1.17,0.0,-0.87,0.0,3.0,1.0,0.0,1.0,0.0,0
0.0,0.0,1.0,-0.54,0.0,0.0,1.0,1.0,0.54,1.46,20.3,0.13,1.08,48.5,1.0,0.0,7.08,2.0,-2.48,0.0,0.54,0.0,2.0,0.73,0.0,2.54,0.0,0
0.0,16.57,1.0,0.0,0.0,1.66,1.0,1.0,0.0,1.0,3.0,1.77,0.0,33.0,3.0,0.83,6.66,1.0,9.8,3.0,1.17,0.0,3.48,0.79,0.0,2.83,0.0,0
0.99,-2.96,1.0,0.99,0.0,6.97,2.0,1.0,1.97,0.0,13.9,-1.39,9.89,88.71,4.97,-1.97,8.97,1.99,3.72,0.0,1.99,0.0,3.99,1.0,0.0,1.0,1.0,0
-1.28,0.0,1.0,0.0,0.0,9.85,1.64,-0.28,-1.92,-2.57,-0.57,1.64,-1.28,-39.12,-1.57,0.0,-5.98,2.0,0.48,2.28,9.92,0.0,1.36,1.0,0.0,2.64,0.0,0
0.0,0.0,1.0,0.82,2.82,2.0,2.82,1.82,4.91,9.09,64.27,-0.12,3.82,106.65,5.82,4.64,21.0,1.82,3.46,-0.82,1.18,0.0,7.82,0.86,0.0,2.0,3.0,1
0.0,-1.02,1.0,0.0,0.0,-1.02,1.51,1.0,4.51,1.02,1.02,-1.26,0.0,16.81,3.51,-0.51,5.02,1.0,2.43,1.0,4.51,0.0,3.0,1.0,0.0,1.49,0.0,0
0.0,0.0,1.0,0.91,0.0,-2.73,1.0,1.0,0.0,5.55,37.02,-0.66,-0.91,170.34,1.09,0.0,3.64,1.0,6.16,0.91,0.0,0.0,3.0,1.0,0.0,2.82,0.0,0
0.0,0.0,1.0,1.0,0.0,3.0,1.0,1.0,-1.38,-4.34,1.24,0.38,3.0,6.34,3.0,2.0,-1.38,1.0,6.96,0.0,1.0,0.0,6.59,0.8,0.0,2.79,0.0,0
1.0,0.0,1.0,0.0,0.04,-1.96,3.02,1.0,6.92,-0.9,-38.19,0.19,0.02,-6.45,-0.94,-1.94,-5.88,1.0,3.34,1.0,1.0,0.0,-2.9,1.14,0.0,2.0,-1.96,0
0.0,0.0,1.0,-0.78,0.0,3.13,2.0,1.0,0.44,1.0,4.69,1.54,0.78,-51.61,-0.13,3.78,0.78,1.0,2.53,1.0,2.0,0.0,2.0,0.5,0.0,0.22,1.78,0
0.0,-0.57,1.0,0.0,0.0,-5.17,1.0,1.0,2.87,5.59,16.76,-2.9,0.0,49.38,2.15,0.0,3.15,3.15,2.33,1.57,1.0,0.0,-0.15,1.0,0.0,1.85,0.0,0
2.97,0.0,1.0,1.19,0.0,0.59,1.59,2.78,7.72,23.56,45.74,-0.06,0.0,30.03,0.63,0.59,47.14,3.37,4.57,3.0,0.81,0.0,12.87,0.74,0.0,3.19,0.59,1
0.0,5.27,0.0,-0.88,0.0,2.63,-0.88,1.0,-0.88,0.0,-0.88,6.05,0.0,-87.79,-3.39,5.39,0.0,0.12,5.27,0.0,-1.76,0.0,0.12,1.0,0.0,2.88,-0.88,0
0.0,-3.17,1.0,-0.79,0.0,6.17,1.0,1.0,-0.58,-2.37,-1.58,2.78,0.79,-53.81,3.21,2.0,-2.17,1.79,1.4,3.37,4.0,0.0,-1.37,1.32,0.0,2.21,0.0,0
-0.62,0.0,1.0,0.0,0.0,5.85,1.0,1.0,-0.62,2.47,5.77,2.22,1.0,-6.17,3.0,0.0,2.15,0.38,3.5,0.0,2.23,0.0,2.62,1.0,0.0,1.62,0.0,0
0.0,0.64,1.0,-0.64,0.0,6.76,1.0,1.0,-0.64,2.0,7.36,3.76,0.0,-13.97,-2.2,1.28,3.36,1.36,0.86,0.0,0.36,0.0,4.0,1.0,0.0,3.64,0.0,0
0.0,0.0,1.0,1.6,2.0,0.0,1.0,1.0,2.0,0.8,-7.83,0.5,1.6,49.91,6.81,1.4,8.19,0.4,1.68,0.6,5.61,0.0,-1.61,1.3,0.0,3.0,0.0,0
0.0,0.0,0.02,0.0,0.0,-7.83,0.02,1.0,0.98,1.0,25.04,0.33,-1.96,59.71,2.0,0.0,-3.91,1.0,-2.95,-2.94,0.0,0.0,2.02,1.0,0.0,1.98,0.0,0
0.0,0.0,1.0,-0.98,1.0,0.0,2.98,1.0,0.02,1.0,6.0,-0.38,1.97,-56.38,1.03,0.0,1.0,1.0,2.14,0.98,11.82,0.0,2.98,1.0,0.0,2.98,1.0,0
0.0,0.0,1.0,-7.43,0.0,-1.95,-2.24,2.0,0.0,3.35,8.35,1.29,-3.24,82.35,3.59,0.0,3.0,3.35,-2.33,-0.65,0.35,-0.65,4.0,1.0,0.0,1.65,-0.65,0
0.0,2.22,1.0,0.26,0.0,2.96,1.0,1.0,1.0,-0.74,-2.69,5.18,0.0,55.67,2.78,0.74,0.26,0.26,-1.66,-0.74,2.26,0.0,1.52,1.0,0.0,1.74,0.0,0
0.0,0.0,1.68,1.0,0.0,4.1,2.68,3.0,1.0,2.0,21.78,-1.66,0.68,66.0,3.37,-0.68,11.68,2.0,3.94,1.0,1.68,0.0,7.37,0.38,0.0,3.37,2.0,1
0.0,0.66,1.0,5.34,0.0,5.96,1.0,0.34,-1.99,2.34,10.34,4.55,-0.66,55.9,-1.65,1.32,-4.28,0.68,5.34,-1.32,0.34,0.0,2.66,1.0,0.0,3.66,0.0,0
0.0,0.0,1.0,0.73,0.0,-2.2,1.73,1.0,4.4,2.47,21.87,-0.61,-0.73,136.71,1.27,1.47,-1.47,1.0,0.22,0.73,0.0,0.0,3.0,1.0,0.0,2.47,0.0,0
0.0,-15.45,1.0,0.0,0.0,4.26,1.74,1.0,0.0,0.0,12.15,-2.9,2.47,0.0,5.21,-1.47,10.68,1.74,-2.02,-0.74,1.74,0.0,1.26,1.18,0.0,1.26,1.74,0
0.0,0.0,1.0,0.0,0.0,3.71,3.71,1.0,3.0,6.0,2.0,-0.07,0.71,70.0,2.71,0.29,3.71,1.0,2.69,0.0,1.0,0.0,1.0,1.0,0.0,2.42,-0.71,0
-0.97,0.0,1.97,0.0,-1.95,12.79,1.03,1.0,-2.92,-2.92,7.97,1.18,2.97,-36.01,3.0,-0.97,12.81,1.0,2.57,2.92,1.97,0.0,3.97,1.0,0.0,0.03,1.0,0
-0.62,0.0,1.0,-0.62,0.0,-0.62,1.0,1.0,-1.23,9.46,13.23,0.73,-4.93,53.0,2.38,1.23,3.0,1.62,7.03,1.62,1.0,0.0,3.0,0.46,0.0,4.62,0.0,0
0.83,0.0,1.0,1.83,0.0,-7.48,1.83,2.0,2.49,9.82,11.49,0.02,-4.99,113.86,0.17,1.66,4.66,4.83,4.04,0.83,0.17,0.0,4.0,1.0,0.0,1.0,-0.83,0
0.0,0.0,1.0,1.0,0.0,0.0,1.8,1.0,3.39,7.95,16.91,0.89,0.0,169.98,4.2,0.0,2.59,1.8,2.42,0.8,0.61,0.0,3.8,1.0,0.0,0.2,0.0,0
0.0,0.0,1.0,0.0,0.0,2.74,2.0,1.0,2.26,2.74,6.67,-0.17,0.0,-0.35,3.78,0.0,6.45,1.0,5.63,2.74,0.52,1.0,2.0,1.0,0.0,2.0,0.0,0
0.91,0.0,1.0,1.0,0.0,-0.91,2.0,1.0,1.0,1.83,31.18,0.81,0.09,183.23,3.17,0.0,-2.57,3.74,0.34,0.0,2.09,0.0,3.0,1.0,0.0,2.91,1.0,0
2.0,2.0,1.0,1.0,0.0,0.0,2.0,5.0,0.0,9.0,9.0,0.19,0.0,74.0,2.0,0.0,3.0,2.0,3.85,0.0,1.0,0.0,10.0,0.7,0.0,2.0,2.0,1
0.0,6.0,1.0,0.66,0.0,0.0,1.34,1.0,0.0,2.0,0.66,1.05,-0.66,98.57,1.0,-0.66,1.69,1.0,2.19,-0.97,-20.64,-0.66,4.66,0.75,0.0,2.66,0.0,0
0.0,0.0,1.0,-1.54,0.0,-1.54,0.23,1.0,0.23,0.77,2.77,0.75,0.0,2.31,2.0,0.0,4.07,1.77,0.1,0.77,3.0,0.0,0.23,1.0,0.0,1.77,0.77,0
0.0,3.77,1.0,0.0,0.0,10.65,1.0,1.0,0.0,-0.94,1.35,3.8,1.0,-31.06,2.06,5.65,12.65,1.0,2.96,0.94,0.06,0.0,2.0,1.0,0.0,4.82,1.0,0
0.0,2.57,1.0,0.0,0.0,-3.43,1.0,1.0,12.0,12.0,9.0,1.02,1.14,75.0,-0.57,1.72,-0.29,0.14,4.15,1.0,0.14,0.0,3.0,1.0,0.0,2.0,0.14,0
-0.79,0.0,1.0,-0.79,-3.16,3.21,1.0,1.0,0.79,0.0,5.42,1.12,1.0,-47.4,3.79,0.0,7.79,1.0,0.99,0.0,1.79,0.0,0.42,1.0,0.0,1.21,1.0,0
0.0,0.0,1.0,1.76,0.0,0.0,1.0,1.76,-0.51,-1.51,-3.54,1.9,0.0,79.55,5.76,-6.82,1.76,1.76,-1.13,-0.76,2.24,0.0,4.51,1.0,0.0,1.76,0.0,0
0.0,0.0,1.0,-3.1,0.0,0.0,1.0,1.0,1.82,-2.46,-7.21,2.51,0.0,109.03,8.28,0.0,-0.64,0.18,-3.92,0.0,3.64,0.0,3.82,1.0,0.0,0.36,0.0,0
1.0,0.54,1.0,0.46,0.0,5.16,2.0,1.0,2.46,7.0,4.46,2.35,1.0,11.89,-1.71,2.54,2.46,1.46,4.22,1.54,-0.08,0.0,0.92,1.0,0.0,0.46,0.0,0
0.8,0.0,1.0,1.6,0.0,1.6,1.0,1.0,2.2,9.2,24.2,-1.14,0.0,151.39,-0.6,0.0,8.4,7.0,4.23,1.0,1.0,0.0,3.8,1.0,0.0,3.0,2.0,0
1.0,0.0,1.0,0.0,0.0,-2.82,4.0,2.0,18.88,7.82,22.34,-1.28,0.06,160.51,1.12,2.94,4.7,2.94,1.41,0.0,-0.94,0.0,7.64,0.53,0.0,1.94,0.0,1
0.0,0.0,1.0,0.95,0.0,4.0,1.0,1.0,0.95,0.0,6.05,1.1,1.0,95.39,7.77,0.0,8.95,0.05,2.09,-0.95,0.05,0.0,2.95,1.0,0.0,2.0,1.0,0
0.0,0.0,1.0,-0.97,1.0,0.0,1.03,1.0,4.9,0.0,25.35,-0.21,1.93,-96.6,-0.9,0.0,6.83,1.0,1.07,0.0,1.0,0.0,1.03,1.0,0.0,3.97,0.0,0
0.0,3.0,1.0,-0.54,0.0,0.0,1.0,1.0,0.54,0.0,-2.69,2.32,0.0,-13.98,1.61,2.0,1.08,-0.54,-7.56,0.0,0.0,0.0,2.0,1.0,0.0,0.46,0.0,0
1.0,3.0,2.0,0.72,1.0,2.0,4.0,5.43,2.0,22.43,18.16,0.0,1.28,123.23,-0.15,1.28,10.72,2.72,6.01,-0.43,-23.33,-0.72,5.86,0.88,0.0,2.72,1.43,1
0.0,4.0,1.0,-1.91,0.0,4.64,0.36,1.0,-2.54,-1.27,-1.91,3.86,0.0,-25.41,-1.54,3.0,0.73,1.64,7.93,1.0,0.64,0.0,4.27,1.0,0.0,3.64,-0.64,0
0.0,0.0,1.0,0.0,0.0,3.4,1.0,1.0,-0.13,-0.57,3.13,0.9,0.0,-56.74,-0.84,0.0,2.13,1.57,1.9,0.57,5.84,0.0,1.0,1.0,0.0,1.57,0.0,0
0.0,0.0,1.0,3.0,0.0,0.0,1.54,1.0,-5.93,-3.39,-2.01,0.92,-1.08,45.34,6.54,0.0,0.46,1.0,1.12,2.0,1.0,0.0,0.92,1.0,0.0,0.46,-0.54,0
0.77,0.77,1.0,1.53,1.53,4.0,1.77,9.43,3.83,-0.77,54.52,1.07,1.0,35.26,4.53,7.67,13.2,1.77,4.76,-0.77,0.23,0.0,5.07,0.85,0.0,1.77,2.53,1
0.0,0.0,1.0,1.0,0.0,0.0,1.0,1.0,1.0,0.0,1.0,1.92,0.0,100.0,6.7,4.24,1.0,1.0,4.03,0.0,2.0,0.0,3.0,1.0,0.0,3.7,-0.85,0
1.0,0.0,1.0,-0.77,0.0,0.0,1.23,-0.54,1.0,-0.54,-7.54,0.89,1.0,-0.79,1.0,0.0,-3.7,1.23,0.99,1.23,2.54,0.0,-1.85,1.13,0.0,1.23,-1.54,0
0.0,0.0,1.0,0.46,1.07,18.21,3.54,1.0,-2.14,-2.68,4.75,0.69,14.21,-37.48,7.14,1.61,3.07,1.0,0.08,2.0,19.07,1.0,0.93,1.0,0.0,3.0,0.54,0
0.0,0.0,1.0,1.0,0.0,-0.9,1.0,1.9,1.9,0.0,3.7,1.57,-1.8,100.0,5.0,0.0,4.6,1.9,-0.12,0.0,1.1,0.0,2.1,1.22,0.0,2.9,0.0,0
0.0,0.0,1.0,0.0,0.78,1.66,1.78,1.0,0.78,-0.78,7.0,0.32,1.0,0.78,2.0,-0.78,4.78,1.0,3.2,0.0,1.0,0.0,2.0,1.0,0.0,-0.56,1.78,0
-3.68,0.61,1.0,-1.84,0.39,5.52,2.0,1.0,0.39,-3.3,-10.57,4.23,0.0,-9.55,1.77,1.23,-0.23,0.39,0.21,0.0,0.39,0.0,2.61,1.0,0.0,2.61,0.39,0
0.0,3.15,1.0,1.0,0.0,1.57,1.0,1.0,-2.1,1.0,5.0,2.62,0.0,60.0,1.43,2.62,-0.57,0.48,8.35,0.48,-1.1,0.0,2.48,1.0,0.0,3.0,0.0,0
11.42,0.0,1.0,1.0,-1.9,-4.71,0.05,1.95,2.95,3.86,-2.76,0.28,-3.71,104.25,-1.81,-2.86,-7.61,1.95,4.19,0.0,0.05,0.0,4.0,0.43,0.0,2.0,0.0,1
0.0,0.0,1.0,0.0,0.0,7.61,3.0,1.0,2.08,6.0,2.92,0.01,0.0,70.0,-0.77,1.0,6.69,1.92,3.2,0.0,1.0,0.0,1.92,1.0,0.0,0.08,0.0,0
0.0,0.0,1.0,0.0,0.0,5.0,0.07,1.93,-0.93,-3.7,2.22,1.51,2.93,-18.51,3.85,23.0,3.93,1.93,24.9,27.85,4.93,0.0,-0.78,1.0,0.0,2.0,-0.93,0
1.0,0.0,1.0,0.0,0.0,4.8,1.0,1.0,-0.95,0.0,7.71,0.78,0.05,0.0,2.0,0.0,1.9,1.0,1.88,1.0,0.05,0.0,1.0,1.48,0.0,-0.85,0.95,0
0.0,-1.1,1.0,1.0,0.0,-2.2,1.0,1.0,1.55,0.0,2.1,-0.71,0.0,100.0,5.1,-1.1,1.0,1.55,1.18,-0.55,3.65,0.0,3.0,1.0,0.0,0.45,0.0,0
-0.87,-2.61,0.13,0.0,-0.87,2.26,-1.61,-1.61,-0.87,-18.28,7.87,1.56,-0.74,-66.17,2.0,-1.74,1.39,0.13,-1.31,-0.87,1.0,0.0,0.26,1.0,0.0,1.87,1.0,0
1.0,0.0,1.0,4.88,0.0,-2.8,1.96,1.0,3.84,7.84,14.75,-0.46,-1.92,169.32,3.88,-22.06,5.88,6.0,-20.8,-24.94,-2.84,0.0,2.0,1.0,0.0,3.0,0.96,0
0.93,0.0,1.0,0.93,0.0,-0.93,2.85,1.0,0.0,0.93,-4.55,2.13,0.93,-25.0,3.0,0.0,8.33,1.93,4.27,4.63,5.7,0.0,2.85,0.77,0.0,2.85,-0.93,0
0.0,2.39,1.0,1.0,0.0,0.8,-0.59,1.0,-1.39,-4.78,-0.59,6.03,0.0,44.22,3.41,0.0,-1.39,0.2,0.04,0.0,0.2,0.0,3.0,1.0,0.0,4.39,0.0,0
1.0,0.0,1.0,1.88,-1.88,1.0,1.0,1.0,-1.88,1.88,4.82,0.25,1.0,-6.58,2.0,0.0,-0.94,1.0,2.6,2.88,0.06,0.0,0.06,1.0,0.0,1.06,0.0,0
-0.84,0.0,0.16,-0.68,0.0,0.0,-1.52,1.84,0.0,-4.03,9.36,1.23,-1.68,75.84,3.0,0.0,1.84,2.68,3.32,-1.68,0.16,0.0,2.84,1.28,0.0,3.0,-0.84,0
3.84,0.0,1.0,1.54,0.77,1.69,0.23,1.0,-1.54,0.0,23.9,1.11,0.23,13.83,2.77,-1.54,3.23,0.23,1.75,-0.77,1.0,0.0,2.0,1.0,0.0,1.77,1.77,0
0.8,0.0,1.0,3.2,0.8,1.6,1.0,1.0,5.2,30.42,74.64,0.33,-0.8,121.63,1.4,2.4,5.6,4.2,4.94,-1.6,1.0,0.0,9.4,0.6,0.0,2.8,1.6,1
0.0,0.0,1.0,-0.52,-0.52,0.0,0.48,0.48,-2.06,-1.58,4.42,0.84,-0.52,-8.76,0.48,0.0,-3.67,2.0,0.83,1.52,1.52,0.0,1.0,1.0,0.0,3.52,0.0,0
0.0,0.0,1.0,-0.83,0.0,3.33,2.0,1.0,1.0,-0.83,0.83,0.93,4.83,-62.42,2.0,0.0,8.5,1.0,-1.69,2.0,7.0,1.0,3.0,0.67,0.0,0.34,1.0,1
-0.62,0.0,1.0,0.0,-2.47,1.24,1.38,1.0,1.62,1.24,1.24,0.5,5.86,-11.13,3.24,1.24,5.38,1.0,2.35,2.0,7.0,1.0,3.62,0.54,0.0,1.38,1.0,1
0.0,0.0,1.0,-0.72,0.0,1.12,0.28,1.0,-0.72,-2.16,7.0,1.49,1.0,-29.55,2.72,0.28,4.0,1.0,2.32,0.0,1.72,0.0,2.0,0.64,0.0,1.72,1.0,0
0.0,4.0,1.86,0.0,0.0,6.0,1.86,1.0,-3.44,0.86,2.58,3.91,0.0,28.38,0.14,6.0,3.42,1.0,1.46,0.14,-2.58,0.0,1.14,1.0,0.0,4.86,0.0,0
0.0,2.84,1.0,2.71,0.0,1.42,1.71,1.0,1.71,2.84,8.84,-0.04,0.0,140.23,1.58,0.0,3.13,2.0,16.35,-1.42,-1.13,0.0,4.13,0.72,0.0,2.29,0.0,0
0.0,0.0,1.0,0.0,0.58,3.0,1.0,1.0,1.0,-1.16,-0.58,2.48,0.0,-19.22,4.0,2.0,0.42,1.0,-0.65,0.42,5.16,0.0,1.0,1.0,0.0,3.58,0.0,0
0.0,0.0,1.0,-0.9,0.0,5.0,2.0,1.0,-0.9,0.0,5.19,2.24,2.9,-45.13,4.81,20.76,1.58,1.0,21.98,20.76,1.9,0.0,3.0,1.0,0.0,-0.81,1.0,0
0.0,0.0,1.0,-0.92,0.0,-4.6,1.0,1.0,9.28,9.2,12.88,0.36,1.84,15.64,0.24,0.0,4.68,1.0,3.29,0.92,4.0,0.0,1.0,1.0,0.0,2.08,0.92,0
0.0,20.15,1.0,0.0,-0.72,2.16,1.28,2.0,-1.44,9.0,3.95,2.27,0.0,62.0,-0.44,2.16,2.56,0.28,3.68,1.0,0.28,0.0,5.44,0.57,0.0,1.0,1.72,1
0.0,0.0,1.0,0.0,0.0,6.0,2.0,1.0,0.62,6.0,12.62,1.32,1.0,53.74,0.38,1.25,-0.25,2.62,3.04,3.0,-1.5,0.0,0.75,1.0,0.0,0.38,0.0,0
0.0,0.0,1.0,0.0,0.0,-1.06,0.47,1.0,3.47,0.0,9.45,0.07,2.0,-13.72,2.0,-1.58,3.89,0.47,2.53,0.53,2.0,0.0,0.94,1.0,0.0,0.94,1.0,0
0.0,0.0,1.0,-0.62,0.0,5.0,0.38,1.0,-6.25,-5.62,-4.0,3.27,0.0,-52.47,1.0,-1.25,-1.62,3.87,-2.39,0.0,1.62,0.0,-1.12,1.21,0.0,2.62,0.0,0
0.0,1.64,1.0,1.0,0.0,1.64,0.45,1.0,0.0,-0.64,1.63,3.93,0.0,47.69,1.45,5.55,-1.82,-0.09,5.86,0.0,0.45,0.0,-0.19,1.11,0.0,4.09,0.0,0
0.0,6.1,1.0,0.0,0.0,1.0,1.0,1.0,0.0,2.0,8.0,-0.85,0.0,50.0,1.0,0.0,3.13,2.0,-0.24,-0.87,1.0,0.0,6.61,1.0,0.0,3.87,0.0,0
0.0,-0.7,1.0,-1.4,0.0,-0.7,2.0,-0.4,0.7,-4.3,-11.39,0.81,0.0,75.18,3.8,0.0,-5.0,1.3,0.18,0.0,2.4,0.0,-0.4,1.0,0.0,0.6,0.0,0
3.98,0.0,1.0,3.0,5.0,1.8,2.0,4.39,7.95,28.03,62.3,0.35,0.0,93.98,-1.18,1.8,54.48,5.18,2.78,0.0,1.8,0.0,21.7,0.45,0.0,2.8,2.0,1
0.73,0.73,1.0,1.73,1.47,2.0,2.73,9.06,6.66,3.0,47.17,-0.03,0.0,96.39,3.73,3.66,7.33,1.73,1.43,0.0,1.27,0.0,5.2,0.85,0.0,1.27,1.47,1
-10.72,2.0,1.0,0.0,0.0,2.0,0.11,0.11,-0.89,-0.89,0.0,4.38,0.0,-36.63,2.89,1.0,-0.79,0.11,2.44,2.79,0.0,0.0,0.11,1.3,0.0,2.89,-1.79,0
0.0,0.0,1.0,1.0,0.0,-0.77,2.0,1.0,1.0,0.0,2.55,0.47,0.23,100.0,5.77,-17.8,3.55,1.0,-17.44,-20.12,0.68,0.0,3.0,1.0,0.0,1.23,1.77,0
0.0,0.69,1.0,0.0,0.0,5.0,1.31,1.0,-0.69,0.0,5.62,2.42,2.0,0.0,1.62,0.69,4.62,0.31,2.57,0.69,-0.38,0.0,2.31,1.0,0.0,1.0,1.0,0
0.0,0.0,1.0,-0.8,0.0,0.0,2.0,0.2,1.8,-0.39,6.84,2.68,0.0,-13.45,4.39,0.0,-0.8,1.2,4.56,0.2,1.8,0.0,1.61,1.2,0.0,3.0,0.0,0
0.0,0.0,1.0,1.94,0.0,2.83,1.06,1.0,4.0,5.0,-3.55,0.23,2.83,69.06,2.94,1.89,10.94,0.06,1.77,-0.94,0.0,0.0,5.94,0.81,0.0,1.06,1.0,0
1.0,3.0,1.01,0.0,1.0,-6.92,3.01,4.0,2.0,20.01,5.01,3.83,-12.86,-23.1,1.01,2.99,2.03,2.0,1.37,-2.96,-18.82,0.0,2.01,1.0,0.0,2.0,0.0,0
0.0,27.7,1.0,0.0,0.0,4.67,1.0,1.0,0.0,-3.35,-2.51,4.61,0.0,-20.93,0.84,3.0,-2.51,-0.84,-2.04,-0.84,-0.84,0.0,5.67,0.75,0.0,3.84,1.0,1
0.0,0.0,1.0,1.0,0.0,0.0,1.0,3.0,4.43,0.46,1.35,0.47,0.0,29.16,3.57,-1.14,13.14,1.43,1.71,0.0,2.27,0.0,5.14,1.0,0.0,2.57,0.0,0
0.0,0.0,0.33,0.0,0.0,0.0,0.33,1.0,0.0,-0.0,21.0,2.37,0.0,81.66,0.33,-0.67,3.33,2.0,-2.67,-2.0,-0.67,0.0,2.0,1.0,0.0,2.0,0.0,0
-0.66,4.0,1.0,0.0,-0.66,4.0,1.66,1.0,0.66,0.0,-0.66,3.33,2.62,0.0,1.66,3.0,3.97,1.0,8.58,2.31,3.93,0.66,3.0,0.78,0.0,3.0,0.66,0
12.0,0.0,1.0,-0.56,0.0,-1.12,1.44,2.0,-0.67,0.21,-2.37,0.6,0.0,67.04,4.23,0.0,3.44,1.44,1.31,0.0,1.56,0.0,2.44,0.67,0.0,2.0,1.44,1
0.0,0.0,1.0,1.59,0.0,0.41,2.17,1.0,-0.59,-0.76,-0.55,0.99,1.17,11.05,2.59,-0.59,1.73,0.41,6.08,2.17,5.69,0.59,-0.52,1.29,0.0,2.0,0.0,0
0.22,0.0,1.0,0.78,0.0,0.22,1.0,2.56,3.91,3.91,9.04,0.33,0.22,61.0,2.78,0.0,9.38,1.78,1.66,0.22,0.22,0.0,3.35,1.0,0.0,2.0,0.0,0
0.0,0.0,1.0,3.0,0.0,-1.36,2.59,3.0,9.41,3.0,6.41,-0.23,0.59,100.0,2.77,1.59,6.18,2.0,3.83,2.77,21.1,0.59,4.41,1.0,0.0,1.41,1.0,0
0.0,0.0,1.0,1.0,0.0,-0.74,1.0,1.0,1.0,9.61,14.31,1.23,0.0,126.61,5.0,0.0,3.22,1.0,1.26,0.0,2.0,0.0,3.0,0.82,0.0,1.26,0.74,0
0.85,0.0,1.0,1.7,3.4,7.4,1.85,1.0,1.7,0.0,16.34,1.19,1.0,16.13,-2.24,7.79,10.79,1.0,7.27,0.85,0.15,0.0,4.55,1.0,0.0,1.0,1.85,0
0.0,-5.42,1.0,0.0,0.0,10.74,1.0,1.0,0.0,0.0,7.0,4.13,1.0,0.0,1.64,0.68,1.0,0.32,0.0,0.0,1.0,0.0,2.32,0.33,0.0,4.0,0.0,1
0.0,6.53,1.0,0.0,0.0,1.53,2.0,2.0,0.0,8.49,5.94,2.39,0.0,45.19,-0.02,0.51,4.51,0.49,3.75,1.51,0.49,0.0,5.02,0.75,0.0,1.0,1.0,0
0.0,2.68,1.0,-0.89,-1.79,6.68,0.11,0.11,-3.57,-5.36,2.53,5.69,0.11,-79.54,-1.47,0.89,-1.26,-0.79,1.38,0.89,-0.79,0.0,0.21,1.3,0.0,0.11,-0.89,0
-1.0,1.0,1.0,0.0,0.0,-4.0,1.0,1.0,0.0,0.0,-32.97,2.54,0.0,-40.94,0.0,1.0,-1.0,-3.0,1.86,2.0,1.0,0.0,0.0,1.0,0.0,1.0,-1.0,0
0.0,0.0,1.0,-0.64,0.0,0.0,1.0,0.36,1.0,-1.91,-4.46,2.53,0.0,-45.21,4.0,0.0,1.36,1.0,1.75,2.0,5.27,0.0,0.73,1.16,0.0,1.73,0.0,0
1.0,1.85,1.0,-0.62,0.0,-8.27,-0.24,1.0,0.0,0.0,1.38,1.45,-5.8,0.0,-1.09,1.24,-1.24,0.38,0.3,-0.24,-10.13,-0.62,1.0,1.0,0.0,0.76,0.0,0
0.0,0.0,1.0,2.0,0.0,8.88,2.94,1.0,3.94,0.06,5.06,1.06,1.0,96.03,2.0,0.0,1.88,0.06,7.77,2.88,0.06,0.0,2.88,1.0,0.0,1.94,0.0,0
0.0,0.0,0.15,0.0,0.0,4.0,1.0,1.0,2.56,0.0,5.3,1.01,1.85,14.48,3.85,0.85,5.7,1.0,1.93,0.85,1.0,0.0,2.0,1.0,0.0,0.15,0.0,0
-4.69,0.0,1.0,-2.35,-0.78,1.78,2.56,1.0,0.78,-2.69,-12.33,0.98,1.56,10.12,4.13,0.0,7.91,2.0,0.6,0.78,1.78,0.78,5.56,1.0,0.0,3.0,0.0,0
0.0,0.0,1.0,8.51,0.0,-3.34,1.0,1.0,1.0,2.5,3.5,0.77,-0.83,170.07,4.17,0.0,1.83,1.0,10.62,0.83,2.0,0.0,3.0,1.0,0.0,3.67,0.0,0
0.0,0.0,1.0,0.52,0.0,0.0,2.0,1.0,1.0,2.0,2.98,0.59,0.0,34.08,2.0,2.62,1.05,2.0,9.14,1.0,1.52,0.0,3.48,1.0,0.0,4.05,0.0,0
0.0,3.0,1.0,-0.72,0.0,3.0,1.0,1.0,-0.72,-2.87,-4.3,5.24,0.0,-1.43,1.43,-0.43,1.0,0.0,-0.31,1.0,0.0,0.0,4.0,1.0,0.0,1.0,-1.43,0
0.0,0.0,1.0,0.79,0.0,4.76,1.79,1.0,5.38,6.0,13.83,0.7,0.79,105.61,1.0,0.0,0.45,3.0,-0.59,1.0,1.0,0.0,1.41,1.0,0.0,2.21,2.0,0
0.0,0.32,1.0,0.0,1.36,-2.04,2.36,1.0,2.0,2.0,25.49,-3.85,4.08,76.0,5.08,0.68,13.17,3.68,2.9,0.0,2.36,0.0,3.0,1.0,0.0,1.32,2.36,0
0.62,1.87,1.62,0.0,0.62,2.24,2.87,2.87,0.0,15.81,9.0,0.83,1.24,81.97,1.62,2.0,5.11,2.0,3.55,1.0,1.0,0.0,3.62,0.67,0.0,2.0,0.0,1
0.0,0.0,1.0,0.22,1.55,4.66,1.78,-0.55,-0.78,-0.55,0.34,1.28,4.66,8.78,6.1,2.33,1.78,0.22,2.96,0.22,1.78,0.0,0.67,1.13,0.0,3.0,0.0,0
0.0,0.0,1.0,0.64,0.0,-3.18,0.36,1.0,5.64,8.0,13.19,0.93,-1.27,149.58,3.27,2.0,-1.18,2.0,0.82,1.0,1.27,0.0,1.0,1.0,0.0,1.0,-0.64,0
0.0,0.0,1.0,0.0,0.0,6.0,1.71,1.0,-0.71,-5.7,-3.68,1.5,1.0,-59.81,2.29,0.0,3.14,1.0,-0.41,0.0,1.71,0.0,2.29,0.33,0.0,4.0,0.0,1
5.0,13.68,1.0,3.0,0.0,2.95,2.0,4.0,14.0,37.35,69.09,1.63,0.0,73.51,0.35,2.95,71.35,3.7,2.41,0.0,1.0,0.0,24.95,0.4,0.0,3.65,1.65,1
0.0,0.0,1.0,3.0,0.0,0.0,2.0,1.0,4.0,4.0,11.0,0.27,0.0,90.0,5.73,3.63,6.0,1.0,4.59,0.0,0.0,0.0,2.0,1.0,0.0,3.45,1.0,0
0.0,-2.23,1.0,0.0,2.0,3.03,3.0,1.0,1.49,5.94,23.62,-3.9,6.0,62.38,8.23,2.26,12.0,1.74,0.23,0.0,2.74,0.0,4.49,1.0,0.0,0.51,2.0,0
0.0,0.0,1.0,-1.76,0.0,0.59,1.0,1.0,1.0,-1.17,-11.12,3.57,0.0,-31.03,3.41,0.0,0.59,1.59,0.2,0.59,2.59,0.0,0.83,1.0,0.0,2.59,0.0,0
0.0,0.0,2.0,0.86,1.73,0.0,2.0,1.0,0.86,1.0,4.73,-1.25,0.0,97.83,4.59,0.0,1.0,1.0,3.08,0.0,1.0,0.0,3.73,1.0,0.0,3.0,0.0,0
0.0,0.0,1.0,-0.86,0.0,-9.49,-0.72,1.0,0.0,2.0,11.17,1.19,-8.62,50.0,-0.72,0.0,2.59,2.0,2.83,-1.72,-13.66,-0.86,1.0,1.0,0.0,-0.72,1.86,0
0.0,4.56,1.0,1.0,-0.56,2.0,1.44,1.0,0.88,6.25,1.75,0.64,0.0,82.05,1.44,0.56,5.56,1.56,4.06,0.56,1.0,0.0,5.0,0.6,0.0,1.44,0.0,0
-0.87,0.0,1.0,-0.87,0.0,1.0,-0.75,1.0,0.0,0.38,25.6,0.81,-0.87,33.32,1.0,0.0,-5.74,1.0,-2.52,-3.37,-2.49,0.0,2.0,1.22,0.0,0.13,1.87,0
-0.72,0.72,1.0,1.45,-2.89,0.0,2.0,2.45,4.0,16.51,33.75,-0.02,0.0,90.89,2.0,0.0,9.51,2.72,2.49,1.0,0.28,0.0,2.72,1.0,0.0,2.0,0.72,0
0.0,0.0,1.0,0.0,0.0,2.18,-0.09,1.0,-1.09,2.45,5.18,1.32,0.0,-6.99,-0.18,14.54,1.82,1.0,17.64,16.63,2.09,-0.55,-0.09,1.0,0.0,2.0,-0.55,0
0.0,-0.85,1.0,0.45,5.0,0.15,1.15,0.3,0.0,-2.4,4.51,0.5,0.0,103.59,3.7,1.0,-7.34,2.0,0.33,0.0,1.85,0.0,1.6,0.8,0.0,0.3,1.15,0
0.0,15.27,1.0,-0.73,0.0,2.18,1.0,1.0,0.27,0.0,-0.73,3.15,0.0,-72.72,0.36,2.18,1.27,0.27,1.62,2.0,2.55,0.0,2.73,0.82,0.0,3.73,0.73,0
0.0,3.06,1.0,2.88,0.0,3.88,2.94,1.0,5.76,4.94,16.22,0.45,0.0,121.57,2.0,-0.94,4.06,1.0,3.2,-0.94,1.0,0.0,6.88,0.6,0.0,2.0,0.94,1
0.0,0.0,1.0,0.0,0.0,0.0,1.0,1.0,-0.98,0.0,2.96,2.12,-0.98,0.0,0.05,-22.59,-0.98,1.98,-22.1,-22.59,1.02,0.0,1.0,1.0,0.0,1.0,0.0,0
0.0,3.59,1.0,0.0,0.0,2.0,2.0,1.0,2.4,2.0,-1.2,0.42,0.0,33.0,4.8,0.0,2.0,1.0,2.1,2.0,2.0,1.0,3.79,0.85,0.0,2.6,0.0,0
0.0,2.0,1.0,0.7,0.0,4.7,1.0,1.0,0.0,2.1,-4.2,5.31,0.0,-4.2,0.0,2.0,-1.1,0.0,7.77,1.0,0.7,0.0,3.8,0.65,0.0,3.4,0.0,0
0.0,-1.13,1.0,0.56,0.0,2.74,1.0,1.0,1.13,0.56,8.13,-0.91,2.13,28.22,4.13,-0.56,6.44,1.56,3.14,-0.56,1.0,0.0,3.13,0.86,0.0,2.0,1.0,0
0.43,0.57,2.0,3.0,0.0,0.0,2.3,0.43,-8.5,8.3,8.4,0.3,1.43,50.06,-0.13,-1.13,4.83,2.57,6.33,2.0,2.57,0.0,3.57,0.67,0.0,1.57,1.57,0
0.0,24.17,1.0,0.0,0.0,0.0,1.0,1.0,1.0,0.0,-18.68,2.01,0.0,0.0,4.55,-0.55,-12.28,0.45,2.21,2.0,4.0,0.0,2.0,0.73,0.0,3.0,0.55,0
0.0,0.0,1.0,0.0,1.74,0.87,1.87,1.0,0.0,1.87,52.17,-0.16,2.61,14.87,5.47,1.87,18.69,0.13,2.74,0.13,1.87,0.0,5.47,1.17,0.0,2.0,2.61,0
0.0,0.0,1.0,0.0,0.0,8.56,1.0,1.0,0.0,0.0,-17.62,2.19,1.91,0.0,3.91,-1.82,-15.98,0.09,4.92,0.0,1.0,0.0,2.91,1.0,0.0,1.0,1.0,0
1.0,-2.57,1.0,0.0,2.0,4.29,4.86,1.0,3.0,4.0,8.01,-1.11,2.72,70.0,4.57,-0.72,4.29,1.86,6.59,1.0,1.86,0.0,2.0,1.0,0.0,3.72,0.0,0
1.81,0.0,2.0,17.43,4.86,0.0,4.81,1.0,9.24,19.0,9.86,-0.07,1.19,161.07,-0.62,6.47,3.62,2.0,9.56,0.81,2.0,0.0,6.24,0.67,0.0,1.0,1.0,1
6.0,0.0,1.94,3.0,1.0,7.5,2.87,1.0,1.0,5.13,27.0,0.21,1.87,104.62,2.0,-1.87,4.81,1.0,3.46,0.94,1.94,0.0,3.87,1.0,0.0,1.06,1.0,0
1.0,0.0,1.0,1.0,0.0,-0.65,1.27,1.0,5.92,7.0,-0.1,0.46,-0.46,66.0,1.0,2.0,2.27,2.0,3.62,1.73,3.19,0.0,2.73,1.0,0.0,0.27,0.0,0
0.0,0.0,1.0,2.0,0.0,0.0,1.0,1.0,1.0,0.0,6.0,0.81,0.0,92.0,3.0,0.0,1.0,2.0,16.0,0.0,1.0,0.0,2.0,1.0,0.0,3.0,0.0,0
0.0,0.0,1.0,-2.72,0.91,2.09,3.0,-0.81,-4.26,3.28,2.0,0.44,0.0,-20.74,2.91,0.09,0.28,0.09,1.53,-0.91,1.0,0.0,-1.72,1.0,0.0,1.91,-0.91,0
0.0,0.0,1.0,1.0,2.0,-2.77,1.0,1.0,2.0,-1.85,-1.7,2.42,0.0,37.08,4.15,1.85,2.0,1.0,0.94,0.92,1.08,0.0,2.08,1.0,0.0,0.15,0.0,0
0.0,2.39,1.0,0.4,0.0,-1.79,0.4,1.0,1.19,2.39,2.79,1.04,2.0,40.58,1.4,0.0,4.98,1.0,0.1,-1.39,-1.55,-0.6,3.19,0.96,0.0,2.0,-0.6,0
0.75,0.0,1.0,0.75,0.0,0.75,-0.5,1.0,1.0,-0.75,5.5,0.68,6.5,42.71,0.0,0.0,-0.75,1.0,1.63,-0.75,1.25,-0.75,1.25,0.5,0.0,3.25,-0.75,0
1.0,0.88,1.0,0.0,1.0,3.53,1.0,1.0,-0.88,0.0,-5.17,4.96,0.0,0.0,-0.76,0.88,1.24,0.12,1.61,0.88,1.0,0.0,3.0,1.0,0.0,0.24,0.0,0
0.0,-14.48,1.0,0.0,0.0,5.07,1.0,1.0,0.0,1.69,3.69,-1.3,10.34,68.96,2.38,-1.38,0.69,2.69,-1.98,3.07,14.79,0.0,-0.38,1.17,0.0,4.0,0.0,0
0.0,0.0,1.0,4.15,0.0,4.0,0.17,-0.66,0.0,-2.49,7.0,1.68,1.0,14.94,2.0,0.0,-0.98,1.0,6.35,0.0,1.0,0.0,2.0,1.0,0.0,1.0,0.17,0
0.0,0.0,1.0,0.0,0.0,0.0,0.04,-0.91,3.91,2.26,8.4,0.35,0.0,63.93,3.96,0.0,-1.91,0.04,1.62,0.96,1.96,0.0,3.0,1.0,0.0,2.0,-0.96,0
0.96,0.0,1.0,0.0,0.0,-0.8,1.96,1.0,2.96,0.96,0.04,-0.26,0.0,47.99,0.08,-1.92,2.92,1.96,-2.3,-2.88,1.0,0.0,3.0,1.0,0.0,2.0,0.0,0
0.0,0.0,1.0,0.78,0.0,-3.12,1.0,1.0,2.56,5.9,6.9,-0.22,0.22,70.97,3.78,3.56,5.0,1.0,5.36,3.78,2.0,0.0,1.0,1.0,0.0,2.78,0.78,0
0.0,0.0,1.0,0.0,0.0,4.0,1.0,1.0,-0.52,0.52,9.6,0.96,1.0,-13.02,0.92,2.6,4.52,1.0,5.18,0.0,0.48,0.0,1.48,1.0,0.0,1.52,0.0,0
0.0,0.0,1.0,0.0,-1.44,1.0,2.0,1.0,0.0,1.56,6.56,0.82,-0.72,39.95,1.72,-1.44,1.98,2.0,1.92,0.0,0.28,0.0,5.0,0.8,0.0,1.28,0.0,0
0.0,5.0,0.44,-6.68,-0.56,0.0,2.0,2.56,1.11,9.0,-4.36,0.25,0.56,59.77,2.67,-1.67,5.11,-0.67,-1.26,1.0,1.56,0.0,3.44,0.64,0.0,1.0,-0.11,0
1.0,4.82,1.0,0.06,0.0,3.77,1.06,3.0,-8.42,13.53,24.82,5.38,1.0,12.91,0.06,-0.94,1.58,1.06,0.37,0.0,1.0,0.0,4.29,1.09,0.0,4.88,2.0,0
0.88,0.0,1.0,0.0,0.88,6.0,1.0,1.0,0.0,-0.88,-16.56,1.74,0.0,0.0,1.0,0.0,3.88,1.12,1.54,0.12,8.0,0.0,1.12,1.0,0.0,2.0,-0.88,0
0.0,0.0,1.0,-0.53,0.0,1.87,0.47,1.0,-1.06,6.38,20.28,0.66,-0.06,23.91,2.47,-0.53,10.13,1.53,1.78,0.0,1.0,0.0,3.06,0.87,0.0,1.47,1.53,0
0.0,0.0,1.0,0.0,0.0,3.06,1.0,1.0,-1.88,-0.94,7.94,1.57,1.94,-23.47,0.12,1.0,0.24,1.0,2.82,0.0,2.88,0.0,2.0,1.0,0.0,1.0,1.0,0
0.0,1.82,1.0,0.0,0.0,-1.82,-0.21,1.0,-0.82,-3.63,-1.21,2.47,0.0,-42.36,1.79,0.61,-0.82,0.39,-1.73,0.0,3.39,0.0,1.61,1.0,0.0,3.0,0.0,0
-0.69,0.0,0.31,0.0,-1.38,0.0,-1.75,1.0,0.93,3.25,15.62,2.93,-0.69,36.8,0.31,0.0,6.0,3.0,-1.06,0.31,0.31,0.0,2.31,1.0,0.0,3.0,2.0,0
0.0,0.0,1.0,0.83,0.0,-1.32,2.83,3.0,2.83,4.0,-1.98,0.77,-1.66,149.07,4.49,0.0,0.34,2.0,0.69,0.0,2.66,0.0,3.83,0.67,0.0,2.83,0.83,0
0.0,0.0,1.0,-0.97,0.0,3.87,1.0,1.0,0.03,0.0,5.8,1.05,0.97,-96.68,0.1,0.0,3.9,1.0,1.52,0.0,2.07,0.0,0.03,1.0,0.0,3.0,0.97,0
-0.91,-2.74,0.09,0.0,0.0,1.18,-0.82,-1.74,0.0,-17.15,6.91,1.81,-1.82,-28.31,3.0,-0.82,-2.74,0.09,-3.33,-0.91,1.0,0.0,1.09,1.0,0.0,4.91,0.0,0
0.0,2.0,1.0,1.42,0.0,3.42,1.71,1.0,2.12,3.54,11.32,2.58,0.0,58.03,0.58,1.0,2.42,1.71,4.65,1.0,0.0,0.0,3.12,1.0,0.0,1.29,0.71,0
0.0,-1.89,1.0,0.63,0.0,9.47,3.26,1.0,1.0,2.0,2.63,-0.43,6.94,33.0,6.16,-1.26,4.26,1.63,4.39,2.26,12.36,0.63,1.0,1.0,0.0,2.26,0.0,0
0.0,0.0,1.0,1.0,0.0,0.87,3.87,1.0,-3.33,0.0,-2.6,0.9,2.0,-23.37,2.0,-7.79,3.46,1.87,0.86,1.13,8.0,1.0,5.46,0.83,0.0,2.0,0.0,0
0.0,0.0,1.0,0.0,0.0,3.53,1.71,1.0,1.0,2.0,7.23,-0.67,2.41,25.0,3.0,2.0,9.94,1.0,6.06,3.0,1.29,0.0,1.71,1.0,0.0,2.0,0.71,0
0.0,0.0,1.0,2.55,0.0,-1.32,2.0,1.0,4.0,5.55,15.45,0.38,-0.55,123.51,1.0,0.0,2.0,2.0,7.62,0.0,1.0,0.0,3.45,1.37,0.0,1.45,1.0,0
0.0,0.0,1.0,0.0,0.0,6.0,1.71,1.0,3.0,2.0,6.0,0.54,0.71,61.0,2.71,0.0,3.71,1.0,1.89,1.0,1.71,0.0,1.0,1.0,0.0,1.71,0.71,0
0.0,2.82,1.0,0.0,0.0,-1.82,1.7,1.0,0.0,3.41,8.0,-2.5,0.0,73.26,1.7,-1.41,5.41,2.7,3.26,0.0,1.7,0.0,6.11,0.82,0.0,3.0,0.0,0
0.0,0.0,1.0,1.0,0.0,0.0,1.0,1.0,1.0,5.51,9.26,0.92,0.0,125.69,5.0,0.0,-0.84,1.0,4.36,-1.84,1.08,0.0,4.84,0.69,0.0,3.84,0.0,0
1.0,-0.88,1.0,2.75,0.0,1.12,0.12,1.0,2.88,5.26,15.77,0.22,8.0,111.05,2.88,0.88,-3.26,1.0,-0.08,0.88,1.88,0.0,2.12,1.15,0.0,1.0,1.75,0
1.0,1.0,1.56,2.0,2.0,-2.79,2.0,12.0,5.0,1.56,66.76,0.24,-1.12,114.45,2.44,10.0,9.21,2.0,5.25,0.0,0.0,0.0,4.44,0.8,0.0,3.12,1.44,1
1.0,0.0,1.0,3.83,6.0,-0.15,2.0,1.83,6.49,0.83,9.68,-0.09,-0.83,135.48,2.66,-11.08,16.64,1.83,-13.88,-18.91,-1.49,0.0,6.0,1.0,0.0,2.0,1.0,0
0.0,2.0,1.0,1.86,0.0,8.65,2.86,1.0,-1.86,-0.93,0.93,4.75,0.0,-92.96,-2.79,2.0,0.07,0.0,4.25,4.72,13.02,0.93,1.93,0.69,0.0,2.93,0.93,0
0.0,0.0,1.0,0.46,0.0,0.0,1.46,1.0,0.46,0.0,1.54,2.09,0.46,46.0,2.84,1.62,0.92,1.0,1.0,0.54,1.38,0.0,1.92,1.0,0.0,2.0,0.46,0
0.0,1.96,1.0,-1.31,0.0,-1.31,2.35,1.0,-2.61,-3.27,-9.46,2.02,5.0,-53.59,2.35,1.31,1.69,-0.31,2.77,5.0,7.35,2.0,-0.31,1.0,0.0,0.35,-0.65,0
-0.86,0.0,1.0,-0.86,1.0,0.0,2.0,1.0,1.0,-2.45,4.28,0.91,3.45,-1.08,4.72,0.0,-6.75,0.14,0.85,-0.86,3.58,1.72,-0.58,1.22,0.0,0.28,1.0,0
0.0,0.0,1.0,0.0,0.0,0.0,1.49,1.0,-0.02,2.0,17.58,0.08,0.0,43.0,0.98,-1.54,1.02,2.51,6.21,1.0,0.49,0.0,3.49,1.26,0.0,4.02,-0.51,0
0.0,0.0,1.0,0.23,0.0,0.0,0.23,3.0,-1.95,-1.95,0.19,1.8,0.77,13.16,5.32,16.21,5.05,2.0,16.93,18.52,2.32,0.0,0.91,1.26,0.0,1.23,0.0,0
0.92,0.0,1.92,13.74,0.0,-4.58,2.83,1.0,8.5,23.4,15.17,-0.28,0.0,162.85,-0.83,0.0,1.42,3.92,6.05,1.0,1.92,0.0,3.92,0.69,0.0,3.0,2.0,1
0.0,-3.23,1.0,0.65,0.0,0.65,0.35,0.35,1.29,-2.17,-1.52,0.95,1.29,3.25,2.65,2.0,1.42,1.0,3.36,2.35,1.0,0.0,1.0,1.0,0.0,2.65,-0.65,0
0.0,0.0,1.0,0.86,0.0,5.55,2.73,1.0,0.86,1.0,-5.04,-0.19,15.86,100.0,1.14,0.0,-1.32,1.0,3.51,5.73,26.04,0.86,2.0,1.0,0.0,2.86,0.0,0
-0.8,0.0,1.0,-0.8,-1.6,0.8,1.0,1.0,5.0,12.0,62.65,-0.09,2.4,100.41,5.2,4.4,10.01,2.0,2.0,1.0,0.8,0.0,3.4,0.89,0.0,0.2,2.4,1
2.0,0.0,1.0,1.0,2.0,0.0,3.83,1.0,4.49,10.31,44.96,-0.41,0.0,135.15,1.0,7.0,9.66,2.83,5.76,1.83,-0.66,0.0,6.83,0.83,0.0,3.83,1.0,1
1.87,0.0,1.0,-8.4,0.93,10.53,1.0,2.87,5.6,-1.87,6.07,1.15,2.87,-47.59,3.93,1.87,6.13,1.0,-8.28,-0.93,1.0,0.0,2.0,1.0,0.0,1.07,1.93,0
6.0,0.0,1.0,2.06,1.0,1.87,0.06,1.0,-1.81,4.19,32.61,0.38,0.94,8.21,2.0,0.0,9.49,1.0,3.92,0.0,0.06,0.0,1.06,1.0,0.0,2.0,1.94,0
0.0,0.0,1.0,1.0,1.0,0.96,2.0,1.04,6.0,5.07,11.96,0.56,1.0,69.59,2.96,2.0,16.78,1.04,6.86,0.0,0.96,0.0,1.04,1.24,0.0,0.04,0.0,0
0.0,0.0,1.0,1.52,0.0,2.0,2.0,1.52,5.07,6.61,3.07,0.49,0.52,124.89,3.0,1.03,4.65,1.52,3.18,0.0,1.48,0.0,3.0,1.0,0.0,0.97,0.0,0
0.0,0.0,1.0,4.69,0.0,0.0,1.0,1.0,0.69,-4.41,-5.35,1.45,0.0,99.71,5.78,0.0,-4.16,0.31,1.33,1.0,2.39,0.0,1.31,1.17,0.0,0.31,-0.69,0
0.0,0.0,2.07,0.0,0.0,1.0,2.07,1.0,-0.53,3.53,10.07,0.13,0.0,77.0,-0.6,0.0,3.0,1.53,1.89,0.47,-0.07,0.0,2.0,1.0,0.0,-0.07,1.0,0
0.71,0.0,1.0,0.0,0.0,7.43,1.71,1.0,5.14,4.86,3.86,0.86,0.71,114.59,4.86,0.0,3.0,-1.14,3.57,1.0,1.0,0.0,2.43,1.0,0.0,0.29,0.71,0
0.0,0.62,1.0,-0.62,0.0,2.15,1.0,1.0,-0.62,-1.23,3.31,4.39,-0.85,-25.84,1.15,0.0,3.38,0.38,0.99,0.62,0.38,0.0,-0.46,1.12,0.0,1.62,0.0,0
0.81,0.81,1.0,3.81,1.61,1.0,2.81,11.86,14.03,3.81,61.8,-0.47,-1.61,177.36,1.81,9.06,13.06,2.81,5.74,0.19,-5.45,0.0,7.42,0.84,0.0,2.0,2.61,1
0.0,0.0,1.0,1.0,0.0,0.0,1.0,1.0,1.0,0.0,1.0,1.43,0.0,107.87,5.56,0.56,5.5,0.44,1.0,0.0,2.0,0.0,3.56,1.0,0.0,1.44,0.0,0
7.32,1.0,1.0,-3.66,0.0,9.0,1.61,1.61,0.61,0.0,-3.05,6.11,0.0,-19.52,0.61,2.0,0.61,0.0,-2.54,0.0,0.0,0.0,3.61,0.8,0.0,2.39,1.22,1
0.0,0.0,1.0,-1.78,0.0,4.41,2.0,-0.19,-5.35,-0.59,11.16,0.59,2.0,-33.9,3.59,-0.59,3.03,1.0,4.95,0.0,1.0,0.0,2.41,1.0,0.0,1.59,0.41,0
0.0,0.0,1.0,0.0,0.0,4.53,1.0,1.0,0.0,-0.65,1.23,1.89,0.88,-34.97,2.77,0.0,5.53,2.0,2.27,0.12,1.0,0.0,1.0,1.0,0.0,2.88,0.0,0
1.9,-2.7,1.0,1.0,0.0,3.9,2.0,1.0,3.0,8.8,40.95,-2.79,1.0,147.8,1.9,1.1,3.9,5.6,4.69,0.1,1.0,0.0,0.2,1.0,0.0,1.9,0.9,0
-1.12,0.0,1.0,2.0,0.0,5.0,2.44,1.56,1.12,2.25,-13.04,0.74,0.56,15.17,5.25,-3.93,0.0,1.0,2.47,3.44,17.56,1.0,3.0,0.57,0.0,1.44,1.0,0
0.0,0.0,1.0,0.06,2.0,0.0,0.06,1.0,-7.36,-7.49,9.49,0.87,0.0,-3.59,6.0,-1.87,-5.49,1.94,-1.44,0.94,2.94,0.0,1.13,1.31,0.0,2.0,0.94,0
0.0,-0.58,1.0,1.0,0.0,-5.26,2.0,1.0,10.58,9.0,15.17,-3.02,0.0,84.0,2.17,0.83,10.58,1.58,5.11,0.0,1.75,0.0,4.83,0.67,0.0,0.83,0.0,0
0.0,0.0,1.0,0.0,0.0,-2.88,0.42,1.0,1.0,2.58,3.0,0.57,-0.15,33.06,2.42,2.58,6.73,1.0,3.51,3.58,2.0,0.0,0.42,1.0,0.0,2.58,-0.58,0
0.0,0.0,1.0,0.24,0.0,-0.76,2.0,1.0,4.76,1.21,-4.35,0.17,0.0,4.74,2.0,0.0,5.45,1.0,-2.17,-0.76,0.0,0.0,4.24,1.0,0.0,2.0,1.0,0
-0.53,3.0,1.0,-1.58,-3.16,0.9,0.47,1.0,-2.1,1.58,-5.26,5.05,0.0,-43.67,0.53,-2.16,-2.16,0.0,0.49,2.05,0.0,0.0,1.37,1.0,0.0,1.0,-0.53,0
0.0,0.0,1.0,-4.72,0.0,0.0,1.0,1.0,1.94,-2.83,-7.43,1.76,0.0,10.37,4.83,0.0,-0.89,0.06,-4.33,0.0,3.94,0.0,1.94,1.0,0.0,-0.89,0.0,0
3.33,0.0,1.0,3.84,-0.84,-4.85,2.0,2.33,9.82,37.16,66.31,1.09,-1.67,151.03,3.51,-0.67,70.33,5.0,1.85,0.0,1.0,0.0,23.84,0.57,0.0,2.16,0.16,1
0.0,0.0,1.0,1.85,0.0,0.0,1.0,1.0,1.0,0.85,19.7,1.33,0.0,163.75,3.3,0.85,1.85,1.85,-0.44,-1.7,2.15,0.0,4.7,1.0,0.0,0.3,0.0,0
-0.72,0.0,0.28,-1.15,0.72,15.0,1.56,1.0,1.44,-7.18,2.44,0.89,9.56,-41.62,5.72,0.0,2.0,0.28,-2.27,0.56,17.28,1.0,1.28,1.24,0.0,4.44,-0.72,0
0.0,0.0,1.0,2.31,0.0,6.31,3.31,1.0,-0.58,0.58,8.73,0.41,5.89,10.97,2.58,0.58,4.0,1.0,2.96,-1.15,1.58,0.58,2.0,1.0,0.0,0.42,0.0,0
0.0,0.0,1.0,0.0,0.0,5.0,1.0,1.0,0.0,0.0,21.74,1.07,2.0,71.9,0.03,23.0,6.94,1.98,23.33,24.03,3.02,0.0,2.0,1.0,0.0,1.02,0.0,0
0.0,0.0,1.0,-1.08,0.0,-0.54,1.54,1.0,0.0,-4.39,-8.55,0.82,2.16,-14.96,2.0,-0.54,0.0,0.46,0.97,0.54,4.23,0.54,0.92,0.82,0.0,1.0,-0.54,0
0.0,1.0,1.0,0.0,0.0,0.0,1.0,1.0,0.0,0.0,0.0,4.9,0.0,0.0,0.0,2.0,2.51,0.0,1.0,1.0,0.0,0.0,1.0,1.0,0.0,3.84,0.0,0
0.0,0.0,1.0,1.38,0.0,5.0,3.0,1.0,0.0,0.0,0.38,1.59,0.0,-62.4,1.75,0.0,-0.62,1.0,3.38,4.0,17.0,1.0,1.75,0.67,0.0,3.25,1.0,0
0.0,0.0,1.0,0.74,0.0,0.0,1.0,1.0,0.74,3.51,8.17,0.54,0.0,74.8,2.26,0.74,1.11,2.0,2.98,1.49,1.0,0.0,1.37,1.0,0.0,1.0,0.37,0
-0.96,0.0,1.0,0.96,0.0,0.0,0.04,1.0,-3.79,-7.66,0.0,2.62,0.96,-74.72,4.0,0.0,-3.83,1.0,-2.33,0.96,9.71,0.0,2.96,0.5,0.0,1.96,1.0,0
0.0,-0.96,1.0,0.0,0.0,2.89,0.04,1.0,3.0,2.14,5.43,2.22,0.96,22.34,2.93,1.93,-3.64,2.04,3.93,5.82,1.96,0.0,-0.86,1.16,0.0,3.0,2.0,0
0.0,-2.83,1.0,0.0,0.0,4.71,2.94,2.0,1.0,2.0,10.6,-1.08,1.89,50.0,3.83,-1.89,9.6,2.94,4.51,1.0,1.94,0.0,3.94,1.0,0.0,2.0,0.94,0
0.0,-1.59,1.0,0.0,0.0,3.41,1.53,1.0,1.06,0.53,7.0,-0.97,1.0,0.0,4.59,1.06,6.47,1.53,2.4,0.0,2.06,0.0,0.94,0.74,0.0,1.0,1.53,0
2.0,2.0,1.0,0.19,-1.62,2.43,1.19,4.19,-3.24,4.14,6.57,0.76,-0.81,1.96,-1.24,0.0,-1.86,2.0,2.9,0.81,5.86,0.0,6.76,0.97,0.0,2.0,1.19,0
-0.72,0.0,1.0,0.0,0.0,4.72,0.28,1.0,-3.62,-5.07,9.9,2.29,0.28,-27.54,3.0,0.0,-0.35,2.45,0.52,0.0,1.0,0.0,2.0,1.0,0.0,2.45,0.0,0
0.77,2.0,1.0,-0.77,0.77,1.92,0.23,1.0,-1.54,-2.31,0.0,4.17,-1.54,-31.58,-0.77,0.23,1.0,0.0,-0.41,1.0,1.0,0.0,2.77,1.0,0.0,1.23,0.0,0
-1.51,0.0,1.0,2.76,-0.76,-5.29,1.0,-0.51,-1.78,0.24,-6.05,1.55,-1.51,116.63,2.51,0.49,1.49,2.0,3.39,4.0,2.51,0.0,2.76,1.0,0.0,1.0,0.24,0
1.0,2.9,1.0,0.0,0.0,4.87,0.03,1.0,0.0,-1.94,-1.87,5.66,1.0,-48.41,1.03,0.97,-1.94,-0.94,1.09,1.0,0.03,0.0,1.0,1.0,0.0,3.94,0.0,0
0.0,0.0,1.0,-0.53,0.0,5.53,1.0,1.0,-0.53,2.14,9.27,1.1,2.0,-12.28,-0.14,24.07,3.53,1.53,26.7,26.53,3.47,0.0,2.0,0.82,0.0,2.0,0.0,0
0.0,0.0,1.0,0.85,0.0,-1.71,0.15,1.0,0.85,-0.85,3.44,0.64,0.0,-13.67,1.85,0.0,5.27,4.0,-4.2,-0.85,2.71,0.0,0.15,1.0,0.0,3.85,-0.85,0
0.0,0.0,1.0,-1.88,0.0,0.0,1.0,1.94,2.82,2.18,-3.0,0.55,0.0,46.13,3.0,0.0,2.82,2.94,1.54,0.0,1.0,0.0,1.0,1.0,0.0,2.88,0.0,0
1.0,3.95,2.0,0.0,1.0,2.0,4.0,4.0,1.05,21.0,6.0,1.99,2.0,76.0,-0.85,2.95,5.0,1.05,6.28,1.95,-2.8,0.0,3.0,1.0,0.0,1.05,0.0,0
0.0,0.0,1.0,2.85,0.0,6.23,3.69,1.0,3.15,5.0,16.0,-0.52,0.0,-2.61,-1.54,0.0,1.15,2.0,6.29,3.38,14.54,0.85,4.0,0.72,0.0,2.85,1.85,1
0.0,0.0,1.0,0.0,0.0,-4.34,0.13,1.0,0.87,1.0,0.92,1.09,-1.74,14.0,2.0,1.0,6.53,1.0,-0.95,1.0,3.61,0.0,1.13,1.0,0.0,2.0,0.0,0
0.0,0.0,1.0,0.0,0.0,2.71,1.0,1.0,2.65,-5.41,13.24,0.95,2.68,-56.81,2.0,0.0,8.71,1.0,2.55,0.0,2.0,0.0,1.32,1.0,0.0,2.0,1.68,0
0.0,0.0,1.0,0.89,1.0,0.0,2.89,1.0,9.87,-4.32,-4.65,0.39,0.0,40.23,3.0,1.77,3.66,0.11,4.35,0.0,0.11,0.0,3.77,0.93,0.0,2.0,0.11,0
0.0,0.0,1.0,3.0,-1.42,1.0,2.0,3.0,9.29,3.0,6.29,0.89,0.0,117.8,0.29,1.0,4.29,2.0,1.88,1.0,1.0,0.0,5.0,1.0,0.0,2.0,1.0,0
-0.7,0.0,1.0,-1.8,-0.7,-1.4,1.7,1.7,-3.2,-18.92,-38.24,1.4,0.0,78.28,5.0,-2.1,-3.91,-1.8,-0.93,0.7,2.0,0.0,0.2,1.23,0.0,1.3,0.0,0
0.0,1.99,1.0,-3.97,0.0,0.0,-1.97,1.0,3.0,0.01,-1.98,4.97,-3.97,31.12,-1.97,1.99,3.0,0.01,-2.39,0.01,-2.97,-0.99,2.0,1.0,0.0,2.0,0.0,0
0.0,0.0,1.0,-0.66,0.0,0.0,1.66,0.34,2.66,5.65,14.3,0.56,0.0,11.29,1.66,0.0,3.33,2.0,1.22,1.0,1.66,0.0,-0.33,1.17,0.0,2.34,0.0,0
0.0,9.0,1.0,-0.54,0.0,2.0,-0.07,1.0,-0.54,1.61,1.61,2.13,-1.07,5.91,2.0,2.07,2.15,1.0,1.25,0.54,-3.76,-0.54,3.46,1.0,0.0,3.0,0.0,0
0.0,0.0,1.0,3.12,0.0,-3.93,6.76,1.0,1.76,1.88,3.0,0.42,-6.45,48.07,7.64,1.0,6.29,1.0,3.79,0.24,-11.86,1.88,1.88,1.0,0.0,2.0,0.88,0
1.13,1.13,1.0,1.0,0.0,0.0,1.57,3.27,-0.13,5.1,5.53,1.21,0.0,104.53,1.73,0.0,1.0,1.57,2.42,0.0,2.0,0.0,7.53,0.83,0.0,1.0,1.13,0
0.6,0.0,1.0,-0.21,-1.02,0.6,0.4,0.4,3.21,-0.6,-1.62,0.73,4.83,75.0,6.0,-0.6,2.0,0.4,0.99,0.0,2.0,0.0,1.79,1.12,0.0,1.4,-1.21,0
0.0,0.0,1.0,1.0,0.0,2.76,1.88,2.76,1.76,7.64,18.0,0.85,0.0,115.04,1.12,0.0,5.36,1.88,7.99,-1.64,0.12,0.0,3.76,0.71,0.0,3.0,0.0,0
0.0,0.0,1.0,-0.52,-2.53,2.01,0.49,0.49,2.0,3.03,0.48,0.81,2.0,44.94,1.49,-0.51,1.01,0.49,2.04,0.51,1.0,0.0,2.48,0.85,0.0,2.0,-1.01,0
1.0,0.0,1.0,0.0,0.62,-6.4,1.62,1.0,1.23,0.0,5.09,0.11,-3.32,0.0,2.0,0.0,0.62,1.0,0.54,1.0,0.38,0.0,1.0,1.0,0.0,3.23,-0.62,0
0.89,0.0,1.0,0.89,0.0,0.89,0.11,1.0,1.79,1.0,32.37,-1.48,7.16,172.53,1.11,0.0,0.0,1.0,-1.19,-2.68,-3.58,-0.89,3.0,1.3,0.0,1.0,-0.89,0
0.0,4.0,1.0,0.0,0.0,6.55,2.09,1.0,0.55,0.55,-0.55,3.35,1.09,18.06,3.19,6.0,9.28,1.0,1.61,1.55,-0.55,0.55,3.64,1.0,0.0,4.55,0.55,0
0.0,0.0,1.0,1.0,0.0,-0.68,1.68,2.0,3.68,-1.05,12.64,0.06,1.0,47.26,4.0,2.05,11.0,2.68,2.13,1.32,1.0,0.0,2.68,1.0,0.0,2.68,0.0,0
2.0,2.0,1.0,1.0,0.0,0.0,2.0,5.0,-0.87,14.21,23.75,0.09,0.0,147.76,0.26,0.0,4.74,3.74,4.19,0.0,-1.6,0.0,10.0,0.7,0.0,2.87,3.74,1
0.0,2.09,1.0,1.0,2.0,2.79,2.0,2.0,3.3,6.0,5.0,2.8,0.3,89.0,2.21,-15.35,7.3,1.3,-12.69,-16.75,-0.09,0.0,5.3,0.67,0.0,4.09,1.0,1
-0.58,0.0,1.0,-0.17,0.0,-1.17,2.0,1.0,2.75,1.17,5.67,0.76,1.0,101.17,5.0,0.0,2.75,-0.75,1.24,1.58,2.0,0.0,3.58,0.67,0.0,3.0,1.17,0
0.0,0.0,1.0,-0.5,0.0,4.5,1.0,1.0,-1.0,1.0,10.51,1.28,1.0,-8.03,-0.51,1.0,4.5,1.5,3.37,0.0,1.0,0.0,3.0,1.0,0.0,1.5,1.0,0
0.0,0.0,1.0,1.23,0.0,5.84,2.77,1.0,3.23,5.0,20.61,-0.22,1.54,5.18,-0.54,0.0,5.07,2.0,4.96,0.0,-0.54,0.0,3.23,1.0,0.0,3.54,1.0,0
0.0,0.0,1.0,1.89,0.0,0.11,1.89,1.0,2.0,-3.46,-12.5,1.05,1.89,54.47,6.68,0.0,7.79,1.0,-0.68,0.11,7.79,0.0,3.79,1.0,0.0,2.89,-0.89,0
-0.62,0.0,1.0,0.0,-1.23,0.0,-0.85,1.0,-1.85,-2.46,6.0,1.64,-0.62,-43.06,0.38,-0.62,1.0,4.62,-1.45,0.0,1.62,0.0,1.0,1.0,0.0,2.38,0.0,0
-1.77,2.66,1.0,-0.89,0.0,0.0,2.0,-1.66,1.0,2.0,14.0,0.31,0.0,32.37,1.11,0.0,0.89,1.11,5.76,1.89,1.0,0.0,-1.31,1.04,0.0,2.11,-0.89,0
0.87,1.74,1.0,0.87,0.0,6.0,1.87,2.74,0.87,18.22,34.77,0.78,1.87,51.19,2.13,0.0,10.54,1.87,1.51,0.0,1.0,0.0,9.07,0.14,0.0,5.74,1.74,1
0.0,0.0,1.0,1.0,0.0,0.0,1.0,1.0,-3.69,-1.88,-3.69,2.04,0.0,58.71,5.94,-8.45,-1.82,1.0,-1.56,-0.94,3.0,0.0,3.94,1.0,0.0,1.06,0.0,0
3.8,0.0,1.0,2.28,0.0,0.96,1.76,3.28,10.63,28.85,57.11,1.09,0.24,72.12,3.24,5.76,55.62,4.04,6.53,0.0,1.0,0.0,17.18,0.67,0.0,4.52,0.76,1
-0.74,0.0,1.0,-2.23,-4.46,-2.97,0.26,1.0,-2.97,2.74,18.54,0.23,0.0,19.15,1.0,-5.94,0.06,2.74,-3.24,0.0,0.0,0.0,-1.72,1.0,0.0,2.74,-0.74,0
0.0,-0.53,1.0,0.53,0.0,0.53,1.0,1.0,0.0,1.47,13.39,0.52,0.53,61.78,2.6,0.0,6.53,0.93,-0.33,0.53,2.67,0.0,1.47,1.0,0.0,2.0,-0.53,0
0.0,0.0,1.0,0.55,0.0,-1.65,2.0,1.0,4.1,1.55,-2.86,0.23,1.0,63.78,4.1,1.0,4.1,1.0,0.66,1.55,3.76,0.0,2.0,1.0,0.0,2.55,-0.55,0
0.0,0.0,1.0,1.0,0.0,0.0,0.21,1.0,0.0,1.57,3.36,1.11,-0.36,19.63,2.79,1.57,1.21,1.0,2.77,1.79,4.07,-0.79,0.43,1.26,0.0,2.0,-0.79,0
0.0,0.0,1.0,-5.24,0.0,0.0,1.0,1.0,1.0,-2.62,-4.36,2.37,1.0,-77.67,4.0,23.0,-0.75,2.75,18.33,24.0,3.0,0.0,1.13,1.0,0.0,1.0,0.0,0
0.0,0.0,1.0,0.0,0.0,0.0,1.0,1.0,4.86,-0.96,13.51,2.45,1.93,-31.83,3.96,0.0,6.82,0.04,0.36,0.0,3.93,0.0,1.96,1.0,0.0,2.0,0.96,0
0.0,2.45,1.0,0.55,0.0,-2.19,1.0,1.0,0.0,1.64,15.32,-0.33,0.0,49.8,0.55,2.0,1.64,1.09,0.69,-0.55,-0.55,0.0,3.64,1.0,0.0,1.0,0.0,0
0.0,-3.38,1.0,0.0,0.0,4.31,1.15,1.0,0.0,-2.38,-0.54,1.8,1.0,-1.69,4.38,0.0,-0.69,2.0,2.01,3.0,1.0,0.0,-0.54,1.34,0.0,1.0,0.0,0
0.0,1.79,1.0,0.0,0.0,0.9,1.0,1.0,4.0,-1.79,-7.17,3.4,0.0,-44.84,3.9,0.9,1.31,0.1,2.2,1.9,3.1,0.0,0.31,1.0,0.0,1.1,0.0,0
1.0,0.0,1.0,0.0,0.0,-1.9,1.0,1.0,2.9,1.93,-4.76,0.34,-0.93,31.89,4.9,0.0,-2.9,1.0,0.78,2.93,1.97,0.97,1.0,1.0,0.0,1.03,0.0,0
0.0,-1.55,1.0,0.0,0.0,1.52,1.52,1.0,2.0,3.0,21.61,-2.17,1.03,75.0,2.55,0.48,12.61,2.52,1.99,0.0,0.52,0.0,9.03,0.5,0.0,0.45,0.52,1
0.0,0.0,2.0,-0.77,0.0,3.06,2.0,1.0,0.0,-1.3,-13.07,1.83,0.77,-36.64,3.53,-0.77,1.77,0.23,2.71,0.0,1.77,0.0,0.47,1.0,0.0,3.77,0.77,0
0.0,0.0,1.0,-0.83,0.0,4.17,1.83,1.0,1.17,1.0,5.01,0.05,1.67,16.54,4.33,0.0,4.34,1.0,1.81,0.0,1.33,0.0,1.17,1.0,0.0,1.83,0.0,0
0.0,0.0,1.0,0.01,0.0,0.0,1.01,1.0,8.93,6.94,11.91,0.66,2.98,104.96,5.0,0.0,-4.95,1.0,3.43,1.99,2.99,0.0,1.02,0.67,0.0,3.0,0.0,0
-1.99,-1.99,1.0,1.0,0.0,3.0,0.0,-2.99,1.99,-2.98,1.02,1.94,0.0,72.02,0.0,1.99,4.0,1.0,2.65,4.99,1.0,0.0,-5.98,1.3,0.0,1.0,-1.0,0
0.0,-2.67,1.0,2.67,2.0,-1.56,2.89,1.0,3.56,8.56,70.8,-4.72,3.0,158.21,9.46,2.11,17.35,1.89,3.23,0.0,2.0,0.0,7.89,0.86,0.0,0.22,3.89,1
0.0,0.0,1.0,0.0,0.78,-7.77,2.78,1.78,7.66,6.44,8.77,0.22,-9.88,116.05,2.22,2.55,10.77,1.78,1.25,-1.33,-14.54,0.0,1.22,1.0,0.0,1.22,0.0,0
0.0,44.0,1.0,-0.84,0.0,2.51,1.0,1.0,-1.68,-0.84,5.86,1.12,0.0,-20.94,1.16,1.0,0.16,1.0,1.28,-0.84,-3.19,0.0,2.0,0.5,0.0,0.16,1.0,1
0.0,0.0,1.0,-0.66,0.0,5.97,1.0,1.0,-1.32,1.32,10.29,2.43,1.0,-16.45,2.03,5.66,2.03,1.0,6.14,0.0,1.0,0.0,2.0,1.0,0.0,4.32,0.0,0
0.0,-0.8,1.0,1.8,1.0,2.39,2.0,2.0,10.79,6.2,8.61,0.24,2.6,117.7,4.39,10.77,9.4,1.2,5.66,0.0,0.0,0.0,2.8,1.0,0.0,1.8,0.0,0
1.0,0.0,2.0,16.37,0.0,0.0,4.0,1.0,7.37,19.0,0.21,0.33,2.0,120.55,0.32,0.68,-2.79,2.68,9.03,2.05,2.0,0.0,3.0,0.67,0.0,0.32,1.68,0
1.86,1.86,1.0,-3.66,0.0,0.0,1.93,5.73,3.0,6.59,3.14,0.07,0.0,36.03,2.93,0.0,4.0,2.0,-2.19,0.0,0.0,0.0,10.45,0.72,0.0,2.07,1.86,1
0.0,0.0,1.0,-0.77,0.0,4.77,1.0,1.0,0.77,3.85,17.78,0.51,1.46,51.6,2.0,0.0,2.46,1.0,4.45,0.0,-4.39,0.0,1.23,1.0,0.0,0.23,1.54,0
0.0,2.91,1.0,0.03,0.0,-1.94,0.03,1.0,-1.91,-2.91,0.03,2.98,0.0,21.48,2.09,1.94,1.0,0.03,-0.37,0.0,0.06,0.0,2.03,1.0,0.0,1.03,0.0,0
0.0,0.0,1.0,-0.54,0.0,-1.07,1.46,1.0,-1.15,-1.07,8.44,0.44,0.0,4.83,2.0,0.54,3.54,1.0,-0.13,0.0,1.46,0.0,2.0,1.0,0.0,1.46,-0.54,0
0.0,0.0,0.43,-4.68,0.57,16.14,1.3,1.57,0.57,5.68,39.64,0.98,9.86,6.82,5.57,1.7,11.09,3.27,1.93,2.0,17.43,1.0,5.98,0.91,0.0,4.14,0.57,1
0.0,0.0,1.0,0.0,0.0,0.0,1.0,1.0,3.08,2.23,11.93,0.32,0.0,27.14,-0.23,5.55,0.77,2.0,1.43,-0.23,0.38,0.0,1.0,1.0,0.0,3.0,0.0,0
0.0,0.0,1.0,0.0,0.0,8.94,1.0,1.0,-2.12,-0.71,7.71,1.77,0.29,-35.26,0.59,-0.71,1.88,1.71,3.45,0.71,3.82,0.0,2.0,1.0,0.0,1.0,1.0,0
0.0,3.0,1.0,0.0,1.43,4.0,0.28,1.0,-5.73,-6.45,-8.6,6.29,0.0,-6.45,3.58,-0.43,-5.73,0.0,-0.21,0.0,1.43,0.0,-1.15,1.24,0.0,4.0,0.0,0
0.0,0.0,1.0,0.0,0.0,0.1,0.1,1.0,0.0,2.0,3.0,1.87,-0.9,33.0,1.0,0.0,2.9,2.0,1.67,1.0,1.0,0.0,0.1,1.0,0.0,2.9,0.0,0
1.0,0.0,2.0,15.0,0.0,3.38,3.32,1.0,5.32,16.97,2.97,0.63,2.0,76.88,3.03,0.0,-4.77,2.0,5.73,0.0,2.68,0.0,1.65,0.67,0.0,1.68,0.32,0
-1.06,3.18,1.0,-0.53,-1.06,5.59,-0.06,1.0,-1.06,-1.06,-8.92,2.44,1.0,-32.89,2.47,-1.06,4.29,-0.06,3.43,-0.53,0.47,0.0,-0.12,1.09,0.0,1.47,0.47,0
0.0,0.0,1.0,1.0,0.0,0.0,2.0,3.0,0.95,5.05,-14.71,2.25,0.0,-16.61,1.95,0.0,9.0,2.0,2.31,0.0,1.95,0.0,0.1,1.0,0.0,4.9,1.0,0
-1.88,0.0,1.0,-0.94,-0.94,12.0,0.06,1.0,-0.94,-1.88,-25.3,2.19,7.0,-58.37,3.88,-6.59,-4.65,0.06,-3.1,-0.94,3.88,0.0,-2.71,1.16,0.0,0.06,0.06,0
0.0,2.56,1.0,0.0,0.0,-0.85,1.0,1.0,0.0,0.0,28.04,3.27,-0.85,0.0,-0.7,2.85,24.44,1.15,-1.05,0.85,0.15,0.0,3.7,1.0,0.0,1.0,-0.85,0
0.0,3.0,1.0,0.53,0.0,8.3,1.53,1.0,0.0,0.0,-3.18,4.96,4.77,0.0,1.06,1.0,-1.65,0.0,1.03,2.06,9.02,0.53,4.0,1.0,0.0,2.06,-0.53,0
0.0,0.0,1.0,0.94,0.0,-1.62,1.94,2.87,0.94,1.87,16.37,0.13,0.06,61.82,2.06,0.0,16.37,1.94,6.27,0.94,1.0,0.0,4.81,1.47,0.0,0.13,2.87,0
0.0,21.0,1.0,-0.86,0.86,3.0,1.86,0.14,0.86,-2.59,-2.59,3.33,0.0,-14.65,1.72,3.0,-1.72,-2.59,0.79,0.0,0.0,0.0,2.28,0.75,0.0,3.86,1.86,0
0.0,0.0,1.0,0.0,-3.01,-0.6,0.4,0.4,4.0,1.81,5.42,0.36,0.0,-2.41,3.0,-0.6,3.4,0.4,1.39,1.0,3.4,0.0,1.8,1.12,0.0,1.4,-1.2,0
0.0,0.0,1.0,0.78,0.0,-3.89,2.0,1.0,0.78,2.0,0.89,0.59,-1.56,127.77,3.33,-17.89,0.44,2.0,-17.5,-20.22,-0.56,0.0,1.78,1.0,0.0,2.0,0.0,0
0.0,-5.42,1.0,1.0,0.0,-2.71,2.0,3.0,1.81,13.23,26.37,-2.25,0.0,146.93,3.71,-4.52,8.1,2.9,-2.45,0.0,1.9,0.0,2.9,1.0,0.0,3.0,1.0,0
1.44,1.0,1.0,-1.44,0.72,1.44,-0.44,2.44,4.32,0.72,5.76,3.26,1.44,23.75,0.0,2.44,3.16,0.0,-0.1,-1.88,-11.52,-0.72,0.28,1.24,0.0,2.0,0.0,0
0.0,0.0,1.0,1.0,0.0,0.0,1.0,1.0,2.53,-1.06,-1.17,0.72,0.0,23.61,3.06,0.0,7.53,0.47,1.27,1.0,3.58,0.0,2.0,1.0,0.0,4.06,-0.53,0
1.0,-0.59,1.0,1.82,6.0,3.41,1.41,-0.18,4.59,-5.32,-0.01,1.34,0.0,115.29,3.37,8.0,4.09,0.41,4.19,1.0,2.18,0.0,4.82,1.0,0.0,1.41,0.41,0
0.54,0.0,1.0,4.0,0.0,4.0,6.63,1.54,8.15,3.17,9.52,-0.01,5.54,13.57,3.37,2.09,0.46,1.54,5.61,2.0,2.37,1.0,1.0,1.0,0.0,2.0,0.0,0
1.0,3.0,2.0,0.0,1.0,-0.35,4.0,4.0,2.78,17.08,-1.83,0.48,2.0,13.33,4.35,2.0,2.65,2.0,6.9,3.35,2.57,0.0,2.22,1.0,0.0,2.78,0.0,0
1.0,0.0,1.0,4.78,0.0,4.0,0.2,1.0,-0.8,2.8,37.61,1.46,0.0,127.62,0.2,0.0,4.39,4.0,2.6,-0.8,0.0,0.0,0.41,1.0,0.0,2.0,1.0,0
-0.93,5.61,1.0,0.0,0.0,3.07,1.0,1.0,0.0,-1.87,-30.37,3.04,1.0,-85.02,1.07,5.67,3.07,-2.74,8.09,0.0,1.0,0.0,2.0,1.0,0.0,1.0,0.07,0
