CountDeclMethodPrivate,CountDeclMethodDefault,AvgEssential,CountDeclClassVariable,CountDeclClassMethod,AvgLineComment,CountLineComment,CountDeclClass,CountDeclMethodProtected,CountDeclInstanceVariable,CountDeclMethodPublic,RatioCommentToCode,AvgLineBlank,PercentLackOfCohesion,MaxInheritanceTree,CountClassDerived,CountClassCoupled,CountClassBase,CountInput_Mean,CountInput_Min,CountOutput_Min,MaxNesting_Mean,MaxNesting_Min,Added_lines,OWN_LINE,MINOR_COMMIT,MAJOR_LINE,target
3.0,1.0,2.0,1.0,0.0,1.0,74.0,1.0,2.0,19.0,17.0,0.27,1.0,92.0,1.0,1.0,11.0,1.0,4.78,2.0,1.0,0.96,0.0,17.0,0.85,0.0,4.0,1
7.0,0.0,1.0,11.0,3.0,4.0,137.0,1.0,0.0,0.0,4.0,0.54,1.0,88.0,2.0,0.0,5.0,1.0,5.09,2.0,1.0,2.31,0.0,6.0,0.9,0.0,1.0,0
0.0,4.0,1.0,0.0,0.0,1.0,53.0,1.0,2.0,0.0,0.0,0.45,4.0,0.0,3.0,1.0,8.0,1.0,7.33,3.0,2.0,1.38,0.0,10.0,0.83,0.0,2.0,0
1.0,1.0,1.0,3.0,0.0,4.0,205.0,1.0,29.0,34.0,3.0,0.65,0.0,91.0,1.0,0.0,4.0,1.0,3.71,1.0,1.0,0.64,0.0,19.0,0.78,0.0,4.0,1
0.0,1.0,1.0,0.0,0.0,3.0,26.0,1.0,0.0,0.0,0.0,5.2,0.0,0.0,0.0,1.0,0.0,0.0,1.0,1.0,1.0,0.0,0.0,6.0,0.85,0.0,0.0,0
0.0,4.0,1.0,1.0,0.0,4.0,42.0,1.0,0.0,0.0,0.0,4.67,0.0,100.0,2.0,1.0,0.0,1.0,1.0,0.0,1.0,0.0,0.0,6.0,0.91,0.0,0.0,0
0.0,0.0,1.0,0.0,0.0,6.0,61.0,1.0,0.0,0.0,6.0,3.05,0.0,0.0,2.0,2.0,0.0,1.0,2.67,1.0,0.0,0.0,0.0,6.0,0.94,0.0,0.0,0
3.0,2.0,3.0,0.0,0.0,2.0,42.0,1.0,0.0,5.0,2.0,0.34,2.0,77.0,1.0,0.0,5.0,2.0,3.43,1.0,2.0,1.89,0.0,6.0,0.97,0.0,1.0,0
0.0,0.0,0.0,11.0,0.0,0.0,20.0,1.0,0.0,0.0,0.0,1.25,0.0,0.0,1.0,0.0,0.0,1.0,0.0,0.0,0.0,0.0,0.0,6.0,0.86,0.0,0.0,0
0.0,0.0,1.0,0.0,0.0,6.0,88.0,1.0,0.0,1.0,8.0,1.31,0.0,25.0,1.0,0.0,5.0,2.0,3.5,0.0,1.0,0.6,0.0,6.0,0.96,0.0,2.0,0
0.0,12.0,1.0,0.0,0.0,3.0,91.0,1.0,0.0,1.0,2.0,1.86,0.0,100.0,0.0,1.0,21.0,0.0,2.93,1.0,1.0,0.0,0.0,6.0,0.94,0.0,2.0,0
0.0,3.0,1.0,0.0,0.0,4.0,35.0,1.0,0.0,0.0,0.0,4.38,0.0,0.0,0.0,1.0,3.0,0.0,3.67,1.0,1.0,0.0,0.0,6.0,0.89,0.0,0.0,0
1.0,0.0,1.0,0.0,0.0,7.0,119.0,1.0,1.0,3.0,9.0,1.51,1.0,54.0,1.0,1.0,9.0,2.0,3.36,1.0,1.0,0.54,0.0,12.0,0.95,0.0,2.0,0
2.0,0.0,1.0,0.0,0.0,5.0,122.0,1.0,2.0,3.0,9.0,0.53,3.0,82.0,1.0,1.0,30.0,3.0,7.31,0.0,0.0,0.93,0.0,52.0,0.98,0.0,1.0,0
2.0,0.0,1.0,0.0,0.0,6.0,58.0,1.0,0.0,0.0,4.0,0.54,1.0,0.0,4.0,0.0,17.0,1.0,6.83,1.0,1.0,0.75,0.0,6.0,0.92,0.0,2.0,1
3.0,3.0,2.0,0.0,1.0,10.0,379.0,1.0,6.0,10.0,18.0,0.55,4.0,86.0,3.0,3.0,28.0,1.0,5.83,1.0,1.0,2.38,0.0,6.0,0.99,0.0,2.0,1
0.0,0.0,1.0,1.0,0.0,5.0,45.0,1.0,0.0,1.0,4.0,1.15,0.0,62.0,2.0,2.0,2.0,1.0,2.75,1.0,1.0,0.67,0.0,6.0,0.94,0.0,0.0,0
0.0,2.0,1.0,0.0,0.0,7.0,149.0,1.0,2.0,4.0,11.0,1.32,0.0,73.0,3.0,0.0,9.0,1.0,2.93,0.0,1.0,0.59,0.0,15.0,0.94,0.0,3.0,1
1.0,1.0,1.0,0.0,0.0,22.0,118.0,1.0,0.0,20.0,2.0,0.52,5.0,50.0,4.0,0.0,18.0,1.0,14.75,1.0,2.0,1.33,0.0,32.0,0.88,0.0,2.0,1
0.0,0.0,1.0,0.0,1.0,11.0,448.0,1.0,1.0,0.0,34.0,0.88,0.0,0.0,1.0,0.0,56.0,1.0,7.2,1.0,1.0,0.0,0.0,6.0,0.96,0.0,2.0,1
0.0,0.0,1.0,0.0,0.0,4.0,30.0,1.0,0.0,5.0,2.0,0.54,0.0,50.0,3.0,1.0,3.0,1.0,8.5,1.0,2.0,0.0,0.0,6.0,0.9,0.0,1.0,0
0.0,0.0,1.0,0.0,0.0,3.0,51.0,1.0,1.0,5.0,6.0,0.37,0.0,60.0,4.0,2.0,3.0,1.0,8.14,0.0,1.0,0.78,0.0,6.0,0.91,0.0,1.0,0
0.0,1.0,2.0,0.0,0.0,1.0,27.0,1.0,0.0,6.0,7.0,0.2,0.0,52.0,1.0,0.0,15.0,2.0,4.62,1.0,2.0,1.3,0.0,6.0,0.97,0.0,1.0,0
2.0,0.0,1.0,0.0,0.0,7.0,258.0,1.0,0.0,12.0,23.0,1.69,0.0,91.0,1.0,0.0,9.0,2.0,1.84,0.0,1.0,0.52,0.0,6.0,0.99,0.0,1.0,0
0.0,0.0,1.0,0.0,0.0,3.0,40.0,1.0,0.0,1.0,5.0,1.33,0.0,19.0,2.0,1.0,0.0,1.0,3.4,2.0,1.0,1.12,0.0,6.0,0.93,0.0,0.0,0
0.0,0.0,1.0,0.0,0.0,0.0,24.0,1.0,0.0,0.0,8.0,0.39,0.0,0.0,2.0,0.0,0.0,1.0,4.25,0.0,1.0,0.7,0.0,6.0,0.94,0.0,0.0,0
0.0,0.0,1.0,0.0,0.0,1.0,34.0,1.0,1.0,0.0,8.0,0.39,0.0,0.0,2.0,0.0,0.0,1.0,3.78,0.0,1.0,0.73,0.0,6.0,0.96,0.0,1.0,0
8.0,1.0,1.0,2.0,10.0,3.0,57.0,1.0,0.0,0.0,1.0,0.11,5.0,80.0,1.0,0.0,2.0,1.0,3.7,2.0,1.0,1.83,0.0,9.0,0.92,0.0,1.0,0
8.0,0.0,1.0,2.0,10.0,0.0,27.0,1.0,1.0,0.0,1.0,0.15,5.0,85.0,1.0,0.0,4.0,1.0,2.0,1.0,1.0,1.33,0.0,299.0,0.98,0.0,1.0,1
4.0,5.0,1.0,2.0,10.0,1.0,32.0,1.0,0.0,0.0,1.0,0.14,2.0,90.0,1.0,0.0,2.0,1.0,4.3,1.0,3.0,2.0,0.0,6.0,0.87,0.0,1.0,0
0.0,0.0,1.0,0.0,1.0,5.0,63.0,1.0,2.0,0.0,6.0,0.71,1.0,0.0,4.0,0.0,2.0,1.0,1.75,0.0,2.0,0.8,0.0,177.0,1.0,0.0,0.0,0
1.0,0.0,1.0,8.0,2.0,12.0,44.0,1.0,0.0,0.0,1.0,0.21,10.0,50.0,1.0,0.0,2.0,1.0,13.0,2.0,6.0,2.5,1.0,6.0,0.94,0.0,0.0,0
4.0,0.0,1.0,5.0,5.0,3.0,40.0,1.0,0.0,0.0,1.0,0.27,3.0,68.0,1.0,0.0,1.0,1.0,3.6,2.0,4.0,2.29,0.0,6.0,0.97,0.0,1.0,0
1.0,1.0,1.0,0.0,1.0,0.0,25.0,1.0,0.0,0.0,1.0,0.78,0.0,0.0,2.0,0.0,2.0,1.0,1.67,1.0,2.0,0.6,0.0,6.0,0.92,0.0,0.0,0
19.0,14.0,2.0,5.0,35.0,7.0,306.0,1.0,0.0,1.0,2.0,0.23,7.0,95.0,1.0,0.0,4.0,1.0,6.2,2.0,1.0,1.84,0.0,6.0,0.7,0.0,2.0,1
1.0,0.0,1.0,0.0,1.0,5.0,55.0,1.0,0.0,0.0,6.0,0.85,1.0,0.0,4.0,0.0,1.0,1.0,1.29,0.0,1.0,0.0,0.0,150.0,1.0,0.0,0.0,0
0.0,2.0,1.0,0.0,0.0,8.0,162.0,1.0,0.0,1.0,14.0,2.19,0.0,12.0,1.0,1.0,2.0,2.0,1.62,0.0,1.0,0.11,0.0,6.0,0.98,0.0,1.0,0
1.0,0.0,1.0,1.0,1.0,0.0,46.0,1.0,0.0,4.0,9.0,0.77,0.0,78.0,1.0,0.0,0.0,1.0,2.2,0.0,1.0,0.58,0.0,6.0,0.95,0.0,1.0,0
3.0,1.0,1.0,0.0,18.0,0.0,25.0,1.0,0.0,0.0,15.0,0.16,0.0,0.0,1.0,0.0,2.0,1.0,0.79,0.0,0.0,0.57,0.0,12.0,0.97,0.0,1.0,0
0.0,0.0,1.0,0.0,0.0,8.0,48.0,1.0,0.0,0.0,3.0,6.0,0.0,0.0,0.0,2.0,1.0,0.0,1.0,1.0,1.0,0.0,0.0,6.0,1.0,0.0,0.0,0
0.8,0.8,1.8,1.0,1.0,1.4,29.61,1.0,0.0,4.8,5.8,0.21,0.6,55.21,1.0,0.0,12.19,1.8,4.42,1.2,2.4,1.5,0.0,6.0,0.97,0.0,1.0,0
4.91,3.43,2.88,0.6,4.17,2.6,73.46,1.0,0.0,4.52,2.0,0.33,2.6,79.14,1.0,0.0,4.88,1.88,3.76,1.12,1.88,1.88,0.0,6.0,0.94,0.0,1.12,0
5.84,0.0,1.0,8.68,3.77,3.61,99.5,1.0,0.0,0.0,2.84,0.44,1.77,80.27,1.61,0.0,3.45,1.0,4.51,2.0,2.16,2.3,0.0,6.0,0.93,0.0,1.0,0
1.39,1.0,2.0,0.46,0.0,1.0,48.83,1.0,0.93,12.04,11.65,0.23,0.46,70.58,1.0,0.46,13.14,1.54,4.7,1.46,1.54,1.14,0.0,11.11,0.91,0.0,2.39,0
2.44,0.44,1.0,0.0,7.99,3.34,43.34,1.0,0.0,0.0,8.89,0.37,0.56,0.0,2.67,0.0,10.34,1.0,4.15,0.56,0.56,0.67,0.0,8.66,0.95,0.0,1.56,0
0.15,10.2,1.0,1.2,0.3,4.35,83.94,1.0,0.0,0.85,1.85,1.61,1.5,92.48,0.15,0.85,18.14,0.15,4.44,1.15,1.75,0.38,0.15,6.0,0.94,0.0,1.7,0
0.0,0.18,1.18,0.0,0.0,1.0,32.71,1.0,0.82,1.1,7.82,0.36,0.0,9.56,1.82,0.0,2.76,1.18,3.93,0.18,1.18,0.83,0.0,6.0,0.96,0.0,1.0,0
0.0,1.76,1.0,0.0,0.0,7.03,145.32,1.0,0.0,0.88,13.27,1.97,0.0,10.55,1.12,0.88,1.76,1.88,1.94,0.0,1.0,0.18,0.0,6.0,0.97,0.0,0.88,0
0.29,0.0,1.0,0.0,0.29,2.15,40.06,1.0,0.71,0.0,7.42,0.52,0.29,0.0,2.58,0.0,0.29,1.0,3.06,0.0,1.0,0.52,0.0,47.54,0.97,0.0,0.71,0
1.29,1.29,1.43,0.0,0.43,4.87,182.3,1.0,3.15,4.3,12.3,0.46,1.72,36.97,2.43,1.29,12.04,1.0,4.66,0.43,1.0,1.44,0.0,6.0,0.97,0.0,1.43,0
0.0,0.0,1.0,0.0,0.0,2.06,37.17,1.0,0.47,0.53,6.42,0.89,0.0,10.03,2.0,0.53,0.0,1.0,3.58,1.06,1.0,0.94,0.0,6.0,0.94,0.0,0.47,0
0.91,0.09,1.0,7.24,1.81,11.15,42.29,1.0,0.0,0.0,0.91,0.68,9.05,45.26,0.91,0.09,1.81,0.91,11.86,1.91,5.53,2.26,0.91,6.0,0.93,0.0,0.0,0
7.0,0.0,1.0,1.67,8.33,1.0,32.17,1.0,0.83,0.0,1.5,0.21,4.33,70.84,1.5,0.0,6.17,1.0,2.81,1.0,1.0,1.24,0.0,250.18,0.97,0.0,1.17,1
0.0,0.47,1.0,0.12,0.0,1.35,34.93,1.0,0.88,0.0,7.07,0.89,0.0,11.66,2.0,0.12,0.0,1.0,3.45,0.0,1.0,0.64,0.0,6.0,0.95,0.0,0.88,0
0.0,0.0,1.0,0.0,0.0,3.88,39.75,1.0,0.59,0.0,5.95,2.7,0.0,0.0,1.18,0.82,0.41,0.59,2.64,0.41,1.0,0.43,0.0,6.0,0.97,0.0,0.59,0
3.33,2.87,1.93,0.13,1.6,9.54,357.68,1.0,5.6,9.34,16.87,0.52,4.07,85.6,2.87,2.8,26.28,1.0,5.69,1.07,1.0,2.34,0.0,6.2,0.99,0.0,1.93,1
0.54,0.0,0.27,8.01,0.0,1.36,47.72,1.0,0.54,0.82,2.45,1.05,0.82,22.29,1.0,0.27,8.15,1.54,1.99,0.0,0.0,0.25,0.0,18.5,0.9,0.0,0.27,0
18.65,13.74,1.96,5.11,34.35,6.87,300.7,1.0,0.0,0.98,1.96,0.25,6.87,93.24,1.0,0.0,3.93,1.0,6.09,1.96,0.98,1.8,0.0,6.0,0.7,0.0,1.96,1
0.24,0.0,1.0,1.9,0.47,2.84,28.74,1.0,0.0,0.0,6.34,0.35,2.37,11.85,1.76,0.0,0.47,1.0,6.32,0.47,2.18,1.13,0.24,6.0,0.94,0.0,0.0,0
0.0,10.8,1.0,0.0,0.0,3.0,87.0,1.0,0.1,1.4,2.4,1.71,0.0,96.0,0.4,1.1,19.2,0.1,3.45,0.9,1.0,0.08,0.0,6.0,0.93,0.0,1.9,0
0.0,2.0,1.0,0.0,0.0,8.0,162.0,1.0,0.0,1.0,14.0,2.19,0.0,12.0,1.0,1.0,2.0,2.0,1.62,0.0,1.0,0.11,0.0,6.0,0.98,0.0,1.0,0
2.37,0.37,1.0,0.0,6.67,3.15,86.07,1.0,1.26,1.89,11.22,0.39,1.89,51.62,1.0,0.63,19.63,2.26,4.89,0.0,0.0,0.8,0.0,37.18,0.98,0.0,1.0,0
0.0,1.7,1.0,0.0,0.0,7.24,145.08,1.0,0.15,1.61,12.78,1.91,0.0,19.32,1.46,1.15,2.15,1.85,2.62,0.0,1.0,0.21,0.0,6.0,0.97,0.0,1.0,0
1.41,1.41,1.47,0.0,0.47,6.82,193.91,1.0,2.82,7.35,9.51,0.54,1.88,66.91,3.0,1.94,14.74,1.0,7.25,1.0,1.53,1.12,0.0,6.0,0.95,0.0,1.47,1
1.28,0.36,1.0,0.0,0.0,4.28,87.25,1.0,1.28,1.91,5.74,2.22,1.91,52.32,0.64,1.0,19.14,1.91,5.02,0.36,0.36,0.6,0.0,35.35,0.93,0.0,0.64,0
0.0,0.0,1.0,0.99,0.0,4.97,45.08,1.0,0.01,1.05,4.03,1.14,0.0,61.97,2.03,2.0,2.01,1.0,2.82,0.99,1.0,0.67,0.0,6.0,0.94,0.0,0.01,0
0.03,0.03,1.0,0.0,0.03,2.9,50.16,1.0,0.97,4.84,5.84,0.38,0.0,58.05,3.94,1.94,2.97,1.0,7.93,0.03,1.03,0.77,0.0,6.0,0.91,0.0,0.97,0
0.0,2.89,1.0,0.0,0.04,4.04,35.99,1.0,0.07,0.0,0.21,4.25,0.04,0.0,0.14,0.96,2.96,0.04,3.6,0.96,1.04,0.03,0.0,12.03,0.9,0.0,0.0,0
0.0,0.62,1.0,0.0,0.79,9.55,362.55,1.0,0.79,0.0,26.97,1.6,0.0,0.0,0.79,0.21,45.03,0.79,6.47,1.0,1.0,0.0,0.0,6.0,0.95,0.0,1.59,0
8.49,5.83,1.42,2.08,15.15,5.83,159.47,1.0,0.0,0.42,4.34,0.59,3.5,39.54,2.75,0.0,2.25,1.0,3.33,0.83,1.0,0.76,0.0,90.07,0.87,0.0,0.83,0
15.99,11.78,1.84,4.21,29.46,6.37,263.86,1.0,0.0,1.0,2.48,0.4,5.89,82.96,1.16,0.16,3.37,1.0,5.76,2.0,1.0,1.72,0.0,6.0,0.73,0.0,1.68,1
1.45,1.81,1.0,0.72,4.26,3.55,51.77,1.0,1.28,0.0,4.19,0.5,1.36,32.59,2.91,0.0,2.0,1.0,2.67,0.36,2.36,1.23,0.0,115.07,0.95,0.0,0.36,0
0.0,0.0,1.0,0.0,0.0,5.58,81.33,1.0,0.0,1.0,7.58,1.31,0.0,24.17,1.14,0.14,4.31,1.86,3.49,0.28,1.0,0.67,0.0,6.0,0.95,0.0,1.72,0
2.28,0.82,1.0,0.37,1.83,17.98,101.39,1.0,0.18,16.35,1.82,0.45,5.0,56.39,3.45,0.0,15.44,1.0,12.42,1.0,1.82,1.33,0.0,80.73,0.9,0.0,1.82,1
0.41,2.35,1.0,0.0,0.41,2.65,53.83,1.0,1.17,0.0,2.48,0.62,2.76,0.0,3.41,0.59,5.11,1.0,4.83,1.76,1.59,0.81,0.0,67.89,0.9,0.0,1.17,0
0.0,0.0,0.45,6.05,0.0,2.7,50.59,1.0,0.0,0.45,3.6,1.28,0.0,11.25,1.0,0.0,2.25,1.45,1.57,0.0,0.45,0.27,0.0,6.0,0.91,0.0,0.9,0
0.0,3.12,1.0,0.56,0.0,5.75,94.64,1.0,0.0,0.44,6.14,3.58,0.0,61.4,1.56,1.0,0.88,1.44,1.27,0.0,1.0,0.05,0.0,6.0,0.94,0.0,0.44,0
2.7,2.1,2.8,0.0,0.0,2.2,41.3,1.0,0.0,4.5,1.8,0.74,1.8,69.32,0.9,0.1,4.8,1.8,3.45,1.0,1.9,1.7,0.0,6.0,0.96,0.0,0.9,0
0.69,3.73,1.0,0.69,0.69,0.93,59.99,1.0,0.0,3.07,6.82,1.11,0.0,84.84,0.69,0.31,6.53,0.69,2.43,0.31,1.0,0.4,0.0,6.0,0.95,0.0,1.31,0
1.34,0.0,1.0,0.0,0.0,7.0,165.9,1.0,0.66,6.04,13.72,1.57,0.66,66.49,1.0,0.66,9.0,2.0,2.85,0.66,1.0,0.53,0.0,9.98,0.96,0.0,1.66,0
2.79,0.93,1.0,0.07,16.77,0.34,26.37,1.0,0.0,0.07,14.25,0.23,0.0,4.25,1.07,0.14,2.0,1.0,0.92,0.07,0.07,0.58,0.0,11.59,0.97,0.0,0.93,0
0.0,0.0,1.0,0.0,1.0,11.0,448.0,1.0,1.0,0.0,34.0,0.88,0.0,0.0,1.0,0.0,56.0,1.0,7.2,1.0,1.0,0.0,0.0,6.0,0.96,0.0,2.0,1
1.44,0.34,1.02,0.12,1.83,5.05,61.16,1.0,0.0,0.02,5.9,0.83,1.15,2.33,3.93,0.0,1.07,1.0,1.41,0.05,1.0,0.05,0.0,146.47,0.99,0.0,0.05,0
6.64,0.17,1.0,1.66,8.3,0.51,26.83,1.0,0.83,0.0,0.83,1.01,4.15,70.56,0.83,0.17,3.32,0.83,1.83,1.0,1.0,1.11,0.0,249.21,0.96,0.0,0.83,1
0.0,4.0,1.0,0.39,0.0,2.16,48.76,1.0,1.23,0.0,0.0,2.08,2.46,38.56,2.61,1.0,4.92,1.0,4.89,1.84,1.61,0.84,0.0,8.46,0.86,0.0,1.23,0
0.92,0.0,1.0,0.0,1.0,5.48,86.46,1.0,0.08,0.0,8.24,0.85,0.92,0.0,3.76,0.0,5.4,1.0,1.76,0.08,1.0,0.0,0.0,138.47,1.0,0.0,0.16,0
0.0,0.57,1.57,0.0,0.0,1.86,32.57,1.0,0.0,3.86,6.14,0.68,0.0,37.86,1.43,0.43,8.57,1.57,4.1,1.43,1.57,1.23,0.0,6.0,0.95,0.0,0.57,0
6.54,0.0,1.0,10.16,2.77,4.23,135.62,1.0,0.08,0.23,4.38,0.61,1.0,85.39,1.92,0.08,5.31,1.08,4.96,1.92,1.0,2.17,0.0,6.46,0.9,0.0,1.08,0
4.76,0.0,1.0,7.8,2.04,4.32,107.59,1.0,0.0,0.32,4.0,0.73,0.68,79.69,2.0,0.64,4.04,1.0,4.34,1.68,1.0,1.78,0.0,6.0,0.91,0.0,0.68,0
0.0,0.7,1.0,0.17,0.0,1.52,35.4,1.0,0.83,0.0,6.6,1.14,0.0,17.45,2.0,0.17,0.0,1.0,3.29,0.0,1.0,0.6,0.0,6.0,0.95,0.0,0.83,0
0.23,0.0,1.0,0.0,0.0,3.91,57.92,1.0,0.23,1.45,5.91,1.37,0.23,26.94,1.77,1.0,2.04,1.23,3.39,1.77,1.0,0.99,0.0,7.36,0.93,0.0,0.45,0
0.69,4.39,1.0,2.08,0.0,3.69,169.9,1.0,20.07,23.84,2.69,1.02,0.0,93.77,0.69,0.31,9.23,0.69,3.47,1.0,1.0,0.44,0.0,15.0,0.83,0.0,3.38,1
3.27,0.0,1.0,1.41,4.08,2.96,37.65,1.0,0.41,0.59,2.77,0.74,2.04,71.39,1.59,1.18,2.82,1.0,2.44,1.0,1.0,0.94,0.0,125.66,0.95,0.0,0.41,0
0.99,0.17,1.0,0.99,0.99,0.04,46.62,1.0,0.0,3.96,8.9,0.79,0.0,78.3,0.99,0.01,0.29,0.99,2.21,0.01,1.0,0.58,0.0,6.0,0.95,0.0,1.01,0
0.53,1.88,1.0,0.47,0.0,5.59,82.82,1.0,0.53,1.59,4.77,2.99,0.53,75.61,1.47,1.0,4.77,1.53,2.25,0.53,1.0,0.29,0.0,9.18,0.93,0.0,1.06,0
3.46,4.6,1.0,1.73,8.65,1.94,49.54,1.0,0.0,0.13,2.75,0.42,1.73,79.47,1.0,0.13,2.0,1.13,3.94,0.87,2.73,1.74,0.0,6.0,0.88,0.0,1.0,0
2.23,1.26,1.74,0.74,0.0,2.81,96.7,1.0,1.48,14.36,16.23,0.77,0.74,71.36,1.0,1.0,8.68,1.26,3.97,1.48,1.0,0.74,0.0,14.16,0.88,0.0,3.23,1
4.0,4.81,1.0,2.12,9.81,1.08,32.31,1.0,0.0,0.0,1.0,0.15,2.04,89.15,1.0,0.0,1.96,1.0,4.27,1.04,3.04,2.01,0.0,6.0,0.87,0.0,1.0,0
1.0,0.0,1.0,0.0,0.69,5.61,74.59,1.0,0.31,0.92,6.92,1.05,1.0,16.53,3.08,0.31,3.45,1.31,1.92,0.31,1.0,0.16,0.0,107.77,0.98,0.0,0.61,0
0.51,0.0,1.0,0.0,0.51,6.48,51.55,1.0,0.0,0.0,4.52,3.39,0.51,0.0,2.03,0.99,1.0,0.51,1.14,0.49,1.0,0.0,0.0,78.93,1.0,0.0,0.0,0
0.0,0.62,1.0,0.0,0.0,3.18,73.91,1.0,0.69,0.31,9.87,0.95,0.0,3.74,1.69,0.31,0.62,1.31,3.11,0.0,1.0,0.53,0.0,6.0,0.96,0.0,1.0,0
1.87,0.0,1.0,0.06,0.0,6.87,244.22,1.0,0.0,11.29,21.77,1.66,0.0,89.12,1.06,0.13,8.55,1.94,1.9,0.06,1.0,0.53,0.0,6.0,0.98,0.0,0.94,0
0.0,4.0,1.0,0.0,0.0,1.0,53.0,1.0,2.0,0.0,0.0,0.45,4.0,0.0,3.0,1.0,8.0,1.0,7.33,3.0,2.0,1.38,0.0,10.0,0.83,0.0,2.0,0
3.08,3.78,1.0,2.31,6.95,1.92,84.81,1.0,8.85,10.38,1.61,0.3,1.39,90.31,1.0,0.0,2.61,1.0,4.12,1.0,2.39,1.58,0.0,9.97,0.84,0.0,1.92,0
2.34,0.0,1.0,0.86,0.86,5.49,54.92,1.0,0.0,0.0,3.49,0.49,1.34,11.64,3.49,0.0,14.26,1.0,6.28,1.17,1.51,1.01,0.0,6.0,0.93,0.0,1.83,0
1.06,1.33,1.0,0.53,2.65,6.14,43.76,1.0,0.0,0.0,2.47,4.45,0.53,23.86,0.27,1.47,1.27,0.27,1.87,1.0,1.53,0.53,0.0,6.0,0.97,0.0,0.27,0
1.95,0.07,1.0,0.0,0.0,5.95,57.47,1.0,0.0,0.0,3.91,0.63,0.98,0.0,3.91,0.02,16.68,0.98,6.76,1.0,1.0,0.73,0.0,6.0,0.92,0.0,1.95,1
3.5,3.0,1.0,1.0,14.0,0.5,28.5,1.0,0.0,0.0,7.99,0.15,1.0,45.03,1.0,0.0,2.0,1.0,2.55,0.5,1.5,1.29,0.0,9.0,0.92,0.0,1.0,0
2.67,4.0,1.0,3.33,3.33,3.0,57.02,1.0,0.0,0.33,1.33,0.8,2.0,78.68,0.67,0.33,7.67,0.67,3.38,1.67,3.0,1.52,0.0,6.0,0.96,0.0,1.33,0
1.0,0.0,1.0,0.68,0.68,2.27,69.66,1.0,0.32,3.68,9.0,1.01,0.32,70.22,1.0,0.32,2.92,1.32,2.58,0.32,1.0,0.57,0.0,7.94,0.95,0.0,1.32,0
0.0,0.0,1.0,0.0,0.0,2.4,45.9,1.0,1.0,3.5,6.6,0.38,0.0,42.0,3.4,1.4,2.1,1.0,6.83,0.0,1.0,0.76,0.0,6.0,0.93,0.0,1.0,0
1.18,0.82,1.0,0.0,0.0,6.41,95.35,1.0,0.82,1.64,6.87,0.86,0.59,29.96,3.59,0.0,13.72,1.0,5.23,0.59,1.0,0.68,0.0,9.69,0.93,0.0,2.41,1
6.08,1.72,1.0,1.76,7.6,3.24,53.4,1.0,0.0,0.0,0.76,1.21,3.8,84.81,1.24,0.24,1.52,1.0,3.05,1.52,1.0,1.39,0.0,8.28,0.92,0.0,0.76,0
1.74,0.52,1.0,0.0,0.0,4.48,113.01,1.0,2.0,2.61,7.83,0.52,3.13,71.31,1.26,1.0,27.13,2.74,7.31,0.39,0.26,0.99,0.0,46.53,0.96,0.0,1.13,0
1.07,1.0,1.0,0.27,1.34,3.0,30.17,1.0,0.0,0.0,0.13,4.52,0.67,10.75,0.13,0.87,0.27,0.13,1.36,1.13,1.0,0.25,0.0,6.4,0.86,0.0,0.13,0
0.0,0.0,1.0,0.0,0.71,5.29,62.42,1.0,1.42,0.0,6.0,1.39,0.71,0.0,3.42,0.58,1.42,1.0,2.01,0.29,1.42,0.57,0.0,127.65,0.98,0.0,0.0,0
0.64,0.36,1.36,0.0,0.64,3.56,44.95,1.0,0.0,2.15,6.36,0.62,0.64,18.67,2.92,0.0,6.03,1.36,2.48,0.36,1.36,0.47,0.0,98.31,0.99,0.0,0.36,0
3.98,0.43,1.0,0.85,4.25,5.3,92.64,1.0,0.57,1.72,5.6,0.91,2.7,65.05,1.0,0.57,6.02,1.57,3.51,1.43,1.0,1.09,0.0,10.72,0.93,0.0,1.57,0
4.0,5.0,1.0,2.0,10.0,1.0,32.0,1.0,0.0,0.0,1.0,0.14,2.0,90.0,1.0,0.0,2.0,1.0,4.3,1.0,3.0,2.0,0.0,6.0,0.87,0.0,1.0,0
1.41,0.0,1.0,0.0,0.0,5.11,52.66,1.0,0.0,0.3,4.3,0.77,0.7,5.64,3.41,0.3,11.95,1.0,5.81,1.3,1.0,0.86,0.0,6.0,0.92,0.0,1.41,0
1.0,0.4,1.0,0.0,1.0,3.0,43.02,1.0,0.0,0.0,4.0,0.82,0.6,0.0,3.2,0.0,1.4,1.0,1.44,0.4,1.4,0.24,0.0,92.48,0.97,0.0,0.0,0
0.27,0.27,1.0,0.0,0.27,0.73,31.57,1.0,0.73,0.0,6.11,0.5,0.0,0.0,2.0,0.0,0.54,1.0,3.21,0.27,1.27,0.69,0.0,6.0,0.95,0.0,0.73,0
1.13,0.0,1.0,0.0,0.0,6.0,59.31,1.0,0.0,0.0,4.87,1.63,0.56,0.0,3.13,0.87,9.6,1.0,5.02,1.0,0.56,0.42,0.0,6.0,0.93,0.0,1.13,0
0.42,2.32,1.0,0.0,0.0,3.53,80.78,1.0,1.58,1.26,3.79,0.9,2.74,22.73,2.16,1.0,8.42,1.42,5.66,2.16,1.58,1.02,0.0,10.84,0.88,0.0,2.0,0
0.0,3.66,1.0,0.08,0.0,1.34,52.32,1.0,1.83,0.08,0.34,0.51,3.66,5.24,2.92,1.08,7.49,1.0,6.95,2.83,1.92,1.32,0.0,9.66,0.84,0.0,1.83,0
0.82,0.82,0.82,4.45,0.0,3.28,171.54,1.0,23.75,27.85,2.46,0.76,0.0,74.54,1.0,0.0,3.28,1.0,3.04,0.82,0.82,0.52,0.0,16.65,0.8,0.0,3.28,0
5.15,2.75,2.0,1.54,4.7,1.81,105.17,1.0,1.73,16.58,14.99,0.26,1.81,92.4,1.0,0.87,10.06,1.0,4.97,2.0,1.0,1.08,0.0,15.52,0.83,0.0,3.73,1
1.0,0.0,1.0,0.0,0.24,6.53,103.94,1.0,0.76,2.29,8.29,1.35,1.0,41.3,1.71,0.76,7.12,1.76,2.87,0.76,1.0,0.41,0.0,44.46,0.96,0.0,1.53,0
3.21,0.0,0.4,7.39,4.01,0.0,22.81,1.0,0.4,0.0,0.4,0.81,2.0,34.08,1.0,0.0,1.6,1.0,0.8,0.4,0.4,0.53,0.0,123.49,0.91,0.0,0.4,0
0.0,0.0,1.0,0.0,1.0,11.0,448.0,1.0,1.0,0.0,34.0,0.88,0.0,0.0,1.0,0.0,56.0,1.0,7.2,1.0,1.0,0.0,0.0,6.0,0.96,0.0,2.0,1
6.96,0.21,1.21,1.79,7.92,0.21,36.79,1.0,1.21,3.96,4.33,0.17,4.17,86.46,1.0,0.21,5.46,1.0,2.58,1.21,1.0,1.26,0.0,240.28,0.95,0.0,1.62,1
0.54,2.87,1.0,0.13,0.67,3.93,36.48,1.0,0.0,0.0,0.07,4.09,0.34,5.37,0.07,0.93,2.93,0.07,3.67,1.07,1.0,0.12,0.0,6.2,0.89,0.0,0.07,0
0.37,10.65,1.0,0.0,2.21,2.63,82.89,1.0,0.0,0.88,3.6,1.65,0.0,87.72,0.12,0.88,18.67,0.12,2.67,0.88,0.88,0.07,0.0,6.74,0.94,0.0,1.88,0
0.55,0.55,1.0,0.0,0.55,1.34,31.71,1.0,0.0,0.45,2.79,1.03,0.0,8.5,2.0,0.45,1.11,1.0,2.44,1.45,1.55,0.83,0.0,6.0,0.92,0.0,0.0,0
0.0,0.83,1.0,0.0,0.0,2.48,25.66,1.0,0.0,0.0,1.37,4.37,0.0,0.0,0.34,0.83,0.0,0.17,1.56,0.83,1.0,0.12,0.0,6.0,0.87,0.0,0.0,0
0.0,0.0,1.0,0.0,0.92,4.61,59.96,1.0,1.84,0.0,6.16,0.69,0.92,0.0,3.84,0.0,1.84,1.0,1.94,0.0,1.92,0.79,0.0,163.69,1.0,0.0,0.0,0
0.99,0.02,1.0,0.01,0.0,6.98,118.56,1.0,0.99,2.98,8.95,1.53,0.99,54.27,1.01,1.0,8.95,1.99,3.35,0.99,1.0,0.54,0.0,11.97,0.95,0.0,1.99,0
0.16,3.68,1.0,0.0,0.0,1.4,53.4,1.0,1.84,0.0,0.32,0.46,3.76,0.0,3.08,0.92,8.71,1.0,7.29,2.84,1.92,1.33,0.0,9.68,0.83,0.0,2.0,0
0.0,3.58,1.0,0.0,0.0,1.21,52.79,1.0,1.9,0.52,0.63,0.44,3.58,6.29,3.1,1.1,7.48,1.0,7.42,2.69,1.9,1.31,0.0,9.58,0.84,0.0,1.9,0
0.9,1.12,1.0,0.45,2.25,4.88,75.42,1.0,0.0,0.78,6.43,1.05,0.45,39.61,1.0,0.0,4.33,1.78,3.68,0.22,1.45,0.91,0.0,6.0,0.94,0.0,1.78,0
0.74,0.0,1.0,0.0,0.0,7.63,125.38,1.0,0.0,4.42,10.37,4.41,0.0,33.53,0.37,1.26,3.95,0.74,1.31,0.63,1.0,0.19,0.0,6.0,1.0,0.0,0.37,0
0.31,2.75,1.0,0.69,0.31,4.31,46.05,1.0,0.0,0.0,1.87,3.48,0.31,68.83,2.62,0.69,0.31,1.0,1.09,0.0,1.0,0.0,0.0,50.89,0.94,0.0,0.0,0
0.04,0.96,1.0,0.0,0.04,3.07,27.03,1.0,0.0,0.0,0.21,5.05,0.04,0.0,0.14,0.96,0.04,0.04,1.01,0.96,1.0,0.0,0.0,11.13,0.86,0.0,0.0,0
0.0,0.0,1.0,0.0,0.0,5.19,48.47,1.0,0.0,2.02,4.38,2.04,0.0,20.21,2.4,1.6,1.21,1.0,5.02,1.0,0.81,0.0,0.0,6.0,0.92,0.0,0.4,0
2.85,1.9,2.9,0.0,0.0,2.21,42.98,1.0,0.0,4.74,2.21,0.48,1.9,73.04,1.05,0.1,4.74,1.95,3.39,1.0,1.9,1.79,0.0,6.0,0.97,0.0,0.95,0
2.0,0.0,1.0,0.0,0.0,6.65,187.78,1.0,0.0,7.79,16.33,1.29,0.35,59.05,2.05,0.0,11.81,1.65,3.59,0.35,1.0,0.6,0.0,6.0,0.97,0.0,1.35,0
18.51,13.54,1.97,5.0,34.02,6.87,297.32,1.0,0.0,0.97,1.97,0.23,6.87,94.12,1.0,0.0,3.9,1.0,6.12,2.0,1.1,1.85,0.0,6.0,0.71,0.0,1.97,1
5.86,0.0,1.0,1.29,6.43,2.5,109.46,1.0,0.64,4.28,8.85,0.7,3.22,87.14,1.0,0.0,5.78,1.36,1.94,0.64,1.0,1.04,0.0,194.4,0.98,0.0,1.0,0
2.01,1.0,1.0,0.0,9.06,10.93,71.21,1.0,0.0,9.94,8.54,0.34,2.48,24.84,2.49,0.0,9.95,1.0,7.73,0.5,0.99,0.95,0.0,21.94,0.93,0.0,1.5,0
0.0,0.52,1.0,0.0,0.87,9.7,396.47,1.0,1.13,0.0,29.56,0.82,0.52,0.0,1.26,0.13,49.74,1.0,7.22,1.26,1.13,0.18,0.0,6.52,0.95,0.0,2.0,1
4.13,1.48,1.0,1.03,5.16,5.42,107.85,1.0,0.0,0.48,7.3,1.12,2.58,47.07,1.0,0.48,2.0,1.48,2.7,1.03,1.0,1.0,0.0,7.55,0.95,0.0,1.0,0
4.68,0.58,1.0,1.17,5.85,1.75,43.3,1.0,0.0,0.0,3.91,0.23,2.92,46.79,1.42,0.0,1.17,1.0,3.93,1.17,1.0,1.36,0.0,7.75,0.93,0.0,0.58,0
4.65,0.0,1.0,6.29,4.57,3.22,60.91,1.0,0.0,0.0,1.65,0.33,2.57,72.31,1.22,0.0,1.86,1.0,3.92,2.0,3.35,2.29,0.0,6.0,0.96,0.0,1.0,0
7.53,1.47,1.0,2.0,10.0,2.76,54.05,1.0,0.0,0.0,1.0,0.11,4.65,81.18,1.0,0.0,2.0,1.0,3.77,1.88,1.24,1.85,0.0,8.65,0.91,0.0,1.0,0
2.2,0.2,1.2,0.2,0.0,5.0,61.19,1.0,0.4,3.78,6.59,0.49,1.0,18.32,3.4,0.2,15.8,1.0,6.42,1.2,1.0,0.79,0.0,8.19,0.91,0.0,2.4,1
1.84,1.42,1.84,0.0,0.0,13.56,85.91,1.0,0.0,13.67,2.0,0.44,3.73,61.4,2.73,0.0,12.51,1.42,9.97,1.0,2.0,1.57,0.0,21.02,0.92,0.0,1.58,1
0.0,3.97,1.0,0.97,0.0,4.0,41.76,1.0,0.0,0.0,0.0,4.66,0.0,96.53,1.93,1.0,0.1,0.97,1.09,0.03,1.0,0.0,0.0,6.0,0.91,0.0,0.0,0
0.0,0.0,1.0,0.0,0.88,4.77,61.62,1.0,1.88,0.58,6.0,0.67,0.88,6.9,4.0,0.23,2.12,1.0,2.49,0.0,1.88,0.8,0.0,157.33,0.99,0.0,0.12,0
0.58,0.0,0.29,7.79,0.0,1.75,31.11,1.0,0.0,0.0,1.17,1.04,0.29,0.0,1.88,0.0,4.97,1.0,2.0,0.29,0.29,0.22,0.0,6.0,0.88,0.0,0.58,0
0.86,0.0,1.0,0.21,1.07,0.0,24.32,1.0,0.11,0.0,7.25,0.36,0.54,9.12,1.89,0.0,0.43,1.0,4.01,0.11,1.0,0.77,0.0,37.42,0.94,0.0,0.11,0
0.0,0.0,1.0,0.0,0.0,3.81,52.95,1.0,0.0,1.0,5.81,1.32,0.0,20.62,1.73,0.73,1.35,1.27,3.43,1.46,1.0,0.98,0.0,6.0,0.93,0.0,0.54,0
5.62,0.0,0.8,11.0,2.41,3.21,113.99,1.0,0.0,0.0,3.21,0.68,0.8,70.69,1.8,0.0,4.02,1.0,4.09,1.61,0.8,1.85,0.0,6.0,0.89,0.0,0.8,0
1.6,0.0,1.0,0.0,0.0,6.0,58.59,1.0,0.0,0.0,4.4,1.04,0.8,0.0,3.6,0.4,13.64,1.0,6.01,1.0,0.8,0.6,0.0,6.0,0.93,0.0,1.6,0
3.14,4.14,1.0,1.57,7.84,1.43,30.71,1.0,0.0,0.0,0.78,1.23,1.57,70.58,0.78,0.22,1.57,0.78,3.59,1.0,2.57,1.57,0.0,6.0,0.87,0.0,0.78,0
0.91,0.09,1.09,0.0,0.0,6.48,110.96,1.0,0.91,3.26,8.83,1.4,0.91,53.83,1.0,0.91,9.52,2.0,3.47,1.0,1.09,0.61,0.0,11.48,0.95,0.0,1.91,0
3.23,7.16,1.0,0.81,4.04,1.79,65.17,1.0,0.4,0.6,1.6,1.17,2.02,93.95,0.4,0.6,14.14,0.4,2.55,1.0,1.0,0.54,0.0,124.27,0.95,0.0,1.6,0
0.85,0.0,1.0,0.85,1.0,0.74,48.52,1.0,0.3,3.41,8.56,0.76,0.15,66.43,1.44,0.0,0.3,1.0,2.13,0.0,1.15,0.62,0.0,31.36,0.96,0.0,0.85,0
1.72,0.72,1.72,0.64,0.64,0.72,44.57,1.0,0.0,4.36,6.49,0.62,0.72,77.64,1.0,0.0,1.79,1.36,2.64,0.36,1.36,1.05,0.0,6.0,0.96,0.0,1.0,0
0.0,1.8,1.0,0.0,0.0,6.7,137.13,1.0,1.8,4.1,10.1,1.24,0.0,70.71,3.0,0.1,8.4,1.0,3.49,0.1,1.1,0.53,0.0,14.1,0.94,0.0,2.8,1
0.0,0.0,1.0,0.0,0.38,6.0,193.01,1.0,0.38,0.62,15.88,1.16,0.0,11.87,1.62,0.62,21.0,1.0,4.83,1.62,1.0,0.7,0.0,6.0,0.94,0.0,0.75,0
0.0,1.0,1.0,0.0,0.0,3.0,26.0,1.0,0.0,0.0,0.0,5.2,0.0,0.0,0.0,1.0,0.0,0.0,1.0,1.0,1.0,0.0,0.0,6.0,0.85,0.0,0.0,0
0.59,0.7,1.0,0.0,0.0,4.19,94.81,1.0,0.0,3.56,6.82,4.16,0.0,26.99,0.3,0.7,2.67,0.59,1.25,0.7,1.0,0.15,0.0,6.0,0.89,0.0,0.3,0
4.0,4.18,1.0,2.49,9.18,1.33,33.32,1.0,0.0,0.0,1.0,0.16,2.16,86.38,1.0,0.0,1.84,1.0,4.18,1.16,3.16,2.05,0.0,6.0,0.89,0.0,1.0,0
0.27,0.27,1.0,0.82,0.73,9.09,381.74,1.0,8.63,9.27,25.55,0.82,0.0,24.81,1.0,0.0,41.82,1.0,6.25,1.0,1.0,0.17,0.0,9.54,0.91,0.0,2.55,1
0.0,0.01,1.01,0.0,0.0,5.95,87.45,1.0,0.0,1.05,7.99,1.3,0.0,25.25,1.0,0.0,5.09,2.0,3.51,0.01,1.01,0.61,0.0,6.0,0.96,0.0,1.99,0
0.28,0.0,0.07,10.58,0.35,0.21,21.4,1.0,0.0,0.0,0.07,1.18,0.21,4.74,1.0,0.0,0.07,1.0,0.25,0.14,0.28,0.16,0.0,6.0,0.87,0.0,0.07,0
0.49,0.49,1.0,1.48,0.51,4.51,133.08,1.0,15.33,16.78,4.52,0.68,0.51,44.91,2.52,0.0,2.99,1.0,2.72,0.49,1.51,0.72,0.0,99.02,0.89,0.0,1.97,1
0.03,0.0,1.0,0.03,0.03,7.79,47.95,1.0,0.0,0.11,3.16,5.86,0.0,2.07,0.03,1.95,0.97,0.03,1.03,0.97,1.0,0.02,0.0,6.0,1.0,0.0,0.03,0
6.15,1.23,1.0,1.54,7.68,3.93,78.32,1.0,0.46,0.93,3.32,0.39,3.84,78.38,1.46,0.0,3.62,1.0,3.52,1.54,1.0,1.54,0.0,10.39,0.92,0.0,1.46,0
0.12,0.12,1.0,0.0,0.12,7.01,45.16,1.0,0.0,0.0,2.75,5.36,0.0,0.0,0.25,1.75,1.12,0.12,1.08,1.0,1.12,0.07,0.0,6.0,0.99,0.0,0.0,0
0.58,0.0,1.0,4.65,1.16,9.49,51.12,1.0,0.0,0.0,3.1,1.4,5.81,29.05,1.42,0.84,1.16,1.0,8.67,1.58,3.49,1.45,0.58,6.0,0.94,0.0,0.0,0
0.58,0.58,1.0,1.73,0.0,3.58,139.9,1.0,17.16,21.74,4.27,0.53,0.0,77.9,2.27,0.85,3.58,1.0,5.58,0.58,1.0,0.7,0.0,13.5,0.84,0.0,2.73,1
0.0,0.0,1.0,0.0,0.26,5.83,139.15,1.0,0.26,3.69,10.36,0.63,0.0,36.94,2.48,0.74,16.84,1.0,8.16,1.0,1.74,0.0,0.0,6.0,0.92,0.0,1.26,0
0.0,0.09,1.09,0.0,0.0,7.37,46.1,1.0,0.0,0.54,3.36,5.47,0.0,4.71,0.09,1.82,2.27,0.18,1.33,1.0,1.09,0.12,0.0,6.0,1.0,0.0,0.09,0
0.67,0.67,1.0,2.0,0.0,4.67,157.1,1.0,19.35,22.69,4.0,1.45,0.0,60.73,1.33,0.67,2.67,1.0,3.36,1.0,0.67,0.43,0.0,14.68,0.83,0.0,2.67,0
0.0,1.35,1.0,0.0,0.0,1.8,28.95,1.0,0.0,0.0,4.4,2.19,0.0,0.0,1.1,0.45,1.35,0.55,3.99,0.45,1.0,0.38,0.0,6.0,0.92,0.0,0.0,0
0.94,1.19,1.0,0.06,0.94,0.25,26.06,1.0,0.0,0.0,0.94,1.02,0.0,6.24,2.0,0.06,1.88,1.0,1.63,0.94,1.94,0.56,0.0,6.0,0.92,0.0,0.0,0
0.07,0.0,1.0,0.0,0.0,7.93,52.83,1.0,0.07,0.2,3.41,5.69,0.07,3.68,0.07,1.93,1.54,0.14,1.16,1.0,1.0,0.04,0.0,6.41,1.0,0.0,0.14,0
2.73,0.91,1.91,0.91,0.0,0.91,69.45,1.0,1.82,17.27,16.18,0.28,0.91,83.62,1.09,0.91,10.0,1.0,4.73,1.82,1.0,0.94,0.0,16.0,0.85,0.0,3.64,1
0.0,0.0,1.0,0.0,0.0,1.59,35.78,1.0,0.7,0.3,7.11,0.67,0.0,5.63,2.0,0.3,0.0,1.0,3.67,0.59,1.0,0.85,0.0,6.0,0.95,0.0,0.7,0
2.78,0.0,1.0,1.95,1.95,4.83,50.99,1.0,0.0,0.0,2.83,0.43,1.78,26.48,2.83,0.0,10.77,1.0,5.57,1.39,2.17,1.35,0.0,6.0,0.94,0.0,1.61,0
0.09,10.9,1.0,0.0,0.0,3.37,93.56,1.0,0.09,1.18,2.64,1.83,0.09,95.79,0.09,1.0,19.9,0.18,2.97,1.0,1.0,0.05,0.0,6.55,0.94,0.0,2.0,0
2.83,0.26,1.0,6.44,4.09,9.65,47.39,1.0,0.0,0.0,1.0,0.18,8.7,57.82,1.0,0.0,2.0,1.0,10.57,2.0,4.7,2.33,0.74,6.78,0.93,0.0,0.26,0
5.77,0.18,1.0,9.06,2.47,3.82,117.42,1.0,0.0,0.0,3.29,1.36,0.82,72.48,1.65,0.18,4.12,0.82,4.37,1.82,1.0,1.9,0.0,6.0,0.89,0.0,0.82,0
1.06,0.13,1.0,0.26,1.32,3.87,33.57,1.0,0.0,4.34,1.87,0.48,0.66,53.96,2.74,0.87,2.87,1.0,7.87,1.13,1.87,0.24,0.0,6.4,0.91,0.0,1.0,0
0.0,0.45,1.0,0.0,0.0,7.21,48.56,1.0,0.23,0.0,2.66,5.37,0.45,0.0,0.34,1.89,1.79,0.11,1.72,1.23,1.11,0.16,0.0,6.45,0.98,0.0,0.23,0
0.0,0.48,1.0,0.0,0.0,3.96,66.29,1.0,0.48,1.72,6.45,1.33,0.0,32.02,2.24,0.76,2.17,1.0,3.29,1.52,1.0,1.0,0.0,8.17,0.93,0.0,0.72,0
2.51,1.67,2.67,0.0,0.0,2.98,42.98,1.0,0.0,4.18,2.16,1.27,1.67,64.38,0.84,0.33,4.34,1.67,3.03,1.0,1.84,1.58,0.0,6.0,0.98,0.0,0.84,0
7.87,0.0,1.0,1.96,9.83,0.09,27.52,1.0,0.98,0.0,1.09,0.16,4.93,83.43,1.06,0.0,3.94,1.0,1.99,0.98,1.0,1.31,0.0,296.25,0.98,0.0,0.98,1
6.57,0.07,1.0,10.42,2.78,4.0,141.92,1.0,2.1,2.46,3.93,0.55,0.93,88.22,1.93,0.0,4.93,1.0,4.99,1.93,1.0,2.19,0.0,6.94,0.89,0.0,1.22,0
0.53,1.35,1.18,0.0,0.18,4.23,88.09,1.0,1.06,1.76,3.17,4.38,0.7,15.13,0.53,1.35,4.92,0.18,1.85,1.0,1.0,0.42,0.0,6.0,0.88,0.0,0.35,0
1.79,0.0,1.0,1.64,0.41,6.44,106.0,1.0,1.59,2.38,7.36,0.46,4.44,75.44,1.0,0.79,24.26,2.59,8.48,0.41,1.23,1.25,0.21,42.56,0.97,0.0,0.79,0
2.13,1.87,1.0,0.0,12.8,0.29,33.09,1.0,0.58,0.0,10.66,0.24,1.16,0.0,1.58,0.29,3.73,1.0,2.68,0.87,0.58,0.8,0.0,11.42,0.93,0.0,1.29,0
1.53,0.47,1.0,0.0,0.47,3.72,148.84,1.0,0.0,6.38,12.69,1.26,0.0,48.37,1.47,0.0,5.72,1.53,1.76,0.47,1.47,0.56,0.0,6.0,0.96,0.0,0.53,0
2.27,0.76,1.0,0.0,13.62,0.24,27.19,1.0,0.24,0.0,13.3,0.22,0.0,0.0,1.24,0.0,1.51,1.0,1.52,0.0,0.24,0.61,0.0,10.54,0.97,0.0,1.0,0
0.64,4.3,1.0,0.0,0.0,5.57,108.96,1.0,0.64,2.28,6.49,1.64,0.64,70.49,0.64,1.0,13.3,1.28,3.21,1.0,1.0,0.35,0.0,9.85,0.94,0.0,2.0,0
0.15,2.9,1.05,0.05,0.0,3.85,36.95,1.0,0.1,0.95,0.85,4.17,0.05,4.61,0.05,1.0,3.4,0.05,3.72,1.05,1.0,0.05,0.0,6.55,0.89,0.0,0.2,0
2.94,2.91,1.97,0.03,1.0,9.7,368.89,1.0,5.82,9.82,17.73,0.56,3.88,85.76,2.94,2.91,27.15,1.0,5.72,0.97,1.0,2.32,0.0,6.0,0.99,0.0,1.97,1
0.0,0.04,1.04,0.0,0.0,1.0,33.72,1.0,0.96,0.24,7.96,0.38,0.0,2.05,1.96,0.0,0.59,1.04,3.81,0.04,1.04,0.75,0.0,6.0,0.96,0.0,1.0,0
0.88,2.41,1.0,0.0,5.29,2.82,32.06,1.0,0.0,0.0,4.41,3.14,0.0,0.0,0.29,0.71,2.71,0.29,2.82,0.71,0.71,0.17,0.0,7.76,0.92,0.0,0.29,0
0.0,0.0,1.0,0.0,0.0,4.21,40.43,1.0,0.54,0.0,5.7,2.97,0.0,0.0,1.08,0.92,0.46,0.54,2.5,0.46,1.0,0.39,0.0,6.0,0.98,0.0,0.54,0
0.0,1.65,1.0,0.41,0.59,8.11,280.6,1.0,0.59,0.0,19.98,2.44,0.0,41.23,1.41,0.41,32.91,1.0,4.64,0.59,1.0,0.0,0.0,6.0,0.94,0.0,1.18,0
1.0,1.0,1.0,2.28,0.24,3.04,161.75,1.0,22.03,25.83,2.52,0.68,0.0,69.13,1.24,0.0,3.52,1.0,3.22,1.0,1.24,0.63,0.0,15.88,0.82,0.0,3.04,0
2.09,2.61,2.39,0.0,0.0,1.7,45.33,1.0,0.61,3.49,1.39,0.37,2.61,53.67,1.61,0.3,5.91,1.7,4.61,1.61,2.0,1.73,0.0,7.21,0.93,0.0,1.3,0
3.17,3.9,1.0,1.45,7.52,0.72,30.07,1.0,0.0,0.0,1.0,0.32,1.45,65.17,1.28,0.0,2.0,1.0,3.57,1.0,2.72,1.61,0.0,6.0,0.89,0.0,0.72,0
5.22,0.0,1.0,1.3,6.52,2.78,34.3,1.0,0.65,0.0,1.7,2.18,3.26,55.46,0.65,0.7,2.96,0.65,1.65,1.0,1.0,0.87,0.0,197.17,0.99,0.0,0.65,0
1.28,0.43,1.43,0.43,0.0,2.72,48.83,1.0,0.86,10.99,8.42,0.42,0.43,67.97,2.14,1.0,6.42,1.0,6.91,1.43,1.57,0.41,0.0,10.71,0.88,0.0,2.28,0
0.03,0.0,1.0,0.0,0.0,7.95,49.18,1.0,0.03,0.05,3.1,5.91,0.05,1.31,0.02,1.98,1.46,0.05,1.1,0.98,0.98,0.01,0.0,6.73,1.0,0.0,0.02,0
3.0,2.91,2.09,0.0,0.91,9.25,347.62,1.0,5.44,9.53,16.51,0.53,3.81,85.16,2.81,2.72,25.86,1.09,5.61,1.0,1.09,2.33,0.0,6.0,0.99,0.0,1.91,1
0.0,0.0,1.0,0.0,0.14,6.71,116.25,1.0,0.14,0.0,10.0,2.74,0.0,0.0,1.86,1.71,8.0,1.0,3.31,1.0,0.14,0.0,0.0,6.0,0.94,0.0,0.29,0
1.85,0.43,1.0,0.0,7.69,4.01,78.82,1.0,0.57,1.72,11.56,0.93,0.57,30.92,1.0,0.57,6.01,1.57,2.26,0.57,0.57,0.55,0.0,12.0,0.96,0.0,1.57,0
0.0,0.19,1.0,0.0,0.0,3.0,46.35,1.0,0.81,4.07,4.88,1.27,0.0,48.83,3.26,1.81,2.44,0.81,6.81,0.19,1.0,0.63,0.0,6.0,0.9,0.0,0.81,0
0.55,0.55,0.55,4.93,0.55,0.0,22.76,1.0,0.0,0.0,0.55,0.99,0.0,0.0,1.55,0.0,1.1,1.0,0.92,0.55,1.1,0.33,0.0,6.0,0.9,0.0,0.0,0
1.55,0.52,1.52,0.52,0.48,2.93,68.7,1.0,2.0,9.85,11.7,0.48,1.0,47.67,2.45,0.52,6.66,1.0,3.32,1.04,1.48,0.88,0.0,94.09,0.92,0.0,2.07,1
0.8,0.8,1.27,0.0,1.0,10.73,429.49,1.0,2.34,2.68,29.71,0.79,1.07,23.08,1.54,0.8,48.49,1.0,6.83,1.0,1.0,0.64,0.0,6.0,0.97,0.0,2.0,1
3.92,4.8,1.0,1.92,9.61,1.16,35.54,1.0,0.08,0.12,1.32,0.16,2.04,89.68,1.0,0.04,3.1,1.08,4.42,0.96,2.88,1.96,0.0,7.81,0.87,0.0,1.0,0
1.74,1.16,1.74,4.61,0.0,1.16,32.78,1.0,0.0,2.9,1.16,0.72,1.16,44.73,1.0,0.0,2.9,1.58,1.99,0.58,1.16,1.1,0.0,6.0,0.93,0.0,0.58,0
0.0,3.4,1.0,0.8,0.0,3.8,38.82,1.0,0.0,0.0,0.0,4.78,0.0,80.12,1.6,1.0,0.0,0.8,1.0,0.2,1.0,0.0,0.0,6.0,0.9,0.0,0.0,0
11.41,8.41,1.2,7.4,21.02,4.2,191.73,1.0,0.0,0.6,1.2,0.64,4.2,57.04,1.0,0.0,2.4,1.0,3.72,1.2,0.6,1.1,0.0,6.0,0.76,0.0,1.2,0
0.0,0.95,1.95,0.0,0.05,1.47,46.82,1.0,0.05,5.72,8.27,0.23,0.0,49.55,1.0,0.0,16.93,1.95,4.75,1.0,1.95,1.24,0.0,6.0,0.97,0.0,1.05,0
0.0,0.43,1.0,0.0,0.0,3.0,34.01,1.0,0.0,0.57,2.86,2.99,0.0,10.87,1.14,1.0,0.0,0.57,2.37,1.57,1.0,0.64,0.0,6.0,0.89,0.0,0.0,0
2.21,2.62,1.0,2.6,4.05,2.79,134.96,1.0,17.26,20.24,2.19,0.44,0.81,90.6,1.0,0.0,3.19,1.0,3.95,1.0,1.81,1.19,0.0,13.74,0.82,0.0,2.79,0
3.65,0.0,0.91,5.52,4.57,2.74,38.26,1.0,0.0,0.0,0.91,0.36,2.74,62.09,1.0,0.0,0.91,1.0,3.29,1.83,3.65,2.09,0.0,6.0,0.97,0.0,0.91,0
0.0,0.48,1.0,0.0,0.0,6.48,105.65,1.0,0.0,1.0,9.43,1.52,0.0,21.9,1.0,0.24,4.28,2.0,3.05,0.0,1.0,0.48,0.0,6.0,0.96,0.0,1.76,0
0.44,0.44,1.0,1.32,0.0,3.44,118.88,1.0,13.34,17.78,4.68,0.49,0.0,73.66,2.68,1.12,3.44,1.0,6.19,0.44,1.0,0.72,0.0,11.73,0.86,0.0,2.32,0
1.93,0.0,1.0,0.0,0.0,5.9,57.76,1.0,0.03,0.17,4.07,0.53,0.97,2.09,4.0,0.07,16.51,1.0,6.88,0.97,1.0,0.75,0.0,6.0,0.92,0.0,1.97,1
3.46,0.0,1.0,4.32,4.32,3.41,46.54,1.0,0.0,0.14,1.95,0.41,2.59,62.14,1.0,0.0,1.54,1.14,3.59,1.73,3.59,2.06,0.0,6.0,0.97,0.0,1.14,0
0.0,0.0,1.0,0.0,0.0,0.28,26.49,1.0,0.09,0.46,7.82,0.39,0.0,5.54,2.18,0.18,0.28,1.0,4.61,0.0,1.0,0.71,0.0,6.0,0.94,0.0,0.09,0
5.17,1.0,1.0,0.87,14.53,1.3,38.87,1.0,0.0,0.0,8.93,0.14,2.17,34.67,1.0,0.0,2.0,1.0,2.05,0.87,0.43,1.12,0.0,10.7,0.95,0.0,1.0,0
0.0,0.21,1.0,0.0,0.0,1.43,32.29,1.0,0.79,0.0,6.29,1.42,0.0,0.0,1.57,0.21,0.0,0.79,3.18,0.21,1.0,0.57,0.0,6.0,0.93,0.0,0.79,0
1.97,0.0,1.0,0.0,0.03,5.97,57.91,1.0,0.0,0.0,4.06,0.55,1.0,0.0,4.0,0.0,16.54,1.0,6.67,0.97,1.0,0.73,0.0,10.15,0.93,0.0,1.94,1
2.51,1.51,2.51,1.97,0.49,4.47,42.49,1.0,0.0,3.77,1.75,0.31,3.97,70.34,1.0,0.0,4.26,1.75,5.79,1.25,2.99,2.04,0.25,6.0,0.96,0.0,0.75,0
1.97,0.06,1.0,0.02,0.0,6.95,254.65,1.0,0.0,11.81,22.64,1.74,0.0,91.14,1.02,0.02,8.86,1.98,1.83,0.0,1.0,0.51,0.0,6.0,0.99,0.0,0.98,0
0.82,0.0,1.0,0.82,1.0,0.91,49.08,1.0,0.36,3.27,8.46,0.76,0.18,63.85,1.54,0.0,0.36,1.0,2.12,0.0,1.18,0.62,0.0,37.03,0.96,0.0,0.82,0
0.0,1.2,1.0,0.0,0.0,1.6,28.41,1.0,0.0,0.0,4.79,1.99,0.0,0.0,1.2,0.4,1.2,0.6,4.02,0.4,1.0,0.42,0.0,6.0,0.92,0.0,0.0,0
3.74,4.57,1.0,1.83,9.22,1.35,33.99,1.0,0.0,0.0,1.43,0.2,1.91,82.21,1.26,0.0,1.91,1.0,4.04,0.91,2.83,1.83,0.0,18.46,0.88,0.0,0.91,0
7.02,1.0,1.0,2.14,8.6,3.14,77.71,1.0,4.06,4.76,1.28,0.19,4.3,81.54,1.0,0.0,2.28,1.0,3.7,1.86,1.0,1.67,0.0,10.4,0.9,0.0,1.42,0
1.45,0.0,1.0,0.36,1.81,2.46,37.65,1.0,0.18,0.82,4.28,1.12,0.9,30.93,1.82,0.82,0.72,1.0,3.15,1.82,1.0,1.16,0.0,58.97,0.94,0.0,0.18,0
1.0,0.0,1.0,0.0,1.0,5.02,56.14,1.0,0.0,0.0,6.08,0.85,1.0,0.0,3.99,0.0,1.16,1.0,1.3,0.0,1.0,0.0,0.0,149.58,1.0,0.0,0.01,0
2.85,0.95,1.95,0.95,0.0,1.25,73.36,1.0,1.9,18.06,16.46,0.41,0.95,87.46,1.05,1.05,10.46,1.0,4.68,1.95,0.95,0.91,0.0,16.46,0.85,0.0,3.8,1
7.1,0.85,1.0,1.7,8.5,3.45,57.15,1.0,0.0,0.0,1.45,0.17,4.4,68.01,1.45,0.0,4.25,1.0,4.17,1.85,1.0,1.67,0.0,8.55,0.92,0.0,1.15,0
0.0,3.88,1.0,0.97,0.0,3.88,41.44,1.0,0.0,0.0,0.25,4.54,0.0,96.91,2.0,0.97,0.0,1.0,1.1,0.0,1.0,0.02,0.0,6.0,0.92,0.0,0.0,0
2.2,0.73,1.0,0.0,13.17,1.07,26.34,1.0,0.0,1.34,11.51,0.26,0.0,13.41,1.54,0.27,2.27,1.0,2.86,0.27,0.54,0.42,0.0,10.39,0.95,0.0,1.0,0
12.07,8.89,1.64,3.18,22.23,5.54,212.94,1.0,0.36,2.46,3.46,0.28,4.45,82.23,2.09,0.73,3.64,1.0,6.91,1.27,1.0,1.45,0.0,6.0,0.78,0.0,1.64,1
0.33,0.0,1.0,0.0,0.0,4.31,73.22,1.0,1.0,4.35,6.98,0.74,0.33,58.04,3.02,1.67,4.96,1.33,6.58,0.33,1.0,0.7,0.0,7.96,0.93,0.0,1.33,0
0.0,0.0,1.0,0.0,0.27,8.82,157.38,1.0,0.27,0.0,11.48,4.6,0.0,0.0,0.27,1.45,16.04,0.27,2.7,1.0,1.0,0.0,0.0,6.0,0.99,0.0,0.55,0
1.23,0.41,1.41,0.41,0.0,2.77,48.09,1.0,0.82,10.76,8.17,0.43,0.41,67.27,2.18,1.0,6.29,1.0,6.97,1.41,1.59,0.39,0.0,10.52,0.88,0.0,2.23,0
1.92,0.0,1.0,0.0,0.04,5.0,119.67,1.0,2.0,2.88,8.88,0.54,2.92,78.76,1.12,0.96,28.89,2.92,7.09,0.0,0.08,0.93,0.0,56.94,0.98,0.0,0.96,0
0.0,0.0,1.0,0.0,0.0,5.25,49.33,1.0,0.0,1.88,4.49,2.1,0.0,18.83,2.38,1.62,1.13,1.0,4.86,1.0,0.75,0.0,0.0,6.0,0.93,0.0,0.38,0
0.0,2.91,1.0,1.0,0.0,4.27,42.82,1.0,0.0,0.27,1.09,3.71,0.0,89.67,2.0,1.27,0.54,1.0,1.48,0.27,1.0,0.18,0.0,6.0,0.92,0.0,0.0,0
0.92,0.92,1.0,2.83,0.0,4.08,191.62,1.0,26.58,31.24,3.08,0.69,0.0,88.58,1.08,0.17,3.83,1.0,3.63,1.0,1.0,0.64,0.0,17.91,0.79,0.0,3.67,1
2.0,0.0,1.0,0.0,0.0,6.0,58.0,1.0,0.0,0.0,4.0,0.54,1.0,0.0,4.0,0.0,17.0,1.0,6.83,1.0,1.0,0.75,0.0,6.0,0.92,0.0,2.0,1
2.08,0.48,1.48,2.6,2.6,2.04,33.75,1.0,0.0,2.89,3.89,0.24,1.56,60.31,1.0,0.0,7.73,1.48,4.09,1.52,3.04,1.81,0.0,6.0,0.97,0.0,1.0,0
3.27,0.68,1.0,0.65,3.92,0.0,25.65,1.0,0.32,0.0,1.0,0.58,1.62,27.57,1.68,0.0,2.65,1.0,1.77,1.0,1.68,0.84,0.0,101.04,0.94,0.0,0.32,0
0.79,0.83,1.0,1.0,0.79,0.83,45.17,1.0,0.0,3.17,7.14,1.58,0.0,82.56,1.21,0.21,0.0,1.0,1.95,0.0,1.0,0.46,0.0,6.0,0.94,0.0,0.79,0
8.3,6.27,1.41,2.03,14.79,2.84,138.94,1.0,0.0,0.41,1.41,0.56,2.84,38.52,1.59,0.0,2.81,1.0,3.5,1.41,1.59,1.1,0.0,6.0,0.83,0.0,0.81,0
16.78,12.2,2.0,4.45,30.15,6.17,273.85,1.0,0.28,3.49,4.08,0.24,6.17,94.58,1.0,0.14,4.97,1.0,6.0,2.0,1.0,1.72,0.0,7.52,0.72,0.0,2.28,1
3.68,0.0,1.0,4.21,4.21,3.32,53.0,1.0,0.32,0.48,2.27,0.31,3.0,70.22,1.0,0.16,5.6,1.32,4.19,1.68,3.37,2.07,0.0,13.29,0.98,0.0,1.0,0
0.32,1.84,1.0,0.4,0.4,7.6,152.3,1.0,0.0,0.92,12.97,2.04,0.24,16.45,1.0,0.92,1.92,1.92,1.78,0.16,1.24,0.28,0.0,6.0,0.98,0.0,1.0,0
0.74,0.49,1.49,0.0,0.0,6.53,46.53,1.0,0.0,1.23,2.75,4.61,0.49,18.88,0.25,1.51,1.98,0.49,1.6,1.0,1.25,0.46,0.0,6.0,0.99,0.0,0.25,0
0.28,0.0,1.0,0.0,0.0,7.86,77.33,1.0,0.0,1.68,5.79,5.4,0.0,12.71,0.14,1.72,2.12,0.28,1.12,0.86,1.0,0.07,0.0,6.0,1.0,0.0,0.14,0
0.55,0.55,1.0,1.66,0.0,4.89,140.57,1.0,16.02,18.79,4.34,1.72,0.0,50.28,1.45,0.89,2.21,1.0,3.24,1.0,0.55,0.35,0.0,13.18,0.85,0.0,2.21,0
0.82,0.82,1.0,0.18,0.0,18.98,105.03,1.0,0.0,16.62,2.36,0.63,4.11,52.13,3.64,0.36,15.16,1.0,12.62,1.0,1.82,1.21,0.0,27.38,0.89,0.0,1.64,1
0.18,0.06,1.0,0.0,2.0,4.71,60.76,1.0,1.88,0.0,6.53,0.68,0.94,0.0,3.82,0.0,2.0,1.0,1.69,0.0,1.88,0.79,0.0,167.28,1.0,0.0,0.06,0
0.0,0.53,1.0,0.0,0.0,4.06,68.98,1.0,0.53,1.8,6.6,1.33,0.0,33.36,2.27,0.73,2.39,1.0,3.28,1.47,1.0,0.98,0.0,8.39,0.93,0.0,0.8,0
2.6,1.8,2.6,0.0,0.0,5.98,57.14,1.0,0.0,7.99,2.0,0.38,2.6,71.62,1.6,0.0,7.59,1.8,5.68,1.0,2.0,1.78,0.0,11.18,0.95,0.0,1.2,0
0.0,0.0,1.0,0.0,0.0,0.02,24.12,1.0,0.0,0.0,7.99,0.4,0.0,0.0,2.0,0.01,0.0,1.0,4.24,0.0,1.0,0.7,0.0,6.0,0.94,0.0,0.0,0
0.98,0.0,1.0,0.0,0.0,7.02,117.34,1.0,0.98,2.93,8.86,1.61,0.98,52.74,0.98,1.02,8.81,1.95,3.31,1.0,1.0,0.53,0.0,11.86,0.95,0.0,1.95,0
1.22,0.41,1.0,0.0,7.35,0.0,24.41,1.0,0.0,0.0,10.86,0.3,0.0,0.0,1.59,0.0,0.82,1.0,2.84,0.0,0.59,0.65,0.0,8.45,0.95,0.0,0.41,0
0.0,0.0,1.0,0.0,0.31,7.54,198.87,1.0,0.31,0.69,16.01,1.18,0.0,17.3,1.0,0.0,20.71,1.69,4.64,0.31,1.0,0.42,0.0,6.0,0.96,0.0,2.0,0
0.55,0.0,1.0,0.55,0.55,0.0,36.2,1.0,0.0,2.22,8.55,0.6,0.0,43.24,1.45,0.0,0.0,1.0,3.11,0.0,1.0,0.64,0.0,6.0,0.95,0.0,0.55,0
0.81,0.0,1.0,0.0,0.0,2.02,63.66,1.0,0.81,1.21,8.4,0.45,1.21,33.19,1.6,0.4,12.14,1.81,5.49,0.0,0.6,0.79,0.0,24.62,0.96,0.0,0.4,0
0.87,3.0,1.29,0.0,0.29,5.75,135.11,1.0,1.75,2.91,5.24,3.27,1.16,25.03,0.87,1.58,10.28,0.29,4.3,1.0,1.0,0.69,0.0,6.0,0.92,0.0,0.58,0
0.0,0.0,1.0,0.0,0.0,5.35,50.86,1.0,0.0,1.63,4.69,2.23,0.0,16.35,2.33,1.67,0.98,1.0,4.57,1.0,0.65,0.0,0.0,6.0,0.93,0.0,0.33,0
1.59,0.41,1.0,0.0,0.41,4.11,161.96,1.0,0.0,7.05,13.93,1.31,0.0,53.49,1.41,0.0,6.11,1.59,1.77,0.41,1.41,0.55,0.0,6.0,0.96,0.0,0.59,0
0.79,0.42,1.0,0.0,0.79,5.64,77.69,1.0,0.0,0.21,7.7,1.13,0.79,2.54,3.36,0.21,1.21,1.21,1.36,0.0,1.0,0.02,0.0,119.47,1.0,0.0,0.21,0
1.86,0.23,1.0,1.23,2.32,4.54,47.79,1.0,0.0,0.77,3.3,0.91,1.16,66.18,1.77,1.54,2.0,1.0,2.97,1.23,1.0,0.94,0.0,6.7,0.93,0.0,0.23,0
0.96,0.96,1.0,0.0,0.96,0.12,26.02,1.0,0.04,0.2,1.2,0.76,0.0,2.35,2.08,0.08,2.04,1.0,1.92,0.96,1.96,0.61,0.0,6.0,0.92,0.0,0.04,0
1.6,0.6,1.6,2.0,2.0,1.8,32.21,1.0,0.0,3.6,4.6,0.23,1.2,58.41,1.0,0.0,9.39,1.6,4.21,1.4,2.8,1.7,0.0,6.0,0.97,0.0,1.0,0
3.42,4.71,1.0,1.71,8.55,1.44,32.44,1.0,0.0,0.0,0.85,0.76,1.71,76.94,0.85,0.15,2.15,0.85,4.21,1.0,2.71,1.71,0.0,6.0,0.87,0.0,0.85,0
5.71,1.14,1.0,1.43,7.14,0.29,34.43,1.0,1.29,0.0,0.71,0.24,4.71,60.7,1.57,0.29,5.14,1.0,3.52,1.57,1.29,1.35,0.0,216.38,0.94,0.0,1.29,1
1.1,0.0,1.0,0.0,0.45,8.24,232.79,1.0,0.45,0.0,17.45,0.69,0.55,0.0,2.66,0.0,34.48,1.0,7.0,1.0,1.0,0.41,0.0,6.0,0.94,0.0,2.0,1
0.0,0.0,1.0,0.0,0.0,7.49,58.14,1.0,0.0,0.25,4.27,4.81,0.0,6.34,0.25,1.49,2.01,0.51,1.63,0.75,1.0,0.15,0.0,6.0,0.99,0.0,0.51,0
0.0,0.0,0.22,8.53,0.22,2.47,115.92,1.0,0.22,0.0,7.62,1.17,0.0,0.0,1.0,0.0,12.55,1.0,1.61,0.22,0.22,0.0,0.0,6.0,0.89,0.0,0.45,0
0.29,0.0,1.0,0.29,1.0,7.85,332.97,1.0,0.71,1.14,26.85,0.85,0.0,22.32,1.0,0.0,39.98,1.0,5.77,0.71,1.0,0.17,0.0,6.0,0.96,0.0,1.71,1
0.0,0.0,1.0,0.0,0.84,5.49,60.56,1.0,1.68,0.0,5.51,1.57,0.84,0.0,3.35,0.32,1.84,0.84,1.63,0.16,1.84,0.67,0.0,149.23,1.0,0.0,0.0,0
2.0,0.0,1.0,0.0,0.0,5.0,122.0,1.0,2.0,3.0,9.0,0.53,3.0,82.0,1.0,1.0,30.0,3.0,7.31,0.0,0.0,0.93,0.0,52.0,0.98,0.0,1.0,0
5.37,1.33,1.0,1.34,6.71,4.32,87.25,1.0,0.66,1.32,4.29,0.51,3.36,77.7,1.66,0.0,4.3,1.0,3.45,1.34,1.0,1.42,0.0,10.97,0.93,0.0,1.66,0
0.65,0.0,1.0,0.0,0.0,2.95,106.69,1.0,0.68,3.89,12.87,0.81,0.0,29.53,1.68,0.0,2.92,1.32,3.15,0.0,1.0,0.66,0.0,6.0,0.97,0.0,1.0,0
0.53,3.47,1.0,0.66,0.66,1.26,51.29,1.0,1.74,0.0,0.13,0.43,3.87,8.93,2.74,0.87,7.08,1.0,6.84,2.87,2.26,1.49,0.0,9.47,0.85,0.0,1.87,0
7.85,1.0,1.02,1.96,9.81,2.96,56.43,1.0,0.0,0.11,1.11,0.11,4.9,79.47,1.0,0.0,2.25,1.02,3.72,1.98,1.02,1.82,0.0,8.94,0.92,0.0,1.0,0
11.73,8.01,1.57,2.86,20.02,7.0,285.46,1.0,0.0,5.71,10.99,0.85,4.0,93.29,1.0,0.0,6.14,1.43,4.33,1.14,1.0,1.27,0.0,6.0,0.82,0.0,1.57,1
0.0,0.72,1.0,0.0,0.0,3.85,43.58,1.0,0.0,0.28,2.27,4.1,0.0,7.09,0.28,0.72,1.42,0.57,1.71,0.72,1.0,0.17,0.0,6.0,0.88,0.0,0.57,0
2.56,1.71,2.71,0.0,0.0,2.88,42.88,1.0,0.0,4.26,2.15,1.17,1.71,65.68,0.85,0.29,4.41,1.71,3.07,1.0,1.85,1.61,0.0,6.0,0.97,0.0,0.85,0
6.31,0.17,1.17,9.26,2.48,3.48,126.06,1.0,0.35,3.3,6.26,0.49,1.0,88.69,1.83,0.17,6.04,1.0,5.04,2.0,1.0,2.07,0.0,7.91,0.89,0.0,1.52,0
0.28,0.09,1.09,0.09,0.0,2.81,53.14,1.0,1.09,6.3,7.02,0.36,0.09,62.98,3.72,1.91,3.74,1.0,7.83,0.19,1.0,0.79,0.0,7.02,0.91,0.0,1.28,0
3.18,3.63,1.0,1.45,7.53,2.1,38.31,1.0,0.0,0.0,2.37,0.33,1.73,65.3,1.82,0.0,1.73,1.0,3.47,0.73,2.45,1.45,0.0,45.53,0.91,0.0,0.73,0
14.59,10.75,1.77,4.07,26.88,6.54,245.43,1.0,0.0,1.0,2.46,0.44,5.38,87.34,1.23,0.46,3.54,1.0,5.4,1.77,1.0,1.57,0.0,6.0,0.75,0.0,1.54,1
0.13,0.13,1.0,0.38,0.0,5.75,102.78,1.0,3.66,5.17,7.37,1.23,0.0,33.34,1.0,0.0,4.87,1.87,3.53,0.13,1.0,0.6,0.0,7.64,0.93,0.0,2.25,0
2.75,0.0,1.0,4.32,1.78,4.61,92.04,1.0,1.22,0.0,5.22,0.64,1.0,34.54,3.22,0.0,3.18,1.0,3.06,0.78,1.61,1.39,0.0,109.89,0.96,0.0,0.39,0
1.55,0.0,1.0,0.0,0.45,5.55,56.64,1.0,0.0,0.0,4.91,0.68,1.0,0.0,4.0,0.0,9.72,1.0,4.31,0.55,1.0,0.41,0.0,71.52,0.96,0.0,1.09,0
1.35,0.0,1.0,0.34,1.69,2.49,46.95,1.0,1.0,4.16,5.16,0.33,0.84,64.22,3.49,1.66,3.17,1.0,7.11,0.17,1.0,0.87,0.0,55.49,0.93,0.0,1.0,0
0.0,0.58,1.0,0.0,0.0,3.0,36.53,1.0,0.42,2.11,2.53,3.16,0.0,25.28,1.69,1.42,1.26,0.42,4.01,0.58,1.0,0.33,0.0,6.0,0.88,0.0,0.42,0
0.0,0.0,1.0,0.0,0.0,3.05,45.06,1.0,0.59,0.0,7.18,1.48,0.0,0.0,2.0,0.82,0.0,1.0,3.32,0.41,0.59,0.43,0.0,6.0,0.95,0.0,0.59,0
1.0,0.17,1.0,7.17,1.67,10.67,70.82,1.0,4.83,5.66,1.33,0.28,8.33,56.83,1.0,0.0,2.33,1.0,11.45,1.83,5.17,2.19,0.83,8.17,0.91,0.0,0.67,0
3.89,1.0,1.0,2.59,4.13,3.59,143.92,1.0,17.03,19.97,2.17,0.43,2.06,86.46,1.0,0.0,3.17,1.0,3.7,1.41,1.0,1.13,0.0,14.87,0.84,0.0,2.76,0
1.04,0.03,1.0,0.01,0.08,7.0,119.45,1.0,1.0,3.0,8.98,1.51,1.01,54.1,1.0,1.0,8.99,2.0,3.37,1.0,1.0,0.54,0.0,11.99,0.95,0.0,2.0,0
1.3,0.15,1.0,6.78,4.43,10.18,41.11,1.0,0.0,0.0,3.13,0.2,8.48,42.4,1.0,0.0,2.0,1.0,11.14,1.7,5.09,2.21,0.85,6.91,0.95,0.0,0.15,0
0.92,0.11,1.0,0.23,1.15,3.0,51.69,1.0,0.89,4.43,5.43,0.34,0.57,62.29,3.66,1.77,2.89,1.0,7.63,0.23,1.0,0.9,0.0,6.34,0.91,0.0,1.0,0
0.0,1.78,1.0,0.0,0.0,2.78,34.59,1.0,0.41,0.0,3.26,2.75,0.0,0.0,0.82,0.59,1.78,0.41,3.71,0.59,1.0,0.3,0.0,6.0,0.92,0.0,0.41,0
5.98,2.52,1.0,2.0,10.0,0.5,29.52,1.0,0.5,0.0,1.0,0.14,3.49,87.52,1.0,0.0,2.99,1.0,3.16,1.0,2.01,1.67,0.0,151.06,0.92,0.0,1.0,0
2.52,0.32,1.0,0.63,3.15,3.0,52.89,1.0,0.68,3.42,4.42,0.29,1.58,66.3,3.05,1.37,2.68,1.0,6.74,0.63,1.0,1.11,0.0,6.95,0.91,0.0,1.0,0
0.84,0.0,1.0,6.91,1.69,10.91,44.16,1.0,0.0,0.16,1.47,0.36,8.44,51.87,1.16,0.31,2.0,1.0,11.4,1.84,5.22,2.21,0.84,6.0,0.94,0.0,0.0,0
5.78,0.0,0.83,11.0,2.48,3.3,116.53,1.0,0.0,0.0,3.3,0.66,0.83,72.6,1.83,0.0,4.13,1.0,4.2,1.65,0.83,1.9,0.0,6.0,0.89,0.0,0.83,0
0.86,0.86,1.0,0.0,0.14,19.6,110.24,1.0,0.28,17.18,2.56,0.55,4.44,42.94,4.0,0.0,15.74,1.0,12.92,0.86,2.0,1.26,0.0,52.46,0.9,0.0,1.72,1
0.35,0.0,0.35,9.94,0.71,4.26,28.51,1.0,0.0,0.0,0.35,0.88,3.55,17.74,1.0,0.0,0.71,1.0,4.61,0.71,2.13,0.89,0.35,6.0,0.89,0.0,0.0,0
0.14,3.91,1.09,0.95,0.0,3.91,42.0,1.0,0.0,0.24,0.09,4.46,0.09,98.91,1.95,0.95,0.24,1.05,1.11,0.05,1.05,0.09,0.0,6.0,0.92,0.0,0.05,0
2.37,0.79,1.79,0.79,0.0,1.0,65.57,1.0,1.79,14.99,15.1,0.3,0.79,72.6,1.21,0.79,8.68,1.0,4.57,1.58,1.0,0.91,0.0,14.68,0.87,0.0,3.37,1
0.0,0.0,1.0,0.0,0.0,3.0,51.0,1.0,1.0,5.0,6.0,0.37,0.0,60.0,4.0,2.0,3.0,1.0,8.14,0.0,1.0,0.78,0.0,6.0,0.91,0.0,1.0,0
0.15,0.0,1.0,1.22,0.3,1.83,27.04,1.0,0.0,0.0,6.93,0.36,1.52,7.61,1.85,0.0,0.3,1.0,5.58,0.3,1.76,0.97,0.15,6.0,0.94,0.0,0.0,0
17.5,12.6,1.9,5.0,31.99,6.6,279.33,1.0,0.0,0.9,1.9,0.23,6.6,92.29,1.0,0.0,3.7,1.0,5.94,2.0,1.3,1.88,0.0,6.0,0.73,0.0,1.9,1
2.86,0.86,1.0,0.0,15.43,0.86,29.71,1.0,0.0,0.0,13.43,0.21,0.14,0.0,1.43,0.0,4.14,1.0,1.65,0.14,0.14,0.6,0.0,11.14,0.97,0.0,1.14,0
2.5,0.75,1.0,3.12,3.12,4.5,81.01,1.0,0.75,1.5,4.76,0.67,1.87,69.88,1.75,0.0,4.01,1.0,3.35,1.25,2.87,1.65,0.0,9.39,0.96,0.0,1.75,0
0.89,0.89,1.0,2.67,0.0,4.22,192.11,1.0,25.81,30.37,3.55,0.72,0.0,83.73,1.0,0.0,4.11,1.11,3.68,0.89,1.0,0.63,0.0,17.57,0.8,0.0,3.78,1
0.19,1.61,1.0,0.0,0.0,7.0,143.19,1.0,1.81,3.81,10.61,1.36,0.19,69.32,2.61,0.19,9.0,1.19,3.02,0.19,1.0,0.58,0.0,14.42,0.94,0.0,2.81,1
6.22,0.0,1.0,1.55,7.77,0.89,27.67,1.0,0.78,1.11,1.22,0.24,3.89,77.2,1.45,0.22,3.78,1.0,3.45,1.0,1.22,1.04,0.0,233.69,0.96,0.0,1.0,1
2.45,2.45,1.82,0.0,0.82,9.26,320.21,1.0,4.89,8.15,15.78,1.01,3.26,70.1,2.82,2.82,22.82,1.0,5.25,1.0,0.82,1.94,0.0,6.0,0.98,0.0,1.63,1
0.05,0.0,1.0,0.05,0.05,0.95,34.56,1.0,0.95,0.19,8.05,0.41,0.0,3.63,1.95,0.0,0.0,1.0,3.7,0.0,1.0,0.72,0.0,6.0,0.96,0.0,1.0,0
2.47,2.0,2.65,0.0,0.0,2.88,60.78,1.0,0.35,4.82,3.58,0.51,1.65,76.3,1.35,0.0,5.7,1.82,3.34,0.82,1.82,1.66,0.0,7.58,0.97,0.0,1.35,0
0.62,0.75,1.0,0.0,0.62,6.13,95.24,1.0,0.0,0.38,9.01,1.35,0.62,4.51,2.87,0.38,1.38,1.38,1.41,0.0,1.0,0.04,0.0,95.84,0.99,0.0,0.38,0
1.3,1.0,1.0,0.0,3.58,0.0,25.0,1.0,0.0,0.0,3.13,0.69,0.0,0.0,1.85,0.0,2.0,1.0,1.53,0.85,1.7,0.6,0.0,6.91,0.93,0.0,0.15,0
2.78,1.07,1.93,0.93,0.0,1.52,80.5,1.0,1.85,17.67,16.78,0.41,0.93,86.09,1.0,1.0,10.34,1.07,4.55,1.85,1.0,0.9,0.0,16.19,0.86,0.0,3.78,1
0.0,1.16,1.0,0.0,0.0,3.08,26.7,1.0,0.0,0.0,0.0,5.14,0.0,0.0,0.0,1.0,0.23,0.0,1.21,1.0,1.0,0.0,0.0,6.0,0.85,0.0,0.0,0
0.0,7.23,1.0,0.0,0.0,4.99,73.91,1.0,0.0,0.6,2.4,3.51,0.0,60.25,0.0,1.4,13.05,0.0,2.16,1.0,1.0,0.0,0.0,6.0,0.96,0.0,1.21,0
0.46,0.0,1.0,0.0,0.0,5.77,95.8,1.0,0.46,1.46,8.23,1.13,0.69,38.08,1.0,0.23,10.74,2.23,4.37,0.0,0.77,0.68,0.0,16.55,0.96,0.0,1.77,0
0.86,0.0,1.0,0.86,0.86,0.43,46.72,1.0,0.14,4.14,8.57,0.71,0.0,75.42,1.43,0.29,0.43,1.0,3.05,0.0,1.0,0.61,0.0,6.0,0.95,0.0,1.0,0
2.48,1.0,1.74,0.74,0.0,6.5,85.52,1.0,1.48,19.26,13.07,0.34,2.05,81.0,1.79,0.74,12.83,1.0,7.39,1.74,1.26,1.06,0.0,20.93,0.86,0.0,3.48,1
0.0,0.72,1.0,0.0,0.0,1.0,37.44,1.0,1.18,0.0,6.55,0.4,0.72,0.0,2.18,0.18,1.45,1.0,4.42,0.54,1.18,0.84,0.0,6.72,0.93,0.0,1.18,0
0.64,0.0,1.0,5.09,1.27,9.82,50.17,1.0,0.0,0.0,2.82,1.24,6.37,31.84,1.36,0.73,1.27,1.0,9.25,1.64,3.82,1.59,0.64,6.0,0.94,0.0,0.0,0
0.0,0.42,0.21,8.69,0.0,1.68,49.86,1.0,0.0,0.21,2.94,1.45,0.0,2.52,1.0,0.21,0.42,1.21,0.34,0.0,0.21,0.02,0.0,6.0,0.89,0.0,0.21,0
0.9,0.0,1.0,0.0,0.9,4.8,53.48,1.0,0.0,0.1,5.9,0.9,0.9,1.92,3.8,0.1,0.9,1.0,1.5,0.2,1.0,0.11,0.0,135.45,0.99,0.0,0.0,0
4.79,1.11,2.11,4.92,1.34,2.89,84.47,1.0,0.0,2.76,2.89,0.43,1.55,81.92,1.45,0.0,5.0,1.55,4.17,1.45,1.55,2.08,0.0,6.0,0.94,0.0,1.0,0
2.51,0.0,1.0,3.95,1.08,3.36,81.88,1.0,0.64,3.2,5.28,0.43,0.36,70.05,3.28,1.28,3.72,1.0,7.05,0.72,1.0,1.33,0.0,6.0,0.91,0.0,1.0,0
0.46,0.0,1.0,0.0,0.46,3.92,46.87,1.0,0.0,0.54,5.46,1.11,0.46,10.3,2.92,0.54,0.46,1.0,2.43,1.08,1.0,0.61,0.0,71.96,0.96,0.0,0.0,0
0.74,0.74,1.0,2.22,0.0,5.05,163.94,1.0,21.42,25.11,3.0,2.05,0.0,67.2,0.74,0.52,3.22,0.74,3.0,1.0,1.0,0.47,0.0,15.6,0.84,0.0,2.95,0
2.54,1.0,1.77,1.46,0.0,1.69,104.31,1.0,8.25,22.47,13.76,0.36,0.77,91.77,1.0,0.77,9.38,1.0,4.53,1.77,1.0,0.89,0.0,17.46,0.83,0.0,4.0,1
0.86,0.86,1.0,2.57,0.0,3.57,180.44,1.0,24.98,29.12,3.72,0.61,0.0,77.93,1.14,0.0,3.43,1.0,3.72,0.86,1.0,0.65,0.0,17.13,0.81,0.0,3.57,1
0.0,0.17,1.0,0.0,0.0,5.78,86.48,1.0,0.09,0.96,7.65,1.27,0.17,23.91,1.09,0.04,5.13,1.96,3.67,0.13,1.04,0.63,0.0,6.17,0.95,0.0,2.0,0
7.47,0.0,1.0,1.93,9.34,0.33,28.18,1.0,0.93,0.07,1.2,0.22,4.67,83.49,1.07,0.13,3.87,1.0,2.05,1.0,1.0,1.29,0.0,279.74,0.98,0.0,0.93,1
0.3,0.0,1.0,0.0,0.3,2.19,40.26,1.0,0.7,0.0,7.4,0.53,0.3,0.0,2.6,0.0,0.3,1.0,3.04,0.0,1.0,0.51,0.0,48.91,0.97,0.0,0.7,0
0.51,0.17,1.17,1.0,0.0,4.31,49.97,1.0,0.34,4.08,6.23,1.0,0.17,67.14,1.83,1.83,3.54,1.0,3.1,1.17,1.0,0.72,0.0,7.88,0.92,0.0,0.69,0
6.01,0.4,1.0,1.21,13.18,0.0,26.21,1.0,0.6,0.0,6.56,0.15,3.01,51.24,1.0,0.0,3.21,1.0,1.52,0.6,0.6,1.03,0.0,185.01,0.98,0.0,1.0,0
2.35,2.35,1.57,2.39,0.78,7.83,301.13,1.0,4.7,7.83,14.1,0.7,3.13,67.35,2.57,2.35,21.93,1.0,4.57,0.78,0.78,1.86,0.0,6.0,0.97,0.0,1.57,1
2.55,3.15,1.85,0.0,0.85,8.64,329.76,1.0,5.4,8.49,15.28,0.53,4.0,73.01,3.0,2.7,24.98,1.0,6.06,1.3,1.15,2.22,0.0,6.6,0.97,0.0,2.0,1
0.0,0.92,0.23,8.48,0.0,0.23,27.57,1.0,0.46,0.0,0.0,1.07,0.92,0.0,1.46,0.23,1.84,1.0,1.68,0.69,0.46,0.32,0.0,6.92,0.86,0.0,0.46,0
2.86,0.95,1.95,0.95,0.0,1.32,72.81,1.0,1.91,18.13,16.36,0.53,0.95,87.78,0.95,1.05,10.54,0.95,4.61,1.95,1.0,0.92,0.0,16.5,0.85,0.0,3.82,1
0.11,0.0,1.0,0.0,0.89,5.21,68.93,1.0,1.89,0.32,6.32,0.79,1.0,5.72,3.68,0.11,2.74,1.11,1.92,0.11,1.89,0.77,0.0,159.53,0.99,0.0,0.21,0
0.13,1.87,1.0,0.4,0.0,6.6,156.4,1.0,5.57,7.96,9.94,1.23,0.0,75.38,2.74,0.0,8.34,1.0,3.04,0.13,1.0,0.59,0.0,15.53,0.92,0.0,3.13,1
0.97,0.09,1.0,0.0,0.0,6.91,116.36,1.0,0.97,2.91,8.72,1.6,0.97,52.3,0.97,1.0,8.81,1.94,3.37,1.0,1.0,0.52,0.0,11.81,0.95,0.0,1.94,0
4.64,0.0,1.0,6.67,1.82,5.18,129.91,1.0,0.39,1.18,5.97,0.92,1.0,74.62,1.61,0.39,6.57,1.39,4.41,1.61,1.0,1.61,0.0,8.36,0.92,0.0,1.39,0
3.0,1.0,1.52,0.52,8.7,0.52,50.31,1.0,1.03,9.81,16.03,0.22,0.52,47.51,1.0,0.52,6.65,1.0,2.85,1.03,0.52,0.77,0.0,14.58,0.91,0.0,2.55,0
0.63,2.12,1.0,2.26,0.0,4.0,144.3,1.0,18.2,21.34,1.88,2.15,0.0,94.35,1.37,0.37,2.51,1.0,2.7,0.63,1.0,0.4,0.0,14.16,0.83,0.0,2.51,0
0.0,1.49,1.0,0.0,0.63,7.28,301.25,1.0,1.37,0.0,21.37,0.72,1.49,0.0,1.74,0.37,38.17,1.0,7.25,1.74,1.37,0.51,0.0,7.49,0.91,0.0,2.0,1
3.0,3.0,2.0,0.0,1.0,10.0,379.0,1.0,6.0,10.0,18.0,0.55,4.0,86.0,3.0,3.0,28.0,1.0,5.83,1.0,1.0,2.38,0.0,6.0,0.99,0.0,2.0,1
0.74,0.26,1.0,5.91,1.48,9.64,39.29,1.0,0.0,0.0,0.74,1.52,7.38,36.91,0.74,0.26,1.48,0.74,9.86,1.74,4.69,1.85,0.74,6.0,0.92,0.0,0.0,0
0.58,0.0,1.0,0.15,0.73,2.78,39.06,1.0,0.07,0.93,4.71,1.24,0.36,23.8,1.93,0.93,0.29,1.0,3.3,1.93,1.0,1.14,0.0,27.3,0.93,0.0,0.07,0
0.06,3.77,1.0,0.94,0.0,4.17,46.38,1.0,0.06,0.17,0.51,4.49,0.06,97.38,1.94,1.0,0.51,1.06,1.13,0.06,1.0,0.03,0.0,6.34,0.92,0.0,0.11,0
4.75,1.62,1.0,1.19,5.94,0.41,37.56,1.0,1.41,0.0,0.59,0.27,4.59,50.49,1.81,0.41,5.62,1.0,4.17,1.81,1.41,1.35,0.0,181.67,0.92,0.0,1.41,1
1.16,0.0,1.0,0.0,0.0,6.0,70.58,1.0,0.0,0.42,5.68,0.86,0.58,10.48,2.74,0.0,11.97,1.42,5.44,0.58,1.0,0.69,0.0,6.0,0.94,0.0,2.0,0
0.0,0.0,1.0,0.0,0.15,1.6,38.32,1.0,1.15,0.0,7.7,0.44,0.15,0.0,2.3,0.0,0.3,1.0,3.48,0.0,1.15,0.74,0.0,31.5,0.96,0.0,0.85,0
0.0,0.0,1.0,0.0,0.98,5.02,62.95,1.0,1.95,0.0,6.0,0.77,0.98,0.0,3.95,0.05,1.95,1.0,1.77,0.02,1.95,0.78,0.0,172.84,1.0,0.0,0.0,0
0.9,0.0,1.0,7.22,1.81,11.12,44.68,1.0,0.1,0.49,1.49,0.23,9.03,50.97,1.29,0.19,2.1,1.0,12.53,1.81,5.51,2.33,0.9,6.0,0.94,0.0,0.1,0
0.53,0.0,1.0,0.0,0.0,3.71,74.33,1.0,0.53,1.59,8.53,0.98,0.53,28.61,1.47,0.53,4.77,1.53,3.78,0.53,1.0,0.61,0.0,9.18,0.94,0.0,1.06,0
0.72,0.72,1.0,0.0,0.0,18.11,98.53,1.0,0.0,14.44,2.28,2.04,3.61,36.09,2.89,0.56,13.27,0.72,10.92,1.0,1.72,0.96,0.0,24.77,0.92,0.0,1.44,0
1.49,0.25,1.0,0.75,5.18,0.0,40.84,1.0,0.0,3.02,10.47,0.62,0.0,58.84,1.0,0.0,0.49,1.0,1.85,0.0,0.75,0.58,0.0,7.47,0.96,0.0,1.0,0
0.0,0.36,1.0,0.64,0.0,4.28,38.2,1.0,0.0,0.64,2.57,2.6,0.0,39.8,1.28,1.64,1.28,0.64,2.12,1.0,1.0,0.43,0.0,6.0,0.91,0.0,0.0,0
0.0,2.13,1.0,0.0,0.0,4.0,33.55,1.0,0.0,1.45,0.58,3.27,0.0,14.48,0.87,1.0,3.0,0.29,5.07,1.0,1.29,0.0,0.0,6.0,0.9,0.0,0.29,0
0.99,0.01,1.01,0.0,0.99,4.96,54.73,1.0,0.0,0.06,6.01,0.84,0.99,0.5,3.97,0.0,1.14,1.01,1.32,0.01,1.01,0.01,0.0,148.61,1.0,0.0,0.01,0
0.0,0.0,0.5,5.45,0.0,1.51,30.09,1.0,0.0,0.5,2.52,1.29,0.0,9.58,1.5,0.5,0.0,1.0,1.71,1.01,0.5,0.57,0.0,6.0,0.9,0.0,0.0,0
2.05,0.1,1.1,0.0,0.0,5.8,57.21,1.0,0.0,0.25,3.9,0.53,1.05,3.78,3.85,0.0,16.41,1.05,6.67,1.0,1.05,0.81,0.0,6.0,0.93,0.0,1.95,1
9.55,6.22,1.44,2.22,15.55,5.89,203.73,1.0,1.11,2.11,5.89,0.4,4.78,87.77,1.0,0.56,18.45,2.11,6.82,0.89,0.44,1.34,0.0,31.57,0.86,0.0,1.44,0
0.0,0.0,1.0,0.0,0.99,4.94,62.57,1.0,1.98,0.0,6.02,0.71,0.99,0.0,3.98,0.0,1.98,1.0,1.78,0.0,1.99,0.8,0.0,175.11,1.0,0.0,0.0,0
2.1,1.1,2.1,0.0,0.0,4.26,76.81,1.0,0.45,4.1,5.16,0.87,1.55,66.6,1.0,0.45,6.81,2.0,3.4,1.0,1.55,1.28,0.0,8.71,0.96,0.0,1.45,0
0.01,0.0,1.0,0.0,0.01,5.99,60.97,1.0,0.0,0.0,6.0,3.04,0.01,0.0,2.01,1.99,0.01,1.0,2.66,0.99,0.01,0.0,0.0,6.84,0.94,0.0,0.0,0
2.79,1.77,1.0,0.0,16.74,0.21,29.63,1.0,0.0,0.07,14.09,0.28,0.0,7.01,0.93,0.07,3.33,0.93,0.94,0.07,0.07,0.53,0.0,11.58,0.97,0.0,1.07,0
5.13,0.31,1.0,7.58,2.38,2.76,102.16,1.0,0.0,0.0,3.07,0.61,0.69,60.63,2.0,0.0,4.07,1.0,4.03,1.69,1.31,1.78,0.0,6.0,0.91,0.0,0.69,0
7.3,12.77,1.38,1.92,13.46,4.54,173.65,1.0,0.0,1.0,2.0,1.23,2.69,98.08,0.38,0.62,14.46,0.38,4.19,1.38,1.0,0.71,0.0,6.0,0.84,0.0,2.0,0
2.94,0.98,1.98,0.98,0.0,1.04,73.31,1.0,1.96,18.63,16.75,0.29,0.98,90.51,1.02,1.0,10.78,1.0,4.75,2.0,1.0,0.96,0.0,16.78,0.85,0.0,3.92,1
3.28,4.1,1.0,1.64,8.19,1.9,42.11,1.0,0.0,0.18,2.26,0.35,1.64,78.27,1.0,0.0,2.54,1.18,4.16,0.82,2.64,1.75,0.0,6.0,0.89,0.0,1.18,0
1.63,0.0,1.0,2.03,2.03,4.78,52.47,1.0,0.0,0.0,3.97,1.92,1.22,27.64,1.59,1.19,0.41,1.0,3.05,1.41,1.63,0.93,0.0,6.0,0.95,0.0,0.41,0
2.87,0.96,1.0,0.0,17.22,0.04,25.39,1.0,0.04,0.0,14.7,0.17,0.0,0.0,1.04,0.0,1.91,1.0,0.92,0.0,0.04,0.58,0.0,11.74,0.97,0.0,1.0,0
1.41,3.54,1.0,0.0,0.0,5.11,67.74,1.0,0.0,0.3,3.41,0.93,0.7,29.51,2.82,0.3,18.18,0.7,5.68,1.0,1.0,0.53,0.0,6.0,0.93,0.0,2.0,0
2.19,0.73,1.0,0.0,13.15,1.62,34.71,1.0,0.0,0.0,12.57,0.94,0.0,0.0,1.27,0.54,1.46,1.0,1.3,0.27,0.0,0.42,0.0,10.38,0.96,0.0,0.73,0
0.31,0.0,1.0,2.46,0.62,4.38,37.08,1.0,0.69,0.0,5.85,0.33,3.08,15.38,1.69,0.0,0.62,1.0,6.61,0.62,2.54,1.27,0.31,6.0,0.95,0.0,0.69,0
1.82,1.61,2.21,0.0,0.0,2.39,35.71,1.0,0.0,3.03,1.21,2.25,1.21,46.72,0.61,0.39,3.03,1.21,2.47,1.0,1.61,1.15,0.0,6.0,0.92,0.0,0.61,0
3.87,4.75,1.13,1.75,8.87,2.13,75.66,1.0,0.75,1.26,3.14,0.19,2.25,89.5,1.25,0.38,5.27,1.0,4.49,1.0,2.75,2.05,0.0,6.0,0.89,0.0,1.13,0
0.78,0.0,1.0,1.23,1.22,4.89,71.25,1.0,1.78,0.0,5.78,0.69,1.0,9.81,3.78,0.0,2.33,1.0,2.12,0.22,1.89,0.97,0.0,157.94,0.99,0.0,0.11,0
1.23,0.38,1.38,0.0,0.0,3.46,85.43,1.0,1.23,4.15,8.23,0.4,1.85,70.45,1.0,0.62,24.23,2.62,6.27,0.38,0.77,1.07,0.0,34.29,0.98,0.0,1.0,0
0.93,0.0,1.0,0.0,0.0,4.46,72.69,1.0,0.93,4.07,5.25,0.54,1.39,64.85,2.07,1.0,15.53,1.93,7.95,0.54,1.07,0.43,0.0,27.34,0.94,0.0,1.0,0
0.79,0.0,1.0,0.79,1.0,2.33,131.17,1.0,0.21,3.15,14.3,0.79,0.0,61.47,1.0,0.0,11.86,1.0,3.26,0.21,1.0,0.46,0.0,6.0,0.95,0.0,1.21,0
0.66,0.22,1.0,0.0,3.94,0.0,24.22,1.0,0.0,0.0,9.53,0.34,0.0,0.0,1.78,0.0,0.44,1.0,3.49,0.0,0.78,0.67,0.0,7.31,0.95,0.0,0.22,0
2.49,0.31,1.0,0.62,3.81,4.38,61.13,1.0,1.38,0.0,4.44,0.52,2.25,24.94,3.06,0.0,2.0,1.0,2.36,0.62,1.69,1.12,0.0,124.62,0.97,0.0,0.31,0
1.37,0.0,1.0,1.72,1.72,1.69,36.06,1.0,0.66,0.0,5.59,0.35,1.03,23.37,1.66,0.0,0.34,1.0,3.72,0.69,2.03,1.26,0.0,6.0,0.96,0.0,1.0,0
7.03,1.0,1.19,1.81,8.07,2.61,60.28,1.0,0.39,3.67,4.09,0.14,4.23,82.32,1.0,0.19,3.74,1.0,3.91,2.0,1.0,1.66,0.0,10.54,0.9,0.0,1.58,0
0.12,0.0,1.0,0.99,1.12,5.87,60.64,1.0,1.75,0.0,5.38,0.65,2.12,6.21,3.63,0.0,2.0,1.0,3.15,0.25,2.5,1.01,0.12,155.75,0.99,0.0,0.0,0
0.85,0.15,1.0,0.0,0.85,4.69,50.55,1.0,0.0,0.0,5.08,1.52,0.85,0.0,3.39,0.15,0.85,0.85,1.24,0.15,1.0,0.0,0.0,127.89,0.98,0.0,0.0,0
2.42,1.71,2.42,0.0,0.0,7.79,64.0,1.0,0.0,9.34,2.0,0.39,2.87,69.19,1.87,0.0,8.76,1.71,6.71,1.0,2.0,1.73,0.0,13.53,0.95,0.0,1.29,0
0.17,0.0,0.02,10.81,0.21,0.0,20.15,1.0,0.02,0.0,0.02,1.23,0.11,1.81,1.0,0.0,0.09,1.0,0.04,0.02,0.02,0.03,0.0,12.24,0.87,0.0,0.02,0
7.57,0.57,1.0,5.84,7.01,3.43,91.17,1.0,0.0,0.0,2.28,0.29,3.29,83.42,1.43,0.0,3.28,1.0,4.29,2.0,1.0,2.04,0.0,7.72,0.91,0.0,1.0,0
0.97,0.32,1.32,0.32,0.0,3.03,44.17,1.0,0.64,9.51,6.83,0.45,0.32,63.53,2.36,1.0,5.58,1.0,7.3,1.32,1.68,0.31,0.0,9.54,0.89,0.0,1.97,0
1.88,2.12,1.63,1.0,0.0,2.12,62.07,1.0,1.25,11.92,10.66,1.91,0.63,94.98,1.37,1.0,6.9,1.0,3.37,1.25,1.0,0.6,0.0,12.9,0.87,0.0,2.51,0
2.74,1.83,2.83,0.0,0.0,2.35,45.99,1.0,0.0,4.65,2.52,0.42,1.83,72.49,1.0,0.0,5.0,2.0,3.43,0.91,1.91,1.78,0.0,6.0,0.97,0.0,1.09,0
2.88,3.51,1.0,1.26,6.28,8.82,64.01,1.0,0.0,7.44,1.37,0.28,3.12,75.11,2.12,0.0,7.95,1.0,8.19,1.0,2.63,1.75,0.0,15.68,0.88,0.0,1.37,0
0.0,1.22,1.0,0.0,0.0,3.41,37.97,1.0,0.0,0.59,2.97,2.57,0.0,11.27,1.19,1.0,1.22,0.59,3.51,1.59,1.0,0.67,0.0,6.0,0.91,0.0,0.0,0
3.99,0.0,1.0,5.98,2.0,1.99,91.36,1.0,0.0,2.01,6.51,0.66,0.5,82.98,1.5,0.0,2.49,1.0,3.64,1.0,1.0,1.44,0.0,6.0,0.92,0.0,1.0,0
0.62,0.0,0.31,7.61,0.0,2.16,93.39,1.0,0.0,3.7,7.09,1.39,0.0,28.06,1.0,0.0,2.78,1.31,0.57,0.0,0.31,0.16,0.0,6.0,0.9,0.0,0.31,0
2.11,0.0,1.0,1.85,2.48,4.26,49.44,1.0,0.0,0.0,4.15,0.63,1.74,25.23,2.89,0.0,1.0,1.0,2.14,0.74,2.11,0.85,0.0,96.58,0.99,0.0,0.37,0
0.0,11.33,1.0,0.0,0.0,2.83,87.83,1.0,0.17,0.92,1.83,1.74,0.33,91.66,0.25,1.0,19.92,0.08,3.3,1.17,1.08,0.11,0.0,6.33,0.93,0.0,2.0,0
1.6,0.3,1.0,5.59,6.82,8.38,38.27,1.0,0.0,0.0,5.22,0.19,6.98,34.92,1.0,0.0,2.0,1.0,9.32,1.4,4.19,1.92,0.7,7.81,0.95,0.0,0.3,0
0.0,0.0,1.0,0.0,0.22,1.11,32.68,1.0,0.45,0.0,7.55,0.46,0.22,0.0,2.45,0.0,0.45,1.0,3.69,0.0,1.22,0.72,0.0,44.05,0.95,0.0,0.0,0
0.29,2.13,1.0,2.33,0.58,6.33,37.62,1.0,0.0,0.0,0.29,3.17,2.91,14.54,0.29,0.71,2.71,0.29,6.38,1.29,2.45,0.73,0.29,6.0,0.91,0.0,0.0,0
0.56,2.16,1.0,0.0,0.0,4.28,59.38,1.0,0.56,0.84,2.52,3.3,0.84,22.98,0.28,1.0,10.57,0.84,4.69,0.72,0.72,0.26,0.0,18.89,0.92,0.0,0.28,0
0.0,2.94,1.0,0.74,0.26,4.26,47.56,1.0,0.53,0.0,1.59,3.62,0.26,73.54,2.53,0.74,0.53,1.0,1.2,0.0,1.26,0.21,0.0,51.25,0.94,0.0,0.0,0
1.0,0.12,1.0,0.0,0.0,8.73,118.88,1.0,0.88,4.96,8.19,1.4,1.46,53.54,1.35,0.88,10.04,1.88,4.68,1.0,1.12,0.63,0.0,14.31,0.94,0.0,2.0,0
1.66,0.0,1.0,0.0,0.0,6.0,58.51,1.0,0.0,0.0,4.34,0.97,0.83,0.0,3.66,0.34,14.08,1.0,6.12,1.0,0.83,0.62,0.0,6.0,0.93,0.0,1.66,0
0.0,1.23,1.0,0.0,0.69,3.77,59.93,1.0,2.0,0.0,4.16,0.63,1.92,0.0,3.69,0.31,3.84,1.0,3.46,0.92,2.0,0.98,0.0,125.73,0.95,0.0,0.61,0
1.33,0.44,1.44,0.44,0.0,1.0,51.71,1.0,1.44,8.41,11.98,0.34,0.44,40.73,1.56,0.44,4.87,1.0,4.22,0.89,1.0,0.83,0.0,10.87,0.91,0.0,2.33,0
0.0,3.42,1.0,0.42,0.0,4.0,37.92,1.0,0.0,0.0,0.0,4.5,0.0,41.73,0.83,1.0,1.75,0.42,2.55,0.58,1.0,0.0,0.0,6.0,0.9,0.0,0.0,0
0.64,2.21,1.21,0.0,0.21,8.43,208.49,1.0,1.29,2.93,14.86,1.84,0.86,27.85,1.43,1.43,7.57,1.79,2.53,0.21,1.0,0.59,0.0,6.0,0.98,0.0,1.21,0
17.2,12.52,1.89,4.47,31.29,6.89,279.73,1.0,0.0,0.89,2.21,0.26,6.36,84.94,1.32,0.0,5.38,1.0,6.27,1.89,1.0,1.72,0.0,6.0,0.72,0.0,2.0,1
1.87,0.0,1.0,0.0,0.0,6.13,66.22,1.0,0.13,0.4,4.67,0.67,1.0,7.28,3.6,0.13,15.92,1.13,6.37,1.0,1.0,0.72,0.0,6.81,0.93,0.0,2.0,0
0.92,1.0,1.08,0.0,0.0,20.32,110.73,1.0,0.0,18.88,2.4,0.49,4.6,50.16,3.76,0.0,17.76,1.08,13.94,1.0,2.0,1.33,0.0,29.92,0.89,0.0,1.92,1
0.32,0.0,1.0,0.0,0.0,3.64,74.9,1.0,0.0,2.76,7.88,1.39,0.0,30.53,1.84,0.84,1.44,1.16,3.15,1.68,1.0,1.03,0.0,6.0,0.94,0.0,0.16,0
0.65,2.0,1.43,0.0,0.0,6.7,136.01,1.0,0.0,1.87,11.4,1.79,0.43,26.08,1.0,0.78,2.65,2.0,2.02,0.22,1.22,0.49,0.0,6.0,0.98,0.0,1.0,0
0.37,0.63,1.0,0.37,0.37,1.88,33.47,1.0,0.0,1.49,3.36,3.55,0.0,29.13,0.37,0.63,0.0,0.37,1.45,0.63,1.0,0.22,0.0,6.0,0.89,0.0,0.37,0
0.38,0.25,1.25,0.0,0.0,5.5,82.21,1.0,0.0,1.5,7.24,1.19,0.25,31.55,1.0,0.0,5.0,2.0,3.49,0.13,1.13,0.76,0.0,6.0,0.96,0.0,1.87,0
1.14,0.86,1.0,0.0,0.0,19.57,118.57,1.0,0.29,17.57,3.0,0.52,4.71,54.57,3.57,0.14,19.71,1.29,13.69,0.86,1.71,1.28,0.0,34.86,0.9,0.0,1.86,1
0.64,2.57,1.0,0.0,3.83,3.15,32.87,1.0,0.0,0.0,3.19,3.48,0.0,0.0,0.21,0.79,2.79,0.21,3.05,0.79,0.79,0.12,0.0,7.28,0.91,0.0,0.21,0
0.95,10.37,1.0,1.5,0.41,3.14,97.26,1.0,0.0,0.86,2.27,1.68,0.14,98.37,0.27,0.86,18.82,0.14,3.22,1.14,1.0,0.31,0.0,6.0,0.93,0.0,1.86,0
14.41,8.16,1.58,3.75,24.57,4.08,189.6,1.0,0.42,0.58,1.58,0.2,6.17,90.83,1.0,0.0,4.0,1.0,4.45,1.58,1.0,1.63,0.0,128.25,0.82,0.0,1.58,1
1.84,0.61,1.61,0.61,0.0,3.71,63.92,1.0,1.22,11.63,11.57,2.49,0.61,56.33,0.61,1.39,7.12,0.61,3.32,1.61,1.0,0.59,0.0,12.73,0.91,0.0,2.45,0
0.0,1.9,1.0,0.0,0.0,7.21,54.8,1.0,0.0,0.16,2.84,5.35,0.0,15.81,0.0,1.84,4.16,0.0,1.3,1.0,1.0,0.0,0.0,6.0,0.99,0.0,0.32,0
3.0,2.0,3.0,0.0,0.0,2.0,42.0,1.0,0.0,5.0,2.0,0.34,2.0,77.0,1.0,0.0,5.0,2.0,3.43,1.0,2.0,1.89,0.0,6.0,0.97,0.0,1.0,0
5.92,0.62,1.0,9.31,2.54,3.54,124.08,1.0,0.31,0.0,3.38,0.53,1.46,74.47,2.15,0.15,5.46,1.0,5.44,2.15,1.15,2.16,0.0,6.62,0.89,0.0,1.15,0
0.0,0.0,1.0,0.0,0.25,2.7,128.07,1.0,0.25,0.0,14.38,0.51,0.0,0.0,1.75,0.0,13.74,1.0,4.97,0.25,1.0,0.53,0.0,6.0,0.94,0.0,0.49,0
6.5,0.75,1.0,1.5,7.5,3.75,57.25,1.0,0.0,0.0,1.75,0.22,4.0,60.03,1.75,0.0,5.74,1.0,4.48,1.75,1.0,1.56,0.0,8.25,0.92,0.0,1.25,0
0.0,0.36,1.36,0.0,0.64,3.56,50.08,1.0,1.28,2.15,6.36,0.53,0.64,18.66,2.92,0.0,6.67,1.36,2.78,0.36,2.0,0.98,0.0,115.63,0.99,0.0,0.36,0
4.04,1.69,1.0,6.78,1.73,4.0,96.87,1.0,0.0,0.0,2.31,2.28,0.58,93.07,2.0,0.42,2.89,1.0,3.36,1.16,1.0,1.33,0.0,6.0,0.9,0.0,0.58,0
0.56,0.0,1.0,4.52,1.13,7.21,39.65,1.0,0.44,0.0,4.05,0.29,5.65,28.24,1.44,0.0,1.13,1.0,8.99,1.13,3.82,1.73,0.56,6.0,0.95,0.0,0.44,0
2.41,0.71,1.0,0.0,13.02,1.46,33.78,1.0,0.0,0.0,12.37,0.36,0.29,0.0,1.88,0.0,1.71,1.0,0.93,0.0,0.29,0.4,0.0,52.39,0.98,0.0,0.71,0
0.0,0.0,1.0,0.0,0.0,2.74,48.77,1.0,1.0,4.34,6.26,0.37,0.0,52.14,3.74,1.74,2.61,1.0,7.57,0.0,1.0,0.77,0.0,6.0,0.92,0.0,1.0,0
3.48,4.35,1.0,1.74,8.69,1.0,32.26,1.0,0.13,0.0,1.92,0.17,1.74,78.22,1.13,0.0,1.74,1.0,4.23,0.87,2.74,1.83,0.0,6.0,0.88,0.0,1.0,0
0.0,1.12,1.0,0.28,0.0,5.44,55.68,1.0,0.0,0.0,4.32,3.5,0.0,27.99,2.0,1.72,0.0,1.0,2.2,0.72,0.28,0.0,0.0,6.0,0.93,0.0,0.0,0
2.78,0.78,1.78,0.78,0.0,1.88,84.5,1.0,2.0,15.5,15.25,0.33,1.44,89.81,1.0,1.0,15.16,1.44,5.34,1.56,0.78,0.95,0.0,24.66,0.88,0.0,3.34,1
0.1,11.4,1.0,0.0,0.0,3.2,99.37,1.0,0.0,1.55,3.05,1.85,0.0,99.55,0.05,0.95,20.4,0.1,2.87,0.95,1.0,0.03,0.0,6.0,0.94,0.0,1.95,0
1.0,0.0,1.0,7.0,1.86,10.29,44.29,1.0,0.0,0.57,2.14,0.29,8.57,54.0,1.0,0.0,1.71,1.0,11.46,1.71,5.29,2.23,0.86,6.0,0.94,0.0,0.14,0
4.33,0.0,1.0,1.08,5.41,0.0,25.62,1.0,0.54,0.0,4.22,0.26,2.7,45.96,1.46,0.0,2.16,1.0,3.03,0.54,1.0,1.04,0.0,164.43,0.96,0.0,0.54,0
0.07,0.07,1.0,0.0,0.0,4.33,55.67,1.0,0.93,6.05,5.72,0.38,0.35,59.3,4.0,1.86,4.05,1.0,8.6,0.07,1.07,0.82,0.0,7.81,0.91,0.0,1.07,0
3.85,0.15,1.15,4.39,4.24,2.7,45.16,1.0,0.3,2.88,3.43,0.27,2.7,71.64,1.0,0.15,2.52,1.0,3.78,2.0,3.54,2.08,0.0,7.67,0.96,0.0,1.46,0
0.0,0.0,1.0,0.0,0.0,1.0,34.0,1.0,1.0,0.0,8.0,0.39,0.0,0.0,2.0,0.0,0.0,1.0,3.78,0.0,1.0,0.73,0.0,6.0,0.96,0.0,1.0,0
0.0,0.77,1.0,0.0,0.0,1.03,26.83,1.0,0.0,0.0,5.94,1.42,0.0,0.0,1.48,0.26,0.77,0.74,4.1,0.26,1.0,0.52,0.0,6.0,0.93,0.0,0.0,0
0.85,3.72,1.28,0.72,0.28,5.71,138.03,1.0,1.71,2.85,5.13,3.5,1.14,96.01,2.28,1.57,7.98,1.0,2.38,0.28,1.0,0.68,0.0,6.0,0.94,0.0,0.57,0
0.96,0.0,1.0,0.96,0.96,0.27,46.66,1.0,0.0,3.82,8.87,0.87,0.0,74.54,1.04,0.09,0.0,1.0,2.22,0.04,0.96,0.56,0.0,6.0,0.95,0.0,0.96,0
0.82,0.82,1.0,0.0,0.82,1.46,29.19,1.0,0.0,0.0,1.36,1.73,0.0,0.0,1.64,0.36,1.82,0.82,1.55,1.0,1.82,0.49,0.0,6.0,0.94,0.0,0.0,0
1.3,0.0,1.0,2.04,1.37,9.7,390.28,1.0,0.81,0.0,28.43,0.82,0.19,16.33,1.19,0.0,46.53,1.0,6.81,1.19,1.0,0.43,0.0,6.0,0.95,0.0,1.81,1
0.37,2.26,1.0,0.0,0.37,2.52,31.31,1.0,0.0,0.0,0.37,3.05,0.0,0.0,0.74,0.63,2.63,0.37,2.93,1.0,1.37,0.22,0.0,6.0,0.9,0.0,0.0,0
0.05,0.0,1.0,0.0,0.0,6.05,89.6,1.0,0.05,1.1,8.05,1.32,0.05,26.5,1.0,0.05,5.21,2.0,3.49,0.05,1.0,0.6,0.0,6.31,0.96,0.0,2.0,0
1.86,0.14,1.0,0.41,0.0,4.86,133.3,1.0,5.68,7.22,8.18,0.55,2.59,83.23,1.0,0.86,26.46,2.73,6.82,0.14,0.14,0.89,0.0,47.51,0.95,0.0,1.41,0
0.08,0.05,1.05,0.0,0.97,4.92,62.43,1.0,1.95,0.14,5.89,0.7,1.03,2.09,3.92,0.0,2.08,1.03,1.8,0.03,2.0,0.83,0.0,172.37,1.0,0.0,0.03,0
2.85,2.77,1.92,0.0,0.92,9.77,358.9,1.0,5.61,9.46,17.3,0.62,3.77,83.53,2.85,2.85,26.53,1.08,5.64,1.0,1.0,2.23,0.0,6.46,0.99,0.0,2.0,1
0.0,1.06,1.0,0.0,0.0,6.53,107.51,1.0,1.06,2.11,8.64,2.14,0.0,38.58,2.53,0.94,4.76,1.0,2.81,0.47,0.53,0.31,0.0,10.76,0.94,0.0,1.59,0
2.85,1.9,2.9,0.0,0.05,2.15,43.03,1.0,0.1,4.75,2.2,0.36,1.95,73.21,1.15,0.0,4.85,1.95,3.35,0.95,2.0,1.84,0.0,14.43,0.97,0.0,0.95,0
1.39,0.0,1.0,1.74,1.74,4.96,53.71,1.0,0.0,0.0,4.26,2.08,1.04,23.61,1.65,1.31,0.35,1.0,2.99,1.35,1.39,0.79,0.0,6.0,0.95,0.0,0.35,0
3.38,0.42,1.0,0.85,4.23,4.73,74.89,1.0,0.0,0.58,5.04,0.8,2.11,48.25,1.0,0.0,3.73,1.58,3.58,0.85,1.0,1.12,0.0,7.27,0.94,0.0,1.58,0
0.85,0.0,1.0,0.0,0.0,4.71,133.13,1.0,0.0,5.7,12.69,1.48,0.0,49.76,1.57,0.57,3.85,1.43,2.73,1.15,1.0,0.87,0.0,6.0,0.95,0.0,0.43,0
0.0,2.61,1.0,0.0,0.0,5.16,119.49,1.0,2.0,2.77,7.62,1.05,1.23,50.56,3.0,0.31,8.69,1.0,4.29,0.92,1.31,0.83,0.0,13.46,0.91,0.0,2.69,1
0.42,0.14,1.14,0.14,0.0,5.3,86.04,1.0,0.28,3.52,9.26,1.16,0.14,34.36,1.0,0.14,5.84,1.86,3.68,0.28,1.0,0.65,0.0,7.54,0.94,0.0,2.28,0
0.0,0.52,1.0,0.0,0.0,3.0,32.67,1.0,0.0,0.48,2.38,3.36,0.0,9.05,0.95,1.0,0.0,0.48,2.14,1.48,1.0,0.54,0.0,6.0,0.89,0.0,0.0,0
8.0,0.59,1.0,2.0,10.0,1.76,44.63,1.0,0.41,0.0,1.0,0.13,5.0,82.06,1.0,0.0,2.82,1.0,3.0,1.59,1.0,1.63,0.0,128.6,0.94,0.0,1.0,0
3.0,1.0,2.0,1.0,0.0,1.0,74.0,1.0,2.0,19.0,17.0,0.27,1.0,92.0,1.0,1.0,11.0,1.0,4.78,2.0,1.0,0.96,0.0,17.0,0.85,0.0,4.0,1
0.02,2.99,1.01,0.0,0.0,3.99,35.04,1.0,0.0,0.03,0.01,4.36,0.01,0.39,0.01,0.99,3.01,0.01,3.67,1.0,1.01,0.01,0.0,6.0,0.89,0.0,0.01,0
1.0,1.0,1.0,0.0,0.0,22.0,118.0,1.0,0.0,20.0,2.0,0.52,5.0,50.0,4.0,0.0,18.0,1.0,14.75,1.0,2.0,1.33,0.0,32.0,0.88,0.0,2.0,1
0.21,3.16,1.0,2.47,0.42,5.67,42.42,1.0,0.0,0.0,0.21,3.74,2.09,89.54,1.79,0.79,0.42,1.0,3.51,0.42,2.05,0.52,0.21,6.0,0.92,0.0,0.0,0
7.11,0.87,1.0,1.74,8.85,3.26,56.74,1.0,0.0,0.0,1.64,0.2,4.49,69.8,1.38,0.0,1.87,1.0,3.39,1.74,1.0,1.6,0.0,26.98,0.93,0.0,0.87,0
3.11,3.88,1.0,1.78,7.77,1.89,34.9,1.0,0.0,0.22,1.67,0.37,1.55,83.75,1.22,0.45,2.0,1.0,3.95,1.0,2.55,1.7,0.0,6.0,0.89,0.0,0.78,0
0.72,0.72,1.0,0.0,0.72,1.14,26.42,1.0,0.0,1.42,1.28,0.71,0.0,14.19,2.28,0.28,2.28,1.0,3.61,1.0,2.0,0.43,0.0,6.0,0.92,0.0,0.28,0
3.29,0.53,1.53,5.17,1.41,2.41,78.65,1.0,0.0,3.18,5.59,0.36,0.47,68.9,1.47,0.0,10.3,1.53,4.84,1.47,1.53,1.77,0.0,6.0,0.93,0.0,1.0,0
0.18,1.98,1.0,0.04,0.22,6.91,146.98,1.0,1.96,3.91,10.78,1.29,0.11,73.15,2.96,0.0,8.85,1.0,2.95,0.04,1.0,0.62,0.0,14.87,0.94,0.0,2.96,1
0.83,0.0,1.0,6.62,1.66,10.97,46.93,1.0,0.0,0.0,1.86,0.7,8.28,41.4,1.17,0.34,1.66,1.0,11.22,1.83,4.97,2.07,0.83,6.0,0.94,0.0,0.0,0
5.86,4.32,1.31,1.54,10.8,7.69,127.6,1.0,0.0,0.31,2.69,4.22,2.16,29.31,0.31,1.38,1.93,0.31,2.6,1.31,1.0,0.57,0.0,6.0,0.91,0.0,0.62,0
2.49,2.66,1.83,0.0,0.83,8.8,318.69,1.0,4.97,8.29,14.92,1.34,3.32,71.31,2.49,2.66,23.22,0.83,5.01,1.0,1.0,1.97,0.0,6.0,0.97,0.0,1.66,1
0.0,0.23,1.0,0.06,0.0,7.77,47.65,1.0,0.0,0.0,2.82,5.92,0.0,5.84,0.12,1.94,0.94,0.06,1.0,0.94,1.0,0.0,0.0,6.0,0.99,0.0,0.0,0
1.6,0.6,1.6,0.0,0.7,4.11,51.13,1.0,0.0,1.49,4.81,0.7,1.3,22.93,3.11,0.0,2.19,1.3,1.92,0.3,1.3,0.56,0.0,107.11,0.99,0.0,0.3,0
5.85,0.73,1.0,1.46,7.58,5.15,161.99,1.0,0.27,0.0,9.86,0.32,3.66,58.52,1.0,0.0,16.5,1.0,4.64,1.73,1.0,1.34,0.0,8.19,0.93,0.0,1.27,0
2.63,2.5,1.0,4.14,1.13,2.13,84.59,1.0,1.25,0.0,1.5,0.48,2.87,33.09,2.62,0.62,6.87,1.0,6.49,2.62,1.62,1.73,0.0,8.5,0.85,0.0,1.62,0
8.0,0.0,1.0,2.0,10.0,0.0,27.0,1.0,1.0,0.0,1.0,0.15,5.0,85.0,1.0,0.0,4.0,1.0,2.0,1.0,1.0,1.33,0.0,299.0,0.98,0.0,1.0,1
1.49,0.0,1.0,0.0,0.0,5.99,202.95,1.0,0.0,9.22,18.45,1.6,0.0,72.82,1.25,0.25,6.73,1.75,2.23,0.51,1.0,0.67,0.0,6.0,0.97,0.0,0.75,0
6.73,0.04,1.0,10.51,2.91,3.82,132.03,1.0,0.0,0.0,3.87,0.55,0.96,84.1,2.0,0.0,4.87,1.0,4.94,1.96,1.04,2.23,0.0,6.0,0.9,0.0,0.96,0
1.37,7.9,1.46,0.0,0.46,6.19,222.29,1.0,2.74,5.1,9.29,1.26,1.82,93.62,1.37,1.91,24.19,0.46,4.25,1.0,1.0,1.08,0.0,6.0,0.96,0.0,2.0,1
7.87,0.87,1.0,3.16,9.1,3.13,67.3,1.0,0.0,0.0,1.39,0.17,4.49,81.03,1.13,0.0,2.39,1.0,3.88,2.0,1.0,1.89,0.0,8.61,0.91,0.0,1.0,0
3.2,0.27,1.0,3.66,3.66,8.09,60.89,1.0,0.0,5.36,1.27,0.34,3.54,63.18,1.8,0.0,5.55,1.0,6.59,1.73,3.46,2.03,0.0,12.96,0.95,0.0,1.27,0
7.07,0.0,1.0,1.77,8.83,0.93,29.45,1.0,0.88,0.0,1.23,0.83,4.42,75.07,0.88,0.23,3.65,0.88,1.88,1.0,1.0,1.18,0.0,264.76,0.98,0.0,0.88,1
0.64,0.0,1.0,0.0,1.0,5.0,57.91,1.0,0.73,0.0,6.0,0.8,1.0,0.0,4.0,0.0,1.36,1.0,1.45,0.0,1.36,0.29,0.0,159.81,1.0,0.0,0.0,0
0.34,3.81,1.0,0.53,0.15,1.15,57.06,1.0,1.9,0.0,0.19,0.45,3.85,4.26,2.95,0.95,7.85,1.0,7.22,2.95,1.95,1.42,0.0,9.81,0.83,0.0,1.95,0
0.68,0.68,1.23,0.77,0.23,6.13,120.73,1.0,1.36,3.04,7.17,1.01,0.91,67.44,2.23,2.23,7.9,1.0,3.45,1.0,1.0,1.05,0.0,6.0,0.95,0.0,0.45,0
1.0,0.0,1.0,1.9,1.24,6.67,52.38,1.0,0.0,0.0,4.81,0.7,3.14,11.9,3.29,0.0,1.24,1.0,4.07,0.48,2.19,0.59,0.24,115.74,0.99,0.0,0.0,0
1.61,3.4,1.0,0.4,2.01,1.4,53.8,1.0,1.6,0.0,0.2,0.38,4.2,16.1,2.6,0.8,6.79,1.0,6.6,2.8,1.8,1.47,0.0,9.8,0.85,0.0,1.8,0
0.62,1.51,1.0,5.35,1.24,8.97,43.24,1.0,0.0,0.0,0.62,1.9,6.21,68.93,1.38,0.38,1.24,1.0,8.46,1.24,4.11,1.55,0.62,6.0,0.93,0.0,0.0,0
0.53,0.0,1.0,0.0,0.53,5.47,57.8,1.0,0.0,0.0,6.0,1.88,0.53,0.0,3.07,0.93,0.53,1.0,1.93,0.47,0.53,0.0,0.0,82.76,0.97,0.0,0.0,0
6.03,3.71,1.0,1.51,7.54,3.0,65.38,1.0,0.0,0.25,1.25,0.54,3.77,84.93,0.75,0.25,6.68,0.75,3.51,1.75,1.0,1.38,0.0,8.26,0.92,0.0,1.25,0
11.75,8.66,1.62,3.09,21.65,4.33,198.43,1.0,0.0,0.62,4.29,0.29,4.33,58.76,1.38,0.0,2.47,1.0,5.46,1.24,1.0,1.4,0.0,6.0,0.79,0.0,1.24,0
0.0,3.43,1.0,0.0,0.0,5.14,69.58,1.0,0.0,0.29,4.86,2.71,0.0,28.61,1.43,1.71,6.01,0.71,2.74,1.0,0.29,0.0,0.0,6.0,0.94,0.0,0.57,0
0.43,0.54,1.0,0.22,1.09,3.67,30.22,1.0,0.0,4.46,1.89,0.5,0.22,54.34,2.78,0.89,2.89,1.0,8.04,1.0,2.11,0.22,0.0,6.0,0.9,0.0,1.0,0
0.69,0.0,1.0,0.0,0.0,4.37,114.88,1.0,0.0,4.78,11.18,1.45,0.0,43.73,1.66,0.66,3.09,1.34,2.86,1.31,1.0,0.92,0.0,6.0,0.95,0.0,0.34,0
0.93,0.93,1.0,2.78,0.07,4.07,194.61,1.0,27.02,31.51,3.22,0.65,0.07,84.34,1.22,0.0,3.85,1.0,3.56,0.93,1.07,0.65,0.0,30.56,0.8,0.0,3.71,1
2.65,0.73,1.0,5.19,0.82,4.0,186.34,1.0,21.04,24.67,3.27,0.62,0.27,90.18,1.27,0.0,4.27,1.0,4.09,1.27,1.0,1.1,0.0,15.43,0.81,0.0,3.18,1
3.0,2.95,2.05,0.0,0.95,9.62,362.93,1.0,5.71,9.76,17.24,0.54,3.9,85.57,2.9,2.86,26.9,1.05,5.72,1.0,1.05,2.35,0.0,6.0,0.99,0.0,1.95,1
0.83,0.17,1.0,6.67,1.67,10.5,41.0,1.0,0.0,0.0,0.83,1.04,8.33,41.66,0.83,0.17,1.67,0.83,11.0,1.83,5.17,2.08,0.83,6.0,0.93,0.0,0.0,0
1.0,0.92,1.0,3.4,0.16,4.64,192.06,1.0,26.67,31.27,2.84,0.61,0.8,87.7,1.0,0.0,3.84,1.0,4.45,1.08,1.4,0.79,0.08,17.95,0.79,0.0,3.68,1
0.6,0.0,1.0,0.0,0.6,3.39,46.55,1.0,0.4,0.0,6.81,0.66,0.6,0.0,3.19,0.0,0.6,1.0,2.29,0.0,1.0,0.29,0.0,92.03,0.98,0.0,0.4,0
0.0,0.49,1.49,0.0,0.0,2.02,33.66,1.0,0.0,3.44,5.98,0.78,0.0,35.1,1.51,0.51,7.32,1.49,4.0,1.51,1.49,1.21,0.0,6.0,0.95,0.0,0.49,0
1.84,2.39,2.23,0.0,0.0,2.77,39.29,1.0,0.0,3.07,1.23,1.9,1.23,47.22,0.61,0.39,4.23,1.23,3.52,1.0,1.61,1.16,0.0,6.0,0.94,0.0,0.61,0
1.36,2.0,1.91,0.0,0.0,5.28,107.56,1.0,0.0,2.81,8.56,1.35,0.91,41.49,1.0,0.55,3.36,2.0,2.44,0.45,1.45,0.91,0.0,6.0,0.97,0.0,1.0,0
18.24,13.45,1.96,4.79,33.51,7.64,298.02,1.0,0.0,1.81,2.0,0.24,6.92,93.09,1.13,0.0,4.59,1.0,6.56,1.96,1.04,1.82,0.0,7.1,0.71,0.0,2.0,1
0.0,1.56,1.0,0.0,0.22,7.88,214.88,1.0,1.78,3.12,16.07,1.22,0.0,56.92,2.56,0.0,19.36,1.0,3.87,0.22,1.0,0.46,0.0,13.02,0.95,0.0,2.78,1
1.75,0.0,1.0,0.0,0.0,7.0,222.93,1.0,0.25,9.73,19.47,1.64,0.25,81.67,1.0,0.25,9.0,2.0,2.22,0.25,1.0,0.52,0.0,7.51,0.98,0.0,1.25,0
0.69,0.69,1.0,2.07,0.0,3.69,153.88,1.0,20.01,23.78,3.62,0.86,0.0,68.69,1.31,0.31,2.76,1.0,3.61,1.31,1.0,0.79,0.0,14.97,0.83,0.0,2.76,0
0.0,0.87,1.73,1.48,0.0,0.87,26.06,1.0,0.0,5.19,6.06,0.34,0.0,45.0,1.0,0.0,12.98,1.87,4.0,0.87,1.73,1.13,0.0,6.0,0.95,0.0,0.87,0
2.93,2.93,1.98,0.0,0.98,9.91,372.57,1.0,5.87,9.8,17.78,0.57,3.91,84.65,2.96,2.93,27.49,1.02,5.78,0.98,1.0,2.34,0.0,6.0,0.99,0.0,2.0,1
0.0,0.0,1.0,0.46,0.0,3.93,42.32,1.0,0.0,1.0,4.54,1.25,0.0,38.97,2.0,1.46,0.93,1.0,3.1,1.54,1.0,0.91,0.0,6.0,0.93,0.0,0.0,0
3.88,0.12,1.12,4.51,4.39,2.76,44.16,1.0,0.24,2.33,2.96,0.27,2.76,70.94,1.0,0.12,2.22,1.0,3.74,2.0,3.63,2.12,0.0,7.35,0.96,0.0,1.37,0
0.0,3.6,1.13,0.0,0.0,1.0,49.54,1.0,1.73,0.8,0.93,0.42,3.47,6.93,2.73,0.87,8.93,1.13,6.97,2.73,2.0,1.37,0.0,9.47,0.85,0.0,1.87,0
6.83,0.7,1.23,1.53,7.9,2.33,109.12,1.0,2.17,2.33,4.97,0.24,4.77,85.23,1.47,0.7,9.6,1.0,2.89,1.0,1.0,1.58,0.0,230.64,0.98,0.0,1.23,1
0.0,0.0,1.0,0.0,0.0,4.0,30.0,1.0,0.0,5.0,2.0,0.54,0.0,50.0,3.0,1.0,3.0,1.0,8.5,1.0,2.0,0.0,0.0,6.0,0.9,0.0,1.0,0
0.0,0.49,1.0,0.0,0.0,3.0,38.74,1.0,0.51,2.55,3.06,2.74,0.0,30.58,2.04,1.51,1.53,0.51,4.64,0.49,1.0,0.4,0.0,6.0,0.88,0.0,0.51,0
5.75,1.12,1.0,1.72,7.19,1.12,31.22,1.0,0.72,0.0,0.72,1.42,3.59,89.22,1.28,0.28,2.88,1.0,1.72,0.72,1.0,0.96,0.0,216.64,0.96,0.0,0.72,0
6.5,4.28,1.31,1.53,10.69,7.0,176.12,1.0,0.69,2.39,6.86,1.12,2.83,66.52,1.0,0.69,7.47,1.69,4.23,1.31,1.0,0.94,0.0,10.17,0.87,0.0,2.0,0
1.21,0.81,1.81,0.0,0.0,1.4,37.23,1.0,0.6,2.02,5.58,0.37,0.81,31.1,1.6,0.0,2.02,1.4,3.64,0.4,1.4,1.2,0.0,6.0,0.96,0.0,1.0,0
0.0,2.98,1.0,0.0,0.0,3.99,35.04,1.0,0.0,0.01,0.04,4.36,0.0,0.14,0.02,1.0,2.98,0.01,3.66,1.01,1.0,0.01,0.0,6.0,0.89,0.0,0.0,0
0.0,0.28,0.56,7.92,0.0,0.28,21.96,1.0,0.0,1.68,1.96,0.96,0.0,14.57,1.0,0.0,4.2,1.28,1.3,0.28,0.56,0.36,0.0,6.0,0.89,0.0,0.28,0
0.37,0.37,1.0,0.0,0.63,11.22,83.13,1.0,1.27,7.32,4.54,0.64,2.46,18.3,4.0,0.0,7.85,1.0,6.51,0.37,2.0,1.0,0.0,123.94,0.96,0.0,0.73,1
1.53,1.56,1.0,2.41,0.66,6.34,146.37,1.0,1.56,3.12,9.47,1.15,0.22,76.29,2.78,0.0,8.12,1.0,3.41,0.44,1.0,0.96,0.0,13.03,0.93,0.0,2.56,1
18.27,13.62,1.96,4.81,33.65,6.77,296.27,1.0,0.08,0.96,1.92,0.24,6.88,91.35,1.08,0.04,4.15,1.0,6.24,2.04,1.04,1.82,0.0,6.15,0.7,0.0,2.0,1
0.0,0.0,1.0,0.0,0.0,4.38,49.68,1.0,0.0,0.54,5.46,2.12,0.0,10.24,2.0,1.46,0.0,1.0,3.06,1.54,0.54,0.61,0.0,6.0,0.93,0.0,0.0,0
1.61,2.39,1.0,2.61,2.02,3.6,41.19,1.0,0.0,0.0,0.4,2.89,1.21,87.08,1.6,0.6,0.4,1.0,2.05,0.81,2.21,0.92,0.0,6.0,0.94,0.0,0.4,0
6.93,0.0,1.0,10.89,2.97,4.02,136.5,1.0,0.0,0.01,4.04,0.55,0.99,87.36,1.99,0.0,5.0,1.01,5.07,1.98,1.0,2.29,0.0,6.0,0.9,0.0,1.01,0
1.1,0.0,1.0,0.0,0.0,4.65,54.85,1.0,0.45,2.25,4.9,0.46,0.55,27.03,4.0,0.9,10.69,1.0,7.42,0.55,1.0,0.76,0.0,6.0,0.92,0.0,1.55,0
0.31,0.0,1.0,0.0,0.0,5.85,70.36,1.0,0.31,0.46,6.46,2.66,0.46,12.59,1.85,1.85,4.6,1.31,3.38,0.85,0.0,0.14,0.0,13.06,0.94,0.0,0.15,0
0.62,0.62,1.0,0.0,0.0,13.67,82.39,1.0,0.0,12.42,4.27,0.47,3.11,31.06,3.24,0.0,11.18,1.0,10.77,0.62,1.62,1.09,0.0,22.15,0.91,0.0,1.24,0
1.65,0.0,1.0,0.35,0.35,3.27,95.66,1.0,1.31,3.35,9.0,0.61,1.96,80.61,1.0,0.65,19.6,2.31,5.54,0.0,0.35,0.81,0.0,36.06,0.97,0.0,1.0,0
0.24,0.24,1.0,0.0,0.24,4.54,72.69,1.0,0.0,0.76,6.3,1.18,0.0,18.92,1.24,0.0,4.27,1.76,3.05,0.24,1.24,0.6,0.0,6.0,0.95,0.0,1.51,0
0.6,0.2,0.4,8.99,0.0,0.2,30.88,1.0,0.4,3.83,3.42,1.05,0.2,18.53,1.0,0.2,2.22,1.0,0.96,0.4,0.2,0.19,0.0,8.22,0.86,0.0,0.81,0
1.0,0.0,1.0,3.95,1.49,8.46,49.56,1.0,0.0,0.0,3.53,0.53,5.45,24.72,2.52,0.0,1.49,1.0,7.08,0.99,3.47,1.24,0.49,78.82,0.97,0.0,0.0,0
1.3,0.15,1.15,0.15,0.0,6.1,112.27,1.0,1.15,5.39,10.2,1.32,1.0,59.68,1.0,1.0,9.3,1.85,3.58,1.15,1.0,0.6,0.0,12.75,0.93,0.0,2.3,0
0.0,0.65,1.65,0.0,0.0,0.65,25.94,1.0,0.0,3.88,7.35,0.27,0.0,33.61,1.35,0.0,9.7,1.65,4.49,0.65,1.65,1.09,0.0,6.0,0.96,0.0,0.65,0
0.0,1.53,1.0,0.0,0.0,7.53,138.37,1.0,0.0,0.77,12.13,2.39,0.0,9.19,1.23,1.23,1.53,1.77,1.87,0.23,0.77,0.08,0.0,6.0,0.97,0.0,0.77,0
3.06,1.99,2.97,0.03,0.13,2.01,42.19,1.0,0.0,4.94,1.99,0.34,2.04,77.04,1.0,0.0,4.96,1.99,3.43,1.01,1.99,1.89,0.0,6.04,0.97,0.0,1.0,0
2.33,4.22,2.56,0.0,0.0,2.22,52.86,1.0,0.0,4.11,2.0,0.68,1.56,82.1,0.78,0.22,8.55,1.56,3.32,1.0,1.78,1.47,0.0,6.0,0.96,0.0,1.22,0
0.94,0.94,1.0,0.0,0.94,0.47,26.35,1.0,0.0,0.0,1.12,1.09,0.0,0.0,1.88,0.12,1.94,0.94,1.63,1.0,1.94,0.56,0.0,6.0,0.93,0.0,0.0,0
0.98,0.02,1.02,7.84,1.96,11.78,43.65,1.0,0.0,0.12,1.12,0.21,9.8,50.04,1.0,0.0,2.27,1.02,12.83,1.98,5.92,2.48,0.98,6.0,0.94,0.0,0.02,0
0.0,5.39,1.0,0.83,0.0,3.83,50.53,1.0,0.0,0.17,0.35,4.18,0.0,100.0,1.65,1.0,3.66,0.83,1.34,0.17,1.0,0.0,0.0,6.0,0.92,0.0,0.35,0
0.0,0.0,1.0,0.0,0.0,7.67,46.51,1.0,0.0,0.41,2.92,5.55,0.0,4.13,0.25,1.92,1.17,0.08,1.62,1.0,1.08,0.0,0.0,6.0,0.99,0.0,0.08,0
1.74,0.0,1.0,0.0,0.0,7.13,231.16,1.0,0.0,10.47,20.44,2.24,0.0,79.37,0.87,0.26,7.98,1.74,1.73,0.13,1.0,0.45,0.0,6.0,0.99,0.0,0.87,0
0.0,1.88,1.0,0.0,0.0,2.06,46.11,1.0,0.94,0.53,2.65,0.92,1.88,10.07,2.47,1.0,3.76,1.0,5.25,2.47,1.47,1.24,0.0,7.88,0.88,0.0,0.94,0
0.32,1.68,1.0,0.97,0.0,6.03,167.09,1.0,10.72,13.69,8.42,1.1,0.0,78.82,2.35,0.0,7.38,1.0,3.18,0.32,1.0,0.6,0.0,16.29,0.89,0.0,3.32,1
1.02,1.66,1.0,0.0,6.12,5.28,115.44,1.0,0.0,0.66,14.34,1.5,0.0,7.92,1.0,0.66,2.0,1.66,1.34,0.0,0.66,0.26,0.0,8.04,0.98,0.0,1.0,0
1.09,0.14,1.0,0.27,1.36,7.32,49.23,1.0,0.0,0.0,2.73,5.2,0.68,10.89,0.14,1.73,1.14,0.14,1.37,1.14,1.0,0.25,0.0,6.41,0.99,0.0,0.14,0
2.2,0.73,1.73,0.73,0.0,0.73,60.63,1.0,1.47,13.92,14.59,0.3,0.73,67.41,1.27,0.73,8.06,1.0,4.64,1.47,1.0,0.89,0.0,14.06,0.87,0.0,2.93,1
1.81,3.32,1.0,1.23,2.26,3.77,45.39,1.0,0.0,0.0,0.23,3.64,1.13,95.49,1.77,0.77,0.45,1.0,1.61,0.45,1.0,0.41,0.0,6.68,0.91,0.0,0.23,0
5.56,0.49,1.0,1.02,13.91,0.0,26.02,1.0,0.51,0.0,7.84,0.15,2.56,43.49,1.0,0.0,3.02,1.0,1.41,0.51,0.51,0.96,0.0,158.83,0.98,0.0,1.0,0
1.47,0.0,0.73,2.93,0.0,3.67,94.82,1.0,1.47,2.2,6.6,0.72,2.2,60.15,1.0,0.73,22.01,2.47,5.36,0.0,0.0,0.68,0.0,39.74,0.95,0.0,0.73,0
0.14,1.86,1.0,0.0,0.0,10.03,155.63,1.0,0.0,3.75,12.26,1.95,0.72,17.5,1.43,0.86,4.31,1.86,3.52,0.14,1.14,0.28,0.0,9.76,0.96,0.0,1.14,0
2.25,0.5,1.5,0.0,0.0,5.75,203.9,1.0,0.0,10.25,17.74,1.35,0.5,87.49,1.0,0.0,8.0,2.0,2.24,0.25,1.25,0.86,0.0,6.0,0.98,0.0,1.0,0
1.39,1.03,1.07,0.37,2.57,6.07,78.98,1.0,0.0,0.07,5.71,2.84,0.51,6.97,1.93,1.85,0.29,1.0,2.93,1.07,0.07,0.13,0.0,6.0,0.92,0.0,0.15,0
3.11,2.68,1.89,0.53,1.43,9.25,342.83,1.0,5.36,8.93,16.19,0.52,3.89,84.08,2.79,2.68,25.12,1.0,5.6,1.11,1.32,2.37,0.0,6.0,0.99,0.0,1.89,1
12.25,8.52,2.0,3.31,20.23,4.47,208.12,1.0,0.84,8.59,8.33,0.25,4.47,93.73,1.0,0.42,6.95,1.0,5.6,2.0,1.0,1.47,0.0,10.64,0.76,0.0,2.84,1
3.0,3.0,2.0,0.0,1.0,10.0,379.0,1.0,6.0,10.0,18.0,0.55,4.0,86.0,3.0,3.0,28.0,1.0,5.83,1.0,1.0,2.38,0.0,6.0,0.99,0.0,2.0,1
3.07,2.22,2.85,0.15,0.75,1.93,41.25,1.0,0.0,4.63,1.93,0.33,2.0,77.97,1.0,0.0,4.78,1.93,3.49,1.0,2.07,1.9,0.0,6.0,0.96,0.0,1.0,0
0.0,0.27,1.0,0.91,0.0,4.91,44.08,1.0,0.0,0.91,3.63,1.45,0.0,56.32,1.82,1.91,2.09,0.91,2.83,1.0,1.0,0.61,0.0,6.0,0.93,0.0,0.0,0
2.38,0.3,1.0,0.6,3.68,8.62,331.52,1.0,0.7,0.0,24.17,0.65,1.49,23.83,1.0,0.0,39.91,1.0,6.16,1.3,1.0,0.55,0.0,6.89,0.95,0.0,1.7,1
2.28,0.05,1.0,0.09,0.47,6.81,248.58,1.0,0.0,11.44,21.97,1.62,0.23,90.48,1.0,0.0,8.67,1.95,1.93,0.09,1.0,0.58,0.0,6.14,0.98,0.0,1.0,0
0.18,2.64,1.0,0.54,0.0,4.0,65.48,1.0,5.2,6.1,0.54,3.71,0.0,16.31,0.18,0.82,3.18,0.18,3.67,1.0,1.0,0.11,0.0,8.33,0.87,0.0,0.72,0
2.05,0.1,1.1,0.0,0.0,6.75,247.13,1.0,0.0,11.65,21.94,1.62,0.1,90.3,1.0,0.0,8.8,2.0,1.92,0.05,1.05,0.59,0.0,6.0,0.99,0.0,1.0,0
0.0,0.09,1.0,0.0,0.0,1.3,39.44,1.0,0.96,0.04,8.26,0.47,0.0,0.51,1.96,0.04,0.09,1.04,3.69,0.0,1.0,0.7,0.0,6.0,0.96,0.0,1.0,0
1.02,0.03,1.01,0.0,0.01,7.03,121.52,1.0,1.05,3.07,9.09,1.5,1.03,54.31,1.02,1.02,9.18,1.99,3.39,1.0,1.0,0.56,0.0,11.94,0.95,0.0,2.0,0
9.6,7.07,1.51,2.53,18.18,6.01,185.76,1.0,0.99,0.51,3.98,0.47,4.03,47.99,2.48,0.0,3.01,1.0,4.0,1.01,1.49,1.32,0.0,90.62,0.85,0.0,1.01,1
1.1,1.1,1.37,0.0,1.0,10.63,422.73,1.0,2.83,3.66,28.14,0.76,1.47,31.5,1.73,1.1,45.74,1.0,6.7,1.0,1.0,0.87,0.0,6.0,0.97,0.0,2.0,1
0.5,1.01,1.0,0.5,0.5,3.53,97.92,1.0,1.01,4.0,10.01,1.05,0.0,75.48,2.01,0.0,4.54,1.0,2.57,0.0,1.0,0.59,0.0,10.54,0.95,0.0,2.01,0
6.18,5.19,2.0,1.0,7.77,9.4,364.47,1.0,4.81,8.21,14.82,0.49,4.6,87.79,2.6,2.4,23.22,1.0,5.91,1.2,1.0,2.27,0.0,6.0,0.93,0.0,2.0,1
1.23,1.23,1.41,0.59,0.41,7.04,181.6,1.0,2.45,4.68,9.73,0.9,1.64,71.82,2.41,2.41,12.63,1.0,4.01,1.0,1.0,1.37,0.0,6.0,0.96,0.0,0.82,0
7.71,0.18,1.06,1.88,9.47,0.59,47.61,1.0,1.29,0.59,2.0,0.17,4.94,85.06,1.12,0.18,5.41,1.0,2.22,1.0,1.0,1.39,0.0,281.84,0.98,0.0,1.06,1
1.59,0.3,1.0,0.0,5.34,4.92,91.09,1.0,0.7,2.11,10.78,1.11,0.7,37.97,1.0,0.7,6.92,1.7,2.6,0.7,0.7,0.55,0.0,12.0,0.96,0.0,1.7,0
2.02,0.67,1.0,0.0,12.12,1.96,36.76,1.0,0.0,0.0,12.06,1.1,0.0,0.0,1.33,0.65,1.35,1.0,1.4,0.33,0.0,0.38,0.0,10.04,0.96,0.0,0.67,0
1.69,0.0,1.0,0.0,0.0,6.0,58.47,1.0,0.0,0.0,4.31,0.93,0.84,0.0,3.69,0.31,14.36,1.0,6.19,1.0,0.84,0.63,0.0,6.0,0.93,0.0,1.69,0
0.0,0.0,1.0,0.0,0.0,5.64,77.59,1.0,0.0,1.72,6.92,1.17,0.0,29.49,1.36,0.18,4.64,1.82,4.4,0.18,1.18,0.49,0.0,6.0,0.95,0.0,1.82,0
3.0,1.33,1.66,0.0,12.02,0.66,30.65,1.0,0.0,1.66,10.68,0.22,0.66,25.58,1.0,0.0,3.0,1.33,1.67,0.33,0.66,1.01,0.0,10.01,0.97,0.0,1.0,0
0.21,0.0,1.0,0.21,0.21,3.14,33.42,1.0,0.0,4.79,3.5,0.59,0.0,55.99,2.57,0.79,2.36,1.0,7.15,0.79,1.79,0.12,0.0,6.0,0.91,0.0,1.0,0
0.0,0.0,1.0,0.0,1.0,5.0,63.0,1.0,2.0,0.0,6.0,0.71,1.0,0.0,4.0,0.0,2.0,1.0,1.75,0.0,2.0,0.8,0.0,177.0,1.0,0.0,0.0,0
1.52,1.51,2.51,0.0,0.0,1.51,34.58,1.0,0.0,5.49,4.47,0.27,1.01,64.63,1.0,0.0,9.95,2.0,4.02,1.0,2.0,1.6,0.0,6.0,0.97,0.0,1.0,0
0.0,0.0,1.0,0.0,0.16,4.26,104.08,1.0,0.16,0.84,9.55,1.26,0.0,16.02,1.84,0.84,8.79,1.0,4.0,1.84,1.0,0.95,0.0,6.0,0.93,0.0,0.31,0
1.45,0.0,1.0,0.0,0.0,4.35,48.66,1.0,0.0,0.0,5.1,0.5,0.73,0.0,3.45,0.0,12.33,1.0,6.12,0.73,1.0,0.74,0.0,6.0,0.93,0.0,1.45,0
1.0,0.13,1.0,7.37,1.75,10.99,64.23,1.0,3.64,4.27,1.25,0.27,8.74,55.15,1.0,0.0,2.25,1.0,11.83,1.87,5.37,2.27,0.87,7.63,0.92,0.0,0.5,0
0.0,8.84,1.0,0.0,0.0,3.79,90.21,1.0,0.0,1.0,3.58,1.72,0.0,80.23,0.26,0.74,16.78,0.53,3.08,0.74,1.0,0.16,0.0,6.0,0.94,0.0,2.0,0
0.61,1.55,1.0,0.0,0.61,3.45,54.23,1.0,0.77,0.0,3.68,0.7,2.16,0.0,3.61,0.39,3.71,1.0,3.62,1.16,1.39,0.53,0.0,95.9,0.93,0.0,0.77,0
0.0,0.0,0.27,8.01,0.0,2.18,27.62,1.0,0.0,0.0,0.82,2.54,0.0,0.0,0.73,0.54,0.27,0.73,0.27,0.27,0.27,0.0,0.0,6.0,0.9,0.0,0.0,0
7.98,1.02,1.0,2.0,10.0,2.99,56.89,1.0,0.0,0.0,1.0,0.11,4.99,80.04,1.0,0.0,2.0,1.0,3.7,2.0,1.01,1.83,0.0,8.99,0.92,0.0,1.0,0
0.73,0.73,1.0,0.0,0.73,1.08,26.35,1.0,0.0,1.35,1.27,0.72,0.0,13.52,2.27,0.27,2.27,1.0,3.51,1.0,2.0,0.44,0.0,6.0,0.92,0.0,0.27,0
0.0,0.0,1.0,0.0,0.0,6.0,86.57,1.0,0.0,0.95,7.89,1.4,0.0,23.67,1.05,0.11,4.73,1.95,3.46,0.05,0.95,0.57,0.0,6.0,0.95,0.0,1.89,0
2.0,0.0,1.0,0.0,0.0,6.77,242.09,1.0,0.23,10.95,21.36,1.55,0.35,89.95,1.0,0.12,11.46,2.12,2.48,0.0,0.88,0.57,0.0,11.38,0.99,0.0,1.0,0
17.6,12.99,1.92,4.61,32.36,6.46,284.21,1.0,0.0,0.92,1.92,0.27,6.46,87.63,1.08,0.0,3.84,1.0,5.85,1.92,1.08,1.74,0.0,6.0,0.72,0.0,1.84,1
0.66,2.68,1.0,0.67,0.0,4.66,47.26,1.0,0.0,0.0,1.32,3.31,0.33,67.09,2.66,0.67,5.59,1.0,2.92,0.33,1.0,0.25,0.0,6.0,0.92,0.0,0.66,0
0.2,0.0,1.0,0.0,0.0,3.3,51.69,1.0,0.9,4.51,5.8,0.39,0.1,54.08,4.0,1.8,4.38,1.0,8.01,0.1,1.0,0.78,0.0,6.0,0.91,0.0,1.1,0
1.7,1.57,2.57,0.0,0.0,1.57,35.5,1.0,0.0,5.43,4.17,0.28,1.13,66.17,1.0,0.0,9.33,2.0,3.95,1.0,2.0,1.63,0.0,6.0,0.97,0.0,1.0,0
0.0,3.22,1.0,0.0,0.0,1.52,45.97,1.0,1.48,0.0,0.0,1.69,2.96,0.0,2.22,1.0,5.92,0.74,5.68,2.48,1.74,1.02,0.0,8.96,0.83,0.0,1.48,0
0.0,0.0,1.0,0.0,0.0,2.59,47.51,1.0,1.0,3.97,6.41,0.37,0.0,47.68,3.59,1.59,2.38,1.0,7.25,0.0,1.0,0.77,0.0,6.0,0.92,0.0,1.0,0
0.94,0.24,1.0,0.94,0.94,0.06,46.43,1.0,0.12,3.76,8.45,0.75,0.24,73.23,1.12,0.06,0.49,1.0,2.51,0.18,1.06,0.63,0.0,6.24,0.94,0.0,1.06,0
0.0,0.0,1.0,0.0,1.0,10.78,433.96,1.0,1.04,0.0,32.98,0.87,0.04,0.0,1.11,0.0,54.03,1.0,7.0,0.96,1.04,0.03,0.0,12.23,0.97,0.0,1.93,1
0.0,0.0,1.0,0.0,0.88,4.75,60.18,1.0,1.75,0.12,5.88,0.79,0.88,2.33,3.75,0.12,1.75,1.0,1.95,0.25,1.88,0.84,0.0,156.05,0.99,0.0,0.0,0
2.93,0.97,1.97,0.97,0.03,1.14,73.35,1.0,1.93,18.35,16.63,0.29,1.0,88.87,1.1,0.97,10.66,1.0,4.66,1.93,1.0,0.93,0.0,21.52,0.85,0.0,3.86,1
1.36,1.36,1.45,0.0,0.45,7.81,219.67,1.0,2.71,5.07,12.52,0.97,1.81,52.6,1.9,1.36,15.41,1.55,4.56,0.45,1.0,1.4,0.0,6.0,0.97,0.0,2.0,0
0.17,0.17,1.0,0.51,0.83,4.83,87.26,1.0,6.61,5.81,5.49,0.7,0.83,15.55,3.49,0.0,2.34,1.0,2.08,0.17,1.83,0.77,0.0,150.01,0.96,0.0,0.68,0
0.0,2.5,1.0,0.17,0.0,4.17,36.65,1.0,0.0,0.17,0.66,3.85,0.0,10.25,0.33,1.17,2.83,0.17,3.52,1.0,1.0,0.11,0.0,6.0,0.9,0.0,0.0,0
0.95,0.95,1.0,0.0,0.0,21.08,114.77,1.0,0.05,19.28,2.19,0.51,4.76,50.48,4.0,0.1,17.28,1.0,14.43,0.95,1.95,1.31,0.0,30.75,0.89,0.0,1.95,1
1.0,0.72,1.0,0.0,0.28,17.18,100.15,1.0,0.0,14.33,3.13,0.61,3.87,35.83,4.0,0.0,13.18,1.0,10.94,0.72,1.72,0.96,0.0,65.43,0.92,0.0,1.43,1
1.19,0.81,1.0,0.0,0.0,5.81,132.98,1.0,2.0,3.41,9.81,0.85,1.78,78.34,1.81,0.59,21.46,2.19,5.53,0.0,0.41,0.79,0.0,36.96,0.97,0.0,1.81,0
0.37,0.37,1.0,0.0,0.0,10.11,69.2,1.0,0.0,8.11,3.88,1.03,1.87,30.6,2.75,0.63,6.74,1.0,7.65,1.63,1.37,1.2,0.0,15.73,0.91,0.0,0.75,0
1.8,0.3,1.0,0.0,0.0,4.9,113.28,1.0,1.8,2.7,8.1,0.92,2.7,73.78,0.9,1.0,27.29,2.7,6.94,0.1,0.1,0.84,0.0,47.39,0.97,0.0,0.9,0
0.65,0.68,1.0,0.0,0.0,3.97,36.38,1.0,0.0,0.0,1.3,3.69,0.32,0.0,1.3,0.68,5.52,0.32,2.89,1.0,1.0,0.24,0.0,6.0,0.87,0.0,0.65,0
2.95,0.95,1.0,0.0,17.07,0.36,37.05,1.0,0.0,0.62,15.41,0.24,0.0,4.71,1.0,0.0,2.36,1.05,0.84,0.0,0.05,0.57,0.0,11.69,0.97,0.0,1.0,0
0.0,0.11,1.0,0.0,0.0,5.92,60.02,1.0,0.0,0.0,5.77,3.1,0.0,0.0,1.92,1.96,0.11,0.96,2.7,1.0,0.04,0.0,0.0,6.0,0.94,0.0,0.0,0
1.1,0.0,1.0,0.0,0.45,8.26,234.26,1.0,0.45,0.0,17.56,0.69,0.55,0.0,2.64,0.0,34.63,1.0,7.0,1.0,1.0,0.41,0.0,6.0,0.94,0.0,2.0,1
1.0,1.0,1.0,0.0,1.0,0.01,25.03,1.0,0.0,0.0,1.01,0.78,0.0,0.04,2.0,0.0,2.0,1.0,1.67,1.0,2.0,0.6,0.0,6.0,0.92,0.0,0.0,0
0.0,0.0,1.0,0.0,0.0,1.64,33.15,1.0,0.79,1.07,6.72,0.42,0.0,10.67,2.21,0.21,0.64,1.0,4.79,0.21,1.21,0.57,0.0,6.0,0.94,0.0,1.0,0
2.03,0.0,0.51,7.96,2.53,1.52,30.14,1.0,0.0,0.0,0.51,0.75,1.52,34.46,1.0,0.0,0.51,1.0,1.82,1.01,2.03,1.16,0.0,6.0,0.92,0.0,0.51,0
1.0,1.0,0.66,7.35,0.33,3.32,139.13,1.0,1.99,3.32,5.97,1.02,1.33,28.54,1.66,1.0,9.29,1.0,1.94,0.33,0.33,0.79,0.0,6.0,0.91,0.0,0.66,0
0.0,0.0,1.0,0.0,0.64,8.45,295.67,1.0,0.64,1.82,22.34,0.76,0.0,18.22,1.73,0.36,36.69,1.0,7.67,1.0,1.36,0.0,0.0,6.0,0.94,0.0,1.64,1
1.28,4.32,1.0,1.32,3.19,3.04,38.81,1.0,0.0,0.0,0.32,3.22,0.64,96.81,1.68,0.68,0.64,1.0,2.05,0.32,1.64,0.64,0.0,6.0,0.9,0.0,0.32,0
1.62,0.0,1.0,0.0,0.0,4.24,105.21,1.0,1.81,2.43,8.81,0.5,2.43,66.36,1.19,0.81,24.28,2.62,6.63,0.0,0.19,0.89,0.0,43.22,0.98,0.0,1.0,0
0.0,2.96,1.0,0.48,0.0,6.08,104.43,1.0,0.0,0.52,7.28,3.38,0.0,54.22,1.48,1.0,1.04,1.52,1.33,0.0,1.0,0.05,0.0,6.0,0.95,0.0,0.52,0
3.07,0.98,1.98,1.18,0.05,1.05,75.12,1.0,1.96,18.66,16.77,0.27,1.0,91.93,1.02,0.98,10.89,1.0,4.79,2.0,1.0,0.98,0.0,16.8,0.85,0.0,3.95,1
0.26,0.0,1.0,0.42,1.08,10.74,436.24,1.0,0.96,0.0,32.87,0.87,0.04,3.33,1.04,0.0,54.07,1.0,7.12,1.04,1.0,0.09,0.0,6.0,0.96,0.0,1.96,1
0.0,0.0,1.0,0.0,1.0,9.44,348.07,1.0,1.26,0.0,26.73,0.84,0.26,0.0,1.78,0.0,41.98,1.0,5.79,0.74,1.26,0.21,0.0,50.38,0.97,0.0,1.48,1
1.49,0.25,1.0,6.04,5.92,9.06,39.34,1.0,0.0,0.0,4.43,0.2,7.55,37.75,1.0,0.0,2.0,1.0,10.01,1.51,4.53,2.03,0.75,7.47,0.95,0.0,0.25,0
0.58,0.85,1.0,4.6,1.15,10.3,94.13,1.0,0.0,0.42,6.52,1.05,5.75,33.86,1.0,0.42,2.0,1.42,8.17,1.15,3.88,1.48,0.58,6.0,0.96,0.0,0.42,0
7.35,0.35,1.0,7.82,5.47,3.65,108.72,1.0,0.0,0.0,2.94,0.39,2.41,85.17,1.65,0.0,3.94,1.0,4.6,2.0,1.0,2.14,0.0,7.06,0.9,0.0,1.0,0
0.55,2.34,1.0,2.1,0.0,4.0,131.93,1.0,16.0,18.76,1.66,2.45,0.0,95.03,1.45,0.45,2.21,1.0,2.49,0.55,1.0,0.35,0.0,13.17,0.84,0.0,2.21,0
7.99,0.0,1.0,2.1,9.92,0.04,28.2,1.0,0.99,0.0,1.03,0.15,4.96,85.03,1.01,0.0,4.01,1.0,2.03,1.01,1.0,1.34,0.0,295.8,0.98,0.0,1.0,1
1.49,0.25,1.25,1.0,0.75,0.25,52.88,1.0,0.49,7.68,10.96,0.65,0.25,81.44,1.0,0.25,2.7,1.0,2.83,0.49,1.0,0.68,0.0,8.7,0.93,0.0,1.74,0
1.31,0.31,1.31,0.0,0.85,4.54,53.0,1.0,0.0,0.77,5.38,0.77,1.15,11.86,3.54,0.0,1.62,1.15,1.62,0.15,1.15,0.29,0.0,127.81,1.0,0.0,0.15,0
0.0,0.0,1.0,0.0,0.0,4.57,70.4,1.0,0.48,2.9,7.05,0.86,0.0,41.65,2.43,0.95,4.05,1.52,5.71,0.0,1.0,0.68,0.0,6.0,0.94,0.0,1.52,0
0.84,0.0,1.0,0.0,0.58,5.0,87.91,1.0,2.0,1.27,7.27,0.63,1.84,34.61,2.73,0.42,13.82,1.84,4.1,0.0,1.16,0.86,0.0,124.23,0.99,0.0,0.42,0
0.52,1.0,1.48,1.55,0.0,2.55,119.1,1.0,15.01,20.49,4.93,0.43,0.0,72.18,1.0,0.0,9.31,1.48,4.15,1.0,1.48,0.96,0.0,12.73,0.87,0.0,2.55,0
0.0,2.47,1.0,0.0,0.0,6.97,56.87,1.0,0.0,0.21,2.79,5.15,0.0,20.62,0.0,1.79,5.12,0.0,1.4,1.0,1.0,0.0,0.0,6.0,0.99,0.0,0.41,0
1.92,0.04,1.0,0.0,0.0,4.92,118.23,1.0,1.92,2.88,8.65,0.71,2.88,78.78,0.96,1.0,28.82,2.88,7.06,0.04,0.04,0.9,0.0,50.2,0.98,0.0,0.96,0
7.91,0.11,1.0,2.0,10.0,0.02,27.11,1.0,0.98,0.0,1.0,0.15,4.93,85.11,1.0,0.0,3.96,1.0,2.05,1.0,1.04,1.35,0.0,292.42,0.98,0.0,1.0,1
0.4,0.6,1.6,0.0,0.0,3.4,63.87,1.0,0.4,4.8,7.8,0.72,0.4,52.8,1.0,0.4,12.6,2.0,4.12,1.0,1.6,0.99,0.0,8.4,0.96,0.0,1.4,0
0.0,0.09,1.0,0.0,0.0,4.14,35.46,1.0,0.09,4.95,2.41,0.58,0.0,51.06,3.0,0.95,3.28,1.0,8.24,0.95,1.95,0.03,0.0,6.41,0.91,0.0,1.09,0
6.93,7.01,1.36,1.82,12.76,5.09,133.78,1.0,0.0,0.36,0.73,2.87,2.55,34.63,0.36,0.64,3.36,0.36,4.59,1.36,1.0,0.67,0.0,6.0,0.82,0.0,0.73,0
0.76,0.0,1.0,6.08,1.52,10.08,40.65,1.0,0.0,1.2,1.24,0.29,7.6,50.0,1.48,0.24,2.24,1.0,11.92,1.76,5.04,1.9,0.76,6.0,0.93,0.0,0.24,0
0.01,0.0,1.0,0.0,0.0,7.99,48.51,1.0,0.01,0.02,3.04,5.97,0.01,0.39,0.01,1.99,1.06,0.01,1.02,1.0,1.0,0.0,0.0,6.04,1.0,0.0,0.01,0
12.18,8.97,1.64,3.56,22.43,6.28,212.26,1.0,0.0,1.0,2.72,0.56,4.49,83.15,1.36,0.72,3.28,1.0,4.96,1.64,1.0,1.42,0.0,6.0,0.78,0.0,1.28,0
1.52,0.07,1.0,0.15,0.74,6.71,114.43,1.0,0.93,2.78,8.41,1.41,1.29,55.92,1.0,0.93,8.48,1.93,3.39,1.07,1.0,0.63,0.0,11.78,0.95,0.0,1.93,0
1.96,1.44,1.48,0.0,0.48,8.44,244.04,1.0,3.4,6.37,13.33,1.05,2.44,69.39,1.96,1.96,18.14,1.52,4.55,1.0,1.0,1.42,0.0,9.11,0.97,0.0,2.0,1
2.3,0.3,1.0,0.0,5.4,4.2,48.1,1.0,0.0,0.0,7.3,0.43,0.7,0.0,3.1,0.0,12.5,1.0,5.02,0.7,0.7,0.7,0.0,7.8,0.94,0.0,1.7,0
0.95,0.1,1.0,0.0,0.0,7.0,120.55,1.0,1.05,3.05,9.1,1.5,0.95,54.98,1.1,0.95,9.0,1.95,3.34,0.95,1.0,0.54,0.0,12.15,0.95,0.0,2.05,0
0.11,0.04,1.0,0.0,0.66,0.96,33.67,1.0,0.96,0.0,8.26,0.38,0.0,0.0,1.96,0.0,0.07,1.0,3.67,0.0,0.96,0.72,0.0,6.22,0.96,0.0,1.0,0
0.91,0.91,1.0,0.0,0.91,0.26,27.23,1.0,0.09,0.43,1.43,0.74,0.0,5.14,2.17,0.17,2.09,1.0,2.22,0.91,1.91,0.62,0.0,6.0,0.92,0.0,0.09,0
0.09,0.12,1.0,0.05,0.23,7.84,47.62,1.0,0.0,0.0,2.95,5.86,0.05,2.11,0.02,1.95,1.02,0.02,1.08,1.0,1.05,0.05,0.0,6.0,1.0,0.0,0.02,0
1.8,0.6,1.6,0.6,0.0,3.0,68.81,1.0,1.2,11.42,12.61,1.38,0.6,55.29,1.4,1.4,6.61,1.0,3.94,1.6,0.6,0.58,0.0,12.61,0.88,0.0,2.4,0
0.29,0.29,0.29,7.8,0.29,0.0,21.45,1.0,0.0,0.0,0.29,1.11,0.0,0.0,1.29,0.0,0.58,1.0,0.48,0.29,0.58,0.17,0.0,6.0,0.88,0.0,0.0,0
1.21,0.81,1.81,0.0,0.0,1.4,37.23,1.0,0.6,2.02,5.58,0.37,0.81,31.06,1.6,0.0,2.02,1.4,3.64,0.4,1.4,1.2,0.0,6.0,0.96,0.0,1.0,0
1.9,0.0,1.0,7.1,2.9,9.29,42.79,1.0,0.0,0.0,1.0,0.23,7.89,55.42,1.0,0.0,1.7,1.0,10.17,2.0,5.4,2.44,0.7,6.0,0.95,0.0,0.3,0
1.22,1.0,1.0,0.0,2.84,0.0,25.0,1.0,0.0,0.0,2.51,0.71,0.0,0.0,1.89,0.0,2.0,1.0,1.57,0.89,1.78,0.6,0.0,6.65,0.93,0.0,0.11,0
0.0,1.49,1.0,0.0,0.0,5.46,119.52,1.0,1.74,2.97,10.23,1.08,0.0,54.29,2.74,0.0,6.69,1.0,3.15,0.0,1.0,0.62,0.0,12.69,0.95,0.0,2.49,0
0.0,0.0,1.0,0.0,0.0,3.46,35.37,1.0,0.0,2.85,3.61,0.96,0.0,33.36,2.46,1.0,1.39,1.0,5.76,1.54,1.46,0.6,0.0,6.0,0.92,0.0,0.46,0
0.23,2.32,1.0,0.0,0.23,4.23,39.53,1.0,0.0,0.0,1.36,3.58,0.23,0.0,0.91,0.77,2.55,0.23,3.13,0.77,1.0,0.0,0.0,38.62,0.92,0.0,0.0,0
0.05,3.79,1.0,0.0,0.05,1.21,53.11,1.0,1.89,0.0,0.32,0.47,3.84,0.0,3.05,0.95,7.63,1.0,7.01,2.84,1.95,1.3,0.0,17.48,0.84,0.0,1.89,0
1.81,1.81,1.6,0.0,0.6,7.62,240.63,1.0,3.62,8.02,11.66,0.55,2.41,71.73,3.0,2.21,18.09,1.0,6.89,1.0,1.4,1.43,0.0,6.0,0.96,0.0,1.6,1
0.0,0.0,1.0,0.38,0.0,4.38,35.67,1.0,0.0,3.49,2.76,0.77,0.0,54.53,2.62,1.38,2.62,1.0,6.33,1.0,1.62,0.25,0.0,6.0,0.92,0.0,0.62,0
0.12,0.15,1.0,0.06,0.3,5.85,60.13,1.0,0.0,0.0,5.85,2.96,0.06,2.71,1.97,1.94,0.06,1.0,2.72,1.0,0.09,0.06,0.0,6.0,0.94,0.0,0.03,0
1.51,7.48,1.5,0.0,0.5,6.52,235.66,1.0,3.01,5.52,10.04,1.2,2.01,92.97,1.51,2.0,24.52,0.5,4.39,1.0,1.0,1.19,0.0,6.0,0.97,0.0,2.0,1
0.56,2.42,1.0,0.28,1.41,6.15,132.51,1.0,1.72,3.44,9.59,1.15,0.28,75.4,2.72,0.0,8.01,1.0,3.13,0.14,1.28,0.79,0.0,13.73,0.93,0.0,2.72,1
0.43,2.7,1.0,1.3,0.0,2.3,118.86,1.0,13.7,14.73,1.3,0.54,2.27,39.43,2.13,0.57,6.27,1.0,5.76,2.13,1.57,1.06,0.0,13.9,0.81,0.0,2.87,1
0.0,2.44,1.0,0.0,0.0,1.78,47.92,1.0,1.22,0.39,1.95,0.79,2.44,7.42,2.61,1.0,4.87,1.0,5.8,2.61,1.61,1.28,0.0,8.44,0.87,0.0,1.22,0
1.6,1.0,1.0,0.4,2.0,3.0,32.18,1.0,0.0,0.0,0.2,4.18,1.0,15.96,0.2,0.8,0.4,0.2,1.54,1.2,1.0,0.37,0.0,6.6,0.86,0.0,0.2,0
0.0,0.0,1.0,0.0,0.05,7.84,48.8,1.0,0.11,0.0,3.16,5.72,0.05,0.0,0.21,1.89,1.05,0.05,1.04,0.95,1.05,0.04,0.0,15.09,1.0,0.0,0.0,0
1.67,0.1,1.0,0.19,0.95,6.62,113.1,1.0,0.9,2.71,8.24,1.38,1.38,56.48,1.0,0.9,8.33,1.9,3.4,1.1,1.0,0.66,0.0,11.71,0.95,0.0,1.9,0
0.0,0.0,1.0,0.88,0.0,5.12,50.31,1.0,0.0,1.0,4.49,1.17,0.0,57.43,1.88,1.75,2.37,1.12,2.84,0.88,1.0,0.66,0.0,6.0,0.94,0.0,0.25,0
6.76,5.16,1.32,1.6,11.21,17.2,178.2,1.0,0.0,13.92,2.0,0.43,5.64,64.41,3.04,0.0,13.52,1.0,12.01,1.32,1.68,1.49,0.0,23.67,0.82,0.0,2.0,1
1.04,1.92,1.0,0.48,0.0,5.56,154.29,1.0,0.0,6.24,11.96,3.12,0.0,95.32,1.48,0.48,4.68,1.52,1.44,0.0,1.0,0.27,0.0,6.0,0.95,0.0,0.52,0
0.53,0.0,1.0,0.53,1.0,5.22,236.92,1.0,0.47,2.1,20.87,0.82,0.0,40.96,1.0,0.0,26.6,1.0,4.57,0.47,1.0,0.31,0.0,6.0,0.96,0.0,1.47,0
2.35,1.65,1.0,0.0,14.1,0.22,31.07,1.0,0.43,0.0,11.75,0.22,0.87,0.0,1.43,0.22,3.3,1.0,2.21,0.65,0.43,0.75,0.0,11.57,0.94,0.0,1.22,0
2.0,0.0,1.0,0.0,0.0,7.0,258.0,1.0,0.0,12.0,23.0,1.69,0.0,91.0,1.0,0.0,9.0,2.0,1.84,0.0,1.0,0.52,0.0,6.0,0.99,0.0,1.0,0
17.77,13.11,1.93,4.66,32.61,8.02,293.18,1.0,0.0,2.3,2.0,0.25,6.86,91.93,1.2,0.0,4.95,1.0,6.78,1.93,1.07,1.8,0.0,7.77,0.71,0.0,2.0,1
0.96,0.0,1.0,0.0,0.0,7.04,52.82,1.0,0.0,0.0,3.48,3.37,0.48,0.0,1.93,1.04,8.71,0.48,3.81,1.0,1.0,0.36,0.0,6.0,0.96,0.0,0.96,0
7.57,0.0,1.0,5.89,6.98,1.73,74.5,1.0,0.57,0.0,2.3,0.32,3.27,86.3,1.43,0.0,4.43,1.0,3.33,1.43,1.0,1.75,0.0,172.49,0.94,0.0,1.0,1
3.54,3.86,1.0,1.54,7.71,2.14,37.95,1.0,0.0,0.0,1.69,0.23,1.77,69.4,1.69,0.0,5.43,1.0,4.88,1.0,2.54,1.71,0.0,6.0,0.88,0.0,1.23,0
2.04,1.73,1.0,0.69,4.11,3.62,47.06,1.0,0.0,0.0,4.27,0.6,1.35,31.09,2.96,0.0,1.35,1.0,2.33,0.35,1.69,0.69,0.0,100.26,0.96,0.0,0.35,0
0.56,0.56,1.0,0.0,0.56,3.51,35.09,1.0,0.0,0.0,1.88,3.07,0.0,0.0,1.12,0.88,1.56,0.56,1.37,1.0,1.56,0.34,0.0,6.0,0.96,0.0,0.0,0
0.0,0.0,1.0,1.0,0.0,5.0,45.0,1.0,0.0,1.0,4.0,1.15,0.0,62.0,2.0,2.0,2.0,1.0,2.75,1.0,1.0,0.67,0.0,6.0,0.94,0.0,0.0,0
1.83,0.0,1.0,2.88,0.79,4.0,58.01,1.0,0.0,3.69,2.52,0.54,0.26,59.95,2.74,0.74,3.52,1.0,7.61,1.26,1.74,0.6,0.0,6.0,0.9,0.0,1.0,0
1.69,6.36,2.13,0.0,0.0,2.44,63.34,1.0,0.0,3.26,2.0,1.0,1.13,87.02,0.56,0.44,11.97,1.13,3.21,1.0,1.56,1.07,0.0,6.0,0.96,0.0,1.44,0
3.23,4.04,1.0,1.61,8.07,0.81,30.46,1.0,0.0,0.0,2.35,0.19,1.61,72.65,1.19,0.0,1.61,1.0,4.29,0.81,2.61,1.75,0.0,6.0,0.88,0.0,0.81,0
6.04,0.75,1.0,1.51,7.55,3.74,57.98,1.0,0.0,0.0,2.23,0.83,3.77,60.39,1.25,0.49,1.51,1.0,3.45,1.75,0.75,1.38,0.0,8.26,0.92,0.0,0.75,0
0.0,0.0,1.0,0.0,0.0,3.63,37.75,1.0,0.37,5.0,3.48,0.48,0.0,53.69,3.37,1.37,3.0,1.0,8.37,0.63,1.63,0.29,0.0,6.0,0.91,0.0,1.0,0
1.06,0.94,1.0,2.82,0.0,4.12,196.19,1.0,27.26,31.96,3.06,0.64,0.06,85.54,1.18,0.0,4.78,1.0,3.89,1.0,1.0,0.65,0.0,18.22,0.79,0.0,3.88,1
1.2,0.0,1.0,1.5,1.5,3.0,47.71,1.0,0.7,3.5,4.5,0.34,0.9,62.39,3.1,1.4,2.4,1.0,6.78,0.6,1.9,1.23,0.0,6.0,0.93,0.0,1.0,0
1.0,0.18,1.0,0.82,0.82,4.07,59.31,1.0,0.0,6.96,7.71,0.72,0.92,72.83,1.55,0.0,3.33,1.0,4.52,0.18,1.18,0.72,0.0,10.81,0.94,0.0,1.18,0
1.61,0.0,1.0,2.53,1.46,9.39,376.57,1.0,0.77,0.0,27.11,0.8,0.23,20.21,1.23,0.0,44.29,1.0,6.72,1.23,1.0,0.53,0.0,6.0,0.95,0.0,1.77,1
1.57,0.57,1.57,5.72,1.43,9.15,43.43,1.0,0.0,1.42,1.28,0.25,7.72,57.68,1.0,0.0,2.85,1.28,10.28,1.72,4.86,2.33,0.72,6.0,0.95,0.0,0.28,0
0.92,1.69,1.0,0.0,5.52,5.54,119.95,1.0,0.0,0.69,14.31,1.57,0.0,8.32,1.0,0.69,2.0,1.69,1.37,0.0,0.69,0.25,0.0,7.84,0.98,0.0,1.0,0
1.67,1.89,1.0,0.0,10.02,1.77,29.44,1.0,0.0,0.0,8.35,2.03,0.0,0.0,0.56,0.44,2.44,0.56,2.07,0.44,0.44,0.32,0.0,9.34,0.94,0.0,0.56,0
0.0,0.49,0.24,8.32,0.0,1.95,54.56,1.0,0.0,0.24,3.41,1.48,0.0,2.92,1.0,0.24,0.49,1.24,0.4,0.0,0.24,0.03,0.0,6.0,0.89,0.0,0.24,0
1.11,0.0,1.0,1.39,1.39,3.0,40.0,1.0,0.0,0.72,3.89,1.04,0.83,32.61,1.72,0.72,0.28,1.0,3.46,2.0,1.83,1.45,0.0,6.0,0.94,0.0,0.28,0
0.02,3.98,1.01,0.01,0.0,1.0,53.12,1.0,2.0,0.11,0.1,0.45,3.98,0.54,2.99,1.0,8.02,1.0,7.32,2.99,1.99,1.37,0.0,10.04,0.83,0.0,2.01,0
0.44,0.0,1.0,0.0,0.78,5.44,105.43,1.0,1.56,2.61,9.7,0.92,0.78,19.8,3.35,0.0,3.52,1.22,1.77,0.0,1.78,0.74,0.0,139.79,1.0,0.0,0.22,0
1.3,1.63,1.0,0.65,3.26,2.35,44.81,1.0,0.67,3.37,4.37,0.3,0.65,69.77,3.02,1.35,2.67,1.0,6.89,0.33,1.65,1.18,0.0,6.0,0.9,0.0,1.0,0
2.82,1.0,1.91,0.91,0.0,2.92,78.02,1.0,1.82,19.09,15.63,0.29,1.37,88.16,1.27,0.91,11.64,1.0,5.69,1.91,1.09,0.99,0.0,18.37,0.85,0.0,3.82,1
1.62,0.0,1.0,0.0,0.0,5.06,53.47,1.0,0.19,0.0,4.76,0.51,0.81,0.0,3.62,0.0,13.79,1.0,6.26,0.81,1.0,0.75,0.0,6.0,0.93,0.0,1.81,0
1.02,2.02,1.74,0.51,2.56,1.0,28.28,1.0,0.0,4.47,5.47,0.18,0.51,61.71,1.0,0.0,11.68,1.74,4.54,1.0,2.26,1.48,0.0,6.0,0.94,0.0,1.0,0
1.57,0.65,1.0,0.0,0.0,5.57,53.03,1.0,0.0,0.0,3.14,1.37,0.78,0.0,3.14,0.22,13.97,0.78,6.15,1.0,1.0,0.59,0.0,6.0,0.92,0.0,1.57,0
15.16,11.01,1.79,3.93,27.53,7.0,266.11,1.0,0.21,1.43,3.49,0.5,5.72,86.25,1.0,0.21,5.07,1.21,5.59,1.79,1.0,1.56,0.0,7.28,0.75,0.0,2.0,1
0.0,0.0,1.0,0.0,0.0,1.63,39.37,1.0,1.0,1.58,7.37,0.38,0.0,18.95,2.63,0.63,0.95,1.0,5.16,0.0,1.0,0.74,0.0,6.0,0.94,0.0,1.0,0
0.18,9.78,1.0,0.18,0.18,2.45,82.68,1.0,0.0,1.55,3.29,1.66,0.0,95.93,0.18,0.82,17.12,0.18,2.79,0.82,1.0,0.11,0.0,6.0,0.94,0.0,1.82,0
3.83,0.52,1.17,4.14,4.31,4.21,98.62,1.0,1.04,1.73,3.94,0.32,3.17,71.11,1.35,0.52,5.67,1.0,3.99,1.83,3.48,2.3,0.0,6.0,0.98,0.0,1.17,0
0.0,5.69,1.0,0.0,0.0,3.7,51.75,1.0,0.0,0.3,0.6,3.63,0.0,29.91,0.0,1.0,8.38,0.0,3.45,1.0,1.0,0.0,0.0,6.0,0.91,0.0,0.6,0
0.0,0.0,1.0,0.0,0.0,2.73,28.09,1.0,0.0,3.41,3.91,0.49,0.0,34.07,2.68,0.68,2.04,1.0,7.15,0.68,1.68,0.22,0.0,6.0,0.92,0.0,0.68,0
0.17,1.66,1.0,1.36,0.34,7.85,131.16,1.0,1.66,3.32,9.3,1.13,1.7,69.09,2.66,0.0,7.81,1.0,4.64,0.34,1.85,0.91,0.17,13.47,0.94,0.0,2.49,1
2.18,0.73,1.73,0.73,0.27,3.73,176.13,1.0,1.73,13.81,21.64,0.44,0.73,66.88,1.0,0.73,23.29,1.0,5.44,1.73,1.0,0.7,0.0,14.0,0.88,0.0,3.45,1
0.13,1.87,1.0,0.0,0.0,7.8,159.35,1.0,0.13,1.13,13.67,2.08,0.2,16.64,1.0,1.0,3.86,2.07,2.0,0.0,0.93,0.16,0.0,9.05,0.98,0.0,1.0,0
7.64,0.05,1.0,1.9,9.54,0.0,26.9,1.0,0.95,0.0,1.0,0.18,4.74,80.66,1.05,0.0,3.9,1.0,1.98,1.0,1.05,1.3,0.0,284.05,0.98,0.0,0.95,1
0.0,0.43,1.0,0.0,0.79,10.15,384.24,1.0,1.21,0.85,29.1,0.97,0.0,15.57,1.43,0.0,45.98,1.0,6.29,0.79,1.0,0.13,0.0,7.92,0.96,0.0,2.21,1
0.53,1.0,1.0,1.58,0.0,3.53,120.4,1.0,15.29,17.93,1.58,2.8,0.0,47.99,0.53,0.47,2.11,0.53,2.43,1.0,1.0,0.34,0.0,12.86,0.81,0.0,2.11,0
1.47,0.0,1.0,0.0,0.0,6.53,55.37,1.0,0.0,0.0,3.74,1.98,0.74,0.0,2.95,0.53,12.79,0.74,5.3,1.0,1.0,0.55,0.0,6.0,0.94,0.0,1.47,0
0.0,0.0,1.0,0.0,0.0,3.1,43.09,1.0,0.0,0.0,6.97,1.76,0.0,0.0,2.0,1.03,0.0,1.0,3.43,0.52,0.48,0.34,0.0,6.0,0.94,0.0,0.0,0
18.77,13.84,2.0,4.94,34.57,6.93,302.56,1.0,0.0,1.06,2.06,0.23,6.91,94.47,1.0,0.0,4.14,1.01,6.18,1.99,1.01,1.83,0.0,6.0,0.7,0.0,1.99,1
2.14,2.58,2.42,0.0,0.0,1.71,45.17,1.0,0.58,3.56,1.42,0.37,2.58,54.82,1.58,0.29,5.86,1.71,4.55,1.58,2.0,1.74,0.0,7.15,0.93,0.0,1.29,0
2.29,0.88,1.29,0.0,0.29,7.88,293.48,1.0,1.76,11.41,21.53,1.36,1.17,89.53,1.59,0.88,14.57,1.71,3.01,0.29,1.0,1.06,0.0,6.0,0.99,0.0,1.29,0
0.26,0.87,1.87,0.0,0.0,1.52,39.43,1.0,0.26,5.61,7.26,0.24,0.39,55.92,1.0,0.13,16.96,2.13,4.98,0.87,1.74,1.25,0.0,12.02,0.97,0.0,1.0,0
0.36,0.95,1.95,0.57,0.15,1.15,32.68,1.0,0.0,5.69,6.85,0.22,0.05,53.86,1.05,0.0,14.48,1.95,4.65,1.05,1.95,1.35,0.0,6.0,0.96,0.0,1.0,0
0.0,0.0,1.0,0.0,0.0,5.91,87.03,1.0,0.02,0.98,8.0,1.29,0.0,24.55,1.02,0.0,4.91,1.98,3.51,0.0,1.0,0.6,0.0,6.0,0.96,0.0,1.98,0
18.14,13.37,1.95,4.77,33.42,6.82,293.98,1.0,0.0,1.0,2.14,0.28,6.68,91.57,1.05,0.05,3.82,1.0,6.07,2.0,1.0,1.81,0.0,6.0,0.71,0.0,1.91,1
0.22,0.0,1.0,0.0,0.0,1.55,45.06,1.0,0.22,0.67,8.22,0.64,0.22,11.97,1.78,0.22,2.0,1.22,4.05,0.22,1.0,0.66,0.0,7.33,0.94,0.0,0.44,0
0.05,0.05,0.05,10.41,0.0,1.18,25.24,1.0,0.0,1.07,0.11,1.21,0.27,2.68,1.16,0.0,0.96,1.0,0.79,0.05,0.11,0.07,0.0,7.39,0.86,0.0,0.11,0
0.0,0.6,1.0,0.0,0.0,3.0,31.64,1.0,0.0,0.4,2.01,3.64,0.0,7.65,0.81,1.0,0.0,0.4,1.97,1.4,1.0,0.45,0.0,6.0,0.88,0.0,0.0,0
2.73,0.0,1.0,3.42,3.42,3.0,43.48,1.0,0.32,1.58,2.58,0.3,2.05,65.47,1.95,0.63,1.63,1.0,5.04,1.37,3.05,1.81,0.0,6.0,0.96,0.0,1.0,0
0.82,0.35,1.0,0.82,0.82,1.23,64.1,1.0,0.35,4.0,9.35,0.87,0.0,77.12,1.35,0.0,1.58,1.0,2.33,0.0,1.0,0.58,0.0,7.58,0.95,0.0,1.35,0
0.0,2.63,1.0,0.0,0.0,2.03,45.1,1.0,1.31,1.72,0.69,0.48,2.63,17.16,3.0,1.0,6.28,1.0,7.73,2.31,2.0,0.9,0.0,8.63,0.85,0.0,1.66,0
3.0,2.0,3.0,0.0,0.0,2.0,41.99,1.0,0.0,5.0,2.0,0.34,2.0,76.97,1.0,0.0,5.0,2.0,3.43,1.0,2.0,1.89,0.0,6.0,0.97,0.0,1.0,0
0.5,1.0,1.5,0.0,0.0,11.44,72.24,1.0,0.0,12.96,4.51,0.36,2.49,51.01,2.49,0.0,16.49,1.5,9.66,1.0,2.0,1.32,0.0,18.93,0.93,0.0,1.5,0
2.97,1.98,2.98,0.0,0.0,2.07,42.07,1.0,0.0,4.94,2.01,0.4,1.98,76.12,0.99,0.02,4.95,1.98,3.4,1.0,1.99,1.87,0.0,6.0,0.97,0.0,0.99,0
1.94,0.65,1.65,0.65,0.0,1.71,65.84,1.0,1.65,14.04,13.1,0.31,0.65,80.65,2.06,1.35,8.16,1.0,5.97,1.29,1.0,0.9,0.0,13.1,0.87,0.0,2.94,1
17.26,11.79,1.84,4.53,31.05,5.89,261.94,1.0,0.16,0.84,1.84,0.22,6.68,93.42,1.0,0.0,4.0,1.0,5.54,1.84,1.0,1.76,0.0,52.27,0.74,0.0,1.84,1
0.0,0.16,1.0,0.0,0.0,3.84,29.36,1.0,0.0,4.2,1.68,1.29,0.0,41.98,2.52,1.0,2.52,0.84,7.3,1.0,1.84,0.0,0.0,6.0,0.9,0.0,0.84,0
8.76,6.45,1.46,2.3,16.13,7.54,166.89,1.0,0.0,0.46,2.54,3.34,3.23,43.78,0.46,1.08,2.38,0.46,3.4,1.46,1.0,0.85,0.0,6.0,0.86,0.0,0.92,0
7.37,0.92,1.0,1.84,9.21,3.0,56.53,1.0,0.08,0.39,1.39,0.13,4.61,78.42,1.24,0.16,2.08,1.0,4.05,1.84,1.0,1.75,0.0,8.76,0.92,0.0,1.0,0
4.59,4.27,1.0,2.0,10.0,0.85,31.27,1.0,0.15,0.0,1.0,0.14,2.44,89.27,1.0,0.0,2.29,1.0,3.96,1.0,2.71,1.9,0.0,48.86,0.89,0.0,1.0,0
0.43,0.0,1.0,0.57,0.0,5.86,76.87,1.0,0.43,1.86,6.15,1.31,0.43,58.55,1.57,1.57,5.01,1.43,3.01,1.0,1.0,0.61,0.0,8.58,0.94,0.0,0.86,0
1.28,1.0,1.14,0.14,0.0,19.04,111.8,1.0,0.28,19.86,4.12,0.48,4.44,55.92,3.58,0.14,17.01,1.0,13.34,1.14,1.86,1.28,0.0,29.88,0.88,0.0,2.28,1
0.39,0.39,1.0,0.0,0.39,0.61,30.45,1.0,0.61,0.0,5.24,0.54,0.0,0.0,2.0,0.0,0.79,1.0,2.95,0.39,1.39,0.68,0.0,6.0,0.94,0.0,0.61,0
1.0,0.42,1.0,5.92,1.17,8.67,110.98,1.0,12.06,14.14,1.83,0.39,5.84,67.06,1.0,0.0,2.83,1.0,9.13,1.58,3.92,1.73,0.58,11.41,0.87,0.0,1.66,0
0.0,0.0,1.0,0.0,0.9,4.6,60.11,1.0,1.9,0.0,6.2,0.68,0.9,0.0,3.8,0.0,1.8,1.0,1.95,0.0,1.9,0.79,0.0,159.97,1.0,0.0,0.1,0
6.9,0.0,1.0,10.85,2.96,4.01,135.63,1.0,0.0,0.01,4.0,0.55,0.99,87.61,2.0,0.03,4.96,1.0,5.06,1.99,1.0,2.28,0.0,6.0,0.9,0.0,0.99,0
0.63,0.37,1.37,0.0,0.0,4.78,85.02,1.0,0.63,4.11,8.26,1.03,0.63,53.26,1.0,0.63,11.22,2.0,3.83,1.0,1.37,0.82,0.0,9.78,0.96,0.0,1.63,0
1.11,1.0,1.0,2.84,0.96,3.79,195.42,1.0,27.46,32.19,3.64,0.62,0.0,86.15,1.0,0.0,3.89,1.0,3.55,0.95,0.95,0.64,0.0,18.63,0.79,0.0,3.84,1
0.88,0.0,1.0,0.0,0.88,5.12,55.75,1.0,0.0,0.0,6.0,1.12,0.88,0.0,3.75,0.25,0.88,1.0,1.46,0.12,0.88,0.0,0.0,132.1,0.99,0.0,0.0,0
0.0,0.88,1.0,0.56,0.0,6.32,96.34,1.0,0.0,1.0,8.39,1.61,0.0,40.06,1.56,1.56,2.0,1.44,2.26,0.56,1.0,0.42,0.0,6.0,0.96,0.0,0.44,0
2.71,0.9,1.0,0.1,16.24,0.49,26.95,1.0,0.0,0.1,13.93,0.26,0.0,6.06,1.1,0.2,2.0,1.0,0.98,0.1,0.1,0.58,0.0,11.41,0.97,0.0,0.9,0
0.71,0.29,1.0,0.0,0.71,4.41,46.5,1.0,0.0,0.0,4.24,2.12,0.71,0.0,2.83,0.29,0.71,0.71,1.2,0.29,1.0,0.0,0.0,107.8,0.96,0.0,0.0,0
1.55,0.89,1.0,0.22,0.0,4.78,104.19,1.0,1.55,2.33,7.0,1.45,2.33,86.01,1.22,1.0,23.32,2.55,5.9,0.0,0.22,0.73,0.0,41.76,0.97,0.0,0.78,0
4.0,0.0,1.0,5.0,5.0,3.0,40.0,1.0,0.0,0.0,1.0,0.27,3.0,68.0,1.0,0.0,1.0,1.0,3.6,2.0,4.0,2.29,0.0,6.0,0.97,0.0,1.0,0
0.0,0.36,1.36,0.64,0.0,3.56,38.53,1.0,0.0,2.8,5.08,0.81,0.0,58.41,1.64,1.28,6.67,1.36,3.42,1.0,1.36,0.89,0.0,6.0,0.95,0.0,0.36,0
7.58,0.0,1.0,1.86,9.31,0.49,43.03,1.0,0.93,0.83,2.53,0.26,4.65,85.42,1.0,0.0,4.35,1.07,1.99,0.93,1.0,1.28,0.0,278.66,0.98,0.0,1.0,1
2.16,2.16,1.58,1.25,0.58,7.49,306.29,1.0,15.61,20.03,11.73,0.59,2.33,88.09,2.16,1.75,17.97,1.0,4.94,1.0,1.0,1.65,0.0,11.43,0.91,0.0,2.84,1
3.23,0.68,1.0,0.64,3.19,14.98,88.95,1.0,0.32,13.61,1.68,0.4,5.0,61.17,3.04,0.0,13.53,1.0,10.68,1.0,1.68,1.33,0.0,117.24,0.91,0.0,1.68,1
0.21,0.21,1.0,0.0,0.0,9.37,73.01,1.0,0.0,4.21,5.16,2.52,1.05,10.53,2.42,1.58,3.79,1.0,5.21,1.0,0.42,0.28,0.0,11.48,0.93,0.0,0.42,0
0.5,1.83,1.17,0.17,0.0,6.01,136.59,1.0,2.0,6.48,11.99,1.15,0.17,76.14,2.67,0.17,9.33,1.0,3.24,0.33,1.0,0.65,0.0,15.33,0.93,0.0,3.17,1
10.2,5.79,1.41,5.0,17.4,4.65,149.94,1.0,0.0,0.41,1.41,0.25,4.65,79.16,1.0,0.0,2.24,1.0,4.67,2.0,2.76,2.1,0.0,6.0,0.86,0.0,1.41,0
3.17,0.0,1.0,3.96,4.17,3.42,44.79,1.0,0.42,0.0,2.04,0.36,2.58,53.84,1.62,0.0,1.21,1.0,3.21,1.58,3.58,1.98,0.0,41.6,0.98,0.0,0.79,0
0.0,0.0,0.0,11.0,0.0,0.0,20.0,1.0,0.0,0.0,0.0,1.25,0.0,0.0,1.0,0.0,0.0,1.0,0.0,0.0,0.0,0.0,0.0,6.0,0.86,0.0,0.0,0
2.03,3.24,1.0,1.25,2.54,3.75,45.8,1.0,0.0,0.0,0.25,3.51,1.27,94.93,1.75,0.75,0.51,1.0,1.68,0.51,1.0,0.46,0.0,6.76,0.91,0.0,0.25,0
9.6,6.36,1.41,2.06,25.01,2.89,140.83,1.0,0.0,0.41,9.64,0.19,2.89,39.16,1.0,0.0,2.82,1.0,3.02,0.82,0.41,1.09,0.0,9.53,0.86,0.0,1.41,0
2.96,0.96,1.96,0.96,0.0,1.15,75.78,1.0,2.0,18.41,16.7,0.28,1.07,91.63,1.0,1.0,11.7,1.07,4.88,1.93,0.96,0.96,0.0,18.3,0.85,0.0,3.89,1
0.66,4.05,1.0,0.0,0.66,4.32,67.16,1.0,0.0,0.34,4.65,1.19,0.66,33.78,2.65,0.34,7.76,0.66,1.84,0.34,1.0,0.0,0.0,101.36,0.98,0.0,0.68,0
3.76,0.12,1.0,4.7,4.7,3.24,46.6,1.0,0.12,0.24,1.61,0.33,2.82,68.3,1.12,0.0,1.48,1.0,3.56,1.88,3.82,2.18,0.0,6.55,0.97,0.0,1.12,0
2.78,2.66,1.89,0.11,1.0,8.88,341.62,1.0,5.33,9.33,16.99,0.57,3.55,85.1,2.78,2.66,24.86,1.0,5.43,0.89,1.0,2.17,0.0,6.0,0.99,0.0,1.89,1
0.45,0.0,1.0,0.0,0.0,1.12,45.98,1.0,0.45,0.67,8.22,0.42,0.67,18.39,1.78,0.22,6.73,1.45,4.94,0.0,0.78,0.75,0.0,16.32,0.95,0.0,0.22,0
0.4,1.2,1.0,0.0,0.0,7.0,137.04,1.0,1.6,3.6,10.2,1.4,0.4,65.42,2.2,0.4,9.0,1.4,3.1,0.4,1.0,0.57,0.0,13.8,0.95,0.0,2.6,0
0.09,2.82,1.0,0.27,0.0,4.0,50.25,1.0,2.6,3.05,0.27,4.05,0.0,8.16,0.09,0.91,3.09,0.09,3.67,1.0,1.0,0.06,0.0,7.17,0.88,0.0,0.36,0
3.52,2.69,1.9,0.21,1.94,8.96,342.42,1.0,5.48,8.96,16.23,0.51,4.1,85.9,2.79,2.69,25.51,1.0,5.43,1.0,1.0,2.27,0.0,36.45,0.99,0.0,1.9,1
0.55,0.55,1.0,1.66,0.0,4.89,152.86,1.0,16.08,19.29,5.23,0.94,0.0,61.59,1.0,0.0,4.45,1.45,3.61,0.55,1.0,0.62,0.0,13.21,0.86,0.0,3.11,0
1.3,0.3,1.3,0.0,0.85,4.54,53.03,1.0,0.0,0.76,5.39,0.77,1.15,11.69,3.54,0.0,1.61,1.15,1.61,0.15,1.15,0.29,0.0,128.14,1.0,0.0,0.15,0
0.92,0.92,1.0,2.75,0.0,3.92,191.21,1.0,26.58,31.24,3.17,0.71,0.0,84.98,1.08,0.08,3.67,1.0,3.68,1.08,1.0,0.68,0.0,17.91,0.79,0.0,3.67,1
0.92,0.92,1.0,0.0,0.92,0.08,25.68,1.0,0.08,0.0,1.53,0.75,0.0,0.0,2.0,0.0,1.85,1.0,1.83,0.92,1.92,0.61,0.0,6.0,0.93,0.0,0.08,0
7.94,0.07,1.0,2.0,10.0,0.01,27.07,1.0,0.99,0.0,1.0,0.15,4.96,85.07,1.0,0.0,3.97,1.0,2.03,1.0,1.03,1.34,0.0,294.83,0.98,0.0,1.0,1
0.59,0.59,1.2,0.0,0.2,5.17,98.06,1.0,1.17,5.98,5.12,0.54,0.78,57.02,3.0,1.39,7.88,1.0,7.98,1.0,1.8,0.46,0.0,6.0,0.92,0.0,1.2,0
0.09,0.91,1.91,0.09,0.09,0.91,28.7,1.0,0.0,5.82,7.18,0.25,0.0,54.32,1.0,0.0,13.66,1.91,4.41,0.91,1.91,1.24,0.0,6.0,0.97,0.0,1.0,0
7.06,1.0,1.19,1.81,8.12,2.62,60.19,1.0,0.38,3.56,4.0,0.14,4.25,82.25,1.0,0.19,3.69,1.0,3.9,2.0,1.0,1.67,0.0,10.5,0.9,0.0,1.56,0
3.79,4.47,1.0,1.79,8.94,1.64,55.94,1.0,0.0,1.27,3.33,0.3,1.79,90.11,1.0,0.0,2.74,1.11,4.04,0.89,2.79,1.84,0.0,6.0,0.88,0.0,1.0,0
1.0,1.0,1.0,0.0,0.94,1.24,30.22,1.0,0.0,1.12,1.06,0.77,0.28,2.81,2.11,0.0,2.9,1.0,2.4,1.0,2.0,0.64,0.0,7.46,0.92,0.0,0.11,0
2.75,0.87,1.0,0.0,15.72,0.89,36.9,1.0,0.13,0.38,14.24,0.33,0.13,6.84,1.0,0.13,2.89,1.13,1.12,0.13,0.13,0.57,0.0,12.0,0.97,0.0,1.13,0
3.93,4.92,1.0,1.97,9.83,1.03,32.32,1.0,0.02,0.08,1.08,0.14,1.97,89.49,1.05,0.03,2.02,1.0,4.36,0.98,2.97,1.98,0.0,6.0,0.87,0.0,1.0,0
2.79,0.35,1.0,0.7,3.49,3.0,45.94,1.0,0.0,0.65,3.6,0.9,1.75,40.3,1.65,0.65,0.7,1.0,3.5,2.0,1.0,1.37,0.0,7.05,0.92,0.0,0.35,0
0.0,12.0,1.0,0.0,0.0,3.0,91.0,1.0,0.0,1.0,2.0,1.86,0.0,100.0,0.0,1.0,21.0,0.0,2.93,1.0,1.0,0.0,0.0,6.0,0.94,0.0,2.0,0
0.22,0.0,1.0,0.05,0.27,0.97,33.81,1.0,1.0,0.0,7.81,0.38,0.14,2.34,1.97,0.0,0.11,1.0,3.73,0.03,1.0,0.74,0.0,14.05,0.96,0.0,1.0,0
1.94,0.47,1.0,0.53,8.96,0.0,36.17,1.0,0.0,2.13,11.81,0.48,0.0,41.48,1.0,0.0,0.94,1.0,1.54,0.0,0.53,0.58,0.0,8.81,0.96,0.0,1.0,0
0.0,0.07,1.0,0.0,0.0,0.24,28.23,1.0,0.07,0.14,8.1,0.42,0.0,2.47,2.03,0.0,0.3,1.0,4.21,0.0,1.0,0.7,0.0,6.3,0.94,0.0,0.1,0
2.31,0.94,1.31,0.0,0.31,6.57,202.88,1.0,3.26,5.2,11.83,0.54,3.31,83.26,1.63,1.63,29.37,2.37,6.84,0.31,0.31,1.39,0.0,37.52,0.99,0.0,1.31,0
1.73,2.17,1.0,1.43,4.33,3.27,39.37,1.0,0.0,0.57,2.7,0.71,0.87,74.14,1.57,1.13,2.0,1.0,3.42,1.0,1.87,1.24,0.0,6.0,0.91,0.0,0.43,0
0.0,0.53,0.13,9.53,0.0,0.13,24.4,1.0,0.27,0.0,0.0,1.14,0.53,0.0,1.27,0.13,1.07,1.0,0.98,0.4,0.27,0.18,0.0,6.53,0.86,0.0,0.27,0
4.0,0.0,1.0,5.0,5.0,3.0,40.0,1.0,0.0,0.0,1.0,0.27,3.0,68.0,1.0,0.0,1.0,1.0,3.6,2.0,4.0,2.29,0.0,6.0,0.97,0.0,1.0,0
2.61,1.0,1.0,0.0,14.67,0.0,25.0,1.0,0.0,0.0,12.26,0.28,0.0,0.0,1.2,0.0,2.0,1.0,0.96,0.2,0.39,0.58,0.0,10.82,0.96,0.0,0.8,0
7.14,0.17,1.01,10.93,3.38,4.04,139.03,1.0,0.0,0.01,3.98,0.54,1.07,88.08,1.99,0.0,4.99,1.0,5.1,2.0,1.0,2.3,0.0,6.0,0.89,0.0,1.01,0
3.32,4.15,1.0,1.66,8.29,1.85,41.57,1.0,0.0,0.17,2.2,0.34,1.66,78.89,1.0,0.0,2.51,1.17,4.16,0.83,2.66,1.76,0.0,6.0,0.88,0.0,1.17,0
0.0,0.0,1.0,0.0,0.0,1.79,36.37,1.0,0.6,0.4,6.81,0.76,0.0,7.51,2.0,0.4,0.0,1.0,3.63,0.79,1.0,0.88,0.0,6.0,0.94,0.0,0.6,0
0.41,0.59,1.0,0.0,0.0,4.65,64.33,1.0,0.41,1.24,3.71,3.68,0.41,22.26,0.41,1.0,3.71,0.82,1.97,1.0,1.0,0.22,0.0,8.47,0.89,0.0,0.82,0
4.26,4.56,1.0,2.79,9.38,1.26,41.27,1.0,0.0,0.0,1.26,0.18,1.91,89.82,1.09,0.0,2.26,1.0,4.37,1.09,2.82,2.03,0.0,6.0,0.87,0.0,1.0,0
1.0,1.0,1.0,0.0,0.14,18.96,105.14,1.0,0.0,17.24,1.86,0.56,4.31,43.09,3.72,0.0,15.79,1.0,12.94,1.0,2.0,1.23,0.0,28.41,0.89,0.0,1.72,1
0.0,1.04,1.0,0.0,0.0,5.08,101.95,1.0,1.52,4.48,8.6,0.86,0.0,66.76,3.48,0.96,6.12,1.0,5.43,0.0,1.0,0.68,0.0,10.68,0.93,0.0,2.04,0
1.48,1.64,1.0,0.32,1.6,18.64,104.25,1.0,0.0,16.8,1.84,0.46,4.52,56.39,3.52,0.0,15.44,1.0,13.08,1.0,2.16,1.44,0.0,27.84,0.88,0.0,1.84,1
5.28,0.43,1.43,6.7,1.71,2.71,109.88,1.0,0.86,8.18,9.6,0.42,1.0,89.72,1.57,0.43,7.58,1.0,4.96,2.0,1.0,1.73,0.0,10.74,0.87,0.0,2.29,1
0.06,1.02,2.02,0.0,0.0,1.02,27.28,1.0,0.0,5.98,6.91,0.2,0.04,52.47,1.0,0.0,14.81,2.0,4.6,1.0,2.0,1.31,0.0,6.0,0.97,0.0,1.0,0
0.0,0.64,1.0,0.0,0.0,2.57,68.34,1.0,0.0,0.32,9.93,0.97,0.0,3.86,1.68,0.32,0.64,1.32,3.41,0.0,1.0,0.51,0.0,6.0,0.95,0.0,0.32,0
5.94,0.0,1.0,8.68,2.37,4.63,162.57,1.0,0.0,2.54,8.02,0.78,0.79,88.63,1.79,0.0,5.85,1.21,4.4,1.58,1.0,1.93,0.0,6.0,0.92,0.0,1.0,0
1.79,0.6,1.6,0.6,0.0,1.81,64.73,1.0,1.6,13.36,12.57,0.31,0.6,79.1,2.21,1.4,7.78,1.0,6.14,1.19,1.0,0.89,0.0,12.57,0.87,0.0,2.79,1
1.21,0.0,1.0,0.79,0.79,1.46,90.23,1.0,0.0,5.67,11.92,0.96,0.0,80.71,1.0,0.0,1.88,1.21,2.12,0.0,1.0,0.57,0.0,6.0,0.96,0.0,1.0,0
0.92,0.32,1.0,0.08,0.92,4.92,53.96,1.0,0.0,0.0,5.52,1.15,0.92,7.97,3.84,0.08,0.92,1.0,1.26,0.0,1.0,0.0,0.0,138.52,0.99,0.0,0.0,0
2.49,2.0,2.66,0.0,0.0,3.03,62.59,1.0,0.0,4.31,4.06,0.66,1.66,65.85,1.0,0.17,4.49,2.0,3.12,0.83,1.83,1.58,0.0,6.0,0.97,0.0,1.0,0
1.49,0.0,1.0,0.0,0.25,6.49,208.39,1.0,0.51,8.95,18.68,1.44,0.25,67.85,1.76,0.0,7.22,1.75,1.82,0.0,1.25,0.59,0.0,49.5,0.99,0.0,0.75,0
2.48,1.52,1.0,3.48,3.1,3.38,40.76,1.0,0.0,0.0,0.62,1.94,1.86,80.18,1.38,0.38,0.62,1.0,2.61,1.24,2.86,1.42,0.0,6.0,0.95,0.0,0.62,0
1.31,1.87,2.0,0.0,0.44,4.93,180.58,1.0,2.62,7.75,11.8,0.35,1.75,66.83,1.87,1.31,20.67,1.56,5.15,1.0,1.56,1.77,0.0,6.0,0.98,0.0,1.44,0
0.0,0.0,1.0,0.0,0.0,5.4,51.64,1.0,0.0,1.51,4.79,2.29,0.0,15.09,2.3,1.7,0.91,1.0,4.43,1.0,0.6,0.0,0.0,6.0,0.93,0.0,0.3,0
2.73,3.09,1.91,0.09,0.91,9.46,348.63,1.0,5.46,9.1,16.38,0.92,3.64,87.26,2.91,2.82,25.48,1.0,5.4,0.91,1.0,2.16,0.0,6.0,0.99,0.0,1.82,1
3.08,1.34,1.92,1.08,0.84,1.0,70.46,1.0,1.83,17.4,15.65,0.26,1.08,91.83,1.0,0.92,10.24,1.0,4.74,1.92,1.17,1.05,0.0,16.07,0.85,0.0,3.75,1
7.81,0.0,1.0,3.68,8.69,0.75,47.54,1.0,0.81,0.0,1.56,0.22,4.25,85.56,1.19,0.0,4.19,1.0,2.58,1.19,1.0,1.52,0.0,244.28,0.96,0.0,1.0,1
4.0,3.9,1.0,2.66,8.9,1.44,33.75,1.0,0.0,0.0,1.0,0.17,2.22,85.18,1.0,0.0,1.78,1.0,4.15,1.22,3.22,2.06,0.0,6.0,0.89,0.0,1.0,0
0.66,0.66,1.0,0.0,0.34,18.29,229.31,1.0,0.34,13.25,12.79,0.64,3.31,33.13,2.99,0.0,30.82,1.0,12.2,1.0,1.66,0.88,0.0,23.23,0.91,0.0,2.0,1
0.06,0.0,1.0,0.0,0.0,3.25,44.97,1.0,0.06,1.13,5.25,1.34,0.06,21.2,1.94,1.0,0.57,1.06,3.4,1.94,1.0,1.09,0.0,6.38,0.93,0.0,0.13,0
1.0,1.0,1.0,0.0,0.0,22.0,118.0,1.0,0.0,20.0,2.0,0.52,5.0,50.0,4.0,0.0,18.0,1.0,14.75,1.0,2.0,1.33,0.0,32.0,0.88,0.0,2.0,1
0.0,2.0,1.0,0.0,0.0,4.0,33.34,1.0,0.0,1.66,0.66,3.1,0.0,16.61,1.0,1.0,3.0,0.33,5.27,1.0,1.33,0.0,0.0,6.0,0.9,0.0,0.33,0
7.4,1.23,1.0,1.85,9.25,2.85,56.7,1.0,0.15,0.0,0.92,0.14,4.92,73.99,1.15,0.08,2.45,1.0,3.97,2.08,1.08,1.8,0.0,9.08,0.91,0.0,1.08,0
2.53,0.68,1.68,0.63,3.17,0.68,27.0,1.0,0.32,4.1,5.1,0.18,1.58,62.45,1.0,0.0,11.52,1.68,3.79,1.0,1.68,1.31,0.0,98.75,0.97,0.0,1.0,0
0.18,10.01,1.0,0.0,0.18,2.46,79.07,1.0,0.0,0.82,1.82,1.66,0.0,81.93,0.36,0.82,17.57,0.18,2.7,1.0,1.18,0.11,0.0,6.0,0.93,0.0,1.64,0
1.89,0.0,1.0,0.0,0.06,5.94,58.28,1.0,0.11,0.0,4.11,0.55,1.0,0.0,4.0,0.0,16.17,1.0,6.55,0.94,1.06,0.75,0.0,15.46,0.93,0.0,1.89,1
6.76,0.0,0.85,3.39,8.46,0.0,25.92,1.0,0.85,0.0,0.85,0.32,4.23,71.87,1.0,0.0,3.38,1.0,1.69,0.85,0.85,1.13,0.0,253.75,0.96,0.0,0.85,1
1.65,3.17,1.0,1.21,2.06,3.17,38.9,1.0,0.21,0.0,0.21,3.74,1.03,96.9,1.79,0.79,0.83,1.0,1.21,0.21,1.0,0.28,0.0,66.49,0.93,0.0,0.21,0
0.01,0.99,1.99,0.0,0.01,1.03,27.18,1.0,0.0,5.96,6.99,0.2,0.01,51.66,1.02,0.0,14.91,1.99,4.6,0.99,1.99,1.29,0.0,6.94,0.97,0.0,0.99,0
2.57,1.07,1.0,3.21,3.21,3.36,38.21,1.0,0.0,0.0,0.64,1.74,1.93,43.64,0.64,0.36,1.72,0.64,3.62,1.64,2.93,1.47,0.0,6.0,0.95,0.0,0.64,0
0.9,0.19,1.0,7.22,1.81,11.61,55.45,1.0,0.0,0.1,2.26,0.4,9.03,46.31,1.0,0.1,2.0,1.1,11.9,1.81,5.51,2.27,0.9,6.0,0.94,0.0,0.1,0
2.77,0.0,1.0,3.46,3.46,3.92,54.78,1.0,0.0,0.31,3.15,0.59,2.08,54.76,1.0,0.0,2.23,1.31,3.57,1.38,3.08,1.77,0.0,6.0,0.97,0.0,1.31,0
1.88,0.0,1.0,1.47,2.17,4.41,50.6,1.0,0.0,0.0,4.53,0.68,1.59,19.93,3.12,0.0,1.0,1.0,1.96,0.59,1.88,0.67,0.0,107.79,0.99,0.0,0.29,0
0.0,0.0,1.0,0.0,0.0,6.0,66.83,1.0,0.0,0.22,6.43,2.67,0.0,5.4,1.78,1.57,1.08,1.22,2.85,0.78,0.22,0.13,0.0,6.0,0.94,0.0,0.43,0
0.78,0.45,1.0,0.0,0.78,5.67,79.02,1.0,0.0,0.22,7.8,1.15,0.78,2.69,3.33,0.22,1.22,1.22,1.36,0.0,1.0,0.02,0.0,117.67,0.99,0.0,0.22,0
0.33,0.0,1.0,0.67,0.33,5.0,48.3,1.0,0.0,0.67,4.66,1.05,0.33,41.51,2.66,1.34,1.67,1.0,2.27,0.67,1.0,0.45,0.0,53.58,0.96,0.0,0.0,0
0.8,1.0,1.2,2.4,0.0,3.4,169.2,1.0,23.17,28.37,3.8,0.56,0.0,83.16,1.0,0.0,6.21,1.2,3.89,1.0,1.2,0.77,0.0,16.39,0.82,0.0,3.4,1
0.0,0.6,1.6,0.0,0.0,0.6,25.81,1.0,0.0,3.62,7.4,0.28,0.0,31.34,1.4,0.0,9.04,1.6,4.48,0.6,1.6,1.06,0.0,6.0,0.96,0.0,0.6,0
7.96,0.0,1.0,2.33,9.75,0.14,30.97,1.0,0.96,0.0,1.11,0.16,4.86,85.11,1.04,0.0,4.04,1.0,2.11,1.04,1.0,1.37,0.0,288.41,0.98,0.0,1.0,1
1.0,0.23,1.0,0.77,0.77,5.07,62.59,1.0,0.0,7.69,7.39,0.71,1.15,71.55,1.69,0.0,4.15,1.0,5.09,0.23,1.23,0.76,0.0,11.99,0.94,0.0,1.23,0
0.94,0.0,1.0,0.94,0.94,0.17,46.29,1.0,0.06,4.06,8.83,0.75,0.0,76.96,1.17,0.12,0.17,1.0,2.54,0.0,1.0,0.59,0.0,6.0,0.95,0.0,1.0,0
0.42,0.28,0.42,9.45,0.0,0.28,23.11,1.0,0.0,0.71,0.28,1.12,0.28,10.87,1.0,0.0,0.71,1.14,0.48,0.14,0.28,0.27,0.0,6.0,0.88,0.0,0.14,0
0.98,0.98,1.0,2.94,0.0,4.04,202.82,1.0,28.46,33.39,3.09,0.66,0.0,89.77,1.0,0.0,4.02,1.02,3.7,0.98,1.0,0.64,0.0,18.76,0.78,0.0,3.96,1
0.0,3.13,1.0,0.0,0.0,2.09,60.65,1.0,1.56,0.22,1.75,0.64,3.13,5.47,2.56,0.78,7.34,1.22,6.5,2.34,1.78,1.21,0.0,9.13,0.86,0.0,2.0,0
3.0,1.33,2.0,0.84,0.16,2.47,123.84,1.0,2.65,17.53,17.16,0.32,1.49,91.02,1.33,1.33,13.78,1.0,4.95,1.84,1.0,1.19,0.0,15.2,0.87,0.0,3.67,1
0.43,2.35,1.0,0.0,0.0,4.43,39.99,1.0,0.0,0.0,0.87,3.55,0.22,0.0,0.87,0.78,6.04,0.22,4.35,1.0,1.0,0.16,0.0,6.0,0.9,0.0,0.43,0
0.41,7.51,1.0,0.0,0.0,10.76,102.03,1.0,0.0,8.76,2.0,1.31,2.04,79.58,1.63,0.59,19.77,0.41,7.76,1.0,1.41,0.54,0.0,16.62,0.92,0.0,2.0,0
0.06,1.88,1.0,0.0,0.0,7.94,159.36,1.0,0.06,1.12,13.69,2.15,0.06,14.58,1.0,1.0,2.43,2.0,1.73,0.06,1.0,0.13,0.0,6.37,0.98,0.0,1.06,0
9.29,7.35,1.49,2.44,17.1,4.95,162.83,1.0,0.0,0.49,0.98,2.77,3.42,46.43,0.49,0.51,1.95,0.49,3.54,1.49,1.0,0.9,0.0,6.0,0.78,0.0,0.98,0
0.77,0.0,1.0,0.19,1.86,9.94,407.6,1.0,1.0,0.0,30.83,0.81,0.48,8.16,1.0,0.0,51.01,1.0,6.7,1.0,1.0,0.13,0.0,34.12,0.97,0.0,1.9,1
3.12,1.61,1.0,0.78,3.9,5.44,113.11,1.0,1.22,2.44,7.1,0.85,1.95,75.73,2.22,0.0,6.27,1.0,3.23,0.78,1.0,1.07,0.0,12.66,0.93,0.0,2.22,0
0.56,1.87,1.0,1.69,0.0,4.0,131.02,1.0,16.38,19.2,1.69,2.27,0.0,51.4,0.56,0.44,3.56,0.56,3.69,1.0,1.0,0.36,0.0,13.34,0.83,0.0,2.26,0
0.38,0.81,1.81,0.0,0.0,1.77,45.24,1.0,0.38,5.42,7.38,0.26,0.58,57.76,1.0,0.19,17.88,2.19,5.14,0.81,1.62,1.23,0.0,14.83,0.97,0.0,1.0,0
7.91,0.0,1.0,1.98,9.89,0.0,26.97,1.0,0.99,0.0,1.08,0.15,4.94,84.06,1.01,0.0,3.96,1.0,2.02,0.99,1.0,1.33,0.0,295.75,0.98,0.0,0.99,1
4.18,0.0,1.0,0.91,5.09,2.73,42.28,1.0,0.45,0.0,3.73,0.53,2.82,38.61,2.64,0.0,2.36,1.0,1.61,0.45,1.0,0.61,0.0,217.68,0.99,0.0,0.45,0
4.1,1.56,2.56,0.44,2.2,1.56,38.69,1.0,0.22,3.9,1.78,0.3,2.66,78.76,1.0,0.0,4.78,1.78,3.11,1.0,1.78,1.77,0.0,70.58,0.97,0.0,1.0,0
0.65,4.87,1.0,1.95,0.0,3.65,164.94,1.0,18.81,22.4,2.65,1.08,0.0,94.16,0.65,0.35,9.97,0.65,3.43,1.0,1.0,0.41,0.0,14.43,0.84,0.0,3.3,1
0.04,3.83,1.0,0.33,0.08,1.46,52.62,1.0,1.92,0.0,0.04,0.44,4.25,2.09,2.92,0.96,7.75,1.0,7.57,2.96,2.17,1.42,0.04,9.83,0.83,0.0,1.92,0
0.0,0.0,0.88,1.28,0.0,2.65,37.68,1.0,0.0,0.88,4.42,1.32,0.0,16.79,1.88,0.88,0.0,1.0,3.0,1.77,0.88,0.99,0.0,6.0,0.92,0.0,0.0,0
0.93,3.69,1.31,0.69,0.31,5.86,146.2,1.0,1.86,3.09,5.57,3.4,1.24,95.67,2.31,1.62,8.66,1.0,2.49,0.31,1.0,0.73,0.0,6.0,0.94,0.0,0.62,0
1.48,0.24,1.0,0.0,5.09,3.8,47.79,1.0,0.0,0.0,8.16,0.68,0.76,0.0,3.28,0.0,1.24,1.0,1.17,0.0,0.76,0.14,0.0,116.84,0.99,0.0,0.24,0
3.0,1.0,1.77,0.77,4.21,0.77,62.53,1.0,1.53,14.55,16.53,0.24,0.77,70.47,1.0,0.77,8.89,1.0,3.85,1.53,0.77,0.87,0.0,15.83,0.88,0.0,3.3,1
0.35,4.09,1.0,0.18,0.88,1.0,51.15,1.0,1.82,0.0,0.09,0.42,3.82,7.93,2.82,0.91,7.47,1.0,7.07,2.82,2.09,1.43,0.0,9.65,0.83,0.0,1.91,0
0.04,3.87,1.0,0.0,0.0,1.93,55.88,1.0,1.91,0.89,0.09,0.45,4.04,2.22,3.04,0.96,8.44,1.0,7.66,2.91,2.0,1.37,0.0,10.98,0.83,0.0,2.0,0
3.13,0.39,1.0,0.78,3.91,3.0,46.65,1.0,0.0,0.61,3.44,0.85,1.96,42.87,1.61,0.61,0.78,1.0,3.52,2.0,1.0,1.4,0.0,7.17,0.92,0.0,0.39,0
6.87,5.7,1.36,1.81,12.65,4.45,127.2,1.0,0.0,0.36,0.72,3.4,2.53,34.33,0.36,0.64,1.45,0.36,2.88,1.36,1.0,0.66,0.0,6.0,0.79,0.0,0.72,0
2.51,2.78,1.84,0.84,0.0,1.32,76.76,1.0,1.68,16.08,14.57,0.53,0.84,93.3,0.84,1.0,12.62,0.84,4.48,1.84,1.0,0.8,0.0,15.22,0.86,0.0,3.68,1
6.51,0.75,1.0,1.5,7.52,3.99,106.89,1.0,0.0,2.98,6.46,0.5,3.76,82.73,1.0,0.0,3.74,1.25,3.24,1.5,1.0,1.51,0.0,8.26,0.93,0.0,1.0,0
3.87,4.83,1.0,1.93,9.67,1.23,32.54,1.0,0.0,0.0,1.07,0.34,1.93,86.99,0.97,0.07,1.97,0.97,4.19,1.0,2.93,1.93,0.0,6.0,0.87,0.0,0.97,0
3.0,1.92,1.46,0.0,10.18,4.6,187.9,1.0,2.76,4.6,16.38,0.34,1.84,39.58,1.92,1.38,13.96,1.0,3.11,0.46,0.46,1.4,0.0,9.24,0.98,0.0,1.46,0
4.99,1.0,1.6,1.4,3.98,1.8,67.24,1.0,1.2,11.44,10.64,0.21,2.59,87.23,1.0,0.6,7.42,1.0,4.35,2.0,1.0,1.31,0.0,13.82,0.87,0.0,2.81,1
0.0,5.86,1.0,0.0,0.51,7.09,273.56,1.0,0.51,0.49,18.36,1.36,0.0,48.86,0.51,0.49,38.9,0.51,5.11,1.0,1.0,0.0,0.0,6.0,0.95,0.0,2.0,1
2.0,2.5,1.0,1.0,5.0,4.5,39.99,1.0,0.0,0.0,2.0,3.07,1.0,45.03,0.5,1.0,1.5,0.5,2.65,1.0,2.0,1.0,0.0,6.0,0.94,0.0,0.5,0
15.01,9.35,1.67,6.99,24.36,6.0,249.81,1.0,0.0,0.67,2.66,0.33,5.01,92.67,1.33,0.0,4.33,1.0,5.83,2.0,1.0,1.99,0.0,6.0,0.76,0.0,1.67,1
2.31,0.29,1.0,0.58,2.88,1.58,40.63,1.0,0.71,0.0,5.98,0.31,1.44,23.07,1.71,0.0,0.58,1.0,3.76,0.58,1.0,1.05,0.0,6.86,0.94,0.0,1.0,0
2.03,1.97,1.0,3.03,2.54,3.49,40.98,1.0,0.0,0.0,0.51,2.43,1.53,83.73,1.49,0.49,0.51,1.0,2.32,1.02,2.53,1.16,0.0,6.0,0.95,0.0,0.51,0
0.0,0.0,1.0,0.28,0.0,5.72,75.86,1.0,0.0,1.0,6.87,1.26,0.0,35.45,1.28,0.56,4.15,1.72,3.29,0.28,1.0,0.62,0.0,6.0,0.95,0.0,1.44,0
0.0,1.47,1.0,0.37,0.0,2.1,36.94,1.0,0.63,0.0,5.06,1.96,0.0,36.77,2.0,0.37,0.0,1.0,2.76,0.0,1.0,0.46,0.0,6.0,0.94,0.0,0.63,0
0.07,0.0,1.0,0.59,0.15,8.29,47.71,1.0,0.0,0.0,2.85,5.58,0.73,3.67,0.07,1.85,1.07,0.07,1.88,1.07,1.37,0.18,0.07,6.0,1.0,0.0,0.0,0
2.79,2.79,1.93,0.0,0.93,9.38,355.21,1.0,5.66,9.31,17.31,0.54,3.72,80.07,2.93,2.79,26.07,1.0,5.69,0.93,1.0,2.26,0.0,6.0,0.99,0.0,1.93,1
0.69,0.0,1.0,5.5,1.69,11.69,170.47,1.0,0.31,0.0,11.33,0.42,6.87,34.35,1.0,0.0,18.9,1.0,11.18,1.69,4.43,1.72,0.69,6.0,0.95,0.0,0.63,0
0.35,0.35,1.0,0.0,0.0,9.56,66.94,1.0,0.0,7.56,3.96,1.05,1.73,29.71,2.69,0.65,6.22,1.0,7.32,1.65,1.35,1.2,0.0,14.98,0.91,0.0,0.69,0
0.69,1.62,1.0,0.0,0.69,1.24,28.11,1.0,0.0,0.0,0.69,1.9,0.0,0.0,1.38,0.31,2.31,0.69,2.29,1.0,1.69,0.41,0.0,6.0,0.91,0.0,0.0,0
0.0,0.44,1.0,0.0,0.0,3.15,48.67,1.0,0.85,4.27,5.13,0.95,0.0,51.25,3.42,1.85,3.0,0.85,7.49,0.15,1.0,0.66,0.0,6.0,0.91,0.0,0.85,0
6.92,5.28,1.33,3.66,11.51,4.99,238.23,1.0,19.46,23.14,2.67,0.51,2.3,92.32,1.0,0.0,4.0,1.0,4.53,1.33,1.0,1.03,0.0,14.72,0.75,0.0,3.34,1
0.73,0.0,1.0,0.18,0.92,7.27,46.07,1.0,0.09,0.0,2.82,5.46,0.46,7.8,0.09,1.82,1.28,0.09,1.09,1.0,1.0,0.12,0.0,32.9,1.0,0.0,0.09,0
0.97,0.32,1.0,0.0,5.84,0.68,31.08,1.0,0.68,0.0,10.27,0.32,0.0,0.0,1.68,0.0,0.65,1.0,2.81,0.0,0.68,0.68,0.0,7.95,0.96,0.0,1.0,0
0.15,0.0,1.0,0.23,0.06,1.06,36.19,1.0,0.98,0.0,7.92,0.39,0.02,1.87,2.0,0.0,0.11,1.0,3.81,0.04,1.0,0.76,0.0,6.0,0.95,0.0,1.0,0
0.38,1.62,1.0,0.0,0.0,13.27,145.43,1.0,0.0,8.15,9.48,1.56,1.88,26.31,2.13,0.62,8.02,1.62,6.57,0.38,1.38,0.57,0.0,15.79,0.94,0.0,1.38,0
2.22,2.22,1.61,1.17,0.61,7.65,310.95,1.0,15.0,19.39,12.13,0.59,2.44,87.96,2.22,1.83,18.61,1.0,5.0,1.0,1.0,1.7,0.0,11.08,0.91,0.0,2.78,1
0.0,0.33,1.0,0.0,0.83,10.34,398.61,1.0,1.17,0.66,30.2,0.95,0.0,12.06,1.33,0.0,48.24,1.0,6.5,0.83,1.0,0.1,0.0,7.49,0.96,0.0,2.17,1
1.75,1.75,1.58,0.0,0.58,5.84,231.35,1.0,3.5,5.84,13.84,0.48,2.34,50.23,2.58,1.75,16.35,1.0,5.17,0.58,1.0,1.68,0.0,6.0,0.97,0.0,1.17,0
1.48,2.0,1.98,0.0,0.0,4.54,96.39,1.0,1.02,4.49,6.57,0.84,0.98,74.97,2.02,0.0,7.03,1.49,3.18,0.49,1.49,1.23,0.0,10.57,0.96,0.0,2.02,0
15.9,13.67,1.84,4.18,29.28,6.35,270.88,1.0,0.0,1.0,2.0,0.5,5.86,95.82,0.84,0.16,6.78,0.84,5.67,1.84,1.0,1.54,0.0,6.0,0.74,0.0,2.0,1
0.0,0.0,1.0,0.0,0.0,3.87,29.81,1.0,0.0,4.84,2.19,0.54,0.0,48.4,2.97,0.97,2.9,1.0,8.36,0.97,1.97,0.02,0.0,6.0,0.91,0.0,0.97,0
3.02,4.51,1.0,1.51,7.56,1.73,32.73,1.0,0.0,0.0,0.76,1.17,1.51,68.06,0.76,0.24,2.24,0.76,4.15,1.0,2.51,1.51,0.0,6.0,0.88,0.0,0.76,0
1.0,0.46,1.0,5.68,1.07,8.29,118.6,1.0,13.44,15.75,1.93,0.41,5.37,69.0,1.0,0.0,2.93,1.0,8.69,1.54,3.68,1.64,0.54,12.02,0.87,0.0,1.85,0
3.66,4.43,1.0,1.77,8.98,1.45,34.61,1.0,0.0,0.0,1.57,0.22,1.89,79.8,1.34,0.0,1.89,1.0,3.96,0.89,2.77,1.77,0.0,22.32,0.88,0.0,0.89,0
1.0,1.0,1.0,2.15,0.28,2.87,154.06,1.0,20.79,24.38,2.43,0.69,0.0,65.25,1.28,0.0,3.43,1.0,3.13,1.0,1.28,0.63,0.0,15.32,0.82,0.0,2.87,0
0.0,2.33,1.0,0.58,0.0,4.84,61.23,1.0,0.0,0.42,3.34,3.27,0.0,68.65,1.58,0.58,2.09,1.42,2.04,0.0,1.0,0.25,0.0,6.0,0.93,0.0,0.84,0
3.0,3.0,2.0,0.0,1.0,10.0,379.0,1.0,6.0,10.0,18.0,0.55,4.0,86.0,3.0,3.0,28.0,1.0,5.83,1.0,1.0,2.38,0.0,6.0,0.99,0.0,2.0,1
0.0,0.79,1.79,0.0,0.0,0.79,26.36,1.0,0.0,4.72,7.21,0.24,0.0,40.92,1.21,0.0,11.8,1.79,4.55,0.79,1.79,1.17,0.0,6.0,0.96,0.0,0.79,0
3.13,0.61,1.61,0.78,3.91,0.61,27.0,1.0,0.39,3.65,4.65,0.18,1.96,64.91,1.0,0.0,10.7,1.61,3.6,1.0,1.61,1.31,0.0,120.65,0.97,0.0,1.0,0
2.72,0.86,1.0,0.0,15.59,0.71,29.25,1.0,0.0,0.0,13.72,0.26,0.14,0.0,1.43,0.0,1.86,1.0,0.86,0.0,0.14,0.49,0.0,31.55,0.98,0.0,0.86,0
0.29,2.22,1.0,0.15,0.73,6.56,140.48,1.0,1.85,3.71,10.27,1.23,0.15,74.24,2.85,0.0,8.49,1.0,3.03,0.07,1.15,0.69,0.0,14.34,0.94,0.0,2.85,1
6.42,0.0,1.0,9.93,2.71,4.29,135.25,1.0,0.1,0.29,4.49,0.63,1.0,84.7,1.9,0.1,5.39,1.1,4.92,1.9,1.0,2.14,0.0,6.58,0.9,0.0,1.1,0
4.21,1.52,2.52,0.48,2.41,1.52,38.38,1.0,0.24,3.79,1.76,0.29,2.72,78.93,1.0,0.0,4.76,1.76,3.08,1.0,1.76,1.75,0.0,76.7,0.97,0.0,1.0,0
0.0,1.73,1.0,0.0,0.0,6.65,125.31,1.0,0.0,0.73,10.22,3.0,0.0,8.76,0.73,1.0,1.46,1.46,1.46,0.27,1.0,0.08,0.0,6.0,0.94,0.0,0.73,0
0.71,0.71,1.0,2.12,0.0,4.59,170.49,1.0,20.45,24.27,4.47,0.84,0.0,71.53,1.0,0.0,4.29,1.29,3.65,0.71,1.0,0.63,0.0,15.17,0.83,0.0,3.41,1
5.55,1.0,1.49,1.51,5.1,2.02,65.32,1.0,0.98,9.3,8.83,0.19,3.04,85.87,1.0,0.49,6.41,1.0,4.23,2.0,1.0,1.41,0.0,12.92,0.88,0.0,2.47,0
0.33,0.33,1.0,0.0,0.33,0.0,24.33,1.0,0.0,0.0,5.7,0.52,0.0,0.0,2.0,0.0,0.66,1.0,3.4,0.33,1.33,0.67,0.0,6.0,0.93,0.0,0.0,0
0.0,0.13,1.0,0.03,0.97,4.97,62.34,1.0,1.94,0.0,5.81,0.83,0.97,3.14,3.94,0.03,1.94,1.0,1.73,0.0,1.97,0.77,0.0,171.64,1.0,0.0,0.0,0
0.93,0.0,1.0,0.0,0.54,9.15,360.0,1.0,0.54,5.56,28.91,1.26,0.0,42.15,1.0,0.0,34.23,1.46,4.72,0.54,1.0,0.24,0.0,6.0,0.97,0.0,1.54,0
0.06,0.0,1.0,1.08,0.02,4.99,45.76,1.0,0.0,0.99,4.0,1.14,0.01,62.22,2.0,1.98,2.02,1.0,2.77,1.01,1.0,0.68,0.0,6.0,0.94,0.0,0.01,0
6.81,1.49,1.0,2.0,10.0,0.3,28.49,1.0,0.7,0.0,1.0,0.15,4.11,86.49,1.0,0.0,3.4,1.0,2.69,1.0,1.6,1.53,0.0,211.72,0.95,0.0,1.0,1
1.12,0.0,1.0,0.2,0.2,6.84,115.89,1.0,0.96,2.88,8.69,1.46,1.08,54.55,1.0,0.96,8.69,1.96,3.37,1.04,1.12,0.61,0.0,11.76,0.95,0.0,1.96,0
0.0,1.97,1.0,0.0,0.0,6.86,144.79,1.0,1.93,3.86,10.62,1.45,0.0,70.5,2.9,0.03,8.69,0.97,2.87,0.03,1.0,0.57,0.0,14.69,0.94,0.0,2.9,1
0.07,0.07,1.0,0.0,0.07,2.79,38.96,1.0,0.0,0.93,4.72,1.29,0.0,17.68,2.0,0.93,0.14,1.0,3.28,1.93,1.07,1.09,0.0,6.0,0.93,0.0,0.0,0
1.0,0.0,1.0,0.32,0.32,4.79,95.96,1.0,0.68,3.32,9.0,1.28,0.68,61.58,1.0,0.68,6.16,1.68,3.0,0.68,1.0,0.55,0.0,10.11,0.95,0.0,1.68,0
0.0,0.0,1.0,0.0,0.0,3.63,37.67,1.0,0.37,5.0,3.46,0.48,0.0,53.65,3.37,1.37,3.0,1.0,8.37,0.63,1.63,0.28,0.0,6.0,0.91,0.0,1.0,0
0.57,2.62,1.0,0.0,3.43,3.24,33.09,1.0,0.0,0.0,2.86,3.58,0.0,0.0,0.19,0.81,2.81,0.19,3.12,0.81,0.81,0.11,0.0,7.14,0.91,0.0,0.19,0
0.14,0.14,1.0,0.0,0.0,8.29,69.17,1.0,0.0,2.87,5.43,2.69,0.72,7.17,2.29,1.71,2.58,1.0,4.4,1.0,0.29,0.19,0.0,9.73,0.93,0.0,0.29,0
3.2,1.82,1.0,0.41,16.37,0.2,26.43,1.0,0.0,0.0,12.15,0.16,0.41,18.35,1.0,0.0,2.0,1.0,1.51,0.2,0.61,0.86,0.0,10.78,0.95,0.0,1.0,0
0.0,0.0,1.0,0.0,0.0,6.36,48.99,1.0,0.33,1.64,3.99,4.15,0.0,19.7,1.31,2.0,1.66,0.33,3.35,0.67,1.0,0.26,0.0,6.0,0.97,0.0,0.33,0
1.61,0.91,1.3,5.57,1.7,11.39,145.65,1.0,1.82,3.03,6.16,0.31,8.18,60.92,1.61,0.91,9.89,1.0,10.83,1.7,4.48,2.46,0.7,6.0,0.96,0.0,0.61,0
0.51,0.93,1.0,0.81,0.22,3.07,34.17,1.0,0.0,0.0,0.29,4.86,0.07,6.47,0.15,0.93,0.37,0.07,1.3,1.07,1.0,0.17,0.0,6.0,0.85,0.0,0.07,0
0.04,3.97,1.03,0.99,0.0,3.97,42.0,1.0,0.0,0.07,0.03,4.61,0.03,99.69,1.99,0.99,0.07,1.01,1.03,0.01,1.01,0.03,0.0,6.0,0.92,0.0,0.01,0
1.09,1.37,1.0,0.0,0.0,5.63,156.33,1.0,0.0,6.53,12.51,2.92,0.0,49.51,0.54,0.46,6.26,1.09,2.67,0.46,1.0,0.28,0.0,6.0,0.94,0.0,0.54,0
1.72,0.36,1.0,0.0,7.09,3.21,44.25,1.0,0.0,0.0,9.22,0.6,0.64,0.0,2.93,0.0,1.36,1.0,1.11,0.0,0.64,0.2,0.0,100.57,0.99,0.0,0.36,0
1.0,0.86,1.0,1.13,0.28,20.58,107.53,1.0,0.0,17.17,1.86,0.48,5.71,50.0,3.58,0.0,15.74,1.0,14.5,1.14,2.57,1.5,0.14,28.32,0.89,0.0,1.72,1
1.29,0.71,1.0,2.12,0.0,4.58,162.02,1.0,20.52,24.06,3.29,0.62,0.29,64.39,1.88,0.0,7.8,1.0,4.62,1.0,1.0,0.67,0.0,15.2,0.82,0.0,3.42,1
0.0,2.94,1.0,0.0,0.0,3.98,35.33,1.0,0.02,0.1,0.12,4.3,0.0,1.24,0.08,1.02,3.0,0.02,3.76,0.98,1.0,0.02,0.0,6.0,0.89,0.0,0.02,0
3.2,1.9,2.9,0.55,0.15,2.1,46.79,1.0,0.0,4.75,2.1,0.35,1.95,77.55,1.05,0.0,5.0,1.95,3.51,1.05,1.95,1.91,0.0,6.0,0.97,0.0,1.0,0
0.0,2.36,1.0,0.59,0.0,3.59,45.69,1.0,0.41,2.05,2.46,2.91,0.0,83.6,2.82,1.41,1.23,1.0,3.93,0.0,1.0,0.32,0.0,6.0,0.91,0.0,0.41,0
0.0,0.0,1.0,0.0,0.0,8.0,48.0,1.0,0.0,0.0,3.0,6.0,0.0,0.0,0.0,2.0,1.0,0.0,1.0,1.0,1.0,0.0,0.0,6.0,1.0,0.0,0.0,0
3.59,0.0,1.0,1.45,4.48,2.76,36.93,1.0,0.45,0.55,2.65,0.7,2.24,72.31,1.55,1.1,2.9,1.0,2.41,1.0,1.0,0.97,0.0,137.38,0.96,0.0,0.45,0
11.16,8.34,1.56,2.82,19.76,13.53,224.15,1.0,0.0,9.27,2.0,0.36,6.13,75.41,2.31,0.0,10.1,1.0,9.92,1.56,1.44,1.62,0.0,17.32,0.78,0.0,2.0,1
0.0,0.0,1.0,0.0,0.0,2.7,48.32,1.0,0.9,4.5,6.2,0.37,0.0,54.05,3.8,1.8,2.7,1.0,7.76,0.0,1.0,0.77,0.0,6.0,0.92,0.0,0.9,0
1.84,0.16,1.0,0.0,0.0,5.16,124.12,1.0,2.0,3.08,9.16,0.59,2.76,81.29,1.16,0.92,28.35,2.84,6.96,0.0,0.08,0.91,0.0,49.1,0.98,0.0,1.16,0
0.0,1.54,1.73,0.0,0.0,1.8,29.14,1.0,0.0,4.39,5.13,1.32,0.0,38.09,0.73,0.27,11.79,1.46,4.37,1.0,1.73,0.95,0.0,6.0,0.95,0.0,0.73,0
1.58,0.0,1.0,0.0,0.0,4.58,104.87,1.0,1.58,2.58,8.16,0.7,2.37,68.84,1.21,1.0,23.73,2.58,6.49,0.42,0.21,0.97,0.0,42.39,0.97,0.0,0.79,0
4.29,0.0,1.0,5.59,4.8,3.1,49.51,1.0,0.0,0.0,1.29,0.3,2.8,69.96,1.1,0.0,1.39,1.0,3.75,2.0,3.71,2.29,0.0,6.0,0.97,0.0,1.0,0
1.95,1.95,1.65,0.0,0.65,7.55,260.54,1.0,3.9,6.86,13.46,0.82,2.6,62.59,2.65,2.3,18.22,1.0,4.98,1.35,1.0,1.94,0.0,6.0,0.97,0.0,1.3,1
0.0,2.76,1.0,0.0,0.0,4.73,62.57,1.0,0.48,0.97,2.66,3.64,0.0,17.65,0.73,0.76,4.45,0.24,3.49,0.76,1.0,0.14,0.0,8.18,0.91,0.0,0.73,0
0.29,0.04,1.0,0.07,1.32,10.71,433.9,1.0,0.96,0.0,32.81,0.85,0.18,2.89,1.0,0.0,54.05,1.0,7.07,1.04,1.0,0.07,0.0,6.11,0.96,0.0,1.96,1
0.0,3.31,1.0,0.83,0.0,3.31,38.9,1.0,0.0,0.0,1.38,3.93,0.0,82.8,2.0,0.83,0.0,1.0,1.56,0.0,1.0,0.12,0.0,6.0,0.92,0.0,0.0,0
1.15,0.15,1.15,7.41,1.85,11.27,43.85,1.0,0.0,0.37,1.07,0.22,9.41,51.98,1.0,0.0,2.22,1.07,12.3,1.93,5.71,2.46,0.93,6.0,0.94,0.0,0.07,0
1.26,1.42,2.42,0.0,0.0,1.42,33.31,1.0,0.0,5.58,4.9,0.26,0.84,62.52,1.0,0.0,10.79,2.0,4.12,1.0,2.0,1.55,0.0,6.0,0.97,0.0,1.0,0
0.0,3.33,1.0,1.0,0.0,4.17,42.5,1.0,0.0,0.17,0.67,4.08,0.0,93.64,2.0,1.17,0.33,1.0,1.29,0.17,1.0,0.11,0.0,6.0,0.92,0.0,0.0,0
0.64,2.72,1.0,0.0,0.0,2.28,75.0,1.0,2.0,0.96,2.87,0.48,3.68,26.14,2.36,1.0,15.01,1.64,7.33,2.04,1.36,1.23,0.0,23.39,0.88,0.0,1.68,0
0.0,0.53,1.0,0.0,0.0,8.0,78.34,1.0,0.0,0.27,5.93,4.99,0.0,3.19,0.27,1.73,1.27,0.53,1.17,0.73,1.0,0.03,0.0,6.0,0.99,0.0,0.27,0
2.88,1.92,2.92,0.0,0.0,1.96,41.69,1.0,0.04,4.81,2.23,0.34,1.92,74.02,1.04,0.0,4.81,1.96,3.44,0.96,1.96,1.84,0.0,6.0,0.97,0.0,1.0,0
2.22,1.48,2.48,0.0,0.26,2.78,47.48,1.0,0.52,3.69,3.04,0.44,1.74,56.89,1.78,0.0,4.22,1.74,2.99,0.74,2.0,1.6,0.0,50.65,0.98,0.0,0.74,0
2.06,5.83,1.0,2.57,2.57,3.0,64.76,1.0,0.0,0.49,1.49,1.04,1.54,83.53,0.51,0.49,10.71,0.51,3.27,1.51,2.54,1.18,0.0,6.0,0.96,0.0,1.49,0
0.49,0.49,1.0,0.51,0.49,2.54,35.14,1.0,0.0,0.51,2.52,0.97,0.0,31.45,2.0,1.01,2.0,1.0,2.22,1.0,1.49,0.63,0.0,6.0,0.93,0.0,0.0,0
0.5,0.0,1.0,0.75,0.0,5.25,48.25,1.0,0.0,0.75,4.0,1.0,0.25,46.5,2.5,1.5,5.75,1.0,3.77,1.0,1.0,0.69,0.0,6.0,0.93,0.0,0.5,0
0.56,0.0,0.56,9.33,1.12,6.69,33.38,1.0,0.0,0.0,0.56,0.67,5.58,27.88,1.0,0.0,1.12,1.0,7.25,1.12,3.35,1.39,0.56,6.0,0.91,0.0,0.0,0
1.0,0.0,1.0,0.49,1.0,2.55,50.59,1.0,0.0,1.96,7.47,0.81,0.51,38.26,2.53,0.0,0.51,1.0,1.73,0.0,1.0,0.29,0.0,79.36,0.98,0.0,0.49,0
0.0,9.54,1.0,0.0,0.0,3.62,90.38,1.0,0.0,1.0,3.23,1.75,0.0,84.6,0.21,0.79,17.71,0.41,3.05,0.79,1.0,0.12,0.0,6.0,0.94,0.0,2.0,0
0.44,9.38,1.0,0.0,0.0,3.87,127.52,1.0,0.0,3.41,6.59,1.82,0.0,98.03,0.22,0.78,18.38,0.44,2.69,0.78,1.0,0.11,0.0,6.0,0.95,0.0,1.78,0
3.39,0.2,1.0,3.98,4.19,2.39,36.95,1.0,0.0,0.0,1.0,0.37,2.39,54.18,1.2,0.0,1.2,1.0,3.21,1.8,3.59,1.94,0.0,6.0,0.96,0.0,0.8,0
0.0,1.38,1.0,0.0,0.0,5.54,119.54,1.0,0.0,0.69,12.15,1.64,0.0,8.31,1.31,0.69,1.38,1.69,2.43,0.0,1.0,0.29,0.0,6.0,0.97,0.0,0.69,0
0.0,1.52,1.0,0.0,0.0,7.52,137.81,1.0,0.0,0.76,12.08,2.4,0.0,9.13,1.24,1.24,1.52,1.76,1.87,0.24,0.76,0.08,0.0,6.0,0.97,0.0,0.76,0
1.48,0.0,1.0,0.0,0.0,4.48,103.45,1.0,1.74,3.52,8.22,0.49,2.22,76.25,1.78,1.26,22.94,2.48,7.53,0.0,0.26,0.89,0.0,39.98,0.96,0.0,1.0,0
0.34,2.87,1.0,0.09,0.43,3.83,34.66,1.0,0.04,0.0,0.04,4.2,0.21,3.63,0.04,0.96,3.04,0.04,3.6,1.0,1.0,0.06,0.0,18.53,0.9,0.0,0.04,0
0.0,0.31,1.0,0.08,0.0,3.08,40.15,1.0,0.0,0.92,4.61,1.59,0.0,25.26,2.0,1.0,0.0,1.0,3.21,1.85,1.0,1.04,0.0,6.0,0.93,0.0,0.0,0
0.0,0.0,1.0,0.0,0.0,6.0,83.34,1.0,0.0,0.83,7.65,1.61,0.0,20.68,1.17,0.35,4.14,1.83,3.36,0.17,0.83,0.5,0.0,6.0,0.95,0.0,1.65,0
0.0,0.0,1.0,0.0,0.0,6.0,61.0,1.0,0.0,0.0,6.0,3.05,0.0,0.0,2.0,2.0,0.0,1.0,2.67,1.0,0.0,0.0,0.0,6.0,0.94,0.0,0.0,0
0.18,0.12,1.12,0.0,0.94,10.47,423.9,1.0,0.94,0.3,32.1,0.85,0.12,4.57,1.0,0.0,52.97,1.06,6.98,1.0,1.06,0.11,0.0,6.0,0.96,0.0,1.94,1
1.71,1.19,1.0,1.24,3.14,0.24,42.68,1.0,0.0,3.05,7.1,0.62,0.47,80.85,1.0,0.0,0.47,1.0,2.7,0.24,1.47,0.92,0.0,6.0,0.93,0.0,1.0,0
0.98,0.23,1.0,0.98,0.98,0.06,46.85,1.0,0.0,3.94,8.87,0.79,0.0,78.42,0.98,0.02,0.4,0.98,2.21,0.02,1.0,0.57,0.0,6.0,0.95,0.0,1.02,0
0.0,0.0,1.0,0.0,0.35,5.83,191.53,1.0,1.0,3.23,15.91,0.55,0.0,38.76,2.94,1.29,21.76,1.0,7.81,0.35,1.0,0.5,0.0,6.0,0.93,0.0,1.35,0
6.28,0.75,1.0,1.51,7.78,3.49,56.51,1.0,0.0,0.0,2.23,0.29,4.02,60.31,1.74,0.0,1.75,1.0,3.11,1.51,1.0,1.38,0.0,43.71,0.94,0.0,0.75,0
3.03,0.0,1.0,6.26,4.32,8.53,39.08,1.0,0.29,0.0,1.0,0.19,8.55,60.13,1.0,0.0,2.58,1.0,9.82,1.71,4.55,2.16,0.71,90.83,0.95,0.0,0.29,0
3.85,0.45,1.15,4.26,4.4,4.04,90.44,1.0,0.89,1.49,3.53,0.31,3.15,70.68,1.3,0.45,5.02,1.0,3.93,1.85,3.55,2.3,0.0,6.0,0.98,0.0,1.15,0
0.0,2.0,1.5,0.0,0.0,2.51,31.01,1.0,0.0,2.99,3.49,2.3,0.0,25.91,0.5,0.5,8.98,1.0,4.14,1.0,1.5,0.65,0.0,6.0,0.93,0.0,0.5,0
8.0,0.0,1.0,2.0,10.0,0.0,27.0,1.0,1.0,0.0,1.0,0.15,5.0,85.0,1.0,0.0,4.0,1.0,2.0,1.0,1.0,1.33,0.0,299.0,0.98,0.0,1.0,1
0.25,1.17,1.01,0.07,0.46,3.05,29.66,1.0,0.0,0.01,0.03,5.13,0.09,1.24,0.01,0.99,0.05,0.01,1.07,1.01,1.0,0.02,0.0,6.0,0.85,0.0,0.03,0
4.4,1.49,1.0,7.28,1.88,4.0,101.66,1.0,0.0,0.0,2.51,2.08,0.63,92.46,2.0,0.37,3.14,1.0,3.57,1.26,1.0,1.45,0.0,6.0,0.9,0.0,0.63,0
7.89,0.03,1.0,1.97,9.87,0.09,28.61,1.0,1.01,0.05,1.13,0.17,4.93,84.84,1.03,0.0,4.07,1.0,2.01,0.99,1.0,1.32,0.0,295.25,0.98,0.0,1.03,1
2.04,2.32,2.36,0.0,0.0,2.64,39.76,1.0,0.0,3.4,1.36,1.63,1.36,52.36,0.68,0.32,4.36,1.36,3.5,1.0,1.68,1.28,0.0,6.0,0.95,0.0,0.68,0
0.65,0.0,0.65,3.82,0.0,4.57,84.66,1.0,0.65,1.96,5.88,1.42,0.65,35.27,1.0,0.65,5.88,1.65,2.2,0.65,0.65,0.35,0.0,9.92,0.92,0.0,1.31,0
1.0,0.46,1.0,0.54,0.54,10.11,79.09,1.0,0.0,11.35,5.78,0.66,2.3,65.13,2.38,0.0,8.27,1.0,7.97,0.46,1.46,0.93,0.0,17.95,0.92,0.0,1.46,0
0.0,2.0,1.0,0.0,0.0,7.68,157.81,1.0,0.64,1.97,13.03,1.91,0.0,31.67,1.64,0.68,4.26,1.68,2.05,0.0,1.0,0.26,0.0,8.9,0.97,0.0,1.64,0
0.0,0.0,1.0,0.0,0.0,3.0,51.0,1.0,1.0,5.0,6.0,0.37,0.0,60.0,4.0,2.0,3.0,1.0,8.14,0.0,1.0,0.78,0.0,6.0,0.91,0.0,1.0,0
0.0,0.78,1.0,0.0,0.0,6.78,100.55,1.0,0.0,0.39,9.13,2.71,0.0,4.7,1.61,1.61,0.78,1.39,2.26,0.61,0.39,0.04,0.0,6.0,0.95,0.0,0.39,0
1.46,0.76,1.0,7.09,3.21,10.33,42.18,1.0,0.0,0.0,1.0,0.2,8.79,56.07,1.0,0.0,2.0,1.0,11.68,1.85,5.54,2.42,0.85,6.0,0.93,0.0,0.15,0
1.85,0.3,1.0,0.08,0.0,5.85,56.78,1.0,0.0,0.0,3.7,0.85,0.92,7.61,3.85,0.08,15.71,1.0,6.39,0.92,1.0,0.69,0.0,6.0,0.92,0.0,1.85,0
0.29,0.0,1.0,0.29,0.29,4.29,56.72,1.0,0.0,1.14,6.86,2.4,0.0,22.28,1.71,1.43,0.0,1.0,2.53,0.71,0.29,0.17,0.0,6.0,0.94,0.0,0.29,0
16.92,12.68,1.89,4.45,31.16,7.11,290.22,1.0,0.0,1.0,3.32,0.44,6.23,85.9,1.0,0.11,3.78,1.11,5.7,1.78,1.0,1.65,0.0,6.0,0.73,0.0,1.89,1
0.43,1.57,1.0,0.0,0.0,13.42,135.73,1.0,1.14,10.85,7.15,0.98,2.14,63.16,3.43,0.0,12.85,1.0,7.99,0.43,1.43,0.91,0.0,22.27,0.92,0.0,2.57,1
0.4,2.0,1.27,0.0,0.0,7.19,145.81,1.0,0.0,1.54,12.38,1.94,0.27,20.77,1.0,0.87,2.4,2.0,1.87,0.13,1.13,0.35,0.0,6.0,0.98,0.0,1.0,0
0.0,0.0,1.0,0.67,0.0,3.35,38.07,1.0,0.0,0.67,5.32,0.9,0.0,41.54,2.0,1.34,1.34,1.0,3.24,0.67,1.0,0.68,0.0,6.0,0.94,0.0,0.0,0
0.0,0.38,1.0,0.0,0.0,4.87,47.79,1.0,0.0,0.0,3.73,3.86,0.0,0.0,1.24,1.62,0.0,0.62,2.04,1.0,0.38,0.0,0.0,6.0,0.9,0.0,0.0,0
0.74,1.0,1.75,0.0,4.42,0.75,26.51,1.0,0.0,4.53,8.97,0.19,0.0,39.22,1.0,0.0,11.8,1.75,3.68,0.75,1.51,1.12,0.0,7.47,0.97,0.0,1.0,0
0.79,0.79,1.0,2.38,0.0,3.79,173.04,1.0,23.19,27.98,3.62,0.59,0.0,84.57,1.62,0.42,3.79,1.0,4.63,0.79,1.0,0.67,0.0,16.3,0.81,0.0,3.38,1
0.02,0.02,1.0,0.0,0.02,3.92,29.9,1.0,0.0,4.9,1.98,0.54,0.0,49.04,2.98,0.98,2.98,1.0,8.37,1.0,2.0,0.01,0.0,6.0,0.91,0.0,0.98,0
2.54,3.0,1.85,0.0,0.85,9.08,326.33,1.0,5.08,8.47,15.24,1.14,3.39,72.83,2.54,2.69,24.17,0.85,5.5,1.0,1.0,2.01,0.0,6.0,0.98,0.0,1.69,1
0.47,0.32,1.32,0.0,0.0,5.37,80.75,1.0,0.0,1.63,7.05,1.16,0.32,33.19,1.0,0.0,5.0,2.0,3.49,0.16,1.16,0.8,0.0,6.0,0.96,0.0,1.84,0
4.35,1.99,1.66,3.72,1.68,7.97,297.19,1.0,3.97,6.62,13.27,0.55,2.99,86.68,2.66,1.99,20.22,1.0,5.58,1.34,1.0,2.35,0.0,6.0,0.96,0.0,1.66,1
1.66,0.0,1.0,0.0,0.0,7.17,222.46,1.0,0.0,9.97,19.62,2.42,0.0,75.6,0.83,0.34,7.65,1.66,1.7,0.17,1.0,0.43,0.0,6.0,0.99,0.0,0.83,0
0.05,0.0,1.0,0.0,0.05,5.95,86.49,1.0,0.0,0.95,7.91,1.29,0.05,23.86,1.14,0.0,4.82,1.95,3.4,0.0,1.0,0.57,0.0,12.59,0.96,0.0,1.91,0
0.56,0.07,1.0,0.14,0.7,5.79,85.84,1.0,0.0,0.93,7.51,1.23,0.35,28.84,1.0,0.0,4.79,1.93,3.51,0.14,1.0,0.69,0.0,6.21,0.95,0.0,1.93,0
0.0,0.0,1.0,0.0,0.0,2.66,52.4,1.0,0.0,0.44,8.0,0.8,0.0,11.09,1.56,0.0,2.22,1.44,3.92,0.0,1.0,0.66,0.0,6.0,0.95,0.0,0.89,0
0.0,1.51,1.0,0.38,0.0,6.49,45.74,1.0,0.0,0.0,1.87,5.5,0.0,37.66,0.75,1.62,0.62,0.38,1.0,0.62,1.0,0.0,0.0,6.0,0.97,0.0,0.0,0
0.0,0.85,1.0,0.0,0.0,5.79,88.21,1.0,0.0,1.0,7.57,1.35,0.0,30.32,0.93,0.07,6.14,1.86,3.46,0.07,1.0,0.56,0.0,6.0,0.95,0.0,2.0,0
0.0,0.0,1.0,0.0,0.0,4.24,36.92,1.0,0.0,4.52,2.72,0.63,0.0,47.02,2.76,0.88,3.24,1.12,7.9,0.88,1.88,0.07,0.0,6.0,0.91,0.0,1.12,0
0.22,9.6,1.0,0.65,0.0,3.22,115.82,1.0,6.31,8.19,2.22,1.6,0.0,98.04,0.22,0.78,17.3,0.22,3.1,1.0,1.0,0.14,0.0,8.83,0.9,0.0,2.44,0
4.38,4.37,1.0,3.14,9.11,1.38,45.31,1.0,0.0,0.0,1.38,0.19,1.87,89.75,1.13,0.0,2.38,1.0,4.4,1.13,2.75,2.04,0.0,6.0,0.87,0.0,1.0,0
0.0,0.0,1.0,0.0,0.12,5.88,85.02,1.0,0.24,0.88,7.76,1.24,0.12,22.02,1.36,0.0,4.64,1.88,3.29,0.0,1.12,0.62,0.0,26.42,0.96,0.0,1.76,0
0.33,3.35,1.0,0.0,0.0,1.98,86.41,1.0,1.67,1.96,3.75,0.65,3.35,14.83,2.67,0.84,8.16,1.16,6.44,2.51,1.84,1.24,0.0,9.35,0.85,0.0,1.84,0
16.61,12.24,1.87,4.37,30.6,6.5,273.97,1.0,0.13,1.5,2.5,0.25,6.12,90.6,1.38,0.25,3.87,1.0,6.44,1.75,1.0,1.7,0.0,6.0,0.72,0.0,1.87,1
1.11,0.0,0.0,13.78,2.78,-2.22,-101.11,1.0,0.0,-6.67,-12.22,0.46,1.67,-12.78,1.0,0.0,-4.44,0.44,0.98,1.11,1.67,0.98,0.0,6.0,0.86,0.0,0.0,0
0.98,-0.98,0.02,0.0,0.98,9.9,115.32,1.0,0.0,-4.86,7.02,1.94,0.98,-25.74,3.93,0.0,-8.66,1.02,0.24,-0.98,0.02,-0.67,0.0,146.52,0.99,0.0,1.02,0
-10.75,-1.13,0.43,-2.83,-19.8,1.74,-91.63,1.0,0.0,5.0,2.0,1.46,-3.96,52.83,2.43,1.57,12.62,0.43,6.65,0.43,2.0,-1.04,0.0,6.0,1.04,0.0,1.0,0
1.0,-2.34,1.0,-0.84,0.0,23.67,133.87,1.0,0.0,20.0,7.01,-0.83,5.0,-33.54,4.0,0.84,18.0,1.0,16.14,1.84,1.16,1.33,0.0,32.0,0.9,0.0,2.0,1
8.31,-2.37,1.0,0.79,7.89,5.21,69.83,1.0,0.0,0.0,4.79,-3.06,4.94,-15.78,3.21,-0.79,18.58,1.0,8.96,2.58,1.0,2.2,0.0,8.37,0.93,0.0,2.79,1
2.0,0.0,1.0,-0.5,-0.5,10.51,294.56,1.0,0.5,11.5,23.0,2.06,0.5,78.98,1.0,0.5,13.51,2.5,2.42,0.5,1.0,0.5,0.0,9.0,0.99,0.0,1.5,0
1.91,-1.74,1.0,0.0,1.0,2.74,101.81,1.0,0.91,2.74,9.23,-1.84,0.91,49.38,2.91,0.0,7.49,2.83,1.39,1.0,2.0,1.09,0.0,11.49,0.97,0.0,1.83,0
-10.05,-6.43,1.27,-3.63,-24.38,20.88,242.66,1.0,6.0,23.78,18.0,0.76,2.55,53.37,5.18,3.0,38.15,1.0,12.03,0.27,1.73,2.01,0.0,24.86,1.13,0.0,2.0,1
8.0,2.83,1.0,2.0,10.0,-3.78,14.72,1.0,1.0,0.0,-1.83,-1.38,5.0,85.0,1.0,-0.94,5.89,1.0,4.52,1.0,1.0,1.33,0.0,299.0,0.88,0.0,1.0,1
0.0,1.03,1.0,0.0,0.0,3.58,97.01,1.0,1.0,0.0,12.65,0.83,0.0,-3.62,1.48,0.0,1.03,1.52,2.86,-1.03,1.0,0.2,0.0,6.0,0.98,0.0,1.52,0
6.28,4.0,1.0,10.88,1.8,-2.28,-237.22,1.0,-0.9,0.0,-26.93,4.36,0.9,179.01,2.9,1.0,-45.79,1.0,-0.89,0.9,1.0,2.07,0.0,6.0,0.85,0.0,-0.9,0
8.0,7.11,1.0,2.0,10.0,2.49,88.08,1.0,0.0,-2.04,1.0,0.78,5.0,105.47,-0.53,0.0,11.17,0.49,0.86,2.0,0.49,1.83,0.0,9.0,0.93,0.0,1.51,0
-0.97,-1.93,-0.93,0.0,0.0,12.83,256.53,1.0,0.0,6.76,23.27,7.3,-1.93,13.52,0.0,2.0,4.86,0.0,-0.53,0.03,0.03,-1.32,0.0,6.0,1.02,0.0,0.0,0
2.24,0.24,1.24,0.24,0.0,4.8,61.82,1.0,0.48,4.54,7.11,0.48,1.0,21.99,3.28,0.24,15.57,1.0,6.34,1.24,1.0,0.8,0.0,8.63,0.91,0.0,2.48,1
0.0,0.53,-0.53,11.0,0.0,3.16,84.31,1.0,1.05,-1.05,2.11,1.84,0.0,11.07,2.05,0.0,-3.16,0.47,-0.89,-0.53,-0.53,-0.38,0.0,10.74,0.85,0.0,1.05,0
8.0,0.62,1.0,2.0,10.0,0.0,11.38,1.0,0.38,-3.12,-2.75,3.17,5.0,47.51,-1.5,-0.62,2.13,0.38,-2.46,1.62,1.0,0.85,0.0,299.0,0.94,0.0,0.38,0
-1.4,0.0,1.0,1.0,0.0,0.8,21.17,1.0,0.0,1.0,6.8,1.04,-0.7,62.0,0.6,2.0,-9.91,1.0,0.94,0.3,1.0,0.63,0.0,6.0,0.95,0.0,-1.4,0
-9.24,-11.76,0.16,-2.52,-21.0,-2.88,-183.32,1.0,1.84,4.16,5.16,0.3,-1.68,51.6,4.0,2.0,3.0,1.0,4.62,-0.84,1.0,0.35,0.0,252.08,1.15,0.0,0.16,0
-4.13,3.59,1.0,-1.18,-5.3,4.0,33.82,1.0,-0.59,0.0,0.0,4.75,-2.95,-50.1,0.59,1.0,1.82,0.0,3.47,1.0,1.59,-0.43,0.0,-166.7,0.86,0.0,-0.59,0
1.88,0.12,1.0,3.0,0.0,-10.12,152.07,1.0,29.0,16.36,4.76,0.67,-3.53,46.89,1.0,0.0,3.12,1.0,-3.28,1.0,0.12,0.12,0.0,-3.94,0.82,0.0,4.0,0
-2.19,3.45,1.0,-0.55,-5.49,2.65,58.49,1.0,2.0,0.0,-0.55,2.93,2.9,5.49,3.55,1.55,6.9,1.0,5.52,2.45,0.9,0.28,0.0,10.0,0.85,0.0,1.45,0
-0.92,2.76,1.0,0.92,-0.92,9.67,103.62,1.0,0.0,1.0,7.08,4.88,0.0,116.87,1.0,0.92,3.16,2.0,2.89,-0.92,0.08,0.05,0.0,6.0,0.95,0.0,2.0,0
2.94,2.2,1.0,1.47,7.35,-0.41,-55.97,1.0,-1.47,2.06,-5.35,-0.33,1.47,62.49,1.53,1.0,-2.14,1.0,9.5,1.73,3.47,1.04,0.0,-0.61,0.85,0.0,-0.47,0
0.54,-0.54,1.0,1.61,0.0,-1.15,57.09,1.0,16.57,17.72,2.09,-0.44,0.0,42.42,2.0,-0.54,1.07,0.46,4.9,0.54,1.0,1.01,0.0,12.98,0.85,0.0,2.61,0
1.75,1.75,1.0,2.24,0.0,22.75,233.23,1.0,20.95,41.7,-0.24,0.73,5.0,73.2,1.76,-1.5,18.75,1.0,11.43,1.75,2.0,1.23,0.0,41.73,0.79,0.0,4.24,1
0.0,0.0,1.0,0.64,0.0,4.64,39.57,1.0,0.0,2.45,3.28,0.93,0.0,57.65,2.36,1.64,2.36,1.0,4.83,1.0,1.36,0.43,0.0,6.0,0.93,0.0,0.36,0
-5.81,0.17,1.0,-0.83,-7.47,0.51,16.86,1.0,0.0,3.32,6.64,5.75,-4.15,-1.66,0.0,1.0,-1.66,0.0,-0.25,-0.66,1.0,-1.04,0.0,3.51,0.88,0.0,0.0,0
-0.86,3.72,2.72,-4.3,-4.3,6.14,150.72,1.0,2.0,8.3,11.86,1.38,-0.86,80.73,3.0,0.0,12.44,1.86,2.79,-0.86,-0.72,0.25,0.0,15.0,0.94,0.0,3.0,1
2.74,10.9,-0.1,1.1,5.49,1.9,82.77,1.0,0.55,-1.74,1.45,1.76,1.65,104.39,0.0,1.0,20.45,-0.55,2.14,1.0,0.45,-0.3,0.0,166.73,0.94,0.0,2.0,1
1.0,1.0,1.0,3.0,0.0,4.0,205.0,1.0,29.0,34.0,3.0,0.65,0.0,91.0,1.0,0.0,4.0,1.0,3.71,1.0,1.0,0.64,0.0,19.0,0.78,0.0,4.0,1
12.01,14.0,2.0,-5.99,33.0,8.0,232.07,1.0,2.0,1.0,4.0,0.4,7.0,7.09,3.0,0.0,1.0,1.0,2.86,0.0,2.0,0.33,0.0,176.83,0.8,0.0,1.0,1
7.06,3.0,2.0,1.01,5.56,7.46,360.75,1.0,5.49,10.0,15.46,0.27,6.03,129.1,1.48,3.0,29.01,1.0,5.96,1.51,0.49,2.65,0.0,67.86,0.98,0.0,2.51,1
0.0,0.58,1.0,1.16,0.42,7.32,155.18,1.0,18.81,17.39,2.52,0.64,1.0,7.54,4.0,0.0,4.32,1.0,2.62,0.58,2.0,0.83,0.0,184.54,0.9,0.0,1.74,1
-6.67,0.0,0.0,9.33,-8.34,0.0,17.5,1.0,-0.83,0.0,5.84,1.45,-4.17,-70.88,1.83,0.0,-3.34,1.0,1.88,-0.83,0.0,-0.53,0.0,-238.32,0.83,0.0,-0.83,0
0.0,-0.57,0.43,0.57,0.0,2.43,69.39,1.0,2.15,13.05,14.62,0.33,-0.57,68.62,4.0,2.57,6.45,0.43,8.92,0.57,0.43,0.24,0.0,12.32,0.84,0.0,2.72,1
7.75,0.72,1.0,1.44,6.47,0.25,-223.04,1.0,-0.72,0.0,-19.72,-0.01,4.59,57.5,4.0,0.0,-21.81,1.0,4.32,1.72,1.0,2.07,0.0,8.16,0.89,0.0,1.28,0
0.0,0.0,0.47,5.87,0.0,3.47,22.53,1.0,-0.53,5.0,-2.27,1.0,0.0,50.0,2.47,1.0,3.0,1.0,6.48,1.0,1.47,-0.39,0.0,6.0,0.86,0.0,0.47,0
0.0,-3.48,0.0,10.13,0.87,0.87,38.27,1.0,1.74,0.0,5.22,-2.2,0.87,-87.0,2.74,-0.87,1.74,1.0,0.65,0.0,0.87,0.7,0.0,154.77,0.94,0.0,0.0,0
2.0,0.0,1.0,0.0,0.0,5.43,238.66,1.0,0.52,14.09,21.95,1.2,0.0,109.3,2.57,1.05,7.95,1.48,4.27,0.0,1.0,0.61,0.0,6.0,0.97,0.0,0.48,0
-1.29,1.76,1.0,-3.82,-3.82,36.52,177.59,1.0,0.0,35.28,2.76,0.71,6.53,36.25,6.29,0.0,30.99,1.0,23.27,0.24,0.47,0.61,0.0,51.86,0.82,0.0,2.76,1
-6.56,2.0,1.0,-10.31,-2.81,10.75,65.55,1.0,2.0,4.0,10.06,6.44,-0.94,-9.51,1.12,1.88,5.25,0.06,-0.9,-0.94,1.0,-1.58,0.0,15.0,1.04,0.0,2.06,0
1.0,-10.15,0.15,17.3,2.0,9.46,-16.03,1.0,0.0,-0.85,-0.69,-0.31,10.0,-34.55,1.85,-0.85,-15.75,1.85,10.52,1.15,5.15,2.5,1.0,6.0,0.88,0.0,-1.69,0
-0.55,0.0,1.0,-0.55,-0.55,7.65,90.75,1.0,0.55,1.55,6.35,1.09,0.0,15.11,2.65,1.1,6.65,2.0,6.77,0.0,1.0,0.71,0.0,6.0,0.93,0.0,2.0,0
-2.3,8.43,0.23,-0.77,1.0,12.53,461.02,1.0,-0.53,-13.79,22.51,2.1,-0.77,6.13,0.23,0.0,63.66,0.23,5.78,0.23,1.0,-0.74,0.0,-2.43,1.03,0.0,0.47,0
6.04,0.96,1.0,8.13,3.0,7.82,95.9,1.0,-27.72,-31.54,14.51,2.01,1.0,12.5,2.0,0.96,3.09,1.96,3.1,1.04,1.0,1.8,0.0,-6.42,1.08,0.0,-1.87,0
0.0,0.0,1.0,0.0,-0.61,-0.05,-168.83,1.0,0.39,5.61,-9.88,0.63,0.0,75.27,4.0,2.0,-28.14,1.61,5.88,-0.61,1.0,1.14,0.0,6.0,0.91,0.0,1.0,0
1.03,12.0,1.51,-5.66,0.0,6.6,213.42,1.0,0.0,7.17,13.83,2.09,0.0,146.81,0.0,1.0,25.63,0.51,3.88,1.0,1.51,0.27,0.0,6.0,1.0,0.0,2.51,1
-14.32,-9.84,1.0,-4.47,-30.43,2.68,89.32,1.0,5.37,8.05,22.32,0.68,-2.68,-8.05,3.79,2.68,21.48,1.0,3.92,-0.89,1.0,1.18,0.0,6.0,1.2,0.0,0.0,0
4.0,-9.19,1.0,5.0,5.0,3.0,0.94,1.0,0.0,0.0,3.3,-0.14,3.0,5.96,2.53,0.0,-15.08,1.77,3.96,2.77,4.0,3.15,0.0,6.0,0.97,0.0,-0.53,0
1.17,4.0,1.0,0.0,9.96,1.0,53.0,1.0,2.0,0.0,8.2,0.09,4.0,0.0,2.41,1.0,8.0,1.0,6.82,2.41,0.83,1.36,0.0,13.52,0.86,0.0,2.59,1
3.0,3.0,2.0,0.0,0.32,6.58,132.65,1.0,5.32,10.68,0.21,0.84,4.0,103.11,3.0,3.0,-6.9,1.68,3.3,0.32,1.0,2.79,0.0,6.0,0.99,0.0,2.0,0
0.7,-0.1,1.0,1.4,0.0,8.0,276.01,1.0,20.28,24.78,16.1,-0.62,0.0,5.71,0.3,0.3,4.8,2.0,3.52,0.7,1.0,0.55,0.0,15.09,0.88,0.0,3.8,0
5.14,5.0,1.0,2.0,10.0,1.0,30.3,1.0,0.0,0.0,-0.14,-1.28,2.57,90.0,2.14,-1.14,11.65,1.0,6.67,1.0,3.57,2.43,0.0,6.0,0.86,0.0,2.14,1
0.0,1.16,1.0,0.0,0.0,8.0,114.29,1.0,0.0,0.58,9.4,3.78,0.0,6.98,0.58,1.42,1.58,1.16,1.36,0.42,1.0,0.06,0.0,6.0,0.99,0.0,0.58,0
0.0,2.49,1.0,0.0,0.0,-0.62,22.13,1.0,0.0,-0.62,5.51,2.58,0.0,23.68,2.0,-0.62,-1.25,1.0,3.16,-0.62,1.0,0.28,0.0,6.0,0.92,0.0,0.0,0
12.22,0.0,1.0,3.06,15.28,0.0,28.58,1.0,1.53,0.0,-2.7,0.02,7.64,129.88,0.47,0.0,6.11,1.0,0.81,1.53,1.0,1.67,0.0,453.7,1.0,0.0,1.53,1
1.4,0.0,1.0,0.0,0.0,6.7,198.58,1.0,0.0,8.38,17.87,2.1,0.0,63.55,1.3,0.6,6.29,1.7,2.09,0.3,0.7,0.36,0.0,6.0,0.97,0.0,0.7,0
0.95,4.95,1.0,1.0,0.0,-0.74,6.01,1.0,-1.89,0.0,-4.74,4.74,-0.95,100.0,0.11,1.0,0.0,1.0,0.92,0.95,1.0,-0.19,0.0,-155.97,0.84,0.0,0.0,0
-0.9,0.0,1.58,-0.58,-5.81,3.84,131.87,1.0,3.16,14.03,18.29,0.62,0.68,88.97,1.0,1.58,35.23,3.0,7.94,0.0,0.0,0.43,0.0,56.65,0.94,0.0,2.74,1
6.34,0.09,0.09,9.96,2.72,5.72,125.59,1.0,0.0,-5.43,-2.72,5.51,0.91,32.59,0.91,1.0,-9.05,-0.91,1.42,1.91,0.09,0.91,0.0,6.0,0.79,0.0,0.0,0
0.0,3.97,1.0,0.0,0.0,7.88,154.36,1.0,1.94,3.88,10.67,0.61,0.0,70.84,2.91,0.03,11.73,0.97,5.54,0.03,1.0,0.57,0.0,14.73,0.98,0.0,2.91,1
1.0,0.0,0.12,8.0,2.0,13.77,43.12,1.0,0.0,-5.3,-5.19,4.63,10.0,4.05,0.12,0.88,-11.25,-0.77,9.8,2.0,5.12,1.35,1.0,6.0,0.84,0.0,-0.88,0
-14.1,-11.46,1.0,-3.53,-29.84,5.71,243.55,1.0,2.76,15.86,47.22,0.92,-5.29,-2.64,1.0,0.88,62.17,1.0,5.95,1.0,1.0,-0.77,0.0,15.69,1.09,0.0,3.76,1
0.0,1.0,1.0,0.0,0.0,4.5,16.27,1.0,0.0,0.0,-2.24,7.41,0.0,0.0,-1.5,1.0,0.75,-0.75,-0.25,1.0,1.75,0.0,0.0,6.0,0.9,0.0,0.0,0
-14.87,-8.17,0.22,-3.91,-27.39,3.87,-70.13,1.0,2.0,3.22,9.43,5.21,-5.48,-1.35,2.22,0.78,5.87,0.22,-1.14,-0.78,1.0,-0.85,0.0,15.0,1.06,0.0,1.43,0
-13.11,-10.2,0.27,-2.91,-23.77,-0.1,-126.41,1.0,2.0,2.19,11.1,1.1,-4.1,-12.38,4.0,0.0,-0.91,1.0,-1.16,-1.46,2.0,-0.11,0.0,177.0,1.19,0.0,-0.73,0
0.65,1.4,1.0,0.35,0.0,5.95,92.13,1.0,0.65,1.95,5.86,2.61,0.65,70.05,1.35,1.0,5.86,1.65,2.54,0.65,1.0,0.35,0.0,9.91,0.94,0.0,1.3,0
0.62,0.0,1.0,0.0,0.62,4.11,53.27,1.0,1.0,0.0,6.76,0.68,0.62,0.0,3.24,0.0,0.62,1.0,1.94,0.0,1.0,0.29,0.0,95.5,0.99,0.0,1.0,0
15.84,10.16,1.78,11.91,29.35,15.13,262.77,1.0,0.0,0.78,2.56,-3.67,15.47,124.22,1.78,-0.78,5.13,1.78,17.06,2.78,6.0,3.94,1.0,6.0,0.82,0.0,1.56,1
2.65,0.55,1.55,1.55,1.0,-3.86,60.33,1.0,1.1,14.48,16.72,-2.39,0.55,128.72,1.55,-0.55,5.51,1.55,4.29,0.55,1.0,1.11,0.0,12.06,0.87,0.0,3.21,1
2.0,0.98,1.0,0.0,0.0,8.92,242.67,1.0,3.96,6.92,19.79,-3.28,3.0,153.62,3.94,0.02,38.83,3.98,9.2,-0.98,0.0,1.51,0.0,60.83,1.07,0.0,3.94,1
7.86,3.07,-0.93,12.61,12.89,2.93,123.65,1.0,0.0,-4.82,2.93,0.33,1.04,100.61,1.96,0.0,2.0,0.04,5.9,1.96,2.04,2.4,0.0,6.0,0.8,0.0,1.0,0
0.0,0.0,1.0,-1.38,0.0,19.28,-24.0,1.0,-23.0,-10.1,3.21,1.05,3.97,29.48,4.38,2.0,13.1,1.0,11.51,1.0,1.79,1.22,0.0,16.31,1.02,0.0,-1.59,0
0.69,0.0,1.0,0.0,0.65,5.69,130.68,1.0,1.31,4.17,11.9,1.05,0.65,31.58,2.96,0.0,4.43,1.35,1.78,0.0,1.65,0.7,0.0,117.65,1.0,0.0,0.35,0
-6.96,0.0,1.0,-10.94,-2.98,-0.98,-61.41,1.0,1.0,5.0,9.98,0.22,-0.99,-27.54,4.0,2.0,-1.97,1.0,7.31,-1.99,1.0,-0.82,0.0,6.0,0.96,0.0,0.01,0
0.45,0.0,1.0,3.59,1.45,11.45,266.51,1.0,0.55,0.0,19.18,0.58,4.49,22.46,1.0,0.0,31.74,1.0,9.81,1.45,3.25,1.12,0.45,6.0,0.95,0.0,1.1,0
4.08,1.0,2.0,6.42,1.75,-1.33,78.94,1.0,0.0,6.0,7.58,-2.99,0.58,103.35,2.17,-1.17,17.33,2.58,7.01,1.58,2.0,2.65,0.0,6.0,0.91,0.0,1.58,1
-2.19,0.0,1.0,-2.73,-2.19,8.38,253.16,1.0,0.55,5.0,20.05,0.87,-1.64,12.81,3.0,1.0,33.08,1.0,10.47,0.45,0.36,-1.25,0.0,6.0,0.9,0.0,1.55,1
13.17,8.23,1.59,2.94,20.57,9.53,217.85,1.0,-0.59,0.59,0.47,0.45,5.11,55.83,3.41,0.0,19.35,1.0,8.26,2.18,1.0,1.4,0.0,6.0,0.77,0.0,2.59,1
0.0,-1.43,1.0,0.0,0.0,-2.15,-61.27,1.0,-1.43,0.72,1.55,-0.17,0.0,-16.48,2.0,0.72,-4.3,1.0,8.24,0.72,1.72,0.28,0.0,-0.45,0.91,0.0,-1.43,0
3.0,0.25,1.25,1.0,0.0,1.0,79.28,1.0,2.75,14.48,17.75,0.41,1.0,52.79,1.75,1.0,-0.31,0.25,4.14,1.25,0.25,0.53,0.0,17.0,0.84,0.0,4.0,1
-1.46,2.0,1.0,0.0,0.73,6.27,152.66,1.0,3.46,4.0,12.46,1.44,0.0,73.0,3.0,0.0,-1.97,1.0,-0.78,-0.73,1.73,0.62,0.0,140.03,1.0,0.0,1.54,1
-0.98,-0.98,0.01,0.0,0.01,11.88,-233.47,1.0,-5.94,9.9,-14.84,0.75,0.99,-35.65,2.99,-2.97,-7.9,1.0,10.5,1.0,2.99,-0.43,0.0,31.75,0.82,0.0,0.0,0
3.0,3.0,2.0,0.0,1.0,10.0,363.62,1.0,6.0,9.43,16.86,1.54,4.0,71.75,3.57,4.14,25.15,0.43,5.36,1.57,0.43,2.03,0.0,6.0,0.98,0.0,0.86,1
-5.64,2.0,1.0,-8.86,-1.61,7.81,89.37,1.0,3.61,4.0,12.61,1.46,0.0,2.09,4.61,0.0,6.58,1.0,0.24,-1.61,1.81,-0.63,0.0,152.79,1.03,0.0,2.19,1
-0.63,3.37,0.37,7.89,-0.63,4.0,38.87,1.0,0.0,0.0,-0.63,4.96,0.0,100.0,1.37,1.0,-1.25,1.0,-0.04,-0.63,-0.25,-0.38,0.0,6.0,0.88,0.0,0.0,0
-6.35,0.0,0.0,9.41,-7.94,4.76,68.42,1.0,-0.79,0.79,5.56,2.17,-3.97,-47.63,1.0,0.0,0.79,1.79,1.19,-0.79,0.0,-0.58,0.0,-226.58,0.84,0.0,0.79,0
4.09,2.46,1.46,0.0,1.0,12.18,430.66,1.0,7.09,8.37,19.09,0.73,5.63,102.31,3.0,3.54,36.16,1.54,7.29,0.46,-0.09,2.18,0.0,31.02,1.0,0.0,2.0,1
6.74,2.0,3.0,5.88,1.6,2.53,93.88,1.0,0.0,4.47,1.47,-0.08,2.53,113.9,1.0,-0.53,7.67,2.0,4.33,1.0,2.0,2.52,0.0,6.0,0.95,0.0,1.53,0
1.0,8.33,1.0,-0.92,0.0,21.08,162.89,1.0,0.0,20.92,3.83,-2.05,5.0,50.0,2.17,0.0,37.24,0.08,16.52,1.92,2.0,1.33,0.0,32.0,0.9,0.0,3.83,1
-0.56,3.0,2.0,-5.59,-0.53,9.49,329.67,1.0,6.0,10.51,18.51,0.95,3.49,50.91,3.0,3.51,25.46,1.0,4.97,1.0,1.0,1.77,0.0,6.0,1.01,0.0,1.49,1
2.59,-1.19,-0.19,2.97,2.97,5.59,120.81,1.0,2.0,0.03,8.41,0.49,3.59,76.65,1.0,1.0,27.62,2.41,7.41,0.59,1.19,1.17,0.0,52.0,0.98,0.0,1.0,0
-1.79,0.0,0.0,11.0,0.0,-1.79,-5.04,1.0,0.0,4.47,-1.79,1.25,-0.89,44.71,0.11,0.89,-12.52,1.0,1.49,0.0,0.89,-0.67,0.0,6.0,0.85,0.0,-0.89,0
0.0,-2.58,1.0,-0.64,0.0,7.36,46.71,1.0,0.0,0.64,6.22,3.85,0.0,-52.15,0.0,2.0,1.0,0.0,2.55,2.29,1.0,0.72,0.0,6.0,1.01,0.0,0.0,0
3.59,0.53,1.0,0.0,9.56,2.75,245.78,1.0,0.0,12.0,29.37,-1.41,0.0,91.0,1.53,-1.06,9.53,2.53,1.73,-0.53,0.47,0.82,0.0,9.19,0.97,0.0,1.53,0
1.0,-0.43,1.0,0.0,1.72,-2.15,-45.92,1.0,1.43,-0.72,-4.73,-0.28,0.72,-8.6,4.15,-0.72,2.0,0.28,1.76,1.0,2.72,1.1,0.0,128.5,0.94,0.0,-0.72,0
-0.3,-1.3,-0.3,8.65,2.65,10.7,46.59,1.0,0.0,-0.65,5.54,0.49,8.7,50.65,1.0,0.0,-1.24,0.35,12.2,1.35,5.35,1.65,1.0,6.0,0.93,0.0,0.0,0
8.96,-2.94,1.0,11.0,3.0,4.98,222.26,1.0,1.96,2.94,12.82,-3.23,3.94,168.36,2.98,0.0,31.46,3.94,8.66,1.02,0.02,3.22,0.0,51.08,0.98,0.0,1.98,1
0.0,1.67,1.0,0.0,0.0,6.0,182.94,1.0,0.0,1.83,17.16,-1.86,0.0,34.99,1.83,-0.83,5.83,3.67,4.02,-0.83,1.0,0.69,0.0,6.0,0.94,0.0,2.83,0
2.06,2.06,1.69,0.0,0.69,3.75,252.27,1.0,5.12,6.86,16.24,-1.33,2.75,59.03,2.69,0.69,19.22,1.0,5.95,0.0,1.69,2.36,0.0,6.0,0.99,0.0,2.37,1
-6.18,1.0,1.0,1.2,-8.98,6.69,226.55,1.0,29.0,38.49,7.49,0.85,-4.49,68.55,3.69,1.8,3.1,1.0,9.22,0.1,1.0,0.14,0.0,-244.14,0.72,0.0,4.0,0
3.46,0.18,2.64,3.0,0.0,2.36,210.75,1.0,29.0,38.1,4.64,-2.67,1.64,154.2,1.82,-0.82,5.64,2.64,3.51,1.0,1.82,2.19,0.0,19.0,0.85,0.0,4.82,1
6.85,-1.88,0.04,10.58,19.92,-5.77,-207.71,1.0,-5.77,-9.62,1.54,0.15,-2.88,1.92,0.04,-2.88,-20.12,1.0,0.08,0.96,0.0,0.51,0.0,12.0,0.88,0.0,0.04,0
1.74,-0.15,2.0,-1.26,-5.31,12.52,435.78,1.0,7.26,11.89,23.05,0.8,4.63,80.95,3.0,3.63,45.67,2.26,7.73,0.37,-0.89,1.7,0.0,35.02,1.06,0.0,2.0,1
7.78,0.0,1.0,3.97,8.47,0.87,51.03,1.0,0.78,0.0,1.66,0.24,4.13,85.66,1.22,0.0,4.22,1.0,2.68,1.22,1.0,1.55,0.0,235.0,0.96,0.0,1.0,1
0.0,0.0,1.0,0.0,-0.7,4.6,79.6,1.0,-0.7,4.5,8.0,1.07,-0.7,66.99,1.0,1.4,5.7,2.0,7.97,0.0,0.3,0.58,0.0,-113.66,0.9,0.0,2.7,0
-2.89,0.0,1.96,0.0,-17.36,6.96,62.93,1.0,0.0,5.79,-1.71,3.09,0.0,50.14,2.0,2.0,12.54,1.96,6.37,1.96,1.93,0.7,0.0,0.21,0.93,0.0,0.0,0
1.0,1.0,1.0,0.0,1.0,0.0,25.0,1.0,0.0,0.0,1.0,0.78,0.0,0.0,2.0,0.0,2.0,1.0,1.67,1.0,2.0,0.6,0.0,6.0,0.92,0.0,0.0,0
-1.79,-1.79,-0.79,0.89,1.89,9.21,451.58,1.0,1.0,-0.89,40.26,1.26,-1.79,0.89,1.0,0.0,51.53,0.11,6.1,0.11,0.11,-1.17,0.0,6.0,0.95,0.0,2.0,1
4.0,2.3,1.0,1.32,10.0,-1.03,26.6,1.0,0.68,0.0,6.4,-2.75,2.0,22.45,1.0,-0.68,2.0,1.0,6.18,1.0,3.0,2.49,0.0,6.0,0.9,0.0,1.68,0
0.89,0.0,1.0,6.2,2.77,17.2,447.11,1.0,1.0,-0.89,31.34,0.05,8.85,-10.62,0.11,-1.77,56.0,1.0,16.27,1.89,5.43,1.62,0.89,6.0,0.97,0.0,2.0,1
0.0,4.0,1.0,0.0,0.8,5.02,342.56,1.0,2.8,-0.8,20.91,0.1,4.0,-20.11,3.0,1.0,49.02,0.2,10.31,3.8,2.0,0.89,0.0,10.0,0.83,0.0,2.0,1
0.0,12.0,1.0,0.0,0.0,3.0,91.0,1.0,0.0,1.0,2.0,1.86,0.0,100.0,0.0,1.0,21.0,0.0,2.93,1.0,1.0,0.0,0.0,6.0,0.94,0.0,2.0,0
5.69,0.23,0.23,2.0,10.0,2.23,45.45,1.0,0.0,0.77,4.85,0.0,3.46,60.75,1.0,0.0,9.7,1.0,4.62,2.0,1.0,1.38,0.0,9.0,0.91,0.0,1.0,0
-1.54,0.0,1.0,0.0,0.0,4.54,32.29,1.0,0.0,1.0,4.23,5.54,-0.77,19.0,-1.09,2.54,-12.34,0.23,-1.1,2.0,1.0,0.55,0.0,6.0,0.98,0.0,-1.54,0
-1.5,0.0,1.0,0.0,1.0,11.0,450.25,1.0,1.0,0.0,35.5,2.76,-0.75,0.0,-0.5,1.5,43.27,1.0,4.08,1.0,0.25,-0.56,0.0,6.0,0.97,0.0,0.5,0
0.0,11.22,0.22,8.59,0.0,0.66,86.31,1.0,0.0,1.0,2.0,-1.23,0.0,100.0,0.78,0.22,21.0,0.78,2.15,0.22,0.22,0.0,0.0,6.0,0.95,0.0,2.0,0
7.73,-2.9,1.0,0.97,9.66,0.03,48.49,1.0,1.0,0.0,8.97,-4.01,4.83,-19.32,1.03,-0.97,1.93,1.0,6.39,1.93,1.0,2.5,0.0,8.9,0.96,0.0,1.97,0
-1.02,1.0,1.0,0.0,0.0,3.51,-4.97,1.0,-1.02,-1.52,-1.52,6.48,-1.52,-41.63,0.51,1.51,-15.23,-1.02,-1.36,1.51,1.0,-0.47,0.0,-17.35,0.83,0.0,-0.51,0
0.95,0.0,1.0,0.95,1.95,4.05,74.35,1.0,1.05,3.78,6.95,1.07,1.0,73.8,3.05,0.0,2.0,1.0,0.26,0.0,2.0,0.66,0.0,177.0,1.0,0.0,0.0,0
0.0,12.89,0.11,0.0,0.89,10.1,390.24,1.0,5.33,5.44,16.21,2.05,1.78,107.99,1.78,3.66,41.42,-0.89,5.06,1.0,0.11,0.43,0.0,6.0,0.96,0.0,2.89,1
0.52,1.52,2.0,1.56,0.0,2.56,116.0,1.0,14.57,23.7,4.4,0.34,0.0,99.36,0.48,0.0,17.08,2.0,4.59,1.52,2.0,1.25,0.0,12.77,0.88,0.0,2.56,0
1.92,8.16,1.0,-0.96,0.0,5.88,298.57,1.0,0.0,12.53,24.1,-1.0,0.0,91.35,-0.96,0.04,29.65,0.96,3.74,1.0,1.0,0.5,0.0,6.0,1.01,0.0,2.96,1
0.0,1.11,1.0,0.0,0.0,6.55,65.99,1.0,0.0,0.0,6.0,2.6,0.0,0.0,2.0,2.0,1.66,1.0,4.15,1.0,0.0,0.0,0.0,6.0,0.96,0.0,0.0,0
19.0,14.0,2.0,0.35,33.84,4.09,349.63,1.0,0.58,2.75,6.65,0.99,1.76,97.33,1.0,0.58,8.07,1.58,0.59,1.42,-1.91,0.7,-0.58,9.49,0.7,0.0,3.16,1
-0.51,-0.01,-0.01,0.0,0.0,25.03,121.03,1.0,0.0,17.48,2.5,3.38,3.99,11.12,3.5,1.01,15.98,-0.01,13.52,1.0,1.5,0.38,0.0,32.0,0.9,0.0,1.5,1
7.0,0.53,1.53,11.0,3.0,4.0,133.26,1.0,-0.53,3.21,3.47,0.44,1.0,115.81,1.47,0.0,13.02,1.53,5.54,2.53,1.53,2.61,0.0,6.0,0.9,0.0,1.0,0
13.6,8.4,1.6,12.8,18.0,8.2,304.42,1.0,-0.6,0.6,4.6,0.59,2.2,94.0,2.0,0.0,5.0,1.0,7.61,2.6,1.0,2.61,0.0,-169.82,0.73,0.0,1.6,0
19.92,13.08,2.0,5.0,35.92,0.56,191.96,1.0,-1.84,-2.68,-7.2,-0.27,7.0,27.87,0.08,0.0,-2.44,1.0,5.04,2.92,1.92,1.85,0.0,-2.28,0.68,0.0,-0.76,0
3.96,-2.96,1.99,8.99,2.0,12.0,64.7,1.0,0.0,18.73,17.76,0.03,7.04,140.69,-0.97,0.0,4.96,1.0,10.49,1.01,5.01,2.09,1.0,12.9,0.96,0.0,1.97,0
4.0,5.0,1.0,6.45,11.11,3.78,-9.73,1.0,-0.56,-1.67,-3.45,-0.58,7.01,87.77,1.0,-0.56,-1.89,0.44,9.66,1.56,5.78,3.09,0.56,2.66,0.87,0.0,-0.11,0
7.66,-0.66,1.0,11.0,3.66,5.32,156.11,1.0,0.0,0.0,7.95,-2.33,1.66,88.0,4.64,-0.66,5.66,1.66,5.28,1.34,1.0,2.31,0.0,100.9,1.0,0.0,1.0,1
5.61,0.6,1.0,1.4,7.01,7.3,177.42,1.0,0.0,1.0,14.7,-0.8,3.51,68.08,1.7,0.3,1.3,2.7,1.65,0.7,1.0,1.39,0.0,8.1,0.99,0.0,1.7,0
2.3,4.43,1.0,2.0,-0.19,4.4,67.65,1.0,0.0,0.57,-2.96,0.79,2.0,104.15,1.0,0.0,3.7,1.57,5.83,1.0,3.57,2.02,0.0,2.6,0.86,0.0,1.57,0
19.69,14.3,3.88,4.39,30.75,5.51,275.7,1.0,0.0,5.0,-0.64,-0.63,8.15,143.77,0.12,-0.88,8.51,2.0,5.89,1.0,2.0,2.52,0.0,6.0,0.77,0.0,2.76,1
2.0,-0.75,1.0,0.0,0.0,8.25,84.28,1.0,0.0,0.0,8.5,-1.07,1.0,0.0,5.5,0.75,17.0,1.75,8.08,1.0,0.25,0.75,0.0,6.0,0.99,0.0,2.0,1
1.33,2.0,3.0,0.0,-14.99,20.32,119.43,1.0,0.0,21.65,-8.82,0.64,6.16,118.63,3.5,0.0,18.32,2.0,15.05,1.83,3.67,2.52,0.0,22.65,0.9,0.0,1.83,1
0.9,0.9,1.0,0.0,0.0,15.36,85.15,1.0,1.0,17.95,4.41,-1.88,4.49,44.87,3.79,-1.79,16.15,1.0,14.62,0.0,2.79,1.92,0.0,29.33,0.91,0.0,2.79,1
1.72,-0.72,1.0,0.0,-0.72,12.07,287.84,1.0,1.0,11.7,24.94,2.17,1.0,119.94,0.28,1.0,14.07,2.72,3.49,0.28,0.28,0.48,0.0,12.0,0.99,0.0,2.72,0
-0.84,-3.34,0.84,10.16,-8.36,0.0,55.1,1.0,1.67,15.88,13.37,1.36,-0.84,1.67,1.0,0.84,7.52,1.0,0.4,0.84,-1.67,-0.87,0.0,15.19,0.84,0.0,2.51,0
1.61,0.0,1.61,-6.67,1.0,9.24,115.01,1.0,0.61,1.82,11.46,1.01,1.61,32.74,4.0,0.61,6.46,1.61,3.32,0.61,1.61,0.33,0.0,153.64,1.05,0.0,1.21,1
8.0,1.0,0.15,2.0,10.0,4.7,56.15,1.0,0.0,-5.1,-4.95,4.36,5.0,35.77,0.15,0.85,-10.76,-0.7,0.62,2.0,0.15,0.73,0.0,9.0,0.82,0.0,0.15,0
-3.31,4.37,3.0,-1.58,-7.88,0.42,38.85,1.0,1.58,5.0,1.21,0.61,1.21,13.93,2.58,0.79,9.73,2.0,6.29,1.79,2.79,1.53,0.0,6.79,0.9,0.0,1.79,0
8.64,0.0,1.82,1.96,3.0,9.75,332.52,1.0,0.0,9.86,22.89,0.9,1.0,162.76,2.0,0.0,12.39,1.82,6.6,2.0,1.82,2.73,0.0,6.0,1.0,0.0,1.82,1
4.17,-0.17,2.0,1.0,0.0,-0.75,50.62,1.0,3.17,20.17,14.08,-0.7,2.75,132.92,1.0,1.0,27.37,1.58,8.1,2.0,0.42,1.44,0.0,43.89,0.85,0.0,4.0,1
4.89,-0.98,-0.96,1.96,9.78,4.98,44.67,1.0,0.0,0.11,1.02,0.32,2.93,52.93,3.0,1.0,0.07,0.02,8.77,1.98,1.02,-0.05,0.0,8.93,0.85,0.0,1.0,0
-1.35,0.0,1.0,0.0,0.0,5.33,-53.39,1.0,0.0,-7.4,-4.09,2.79,0.0,-44.41,2.0,2.0,-2.69,1.0,3.78,1.0,0.0,0.05,0.0,6.0,0.92,0.0,0.67,0
-0.74,-0.74,1.0,0.0,-0.74,5.42,60.51,1.0,1.0,0.0,11.68,2.06,0.0,0.0,2.0,1.47,-1.47,1.0,4.51,0.0,-0.47,0.29,0.0,6.0,0.97,0.0,1.0,0
7.86,-0.86,1.0,11.0,3.0,-10.6,140.43,1.0,1.72,-14.6,10.01,0.55,-0.72,115.48,-0.58,0.86,15.3,2.72,-1.3,1.14,-0.72,1.96,0.0,23.17,0.98,0.0,0.14,0
1.0,-1.34,0.33,8.39,1.0,-5.37,-49.35,1.0,0.0,3.33,-0.4,0.14,0.0,69.94,1.0,-0.67,-1.34,0.33,1.11,0.0,0.33,0.51,0.0,6.0,0.88,0.0,0.33,0
-0.82,0.0,1.0,0.18,-0.82,11.56,46.64,1.0,0.0,-2.28,-0.92,5.44,0.0,-1.93,1.18,3.64,2.82,0.18,1.77,1.82,1.0,0.19,0.0,6.0,0.98,0.0,-0.82,0
9.6,0.0,1.8,-6.8,10.0,4.8,57.4,1.0,1.0,0.0,4.2,-0.42,5.8,85.0,3.4,0.0,17.6,1.0,7.47,1.8,1.8,1.93,0.0,299.0,1.03,0.0,2.6,1
0.0,0.0,1.7,0.7,-12.6,4.7,64.29,1.0,1.4,18.3,3.4,0.62,0.7,114.38,3.0,1.7,9.3,1.0,11.29,2.4,2.7,0.27,0.0,9.5,0.82,0.0,3.1,1
0.71,9.86,0.29,3.56,2.85,-1.98,-150.37,1.0,-4.27,-6.12,-10.1,1.66,-0.71,87.18,-1.42,-1.14,1.78,0.0,1.34,1.71,3.14,-0.06,0.0,6.0,0.92,0.0,1.29,0
0.25,0.0,1.0,0.0,-14.91,7.0,258.0,1.0,0.0,12.0,10.72,2.23,0.0,91.0,1.88,0.0,9.0,2.0,2.61,0.88,2.75,0.54,0.0,0.74,0.95,0.0,0.12,0
3.03,2.91,1.0,4.03,4.03,6.88,29.33,1.0,0.0,-3.88,-7.73,3.77,3.0,-7.66,0.03,0.97,3.91,0.03,5.02,2.97,4.0,1.72,0.0,6.0,0.92,0.0,0.03,0
-6.02,9.02,1.0,-1.5,-7.52,6.26,78.12,1.0,-0.75,5.75,2.75,1.83,-3.76,61.28,2.25,1.75,15.78,0.25,9.2,1.0,2.0,-1.0,0.0,-214.31,0.87,0.0,1.75,0
-0.64,0.82,1.0,0.0,1.0,3.36,-23.67,1.0,-1.64,-2.46,-1.38,4.68,-1.46,-67.2,3.18,0.0,-23.58,-1.46,-3.88,0.82,1.82,-0.76,0.0,112.31,0.89,0.0,-0.82,0
11.81,5.68,1.52,2.58,18.08,7.55,197.98,1.0,0.0,0.52,5.03,-1.6,4.62,49.07,4.52,-0.52,17.52,1.52,8.14,1.52,1.0,1.7,0.0,6.0,0.82,0.0,3.03,1
-2.79,0.0,1.93,0.0,-16.74,1.93,35.86,1.0,1.0,5.58,0.56,0.43,0.0,48.35,2.0,0.0,12.09,1.93,7.34,0.93,2.86,1.4,0.0,0.42,0.95,0.0,1.0,0
-2.1,7.71,1.0,0.0,-12.61,5.1,86.25,1.0,0.0,1.7,-4.11,2.52,0.0,89.07,1.3,1.7,13.31,0.3,4.9,2.7,1.7,0.72,0.0,1.8,0.9,0.0,0.7,0
7.15,1.0,1.0,2.0,10.0,3.0,-61.04,1.0,0.85,-7.64,-10.89,-0.04,5.85,48.58,1.0,0.85,2.0,1.0,4.99,2.85,1.0,1.85,0.0,14.1,0.88,0.0,1.85,0
18.2,17.2,2.0,-0.61,33.4,0.59,304.4,1.0,0.0,1.0,1.2,3.8,-1.01,135.05,1.8,0.8,2.4,1.0,-3.41,0.4,-3.0,-0.16,-0.8,6.0,0.68,0.0,2.0,1
0.0,0.82,1.0,0.0,0.18,4.47,103.58,1.0,0.18,0.0,6.25,4.41,0.0,0.0,0.18,0.82,10.3,0.18,2.14,1.0,1.0,0.0,0.0,6.0,0.87,0.0,0.37,0
0.0,2.0,1.64,-7.05,0.0,10.84,175.26,1.0,2.0,4.0,14.84,2.47,0.0,73.0,3.64,1.28,9.0,1.0,4.64,0.64,1.0,0.59,0.0,15.0,0.99,0.0,3.0,1
-2.13,-3.54,1.0,5.25,-5.67,12.8,53.51,1.0,0.0,1.0,4.0,1.2,5.67,33.65,2.0,2.0,2.0,1.0,8.92,1.71,3.13,1.02,0.71,6.0,0.99,0.0,-0.71,0
10.92,0.0,0.03,2.0,27.51,-0.97,25.05,1.0,1.0,-5.84,8.78,0.11,5.0,34.41,1.0,0.0,-8.65,0.03,-1.73,0.03,-0.95,0.62,0.0,304.84,0.98,0.0,1.0,1
0.0,2.67,1.0,0.0,0.0,-2.02,-54.35,1.0,0.0,-3.35,-9.21,4.47,3.35,-61.1,0.0,1.84,-0.84,0.0,4.68,3.51,1.84,0.66,0.0,1.82,0.75,0.0,-0.84,0
19.69,16.76,1.31,5.69,41.91,7.0,276.97,1.0,-1.38,-12.13,-9.06,0.14,7.69,93.62,1.0,-0.69,-2.22,1.0,5.87,1.31,2.38,2.56,0.0,-1.6,0.71,0.0,-0.07,0
8.0,1.0,1.0,2.0,10.0,3.0,57.0,1.0,0.0,0.0,1.0,0.11,5.0,80.0,1.0,0.0,2.0,1.0,3.7,2.0,1.0,1.83,0.0,9.0,0.92,0.0,1.0,0
-2.55,0.41,1.0,-1.18,-5.91,23.18,156.43,1.0,1.18,21.77,6.73,0.77,3.82,51.18,4.0,0.59,34.55,2.18,16.88,-0.18,1.41,0.8,0.0,57.42,0.92,0.0,2.0,1
-2.02,2.65,-0.35,0.0,0.0,3.69,65.8,1.0,2.0,-3.37,2.69,2.28,2.65,-51.85,3.67,2.35,4.63,0.33,6.82,3.0,0.65,0.1,0.0,10.0,0.81,0.0,1.33,0
3.68,-0.89,1.0,0.0,17.05,-2.13,-67.17,1.0,0.0,-0.89,6.89,-0.96,1.0,-10.7,4.0,-0.89,1.0,0.11,0.54,0.0,0.11,0.42,0.0,155.35,1.0,0.0,0.0,0
-0.31,0.72,1.0,-2.9,3.56,0.13,-40.48,1.0,0.0,0.0,-1.16,0.44,2.28,4.77,1.0,0.0,-1.16,1.0,1.14,1.28,4.72,1.06,0.0,6.0,0.99,0.0,0.28,0
5.38,-1.25,1.0,7.88,2.88,-2.5,30.36,1.0,0.0,3.37,2.74,-0.26,0.63,125.54,1.63,-0.63,1.88,0.37,4.37,1.25,1.0,1.96,0.0,6.0,0.9,0.0,1.0,0
9.46,-7.39,1.0,14.08,6.08,4.0,105.57,1.0,0.0,-0.62,3.38,-0.44,2.85,68.28,2.62,-0.62,-7.32,1.62,5.5,2.62,2.85,3.72,0.0,6.0,0.92,0.0,0.38,0
19.0,14.0,2.0,5.0,35.0,7.0,306.0,1.0,0.0,1.0,2.0,0.23,7.0,95.0,1.0,0.0,4.0,1.0,6.2,2.0,1.0,1.84,0.0,6.0,0.7,0.0,2.0,1
1.0,0.66,1.66,0.0,1.0,3.03,53.03,1.0,0.0,0.66,9.28,0.63,1.0,1.31,2.69,-0.66,8.88,1.66,-1.26,0.0,1.0,0.85,0.0,150.0,1.04,0.0,0.0,0
0.04,0.04,1.0,3.0,-0.96,9.73,239.41,1.0,29.0,34.0,7.78,2.82,0.0,91.0,1.0,1.91,2.09,1.0,4.66,1.0,-0.91,0.07,0.0,19.0,0.79,0.0,4.0,1
0.0,0.59,1.0,0.85,0.0,4.41,46.18,1.0,0.3,0.85,3.41,1.05,0.59,52.84,2.15,1.85,2.89,1.0,3.43,1.3,1.15,0.77,0.0,6.59,0.92,0.0,0.3,0
0.0,0.0,1.0,0.58,1.0,13.33,454.4,1.0,0.42,0.58,31.67,1.32,0.0,36.09,1.0,1.16,57.16,1.0,6.6,1.58,1.0,-0.04,0.0,6.0,0.95,0.0,1.42,1
-2.38,-0.55,1.0,-1.1,-5.48,9.74,253.07,1.0,0.0,12.0,24.1,4.92,-2.74,47.16,0.45,1.1,8.45,1.45,0.36,-0.55,1.0,-0.49,0.0,4.36,1.03,0.0,0.45,0
3.93,0.0,1.0,7.2,1.96,-0.96,45.78,1.0,0.35,-1.96,4.73,-0.24,0.0,22.26,2.65,-0.65,-2.62,0.35,4.91,0.65,1.0,1.89,0.0,2.07,0.92,0.0,0.35,0
-2.74,-0.91,0.09,-0.91,0.0,5.57,46.79,1.0,-0.83,-16.45,-0.22,1.34,-0.91,-61.22,2.0,-0.91,-5.48,1.91,2.61,-1.83,1.0,0.4,0.0,-4.05,1.06,0.0,-0.83,0
-0.84,0.0,0.08,10.1,0.0,0.57,-99.58,1.0,1.0,-8.02,-12.12,1.11,1.0,-29.57,1.0,1.0,0.73,1.08,1.67,1.0,0.08,0.06,0.0,12.0,0.83,0.0,1.08,0
9.31,0.35,1.0,2.0,10.0,4.31,119.77,1.0,1.31,1.96,6.89,-2.94,6.96,133.62,1.65,0.0,21.62,2.96,7.82,1.35,0.35,2.44,0.0,39.08,1.0,0.0,1.65,1
4.77,0.0,1.0,3.47,3.47,5.31,64.93,1.0,0.0,-3.47,3.31,0.35,3.08,12.48,2.61,-0.69,15.61,1.0,3.44,1.69,2.39,2.33,0.0,6.0,0.97,0.0,2.0,0
3.0,8.53,1.63,-6.9,18.0,1.88,69.55,1.0,0.0,0.63,16.25,0.54,0.0,62.75,0.37,0.63,15.18,0.37,2.63,0.63,0.63,0.57,0.0,12.0,1.02,0.0,2.25,0
-0.93,-0.93,1.0,0.0,-0.93,8.61,73.65,1.0,0.0,1.0,9.67,3.45,0.0,19.0,2.0,2.87,-1.87,1.0,4.33,2.0,-0.87,0.56,0.0,6.0,0.94,0.0,0.0,0
1.25,0.62,1.62,0.62,-0.62,-2.5,35.86,1.0,1.25,11.86,14.87,0.03,0.0,57.44,0.13,0.62,6.24,1.0,6.43,1.25,1.0,1.3,0.0,-77.04,0.84,0.0,2.5,0
3.42,0.0,1.0,0.33,3.83,-0.5,49.91,1.0,0.0,0.0,3.92,1.93,-2.83,38.84,1.58,1.17,-0.17,1.0,-2.43,1.42,0.5,0.83,-0.58,6.0,0.97,0.0,1.0,0
1.76,1.76,1.0,0.0,1.0,14.47,76.04,1.0,-0.76,11.43,-2.05,0.89,3.81,-7.62,2.0,-1.52,13.43,1.0,6.7,1.76,2.76,1.02,0.0,25.81,0.9,0.0,0.76,0
0.53,0.53,1.0,1.58,0.0,4.0,122.43,1.0,15.32,20.32,2.53,0.6,0.0,71.66,1.94,0.47,3.53,1.0,5.97,1.0,1.47,0.34,0.0,12.87,0.84,0.0,2.58,0
-0.99,0.0,1.0,0.0,-0.99,1.02,47.05,1.0,1.99,9.94,6.0,-0.1,-0.99,119.32,4.0,3.98,4.98,1.0,14.92,0.0,1.0,1.55,0.0,-136.36,0.83,0.0,1.99,0
7.32,0.0,1.0,9.58,9.11,8.05,15.55,1.0,-0.79,0.0,-2.95,-0.23,13.16,117.17,-1.37,0.0,3.58,1.0,13.2,2.79,5.21,2.92,1.0,102.41,0.92,0.0,0.79,0
1.99,0.0,1.0,1.0,0.0,7.99,51.97,1.0,-1.0,-3.98,2.01,1.32,1.0,2.26,2.0,0.01,15.94,1.0,1.45,2.0,1.0,0.64,0.0,6.0,0.95,0.0,1.0,0
5.8,0.0,1.0,11.0,3.0,1.59,84.06,1.0,-0.6,-1.8,3.4,0.46,-0.8,38.67,2.6,-0.6,-13.05,-0.2,2.97,2.0,1.6,2.18,0.0,-21.67,0.88,0.0,1.0,0
-0.75,0.75,1.75,0.0,-0.75,-0.02,18.86,1.0,0.0,5.53,5.75,0.84,-0.75,58.26,-0.26,1.0,10.57,1.75,5.92,2.75,1.75,2.11,0.0,-102.72,0.9,0.0,0.75,0
-5.22,0.0,1.0,-0.3,-5.87,12.18,319.65,1.0,0.0,1.0,25.53,1.63,-3.26,6.55,2.0,2.0,35.92,1.0,6.14,1.0,1.0,-0.2,0.0,-185.15,0.93,0.0,0.65,0
2.3,1.0,1.3,8.04,-0.7,1.0,55.69,1.0,2.0,16.18,10.66,0.61,1.0,37.06,1.0,1.0,11.0,1.0,3.23,2.0,0.3,0.55,0.0,17.0,0.78,0.0,3.3,1
5.59,-0.8,1.0,8.78,2.39,4.8,118.6,1.0,0.0,5.0,5.19,-3.18,0.8,120.24,4.6,0.2,6.99,1.8,11.77,1.8,2.0,1.84,0.0,6.0,0.94,0.0,1.8,1
7.3,-0.7,1.0,-0.11,10.0,-2.11,-93.28,1.0,-18.69,-23.92,4.52,-0.03,5.0,20.99,1.7,0.0,1.19,1.0,2.05,0.3,1.0,1.4,0.0,289.86,1.1,0.0,-1.11,0
0.61,-1.83,1.0,1.83,0.0,4.83,132.91,1.0,16.5,21.78,6.83,1.45,-2.44,74.62,0.78,0.39,-2.44,1.0,1.18,0.78,0.39,0.68,0.0,11.5,0.9,0.0,1.22,0
4.0,-1.0,1.0,1.0,0.0,3.0,37.0,1.0,1.0,0.0,0.0,4.68,3.0,95.0,2.0,1.0,2.0,1.0,-1.3,0.0,-1.0,-0.67,0.0,298.84,1.02,0.0,0.0,0
0.96,1.0,1.96,-10.59,0.0,9.74,121.29,1.0,0.96,2.89,8.66,5.45,0.96,51.97,0.0,1.96,8.66,0.96,4.24,1.96,1.96,0.52,0.0,11.77,0.93,0.0,1.92,0
1.58,1.47,1.0,0.0,9.48,2.79,76.88,1.0,2.0,3.47,11.53,0.25,0.0,66.68,3.0,-0.53,9.0,0.47,2.49,0.0,0.47,0.83,0.0,18.16,0.94,0.0,3.0,1
1.93,-0.96,0.04,0.0,0.0,8.78,262.42,1.0,0.0,6.78,20.41,2.76,0.0,56.55,2.0,1.0,-5.78,1.0,0.72,1.04,0.04,0.37,0.0,6.0,0.94,0.0,0.0,0
-4.19,-0.52,0.48,5.72,-5.24,3.43,25.61,1.0,0.0,1.0,3.48,1.75,-2.62,20.07,2.0,2.0,0.95,1.0,0.81,-0.05,0.48,-0.29,0.0,4.43,0.91,0.0,-0.52,0
0.28,0.04,1.0,0.07,1.32,4.93,62.79,1.0,1.93,0.0,5.82,0.69,1.14,2.81,3.89,0.0,2.0,1.0,1.82,0.07,1.96,0.84,0.0,171.1,1.0,0.0,0.04,0
-1.97,2.03,0.01,0.0,-0.99,12.84,-204.57,1.0,-3.92,9.87,-15.79,0.42,4.99,-35.53,3.99,-1.96,-1.87,1.0,16.13,3.0,2.99,0.35,0.0,35.66,0.72,0.0,2.0,0
-2.76,-7.59,0.46,8.29,-15.99,4.0,35.56,1.0,0.54,1.08,7.8,1.23,-2.25,65.76,2.0,0.54,7.71,1.54,3.55,1.46,1.0,1.6,0.0,9.25,1.03,0.0,1.0,0
4.0,1.88,0.22,9.79,10.0,-2.12,14.86,1.0,0.0,0.0,1.0,-2.52,2.0,12.08,0.22,-0.78,2.0,1.0,3.52,1.0,2.22,2.0,0.0,6.0,0.83,0.0,1.0,0
3.8,2.7,1.9,-0.9,0.0,14.0,421.62,1.0,7.4,8.4,17.1,0.33,6.6,89.2,2.8,3.7,55.19,3.0,10.58,0.9,0.0,2.55,0.0,52.0,1.02,0.0,1.9,1
-0.85,-0.85,0.15,-0.85,0.0,11.4,88.78,1.0,0.0,-13.59,-3.8,6.22,1.7,-8.5,0.0,2.0,17.14,1.7,3.15,-0.7,0.15,-0.02,0.0,35.74,1.12,0.0,-2.55,0
1.32,2.0,1.0,0.0,0.0,10.63,219.88,1.0,0.66,2.97,14.66,2.28,1.97,65.94,0.34,1.66,21.73,3.32,3.95,0.0,0.34,0.24,0.0,36.26,0.99,0.0,1.0,0
0.61,0.0,1.0,0.0,0.0,2.39,13.91,1.0,0.39,3.18,2.96,-0.22,0.0,27.16,5.82,1.39,7.86,0.39,10.25,0.0,1.0,0.91,0.0,2.35,0.9,0.0,1.0,1
1.0,3.9,0.03,3.97,0.0,6.9,219.5,1.0,29.0,28.2,-3.77,4.97,0.0,137.41,1.97,0.97,-10.5,0.03,0.2,0.03,0.03,-0.62,0.0,19.0,0.73,0.0,3.03,0
-0.99,1.0,1.0,7.88,1.97,9.9,-50.85,1.0,-1.97,-2.96,-7.88,4.88,6.9,-31.53,0.0,0.01,-27.59,-1.97,6.61,2.97,6.91,1.54,0.99,-39.32,0.81,0.0,-0.99,0
19.77,14.83,1.99,4.94,33.58,18.05,-22.26,1.0,-0.99,20.99,-29.61,-0.12,11.91,143.84,4.0,0.0,-33.36,1.0,13.76,1.99,2.0,3.15,0.0,32.0,0.62,0.0,2.0,1
3.92,-1.92,1.0,5.92,3.65,3.27,203.54,1.0,29.0,34.0,3.73,-2.56,2.19,67.67,0.27,-0.73,4.73,1.0,5.6,2.46,3.19,2.31,0.0,19.0,0.83,0.0,4.73,1
1.34,0.0,1.0,0.66,0.66,1.01,114.03,1.0,2.0,5.66,12.32,0.68,2.34,133.81,-0.99,1.0,18.71,3.0,4.23,-0.66,0.0,0.82,0.0,52.0,1.0,0.0,0.34,0
-3.2,0.0,1.0,-0.8,-7.99,4.2,63.39,1.0,2.0,0.8,2.4,1.26,2.4,-22.38,3.8,2.6,8.0,1.0,6.09,3.0,0.4,0.31,0.0,10.0,0.88,0.0,1.2,0
0.0,-6.77,1.0,0.0,0.0,5.49,14.41,1.0,2.0,-0.9,0.9,4.17,4.0,-89.75,3.0,1.9,-9.95,1.0,5.6,3.0,2.0,1.38,0.0,10.0,0.88,0.0,0.21,0
1.0,-3.37,1.0,8.0,2.0,13.69,33.04,1.0,-1.69,0.84,5.22,0.95,6.63,66.02,0.16,0.0,-4.75,1.0,9.68,1.16,5.16,2.29,1.0,2.63,1.02,0.0,-1.69,0
4.91,1.64,2.27,0.0,18.0,-0.64,35.19,1.0,0.0,3.19,16.27,-2.94,1.27,49.05,1.64,-0.64,5.19,2.27,2.34,0.0,0.64,1.77,0.0,12.0,1.05,0.0,1.64,0
-1.71,1.0,1.0,-3.39,-2.39,2.03,39.23,1.0,0.0,0.0,4.39,2.66,-2.03,-46.09,2.68,1.36,1.32,1.0,1.03,0.32,-0.71,-0.95,0.0,6.0,0.9,0.0,-0.68,0
2.52,1.57,1.52,0.0,0.52,8.57,321.23,1.0,3.14,10.95,20.39,1.09,2.09,88.39,2.05,1.57,18.93,1.48,3.93,0.52,1.0,1.49,0.0,6.0,0.99,0.0,1.52,1
2.36,0.82,1.82,5.0,5.0,-0.29,-38.04,1.0,-1.64,2.46,-0.64,-0.0,0.54,43.35,1.0,-0.82,-11.32,0.18,1.4,2.82,5.64,2.59,0.0,-31.79,0.96,0.0,1.0,0
2.26,11.91,2.0,-5.94,-0.48,3.32,413.88,1.0,6.0,10.74,18.74,1.77,-3.42,123.11,2.26,3.74,42.1,0.26,-1.64,0.26,-2.71,0.52,-0.74,6.0,0.99,0.0,3.48,1
3.78,0.44,3.0,0.78,0.78,-3.46,-38.28,1.0,-1.56,5.0,0.44,-0.09,2.0,80.9,-0.56,0.0,-2.01,2.0,2.86,1.0,2.0,1.89,0.0,-1.01,0.98,0.0,-0.56,0
16.4,9.63,1.86,4.32,30.22,8.18,244.41,1.0,-1.73,0.86,1.73,5.01,2.59,82.01,-1.73,0.14,-3.45,0.0,0.02,0.14,0.14,0.4,0.0,2.55,0.74,0.0,0.0,0
0.31,0.0,1.0,0.0,0.0,7.85,206.34,1.0,-1.69,9.46,20.46,3.82,-2.54,21.55,1.85,0.85,-16.41,0.31,-2.09,0.85,1.0,-0.27,0.0,-32.96,0.95,0.0,0.15,0
2.0,0.0,1.0,0.58,0.0,7.74,51.61,1.0,-1.16,0.0,4.0,2.99,-1.32,58.06,3.42,0.0,12.36,1.0,3.16,-0.74,0.42,-0.05,0.0,3.68,0.97,0.0,0.84,0
-1.53,2.0,1.0,0.0,0.0,7.0,171.98,1.0,2.0,4.77,14.06,1.91,-0.77,92.15,0.7,0.0,-0.19,1.77,0.38,-0.77,1.0,0.47,0.0,15.0,0.97,0.0,3.0,0
1.76,2.01,1.0,2.75,2.53,3.24,161.26,1.0,21.67,25.4,2.49,0.52,0.51,90.75,1.0,0.0,3.49,1.0,3.86,1.0,1.51,0.98,0.0,15.71,0.8,0.0,3.24,1
10.23,1.56,1.0,0.33,12.79,3.0,66.48,1.0,0.0,0.0,1.0,0.02,6.12,86.7,1.0,0.0,2.56,1.0,3.76,2.0,-0.67,1.58,0.0,10.67,0.88,0.0,1.0,0
0.0,7.42,1.0,0.0,1.0,5.0,106.85,1.0,2.0,0.67,7.35,-1.54,1.0,67.46,4.0,0.0,16.17,1.0,3.05,0.0,2.0,0.8,0.0,177.0,1.06,0.0,1.35,1
2.63,0.0,1.0,5.04,1.26,8.78,94.27,1.0,2.0,2.37,4.59,-0.16,9.3,97.75,1.0,1.0,28.11,2.37,13.29,1.26,3.15,2.13,0.63,52.0,0.97,0.0,-0.26,0
1.68,0.32,1.0,5.45,1.36,28.14,130.27,1.0,0.0,20.0,2.68,-2.88,11.82,84.09,4.68,-0.68,19.36,1.68,22.93,1.68,5.41,3.04,0.68,32.0,0.95,0.0,2.0,1
2.93,1.95,2.95,0.0,0.0,-3.9,-20.9,1.0,0.0,3.9,2.14,-0.56,1.95,50.76,2.0,0.0,0.0,1.0,4.18,0.98,1.98,1.96,0.0,6.0,0.95,0.0,-0.98,0
1.0,3.6,1.0,3.0,-0.87,-2.08,-153.46,1.0,28.13,34.0,-26.51,3.69,0.0,91.0,0.13,0.87,-42.0,0.13,0.64,1.0,1.0,0.64,0.0,19.0,0.72,0.0,2.26,0
8.77,0.77,1.0,2.0,10.77,-2.32,15.38,1.0,1.0,-0.77,-2.1,-0.28,5.0,70.28,1.0,-0.77,5.55,1.0,0.66,0.23,1.77,0.93,0.0,299.0,0.98,0.0,1.0,1
2.0,0.0,1.0,0.0,0.0,5.0,122.0,1.0,2.0,3.0,9.0,0.53,3.0,82.0,1.0,1.0,30.0,3.0,7.31,0.0,0.0,0.93,0.0,52.0,0.98,0.0,1.0,0
3.0,1.76,1.0,0.0,18.0,2.27,47.71,1.0,-0.76,0.0,15.0,0.13,0.0,-3.78,1.0,0.0,0.49,1.0,2.08,0.76,0.0,0.95,0.0,-207.49,0.92,0.0,1.0,0
0.0,4.0,1.0,1.0,0.83,7.31,65.99,1.0,0.83,0.0,-1.65,4.93,0.83,100.0,3.65,1.0,1.65,1.0,-0.68,0.0,1.83,0.06,0.0,147.44,0.95,0.0,-0.83,0
19.89,14.89,2.89,-2.13,35.0,10.56,470.83,1.0,25.84,31.29,4.67,-0.3,7.0,176.08,1.0,0.0,7.56,1.0,9.5,2.89,1.89,2.41,0.0,17.58,0.62,0.0,5.56,1
-7.06,0.0,1.0,-1.76,-7.94,7.41,82.75,1.0,1.88,5.0,10.41,0.86,-3.53,-14.97,6.65,2.0,1.24,1.0,7.92,-0.88,1.88,0.31,0.0,-101.6,0.93,0.0,0.12,0
4.15,0.52,1.0,1.04,5.19,-2.59,28.67,1.0,0.0,0.0,6.96,-2.67,2.59,41.51,2.52,-1.04,0.52,1.52,5.65,0.52,1.0,1.65,0.0,7.56,0.9,0.0,0.52,0
6.51,-0.93,1.0,1.86,9.3,-14.46,-23.63,1.0,0.93,-18.6,5.07,2.71,0.0,32.55,-0.79,2.0,-13.02,1.0,-9.19,1.0,-0.93,0.0,0.0,254.31,1.03,0.0,-0.93,0
1.0,1.43,1.0,8.0,2.0,11.29,116.16,1.0,1.43,2.86,6.72,-3.13,10.0,102.15,3.14,-1.43,7.72,1.71,14.38,1.29,6.0,2.92,1.0,12.43,0.9,0.0,2.14,1
0.8,1.0,1.0,0.4,2.01,0.2,25.6,1.0,0.0,0.0,6.6,0.34,0.4,18.05,1.8,0.0,0.4,1.0,4.26,0.2,1.4,0.96,0.0,6.0,0.93,0.0,0.2,0
1.09,0.0,1.0,0.0,0.0,11.28,170.41,1.0,-0.55,6.56,11.2,6.71,0.0,49.73,-0.55,2.0,5.92,0.55,-0.06,1.0,1.0,-0.11,0.0,6.0,1.02,0.0,0.0,0
1.0,2.32,1.66,-7.25,1.0,5.27,118.59,1.0,0.0,0.66,10.23,1.4,0.0,7.91,2.0,0.66,3.32,1.66,2.74,1.0,2.66,0.67,0.0,6.0,1.0,0.0,0.66,0
0.0,-1.32,1.0,0.0,0.0,1.68,2.34,1.0,1.0,5.0,2.05,-0.21,0.0,68.55,4.0,1.34,4.97,1.0,9.38,0.0,1.0,1.1,0.0,6.0,0.9,0.0,1.66,0
11.58,10.53,1.61,3.05,21.34,8.83,317.25,1.0,2.0,1.56,11.0,1.13,4.27,100.43,1.78,-0.61,9.61,1.0,1.53,0.61,0.39,1.71,0.0,15.0,0.82,0.0,3.61,1
-1.9,0.72,1.0,4.38,-1.62,12.0,33.85,1.0,0.0,0.0,0.28,3.78,7.83,0.71,0.28,0.72,1.28,0.28,11.12,1.28,3.83,0.84,1.0,6.0,0.85,0.0,-0.72,0
0.0,2.27,0.14,9.5,0.0,-5.05,-58.45,1.0,0.27,-3.46,-9.5,0.39,4.0,-63.07,1.27,1.0,0.22,1.0,4.8,3.0,1.14,0.87,0.0,2.22,0.76,0.0,-0.59,0
-1.55,-1.55,-0.55,0.78,1.78,9.45,451.11,1.0,1.0,-0.78,39.43,1.21,-1.55,0.78,1.0,0.0,52.12,0.22,6.25,0.22,0.22,-1.01,0.0,6.0,0.95,0.0,2.0,1
0.0,-0.97,-0.94,10.65,0.0,-0.97,17.22,1.0,0.0,-5.81,1.22,1.41,0.0,-50.37,2.0,0.0,-14.53,0.03,-0.23,-0.97,-0.94,-0.56,0.0,6.0,0.84,0.0,-0.97,0
7.17,0.74,1.0,1.48,7.39,3.04,12.18,1.0,-0.74,-2.22,-1.91,-0.49,3.96,19.22,4.0,-0.74,11.83,0.26,7.08,1.74,1.0,1.71,0.0,3.78,0.9,0.0,1.26,0
-2.69,4.69,1.0,0.0,-16.12,8.9,187.08,1.0,1.79,1.0,0.56,2.45,3.58,12.0,2.79,1.9,7.37,2.0,7.49,2.69,2.79,0.83,0.0,4.21,0.85,0.0,1.9,0
-4.34,-0.79,1.0,-0.79,-7.93,7.59,48.49,1.0,0.0,0.79,6.38,1.36,-2.96,-14.27,4.79,1.59,17.0,1.0,6.08,0.21,1.0,-0.17,0.0,3.62,0.94,0.0,1.21,0
0.0,3.29,0.0,11.0,0.0,-2.47,38.91,1.0,1.64,-4.11,-1.64,1.18,3.29,-41.11,1.0,0.0,4.11,1.0,-0.96,1.64,0.0,1.13,0.0,9.29,0.8,0.0,0.82,0
3.0,4.02,1.0,0.0,18.0,0.0,39.36,1.0,0.76,0.0,8.95,0.21,3.02,0.0,1.76,0.76,8.05,1.0,3.48,2.27,0.76,1.06,0.0,15.02,0.87,0.0,1.76,0
3.87,2.0,1.0,4.84,3.87,5.06,126.74,1.0,0.06,4.0,6.16,0.89,1.94,138.82,0.1,0.0,8.03,1.0,4.72,1.94,2.94,2.03,0.0,-150.52,0.92,0.0,3.97,0
5.34,-1.34,1.0,5.0,5.0,2.33,104.51,1.0,0.0,7.39,7.05,-0.07,3.0,121.09,1.0,-0.67,5.7,1.0,3.74,2.0,4.0,2.56,0.0,6.0,0.98,0.0,1.0,0
-2.03,-0.68,0.32,-0.68,0.0,6.38,60.46,1.0,-0.35,-7.16,-0.08,1.07,-0.68,14.73,4.0,1.32,-1.05,1.68,7.28,-1.35,1.0,0.53,0.0,-1.43,0.99,0.0,-0.35,0
2.99,0.99,1.0,0.0,0.99,3.03,32.29,1.0,-0.99,-4.94,-0.94,0.95,1.0,-59.32,2.02,-1.98,16.01,1.0,0.43,1.99,1.99,0.57,0.0,6.0,0.93,0.0,1.01,0
4.21,4.0,1.0,1.05,5.26,-3.21,41.96,1.0,2.53,0.0,-1.05,-2.63,6.63,44.68,3.53,-0.05,9.58,1.53,7.86,3.0,2.0,2.08,0.0,164.03,0.82,0.0,2.53,1
-13.09,-10.85,0.15,-4.23,-11.63,-0.85,-159.56,1.0,0.0,0.0,20.08,1.07,-5.93,-59.26,1.0,0.0,2.85,1.85,-1.5,-1.69,0.0,-0.48,0.0,12.0,1.19,0.0,1.0,0
1.0,-0.78,0.22,8.0,2.0,15.89,70.46,1.0,0.0,-4.67,0.22,2.43,10.0,9.53,1.78,1.56,-9.67,0.22,11.48,2.0,4.44,1.49,1.0,6.0,0.92,0.0,-0.78,0
0.0,12.0,1.0,0.84,0.0,7.19,108.59,1.0,0.0,1.84,-1.35,2.5,0.0,151.94,0.0,2.68,22.68,0.0,1.67,1.84,1.0,-0.03,0.0,6.0,0.94,0.0,2.0,0
3.54,-5.49,2.0,1.0,0.54,2.08,54.54,1.0,2.0,18.46,19.16,-0.28,1.54,37.95,3.16,0.46,0.19,1.54,3.89,1.46,1.0,0.96,0.0,94.83,0.88,0.0,2.92,1
0.0,3.0,1.0,0.0,0.0,4.0,35.0,1.0,0.0,0.0,0.0,4.38,0.0,0.0,0.0,1.0,3.0,0.0,3.67,1.0,1.0,0.0,0.0,6.0,0.89,0.0,0.0,0
0.6,-0.6,1.0,4.78,1.19,11.38,98.75,1.0,0.0,1.0,8.6,-1.67,5.97,54.87,1.6,-0.6,6.19,2.6,10.67,0.6,3.99,2.09,0.6,6.0,1.01,0.0,2.0,0
6.57,1.0,1.0,1.39,7.96,-0.7,20.13,1.0,0.0,0.0,-3.87,0.61,3.48,59.17,1.3,0.0,4.78,1.0,0.43,1.7,2.0,1.02,0.0,209.97,0.94,0.0,0.0,0
7.0,-7.63,1.69,11.0,3.0,2.61,92.59,1.0,0.0,3.47,7.47,-0.61,1.0,54.69,2.69,-0.69,0.84,2.39,6.27,2.0,1.69,3.21,0.0,6.0,0.92,0.0,0.31,0
2.0,0.82,1.82,0.0,-0.82,3.73,228.61,1.0,-1.63,16.9,23.82,1.27,-0.82,133.45,-1.45,0.0,19.61,2.82,4.19,0.82,1.0,0.93,0.0,-133.6,0.96,0.0,1.82,0
2.29,1.0,1.0,0.0,18.0,-2.86,-31.46,1.0,-0.71,-1.43,12.14,0.03,-0.71,-25.01,1.71,0.0,-4.43,0.29,0.82,0.71,0.0,0.99,0.0,7.71,0.96,0.0,-0.43,0
1.0,-1.19,1.0,1.0,1.0,-2.37,-32.21,1.0,0.0,6.37,1.89,-0.21,0.0,100.52,2.19,0.0,0.59,0.41,6.27,0.59,1.59,0.52,0.0,6.0,0.91,0.0,1.0,0
0.0,0.0,1.0,0.0,0.0,3.33,21.29,1.0,1.34,7.01,-0.01,-0.04,0.0,90.89,4.34,0.33,7.69,0.33,9.38,1.0,2.0,0.32,0.0,12.03,0.88,0.0,2.34,1
7.77,0.97,1.0,0.97,9.71,4.06,72.65,1.0,0.0,-0.97,3.09,2.04,4.85,17.47,1.03,0.06,0.0,1.0,3.59,1.97,0.0,1.13,0.0,8.91,0.92,0.0,0.97,0
7.75,1.0,2.0,0.97,9.69,-3.84,9.56,1.0,0.97,5.03,4.09,-0.77,4.84,74.28,0.03,-1.94,16.94,2.0,3.9,1.0,2.0,1.95,0.0,289.88,1.01,0.0,1.97,1
8.0,0.92,1.92,2.0,9.08,-3.67,-5.99,1.0,-0.83,5.5,1.92,-0.32,4.08,132.66,-1.75,0.0,15.91,1.92,4.63,1.92,1.0,1.79,0.0,142.29,0.95,0.0,1.92,0
10.94,0.0,1.0,8.05,7.92,1.05,124.21,1.0,0.98,0.0,4.0,0.42,2.97,104.73,2.0,0.0,7.95,1.0,3.52,1.02,-1.95,1.37,0.0,294.27,0.9,0.0,1.0,1
4.0,0.0,1.0,5.0,5.0,3.86,211.78,1.0,0.0,10.31,17.32,1.26,2.14,146.16,-1.58,0.0,-5.87,1.86,-0.69,1.14,4.0,2.09,0.0,6.0,1.03,0.0,0.14,0
-14.04,-10.14,0.22,-0.56,-27.3,2.66,-33.78,1.0,22.62,26.74,4.78,1.48,-5.46,58.88,2.0,2.0,2.0,1.0,0.8,0.22,1.0,-0.27,0.0,16.14,1.0,0.0,1.56,0
0.0,1.48,1.0,0.0,0.0,6.69,121.87,1.0,-0.74,-1.95,10.9,2.67,0.0,-16.4,-0.21,0.26,-0.74,1.74,-1.41,2.0,1.0,0.63,0.0,6.0,0.97,0.0,0.0,0
2.0,3.28,1.0,0.0,-0.82,1.72,113.81,1.0,2.0,3.0,4.09,0.32,5.46,82.0,0.18,1.82,34.91,3.0,11.88,2.46,0.0,1.4,0.0,-84.79,0.84,0.0,2.64,0
-1.71,0.57,0.43,0.57,-0.57,2.57,-104.49,1.0,-3.43,-4.71,-2.28,3.66,-2.28,33.0,0.43,-1.14,-10.99,2.0,0.74,-0.57,1.0,-0.76,0.0,6.0,0.91,0.0,0.86,0
2.0,0.0,1.76,-8.32,0.0,6.76,68.58,1.0,0.76,0.0,10.05,-0.11,1.0,0.0,4.76,0.0,17.0,1.0,9.69,1.0,1.76,1.3,0.0,6.0,0.99,0.0,2.76,1
3.75,-6.95,3.0,0.0,0.0,4.98,62.88,1.0,0.75,6.49,7.22,0.08,2.75,42.7,1.75,0.0,-3.95,3.49,3.75,1.0,2.0,2.29,0.0,10.47,0.98,0.0,1.0,0
20.85,15.23,3.23,5.0,35.0,6.38,300.44,1.0,-0.62,1.0,-0.47,0.21,8.23,105.5,-0.85,-1.23,5.23,1.62,3.29,2.62,1.62,2.52,0.0,6.0,0.73,0.0,2.0,1
0.0,1.0,1.0,0.0,0.0,1.74,22.21,1.0,0.63,-0.63,1.89,4.61,0.0,-12.0,0.0,0.37,0.0,0.0,1.24,-0.26,1.0,-0.25,0.0,6.0,0.87,0.0,0.63,0
3.4,-2.4,1.0,0.0,1.0,6.2,70.02,1.0,0.0,0.0,6.0,0.83,2.8,-6.01,4.0,0.0,1.0,1.0,0.93,0.6,-0.2,-0.1,0.0,151.8,1.03,0.0,0.0,0
2.76,0.0,1.0,0.0,0.0,7.0,363.14,1.0,-0.76,18.81,33.59,1.83,-0.76,118.99,1.0,-0.76,9.0,2.0,0.69,-0.76,1.0,0.5,0.0,1.46,1.02,0.0,0.24,0
4.3,-1.72,-0.72,1.72,8.6,4.28,75.11,1.0,0.86,-3.3,7.14,1.15,2.58,31.88,1.0,0.0,4.14,1.14,2.27,0.0,0.14,0.12,0.0,257.84,0.96,0.0,2.0,1
5.32,1.32,2.32,4.34,4.34,4.32,37.36,1.0,0.0,0.66,-3.61,-0.01,4.32,67.34,1.0,0.0,4.29,1.66,4.41,2.66,4.66,3.15,0.0,6.0,0.99,0.0,1.0,0
-4.28,1.0,1.0,-4.54,-2.26,4.75,135.62,1.0,29.0,34.75,3.0,1.11,-0.75,71.39,1.0,1.51,1.74,1.0,1.94,0.25,1.0,-0.6,0.0,19.0,0.81,0.0,3.25,0
0.0,0.0,1.0,0.0,1.0,11.63,574.8,1.0,1.0,7.61,46.05,1.61,-0.63,57.7,-0.9,0.0,50.93,1.63,4.03,0.37,1.0,-0.15,0.0,6.0,1.0,0.0,1.37,0
-0.96,-0.96,-0.96,3.0,0.98,6.94,217.75,1.0,29.0,29.1,6.92,1.15,-0.98,15.48,3.94,0.0,0.08,0.02,1.6,0.02,0.02,-1.21,0.0,160.24,0.81,0.0,3.02,1
-1.52,3.04,1.0,0.76,1.0,10.24,387.18,1.0,-0.52,-2.28,27.16,4.03,-2.28,13.68,1.76,0.0,33.19,-0.52,2.4,1.0,1.76,-0.71,0.0,-28.97,0.91,0.0,1.24,0
1.14,0.0,1.0,0.0,0.0,5.27,174.83,1.0,1.0,11.25,16.22,0.57,0.0,100.9,3.43,1.43,8.11,1.57,7.26,-1.14,1.0,0.43,0.0,6.0,0.95,0.0,1.57,0
0.65,0.65,1.65,-7.12,0.0,17.23,103.39,1.0,0.0,13.94,6.29,0.86,3.23,51.34,3.94,1.0,11.64,1.0,12.94,2.65,2.29,1.99,0.0,22.82,0.94,0.0,1.29,1
3.68,3.0,2.0,0.0,1.68,6.58,379.68,1.0,6.0,12.05,21.42,0.29,4.0,96.93,2.32,1.63,26.63,1.0,5.46,0.32,1.0,2.32,0.0,6.0,1.0,0.0,2.68,1
10.99,1.0,3.0,2.0,10.0,-1.99,-49.74,1.0,-2.0,1.0,-7.98,-0.87,7.0,83.99,-1.0,0.0,-1.99,2.0,4.19,3.0,2.0,3.13,0.0,0.02,0.94,0.0,-1.0,0
1.86,1.0,1.0,0.0,0.0,21.14,65.46,1.0,-0.86,17.42,-2.31,-0.32,5.0,3.49,6.58,-0.86,24.89,0.14,17.74,1.0,2.0,1.52,0.0,26.83,0.86,0.0,2.0,1
5.06,-3.67,1.0,1.27,2.65,2.94,36.55,1.0,1.0,0.73,3.2,0.89,3.53,64.43,1.73,1.47,4.0,1.0,0.86,1.0,-0.47,0.35,0.0,299.0,1.03,0.0,0.27,0
-0.87,-0.62,0.38,-0.62,0.0,8.87,91.54,1.0,-0.25,-5.74,-0.36,1.68,0.38,27.78,2.25,1.0,4.01,2.0,5.68,0.38,1.62,-0.06,0.0,5.13,0.99,0.0,0.13,0
0.0,0.0,1.0,0.0,0.0,0.0,24.0,1.0,0.0,0.0,8.0,0.39,0.0,0.0,2.0,0.0,0.0,1.0,4.25,0.0,1.0,0.7,0.0,6.0,0.94,0.0,0.0,0
2.07,2.0,3.0,0.0,-0.93,0.14,38.28,1.0,0.93,9.65,2.0,-0.11,1.07,132.77,1.0,1.86,6.86,2.0,9.8,1.0,2.0,2.61,0.0,-127.85,0.89,0.0,1.93,0
3.0,2.72,2.0,1.0,-0.86,2.72,148.08,1.0,2.0,22.45,21.31,0.8,0.14,154.88,0.14,1.0,17.03,1.0,5.8,2.0,0.14,0.78,0.0,-122.54,0.8,0.0,6.58,1
0.0,0.0,1.0,0.0,0.0,8.0,48.0,1.0,0.0,0.0,3.0,6.0,0.0,0.0,0.0,2.0,1.0,0.0,1.0,1.0,1.0,0.0,0.0,6.0,1.0,0.0,0.0,0
-1.99,-1.33,-0.33,0.0,1.0,13.66,478.59,1.0,1.0,-2.66,37.99,1.52,-1.33,-34.57,1.0,0.0,56.0,1.0,7.25,0.34,0.34,-0.86,0.0,6.0,0.95,0.0,2.66,1
0.0,1.11,1.0,0.0,0.0,6.55,65.99,1.0,0.0,0.0,6.0,2.6,0.0,0.0,2.0,2.0,1.66,1.0,4.15,1.0,0.0,0.0,0.0,6.0,0.96,0.0,0.0,0
0.0,1.11,1.0,1.0,0.0,7.21,118.01,1.0,0.0,-1.21,10.64,2.06,0.0,40.98,0.89,2.0,1.45,1.55,-1.05,0.45,0.45,0.72,0.0,6.0,0.98,0.0,0.0,0
2.0,0.0,1.77,-8.5,0.77,9.86,91.21,1.0,1.54,0.0,8.63,0.12,1.77,0.0,6.32,0.0,18.54,1.0,8.19,1.0,2.54,1.37,0.0,138.08,1.03,0.0,2.0,1
2.35,3.58,2.0,1.0,-0.65,-1.58,72.71,1.0,3.29,19.0,13.13,0.01,2.94,92.0,0.35,1.65,15.52,1.0,8.68,3.94,1.65,1.85,0.0,-73.3,0.73,0.0,5.29,1
-1.13,-0.56,1.0,0.0,-10.17,11.95,101.1,1.0,0.56,1.69,-0.39,6.76,0.56,30.51,0.0,2.56,4.95,0.56,2.45,1.56,1.56,-0.02,0.0,6.0,0.99,0.0,0.56,0
0.0,0.0,0.01,10.85,0.0,3.0,47.06,1.0,1.0,5.0,-1.89,1.22,0.0,60.0,3.01,2.0,3.0,1.0,3.95,0.0,0.01,0.09,0.0,6.0,0.84,0.0,1.0,0
2.49,1.98,0.98,0.0,1.0,12.54,488.67,1.0,6.0,13.55,28.66,1.24,2.98,93.11,3.0,3.0,30.03,1.0,5.03,0.49,0.49,1.68,0.0,6.0,1.0,0.0,2.0,1
19.0,14.84,1.16,5.0,35.0,12.07,409.07,1.0,1.69,-0.69,5.38,1.18,7.0,112.74,2.69,0.0,-1.07,0.16,4.77,1.16,0.16,1.24,0.0,13.6,0.68,0.0,3.69,1
-2.81,0.46,1.0,3.27,-4.36,26.9,110.92,1.0,0.0,20.0,2.0,0.57,7.72,33.66,4.0,0.0,18.0,1.0,19.82,1.0,4.72,1.7,0.54,30.37,0.9,0.0,1.46,1
-0.52,-0.52,1.0,0.0,0.0,-5.82,-10.31,1.0,0.0,-4.82,3.55,0.96,-2.58,33.98,1.97,1.52,-6.3,1.0,2.63,1.52,1.48,-0.11,0.0,-7.44,0.93,0.0,-0.03,0
19.0,11.92,2.0,5.0,35.0,7.0,302.54,1.0,0.0,4.46,3.38,-2.43,7.0,129.62,3.08,0.0,4.0,1.69,9.55,2.0,1.69,1.84,0.0,6.0,0.71,0.0,2.69,1
1.0,2.64,1.0,3.0,0.0,2.9,219.79,1.0,30.1,34.0,3.0,-1.95,2.19,91.0,2.64,0.0,8.38,1.55,7.17,2.1,1.55,1.39,0.0,21.19,0.77,0.0,5.1,1
16.27,16.73,2.0,5.91,18.62,10.64,321.47,1.0,0.0,1.0,-11.65,4.33,7.0,186.02,1.91,0.91,2.18,1.0,6.39,2.0,1.91,1.32,0.0,0.54,0.65,0.0,1.09,1
0.84,4.84,1.0,3.53,0.0,7.38,194.86,1.0,24.49,28.71,-4.22,4.89,0.0,176.85,1.16,1.0,3.38,1.0,0.54,0.84,1.0,-0.05,0.0,16.98,0.78,0.0,3.38,1
0.51,-0.51,1.0,0.0,-0.51,9.57,179.69,1.0,0.0,6.11,17.21,3.51,0.0,46.35,1.49,2.0,3.57,1.51,2.75,0.49,-0.51,-0.04,0.0,6.0,0.97,0.0,0.51,0
1.57,0.0,1.0,0.0,-0.78,-4.71,-231.67,1.0,0.78,2.35,-11.61,0.12,2.35,64.31,2.0,0.78,-20.39,2.57,4.33,-0.78,0.22,1.43,0.0,42.08,0.95,0.0,-0.78,0
6.33,0.0,1.0,1.58,7.12,4.04,19.51,1.0,-0.79,0.0,-0.96,5.56,3.17,67.28,-2.37,2.0,2.58,0.0,1.2,1.79,0.21,0.42,0.0,102.56,0.98,0.0,0.79,0
1.68,-0.36,-0.36,3.39,3.39,22.68,116.64,1.0,0.0,16.61,1.32,0.47,5.68,43.9,4.0,0.0,15.29,0.32,14.87,1.68,3.36,1.6,0.0,32.0,0.89,0.0,2.0,1
1.08,0.0,1.0,0.0,-0.92,6.08,235.06,1.0,0.0,16.59,19.33,1.41,-0.92,136.89,0.08,0.92,10.84,2.0,8.46,0.92,1.92,0.52,0.0,-126.15,0.9,0.0,1.92,0
2.86,1.72,0.14,1.72,7.74,-1.74,-240.54,1.0,-5.16,-8.6,-10.63,0.19,-0.72,3.44,2.28,-2.58,-5.37,1.0,5.51,1.0,2.72,0.43,0.0,6.0,0.82,0.0,1.14,0
4.0,1.78,1.0,5.0,4.11,-0.56,-226.14,1.0,0.89,3.56,-19.47,0.66,3.0,132.98,2.78,0.0,-40.84,1.0,-0.2,1.11,4.0,2.81,0.0,14.01,0.96,0.0,1.89,0
-2.64,-3.55,1.0,-1.82,-8.18,25.64,146.19,1.0,1.82,20.0,6.55,1.04,4.09,-31.85,6.73,0.0,18.0,1.0,12.43,0.09,1.09,0.24,0.0,187.51,1.0,0.0,1.09,1
-0.55,-0.55,1.0,0.0,-0.55,5.18,53.73,1.0,1.0,7.73,6.55,0.24,0.0,87.25,4.55,2.55,3.55,1.0,11.87,0.0,1.0,0.45,0.0,6.0,0.9,0.0,1.55,1
8.0,0.0,0.35,8.5,10.0,-3.25,10.75,1.0,1.0,-0.65,-1.6,0.22,5.0,44.7,0.35,-1.3,2.7,1.0,0.21,0.35,0.35,0.9,0.0,299.0,0.93,0.0,1.0,1
2.75,-2.99,1.0,0.0,0.75,3.01,60.99,1.0,0.0,2.99,10.73,-2.37,1.0,-16.44,3.25,-0.75,17.0,1.0,7.73,1.0,1.0,1.19,0.0,6.0,0.95,0.0,2.75,1
1.73,1.73,2.73,0.0,0.0,-0.32,-36.59,1.0,-0.86,6.73,-4.05,-0.47,0.86,69.89,3.0,0.14,-0.46,1.0,8.56,1.0,2.86,1.17,0.0,0.81,0.92,0.0,0.14,0
7.39,0.0,1.0,2.0,9.39,-1.22,24.55,1.0,1.61,3.06,1.0,-0.14,4.39,121.73,1.0,1.22,5.22,1.0,6.2,1.0,1.0,1.81,0.0,210.84,0.93,0.0,1.61,1
4.04,3.0,0.5,1.01,5.05,5.01,50.14,1.0,0.0,-3.03,-3.03,4.33,2.52,14.13,0.0,1.0,-3.56,-0.5,3.2,1.5,0.5,0.27,0.0,7.51,0.87,0.0,0.0,0
0.36,0.0,1.0,8.0,2.0,12.64,83.09,1.0,0.64,1.92,4.2,0.83,10.0,84.6,-0.92,0.64,-3.13,1.64,10.78,2.0,6.0,2.36,1.0,9.84,0.96,0.0,0.0,0
0.0,4.0,1.56,-6.13,0.0,3.23,58.57,1.0,2.0,2.79,1.11,0.05,4.0,27.86,4.11,1.56,9.67,1.0,12.07,3.56,3.11,1.38,0.0,10.0,0.85,0.0,2.56,1
1.4,3.0,2.0,0.0,1.0,10.0,403.06,1.0,6.0,10.8,21.21,1.17,3.2,106.05,0.59,3.0,18.38,1.8,3.16,0.2,1.0,2.25,0.0,6.0,1.02,0.0,2.0,1
19.0,4.96,2.0,5.0,35.0,10.77,273.59,1.0,0.0,0.25,2.75,3.35,7.0,19.63,1.0,0.75,-11.07,1.0,4.75,2.0,1.0,1.84,0.0,6.0,0.75,0.0,0.49,0
-5.38,11.33,1.0,-1.34,-6.72,5.02,93.69,1.0,0.0,1.0,5.36,3.84,-3.36,46.24,0.67,2.34,19.66,0.0,2.23,0.33,0.33,-1.23,0.0,3.98,0.95,0.0,1.33,0
16.17,10.46,2.0,3.58,27.92,7.0,307.42,1.0,0.71,1.0,6.96,0.41,5.58,31.26,1.71,0.0,2.58,1.0,5.83,1.29,-0.42,0.94,0.0,6.0,0.76,0.0,2.0,1
-1.3,6.6,1.0,1.65,0.0,3.35,-9.94,1.0,-1.3,-1.95,-5.84,7.36,-1.95,111.69,2.65,1.0,-19.48,-0.3,-3.1,0.0,1.65,-0.61,0.0,-23.87,0.87,0.0,-0.65,0
0.54,2.91,-0.09,3.71,2.71,4.54,40.91,1.0,0.0,-2.71,-0.54,4.63,0.54,95.11,2.0,1.0,-2.17,0.46,1.09,0.54,2.09,0.22,0.0,6.0,0.92,0.0,0.0,0
-0.2,-0.73,1.0,0.0,-12.44,13.05,431.59,1.0,2.73,3.0,22.91,1.06,3.0,82.0,1.0,1.0,69.52,3.0,12.0,0.73,0.73,0.52,0.0,47.61,0.98,0.0,1.73,1
1.0,2.25,1.0,0.0,0.38,-1.87,-153.74,1.0,-0.62,0.62,-11.5,1.6,0.0,7.5,2.0,0.62,-31.75,1.62,-1.82,0.38,2.0,0.67,0.0,6.0,0.93,0.0,-0.62,0
-1.02,0.0,1.0,0.0,0.0,-1.02,-12.32,1.0,-0.51,1.02,6.47,0.31,-1.53,-11.25,3.53,0.51,-13.81,-0.02,4.68,0.0,1.51,0.62,0.0,-17.53,0.9,0.0,0.0,0
1.0,0.0,1.0,1.0,1.0,-3.85,25.19,1.0,0.77,4.0,10.54,-1.28,0.0,78.0,1.0,-1.54,0.0,1.0,3.06,-0.77,1.77,1.14,0.0,6.0,0.97,0.0,1.77,0
2.0,0.0,1.0,-5.79,-1.45,3.38,312.27,1.0,0.72,14.17,28.79,2.63,-6.51,93.89,1.0,0.72,14.07,2.72,-5.13,-0.72,-2.62,-0.9,-0.72,10.34,0.99,0.0,2.45,0
2.17,2.17,0.72,11.0,0.72,1.44,259.09,1.0,4.33,7.22,10.83,-2.69,2.89,62.12,3.17,0.72,19.5,1.72,3.49,0.0,0.0,1.72,0.0,6.0,0.86,0.0,1.44,1
1.78,1.0,1.0,3.0,-0.78,0.9,-50.11,1.0,29.0,36.33,-16.39,1.14,0.78,132.87,1.0,0.78,-32.44,1.78,0.73,1.0,1.0,1.06,0.0,23.65,0.77,0.0,4.0,0
0.37,0.82,1.0,0.0,0.0,2.74,-131.3,1.0,0.0,-9.79,-14.77,3.4,1.0,-74.25,3.18,0.82,9.66,-0.63,6.15,1.82,1.0,0.33,0.0,6.0,0.81,0.0,1.18,0
-4.33,-0.79,1.0,-1.58,-7.92,7.0,253.25,1.0,0.79,15.96,26.96,1.9,-3.96,75.16,3.38,1.58,9.79,2.0,5.36,-1.58,1.0,-0.32,0.0,3.62,0.99,0.0,1.0,0
-1.75,0.0,1.0,0.0,1.88,4.12,67.38,1.0,3.75,0.0,7.75,0.86,1.0,0.0,4.0,0.0,-11.15,1.0,-2.71,-0.88,2.88,0.84,0.0,326.95,1.07,0.0,-1.75,0
14.73,9.8,0.27,3.66,43.65,3.66,218.5,1.0,0.0,-2.93,15.0,0.08,3.66,13.19,1.0,0.0,1.27,0.27,2.82,0.73,-0.73,0.53,0.0,12.0,0.77,0.0,1.73,0
2.0,1.83,1.0,-0.92,0.0,7.83,153.39,1.0,1.83,2.75,10.42,0.7,1.0,10.09,4.92,-1.83,23.42,1.0,7.0,0.08,1.0,0.68,0.0,14.26,0.93,0.0,4.75,1
-6.48,10.29,1.0,-1.87,-9.35,7.0,150.8,1.0,1.0,3.94,9.94,3.15,-3.68,72.7,0.06,1.94,26.77,1.06,2.64,0.06,1.0,-1.18,0.0,9.19,0.97,0.0,2.94,0
0.87,0.0,1.0,0.87,0.0,-1.54,-300.48,1.0,-0.87,3.47,-18.67,5.9,0.0,67.62,0.0,2.0,-47.54,0.0,-3.33,0.13,1.0,0.51,0.0,6.0,0.99,0.0,-0.87,0
2.69,0.0,1.0,3.36,3.36,6.0,80.6,1.0,-0.67,-2.36,4.64,1.24,2.02,30.38,-1.02,-1.34,3.66,2.0,0.45,1.34,3.02,1.61,0.0,6.0,1.0,0.0,2.0,0
3.08,0.92,1.0,0.0,0.0,2.54,72.23,1.0,2.0,0.0,0.0,0.43,6.31,-7.69,3.0,1.0,8.0,1.0,6.87,3.77,0.46,1.25,0.0,12.31,0.86,0.0,2.0,0
0.0,0.54,1.0,0.0,1.0,8.31,431.85,1.0,1.0,0.0,31.31,0.84,-0.54,0.0,-0.08,0.0,56.54,1.0,7.41,1.54,1.54,0.32,0.0,-71.54,0.92,0.0,2.0,1
2.81,0.0,1.0,6.44,0.81,6.81,-267.23,1.0,-0.81,0.0,-22.57,0.0,9.05,40.25,4.0,0.0,-26.47,1.0,11.5,1.81,5.03,2.76,0.81,6.0,0.91,0.0,0.39,0
1.0,-1.82,1.91,0.0,0.0,4.27,111.72,1.0,1.0,8.46,15.37,-2.29,1.0,101.32,1.91,0.09,19.92,3.82,4.24,1.0,1.91,1.72,0.0,12.0,1.02,0.0,2.91,1
-6.57,1.89,1.0,6.11,-7.46,19.57,171.75,1.0,-0.95,0.95,13.3,2.14,5.27,-19.08,1.0,0.95,0.11,1.95,12.65,1.05,6.0,1.34,1.0,-271.26,0.94,0.0,0.0,0
0.0,1.29,1.0,0.0,0.0,9.23,166.84,1.0,0.0,1.0,13.82,1.87,0.0,20.48,0.35,0.0,6.29,2.65,2.35,-1.29,1.0,-0.06,0.0,6.0,0.99,0.0,2.65,0
2.21,11.26,1.0,0.0,13.27,-2.9,-9.98,1.0,0.0,0.26,2.74,0.36,0.0,91.15,0.0,0.26,21.0,-0.74,2.31,1.0,0.26,0.34,0.0,10.42,0.93,0.0,2.0,0
-2.37,1.21,0.21,-0.79,0.79,15.9,457.64,1.0,-0.79,-14.02,27.44,2.67,-0.79,-60.72,1.0,0.21,37.57,2.0,3.54,-0.79,1.0,-0.65,0.0,-2.7,1.07,0.0,-0.58,0
1.64,0.0,1.0,0.0,-0.64,8.27,154.62,1.0,0.36,4.91,10.91,2.02,1.0,88.35,-0.91,1.64,13.45,2.64,4.39,1.64,0.36,0.37,0.0,-92.95,0.92,0.0,3.27,0
0.0,0.0,1.0,0.0,0.0,4.87,94.15,1.0,0.0,-2.73,10.6,2.05,0.0,-4.34,0.13,0.07,1.87,1.93,-1.27,1.07,0.07,1.69,0.0,6.0,0.97,0.0,0.93,0
19.0,22.79,2.0,5.0,35.0,3.49,255.03,1.0,-1.76,-1.64,-5.91,0.7,7.0,118.73,-1.64,0.88,14.54,0.12,6.2,2.88,1.0,1.32,0.0,-1.91,0.69,0.0,1.12,0
3.0,2.13,1.44,1.0,0.0,2.69,78.51,1.0,2.0,15.62,13.06,2.63,1.0,62.7,0.44,1.56,4.24,-0.13,4.24,2.0,0.44,0.23,0.0,17.0,0.8,0.0,3.44,1
7.49,1.0,1.0,3.93,8.34,4.0,187.39,1.0,29.93,30.29,-4.41,0.08,4.63,97.49,1.0,0.0,7.71,1.0,3.52,1.93,1.0,1.33,0.0,290.54,0.81,0.0,4.0,1
-0.65,2.6,1.0,0.65,0.0,2.05,-20.1,1.0,-0.65,3.05,-3.86,2.6,-0.65,79.93,3.65,1.0,-2.86,0.35,6.96,0.35,2.0,-0.35,0.0,2.1,0.88,0.0,-0.3,0
0.13,0.0,1.0,0.2,1.04,4.98,64.35,1.0,1.96,0.0,5.96,0.71,1.0,1.61,3.96,0.0,2.05,1.0,1.81,0.04,1.98,0.83,0.0,173.87,1.0,0.0,0.02,0
6.27,0.73,1.0,11.0,3.73,-1.14,-34.06,1.0,0.0,-8.81,-12.15,-0.13,1.0,21.19,2.73,0.0,-0.14,0.27,4.96,2.73,1.73,2.37,0.0,6.0,0.85,0.0,0.27,0
3.99,0.0,1.0,0.0,0.0,6.0,291.88,1.0,1.99,13.99,24.0,0.91,2.99,147.81,1.0,1.0,33.92,3.0,5.63,0.0,0.0,0.85,0.0,51.84,1.01,0.0,0.0,0
1.0,-0.51,1.0,0.0,0.0,16.72,21.41,1.0,0.75,19.25,-2.53,-0.84,5.0,40.94,4.75,-0.75,16.49,0.25,16.37,1.0,2.0,1.8,0.0,32.0,0.87,0.0,2.0,1
3.0,2.47,2.0,1.0,0.0,3.93,153.95,1.0,3.47,21.2,21.4,0.26,1.0,131.61,1.73,0.27,17.6,1.0,4.44,0.53,1.0,0.57,0.0,23.6,0.86,0.0,6.2,1
8.0,1.0,1.0,2.0,10.0,3.67,42.83,1.0,-0.67,0.0,-1.7,0.22,5.0,73.25,0.33,-0.67,2.0,1.0,3.94,2.67,1.67,1.31,0.0,9.0,0.91,0.0,1.0,0
-1.92,12.0,1.0,0.0,0.0,3.0,93.87,1.0,0.0,1.0,3.92,4.26,-0.96,100.0,-1.92,2.92,4.71,0.0,-1.06,1.0,0.04,-0.72,0.0,6.0,0.95,0.0,0.08,0
-2.3,8.68,-0.54,0.0,0.0,3.77,63.63,1.0,0.0,-3.07,0.0,6.37,-1.54,17.66,-0.77,1.77,12.29,-1.54,0.62,1.0,0.23,-1.45,0.0,6.0,0.82,0.0,0.77,0
3.02,0.0,1.0,12.85,6.96,8.89,26.26,1.0,0.0,0.0,-1.94,-0.05,11.83,117.07,-1.94,0.0,-13.72,1.0,9.65,2.98,8.91,4.0,0.98,6.0,0.99,0.0,-0.96,0
-1.8,0.2,0.4,0.0,-0.6,3.81,-40.84,1.0,-3.59,-4.39,6.22,2.66,-2.39,-28.09,0.4,-0.2,-14.75,2.0,0.17,0.6,1.0,-0.64,0.0,6.0,0.94,0.0,-0.2,0
-3.7,-0.59,1.0,-0.18,-4.88,0.0,42.47,1.0,0.59,6.94,11.94,0.92,-2.94,66.24,2.76,1.18,0.59,1.0,4.81,-1.18,1.0,-0.04,0.0,4.24,0.95,0.0,1.0,0
2.48,1.48,3.0,0.0,-0.52,3.55,49.75,1.0,0.0,5.52,4.07,0.62,2.0,86.82,1.0,0.52,3.97,2.0,4.32,1.52,1.48,2.16,0.0,6.0,0.97,0.0,1.0,0
2.44,-1.88,1.0,-0.72,0.0,22.72,175.58,1.0,1.44,22.16,8.48,-2.46,7.16,37.04,3.28,0.0,39.59,2.44,19.29,1.0,1.28,2.01,0.0,65.11,0.93,0.0,2.72,1
0.82,1.18,1.0,0.0,0.0,6.59,1.54,1.0,0.0,-6.47,-1.29,0.83,1.0,-46.46,4.0,0.59,12.88,1.0,6.71,1.0,1.0,0.51,0.0,6.0,0.92,0.0,2.0,0
1.55,-9.33,1.0,0.0,0.0,7.55,112.1,1.0,1.55,2.55,13.44,0.28,2.33,11.01,1.78,0.0,12.0,4.33,6.9,-0.78,0.22,1.33,0.0,41.76,0.99,0.0,1.22,0
-0.53,1.0,1.0,0.0,0.0,22.0,120.29,1.0,0.0,20.0,3.53,2.44,4.24,50.0,2.47,1.53,5.02,1.0,11.57,1.0,1.24,0.76,0.0,32.0,0.9,0.0,0.47,0
0.65,-2.6,1.0,0.0,0.0,7.9,72.88,1.0,-0.65,6.95,7.85,1.23,-1.95,85.09,1.7,1.0,3.65,1.65,5.92,-0.3,1.35,-0.54,0.0,7.3,0.98,0.0,1.0,0
-3.74,3.89,2.0,-9.6,-2.89,1.0,-24.27,1.0,2.0,19.0,13.15,3.97,0.04,7.22,-0.93,1.96,9.07,0.04,3.41,1.04,1.0,-1.26,0.0,17.0,0.84,0.0,3.04,0
1.71,-1.12,0.29,6.54,2.83,-0.95,-34.84,1.0,24.76,26.93,-9.03,0.45,-0.71,78.27,-0.41,-2.12,-15.1,1.0,2.13,1.71,3.12,0.58,0.0,19.0,0.77,0.0,3.29,0
0.02,0.98,1.0,8.0,2.0,26.69,-93.07,1.0,0.0,7.83,-19.56,-0.94,14.9,9.86,3.94,0.0,10.81,0.02,25.64,2.98,6.98,3.3,1.0,31.46,0.84,0.0,0.98,1
19.0,14.0,2.0,5.0,35.0,7.0,306.0,1.0,0.0,1.0,2.0,0.23,7.0,95.0,1.0,0.0,4.0,1.0,6.2,2.0,1.0,1.84,0.0,6.0,0.7,0.0,2.0,1
1.92,2.64,1.0,0.0,11.52,7.0,149.64,1.0,2.0,4.0,15.48,1.17,0.0,73.0,2.36,0.0,10.28,1.0,0.72,0.0,0.36,0.51,0.0,18.84,0.96,0.0,3.64,1
4.0,0.0,1.0,6.8,5.0,-7.79,92.15,1.0,17.38,8.39,1.6,0.35,0.0,92.58,-0.8,0.0,-7.39,1.0,-3.02,2.0,3.4,1.87,0.0,-1.79,0.91,0.0,2.2,0
1.0,-6.5,1.0,3.0,0.0,5.88,203.12,1.0,29.0,34.0,6.75,0.31,0.0,44.11,1.63,-0.63,-6.0,2.25,4.06,0.37,1.0,1.01,0.0,19.0,0.79,0.0,4.0,1
5.69,0.23,0.23,10.48,-3.88,3.0,53.14,1.0,0.0,0.0,-10.57,0.95,5.0,80.0,1.0,0.0,0.46,1.0,3.09,2.0,1.0,1.39,0.0,4.37,0.83,0.0,0.23,0
1.0,0.0,1.0,0.76,1.0,5.76,66.35,1.0,0.0,-3.03,7.51,1.31,1.0,9.08,3.24,0.76,0.24,1.0,-3.06,0.0,0.24,0.5,0.0,150.0,1.03,0.0,-0.76,0
9.41,-8.43,1.0,2.0,10.0,2.11,3.81,1.0,1.0,-0.7,2.41,-0.78,5.7,14.72,3.81,-0.7,1.19,1.7,4.74,1.0,1.0,1.86,0.0,299.0,0.97,0.0,1.0,1
0.74,-0.74,1.0,0.0,0.0,-11.1,127.56,1.0,0.0,-5.92,23.53,1.26,-3.7,30.33,-0.22,0.0,-6.66,1.74,-5.3,-0.74,0.26,0.1,0.0,-13.23,1.01,0.0,-0.74,0
4.94,3.97,2.97,0.97,0.03,6.12,397.45,1.0,7.94,28.45,28.68,-0.01,4.0,175.32,0.09,3.97,37.71,1.0,9.23,2.94,1.0,3.31,0.0,-123.13,0.84,0.0,5.88,1
-0.96,2.0,1.0,-0.96,-0.96,8.0,140.96,1.0,0.0,-2.82,13.04,1.83,0.0,-62.58,1.96,1.0,2.0,2.0,3.59,0.0,1.0,0.22,0.0,6.0,0.96,0.0,0.04,0
0.0,1.52,1.51,-5.56,1.0,7.02,70.59,1.0,2.0,0.0,6.0,2.29,1.0,0.0,3.49,0.51,3.52,0.49,3.6,0.51,2.51,0.8,0.0,177.0,1.01,0.0,0.0,0
1.0,1.0,1.0,0.0,-0.56,16.35,-115.74,1.0,0.0,20.0,-12.68,0.24,5.0,50.0,4.56,0.0,-13.62,1.0,12.82,0.44,2.0,1.74,0.0,32.0,0.88,0.0,1.44,0
5.83,1.0,1.0,3.63,7.29,4.63,64.05,1.0,-0.54,0.0,1.0,0.18,3.92,70.78,1.0,0.0,0.37,1.0,4.57,2.54,2.63,2.35,0.0,-149.93,0.91,0.0,1.0,0
0.0,0.0,1.0,0.0,1.0,6.08,72.14,1.0,2.0,2.69,4.92,0.7,1.0,32.27,5.08,1.08,3.61,1.0,4.1,0.0,2.0,0.83,0.0,177.0,0.98,0.0,0.0,1
-0.83,0.0,0.0,11.0,-0.83,-0.83,-0.79,1.0,0.0,4.16,-3.33,0.99,-0.83,41.57,0.17,0.83,1.66,1.0,6.0,0.83,0.83,0.0,0.0,-113.73,0.78,0.0,0.83,0
17.59,12.22,1.87,4.37,30.56,13.11,365.19,1.0,1.0,3.87,3.76,1.37,7.11,136.94,0.13,1.0,12.49,2.0,5.07,2.75,1.0,1.53,0.0,12.0,0.74,0.0,3.75,1
0.04,-1.88,0.04,0.0,-0.96,17.2,-128.93,1.0,-3.84,13.27,-6.65,0.5,4.04,46.16,2.08,-1.92,19.92,2.92,16.17,0.04,1.04,-0.05,0.0,76.2,0.87,0.0,1.04,0
3.0,1.0,2.0,1.0,0.0,1.0,74.0,1.0,2.0,19.0,17.0,0.27,1.0,92.0,1.0,1.0,11.0,1.0,4.78,2.0,1.0,0.96,0.0,17.0,0.85,0.0,4.0,1
2.16,0.16,1.0,-2.51,18.0,3.35,-106.5,1.0,-24.29,-28.48,15.0,4.64,0.0,-76.22,0.16,1.68,-0.51,0.16,-1.48,0.0,0.0,0.04,0.0,1.11,1.15,0.0,-2.35,0
3.28,1.52,2.52,0.0,0.0,6.24,120.52,1.0,1.0,6.04,6.72,0.76,2.52,98.08,0.24,0.24,12.8,2.76,3.39,0.24,1.76,1.12,0.0,12.0,0.98,0.0,2.76,0
-7.64,2.87,1.0,-0.96,-8.55,11.96,433.67,1.0,1.0,0.0,33.04,5.24,-4.78,19.11,1.96,0.96,54.09,1.0,4.62,-0.91,1.0,-1.75,0.0,3.13,0.96,0.0,1.04,0
0.98,0.0,1.0,-0.98,-0.98,9.87,248.06,1.0,0.0,8.85,18.74,2.23,0.0,31.76,2.0,1.0,8.83,1.98,3.05,2.0,1.0,1.06,0.0,6.0,0.96,0.0,0.0,0
1.31,1.0,2.0,1.0,0.0,3.53,11.55,1.0,0.31,16.47,11.94,4.89,-1.53,22.8,0.16,1.84,-13.47,-1.53,-0.54,2.84,1.84,0.17,0.0,-21.82,0.86,0.0,3.16,0
7.32,0.0,1.0,8.36,2.28,3.48,159.25,1.0,2.0,2.24,5.96,-0.06,3.76,129.89,1.76,1.0,30.0,2.24,8.52,1.52,0.0,2.23,0.0,52.0,0.94,0.0,0.24,0
-5.85,3.0,1.0,-9.2,-2.51,4.0,-54.48,1.0,0.0,4.18,-1.67,4.38,-0.84,-31.78,0.84,1.84,1.33,0.0,6.52,0.16,1.84,-1.93,0.0,6.0,0.9,0.0,0.0,0
0.52,-1.03,-0.03,2.58,2.58,6.52,59.97,1.0,0.0,-2.58,5.48,3.01,0.52,-4.65,2.0,2.0,-2.07,0.48,2.76,1.52,1.03,0.21,0.0,6.0,0.94,0.0,0.0,0
-1.56,4.34,1.0,0.0,0.0,4.66,-24.87,1.0,2.0,-5.36,-6.93,3.42,0.0,2.05,2.22,0.78,4.32,-0.56,4.36,0.78,1.0,0.18,0.0,15.0,0.87,0.0,2.22,0
0.79,-0.79,0.21,3.18,3.97,5.59,2.98,1.0,-1.59,-10.1,-10.72,0.54,1.59,30.93,3.0,0.21,-4.95,1.0,7.56,1.0,4.38,1.05,0.0,-2.74,1.01,0.0,-1.38,0
-0.78,-0.78,1.0,0.0,-0.78,8.66,78.94,1.0,0.0,5.78,7.44,0.95,0.0,69.42,2.22,1.0,5.33,1.78,9.92,0.22,1.22,0.0,0.0,6.0,0.93,0.0,2.55,0
3.0,-0.48,1.0,0.74,18.0,-1.48,-51.89,1.0,-1.48,-2.22,9.82,0.03,0.0,-8.13,0.26,1.48,-3.18,1.0,0.65,0.74,0.0,0.63,0.0,5.35,0.97,0.0,-1.22,0
-3.91,0.0,1.0,-9.28,-2.53,7.69,16.66,1.0,0.0,0.84,7.37,1.19,0.16,-53.15,3.16,0.0,17.0,1.84,5.49,-0.69,1.0,-0.69,0.0,6.0,0.97,0.0,2.84,0
1.51,0.5,1.5,0.5,0.0,0.48,43.95,1.0,2.01,14.07,10.53,-0.15,0.5,93.75,4.0,2.5,6.02,0.5,8.79,1.01,1.0,0.96,0.0,11.54,0.86,0.0,2.01,1
6.45,-2.87,1.0,0.45,2.26,6.1,126.67,1.0,1.55,2.32,7.19,0.41,5.77,73.81,1.0,0.77,23.68,2.55,6.03,1.23,-1.32,1.01,0.0,44.61,1.0,0.0,1.0,0
1.75,0.0,1.0,10.24,2.0,12.75,177.79,1.0,21.67,25.41,3.24,-3.19,10.0,118.01,1.75,-0.75,4.99,1.75,15.02,2.0,6.0,2.98,1.0,15.72,0.89,0.0,2.99,1
1.44,2.56,1.0,0.0,18.0,2.34,56.21,1.0,-1.56,-1.56,18.9,1.46,-2.34,-54.61,1.0,0.0,-19.85,0.22,-3.64,0.0,0.78,-0.07,0.0,-23.89,0.97,0.0,1.0,0
2.86,4.0,1.0,4.58,3.58,4.0,34.12,1.0,-0.72,-3.58,-3.58,4.6,2.15,105.73,-0.15,-0.43,-1.43,1.0,-2.25,1.43,3.15,1.08,0.0,6.0,0.96,0.0,0.0,0
-1.66,12.0,0.17,-0.83,0.83,2.17,50.35,1.0,-1.66,-14.76,-11.27,2.28,-0.83,23.68,0.83,0.17,13.53,0.0,0.34,0.17,1.83,-0.3,0.0,-3.12,1.0,0.0,-1.32,0
4.09,1.47,1.0,0.51,5.11,3.49,42.66,1.0,0.0,0.0,0.51,2.05,2.55,-10.22,-0.51,0.49,4.02,0.0,5.05,2.02,1.0,0.94,0.0,7.53,0.89,0.0,0.51,0
15.64,1.95,1.0,3.91,19.55,3.0,62.73,1.0,-0.95,-4.77,-3.77,-0.14,9.77,99.1,-1.86,-1.91,1.05,1.0,-0.54,3.91,1.0,2.84,0.0,11.86,0.92,0.0,1.0,0
0.55,-1.66,1.0,0.55,0.55,0.78,57.1,1.0,1.0,7.22,10.99,-1.63,0.0,103.23,4.55,1.45,1.34,1.55,7.33,-0.55,1.0,1.1,0.0,6.0,0.95,0.0,1.55,1
2.16,0.0,1.0,5.0,5.0,3.92,8.71,1.0,-1.84,-1.84,0.08,0.99,0.24,15.54,1.0,-0.92,-22.01,0.08,0.1,2.0,4.92,1.98,0.0,-36.34,0.95,0.0,1.92,0
-0.51,0.0,0.49,5.62,0.0,4.42,-2.61,1.0,-0.51,-1.53,-1.6,5.87,-0.51,-27.6,0.0,1.49,-3.6,-0.51,-0.72,0.49,0.49,-0.28,0.0,2.93,0.96,0.0,-1.02,0
2.0,0.0,1.0,2.15,0.0,-7.9,184.35,1.0,22.78,13.03,9.72,0.62,-0.58,111.38,-1.15,1.0,19.97,3.0,-0.61,0.0,-0.72,0.44,0.0,42.68,0.91,0.0,2.43,0
1.72,-0.72,1.0,0.0,1.0,-6.45,12.07,1.0,0.0,-14.31,7.43,0.86,-1.86,-35.77,4.0,0.0,0.28,1.0,-4.38,0.0,0.28,-0.42,0.0,131.4,1.03,0.0,0.0,0
3.62,1.62,1.0,0.0,18.0,13.58,83.01,1.0,0.0,12.34,11.3,0.24,3.09,30.85,2.23,0.0,13.11,1.0,7.27,0.62,0.62,0.96,0.0,28.04,0.94,0.0,2.23,1
1.78,1.78,1.0,3.0,0.0,0.11,175.43,1.0,27.44,34.0,-0.89,0.7,-0.78,91.0,-0.56,0.0,4.0,1.0,3.64,1.78,1.0,0.48,0.0,-114.05,0.72,0.0,4.0,0
2.02,4.91,1.0,0.98,18.0,-2.94,-50.36,1.0,-0.98,-2.94,6.19,3.25,-0.98,45.02,1.98,0.0,-6.81,0.02,-1.52,-0.98,0.0,0.04,0.0,6.13,0.94,0.0,-0.96,0
1.0,1.0,1.0,0.0,-0.76,14.41,-196.25,1.0,0.0,20.0,-17.74,0.15,5.0,50.0,4.76,0.0,-24.51,1.0,12.15,0.24,2.0,1.89,0.0,32.0,0.88,0.0,1.24,0
4.95,-10.4,1.0,5.0,5.95,0.16,-22.42,1.0,0.0,-0.95,0.05,-0.75,3.0,-26.57,2.89,-0.95,-16.97,1.95,2.41,2.0,4.95,2.85,0.0,6.0,0.96,0.0,-0.89,0
-2.91,0.58,0.58,10.42,-5.83,0.58,47.38,1.0,0.58,11.07,9.32,1.32,-2.33,4.08,1.0,0.58,4.08,1.0,1.62,0.58,0.0,-0.22,0.0,-158.28,0.79,0.0,1.75,0
-0.6,2.0,1.0,0.0,0.0,7.0,65.17,1.0,2.6,-1.43,2.56,1.21,0.6,50.68,3.0,0.6,9.0,1.0,3.85,0.6,1.0,0.6,0.0,18.62,0.92,0.0,3.6,1
0.75,0.75,1.0,2.25,0.0,11.0,183.88,1.0,21.77,25.52,-0.75,6.2,0.0,68.32,-0.75,2.0,4.0,0.0,0.59,1.75,1.0,-0.05,0.0,15.76,0.88,0.0,3.0,0
2.0,2.6,1.0,0.65,-0.65,0.46,-141.42,1.0,1.35,3.0,-13.06,2.99,3.0,146.88,1.65,1.65,-6.33,3.0,3.29,-0.65,0.0,0.93,0.0,52.0,0.95,0.0,-0.3,0
5.26,-0.7,1.0,2.83,20.83,-0.57,27.83,1.0,0.0,0.0,15.57,-2.17,1.7,38.48,1.57,-0.57,0.87,1.57,0.75,0.57,1.7,1.86,0.0,12.0,1.02,0.0,1.57,0
-2.65,-0.95,1.0,4.05,-3.55,0.15,29.54,1.0,0.0,3.8,8.6,0.9,-1.75,66.1,1.0,0.0,-0.9,1.0,2.17,0.1,4.0,1.1,0.0,3.15,1.01,0.0,1.0,0
-10.38,-6.55,0.45,-1.73,-19.12,5.0,-40.75,1.0,1.09,2.64,8.92,1.75,-3.82,49.98,3.09,2.0,4.73,1.0,0.97,-0.09,1.0,-0.02,0.0,10.92,1.07,0.0,0.55,0
-0.75,-0.75,1.0,0.0,-0.75,11.01,51.76,1.0,0.0,3.76,3.75,5.82,0.0,37.63,0.75,2.75,1.75,0.0,6.14,1.0,1.0,-0.45,0.0,6.0,0.99,0.0,0.75,0
3.0,3.0,2.0,0.0,1.0,10.0,379.0,1.0,6.0,10.0,18.0,0.55,4.0,86.0,3.0,3.0,28.0,1.0,5.83,1.0,1.0,2.38,0.0,6.0,0.99,0.0,2.0,1
7.0,0.0,1.0,11.8,3.0,3.2,102.61,1.0,0.0,0.0,0.8,0.41,1.0,117.59,2.8,1.6,2.6,0.2,4.49,2.8,1.0,2.36,0.0,6.0,0.88,0.0,-0.6,0
4.92,2.28,3.28,1.0,0.0,2.28,85.55,1.0,2.0,22.21,13.15,0.24,2.28,141.39,0.36,1.0,14.21,1.64,4.26,2.64,1.64,1.72,0.0,17.0,0.87,0.0,4.64,1
-1.13,2.13,1.0,0.0,1.0,3.94,41.71,1.0,0.0,0.0,6.0,0.87,-0.59,5.31,4.0,0.0,1.0,1.0,1.6,-0.53,2.06,0.09,0.0,148.41,0.98,0.0,0.0,0
-0.87,0.0,1.0,-6.97,-0.74,5.78,462.8,1.0,1.0,0.0,38.35,3.35,-8.71,-43.54,1.87,1.74,54.26,1.0,-1.8,0.13,-4.22,-2.18,-0.87,6.0,0.96,0.0,2.0,1
-4.7,-0.59,1.0,-1.18,-4.29,12.18,451.53,1.0,2.18,0.0,36.94,1.23,-2.35,-47.02,2.76,0.0,56.0,1.0,6.05,-0.18,1.59,-0.61,0.0,104.73,1.01,0.0,1.41,1
5.26,6.26,2.26,1.37,9.37,2.26,29.49,1.0,0.0,0.63,-3.4,-0.13,3.26,89.37,1.0,0.0,5.14,1.63,5.07,1.63,3.63,2.82,0.0,6.0,0.88,0.0,1.0,0
0.0,-0.97,0.0,10.03,0.0,0.0,13.2,1.0,0.0,0.0,0.0,0.97,0.0,-97.13,-0.94,0.0,2.91,0.03,2.59,0.97,0.0,0.0,0.0,6.0,0.84,0.0,0.0,0
-0.62,5.85,1.0,0.62,-0.62,3.47,63.5,1.0,2.0,0.0,-0.62,2.85,4.0,61.76,3.0,1.62,6.76,1.0,6.92,2.38,1.38,1.0,0.0,10.0,0.82,0.0,2.0,0
-0.91,3.09,1.0,-2.73,0.0,0.09,-87.21,1.0,-23.49,-26.4,2.73,0.2,4.0,-28.22,5.73,2.82,7.09,1.0,11.37,2.09,2.0,1.5,0.0,-1.84,0.95,0.0,-0.73,0
2.48,3.21,1.74,0.0,1.74,2.21,216.81,1.0,3.69,5.16,7.64,0.07,2.21,23.61,3.48,1.48,16.02,0.26,3.49,1.0,2.0,1.95,0.0,1.57,0.96,0.0,0.0,0
0.0,0.0,1.0,0.0,0.0,1.0,34.0,1.0,1.0,0.0,8.0,0.39,0.0,0.0,2.0,0.0,0.0,1.0,3.78,0.0,1.0,0.73,0.0,6.0,0.96,0.0,1.0,0
9.46,-1.92,1.0,2.0,10.0,5.92,107.37,1.0,0.0,2.19,7.57,0.17,4.27,139.86,-0.46,0.0,18.06,2.46,3.68,-0.19,-0.46,1.51,0.0,39.66,1.03,0.0,0.27,0
1.59,0.41,0.41,2.37,3.96,1.18,4.88,1.0,-1.18,-11.24,-8.47,0.78,1.18,-14.2,2.0,-0.59,-3.92,1.0,0.97,1.0,3.77,1.38,0.0,-0.51,1.0,0.0,-1.77,0
0.0,6.8,1.0,1.0,0.0,6.8,42.93,1.0,-0.93,0.0,-7.47,8.4,0.0,100.0,0.13,1.93,2.8,0.07,0.9,0.93,1.0,-0.68,0.0,6.0,0.86,0.0,-0.93,0
-3.65,2.18,1.0,-1.82,-9.12,3.74,55.74,1.0,2.0,0.0,-0.91,4.32,2.18,-82.11,2.09,1.91,8.91,0.09,6.76,3.0,0.18,-0.45,0.0,10.0,0.85,0.0,1.09,0
1.0,10.72,1.0,1.0,1.0,0.0,91.58,1.0,0.0,4.0,6.32,1.24,0.0,150.39,-0.79,0.0,18.77,0.11,1.78,-0.89,1.0,-0.42,0.0,6.0,0.96,0.0,2.79,0
19.89,10.45,2.0,5.89,35.89,6.11,299.79,1.0,-1.77,4.55,9.99,0.51,3.45,164.21,-0.77,-0.89,-3.1,1.0,1.64,-0.66,0.11,1.14,0.0,2.45,0.81,0.0,1.11,0
8.73,1.73,1.58,11.0,3.58,9.19,336.09,1.0,2.89,5.77,9.77,0.63,3.31,137.63,2.58,1.73,21.16,1.0,6.28,2.58,1.0,3.26,0.0,6.0,0.92,0.0,1.58,1
3.1,0.48,1.0,5.62,2.62,4.0,212.35,1.0,29.0,34.0,3.52,-1.94,1.57,126.68,1.52,-0.52,4.52,1.52,5.07,1.52,2.57,1.84,0.0,19.0,0.85,0.0,4.52,1
6.04,2.88,1.96,6.2,-0.84,10.73,462.73,1.0,5.77,9.61,20.33,0.81,1.96,105.3,3.92,2.88,30.94,1.0,7.24,1.04,-1.88,2.39,0.0,6.0,0.92,0.0,1.96,1
5.17,1.83,1.0,11.0,3.0,5.83,232.2,1.0,0.0,0.92,13.15,2.05,0.08,98.98,-0.75,0.92,-8.73,1.92,0.32,1.08,1.0,1.72,0.0,6.0,0.95,0.0,0.08,0
-1.19,1.55,1.0,-6.01,9.19,-2.19,-36.19,1.0,0.0,0.0,7.01,0.57,-0.55,-48.08,1.45,0.0,0.36,1.0,-0.68,-0.09,1.45,-0.35,0.0,9.28,0.96,0.0,0.0,0
2.0,3.98,1.0,1.0,0.0,5.0,133.95,1.0,2.0,-1.98,7.01,4.64,3.0,131.8,0.0,1.0,27.01,3.0,-0.16,-1.0,-1.0,0.93,0.0,52.0,0.99,0.0,0.0,0
-1.47,-1.47,-0.47,0.0,0.73,2.2,33.52,1.0,0.0,-3.66,10.93,0.76,-0.73,-56.41,4.2,0.0,-2.93,0.27,2.68,-0.73,0.27,-0.68,0.0,111.5,0.96,0.0,-0.73,0
0.83,6.5,-0.66,2.66,8.32,3.17,33.68,1.0,0.0,-4.16,-0.83,4.5,0.0,110.81,2.0,1.0,-2.5,0.17,1.72,0.0,1.83,0.09,0.0,6.0,0.83,0.0,0.0,0
-0.74,6.23,1.0,0.26,-0.74,6.97,33.83,1.0,0.0,-2.97,-6.69,7.35,0.0,42.05,1.26,1.74,2.23,0.26,2.09,0.74,1.0,-0.43,0.0,6.0,0.87,0.0,-0.74,0
0.0,0.0,1.0,0.0,0.0,3.0,51.0,1.0,1.0,5.0,6.0,0.37,0.0,60.0,4.0,2.0,3.0,1.0,8.14,0.0,1.0,0.78,0.0,6.0,0.91,0.0,1.0,0
0.79,0.21,1.21,3.16,3.95,2.58,0.16,1.0,-1.58,-9.0,-5.63,0.2,1.58,33.06,1.0,-0.79,7.11,2.0,3.69,1.0,4.37,2.35,0.0,-2.68,1.07,0.0,-1.37,0
-0.78,-3.48,1.0,-1.39,-6.26,13.95,547.26,1.0,0.7,12.0,45.95,2.2,-1.39,28.42,1.0,0.0,46.55,2.0,3.86,0.0,-0.39,-0.87,0.0,6.0,1.05,0.0,1.7,0
-10.26,-3.02,0.46,-2.7,-18.9,-1.16,-98.21,1.0,2.0,-0.54,-1.08,3.13,0.22,-51.3,2.46,1.54,5.84,0.46,4.53,2.46,2.0,0.38,0.0,10.0,0.91,0.0,0.92,0
-2.79,1.21,0.07,1.0,0.0,4.93,106.1,1.0,-4.65,-9.29,14.86,4.98,-3.72,20.11,0.14,-1.79,26.01,1.0,2.27,0.0,1.0,-2.21,0.0,6.0,0.89,0.0,0.0,0
2.0,0.0,1.0,1.0,1.0,-5.99,-346.54,1.0,-1.0,4.0,-18.97,0.74,1.0,78.0,4.0,0.0,-54.94,1.0,-3.71,-1.0,1.0,0.58,0.0,149.83,0.99,0.0,-1.0,0
0.72,-1.44,1.0,0.72,0.72,2.97,-26.01,1.0,-1.44,0.0,1.56,5.6,0.0,3.59,-1.44,2.0,-5.47,0.0,0.47,1.0,1.0,-0.0,0.0,-0.47,1.01,0.0,-1.44,0
0.79,12.0,1.0,6.29,1.57,9.29,102.0,1.0,0.0,-2.93,1.21,1.6,7.86,100.0,-1.57,0.21,20.21,0.0,6.47,1.79,4.14,1.97,0.79,6.0,0.96,0.0,1.21,0
5.91,4.94,3.94,0.0,0.03,1.26,-15.44,1.0,5.03,14.86,-13.09,0.03,5.94,160.81,3.0,3.0,-21.55,1.97,2.17,1.0,1.97,4.21,0.0,6.0,1.0,0.0,1.03,0
3.52,-1.76,-0.76,9.69,2.64,4.76,134.72,1.0,1.0,0.59,7.76,0.55,-0.88,69.69,4.88,2.0,3.0,0.12,9.61,0.88,0.12,1.15,0.0,6.0,0.85,0.0,1.0,1
-1.16,4.0,0.42,7.36,0.0,1.11,-16.98,1.0,-1.16,-1.73,-5.2,5.09,-1.73,52.59,2.0,0.42,-17.35,-0.16,-3.23,0.0,1.0,-0.54,0.0,-20.6,0.85,0.0,-0.58,0
-0.72,-0.72,1.0,-2.15,1.0,4.28,-47.18,1.0,-18.03,-20.75,8.15,0.51,1.0,-22.18,6.15,1.43,1.28,1.0,4.92,-0.72,2.0,0.9,0.0,167.7,1.09,0.0,-2.15,0
0.0,4.0,1.0,-5.48,-0.93,-7.11,43.85,1.0,0.0,3.7,7.41,5.19,-9.26,125.92,2.0,1.0,-1.85,1.0,-9.0,-1.85,-3.63,-1.77,-0.93,6.0,0.92,0.0,0.93,0
9.3,0.0,1.0,2.0,9.35,-3.91,-185.18,1.0,1.65,1.95,-15.27,-0.08,6.95,138.37,1.0,0.65,-12.92,2.3,2.07,0.35,0.35,1.94,0.0,328.94,0.99,0.0,0.35,0
-8.06,-5.99,1.31,-3.46,-10.75,5.16,184.73,1.0,6.0,9.31,26.99,0.5,-0.84,20.32,3.0,3.0,26.62,1.0,2.09,-0.38,0.31,1.5,0.0,10.15,1.18,0.0,1.31,0
1.0,1.0,1.0,0.0,1.0,3.17,59.26,1.0,-0.63,0.63,1.0,1.36,0.0,15.86,1.37,0.0,5.17,1.63,1.49,1.0,2.0,0.52,0.0,6.0,0.92,0.0,0.63,0
2.63,1.59,1.0,0.63,3.17,5.1,186.33,1.0,0.0,8.19,16.02,1.2,0.63,90.68,1.0,0.0,6.78,1.68,2.62,0.32,1.63,0.99,0.0,6.0,0.95,0.0,1.0,0
-4.25,6.12,1.0,-0.53,-5.31,3.12,60.97,1.0,1.47,0.0,-0.53,2.85,1.34,7.97,3.53,1.53,5.88,1.0,6.8,2.47,2.0,0.67,0.0,-145.62,0.79,0.0,1.47,0
6.43,0.22,1.0,1.55,8.76,-17.07,-45.61,1.0,0.78,-15.52,0.22,0.49,0.0,27.16,-0.33,0.0,-8.86,1.0,-8.23,1.0,1.22,0.6,0.0,213.16,1.0,0.0,-0.78,0
0.0,-2.67,1.0,0.0,0.89,4.89,54.96,1.0,1.78,5.0,7.35,-2.73,0.89,50.0,6.57,0.11,2.11,1.89,6.79,0.11,2.89,0.71,0.0,158.42,1.0,0.0,1.0,1
-0.98,1.0,2.0,0.0,0.0,1.0,-109.11,1.0,0.98,-2.81,-6.71,0.02,0.98,15.77,1.0,0.98,15.0,2.0,6.12,1.98,2.0,1.32,0.0,11.88,0.93,0.0,1.98,0
0.0,-1.62,0.0,11.0,0.0,-2.16,14.05,1.0,0.0,0.0,4.33,-0.91,0.0,0.0,2.08,-0.54,-1.62,1.54,0.32,-0.54,0.0,0.38,0.0,6.0,0.89,0.0,0.0,0
-0.98,1.96,1.0,0.0,1.0,5.98,105.11,1.0,1.02,-1.96,10.9,1.38,0.02,-41.13,4.0,0.0,-4.86,1.0,0.05,-0.98,2.0,0.38,0.0,171.12,1.03,0.0,-0.98,0
8.72,0.72,1.0,4.16,9.28,-0.72,129.17,1.0,20.43,24.46,-1.16,0.11,4.28,150.48,-1.16,0.0,5.44,1.0,3.41,1.72,0.28,1.22,0.0,185.31,0.82,0.0,3.88,1
3.0,3.0,2.9,-9.91,1.9,14.5,417.72,1.0,7.8,10.0,23.4,0.06,4.9,86.0,5.7,3.0,29.8,1.0,7.41,1.0,2.8,3.1,0.0,160.0,1.12,0.0,2.0,1
0.0,1.58,2.0,0.0,-0.58,-0.16,5.53,1.0,-1.16,6.0,3.52,2.8,-0.58,52.0,-1.32,0.58,13.84,1.42,4.19,1.58,1.42,0.84,0.0,-93.21,0.88,0.0,1.0,0
10.61,3.27,1.0,3.31,16.53,-3.27,8.05,1.0,1.0,0.0,-2.27,-1.75,6.31,143.81,0.35,-1.31,5.31,1.0,3.07,1.0,2.96,2.64,0.0,299.0,0.94,0.0,1.65,1
4.07,3.61,3.54,0.0,0.0,4.68,215.36,1.0,3.21,10.35,8.42,0.18,3.61,123.01,0.46,1.61,19.45,2.0,5.86,1.54,2.0,3.16,0.0,-71.05,0.97,0.0,2.07,0
0.96,1.0,2.0,0.0,0.0,-4.77,-351.1,1.0,-0.96,6.0,-19.94,0.17,0.96,52.0,3.89,0.0,-37.92,2.0,-1.07,0.04,2.0,1.3,0.0,144.54,1.0,0.0,-0.92,0
2.63,4.31,1.0,2.0,-1.66,4.43,52.59,1.0,0.0,0.0,-5.18,0.61,2.69,90.0,3.06,0.0,1.31,1.0,4.64,1.0,3.69,1.61,0.0,100.69,0.89,0.0,0.31,0
5.8,0.0,1.0,15.54,3.37,11.31,94.71,1.0,-1.37,0.0,-0.37,0.09,10.0,110.31,-0.37,0.0,4.06,1.0,15.29,3.37,5.31,3.53,1.0,-111.19,0.87,0.0,0.69,0
-0.92,0.0,1.0,-7.36,-1.84,-2.28,57.32,1.0,0.0,0.92,9.68,4.08,-9.2,-28.51,2.92,2.92,-1.84,1.0,-6.16,1.0,-4.6,-1.26,-0.92,6.0,0.92,0.0,0.0,0
2.89,0.95,1.0,1.0,17.09,-4.73,17.61,1.0,0.0,4.0,17.52,0.12,-0.95,78.0,-1.84,0.0,0.95,1.0,1.73,0.0,0.05,1.12,0.0,-124.61,0.93,0.0,1.95,0
2.42,2.63,0.21,2.79,10.0,-6.88,-230.56,1.0,-4.73,-4.73,-6.1,0.31,-1.15,83.69,-0.58,-2.37,-20.08,1.0,1.44,0.21,3.0,0.59,0.0,6.0,0.84,0.0,0.21,0
0.58,0.58,1.0,1.75,1.0,9.84,531.79,1.0,17.87,19.78,32.25,-0.52,0.0,52.95,0.42,-1.16,58.33,1.0,7.8,1.0,1.58,0.37,0.0,13.56,0.87,0.0,4.33,1
1.0,0.0,0.36,7.03,-0.64,-0.03,-154.53,1.0,0.36,3.0,-12.73,1.75,1.0,54.0,1.0,1.0,-26.79,2.0,-1.24,0.36,0.36,0.54,0.0,12.0,0.88,0.0,0.72,0
0.54,0.0,1.0,0.0,1.54,4.46,59.79,1.0,2.0,0.0,6.0,-0.47,1.54,0.0,5.07,-1.07,2.54,1.0,1.01,-0.54,2.54,0.8,0.0,254.05,1.03,0.0,0.0,1
0.0,0.0,1.0,0.0,0.0,3.0,51.0,1.0,1.0,5.0,6.0,0.37,0.0,60.0,4.0,2.0,3.0,1.0,8.14,0.0,1.0,0.78,0.0,6.0,0.91,0.0,1.0,0
0.0,4.0,1.0,1.0,0.0,4.0,42.0,1.0,0.0,0.0,0.0,4.67,0.0,100.0,2.0,1.0,0.0,1.0,1.0,0.0,1.0,0.0,0.0,6.0,0.91,0.0,0.0,0
2.62,1.0,1.0,-0.81,1.0,0.81,35.56,1.0,0.0,-0.81,1.0,0.28,0.81,-50.36,3.62,-1.62,14.19,1.0,4.98,1.0,2.0,0.67,0.0,6.0,0.91,0.0,1.62,0
4.0,5.0,1.0,2.0,10.0,1.0,32.0,1.0,0.0,0.0,1.0,0.14,2.0,90.0,1.0,0.0,2.0,1.0,4.3,1.0,3.0,2.0,0.0,6.0,0.87,0.0,1.0,0
-0.52,4.0,1.0,0.0,0.52,3.09,224.61,1.0,2.0,-1.56,13.04,0.12,3.48,-28.17,3.0,0.48,32.52,0.48,9.33,3.0,2.0,1.09,0.0,6.87,0.84,0.0,2.0,1
1.0,0.0,1.0,0.0,1.99,3.03,-8.18,1.0,-0.99,-2.96,3.04,0.2,1.0,-53.31,6.96,-0.99,-6.9,0.01,-0.77,-0.99,1.0,-0.53,0.0,286.24,1.05,0.0,-1.97,0
4.69,4.31,1.0,4.08,10.0,-1.77,61.75,1.0,20.07,22.83,-6.61,-0.93,2.0,144.66,1.0,-0.69,3.38,0.31,5.74,1.69,3.0,2.37,0.0,15.0,0.73,0.0,3.08,1
0.0,-4.73,1.0,0.0,0.0,1.0,15.9,1.0,2.0,0.0,2.18,0.06,4.0,-58.93,4.45,1.0,-7.28,1.73,7.68,3.73,2.0,2.19,0.0,10.0,0.82,0.0,0.55,0
11.27,7.99,1.57,3.28,20.4,3.99,194.35,1.0,0.0,2.29,5.01,0.46,3.99,87.7,1.0,0.0,2.28,1.0,4.48,1.14,1.0,1.3,0.0,6.0,0.81,0.0,1.57,0
0.8,3.0,1.0,0.0,0.0,2.39,37.41,1.0,0.8,0.0,0.0,3.59,1.61,22.53,0.0,1.0,19.9,0.8,6.84,0.2,0.2,0.32,0.0,38.19,0.92,0.0,-0.8,0
2.63,-0.53,1.0,1.05,-4.2,0.0,25.05,1.0,0.53,0.0,0.65,0.38,2.63,44.63,2.0,0.0,1.05,1.0,4.89,0.53,1.53,1.1,0.0,156.7,0.94,0.0,0.0,0
4.66,1.34,2.55,0.0,1.0,8.34,396.7,1.0,7.11,20.51,27.41,-1.88,4.55,81.57,2.45,3.0,34.09,1.0,7.93,2.11,1.0,2.91,0.0,12.09,0.96,0.0,4.21,1
0.93,0.0,1.0,-2.67,-2.67,9.14,374.42,1.0,0.0,18.41,34.75,2.45,-1.6,103.28,1.0,0.0,13.27,2.53,0.9,-1.07,-0.6,-0.43,0.0,6.0,0.99,0.0,1.0,0
1.46,-0.73,1.0,0.0,0.0,5.46,99.99,1.0,1.46,7.19,8.56,-2.86,2.19,109.78,3.73,1.0,24.87,3.19,13.1,0.27,1.27,0.68,0.0,39.53,1.0,0.0,1.73,1
10.43,-2.76,1.0,15.11,7.76,3.0,133.71,1.0,0.0,0.0,4.67,-3.26,3.92,148.85,2.84,-0.92,2.84,1.92,4.91,2.92,4.0,4.41,0.0,6.0,0.98,0.0,1.92,1
18.16,13.16,2.0,2.49,35.84,7.84,187.34,1.0,-22.56,-27.41,4.51,0.28,7.84,18.96,3.51,0.0,2.33,1.0,4.57,1.16,1.84,1.97,0.0,138.03,0.88,0.0,-1.34,1
2.46,3.09,1.0,5.0,5.0,-0.09,-13.22,1.0,0.0,-2.31,-5.94,0.21,3.77,4.75,2.54,0.0,-15.97,-0.54,3.62,4.31,5.54,2.63,0.0,-26.39,0.86,0.0,1.77,0
3.0,-8.23,2.0,1.0,0.0,-1.31,22.49,1.0,2.0,18.23,21.61,-0.86,1.0,15.12,2.54,0.23,-5.14,1.77,5.8,1.23,1.0,1.5,0.0,17.0,0.85,0.0,2.46,1
0.85,3.85,1.0,0.0,0.85,1.45,12.93,1.0,-0.85,-4.24,-4.24,4.73,0.0,-50.92,-1.7,-0.7,2.15,0.0,-1.83,1.85,1.85,-0.15,0.0,6.0,0.9,0.0,-0.85,0
-4.73,0.0,1.95,-0.95,-9.47,1.11,56.09,1.0,1.89,18.98,20.14,1.48,-3.79,30.36,2.0,1.95,8.52,1.0,4.42,2.0,1.0,0.3,0.0,13.57,0.86,0.0,2.84,1
-0.83,6.49,0.39,3.0,-0.61,-0.27,29.31,1.0,25.34,28.51,-6.76,1.45,-2.44,99.54,-0.83,-1.22,-0.27,0.39,1.93,1.0,1.0,-0.81,0.0,19.0,0.75,0.0,4.0,0
3.0,1.32,2.0,0.0,1.0,4.13,274.18,1.0,4.32,6.65,15.48,-0.23,4.0,24.78,2.16,3.0,20.45,1.0,6.94,1.0,1.0,2.47,0.0,-1.55,0.99,0.0,-0.52,0
7.0,-1.94,1.0,11.0,3.97,6.91,414.89,1.0,0.97,-0.97,23.43,-0.73,1.0,76.34,2.0,-0.97,57.47,0.03,10.51,2.97,1.0,2.21,0.0,6.0,0.88,0.0,1.97,1
3.19,0.0,1.0,-1.46,3.38,-4.27,36.77,1.0,0.0,0.81,4.23,1.17,-5.08,42.96,1.81,0.81,-0.62,1.0,-4.16,2.0,-0.04,1.17,-0.81,6.0,0.96,0.0,1.0,0
8.0,0.0,1.0,2.0,10.0,0.0,27.0,1.0,1.0,0.0,1.0,0.15,5.0,85.0,1.0,0.0,4.0,1.0,2.0,1.0,1.0,1.33,0.0,299.0,0.98,0.0,1.0,1
0.0,1.0,1.0,0.0,0.0,3.0,26.0,1.0,0.0,0.0,0.0,5.2,0.0,0.0,0.0,1.0,0.0,0.0,1.0,1.0,1.0,0.0,0.0,6.0,0.85,0.0,0.0,0
4.32,1.0,1.0,4.15,5.15,0.0,15.88,1.0,-0.83,-4.15,-3.15,0.7,2.49,6.63,-0.49,-1.66,0.34,1.0,-2.1,2.66,4.49,1.85,0.0,6.0,0.97,0.0,0.0,0
4.67,4.0,1.0,1.56,7.78,-3.67,28.88,1.0,2.78,0.0,-2.33,0.15,7.11,66.13,0.67,1.0,-2.11,1.0,3.57,3.0,2.0,1.83,0.0,237.97,0.87,0.0,1.22,1
3.0,-4.56,2.0,0.0,1.0,13.78,432.7,1.0,6.0,10.0,27.08,0.8,4.0,19.44,3.76,3.0,13.63,2.51,4.85,0.24,1.0,2.45,0.0,6.0,1.02,0.0,1.24,1
0.78,0.78,1.0,0.0,0.0,15.81,94.82,1.0,1.0,14.81,5.66,-0.24,3.9,24.17,3.56,-0.78,14.03,1.0,12.63,-0.78,1.78,0.89,0.0,26.27,0.92,0.0,2.56,1
1.89,0.0,1.94,1.94,-0.94,5.94,91.3,1.0,1.89,18.95,19.12,0.67,0.94,148.92,1.06,2.94,10.5,1.0,5.69,1.94,0.06,1.01,0.0,16.39,0.86,0.0,3.78,1
-0.75,0.0,1.0,-3.44,-2.75,10.5,402.69,1.0,2.69,3.0,31.7,0.95,0.94,35.22,1.0,1.0,67.84,3.0,9.78,-0.69,-2.06,-0.64,0.0,52.0,0.97,0.0,1.69,1
0.62,-0.47,1.0,4.33,1.24,11.95,150.24,1.0,2.0,4.0,11.62,-1.44,6.18,42.09,2.38,-0.62,10.24,1.0,10.35,1.24,4.09,2.13,0.62,15.0,0.96,0.0,3.0,1
2.59,-2.11,0.3,10.64,5.7,4.41,-196.15,1.0,-4.23,-7.05,-10.98,0.03,7.23,42.62,-0.41,-2.11,-17.33,1.0,8.65,2.7,7.52,2.37,0.7,6.0,0.94,0.0,-0.41,0
0.88,0.0,1.0,7.01,1.75,7.89,17.86,1.0,-0.88,-4.38,3.62,0.25,8.77,-8.77,-0.63,-1.75,-0.88,1.0,8.51,1.75,5.38,2.21,0.88,6.0,0.96,0.0,-0.88,0
2.93,-1.9,1.0,0.0,1.0,1.93,47.2,1.0,0.0,0.0,4.86,-2.93,0.97,0.0,5.86,-0.97,15.51,1.97,4.72,1.0,2.0,1.32,0.0,6.0,0.95,0.0,1.93,1
5.58,1.06,2.0,3.23,4.23,9.35,382.23,1.0,6.0,10.0,18.65,-2.1,5.94,129.91,3.65,2.35,26.71,1.65,5.79,1.65,2.94,3.85,0.0,6.0,1.05,0.0,2.65,1
1.0,0.25,1.0,0.0,0.0,22.0,136.71,1.0,0.75,23.74,6.49,-3.09,5.0,94.89,6.99,0.75,20.24,1.75,20.09,0.25,2.0,1.92,0.0,32.0,0.93,0.0,2.75,1
1.88,-9.59,1.0,3.0,0.88,5.77,173.22,1.0,29.0,33.12,6.53,-0.24,0.88,2.73,4.53,-0.88,-13.65,1.88,2.26,0.12,1.0,0.64,0.0,146.1,0.84,0.0,2.23,1
19.0,14.0,2.0,5.0,35.0,7.0,306.0,1.0,0.0,1.0,2.0,0.23,7.0,95.0,1.0,0.0,4.0,1.0,6.2,2.0,1.0,1.84,0.0,6.0,0.7,0.0,2.0,1
0.28,1.0,1.0,0.0,1.0,0.0,-75.08,1.0,0.72,-6.48,-9.08,0.65,0.72,-26.64,2.0,0.72,2.0,1.0,2.76,1.72,2.0,0.61,0.0,10.32,0.9,0.0,0.72,0
0.32,-0.56,0.44,-0.56,0.0,8.68,233.42,1.0,-1.12,4.18,14.62,1.84,-0.56,67.53,2.12,0.0,4.53,2.0,3.92,-0.56,1.56,-0.02,0.0,-0.15,1.02,0.0,-0.68,0
7.15,0.15,1.0,-0.54,10.0,2.15,-73.64,1.0,-23.75,-24.6,3.54,-0.13,5.0,53.7,3.54,1.7,1.15,1.0,7.46,1.15,1.0,1.95,0.0,-2.03,1.03,0.0,-1.54,0
0.0,5.59,1.0,1.0,0.0,5.59,122.23,1.0,0.0,0.79,6.35,3.99,0.0,109.53,1.21,0.21,1.59,1.79,0.17,-0.79,1.79,0.08,0.0,6.0,0.95,0.0,0.79,0
1.58,-0.58,1.0,0.0,-0.58,11.06,254.27,1.0,1.0,9.97,21.77,2.04,1.0,106.83,0.42,1.0,13.06,2.58,3.46,0.42,0.42,0.49,0.0,12.0,0.99,0.0,2.58,0
-1.97,-0.66,0.34,0.0,-0.66,1.69,-102.44,1.0,-3.94,-4.91,2.37,2.41,-2.63,-29.57,0.69,-0.31,-17.07,1.66,0.64,1.34,1.0,-0.36,0.0,6.0,0.92,0.0,-0.66,0
-1.4,6.09,1.0,1.0,0.0,3.3,-18.68,1.0,-1.4,-2.09,-6.28,7.36,-2.09,42.8,1.3,1.0,-18.83,-1.09,-1.54,0.7,1.7,-0.65,0.0,-26.09,0.85,0.0,-0.7,0
2.0,2.11,1.0,0.0,0.0,2.18,112.85,1.0,2.0,3.0,6.89,-0.61,3.0,82.0,1.0,0.3,31.41,3.0,9.19,0.0,0.0,0.93,0.0,52.0,0.91,0.0,1.0,0
4.65,1.94,1.65,5.0,5.65,5.58,247.07,1.0,3.87,6.45,10.03,0.28,4.94,123.48,0.35,1.94,8.1,1.0,2.95,2.0,4.0,3.33,0.0,6.0,1.02,0.0,1.0,0
13.03,10.77,1.75,3.76,13.78,5.26,236.2,1.0,0.0,0.75,-8.77,0.83,5.26,71.4,2.0,0.0,3.5,1.0,5.73,2.5,2.75,1.55,0.0,1.49,0.72,0.0,0.75,0
8.83,-0.98,1.0,10.73,2.93,5.98,230.3,1.0,2.0,3.0,12.9,-4.02,3.98,167.86,2.95,0.02,34.88,3.98,11.3,0.98,0.0,3.18,0.0,52.0,1.03,0.0,1.98,1
12.34,8.4,1.0,2.59,22.62,8.88,271.96,1.0,0.71,-8.63,-0.7,0.5,6.88,83.94,1.0,0.35,25.48,3.0,8.22,0.0,0.0,1.5,0.0,44.89,0.89,0.0,-0.29,0
0.0,2.42,1.0,0.0,-0.81,2.35,-285.43,1.0,-0.81,0.0,-24.45,8.83,0.0,0.0,-0.81,2.81,-41.79,-0.81,-1.85,1.0,1.0,0.0,0.0,6.0,0.94,0.0,-1.61,0
0.0,1.0,2.0,0.0,0.54,6.4,250.4,1.0,0.0,6.0,21.03,0.46,0.0,52.0,0.46,0.0,45.22,2.0,6.47,1.54,2.0,0.91,0.0,6.0,0.97,0.0,1.54,1
-0.99,-2.0,-1.0,0.0,0.0,5.0,240.03,1.0,0.0,7.01,28.99,1.74,-2.0,14.15,2.0,0.0,4.01,1.0,2.66,-1.0,0.0,-0.67,0.0,6.0,0.96,0.0,0.0,0
16.78,14.74,1.26,5.74,34.26,2.56,56.58,1.0,-4.44,-6.4,-11.32,3.28,4.04,105.36,0.26,-1.48,-16.72,1.0,2.62,1.26,1.0,0.08,0.0,6.0,0.64,0.0,0.52,0
0.0,0.78,1.0,0.0,-0.78,19.23,137.04,1.0,0.0,16.57,4.89,1.05,3.11,63.92,1.0,0.0,18.23,2.0,13.98,0.78,1.78,1.64,0.0,-85.84,0.87,0.0,3.56,1
0.0,1.0,1.14,9.44,0.0,-5.87,2.97,1.0,0.0,6.0,4.43,-3.88,0.0,52.0,1.86,-1.72,14.14,2.86,3.77,0.14,1.14,1.3,0.0,6.0,0.85,0.0,1.0,0
-2.54,1.15,0.15,0.0,0.0,7.15,149.32,1.0,0.0,1.85,18.23,2.07,-1.69,-9.13,1.0,1.0,10.45,2.0,2.64,0.0,1.0,-0.39,0.0,6.0,0.98,0.0,1.0,0
2.56,-0.56,1.0,0.0,-0.56,9.79,312.15,1.0,1.12,13.67,27.47,1.55,1.67,136.78,0.44,0.56,24.63,3.12,4.99,-0.56,-0.12,0.7,0.0,31.68,1.02,0.0,1.56,0
2.0,0.0,1.0,0.0,0.0,6.35,251.49,1.0,-0.65,12.0,23.0,1.69,0.0,91.0,1.0,0.0,9.0,2.0,2.15,0.0,1.0,0.5,0.0,6.0,0.98,0.0,0.35,0
0.0,4.0,1.0,0.0,0.0,3.86,49.19,1.0,1.05,4.76,-5.71,0.59,4.0,47.59,3.95,1.95,10.86,1.0,11.83,3.95,2.95,0.68,0.0,10.0,0.78,0.0,2.0,1
3.26,1.78,1.0,0.81,4.07,-1.19,24.63,1.0,2.19,0.0,0.41,0.35,4.41,37.6,2.19,0.59,7.56,1.0,4.15,1.59,1.59,1.06,0.0,299.59,0.93,0.0,1.59,1
3.4,-0.85,0.15,8.5,2.55,5.55,93.57,1.0,-1.7,-15.16,-6.05,1.56,0.0,15.6,2.85,0.15,-5.1,1.0,3.66,2.0,1.0,2.27,0.0,-3.35,0.97,0.0,-2.55,0
-0.78,2.33,1.0,0.78,0.0,-11.0,-19.13,1.0,0.0,-14.56,3.44,4.56,-3.89,57.9,0.44,1.78,-14.0,1.0,-7.3,1.22,0.22,0.09,0.0,-14.23,0.95,0.0,-1.56,0
1.21,-0.61,1.0,0.0,0.0,7.21,119.24,1.0,1.21,1.82,11.46,0.22,1.82,49.75,2.61,2.0,18.2,2.82,6.49,0.39,-0.61,0.57,0.0,33.91,1.02,0.0,0.61,0
-0.51,0.5,1.0,0.0,-9.03,25.01,136.07,1.0,0.0,20.0,-2.52,1.97,5.0,50.0,4.5,1.0,17.0,1.0,15.69,1.5,2.0,1.05,0.0,28.99,0.87,0.0,1.5,1
1.0,7.81,1.0,0.35,1.0,-1.3,75.94,1.0,0.0,4.0,7.7,1.23,0.0,102.73,-0.3,-0.65,12.37,0.35,2.32,0.0,1.0,0.15,0.0,6.0,0.95,0.0,2.3,0
2.32,0.58,1.0,2.16,5.81,5.0,32.8,1.0,-1.16,1.0,4.58,0.97,-1.16,114.3,0.84,1.42,-1.49,1.0,0.99,-0.16,1.58,1.03,0.0,3.68,0.96,0.0,-0.58,0
-5.79,0.83,1.0,-1.65,-8.27,18.19,99.22,1.0,-0.83,16.53,8.83,0.7,0.0,-28.93,4.48,0.0,11.57,1.0,14.79,0.0,1.83,0.7,0.0,-214.71,0.86,0.0,0.83,0
0.0,-1.2,1.0,0.0,1.0,14.61,505.72,1.0,1.0,2.41,40.61,1.4,-2.41,43.89,1.0,-0.6,56.6,1.0,4.55,-0.8,0.4,-0.47,0.0,9.01,1.03,0.0,2.6,1
-2.86,-5.51,0.28,-0.17,-8.09,-1.34,-141.31,1.0,0.0,-0.72,0.28,0.04,1.38,76.38,1.0,0.0,0.55,1.0,2.32,1.28,2.45,1.95,0.0,9.0,1.04,0.0,0.28,0
3.39,4.0,1.0,5.64,1.13,3.26,104.37,1.0,2.0,-2.26,-2.82,0.32,4.56,5.64,3.56,1.0,10.82,1.0,8.97,4.13,2.0,2.35,0.0,10.0,0.8,0.0,2.0,1
4.0,-11.29,0.06,15.34,5.0,0.18,-26.77,1.0,0.0,-0.94,-0.88,-0.3,3.0,-26.05,1.94,-0.94,-18.75,1.94,0.85,1.06,3.06,2.29,0.0,6.0,0.91,0.0,-0.88,0
-1.03,2.02,2.02,-2.59,-1.52,2.98,156.73,1.0,29.0,36.54,1.98,0.55,0.51,85.41,0.49,0.0,4.0,1.51,2.86,0.49,1.51,0.43,0.0,19.0,0.82,0.0,4.0,1
-1.21,-0.6,1.0,0.0,-10.27,4.02,52.12,1.0,1.0,0.0,2.56,0.81,0.6,0.0,3.81,0.0,-0.6,1.0,4.08,0.0,1.6,0.38,0.0,89.36,0.97,0.0,0.4,0
0.0,0.0,1.67,0.0,0.0,6.66,48.67,1.0,0.0,4.03,7.71,2.64,0.0,34.96,0.67,1.33,11.09,1.34,3.44,1.0,1.67,0.87,0.0,6.0,1.08,0.0,0.67,0
-12.65,1.58,0.26,-3.72,-26.05,3.0,55.27,1.0,0.0,9.19,17.63,2.95,-5.21,97.02,0.0,1.0,24.72,0.74,-0.32,-0.49,1.0,-0.98,0.0,6.0,1.15,0.0,1.26,0
0.58,0.42,1.0,2.92,-7.58,4.75,34.75,1.0,0.0,0.0,-8.16,5.26,1.75,39.66,0.0,1.0,-0.58,0.0,2.64,2.17,3.33,1.0,0.0,2.5,0.85,0.0,0.0,0
4.29,-0.68,1.0,13.03,-0.39,4.0,125.48,1.0,0.0,0.0,4.0,0.65,-0.35,79.87,2.0,0.0,4.32,1.0,5.02,2.0,3.03,2.61,0.0,3.97,0.94,0.0,1.0,0
19.84,14.84,2.0,5.0,34.16,16.19,30.3,1.0,-0.84,17.71,-24.73,-0.07,11.18,136.77,3.51,0.0,-27.75,1.0,12.51,2.0,1.84,2.95,0.0,27.72,0.63,0.0,2.0,1
3.89,0.35,2.0,7.13,1.95,-10.67,39.32,1.0,0.0,-6.97,8.3,0.21,-2.59,76.64,-0.3,0.0,6.57,2.0,-1.64,1.65,1.35,1.93,0.0,-10.86,0.98,0.0,0.35,0
1.23,0.0,1.0,0.0,0.0,4.68,189.08,1.0,-0.77,13.55,17.58,0.94,-0.77,87.9,2.55,0.0,4.35,1.23,5.82,0.0,1.77,0.1,0.0,1.35,0.95,0.0,0.23,0
2.6,0.0,1.0,0.0,0.0,5.6,157.0,1.0,2.6,4.81,10.81,-0.4,3.6,114.59,0.4,0.4,35.43,3.6,7.73,0.0,0.6,1.26,0.0,55.62,0.99,0.0,2.21,1
-6.42,-0.8,1.0,-1.6,-7.22,1.6,28.81,1.0,1.6,0.0,12.01,0.87,-3.21,-64.18,4.41,0.0,0.0,1.0,2.69,-1.6,1.8,-0.13,0.0,140.77,1.01,0.0,-0.8,0
1.0,1.32,1.66,-7.24,0.0,11.6,203.85,1.0,2.32,5.63,16.24,1.56,1.0,102.02,2.32,1.0,14.92,2.0,5.29,1.0,1.66,0.93,0.0,17.92,1.0,0.0,3.97,1
-0.71,4.0,1.0,-5.7,-1.42,-3.27,84.34,1.0,2.0,0.71,4.99,1.23,-3.12,-17.81,3.0,1.0,10.14,1.71,0.57,1.58,-1.56,0.02,-0.71,10.0,0.84,0.0,3.42,1
2.53,2.8,0.27,7.87,10.73,2.47,-213.93,1.0,-4.4,-7.34,-11.48,-0.11,6.4,63.57,-0.47,-2.2,-17.09,1.0,9.56,1.73,6.67,2.09,0.73,6.0,0.83,0.0,-0.47,0
2.45,-2.45,1.82,0.82,0.0,0.0,41.13,1.0,0.0,15.5,21.87,0.24,-2.45,75.05,0.37,0.0,2.45,1.0,2.17,-0.82,0.18,0.36,0.0,11.71,0.95,0.0,1.63,0
2.2,3.4,1.0,0.0,18.0,-2.4,-42.15,1.0,-0.8,-2.4,7.81,2.45,-0.8,-43.17,0.2,0.0,-2.8,-0.6,1.03,0.0,0.0,0.14,0.0,7.2,0.93,0.0,-0.6,0
0.0,5.92,0.46,0.0,0.0,7.08,95.44,1.0,0.0,-2.69,3.31,3.94,0.0,25.83,1.46,2.54,3.23,-0.08,1.75,1.0,-0.54,-0.7,0.0,6.0,0.92,0.0,0.54,0
0.91,0.91,1.0,0.0,0.91,3.27,64.38,1.0,-0.91,-3.54,3.46,1.68,0.0,-29.5,-0.82,-1.82,4.09,2.0,-2.38,0.91,1.91,0.44,0.0,6.0,0.96,0.0,1.09,0
1.25,3.0,1.0,0.75,-0.75,4.25,112.24,1.0,2.0,3.0,4.49,3.4,2.25,157.08,-0.5,1.75,29.25,3.0,7.09,0.0,0.0,0.93,0.0,-56.12,0.92,0.0,1.0,0
2.31,0.77,0.77,11.77,-0.77,-7.72,-268.56,1.0,0.77,14.66,-13.12,0.78,0.77,70.98,1.0,0.77,-34.72,1.0,-1.87,0.77,0.0,0.74,0.0,14.49,0.77,0.0,1.54,0
3.38,2.98,1.0,1.19,5.95,2.83,109.47,1.0,1.0,3.0,7.81,-1.98,2.19,107.59,1.6,-0.19,9.6,2.6,5.33,1.0,2.19,1.73,0.0,12.0,0.87,0.0,2.6,1
0.0,4.0,1.0,1.0,0.0,4.0,42.0,1.0,0.0,0.0,0.0,4.67,0.0,100.0,2.0,1.0,0.0,1.0,1.0,0.0,1.0,0.0,0.0,6.0,0.91,0.0,0.0,0
1.0,1.0,1.0,0.0,0.0,16.61,107.22,1.0,0.77,20.0,5.85,-3.8,5.0,50.0,5.54,-1.54,17.23,1.77,16.89,0.23,2.0,1.89,0.0,32.0,0.85,0.0,2.77,1
0.0,0.86,0.14,0.0,1.0,10.17,168.1,1.0,3.72,-1.72,9.45,1.67,1.0,18.09,5.72,0.0,-3.17,0.14,0.29,-0.86,1.14,0.19,0.0,184.75,0.98,0.0,1.72,1
1.7,4.26,1.0,1.13,5.09,7.57,152.96,1.0,2.0,4.0,11.0,0.96,1.13,123.9,2.43,0.0,9.0,1.0,4.42,0.0,1.57,1.38,0.0,15.0,0.91,0.0,3.57,1
1.91,0.0,1.0,0.0,1.0,15.76,541.39,1.0,2.91,2.86,34.95,1.01,2.86,78.14,0.05,0.95,84.59,2.91,10.11,1.0,0.05,0.22,0.0,49.84,1.0,0.0,2.95,1
5.92,1.26,1.0,1.48,7.4,4.78,149.74,1.0,2.74,4.0,11.74,-2.42,3.7,135.91,3.74,-0.74,11.96,1.74,3.67,0.0,1.0,1.57,0.0,231.84,1.04,0.0,3.74,1
0.0,1.0,1.0,0.0,-0.78,2.22,0.1,1.0,-1.57,3.92,-3.14,5.07,-0.78,39.24,-0.78,1.78,0.78,0.0,6.3,1.78,1.0,-0.63,0.0,-128.2,0.78,0.0,0.78,0
0.92,0.92,1.0,1.85,1.0,10.08,595.99,1.0,27.82,30.52,33.08,0.42,0.0,26.82,0.08,-1.85,57.85,1.0,8.08,1.0,1.0,-0.03,0.0,18.02,0.82,0.0,5.7,1
0.0,11.75,1.0,0.0,1.0,2.06,65.94,1.0,2.0,0.0,0.13,1.25,1.0,73.42,3.02,0.98,17.66,-0.96,1.19,0.98,2.0,0.21,0.0,177.0,0.98,0.0,0.0,1
0.0,-1.18,1.0,0.0,0.0,3.05,22.6,1.0,0.59,3.36,3.29,0.24,0.0,53.28,2.77,0.59,5.59,1.41,7.34,0.0,1.0,1.0,0.0,6.0,0.92,0.0,2.0,0
2.22,5.0,1.0,2.0,10.0,-0.78,7.06,1.0,0.0,4.45,-0.78,0.14,1.11,134.54,0.11,0.89,-10.47,1.0,5.78,1.0,3.89,1.33,0.0,6.0,0.85,0.0,0.11,0
-1.76,-1.76,0.41,0.0,-0.59,-5.27,-178.01,1.0,-2.93,-5.86,2.14,0.3,-2.34,-50.36,1.41,-1.76,-16.39,1.0,3.05,-0.59,1.0,-0.26,0.0,6.0,0.92,0.0,-0.59,0
0.75,0.0,1.0,-6.01,-1.5,-0.75,200.68,1.0,0.0,10.01,21.52,2.44,-7.51,49.79,2.0,1.0,5.26,1.75,-4.98,0.5,-2.75,-0.36,-0.75,6.0,0.96,0.0,0.75,0
8.36,0.0,1.0,11.85,6.87,3.62,93.53,1.0,-0.62,-3.11,-0.24,0.38,3.62,85.43,-0.24,-1.24,2.24,1.0,1.7,3.24,4.0,3.24,0.0,6.0,0.96,0.0,1.0,0
0.0,4.0,1.0,1.0,-0.74,-1.16,-265.9,1.0,-0.74,3.68,-23.57,4.42,0.0,136.83,3.47,1.74,-39.04,1.0,1.96,0.0,1.74,0.0,0.0,6.0,0.87,0.0,-0.74,0
-3.7,12.0,1.0,-1.06,-4.76,5.65,105.82,1.0,-0.53,1.0,4.65,2.23,-2.12,55.03,1.59,1.0,19.41,0.0,2.55,0.47,1.0,-0.71,0.0,-72.84,0.95,0.0,1.47,0
-1.64,0.36,-0.64,0.82,0.82,5.36,152.28,1.0,2.0,3.18,16.74,1.67,-1.64,73.82,3.0,0.0,4.9,0.18,1.93,-0.82,0.18,-0.48,0.0,15.0,0.93,0.0,3.0,1
2.21,2.21,1.74,1.0,0.74,12.36,306.39,1.0,4.42,8.36,11.36,1.27,2.95,125.32,2.74,4.21,22.62,1.0,3.92,1.74,1.0,1.9,0.0,6.0,0.98,0.0,1.47,1
3.85,1.0,2.0,1.0,0.85,1.85,95.15,1.0,2.0,14.77,20.38,0.53,1.85,49.71,1.85,0.15,9.31,1.0,-1.32,1.15,0.15,0.96,0.0,138.8,0.93,0.0,3.15,1
2.1,0.1,2.0,1.0,0.0,-17.88,-1.52,1.0,2.9,1.02,22.39,0.15,-3.5,47.05,-0.8,1.0,-5.18,1.0,-5.08,1.1,0.1,0.42,0.0,-6.38,0.91,0.0,3.1,0
1.0,0.0,1.0,0.21,1.79,4.73,363.37,1.0,0.79,3.21,32.63,0.56,0.0,29.17,0.21,-1.58,42.53,1.0,5.7,0.0,1.0,0.06,0.0,6.0,0.97,0.0,2.58,1
1.1,0.0,1.0,-7.17,-1.79,-4.76,40.07,1.0,0.0,0.0,10.28,0.7,-7.96,-44.82,4.9,0.0,15.21,1.0,-1.01,-0.79,-3.48,-0.86,-0.9,6.0,0.92,0.0,2.0,0
8.0,-2.13,1.0,2.0,10.0,4.56,46.84,1.0,-1.56,0.78,4.91,0.8,1.87,94.86,0.22,0.0,-4.26,1.0,0.62,1.22,0.22,1.64,0.0,5.87,0.99,0.0,-0.56,0
4.71,-1.36,-0.36,7.46,2.03,7.36,122.39,1.0,0.0,-3.39,5.36,0.68,0.32,7.46,4.68,0.0,17.0,0.32,7.96,1.68,0.32,1.03,0.0,6.0,0.87,0.0,2.0,1
1.0,-1.07,1.0,8.0,2.0,15.76,102.52,1.0,-1.07,0.54,8.52,1.14,7.85,56.44,-0.07,0.0,-1.22,1.54,9.94,0.39,5.46,1.82,1.0,3.85,1.02,0.0,-0.54,0
13.26,8.75,1.63,3.13,21.26,7.25,214.95,1.0,0.0,0.63,1.5,0.15,4.75,59.4,2.12,0.0,18.88,1.0,9.91,2.25,1.0,1.9,0.0,-84.04,0.73,0.0,3.25,1
1.0,0.0,1.0,1.0,1.0,0.0,46.0,1.0,0.0,4.0,9.0,0.77,0.0,78.0,1.0,0.0,0.0,1.0,2.2,0.0,1.0,0.58,0.0,6.0,0.95,0.0,1.0,0
1.0,0.33,1.0,-2.02,0.0,24.02,59.98,1.0,-18.89,-0.91,6.05,1.1,5.67,25.04,4.0,0.67,21.37,1.67,14.52,1.0,2.0,1.27,0.0,27.28,1.0,0.0,0.65,1
0.0,-11.25,1.0,0.0,0.0,2.13,-23.43,1.0,0.94,4.06,7.62,-0.84,0.0,-43.73,4.87,0.06,-16.68,1.94,9.3,0.06,2.0,0.68,0.0,6.0,0.92,0.0,0.06,0
3.0,1.0,1.0,0.0,18.0,2.36,37.58,1.0,0.0,0.79,12.64,0.9,0.0,14.94,1.0,0.79,2.0,1.0,0.12,1.57,0.0,0.91,0.0,12.0,0.96,0.0,1.0,0
0.52,0.0,0.0,11.52,0.52,-0.52,26.26,1.0,-0.52,2.09,0.52,1.45,0.0,40.72,0.48,0.0,0.0,1.0,-0.82,0.0,0.0,-0.08,0.0,6.0,0.86,0.0,0.0,0
8.0,-0.55,1.0,2.0,10.0,-8.21,27.55,1.0,1.55,-9.3,4.83,0.69,2.81,87.19,-0.64,0.55,-0.92,1.55,-4.23,1.0,0.45,0.9,0.0,288.06,1.01,0.0,1.0,0
6.64,-1.66,1.0,1.66,8.3,0.17,52.26,1.0,1.0,0.0,8.83,-3.15,4.15,66.41,2.83,-0.83,-0.83,1.83,3.81,0.83,1.0,2.25,0.0,8.49,0.98,0.0,1.83,0
-13.76,-6.14,-0.45,5.35,-25.35,-1.07,-165.16,1.0,0.0,-0.72,-1.45,5.41,-5.07,31.19,2.0,1.0,-2.9,1.0,-3.49,-1.45,0.28,-1.33,0.0,6.0,1.03,0.0,-1.45,0
2.0,0.0,1.0,0.0,0.0,6.42,250.5,1.0,1.15,13.73,21.27,1.19,0.0,126.18,2.15,-0.58,13.04,1.42,2.59,0.0,1.0,0.8,0.0,11.19,0.97,0.0,2.15,1
3.28,0.0,1.0,7.22,1.97,2.03,-49.41,1.0,0.0,-2.88,-10.47,-0.21,0.66,48.03,3.66,1.0,0.37,0.34,10.63,2.31,2.0,1.17,0.0,6.0,0.85,0.0,1.0,0
0.95,0.95,1.0,1.0,0.0,0.26,8.94,1.0,-1.9,1.0,-0.74,1.22,-0.95,62.0,0.1,2.0,2.0,1.0,2.67,1.95,1.0,0.48,0.0,-156.26,0.87,0.0,0.0,0
2.0,12.67,2.33,0.0,0.0,2.33,101.66,1.0,0.0,4.33,3.33,-1.38,1.33,151.32,0.67,0.33,24.33,1.33,4.55,1.0,1.67,1.26,0.0,6.0,1.02,0.0,2.67,1
1.3,2.0,3.0,0.0,0.0,1.15,-102.28,1.0,0.0,-4.34,-10.73,0.02,2.0,20.99,1.0,0.0,1.61,2.0,4.84,1.0,2.0,1.96,0.0,6.0,0.94,0.0,1.85,0
1.0,1.97,1.0,3.0,0.0,0.13,82.17,1.0,29.0,33.03,-10.54,2.77,0.0,79.39,0.03,0.0,4.97,-0.93,5.68,1.97,1.0,0.54,0.0,19.0,0.7,0.0,3.03,0
6.0,0.0,1.0,1.0,5.0,7.0,259.5,1.0,0.5,12.0,19.5,1.57,2.5,133.52,0.5,0.0,11.0,2.0,0.71,0.5,1.0,0.84,0.0,152.58,1.01,0.0,1.5,1
3.15,-1.58,-0.58,9.67,2.36,6.58,119.85,1.0,0.0,-2.94,5.58,1.31,-0.79,70.67,2.79,2.0,2.0,0.21,4.06,1.79,0.21,1.0,0.0,6.0,0.88,0.0,0.0,0
2.0,0.0,1.0,0.0,0.0,6.0,58.0,1.0,0.0,0.0,4.0,0.54,1.0,0.0,4.0,0.0,17.0,1.0,6.83,1.0,1.0,0.75,0.0,6.0,0.92,0.0,2.0,1
0.0,11.42,1.0,0.0,-0.95,4.1,114.65,1.0,-1.9,1.95,4.19,2.4,-0.95,120.19,-2.81,0.95,23.09,1.05,4.62,0.95,0.05,-0.16,0.0,-156.77,0.9,0.0,3.9,0
-14.44,-11.89,0.15,-4.25,-29.73,-0.7,-122.31,1.0,2.7,1.7,13.95,0.64,-3.4,-11.04,2.0,0.85,22.09,2.7,4.72,-1.7,0.15,-0.04,0.0,45.08,1.2,0.0,0.15,0
-4.66,0.0,1.0,-10.47,-2.85,4.05,40.16,1.0,2.95,7.76,10.9,0.37,2.05,55.36,2.9,2.9,28.1,3.0,10.21,-1.9,0.0,-0.52,0.0,52.0,1.0,0.0,1.0,0
0.0,0.0,1.0,-0.69,1.69,9.17,342.84,1.0,2.69,-0.69,26.83,0.52,1.0,-43.05,3.31,-1.39,39.5,1.0,4.84,0.0,2.0,0.34,0.0,177.0,1.02,0.0,1.39,1
-1.51,12.5,0.5,-0.5,0.0,6.53,135.32,1.0,-1.01,-8.07,0.49,2.83,-0.5,59.71,0.0,1.0,16.47,0.5,1.34,-0.01,1.0,-0.43,0.0,0.46,1.0,0.0,0.49,0
-1.36,-2.03,0.32,0.0,-0.68,-2.03,-152.3,1.0,-3.39,-4.75,1.9,1.04,-2.03,-21.7,0.64,-1.36,-12.88,1.68,2.58,0.0,1.0,-0.55,0.0,10.07,0.91,0.0,0.0,0
2.81,-8.43,1.0,3.51,3.51,8.0,12.16,1.0,0.0,-0.7,2.3,4.88,2.11,-22.49,0.7,1.3,-13.05,0.7,1.47,1.7,3.11,1.61,0.0,6.0,1.03,0.0,-0.7,0
0.0,0.0,1.0,0.0,0.0,1.0,34.0,1.0,1.0,0.0,8.0,0.39,0.0,0.0,2.0,0.0,0.0,1.0,3.78,0.0,1.0,0.73,0.0,6.0,0.96,0.0,1.0,0
3.99,-0.57,1.0,6.27,1.71,6.57,124.26,1.0,0.0,0.0,8.28,0.39,0.57,50.15,3.14,1.43,2.85,1.57,5.0,1.57,0.0,1.32,0.0,6.0,0.96,0.0,0.57,0
1.0,3.99,1.0,0.0,0.0,2.01,84.06,1.0,3.0,2.0,1.01,0.65,4.99,29.04,3.0,2.0,11.99,1.0,7.19,3.99,2.0,1.31,0.0,15.99,0.82,0.0,2.0,1
4.78,0.0,1.0,7.51,1.37,1.22,-151.4,1.0,-0.68,0.0,-14.49,2.82,0.68,60.1,2.68,2.0,-34.83,1.0,1.23,1.68,0.0,1.58,0.0,6.0,0.89,0.0,-0.68,0
0.0,4.54,1.89,-8.85,0.0,6.54,45.47,1.0,0.0,0.0,0.0,8.23,0.0,88.52,0.89,1.89,0.0,0.0,1.89,1.0,1.89,0.0,0.0,6.0,0.89,0.0,0.0,0
3.74,1.0,0.26,2.22,18.0,2.22,156.79,1.0,21.47,20.73,12.04,0.49,0.0,28.87,1.0,0.0,-6.14,0.26,0.11,0.0,-0.74,0.08,0.0,21.62,0.83,0.0,3.22,0
3.04,3.8,1.0,1.52,7.6,-0.52,19.56,1.0,0.24,-3.8,4.2,0.22,1.52,22.8,-0.28,-1.52,-0.76,1.0,0.86,0.76,2.52,1.66,0.0,6.0,0.92,0.0,1.0,0
-16.49,-9.41,0.13,-4.34,-30.38,3.87,-98.97,1.0,0.0,0.0,10.41,6.9,-6.08,-72.03,0.0,1.87,-1.74,0.87,-2.97,-0.74,1.0,-1.5,0.0,6.0,1.09,0.0,-0.87,0
1.0,-0.71,1.0,1.71,1.0,0.0,60.91,1.0,0.0,6.84,14.68,0.76,0.0,133.37,0.29,0.0,-1.42,1.0,2.58,-0.71,0.29,0.57,0.0,6.0,0.97,0.0,1.71,0
1.0,8.12,1.0,3.0,0.0,3.21,249.27,1.0,29.0,34.79,4.58,-1.34,0.0,170.06,1.0,0.0,18.23,1.0,3.12,1.0,1.0,0.64,0.0,19.0,0.82,0.0,5.58,1
-0.72,11.28,1.0,0.0,-13.04,8.07,259.79,1.0,0.0,9.69,7.8,2.97,0.0,165.92,0.0,1.0,26.07,0.72,3.69,1.0,1.72,-0.04,0.0,1.65,0.95,0.0,2.0,0
1.57,2.0,3.0,0.0,0.0,-0.15,36.99,1.0,0.72,8.58,3.43,0.22,1.28,119.9,1.0,1.43,-5.01,2.0,4.36,0.28,2.0,1.91,0.0,6.0,0.96,0.0,0.28,0
-5.83,0.0,1.0,-1.67,-8.33,8.83,116.65,1.0,0.0,3.5,11.66,2.46,-3.33,-6.83,2.0,1.83,4.17,1.83,4.54,2.0,1.0,0.46,0.0,-233.1,0.9,0.0,0.83,0
0.0,0.0,0.0,11.0,0.83,6.6,347.68,1.0,0.0,-4.13,23.11,1.67,0.0,-49.52,-1.48,-1.65,43.75,1.0,-0.78,0.83,0.0,-0.64,0.0,6.0,0.9,0.0,0.83,0
0.0,-3.21,1.0,-0.8,0.8,8.62,365.86,1.0,0.8,1.0,32.29,-1.71,0.0,-61.26,1.2,0.2,44.95,1.0,8.38,2.8,1.0,1.12,0.0,6.0,0.97,0.0,1.61,1
-0.52,-0.52,0.49,0.0,-0.51,19.97,-29.43,1.0,-3.04,15.44,-3.07,0.91,2.97,19.1,2.99,-1.52,6.35,1.51,13.57,0.49,2.0,0.43,0.0,32.0,0.87,0.0,2.0,0
0.57,3.0,0.43,1.7,0.0,5.7,135.61,1.0,16.39,15.83,-2.26,4.63,0.0,22.04,0.0,1.0,-3.22,-0.57,3.15,1.0,0.43,-0.37,0.0,13.35,0.79,0.0,1.7,0
0.7,-1.4,1.0,0.0,0.0,4.0,8.99,1.0,-0.7,4.3,0.6,0.67,0.7,36.69,1.6,1.7,3.0,1.7,8.8,1.7,2.0,-0.03,0.0,3.9,0.91,0.0,0.3,0
-0.96,-0.31,-0.31,3.0,0.0,6.62,235.08,1.0,29.0,31.38,6.92,1.28,-1.31,56.99,1.0,0.0,4.0,1.0,3.75,0.35,0.35,-0.2,0.0,19.0,0.77,0.0,4.65,1
0.0,1.48,1.0,0.0,0.0,8.74,93.01,1.0,1.48,2.21,5.21,6.01,0.0,35.42,1.48,2.0,3.95,-0.74,0.58,1.0,1.0,-0.01,0.0,12.64,0.99,0.0,0.74,0
2.53,4.0,1.0,4.37,3.37,6.53,36.94,1.0,0.0,-3.37,-6.75,4.25,2.53,91.57,2.0,1.0,0.84,1.0,2.18,1.69,3.53,1.44,0.0,6.0,0.93,0.0,0.0,0
7.1,3.7,1.0,2.0,9.1,2.1,38.99,1.0,0.0,0.0,-4.4,3.29,4.1,80.0,-2.6,0.9,3.8,0.1,5.84,2.9,1.0,1.83,0.0,-120.69,0.82,0.0,1.0,0
-0.19,1.0,1.0,3.0,0.0,5.19,199.07,1.0,29.0,34.0,2.41,3.89,-0.59,91.0,-1.37,1.19,-5.48,0.41,0.25,1.0,1.0,0.19,0.0,19.0,0.83,0.0,2.81,0
-0.76,1.76,2.0,2.28,0.0,-1.28,-13.2,1.0,22.0,22.69,-8.17,-0.59,0.0,52.0,1.0,0.0,11.21,1.24,6.04,1.76,2.0,1.39,0.0,15.86,0.81,0.0,3.28,1
0.67,0.0,1.0,4.72,1.35,4.72,23.33,1.0,0.0,-0.67,5.98,-0.24,6.74,-8.09,1.33,-1.35,0.0,1.0,11.16,0.67,4.37,1.94,0.67,6.0,0.94,0.0,0.0,0
2.16,3.28,1.72,0.72,0.0,-3.31,-0.93,1.0,2.0,10.79,4.31,-0.31,4.72,13.66,1.56,1.72,9.44,1.0,8.66,4.44,2.0,1.64,0.0,11.44,0.76,0.0,2.72,1
1.18,0.0,1.0,0.0,0.0,6.59,160.91,1.0,0.0,6.46,14.82,3.27,0.0,38.79,2.0,2.0,2.35,1.0,1.69,1.0,0.0,-0.05,0.0,6.0,0.96,0.0,-0.59,0
2.0,-1.33,1.0,0.0,0.0,9.98,121.76,1.0,0.0,2.66,11.31,1.12,-1.66,48.48,4.0,-0.66,17.66,1.0,3.91,-0.99,0.34,0.23,0.0,9.32,1.0,0.0,2.66,1
0.0,-0.91,1.0,0.0,0.91,7.83,94.77,1.0,1.83,0.0,11.48,-1.05,0.91,0.0,5.65,1.09,1.83,1.91,3.35,0.09,0.91,0.73,0.0,162.09,1.07,0.0,0.0,0
4.19,1.0,2.0,1.0,0.0,1.0,56.15,1.0,2.0,18.4,14.62,-0.19,1.6,77.12,2.79,1.0,18.14,0.4,6.77,2.6,1.0,1.05,0.0,17.0,0.83,0.0,4.0,1
0.0,-5.42,2.0,0.0,0.53,2.07,12.02,1.0,1.07,5.47,9.14,-0.42,0.53,-1.48,3.14,-0.53,4.84,2.53,3.99,0.47,2.53,1.73,0.0,97.45,1.0,0.0,-0.07,0
1.33,1.0,2.0,3.33,3.33,-1.0,15.02,1.0,0.0,6.0,5.0,0.02,1.33,97.27,-1.0,0.0,4.35,2.0,2.47,1.67,4.0,2.32,0.0,6.0,1.0,0.0,0.33,0
4.35,-0.54,0.46,1.09,5.44,3.46,30.0,1.0,0.54,1.74,-1.26,0.51,2.72,67.95,3.0,1.0,-2.98,0.46,7.07,1.0,1.46,0.02,0.0,165.34,0.91,0.0,1.0,0
-1.97,2.01,1.0,0.0,-16.77,8.93,64.6,1.0,0.0,0.0,-8.88,5.06,0.99,0.0,2.96,1.0,2.01,0.0,4.16,1.0,1.99,-0.56,0.0,142.14,0.92,0.0,-0.99,0
0.53,-1.59,0.47,3.65,2.12,1.29,-134.84,1.0,-3.18,-4.3,-5.02,1.0,-0.53,52.45,0.94,0.41,-12.32,1.0,1.57,1.53,2.59,0.62,0.0,6.0,0.93,0.0,-0.53,0
3.27,2.18,1.0,5.0,4.27,3.73,60.32,1.0,1.45,0.0,0.27,0.03,5.9,68.0,1.73,0.73,5.35,1.0,7.71,3.45,4.0,2.85,0.0,8.9,0.9,0.0,2.45,1
-2.83,0.0,0.06,0.06,0.0,6.89,-0.32,1.0,-1.89,-16.94,-12.05,5.8,-0.94,-24.86,1.06,2.0,-8.39,0.06,-0.82,0.06,1.0,-0.24,0.0,-4.39,0.94,0.0,-3.78,0
-13.27,-7.08,1.0,-3.49,-24.45,2.81,-45.88,1.0,2.0,7.49,14.49,1.3,-4.89,42.96,3.0,0.0,16.68,1.7,1.83,-0.7,1.7,0.21,0.0,15.0,1.13,0.0,2.3,0
0.0,0.0,1.0,1.0,0.0,2.32,36.07,1.0,0.89,5.47,4.0,-1.24,0.0,115.59,3.79,2.0,4.68,1.0,7.64,0.11,1.89,1.36,0.0,6.0,0.92,0.0,0.89,0
3.0,8.6,1.0,0.0,18.0,1.9,61.11,1.0,-1.9,0.95,16.9,1.5,-3.8,95.02,-1.85,0.0,14.35,0.05,-3.4,-1.9,-0.95,-0.74,0.0,8.2,1.08,0.0,1.0,0
0.0,3.3,1.0,1.0,0.0,-6.45,42.7,1.0,0.7,-11.85,4.88,5.36,-2.79,102.79,-0.09,1.7,-6.27,1.7,-6.94,0.0,0.3,-0.55,0.0,-7.94,0.96,0.0,0.0,0
1.78,0.78,1.0,1.0,1.0,-8.54,-282.24,1.0,-0.78,4.0,-16.61,0.69,0.0,78.0,1.78,0.0,-41.9,1.0,-2.09,0.0,1.78,1.05,0.0,6.0,0.92,0.0,-0.55,0
-1.81,-0.6,0.4,-0.6,0.0,11.01,56.43,1.0,-1.2,-10.83,-2.42,6.63,-0.6,-40.32,0.0,1.4,-2.61,0.6,0.23,-0.2,1.0,-0.22,0.0,-0.62,1.07,0.0,-1.2,0
3.58,-3.58,1.0,4.47,4.47,4.79,28.38,1.0,-1.79,1.0,5.89,1.17,-0.89,79.78,0.21,0.11,-6.26,1.0,0.06,1.11,2.79,1.94,0.0,2.42,1.06,0.0,-0.89,0
4.65,1.0,2.0,0.18,0.0,2.65,249.33,1.0,2.0,28.05,32.64,0.71,1.0,115.87,0.18,-0.65,16.76,1.82,4.03,1.18,1.0,0.84,0.0,17.0,0.89,0.0,4.82,1
-13.54,-10.32,0.13,-4.35,-12.46,-3.48,-218.71,1.0,0.0,-0.87,13.26,4.49,-6.09,-82.69,0.13,0.87,-1.48,0.13,-3.74,-0.87,0.0,-1.03,0.0,12.0,1.1,0.0,-0.74,0
1.61,-0.83,1.0,0.0,1.61,-0.61,7.95,1.0,-1.22,0.0,1.61,0.98,-2.44,0.0,1.39,-0.61,-1.65,1.0,-1.78,-0.22,2.0,0.13,0.0,3.56,0.98,0.0,-1.22,0
-1.52,1.0,0.16,3.0,-0.84,-1.04,-83.74,1.0,23.96,25.61,-12.11,3.86,-3.36,18.81,-1.52,-1.68,-16.98,0.16,1.89,1.0,1.0,-1.35,0.0,19.0,0.7,0.0,2.32,0
4.0,0.0,1.0,5.0,4.18,-1.12,7.87,1.0,-1.65,0.0,2.65,0.01,2.18,68.0,-0.65,0.0,-0.65,1.0,5.66,2.0,3.18,2.2,0.0,-134.89,0.92,0.0,1.0,0
1.0,-0.92,0.08,1.0,1.92,9.21,433.85,1.0,0.92,-1.53,33.87,1.4,0.0,30.09,1.0,0.0,37.77,0.08,4.57,0.0,0.08,-0.61,0.0,6.0,0.95,0.0,1.92,1
2.02,0.02,1.0,0.0,0.38,5.87,57.31,1.0,0.0,0.0,4.23,0.53,0.98,0.0,3.94,0.0,16.68,1.0,6.71,0.98,0.98,0.75,0.0,6.13,0.92,0.0,1.98,1
0.62,4.0,1.0,1.0,-0.62,4.62,43.86,1.0,0.0,0.0,-1.24,4.48,0.0,100.0,2.0,1.0,9.93,1.0,4.44,0.62,1.0,0.47,0.0,-83.41,0.87,0.0,1.24,0
-5.33,-0.67,1.0,-1.33,-6.66,4.33,28.01,1.0,1.0,0.0,9.33,4.31,-3.33,-53.28,1.33,1.33,-0.67,0.33,1.98,-0.67,1.0,-0.49,0.0,4.0,1.01,0.0,0.33,0
0.0,-2.97,1.0,0.0,0.74,8.42,327.14,1.0,0.26,0.0,33.23,0.71,-2.97,0.0,0.52,-0.74,35.62,1.0,3.68,-1.48,0.26,-0.29,0.0,3.03,1.06,0.0,1.0,0
0.0,0.0,0.5,5.45,0.0,1.51,30.09,1.0,0.0,0.5,2.52,1.29,0.0,9.58,1.5,0.5,0.0,1.0,1.72,1.01,0.5,0.57,0.0,6.0,0.9,0.0,0.0,0
4.0,-11.19,1.0,5.93,5.0,4.87,-2.91,1.0,0.0,0.0,2.87,-0.39,3.0,32.55,2.87,0.93,-16.72,1.93,3.43,2.0,4.0,2.91,0.0,6.0,0.98,0.0,-0.87,0
1.48,1.03,1.0,-0.52,-0.52,9.61,111.13,1.0,1.03,0.0,5.03,0.82,1.0,-2.58,5.03,0.0,21.64,1.0,7.21,1.0,1.0,0.75,0.0,10.64,0.92,0.0,3.03,1
0.26,2.55,3.55,-0.55,-5.48,2.55,67.77,1.0,0.55,15.42,10.77,0.41,-0.19,80.84,1.0,0.55,8.84,2.0,4.95,1.55,2.0,1.68,0.0,-148.64,0.9,0.0,2.65,0
0.0,0.0,1.0,1.0,0.0,5.0,60.84,1.0,0.0,1.59,5.17,0.13,0.0,76.66,1.41,0.83,4.93,1.59,3.24,0.41,1.59,1.02,0.0,6.0,0.95,0.0,1.17,0
-3.77,2.26,1.75,-1.51,-6.79,7.55,289.65,1.0,3.77,7.55,20.83,0.69,-0.75,0.75,3.51,2.26,18.11,1.0,7.14,0.0,1.0,1.49,0.0,-215.12,0.95,0.0,0.75,0
2.05,4.68,1.0,1.0,12.32,-0.11,17.36,1.0,0.0,0.0,6.16,2.69,0.0,100.0,1.32,-0.37,1.37,1.0,-0.29,-0.68,1.0,0.39,0.0,10.11,0.94,0.0,0.68,0
8.0,-9.1,1.0,2.0,10.0,0.47,0.6,1.0,0.0,-0.84,6.05,-1.13,5.0,-4.17,2.68,-0.84,-15.68,1.84,4.81,1.16,1.0,2.42,0.0,9.0,0.92,0.0,-0.68,0
5.15,10.44,0.05,1.05,10.0,1.9,43.13,1.0,-0.9,-17.08,-13.23,1.66,4.05,92.59,0.05,0.0,13.49,0.05,0.24,0.05,1.0,0.42,0.0,288.56,1.07,0.0,-0.9,0
1.0,1.57,1.0,3.0,0.0,5.71,206.14,1.0,29.0,34.0,-1.57,3.4,0.0,91.0,-0.14,0.57,4.0,0.43,1.85,1.57,1.0,0.24,0.0,19.0,0.73,0.0,4.0,1
0.0,0.0,1.82,0.82,-14.77,0.82,64.2,1.0,1.64,15.59,9.64,0.48,0.82,75.49,2.0,0.82,7.38,1.0,7.53,1.64,1.82,1.02,0.0,10.1,0.84,0.0,2.46,1
-2.54,0.0,1.0,-3.39,-3.39,5.46,53.08,1.0,0.0,3.39,9.77,6.42,-2.54,8.46,0.0,2.0,0.15,0.0,-0.18,-0.69,-1.54,-1.44,0.0,6.0,0.98,0.0,0.0,0
1.12,-0.56,1.0,0.0,1.0,6.68,80.9,1.0,2.0,0.0,8.24,-1.9,1.56,0.0,6.24,-0.56,11.51,1.56,5.01,0.0,2.0,1.22,0.0,177.0,1.04,0.0,1.12,1
-0.84,-0.84,1.0,-2.51,0.0,3.49,-55.16,1.0,-23.44,-27.47,12.19,1.09,0.0,-51.19,1.84,0.0,1.65,2.0,3.56,-0.84,1.0,0.67,0.0,-4.88,1.1,0.0,-0.51,0
0.53,0.0,1.0,1.53,0.53,0.79,43.95,1.0,0.0,3.1,7.16,-1.6,0.0,103.04,2.53,0.95,1.47,1.53,3.38,0.47,1.0,0.97,0.0,6.0,0.91,0.0,0.53,0
1.92,1.0,2.0,0.0,-0.96,-4.76,-285.93,1.0,0.96,8.88,-17.0,-0.14,2.88,130.71,1.0,0.96,-9.96,3.92,4.73,0.04,1.04,2.2,0.0,50.16,0.98,0.0,0.04,0
2.0,0.0,1.0,0.0,0.0,6.55,46.37,1.0,-0.55,0.0,1.79,0.63,1.0,-5.54,3.45,-0.55,17.0,1.0,7.03,1.55,1.55,0.32,0.0,6.0,0.92,0.0,2.0,0
6.93,5.98,1.98,2.0,10.98,2.95,243.73,1.0,5.85,8.78,4.9,-1.46,5.9,162.2,2.95,1.95,27.37,0.02,8.41,1.98,3.0,4.21,0.0,6.0,0.89,0.0,1.98,1
3.73,-0.55,-0.09,1.09,5.45,7.55,127.18,1.0,1.0,0.27,8.45,1.38,2.64,55.64,1.0,1.0,7.36,1.45,3.51,1.55,0.45,0.51,0.0,13.64,0.92,0.0,2.0,0
4.53,3.77,3.53,0.0,0.23,11.53,392.03,1.0,6.0,13.83,18.77,0.21,5.53,145.02,2.23,3.0,30.3,1.77,7.18,1.0,1.0,3.36,0.0,6.0,1.03,0.0,2.77,1
4.84,4.0,1.0,8.61,2.08,6.08,113.26,1.0,-0.69,0.0,-2.77,4.77,0.69,160.88,2.0,1.0,3.46,1.0,1.91,1.38,1.0,1.09,0.0,6.0,0.87,0.0,0.0,0
3.89,0.0,1.0,-2.92,4.86,5.08,35.36,1.0,0.97,0.0,3.0,5.88,1.94,16.52,0.0,2.0,3.92,0.0,-0.56,0.03,-1.92,-0.93,0.0,290.81,1.0,0.0,0.0,0
0.54,0.54,1.0,1.61,0.0,0.85,124.45,1.0,15.6,19.29,5.0,-1.55,0.0,67.95,2.54,-0.08,1.61,1.54,4.86,2.0,1.0,1.47,0.0,12.99,0.81,0.0,2.15,0
3.66,0.0,1.0,6.83,-1.17,8.17,143.68,1.0,0.0,0.0,5.67,5.32,-1.5,31.23,1.17,1.67,5.0,0.17,2.92,1.17,-1.5,0.4,0.0,6.0,0.92,0.0,0.17,0
0.0,-0.72,0.28,0.0,0.0,11.02,103.06,1.0,0.0,-3.3,5.13,5.47,0.0,-12.28,0.28,1.43,-5.04,0.57,0.9,0.0,0.28,-0.33,0.0,6.0,0.98,0.0,1.28,0
7.49,-0.93,1.0,1.85,8.34,7.0,120.85,1.0,1.93,3.0,9.0,0.93,5.64,132.8,0.07,1.0,10.85,2.0,3.67,1.0,0.07,1.22,0.0,283.63,1.0,0.0,2.93,1
2.22,1.78,2.78,1.0,0.0,-3.69,2.12,1.0,1.22,21.34,15.44,-0.75,0.22,90.44,1.0,0.22,15.69,1.0,5.77,2.0,1.78,1.55,0.0,12.31,0.86,0.0,3.22,1
0.43,-2.29,1.0,-1.14,5.58,4.43,50.99,1.0,0.0,0.0,14.01,0.86,-0.14,-51.5,4.0,0.0,1.0,1.0,-0.72,-0.57,-0.72,-0.82,0.0,153.43,1.06,0.0,0.0,0
7.0,1.21,1.0,10.39,3.0,5.21,199.92,1.0,1.21,1.82,8.24,0.64,1.0,94.66,2.61,-1.21,9.24,1.0,5.2,1.39,1.0,2.26,0.0,11.45,0.9,0.0,2.82,1
-0.71,0.0,1.0,0.0,1.0,6.71,46.44,1.0,0.0,0.0,5.14,5.52,0.14,0.0,0.58,1.71,-12.69,0.14,-3.71,0.0,1.0,-0.64,0.0,150.0,1.07,0.0,-1.71,0
0.0,10.82,1.0,0.0,0.0,3.0,114.91,1.0,1.0,5.98,7.97,-2.91,0.0,158.32,4.0,2.0,23.65,1.0,10.04,0.0,1.0,0.78,0.0,6.0,1.0,0.0,2.97,1
12.25,0.0,1.75,11.0,5.25,7.0,224.72,1.0,0.0,0.0,7.0,0.01,1.75,153.98,2.75,0.0,8.75,1.0,8.91,3.5,1.75,4.04,0.0,6.0,0.92,0.0,1.75,1
3.04,-3.04,1.0,0.0,0.0,5.52,49.0,1.0,0.0,5.0,2.0,0.52,2.28,42.4,3.0,1.0,3.0,1.0,8.04,1.76,0.48,-0.13,0.0,8.28,0.94,0.0,1.0,0
0.93,0.0,1.0,1.0,-0.93,5.0,107.43,1.0,1.86,3.8,6.8,0.85,1.86,138.41,-0.8,2.93,29.02,2.86,8.36,1.0,0.07,1.54,0.0,-85.32,0.92,0.0,0.93,0
5.97,2.0,1.0,1.49,6.72,-1.21,-165.27,1.0,2.0,4.0,-13.63,0.78,3.73,136.45,3.0,0.0,-29.82,1.0,-0.95,0.0,1.0,1.58,0.0,233.72,0.95,0.0,2.25,1
0.0,-1.07,1.0,0.0,0.0,9.75,146.46,1.0,-1.07,1.54,15.51,2.24,-2.15,31.44,-0.07,0.0,1.78,2.54,0.44,-1.61,0.46,-0.08,0.0,3.85,1.04,0.0,1.46,0
0.81,2.81,1.0,0.0,0.81,5.57,149.84,1.0,0.0,0.19,10.76,1.74,0.0,-3.4,1.0,0.19,3.62,2.0,0.22,-0.81,1.81,-0.32,0.0,6.0,0.98,0.0,1.0,0
0.0,-2.54,1.0,0.0,0.0,1.73,12.3,1.0,2.0,-0.73,-1.45,2.28,4.0,-72.69,3.0,1.0,-5.08,1.0,7.87,3.0,2.0,1.38,0.0,10.0,0.8,0.0,0.55,0
14.29,1.5,1.75,4.76,26.32,8.01,206.71,1.0,0.0,1.0,4.0,-0.08,5.26,58.24,2.75,1.25,-10.79,1.75,5.21,1.75,1.0,2.05,0.0,6.0,0.76,0.0,0.0,0
0.0,0.0,1.0,0.0,1.0,6.82,69.07,1.0,1.39,-3.04,6.0,2.34,1.0,-36.43,2.79,0.0,0.18,1.0,-1.58,0.61,1.39,0.33,0.0,177.0,1.01,0.0,-0.61,0
4.11,2.64,1.0,1.05,5.27,4.95,53.78,1.0,0.0,-0.53,1.89,-0.09,2.05,37.44,3.47,-0.53,18.05,1.0,7.31,0.47,2.05,1.21,0.0,6.0,0.89,0.0,2.53,1
-10.54,-7.77,0.45,-2.77,-19.42,3.55,-92.12,1.0,1.0,4.45,6.55,3.57,-3.88,7.3,3.45,3.11,1.34,0.45,5.26,-0.55,1.0,-0.24,0.0,6.0,1.08,0.0,-0.11,0
2.67,0.67,1.0,1.35,0.0,4.33,229.94,1.0,21.56,25.26,8.33,0.19,3.0,101.56,0.33,-0.35,31.35,3.0,7.95,0.0,0.0,0.91,0.0,60.77,0.88,0.0,3.7,1
0.22,-0.78,1.0,0.0,0.0,15.56,448.17,1.0,1.78,3.0,34.68,1.59,1.0,54.0,0.22,1.0,51.02,2.0,7.67,1.0,0.22,0.07,0.0,12.0,0.98,0.0,3.56,1
1.0,-2.48,0.38,7.21,1.0,-2.48,32.34,1.0,0.0,4.0,9.0,-1.35,0.0,15.9,0.38,-0.62,0.0,1.0,1.58,0.0,0.38,0.58,0.0,6.0,0.92,0.0,1.0,0
-1.0,0.0,1.0,0.5,1.0,5.0,24.5,1.0,1.0,-1.0,3.5,1.02,-0.5,-10.0,4.5,0.5,-12.0,-0.0,-0.53,0.5,2.5,0.67,0.0,154.0,0.98,0.0,-0.5,0
-2.55,-3.44,1.0,-1.78,-7.88,-0.89,17.9,1.0,0.0,0.0,7.22,1.0,-1.78,-79.93,2.89,0.0,0.22,1.0,1.62,0.11,0.22,-0.55,0.0,6.0,0.99,0.0,-0.89,0
0.83,4.83,1.0,1.65,0.0,0.17,185.16,1.0,25.95,27.26,-0.83,0.04,4.0,23.95,2.17,-0.65,9.65,1.0,8.12,3.0,2.0,1.35,0.0,20.74,0.7,0.0,5.3,1
21.7,9.9,1.76,5.81,36.64,-11.42,170.12,1.0,1.0,-14.46,1.0,-0.07,6.52,119.26,-1.28,0.0,-6.66,1.0,-4.51,1.76,0.24,1.72,0.0,279.21,0.84,0.0,1.0,1
16.21,11.95,1.85,4.27,29.87,8.12,283.13,1.0,0.15,5.85,0.88,0.23,5.97,141.07,3.15,2.0,6.41,1.0,10.21,1.71,1.0,1.73,0.0,6.0,0.69,0.0,1.85,1
-3.12,7.12,1.0,-2.12,-3.9,4.78,43.56,1.0,0.0,0.0,-0.78,8.1,-2.34,124.94,2.78,1.78,-0.78,1.0,-1.03,-1.56,-1.34,-1.78,0.0,6.0,0.87,0.0,-0.78,0
0.0,1.0,2.0,-0.82,0.82,1.0,41.74,1.0,1.64,5.18,8.64,-0.16,0.82,1.24,2.64,-1.64,15.0,2.0,3.81,0.18,2.82,1.41,0.0,146.01,1.02,0.0,1.0,1
-5.59,0.7,1.7,-1.4,-6.99,0.7,24.0,1.0,-0.7,4.19,12.19,0.42,-3.5,-23.07,2.0,0.0,7.69,1.7,6.08,0.0,1.7,0.68,0.0,-198.81,0.93,0.0,0.0,0
-0.77,4.32,1.77,-3.86,-3.09,12.4,410.64,1.0,6.63,11.72,24.12,1.54,0.77,86.89,4.54,2.32,29.84,1.0,4.66,-0.77,-1.32,0.66,0.0,15.0,0.96,0.0,3.77,1
-1.59,-2.59,0.14,8.0,2.0,7.69,-228.6,1.0,-3.45,-8.63,-9.35,0.35,7.41,-24.19,1.86,-2.59,-20.43,1.0,9.48,1.14,6.86,1.14,1.0,153.52,0.95,0.0,-1.73,0
-0.56,1.87,-0.13,0.0,0.0,6.25,44.02,1.0,0.0,-2.82,1.13,4.49,-0.56,-43.39,1.69,1.0,9.76,-0.56,5.59,1.0,0.44,-0.64,0.0,6.0,0.87,0.0,0.56,0
4.84,2.0,1.0,0.61,6.05,4.97,151.11,1.0,0.61,0.39,12.18,1.58,3.03,25.92,0.39,-0.21,3.21,2.0,1.17,0.0,1.0,0.51,0.0,183.32,1.0,0.0,1.61,0
10.95,0.0,1.0,6.74,13.69,0.39,19.14,1.0,0.0,-4.35,-3.35,0.08,7.35,89.73,-1.61,-1.74,1.87,1.0,-1.74,2.87,4.0,2.77,0.0,260.71,1.03,0.0,1.0,0
1.59,1.59,1.0,1.78,0.0,20.81,187.4,1.0,17.2,39.57,-0.97,0.13,5.0,89.15,4.0,0.0,17.41,0.41,14.87,1.59,2.0,1.36,0.0,39.71,0.78,0.0,3.19,1
-3.72,-1.65,1.0,-1.86,-9.3,10.51,49.87,1.0,0.0,0.0,1.86,9.83,-1.86,-83.67,-0.93,2.86,2.07,-0.93,0.6,1.0,-0.86,-1.86,0.0,6.0,1.01,0.0,-0.93,0
6.81,0.85,1.0,0.85,8.51,1.3,50.22,1.0,0.0,0.15,2.45,0.44,4.26,34.33,1.15,-0.7,0.0,1.0,4.21,2.85,1.0,2.12,0.0,8.55,0.91,0.0,0.85,0
8.0,2.38,1.0,2.0,10.0,3.0,135.51,1.0,0.0,0.69,8.58,-2.51,5.0,88.26,1.69,-0.69,2.69,2.38,4.13,1.31,1.0,1.91,0.0,9.0,0.9,0.0,1.69,0
0.0,-0.88,0.12,0.0,1.88,19.8,818.48,1.0,1.88,-5.28,57.76,1.48,0.0,-45.76,1.0,0.0,92.08,0.12,9.47,1.0,0.12,-1.14,0.0,6.0,0.96,0.0,2.88,1
2.0,0.0,1.0,0.0,0.0,6.0,50.27,1.0,-0.7,-2.81,3.3,1.22,1.0,-28.83,2.59,-0.7,14.89,1.0,3.5,2.41,1.0,0.99,0.0,6.0,0.93,0.0,1.3,0
4.7,1.0,2.0,1.0,0.0,2.7,134.41,1.0,2.85,17.3,19.55,0.41,3.55,110.72,-1.55,0.15,33.97,2.7,4.07,2.0,0.15,1.09,0.0,56.14,0.9,0.0,4.0,1
8.0,-0.65,1.0,2.0,10.83,5.48,293.64,1.0,0.83,-0.83,17.55,-0.97,5.0,70.07,1.0,-0.83,46.68,0.17,8.31,2.83,1.0,1.75,0.0,9.0,0.91,0.0,1.83,1
0.26,0.0,1.0,5.77,2.0,11.26,-88.86,1.0,-21.53,-25.24,-1.23,3.59,10.0,-17.55,0.26,0.74,-0.97,0.26,10.99,2.0,6.0,2.03,1.0,-3.65,0.99,0.0,-2.97,0
-2.48,0.0,1.0,-3.1,-3.1,5.86,43.03,1.0,0.0,5.0,5.1,2.27,-1.86,7.79,3.62,2.24,2.38,1.0,7.92,0.38,-0.48,-1.42,0.0,6.0,0.88,0.0,0.38,0
0.83,0.0,1.83,-9.13,0.0,9.81,112.14,1.0,0.83,7.49,9.47,0.76,0.83,94.81,3.0,1.83,10.47,1.83,11.29,1.83,2.83,0.45,0.0,10.98,0.97,0.0,2.66,1
0.29,3.71,1.0,0.0,1.77,0.9,50.25,1.0,1.8,0.0,1.47,0.42,3.61,0.0,2.8,0.9,7.41,1.0,6.69,2.71,1.8,1.3,0.0,10.2,0.84,0.0,1.9,0
2.0,0.0,1.0,0.0,0.0,7.0,258.0,1.0,0.0,12.0,23.0,1.69,0.0,91.0,1.0,0.0,9.0,2.0,1.84,0.0,1.0,0.52,0.0,6.0,0.99,0.0,1.0,0
0.54,0.54,1.0,2.62,-0.54,1.23,-85.89,1.0,15.08,19.31,-12.7,1.03,0.0,111.01,2.0,2.0,-26.01,1.0,0.87,1.0,1.0,1.01,0.0,13.0,0.84,0.0,1.08,0
-4.77,1.0,2.0,0.68,-6.81,1.68,127.75,1.0,19.74,29.15,8.36,0.57,-3.4,59.49,1.0,0.0,16.36,2.0,4.63,0.32,2.0,0.49,0.0,12.81,0.88,0.0,3.04,0
-5.97,6.41,1.0,-9.39,-2.56,1.44,-36.68,1.0,1.71,0.0,-3.41,4.3,2.56,-75.09,0.85,1.85,5.56,0.0,5.58,1.85,1.85,-0.8,0.0,9.41,0.83,0.0,0.85,0
5.88,4.98,1.0,1.96,9.8,-2.92,-143.98,1.0,2.0,-11.76,-21.56,-1.1,8.9,-10.78,3.0,1.0,1.14,0.02,9.16,4.96,2.0,2.66,0.0,12.94,0.76,0.0,2.0,0
3.01,8.98,1.0,2.99,9.01,0.01,19.07,1.0,0.0,0.0,-4.97,3.94,1.01,189.49,-0.99,0.99,1.01,1.0,4.02,1.0,3.0,2.0,0.0,-137.26,0.78,0.0,1.0,0
4.72,-2.72,1.0,3.41,3.41,7.36,49.15,1.0,-1.36,0.0,4.68,0.42,0.32,46.31,2.64,-0.68,12.23,1.0,4.29,0.32,2.36,1.37,0.0,3.28,1.02,0.0,1.32,0
1.0,0.0,1.0,8.0,2.0,12.0,44.0,1.0,0.0,0.0,1.0,0.21,10.0,50.0,1.0,0.0,2.0,1.0,13.0,2.0,6.0,2.5,1.0,6.0,0.94,0.0,0.0,0
4.57,1.0,2.0,1.0,-0.78,-2.14,-74.97,1.0,1.22,28.41,8.38,0.91,1.0,163.35,1.0,1.0,-25.85,1.78,0.58,1.22,1.0,1.37,0.0,17.0,0.86,0.0,3.22,0
1.0,1.0,1.0,0.0,0.0,17.64,70.88,1.0,0.87,19.13,2.0,-0.28,5.0,28.18,4.87,0.0,13.64,0.13,14.99,1.0,2.0,1.44,0.0,32.0,0.88,0.0,1.13,1
1.89,0.89,1.0,0.0,1.0,21.85,114.43,1.0,-0.89,13.3,2.45,0.98,5.43,-8.87,4.0,-1.77,14.3,1.0,7.15,0.89,1.89,0.49,0.0,173.06,0.97,0.0,0.89,1
0.0,0.89,1.89,0.0,-0.89,-2.55,2.08,1.0,-0.77,5.32,8.89,-0.06,-0.89,46.11,-0.66,0.0,11.53,1.89,6.33,0.89,1.0,1.17,0.0,-145.62,0.93,0.0,1.89,0
17.75,9.95,1.83,4.14,29.01,7.0,388.15,1.0,-1.66,9.51,15.54,0.79,5.8,109.24,-0.66,0.0,4.86,2.0,4.55,1.66,1.0,1.55,0.0,-1.46,0.78,0.0,0.17,0
-0.57,-0.52,1.0,1.0,-8.42,2.09,48.62,1.0,0.0,6.62,2.2,0.97,0.0,104.16,2.05,0.52,0.52,1.0,6.23,0.52,2.05,0.28,0.0,2.86,0.92,0.0,1.0,0
-0.74,4.0,1.0,-5.9,-1.47,-4.9,42.68,1.0,2.0,3.68,0.74,0.69,-3.37,0.0,4.47,1.74,8.74,1.0,4.02,2.26,-0.95,-0.47,-0.74,10.0,0.8,0.0,2.74,1
5.98,-6.6,2.32,5.0,5.0,2.34,7.67,1.0,0.0,2.64,1.0,-0.73,4.32,52.82,1.66,-0.66,-9.56,2.32,3.93,2.0,4.66,3.53,0.0,6.0,1.0,0.0,0.34,0
-2.97,3.27,1.0,-6.24,-0.7,-1.7,-22.65,1.0,1.13,0.0,-1.27,0.73,1.7,-49.92,2.57,0.57,3.7,1.0,2.94,1.57,2.57,0.07,0.0,8.27,0.88,0.0,0.57,0
15.0,1.0,1.0,13.0,13.0,4.0,142.97,1.0,-1.0,-5.0,-1.0,0.28,6.0,107.99,-1.0,-2.0,4.0,1.0,0.65,4.0,1.0,3.36,0.0,9.0,0.9,0.0,1.0,0
8.71,0.71,1.0,4.13,9.29,-4.97,-145.48,1.0,20.87,24.13,-21.0,-0.01,5.0,149.59,1.0,0.0,-32.91,1.0,-0.48,1.0,1.0,1.79,0.0,308.23,0.85,0.0,2.42,1
6.6,-1.7,1.1,10.89,1.8,-4.4,-143.66,1.0,-3.4,10.01,4.41,0.26,-1.7,93.8,0.1,-1.7,-9.69,1.0,4.11,2.9,1.0,0.9,0.0,17.0,0.76,0.0,3.1,0
-3.97,2.84,1.0,-6.11,-1.13,0.0,-21.51,1.0,0.0,4.0,6.16,3.7,-0.71,86.53,1.0,0.71,-3.55,1.0,-0.71,-1.42,1.0,-1.06,0.0,6.0,0.96,0.0,0.29,0
-0.71,-2.71,0.1,0.0,-0.9,-2.04,-62.95,1.0,-5.42,2.96,13.96,1.55,-3.62,13.25,0.1,-2.71,-16.31,2.0,0.41,-0.9,1.0,-1.0,0.0,6.0,0.94,0.0,-0.81,0
3.0,1.13,2.0,0.93,1.0,8.13,281.91,1.0,4.13,7.2,11.46,0.39,4.0,75.73,2.07,4.87,21.46,1.0,5.66,1.93,1.0,2.45,0.0,-2.4,0.99,0.0,-0.8,0
8.09,-1.09,1.0,11.0,3.0,2.36,115.14,1.0,1.09,1.09,1.27,-0.37,2.64,126.26,2.0,0.0,20.3,1.55,8.2,2.0,0.45,2.76,0.0,31.14,0.9,0.0,1.0,1
3.0,5.77,2.92,-10.14,1.0,13.69,392.83,1.0,6.0,10.0,18.0,3.44,4.0,86.0,2.08,3.92,30.77,0.08,9.21,1.92,1.92,2.38,0.0,6.0,1.02,0.0,2.0,1
5.78,1.19,2.19,5.0,5.0,2.41,41.19,1.0,0.0,2.38,-0.78,-0.32,4.19,102.47,0.41,-0.59,3.97,1.59,3.62,1.41,4.59,2.74,0.0,6.0,1.0,0.0,1.59,0
0.0,-1.63,1.0,0.0,1.81,14.26,691.68,1.0,0.19,-3.26,52.74,0.52,0.0,-59.49,-0.63,0.0,94.3,1.0,10.68,1.81,1.0,-0.48,0.0,-1.33,0.98,0.0,1.19,1
15.31,14.74,2.0,3.52,40.91,7.0,304.52,1.0,-0.74,1.0,12.34,0.24,3.31,32.22,1.0,0.0,2.52,1.0,5.31,1.26,0.26,1.28,0.0,-205.97,0.69,0.0,2.0,0
4.82,0.36,1.0,5.1,1.91,22.0,74.65,1.0,-18.49,-1.67,2.64,0.45,5.64,48.09,4.64,0.0,18.64,1.0,15.63,1.64,2.0,2.4,0.0,23.71,0.96,0.0,0.09,1
-3.64,-4.55,1.0,-1.82,-8.1,7.73,61.18,1.0,2.0,4.55,6.91,1.07,-0.82,-36.39,5.82,0.91,2.91,1.0,5.57,0.0,1.09,-1.02,0.0,177.0,1.03,0.0,0.0,0
2.0,2.24,1.0,0.0,0.0,3.08,260.8,1.0,1.12,12.0,21.32,-1.42,2.24,91.0,2.68,-0.56,12.92,2.56,5.38,1.12,1.56,1.29,0.0,8.24,0.89,0.0,2.12,1
0.88,0.88,1.0,0.0,0.88,-1.05,67.74,1.0,0.0,1.0,6.24,-3.29,0.0,25.0,2.76,-1.76,5.88,2.88,4.09,0.0,1.88,1.13,0.0,6.0,0.89,0.0,2.0,0
1.15,1.58,1.0,0.0,9.78,0.12,8.75,1.0,0.0,0.0,5.18,4.8,-0.58,0.0,-1.73,1.0,0.58,0.0,0.71,1.0,0.42,0.33,0.0,-73.37,0.83,0.0,0.58,0
6.91,1.0,1.0,10.86,2.96,3.0,131.63,1.0,0.0,-4.94,1.97,5.2,0.99,37.51,-0.99,0.01,1.97,0.0,-2.37,1.99,0.01,2.28,0.0,6.0,0.84,0.0,0.0,0
7.6,-0.8,1.0,8.79,2.4,6.8,146.75,1.0,0.0,0.0,7.2,-3.19,1.8,70.36,5.6,-0.8,21.0,1.8,10.1,1.8,1.0,2.6,0.0,6.0,0.96,0.0,2.8,1
1.0,0.0,1.0,0.0,1.0,7.93,59.39,1.0,0.0,3.66,1.61,0.96,1.0,36.59,4.73,0.73,3.2,1.0,4.4,0.73,1.73,-0.51,0.0,150.0,0.98,0.0,0.73,1
-0.19,-1.19,-0.19,1.0,1.6,1.79,53.76,1.0,0.0,1.02,11.39,1.07,-0.6,32.06,2.79,0.0,-2.39,0.4,0.92,-0.6,0.4,-0.54,0.0,91.91,0.97,0.0,0.4,0
-14.01,-10.33,0.26,-3.69,-25.08,8.95,192.74,1.0,0.74,0.26,31.6,1.79,-5.16,-45.07,1.0,0.0,43.35,2.0,4.24,-0.74,1.0,-0.76,0.0,6.0,1.15,0.0,2.0,0
2.36,0.0,0.18,4.18,5.82,2.18,-0.17,1.0,-1.64,-15.57,-12.12,0.69,2.18,-7.41,1.82,-0.82,-6.38,1.0,1.05,1.18,4.82,1.99,0.0,-3.02,1.04,0.0,-2.28,0
18.37,13.37,2.0,3.12,35.63,11.38,458.03,1.0,-17.52,-20.27,21.39,0.37,7.0,38.07,1.0,0.0,36.53,1.0,8.39,2.0,1.0,1.44,0.0,-2.13,0.81,0.0,0.75,1
0.55,-2.06,1.0,-1.22,11.88,1.22,36.63,1.0,0.61,3.06,18.06,0.3,-1.22,-18.37,2.84,1.22,2.61,1.0,3.14,-0.61,-1.22,-0.18,0.0,12.0,1.0,0.0,1.0,0
4.0,-0.56,1.0,5.0,5.56,7.5,277.35,1.0,0.56,0.0,20.12,-2.16,3.0,68.0,1.56,-0.56,32.5,1.56,7.09,2.0,4.0,2.29,0.0,6.0,1.04,0.0,2.12,1
0.0,0.0,0.0,11.0,0.0,1.15,53.45,1.0,0.0,-2.31,3.46,1.69,0.0,-14.42,-0.15,-0.58,1.15,1.58,-2.88,-0.58,-0.58,0.35,0.0,6.0,0.89,0.0,0.58,0
0.0,-2.33,1.0,0.0,1.0,1.89,54.46,1.0,2.0,0.0,12.21,-2.39,1.0,0.0,5.55,-0.78,-0.33,1.78,2.2,-0.78,2.0,1.34,0.0,177.0,1.04,0.0,0.0,0
1.0,0.0,1.0,7.15,2.0,12.85,57.56,1.0,0.0,-0.85,2.69,1.82,10.0,-2.53,1.0,0.0,0.31,1.0,12.93,2.0,5.15,1.94,1.0,6.0,0.94,0.0,0.0,0
0.0,-2.75,1.0,0.0,0.0,0.25,50.08,1.0,1.92,5.0,13.34,-3.29,0.0,60.0,5.84,1.08,0.25,1.92,8.24,-0.92,1.0,1.45,0.0,6.0,0.97,0.0,1.92,1
10.96,1.99,1.0,1.01,27.79,-1.94,37.23,1.0,0.0,-0.99,11.87,-0.87,5.0,18.72,0.01,-1.98,2.0,1.0,1.76,1.01,0.01,1.74,0.0,14.93,0.95,0.0,1.99,0
4.04,2.0,1.0,6.35,1.73,5.84,192.9,1.0,2.0,4.0,9.84,-0.13,0.58,123.83,3.0,-1.16,11.89,1.0,4.33,0.58,1.58,1.92,0.0,15.0,0.92,0.0,3.58,1
1.48,-0.74,1.0,0.0,0.0,6.95,201.13,1.0,0.0,13.85,18.97,-2.05,0.0,117.13,3.74,0.26,9.64,2.48,9.12,0.26,2.0,0.38,0.0,6.0,1.01,0.0,1.74,1
-2.89,-12.58,0.1,8.3,-19.47,-2.29,-113.77,1.0,0.9,-0.9,3.1,0.47,-0.8,79.01,2.0,0.0,5.0,1.0,1.32,1.1,1.0,1.85,0.0,269.35,1.15,0.0,0.1,0
-0.92,0.96,1.0,0.0,1.0,3.08,-36.92,1.0,-1.92,-2.87,-2.62,5.32,-1.87,-78.52,3.04,0.0,-27.73,-1.87,-4.75,0.96,1.96,-0.89,0.0,105.95,0.87,0.0,-0.96,0
-14.5,-11.76,0.09,-1.56,-31.91,3.09,-21.08,1.0,29.0,33.09,4.82,0.93,-5.47,4.4,3.73,0.0,15.85,1.0,4.28,0.09,1.0,-0.35,0.0,19.0,0.99,0.0,4.0,0
-1.41,0.8,1.0,-3.02,-3.02,15.28,108.73,1.0,0.0,20.08,9.8,0.97,1.61,63.52,3.41,0.0,13.67,1.0,11.17,-0.8,-0.61,-0.18,0.0,26.91,0.88,0.0,1.8,1
-0.02,1.0,1.0,2.27,14.22,2.27,34.82,1.0,-0.76,0.0,15.0,0.25,-1.51,-12.84,1.0,0.0,-0.27,1.0,2.0,0.76,2.27,1.29,0.0,-209.26,0.97,0.0,1.0,0
-0.61,2.41,1.0,0.0,1.0,2.59,-124.21,1.0,0.0,-9.64,-12.48,3.01,1.0,-73.13,3.2,0.8,-3.82,-0.61,2.75,0.8,1.0,-0.42,0.0,150.0,0.92,0.0,-0.8,0
3.0,-1.03,3.0,0.0,0.0,2.76,44.27,1.0,0.0,5.76,5.03,-2.32,2.0,48.24,1.0,0.76,6.51,2.0,4.75,1.76,2.0,2.39,0.0,6.0,0.99,0.0,1.0,0
1.0,1.7,1.0,0.0,1.0,-2.1,-54.93,1.0,-1.4,-2.8,-6.71,2.93,0.0,-51.18,-0.1,0.7,-2.21,0.3,2.18,1.7,2.0,0.19,0.0,-0.31,0.89,0.0,-2.1,0
-1.77,2.41,0.41,-0.59,0.0,4.0,11.37,1.0,-0.59,-11.23,-5.32,4.45,-0.59,-54.36,0.59,0.41,-3.5,0.0,3.07,-0.18,1.0,-0.14,0.0,-0.5,0.96,0.0,-1.77,0
8.0,1.0,1.0,2.0,9.09,-7.06,-330.62,1.0,-0.91,0.0,-22.77,-0.34,5.0,80.0,1.91,0.0,-49.2,1.0,1.0,1.09,1.0,2.47,0.0,9.0,0.89,0.0,-0.83,0
-1.92,-0.64,1.0,0.64,-11.49,6.19,63.77,1.0,1.0,5.64,-1.02,1.0,0.0,99.58,4.64,3.28,3.0,1.0,9.39,0.64,1.64,0.84,0.0,2.17,0.89,0.0,0.36,0
0.15,0.92,1.0,0.0,0.0,5.15,169.29,1.0,-1.85,9.23,14.68,6.01,-2.77,15.23,0.08,0.0,-18.72,-0.77,-3.99,0.92,1.92,-0.34,0.0,-36.51,0.87,0.0,0.08,0
-1.97,1.97,1.0,0.0,0.0,3.99,129.83,1.0,1.97,4.95,11.91,2.1,-0.99,91.06,1.01,1.0,-7.9,1.0,-0.45,1.01,1.0,0.97,0.0,14.88,0.95,0.0,0.99,0
32.76,24.14,2.72,8.62,60.35,11.35,503.02,1.0,-0.72,1.72,-2.35,0.11,12.07,163.81,0.28,0.0,6.9,1.0,7.95,3.45,1.0,2.64,0.0,6.0,0.51,0.0,2.72,1
17.72,16.57,2.0,5.0,35.0,4.43,261.75,1.0,0.0,-0.92,-3.77,0.18,7.64,42.41,2.28,0.0,-10.11,-0.28,6.22,3.92,2.28,2.12,0.0,-20.93,0.6,0.0,2.64,1
-1.58,2.47,1.0,0.0,-9.51,7.17,54.01,1.0,0.0,0.0,-4.75,5.91,0.0,0.0,0.53,2.06,1.94,0.0,4.66,1.53,1.0,-0.3,0.0,2.83,0.87,0.0,-0.53,0
3.56,5.45,1.0,0.89,8.91,-0.56,14.42,1.0,0.0,-0.89,-2.67,4.3,1.78,24.94,-0.89,-0.78,0.0,0.0,2.38,1.0,2.78,1.19,0.0,6.0,0.79,0.0,0.89,0
4.53,3.53,3.51,0.0,0.0,4.55,203.36,1.0,2.04,10.11,8.13,0.26,3.53,120.91,0.49,1.53,18.28,2.0,5.51,1.51,1.49,2.69,0.0,-81.32,0.97,0.0,2.02,0
-1.29,-0.53,0.24,3.0,-0.76,-1.34,-64.19,1.0,24.42,26.37,-10.73,4.2,-3.05,25.42,-1.29,-1.53,-17.35,0.24,0.02,1.0,1.0,-1.17,0.0,19.0,0.67,0.0,2.47,0
-2.31,-0.88,1.0,-1.15,-5.77,8.0,163.15,1.0,0.58,1.0,18.04,2.33,-1.15,-39.93,1.58,1.0,0.85,2.0,1.32,-0.58,-0.15,-0.63,0.0,6.0,1.03,0.0,1.0,0
0.0,0.0,1.0,0.57,0.0,-0.57,14.93,1.0,0.0,0.57,6.87,-0.69,0.0,35.16,2.0,0.0,1.13,1.0,4.3,0.0,1.57,1.08,0.0,6.0,0.94,0.0,0.0,0
-7.03,3.88,1.0,-1.76,-8.79,7.52,115.86,1.0,1.76,3.52,8.79,5.44,-4.39,-6.15,1.76,1.0,9.15,0.0,2.99,-0.76,1.0,-1.09,0.0,11.27,0.92,0.0,1.76,0
5.92,1.92,1.64,5.0,5.64,4.28,252.17,1.0,3.85,6.41,10.61,-3.22,5.56,123.12,2.92,0.64,18.31,1.64,6.7,2.0,4.0,3.81,0.0,6.0,0.97,0.0,2.28,1
-0.57,-0.57,1.0,0.0,0.0,-6.18,-19.76,1.0,0.0,-3.48,2.0,0.55,-2.83,50.0,2.43,1.57,-5.48,1.0,4.97,1.0,2.0,-0.75,0.0,-8.7,0.92,0.0,0.43,0
0.0,0.0,1.0,0.0,0.0,0.71,33.27,1.0,-1.43,-2.14,10.14,1.01,0.0,-43.47,0.57,0.71,-4.99,1.71,3.32,0.0,1.0,0.36,0.0,-0.41,0.96,0.0,-1.43,0
3.24,5.0,1.0,-3.32,8.48,-4.32,32.76,1.0,0.0,0.76,3.28,0.85,-5.6,99.12,1.76,1.52,2.0,1.0,-3.49,0.24,-0.8,0.61,-0.76,6.0,0.87,0.0,1.0,0
-0.1,2.1,1.0,0.7,-12.62,8.8,69.92,1.0,0.0,0.0,-6.52,3.7,1.0,70.12,4.7,0.7,15.6,1.0,6.98,1.0,1.7,0.35,0.0,1.79,0.88,0.0,1.3,0
8.0,-0.52,0.48,2.0,10.0,2.59,44.64,1.0,1.0,-3.11,0.48,1.63,5.0,58.02,1.52,1.04,-3.78,0.48,0.98,1.0,-0.04,0.66,0.0,299.0,0.96,0.0,0.48,0
1.84,-2.67,1.0,-0.92,0.0,5.76,224.43,1.0,0.0,11.02,21.13,2.46,0.0,-8.27,-0.92,0.08,8.27,0.92,1.77,1.0,1.0,0.48,0.0,6.0,0.92,0.0,0.92,0
-5.05,4.0,1.0,-0.26,-6.31,4.63,46.41,1.0,0.0,0.0,4.41,4.82,-3.15,46.4,2.63,1.0,-2.52,1.0,2.12,-0.63,1.0,-0.38,0.0,-178.78,0.9,0.0,0.0,0
16.4,12.76,1.91,4.56,31.98,12.82,676.69,1.0,1.0,0.91,30.36,0.32,5.47,86.56,-1.73,0.0,58.73,1.0,11.68,2.82,1.0,1.67,0.0,-125.2,0.69,0.0,3.82,1
0.0,0.0,1.0,0.0,0.0,5.79,70.52,1.0,1.0,4.07,6.93,1.97,0.0,42.34,4.0,2.93,3.0,1.0,7.46,-0.93,0.07,-0.27,0.0,6.0,0.92,0.0,1.0,0
20.5,17.76,2.0,6.5,42.51,3.99,238.37,1.0,-1.5,-1.25,-4.01,-0.06,6.25,101.01,1.0,-0.75,-17.04,-0.5,3.94,2.75,3.25,2.64,0.0,-28.57,0.61,0.0,2.0,1
-0.6,1.8,1.8,0.0,0.0,17.19,-67.19,1.0,0.0,15.19,-10.83,-0.67,5.0,18.73,4.0,0.0,22.81,1.0,16.98,1.8,2.8,1.96,0.0,32.0,0.87,0.0,2.0,1
3.74,-1.97,2.0,1.0,0.74,-1.97,76.97,1.0,2.0,21.97,23.69,-2.63,1.0,75.64,0.26,0.26,11.0,1.0,5.67,2.0,1.0,1.39,0.0,17.0,0.87,0.0,4.74,1
1.67,-0.56,1.0,2.79,3.23,12.67,456.37,1.0,1.0,0.0,34.0,0.6,1.67,37.93,0.44,0.0,55.44,1.0,8.28,1.56,2.12,0.94,0.0,6.0,0.99,0.0,2.56,1
3.0,1.0,1.0,0.0,17.05,0.95,23.1,1.0,-1.9,0.0,15.0,2.38,-0.95,0.0,-0.9,1.9,0.1,1.0,1.66,0.95,-1.9,-0.19,0.0,-150.25,0.91,0.0,1.0,0
0.52,0.0,1.0,0.0,0.52,8.58,103.99,1.0,0.0,1.0,6.97,1.55,0.52,25.0,2.03,0.0,5.52,2.0,1.97,0.0,1.0,0.24,0.0,80.29,0.99,0.0,2.0,0
1.0,0.0,1.0,0.27,1.73,0.0,59.22,1.0,1.47,3.27,10.47,0.45,0.73,32.46,2.47,-1.47,0.0,1.0,1.47,-0.73,1.73,0.68,0.0,131.6,1.0,0.0,1.0,0
2.54,2.54,1.85,0.0,0.85,5.08,319.2,1.0,5.08,4.23,21.53,0.4,3.38,30.45,2.0,1.69,21.15,1.0,1.99,0.0,0.15,2.71,0.0,6.0,1.01,0.0,0.85,0
1.0,0.0,1.0,0.0,1.0,5.0,55.0,1.0,0.0,0.0,6.0,0.85,1.0,0.0,4.0,0.0,1.0,1.0,1.29,0.0,1.0,0.0,0.0,150.0,1.0,0.0,0.0,0
9.87,2.8,1.93,-5.48,9.07,-1.87,340.18,1.0,6.61,9.35,16.89,0.47,-0.61,118.66,2.87,2.8,28.31,1.0,-4.7,0.07,-3.67,1.22,-0.93,299.0,1.03,0.0,2.87,1
8.77,1.97,1.0,4.94,9.72,1.08,174.88,1.0,29.0,33.03,-3.8,-0.52,4.86,144.45,1.0,0.0,1.08,0.03,3.9,2.94,1.0,1.84,0.0,21.92,0.74,0.0,3.03,1
-2.44,-0.61,1.0,-1.22,-5.1,11.0,460.8,1.0,2.22,0.0,33.39,1.07,1.22,-54.86,2.22,0.61,59.66,1.0,9.05,2.22,0.39,-0.38,0.0,8.44,0.94,0.0,2.61,1
1.54,4.86,1.0,1.54,7.72,-0.09,-43.49,1.0,-1.54,-2.32,-6.18,4.9,-0.77,6.18,0.0,0.23,-21.62,-1.54,-1.32,1.77,3.32,0.82,0.0,-29.52,0.76,0.0,0.0,0
-4.58,-0.8,1.0,-1.6,-6.98,8.19,104.46,1.0,0.8,2.39,12.38,1.97,-2.19,-20.74,4.0,0.8,6.58,1.8,1.02,-0.8,1.0,-1.03,0.0,152.39,1.03,0.0,0.8,0
-1.52,0.0,1.0,0.0,-13.68,24.72,118.68,1.0,0.0,15.2,-6.88,6.27,3.8,38.0,2.28,2.0,13.16,0.0,11.61,1.76,2.52,0.58,0.0,21.2,0.93,0.0,0.76,0
17.97,13.98,2.0,12.99,36.94,12.0,91.92,1.0,0.0,-10.98,-19.96,-1.25,16.99,53.99,1.0,0.0,-2.99,0.0,17.35,4.0,6.0,3.82,1.0,6.0,0.65,0.0,1.0,1
-2.11,-2.89,1.0,-1.55,-7.0,25.11,142.1,1.0,1.55,20.0,5.89,0.96,4.22,-19.96,6.33,0.0,18.0,1.0,12.77,0.22,1.22,0.4,0.0,164.92,0.99,0.0,1.22,1
-3.43,-4.29,1.0,-1.72,-8.58,8.29,54.89,1.0,0.0,5.0,6.29,3.04,-1.72,-27.26,3.86,2.72,1.28,1.0,7.1,1.0,-0.58,-1.72,0.0,6.0,0.96,0.0,0.14,0
10.66,7.14,1.51,2.55,17.84,6.51,184.4,1.0,0.0,0.51,2.98,0.38,4.06,48.42,2.47,0.0,10.37,1.0,6.51,1.51,1.0,1.3,0.0,6.0,0.81,0.0,2.0,1
4.07,2.0,1.0,1.36,6.78,2.93,127.99,1.0,2.68,4.0,8.97,1.06,2.71,130.6,0.97,0.0,0.19,1.0,-0.34,0.0,1.0,0.98,0.0,213.53,0.98,0.0,2.32,1
6.41,0.0,1.0,11.0,2.41,6.96,136.41,1.0,0.0,-1.78,1.04,0.77,1.0,78.51,2.59,1.19,6.19,1.0,5.42,2.59,1.0,2.36,0.0,6.0,0.89,0.0,0.41,0
4.0,5.0,1.0,2.0,10.65,6.24,299.0,1.0,0.65,-0.65,19.98,-0.15,2.0,77.57,0.35,-0.65,38.65,1.0,6.79,0.35,3.0,1.26,0.0,6.0,0.89,0.0,2.31,1
-0.98,-0.98,0.0,9.05,0.0,0.98,-136.02,1.0,-28.28,-32.18,0.98,1.74,0.0,-28.28,1.98,1.95,-1.95,1.0,-0.93,0.0,0.0,0.03,0.0,-6.68,1.02,0.0,-3.9,0
3.3,5.7,1.0,-0.11,10.0,3.81,1.77,1.0,-20.39,-23.2,8.73,1.22,2.0,34.46,1.0,0.7,0.59,1.7,2.84,0.3,3.0,1.62,0.0,-3.14,1.01,0.0,-1.11,0
-0.98,7.93,1.0,0.0,-0.98,4.93,49.07,1.0,2.0,-3.93,-8.85,4.29,4.0,21.64,3.98,1.98,8.0,1.0,6.15,3.0,2.0,0.8,0.0,10.0,0.79,0.0,1.02,0
3.0,0.86,3.0,0.0,0.0,0.86,-0.16,1.0,0.0,5.0,-1.42,-0.16,2.0,84.41,1.0,-0.57,6.71,2.0,4.5,1.0,2.0,2.17,0.0,6.0,0.96,0.0,1.57,0
0.0,-2.66,1.0,0.0,0.0,3.11,44.16,1.0,0.89,9.43,7.31,-3.01,0.0,103.12,6.54,1.89,3.0,1.89,12.46,0.11,2.0,0.69,0.0,6.0,0.92,0.0,1.89,1
2.0,0.0,1.0,0.0,0.0,5.0,122.0,1.0,2.0,3.0,9.0,0.53,3.0,82.0,1.0,1.0,30.0,3.0,7.31,0.0,0.0,0.93,0.0,52.0,0.98,0.0,1.0,0
-4.96,0.0,1.0,-10.92,-2.98,6.99,46.11,1.0,1.98,2.98,10.96,3.04,1.98,-5.95,1.01,2.99,24.81,2.98,4.87,-0.98,-0.99,-1.36,0.0,51.65,1.02,0.0,0.0,0
0.0,-2.99,1.0,1.0,0.0,7.0,70.95,1.0,0.0,1.0,9.99,-0.18,0.0,62.0,4.0,3.0,-0.99,2.0,1.75,1.0,0.0,0.67,0.0,6.0,0.98,0.0,0.0,0
1.92,0.0,1.0,0.0,1.0,8.68,127.76,1.0,0.92,1.84,9.68,1.02,1.92,32.23,3.08,0.0,9.29,1.92,1.25,-0.92,1.0,-0.54,0.0,155.53,1.02,0.0,1.84,1
-0.86,4.0,1.0,1.86,-0.86,4.0,33.43,1.0,0.0,0.86,-1.71,4.93,-0.86,153.14,0.29,2.71,0.86,1.0,2.26,0.86,1.0,0.57,0.0,-117.43,0.86,0.0,0.0,0
0.96,1.64,0.64,0.0,1.68,16.13,655.69,1.0,6.68,6.59,39.81,0.92,2.64,33.52,3.0,3.0,62.76,0.32,8.4,1.0,0.32,1.09,0.0,6.0,0.99,0.0,2.68,1
-15.1,-8.44,0.11,-3.44,-31.09,2.22,-121.44,1.0,1.78,1.78,6.22,4.94,-3.55,88.45,2.0,1.89,23.09,2.78,1.98,-1.78,0.11,-0.8,0.0,46.86,1.17,0.0,-0.89,0
-1.73,6.59,1.0,1.0,0.0,3.14,-33.24,1.0,-1.73,-2.59,-7.78,8.0,-2.59,29.08,1.14,1.0,-23.35,-1.59,-2.15,0.86,1.86,-0.81,0.0,-33.78,0.84,0.0,-0.86,0
7.18,1.82,1.0,2.0,10.82,-1.09,-22.39,1.0,-1.64,-2.46,-5.55,0.31,2.54,12.88,1.82,-0.82,-20.92,-0.64,-0.92,2.82,2.64,1.56,0.0,-28.65,0.87,0.0,0.18,0
-0.76,7.03,1.0,0.24,-0.76,4.76,47.31,1.0,1.52,-3.03,-6.82,4.43,3.03,40.87,3.52,1.76,6.06,1.0,4.89,2.27,1.76,0.6,0.0,9.03,0.82,0.0,0.76,0
0.0,-0.57,-0.14,6.28,0.0,7.43,44.01,1.0,0.0,-3.42,-0.99,6.6,0.0,-29.66,0.0,2.0,-7.56,-0.57,-1.64,0.43,-0.14,-0.74,0.0,6.0,0.94,0.0,-0.57,0
-1.91,-0.64,1.0,0.0,-11.44,1.0,33.36,1.0,1.0,0.0,3.55,0.54,0.0,0.0,2.64,0.0,-1.27,1.0,5.98,0.0,1.64,0.81,0.0,2.19,0.93,0.0,0.36,0
5.15,4.0,1.0,1.64,6.43,0.78,30.42,1.0,0.64,-0.64,-1.93,4.03,3.22,114.8,1.36,-0.29,1.29,1.0,0.52,0.0,1.0,0.43,0.0,194.5,0.94,0.0,0.64,0
0.0,3.92,1.0,0.0,-0.96,9.88,244.0,1.0,0.08,4.96,18.68,2.74,-0.96,84.52,0.12,0.96,9.0,1.96,2.81,0.0,0.04,-0.08,0.0,-149.09,0.92,0.0,3.96,0
-5.43,0.78,1.0,-1.55,-6.76,28.07,518.61,1.0,0.22,15.52,34.78,1.17,0.0,-27.16,3.33,0.0,66.86,1.0,17.09,1.0,1.78,0.0,0.0,-201.17,0.89,0.0,2.78,1
0.0,2.12,1.0,0.88,0.0,5.75,51.64,1.0,0.0,0.88,3.5,0.83,0.0,54.31,1.75,1.88,4.75,0.88,5.2,1.0,1.0,0.58,0.0,6.0,0.97,0.0,0.0,0
1.57,0.78,1.78,0.78,-0.78,2.87,75.88,1.0,1.57,14.88,14.61,2.6,0.0,72.05,-0.35,2.78,7.83,1.0,5.41,2.57,0.0,0.75,0.0,-98.16,0.82,0.0,3.13,0
0.76,-0.76,1.0,0.0,0.0,-13.0,27.06,1.0,1.53,-13.0,13.35,0.4,-1.53,24.47,-0.29,0.76,9.18,2.53,-1.44,-0.76,-0.53,0.39,0.0,21.29,1.01,0.0,-0.76,0
6.07,6.07,1.23,1.54,8.68,10.0,382.84,1.0,6.0,5.39,13.39,0.5,5.54,115.19,3.0,3.0,18.01,0.23,5.58,1.0,1.77,2.91,0.0,6.0,0.92,0.0,2.0,1
0.68,0.0,1.0,0.68,0.68,1.92,50.8,1.0,0.0,2.72,8.04,1.5,0.0,53.04,1.32,0.64,0.0,1.0,2.35,0.32,0.68,0.4,0.0,6.0,0.95,0.0,0.68,0
-11.08,-8.0,0.38,-1.23,-21.54,2.15,-32.17,1.0,17.85,25.31,2.62,0.8,-4.31,47.54,3.0,1.0,3.0,1.0,6.96,0.38,2.0,-0.74,0.0,14.0,0.96,0.0,2.23,0
-0.91,0.0,0.0,3.74,-1.81,-8.17,26.35,1.0,0.91,4.54,4.54,1.4,-9.07,9.07,3.72,1.81,0.91,1.0,-4.41,-1.81,-4.54,-1.56,-0.91,6.0,0.84,0.0,0.91,0
0.0,0.56,1.0,0.0,0.0,1.95,58.79,1.0,0.56,1.11,8.83,0.65,0.0,20.32,2.28,0.0,2.5,1.0,3.88,0.0,1.0,0.67,0.0,8.5,0.94,0.0,0.83,0
0.0,0.96,1.0,0.0,0.0,2.17,-33.55,1.0,0.0,0.04,-5.4,3.41,0.0,13.52,0.04,0.0,5.96,0.09,5.45,0.96,1.0,0.5,0.0,6.0,0.87,0.0,1.04,0
1.0,0.0,1.0,8.0,2.0,10.05,-12.48,1.0,0.0,3.89,-4.84,-0.54,10.0,74.34,2.95,0.97,0.05,0.03,17.87,2.97,6.97,1.92,1.0,6.0,0.89,0.0,-0.97,0
-0.76,-0.76,1.0,0.0,0.24,5.76,69.81,1.0,2.76,0.0,11.3,0.41,1.0,0.0,4.0,0.0,0.49,1.0,3.35,-0.76,1.24,0.9,0.0,177.0,1.02,0.0,0.76,0
-3.87,1.0,1.0,-10.8,15.06,1.96,-23.09,1.0,0.0,0.98,18.93,0.92,-0.98,-61.83,0.02,0.0,2.0,1.98,-0.77,-1.96,0.0,-1.1,0.0,12.0,1.03,0.0,1.98,0
0.0,2.91,1.0,0.0,0.0,3.95,84.23,1.0,1.91,2.86,2.86,5.21,0.0,45.82,1.91,1.0,3.82,-0.95,0.46,1.0,1.0,-0.01,0.0,14.59,0.84,0.0,0.95,0
0.63,2.75,1.0,1.0,0.0,15.28,94.02,1.0,0.0,12.53,1.25,2.25,3.13,131.34,4.51,0.37,9.4,1.63,7.95,0.0,1.63,0.84,0.0,22.29,0.91,0.0,1.25,1
19.0,14.0,2.0,5.0,35.0,12.66,366.37,1.0,0.0,1.94,2.0,1.1,7.0,118.58,0.06,0.0,8.72,1.94,5.49,2.0,1.0,1.74,0.0,6.0,0.71,0.0,3.89,1
0.0,-5.64,2.0,0.0,0.55,5.43,224.53,1.0,0.55,5.45,24.71,-0.34,0.0,-3.33,1.55,-0.55,34.37,2.55,6.99,1.0,2.0,1.3,0.0,6.0,0.98,0.0,1.0,0
-2.72,0.0,1.0,-3.4,-2.72,5.36,45.64,1.0,1.36,5.0,5.4,0.84,-1.36,3.75,5.04,1.0,3.68,1.0,7.24,-0.36,0.64,-1.01,0.0,122.32,0.92,0.0,0.32,0
-2.22,-0.74,0.26,-0.74,0.74,13.39,337.32,1.0,-0.74,-14.04,18.56,3.5,-0.74,-67.97,2.0,1.26,33.25,1.0,4.45,0.26,0.0,-0.71,0.0,-2.13,1.02,0.0,-1.48,0
2.38,4.47,3.0,-4.33,-1.24,-2.94,40.76,1.0,0.0,5.0,1.38,3.1,-4.18,107.9,1.62,0.62,3.76,2.0,-3.99,-0.24,-1.09,0.34,-0.62,6.0,0.95,0.0,1.0,0
0.0,0.0,1.0,0.0,-0.75,24.52,117.83,1.0,0.0,15.02,3.75,5.8,3.75,37.54,1.5,2.0,13.01,0.0,10.82,1.0,1.0,0.55,0.0,25.52,0.97,0.0,1.5,0
1.0,-1.62,1.0,-0.81,0.0,10.25,216.41,1.0,1.0,3.81,20.36,-0.5,1.0,-17.43,0.19,1.0,10.62,2.81,3.87,1.0,1.0,0.62,0.0,12.0,1.0,0.0,2.81,0
7.11,1.0,1.0,2.0,10.89,3.0,-2.47,1.0,-1.78,-2.66,-1.66,0.39,3.22,7.22,3.66,-0.89,-23.74,-0.78,-1.64,2.0,1.89,1.0,0.0,95.98,0.93,0.0,0.11,0
-12.46,-9.18,0.34,-3.28,-21.95,4.34,-79.95,1.0,2.0,0.0,9.93,1.42,-3.59,-45.9,4.0,0.0,2.66,1.66,-0.02,-1.31,2.0,-0.01,0.0,177.0,1.17,0.0,0.0,0
-2.52,-0.63,0.0,9.74,-6.31,0.0,33.25,1.0,1.26,0.0,-0.63,1.45,1.26,-56.8,2.26,0.63,3.79,1.0,1.91,1.26,-0.63,-0.39,0.0,8.52,0.84,0.0,0.63,0
-8.46,-2.88,0.47,-2.65,-8.99,-2.7,-95.66,1.0,2.0,-0.53,6.88,0.41,0.3,-50.26,3.0,1.0,6.94,1.0,4.47,1.94,1.47,0.7,0.0,13.17,0.97,0.0,1.47,0
3.0,13.67,3.0,0.0,0.0,1.03,101.3,1.0,0.0,1.11,2.0,1.62,2.0,125.61,-1.92,0.0,22.5,1.03,-1.99,1.0,1.03,1.89,0.0,6.0,1.0,0.0,1.97,0
6.56,0.0,1.0,2.44,7.56,-4.68,36.59,1.0,0.0,0.0,1.0,0.32,-2.98,83.37,1.0,0.0,0.15,1.0,-4.42,2.0,2.29,2.1,-0.85,6.0,1.0,0.0,1.85,0
-1.71,2.29,-0.71,1.0,0.86,6.57,53.12,1.0,0.0,-4.28,3.42,5.11,-0.86,34.13,4.57,1.0,-3.42,0.14,-0.83,-0.86,0.14,-1.62,0.0,129.18,0.94,0.0,-0.86,0
0.0,0.0,1.0,0.0,-0.61,6.61,59.78,1.0,-1.22,0.0,6.0,4.48,-0.61,0.0,0.78,3.22,-1.22,1.0,3.23,1.61,-1.22,-0.49,0.0,-98.4,0.9,0.0,0.0,0
0.0,12.0,1.0,0.0,0.0,3.76,42.06,1.0,-1.53,-1.29,-1.82,1.87,-1.53,37.29,2.29,0.24,11.06,-1.53,2.57,1.76,1.76,-0.14,0.0,-29.18,0.89,0.0,2.76,1
0.0,2.59,1.0,0.0,-0.59,5.82,127.23,1.0,0.82,4.0,7.47,3.96,-0.59,73.0,0.65,0.59,7.82,0.41,2.49,0.59,0.41,0.12,0.0,-85.61,0.86,0.0,3.0,0
2.46,14.22,1.0,2.0,10.0,-1.3,57.35,1.0,0.0,0.77,-0.54,1.15,1.23,166.82,-2.07,0.77,5.07,0.23,1.3,1.0,3.0,1.42,0.0,6.0,0.88,0.0,1.0,0
-1.27,0.0,1.0,-3.17,-3.17,6.53,168.05,1.0,0.0,12.6,15.93,1.44,-1.9,64.57,3.0,1.0,8.07,1.63,7.39,-0.27,0.1,-1.12,0.0,6.0,0.91,0.0,1.0,0
3.0,1.55,1.55,-0.55,18.0,0.55,7.27,1.0,-1.11,-7.76,6.69,0.2,0.55,-8.31,1.0,-0.55,-1.32,1.55,0.04,-0.55,0.55,1.09,0.0,5.91,1.04,0.0,-0.66,0
3.85,3.09,1.0,1.24,6.18,2.29,4.24,1.0,-0.62,-1.85,-0.94,-0.31,1.62,22.24,4.0,-0.62,12.67,0.38,7.41,1.0,2.24,1.65,0.0,2.29,0.88,0.0,1.38,1
-0.84,0.84,1.0,1.0,0.84,-0.02,17.38,1.0,0.0,1.0,1.49,1.35,-0.84,62.0,0.33,2.0,-10.55,1.0,-1.57,1.0,1.84,0.54,0.0,6.0,0.94,0.0,-1.67,0
7.92,5.0,1.0,6.9,14.9,0.02,41.8,1.0,0.0,-4.9,0.02,-0.12,4.94,107.65,-0.96,-0.98,0.04,1.0,-0.5,1.98,4.96,4.24,0.0,6.0,0.94,0.0,1.0,0
0.0,0.0,1.0,0.83,1.0,12.66,452.16,1.0,1.0,0.0,33.17,0.73,0.0,35.8,1.0,0.83,57.66,1.0,6.66,0.17,1.0,-0.38,0.0,6.0,0.97,0.0,2.0,1
3.76,3.45,1.0,2.38,7.91,-1.38,40.47,1.0,0.0,3.31,6.24,-0.05,1.38,127.05,0.31,-0.69,1.38,1.0,2.82,-0.69,2.38,1.19,0.0,6.0,0.91,0.0,1.69,0
2.13,1.87,1.0,0.0,18.0,14.74,21.53,1.0,-1.73,14.74,8.93,0.15,1.73,-27.74,3.6,-0.87,-8.4,-0.73,7.24,0.87,1.73,0.92,0.0,-5.34,0.89,0.0,1.87,0
3.0,2.0,3.0,0.0,0.0,3.22,125.14,1.0,-1.22,10.5,10.56,1.05,0.17,82.5,1.0,-0.61,-7.84,1.39,0.09,1.0,2.61,1.64,0.0,-22.12,0.97,0.0,1.0,0
19.0,14.0,2.0,5.0,35.0,9.01,330.77,1.0,-0.67,-1.68,3.34,0.86,7.0,71.56,-1.01,-1.34,5.34,1.67,3.09,2.0,1.0,1.72,0.0,6.0,0.73,0.0,2.67,1
0.0,1.02,1.0,0.0,0.0,0.51,55.26,1.0,1.02,1.54,9.54,0.4,0.0,24.6,3.02,0.0,2.05,0.49,3.96,0.0,1.0,0.69,0.0,10.61,0.93,0.0,0.51,0
0.83,0.0,1.0,6.62,2.66,15.97,411.59,1.0,1.0,-0.83,28.21,-0.03,8.28,20.69,1.0,0.0,53.52,0.17,15.06,2.66,5.14,1.57,0.83,6.0,0.95,0.0,0.34,1
7.0,-1.06,1.0,11.0,3.0,1.88,79.15,1.0,-1.06,-1.59,0.82,0.55,1.0,59.34,1.47,0.53,0.22,1.0,5.34,3.06,1.0,2.59,0.0,1.22,0.89,0.0,-0.59,0
1.42,4.16,2.0,1.0,0.0,-2.16,19.57,1.0,2.0,16.63,9.9,0.21,1.79,27.31,2.58,1.0,-6.36,-0.58,4.8,4.37,2.58,1.31,0.0,-16.13,0.72,0.0,4.79,1
7.43,1.0,1.0,6.58,11.15,7.01,12.31,1.0,-1.15,-1.72,-3.58,-0.07,9.01,61.67,1.0,-0.57,-14.04,-0.15,6.96,3.15,4.44,2.73,0.57,-17.35,0.89,0.0,0.43,0
0.52,-0.56,1.0,0.0,0.52,3.52,36.4,1.0,0.0,0.0,3.12,3.36,0.52,0.0,2.08,0.48,-1.04,0.52,-0.24,0.48,1.0,0.0,0.0,80.86,0.91,0.0,0.0,0
3.0,2.0,3.0,0.0,0.88,10.83,407.48,1.0,0.0,5.0,24.95,0.77,2.0,77.0,0.12,0.0,54.44,2.0,6.45,1.88,2.0,1.25,0.0,6.0,0.98,0.0,1.88,1
-2.83,0.57,2.13,-1.13,-5.66,2.43,42.51,1.0,1.0,7.83,6.57,0.5,-1.7,58.3,4.0,2.0,4.7,1.57,7.99,-0.57,1.57,0.81,0.0,4.3,0.94,0.0,1.0,0
5.8,-2.75,1.0,0.9,4.5,1.1,31.4,1.0,1.0,0.55,3.2,0.8,3.9,45.97,1.55,0.55,2.9,1.0,1.51,1.55,-0.1,0.85,0.0,299.0,1.01,0.0,0.45,1
-1.81,0.0,1.0,0.91,0.0,7.09,36.21,1.0,0.0,0.91,3.0,6.55,-0.91,56.21,-1.81,3.81,-12.6,0.0,-2.7,1.0,1.0,-0.08,0.0,6.0,1.01,0.0,-1.81,0
3.77,4.72,1.0,1.89,9.43,-2.6,14.91,1.0,0.0,5.0,0.11,-4.99,1.89,134.88,3.94,-0.89,3.94,1.94,11.61,1.0,3.89,1.89,0.0,6.0,0.78,0.0,1.94,1
2.4,0.8,1.0,0.0,13.61,-0.81,-290.65,1.0,-0.8,0.0,-12.21,5.42,0.0,0.0,0.0,2.0,-42.23,0.0,-4.13,0.2,0.2,0.46,0.0,10.8,1.01,0.0,-0.8,0
0.0,1.0,1.0,3.67,0.52,9.3,24.95,1.0,0.0,-2.1,-4.2,4.91,5.25,-14.7,0.0,1.0,1.05,0.0,6.67,2.05,3.62,1.01,0.52,6.0,0.84,0.0,-0.52,0
-2.61,-3.27,1.0,-1.31,-6.53,4.96,38.69,1.0,0.0,4.27,5.65,1.59,-1.31,-7.14,3.31,1.65,0.65,1.0,6.14,2.0,0.35,-0.18,0.0,6.0,0.95,0.0,0.0,0
-2.19,0.81,0.27,0.0,-0.73,1.08,-177.56,1.0,-4.38,-6.57,-7.3,4.94,-2.92,-44.56,-1.46,-1.19,-13.8,0.73,1.96,0.27,1.0,-1.3,0.0,6.0,0.87,0.0,0.0,0
0.95,1.16,0.05,4.74,3.79,-5.63,-268.2,1.0,-3.69,-9.48,-16.11,0.18,3.05,-17.06,1.1,-1.84,-17.58,1.0,5.22,3.95,4.84,1.29,0.0,10.0,0.81,0.0,1.05,0
0.59,-0.77,2.0,4.71,1.18,5.71,32.3,1.0,0.0,6.0,7.59,-2.25,5.89,81.43,1.59,-0.59,14.41,2.59,10.12,1.59,4.94,2.77,0.59,6.0,1.0,0.0,1.0,0
9.18,-1.8,1.0,1.8,8.98,-1.29,12.43,1.0,1.1,-0.59,0.02,-0.52,7.49,92.78,-0.8,1.0,25.51,3.0,6.47,0.9,0.0,1.6,0.0,307.06,1.01,0.0,-0.8,0
0.74,0.0,1.0,0.74,0.74,-5.95,22.51,1.0,0.0,2.98,12.46,-3.5,0.0,58.04,2.74,-1.49,-0.74,1.74,5.14,-0.74,1.0,1.13,0.0,6.0,0.9,0.0,0.74,0
0.0,0.0,1.0,0.0,-0.98,21.65,115.51,1.0,0.0,19.68,8.98,0.13,4.92,49.2,3.97,0.0,15.74,1.0,17.12,0.0,1.0,1.42,0.0,31.58,0.9,0.0,1.97,1
-4.04,0.0,1.0,-0.51,-4.06,7.53,72.1,1.0,1.49,0.51,7.52,1.22,-1.53,-11.63,4.51,1.01,0.99,1.0,2.13,0.0,2.0,0.46,0.0,28.88,0.98,0.0,-0.51,0
3.0,1.65,2.0,1.0,0.0,2.94,93.42,1.0,1.35,19.0,17.0,0.24,1.0,88.76,1.0,1.0,9.71,1.0,5.88,2.65,1.0,1.28,0.0,-170.69,0.81,0.0,4.0,1
3.0,1.0,2.0,1.0,-0.56,-3.44,-146.52,1.0,2.0,21.78,1.45,-0.01,1.0,125.33,2.67,2.11,-18.44,1.0,5.31,1.44,1.0,1.39,0.0,17.0,0.82,0.0,3.44,1
0.0,3.56,1.0,0.0,0.0,5.11,85.33,1.0,0.0,0.11,4.44,4.44,0.0,58.8,1.0,-0.89,3.22,2.0,1.94,-0.89,1.0,0.01,0.0,6.0,0.93,0.0,2.0,0
0.0,0.0,1.0,0.0,0.21,4.72,136.27,1.0,1.0,3.93,12.01,0.48,0.0,47.11,3.36,1.57,14.38,1.0,7.94,0.21,1.0,0.61,0.0,6.0,0.92,0.0,1.21,0
2.57,9.43,1.86,0.0,0.0,0.43,118.46,1.0,1.72,17.31,16.59,-1.92,0.86,93.13,-0.86,1.0,30.44,0.0,6.17,2.72,1.0,0.82,0.0,15.44,0.88,0.0,5.43,1
-2.78,0.0,0.07,-0.93,0.0,4.85,6.58,1.0,-0.85,-12.58,-9.73,4.93,-0.93,-25.14,3.07,2.0,-7.18,0.07,4.64,-0.93,1.0,-0.11,0.0,-4.18,0.92,0.0,-2.7,0
-1.39,-4.64,0.37,0.12,-5.66,-0.76,-114.61,1.0,0.0,-0.63,0.37,0.05,1.87,76.87,1.0,0.0,0.75,1.0,2.51,1.37,2.25,1.93,0.0,9.0,1.02,0.0,0.37,0
6.27,1.15,-0.15,2.58,10.0,1.15,27.0,1.0,1.0,-2.88,-0.15,2.64,3.85,98.23,1.58,0.58,1.12,0.42,0.6,0.42,0.42,0.25,0.0,299.0,0.95,0.0,0.42,0
7.0,0.0,1.0,11.0,3.0,4.0,159.81,1.0,0.0,0.84,5.69,-0.93,1.0,109.12,1.16,-1.69,9.22,1.84,5.8,1.16,1.84,2.81,0.0,6.0,0.91,0.0,2.69,1
1.87,3.0,1.93,0.93,0.0,-15.63,-6.13,1.0,1.87,-0.93,14.02,4.15,-3.74,39.26,-2.8,1.93,-3.54,0.0,-5.65,1.93,0.07,-0.35,0.0,-8.02,0.86,0.0,1.87,0
0.0,-2.82,1.0,0.0,0.94,3.94,66.33,1.0,1.88,1.0,10.64,-2.12,0.94,19.0,5.76,0.06,-0.94,1.94,1.6,1.06,1.94,1.88,0.0,166.81,1.03,0.0,0.0,1
1.0,-0.54,1.0,1.0,1.0,-1.63,29.72,1.0,0.54,4.0,9.0,0.79,0.0,80.71,1.0,0.0,1.09,1.0,1.28,-0.54,1.0,0.31,0.0,163.38,0.99,0.0,1.0,0
-0.52,4.0,0.48,5.18,-0.52,1.0,39.52,1.0,2.0,-2.07,-4.67,0.7,4.0,-40.43,3.0,1.0,8.0,1.0,6.19,3.0,1.48,1.07,0.0,10.0,0.78,0.0,1.48,0
8.0,0.56,1.0,2.0,10.0,8.45,26.44,1.0,0.44,9.57,-2.94,-0.41,7.25,82.75,2.69,-0.56,9.07,0.44,8.41,1.0,1.56,1.78,0.0,310.26,0.94,0.0,1.0,1
2.26,0.0,1.0,4.51,-0.5,5.75,135.95,1.0,2.0,0.0,8.26,0.91,-0.5,15.04,4.75,0.0,5.01,1.0,2.87,0.0,-0.26,0.82,0.0,177.0,0.94,0.0,0.0,1
0.0,1.3,1.65,1.0,-11.04,11.49,274.84,1.0,3.9,7.49,5.95,1.4,2.6,117.84,3.3,3.95,18.88,1.0,6.02,1.65,1.65,1.84,0.0,2.1,0.95,0.0,0.65,0
3.42,-0.86,1.0,9.42,-12.84,9.42,183.88,1.0,0.0,1.0,-1.42,1.64,0.86,100.33,1.86,0.0,7.57,2.0,7.18,1.71,1.86,2.09,0.0,0.86,0.89,0.0,2.0,0
-0.94,0.94,1.0,3.82,0.0,3.12,183.09,1.0,27.24,32.94,3.06,1.25,-0.94,147.49,-0.82,2.0,-10.21,1.0,-0.19,1.0,1.0,0.56,0.0,18.21,0.8,0.0,1.88,0
1.0,-0.52,1.0,1.0,1.0,1.56,105.44,1.0,1.04,6.09,14.74,-0.83,0.0,116.06,2.56,-0.52,3.13,1.52,1.82,-0.52,1.0,0.89,0.0,10.69,0.98,0.0,2.56,1
0.0,12.97,1.0,-4.84,-1.94,-4.75,246.94,1.0,28.09,33.93,3.94,2.29,-9.69,139.71,0.0,1.0,22.94,0.0,-6.07,0.03,-3.84,-1.8,-0.97,18.59,0.78,0.0,5.87,1
1.0,0.0,1.0,0.0,1.64,9.5,324.0,1.0,0.64,-3.22,26.59,1.07,1.0,-32.18,2.71,-0.64,35.11,1.0,0.45,0.0,0.36,0.0,0.0,150.0,1.04,0.0,0.64,1
-4.69,1.71,1.0,1.58,-7.11,7.56,279.7,1.0,29.0,34.71,12.25,2.13,-3.56,42.62,1.0,0.71,4.0,1.71,2.23,-0.42,1.0,-0.59,0.0,16.87,0.82,0.0,4.0,0
3.88,1.88,2.0,3.63,0.0,1.88,218.84,1.0,27.46,47.97,15.24,-0.33,1.0,155.2,0.12,0.12,14.51,1.0,5.05,1.12,1.0,0.53,0.0,28.41,0.72,0.0,7.51,1
2.76,0.0,1.0,0.0,0.0,2.46,-39.35,1.0,-0.76,12.0,1.81,1.67,0.76,91.0,3.27,0.0,-32.61,2.0,-2.63,-0.76,1.0,0.52,0.0,114.95,1.01,0.0,-0.51,0
1.25,0.75,1.0,2.24,0.0,3.51,231.79,1.0,23.66,28.39,8.25,0.61,2.25,149.96,-1.24,1.0,20.29,3.0,4.97,0.0,0.0,0.85,0.0,61.71,0.88,0.0,2.49,0
