CountDeclMethodPrivate,CountDeclMethodDefault,AvgEssential,CountDeclClassVariable,CountDeclClassMethod,AvgLineComment,AvgCyclomaticModified,CountLineComment,CountDeclClass,CountDeclMethodProtected,CountDeclInstanceVariable,RatioCommentToCode,AvgLineBlank,PercentLackOfCohesion,MaxInheritanceTree,CountClassDerived,CountClassCoupled,CountClassBase,CountInput_Mean,CountInput_Min,CountOutput_Min,MaxNesting_Min,Del_lines,OWN_LINE,MAJOR_LINE,target
0.0,0.0,1.0,0.0,0.0,7.0,2.0,58.0,1.0,2.0,2.0,1.14,1.0,41.0,1.0,1.0,0.0,2.0,3.5,2.0,2.0,0.0,0.0,1.0,0.0,0
6.0,1.0,1.0,5.0,3.0,4.0,2.0,848.0,7.0,21.0,62.0,0.76,0.0,97.0,1.0,2.0,59.0,9.0,4.73,0.0,0.0,0.0,11.0,0.53,1.0,1
0.0,0.0,1.0,2.0,0.0,5.0,2.0,101.0,1.0,0.0,3.0,0.8,0.0,77.0,1.0,0.0,6.0,1.0,3.38,1.0,1.0,0.0,5.0,0.8,0.0,1
0.0,0.0,1.0,0.0,0.0,1.0,1.0,44.0,1.0,1.0,5.0,0.76,0.0,76.0,1.0,0.0,2.0,1.0,2.0,1.0,1.0,0.0,0.0,0.99,1.0,0
0.0,0.0,1.0,0.0,0.0,0.0,1.0,21.0,1.0,0.0,0.0,0.12,0.0,0.0,1.0,2.0,26.0,2.0,0.05,0.0,0.0,0.0,0.0,0.68,0.0,0
0.0,0.0,1.0,0.0,0.0,0.0,1.0,16.0,1.0,0.0,1.0,1.14,0.0,0.0,1.0,0.0,1.0,2.0,1.33,1.0,1.0,0.0,0.0,0.81,0.0,0
2.0,0.0,1.0,1.0,0.0,0.0,2.0,21.0,1.0,5.0,7.0,0.1,0.0,79.0,2.0,2.0,6.0,3.0,3.35,0.0,0.0,0.0,31.0,0.93,1.0,1
0.0,0.0,1.0,0.0,0.0,2.0,2.0,61.0,1.0,0.0,3.0,0.65,0.0,61.0,2.0,0.0,5.0,1.0,2.0,0.0,1.0,0.0,0.0,0.55,0.0,0
0.0,0.0,1.0,1.0,0.0,0.0,2.0,30.0,1.0,5.0,5.0,0.13,0.0,78.0,3.0,0.0,19.0,2.0,3.74,0.0,0.0,0.0,1.0,0.52,1.0,1
0.0,0.0,1.0,0.0,0.0,5.0,1.0,29.0,1.0,0.0,0.0,2.9,0.0,0.0,1.0,0.0,4.0,2.0,0.0,0.0,2.0,0.0,0.0,0.52,0.0,0
0.0,13.0,1.0,0.0,0.0,0.0,1.0,19.0,1.0,0.0,0.0,0.83,0.0,0.0,0.0,2.0,5.0,0.0,1.08,0.0,0.0,0.0,0.0,1.0,0.0,0
1.0,0.0,1.0,1.0,1.0,0.0,1.0,29.0,1.0,0.0,5.0,0.32,0.0,76.0,2.0,0.0,2.0,3.0,5.65,0.0,1.0,0.0,0.0,0.63,0.0,0
0.0,0.0,1.0,1.0,0.0,0.0,1.0,21.0,1.0,0.0,0.0,2.62,0.0,100.0,2.0,0.0,0.0,1.0,4.0,4.0,1.0,0.0,0.0,0.5,0.0,0
0.0,0.0,1.0,0.0,0.0,0.0,1.0,28.0,1.0,0.0,1.0,0.74,0.0,42.0,1.0,4.0,3.0,3.0,3.71,1.0,0.0,0.0,0.0,0.72,0.0,0
0.0,9.0,1.0,0.0,0.0,0.0,1.0,21.0,1.0,0.0,0.0,1.5,0.0,0.0,0.0,2.0,0.0,0.0,2.11,1.0,0.0,0.0,0.0,0.98,1.0,0
0.0,0.0,1.0,0.0,0.0,0.0,1.0,21.0,1.0,1.0,0.0,1.5,0.0,0.0,2.0,0.0,2.0,1.0,0.67,0.0,0.0,0.0,0.0,1.0,0.0,0
0.0,0.0,1.0,1.0,0.0,0.0,2.0,127.0,1.0,3.0,9.0,0.29,0.0,89.0,2.0,0.0,19.0,2.0,4.23,0.0,1.0,0.0,1.0,0.6,0.0,1
0.0,2.0,1.0,0.0,0.0,2.0,1.0,45.0,1.0,0.0,3.0,1.07,0.0,60.0,1.0,0.0,0.0,3.0,3.73,1.0,1.0,0.0,0.0,0.53,0.0,0
0.0,10.0,1.0,0.0,0.0,5.0,1.0,71.0,1.0,0.0,0.0,4.44,0.0,0.0,0.0,3.0,2.0,0.0,1.9,0.0,0.0,0.0,0.0,0.62,0.0,1
0.0,13.0,1.0,1.0,0.0,1.0,1.0,45.0,1.0,0.0,4.0,0.56,0.0,62.0,1.0,0.0,1.0,2.0,5.06,1.0,1.0,0.0,0.0,0.6,0.0,0
0.0,0.0,2.0,1.0,0.0,0.0,2.0,27.0,2.0,3.0,2.0,0.16,0.0,66.0,3.0,0.0,14.0,2.0,3.36,1.0,1.0,0.0,0.0,0.47,0.0,1
1.0,1.0,1.0,2.0,0.0,1.0,2.0,60.0,5.0,3.0,18.0,0.22,0.0,89.0,1.0,0.0,21.0,2.0,2.81,1.0,1.0,0.0,0.0,0.53,2.0,0
0.0,0.0,1.0,0.0,0.0,3.0,1.0,32.0,1.0,0.0,0.0,1.52,0.0,0.0,1.0,0.0,0.0,2.0,1.33,0.0,0.0,0.0,0.0,0.49,0.0,0
0.0,0.0,1.0,0.0,0.0,0.0,3.0,19.0,1.0,0.0,4.0,0.21,0.0,39.0,1.0,0.0,0.0,1.0,27.0,2.0,1.0,0.0,0.0,0.46,2.0,0
0.0,0.0,1.0,4.0,0.0,1.0,2.0,83.0,1.0,1.0,15.0,0.18,1.0,88.0,1.0,0.0,9.0,2.0,6.82,1.0,1.0,0.0,0.0,0.7,2.0,0
0.0,0.0,1.0,0.0,0.0,4.0,1.0,61.0,1.0,0.0,0.0,1.91,1.0,0.0,3.0,0.0,4.0,1.0,2.57,0.0,1.0,0.0,0.0,0.85,0.0,0
0.0,0.0,1.0,0.0,0.0,4.0,1.0,61.0,1.0,0.0,0.0,1.45,1.0,0.0,3.0,0.0,5.0,1.0,2.57,0.0,1.0,0.0,0.0,0.53,1.0,0
0.0,0.0,1.0,0.0,0.0,4.0,1.0,61.0,1.0,0.0,0.0,1.91,1.0,0.0,5.0,0.0,4.0,1.0,2.57,0.0,1.0,0.0,0.0,0.95,0.0,0
0.0,0.0,1.0,0.0,0.0,4.0,1.0,61.0,1.0,0.0,0.0,1.91,1.0,0.0,3.0,0.0,4.0,1.0,2.57,0.0,1.0,0.0,0.0,0.95,0.0,0
0.0,0.0,1.0,0.0,0.0,5.0,1.0,54.0,1.0,0.0,0.0,2.25,1.0,0.0,3.0,2.0,2.0,1.0,5.4,5.0,1.0,0.0,0.0,1.0,0.0,0
0.0,0.0,1.0,0.0,0.0,5.0,1.0,59.0,1.0,0.0,0.0,1.13,1.0,0.0,2.0,0.0,4.0,1.0,2.57,0.0,1.0,0.0,0.0,1.0,0.0,0
0.0,0.0,1.0,0.0,0.0,4.0,1.0,61.0,1.0,0.0,0.0,1.36,1.0,0.0,3.0,0.0,4.0,1.0,2.57,0.0,1.0,0.0,0.0,1.0,0.0,0
0.0,0.0,1.0,1.0,0.0,0.0,2.0,33.0,3.0,1.0,2.0,0.22,0.0,66.0,2.0,0.0,11.0,2.0,3.94,1.0,1.0,0.0,0.0,0.47,2.0,0
0.0,9.0,1.0,0.0,0.0,2.0,1.0,43.0,1.0,0.0,0.0,2.15,0.0,0.0,2.0,1.0,0.0,1.0,0.0,0.0,0.0,0.0,0.0,0.49,0.0,0
0.0,0.0,1.0,0.0,0.0,0.0,1.0,31.0,1.0,0.0,0.0,1.19,0.0,0.0,1.0,0.0,0.0,2.0,1.71,0.0,0.0,0.0,0.0,1.0,0.0,0
0.0,0.0,1.0,0.0,0.0,0.0,1.0,21.0,1.0,1.0,0.0,1.5,0.0,0.0,3.0,0.0,4.0,1.0,2.0,2.0,3.0,0.0,0.0,0.69,0.0,0
1.0,0.0,1.0,4.0,0.0,1.0,2.0,25.0,3.0,0.0,0.0,0.33,0.0,93.0,2.0,0.0,6.0,2.0,1.0,0.0,1.0,0.0,0.0,0.57,1.0,0
0.0,0.0,1.0,1.0,0.0,1.0,2.0,50.0,1.0,3.0,8.0,0.25,0.0,87.0,3.0,0.0,11.0,1.0,2.88,1.0,1.0,0.0,0.0,0.88,0.0,0
0.0,1.0,1.0,0.0,0.0,4.0,1.0,25.0,1.0,0.0,0.0,6.25,0.0,0.0,0.0,0.0,0.0,0.0,1.0,1.0,0.0,0.0,0.0,0.74,0.0,0
0.0,0.0,1.0,0.0,0.0,0.0,1.0,21.0,1.0,0.0,1.0,2.1,0.0,0.0,2.0,0.0,1.0,1.0,2.0,2.0,1.0,0.0,0.0,1.0,0.0,0
0.0,0.0,1.0,0.0,0.0,0.0,1.0,19.0,1.0,0.0,0.0,2.38,0.0,0.0,1.0,0.0,2.0,2.0,0.0,0.0,1.0,0.0,0.0,1.0,0.0,0
2.0,0.0,2.0,1.0,0.0,0.0,3.0,22.0,1.0,0.0,3.0,0.22,0.0,62.0,2.0,0.0,0.0,1.0,3.4,0.0,1.0,0.0,0.0,0.5,0.0,0
4.0,0.0,1.0,8.0,3.0,5.0,2.0,95.0,1.0,0.0,3.0,1.02,0.0,80.0,1.0,0.0,8.0,1.0,6.1,1.0,1.0,0.0,0.0,1.0,0.0,0
0.0,3.0,1.0,0.0,0.0,4.0,1.0,35.0,1.0,0.0,0.0,5.83,0.0,0.0,0.0,1.0,0.0,0.0,2.0,0.0,0.0,0.0,0.0,0.62,0.0,0
0.0,0.0,1.0,0.0,0.0,0.0,1.0,16.0,1.0,0.0,3.0,0.38,0.0,44.0,1.0,0.0,0.0,1.0,13.33,1.0,1.0,0.0,0.0,1.0,0.0,0
0.0,0.0,3.0,0.0,0.0,0.0,4.0,20.0,1.0,0.0,0.0,0.54,2.0,0.0,2.0,0.0,0.0,1.0,1.0,0.0,3.0,0.0,0.0,1.0,0.0,0
0.0,0.0,1.0,0.0,0.0,0.0,1.0,21.0,1.0,0.0,0.0,4.2,0.0,0.0,0.0,1.0,1.0,0.0,1.0,1.0,0.0,0.0,0.0,1.0,0.0,0
0.0,0.0,1.0,0.0,0.0,3.0,1.0,22.0,1.0,0.0,0.0,2.0,0.0,0.0,2.0,0.0,2.0,1.0,0.0,0.0,4.0,0.0,0.0,0.97,1.0,0
5.0,0.0,1.0,1.0,3.0,0.0,3.0,40.0,2.0,0.0,5.0,0.25,0.0,77.0,3.0,14.0,1.0,1.0,18.5,2.0,2.0,0.0,1.0,0.71,1.0,0
0.0,0.0,1.0,0.0,1.0,0.0,3.0,29.0,1.0,2.0,0.0,0.07,0.0,0.0,2.0,0.0,3.0,1.0,0.74,0.0,1.0,0.0,0.0,0.94,3.0,0
0.0,0.0,1.0,0.0,1.0,0.0,2.0,31.0,1.0,2.0,0.0,0.39,0.0,0.0,2.0,0.0,2.0,1.0,0.11,0.0,1.0,0.0,0.0,0.78,0.0,0
0.0,0.0,1.0,1.0,0.0,15.0,3.0,34.0,1.0,0.0,0.0,0.71,10.0,0.0,5.0,0.0,2.0,1.0,3.0,3.0,18.0,1.0,1.0,0.8,1.0,0
0.0,0.0,1.0,0.0,0.0,7.0,2.0,84.0,1.0,2.0,3.0,0.48,2.0,33.0,2.0,0.0,1.0,1.0,3.44,1.0,5.0,0.0,0.0,0.62,1.0,0
1.0,0.0,1.0,0.0,0.0,0.0,2.0,19.0,4.0,1.0,2.0,0.19,0.0,50.0,2.0,1.0,3.0,2.0,1.42,0.0,1.0,0.0,0.0,0.98,1.0,0
0.0,0.0,1.0,0.0,0.0,0.0,1.0,16.0,1.0,1.0,0.0,1.0,0.0,0.0,3.0,0.0,3.0,1.0,4.0,4.0,5.0,0.0,0.0,1.0,0.0,0
0.0,0.0,1.0,1.0,0.0,4.0,1.0,20.0,1.0,0.0,0.0,1.67,2.0,0.0,3.0,0.0,2.0,1.0,1.0,1.0,7.0,0.0,0.0,0.5,0.0,0
0.0,0.0,1.0,0.0,0.0,0.0,1.0,21.0,1.0,0.0,1.0,1.5,0.0,0.0,4.0,0.0,0.0,1.0,1.33,1.0,1.0,0.0,0.0,0.63,0.0,0
0.0,0.0,1.0,1.0,0.0,0.0,1.0,26.0,1.0,1.0,0.0,1.86,0.0,100.0,5.0,0.0,1.0,1.0,1.0,0.0,1.0,0.0,0.0,0.52,0.0,0
0.0,0.0,1.0,1.0,0.0,0.0,1.0,27.0,1.0,1.0,0.0,1.42,0.0,100.0,5.0,0.0,1.0,1.0,1.0,0.0,2.0,0.0,0.0,1.0,0.0,0
0.0,0.0,1.0,1.0,0.0,0.0,1.0,27.0,1.0,1.0,0.0,1.29,0.0,100.0,4.0,0.0,1.0,1.0,1.0,0.0,2.0,0.0,0.0,1.0,0.0,0
0.0,0.0,1.0,0.0,0.0,0.0,1.0,19.0,1.0,1.0,2.0,1.73,0.0,100.0,4.0,0.0,2.0,1.0,3.0,3.0,2.0,0.0,0.0,0.51,0.0,0
0.0,0.0,1.0,3.0,0.0,0.0,2.0,16.0,1.0,0.0,4.0,0.29,1.0,62.0,1.0,0.0,2.0,2.0,2.4,0.0,1.0,0.0,0.0,1.0,0.0,0
0.0,0.0,1.0,1.0,0.0,0.0,1.0,18.0,2.0,0.0,3.0,0.37,0.0,71.0,1.0,0.0,1.0,2.0,1.89,1.0,0.0,0.0,0.0,0.71,0.0,0
0.0,0.0,1.0,1.0,0.0,7.0,3.0,34.0,1.0,2.0,3.0,0.74,4.0,12.0,2.0,3.0,4.0,1.0,8.0,3.0,3.0,1.0,0.0,0.89,0.0,0
0.0,0.0,1.0,0.0,0.0,0.0,1.0,16.0,1.0,1.0,0.0,1.78,0.0,0.0,4.0,0.0,0.0,1.0,0.0,0.0,3.0,0.0,7.0,0.96,1.0,0
0.0,0.0,1.0,0.0,0.0,0.0,1.0,16.0,1.0,0.0,2.0,0.57,0.0,50.0,1.0,0.0,0.0,2.0,2.17,0.0,1.0,0.0,0.0,1.0,0.0,0
0.0,0.0,1.0,0.0,0.0,2.0,1.0,21.0,1.0,1.0,1.0,1.4,0.0,0.0,3.0,0.0,1.0,1.0,1.0,1.0,2.0,0.0,0.0,1.0,0.0,1
0.0,0.0,1.0,1.0,0.0,8.0,1.0,68.0,1.0,0.0,0.0,0.76,5.0,16.0,5.0,1.0,1.0,1.0,1.0,1.0,3.0,0.0,24.0,0.93,0.0,1
0.0,0.0,1.0,0.0,0.0,0.0,1.0,24.0,1.0,1.0,0.0,0.51,0.0,0.0,2.0,0.0,2.0,1.0,0.88,0.0,1.0,0.0,0.0,0.81,0.0,0
0.0,0.0,1.0,1.0,0.0,0.0,2.0,20.0,1.0,0.0,3.0,0.51,0.0,56.0,1.0,0.0,1.0,1.0,4.25,2.0,1.0,0.0,0.0,1.0,0.0,0
4.0,0.0,1.0,4.0,0.0,4.0,3.0,54.0,1.0,1.0,0.0,0.44,1.0,53.0,2.0,0.0,1.0,1.0,4.29,1.0,1.0,0.0,199.0,1.0,0.0,0
0.0,0.0,1.0,2.0,0.0,1.0,2.0,26.0,2.0,0.0,0.0,0.27,1.0,40.0,2.0,0.0,3.0,2.0,3.83,0.0,0.0,0.0,58.0,1.0,0.0,0
0.0,3.0,1.0,0.0,0.0,1.0,3.0,34.0,2.0,5.0,1.0,0.17,1.0,72.0,3.0,1.0,0.0,2.0,2.33,1.0,1.0,0.0,0.0,1.0,0.0,0
0.0,0.0,1.0,0.0,0.0,0.0,1.0,21.0,1.0,0.0,0.0,0.6,0.0,0.0,1.0,1.0,3.0,2.0,1.43,0.0,1.0,0.0,0.0,0.67,0.0,0
45.0,0.0,1.0,44.0,173.0,0.0,1.0,151.0,30.0,28.0,146.0,0.03,0.0,98.0,2.0,0.0,28.0,1.0,2.43,0.0,1.0,0.0,0.0,1.0,0.0,0
5.0,0.0,1.0,1.0,0.0,3.0,3.0,60.0,1.0,1.0,6.0,0.26,0.0,63.0,1.0,0.0,11.0,2.0,4.54,2.0,1.0,0.0,0.0,0.33,1.0,0
2.0,0.0,1.0,1.0,0.0,1.0,1.0,38.0,5.0,1.0,5.0,0.26,1.0,70.0,2.0,0.0,6.0,2.0,2.12,0.0,0.0,0.0,0.0,0.5,2.0,0
0.0,0.0,1.0,0.0,0.0,0.0,2.0,24.0,3.0,4.0,3.0,0.27,0.0,73.0,2.0,1.0,1.0,2.0,1.42,0.0,1.0,0.0,0.0,0.87,0.0,0
0.0,0.0,1.0,0.0,0.0,0.0,1.0,75.0,1.0,0.0,13.0,2.5,0.0,50.0,2.0,0.0,1.0,1.0,7.0,0.0,1.0,0.0,0.0,1.0,0.0,0
0.0,2.0,1.0,0.0,0.0,0.0,1.0,16.0,1.0,0.0,0.0,2.67,0.0,0.0,0.0,2.0,0.0,0.0,1.0,1.0,0.0,0.0,0.0,1.0,0.0,0
0.0,4.0,1.0,0.0,0.0,0.0,1.0,16.0,1.0,0.0,0.0,2.29,0.0,0.0,0.0,0.0,1.0,0.0,1.0,1.0,0.0,0.0,0.0,1.0,0.0,0
0.0,0.0,1.0,0.0,0.0,0.0,2.0,28.0,1.0,4.0,10.0,0.19,0.0,88.0,2.0,0.0,3.0,2.0,1.79,1.0,1.0,0.0,0.0,0.72,0.0,0
0.0,0.0,1.0,0.0,1.0,0.0,1.0,28.0,2.0,10.0,13.0,0.18,0.0,92.0,1.0,0.0,2.0,2.0,1.46,0.0,1.0,0.0,0.0,0.85,1.0,0
0.0,0.0,1.0,0.0,1.0,0.0,2.0,24.0,2.0,5.0,3.0,0.18,0.0,80.0,2.0,0.0,1.0,2.0,2.23,1.0,1.0,0.0,0.0,0.87,2.0,0
0.0,0.0,1.0,0.0,1.0,0.0,2.0,20.0,1.0,1.0,1.0,0.39,0.0,42.0,3.0,0.0,1.0,1.0,2.14,0.0,1.0,0.0,0.0,0.84,1.0,0
0.0,0.0,1.0,0.0,0.0,1.08,1.0,21.0,1.0,1.0,0.54,1.45,0.0,0.0,3.0,0.0,2.38,1.0,1.46,1.46,2.46,0.0,0.0,0.86,0.0,0
0.0,1.98,1.0,0.0,0.0,2.01,1.0,44.82,1.0,0.0,2.98,1.08,0.0,59.52,1.01,0.0,0.02,2.98,3.7,0.99,1.02,0.0,0.0,0.54,0.01,0
0.76,0.0,1.0,0.38,0.62,0.38,1.62,26.81,2.51,1.0,2.51,0.34,0.38,52.6,2.62,0.0,2.89,1.38,2.13,0.0,0.62,0.0,0.0,0.71,1.38,0
1.34,0.22,1.0,1.12,0.67,6.33,2.0,254.89,2.34,6.25,16.2,0.54,1.55,47.32,1.78,0.45,13.97,2.79,3.73,0.78,3.88,0.0,2.46,0.6,1.0,1
0.0,5.23,1.0,0.48,0.0,2.61,1.48,52.86,1.95,0.48,0.95,2.43,0.0,31.5,0.95,1.57,6.3,0.95,2.88,0.48,0.48,0.0,0.0,0.55,0.95,0
0.0,1.61,1.0,0.0,0.0,0.97,1.0,18.52,1.0,0.0,0.0,2.71,0.0,0.0,0.19,1.61,0.77,0.39,0.81,0.81,0.39,0.0,0.0,0.91,0.0,0
0.33,0.0,1.0,0.67,0.0,0.0,1.33,20.34,1.98,0.33,0.66,1.82,0.0,83.61,2.0,0.33,0.98,1.33,3.15,2.69,1.0,0.0,0.0,0.66,0.33,0
0.75,0.0,1.0,0.75,0.75,0.0,1.25,28.75,1.0,1.01,6.26,0.29,0.0,79.02,2.0,0.0,2.25,2.75,4.68,0.25,1.0,0.0,0.0,0.65,0.0,0
1.75,0.0,1.87,1.0,0.0,0.0,2.87,35.35,1.0,0.38,3.76,0.23,0.0,65.43,2.0,0.0,2.42,1.13,3.51,0.0,1.0,0.0,0.13,0.51,0.0,0
0.0,0.0,1.0,0.0,0.09,0.0,1.91,24.37,2.91,4.55,3.91,0.26,0.0,74.73,1.91,0.91,1.09,2.0,1.42,0.0,1.0,0.0,0.0,0.87,0.09,0
0.58,0.0,1.0,1.0,0.58,0.0,1.42,69.79,1.0,1.25,6.67,0.31,0.0,81.41,2.0,0.0,9.08,2.58,5.06,0.0,1.0,0.0,0.42,0.62,0.0,0
0.0,0.0,1.0,0.0,0.0,0.0,1.0,18.09,1.0,0.0,1.72,0.66,0.0,43.04,1.0,0.0,0.0,2.0,2.1,0.0,0.86,0.0,0.0,1.0,0.0,0
0.0,0.0,1.0,0.0,0.0,0.0,1.0,20.5,1.0,1.0,0.5,1.56,0.0,25.0,2.5,0.0,2.0,1.0,1.25,0.75,0.5,0.0,0.0,0.88,0.0,0
1.03,0.0,1.0,2.05,0.77,4.26,1.26,69.72,1.0,0.0,0.77,1.34,0.74,20.51,2.49,0.0,5.77,1.0,3.48,0.26,1.0,0.0,0.0,0.65,0.74,0
0.0,0.0,1.0,1.0,0.0,1.0,2.0,50.0,1.0,3.0,8.0,0.25,0.0,87.0,3.0,0.0,11.0,1.0,2.88,1.0,1.0,0.0,0.0,0.88,0.0,0
0.76,0.76,1.0,1.53,0.24,0.76,2.0,53.17,4.06,2.76,13.76,0.26,0.0,68.05,1.24,0.0,16.53,1.76,2.17,0.76,1.0,0.0,0.0,0.59,1.53,0
0.0,0.0,1.0,0.57,0.0,0.0,2.0,29.17,3.0,2.28,2.43,0.24,0.0,68.98,2.0,0.43,6.74,2.0,2.87,0.57,1.0,0.0,0.0,0.64,1.15,0
0.0,0.4,1.0,0.0,0.0,1.58,1.6,24.4,2.21,2.42,1.81,2.63,0.0,44.14,1.21,0.6,0.6,1.21,1.25,0.4,0.6,0.0,0.0,0.82,0.0,0
0.63,0.0,1.0,2.53,0.0,0.63,1.63,21.7,2.27,0.0,1.1,0.35,0.0,75.05,1.63,0.0,3.8,1.63,5.52,0.37,1.0,0.0,0.0,0.73,0.63,0
0.0,0.0,1.0,0.22,0.0,3.22,1.0,29.41,1.0,0.0,0.0,1.55,0.43,0.0,1.43,0.0,0.43,1.78,1.26,0.22,1.51,0.0,0.0,0.49,0.0,0
0.0,0.0,1.0,0.0,0.89,0.76,2.0,24.14,1.0,1.11,1.11,0.47,0.11,41.89,2.78,0.11,0.89,1.11,2.29,0.22,1.11,0.0,0.0,0.86,0.89,0
0.0,0.0,1.0,0.0,0.0,0.5,1.75,26.26,1.0,3.25,7.76,0.49,0.0,66.08,2.25,0.0,2.5,1.75,1.59,1.0,1.25,0.0,0.0,0.79,0.0,0
0.0,1.07,1.0,0.0,0.0,0.0,1.0,18.32,1.0,0.0,0.46,2.13,0.0,0.0,1.86,1.07,0.0,0.46,1.15,1.0,0.46,0.0,0.0,0.83,0.0,0
0.53,0.0,1.0,1.0,0.0,0.32,1.21,30.52,1.0,1.0,0.64,1.18,0.0,96.05,3.68,0.0,2.07,1.11,1.38,0.21,1.89,0.0,0.0,0.93,0.11,0
0.0,0.0,1.0,0.0,0.0,0.0,1.0,21.99,1.0,0.0,0.0,3.9,0.0,0.0,0.1,0.9,0.9,0.2,1.07,0.9,0.0,0.0,0.0,1.0,0.0,0
0.68,0.0,1.0,1.96,0.68,0.32,1.32,46.34,1.0,0.32,8.21,0.28,0.32,79.85,1.68,0.0,4.25,2.68,6.02,0.32,1.0,0.0,0.0,0.65,0.64,0
0.0,0.0,1.0,0.0,0.0,3.73,1.07,58.75,1.0,0.27,0.68,1.28,0.93,5.99,2.93,0.0,3.93,1.07,2.52,0.07,1.0,0.0,0.0,0.98,0.0,0
0.0,0.0,1.0,0.0,0.0,2.3,1.0,35.75,1.0,0.0,0.54,1.14,0.46,0.0,1.46,0.0,2.38,1.54,1.9,0.54,1.0,0.0,0.0,0.89,0.0,0
3.95,0.0,1.0,3.98,0.0,3.96,2.99,53.66,1.01,0.99,0.0,0.44,1.0,52.84,2.0,0.0,1.02,1.01,4.28,0.99,0.99,0.0,197.3,1.0,0.0,0
0.0,0.0,1.0,0.49,0.51,0.49,2.0,40.31,1.0,2.49,3.92,0.32,0.0,42.61,2.49,0.0,6.41,1.0,1.46,0.49,1.0,0.0,0.0,0.83,0.0,0
0.0,0.0,1.0,0.0,0.0,0.0,1.0,17.38,1.0,0.0,2.45,0.85,0.0,31.88,1.28,0.0,0.28,1.0,10.21,1.28,1.0,0.0,0.0,1.0,0.0,0
0.0,0.0,1.0,0.0,0.95,0.0,2.0,24.2,1.95,4.95,3.35,0.18,0.0,80.4,2.0,0.0,1.1,2.0,2.21,1.0,1.0,0.0,0.0,0.86,1.9,0
9.88,0.0,1.0,10.44,37.96,0.0,1.78,48.75,7.36,6.14,34.38,0.4,0.0,65.22,1.22,0.0,6.93,1.0,3.85,1.56,1.0,0.0,0.0,1.0,0.0,0
0.0,0.81,1.0,0.0,0.0,0.0,1.0,20.78,1.0,0.6,0.0,1.38,0.0,0.0,1.19,0.81,1.19,0.6,0.93,0.4,0.6,0.0,0.0,0.88,0.0,0
0.47,0.47,1.0,0.94,0.0,0.47,1.47,39.35,2.88,1.94,8.47,0.9,0.0,41.88,1.53,0.0,10.94,1.47,1.67,0.47,0.47,0.0,0.0,0.78,0.94,0
3.61,0.0,1.0,0.72,2.17,1.11,2.44,45.84,1.72,0.0,3.61,0.56,0.28,55.59,3.0,10.11,1.83,1.0,14.07,1.44,1.72,0.0,0.72,0.79,0.72,0
0.0,0.0,1.0,0.76,0.0,1.71,2.0,39.12,2.51,1.24,2.0,0.45,0.24,59.88,1.76,0.24,8.31,2.0,3.84,1.24,1.24,0.0,0.0,0.6,1.51,0
0.0,0.0,1.0,0.0,0.0,1.89,1.27,70.41,1.0,0.54,10.03,2.13,0.27,47.57,1.73,0.27,0.73,1.27,6.05,0.54,1.27,0.0,0.0,1.0,0.0,0
0.0,0.0,1.0,0.06,0.0,0.06,1.06,22.81,1.0,0.19,0.5,3.95,0.0,5.44,0.19,0.94,1.63,0.06,1.12,1.0,0.06,0.0,0.0,0.99,0.0,0
2.73,0.0,1.0,0.55,1.64,0.0,2.09,30.47,1.55,0.0,2.73,1.22,0.0,42.06,2.09,7.65,1.45,1.45,10.11,1.09,1.55,0.0,0.55,0.84,0.55,0
0.0,0.51,1.0,0.96,0.0,3.84,1.0,19.96,1.0,0.0,0.0,1.64,1.92,0.0,2.88,0.08,2.12,0.96,1.0,0.96,6.73,0.0,0.0,0.52,0.0,0
0.0,0.51,1.0,0.0,0.0,4.49,1.0,26.95,1.0,0.0,0.0,4.62,0.0,0.0,0.49,0.0,1.95,0.97,0.51,0.51,0.97,0.0,0.0,0.64,0.0,0
0.0,0.0,1.0,0.32,0.0,1.0,1.32,45.95,1.0,1.65,5.97,0.59,0.0,79.57,1.65,0.0,4.92,1.0,2.28,1.0,1.0,0.0,0.0,0.95,0.68,0
0.0,0.0,1.0,0.0,0.0,1.2,1.7,35.13,2.4,2.8,2.1,0.76,0.3,51.04,2.9,0.7,1.9,1.7,1.76,0.0,1.0,0.0,0.0,0.89,0.0,0
0.0,0.0,1.0,1.6,0.0,4.8,1.8,93.01,1.0,0.0,2.4,0.93,0.2,61.61,1.4,0.0,5.8,1.0,3.21,0.8,1.0,0.0,4.0,0.74,0.2,1
0.0,1.12,1.0,0.0,0.0,0.0,1.0,24.63,1.0,0.0,0.72,1.18,0.0,30.19,0.72,2.88,2.44,2.16,2.95,1.0,0.0,0.0,0.0,0.8,0.0,0
1.0,0.0,1.0,0.83,0.83,0.0,1.17,27.26,1.52,0.17,4.48,0.3,0.0,71.47,2.0,0.17,2.17,2.83,4.91,0.0,1.0,0.0,0.0,0.69,0.17,0
0.0,4.08,1.0,0.55,0.0,3.09,1.0,30.42,1.0,0.0,0.0,1.89,1.09,0.0,2.55,0.45,1.09,1.0,0.55,0.55,3.83,0.0,0.0,0.5,0.0,0
0.99,0.0,1.0,0.01,0.0,0.08,2.01,19.17,3.97,1.01,2.01,0.2,0.05,49.56,2.0,1.02,3.01,1.99,1.49,0.03,1.02,0.01,0.0,0.98,0.99,0
3.35,2.1,1.0,3.52,0.0,3.52,2.68,52.55,1.0,0.84,0.65,0.46,0.84,54.45,1.84,0.0,1.0,1.16,4.41,1.0,1.0,0.0,166.83,0.94,0.0,0
0.0,0.0,1.0,0.86,0.0,3.44,1.0,20.14,1.0,0.0,0.14,1.73,1.72,0.0,2.86,0.0,1.86,1.0,1.14,1.14,6.16,0.0,0.0,0.57,0.0,0
0.0,0.0,1.0,0.0,0.0,0.0,1.0,27.27,1.0,0.0,0.37,1.31,0.0,0.0,2.12,0.0,0.0,1.63,1.57,0.37,0.37,0.0,0.0,0.86,0.0,0
0.0,0.37,1.0,0.0,0.0,0.0,1.81,25.76,1.0,3.25,8.13,0.65,0.0,71.57,1.63,0.37,2.44,1.63,1.64,1.0,0.81,0.0,0.0,0.77,0.0,0
0.0,0.0,1.0,1.0,0.0,15.0,3.0,34.0,1.0,0.0,0.0,0.71,10.0,0.0,5.0,0.0,2.0,1.0,3.0,3.0,18.0,1.0,1.0,0.8,1.0,0
0.0,0.0,1.0,0.19,0.0,1.63,2.0,73.26,1.0,0.56,4.11,0.58,0.0,66.2,2.0,0.0,7.6,1.19,2.41,0.0,1.0,0.0,0.19,0.56,0.0,0
0.0,0.96,1.0,0.0,0.0,4.04,1.0,26.29,1.0,0.0,0.0,6.06,0.04,0.0,0.08,0.0,0.15,0.04,1.06,0.96,0.04,0.0,0.0,0.75,0.0,0
0.0,0.29,1.0,0.0,0.0,0.0,1.0,16.0,1.0,0.0,0.93,1.22,0.0,0.0,0.93,0.0,1.0,1.86,1.31,1.0,0.93,0.0,0.0,0.82,0.0,0
0.0,0.0,1.0,1.0,0.0,0.0,1.59,30.52,2.17,1.0,1.17,0.72,0.0,80.07,3.24,0.0,6.86,1.59,2.73,0.59,1.41,0.0,0.0,0.69,1.17,0
0.0,0.0,1.0,0.0,0.0,1.2,1.0,44.51,1.0,0.95,4.75,0.84,0.05,72.14,1.1,0.1,2.0,1.0,2.17,1.2,1.0,0.0,0.0,0.99,0.95,0
0.84,0.0,1.42,1.0,0.0,8.73,3.0,28.99,1.0,0.0,1.25,0.51,5.82,25.91,3.75,0.0,1.16,1.0,3.17,1.75,10.9,0.58,0.58,0.67,0.58,0
0.0,0.0,1.0,0.0,0.0,1.24,1.0,38.56,1.0,1.0,4.05,0.91,0.0,58.04,1.47,0.0,1.76,1.0,1.76,1.0,1.24,0.0,0.0,0.99,0.76,0
0.0,0.0,1.0,0.55,0.0,3.86,2.1,52.36,1.0,1.1,7.48,1.53,2.21,29.02,2.0,1.66,2.66,1.0,7.55,1.66,2.1,0.55,0.0,0.94,0.0,0
0.26,0.0,1.13,0.13,0.0,0.0,1.26,27.22,1.0,0.0,1.26,0.67,0.0,44.61,1.13,3.48,2.61,2.74,3.67,0.87,0.13,0.0,0.0,0.69,0.0,0
0.0,0.0,1.0,0.71,0.0,5.64,1.0,52.66,1.0,0.29,0.0,0.83,3.53,11.28,4.41,0.71,1.59,1.0,1.88,1.88,3.59,0.0,16.92,0.95,0.0,0
0.0,0.0,1.0,0.0,1.0,0.0,2.0,20.0,1.0,1.0,1.0,0.39,0.0,42.01,3.0,0.0,1.0,1.0,2.14,0.0,1.0,0.0,0.0,0.84,1.0,0
0.33,0.0,1.16,0.16,0.84,0.0,2.16,23.67,1.84,4.18,3.0,0.19,0.0,77.06,2.0,0.0,0.84,1.84,2.42,0.84,1.0,0.0,0.0,0.81,1.67,0
0.0,0.0,1.0,0.0,0.33,3.33,1.33,46.33,1.0,0.67,0.0,1.63,0.67,0.0,2.67,1.33,2.0,1.0,3.64,3.33,1.0,0.0,0.0,0.93,0.0,0
0.0,1.94,1.0,0.03,0.0,2.39,1.06,44.67,1.0,0.0,2.91,1.06,0.3,58.18,1.12,0.0,0.06,2.94,3.71,1.06,1.52,0.03,0.03,0.54,0.03,0
0.0,0.0,1.0,0.45,0.0,0.45,1.45,33.91,1.0,1.89,3.56,0.94,0.0,38.73,3.0,0.0,7.12,1.0,2.39,1.55,2.11,0.0,0.0,0.77,0.0,0
1.73,0.0,2.13,0.87,0.0,0.0,3.13,21.73,1.0,0.0,2.6,0.26,0.27,53.73,2.0,0.0,0.0,1.0,3.08,0.0,1.27,0.0,0.0,0.57,0.0,0
5.06,0.76,1.0,4.06,2.29,3.06,2.0,652.63,5.58,17.22,49.01,0.6,0.0,92.75,1.24,2.0,46.48,7.58,4.4,0.0,0.0,0.0,15.72,0.63,1.0,1
0.0,0.0,1.0,0.0,0.0,3.53,1.0,47.29,1.0,0.0,0.0,1.73,0.53,0.0,3.11,0.0,2.11,1.47,1.99,0.0,0.53,0.0,0.0,0.73,0.0,0
0.0,0.0,1.0,0.12,0.0,0.82,1.23,22.53,1.0,0.23,1.23,1.94,0.47,1.41,2.0,0.35,1.35,1.0,2.7,2.12,1.23,0.12,0.0,0.99,0.0,0
0.0,0.0,1.0,0.0,0.0,0.0,1.0,24.13,1.0,0.0,1.32,0.69,0.0,44.58,1.0,2.71,2.03,2.68,3.21,0.68,0.32,0.0,0.0,0.81,0.0,0
0.0,0.0,1.0,0.0,0.0,2.56,1.0,21.85,1.0,0.0,0.15,2.01,0.0,0.0,2.0,0.0,1.85,1.0,0.29,0.29,3.56,0.0,0.0,0.97,0.85,0
0.0,0.0,1.0,0.91,0.0,0.0,1.0,25.55,1.0,1.0,0.0,1.83,0.0,90.94,4.82,0.0,1.27,1.0,1.09,0.18,1.18,0.0,0.0,0.54,0.0,0
0.0,10.34,1.0,1.0,0.0,0.8,1.2,39.89,1.0,0.0,3.8,0.55,0.0,60.77,1.0,0.0,1.0,1.8,4.89,1.2,1.0,0.0,0.0,0.68,0.0,0
0.0,0.0,1.0,0.0,0.0,1.42,1.0,21.47,1.0,0.53,0.0,1.74,0.0,0.0,2.53,0.0,3.05,1.0,1.05,1.05,3.47,0.0,0.0,0.82,0.47,0
1.22,0.0,1.61,0.61,0.0,0.0,2.22,21.61,1.0,0.0,2.22,0.96,0.0,37.74,2.0,0.0,0.39,1.0,2.85,0.78,1.0,0.0,0.0,0.7,0.0,0
0.0,0.0,1.0,0.0,0.0,4.13,1.59,42.83,1.0,1.18,1.18,0.92,0.59,24.19,1.0,1.0,1.23,2.0,2.65,1.18,1.59,0.0,0.0,0.86,0.0,0
1.88,6.88,1.0,4.3,1.41,2.88,1.47,68.54,1.0,0.0,3.53,0.78,0.0,70.48,1.0,0.0,4.3,1.53,5.55,1.0,1.0,0.0,0.0,0.79,0.0,0
0.0,0.0,1.0,0.0,0.0,1.45,1.73,50.1,1.0,0.0,2.18,0.64,0.0,44.38,1.73,0.27,4.45,1.27,1.84,0.0,1.0,0.0,0.0,0.59,0.0,0
43.0,0.0,1.0,42.04,165.36,0.0,1.04,145.18,28.71,26.8,139.56,0.05,0.0,95.51,2.04,0.0,26.8,1.0,2.42,0.0,1.0,0.0,0.0,0.99,0.04,0
0.0,0.0,1.0,0.0,0.91,0.0,1.0,27.63,1.91,9.17,11.8,0.21,0.0,83.48,1.09,0.0,2.0,1.91,1.4,0.0,1.0,0.0,0.0,0.84,0.91,0
0.0,0.0,1.0,0.0,0.0,0.0,1.0,21.0,1.0,0.0,0.0,4.2,0.0,0.0,0.0,1.0,1.0,0.0,1.0,1.0,0.0,0.0,0.0,1.0,0.0,0
0.8,0.0,1.0,0.0,0.0,0.61,1.8,21.64,3.39,0.8,1.59,0.46,0.0,39.86,1.8,0.8,2.39,2.0,1.4,0.0,0.8,0.0,0.0,0.88,0.8,0
0.33,0.0,1.0,0.0,0.0,2.0,1.33,21.0,2.0,0.33,0.67,1.39,0.0,16.73,2.0,0.33,2.33,1.33,0.47,0.0,3.0,0.0,0.0,0.97,1.0,0
0.0,0.0,1.0,0.03,0.0,2.17,1.07,21.44,1.0,1.03,1.07,1.38,0.14,0.41,2.97,0.1,1.1,1.0,1.24,1.07,2.03,0.03,0.0,1.0,0.0,0
0.0,0.0,1.0,0.0,0.8,0.61,1.8,22.45,1.0,0.8,0.8,0.62,0.0,33.41,2.59,0.0,0.8,1.2,1.98,0.0,0.8,0.0,0.0,0.77,0.8,0
0.0,0.3,1.0,0.97,0.0,6.77,2.93,33.57,1.0,1.93,2.9,0.77,3.87,11.6,1.93,2.97,3.87,0.97,7.8,2.93,2.9,0.97,0.0,0.9,0.03,0
0.43,0.0,1.0,0.0,0.0,0.0,1.43,20.13,2.3,0.43,1.43,0.93,0.0,21.72,3.13,0.43,1.3,1.43,1.37,0.57,1.0,0.0,0.0,0.78,0.43,0
0.0,0.0,1.63,0.63,0.0,0.0,1.63,24.77,1.63,1.88,1.26,0.15,0.0,41.46,2.26,0.74,18.46,2.0,2.13,0.63,0.63,0.0,0.0,0.55,0.0,0
5.61,0.94,1.0,4.68,2.87,3.74,2.0,795.45,6.61,19.78,58.01,0.74,0.0,90.76,1.06,1.87,55.33,8.49,4.43,0.0,0.06,0.0,10.29,0.55,0.94,1
0.0,0.0,1.0,0.78,0.0,1.95,1.39,85.12,1.0,0.0,9.11,1.84,0.0,60.51,1.61,0.0,2.95,1.0,5.59,0.39,1.0,0.0,1.95,0.92,0.0,0
9.76,0.0,1.0,9.55,38.32,0.0,1.78,51.55,8.07,9.99,34.02,0.15,0.0,83.91,2.0,0.0,6.86,1.78,2.27,0.78,1.0,0.0,0.0,0.9,1.57,0
0.0,3.01,1.0,0.99,0.0,0.25,1.25,32.53,1.0,0.25,3.7,1.77,0.25,21.72,0.25,0.0,2.97,0.49,2.44,1.0,0.25,0.0,0.0,0.93,0.49,0
0.0,0.0,1.52,0.52,0.0,2.39,1.52,42.32,1.52,1.56,1.04,0.62,0.48,34.4,2.52,0.0,9.21,1.52,2.98,0.52,1.0,0.0,0.0,0.73,0.0,0
1.55,0.0,1.0,4.0,0.0,2.16,2.39,71.77,1.0,1.0,9.19,0.28,1.0,74.44,1.39,0.0,5.9,1.61,5.84,1.0,1.0,0.0,77.08,0.82,1.23,0
0.0,0.0,1.0,0.0,0.0,2.46,1.0,44.86,1.0,0.38,0.77,1.84,0.62,38.44,3.38,0.0,3.23,1.0,2.74,1.15,1.38,0.0,0.0,0.72,0.0,0
0.0,0.0,1.0,0.0,0.27,3.64,1.0,50.54,1.27,2.73,3.55,0.87,0.73,25.1,1.73,0.0,3.45,1.27,2.27,0.0,1.0,0.0,0.0,0.96,0.27,0
0.68,0.0,1.0,0.32,0.0,1.28,1.68,19.32,3.04,0.68,1.36,0.66,0.64,34.06,2.32,0.68,2.68,1.68,1.28,0.32,2.91,0.0,0.0,0.83,0.68,0
0.0,0.0,1.0,1.0,0.0,0.96,2.14,21.93,1.0,0.28,3.0,0.54,0.55,49.95,1.14,0.41,1.41,1.0,4.77,2.14,1.28,0.14,0.0,0.99,0.0,0
0.0,0.0,1.0,0.0,0.0,0.34,1.0,21.11,1.0,0.89,0.0,1.56,0.0,0.0,2.89,0.0,3.77,1.0,1.77,1.77,3.11,0.0,0.0,0.72,0.11,0
0.0,2.96,1.0,0.03,0.0,4.01,1.01,35.86,1.0,0.0,0.04,5.76,0.0,1.0,0.01,0.99,0.08,0.01,2.02,0.01,0.01,0.0,0.06,0.63,0.0,0
0.56,0.0,1.0,0.28,0.0,3.16,1.0,54.53,2.13,0.28,1.41,1.05,1.0,19.7,2.72,0.0,4.56,1.28,2.44,0.0,0.72,0.0,0.0,0.86,0.56,0
1.44,0.24,1.0,1.2,0.72,2.48,2.0,250.44,2.44,5.05,17.2,0.68,0.0,69.67,1.76,0.48,18.0,2.93,2.66,0.0,0.76,0.0,2.65,0.55,0.24,1
0.0,0.0,1.0,0.0,0.0,5.0,1.33,60.0,1.0,0.67,0.67,1.65,1.0,13.67,2.33,0.33,2.67,1.33,2.88,0.67,1.33,0.0,0.0,0.97,0.0,0
0.0,0.0,1.0,0.0,0.0,0.25,2.83,19.25,1.0,0.0,3.67,0.36,0.0,35.78,1.08,0.0,0.17,1.0,24.77,1.83,1.25,0.0,0.0,0.5,1.92,0
3.71,0.0,1.0,0.74,2.22,0.78,2.48,35.34,1.74,0.0,3.71,0.7,0.0,57.07,2.74,10.38,1.26,1.0,13.71,1.48,2.52,0.0,0.74,0.78,1.0,0
0.0,1.74,1.0,0.0,0.0,2.52,1.0,39.81,1.0,0.0,2.22,2.41,0.0,44.43,0.74,0.0,0.0,2.22,3.02,1.0,0.74,0.0,0.0,0.59,0.0,0
0.0,0.0,1.0,0.0,0.0,0.03,1.99,24.08,2.98,3.96,2.97,0.28,0.0,72.28,1.99,0.99,0.99,2.0,1.42,0.0,0.99,0.0,0.0,0.87,0.0,0
0.0,6.31,1.0,0.0,0.0,3.89,1.37,67.31,1.0,0.0,1.11,3.04,0.0,22.51,0.74,1.89,3.11,0.37,1.94,0.0,0.37,0.0,0.0,0.59,0.0,0
0.0,0.0,1.0,0.8,0.0,0.0,1.0,23.96,1.0,0.8,0.2,1.71,0.0,79.62,4.18,0.0,1.0,1.2,1.07,0.2,1.0,0.0,0.0,0.58,0.0,0
0.0,2.94,1.0,0.0,0.0,0.0,1.53,16.79,1.0,0.0,1.06,1.74,0.0,10.32,0.26,0.0,0.74,0.26,7.88,1.26,0.26,0.0,0.0,0.86,0.53,0
1.68,0.0,1.0,1.66,1.01,0.66,2.34,30.7,2.0,0.0,1.68,0.26,0.66,52.43,2.34,4.7,2.33,1.66,8.76,0.67,0.67,0.0,38.85,0.9,0.34,0
0.0,0.0,1.0,0.0,0.0,2.21,1.0,40.89,1.0,0.0,0.45,1.57,0.55,0.0,2.11,0.0,2.66,1.45,2.02,0.45,1.0,0.0,0.0,0.83,0.0,0
0.97,0.0,1.0,2.54,0.0,0.51,2.0,52.8,1.0,2.95,11.1,0.14,0.51,83.62,1.49,0.97,7.54,2.49,5.13,0.51,0.51,0.0,15.1,0.81,1.51,1
1.64,0.36,1.0,1.36,0.0,1.0,1.36,45.83,5.0,1.71,9.63,0.25,0.64,76.76,1.64,0.0,11.34,2.0,2.36,0.36,0.36,0.0,0.0,0.51,2.0,0
0.0,0.0,1.0,0.0,0.0,0.0,1.0,21.0,1.0,0.11,0.0,0.27,0.0,0.0,1.21,1.79,23.66,1.89,0.26,0.21,0.32,0.0,0.0,0.68,0.0,0
0.0,0.0,1.0,0.08,0.0,2.39,2.08,58.9,1.0,0.16,3.0,0.66,0.31,57.19,2.0,0.23,4.92,1.0,2.47,0.23,1.16,0.08,0.0,0.58,0.0,0
0.95,0.95,1.0,1.9,0.0,0.95,1.95,57.81,4.8,2.85,17.25,0.23,0.0,86.76,1.0,0.0,19.95,1.95,3.33,1.0,1.0,0.0,0.0,0.56,1.9,0
0.28,9.64,1.0,1.28,0.0,1.0,1.28,49.2,2.12,0.84,7.92,0.46,0.0,69.55,1.0,0.0,6.6,2.0,4.43,1.0,1.0,0.0,0.0,0.58,0.56,0
1.84,0.0,1.0,0.92,0.08,0.92,1.16,37.29,4.68,1.08,4.61,0.25,0.92,64.48,2.0,0.0,5.76,1.92,2.01,0.0,0.08,0.0,0.0,0.54,2.08,0
0.0,0.0,1.0,0.0,0.0,3.71,1.07,58.31,1.15,0.29,0.22,1.79,0.93,5.3,2.93,0.07,3.78,1.07,2.49,0.0,1.0,0.0,0.0,0.85,0.0,0
0.0,0.0,1.0,0.0,0.0,4.86,1.29,67.58,1.0,0.57,0.86,1.5,1.29,9.45,2.71,0.0,3.14,1.0,2.82,0.29,2.15,0.0,0.0,0.86,0.29,0
0.0,0.0,1.0,0.0,0.64,1.44,1.64,34.72,1.0,0.64,0.64,0.94,0.36,26.92,3.0,0.0,2.08,1.0,2.3,0.0,1.0,0.0,0.0,0.84,0.64,0
4.55,0.27,1.0,0.91,0.0,2.82,3.0,57.68,1.09,1.36,5.55,0.25,0.09,63.8,1.18,0.09,10.02,2.0,4.34,1.91,1.0,0.0,0.0,0.39,0.91,0
0.0,0.0,1.0,0.58,0.0,0.0,1.0,24.45,1.0,0.58,0.0,2.52,0.0,57.56,2.3,0.42,1.0,0.58,1.0,0.42,1.15,0.0,0.0,1.0,0.0,0
0.0,0.0,1.0,0.91,0.0,0.0,1.17,26.31,1.0,0.91,0.35,1.32,0.0,94.72,4.65,0.0,0.91,1.0,3.25,0.17,1.91,0.0,0.0,0.95,0.17,0
5.45,0.86,1.14,4.45,2.58,3.45,2.14,733.62,6.17,18.09,53.83,0.69,0.0,92.15,1.14,1.72,50.83,7.89,4.55,0.0,0.14,0.0,9.48,0.53,0.86,1
0.0,0.0,1.17,0.91,0.0,0.0,1.26,26.39,1.0,0.91,0.0,1.22,0.17,91.28,3.83,0.0,0.91,1.0,1.0,0.0,2.09,0.0,0.0,1.0,0.0,0
0.0,3.73,1.0,0.0,0.0,0.47,1.07,18.8,1.0,0.13,0.13,2.21,0.07,2.73,0.07,0.07,0.93,0.13,1.17,1.07,0.13,0.0,0.0,1.0,0.0,0
3.68,0.0,1.0,3.68,0.08,3.68,2.92,52.16,1.0,1.08,0.0,0.44,0.92,48.76,2.0,0.0,1.08,1.0,3.95,0.92,1.0,0.0,183.08,0.98,0.0,0
24.32,0.0,1.0,23.78,93.5,0.0,1.0,88.96,16.67,15.59,78.91,0.83,0.0,52.97,2.92,0.0,15.13,1.0,1.32,0.0,1.92,0.0,3.22,0.98,0.46,0
0.0,1.56,1.0,0.12,0.0,0.12,1.0,23.88,1.0,0.0,1.36,1.92,0.0,7.44,1.88,0.0,1.0,1.12,2.37,1.88,1.0,0.0,0.0,0.95,0.0,0
0.0,0.0,1.0,0.0,0.0,1.56,2.0,53.77,1.0,0.88,4.53,0.55,0.0,66.91,2.0,0.0,4.56,1.22,1.95,0.22,1.0,0.0,0.0,0.59,0.0,0
0.0,0.99,1.0,0.0,0.0,3.97,1.0,24.97,1.0,0.0,0.0,6.2,0.0,0.0,0.01,0.01,0.19,0.01,0.99,0.99,0.0,0.0,0.0,0.74,0.0,0
0.0,0.0,1.0,1.22,0.0,3.84,1.61,69.93,1.0,0.39,2.22,1.03,0.0,47.1,1.78,0.0,4.06,1.0,2.45,1.0,1.39,0.0,3.06,0.88,0.0,0
0.0,5.65,1.0,0.0,0.37,1.26,1.37,34.44,1.0,0.37,0.37,1.49,0.0,15.64,2.37,0.63,0.37,1.0,0.8,0.0,0.37,0.0,0.0,0.62,0.37,0
0.0,0.0,1.57,0.57,0.43,0.0,1.57,27.43,2.0,6.02,6.74,0.17,0.0,77.2,2.14,0.0,8.83,2.0,2.54,0.57,1.0,0.0,0.0,0.63,0.43,0
0.0,0.0,1.0,0.0,0.0,2.45,1.0,48.24,1.0,0.0,0.39,1.46,0.61,16.24,2.23,1.55,3.61,1.77,3.01,0.39,0.61,0.0,0.0,0.86,0.0,0
0.0,4.28,1.0,0.0,0.0,3.49,1.0,32.95,1.0,0.0,0.0,5.19,0.0,0.0,0.0,1.13,0.64,0.0,1.88,0.0,0.0,0.0,0.0,0.67,0.0,0
0.42,0.0,1.0,1.0,0.0,0.21,1.79,31.67,1.84,4.16,5.0,0.16,0.21,76.33,2.79,0.0,16.28,2.0,3.4,0.0,0.0,0.0,0.79,0.52,1.21,1
0.0,0.0,1.0,0.65,0.0,0.0,1.65,20.35,1.0,0.0,1.95,0.37,0.0,36.48,1.0,0.7,9.71,1.35,2.79,1.3,0.65,0.0,0.0,0.89,0.0,0
0.0,0.0,1.0,0.0,0.0,1.21,1.21,47.61,1.0,0.79,4.57,0.74,0.0,72.81,1.21,0.0,2.64,1.0,2.0,0.79,1.0,0.0,0.0,0.9,0.79,0
0.36,0.0,1.0,1.27,0.0,0.36,1.18,21.25,1.91,0.09,2.73,0.38,0.09,69.37,1.09,0.0,1.0,1.91,2.11,1.0,0.09,0.0,17.97,0.74,0.0,0
0.72,0.0,1.0,1.64,0.0,0.64,2.0,24.21,1.64,1.79,2.51,0.21,0.64,53.96,2.0,0.72,4.07,2.36,3.66,0.0,0.0,0.0,48.33,0.98,0.36,0
0.0,3.93,1.0,0.3,0.0,2.4,1.0,35.93,1.0,0.0,1.21,1.23,0.0,18.73,1.0,0.0,0.3,2.0,2.46,0.3,0.3,0.0,0.0,0.53,0.0,0
0.0,0.0,1.0,0.0,0.0,2.74,1.91,24.47,1.0,0.0,1.81,1.68,0.0,17.65,1.0,0.0,2.19,1.55,12.22,0.91,1.55,0.0,0.0,0.49,0.91,0
0.0,0.0,2.3,0.0,0.0,0.0,2.95,18.6,1.0,0.35,0.0,0.7,1.3,0.0,2.35,0.0,1.05,1.0,2.05,1.4,3.7,0.0,0.0,1.0,0.0,0
0.8,0.0,1.0,0.8,0.8,0.0,1.0,27.39,1.0,0.2,4.0,0.56,0.0,60.75,2.2,0.0,2.4,2.6,4.92,0.4,1.4,0.0,0.0,0.64,0.0,0
0.0,0.0,1.11,2.84,0.0,0.0,2.11,16.21,1.0,0.0,3.79,0.3,1.05,58.72,1.05,0.0,1.89,1.95,2.33,0.0,1.11,0.0,0.0,1.0,0.0,0
0.0,4.15,1.0,0.0,0.0,0.92,1.54,32.76,2.08,2.16,1.62,1.14,0.0,39.36,2.0,1.0,0.54,1.54,0.76,0.0,0.54,0.0,0.0,0.7,0.0,0
0.0,0.0,1.0,0.0,0.0,0.0,1.0,22.73,1.0,0.58,0.0,0.55,0.0,0.0,1.58,0.42,2.42,1.42,1.11,0.0,1.0,0.0,0.0,0.75,0.0,0
0.0,1.55,1.0,0.23,0.0,0.0,1.0,17.14,1.0,0.0,0.0,2.66,0.0,22.74,0.45,1.55,0.0,0.23,1.68,1.68,0.23,0.0,0.0,0.89,0.0,0
0.0,2.37,1.0,0.0,0.0,4.21,1.0,40.03,1.0,0.0,0.0,4.84,0.21,0.0,0.42,0.79,0.84,0.21,2.12,0.0,0.21,0.0,0.0,0.7,0.0,0
0.0,0.73,1.0,0.0,0.63,0.73,2.27,34.84,1.0,1.27,1.1,0.44,0.0,21.91,1.63,0.0,1.9,1.73,1.83,0.37,1.0,0.0,0.0,0.79,1.9,0
3.24,0.7,1.0,0.65,0.0,2.65,2.3,54.73,1.0,0.65,4.95,0.54,0.0,61.95,1.0,0.0,7.14,2.35,4.25,1.65,1.0,0.0,0.0,0.4,0.65,0
0.0,0.0,1.0,1.51,0.0,1.99,1.75,26.74,1.75,0.0,0.0,0.92,0.75,30.11,1.75,0.0,3.25,2.0,2.89,0.0,0.49,0.0,43.65,0.88,0.0,0
0.0,1.1,1.0,0.63,0.0,0.37,2.37,31.47,1.37,5.0,3.53,0.14,0.37,75.8,3.0,0.37,12.03,2.0,3.22,0.37,0.37,0.0,0.63,0.7,0.63,1
1.05,0.0,1.0,0.21,0.63,3.16,1.42,56.58,1.21,0.0,1.05,1.56,0.79,16.2,3.0,2.95,3.37,1.0,5.92,0.42,1.21,0.0,0.21,0.9,0.21,0
0.0,0.0,2.92,0.0,0.0,0.0,3.88,19.96,1.0,0.0,0.0,0.61,1.92,0.0,1.96,0.0,0.08,1.04,0.96,0.0,2.92,0.0,0.0,1.0,0.0,0
0.0,0.0,1.0,0.0,0.0,2.04,1.0,67.86,1.0,0.0,6.37,2.2,0.51,24.51,2.51,0.0,2.53,1.0,4.74,0.0,1.0,0.0,0.0,0.97,0.0,0
0.0,0.0,1.0,0.0,0.0,3.12,1.44,61.0,1.0,0.0,1.31,1.1,0.56,26.69,2.56,0.0,5.0,1.0,2.32,0.0,1.0,0.0,0.0,0.54,0.56,0
0.0,0.0,1.0,0.3,0.7,0.0,1.7,23.11,1.7,3.51,2.11,0.91,0.0,85.95,2.0,0.0,0.7,1.7,2.76,1.89,1.0,0.0,0.0,0.76,1.4,0
0.0,0.0,1.0,0.22,0.0,0.0,1.22,43.93,1.0,1.43,1.95,1.24,0.0,19.26,2.0,0.0,5.68,1.22,1.44,0.0,0.22,0.0,0.22,0.91,0.0,0
0.73,0.0,1.0,0.36,0.0,0.0,2.64,19.73,1.0,1.82,5.09,0.17,0.0,53.6,1.36,0.73,2.19,1.73,18.37,1.27,0.64,0.0,11.31,0.63,1.64,0
0.0,0.0,1.0,0.0,0.0,3.39,2.0,55.14,1.0,3.03,6.61,0.33,0.97,61.35,2.0,0.0,2.03,1.52,2.59,1.0,2.94,0.0,0.0,0.67,0.48,0
0.0,0.0,1.0,0.0,0.72,1.41,2.44,36.04,1.0,1.44,0.0,0.68,0.28,0.0,2.28,0.56,2.72,1.0,2.05,1.41,1.0,0.0,0.0,0.96,2.16,0
0.55,0.0,1.0,2.2,0.0,1.45,1.55,23.2,2.1,0.45,0.45,0.81,0.0,51.24,2.45,0.0,3.76,1.55,1.0,0.45,1.45,0.0,0.0,0.76,0.55,0
0.0,0.77,1.0,0.0,0.0,3.76,1.0,58.5,1.0,0.0,0.0,1.85,0.94,0.0,2.82,0.12,4.06,0.94,2.48,0.0,0.94,0.0,0.0,0.86,0.0,0
0.3,8.48,1.0,0.15,0.0,4.24,1.15,63.41,1.0,0.76,1.06,3.78,0.0,11.98,0.3,2.85,2.61,0.46,2.12,0.0,0.0,0.0,4.7,0.66,0.15,0
0.0,0.0,1.0,0.0,0.0,0.0,2.55,20.13,1.0,0.23,3.09,0.28,0.0,30.15,1.23,0.0,0.45,1.0,21.07,1.55,1.0,0.0,0.0,0.54,1.55,0
0.0,0.0,1.0,0.94,0.0,2.36,2.0,62.47,1.0,2.11,6.69,0.48,0.0,82.81,1.53,0.0,4.42,1.53,2.54,1.0,1.0,0.0,2.36,0.76,0.0,1
0.0,0.0,1.0,2.99,0.0,0.01,2.0,16.09,1.0,0.0,3.99,0.29,1.0,61.87,1.0,0.0,2.0,2.0,2.4,0.0,1.0,0.0,0.0,1.0,0.0,0
2.35,0.0,1.83,2.22,0.52,0.87,2.83,34.75,1.0,0.0,3.0,0.36,0.0,65.14,1.83,0.0,1.4,1.0,3.87,0.17,1.0,0.0,0.0,0.59,0.0,0
0.0,1.1,1.0,0.08,0.0,4.66,1.0,57.81,1.0,0.0,0.34,1.08,0.92,5.26,1.92,0.0,3.75,1.08,2.78,0.08,1.0,0.0,0.0,0.97,0.0,0
0.51,0.0,1.0,0.1,0.3,0.9,1.2,43.59,1.1,0.9,5.0,0.71,0.0,76.1,1.2,1.42,1.9,1.0,3.67,1.1,1.1,0.0,0.1,0.96,1.0,0
0.0,0.0,2.56,0.0,0.0,0.0,3.78,19.78,1.0,0.0,0.88,0.47,1.56,8.53,1.78,0.0,0.0,1.0,6.69,0.44,2.56,0.0,0.0,0.88,0.44,0
0.0,0.0,1.0,0.0,0.0,0.0,1.0,58.53,1.0,0.28,9.37,2.08,0.0,36.04,2.28,0.0,1.56,1.0,6.16,1.12,2.12,0.0,0.0,1.0,0.0,0
0.0,0.0,1.0,0.6,0.0,1.61,1.0,40.65,1.0,0.6,0.0,1.62,0.4,59.84,4.2,0.0,2.2,1.0,1.63,0.0,1.6,0.0,0.0,0.98,0.0,0
0.0,0.0,1.0,0.79,0.21,11.88,2.79,31.92,1.21,1.04,0.62,0.6,7.92,16.62,4.38,0.0,1.79,1.21,2.84,2.58,14.47,0.79,0.79,0.81,1.21,0
1.14,0.0,1.0,0.23,0.0,0.68,1.46,29.89,1.0,1.0,1.37,1.22,0.0,14.36,1.77,0.0,4.05,1.23,1.55,0.46,0.23,0.0,0.0,0.85,0.23,0
25.97,1.27,1.0,25.39,99.84,0.42,1.85,101.52,18.16,18.27,84.68,0.09,0.42,87.0,2.42,0.42,16.16,1.42,2.39,0.42,1.0,0.0,0.0,1.0,0.0,0
0.0,0.0,1.0,0.0,0.0,3.75,1.0,58.72,1.0,0.06,0.0,1.82,0.94,0.0,2.94,0.0,3.88,1.0,2.47,0.0,1.0,0.0,0.0,0.94,0.0,0
0.62,0.0,1.0,0.62,0.62,1.9,1.0,29.0,1.0,0.0,3.1,1.3,0.0,47.17,1.62,0.0,2.76,2.62,3.51,0.0,1.38,0.0,0.0,0.59,0.0,0
0.0,0.0,1.0,0.0,0.0,0.0,1.78,23.34,2.56,3.12,2.34,1.13,0.0,56.99,1.56,1.0,1.0,1.56,1.33,0.22,0.78,0.0,0.0,0.9,0.0,0
0.0,9.38,1.0,0.72,0.0,2.67,1.28,55.86,1.0,0.56,3.72,0.54,0.56,53.92,1.28,0.0,1.0,1.72,4.61,1.0,2.11,0.0,0.0,0.61,0.28,0
0.0,0.0,1.0,0.55,0.0,3.14,1.45,37.61,1.0,0.9,0.9,1.96,0.45,73.51,1.55,0.45,0.0,1.45,3.78,3.1,1.45,0.0,0.0,0.72,0.0,0
0.0,1.15,1.0,0.0,0.0,0.0,1.0,16.0,1.0,0.42,0.0,1.96,0.0,0.0,1.27,1.15,1.27,0.42,2.27,2.27,2.12,0.0,0.0,1.0,0.0,0
0.0,6.02,1.0,1.0,0.0,0.46,1.54,31.58,1.0,0.0,3.46,0.53,0.0,58.78,1.0,0.0,1.0,1.46,4.62,1.54,1.0,0.0,0.0,0.82,0.0,0
0.0,0.78,1.0,0.0,0.22,3.12,1.22,26.32,1.0,0.44,0.0,4.96,0.0,0.0,0.44,0.0,0.44,0.22,0.8,0.78,0.22,0.0,0.0,0.75,0.0,0
0.0,0.0,1.0,0.38,0.0,10.04,2.38,48.87,1.0,1.24,1.24,0.98,4.42,25.4,2.52,0.62,0.76,1.62,3.31,2.38,8.09,0.38,0.38,0.92,0.38,0
0.26,0.0,1.0,0.13,0.0,3.49,1.13,55.9,1.0,0.64,0.89,1.68,0.87,10.08,4.62,0.26,4.26,1.26,2.67,0.0,0.87,0.0,3.95,0.95,0.13,0
0.0,8.13,1.0,0.0,0.0,3.93,1.53,61.14,1.27,1.33,0.27,3.3,0.27,19.19,0.8,2.47,1.47,0.53,2.02,0.27,0.27,0.0,0.0,0.72,0.0,0
0.0,0.0,1.0,0.52,0.0,0.0,1.52,25.71,1.0,2.62,2.62,2.07,0.0,40.84,1.57,0.48,10.42,1.05,2.43,0.48,0.0,0.0,0.52,0.75,0.52,0
0.0,11.38,1.0,0.12,0.0,0.87,1.25,20.86,1.0,0.25,0.37,0.82,0.5,1.49,0.25,2.12,4.88,0.12,1.94,0.37,0.37,0.12,0.0,0.99,0.0,0
0.0,0.0,1.0,0.0,0.17,0.0,1.17,23.3,1.0,1.0,0.17,0.49,0.0,7.35,2.17,0.0,1.83,1.0,1.1,0.0,1.0,0.0,0.0,0.81,0.17,0
3.12,2.79,1.0,3.05,11.99,3.72,1.0,43.04,3.01,1.94,10.12,5.43,0.0,6.79,0.14,0.93,1.94,0.07,2.03,0.0,0.07,0.0,0.0,0.65,0.0,0
0.0,0.21,1.0,0.0,0.93,0.28,2.86,29.43,1.0,1.86,0.0,0.48,0.0,0.0,1.86,0.07,2.79,0.93,0.83,0.0,0.93,0.0,0.0,0.92,2.79,0
0.0,0.0,1.0,0.0,0.0,6.03,1.86,75.29,1.0,1.72,2.59,0.43,1.72,28.44,1.86,0.28,4.46,1.14,2.98,0.86,4.31,0.0,0.0,0.63,0.86,0
0.0,0.89,1.0,0.0,0.0,0.0,1.0,22.23,1.0,0.78,0.0,0.9,0.0,0.0,1.56,0.0,1.78,0.78,0.9,0.22,0.78,0.0,0.0,0.85,0.0,0
2.31,1.27,1.0,2.31,0.0,2.73,3.0,45.54,1.42,2.69,0.42,0.33,1.0,61.04,2.42,0.42,0.58,1.42,3.46,1.0,1.0,0.0,114.8,1.0,0.0,0
0.39,0.0,1.19,0.19,0.0,0.0,1.39,21.19,1.0,0.81,0.58,1.25,0.0,12.03,2.81,0.0,3.22,1.0,2.27,1.61,2.61,0.0,0.0,0.65,0.0,0
0.0,0.0,1.0,0.32,0.0,0.32,1.32,67.04,1.0,0.96,11.41,1.78,0.0,61.79,2.32,0.0,4.19,1.0,5.69,0.32,1.0,0.0,0.0,0.96,0.0,0
0.0,2.69,1.0,0.0,0.0,3.79,1.1,37.7,1.0,0.0,0.31,5.29,0.0,6.33,0.21,0.9,0.52,0.1,2.0,0.0,0.1,0.0,0.0,0.62,0.0,0
0.0,0.64,1.0,0.0,0.0,0.64,1.68,33.45,1.0,2.72,7.76,0.47,0.0,79.02,1.68,0.0,2.04,2.32,2.41,1.0,1.0,0.0,0.0,0.66,0.0,0
0.0,2.64,1.0,0.0,0.0,3.88,1.0,34.64,1.0,0.0,0.0,5.32,0.0,0.0,0.12,0.88,0.0,0.24,1.92,0.0,0.0,0.0,0.0,0.61,0.0,0
0.0,0.0,1.0,0.22,0.78,3.27,2.22,26.18,1.78,3.91,2.35,0.3,2.18,62.55,2.65,0.0,1.22,1.78,2.4,1.44,4.71,0.22,0.22,0.85,1.78,0
0.0,3.71,1.0,0.59,0.0,0.82,1.0,30.07,1.0,0.0,0.0,2.43,0.0,58.78,2.0,0.41,0.0,1.0,2.35,2.35,0.59,0.0,0.0,0.5,0.0,0
0.0,0.83,1.0,0.0,0.0,0.0,1.58,22.99,1.0,2.33,5.83,1.22,0.0,51.29,1.17,0.83,1.75,1.17,1.46,1.0,0.58,0.0,0.0,0.84,0.0,0
1.18,0.0,1.59,2.23,0.0,0.41,2.59,47.04,1.0,0.41,7.93,0.2,0.41,72.67,1.59,0.0,3.69,1.41,4.8,0.41,1.0,0.0,0.0,0.58,0.82,0
34.0,0.0,1.0,33.0,128.75,0.26,1.0,122.1,23.61,21.09,109.93,0.09,0.26,90.84,2.0,0.0,22.37,1.26,2.35,0.0,0.74,0.0,0.0,0.87,0.51,0
1.98,0.04,1.99,0.99,0.0,0.0,2.98,21.94,1.0,0.0,2.97,0.24,0.0,61.38,1.98,0.0,0.01,0.99,3.38,0.01,0.99,0.0,0.0,0.5,0.0,0
0.0,0.0,1.0,0.0,0.0,0.0,1.0,28.65,1.0,0.34,0.0,0.96,0.0,0.0,1.34,0.0,0.67,1.66,1.43,0.0,0.34,0.0,0.0,0.94,0.0,0
0.91,0.0,1.0,1.82,0.68,3.45,1.23,46.3,1.0,0.0,0.68,1.41,0.0,18.15,1.0,0.0,1.82,1.77,2.41,0.23,0.23,0.0,0.0,0.61,0.0,0
0.0,4.93,1.0,0.51,0.0,2.47,1.0,48.71,1.0,0.51,0.0,2.84,0.0,50.66,2.03,1.48,1.49,0.51,1.44,0.0,1.01,0.0,0.0,0.81,0.0,0
0.22,0.0,1.0,1.65,0.0,3.35,1.22,21.08,1.43,0.0,0.0,1.38,1.57,20.08,2.78,0.0,2.86,1.22,1.0,0.78,5.7,0.0,0.0,0.51,0.22,0
0.17,0.0,1.0,0.09,0.91,0.0,2.0,30.13,1.0,2.26,0.61,0.36,0.0,6.88,2.0,0.17,2.35,1.17,0.39,0.0,0.91,0.0,2.7,0.79,0.09,0
4.01,0.0,1.0,0.75,0.0,2.25,2.75,49.81,1.75,1.0,5.01,0.24,0.0,59.77,1.25,0.25,9.01,2.0,3.76,1.5,1.0,0.0,0.0,0.49,1.0,0
0.0,0.0,1.44,0.78,0.0,11.71,3.22,30.93,1.0,0.0,0.0,0.67,8.25,0.0,4.34,0.0,1.56,1.0,2.56,2.34,14.71,0.78,0.78,0.84,0.78,0
0.0,0.0,1.0,0.75,0.0,0.0,1.25,18.25,1.0,0.0,1.0,1.86,0.25,15.55,1.0,0.0,2.0,2.0,0.6,0.0,1.0,0.0,0.0,1.0,0.0,0
2.35,0.0,1.0,0.47,0.0,1.41,1.94,43.05,1.0,0.47,3.35,0.51,0.0,51.88,1.0,2.12,6.76,2.53,4.1,1.47,0.47,0.0,0.0,0.54,0.47,0
0.0,0.0,1.0,2.35,0.41,0.59,1.59,60.38,1.41,4.7,14.18,0.18,0.59,89.65,1.0,0.0,6.12,2.0,4.62,0.59,1.0,0.0,0.0,0.76,1.59,0
0.6,0.0,1.0,2.81,0.0,1.0,2.0,34.95,2.2,1.19,3.18,0.3,0.0,90.61,2.4,0.0,7.99,1.6,1.75,0.4,1.0,0.0,0.0,0.69,0.6,0
0.0,0.0,1.0,0.0,0.0,0.0,1.0,19.9,1.0,0.0,0.22,3.53,0.0,0.0,0.22,0.78,1.0,0.44,1.07,1.0,0.22,0.0,0.0,0.96,0.0,0
0.0,0.0,1.0,0.0,0.0,0.0,1.0,18.69,1.0,0.0,1.39,2.43,0.0,20.36,0.46,0.54,0.54,0.46,6.71,1.0,0.46,0.0,0.0,1.0,0.0,0
0.0,8.57,1.0,0.0,0.0,5.29,1.14,72.86,1.0,0.29,0.43,3.87,0.29,4.72,0.29,2.57,1.86,0.14,2.12,0.14,0.72,0.0,0.0,0.62,0.14,0
0.0,0.0,1.0,0.67,0.0,0.66,1.67,29.06,2.34,1.0,1.67,0.61,0.0,44.33,2.33,0.0,7.72,1.67,2.98,1.0,1.33,0.0,0.0,0.65,1.34,0
0.0,0.0,1.0,1.0,0.0,1.0,2.0,50.0,1.0,3.0,8.0,0.25,0.0,87.0,3.0,0.0,11.0,1.0,2.88,1.0,1.0,0.0,0.0,0.88,0.0,0
0.92,0.15,1.0,3.69,0.0,0.92,1.92,24.31,2.85,0.0,0.0,0.51,0.0,85.85,1.85,0.15,5.54,1.85,1.0,0.08,0.92,0.0,0.0,0.6,0.92,0
0.0,0.0,1.0,0.89,0.0,0.22,1.22,34.81,1.0,1.0,3.34,1.21,0.22,19.6,1.78,0.0,3.56,1.22,2.04,0.22,0.22,0.0,0.0,0.93,0.45,0
0.12,0.0,1.0,1.36,0.0,0.12,2.0,29.39,1.24,4.39,4.39,0.15,0.0,79.82,2.88,0.0,17.42,2.0,3.4,0.0,0.12,0.0,0.88,0.53,1.0,1
0.0,0.0,1.0,0.19,0.81,0.0,1.0,26.64,1.81,8.06,10.48,0.65,0.0,93.55,1.19,0.0,1.61,1.81,1.95,0.78,1.0,0.0,0.0,0.78,0.81,0
0.0,0.0,1.0,0.0,0.0,0.03,1.0,21.21,1.0,0.99,0.0,1.5,0.01,0.0,3.0,0.01,3.99,1.0,2.02,2.02,2.99,0.0,0.0,0.69,0.0,0
0.0,0.0,1.0,0.06,0.0,3.71,1.12,22.71,1.0,0.0,0.0,1.92,0.59,0.0,2.18,0.0,2.0,1.0,0.18,0.18,4.83,0.06,0.06,0.96,1.0,0
0.0,6.6,1.0,0.0,0.49,0.0,1.49,24.91,1.0,0.98,0.0,0.61,0.0,0.0,0.98,1.02,3.52,0.49,0.6,0.0,0.49,0.0,0.0,0.89,0.0,0
0.0,0.0,1.0,0.71,0.0,10.66,2.42,32.26,1.0,0.0,0.29,0.72,7.11,12.15,3.84,1.16,2.29,1.58,3.21,2.42,12.79,0.71,0.71,0.78,0.71,0
0.0,0.0,1.0,0.0,0.15,1.71,2.0,55.62,1.15,0.73,3.0,0.58,0.0,63.76,2.0,0.0,4.42,1.15,2.03,0.15,1.0,0.0,0.0,0.6,0.29,0
0.0,0.0,1.0,0.0,0.29,1.41,1.71,51.28,1.29,2.95,5.95,0.51,0.0,70.13,1.71,0.0,4.12,1.29,1.84,0.0,1.0,0.0,0.0,0.64,0.29,0
0.0,0.0,1.0,0.66,0.0,0.0,1.0,27.34,1.0,0.66,0.34,1.19,0.0,80.02,3.62,1.38,1.69,1.69,1.93,0.34,1.31,0.0,0.0,0.9,0.0,0
0.0,0.92,1.0,0.08,0.0,3.66,1.0,25.17,1.0,0.08,0.0,5.83,0.0,8.44,0.34,0.0,0.08,0.08,1.0,0.92,0.17,0.0,0.0,0.76,0.0,0
0.0,0.0,1.0,0.95,0.0,0.1,1.05,28.7,1.0,0.95,0.15,1.26,0.0,98.06,3.9,0.0,1.2,1.0,1.05,0.0,1.95,0.0,0.0,0.98,0.0,0
0.0,0.0,1.0,1.87,0.0,1.0,2.0,29.01,1.87,0.38,1.0,0.27,0.87,45.89,2.13,0.0,4.0,1.87,3.71,0.13,0.13,0.0,50.73,0.98,0.0,0
0.0,0.77,1.0,0.0,0.0,3.23,1.0,52.31,1.0,0.0,0.0,1.61,0.81,0.0,2.42,0.0,4.23,0.81,2.27,0.19,0.81,0.0,0.0,0.62,0.81,0
0.0,0.0,1.0,0.11,0.0,6.26,1.89,77.94,1.0,1.89,2.68,0.57,1.79,40.13,2.21,0.0,1.0,1.0,3.18,0.89,4.68,0.0,0.0,0.66,0.89,0
0.0,9.35,1.0,0.72,0.0,0.72,1.0,38.27,1.0,0.28,2.88,0.82,0.0,44.61,1.28,0.0,1.28,1.72,3.83,0.72,0.72,0.0,0.0,0.71,0.0,0
0.0,0.0,1.0,2.51,0.0,2.45,2.0,57.61,1.0,0.0,3.51,0.54,0.51,69.34,1.0,0.0,3.96,1.51,2.88,0.49,1.0,0.0,2.45,0.9,0.0,0
0.0,0.0,1.0,1.0,0.0,2.83,2.19,33.19,2.62,0.81,1.62,0.31,1.88,53.57,2.57,0.0,9.3,1.81,3.77,1.38,4.2,0.19,0.19,0.53,1.81,0
0.0,0.0,1.0,0.54,0.0,1.86,1.54,44.39,1.0,2.68,2.68,0.74,0.46,41.78,3.0,0.0,12.5,1.54,3.2,0.0,0.46,0.0,0.54,0.52,1.0,1
1.13,0.0,1.0,1.44,0.0,0.44,2.0,23.19,1.44,2.81,3.94,0.17,0.44,61.94,2.0,1.13,4.69,2.56,3.56,0.0,0.0,0.0,42.81,0.96,0.56,0
0.0,0.0,1.0,0.53,0.0,0.94,1.53,25.75,1.0,3.11,3.11,0.73,0.0,41.15,3.0,0.0,10.5,1.53,2.44,0.47,0.94,0.0,0.53,0.75,0.53,1
0.0,0.0,1.0,1.0,0.0,0.0,2.0,30.37,1.25,4.5,4.63,0.14,0.0,76.5,2.88,0.0,18.0,2.0,3.76,0.12,0.12,0.0,0.88,0.51,1.12,1
0.0,0.0,1.0,0.64,0.0,0.0,1.0,25.29,1.0,1.0,0.0,1.38,0.0,64.3,3.93,0.0,1.36,1.0,0.96,0.0,1.0,0.0,0.0,0.62,0.0,0
0.0,0.0,1.0,0.12,0.0,1.76,2.0,57.67,1.24,0.12,2.88,0.6,0.0,61.59,2.0,0.0,5.71,1.12,2.23,0.12,1.0,0.0,0.0,0.55,0.24,0
0.0,0.0,1.0,0.24,0.0,0.76,1.24,63.68,1.0,1.47,5.95,0.65,0.0,79.08,1.24,0.0,6.03,1.24,2.53,0.76,1.0,0.0,0.24,0.9,0.76,0
3.19,0.0,1.0,6.38,2.39,3.99,1.8,80.04,1.0,0.2,2.39,1.12,0.0,63.83,1.2,0.0,6.79,1.0,5.0,0.8,0.8,0.0,0.0,1.0,0.0,0
0.41,0.0,1.0,1.65,0.59,0.41,2.0,24.41,2.41,2.93,1.76,0.24,0.0,85.37,2.0,0.0,3.07,2.0,1.72,0.59,1.0,0.0,0.0,0.74,1.59,0
0.9,0.9,1.0,1.9,0.0,1.6,2.1,57.39,4.6,2.9,16.5,0.27,0.4,81.28,1.1,0.3,19.3,1.9,3.33,1.2,1.2,0.1,0.0,0.57,1.8,0
0.0,5.87,1.0,1.65,0.0,0.0,1.55,17.35,1.0,0.0,2.19,0.53,0.55,34.0,0.55,0.9,3.35,1.1,1.8,0.0,0.55,0.0,0.0,1.0,0.0,0
0.0,0.0,1.0,0.2,0.8,1.42,2.2,22.84,1.0,1.2,1.41,0.46,0.81,35.91,2.8,0.61,1.61,1.0,3.33,0.61,1.41,0.2,0.0,0.85,0.8,0
0.0,11.46,1.0,0.0,0.0,2.56,1.0,45.61,1.0,0.0,0.0,2.68,0.0,0.0,0.0,2.51,3.46,0.0,1.5,0.0,0.0,0.0,0.0,0.8,0.0,0
0.0,0.0,1.0,0.35,0.0,0.0,1.0,26.44,1.35,0.0,1.05,0.9,0.0,24.91,1.0,0.0,0.35,2.0,1.78,0.35,0.0,0.0,0.0,0.9,0.0,0
0.0,12.73,1.0,0.02,0.0,0.31,1.04,19.31,1.0,0.0,0.0,0.83,0.2,0.0,0.1,1.96,4.94,0.02,1.12,0.06,0.37,0.02,0.02,1.0,0.02,0
0.0,0.0,1.0,0.0,0.0,7.0,2.0,70.91,1.0,2.0,2.5,0.81,1.5,37.03,1.5,0.5,0.5,1.5,3.47,1.5,3.49,0.0,0.0,0.81,0.5,0
0.0,0.0,1.0,0.36,0.0,0.0,1.36,57.73,1.0,1.72,4.51,1.21,0.0,96.06,3.28,0.0,8.1,1.36,3.44,1.92,1.64,0.0,0.36,0.54,0.0,0
0.0,0.0,1.0,0.56,0.44,8.43,2.56,27.87,1.0,0.44,0.44,0.57,5.62,18.4,4.12,0.0,1.56,1.0,2.62,1.69,10.55,0.56,0.56,0.81,1.0,0
0.0,0.0,1.0,0.46,0.0,0.0,1.0,22.71,1.0,0.46,0.0,1.87,0.0,46.33,2.39,0.0,1.54,1.54,0.46,0.0,1.46,0.0,0.0,1.0,0.0,0
0.0,0.0,1.0,0.35,0.0,4.57,1.65,47.22,1.0,1.65,1.3,1.24,0.65,61.51,2.39,0.65,0.35,1.65,2.63,1.3,2.0,0.0,0.0,1.0,0.0,0
0.0,0.0,1.0,0.6,0.0,4.78,1.8,48.3,1.0,0.0,1.61,0.54,2.99,25.25,3.39,0.6,0.6,1.0,11.45,1.4,2.2,0.0,14.35,0.74,0.8,0
2.48,0.12,1.88,1.48,0.36,0.48,2.88,120.38,1.71,2.5,10.03,0.28,0.0,66.17,1.88,0.24,7.03,1.95,3.56,0.0,0.88,0.0,1.31,0.5,0.12,1
0.0,0.0,1.0,0.95,0.0,0.35,2.0,123.53,1.0,2.95,8.65,0.33,0.05,86.59,1.95,0.05,18.05,2.0,4.19,0.1,1.05,0.0,0.95,0.62,0.0,1
0.0,0.0,1.0,0.0,0.0,5.93,1.85,73.63,1.0,1.85,2.54,0.56,1.69,27.97,2.15,0.0,1.31,1.0,3.53,1.46,5.0,0.0,0.0,0.68,0.85,0
2.8,1.2,1.0,5.59,2.1,3.5,1.7,71.24,1.0,0.0,2.1,1.4,0.0,55.94,0.7,0.0,5.89,0.7,4.57,1.0,0.7,0.0,0.0,1.0,0.0,0
0.0,1.27,1.0,0.58,0.0,0.42,2.42,31.7,1.42,5.0,3.3,0.15,0.42,75.45,3.0,0.42,10.93,2.0,3.14,0.42,0.42,0.0,0.58,0.72,0.58,1
0.0,0.0,1.0,0.0,0.0,3.27,1.0,53.68,1.0,0.0,0.0,1.22,0.82,0.0,2.63,0.18,3.82,1.18,2.36,0.0,1.0,0.0,0.0,0.94,0.0,0
0.0,0.0,1.0,0.0,0.0,3.29,1.0,49.73,1.0,0.43,2.14,1.61,0.57,32.48,2.15,1.15,2.0,1.0,3.95,3.29,1.0,0.0,0.0,1.0,0.43,0
0.0,0.0,1.0,0.57,0.0,1.29,1.57,20.86,1.0,0.0,1.71,1.15,0.0,31.94,1.43,0.0,1.43,1.0,2.42,1.14,2.29,0.0,0.0,0.99,0.43,0
0.43,0.0,1.0,0.43,1.0,0.0,1.0,28.43,1.57,5.7,9.56,0.24,0.0,85.12,1.43,0.0,2.0,2.43,3.26,0.0,1.0,0.0,0.0,0.75,0.57,0
0.0,0.0,1.0,0.0,1.0,0.0,2.0,30.45,1.0,1.95,0.05,0.39,0.0,2.09,2.05,0.0,1.95,1.0,0.21,0.0,1.0,0.0,0.0,0.78,0.05,0
1.0,0.24,1.0,3.52,0.0,1.0,2.0,33.42,3.48,0.72,4.33,0.3,0.0,92.04,1.76,0.0,9.61,2.0,1.43,0.24,1.0,0.0,0.0,0.56,1.24,0
0.19,1.61,1.0,0.0,0.0,1.61,1.19,39.94,1.58,0.19,2.81,0.9,0.0,58.05,1.19,0.19,0.58,2.81,3.28,0.81,1.0,0.0,0.0,0.62,0.19,0
0.0,0.0,1.0,0.08,0.0,0.04,1.04,16.39,1.04,0.96,0.0,1.72,0.04,1.55,3.92,0.0,0.12,1.04,0.15,0.0,2.88,0.0,8.97,0.97,0.96,0
0.0,0.0,1.0,0.0,0.92,0.55,2.0,22.97,1.0,1.08,1.08,0.45,0.08,41.92,2.84,0.08,0.92,1.08,2.25,0.16,1.08,0.0,0.0,0.85,0.92,0
0.81,0.81,1.0,1.62,0.0,0.81,1.81,52.58,4.24,2.43,14.58,0.29,0.0,72.07,1.0,0.19,17.58,2.0,2.54,0.81,1.0,0.0,0.0,0.56,1.62,0
0.0,0.0,1.0,0.0,0.0,1.73,1.0,35.42,1.0,0.0,0.57,1.47,0.43,0.0,1.86,0.0,2.29,1.57,1.87,0.57,1.0,0.0,0.0,0.83,0.0,0
0.0,0.0,1.0,0.0,0.0,4.4,1.0,60.2,1.0,0.0,0.0,1.27,1.0,0.0,2.6,0.0,4.0,1.0,2.57,0.0,1.0,0.0,0.0,1.0,0.0,0
0.0,0.0,1.0,0.5,0.0,0.0,1.5,73.87,1.0,1.5,4.49,0.45,0.0,44.39,1.5,0.5,10.98,2.0,2.82,0.0,1.0,0.0,0.5,0.63,0.0,0
1.44,0.0,1.0,2.72,0.0,2.08,2.36,36.07,1.64,0.36,0.0,0.33,1.0,44.68,2.0,0.0,2.28,1.64,4.0,0.36,0.36,0.0,108.72,1.0,0.0,0
0.12,0.0,1.0,0.06,0.0,0.06,1.0,22.02,1.24,0.06,0.3,0.58,0.06,4.21,1.06,0.94,3.18,2.0,1.47,0.0,0.94,0.0,0.0,0.66,0.12,0
0.0,0.09,1.0,0.0,0.0,0.35,1.0,16.79,1.0,0.0,2.74,0.89,0.0,40.14,0.91,0.0,0.0,0.91,12.25,1.0,0.91,0.0,0.0,0.98,0.0,0
0.36,0.0,1.18,0.18,0.0,2.46,1.36,22.0,1.0,0.0,0.54,1.68,0.0,11.18,2.0,0.0,1.64,1.0,0.61,0.0,3.46,0.0,0.0,0.88,0.82,0
3.45,0.57,1.0,3.3,1.72,2.3,1.57,498.55,4.45,12.5,35.64,1.23,0.0,98.28,2.7,1.15,34.34,5.6,3.14,0.0,0.43,0.0,6.32,0.53,0.57,1
1.98,0.33,1.0,1.65,0.99,1.32,1.33,295.51,2.98,7.59,20.43,0.59,0.0,31.96,1.67,0.66,20.78,3.64,2.15,0.0,0.67,0.0,3.62,0.72,0.33,1
3.88,0.0,1.0,0.78,2.33,0.0,2.55,34.63,1.78,0.22,3.88,0.42,0.0,59.78,3.0,10.87,1.45,1.0,15.26,2.45,2.67,0.0,0.78,0.77,0.78,0
0.0,0.0,1.0,0.0,0.0,0.0,1.0,26.49,1.0,0.0,0.78,1.49,0.0,32.95,0.78,3.35,2.57,2.35,3.13,1.0,0.0,0.0,0.0,0.78,0.0,0
0.0,0.91,1.0,0.0,0.0,3.09,1.0,53.72,1.0,0.0,1.36,1.23,0.55,27.3,2.09,0.0,2.18,1.91,3.1,0.45,1.0,0.0,0.0,0.79,0.0,0
0.0,0.0,1.0,0.09,0.0,0.0,1.09,17.47,1.17,0.09,2.91,0.37,0.0,45.9,1.09,0.0,0.95,1.09,12.52,1.0,1.0,0.0,0.0,0.95,0.17,0
0.0,0.0,1.0,0.85,0.15,0.0,2.15,111.83,1.0,2.85,7.61,0.26,0.0,75.22,2.0,0.0,16.52,1.85,3.69,0.0,1.0,0.0,0.85,0.65,0.46,1
0.0,0.0,1.0,0.06,0.0,3.81,1.06,60.3,1.0,0.19,0.51,1.8,0.94,5.53,3.0,0.0,4.44,1.0,2.59,0.06,1.0,0.0,0.0,0.85,0.0,0
0.0,0.0,1.0,2.66,0.0,0.34,1.89,17.81,1.0,0.0,3.55,0.43,0.89,54.97,1.0,0.0,1.77,2.0,2.28,0.0,0.89,0.0,0.0,0.94,0.0,0
0.0,6.9,1.0,0.0,0.0,1.4,1.0,25.9,1.0,0.0,0.0,3.02,0.0,0.0,0.0,1.65,0.0,0.0,2.07,0.65,0.0,0.0,0.0,0.85,0.65,0
3.25,4.54,1.0,1.0,0.0,2.3,2.3,54.76,1.0,0.65,5.3,0.36,0.0,62.65,1.0,0.0,7.51,2.0,4.72,1.65,1.0,0.0,0.0,0.42,0.65,0
4.24,0.0,1.0,0.85,0.15,2.55,2.85,53.96,1.0,1.0,5.24,0.28,0.0,59.83,1.3,0.0,9.49,1.85,4.18,1.7,1.0,0.0,0.0,0.41,1.0,0
0.32,0.0,1.0,0.16,0.0,0.0,1.16,21.0,1.0,0.8,1.13,0.52,0.0,12.7,1.16,1.16,3.48,2.16,1.74,0.0,0.84,0.0,4.98,0.71,0.16,0
0.0,0.0,1.0,0.0,0.0,3.35,1.0,35.71,1.0,0.0,0.0,1.97,0.35,0.0,3.05,0.0,2.7,1.0,0.9,0.0,2.95,0.0,0.0,0.96,0.65,0
0.0,1.66,1.0,0.17,0.0,0.0,1.17,16.67,1.0,0.0,0.5,2.31,0.0,9.39,0.17,1.66,0.17,0.17,1.54,1.17,0.17,0.0,0.0,1.0,0.0,0
0.0,0.0,1.0,0.0,0.0,0.0,1.0,25.68,1.0,0.0,0.35,1.17,0.0,0.0,1.0,0.0,0.35,2.0,1.58,0.35,0.35,0.0,0.0,0.93,0.0,0
0.0,0.0,1.0,3.81,0.0,0.95,1.95,79.87,1.0,0.95,14.39,0.2,0.95,86.23,1.0,0.0,8.58,2.0,6.6,0.95,1.0,0.0,0.0,0.72,1.91,0
0.93,0.66,1.0,0.0,0.0,0.15,1.93,20.77,3.78,0.93,1.85,0.33,0.0,46.31,2.0,1.0,2.78,1.93,1.31,0.0,0.93,0.0,0.0,0.94,0.93,0
1.22,5.08,1.61,1.0,0.0,0.39,2.22,30.98,1.0,0.0,3.39,0.35,0.0,62.0,1.61,0.0,0.39,1.39,4.05,0.39,1.0,0.0,0.0,0.54,0.0,0
44.89,0.0,1.0,43.9,172.59,0.0,1.0,150.69,29.93,27.93,145.66,0.03,0.0,97.9,2.0,0.0,27.94,1.0,2.44,0.0,1.0,0.0,0.0,1.0,0.0,0
5.1,0.0,1.0,5.07,4.64,3.89,2.95,56.6,1.78,1.72,3.91,0.43,0.97,54.21,2.0,0.0,1.72,1.0,4.24,0.97,1.0,0.0,193.67,1.0,0.0,0
0.0,0.0,1.0,0.0,0.6,0.0,1.0,26.39,1.6,6.37,7.76,0.31,0.0,54.89,1.4,0.0,2.0,1.6,1.22,0.0,1.0,0.0,0.0,0.83,0.6,0
0.0,5.63,1.0,0.44,0.0,2.81,1.0,51.75,1.0,0.44,0.0,3.12,0.0,43.74,2.19,1.69,1.56,0.44,1.51,0.0,0.87,0.0,0.0,0.78,0.0,0
1.64,0.0,1.64,2.07,0.0,0.36,2.64,23.07,1.72,0.0,1.93,0.26,0.0,73.11,2.0,0.0,2.15,1.36,2.54,0.0,1.0,0.0,0.0,0.52,0.36,0
0.88,0.0,1.0,3.63,0.0,1.37,1.88,24.39,2.76,0.0,0.0,0.49,0.24,81.63,2.12,0.0,5.51,1.88,1.0,0.12,1.73,0.0,0.0,0.56,0.88,0
0.31,7.58,1.0,0.16,0.0,0.0,1.16,21.0,1.0,0.79,1.1,1.28,0.0,12.43,0.31,2.0,0.94,0.47,2.31,0.84,0.0,0.0,4.88,0.97,1.0,0
0.0,0.0,1.0,0.39,0.0,0.19,1.19,21.97,1.19,0.0,0.0,0.54,0.19,7.74,1.19,0.81,3.0,2.0,1.89,0.0,0.81,0.0,11.23,0.73,0.0,0
0.0,0.0,1.0,0.03,0.0,0.12,1.0,16.12,1.0,0.0,1.94,0.6,0.06,48.55,1.06,0.0,0.06,1.97,2.13,0.03,1.17,0.0,0.0,0.99,0.0,0
0.0,0.0,1.0,0.6,0.8,0.0,1.2,25.6,1.8,8.0,11.2,0.2,0.2,85.99,1.0,0.0,2.0,2.0,1.65,0.0,1.0,0.0,0.0,0.88,0.8,0
0.0,0.0,1.0,0.0,0.0,3.83,1.0,27.12,1.0,0.0,0.0,2.36,0.0,0.0,1.0,0.23,3.77,2.0,0.33,0.0,1.77,0.0,0.0,0.56,0.0,0
0.0,0.0,1.0,0.0,0.67,0.0,2.34,44.24,1.0,1.34,4.31,0.87,0.0,16.56,2.0,0.0,2.34,1.0,2.81,0.0,1.0,0.0,0.0,0.96,2.01,0
0.0,0.0,1.0,0.0,0.0,0.0,1.0,23.62,1.0,0.0,1.0,1.22,0.0,15.74,2.88,1.5,1.12,1.75,2.23,1.0,0.63,0.0,0.0,0.66,0.0,0
0.0,0.0,1.0,0.71,0.29,0.0,2.0,30.29,1.0,4.14,3.56,0.2,0.0,55.52,2.71,0.0,14.1,1.71,2.69,0.0,0.29,0.0,0.71,0.59,0.71,1
0.0,0.0,1.33,0.33,0.0,0.0,1.33,22.98,1.33,0.99,1.33,1.46,0.0,21.76,2.33,0.0,5.29,1.33,2.45,1.67,1.0,0.0,0.0,0.83,0.0,0
0.0,0.5,1.0,0.75,0.0,0.0,1.0,23.52,1.0,0.75,0.0,2.06,0.0,75.25,3.76,0.5,0.75,0.75,1.0,0.25,0.75,0.0,0.0,0.64,0.0,0
0.0,0.0,1.0,0.25,0.0,1.0,1.0,20.75,1.0,0.75,0.0,1.54,0.5,0.0,2.25,0.0,2.0,1.0,0.75,0.25,1.75,0.0,0.0,0.88,0.0,0
0.0,0.0,1.0,0.28,0.0,4.72,1.0,44.33,1.0,0.0,0.0,2.08,1.28,0.0,3.0,1.43,2.0,1.0,4.15,3.86,2.71,0.0,0.0,0.86,0.0,0
0.0,0.0,1.0,0.5,0.0,0.0,1.0,17.0,1.5,0.0,2.5,0.47,0.0,60.46,1.0,0.0,0.5,2.0,2.03,0.5,0.5,0.0,0.0,0.86,0.0,0
0.0,0.0,1.0,0.0,0.0,2.47,1.0,45.75,1.0,0.0,0.0,1.23,0.62,0.0,3.47,0.76,12.39,1.38,1.61,0.0,0.62,0.0,0.0,0.85,0.0,0
0.0,0.0,1.0,1.95,0.0,0.97,1.97,25.87,1.97,0.03,0.0,0.3,0.97,38.97,2.0,0.0,2.97,1.97,3.75,0.0,0.0,0.0,56.51,1.0,0.0,0
0.5,0.5,1.0,0.99,0.5,0.5,1.5,43.9,3.49,6.52,15.48,0.2,0.0,90.51,1.0,0.0,11.44,2.0,2.13,0.5,1.0,0.0,0.0,0.69,1.5,0
0.0,0.0,1.0,0.0,0.98,0.12,1.98,30.95,1.0,1.95,0.0,0.45,0.0,0.0,1.98,0.0,2.05,1.02,0.11,0.0,1.02,0.0,0.0,0.77,0.0,0
0.0,6.4,1.0,1.0,0.0,8.11,2.02,39.41,1.0,0.0,1.97,0.64,5.08,30.5,3.03,0.0,1.51,1.49,4.01,2.02,9.64,0.51,0.51,0.7,0.51,0
0.6,0.0,1.0,0.12,0.0,0.36,1.24,25.72,1.0,1.0,0.73,1.35,0.0,7.62,2.76,0.0,4.85,1.12,2.31,2.0,2.76,0.0,0.0,0.65,0.12,0
0.0,1.13,1.0,0.44,0.0,0.44,1.44,30.85,1.0,1.31,3.49,1.61,0.0,38.0,1.31,1.13,4.8,0.44,1.82,1.0,0.44,0.0,0.0,0.95,0.0,0
0.0,0.0,1.0,0.0,0.88,0.0,1.0,27.13,1.88,8.76,11.38,0.68,0.0,80.56,0.88,0.12,1.88,1.75,1.4,0.12,0.88,0.0,0.0,0.87,0.88,0
0.0,2.13,1.0,0.0,0.0,1.06,1.0,30.06,1.0,0.79,1.57,2.31,0.0,78.73,3.15,0.64,2.0,0.79,2.77,2.36,1.57,0.0,0.0,0.54,0.0,0
16.21,5.76,1.0,15.85,62.34,1.28,1.0,81.91,11.45,10.09,52.61,1.39,0.0,35.31,2.0,0.64,10.09,1.0,0.88,0.0,0.36,0.0,0.0,0.68,0.0,0
0.0,0.0,1.0,0.0,0.0,0.0,1.56,20.44,1.0,0.0,1.84,1.57,0.0,10.95,1.72,0.0,0.72,1.0,9.02,2.0,1.0,0.0,0.0,0.85,0.56,0
2.54,0.0,1.0,5.44,1.9,3.17,2.0,106.7,1.0,1.1,5.19,0.75,0.0,83.29,1.37,0.0,12.02,1.37,5.42,0.63,1.0,0.0,0.37,0.85,0.0,0
0.0,7.76,1.0,0.0,0.0,1.72,1.0,39.97,1.0,0.0,0.14,2.06,0.0,0.0,2.28,0.86,0.0,1.0,0.18,0.14,0.14,0.0,0.0,0.51,0.0,0
0.0,0.0,1.0,0.27,0.0,0.0,1.0,22.62,1.0,0.27,0.0,3.45,0.0,27.04,1.35,0.73,1.0,0.27,1.0,0.73,0.54,0.0,0.0,1.0,0.0,0
3.02,0.0,1.0,6.05,2.27,4.27,2.0,86.7,1.0,0.0,3.0,0.93,0.0,75.36,1.24,0.0,7.27,1.0,5.1,0.76,1.0,0.0,0.0,0.89,0.0,0
0.0,0.0,1.0,0.43,0.0,3.98,2.0,47.21,1.86,1.57,2.0,0.74,0.57,51.79,1.43,0.57,4.75,2.0,3.69,1.57,1.57,0.0,0.0,0.77,0.86,0
3.0,0.0,1.0,4.5,1.5,3.0,1.5,66.5,3.0,0.5,4.0,0.64,0.5,75.0,1.5,0.0,7.0,1.5,4.11,0.5,0.5,0.0,0.0,0.75,1.0,0
0.0,0.0,1.0,0.0,0.0,0.0,1.0,20.65,1.0,0.93,0.07,1.47,0.0,0.0,2.86,0.0,3.79,1.07,1.95,1.93,2.86,0.0,0.0,0.7,0.0,0
0.0,0.0,1.0,1.83,0.0,4.15,2.0,88.92,1.0,0.85,3.34,0.69,0.0,77.17,1.34,0.0,8.21,1.17,3.44,0.83,0.83,0.0,4.32,0.75,0.17,1
0.0,3.17,1.0,0.0,0.0,1.51,1.76,50.75,1.0,0.0,2.27,0.69,0.0,46.11,1.51,0.49,5.0,0.76,1.77,0.0,0.76,0.0,0.0,0.66,0.0,0
0.0,0.0,1.83,0.83,0.0,0.0,1.83,25.95,1.83,2.48,1.65,0.15,0.0,54.5,2.65,0.35,16.09,2.0,2.78,0.83,0.83,0.0,0.0,0.51,0.0,0
0.7,1.61,1.0,1.39,0.0,1.0,2.3,52.12,4.09,3.61,12.85,0.2,0.3,83.85,1.61,0.3,14.64,2.0,2.66,1.0,1.0,0.0,0.0,0.67,1.39,0
0.0,1.84,1.0,0.0,0.39,0.61,2.61,32.84,1.61,3.84,0.61,0.25,0.61,44.27,2.61,0.61,0.77,1.61,1.48,0.61,1.0,0.0,0.0,0.91,0.0,0
0.0,4.45,1.0,0.0,0.51,0.99,1.0,35.42,1.51,5.05,6.57,1.15,0.0,46.49,1.49,0.49,1.01,1.51,0.74,0.0,0.51,0.0,0.0,0.67,0.51,0
0.9,0.92,1.0,0.0,0.0,0.0,1.9,19.2,3.69,0.9,1.8,0.32,0.0,44.88,1.8,1.1,2.69,1.8,1.49,0.1,0.9,0.0,0.0,0.98,1.0,0
0.0,12.41,1.0,0.0,0.0,0.23,1.0,19.45,1.0,0.0,0.0,0.92,0.0,0.0,0.05,1.91,4.95,0.09,1.03,0.0,0.09,0.0,0.0,0.98,0.0,0
0.0,0.0,1.0,0.38,0.0,0.62,1.38,34.83,1.0,0.62,4.24,0.66,0.0,68.36,1.0,0.0,1.62,1.0,2.86,1.38,1.0,0.0,0.0,0.99,0.62,0
0.0,0.0,1.0,0.39,0.61,0.0,1.61,25.17,1.61,3.44,1.83,0.61,0.0,87.8,2.78,0.0,1.0,1.61,1.75,0.61,1.39,0.0,0.0,0.92,1.22,0
0.0,1.76,1.0,0.56,0.0,0.0,1.56,23.84,1.0,2.8,2.8,1.08,0.0,43.67,1.68,0.0,11.08,1.12,2.53,0.44,0.0,0.0,0.56,0.73,0.56,0
0.0,1.45,1.0,0.0,0.0,0.0,1.0,17.37,1.0,0.0,0.27,2.35,0.0,0.0,1.09,1.45,0.0,0.27,1.09,1.0,0.27,0.0,0.0,0.9,0.0,0
0.0,0.0,1.0,0.0,0.0,1.46,1.0,23.8,1.0,0.51,0.0,1.65,0.0,0.0,2.54,0.0,0.0,1.49,0.65,0.0,1.54,0.0,3.59,0.73,0.51,0
0.0,3.34,1.0,0.0,0.0,1.67,1.0,37.71,1.0,0.0,0.67,2.48,0.0,0.0,2.66,1.0,0.67,0.67,1.52,0.67,0.67,0.0,0.0,0.62,0.0,0
0.0,0.33,1.0,0.0,0.0,1.33,1.0,20.99,1.0,0.0,0.0,3.66,0.0,0.0,0.67,0.0,1.34,1.34,0.33,0.33,0.67,0.0,0.0,0.91,0.0,0
0.0,0.0,1.0,0.0,0.98,0.0,2.95,28.69,1.0,1.95,0.07,0.08,0.0,1.03,1.98,0.0,2.93,1.0,1.03,0.02,1.0,0.0,0.0,0.95,2.93,0
0.0,0.48,1.0,0.0,0.0,4.28,1.0,32.84,1.0,0.0,0.72,2.46,0.0,14.39,1.0,0.0,3.04,2.24,0.89,0.24,1.76,0.0,0.0,0.53,0.0,0
0.11,0.0,1.0,0.11,1.0,0.0,1.0,28.11,1.89,8.88,12.1,0.2,0.0,90.21,1.11,0.0,2.0,2.11,1.93,0.0,1.0,0.0,0.0,0.82,0.89,0
0.0,0.0,1.0,0.57,0.0,2.14,1.0,27.28,1.0,0.57,0.0,2.3,0.0,57.22,3.29,0.0,2.28,1.43,0.57,0.0,1.43,0.0,0.0,0.52,0.0,0
0.39,0.0,1.0,0.2,0.0,2.61,1.0,33.18,1.79,0.2,0.98,1.27,0.2,13.79,1.2,0.0,1.18,2.0,1.49,0.0,0.0,0.0,0.0,0.49,0.39,0
0.0,0.0,1.0,0.0,0.0,2.2,1.0,34.95,1.0,0.56,0.0,1.06,0.44,0.0,2.56,0.0,3.44,1.0,3.37,2.24,3.24,0.0,0.0,1.0,0.0,0
0.0,0.41,1.0,0.0,0.0,0.55,1.0,21.18,1.0,0.0,0.0,2.85,0.0,0.0,0.86,0.14,1.73,1.73,0.27,0.0,0.86,0.0,0.0,0.95,0.0,0
0.0,0.0,1.0,0.0,0.0,0.66,1.0,28.87,1.0,0.0,0.78,0.91,0.0,32.82,1.0,3.13,2.34,2.78,3.19,0.78,0.0,0.0,0.0,0.67,0.0,0
0.0,0.0,2.61,0.19,0.0,0.0,3.42,21.36,1.0,0.19,0.0,0.69,1.61,19.39,2.39,0.0,0.19,1.0,1.0,0.0,2.81,0.0,0.0,1.0,0.0,0
0.0,0.0,1.0,0.0,0.0,0.0,1.58,20.6,2.15,2.3,2.58,0.4,0.0,63.23,1.58,0.58,0.58,2.0,1.74,0.0,1.0,0.0,0.0,0.92,0.0,0
0.0,0.0,1.15,1.85,0.0,4.23,2.0,89.53,1.15,0.46,2.85,0.7,0.0,75.3,1.31,0.0,7.24,1.15,3.37,1.0,1.0,0.0,4.23,0.75,0.0,1
0.0,0.91,1.0,0.9,0.0,7.39,1.0,65.48,1.0,0.0,0.0,0.9,4.5,14.39,4.7,1.0,0.9,1.0,0.9,0.9,2.7,0.0,21.58,0.88,0.0,1
0.76,0.0,1.0,0.76,0.0,1.57,1.38,45.91,1.0,1.0,4.04,0.7,0.19,71.61,1.19,0.0,1.81,1.0,2.44,1.0,1.0,0.0,38.02,0.99,0.81,0
0.0,0.0,1.0,0.0,0.0,0.0,1.0,21.75,1.0,0.0,1.0,0.95,0.0,20.13,1.0,1.92,1.96,2.48,2.47,1.0,0.52,0.0,0.0,0.77,0.0,0
0.0,0.0,1.0,0.2,0.0,0.2,1.2,32.5,1.0,0.61,2.43,0.64,0.0,51.21,1.41,3.18,4.64,2.59,3.54,1.0,0.2,0.0,0.0,0.75,0.0,0
0.0,0.0,1.0,0.0,1.0,0.0,2.88,27.9,1.0,1.88,0.12,0.11,0.0,5.12,2.12,0.0,2.76,1.0,0.91,0.0,1.0,0.0,0.0,0.93,2.76,0
0.0,2.84,1.0,0.21,0.0,1.0,2.95,36.55,1.95,4.79,1.73,0.17,1.0,72.83,2.9,0.95,0.47,2.0,2.57,1.0,1.0,0.0,0.0,0.98,0.1,0
0.0,0.0,1.0,3.03,0.0,0.76,1.76,68.74,1.0,1.0,11.37,0.26,0.76,66.72,1.24,0.0,7.31,1.76,5.38,0.76,1.0,0.0,0.0,0.73,1.52,0
0.0,1.67,1.0,0.0,0.0,0.66,1.0,23.47,1.0,0.0,0.0,2.54,0.17,0.0,0.5,1.67,0.66,0.17,1.26,0.83,0.17,0.0,0.0,0.99,0.0,0
1.34,0.0,1.67,0.67,0.0,0.0,2.34,20.02,1.0,0.0,3.0,0.27,0.0,56.06,1.67,0.0,0.0,1.0,6.68,0.33,1.0,0.0,0.0,0.66,0.0,0
0.0,0.0,1.0,1.13,0.0,0.0,2.0,19.74,1.0,0.0,3.07,0.5,0.07,56.4,1.0,0.0,1.07,1.07,4.13,1.87,1.0,0.0,0.0,1.0,0.0,0
0.0,2.63,1.0,0.0,0.0,3.27,1.0,38.67,1.0,0.0,1.1,4.08,0.0,22.01,0.37,0.63,0.0,1.1,2.63,0.37,0.37,0.0,0.0,0.59,0.0,0
0.66,0.0,1.0,3.31,0.0,2.38,2.0,51.15,2.31,0.0,1.03,0.49,0.0,87.49,1.66,0.0,6.0,1.66,1.82,0.34,1.0,0.0,1.72,0.65,0.66,0
0.0,0.82,1.0,0.0,0.0,3.28,1.0,24.28,1.0,0.0,0.18,5.51,0.0,0.0,0.36,0.0,0.18,0.18,1.18,1.18,0.18,0.0,0.0,0.79,0.0,0
0.0,0.0,1.0,1.08,0.0,0.27,2.73,36.31,1.0,0.27,6.97,0.2,0.27,52.25,1.0,0.0,2.43,1.27,21.54,1.73,1.0,0.0,0.0,0.52,2.0,0
0.0,0.0,1.0,0.0,0.0,0.0,1.0,18.32,1.0,1.0,0.0,1.23,0.0,0.0,2.54,0.0,2.54,1.0,2.45,2.14,2.68,0.0,0.0,1.0,0.0,0
0.0,0.0,1.0,0.0,0.0,4.0,1.0,61.0,1.0,0.0,0.0,1.63,1.0,0.0,3.0,0.0,4.62,1.0,2.57,0.0,1.0,0.0,0.0,0.69,0.62,0
0.0,0.0,1.0,0.91,0.09,0.0,2.0,117.2,1.0,2.82,8.27,0.3,0.0,84.69,2.09,0.0,17.35,1.91,4.04,0.0,1.0,0.0,0.91,0.62,0.09,1
0.0,0.0,1.0,0.66,0.0,5.25,1.0,51.87,1.0,0.0,0.0,0.71,3.28,10.51,3.63,1.0,1.69,1.34,1.15,0.66,2.31,0.0,15.76,0.84,0.0,1
0.0,0.68,1.0,0.0,0.0,2.66,1.0,36.44,1.0,0.0,1.03,1.37,0.0,20.51,1.0,0.0,0.0,2.34,2.15,0.34,0.34,0.0,0.0,0.51,0.0,0
0.0,0.0,1.0,0.39,0.61,1.57,1.61,20.0,1.0,0.61,0.61,0.89,0.79,25.48,3.0,0.0,1.39,1.0,1.69,0.39,3.36,0.0,0.0,0.7,0.61,0
2.86,0.0,1.0,3.15,0.0,4.0,2.43,44.33,1.0,0.72,0.0,0.79,1.28,37.93,2.28,0.0,1.28,1.0,3.35,1.0,2.71,0.0,142.4,0.86,0.0,0
0.05,0.0,1.0,0.0,0.0,0.0,1.05,20.91,1.14,0.05,0.09,4.01,0.0,2.36,0.09,1.0,1.09,0.09,1.02,0.95,0.05,0.0,0.0,1.0,0.05,0
0.0,0.0,1.0,0.47,0.0,2.12,1.0,40.8,1.47,0.0,1.41,1.19,0.53,33.36,3.12,0.0,2.59,1.47,2.25,0.47,0.53,0.0,0.0,0.84,0.0,0
0.0,1.98,1.0,0.0,0.0,0.0,1.0,20.04,1.0,0.5,0.0,1.39,0.0,0.0,1.01,0.0,1.5,0.5,0.94,0.5,0.5,0.0,0.0,0.9,0.0,0
3.77,0.0,1.0,7.55,2.83,4.72,1.94,90.8,1.0,0.06,2.83,1.05,0.0,75.46,1.11,0.0,7.77,1.0,5.87,1.06,1.11,0.0,0.0,0.98,0.0,0
0.29,2.12,1.0,0.29,0.29,0.71,2.41,32.54,1.71,3.54,2.17,0.21,0.71,73.17,2.71,0.71,0.59,2.29,3.3,0.71,1.0,0.0,0.0,0.89,0.0,0
0.0,0.6,1.0,0.8,0.0,0.8,1.0,28.61,1.0,0.8,0.0,2.31,0.0,79.89,3.99,0.2,0.8,0.8,1.2,0.0,1.6,0.0,0.0,0.92,0.0,0
0.0,2.09,1.0,0.0,0.0,1.91,1.19,43.96,1.09,0.47,2.81,0.99,0.09,61.13,1.19,0.09,0.0,2.91,3.6,1.0,1.0,0.0,0.0,0.58,0.0,0
23.07,0.0,1.0,23.04,88.69,3.41,1.97,93.98,15.87,15.33,76.31,0.38,1.95,56.09,2.0,1.46,16.3,1.0,5.15,1.46,1.97,0.49,0.0,0.95,0.0,0
0.0,0.0,1.0,0.28,0.0,0.0,1.0,21.23,1.0,1.0,1.44,1.61,0.0,100.0,4.0,0.0,1.72,1.0,2.44,2.16,2.0,0.0,0.0,0.65,0.0,0
0.0,0.03,1.0,0.0,0.0,0.0,1.0,74.57,1.0,0.0,12.9,2.5,0.0,49.63,1.99,0.0,1.0,0.99,6.96,0.01,0.99,0.0,0.0,1.0,0.0,0
0.0,0.0,1.0,0.0,0.0,0.0,1.62,25.51,2.24,2.49,2.24,0.45,0.0,61.28,1.62,2.13,1.76,2.38,2.29,0.38,0.62,0.0,0.0,0.81,0.0,0
0.0,0.0,1.0,3.57,0.0,0.86,1.86,73.73,1.14,0.86,13.29,0.21,0.86,85.58,1.0,0.0,7.86,2.0,6.12,1.0,0.86,0.0,0.0,0.7,1.71,0
2.9,0.0,1.0,2.57,1.43,0.52,2.48,32.14,2.52,0.0,2.38,0.29,0.0,85.39,2.48,6.66,3.62,1.52,9.32,0.95,1.48,0.0,0.48,0.63,1.0,0
0.5,0.0,1.0,0.25,0.0,3.75,1.25,45.78,1.0,1.25,1.74,1.71,0.75,19.67,2.75,2.0,3.0,1.5,4.89,3.75,0.75,0.0,7.72,0.98,0.25,0
0.0,3.27,1.0,0.18,0.0,1.27,1.36,19.28,1.0,0.36,0.55,2.01,0.73,2.18,0.36,0.55,1.55,0.18,2.27,1.36,0.55,0.18,0.0,0.98,0.0,0
0.0,0.6,1.0,0.0,0.0,4.4,1.0,26.59,1.0,0.0,0.0,4.92,0.0,0.0,0.4,0.0,1.59,0.79,0.6,0.6,0.79,0.0,0.0,0.66,0.0,0
0.99,0.0,1.0,3.97,0.0,0.99,1.99,24.96,2.99,0.01,0.01,0.34,0.0,93.05,2.01,0.0,5.97,1.99,1.01,0.02,1.01,0.0,0.0,0.57,0.99,0
0.0,0.0,1.51,0.0,0.0,0.0,2.51,25.98,1.0,2.99,7.47,0.28,0.51,65.75,2.0,0.0,2.24,1.75,1.59,0.75,1.51,0.0,0.0,0.79,0.0,0
0.0,0.0,1.0,0.0,0.51,0.0,1.51,49.15,1.51,2.53,7.93,1.32,0.0,65.21,2.0,0.0,1.0,1.51,4.58,0.51,1.0,0.0,0.0,0.93,1.01,0
0.0,0.0,1.0,0.0,0.39,0.0,1.79,24.15,1.0,1.39,0.0,0.94,0.0,0.0,2.61,0.0,3.61,1.0,1.5,1.21,2.21,0.0,0.0,0.79,1.18,0
0.0,0.0,1.0,0.0,0.0,1.69,1.0,37.92,1.0,0.58,0.0,1.44,0.42,0.0,3.0,0.0,4.0,1.0,2.24,1.15,2.15,0.0,0.0,0.82,0.0,0
6.32,0.86,1.0,6.18,24.31,3.44,1.0,42.71,5.08,3.93,20.52,5.38,0.0,13.77,0.28,0.0,3.93,0.14,1.2,0.86,0.14,0.0,0.0,0.78,0.0,0
0.0,0.0,1.0,0.7,0.0,0.0,1.7,20.3,1.0,0.0,2.4,0.98,0.0,39.32,1.3,0.0,1.0,1.0,3.58,2.0,1.0,0.0,0.0,1.0,0.0,0
2.1,0.0,1.0,1.0,1.26,0.0,1.84,32.46,1.42,0.58,2.1,0.93,0.0,90.34,4.16,5.88,1.0,1.0,8.35,0.84,2.0,0.0,0.42,0.88,0.42,0
0.0,0.3,1.0,0.0,0.0,2.2,1.9,58.38,1.0,0.0,2.7,1.17,0.0,54.85,1.8,0.1,4.5,0.9,2.0,0.0,0.9,0.0,0.0,0.56,0.0,0
0.0,0.0,1.0,0.8,0.2,0.0,2.0,30.45,2.61,1.0,1.8,0.25,0.0,61.28,2.2,0.0,9.03,1.8,3.59,0.8,1.0,0.0,0.0,0.54,1.8,0
0.0,0.0,1.0,0.9,0.1,0.0,1.1,25.4,1.0,1.0,0.1,1.71,0.0,94.18,4.8,0.0,1.0,1.0,1.11,0.0,1.0,0.0,0.0,0.55,0.1,0
0.0,0.0,1.0,0.57,0.0,0.0,1.0,28.13,1.0,0.57,0.0,1.58,0.0,57.5,3.3,0.0,0.57,1.43,1.3,0.0,0.57,0.0,0.0,0.73,0.0,0
0.0,0.0,1.0,0.09,0.0,0.0,1.09,26.44,1.0,0.28,1.75,1.06,0.0,8.37,1.09,0.0,2.69,2.0,1.61,0.91,1.0,0.0,0.09,0.79,0.0,0
1.0,0.0,1.0,2.42,0.0,0.61,2.0,22.63,3.39,0.39,0.79,0.27,0.0,76.02,2.0,0.39,4.82,2.0,1.16,0.0,1.0,0.0,0.0,0.73,1.0,0
0.0,0.0,1.0,0.0,0.0,2.79,1.0,48.86,1.0,0.0,0.0,1.37,0.7,0.0,2.39,0.61,10.68,1.3,1.81,0.0,0.7,0.0,0.0,0.87,0.0,0
0.0,0.0,1.0,0.0,0.0,1.31,1.0,30.97,1.0,0.0,0.0,0.38,0.26,0.0,1.26,1.48,20.23,1.74,0.71,0.0,0.26,0.0,0.0,0.77,0.0,0
0.44,0.0,1.0,0.0,0.0,0.0,2.0,24.03,2.32,2.68,6.47,0.19,0.0,71.25,2.0,0.44,3.0,2.0,1.63,0.56,1.0,0.0,0.0,0.83,0.44,0
0.0,0.0,1.0,0.0,0.0,0.0,1.0,21.49,1.0,0.16,0.0,0.18,0.0,0.0,1.16,1.67,22.06,1.84,0.19,0.0,0.16,0.0,0.0,0.7,0.0,0
1.44,0.0,1.0,2.88,1.72,1.8,2.0,49.54,1.64,3.2,3.0,0.48,0.0,80.0,1.64,0.0,3.52,1.64,3.62,1.0,1.0,0.0,0.0,0.91,1.28,0
0.0,0.0,1.0,0.0,0.0,1.26,1.0,19.27,1.0,0.0,1.5,1.16,0.0,37.43,1.0,0.0,1.01,2.0,1.62,0.0,1.25,0.0,0.0,0.88,0.0,0
0.67,0.0,1.0,0.13,0.4,0.0,1.27,19.2,1.13,0.0,3.27,0.36,0.0,48.4,1.27,1.87,0.13,1.0,14.02,1.13,1.13,0.0,0.13,0.96,0.13,0
0.0,1.93,1.0,0.15,0.0,0.15,1.0,24.57,1.0,0.85,0.59,1.36,0.0,9.22,1.85,0.0,1.85,1.15,1.32,0.15,0.15,0.0,0.0,0.94,0.0,0
0.0,0.0,1.0,0.07,0.0,0.0,1.07,23.52,1.0,0.2,3.41,0.37,0.0,47.05,1.07,0.0,1.29,1.07,12.72,0.93,1.0,0.0,0.07,0.97,0.0,0
0.0,6.24,1.0,0.31,0.0,0.0,1.31,24.68,1.61,0.31,0.61,1.11,0.0,20.24,0.61,1.39,3.37,0.61,2.67,1.0,0.31,0.0,0.0,0.82,1.31,0
5.0,0.0,1.0,1.0,0.0,3.0,3.0,60.0,1.0,1.0,6.0,0.26,0.0,63.0,1.0,0.0,11.0,2.0,4.54,2.0,1.0,0.0,0.0,0.33,1.0,0
0.0,2.81,1.0,0.0,0.0,0.94,2.87,32.86,1.94,4.75,0.94,0.22,0.94,67.45,3.0,0.94,0.19,1.94,2.44,1.19,1.25,0.0,0.0,1.0,0.0,0
0.0,0.0,1.0,0.0,0.0,0.0,1.0,20.79,1.0,0.11,0.21,0.72,0.0,10.69,1.32,0.89,2.89,1.89,1.6,0.32,1.11,0.0,0.0,0.65,0.0,0
0.0,0.0,1.0,0.7,0.0,0.35,1.35,22.75,1.35,0.0,0.0,2.83,0.35,13.96,0.7,0.65,1.7,0.7,1.99,0.65,0.0,0.0,20.25,1.0,0.0,0
0.56,0.0,1.0,0.11,0.0,2.11,2.11,60.89,1.0,0.11,3.34,0.61,0.0,61.22,1.89,0.0,5.67,1.11,2.29,0.22,1.0,0.0,0.0,0.53,0.11,0
0.0,2.4,1.0,0.2,0.0,0.8,2.8,33.8,2.2,4.2,1.2,0.18,0.8,70.8,2.8,0.8,2.21,2.0,2.66,1.0,1.0,0.0,0.0,0.89,0.4,0
0.0,0.0,1.0,1.25,0.0,0.0,1.12,24.75,1.0,0.88,0.5,1.66,0.12,95.26,4.5,0.0,1.12,1.12,1.17,0.0,1.0,0.0,0.0,0.58,0.0,0
0.0,2.46,1.0,0.72,0.0,1.0,2.82,42.84,1.82,4.28,3.53,0.17,1.0,74.89,2.64,0.82,1.62,2.0,3.14,1.0,1.0,0.0,0.0,0.95,0.36,0
4.0,0.0,1.0,1.0,0.0,2.4,2.6,52.18,1.0,0.8,4.8,0.73,0.0,70.42,1.2,0.0,8.79,1.8,4.43,2.4,1.0,0.0,0.0,0.36,0.8,0
0.0,0.0,1.0,0.11,0.0,0.0,1.0,20.67,1.11,0.0,1.22,1.91,0.0,7.79,1.89,0.0,1.0,1.11,1.99,1.89,0.89,0.0,0.0,0.97,0.0,0
0.0,0.0,1.0,0.0,0.0,3.98,1.0,60.35,1.0,0.0,0.0,1.46,0.98,0.0,2.98,0.0,4.95,1.0,2.53,0.0,1.05,0.0,0.0,0.54,1.0,0
0.0,0.0,1.62,0.0,0.0,0.0,1.93,57.87,1.0,0.0,8.95,1.89,0.62,34.43,2.0,0.0,0.69,1.0,5.13,0.0,1.62,0.0,0.0,1.0,0.0,0
1.2,0.0,1.6,0.6,0.0,0.8,2.6,37.69,1.0,0.0,3.0,0.39,0.0,61.6,2.0,0.0,2.01,1.0,2.84,0.0,1.0,0.0,0.0,0.52,0.0,0
0.0,0.0,1.0,0.0,0.0,1.52,1.0,21.71,1.0,1.0,0.76,1.19,0.0,0.0,2.76,0.0,1.24,1.0,0.97,0.76,1.76,0.0,0.0,0.95,0.0,0
1.75,0.0,1.88,0.88,0.0,0.0,2.75,21.88,1.0,0.0,2.75,0.45,0.0,54.37,2.0,0.0,0.12,1.0,3.23,0.25,1.0,0.0,0.0,0.56,0.0,0
0.0,0.0,1.0,0.2,0.0,0.0,1.0,20.4,1.2,0.0,0.6,0.55,0.0,14.12,1.0,0.8,2.6,2.0,1.52,0.2,0.8,0.0,0.0,0.68,0.0,0
0.0,0.0,1.0,1.0,0.0,0.0,1.97,29.89,1.0,4.89,4.86,0.18,0.0,78.63,3.06,0.0,18.48,1.97,3.66,0.0,0.03,0.0,0.97,0.52,0.97,1
0.0,0.0,1.0,0.16,0.0,4.2,1.0,49.68,1.0,0.16,0.0,2.1,0.84,16.0,3.16,1.68,1.84,1.0,4.7,4.2,1.16,0.0,0.0,1.0,0.0,0
2.97,0.0,1.0,0.59,1.78,1.62,2.19,48.51,1.59,0.0,2.97,0.92,0.41,45.8,3.0,8.33,2.22,1.0,12.04,1.19,1.59,0.0,0.59,0.81,0.59,0
0.0,0.0,1.0,0.0,0.0,2.67,1.0,47.73,1.0,0.0,0.33,1.77,0.67,0.0,4.67,0.0,2.67,1.0,2.16,0.33,1.0,0.0,0.0,0.84,0.0,0
0.0,4.85,1.0,1.03,0.0,2.94,1.52,47.8,1.52,0.0,0.0,2.29,0.52,20.62,1.03,1.45,2.52,1.03,2.9,0.0,0.0,0.0,29.9,0.81,0.0,0
0.0,0.0,1.0,0.02,0.0,0.13,1.0,21.75,1.0,0.0,0.98,2.08,0.08,0.26,2.05,0.02,1.0,1.0,1.98,1.98,1.03,0.0,0.38,1.0,0.0,0
0.0,8.03,1.0,0.62,0.0,0.62,1.0,33.92,1.0,0.38,2.47,1.03,0.0,38.32,2.15,0.0,0.62,1.62,3.13,0.62,1.76,0.0,2.67,0.74,0.38,0
0.7,0.0,1.0,1.9,0.7,0.3,1.3,45.16,1.0,0.3,7.99,0.28,0.3,79.59,1.7,0.0,4.09,2.7,6.0,0.3,1.0,0.0,0.0,0.65,0.6,0
0.8,0.0,1.0,3.19,0.0,0.8,1.8,35.17,2.59,0.0,2.64,0.77,0.0,84.26,2.0,0.0,4.98,1.8,2.22,0.0,1.0,0.0,0.0,0.66,0.8,0
0.62,10.99,1.0,1.46,0.0,1.46,1.31,46.39,1.0,0.15,3.38,0.54,0.15,60.61,1.15,0.0,1.0,1.85,4.94,1.0,1.0,0.0,30.76,0.66,0.0,0
0.88,0.0,2.0,1.0,0.0,0.0,2.44,24.8,1.56,1.68,2.44,0.19,0.0,64.24,2.56,0.0,7.83,1.56,3.38,0.56,1.0,0.0,0.0,0.48,0.0,0
0.0,0.0,1.0,0.6,0.0,0.6,1.6,36.54,1.0,1.81,5.63,0.38,0.0,72.35,2.21,0.0,6.65,1.4,2.59,0.6,1.0,0.0,0.0,0.93,0.0,0
0.0,0.0,1.0,0.35,0.0,2.59,1.35,84.34,1.0,1.06,3.18,1.04,0.65,31.47,2.65,0.0,9.95,1.35,3.16,0.0,1.0,0.0,0.35,0.55,0.65,0
2.85,0.0,1.0,1.0,1.71,0.0,2.57,77.41,1.57,1.29,6.72,0.27,0.0,82.16,2.57,7.98,8.74,1.43,12.36,1.14,1.57,0.0,1.0,0.66,0.57,0
0.0,0.0,1.0,0.0,0.0,3.43,1.49,38.09,1.0,1.49,2.0,1.44,0.49,71.13,2.53,0.49,1.02,1.49,3.24,2.51,2.0,0.0,0.0,0.75,0.0,0
2.5,0.42,1.0,2.67,1.25,1.67,1.42,365.64,3.5,8.75,25.84,1.84,0.0,98.75,1.58,0.83,24.59,4.33,4.3,2.33,0.58,0.0,4.58,0.51,0.42,1
0.0,1.88,1.0,0.0,0.0,0.0,1.06,16.5,1.12,0.25,0.19,2.52,0.0,4.56,0.12,1.94,0.06,0.12,1.03,0.94,0.06,0.0,0.0,0.99,0.0,0
0.0,0.0,1.0,1.0,0.0,0.0,2.0,30.0,1.0,5.0,5.0,0.13,0.0,78.0,3.0,0.0,19.0,2.0,3.74,0.0,0.0,0.0,1.0,0.52,1.0,1
0.8,0.0,1.0,1.6,0.6,1.0,1.2,35.78,1.0,0.0,0.6,0.3,0.0,15.98,1.0,1.6,22.4,1.8,1.26,0.2,0.2,0.0,0.0,0.75,0.0,0
0.0,0.0,1.0,0.0,0.0,5.26,1.75,68.36,1.0,1.75,2.26,0.73,1.5,24.81,2.0,0.0,1.25,1.0,2.75,0.75,3.76,0.0,0.0,0.72,0.75,0
1.48,0.0,1.74,1.0,0.0,0.0,2.74,24.08,1.0,1.3,3.52,0.2,0.0,66.16,2.26,0.0,4.94,1.26,3.49,0.0,0.74,0.0,0.26,0.51,0.26,0
0.0,0.0,1.0,0.0,0.0,0.0,1.0,21.54,1.0,0.0,0.63,1.16,0.0,0.0,1.0,0.0,0.63,2.0,1.47,0.63,0.63,0.0,0.0,0.88,0.0,0
0.0,0.0,1.0,0.01,0.0,0.0,1.0,16.12,1.0,1.0,0.0,1.77,0.0,1.1,4.0,0.0,0.01,1.0,0.01,0.0,2.99,0.0,6.92,0.96,0.99,0
0.0,0.0,1.0,0.62,0.0,3.07,1.31,50.12,1.31,0.0,0.0,1.4,1.0,12.43,2.69,0.0,3.69,1.31,2.96,0.0,0.69,0.0,18.03,0.9,0.0,0
0.66,0.66,1.0,1.33,0.0,0.66,1.66,46.22,3.66,1.99,11.95,0.95,0.0,59.1,1.0,0.0,14.62,2.0,1.86,0.66,1.0,0.0,0.0,0.69,1.33,0
1.24,9.76,1.0,0.25,0.75,0.0,1.5,24.23,1.25,0.0,1.24,0.69,0.0,19.16,0.75,4.99,4.0,0.25,5.41,0.5,0.5,0.0,0.25,0.93,0.25,0
0.0,0.0,1.0,0.65,0.0,0.0,1.0,22.53,1.65,0.0,1.95,0.66,0.0,46.24,1.0,0.0,0.65,2.0,1.83,0.65,0.0,0.0,0.0,0.81,0.0,0
0.01,2.0,1.0,0.01,0.0,2.0,1.0,45.01,1.0,0.0,3.0,1.07,0.0,59.99,1.0,0.0,0.0,3.0,3.73,1.0,1.0,0.0,0.29,0.54,0.0,0
0.0,0.0,1.0,0.1,0.0,0.0,1.0,19.83,1.0,1.0,1.79,1.7,0.0,100.0,4.1,0.0,1.9,1.0,2.79,2.69,2.0,0.0,0.0,0.56,0.0,0
4.0,0.0,1.0,4.0,0.0,4.0,3.0,54.0,1.0,1.0,0.0,0.44,1.0,53.0,2.0,0.0,1.0,1.0,4.29,1.0,1.0,0.0,199.0,1.0,0.0,0
3.05,0.0,1.0,0.61,1.83,1.56,2.22,48.19,1.61,0.0,3.05,0.9,0.39,46.96,3.78,8.54,2.17,1.0,12.29,1.22,1.61,0.0,0.61,0.8,0.61,0
0.29,0.0,1.0,0.29,0.29,0.0,1.0,23.33,1.0,0.0,1.46,0.18,0.0,22.12,1.29,1.42,19.01,2.29,1.68,0.0,0.29,0.0,0.0,0.67,0.0,0
0.0,0.0,2.0,1.0,0.0,0.0,2.0,26.98,2.0,2.99,2.0,0.16,0.0,66.01,3.0,0.0,13.98,2.0,3.35,1.0,1.0,0.0,0.0,0.47,0.0,1
0.0,0.0,1.0,0.03,0.0,0.0,1.0,21.0,1.0,0.0,0.0,0.65,0.0,2.66,1.03,0.97,2.92,1.97,1.5,0.11,1.0,0.0,0.0,0.66,0.0,0
0.0,0.0,1.0,0.2,0.0,6.39,1.8,50.22,1.0,1.59,1.59,1.25,1.2,32.6,1.41,0.8,0.41,1.8,2.99,1.8,3.02,0.0,0.0,0.9,0.0,0
0.0,0.0,1.0,0.88,0.0,0.0,1.0,27.47,1.0,0.88,0.0,1.28,0.0,88.2,3.65,0.0,0.88,1.12,1.08,0.0,1.76,0.0,0.0,1.0,0.0,0
0.0,2.26,1.0,0.25,0.0,4.98,1.0,43.1,1.0,0.0,0.0,4.58,1.23,3.93,1.23,1.0,0.25,0.25,1.75,0.25,0.74,0.0,5.89,0.7,0.0,0
0.0,0.0,1.0,0.0,0.0,2.29,1.0,23.57,1.0,0.0,0.0,2.62,0.0,0.0,1.0,0.0,2.91,2.0,0.0,0.0,1.46,0.0,0.0,0.78,0.0,0
0.71,0.0,1.0,0.71,0.0,2.36,1.36,26.89,1.0,1.0,0.82,1.23,0.18,9.46,2.82,0.0,1.0,1.0,1.59,1.0,1.82,0.0,35.51,1.0,0.0,0
0.0,2.94,1.0,0.0,0.0,0.65,1.0,28.19,1.0,0.67,0.0,1.71,0.0,0.0,2.0,0.33,1.35,1.0,0.45,0.0,0.0,0.0,0.0,0.83,0.0,0
0.0,0.0,1.0,0.0,0.0,0.0,1.0,38.61,1.0,0.0,4.55,2.42,0.0,17.51,1.35,0.0,1.65,1.65,2.45,0.0,1.0,0.0,0.0,1.0,0.0,0
0.89,0.0,1.0,0.44,0.56,0.0,2.0,26.56,1.0,3.33,3.11,0.26,0.0,35.05,2.0,0.89,3.77,1.89,1.55,0.0,0.56,0.0,13.75,0.85,0.44,0
1.0,0.64,1.0,1.27,0.0,0.64,2.0,45.06,4.64,2.27,12.17,0.21,0.0,74.79,1.36,0.36,14.44,2.0,2.3,0.64,1.0,0.0,0.0,0.69,1.64,0
0.0,0.85,1.0,0.0,0.0,3.86,1.57,30.42,1.28,1.42,0.28,2.12,0.28,20.46,1.57,0.28,2.86,2.0,0.66,0.28,1.72,0.0,0.0,0.66,0.0,0
0.0,0.0,2.63,0.0,0.0,0.55,3.45,22.2,1.0,0.0,0.0,0.72,1.63,0.0,1.82,0.0,0.0,1.18,1.06,0.0,2.45,0.0,0.0,0.91,0.0,0
0.0,0.0,1.0,0.0,0.0,0.25,1.13,28.65,1.0,0.87,0.38,0.53,0.0,7.66,2.0,0.0,2.38,1.0,1.02,0.0,1.0,0.0,0.0,0.78,0.0,0
0.0,0.0,1.0,0.0,1.0,0.0,2.06,20.58,1.0,1.06,0.94,0.37,0.0,39.29,2.94,0.0,1.13,1.0,2.05,0.0,1.0,0.0,0.0,0.84,1.13,0
0.0,0.0,1.0,0.0,0.01,0.0,1.01,28.04,1.0,0.02,0.99,0.74,0.0,41.51,1.01,3.95,2.99,2.98,3.67,0.99,0.01,0.0,0.0,0.72,0.0,0
0.54,0.0,1.0,0.27,0.0,0.27,2.46,24.14,2.08,0.27,4.27,0.22,0.27,47.38,1.27,0.0,1.62,1.27,20.27,1.46,0.73,0.0,0.0,0.47,2.0,0
0.0,1.95,1.0,0.0,0.0,0.65,2.65,30.49,2.35,4.65,1.7,0.21,0.65,72.35,2.65,1.0,0.35,2.0,2.01,0.65,1.0,0.0,0.0,0.95,0.0,0
0.0,0.0,1.0,1.57,0.0,2.39,1.52,34.16,1.0,0.0,2.09,1.23,1.0,32.37,1.96,0.96,2.0,1.52,3.83,2.39,1.0,0.0,0.0,1.0,0.0,0
0.0,7.07,1.0,0.0,0.0,3.83,1.0,63.1,1.0,0.29,1.46,3.36,0.0,22.24,0.29,2.12,2.0,0.29,1.93,0.29,0.29,0.0,0.0,0.73,0.29,0
1.44,0.0,1.0,1.0,0.0,1.84,1.0,32.98,3.88,0.72,3.61,0.65,1.28,50.47,2.28,0.0,4.88,1.72,1.81,0.28,1.95,0.0,0.0,0.5,1.44,0
1.89,0.0,1.0,3.78,1.42,2.36,1.47,53.35,1.0,0.53,1.42,1.42,0.0,37.83,2.58,0.0,3.78,1.0,2.88,0.47,2.05,0.0,3.69,0.98,0.53,0
0.0,0.0,1.0,0.0,0.46,0.0,1.0,24.25,1.46,4.64,6.03,0.41,0.0,42.7,1.0,0.54,2.54,2.0,1.44,0.0,1.0,0.0,0.0,0.75,0.46,0
0.0,0.59,1.93,0.93,0.0,0.13,1.93,28.05,1.93,2.8,1.87,0.29,0.0,61.68,2.93,0.07,13.08,1.93,3.14,0.93,0.93,0.0,0.0,0.47,0.0,0
0.0,1.51,1.0,0.5,0.0,2.01,1.5,80.74,1.0,1.49,4.47,3.08,0.0,44.25,0.99,0.5,9.45,0.99,3.11,0.0,0.5,0.0,0.5,0.61,0.0,0
0.0,0.0,1.0,0.0,0.0,0.45,1.0,28.16,1.0,0.89,0.0,0.67,0.11,0.0,2.34,0.0,2.22,1.0,1.07,0.0,1.0,0.0,0.0,0.82,0.0,0
0.0,5.79,1.0,0.0,0.36,1.29,1.36,38.72,1.0,0.71,0.0,1.52,0.0,0.0,2.0,0.64,0.71,1.0,0.04,0.0,0.36,0.0,0.0,0.59,0.0,0
0.0,0.0,1.0,0.0,0.0,0.37,1.0,21.12,1.0,0.0,0.0,0.35,0.0,0.0,1.12,1.75,23.04,1.88,0.04,0.0,0.49,0.0,0.0,0.72,0.12,0
0.0,0.0,1.0,0.0,0.0,1.13,1.0,18.93,1.0,0.77,0.0,1.43,0.0,0.0,2.55,0.0,3.23,1.23,3.1,3.1,4.32,0.0,0.0,0.89,0.0,0
0.0,12.41,1.0,1.0,0.0,1.27,1.09,44.5,1.0,0.09,3.95,0.57,0.18,59.75,1.05,0.14,1.14,1.95,5.19,1.09,1.09,0.05,0.0,0.62,0.0,0
0.0,1.25,1.0,0.0,0.0,1.25,1.0,35.21,1.0,0.0,1.87,1.56,0.0,37.41,1.0,0.0,0.75,2.62,2.32,0.62,1.0,0.0,0.0,0.71,0.0,0
0.0,0.0,1.0,1.88,0.06,4.71,2.06,96.8,1.0,0.12,2.83,0.76,0.0,72.51,1.06,0.0,5.83,1.0,3.22,0.94,1.0,0.0,4.71,0.81,0.17,1
0.0,0.0,1.0,0.0,0.0,0.0,2.62,20.73,1.0,0.0,3.42,0.31,0.0,39.58,1.0,0.77,0.58,1.38,22.52,1.81,0.81,0.0,0.0,0.51,1.62,0
0.22,0.22,1.0,0.44,0.0,0.22,1.22,71.69,1.88,0.66,14.1,2.0,0.0,58.62,1.78,0.0,5.42,1.22,6.07,0.22,1.0,0.0,0.0,0.9,0.44,0
0.0,0.0,1.0,0.0,0.0,0.0,1.0,21.0,1.0,0.28,0.0,0.85,0.0,0.0,1.28,0.72,2.72,1.72,1.22,0.0,0.72,0.0,0.0,0.76,0.0,0
0.0,0.0,1.0,0.46,0.0,5.39,1.93,48.5,1.0,0.93,1.39,1.37,2.39,5.56,3.61,1.39,4.0,1.0,5.09,1.39,1.93,0.46,0.0,0.92,0.0,0
0.0,0.0,1.0,0.45,0.55,0.0,1.55,29.18,1.0,1.55,0.0,0.86,0.0,45.47,3.36,0.0,1.55,1.0,0.52,0.0,1.45,0.0,0.0,0.88,0.0,0
0.57,0.0,1.0,0.0,0.0,0.0,1.57,17.71,2.71,0.57,2.43,0.27,0.0,47.41,1.57,0.57,1.71,1.57,6.55,0.43,1.0,0.0,0.0,0.99,0.57,0
0.0,11.87,1.0,0.0,0.0,0.38,1.0,19.57,1.0,0.0,0.0,1.34,0.0,0.0,0.0,1.81,4.53,0.0,1.07,0.09,0.0,0.0,0.0,0.98,0.0,0
0.0,0.0,1.0,0.91,0.0,13.58,2.81,33.43,1.0,0.0,0.09,0.71,9.05,3.97,4.62,0.38,2.09,1.19,3.07,2.81,16.3,0.91,0.91,0.79,0.91,0
0.0,0.0,1.0,0.0,0.44,0.0,1.44,21.19,1.44,2.19,1.32,1.42,0.0,35.08,1.44,0.0,1.56,2.0,0.98,0.44,1.0,0.0,0.0,0.94,0.88,0
0.0,1.51,1.0,0.74,0.0,1.51,1.25,37.89,1.0,0.0,3.25,0.88,0.25,60.49,1.0,0.0,0.49,2.75,3.4,0.75,1.0,0.0,0.0,0.65,0.0,0
0.0,0.0,1.0,0.37,0.0,0.0,1.0,27.26,1.0,0.37,0.63,1.15,0.0,63.32,2.47,2.53,2.26,2.26,2.72,0.63,0.37,0.0,0.0,0.65,0.0,0
0.74,0.0,1.0,0.73,2.86,0.0,1.0,23.15,1.48,1.45,2.41,1.48,0.0,1.62,2.98,0.0,4.4,1.0,2.01,1.97,2.97,0.0,0.0,0.7,0.0,0
0.0,0.0,1.0,0.0,0.0,1.75,1.0,25.75,1.0,0.0,0.0,1.66,0.0,0.0,1.58,0.0,1.17,1.42,0.71,0.0,2.33,0.0,0.0,0.98,0.58,0
4.9,0.72,1.0,3.9,2.17,3.17,1.72,624.58,6.45,15.48,46.28,0.62,0.28,89.55,1.28,1.45,44.38,7.07,4.01,0.0,0.0,0.0,7.97,0.53,1.28,1
0.0,11.98,1.16,0.0,0.0,0.0,1.24,19.08,1.0,0.0,0.0,0.81,0.16,0.0,0.16,1.84,4.61,0.08,1.07,0.0,0.24,0.0,0.0,1.0,0.0,0
3.2,0.0,1.0,3.2,0.2,3.2,2.6,48.82,1.2,2.79,2.59,0.39,0.8,60.77,1.8,0.0,1.2,1.2,3.72,0.8,1.0,0.0,159.35,0.97,0.2,0
0.0,0.0,1.0,0.0,0.86,0.0,3.0,27.61,1.0,1.72,0.56,0.09,0.0,5.44,1.86,0.0,2.58,1.0,4.4,0.28,1.0,0.0,0.0,0.88,2.86,0
0.0,0.0,1.0,0.0,0.0,1.63,1.0,23.6,1.0,0.0,0.0,3.78,0.0,0.0,0.33,0.67,1.98,0.65,0.67,0.67,0.65,0.0,0.0,0.85,0.0,0
0.0,0.13,1.0,0.96,0.0,0.04,1.08,27.29,1.04,1.17,0.04,1.24,0.04,98.83,3.96,0.04,0.96,1.04,1.06,0.04,1.96,0.0,0.0,1.0,0.0,0
4.18,0.0,1.0,1.0,0.0,2.51,2.67,54.62,1.0,1.0,5.02,0.43,0.0,69.04,1.49,0.0,9.37,1.84,3.96,1.67,1.16,0.0,0.0,0.44,0.84,0
0.4,0.0,1.0,0.0,0.0,2.39,1.4,44.06,2.21,0.4,0.81,1.22,0.6,20.16,3.79,0.4,3.6,1.4,2.11,0.0,1.0,0.0,0.0,0.96,0.4,0
0.0,0.0,1.0,0.0,0.54,0.0,3.0,24.42,1.0,1.08,1.83,0.13,0.0,17.85,1.54,0.0,1.63,1.0,12.76,0.92,1.0,0.0,0.0,0.72,2.54,0
0.0,0.0,1.0,0.21,0.0,1.66,1.0,30.75,1.0,0.79,0.0,1.35,1.04,3.32,2.62,0.21,1.79,1.0,0.74,0.21,0.62,0.0,4.98,0.99,0.0,0
0.0,0.0,1.0,0.27,0.0,2.92,1.27,52.61,1.0,1.35,1.35,1.09,0.73,21.12,3.0,0.0,8.79,1.27,2.89,0.0,0.73,0.0,0.27,0.53,1.0,0
0.0,0.67,1.0,0.0,0.0,2.68,1.0,26.99,1.0,0.0,0.0,4.58,0.0,0.0,0.33,0.0,0.0,0.66,1.24,0.67,0.0,0.0,0.0,0.83,0.0,0
0.0,0.0,1.0,0.0,0.0,2.37,1.0,48.81,1.0,0.0,0.0,1.62,0.59,0.0,2.19,0.0,2.37,1.41,2.22,0.0,0.59,0.0,0.0,0.97,0.0,0
0.0,2.68,1.0,0.0,0.0,0.0,1.0,20.59,1.0,0.79,0.0,1.36,0.0,0.0,2.38,0.41,4.21,0.79,1.81,1.59,2.38,0.0,0.0,0.76,0.0,0
0.0,6.55,1.0,0.0,0.27,0.0,1.27,23.73,1.0,0.55,0.0,1.2,0.0,0.0,0.55,1.45,0.55,0.27,1.57,0.73,0.27,0.0,0.0,0.92,0.73,0
0.45,0.0,1.0,1.0,0.45,0.0,1.0,22.93,1.55,0.0,3.9,0.35,0.0,73.24,1.45,0.0,1.45,2.45,3.57,0.55,0.45,0.0,0.0,0.67,0.0,0
0.0,9.38,1.0,0.0,0.0,1.88,1.0,39.81,1.0,0.0,0.0,2.61,0.0,0.0,0.0,2.38,0.75,0.0,2.03,0.62,0.0,0.0,0.0,0.84,0.62,0
0.0,0.0,1.0,1.0,0.0,0.0,1.02,26.06,1.0,1.06,0.08,1.83,0.0,99.66,4.97,0.0,1.27,1.02,1.04,0.0,0.98,0.0,0.02,0.52,0.02,0
32.55,0.0,1.28,32.11,125.15,0.0,1.28,116.7,22.26,21.09,106.17,0.07,0.0,89.15,2.28,0.0,24.13,1.28,2.69,0.28,1.0,0.0,0.0,0.85,0.0,0
0.0,0.0,1.0,0.0,0.0,6.73,1.87,79.98,1.0,1.73,2.6,0.72,1.87,28.58,2.13,0.27,1.13,1.0,3.71,1.54,4.46,0.0,0.0,0.68,0.87,0
0.0,0.0,1.0,0.92,0.0,0.23,2.0,40.59,1.0,3.31,11.14,0.19,0.23,88.0,1.77,0.0,4.37,2.0,2.94,1.0,1.0,0.0,0.0,0.72,0.46,0
0.0,0.0,1.0,0.0,0.0,5.06,1.52,58.79,1.0,1.03,1.55,0.98,1.03,17.0,1.52,0.0,0.52,1.48,2.42,0.52,2.58,0.0,0.0,0.56,0.52,0
0.0,0.0,1.0,0.85,0.15,0.0,2.0,29.07,1.15,5.0,4.69,0.14,0.0,78.31,2.85,0.0,16.22,2.0,3.5,0.15,0.15,0.0,0.85,0.57,1.15,1
0.0,7.39,1.0,0.26,0.0,5.78,1.0,70.22,1.0,0.0,0.0,3.48,1.31,4.18,1.31,2.48,1.74,0.26,1.66,0.26,0.78,0.0,6.27,0.7,0.0,0
0.0,0.0,1.0,1.0,0.0,6.15,1.0,58.54,1.0,0.23,0.0,0.91,3.85,35.39,5.0,0.77,1.0,1.0,1.0,0.77,2.77,0.0,18.46,0.95,0.0,0
0.0,0.8,1.0,0.6,0.0,0.0,1.6,24.37,1.0,2.99,2.99,1.15,0.0,46.65,1.79,0.8,11.36,1.2,2.64,0.4,0.0,0.0,0.6,0.71,0.6,0
0.0,1.99,1.0,0.0,0.0,0.66,2.33,29.64,1.66,3.32,1.0,0.62,0.66,47.83,3.34,0.66,0.0,1.66,2.0,1.0,1.0,0.0,0.0,0.88,0.0,0
0.0,0.0,1.0,0.0,0.0,1.24,1.0,21.0,1.0,0.62,0.62,1.1,0.0,0.0,2.24,0.38,1.76,1.38,1.16,0.62,1.62,0.0,0.0,0.87,0.0,0
4.98,0.0,1.0,1.0,0.0,3.0,2.99,59.91,1.0,1.0,5.98,0.26,0.0,62.8,1.0,0.0,10.97,2.0,4.53,1.99,1.0,0.0,0.0,0.33,1.0,0
1.07,0.0,1.79,1.0,0.64,0.0,2.21,29.77,2.0,2.36,2.64,0.18,0.0,68.35,3.0,2.99,11.23,1.79,6.59,1.21,1.21,0.0,0.21,0.52,0.21,0
0.0,0.25,1.0,0.0,0.0,0.25,1.0,71.2,1.0,0.0,11.73,2.32,0.0,51.27,1.87,0.0,0.87,1.25,6.59,0.13,1.0,0.0,0.0,0.94,0.0,0
0.0,0.0,1.0,0.0,0.0,2.0,1.0,21.0,1.0,1.0,1.0,1.4,0.0,0.0,3.0,0.0,1.0,1.0,1.0,1.0,2.0,0.0,0.0,1.0,0.0,1
0.09,1.91,1.0,0.04,0.0,1.91,1.04,43.93,1.0,0.22,3.18,1.03,0.0,60.85,1.04,0.09,0.27,3.0,3.71,0.96,0.96,0.0,1.39,0.55,0.04,0
1.0,2.67,1.0,0.83,0.5,4.0,1.17,169.92,2.0,3.48,10.29,4.99,0.0,16.1,0.17,1.17,9.79,1.49,2.45,0.0,0.0,0.0,1.83,0.61,0.17,0
3.56,0.58,1.0,0.71,2.13,0.0,2.42,33.07,1.71,0.0,3.56,0.95,0.0,54.75,2.13,10.53,0.71,0.71,13.44,1.71,1.42,0.0,0.71,0.79,0.71,0
0.0,5.7,1.0,0.0,0.0,0.0,1.0,21.0,1.0,0.0,0.0,0.99,0.0,0.0,0.37,2.0,9.54,0.73,1.36,0.63,0.0,0.0,0.0,0.87,0.63,0
0.0,0.0,1.0,0.12,0.0,0.0,1.0,24.35,1.0,1.0,0.0,0.6,0.0,11.63,2.23,0.0,1.88,1.0,0.89,0.0,1.12,0.0,0.0,0.83,0.0,0
0.0,0.0,1.0,0.0,0.0,0.09,2.95,19.95,1.0,0.0,3.91,0.24,0.02,38.12,1.05,0.0,0.11,1.0,26.45,1.95,1.0,0.0,0.0,0.46,1.98,0
0.65,0.0,1.0,2.13,0.48,0.81,1.16,30.44,1.84,0.0,3.0,0.47,0.0,72.45,1.0,0.0,2.13,1.84,2.57,1.0,0.16,0.0,0.0,0.76,0.0,0
0.0,1.9,1.0,0.05,0.0,0.0,1.0,16.57,1.0,0.05,0.0,2.61,0.0,5.16,0.26,1.9,0.05,0.05,1.0,0.95,0.1,0.0,0.0,1.0,0.0,0
0.0,0.0,1.0,0.38,0.0,3.11,1.38,81.66,1.0,1.14,3.41,1.51,0.62,33.73,2.62,1.24,8.44,1.38,4.96,3.11,1.0,0.0,0.38,0.85,0.0,0
0.5,0.0,1.0,2.0,0.0,0.5,1.5,20.5,2.0,0.5,0.0,0.67,0.0,46.46,2.5,0.0,4.5,1.5,2.5,2.0,3.0,0.0,0.0,0.78,0.5,0
0.0,0.0,1.0,0.0,0.0,4.68,1.0,28.48,1.0,0.0,0.0,2.75,0.0,0.0,1.0,0.06,3.94,2.0,0.09,0.0,1.94,0.0,0.0,0.53,0.0,0
0.0,0.0,1.0,1.86,0.0,4.86,1.93,96.05,1.0,0.0,2.78,0.85,0.0,71.48,1.0,0.0,5.57,1.07,3.23,0.93,0.93,0.0,4.64,0.78,0.0,1
0.17,0.0,1.0,0.09,0.91,0.0,2.0,23.74,1.91,5.0,3.35,0.17,0.0,79.91,2.0,0.17,1.44,2.09,2.33,0.91,0.91,0.0,2.7,0.87,1.91,0
0.0,0.0,1.0,0.4,0.0,5.81,1.6,42.98,1.0,1.21,1.21,1.35,1.4,24.8,1.79,0.6,0.79,1.6,2.51,1.6,3.98,0.0,0.0,0.8,0.0,0
0.89,0.0,1.0,0.89,0.89,0.0,1.0,27.58,1.0,0.11,4.45,0.39,0.0,67.67,2.11,0.0,2.11,2.78,5.47,0.44,1.44,0.0,0.0,0.67,0.0,0
0.0,0.0,1.0,0.0,0.0,0.0,1.0,21.0,1.0,0.58,0.42,1.5,0.0,0.0,2.83,0.0,1.17,1.0,0.94,0.42,0.42,0.0,0.0,0.84,0.0,0
0.0,0.0,1.0,0.79,0.0,0.0,1.0,23.89,1.0,1.0,0.0,1.68,0.0,78.88,4.58,0.0,1.42,1.0,1.63,0.84,1.84,0.0,0.0,0.62,0.0,0
0.0,0.0,1.0,0.0,0.0,1.24,1.76,20.24,1.0,0.62,2.14,0.95,0.0,14.8,2.24,0.0,0.62,1.0,10.86,1.38,1.62,0.0,0.0,0.79,0.76,0
0.0,0.0,1.0,0.0,0.0,0.0,1.0,21.0,1.0,0.0,0.0,3.79,0.0,0.0,0.1,1.1,3.51,0.2,0.9,0.9,0.0,0.0,0.0,0.97,0.0,0
0.0,0.0,2.17,0.0,0.0,0.0,2.75,18.33,1.0,0.42,0.0,0.73,1.17,0.0,2.42,0.0,1.25,1.0,2.25,1.67,3.83,0.0,0.0,1.0,0.0,0
0.0,0.0,1.06,0.06,0.0,6.59,2.0,80.68,1.06,2.06,2.94,0.46,1.88,34.92,2.06,0.0,1.76,1.06,3.44,1.0,4.77,0.0,0.0,0.62,0.94,0
0.0,6.96,1.0,0.0,0.3,3.48,1.3,58.85,1.0,0.61,0.0,3.21,0.0,0.0,0.61,2.09,2.0,0.3,1.36,0.0,0.3,0.0,0.0,0.67,0.0,0
0.0,0.0,1.0,0.0,0.0,0.0,1.0,66.63,1.0,0.0,11.14,2.34,0.0,42.25,2.31,0.0,0.84,1.0,6.12,0.16,1.0,0.0,0.0,0.94,0.0,0
0.0,0.56,1.0,0.44,0.0,2.22,1.44,22.78,1.0,0.0,1.33,3.7,0.0,24.9,0.44,0.0,0.44,0.44,2.44,1.44,0.44,0.0,0.0,0.86,0.0,0
0.45,0.0,1.0,1.82,0.0,0.45,1.45,22.82,1.91,0.0,0.0,0.22,0.0,42.24,1.45,1.09,16.92,2.0,0.48,0.0,0.45,0.0,0.0,0.63,0.45,0
0.0,0.0,1.56,1.87,0.0,0.0,2.0,22.19,1.56,1.69,2.87,0.22,0.44,64.25,2.13,0.0,8.75,2.0,2.94,0.56,1.0,0.0,0.0,0.7,0.0,0
2.03,0.0,1.0,0.41,1.22,4.16,2.41,50.7,1.41,1.19,3.22,0.78,0.59,55.6,1.81,6.27,0.41,1.59,9.58,2.0,2.0,0.0,0.41,0.88,0.41,0
0.23,0.0,1.0,0.23,0.94,0.23,2.06,32.32,1.0,1.94,0.0,0.39,0.06,3.05,2.0,0.0,1.94,1.0,0.35,0.06,1.0,0.0,11.45,0.79,0.0,0
0.0,0.0,1.0,1.26,0.0,0.09,1.09,31.85,1.0,1.0,1.3,1.19,0.09,98.96,3.74,0.0,1.69,1.09,1.5,0.09,1.91,0.0,0.0,0.97,0.17,0
1.16,0.0,1.0,1.16,0.0,4.0,1.58,58.98,1.0,0.29,0.0,1.49,1.0,15.31,4.13,0.0,3.13,1.0,3.07,0.29,1.0,0.0,57.47,0.96,0.0,0
4.39,0.0,1.0,1.0,0.0,2.63,2.75,55.95,1.0,1.0,5.26,0.39,0.0,67.54,1.37,0.0,9.77,1.88,4.1,1.75,1.12,0.0,0.0,0.41,0.88,0
0.0,0.0,1.0,0.21,0.0,3.04,2.21,55.4,1.0,0.41,3.0,0.67,0.83,50.84,2.0,0.62,4.79,1.0,3.24,0.62,1.41,0.21,0.0,0.63,0.0,0
0.0,0.0,1.0,0.76,0.0,6.1,1.0,69.66,1.0,0.0,3.09,1.17,3.81,24.08,4.29,0.76,1.0,1.0,2.43,0.76,2.52,0.0,18.29,0.95,0.0,0
0.83,0.0,1.0,1.0,0.83,0.0,1.17,29.66,1.33,0.17,4.5,0.3,0.0,74.34,2.0,0.0,3.49,2.83,5.37,0.17,1.0,0.0,0.0,0.61,0.33,0
1.0,0.0,1.0,1.0,1.0,0.0,1.0,28.99,1.0,0.0,5.0,0.32,0.0,75.94,2.0,0.0,2.0,3.0,5.64,0.0,1.0,0.0,0.0,0.63,0.0,0
0.0,0.0,1.0,0.0,0.0,3.58,1.0,44.51,1.0,0.0,0.0,1.95,0.58,0.0,2.58,0.0,3.15,1.0,1.48,0.0,2.27,0.0,0.0,0.9,0.42,0
1.28,0.0,1.0,0.64,0.0,0.0,1.64,23.52,1.0,3.2,4.84,0.33,0.0,65.67,1.64,2.72,4.92,3.0,3.48,0.36,0.0,0.0,19.83,0.86,0.64,0
0.0,4.03,1.0,0.0,0.0,1.11,1.55,43.11,1.0,0.0,1.66,1.03,0.0,33.71,1.11,0.89,2.76,0.55,2.05,0.45,0.55,0.0,0.0,0.74,0.45,0
0.0,0.0,1.0,0.0,0.0,3.0,1.0,29.39,1.0,0.0,0.0,1.65,0.0,0.0,1.26,0.0,0.52,1.74,0.99,0.0,1.04,0.0,0.0,0.62,0.26,0
0.0,3.87,1.0,0.0,0.0,0.0,1.0,16.0,1.0,0.03,0.0,2.25,0.0,0.0,0.1,0.0,1.06,0.03,1.1,1.1,0.16,0.0,0.0,1.0,0.0,0
0.0,0.0,1.0,0.32,0.0,1.68,2.0,57.53,1.0,0.95,4.58,0.52,0.0,69.2,2.32,0.0,6.89,1.0,2.28,0.32,1.0,0.0,0.0,0.66,0.0,0
0.0,0.0,1.0,1.79,0.0,3.94,2.0,86.6,1.42,0.21,2.79,0.68,0.0,74.67,1.21,0.0,7.06,1.21,3.5,1.0,1.0,0.0,3.94,0.73,0.42,1
0.0,6.07,1.0,0.33,0.0,2.6,1.0,36.29,1.0,0.0,0.0,1.26,1.63,5.21,1.63,1.67,0.33,0.33,1.75,1.0,0.98,0.0,7.81,0.96,0.67,0
1.31,0.0,1.0,1.0,0.0,0.0,1.66,19.97,1.34,3.29,5.63,0.19,0.0,76.26,1.66,1.31,4.29,2.66,2.85,0.34,0.0,0.0,20.37,0.86,0.66,0
2.45,0.0,1.0,0.49,1.47,0.0,1.98,31.85,1.49,0.51,2.45,0.38,0.0,37.78,2.49,6.87,1.51,1.0,9.52,0.98,1.49,0.0,0.49,0.76,0.49,0
0.0,0.0,1.0,1.0,0.0,0.06,1.06,27.45,1.0,1.12,0.48,1.76,0.0,99.21,4.88,0.0,1.61,1.0,1.11,0.06,1.0,0.0,0.0,0.54,0.0,0
0.0,0.0,1.0,0.73,0.0,6.19,2.46,41.29,1.0,1.46,2.19,0.93,3.19,8.76,2.27,2.19,4.27,1.0,6.53,2.19,2.46,0.73,0.0,0.8,0.27,0
0.0,0.04,1.0,0.0,0.0,0.17,1.0,21.17,1.0,0.0,0.96,2.27,0.0,0.0,1.92,0.0,0.96,0.96,1.96,1.96,0.96,0.0,0.0,0.99,0.0,0
0.96,0.0,1.0,0.96,0.0,6.28,2.24,76.78,1.0,1.76,2.28,0.47,1.76,37.82,2.0,0.0,1.0,1.0,3.65,1.0,4.04,0.0,47.92,0.72,0.76,0
0.0,0.0,1.0,0.0,0.0,0.22,1.0,69.05,1.0,0.11,11.68,2.38,0.0,44.5,2.11,0.0,1.0,1.0,6.34,0.11,1.11,0.0,0.0,1.0,0.0,0
0.0,0.0,1.0,0.0,0.0,1.81,1.0,32.91,1.0,0.0,0.64,1.77,0.36,0.0,3.64,0.72,0.72,1.0,2.8,2.44,1.0,0.0,0.0,0.76,0.0,0
0.0,0.0,1.0,0.63,0.0,6.05,2.0,83.84,1.0,1.84,4.9,0.43,1.84,41.71,1.84,0.0,2.27,1.16,3.98,1.0,4.37,0.0,0.0,0.64,1.16,0
0.0,0.0,1.0,0.34,0.0,0.0,1.34,27.08,1.68,1.0,0.68,0.41,0.0,22.6,2.0,0.0,5.08,1.34,1.93,0.34,1.0,0.0,0.0,0.69,0.68,0
0.0,0.0,1.0,0.0,0.0,0.0,2.0,26.82,1.59,4.0,7.93,0.21,0.0,83.57,2.0,0.3,2.41,2.0,1.68,0.7,1.0,0.0,0.0,0.77,0.0,0
0.0,0.0,1.0,0.0,0.6,0.0,1.6,27.01,1.0,1.2,0.0,0.28,0.0,0.0,1.6,0.8,11.57,1.4,0.09,0.0,0.6,0.0,0.0,0.74,0.0,0
0.0,0.0,1.0,0.53,0.0,5.65,1.0,51.1,1.0,0.0,0.0,1.12,2.65,8.49,3.12,0.53,0.53,1.47,1.16,0.53,1.59,0.0,12.74,0.72,0.0,1
0.0,0.0,1.0,0.0,0.0,4.68,1.0,51.92,1.0,0.0,0.0,2.12,0.94,0.0,2.87,2.0,3.51,1.06,5.06,4.68,0.94,0.0,0.0,0.98,0.0,0
0.0,0.0,1.0,2.73,0.0,0.68,1.68,61.67,1.0,1.0,10.23,0.69,0.68,59.99,1.95,0.0,6.14,1.68,4.65,0.68,1.64,0.0,2.23,0.78,1.68,0
5.82,0.91,1.0,4.91,2.74,4.0,2.09,777.88,6.47,19.23,56.52,0.73,0.09,93.11,1.09,1.82,53.88,8.29,4.69,0.09,0.09,0.0,27.6,0.57,0.91,1
0.0,0.0,1.0,0.0,0.0,0.0,1.0,21.0,1.0,0.0,0.0,0.29,0.0,0.0,1.0,1.65,18.0,2.0,0.53,0.0,0.35,0.0,0.0,0.68,0.0,0
0.0,0.0,1.0,0.9,0.0,0.0,1.1,26.19,1.0,1.29,0.96,1.7,0.0,98.85,4.71,0.0,1.19,1.1,1.08,0.1,1.0,0.0,0.0,0.54,0.0,0
0.0,0.0,2.22,0.39,0.0,0.0,3.22,20.0,1.0,0.0,1.17,0.53,1.22,21.8,1.61,0.0,0.39,1.0,2.27,0.78,2.22,0.0,0.0,1.0,0.0,0
0.0,0.0,1.0,0.0,0.0,0.0,1.9,23.7,2.8,3.6,2.7,0.25,0.0,65.66,1.9,1.1,3.51,2.0,1.28,0.0,0.9,0.0,0.0,0.85,0.0,0
42.92,0.0,1.0,41.97,165.02,0.0,1.0,144.77,28.66,26.75,139.26,0.07,0.0,93.48,2.05,0.0,26.85,1.0,2.51,0.18,1.18,0.0,0.0,1.0,0.0,0
0.0,0.0,1.0,0.07,0.93,0.0,2.0,24.6,2.07,4.73,2.93,0.18,0.0,79.06,2.0,0.0,1.67,2.0,2.35,1.0,1.0,0.0,0.0,0.84,2.0,0
0.0,0.0,1.0,0.0,0.0,2.73,1.0,21.73,1.0,0.0,0.0,2.03,0.0,0.0,1.91,0.0,2.0,1.09,0.0,0.0,3.73,0.0,0.0,0.97,0.91,0
0.0,1.03,1.0,0.08,0.0,0.08,1.0,22.91,1.0,0.92,0.32,1.43,0.0,4.92,2.84,0.0,3.76,1.08,2.24,1.92,2.84,0.0,0.0,0.69,0.0,0
0.0,0.35,1.0,0.0,0.88,0.46,1.88,25.27,1.88,4.42,2.65,0.83,0.0,70.74,1.77,0.12,0.88,1.77,2.2,0.88,0.88,0.0,0.0,0.84,1.77,0
0.0,0.0,1.0,0.0,0.0,2.46,1.0,28.49,1.0,0.0,0.51,1.8,0.0,21.35,1.0,2.03,3.49,2.51,1.89,0.51,0.98,0.0,0.0,0.63,0.0,0
0.0,0.0,1.0,0.0,0.34,0.0,1.34,22.02,1.34,1.7,1.68,1.05,0.0,27.22,3.32,0.0,0.34,1.34,1.64,1.0,1.0,0.0,0.0,0.71,0.68,0
0.0,0.0,1.0,0.0,0.0,2.6,1.0,65.92,1.0,0.0,4.56,1.82,0.65,17.56,2.65,0.0,3.6,1.0,4.13,0.0,1.0,0.0,0.0,0.7,0.65,0
5.77,0.0,1.0,6.51,22.17,0.87,1.87,62.94,4.72,6.2,25.69,0.22,0.0,88.41,2.87,0.0,13.18,1.0,2.82,0.87,1.0,0.0,0.0,0.89,0.0,0
0.0,0.51,1.0,0.0,0.0,0.51,1.0,23.38,1.0,0.0,1.51,1.12,0.0,15.28,1.0,0.0,0.75,2.25,1.94,1.0,1.0,0.0,0.0,0.74,0.0,0
1.94,0.0,1.0,0.39,0.0,1.16,1.78,36.12,1.0,0.39,2.94,1.02,0.0,24.42,2.84,0.0,4.26,1.39,2.58,1.39,1.0,0.0,0.0,0.51,0.39,0
0.0,0.0,1.0,0.0,0.0,0.0,1.0,16.6,1.0,1.0,0.0,1.06,0.0,0.0,2.88,0.0,2.88,1.0,3.6,3.52,4.4,0.0,0.0,1.0,0.0,0
0.0,0.0,1.0,0.17,0.0,0.0,1.0,17.82,1.0,0.17,0.83,1.19,0.0,16.58,1.66,0.0,1.0,1.83,1.28,0.83,1.17,0.0,0.0,0.84,0.0,0
0.0,0.0,1.0,1.8,0.0,2.41,1.8,34.44,1.8,0.0,0.0,0.37,1.8,35.18,2.6,0.2,2.6,1.8,3.26,0.2,0.6,0.0,51.17,0.99,0.0,0
0.0,0.0,1.0,0.66,0.0,9.83,2.31,31.93,1.0,0.0,0.34,0.72,6.55,14.47,3.62,1.38,2.34,1.69,3.25,2.31,11.8,0.66,0.66,0.77,0.66,0
0.0,11.78,1.0,0.69,0.0,0.69,1.0,37.67,1.0,0.0,2.78,0.85,0.0,43.08,0.69,0.61,0.69,1.39,4.16,1.0,0.69,0.0,0.0,0.72,0.31,0
0.89,1.46,1.0,0.0,0.0,0.0,1.89,19.0,3.66,0.89,1.77,0.26,0.0,44.37,1.77,1.11,3.23,1.77,1.38,0.0,0.89,0.0,0.0,0.98,0.89,0
0.75,0.5,1.0,0.75,0.75,0.5,1.0,32.98,1.0,0.0,4.5,0.51,0.0,72.02,1.75,0.0,1.5,3.0,5.17,0.25,1.0,0.0,0.0,0.61,0.0,0
0.0,0.0,1.0,0.0,0.0,0.0,1.06,21.43,1.0,0.25,1.56,1.42,0.0,5.46,3.88,0.0,0.19,1.06,1.36,1.0,1.0,0.0,0.0,0.63,0.0,0
0.0,0.0,1.84,1.0,0.0,0.0,1.84,25.55,2.0,2.52,2.16,0.19,0.0,66.81,2.68,0.0,11.9,2.0,3.12,1.0,0.84,0.0,0.0,0.51,0.0,1
0.0,0.0,1.0,0.99,0.0,0.99,1.99,49.77,1.0,2.98,7.95,0.26,0.0,86.41,2.99,0.0,10.93,1.01,2.86,1.0,1.0,0.0,0.0,0.88,0.0,0
0.34,0.34,1.0,0.68,0.0,0.34,2.0,36.16,3.68,3.66,8.07,0.25,0.0,78.4,1.66,0.66,7.75,2.0,1.89,0.34,1.0,0.0,0.0,0.76,0.68,0
0.0,0.59,1.0,0.0,0.0,2.34,1.0,24.59,1.0,0.41,0.0,3.87,0.0,0.0,0.83,0.0,0.83,0.41,0.95,0.59,0.41,0.0,0.0,0.77,0.0,0
0.0,0.98,1.0,1.51,0.0,0.76,1.76,23.56,1.76,0.0,0.0,0.76,0.76,30.25,1.51,0.0,2.51,1.51,3.14,0.24,0.0,0.0,43.86,1.0,0.0,0
0.0,2.0,1.0,0.5,0.0,0.0,1.5,22.99,1.0,2.5,2.5,1.21,0.0,38.95,1.5,0.0,9.99,1.0,2.37,0.5,0.0,0.0,0.5,0.76,0.5,0
0.99,0.0,1.0,3.98,0.0,1.09,2.01,25.06,2.99,0.0,0.0,0.33,0.06,92.41,2.02,0.0,5.97,1.99,1.01,0.02,1.11,0.01,0.01,0.57,1.0,0
0.0,0.0,1.0,1.8,0.0,0.0,2.0,26.23,2.2,0.6,2.8,0.25,0.4,64.41,1.6,0.0,7.42,2.0,3.33,0.6,1.0,0.0,0.0,0.68,1.2,0
0.0,10.05,1.0,0.0,0.23,0.0,1.0,21.04,1.23,2.27,2.95,0.68,0.0,20.85,0.23,1.55,4.32,0.45,1.16,0.0,0.23,0.0,0.0,0.97,0.23,0
0.0,0.0,2.18,0.0,0.0,0.0,2.78,18.37,1.0,0.0,0.82,0.55,1.18,20.4,1.59,0.0,0.0,1.41,1.48,0.0,2.18,0.0,0.0,1.0,0.0,0
2.0,0.0,1.0,4.0,2.0,2.5,2.5,62.01,1.0,1.0,1.5,0.55,0.0,40.02,1.5,0.0,5.5,1.0,3.42,0.5,1.0,0.0,0.0,0.97,1.5,0
0.0,0.0,1.0,1.38,0.0,2.85,2.0,35.87,1.69,0.62,0.62,0.54,1.0,40.31,1.69,0.31,2.07,2.0,3.73,0.62,0.62,0.0,40.11,1.0,0.0,0
0.23,0.0,1.12,0.12,0.0,0.0,1.23,21.12,1.0,0.0,0.35,0.13,0.0,7.24,1.12,1.77,22.96,1.88,0.44,0.0,0.12,0.0,0.0,0.66,0.0,0
0.0,0.0,1.04,3.91,0.0,0.98,2.04,81.63,1.0,0.98,14.67,0.19,1.02,86.08,1.02,0.0,8.8,1.98,6.69,0.98,1.04,0.0,0.0,0.71,1.96,0
0.0,0.0,1.0,0.64,0.0,1.59,1.32,43.03,1.0,0.0,2.32,0.64,0.0,58.59,1.0,0.0,1.91,1.68,2.55,0.32,1.0,0.0,1.59,0.94,0.0,0
0.0,0.0,1.0,0.0,0.0,0.95,1.48,37.43,1.0,0.52,1.43,0.83,0.0,29.05,2.52,0.0,3.95,1.0,3.05,2.09,3.09,0.0,0.0,0.79,0.0,0
0.0,0.0,2.02,0.49,0.0,0.0,2.52,23.44,1.0,0.49,0.0,0.91,1.02,49.2,2.98,0.0,0.49,1.0,1.0,0.0,2.51,0.0,0.0,1.0,0.0,0
41.17,0.0,1.0,40.26,158.29,0.26,1.0,140.03,27.53,25.62,133.59,0.2,0.0,89.67,2.0,0.0,25.79,1.0,2.23,0.0,1.26,0.0,0.0,1.0,0.09,0
0.0,0.0,1.0,0.95,0.0,6.9,2.9,35.29,1.0,1.9,2.85,0.76,3.85,11.38,2.0,2.85,4.0,1.0,7.72,2.85,2.9,0.95,0.0,0.9,0.0,0
0.0,0.0,1.0,0.0,0.0,0.0,1.15,16.22,1.0,0.0,2.15,0.54,0.0,49.19,1.0,0.0,0.0,1.93,4.0,0.15,1.0,0.0,0.0,0.96,0.15,0
0.0,0.0,1.0,0.78,0.0,0.22,1.78,25.18,1.0,0.22,3.43,0.56,0.0,60.32,1.0,0.0,1.22,1.0,3.76,1.78,1.0,0.0,0.0,1.0,0.22,0
0.0,0.0,1.0,0.0,0.0,1.45,1.73,64.85,1.0,0.0,5.75,1.16,0.0,57.98,2.0,0.0,3.9,1.0,3.37,0.0,1.0,0.0,0.0,0.68,0.0,0
0.0,0.0,1.0,0.0,0.24,0.0,1.24,21.91,1.0,0.49,0.0,1.9,0.0,0.0,1.24,0.0,2.0,1.76,0.03,0.0,1.0,0.0,0.0,0.95,0.0,0
0.0,0.0,1.0,0.0,0.0,0.0,1.0,17.39,1.0,0.46,2.0,1.11,0.0,73.2,2.39,0.0,0.93,1.54,2.55,1.39,1.46,0.0,0.0,0.77,0.0,0
0.0,0.0,1.0,0.09,0.0,0.0,1.0,21.47,1.0,0.09,0.0,0.28,0.0,9.48,1.38,1.81,23.63,1.91,0.14,0.0,0.09,0.0,0.0,0.67,0.0,0
0.0,0.0,1.0,0.0,0.27,0.0,1.54,23.15,1.0,0.54,0.73,1.55,0.0,0.0,2.0,0.0,1.54,1.0,1.66,1.46,1.0,0.0,0.0,0.99,0.81,0
0.0,0.0,1.0,0.24,0.0,1.69,2.24,26.41,2.52,3.52,3.0,0.38,0.97,58.27,2.0,1.48,1.72,1.76,3.01,0.72,1.48,0.24,0.0,0.88,0.0,0
0.85,0.85,1.0,1.69,0.0,1.92,2.0,63.69,4.39,2.85,15.7,0.26,0.31,80.4,1.15,0.0,17.93,1.85,2.9,1.0,1.61,0.0,0.0,0.55,1.85,0
0.0,0.0,1.0,0.35,0.65,0.0,1.65,29.62,1.0,1.65,0.0,0.7,0.0,34.54,2.69,0.0,1.65,1.0,0.42,0.0,1.35,0.0,0.0,0.85,0.0,0
0.27,0.0,1.0,0.13,0.0,0.0,1.13,16.67,1.0,0.67,2.67,0.51,0.0,53.86,1.13,0.27,0.8,2.13,2.32,0.0,0.87,0.0,4.13,0.99,0.13,0
0.99,0.0,1.0,0.5,0.0,2.01,1.0,34.97,2.98,0.5,2.48,0.9,0.5,34.66,1.5,0.0,2.97,2.0,1.72,0.0,0.0,0.0,0.0,0.5,0.99,0
0.0,0.0,1.0,0.52,0.0,2.42,1.52,91.68,1.0,1.55,4.65,1.24,0.48,45.94,2.48,0.97,10.77,1.52,4.79,2.42,1.0,0.0,0.52,0.79,0.0,0
0.0,0.0,1.0,0.0,0.0,3.13,1.0,52.25,1.0,0.0,0.0,1.09,0.78,0.0,2.56,0.44,8.81,1.22,2.02,0.0,0.78,0.0,0.0,0.93,0.0,0
0.0,0.0,1.0,0.16,0.0,5.88,2.0,90.89,1.0,2.16,3.96,0.45,1.68,41.97,2.0,0.0,3.88,1.16,3.57,0.84,4.36,0.0,0.16,0.62,0.84,0
0.52,0.0,2.74,0.26,0.0,0.0,3.74,20.52,1.0,0.0,0.78,0.46,1.48,16.15,2.0,0.0,0.0,1.0,1.63,0.0,2.48,0.0,0.0,0.87,0.0,0
0.0,1.1,1.0,0.0,0.0,1.1,1.0,34.23,1.0,0.0,2.1,1.53,0.0,33.06,1.45,0.0,0.45,2.1,2.95,1.45,1.0,0.0,0.0,0.74,0.0,0
0.0,0.0,1.0,0.54,0.0,8.13,2.08,52.78,1.0,0.0,5.96,1.53,5.42,22.9,3.63,0.0,1.54,1.0,4.83,1.63,10.21,0.54,0.54,0.89,0.54,0
0.0,0.0,1.0,0.0,0.0,7.0,2.0,68.94,1.0,2.0,2.42,0.86,1.42,37.63,1.42,0.58,0.42,1.58,3.48,1.58,3.26,0.0,0.0,0.84,0.42,0
1.02,0.0,1.0,0.51,0.0,0.49,1.51,32.3,1.0,3.03,6.02,0.42,0.0,77.53,1.51,1.02,4.03,2.02,2.68,0.49,0.49,0.0,15.77,0.96,1.0,0
0.09,0.0,1.0,1.28,0.0,0.09,2.0,20.47,1.19,0.0,2.72,0.49,0.0,59.49,1.09,0.0,1.47,1.09,3.94,1.81,1.0,0.0,0.0,0.96,0.09,0
0.41,11.94,1.0,1.0,0.24,0.92,1.16,44.59,1.08,0.0,4.08,0.53,0.0,63.22,1.16,1.14,1.0,1.92,6.16,1.08,1.08,0.0,0.08,0.61,0.08,0
24.94,0.0,1.0,23.94,92.3,0.47,1.0,98.29,18.34,15.41,80.23,0.14,0.47,84.94,2.0,0.0,17.74,1.47,2.29,0.0,0.53,0.0,0.0,0.77,0.93,0
0.0,0.0,1.0,0.0,0.0,3.8,1.0,49.9,1.0,0.0,0.0,1.86,0.76,0.0,1.52,0.24,3.28,0.76,2.2,0.24,0.76,0.0,0.0,1.0,0.0,0
1.55,2.03,1.77,0.77,0.0,0.0,2.55,21.77,1.0,0.0,2.32,0.51,0.0,47.99,1.55,0.45,0.0,0.77,3.11,0.23,0.77,0.0,0.0,0.61,0.23,0
0.0,0.0,1.0,0.0,0.0,6.67,1.89,81.51,1.0,1.78,2.67,0.63,1.89,29.42,2.11,0.0,1.33,1.0,3.35,0.89,4.57,0.0,0.0,0.66,0.89,0
0.0,0.0,1.0,0.0,0.0,2.53,1.0,46.29,1.0,0.0,0.0,2.75,0.63,0.0,1.9,0.37,2.9,0.63,1.99,0.37,0.63,0.0,0.0,0.97,0.0,0
0.0,0.0,1.0,0.0,0.0,3.47,1.5,52.2,1.0,0.99,1.99,1.3,0.99,16.34,2.0,0.0,1.0,1.0,2.72,1.5,2.98,0.0,0.0,0.81,0.5,0
0.0,0.0,1.0,0.0,0.0,0.0,1.0,18.7,1.0,0.0,1.0,1.66,0.0,0.0,1.54,0.0,1.0,1.46,1.69,1.54,1.0,0.0,0.0,0.91,0.0,0
0.0,0.0,1.0,0.19,0.0,5.65,2.0,52.61,1.0,2.58,2.58,0.95,0.81,48.13,1.39,0.81,3.66,2.0,3.55,1.61,1.61,0.0,0.19,0.91,0.19,0
0.0,0.0,1.0,0.0,0.0,1.27,1.0,30.27,1.0,0.0,1.37,1.0,0.32,34.14,1.63,0.0,1.27,1.68,2.3,0.0,1.0,0.0,0.0,0.98,0.0,0
0.0,0.0,1.0,0.73,0.27,0.0,2.0,99.35,1.27,3.54,7.39,0.26,0.0,86.58,2.0,0.0,14.17,2.0,3.69,0.27,1.0,0.0,0.73,0.67,0.54,1
0.31,11.99,1.0,0.31,0.0,0.31,1.16,21.72,1.0,0.08,0.0,0.8,0.08,4.12,0.16,1.84,4.69,0.08,1.33,0.08,0.08,0.0,15.46,1.0,0.0,0
0.0,0.0,1.0,0.0,0.0,2.47,1.0,29.2,1.0,0.18,0.0,1.57,0.0,0.0,1.53,0.0,0.0,1.82,1.1,0.0,0.53,0.0,1.23,0.57,0.18,0
0.0,0.0,1.0,0.0,0.54,3.22,2.54,54.33,1.0,2.0,1.38,0.26,0.92,15.2,2.0,0.0,2.08,1.0,1.98,0.46,2.84,0.0,0.0,0.8,2.08,0
0.0,1.41,1.0,0.0,0.0,4.53,1.0,45.1,1.0,0.0,0.0,3.93,0.53,0.0,1.59,1.53,1.06,0.53,3.81,2.66,0.53,0.0,0.0,0.82,0.0,0
0.0,0.0,1.0,0.0,0.0,6.26,1.75,58.74,1.0,1.51,1.51,1.33,1.0,30.95,1.49,0.75,0.98,1.75,3.27,1.51,1.75,0.0,0.0,0.96,0.0,0
0.79,0.0,1.0,0.0,0.0,0.0,1.79,31.03,3.36,0.79,4.36,0.69,0.0,50.0,2.0,0.79,2.57,1.79,2.62,0.0,1.0,0.0,0.0,0.98,0.79,0
0.24,0.0,1.0,1.0,0.24,5.34,2.53,32.81,1.0,1.53,3.47,0.64,3.05,27.17,2.0,2.29,3.53,1.47,7.44,2.29,2.53,0.76,0.0,0.83,0.0,0
0.07,0.0,1.0,0.27,0.0,2.87,1.07,22.2,1.13,0.0,0.0,1.89,0.0,6.18,2.0,0.0,2.27,1.07,0.07,0.0,3.8,0.0,0.0,0.94,1.0,0
0.0,0.0,1.97,0.97,0.0,0.12,1.97,28.02,1.97,2.91,1.94,0.21,0.03,64.02,3.0,0.0,13.7,1.97,3.33,0.97,1.0,0.0,0.0,0.48,0.0,1
0.0,0.0,1.0,0.9,0.0,0.0,1.0,21.0,1.0,0.0,0.1,2.57,0.0,90.34,2.0,0.0,0.1,1.0,3.81,3.81,1.0,0.0,0.0,0.55,0.0,0
2.45,0.0,1.0,2.39,9.41,4.73,1.0,59.28,2.58,1.52,7.94,2.13,0.95,5.33,2.95,1.89,3.41,1.0,5.24,4.73,1.0,0.0,0.0,1.0,0.0,0
0.0,0.0,1.0,0.0,0.0,0.0,1.0,17.74,1.0,0.0,2.31,0.98,0.0,28.71,1.35,0.0,0.35,1.0,9.4,1.35,1.0,0.0,0.0,1.0,0.0,0
0.0,0.0,1.0,0.28,0.0,4.0,1.0,49.37,1.0,0.0,0.0,1.84,1.28,0.0,3.0,0.0,3.43,1.0,2.13,0.28,2.7,0.0,0.0,0.82,0.0,0
0.9,0.9,1.0,2.0,0.0,1.39,2.0,64.03,4.61,2.71,16.53,0.28,0.0,87.82,1.0,0.0,19.53,1.9,2.86,1.0,1.0,0.0,0.49,0.56,1.8,0
0.0,0.0,1.0,0.14,0.0,1.12,1.0,27.57,1.0,0.0,0.86,1.4,0.7,2.24,4.14,0.14,0.14,1.0,1.29,1.0,1.28,0.0,3.36,0.67,0.0,0
0.0,0.0,1.0,0.34,0.66,1.38,1.66,27.21,1.0,1.31,0.0,0.83,0.69,0.0,2.34,0.0,2.0,1.0,0.42,0.34,3.07,0.0,0.0,0.68,0.0,0
0.0,0.56,1.0,0.0,0.0,2.23,1.0,23.23,1.0,0.44,0.0,4.15,0.0,0.0,1.33,0.0,1.77,0.44,1.44,1.44,1.33,0.0,0.0,0.72,0.0,0
0.0,0.57,1.0,1.0,0.0,3.87,1.0,21.1,1.0,0.0,0.18,1.62,1.91,2.73,2.91,0.0,1.96,1.04,1.18,1.0,6.74,0.0,0.0,0.5,0.0,0
0.0,0.0,1.0,0.0,0.0,0.33,1.0,16.82,1.0,0.16,1.0,1.18,0.0,0.0,1.33,0.0,1.0,1.84,1.28,1.0,1.16,0.0,0.0,0.84,0.0,0
0.0,0.0,1.0,0.77,0.0,3.55,1.23,29.26,1.0,0.0,0.68,1.44,1.55,13.77,2.77,0.0,2.68,1.0,1.23,0.77,5.65,0.0,0.0,0.51,0.0,0
0.0,0.53,1.0,0.0,0.0,0.7,1.0,19.35,1.0,0.0,0.82,1.97,0.0,0.0,0.82,0.18,0.82,1.65,1.45,0.82,0.82,0.0,0.0,0.77,0.0,0
0.0,0.0,1.0,0.02,0.0,3.9,1.02,60.02,1.0,0.0,0.07,1.88,0.98,1.33,4.9,0.0,3.93,1.0,2.61,0.05,1.0,0.0,0.0,0.95,0.0,0
0.0,1.85,1.0,0.0,0.0,2.15,1.0,40.15,1.0,0.0,0.0,2.09,0.54,0.0,1.61,0.0,2.61,0.54,1.84,0.46,0.54,0.0,0.0,0.92,0.0,0
0.0,2.18,1.0,0.0,0.0,0.0,1.0,22.84,1.0,0.0,0.0,1.79,0.0,0.0,0.46,0.0,0.54,0.91,1.33,0.54,0.0,0.0,0.0,1.0,0.0,0
0.0,1.92,1.0,0.0,0.0,4.0,1.0,44.35,1.0,0.0,0.0,4.25,0.36,0.0,1.08,0.64,1.8,0.36,2.21,0.0,0.36,0.0,0.0,0.59,0.36,0
2.1,0.0,1.0,2.1,0.0,2.1,2.05,39.77,1.0,1.0,0.0,0.47,0.53,27.86,2.0,0.0,1.47,1.0,2.67,0.53,1.0,0.0,104.6,0.91,0.0,0
0.0,0.0,1.0,0.0,0.0,1.13,1.0,23.89,1.0,0.0,0.0,2.06,0.0,0.0,1.0,0.0,1.25,2.0,0.5,0.0,0.62,0.0,0.0,0.81,0.0,0
1.51,0.49,1.0,1.49,0.0,1.0,1.49,48.77,5.0,1.98,11.37,0.24,0.51,79.3,1.51,0.0,13.34,2.0,2.45,0.49,0.49,0.0,0.0,0.52,2.0,0
0.38,0.0,1.0,0.19,0.0,1.0,1.0,42.85,1.77,1.0,5.0,0.66,0.19,74.85,1.19,0.0,2.77,1.19,2.02,0.81,0.81,0.0,0.0,0.9,1.19,0
1.11,0.19,1.0,1.74,0.56,0.74,2.0,181.78,2.11,7.97,15.58,0.25,0.0,81.53,2.63,0.37,26.42,3.3,3.92,0.0,0.0,0.0,2.86,0.52,1.0,1
0.21,0.21,1.0,1.21,0.0,1.0,2.0,52.09,1.84,3.0,10.09,0.24,0.0,87.42,2.58,0.0,13.09,1.21,2.86,1.0,1.0,0.0,0.0,0.8,0.42,0
0.0,0.0,1.0,0.0,0.0,1.16,1.0,25.27,1.0,0.61,0.0,1.51,0.0,0.0,1.61,0.0,1.22,1.39,0.93,0.0,0.0,0.0,0.0,0.8,0.0,0
0.0,0.0,1.0,0.0,0.0,0.0,1.48,21.71,1.0,2.43,4.76,1.02,0.0,41.9,3.05,0.0,1.43,1.48,0.85,0.48,2.05,0.0,3.67,0.85,0.52,0
0.0,0.0,1.0,0.0,0.0,1.46,1.0,19.65,1.0,1.0,0.73,1.29,0.0,0.0,3.0,0.0,1.54,1.0,1.81,1.81,2.81,0.0,0.0,1.0,0.0,0
0.0,0.0,1.0,0.63,0.0,2.53,1.0,20.37,1.0,0.0,0.37,1.83,1.27,0.0,2.63,0.0,1.63,1.0,1.37,1.37,4.8,0.0,0.0,0.68,0.0,0
0.0,0.0,1.0,0.0,0.0,0.0,1.0,17.82,1.0,0.64,0.0,1.18,0.0,0.0,2.91,0.73,9.45,1.36,0.02,0.0,1.91,0.0,4.45,0.86,0.64,0
0.0,2.77,1.0,0.0,0.0,0.92,1.0,17.84,1.0,0.0,0.0,2.2,0.0,0.0,0.61,0.0,1.31,0.31,0.69,0.69,1.23,0.0,0.0,0.99,0.31,0
0.0,0.0,1.0,0.0,0.0,2.48,1.0,22.44,1.0,0.5,0.0,1.94,0.0,0.0,2.01,0.0,3.5,1.5,2.02,2.02,3.51,0.0,0.0,0.76,0.0,0
0.0,0.0,1.0,0.0,0.97,0.14,1.97,32.04,1.0,1.93,0.0,0.44,0.03,0.0,2.03,0.0,2.07,1.0,0.2,0.0,1.0,0.0,0.0,0.78,0.0,0
0.0,0.0,1.49,0.49,0.0,0.0,2.51,22.88,1.49,1.46,3.03,0.19,0.0,52.1,1.97,0.0,6.79,1.49,15.53,1.51,1.0,0.0,0.0,0.47,1.03,0
0.0,0.0,2.47,0.0,0.0,1.06,3.2,30.87,1.0,0.0,0.0,0.9,1.73,0.0,2.27,0.0,1.06,1.0,1.42,0.0,2.47,0.0,0.0,0.96,0.0,0
0.0,0.0,1.0,0.0,0.0,0.0,1.0,20.53,1.0,0.09,0.0,0.2,0.0,0.0,1.19,1.81,23.86,1.91,0.42,0.37,0.47,0.0,0.0,0.71,0.0,0
0.0,0.0,1.0,0.58,0.0,0.29,1.29,18.89,1.29,0.0,2.13,0.35,0.29,42.84,1.29,0.0,0.87,1.29,10.58,0.71,0.71,0.0,16.79,1.0,0.0,0
0.0,0.0,1.0,0.94,0.06,3.76,1.06,20.0,1.0,0.06,0.06,1.59,1.88,2.48,3.0,0.0,1.94,1.0,1.07,0.94,6.65,0.0,0.0,0.52,0.06,0
1.16,0.0,1.58,1.0,0.0,3.37,2.16,41.35,1.0,0.0,1.74,0.45,2.1,42.65,3.26,0.42,0.42,1.0,2.39,0.42,1.84,0.0,10.1,0.68,0.0,1
0.0,3.88,1.0,0.0,0.0,0.86,1.0,27.64,1.0,0.0,1.71,1.14,0.0,25.02,1.43,0.43,0.0,1.0,7.58,0.57,0.57,0.0,0.0,0.78,0.0,0
1.67,0.0,1.0,1.0,0.0,6.33,1.67,65.33,1.0,0.33,2.0,0.59,3.33,31.69,3.66,0.67,4.34,1.33,2.18,1.33,2.33,0.0,15.99,0.73,0.33,0
0.0,0.0,1.0,0.63,0.37,2.51,1.37,24.11,1.0,0.75,0.0,1.19,1.25,0.0,2.63,0.0,2.0,1.0,0.67,0.63,4.76,0.0,0.0,0.6,0.0,0
0.0,0.0,1.0,0.0,0.0,2.12,1.47,43.61,1.94,1.88,1.41,0.9,0.53,34.32,2.53,0.47,3.12,1.47,2.03,0.0,1.0,0.0,0.0,0.69,0.53,0
0.0,0.0,1.0,0.07,0.0,0.57,1.0,33.63,1.0,0.0,0.0,1.16,0.35,1.14,1.28,0.07,0.07,1.93,1.66,0.07,0.21,0.0,1.7,0.99,0.0,0
0.0,0.0,1.0,0.96,0.0,0.0,2.68,18.04,1.0,0.0,4.0,0.24,0.32,46.36,1.0,0.0,0.64,1.32,19.13,1.36,1.0,0.0,0.0,0.63,1.36,0
0.0,0.0,1.0,1.0,0.0,5.8,1.0,56.75,1.0,0.27,0.0,0.91,3.63,39.05,4.73,0.73,1.0,1.0,1.0,0.73,2.73,0.0,17.41,0.95,0.0,0
0.0,1.94,1.0,0.03,0.0,0.41,1.06,16.5,1.0,0.0,0.0,2.62,0.28,0.0,0.14,1.94,0.06,0.03,1.06,1.06,0.5,0.03,0.03,0.99,0.03,0
0.0,0.0,1.0,1.7,0.0,0.85,1.85,26.75,1.85,0.0,0.0,0.41,0.85,33.97,1.85,0.0,2.55,2.0,3.51,0.0,0.0,0.0,49.26,1.0,0.0,0
0.0,0.0,1.0,0.83,0.0,0.0,1.17,19.68,1.83,0.67,4.17,0.34,0.0,73.85,1.17,0.0,1.34,2.0,1.87,1.0,0.17,0.0,0.0,0.71,0.0,0
0.88,0.0,1.0,0.18,0.0,2.18,2.18,60.82,1.0,0.18,3.53,0.58,0.0,61.35,1.82,0.0,6.05,1.18,2.45,0.35,1.0,0.0,0.0,0.52,0.18,0
0.0,0.0,1.0,0.0,0.0,0.0,1.68,40.17,2.37,2.73,6.17,0.98,0.0,65.71,2.0,0.68,1.0,1.68,3.19,0.0,1.0,0.0,0.0,0.91,0.0,0
0.0,0.0,1.0,1.0,0.0,0.0,1.0,23.76,1.0,0.46,0.0,2.01,0.0,100.0,2.92,0.0,0.46,1.0,2.62,2.16,1.46,0.0,0.0,0.73,0.0,0
0.0,0.0,1.0,0.0,0.0,0.0,1.0,20.39,1.0,0.0,1.24,1.36,0.0,5.39,3.63,0.0,0.0,1.0,2.8,1.0,1.0,0.0,0.0,0.67,0.0,0
0.0,0.0,1.0,0.0,0.0,3.91,1.0,60.08,1.0,0.0,0.02,1.91,0.98,0.0,2.98,0.0,3.93,1.0,2.56,0.05,1.0,0.0,0.0,0.86,0.0,0
1.51,0.0,1.0,1.0,0.0,0.24,2.0,28.04,1.0,4.51,7.24,0.14,0.0,80.94,2.24,1.51,7.21,2.51,3.23,0.24,0.24,0.0,23.48,0.92,0.76,1
0.0,2.98,1.0,0.0,0.0,3.92,1.0,34.63,1.0,0.0,0.0,5.77,0.0,0.0,0.0,1.02,0.0,0.0,1.98,0.02,0.0,0.0,0.0,0.63,0.0,0
0.0,0.0,1.0,0.28,0.0,1.12,1.72,25.76,1.0,2.88,7.2,0.6,0.56,63.37,2.28,0.0,2.72,1.72,1.57,1.0,2.68,0.0,0.0,0.66,0.0,0
0.0,0.0,1.0,0.0,0.0,0.2,1.0,21.59,1.0,0.2,2.6,0.61,0.0,55.19,1.0,0.0,0.4,1.8,2.13,0.2,1.0,0.0,0.0,1.0,0.2,0
0.0,0.0,2.37,0.0,0.0,0.0,3.37,21.27,1.63,1.27,0.95,0.45,1.37,23.14,2.0,0.32,0.32,1.32,1.13,0.0,2.37,0.0,0.0,0.96,0.0,0
0.0,8.78,1.0,0.12,0.0,4.39,1.12,66.35,1.24,0.12,0.24,3.92,0.0,8.08,0.24,2.63,3.1,0.24,2.15,0.12,0.12,0.0,0.0,0.6,0.24,0
0.0,0.0,1.0,1.65,0.0,3.24,1.65,74.92,1.0,0.35,1.94,1.02,0.0,85.11,2.41,0.0,4.24,1.0,2.54,0.65,1.35,0.0,3.24,0.87,0.0,0
0.0,0.0,1.0,0.0,0.0,1.65,1.0,37.49,1.0,0.0,0.59,1.48,0.41,0.0,3.59,0.0,2.06,1.0,1.84,0.59,1.0,0.0,0.0,0.59,0.41,0
0.0,0.0,1.0,3.23,0.0,0.81,1.81,73.02,1.0,0.81,12.12,0.37,0.81,71.11,1.0,0.0,7.27,2.0,5.84,0.81,0.81,0.0,0.0,0.76,1.62,0
0.0,0.0,1.0,0.05,0.0,0.02,2.0,27.95,1.02,3.91,9.77,0.19,0.02,86.89,2.0,0.0,3.0,2.0,1.84,0.98,0.98,0.0,1.34,0.73,0.0,0
0.0,0.0,1.59,1.0,0.0,0.0,1.59,27.0,1.59,2.18,1.18,0.63,0.0,79.99,3.41,0.0,8.65,1.59,2.39,0.59,1.41,0.0,0.0,0.69,0.0,0
0.0,0.0,1.0,2.95,0.0,0.03,2.0,16.93,1.0,0.08,4.11,0.29,0.97,62.68,1.05,0.0,2.25,1.97,2.41,0.03,1.0,0.0,0.0,1.0,0.0,0
0.0,0.0,1.0,0.32,0.0,4.77,2.0,66.79,1.0,2.96,3.64,0.37,1.36,47.35,2.32,0.0,6.74,1.32,3.54,0.68,3.41,0.0,0.32,0.59,1.0,0
0.0,0.0,1.0,0.0,0.0,3.33,1.0,43.01,1.0,0.33,0.0,2.0,0.67,0.0,3.0,1.33,2.67,1.0,4.27,4.0,1.67,0.0,0.0,0.9,0.0,0
0.0,0.75,1.0,0.0,0.0,2.0,1.62,54.98,1.0,0.0,3.0,0.81,0.0,60.62,1.62,0.0,3.12,1.75,2.65,0.38,1.0,0.0,0.0,0.55,0.0,0
0.0,6.91,1.0,0.0,0.0,1.54,1.23,38.59,1.46,0.93,0.7,1.71,0.0,16.94,2.0,1.0,0.23,1.23,0.33,0.0,0.23,0.0,0.0,0.58,0.0,0
0.0,0.0,2.64,0.36,0.0,0.0,3.29,22.5,1.36,1.07,0.71,0.4,1.29,23.54,2.36,0.0,4.99,1.36,1.84,0.36,2.29,0.0,0.0,0.81,0.0,0
0.0,6.25,1.0,0.0,0.38,3.12,1.38,51.86,1.0,0.38,0.38,2.92,0.0,15.76,1.13,1.87,1.62,0.38,1.99,0.0,0.38,0.0,0.0,0.7,0.38,0
0.0,0.0,1.0,0.93,0.0,0.0,1.93,29.25,1.0,4.66,4.66,0.28,0.0,72.67,2.86,0.0,17.84,2.0,3.48,0.0,0.07,0.0,0.93,0.55,0.93,1
0.0,0.0,1.0,0.0,0.0,1.39,1.0,23.23,1.0,0.72,0.0,1.89,0.0,0.0,1.72,0.0,2.56,1.28,0.48,0.0,0.56,0.0,0.0,0.87,0.0,0
0.0,0.0,1.0,0.0,0.01,0.0,1.01,24.09,1.0,1.01,0.0,0.51,0.0,0.0,2.0,0.0,2.0,1.0,0.87,0.0,1.0,0.0,0.0,0.81,0.0,0
1.43,0.0,1.0,3.51,1.08,6.28,2.64,55.87,1.0,1.28,3.0,0.84,2.57,36.38,1.64,1.92,5.43,1.0,7.32,2.28,2.28,0.64,0.0,0.93,0.0,0
0.8,0.0,1.0,0.0,0.0,1.4,2.0,26.8,3.4,1.2,2.0,0.38,0.2,48.2,1.8,1.0,2.4,2.0,1.83,0.4,1.2,0.0,0.0,0.98,0.8,0
0.0,0.0,1.0,0.0,0.0,0.41,1.0,22.51,1.0,0.0,0.0,3.83,0.0,0.0,0.14,0.86,0.86,0.27,1.05,0.86,0.0,0.0,0.0,0.93,0.0,0
0.0,0.11,1.0,0.96,0.0,3.89,1.07,20.51,1.04,0.18,0.04,1.61,1.96,2.64,3.0,0.04,1.93,1.04,1.05,1.0,6.78,0.0,0.0,0.52,0.0,0
2.46,0.0,1.0,0.49,1.48,0.0,1.99,57.76,1.49,0.0,9.06,1.39,0.0,63.3,2.49,6.9,1.0,1.0,12.66,0.99,1.49,0.0,0.49,0.86,0.49,0
0.0,0.0,1.0,0.0,0.1,3.6,1.1,56.88,1.0,0.1,0.1,1.76,0.9,4.22,3.0,0.0,3.7,1.0,2.53,0.0,1.0,0.0,0.0,0.85,0.1,0
0.0,0.66,1.0,0.0,0.0,2.64,1.0,21.93,1.0,0.34,0.0,4.46,0.0,0.0,1.02,0.0,1.02,0.34,2.02,2.02,1.7,0.0,0.0,0.83,0.0,0
21.89,0.0,1.0,21.4,84.15,0.0,1.0,83.21,15.11,13.62,71.02,1.24,0.0,47.67,1.49,0.0,14.65,1.51,1.18,0.0,1.0,0.0,0.0,1.0,0.0,0
0.0,0.0,1.87,0.0,0.0,0.0,2.31,22.25,1.0,0.56,0.0,0.52,0.87,0.0,2.0,0.0,1.13,1.0,0.93,0.0,1.87,0.0,0.0,0.89,0.0,0
2.11,0.0,1.0,4.21,2.05,2.63,1.53,63.28,1.47,4.73,7.73,0.62,0.0,85.68,1.0,0.0,5.16,1.47,3.9,0.53,1.0,0.0,0.0,0.93,0.47,0
0.0,2.88,1.0,0.04,0.0,3.83,1.04,34.38,1.0,0.0,0.12,5.61,0.0,2.33,0.04,0.96,0.04,0.04,2.09,0.08,0.04,0.0,0.0,0.64,0.0,0
0.0,0.0,1.0,0.52,0.0,1.93,1.0,43.39,1.0,0.52,0.0,1.43,0.48,51.78,4.04,0.0,2.93,1.0,1.76,0.0,1.52,0.0,0.0,0.77,0.48,0
0.0,0.0,1.0,0.35,0.65,0.0,2.0,64.7,1.0,2.35,3.16,0.35,0.0,31.24,2.0,0.0,7.97,1.35,1.56,0.0,1.0,0.0,0.35,0.71,0.0,0
0.0,0.0,1.0,1.51,0.0,3.78,1.76,80.21,1.0,0.24,2.27,0.85,0.0,58.16,1.49,0.0,5.27,1.0,3.53,1.73,1.98,0.0,3.78,0.85,0.0,0
0.0,7.81,1.0,0.0,0.0,1.74,1.0,39.44,1.0,0.0,0.13,2.02,0.0,0.0,1.87,0.87,0.13,1.13,0.18,0.13,0.13,0.0,0.0,0.53,0.0,0
0.0,0.0,1.0,0.31,0.0,4.48,1.1,50.02,1.0,0.0,0.42,2.04,1.0,6.5,2.79,1.79,2.0,1.1,5.09,4.48,1.0,0.0,0.0,1.0,0.0,0
0.0,0.56,1.0,0.72,0.0,0.56,1.0,32.04,1.0,0.72,0.84,1.32,0.0,88.79,3.88,0.0,0.72,1.56,1.76,0.28,1.72,0.0,0.0,0.87,0.0,0
0.58,0.0,1.0,0.29,0.0,2.84,1.29,49.42,1.0,1.45,2.03,1.39,0.71,22.87,4.13,0.58,4.58,1.58,2.8,0.0,0.71,0.0,8.98,0.94,0.29,0
34.23,0.0,1.0,33.47,131.6,0.0,1.0,121.56,23.06,21.3,111.3,0.2,0.0,84.6,1.76,0.96,22.02,1.48,2.74,0.24,0.76,0.0,0.0,0.93,0.0,0
0.0,0.0,1.0,1.2,0.4,3.0,2.0,70.18,1.4,2.0,3.0,0.55,0.0,78.2,1.4,0.0,4.0,1.4,2.92,1.0,1.0,0.0,3.0,0.83,0.8,0
0.0,0.0,1.45,0.0,0.78,0.0,2.45,23.1,1.78,3.88,2.33,0.26,0.45,62.08,2.0,0.0,0.78,1.78,1.96,0.78,1.45,0.0,0.0,0.9,1.55,0
0.0,0.0,1.0,0.0,0.0,0.0,1.0,42.34,1.0,0.64,4.67,1.23,0.0,17.98,2.0,0.0,1.64,1.0,3.08,0.0,1.0,0.0,0.0,0.88,0.0,0
0.0,1.4,1.0,0.0,0.0,4.0,1.0,48.89,1.0,0.0,0.0,3.74,0.53,0.0,1.6,0.47,2.14,0.53,2.31,0.0,0.53,0.0,0.0,0.75,0.0,0
0.0,0.0,1.0,0.0,0.0,1.47,2.27,34.39,1.0,0.0,2.53,0.66,0.37,24.71,1.73,0.0,1.83,1.0,18.05,1.27,1.0,0.0,0.0,0.49,1.63,0
0.0,0.0,1.0,0.12,0.0,3.54,1.0,57.07,1.0,0.12,0.0,1.84,0.88,11.56,3.12,0.0,3.65,1.0,2.39,0.0,1.12,0.0,0.0,0.87,0.0,0
0.0,0.0,1.0,0.0,0.0,4.67,1.0,56.32,1.0,0.0,0.0,2.14,1.0,0.0,3.66,1.34,2.66,1.0,4.46,3.34,1.0,0.0,0.0,0.98,0.0,0
0.0,0.0,1.0,0.0,0.0,0.0,1.0,18.52,1.0,0.0,0.32,2.09,0.0,8.06,1.0,0.0,1.68,2.0,0.35,0.0,1.0,0.0,0.0,1.0,0.0,0
3.37,0.56,1.0,2.8,1.68,3.56,1.56,489.66,4.37,11.78,34.77,1.09,0.0,54.4,1.0,1.12,33.09,5.93,3.24,0.0,0.0,0.0,6.17,0.52,0.56,1
0.0,3.65,1.0,0.0,0.0,0.61,1.09,19.65,1.0,0.17,0.17,2.19,0.09,3.57,0.09,0.09,0.91,0.17,1.22,1.09,0.17,0.0,0.0,1.0,0.0,0
0.0,0.0,1.0,1.67,0.0,0.67,1.67,24.37,1.67,0.0,0.0,1.03,0.67,59.5,2.0,0.0,2.02,1.67,3.89,1.3,0.33,0.0,39.15,0.84,0.0,0
0.3,0.3,1.0,0.6,0.0,3.09,1.3,60.7,2.21,0.91,5.44,1.4,0.7,26.89,2.4,0.0,9.14,1.3,2.64,0.3,1.0,0.0,0.0,0.82,0.6,0
0.41,0.0,1.21,0.21,0.0,3.17,1.41,52.91,1.0,0.0,0.62,1.56,0.79,12.86,2.79,0.0,3.17,1.0,2.74,0.0,1.0,0.0,0.0,0.78,0.0,0
0.0,8.01,1.0,0.0,0.0,4.01,1.0,60.06,1.0,0.0,0.6,3.63,0.0,8.75,0.2,2.4,1.6,0.2,4.17,0.2,0.2,0.0,0.0,0.69,0.0,0
0.0,0.0,1.0,0.0,0.0,0.0,1.0,26.17,1.0,0.0,0.32,1.17,0.0,0.0,1.0,0.0,0.32,2.0,1.59,0.32,0.32,0.0,0.0,0.94,0.0,0
0.0,0.0,1.0,0.09,0.0,0.09,1.09,72.73,1.0,0.27,12.55,2.3,0.0,53.36,2.09,0.0,1.91,1.0,6.62,0.09,1.0,0.0,0.0,0.99,0.0,0
0.96,0.0,1.0,1.72,0.0,0.96,1.48,33.47,1.0,1.0,0.0,1.19,0.24,88.74,4.28,0.0,1.0,1.0,1.79,0.24,1.76,0.0,47.68,1.0,0.0,0
0.0,0.86,1.0,0.0,0.0,1.14,1.57,41.6,1.0,0.0,1.71,1.52,0.0,34.7,1.14,0.86,2.84,0.57,1.57,0.43,0.57,0.0,0.0,0.75,0.0,0
0.7,0.0,1.0,1.86,0.0,4.72,2.14,95.24,1.0,0.14,3.42,0.72,0.0,75.03,1.0,0.0,6.7,1.14,3.54,1.14,1.0,0.0,4.3,0.73,0.14,1
0.0,0.0,1.0,0.17,0.0,1.66,2.0,72.28,1.0,0.51,4.03,0.59,0.0,65.79,2.0,0.0,7.39,1.17,2.38,0.0,1.0,0.0,0.17,0.56,0.0,0
0.0,0.0,1.0,0.0,0.0,3.28,1.0,55.63,1.0,0.0,0.0,1.33,0.82,0.0,2.64,0.0,3.28,1.18,2.42,0.0,0.82,0.0,0.0,1.0,0.0,0
0.0,0.0,1.0,0.0,0.0,2.71,1.0,47.48,1.0,0.0,0.0,1.75,0.68,0.0,2.36,0.0,4.03,1.32,1.74,0.0,1.0,0.0,0.0,0.68,0.68,0
0.0,0.0,1.0,0.48,0.0,1.04,1.52,44.21,1.0,0.48,1.56,1.23,0.0,79.71,3.44,0.0,3.08,1.0,1.52,0.0,1.0,0.0,0.0,0.54,0.0,0
0.0,0.0,1.0,0.0,0.25,2.99,1.25,51.67,1.25,1.26,0.76,1.13,0.75,20.18,2.75,0.0,3.99,1.25,2.49,0.25,1.0,0.0,0.0,0.62,1.25,0
0.0,0.0,1.0,1.0,0.0,10.79,2.44,30.35,1.0,0.0,0.0,1.25,7.2,28.04,4.16,0.0,1.44,1.0,3.28,3.28,13.23,0.72,0.72,0.71,0.72,0
0.0,0.0,1.0,1.0,0.0,0.01,2.0,30.01,1.0,4.99,4.99,0.14,0.0,77.9,3.0,0.0,18.98,2.0,3.73,0.0,0.0,0.0,1.0,0.52,1.0,1
0.0,6.97,1.0,0.46,0.0,0.0,1.46,25.49,1.93,0.46,0.93,0.55,0.0,30.59,0.93,1.07,7.78,0.93,2.41,0.46,0.46,0.0,0.0,0.76,0.93,0
0.0,0.0,1.0,0.0,0.0,0.0,1.0,21.76,1.0,0.0,1.0,1.42,0.0,4.59,3.67,0.44,0.33,1.22,1.59,1.0,0.89,0.0,0.0,0.64,0.0,0
0.0,0.0,1.0,0.0,0.0,3.65,1.0,39.19,1.0,0.0,0.0,1.76,0.33,0.0,1.65,0.65,0.65,1.67,2.66,1.63,0.33,0.0,0.0,0.66,0.0,0
0.42,0.42,1.0,0.84,0.0,0.42,1.42,34.39,2.67,1.25,9.27,0.31,0.0,62.8,1.0,0.0,8.78,1.42,8.93,1.0,1.0,0.0,0.0,0.8,0.84,0
0.0,1.88,1.0,0.79,0.0,0.0,1.0,25.75,1.0,0.79,0.0,1.44,0.0,79.1,3.96,0.42,0.79,0.79,1.23,0.21,1.58,0.0,0.0,1.0,0.21,0
0.0,0.0,1.0,0.27,0.0,3.67,1.0,28.47,1.0,0.27,0.0,2.47,0.0,26.6,1.8,0.0,3.2,1.73,0.27,0.0,2.0,0.0,0.0,0.65,0.0,0
0.0,0.99,1.0,0.5,0.0,0.0,1.5,18.01,1.0,0.0,1.51,1.58,0.0,28.17,0.5,0.99,0.5,0.5,2.64,1.5,0.5,0.0,0.0,1.0,0.0,0
0.0,0.0,1.0,0.0,0.0,0.0,1.0,19.88,1.0,0.0,0.0,2.29,0.0,0.0,1.0,0.0,1.85,2.0,0.13,0.0,0.93,0.0,0.0,1.0,0.0,0
0.0,0.0,1.0,0.0,0.22,3.9,1.22,52.85,1.0,0.44,0.0,0.97,0.78,0.0,2.0,0.0,3.56,1.0,2.03,0.0,1.0,0.0,0.0,0.95,0.0,0
0.0,5.11,2.21,0.39,0.0,0.39,2.82,29.82,1.0,0.0,1.57,0.55,1.21,24.35,1.61,0.0,0.39,1.39,2.59,0.39,2.21,0.0,0.0,0.84,0.0,0
4.41,0.0,1.0,1.0,2.64,0.0,2.76,38.46,1.88,0.12,4.41,0.39,0.0,79.72,3.24,12.34,1.0,1.0,16.43,1.76,2.0,0.0,0.88,0.74,0.88,0
0.0,0.0,1.0,0.0,0.0,0.77,1.0,28.71,1.0,0.0,0.0,0.75,0.19,0.0,1.39,0.81,3.19,1.81,1.65,0.0,1.0,0.0,0.0,0.73,0.0,0
0.0,0.0,1.0,1.0,0.0,0.0,1.27,21.26,1.73,1.36,3.54,0.3,0.0,72.9,1.54,0.0,5.89,2.0,2.39,0.73,0.0,0.0,0.27,0.66,0.27,0
0.0,0.0,1.0,0.0,0.0,0.0,1.0,29.92,1.0,0.0,0.0,1.13,0.0,0.0,1.0,0.11,0.32,2.0,1.68,0.0,0.11,0.0,0.0,0.96,0.0,0
2.82,0.0,1.0,5.93,2.11,3.52,1.7,74.87,1.0,0.3,2.11,1.14,0.0,85.92,2.18,0.0,5.93,1.0,4.59,0.7,1.3,0.0,0.0,1.0,0.0,0
3.8,0.0,1.0,3.8,0.0,3.8,2.9,52.33,1.0,1.0,0.0,0.49,0.95,50.32,2.0,0.0,1.05,1.0,4.1,0.95,0.95,0.0,188.95,1.0,0.0,0
0.0,0.0,1.0,0.0,0.0,0.0,1.0,21.0,1.0,0.36,0.0,3.24,0.0,0.0,1.07,0.64,2.07,0.36,1.36,1.36,1.07,0.0,0.0,0.89,0.0,0
0.0,0.0,1.0,0.0,0.38,0.0,1.38,24.77,1.0,0.75,0.0,0.52,0.0,0.0,1.38,0.62,2.62,1.62,0.93,0.0,1.0,0.0,0.0,0.71,0.0,0
0.0,0.0,1.0,0.0,0.0,2.67,1.38,46.84,1.0,1.38,1.14,0.5,0.76,12.56,2.0,0.0,1.62,1.0,1.85,0.38,2.52,0.0,0.0,0.74,0.38,0
0.0,11.67,1.0,0.0,0.0,0.0,1.0,18.64,1.0,0.0,0.0,1.05,0.0,0.0,0.0,2.0,4.4,0.0,1.07,0.12,0.0,0.0,0.0,1.0,0.0,0
4.44,0.0,1.0,4.93,1.69,4.12,2.44,79.66,1.0,0.44,4.31,0.69,0.0,72.55,1.0,0.0,9.31,1.44,5.42,1.44,1.0,0.0,0.0,0.71,0.44,0
0.0,1.38,1.0,0.0,0.54,0.46,2.46,28.61,2.0,5.0,2.08,0.18,0.46,76.31,2.46,0.46,0.54,2.0,2.28,1.0,1.0,0.0,0.0,0.93,1.08,0
0.0,0.0,1.0,0.0,0.55,0.0,1.0,28.0,1.55,5.48,7.57,0.43,0.0,69.39,1.0,1.81,2.45,2.45,2.48,0.45,0.55,0.0,0.0,0.79,0.55,0
0.97,0.0,1.0,3.9,0.0,1.16,2.0,26.54,2.95,0.05,0.08,0.33,0.05,91.44,2.0,0.0,5.87,1.97,1.06,0.03,1.1,0.0,0.0,0.57,1.0,0
0.0,0.0,1.0,0.0,0.0,1.98,2.01,39.75,1.0,0.0,2.02,0.82,0.49,19.73,1.99,0.0,2.47,1.0,14.93,1.01,1.0,0.0,0.0,0.49,1.51,0
0.0,0.0,1.0,0.74,0.0,5.15,2.47,30.56,1.0,1.74,2.21,0.94,2.94,8.82,2.0,2.21,3.47,1.0,6.06,2.21,2.21,0.74,0.0,0.92,0.0,0
3.11,4.91,1.0,1.0,0.0,2.25,2.25,54.34,1.0,0.62,5.25,0.37,0.0,62.62,1.0,0.0,7.23,2.0,4.73,1.62,1.0,0.0,0.0,0.43,0.62,0
0.0,0.0,1.0,0.79,0.0,0.0,1.79,20.21,1.0,0.21,2.37,0.72,0.0,44.22,1.21,0.0,1.21,1.0,3.5,1.58,0.79,0.0,0.0,1.0,0.0,0
32.11,0.0,1.57,31.4,123.44,0.0,1.86,113.47,21.69,19.98,104.18,0.18,0.57,69.93,2.0,0.0,19.98,1.0,2.02,0.0,1.57,0.0,0.0,1.0,0.0,0
0.0,3.99,1.0,0.0,0.0,0.0,1.0,16.92,1.0,0.0,2.08,0.52,0.0,30.5,0.69,0.61,1.53,0.69,9.57,0.69,0.69,0.0,0.0,1.0,0.0,0
0.0,0.0,1.0,0.0,0.97,0.11,2.94,29.89,1.0,1.94,0.0,0.11,0.03,0.0,2.03,0.0,3.06,1.0,0.79,0.0,1.0,0.0,0.0,0.93,2.94,0
0.9,0.21,1.0,0.0,0.0,0.21,1.9,21.71,3.69,0.9,2.1,0.28,0.0,51.04,1.9,0.9,2.69,2.1,1.66,0.1,1.0,0.0,0.0,0.93,0.9,0
0.0,3.89,1.0,0.0,0.0,1.94,1.0,40.44,1.0,0.61,0.0,2.64,0.0,0.0,1.83,1.17,3.22,0.61,1.96,1.22,1.83,0.0,0.0,0.66,0.0,0
0.0,0.0,1.0,0.0,0.0,3.84,1.0,26.67,1.0,0.23,0.47,2.63,0.0,23.28,1.7,0.0,3.53,1.77,0.7,0.7,2.0,0.0,0.0,0.52,0.0,0
0.0,0.08,1.0,0.92,0.0,0.32,1.0,26.84,1.0,0.92,0.0,1.69,0.0,92.03,3.68,0.0,0.92,0.92,1.0,0.08,1.84,0.0,0.0,0.98,0.0,0
0.0,0.15,1.0,2.85,0.0,0.05,2.05,16.88,1.05,0.24,3.85,0.28,1.0,62.49,1.1,0.05,1.9,2.0,2.4,0.05,1.0,0.0,0.0,1.0,0.0,0
0.0,0.0,1.0,0.0,0.0,0.0,1.0,24.89,1.0,0.0,1.0,1.08,0.0,23.37,2.33,2.23,1.67,2.11,2.66,1.0,0.44,0.0,0.0,0.68,0.0,0
1.32,0.0,1.66,0.66,0.0,0.0,2.32,21.66,1.0,0.0,1.97,0.35,0.0,40.79,1.66,0.34,1.03,1.34,2.73,0.0,1.0,0.0,0.0,0.56,0.0,0
0.49,0.0,1.51,0.51,0.0,0.0,2.0,23.1,2.97,2.03,2.0,0.17,0.0,58.21,2.51,0.49,8.64,2.0,2.41,0.51,1.0,0.0,0.0,0.72,0.49,0
0.0,0.69,1.0,0.05,0.0,0.05,1.0,22.27,1.0,0.95,0.21,1.45,0.0,3.27,1.95,0.0,1.95,1.05,0.9,0.05,0.05,0.0,0.0,0.98,0.0,0
0.0,0.0,1.39,0.39,0.0,0.0,1.39,27.61,1.39,1.16,1.39,0.52,0.0,51.3,1.77,2.45,7.26,2.61,3.58,1.0,0.39,0.0,0.0,0.63,0.0,0
0.0,0.92,1.0,0.54,0.0,0.92,1.54,31.54,1.0,0.0,3.0,0.77,0.0,57.85,1.0,0.0,0.54,1.92,4.01,1.54,1.0,0.0,0.0,0.79,0.0,0
0.54,4.13,1.0,0.0,0.0,0.92,1.54,30.03,2.62,0.54,1.08,1.09,0.0,27.03,2.0,1.0,1.62,1.54,0.77,0.0,0.54,0.0,0.0,0.76,0.54,0
0.0,2.59,1.0,0.0,0.0,1.77,1.0,31.19,1.0,0.0,0.0,1.88,0.35,0.0,0.71,0.0,2.06,0.35,1.56,0.65,0.35,0.0,0.0,1.0,0.0,0
0.07,0.0,1.0,1.93,0.07,0.93,1.93,26.21,1.93,0.0,0.35,0.27,0.93,42.53,2.0,0.0,2.93,2.07,3.96,0.0,0.07,0.0,53.92,0.97,0.0,0
0.0,0.0,1.0,0.0,0.84,0.64,1.84,26.53,1.0,0.84,0.84,0.56,0.16,35.31,3.0,0.0,1.64,1.0,2.21,0.0,1.0,0.0,0.0,0.79,1.0,0
0.0,0.0,1.0,0.0,0.0,0.0,1.0,18.28,1.0,0.0,1.09,2.22,0.0,27.24,0.54,0.46,0.46,1.09,1.64,0.46,0.54,0.0,0.0,1.0,0.0,0
0.0,0.0,1.0,0.0,0.68,0.0,1.68,20.32,1.0,1.0,0.68,0.75,0.0,28.36,3.0,0.0,1.97,1.0,2.1,0.65,1.65,0.0,0.0,0.79,0.68,0
0.0,0.0,1.0,0.43,0.0,3.4,1.0,46.74,1.0,0.0,0.0,1.01,2.13,6.81,2.7,0.43,0.43,1.57,1.41,0.43,1.28,0.0,10.21,0.97,0.0,0
0.91,0.0,1.0,0.0,0.09,0.0,2.0,20.09,3.73,1.09,1.82,0.21,0.0,45.47,2.0,0.91,2.91,1.91,1.3,0.0,1.0,0.0,0.0,0.96,0.91,0
0.49,0.49,1.0,0.99,0.0,3.02,1.49,59.49,2.98,1.48,8.89,0.68,0.51,43.96,1.51,0.0,12.4,1.49,2.69,0.49,1.0,0.0,0.0,0.77,0.99,0
0.38,1.62,1.0,0.19,0.0,0.19,1.0,20.16,1.76,0.19,0.95,2.21,0.19,13.24,0.38,1.62,1.13,0.38,1.21,0.81,0.0,0.0,0.0,0.91,0.38,0
0.0,0.0,1.0,0.0,0.86,0.0,1.86,29.37,1.0,1.86,0.27,0.57,0.0,13.61,2.27,0.0,2.0,1.0,0.5,0.41,1.14,0.0,0.0,0.74,0.0,0
0.0,4.68,1.0,0.0,0.0,2.34,1.0,41.73,1.0,0.53,0.0,3.02,0.0,0.0,2.13,1.4,0.94,0.53,0.89,0.0,1.6,0.0,3.73,0.8,0.53,0
0.0,0.05,1.0,0.0,0.0,3.99,1.0,60.94,1.0,0.0,0.02,1.36,1.0,0.24,2.99,0.0,3.99,1.0,2.58,0.0,1.0,0.0,0.0,1.0,0.0,0
3.59,0.0,1.0,4.0,0.0,3.59,2.86,50.06,1.27,0.86,0.0,0.43,0.86,58.44,2.0,0.0,1.68,1.14,3.84,0.86,1.0,0.0,171.95,0.94,0.14,0
0.0,0.0,1.0,0.0,0.53,1.86,1.53,39.1,1.0,0.53,0.53,1.1,0.47,22.44,3.0,0.0,2.4,1.0,2.34,0.0,1.0,0.0,0.0,0.84,0.53,0
0.0,0.36,1.0,0.0,0.0,1.36,1.0,42.91,1.0,0.88,4.39,1.37,0.0,66.79,0.88,0.12,1.76,0.88,2.0,0.88,0.88,0.0,0.0,0.95,0.88,0
0.75,0.13,1.0,0.63,0.38,0.5,1.13,120.32,1.75,2.63,10.4,0.43,0.0,50.65,1.0,0.25,7.4,2.0,12.25,0.87,0.87,0.0,1.38,0.94,0.13,0
0.64,0.64,1.0,1.28,0.0,0.64,1.64,45.26,3.56,1.92,11.53,1.0,0.0,57.01,1.0,0.0,14.17,2.0,1.8,0.64,1.0,0.0,0.0,0.7,1.28,0
0.0,0.0,1.0,0.53,0.0,0.94,2.0,44.56,1.0,2.65,4.06,0.37,0.0,70.02,2.53,0.0,12.43,1.53,2.92,0.0,0.47,0.0,0.53,0.54,0.53,1
1.59,0.0,1.0,0.8,0.0,1.02,1.8,28.73,1.0,3.98,5.58,0.31,0.2,62.92,2.0,1.59,5.59,2.59,3.19,0.0,0.2,0.0,24.69,0.95,0.8,1
0.0,0.78,1.0,1.22,0.0,0.61,1.61,22.1,1.61,0.0,0.0,1.21,0.61,24.38,1.22,0.78,1.83,1.22,2.73,0.39,0.0,0.0,35.36,1.0,0.0,0
0.0,0.0,1.0,0.36,0.0,1.64,2.0,57.03,1.0,1.08,4.8,0.51,0.0,70.38,2.36,0.0,7.17,1.0,2.32,0.36,1.0,0.0,0.0,0.67,0.0,0
0.22,7.83,1.0,0.87,0.0,4.13,1.22,61.03,1.43,0.0,0.0,3.55,0.0,20.16,0.43,2.35,2.87,0.43,1.7,0.0,0.22,0.0,0.0,0.61,0.22,0
0.0,4.99,1.0,0.38,0.0,0.38,1.0,30.22,1.0,0.62,1.54,1.14,0.0,23.82,1.62,0.0,1.62,1.38,2.35,0.38,0.38,0.0,0.0,0.85,0.0,0
2.47,0.0,1.0,0.49,1.48,0.0,1.99,30.39,1.49,0.0,2.47,0.18,0.0,38.04,1.99,7.93,13.65,1.51,9.16,0.99,0.99,0.0,0.49,0.7,0.49,0
0.0,0.0,1.0,0.47,0.0,2.63,1.47,45.23,1.0,2.37,2.37,0.66,0.53,37.04,2.47,0.0,11.12,1.47,3.12,0.0,0.53,0.0,0.47,0.77,0.47,0
0.92,0.0,1.0,1.84,0.69,1.92,1.23,55.71,1.0,0.77,4.54,0.82,0.0,76.92,1.0,0.0,3.38,1.0,2.94,1.0,1.0,0.0,0.0,0.99,0.77,0
0.0,0.0,1.0,0.0,0.3,0.0,2.0,25.58,1.0,3.09,7.28,0.25,0.0,74.07,2.3,0.0,2.39,1.7,1.9,0.7,1.0,0.0,0.0,0.76,0.3,0
0.0,0.08,1.0,0.0,0.0,0.08,1.0,21.91,1.0,0.96,0.11,1.48,0.0,2.28,1.96,0.0,1.92,1.08,0.78,0.04,0.04,0.0,0.0,0.98,0.0,0
0.19,0.19,2.62,0.38,0.0,0.19,3.62,27.58,1.76,0.57,3.41,0.48,1.62,16.86,1.81,0.0,3.98,1.19,1.34,0.19,2.62,0.0,0.0,0.91,0.38,0
0.0,0.0,1.0,0.41,0.59,0.0,1.59,28.95,1.0,1.59,0.0,0.99,0.0,41.02,3.23,0.0,1.59,1.0,0.48,0.0,1.0,0.0,0.0,0.67,0.0,0
0.0,0.0,1.0,0.75,0.0,0.0,1.0,18.75,1.75,0.0,2.5,0.8,0.0,53.29,1.25,0.0,1.0,1.75,1.92,1.25,0.25,0.0,0.0,0.78,0.0,0
1.23,0.0,1.0,0.23,0.0,0.0,2.0,19.46,3.31,1.92,3.15,0.17,0.0,56.68,2.0,1.23,3.69,2.23,1.86,0.0,0.77,0.0,7.14,0.97,1.0,0
0.0,0.0,1.02,0.02,0.0,0.0,1.02,21.11,1.02,0.06,1.02,1.47,0.0,1.26,3.98,0.0,0.27,1.02,1.37,1.0,1.0,0.0,0.0,0.62,0.0,0
0.0,1.39,1.0,0.0,0.0,3.69,1.0,58.22,1.0,0.0,0.0,1.95,0.85,0.0,2.85,0.15,3.38,1.0,2.17,0.0,0.85,0.0,0.0,0.8,0.0,0
0.0,0.6,1.0,0.7,0.0,0.6,1.7,27.48,1.0,0.0,3.0,0.68,0.0,57.2,1.0,0.0,0.7,1.6,4.09,1.7,1.0,0.0,0.0,0.86,0.0,0
0.0,0.0,1.0,0.0,0.0,0.97,1.03,43.53,1.0,1.09,5.15,0.74,0.0,76.35,1.03,0.0,2.03,1.03,1.99,1.0,1.0,0.0,0.0,0.98,0.97,0
1.7,0.0,1.0,1.7,0.0,4.0,1.85,58.02,1.0,0.43,0.0,1.28,1.0,22.57,2.57,0.0,2.72,1.0,3.3,0.43,1.0,0.0,84.73,0.97,0.0,0
0.0,0.0,1.0,0.84,0.0,0.0,1.0,25.72,1.0,0.84,0.0,1.57,0.0,84.05,4.36,0.0,1.16,1.16,0.84,0.0,1.84,0.0,0.0,1.0,0.0,0
0.0,0.0,1.0,0.66,0.0,0.0,1.0,21.0,1.0,0.0,0.34,2.44,0.0,66.23,2.0,0.0,0.34,1.0,3.32,3.32,1.0,0.0,0.0,0.67,0.0,0
0.0,0.0,1.0,0.83,0.0,0.0,1.0,21.0,1.0,0.0,0.0,2.89,0.0,82.76,1.66,0.17,0.17,0.83,3.48,3.48,0.83,0.0,0.0,0.59,0.0,0
0.0,0.0,1.0,0.36,0.0,0.0,1.36,55.81,1.0,1.08,5.15,0.35,0.0,60.14,1.36,0.0,6.81,1.36,10.07,0.64,1.0,0.0,0.36,0.85,0.0,0
0.0,0.0,1.0,1.1,0.0,0.51,2.0,124.37,1.0,2.7,8.39,0.34,0.0,87.79,1.9,0.0,17.69,1.9,4.14,0.1,1.0,0.0,1.4,0.62,0.0,1
0.0,0.0,1.0,0.17,0.0,3.31,1.17,72.34,1.0,0.52,1.55,1.63,0.83,15.29,2.83,0.0,6.58,1.17,2.86,0.0,1.0,0.0,0.17,0.81,0.0,0
0.0,0.0,1.0,0.0,0.38,0.0,2.62,20.91,1.38,1.91,3.62,0.2,0.0,54.67,1.38,0.0,0.38,1.38,17.53,1.62,1.0,0.0,0.0,0.61,2.0,0
0.0,0.0,1.0,1.0,0.0,0.92,2.13,30.53,1.0,4.61,4.74,0.21,0.53,69.32,2.87,0.39,17.03,1.87,4.3,0.39,0.39,0.13,0.87,0.57,0.87,1
0.0,0.0,1.0,0.0,0.0,0.3,1.0,17.62,1.0,0.0,1.8,0.67,0.0,44.95,1.0,0.0,0.0,2.0,2.08,0.0,0.9,0.0,0.0,0.95,0.0,0
0.0,0.7,1.0,0.0,0.0,2.81,1.0,22.31,1.0,0.0,0.3,4.73,0.0,0.0,0.3,0.0,0.3,0.6,1.1,1.0,0.3,0.0,0.0,0.76,0.0,0
0.0,0.0,1.0,0.17,0.0,3.33,1.17,71.98,1.0,0.5,1.5,1.64,0.83,14.81,2.83,0.0,6.5,1.17,2.85,0.0,1.0,0.0,0.17,0.81,0.0,0
0.0,0.0,1.0,1.21,0.0,0.21,2.0,21.24,1.21,0.0,2.38,0.46,0.21,52.68,1.21,0.0,1.41,1.21,4.16,1.59,0.79,0.0,12.02,1.0,0.0,0
0.0,6.36,1.0,0.29,0.0,0.0,1.0,22.76,1.0,0.29,0.0,1.48,0.0,29.29,1.46,1.41,0.29,0.29,1.79,0.71,0.59,0.0,0.0,0.98,0.71,0
0.0,3.68,1.0,0.08,0.0,0.0,1.08,17.36,1.16,0.08,0.16,2.12,0.0,5.28,0.16,0.0,1.8,0.16,1.24,1.0,0.08,0.0,0.0,0.96,0.16,0
0.0,2.55,1.0,0.0,0.0,0.0,1.0,18.9,1.0,0.36,0.0,1.64,0.0,0.0,0.73,0.0,1.36,0.36,0.95,0.64,0.36,0.0,0.0,0.93,0.0,0
0.0,1.62,1.0,0.0,0.0,0.36,2.64,23.32,1.0,0.0,3.28,0.56,0.0,31.98,1.18,0.18,0.0,1.0,22.14,1.64,0.82,0.0,0.0,0.47,1.64,0
0.0,2.92,1.0,0.22,0.0,0.22,1.0,26.39,1.0,0.78,0.9,1.29,0.0,13.93,2.55,0.0,3.33,1.22,2.69,1.78,2.55,0.0,0.0,0.67,0.0,0
0.0,0.0,1.0,0.0,0.0,4.08,1.0,60.41,1.0,0.0,0.0,1.52,1.0,0.0,3.0,0.17,4.75,1.0,2.81,0.42,1.0,0.0,0.0,0.57,0.92,0
0.0,0.0,1.0,1.0,0.0,0.55,1.55,39.18,1.0,2.1,4.39,0.98,0.0,92.86,3.9,0.0,6.49,1.0,2.03,0.55,1.0,0.0,0.0,0.72,0.0,0
0.35,0.0,1.0,0.0,0.0,4.54,2.0,61.2,2.05,1.65,2.65,0.38,1.3,38.96,2.0,0.35,1.7,1.35,2.73,0.65,3.6,0.0,0.0,0.75,1.0,0
0.0,0.0,1.42,0.0,0.0,0.0,1.63,20.79,1.0,0.0,0.0,3.44,0.42,0.0,0.42,0.79,0.79,0.21,1.0,0.79,0.63,0.0,0.0,1.0,0.0,0
0.0,0.0,1.0,0.33,0.0,0.0,1.33,24.94,1.66,0.33,1.33,1.08,0.0,21.65,3.34,0.0,3.61,1.33,2.19,1.0,1.0,0.0,0.0,0.58,0.66,0
0.0,0.0,1.0,1.21,0.0,0.0,1.11,20.47,1.0,0.0,0.42,2.37,0.11,95.97,1.89,0.0,0.21,1.11,3.83,3.58,1.0,0.0,0.0,0.55,0.0,0
0.0,1.88,1.0,0.0,0.0,0.0,1.0,20.71,1.0,0.0,0.86,1.92,0.0,0.0,1.71,0.29,1.58,0.86,1.87,1.71,0.86,0.0,0.0,1.0,0.0,0
0.0,0.0,1.0,0.0,0.44,2.22,1.44,47.69,1.0,0.89,0.0,0.93,0.56,0.0,2.56,0.0,3.11,1.0,1.48,0.0,1.0,0.0,0.0,0.9,0.0,0
0.0,2.12,1.0,0.0,0.0,4.29,1.0,32.3,1.0,0.0,0.0,2.72,0.0,0.0,1.24,0.24,3.06,1.76,0.0,0.0,1.53,0.0,0.0,0.52,0.0,0
0.0,0.0,1.0,1.49,0.0,0.74,1.74,24.71,1.74,0.0,0.0,1.28,0.74,29.71,1.49,0.26,2.49,1.49,3.1,0.26,0.0,0.0,43.08,1.0,0.0,0
0.0,1.28,1.0,0.0,0.0,2.36,1.0,40.34,1.0,0.0,1.92,1.23,0.0,38.47,1.0,0.0,0.0,2.64,2.87,0.64,0.64,0.0,0.0,0.52,0.0,0
0.72,0.0,1.0,1.44,0.54,0.9,1.18,42.55,1.0,0.0,0.54,1.16,0.0,14.44,1.0,0.0,1.44,1.82,2.51,0.18,0.18,0.0,0.0,1.0,0.0,0
0.16,8.27,1.0,0.08,0.0,1.84,1.08,41.22,1.0,0.4,0.56,1.98,0.0,6.37,2.0,1.08,0.48,1.16,0.27,0.0,0.0,0.0,2.5,0.53,0.08,0
0.11,0.0,1.0,0.05,0.0,3.84,1.0,59.75,1.22,0.05,0.27,1.82,1.0,3.82,2.95,0.0,4.11,1.05,2.55,0.0,0.95,0.0,0.0,0.92,0.11,0
0.0,0.0,1.0,0.19,0.0,4.05,1.19,29.76,1.38,0.19,0.38,2.39,0.0,12.5,1.19,0.0,5.33,2.0,0.75,0.19,1.81,0.0,0.0,0.51,0.38,0
0.0,0.0,1.0,0.0,0.0,1.69,1.24,28.43,1.0,0.48,0.48,2.08,0.24,9.91,1.0,0.24,1.52,2.0,0.85,0.48,1.24,0.0,0.0,1.0,0.0,0
0.0,0.57,1.0,0.0,0.0,0.28,1.0,23.84,1.0,0.94,0.0,1.67,0.0,0.0,1.89,0.17,2.0,0.94,0.74,0.0,0.0,0.0,0.0,0.98,0.0,0
0.0,0.0,1.0,0.28,0.0,0.72,1.28,40.05,1.0,2.13,5.0,0.58,0.0,76.56,1.56,0.0,6.79,1.28,2.49,0.72,0.72,0.0,0.28,0.86,1.0,0
2.01,0.0,1.0,0.4,1.21,0.0,1.8,25.65,1.4,0.6,2.01,1.17,0.0,30.95,3.6,5.63,0.4,1.0,7.44,0.8,2.6,0.0,4.59,0.86,1.0,0
0.0,0.0,1.0,0.48,0.0,0.48,1.48,33.75,1.0,1.43,3.81,1.37,0.0,41.4,1.95,0.0,6.28,1.52,1.37,0.48,1.0,0.0,0.0,0.94,0.0,0
0.0,1.75,1.0,0.0,0.0,0.0,1.0,20.73,1.0,0.0,0.87,1.41,0.0,0.0,3.46,0.27,0.67,0.87,1.3,0.87,0.87,0.0,0.0,0.68,0.0,0
0.0,4.98,1.0,0.38,0.0,4.7,1.62,53.02,1.0,1.23,2.77,0.92,0.62,49.05,1.0,0.62,0.38,2.0,4.1,1.62,1.62,0.0,0.0,0.85,0.0,0
0.0,0.0,1.0,0.86,0.0,0.0,2.0,112.98,1.27,3.14,8.18,0.29,0.0,86.82,2.0,0.14,16.55,2.0,3.84,0.0,1.0,0.0,0.86,0.63,0.0,1
0.0,0.96,1.0,0.0,0.0,2.09,1.0,39.51,1.0,0.0,0.0,1.99,0.52,0.0,1.57,0.96,2.09,0.52,1.82,0.48,0.52,0.0,0.0,1.0,0.0,0
0.0,0.0,1.0,0.0,0.85,0.44,1.85,21.75,1.0,0.85,0.85,0.55,0.0,35.89,2.71,0.0,0.85,1.15,2.03,0.0,0.85,0.0,0.0,0.79,0.85,0
0.0,0.37,1.0,0.0,0.0,4.45,1.0,52.35,1.0,0.0,0.55,2.03,0.82,11.01,2.63,1.63,1.63,1.37,5.09,4.27,1.0,0.0,0.0,0.91,0.0,0
2.18,0.0,1.0,2.18,0.0,2.18,2.09,38.06,1.0,0.54,0.0,1.32,0.54,28.86,1.54,0.0,1.46,1.46,2.33,0.54,1.0,0.0,108.37,1.0,0.0,0
0.36,0.0,1.0,1.0,0.36,4.47,2.28,32.19,1.0,1.28,3.72,0.59,2.55,35.14,2.0,1.92,3.28,1.72,7.15,1.92,2.28,0.64,0.0,0.8,0.0,0
0.0,0.0,1.0,0.0,0.0,2.45,2.02,36.18,1.0,0.0,2.04,1.21,0.49,19.85,1.98,0.98,0.98,1.0,16.4,3.47,1.0,0.0,0.0,0.72,1.02,0
1.66,0.0,1.83,0.83,0.0,0.0,2.83,23.01,1.0,0.68,4.18,0.21,0.0,66.39,2.0,0.0,0.51,1.17,3.13,0.17,1.0,0.0,0.0,0.54,0.0,0
0.0,0.0,1.0,0.0,0.0,4.0,1.0,61.0,1.0,0.0,0.0,1.88,1.0,0.0,3.0,0.0,4.0,1.0,2.57,0.0,1.0,0.0,0.0,0.86,0.0,0
0.0,0.0,1.0,0.96,0.0,3.28,1.24,66.25,1.0,0.24,3.58,1.5,1.0,21.01,4.04,0.0,5.19,1.24,3.59,0.24,1.0,0.0,0.0,0.89,0.48,0
0.52,0.52,1.0,1.03,0.0,0.52,1.52,38.68,3.06,1.55,10.25,0.39,0.0,70.1,1.0,0.0,10.82,2.0,2.5,0.52,1.0,0.0,0.0,0.76,1.03,0
0.0,2.61,1.0,2.84,0.0,1.29,1.71,71.41,1.0,0.71,10.65,0.75,0.71,62.5,1.29,0.29,6.39,1.71,4.84,0.71,0.71,0.0,0.0,0.64,1.42,0
0.71,0.0,1.0,1.0,0.0,0.0,2.0,89.6,1.0,3.71,8.29,0.22,0.0,85.47,2.0,0.71,14.41,2.35,3.92,0.0,0.65,0.0,11.58,0.72,0.35,1
3.43,1.26,1.0,0.69,2.06,0.0,2.37,32.45,1.69,0.0,3.43,0.89,0.0,52.78,2.06,9.6,1.0,0.69,13.0,1.69,1.37,0.0,0.69,0.8,0.69,0
0.0,0.0,1.0,0.99,0.0,0.0,1.99,29.9,1.0,4.96,4.95,0.14,0.0,77.17,3.0,0.0,18.84,1.99,3.72,0.02,0.03,0.0,0.99,0.52,0.99,1
0.0,0.0,1.0,0.0,0.0,0.0,1.0,18.69,1.0,0.1,0.0,2.24,0.0,0.0,1.21,0.0,2.1,1.9,0.42,0.42,1.42,0.0,0.0,1.0,0.0,0
0.0,0.0,1.0,1.01,0.0,0.0,1.34,16.0,1.0,0.66,1.35,0.76,0.34,20.95,2.32,0.0,2.66,1.34,3.46,2.65,3.65,0.0,0.0,1.0,0.0,0
1.53,0.0,1.0,0.13,0.0,0.4,2.13,24.43,3.6,1.0,2.53,0.2,0.0,51.72,1.87,0.87,4.06,2.0,1.83,0.27,1.0,0.0,0.0,0.89,1.0,0
0.0,0.0,1.0,0.39,0.0,0.19,2.0,27.61,1.19,3.22,8.06,0.21,0.19,78.69,2.0,0.0,3.0,2.0,2.19,0.81,0.81,0.0,11.25,0.78,0.0,0
0.0,0.0,1.0,1.0,0.0,0.0,1.06,21.57,1.0,0.32,0.32,2.46,0.0,98.61,2.06,0.0,1.2,1.06,3.98,3.75,0.94,0.0,0.06,0.5,0.06,0
0.0,1.74,1.0,0.0,0.0,0.66,1.0,21.02,1.0,0.0,0.0,2.61,0.13,0.0,0.4,2.0,0.26,0.13,1.58,1.53,0.13,0.0,0.0,1.0,0.0,0
0.57,1.29,1.0,0.57,0.57,1.72,1.0,31.58,1.0,0.0,2.85,2.69,0.0,43.31,1.14,0.43,1.14,1.71,4.08,0.0,0.57,0.0,0.0,0.63,0.0,0
1.41,0.0,1.0,0.7,0.0,2.78,1.3,43.94,3.81,1.3,4.11,0.52,1.0,61.38,1.7,0.3,4.22,2.0,2.53,0.59,0.59,0.0,0.0,0.65,1.41,0
0.0,0.75,1.0,0.25,0.0,5.0,1.0,35.7,1.0,0.0,0.0,4.88,1.24,3.98,1.24,0.25,0.25,0.25,1.0,1.0,0.75,0.0,5.97,0.79,0.0,0
0.22,0.04,1.96,1.15,0.11,0.15,2.0,56.98,2.18,3.66,4.19,0.18,0.0,67.13,2.93,0.07,15.64,2.26,3.41,0.96,0.96,0.0,0.4,0.48,0.04,1
0.0,0.0,1.0,0.0,0.83,0.0,1.83,23.49,1.83,4.32,2.49,0.4,0.0,66.44,2.17,0.0,1.51,1.83,2.19,1.17,1.34,0.0,0.0,0.84,1.66,0
0.0,0.0,1.0,0.83,0.0,0.0,2.17,108.79,1.0,2.49,8.16,0.28,0.0,80.57,1.83,0.0,15.8,1.83,8.07,0.34,1.0,0.0,0.83,0.57,0.34,1
0.0,0.0,1.0,0.74,0.0,1.05,1.0,35.93,1.0,0.74,0.0,1.55,0.26,73.74,5.0,0.0,1.79,1.0,1.41,0.0,1.74,0.0,0.0,0.99,0.0,0
0.7,0.7,1.0,1.4,0.0,1.6,1.7,48.58,3.8,2.1,12.59,0.75,0.0,62.25,1.3,0.0,15.29,1.7,1.96,0.7,1.9,0.0,0.0,0.66,1.7,0
0.0,0.0,1.0,0.08,0.0,7.08,1.92,58.83,1.0,1.83,1.83,1.11,1.33,38.92,1.33,1.0,0.08,1.92,3.29,1.92,2.08,0.0,1.99,0.99,0.0,0
0.0,0.0,1.0,0.69,0.0,0.0,1.0,17.37,1.69,0.31,2.06,0.57,0.0,48.72,1.63,0.0,1.63,1.69,2.55,1.94,1.57,0.0,0.0,0.8,0.0,0
0.0,0.52,1.0,0.0,0.0,1.06,1.0,43.94,1.0,0.94,4.71,0.84,0.0,71.61,1.06,0.06,1.88,1.0,1.88,0.94,0.94,0.0,0.0,0.96,0.94,0
0.11,0.0,1.05,0.05,0.0,0.0,2.05,27.68,1.0,3.79,9.63,0.19,0.0,86.63,2.0,0.0,2.84,1.95,1.88,0.95,1.0,0.0,0.0,0.71,0.0,0
0.0,0.0,1.0,0.0,0.0,2.54,1.36,34.4,1.0,0.72,1.36,1.37,0.36,14.85,2.91,0.36,0.0,1.36,2.12,1.36,1.36,0.0,0.0,0.76,0.0,0
0.0,0.0,1.0,0.0,0.27,2.19,1.27,21.46,1.0,0.27,0.27,1.56,0.0,11.36,2.27,0.0,1.73,1.0,0.58,0.0,3.19,0.0,0.0,0.93,1.0,0
0.0,0.0,1.39,0.0,0.0,0.0,1.58,20.81,1.0,0.0,0.81,1.31,0.39,0.0,3.61,0.0,0.0,1.0,1.27,0.81,1.39,0.0,0.0,0.7,0.0,0
0.0,0.0,1.0,0.0,0.0,5.11,2.0,59.14,1.0,1.24,2.38,0.95,0.62,48.57,1.38,0.62,1.89,1.62,2.93,1.24,1.62,0.0,0.0,0.83,0.0,0
0.0,9.0,1.0,0.0,0.0,0.0,1.0,20.54,1.0,0.31,0.0,0.73,0.0,0.0,0.62,1.38,4.08,0.31,1.01,0.0,0.31,0.0,0.0,0.94,0.0,0
0.0,0.0,1.0,0.0,0.0,2.72,1.64,47.6,1.0,0.0,1.28,1.37,0.68,12.44,2.36,0.0,2.72,1.0,10.36,0.64,1.0,0.0,0.0,0.73,0.64,0
0.0,0.0,1.0,0.0,0.0,4.91,1.0,57.88,1.0,0.03,0.03,1.14,0.97,0.0,2.03,0.0,3.91,1.0,2.52,0.03,1.03,0.0,0.0,1.0,0.0,0
0.0,0.0,1.0,1.56,0.61,0.39,1.39,49.39,1.61,6.5,13.78,0.18,0.39,90.44,1.0,0.0,4.72,2.0,3.54,0.39,1.0,0.0,0.0,0.79,1.39,0
0.18,0.0,1.0,0.0,0.0,0.0,2.0,23.1,3.18,3.46,2.82,0.26,0.0,68.87,2.0,1.0,1.36,2.0,1.42,0.0,1.0,0.0,0.0,0.89,0.18,0
0.0,0.0,1.0,0.0,0.0,4.75,1.0,59.51,1.0,0.0,0.0,1.21,1.0,0.0,2.25,0.0,4.25,1.0,2.57,0.0,1.0,0.0,0.0,0.88,0.25,0
0.0,2.85,1.0,0.0,0.0,0.95,2.9,33.7,1.95,4.75,1.0,0.2,0.95,70.51,2.9,1.15,0.15,2.05,2.4,1.0,0.95,0.0,0.0,0.99,0.0,0
0.0,0.0,1.0,0.38,0.0,0.0,1.0,19.87,1.38,0.62,1.13,1.08,0.0,26.67,1.62,0.0,1.62,1.38,1.13,0.38,0.0,0.0,0.0,0.89,0.0,0
0.0,0.0,1.0,0.0,0.0,0.0,1.0,19.13,1.0,0.0,0.0,2.23,0.0,0.0,1.0,0.13,3.61,2.0,0.0,0.0,0.93,0.0,0.0,0.98,0.0,0
0.0,0.0,1.0,0.0,0.0,4.55,1.0,29.67,1.0,0.0,0.0,2.59,0.0,0.0,1.0,0.0,3.11,2.0,0.3,0.0,1.55,0.0,0.0,0.52,0.0,0
0.0,0.0,1.0,1.0,0.0,0.67,2.0,43.48,1.0,3.65,7.02,0.21,0.0,84.07,3.0,0.0,13.61,1.33,3.16,0.67,0.67,0.0,0.33,0.76,0.33,0
0.4,0.0,1.0,1.59,0.0,1.0,1.4,36.47,1.79,0.6,3.02,0.59,0.0,82.74,1.4,0.0,3.59,1.4,1.6,0.6,1.0,0.0,0.0,0.82,1.0,0
0.0,0.34,1.0,0.0,0.0,0.45,1.0,22.58,1.0,0.0,0.89,1.99,0.0,0.0,3.55,0.11,0.0,0.89,1.41,0.89,0.89,0.0,0.0,0.63,0.0,0
0.0,0.79,1.61,0.61,0.0,0.79,1.61,34.11,1.61,1.82,2.39,0.52,0.0,63.63,2.21,0.0,8.47,2.39,3.5,1.0,1.0,0.0,0.0,0.5,0.0,0
0.0,0.15,1.0,0.0,0.95,0.2,1.95,20.75,1.0,0.95,0.95,0.66,0.0,39.9,2.85,0.05,0.95,0.95,2.14,0.0,0.95,0.0,0.0,0.83,0.95,0
0.0,1.99,1.0,0.0,0.0,0.0,1.0,16.46,1.0,0.0,0.85,1.09,0.0,0.0,0.85,0.31,1.61,1.69,1.29,0.85,0.85,0.0,0.0,0.84,0.0,0
0.0,0.0,1.0,0.3,0.0,0.0,1.0,21.39,1.0,0.3,0.0,2.05,0.0,29.87,1.9,0.0,1.7,1.7,0.3,0.0,1.3,0.0,0.0,1.0,0.0,0
0.0,3.92,1.0,0.02,0.0,0.08,1.0,16.08,1.0,0.0,0.0,2.28,0.04,0.0,0.06,0.0,1.02,0.02,1.0,1.0,0.14,0.0,0.0,0.99,0.0,0
0.0,0.0,1.0,0.0,0.0,0.0,1.0,22.07,1.0,0.0,3.13,0.77,0.0,50.0,1.1,0.0,0.1,1.9,2.66,0.0,1.0,0.0,0.0,1.0,0.0,0
0.0,0.0,1.0,0.0,0.0,2.05,1.0,42.92,1.0,0.49,0.0,1.23,0.51,0.0,2.51,0.0,3.02,1.0,1.74,0.0,1.0,0.0,0.0,0.83,0.0,0
0.0,0.11,1.0,0.0,0.0,3.89,1.0,59.79,1.0,0.0,0.0,1.92,0.97,0.0,4.87,0.0,3.92,0.97,2.53,0.03,0.97,0.0,0.0,0.95,0.0,0
0.0,0.0,1.0,0.0,0.0,1.19,1.0,42.86,1.0,0.9,4.52,0.83,0.0,68.77,1.0,0.0,1.81,1.1,1.94,0.9,0.9,0.0,0.0,0.94,0.9,0
0.0,0.0,1.0,0.54,0.46,0.0,1.46,25.63,1.46,2.82,1.37,0.78,0.0,90.89,3.09,0.0,1.0,1.46,1.56,0.46,1.54,0.0,0.0,0.94,0.91,0
0.0,0.0,1.0,0.39,0.0,0.0,1.0,20.28,1.0,1.0,0.0,1.59,0.0,38.87,4.0,0.0,0.39,1.0,0.39,0.0,2.61,0.0,4.28,0.98,0.61,0
1.67,0.0,1.84,0.84,0.0,0.0,2.67,21.84,1.0,0.0,2.51,0.87,0.0,51.85,1.67,0.16,0.16,0.84,3.01,0.16,0.84,0.0,0.0,0.58,0.0,0
0.0,0.0,1.63,0.63,1.0,-3.15,2.63,-0.15,1.63,2.89,2.26,-0.22,-0.63,83.57,3.63,0.0,7.3,1.63,2.64,0.63,1.0,0.0,0.0,0.51,1.0,0
0.0,0.0,1.0,0.83,0.0,4.0,1.83,60.17,1.0,-0.83,2.48,0.54,1.0,46.3,1.35,0.0,1.52,1.0,4.43,0.0,-0.65,0.0,0.0,1.25,0.0,0
0.0,0.0,1.0,0.0,0.0,-3.42,3.68,-4.97,2.37,2.74,6.05,-0.38,-0.68,89.0,1.0,0.68,-2.05,1.68,26.21,2.0,1.0,0.0,0.0,0.37,2.0,0
0.0,0.0,2.0,1.84,0.0,-3.35,2.0,-1.49,2.0,3.84,2.0,-0.36,-0.84,149.81,3.84,0.0,11.49,2.0,2.04,1.0,1.84,0.0,0.0,0.6,0.0,0
4.49,0.0,1.0,1.9,2.69,4.0,2.8,41.55,1.9,0.0,3.59,0.87,2.0,69.13,4.8,12.57,2.0,0.1,16.41,1.9,7.9,0.0,0.9,0.41,0.9,0
0.0,0.0,1.0,1.0,-0.65,12.55,1.0,106.99,0.35,-1.95,0.0,0.95,6.3,-14.55,5.0,1.0,1.0,0.35,1.79,1.0,5.6,0.0,24.0,0.77,-0.65,0
0.0,0.0,1.0,0.0,0.0,0.0,1.88,31.54,1.0,4.51,7.91,0.67,0.0,77.32,3.88,0.0,5.76,1.0,2.4,2.0,3.0,0.0,0.0,0.62,0.0,0
2.0,0.0,1.0,1.0,0.77,1.0,1.0,31.84,5.0,-1.31,-1.93,0.41,1.0,34.59,2.77,0.0,4.46,1.23,2.39,-0.77,0.0,0.0,0.0,0.59,2.77,0
0.0,0.0,1.0,0.0,0.0,1.5,1.0,25.5,1.0,1.0,0.0,0.32,0.0,0.0,2.5,0.0,2.0,0.5,0.88,0.0,2.5,0.0,0.0,0.79,0.5,0
0.0,9.0,1.0,0.0,0.0,-4.41,1.0,-16.79,2.26,1.26,0.0,1.37,-1.26,25.19,0.0,2.63,0.0,0.63,0.83,0.37,-2.52,0.0,0.0,1.13,0.37,0
0.0,0.0,1.0,1.0,0.0,-0.53,1.0,43.99,1.0,1.0,0.0,0.89,0.53,100.0,6.06,0.0,1.0,0.47,2.37,0.0,1.47,0.0,0.0,1.17,0.0,0
0.0,0.0,1.0,0.0,0.0,7.0,2.0,51.31,1.0,2.0,1.04,0.55,1.0,0.87,1.0,-0.91,21.98,1.04,-0.0,1.04,2.0,0.0,0.0,0.96,0.0,0
0.0,0.0,1.0,0.0,0.0,2.13,0.29,23.83,1.0,-1.83,-7.09,2.44,0.0,-62.36,2.29,0.0,1.87,1.0,1.68,1.29,2.29,0.0,0.0,0.53,0.0,0
3.8,0.0,0.05,6.65,2.85,8.75,1.0,125.63,0.05,-2.85,0.95,2.73,1.0,13.31,1.1,0.0,-1.7,0.05,5.18,0.0,1.0,0.0,0.0,1.45,0.0,0
2.0,0.0,1.0,2.29,0.0,0.64,2.64,24.22,1.64,5.0,7.0,0.2,0.64,104.76,2.64,0.71,-8.81,3.0,5.78,0.0,0.0,0.0,68.36,1.14,1.0,0
0.0,0.94,1.0,0.0,0.0,7.78,-0.89,66.67,1.0,0.0,-3.78,7.61,1.0,-36.83,4.06,0.0,4.0,0.06,-21.98,-0.94,0.06,0.0,0.0,1.21,-1.89,0
0.0,0.51,1.0,0.0,0.0,0.0,1.0,-2.38,1.0,0.0,3.0,2.6,-0.51,44.0,-0.53,0.0,-2.04,0.49,12.53,1.51,0.49,0.0,0.0,0.94,0.0,0
0.0,0.0,1.0,1.0,0.0,1.42,2.2,-20.25,1.0,1.2,0.61,1.78,2.4,-14.33,3.6,3.0,3.2,1.0,5.25,2.2,1.4,1.0,5.58,1.16,0.0,0
0.0,0.0,1.0,1.0,0.0,0.0,1.0,14.01,1.0,0.0,-1.0,2.48,0.0,58.05,2.0,-3.0,0.0,0.0,1.72,3.0,2.0,0.0,0.0,0.44,0.0,0
0.0,0.0,1.0,0.0,0.0,4.0,1.0,64.51,1.0,-0.5,0.0,1.79,1.0,0.0,2.5,0.0,4.0,1.5,2.99,0.0,0.5,0.0,0.0,0.63,1.0,0
0.0,0.0,1.0,1.0,-0.96,1.93,1.96,57.81,0.04,-8.64,-9.64,2.31,0.0,70.11,5.96,0.0,3.89,0.04,1.52,0.0,1.0,0.0,0.0,0.24,-0.96,0
0.0,0.0,1.0,0.0,0.41,2.93,0.41,30.93,1.41,7.07,11.24,1.77,0.0,45.14,0.41,0.0,3.76,2.0,0.15,-0.59,1.59,0.0,0.0,0.65,-0.17,0
0.0,10.0,1.0,0.0,0.0,5.0,1.0,71.0,1.0,0.0,0.0,4.44,0.0,0.0,0.0,3.0,2.0,0.0,1.9,0.0,0.0,0.0,0.0,0.62,0.0,1
0.0,0.0,1.0,-0.67,0.0,2.0,1.0,17.66,1.0,1.0,1.0,1.16,0.0,-66.84,0.99,0.0,1.67,1.0,0.78,1.0,1.33,0.0,0.0,1.32,0.0,0
0.0,4.9,1.0,0.0,1.0,0.0,3.0,-0.43,1.0,2.0,-7.08,-0.47,0.0,-27.25,0.91,1.09,2.46,0.46,-1.93,0.54,0.46,0.0,0.0,0.93,3.54,0
6.0,2.76,1.0,5.0,3.0,4.0,2.0,848.0,7.0,20.12,62.0,2.23,0.0,97.0,-1.64,3.76,56.36,8.12,2.09,-2.64,-4.4,0.0,11.0,0.53,1.0,1
0.0,0.66,1.0,0.0,1.0,2.62,1.34,24.66,0.69,2.38,1.03,4.1,0.0,32.14,0.69,-0.66,0.34,0.69,1.96,1.66,0.34,0.0,0.0,0.78,2.0,0
0.0,2.0,1.0,0.0,0.0,-2.5,2.0,8.96,1.0,4.0,10.0,0.21,-0.5,88.0,0.5,-1.0,2.5,1.5,-0.41,-1.0,0.5,0.0,0.0,0.72,0.0,0
5.0,0.0,1.0,1.0,0.0,3.0,3.0,17.8,1.0,1.75,-2.29,-0.32,0.0,100.68,2.51,0.0,11.75,2.0,1.52,4.26,1.75,0.0,0.0,-0.04,1.0,0
0.0,0.0,1.0,0.78,1.0,7.77,3.55,34.88,1.0,2.0,0.0,-1.31,7.77,0.0,5.11,0.0,0.45,0.22,2.44,2.33,13.43,0.78,0.78,0.99,0.78,0
-1.33,0.0,1.0,0.66,0.0,3.32,1.0,69.06,1.0,-2.32,-2.65,1.46,0.0,-1.33,2.34,-1.33,3.0,-0.33,4.02,4.66,5.66,0.0,-17.24,0.91,-0.66,0
43.11,0.0,1.0,43.06,173.0,4.72,0.06,158.55,30.0,23.28,139.39,2.67,0.0,23.44,1.06,-1.89,26.11,0.06,-0.72,0.0,2.89,0.0,-29.26,0.61,-0.94,0
-1.0,0.0,1.0,0.5,0.0,9.51,2.5,38.02,1.0,-0.51,-0.52,2.15,4.0,-27.68,1.5,2.0,3.0,0.5,6.32,3.0,4.0,1.0,-15.57,0.69,-0.5,0
2.0,0.0,1.0,0.01,0.0,0.0,2.0,68.46,1.0,4.01,19.85,1.17,0.0,29.56,-0.97,2.0,6.0,3.0,9.28,0.0,-0.99,0.0,31.0,0.93,1.0,0
1.0,0.0,1.0,4.0,-0.72,1.72,1.28,34.37,3.0,-0.72,3.6,0.6,0.0,147.78,1.28,0.0,6.0,2.0,2.36,0.72,1.0,0.0,0.0,0.72,1.72,0
0.0,3.0,1.0,-0.96,0.96,-3.68,1.0,-3.38,1.96,9.59,12.47,5.27,-4.8,72.92,-3.84,0.04,0.96,0.96,2.44,-0.96,-1.92,0.0,-23.03,0.55,0.96,0
0.0,4.0,1.0,-0.89,0.0,-13.37,-0.78,2.63,1.0,0.0,0.0,3.78,-8.91,0.0,-3.56,0.0,1.0,0.89,-1.67,-1.67,-15.15,-0.89,-0.89,1.18,-0.89,0
0.0,0.0,1.0,0.0,0.0,0.88,1.0,41.53,1.0,-0.75,2.63,0.62,0.0,7.89,2.0,0.0,-5.01,0.12,0.12,0.88,1.88,0.0,-0.88,1.12,-0.88,0
1.85,0.0,1.0,-0.92,0.0,-4.61,1.0,-52.8,1.0,4.61,3.69,-0.05,0.0,1.85,1.92,2.85,3.0,3.85,1.4,-0.92,0.08,0.0,23.99,0.79,0.92,0
1.0,0.0,1.0,4.0,0.0,4.49,0.6,52.96,3.0,0.0,-2.8,0.97,0.7,65.74,2.7,0.0,8.8,2.0,-16.07,-1.4,1.0,0.0,0.0,0.95,-0.4,0
1.83,0.0,1.92,0.92,0.0,0.0,2.83,26.49,1.0,0.0,1.83,3.36,0.0,56.75,0.92,1.0,0.08,-0.92,2.89,0.08,0.0,0.0,0.0,0.72,0.0,0
0.0,8.2,1.0,0.63,1.0,0.63,2.0,39.14,2.0,5.0,5.52,0.15,0.0,119.11,2.0,-0.63,-0.26,2.0,4.52,1.63,1.0,0.0,0.0,0.83,2.0,0
0.0,0.0,1.0,0.0,0.73,0.0,1.0,29.71,1.73,6.53,9.43,-0.48,0.0,66.77,-0.45,2.0,25.27,2.73,-1.79,-2.9,-2.9,0.0,0.0,0.57,0.73,0
0.53,0.53,1.0,1.06,0.0,0.53,1.53,51.75,3.13,1.6,9.58,0.99,0.0,47.34,1.0,-0.53,9.58,2.0,2.45,0.53,0.0,0.0,0.0,0.93,1.06,0
0.0,-5.04,1.0,0.0,1.0,1.68,1.0,34.17,2.0,10.0,13.0,0.24,0.56,92.0,1.56,0.56,3.12,2.0,4.48,2.8,1.56,0.0,0.0,1.13,1.0,0
0.0,0.0,1.0,0.0,0.0,3.0,1.0,67.24,1.0,0.0,8.48,2.76,0.0,32.63,1.65,-0.65,-1.31,1.35,4.97,0.0,0.0,0.0,0.0,0.71,0.0,0
-3.26,2.0,1.0,-0.65,-1.96,0.0,-0.3,3.61,0.35,0.65,-3.26,3.49,0.0,-50.21,0.0,-7.13,1.96,0.0,-9.76,1.0,0.65,0.0,-0.65,0.99,-0.65,0
0.0,-5.41,1.0,0.0,1.0,0.6,3.0,42.81,1.0,2.6,3.0,-0.37,0.0,45.65,2.6,-1.2,4.2,1.6,0.67,0.0,1.6,0.0,0.0,0.95,3.0,0
0.0,0.0,1.0,-0.4,0.0,5.0,2.0,110.6,1.0,3.2,7.8,0.72,-0.8,97.8,1.8,0.0,6.8,1.0,2.89,1.8,1.0,0.0,5.0,0.57,0.0,1
0.0,0.0,1.0,0.69,1.0,-4.83,1.31,-19.3,1.0,0.31,-1.07,1.04,-1.38,88.2,5.07,0.0,1.0,1.0,0.46,-0.69,-1.07,0.0,0.0,1.1,0.31,0
-1.36,6.8,0.32,-0.68,1.0,3.4,0.64,57.3,2.0,5.0,0.96,3.05,0.0,37.87,0.64,2.04,2.36,1.32,1.21,1.0,0.32,0.0,0.0,0.95,2.0,0
0.0,0.0,1.0,0.68,0.0,0.28,1.0,-1.78,1.0,0.68,0.0,2.28,-0.68,67.96,3.36,0.0,-0.72,1.0,-1.07,0.0,4.0,0.0,0.0,0.96,0.32,0
0.0,0.0,1.0,1.99,-0.99,15.84,2.99,59.89,0.01,-1.95,5.03,0.77,9.89,7.85,5.97,0.0,11.99,0.01,3.64,2.98,17.82,0.99,0.99,0.81,-0.99,0
0.0,0.0,1.0,1.82,-0.61,0.0,1.0,18.57,1.0,0.39,1.82,1.44,0.61,12.13,0.79,0.0,2.61,1.61,0.82,0.0,0.0,0.0,0.0,1.1,-0.61,0
0.0,0.0,1.0,0.0,0.0,0.0,1.0,13.44,1.0,0.0,3.02,-0.0,0.0,72.5,-0.53,0.0,0.0,2.0,8.3,0.0,1.0,0.0,0.0,1.19,0.0,0
0.0,0.0,1.0,0.97,0.0,0.0,1.0,31.69,1.0,0.97,-2.92,5.08,0.0,54.43,2.92,1.0,1.97,0.0,-10.99,0.03,0.97,0.0,0.0,1.0,0.0,0
0.63,0.0,1.0,0.0,1.0,-1.89,2.63,22.11,3.89,5.63,4.26,-0.96,0.0,111.58,2.0,0.63,1.63,2.63,3.13,1.0,-0.89,0.0,0.0,0.87,2.0,0
-31.86,0.0,1.0,-31.36,-130.18,0.0,2.0,-72.31,-20.82,-15.32,-102.86,1.15,0.0,80.5,4.26,2.0,-14.32,3.0,2.27,0.0,0.75,0.0,31.0,0.93,1.0,0
0.0,0.0,1.0,-0.53,0.53,0.0,3.53,20.59,1.53,2.65,5.59,-1.08,0.0,28.4,1.0,0.0,0.53,1.53,26.06,0.41,1.0,0.0,0.0,0.65,3.06,0
1.0,1.12,-0.12,1.0,1.0,0.0,-0.68,26.76,1.0,0.0,5.0,1.51,-1.12,76.0,0.88,1.12,2.0,2.44,5.65,0.56,-0.68,0.0,0.0,0.63,0.0,0
38.3,0.0,1.0,35.75,147.24,-4.26,0.15,73.56,25.68,23.83,121.71,0.53,0.0,17.87,1.85,0.0,18.72,2.0,0.91,-0.85,0.0,0.0,-4.26,1.17,0.0,0
32.74,0.0,1.0,28.12,109.63,0.0,3.0,120.13,19.87,17.26,94.37,-0.66,0.0,137.4,1.77,14.0,18.26,1.0,19.18,1.38,2.0,0.0,1.0,0.94,1.0,0
-1.54,1.54,0.23,0.23,0.0,1.54,0.46,47.7,1.0,5.0,5.0,0.78,0.0,76.46,2.23,0.0,19.0,3.54,3.99,0.77,0.0,0.0,1.0,0.55,1.0,1
0.0,0.0,1.0,0.0,0.0,0.22,1.0,17.15,1.0,0.0,0.93,1.17,0.0,0.0,1.0,0.0,0.93,2.0,1.33,0.93,0.93,0.0,0.0,0.78,0.0,0
0.0,0.0,1.0,2.0,0.0,15.44,2.7,103.78,1.0,-3.48,-0.48,1.2,6.96,22.7,2.39,0.0,-5.83,0.3,2.86,3.09,13.53,0.7,5.0,0.99,0.0,0
0.0,0.0,1.0,0.0,0.0,0.52,1.87,28.85,2.74,3.48,2.61,0.88,0.13,63.43,2.13,0.87,0.52,1.87,1.57,0.0,1.0,0.0,0.0,1.15,-0.87,0
-2.62,0.0,1.0,-2.62,-1.97,-2.62,1.0,8.13,1.0,0.66,9.87,0.02,0.66,55.25,1.0,0.0,0.66,2.66,2.64,0.0,1.0,0.0,0.0,0.8,1.31,0
1.16,0.0,1.0,-5.73,-2.88,-1.81,2.04,-5.36,1.0,1.96,3.12,0.52,0.0,82.22,3.88,0.0,4.27,2.0,-0.36,1.04,1.96,0.0,0.0,0.33,1.0,0
0.0,0.0,1.0,1.0,0.0,2.84,2.0,158.92,1.0,3.0,6.87,0.99,0.71,57.79,3.42,0.0,21.84,2.0,-3.41,-0.71,1.0,0.0,1.0,0.6,0.0,0
2.0,0.0,1.0,1.64,-0.64,1.0,-0.28,30.97,5.64,-0.28,6.92,0.45,1.0,115.37,1.36,0.0,4.72,2.64,2.85,0.64,-0.64,0.0,0.0,0.35,0.08,0
-3.95,1.58,1.0,0.21,0.0,-0.79,0.42,115.15,1.0,2.21,6.63,0.93,0.0,86.63,2.0,0.0,10.31,2.79,3.59,-0.79,1.0,0.0,1.0,0.76,-0.79,1
1.13,2.15,1.0,1.13,0.0,1.85,3.0,39.67,1.72,3.87,0.72,0.25,1.0,66.61,2.72,0.72,0.28,1.72,2.89,1.0,1.0,0.0,56.44,1.0,0.0,0
5.95,0.0,1.0,1.0,0.0,2.05,3.95,36.33,3.84,1.0,3.16,-0.28,0.0,38.39,1.95,0.95,11.95,2.95,3.99,1.05,1.0,0.0,0.0,0.32,1.0,0
0.0,3.0,2.26,-0.63,0.0,-1.53,4.9,34.0,2.0,5.0,1.0,-0.54,1.0,72.0,2.37,1.0,-1.26,2.0,2.33,0.37,-1.53,0.0,0.0,1.32,0.0,0
0.0,1.46,1.0,-0.73,0.0,1.46,0.27,46.19,1.0,0.0,1.0,1.15,0.0,44.91,1.0,4.0,2.27,4.46,3.33,0.27,0.0,0.0,0.0,0.39,0.0,0
0.0,0.0,1.0,0.0,0.0,6.15,2.59,82.91,1.0,1.18,4.18,-1.16,0.59,85.28,2.59,0.0,4.41,2.18,3.48,0.59,2.18,0.0,0.0,0.55,0.0,0
-2.8,0.0,1.0,0.2,0.7,-2.8,1.3,-0.11,1.0,0.7,4.0,0.25,0.3,24.87,1.0,0.0,2.7,2.0,-0.52,-0.7,1.0,0.0,-139.4,0.84,0.0,0
0.0,0.0,1.0,0.0,1.0,-3.07,2.0,0.25,1.0,2.0,0.77,0.07,-0.77,0.0,1.23,0.0,-1.07,1.0,-0.84,0.77,1.0,0.0,0.0,0.53,0.0,0
3.56,0.59,1.0,3.38,1.78,10.38,1.0,552.07,3.38,11.88,35.64,1.08,5.0,34.41,4.41,2.19,29.51,5.16,1.47,0.41,2.41,0.0,30.53,0.97,-0.59,0
0.0,3.0,-0.55,0.0,0.0,4.0,-1.33,31.9,1.0,0.0,0.78,6.3,-1.55,0.0,-0.78,1.0,0.78,0.78,2.26,0.78,-1.55,0.0,0.0,0.47,0.0,0
3.98,13.66,1.0,3.65,1.99,-6.29,0.34,584.56,4.98,13.92,45.1,0.59,-6.63,126.3,-1.65,1.33,38.78,7.3,6.21,-0.99,-10.93,-0.66,6.63,0.43,0.0,1
0.0,0.0,1.0,0.0,0.0,-7.78,0.44,29.9,1.0,2.67,4.45,1.24,-5.56,48.37,1.89,0.0,9.0,1.0,1.93,0.89,-6.45,-0.56,-0.56,0.74,-0.56,0
-1.88,0.0,1.0,-2.88,0.72,-2.88,2.0,0.98,4.0,1.72,2.0,-0.08,-0.72,11.79,2.0,1.0,4.44,2.0,-1.14,-0.72,1.0,0.0,-143.46,0.94,3.16,0
0.0,9.06,1.0,-2.09,0.0,0.0,0.3,-7.47,1.0,0.3,-5.66,1.99,-0.7,81.89,4.0,0.0,-3.57,1.0,1.77,3.0,2.0,0.0,0.0,0.45,-1.39,0
0.0,-5.97,1.0,1.33,0.0,3.32,1.66,74.08,1.0,1.0,1.99,1.04,0.0,51.09,2.66,-1.33,5.98,1.66,1.51,0.0,0.66,0.0,3.32,0.88,-0.66,0
3.71,13.0,1.0,6.49,2.78,4.64,1.93,82.06,1.0,-0.93,2.78,0.46,0.0,-18.55,-3.71,2.0,11.49,0.0,5.81,0.93,-0.93,0.0,0.0,1.0,0.0,0
0.0,1.0,1.0,0.0,0.0,1.65,1.0,0.37,1.0,0.0,0.0,6.53,-0.59,0.0,-2.35,0.0,-1.17,0.59,-0.51,1.0,0.0,0.0,0.0,0.77,0.0,0
0.0,-5.0,1.0,0.0,1.0,-1.0,2.0,-4.52,1.0,1.0,1.0,-0.83,0.0,42.0,4.0,-1.5,1.0,1.5,1.19,0.0,3.0,0.0,0.0,1.01,1.5,0
1.0,0.0,1.0,1.0,1.52,-2.07,1.52,13.51,1.0,1.03,5.0,-0.47,-0.52,76.0,1.48,0.0,0.97,3.0,4.38,0.0,1.0,0.0,0.0,0.59,0.0,0
0.0,2.57,1.0,0.0,0.0,-0.86,2.71,32.12,1.86,3.42,1.0,1.05,0.86,61.57,2.0,0.86,0.14,1.86,3.14,2.0,0.14,0.0,0.0,1.0,0.0,0
45.0,0.0,1.0,43.05,173.0,0.0,0.05,154.81,30.0,28.95,143.14,0.03,0.0,44.7,2.95,0.0,28.95,1.0,-0.78,-1.9,1.0,0.0,0.0,0.82,0.0,0
0.0,4.0,1.0,0.0,0.0,-2.54,1.85,21.93,1.0,0.0,2.54,0.93,-0.85,51.7,-0.85,-1.7,3.54,0.0,-1.88,-3.24,0.0,0.0,0.0,0.62,0.0,0
0.0,0.0,1.0,1.0,0.0,8.0,2.39,68.0,1.0,-0.7,1.39,-0.3,5.0,-26.48,2.91,1.0,-0.39,1.0,17.71,0.3,2.3,0.0,24.0,0.89,1.39,0
0.0,0.0,1.0,1.0,0.0,4.0,1.0,20.0,1.0,0.0,0.0,1.67,2.0,0.0,3.0,0.0,2.0,1.0,1.0,1.0,7.0,0.0,0.0,0.5,0.0,0
-1.81,0.0,1.0,-0.91,0.91,3.09,1.91,44.69,-2.62,0.0,-3.62,1.57,0.09,-25.37,3.91,0.0,0.47,0.09,2.59,0.0,1.91,0.0,0.0,0.83,0.09,0
0.0,0.0,1.0,0.0,1.0,-0.75,2.0,9.27,1.0,2.0,0.0,0.1,-0.75,0.0,-1.0,0.0,-1.0,1.75,-0.82,0.0,0.25,0.0,0.0,0.44,0.0,0
0.0,-3.62,1.0,0.0,0.0,0.0,1.0,25.53,1.0,0.91,1.0,0.78,0.0,0.0,6.72,0.0,2.72,1.91,2.24,1.91,3.72,0.0,0.0,0.35,0.0,0
-3.16,0.0,1.0,0.0,0.0,-1.9,-0.26,3.15,1.0,1.0,-3.79,1.24,0.0,23.37,4.53,0.0,-4.32,0.37,-1.36,-1.26,1.63,0.0,0.0,1.23,-0.63,0
2.79,0.0,1.0,2.79,0.0,2.79,2.39,44.0,1.0,1.0,0.0,0.76,0.7,36.94,1.3,0.0,-0.09,1.0,2.26,-0.7,-1.39,0.0,138.69,1.21,0.0,0
0.0,0.0,1.0,-0.64,0.0,-9.59,-0.28,4.49,1.0,1.0,1.92,0.79,-6.4,28.14,0.44,0.0,1.72,1.0,10.61,2.72,-5.87,-0.64,-0.64,1.13,-0.64,0
0.0,0.0,1.0,0.87,0.0,-2.62,3.0,14.63,1.0,0.87,4.0,0.01,0.0,126.43,3.62,0.0,0.87,0.13,26.71,2.0,2.75,0.0,0.0,0.9,2.0,0
0.0,0.0,1.0,1.43,0.0,3.15,1.21,19.15,1.0,0.0,0.85,1.38,1.79,13.21,2.57,0.0,2.0,1.21,1.3,0.79,5.72,0.0,0.0,0.61,0.0,0
0.0,0.0,1.0,0.0,0.0,-3.42,1.0,51.06,1.0,0.68,14.37,2.14,-0.68,118.4,2.68,-1.37,1.0,1.0,5.36,-1.37,1.68,0.0,0.0,0.67,0.0,0
0.0,13.0,1.0,0.0,0.0,0.0,1.73,22.66,2.46,2.19,0.73,-0.24,0.0,-19.74,-1.46,2.73,4.27,0.73,-0.08,-2.19,-0.73,0.0,0.0,1.26,0.0,0
0.0,0.0,1.0,-2.58,0.0,-0.86,1.0,-26.93,2.72,0.0,-10.16,1.17,-0.86,-18.89,1.86,0.0,2.72,2.0,-1.14,1.0,1.0,0.0,0.0,0.61,0.0,0
0.0,0.0,1.0,-0.57,0.0,-8.54,-0.14,23.6,1.0,0.0,0.0,3.18,-5.69,0.0,-1.85,0.57,-0.57,1.43,0.58,-1.14,-10.24,-0.57,-0.57,1.12,-0.57,0
0.0,0.0,1.0,1.0,0.0,0.92,2.0,44.76,1.0,5.92,8.69,0.15,0.0,109.37,3.0,-3.69,18.08,0.15,2.16,0.0,0.92,0.0,1.0,0.77,1.92,1
0.0,0.0,1.0,2.92,0.0,0.73,1.73,64.96,1.0,0.0,11.96,-0.03,0.73,64.31,-1.19,0.0,7.58,2.73,6.32,1.73,-0.46,0.0,-5.12,0.61,0.73,0
-36.19,0.0,1.0,-35.39,-138.14,3.22,2.0,-41.38,-22.32,-20.52,-117.42,1.9,0.8,-78.82,4.41,0.0,-17.3,1.0,0.22,0.0,1.0,0.0,0.0,0.74,0.0,0
2.63,-0.88,1.0,2.75,0.0,2.63,1.88,21.75,-2.5,-0.75,-15.76,1.48,0.88,68.48,4.88,0.0,-16.51,0.12,2.3,0.0,2.0,0.0,174.24,1.41,-1.75,0
0.0,2.0,1.0,0.0,-0.87,3.48,0.13,42.14,1.0,-1.74,0.0,3.99,0.87,0.0,0.87,2.0,1.74,0.0,3.14,1.0,0.0,0.0,0.0,1.15,0.0,0
0.0,25.49,1.0,1.0,0.0,1.0,1.0,47.88,1.0,-0.96,4.0,0.4,0.0,62.0,-1.88,1.92,2.92,1.04,2.25,-2.84,-3.8,0.0,0.0,0.6,0.0,0
0.0,0.0,1.0,0.0,0.0,3.89,1.56,55.97,1.0,0.56,2.67,0.93,1.11,18.32,4.0,0.0,-0.56,1.0,2.88,1.56,3.78,0.0,0.0,0.42,0.56,0
0.0,0.0,1.0,-0.96,0.0,4.81,1.0,41.97,1.0,-0.96,2.0,1.49,0.96,-46.17,0.04,1.92,0.96,2.0,6.4,4.81,0.04,0.0,0.0,1.0,0.0,0
0.0,0.0,1.0,1.0,-0.7,0.0,-0.4,19.98,1.0,-0.4,0.0,3.04,0.0,100.0,4.3,0.0,0.3,1.7,0.48,0.0,2.0,0.0,0.0,1.04,-2.11,0
5.0,0.0,1.0,0.09,0.0,3.0,2.09,50.03,1.0,-3.53,1.47,2.3,0.0,-7.72,-0.81,0.0,-4.41,2.0,1.15,2.0,1.91,0.0,-0.91,0.76,0.09,0
0.0,0.0,1.0,0.0,0.0,4.0,1.84,57.65,1.0,-4.18,-8.36,1.36,1.0,-10.04,3.84,0.0,3.16,1.0,3.22,0.84,1.0,0.0,0.0,1.02,0.84,0
7.57,-8.04,1.0,11.57,3.0,8.57,3.79,124.49,1.0,0.89,3.0,0.07,0.89,127.37,2.79,-1.79,8.89,1.89,8.04,1.0,1.89,0.0,177.85,1.02,-0.89,0
0.0,0.0,1.0,-1.74,1.0,6.95,0.13,73.18,2.0,10.0,9.52,0.59,3.48,52.03,4.48,0.87,1.13,1.13,0.24,0.87,2.74,0.0,20.85,0.78,1.0,0
0.64,0.0,1.0,0.0,0.64,3.0,1.0,23.28,1.0,-0.64,3.19,1.3,0.0,-15.33,0.08,0.0,2.64,2.28,2.97,0.0,3.36,0.0,0.0,0.73,1.0,0
0.0,0.0,1.0,0.0,0.0,0.0,1.72,23.16,2.44,2.88,2.16,-0.12,0.0,52.53,1.72,2.0,24.56,2.0,0.04,0.0,0.0,0.0,0.0,0.83,0.0,0
0.0,2.63,3.0,0.0,0.0,0.0,5.75,11.23,1.88,3.51,-3.51,0.02,2.88,-3.51,3.75,0.88,-1.75,1.88,1.29,0.0,3.0,0.0,0.0,1.01,-0.88,0
33.0,9.0,1.0,32.27,126.87,2.0,1.0,142.0,22.27,19.8,107.07,0.87,0.0,71.87,0.53,1.0,20.53,1.0,1.78,0.0,-1.47,0.0,-5.13,0.52,-0.73,0
0.0,0.0,1.0,1.59,0.0,0.0,1.0,32.49,1.0,1.0,0.0,1.57,0.0,158.99,5.0,0.0,1.59,1.0,1.59,0.0,0.41,0.0,-4.13,0.54,-0.59,0
0.0,0.0,2.0,1.0,0.0,0.0,2.0,-27.83,2.0,3.0,-7.29,-1.81,0.0,60.42,2.07,0.0,13.07,2.0,9.24,1.93,1.0,0.0,0.0,0.47,0.0,0
2.0,-1.46,1.0,1.73,0.0,-1.46,2.0,7.08,1.0,5.73,4.8,0.68,0.0,108.3,4.93,2.0,6.73,1.54,1.35,-0.73,0.0,0.0,31.0,0.93,1.0,0
0.0,0.0,1.0,0.0,0.0,0.71,1.0,38.71,1.0,1.0,2.13,0.81,0.0,-17.0,-0.13,0.0,2.0,1.0,-0.04,-1.42,-0.71,0.0,0.0,1.34,0.71,0
0.0,-6.93,1.0,0.77,0.0,2.0,2.0,58.69,1.77,0.0,5.31,-0.22,0.0,115.71,2.77,-1.54,5.77,2.54,1.83,0.0,1.0,0.0,0.0,0.35,-0.77,0
0.0,4.0,1.0,2.01,0.0,-4.69,1.67,26.04,1.0,0.67,10.04,1.9,-2.68,48.21,-2.68,-0.67,6.36,0.67,4.9,1.0,-1.34,0.0,-16.07,0.85,1.34,0
0.0,0.0,1.0,-0.55,0.0,5.35,2.0,62.58,1.0,2.0,3.0,1.66,-0.75,24.21,-0.2,-0.55,2.65,1.55,2.9,0.45,4.45,0.0,-13.18,0.4,1.0,0
0.0,1.84,1.0,0.0,0.0,7.0,2.0,58.0,1.0,1.08,2.0,2.68,1.0,41.0,-1.76,2.84,-2.76,1.08,0.74,-0.76,-2.61,0.0,0.0,1.0,0.0,0
0.0,0.0,1.0,0.99,0.0,7.88,0.01,60.42,1.0,-3.94,-8.85,2.06,4.93,-70.95,6.96,0.99,-1.97,0.01,0.55,1.0,2.97,0.0,23.65,0.83,0.0,0
0.0,3.35,1.0,-0.84,0.0,4.0,0.16,49.27,1.0,-4.19,-4.19,3.72,1.0,-65.33,0.49,0.0,-11.08,-0.68,0.28,0.84,1.0,0.0,-0.84,1.25,-0.84,0
2.0,0.0,1.0,1.0,0.0,-1.45,2.0,5.02,1.0,5.0,7.0,-0.43,-0.73,79.0,0.55,0.55,4.55,3.73,0.39,-3.63,-0.73,0.0,31.0,0.57,1.0,0
-0.89,-0.89,1.0,-0.79,0.0,2.68,1.11,127.89,-2.57,0.32,-7.07,1.8,0.89,9.52,3.79,0.0,3.82,1.11,4.02,-0.89,1.0,0.0,1.0,0.97,-1.79,0
5.0,6.99,1.0,1.0,2.22,0.0,2.22,32.24,2.0,-1.55,5.0,1.11,0.0,77.0,1.45,15.55,-0.55,0.22,20.05,2.78,1.22,0.0,1.0,0.86,1.78,0
0.0,-2.52,1.0,0.0,1.0,0.0,1.0,49.83,2.0,10.0,13.0,-3.57,0.84,92.0,3.52,-0.84,5.36,2.84,1.94,0.0,1.84,0.0,0.0,1.16,1.0,0
1.0,0.0,1.0,3.47,0.0,1.0,1.47,-33.6,3.0,-1.06,-4.75,1.12,0.0,46.01,3.06,0.0,-4.03,1.47,-1.23,0.0,2.06,0.0,3.17,0.76,1.53,0
0.0,0.0,-0.79,1.0,0.9,0.0,-0.79,36.85,1.0,2.79,0.0,1.29,-1.79,100.0,5.0,0.0,2.79,1.0,0.2,0.0,0.21,0.0,0.0,0.8,0.0,0
3.06,0.0,1.0,0.61,0.0,1.83,2.22,50.89,1.0,1.0,3.67,-0.42,0.0,38.51,0.17,0.0,8.72,1.61,3.65,1.22,-0.22,0.0,-4.28,0.42,0.0,0
0.81,0.81,1.0,2.63,0.0,-2.44,1.81,26.19,4.26,3.44,14.66,0.42,-0.81,172.51,3.37,0.0,14.04,1.81,1.19,0.81,2.0,0.0,0.0,1.0,0.81,0
0.0,0.0,1.0,-1.15,0.0,6.31,0.42,77.16,0.42,0.0,0.0,3.05,1.0,-23.08,3.58,1.15,3.42,0.42,3.48,2.89,1.58,0.0,-33.47,0.95,0.0,0
-1.93,0.0,1.0,-0.96,0.0,5.0,0.04,27.07,1.0,-3.86,-4.82,4.47,0.0,20.25,2.93,-1.93,0.14,0.07,-0.33,2.89,3.93,0.0,-29.9,0.12,-0.96,0
0.0,0.0,1.0,1.98,0.0,0.0,1.0,28.95,1.0,1.98,-4.88,1.36,0.0,90.24,5.98,0.0,16.62,1.0,2.9,-0.98,1.02,0.0,0.98,0.8,0.98,0
1.4,-9.11,1.7,1.0,0.0,-0.7,2.4,1.88,2.0,0.0,2.3,0.13,0.0,71.0,1.7,0.0,0.3,1.3,0.73,0.3,0.0,0.0,0.0,0.64,0.0,0
0.0,0.0,1.0,1.0,0.0,0.0,1.0,16.73,1.0,1.62,0.0,2.22,0.0,100.0,6.85,0.0,1.0,0.38,-0.06,0.0,2.85,0.0,4.33,0.5,0.62,0
-0.88,0.0,3.0,-0.88,-0.88,0.88,4.0,33.18,1.0,0.88,0.0,0.93,2.0,0.0,1.12,0.0,0.0,-0.76,-2.21,0.88,3.0,0.0,0.0,1.32,0.88,0
0.75,0.0,1.0,0.25,0.0,-5.98,2.75,90.35,3.24,3.75,10.5,-0.14,-3.74,114.43,-0.24,0.0,20.5,2.75,4.54,-0.75,-0.5,0.0,-16.95,0.63,0.75,0
-2.0,0.0,1.0,0.0,0.0,4.99,1.0,52.93,1.0,-4.99,-3.98,2.66,1.0,-22.82,2.0,0.0,-2.99,-1.0,6.3,6.99,2.0,0.0,-30.93,1.07,-1.0,0
-2.47,0.0,1.0,-0.62,0.0,-1.86,0.38,-4.36,2.86,1.0,-2.47,1.46,0.0,-8.04,3.62,0.62,-0.95,1.0,0.07,0.76,3.0,0.0,0.0,1.09,0.0,0
0.0,0.0,1.0,0.76,0.0,0.0,2.0,34.09,1.0,4.0,8.48,-0.05,0.0,88.0,2.76,0.0,2.24,2.0,0.27,-1.28,1.0,0.0,0.0,1.09,0.0,0
0.0,0.0,1.0,0.86,0.0,10.45,3.73,85.73,1.0,3.73,5.59,-0.19,5.45,43.35,2.86,2.59,4.45,0.14,9.2,3.59,7.59,0.86,0.0,0.97,1.0,0
0.0,0.0,1.0,0.86,0.0,7.0,1.14,55.41,-0.72,-1.45,-0.59,3.17,1.0,64.29,1.0,0.14,-0.86,1.14,5.73,5.45,2.0,0.0,0.0,0.68,0.0,0
2.0,0.0,1.0,1.0,-0.73,0.0,0.53,13.67,1.0,3.53,7.0,1.79,0.0,79.0,1.27,2.0,5.27,3.73,2.8,0.0,0.0,0.0,31.0,0.98,-1.2,0
0.99,-8.9,1.0,3.96,0.0,0.99,1.99,24.96,2.98,0.0,1.0,0.34,0.0,92.02,5.98,-1.98,5.94,2.98,0.23,0.01,1.99,0.0,0.0,0.22,0.0,0
1.0,0.0,1.0,0.0,0.0,0.0,2.0,14.21,4.0,1.0,2.0,-0.16,0.0,50.0,-0.88,1.0,3.96,2.96,1.42,0.0,1.0,0.0,0.0,1.15,1.0,0
0.0,0.0,1.0,0.0,-0.78,5.48,0.22,43.69,1.0,0.0,1.56,1.44,0.78,32.08,0.22,1.78,0.65,2.78,3.59,1.56,1.78,0.0,0.0,0.71,-2.35,0
1.62,0.0,1.0,4.0,0.0,1.0,2.62,23.76,4.86,0.0,1.24,-0.48,0.0,123.94,2.0,0.62,6.62,2.62,1.46,0.0,1.62,0.0,0.0,0.55,1.62,0
0.0,-5.52,1.0,2.84,0.0,6.77,1.61,51.44,1.0,0.0,2.45,-0.38,5.61,54.03,4.39,0.39,2.23,1.61,2.47,1.0,3.61,0.0,24.0,1.24,0.0,0
4.0,-12.36,1.0,8.0,3.0,8.8,2.0,134.95,1.0,0.0,3.0,1.61,0.95,80.0,3.85,-1.9,8.0,1.95,7.52,1.0,1.95,0.0,0.0,0.55,0.95,0
0.0,9.0,1.0,0.0,0.0,1.37,1.0,18.51,1.0,0.0,0.0,2.55,-0.63,0.0,1.37,1.0,-1.26,1.0,-1.61,0.0,1.88,0.0,0.0,0.47,0.63,0
0.0,0.0,1.0,0.0,0.83,1.68,2.66,27.46,1.0,1.66,0.0,0.72,0.17,0.0,0.51,2.0,1.17,1.0,3.88,5.0,1.0,0.0,0.0,1.0,2.49,0
-1.71,9.0,0.14,-0.86,0.0,0.0,-0.71,28.7,1.0,0.0,-2.57,2.33,0.0,-53.02,-0.86,2.0,0.0,0.86,0.67,1.0,-0.86,0.0,0.0,1.41,1.0,0
0.0,0.0,1.0,4.86,0.0,-2.45,2.0,53.64,1.0,1.86,15.0,0.04,0.14,174.37,1.86,0.0,5.55,2.0,5.46,1.0,1.86,0.0,0.0,1.11,1.14,0
1.0,0.0,1.0,4.79,0.0,1.0,1.21,36.06,4.58,0.79,-1.58,0.34,0.0,114.32,2.79,0.0,14.69,2.79,-17.21,-0.79,1.0,0.0,0.0,0.58,1.0,0
-0.72,0.0,1.0,-2.87,0.0,2.87,0.28,23.87,-0.44,0.0,0.0,1.96,0.0,-66.74,0.28,2.0,24.56,2.0,-0.67,0.0,0.72,0.0,0.0,0.65,-0.72,0
0.0,0.0,1.0,0.0,0.0,0.0,1.0,28.0,1.0,-0.63,2.26,-0.02,0.0,73.6,-0.9,4.0,3.0,3.63,5.08,1.0,-1.26,0.0,-4.42,0.75,-0.63,0
0.0,-1.98,1.0,0.99,0.0,-1.98,2.99,3.24,1.0,4.0,10.0,-0.36,0.0,84.04,2.0,0.0,3.99,0.02,2.31,1.99,1.0,0.0,0.0,1.18,0.0,0
0.0,0.0,1.0,0.08,0.0,4.6,2.0,62.43,3.0,0.08,2.0,0.07,0.92,-25.96,0.16,0.0,13.76,2.0,5.39,1.0,0.08,0.0,0.0,0.47,2.0,0
-0.23,0.0,1.0,-1.23,0.0,-1.12,0.88,2.59,1.0,5.0,7.56,0.64,-0.56,49.44,2.56,2.0,6.0,3.0,1.51,0.0,0.56,0.0,-80.0,0.93,1.0,0
1.0,1.79,1.0,1.21,0.0,3.37,1.21,40.23,5.0,0.63,11.67,4.96,0.0,20.21,-1.37,0.0,12.3,1.21,1.32,1.0,0.21,0.0,0.0,0.43,2.0,0
0.0,0.0,1.0,0.97,1.0,0.0,1.97,27.03,2.0,10.0,15.92,0.56,0.0,146.58,1.0,-1.95,-22.36,1.03,5.55,1.95,1.97,0.0,0.0,1.16,1.0,0
2.58,0.0,1.0,4.0,0.0,1.79,2.0,33.67,6.15,0.0,3.94,-0.48,0.79,69.35,0.42,0.0,9.94,2.79,1.88,0.0,-0.58,0.0,0.0,0.18,2.58,0
0.0,13.41,1.0,0.8,0.0,1.6,1.0,22.18,1.0,0.0,3.2,5.19,-0.8,49.67,-1.6,1.0,-2.4,0.8,3.99,0.8,0.0,0.0,0.0,0.31,0.0,0
0.0,0.0,1.0,0.63,1.0,-1.26,2.37,3.89,1.0,2.0,-1.88,1.31,0.0,24.48,2.0,0.0,-0.14,1.0,1.99,2.51,1.0,0.0,0.0,0.91,3.0,0
0.0,0.0,1.0,0.0,0.0,4.83,1.69,49.98,1.0,2.38,0.0,1.89,0.69,-6.21,2.0,0.69,2.0,1.0,1.59,1.38,0.69,0.0,0.0,1.0,0.0,0
3.14,-1.26,1.0,1.63,0.0,5.88,2.26,47.61,1.0,0.63,3.77,0.16,2.0,39.53,3.63,-1.26,8.9,2.26,3.22,1.63,7.63,0.0,0.0,0.08,0.63,0
0.0,0.0,1.0,-0.98,0.0,4.0,1.0,55.12,1.0,-0.98,0.98,1.53,1.0,-97.99,2.02,0.0,4.02,1.0,2.9,0.98,0.02,0.0,0.0,0.17,1.0,0
0.0,2.0,1.0,0.0,0.0,0.48,1.0,41.2,1.0,0.0,2.24,0.77,0.0,60.0,1.0,0.0,1.52,3.0,6.01,3.28,3.28,0.0,0.0,0.53,0.0,0
4.71,0.79,1.0,3.93,2.36,3.14,3.79,668.82,5.71,16.5,52.72,0.71,0.0,115.22,1.0,0.0,25.93,6.5,30.68,2.0,1.0,0.0,8.64,0.34,2.79,1
0.0,0.0,1.0,0.0,0.51,2.0,1.51,26.12,1.0,2.02,1.0,1.54,0.0,0.0,3.51,-1.02,-11.3,0.49,1.03,1.0,2.51,0.0,0.0,1.05,0.0,0
0.0,3.0,1.0,0.0,0.0,4.0,1.0,35.0,1.0,0.0,0.0,5.83,0.0,0.0,0.0,1.0,0.0,0.0,2.0,0.0,0.0,0.0,0.0,0.62,0.0,0
5.5,0.0,1.0,8.01,2.63,5.38,1.88,94.08,5.0,1.0,7.63,0.11,1.0,140.1,2.0,0.0,13.01,1.12,5.96,0.88,0.88,0.0,0.0,0.5,2.0,0
1.32,0.0,1.0,1.66,0.0,0.66,1.0,33.54,3.64,0.0,1.98,1.65,0.66,80.19,0.68,0.0,2.64,1.66,3.42,2.02,-0.32,0.0,0.0,0.49,1.32,0
0.0,0.0,1.0,2.0,0.0,5.55,2.0,122.58,1.0,0.0,3.0,0.45,0.55,77.0,1.55,0.0,7.11,1.0,4.8,1.0,-0.66,0.0,5.0,0.81,-0.55,1
0.0,0.0,1.0,3.0,0.0,0.0,2.0,16.0,1.0,0.99,4.0,1.18,1.0,62.0,1.99,-0.99,1.01,1.01,1.64,0.0,0.01,0.0,0.0,1.33,0.0,0
0.0,-4.13,1.0,0.0,0.0,-4.06,1.0,-28.69,1.0,0.0,2.44,-1.01,0.0,35.75,0.81,-2.44,-0.63,0.81,10.29,1.81,0.81,0.0,0.0,1.31,0.0,0
0.0,0.0,1.0,0.0,0.0,0.0,1.0,23.74,1.0,0.0,-1.1,-0.13,0.0,-27.41,1.0,3.1,40.25,2.0,-1.11,0.0,-0.55,0.0,0.0,0.51,0.0,0
0.0,0.0,1.0,0.0,0.0,5.0,1.0,26.09,1.0,0.0,-7.13,1.2,1.0,-4.75,2.41,4.38,3.19,2.19,3.45,5.59,0.41,0.0,0.0,0.84,0.0,0
0.0,0.0,1.0,0.0,1.0,-3.42,2.0,-0.61,1.0,2.85,0.0,-0.34,-0.85,0.0,1.15,0.0,0.29,1.0,-1.34,0.0,1.0,0.0,0.0,0.61,0.0,0
0.0,9.0,1.0,0.0,0.0,0.0,1.0,18.17,-0.89,3.77,2.83,1.42,0.0,11.32,0.94,2.0,7.55,0.0,1.92,0.06,-0.94,0.0,0.94,1.02,0.06,0
0.0,11.96,1.0,0.0,0.0,4.0,1.0,35.0,1.0,0.0,0.0,6.73,0.0,0.0,-1.0,2.0,-2.99,-1.99,2.68,1.0,-1.0,0.0,0.0,0.93,1.0,0
0.0,0.0,1.0,2.32,0.68,0.0,3.36,18.04,1.0,0.68,4.0,-0.93,1.0,-6.03,-1.04,0.0,3.36,2.0,2.22,0.0,1.0,0.0,0.0,1.29,2.04,0
0.0,0.0,2.0,1.0,0.0,-1.51,2.0,18.92,2.0,3.0,3.51,-0.42,0.0,88.21,3.0,0.0,14.0,1.5,9.41,1.5,1.5,0.0,0.0,0.73,0.0,0
0.0,0.0,1.0,-0.59,0.0,-2.94,1.0,36.26,1.0,1.76,3.52,-0.18,0.0,7.04,1.59,2.0,33.63,2.59,0.55,-0.59,0.0,0.0,-2.35,0.56,0.0,0
0.0,0.0,1.0,0.0,0.0,5.0,1.0,59.0,1.0,-0.59,0.0,0.32,1.0,0.0,1.41,1.17,18.06,1.59,2.21,0.0,1.0,0.0,0.0,0.81,0.0,0
2.41,-1.41,1.0,1.7,1.0,-0.7,1.0,24.08,3.81,0.7,6.41,-0.25,0.7,83.03,2.7,0.0,6.22,2.3,4.52,-0.7,0.3,0.0,0.0,0.61,1.41,0
1.0,0.0,0.29,0.0,0.0,0.0,1.29,19.0,3.29,-0.43,0.57,1.0,0.0,74.25,2.71,1.0,-6.27,1.29,-0.26,-0.71,1.71,0.0,0.0,1.35,1.0,0
0.0,-10.49,1.0,1.0,0.0,4.0,1.0,17.58,1.0,0.0,1.61,1.46,2.0,40.35,3.81,-1.61,-2.04,2.61,1.88,1.0,7.81,0.0,0.0,0.5,0.0,0
0.0,-2.61,1.0,0.0,0.0,2.61,1.87,58.55,1.0,1.74,3.61,-3.51,1.74,28.66,2.74,-0.87,1.87,2.87,2.59,1.87,5.34,0.0,0.0,0.81,0.87,0
0.0,0.0,1.0,0.0,0.0,-2.37,1.59,1.46,1.0,2.37,6.92,1.08,-0.59,52.1,1.41,0.0,0.41,1.59,1.54,2.59,1.0,0.0,0.0,0.87,0.0,0
0.0,0.0,2.0,1.0,0.0,5.3,2.76,74.7,2.0,4.51,4.27,0.07,1.51,90.98,3.76,-0.76,12.49,1.24,4.88,1.76,4.03,0.0,0.0,0.44,0.76,0
4.62,0.62,1.0,9.23,3.0,3.15,2.62,94.38,3.46,1.85,14.09,0.32,-0.62,134.83,-0.23,0.0,18.47,1.62,6.24,1.62,1.0,0.0,0.0,0.71,1.23,0
1.89,9.0,1.94,0.94,0.0,0.0,2.89,21.94,1.0,0.0,1.89,0.29,0.0,58.47,-1.89,2.0,0.0,0.0,4.06,0.06,0.0,0.0,0.0,0.86,1.0,0
0.0,-11.35,2.0,0.13,0.0,2.62,2.0,40.97,2.0,3.0,-1.49,1.34,0.87,11.86,6.49,0.0,16.62,1.13,1.18,0.13,1.0,0.0,0.0,0.77,0.0,0
0.0,0.0,1.0,0.0,0.0,6.51,1.93,133.58,1.0,0.93,15.79,1.55,1.86,80.69,1.07,0.0,-1.79,1.0,8.34,-0.93,2.86,0.0,0.0,0.94,0.93,0
2.0,0.0,1.0,1.0,0.0,-0.78,1.22,7.73,1.0,5.78,8.56,0.19,0.0,90.71,1.22,2.0,3.66,3.0,3.35,0.78,0.0,0.0,31.0,1.28,1.78,0
-1.66,0.0,1.0,-0.83,0.0,2.49,1.0,40.1,-2.32,-0.83,-3.15,2.87,0.0,-58.13,4.83,0.0,-1.66,0.17,1.71,1.0,1.83,0.0,0.0,1.0,-1.66,0
0.0,1.0,1.0,-0.96,0.0,4.0,1.0,31.71,1.0,0.0,0.96,4.45,0.0,-55.63,-0.96,3.84,2.88,1.92,0.73,-1.88,-0.96,0.0,0.0,0.96,0.0,0
0.0,3.0,1.0,0.0,-0.63,3.52,1.74,54.18,2.0,3.74,1.0,1.33,1.63,72.0,3.63,1.0,0.63,2.0,3.49,1.0,1.0,0.0,0.0,0.94,-1.89,0
0.0,0.0,1.0,1.0,0.0,0.0,1.16,40.59,3.0,4.37,7.06,0.2,0.0,107.33,2.84,0.0,13.53,2.84,-17.32,0.16,1.0,0.0,0.0,0.69,0.31,0
0.0,-3.53,3.0,0.88,0.0,0.0,4.88,117.82,1.0,2.64,7.93,-1.22,2.0,78.43,3.76,0.0,15.86,2.76,3.84,-0.88,3.88,0.0,0.88,0.64,0.0,1
0.0,0.0,1.0,0.0,0.0,2.47,1.0,8.82,1.0,-0.53,-2.64,2.85,0.0,-40.07,2.0,0.0,2.0,1.53,-1.05,-0.53,4.0,0.0,0.0,0.97,0.47,0
-0.57,0.57,1.0,-1.13,0.0,1.57,0.43,35.5,-1.27,-0.7,-3.5,1.24,0.0,59.56,1.0,0.0,-9.9,1.57,2.52,1.0,1.0,0.0,0.0,0.99,-0.13,0
0.0,8.3,1.0,0.64,0.0,4.64,1.0,74.41,1.0,-0.64,2.55,1.39,1.0,39.59,2.36,0.0,3.36,1.64,5.24,0.64,1.0,0.0,0.0,0.87,0.0,0
1.32,0.0,1.66,0.66,-0.66,1.0,1.0,39.39,1.0,-0.32,6.98,0.86,0.0,116.85,1.0,0.0,0.02,1.0,3.75,1.0,1.0,0.0,0.0,0.7,-0.98,0
0.0,0.0,1.0,0.0,0.0,3.0,0.0,68.01,1.0,0.0,10.0,4.1,1.0,-10.91,3.0,2.0,-2.0,1.0,10.39,4.99,1.0,0.0,0.0,1.44,0.0,0
0.0,2.0,1.0,0.0,0.0,2.0,1.0,45.0,1.0,0.0,3.0,1.07,0.0,60.0,1.0,0.0,0.0,3.0,3.73,1.0,1.0,0.0,0.0,0.53,0.0,0
0.0,0.0,1.0,1.0,0.0,1.94,2.0,65.06,1.0,3.94,11.77,0.27,0.0,119.0,3.0,-3.77,10.06,-0.88,1.26,1.0,1.94,0.0,0.0,1.13,0.94,0
0.0,10.0,1.0,-3.02,0.0,4.24,0.24,24.16,1.0,-0.76,-11.33,4.76,-0.76,-66.49,0.0,3.76,-2.53,0.0,-2.17,-0.76,0.0,0.0,0.0,0.59,-1.51,0
0.7,0.0,1.0,2.8,0.0,7.7,2.7,58.7,2.4,1.3,2.0,1.01,1.0,106.11,1.0,1.0,2.8,2.7,3.59,2.0,2.0,0.0,0.0,0.83,0.7,0
1.0,0.0,1.0,-0.77,0.0,3.84,1.23,37.42,4.0,-2.84,-1.84,1.82,0.77,-9.85,2.0,2.53,-10.04,1.23,2.69,3.84,1.77,0.0,-0.77,1.35,0.23,0
0.0,0.0,1.0,0.0,0.0,3.25,2.0,60.55,1.0,4.0,10.0,-1.67,0.81,88.0,4.44,-0.81,5.44,2.81,3.07,0.19,1.81,0.0,0.0,0.6,0.0,0
43.92,1.08,0.46,43.46,173.0,0.0,-0.08,147.75,30.0,28.0,144.37,1.36,0.0,64.41,0.92,1.08,28.0,0.46,1.13,0.54,0.46,0.0,0.0,1.27,0.0,0
0.0,0.0,1.0,0.0,0.0,3.86,1.64,41.76,1.0,0.64,0.71,0.39,1.29,22.31,1.64,0.0,-0.64,2.0,3.1,0.0,3.58,0.0,0.0,0.76,0.0,0
0.0,0.0,1.0,-2.06,0.0,-0.51,0.49,-9.32,1.0,-0.51,-7.21,2.67,-0.51,-23.69,1.0,2.06,-1.09,2.51,-1.6,0.0,0.49,0.0,0.0,1.01,-1.03,0
0.0,13.0,1.0,1.0,0.0,1.0,1.0,38.15,1.0,0.0,4.0,1.24,0.0,62.0,1.0,0.0,2.14,2.0,4.08,1.0,1.57,0.0,0.0,0.6,0.0,0
4.5,-8.99,1.0,4.75,2.25,3.0,2.75,651.11,5.5,20.73,51.45,0.08,0.0,150.67,3.75,0.0,59.46,8.74,6.47,0.0,0.0,0.0,9.24,0.17,1.75,1
0.0,0.0,2.0,1.0,0.0,-1.27,1.36,1.51,2.0,3.0,0.09,2.42,0.0,27.13,1.73,0.64,11.45,1.36,2.72,1.64,0.36,0.0,0.0,0.76,0.0,0
-0.79,-0.79,1.0,-1.58,0.0,5.79,1.0,59.79,-2.15,-2.36,-11.81,1.47,1.0,-22.05,2.79,0.0,-8.6,0.21,1.94,-0.79,1.0,0.0,0.0,1.02,-1.58,0
0.0,0.0,2.0,1.0,0.0,0.0,2.0,25.93,2.0,2.47,2.0,0.63,0.0,66.0,2.47,0.0,14.0,2.53,3.0,1.0,1.53,0.0,0.0,0.47,0.0,0
0.0,0.0,1.0,1.0,0.0,0.0,1.0,18.0,2.0,0.0,3.0,0.37,0.0,71.0,1.0,0.0,1.0,2.0,1.89,1.0,0.0,0.0,0.0,0.71,0.0,0
0.0,13.0,1.0,0.0,0.0,0.0,1.0,19.0,1.0,-0.63,0.63,0.83,0.0,0.0,1.25,2.0,3.75,0.0,1.49,0.63,0.63,0.0,0.0,0.77,0.0,0
0.0,0.0,1.0,0.0,1.0,0.0,1.0,35.28,2.0,10.0,13.0,-0.06,0.0,117.5,1.0,2.43,3.21,2.61,2.9,0.0,0.39,0.0,0.0,0.8,1.0,0
0.72,0.0,1.0,1.72,0.72,0.28,2.0,39.21,1.0,2.28,8.0,-0.07,0.0,87.0,3.72,0.0,11.0,2.44,5.5,0.28,1.0,0.0,0.0,0.62,-0.72,0
0.0,2.54,1.0,-1.7,0.0,2.0,2.85,67.79,1.0,4.24,3.85,0.57,0.0,88.14,2.85,0.85,2.46,1.0,0.73,0.85,1.85,0.0,-49.2,0.55,0.0,0
0.0,0.0,1.0,0.0,0.0,-2.71,0.1,26.71,1.0,-0.8,-1.8,0.71,0.0,-36.99,3.8,-0.9,5.61,0.1,0.04,-1.8,0.1,0.0,0.0,0.81,0.0,0
0.0,13.0,1.0,-0.79,0.0,0.11,0.11,43.21,0.11,0.89,4.0,0.77,-0.89,26.21,1.0,0.0,0.11,1.11,2.41,1.0,1.89,0.0,-51.89,0.43,0.0,0
0.0,-0.95,1.0,0.0,0.0,-3.81,1.0,7.44,1.0,0.0,3.9,-4.83,0.0,97.58,1.95,0.0,0.0,3.9,3.28,-0.95,1.95,0.0,0.0,1.25,0.0,0
0.0,0.0,1.0,1.82,0.0,-4.92,2.0,120.44,1.0,3.82,13.92,-0.44,-0.82,126.75,3.64,-0.82,28.03,1.18,3.71,-0.82,0.18,0.0,1.0,0.49,0.0,1
0.0,2.0,1.0,-3.83,0.0,4.87,0.04,23.95,1.0,-0.96,-11.35,2.2,0.0,-24.19,2.91,0.0,-4.78,2.04,-0.34,0.04,1.0,0.0,0.0,0.82,-1.91,0
0.0,0.0,1.0,0.0,-0.99,4.99,0.01,73.87,1.0,-0.99,4.95,2.28,1.0,75.24,2.01,0.0,4.0,1.0,4.44,0.99,1.0,0.0,0.0,1.16,0.99,0
0.0,-7.11,1.0,0.0,0.71,-3.56,2.42,-8.88,1.0,1.42,0.0,-2.99,0.0,0.0,2.42,-0.13,26.71,2.71,-0.77,0.0,0.71,0.0,0.0,0.92,2.13,0
0.32,0.0,0.16,0.16,0.0,3.35,0.32,53.68,1.0,5.0,4.49,1.52,0.84,27.04,2.84,2.0,9.35,3.0,2.65,0.0,0.0,0.0,31.0,1.31,1.0,0
0.0,9.68,1.0,0.0,0.0,2.73,1.0,-13.07,1.0,0.0,-8.86,4.06,0.0,-34.07,-1.36,2.0,-0.68,-0.68,-1.98,1.68,-0.68,0.0,0.0,0.8,1.0,0
0.0,3.0,1.0,0.0,0.0,5.71,1.85,60.58,1.0,1.71,2.56,4.32,0.85,28.14,-0.85,-0.71,-0.85,0.0,0.33,-3.41,3.41,0.0,0.0,0.31,0.85,0
2.91,0.0,1.0,5.81,2.18,6.63,1.73,75.76,1.0,-0.73,2.18,1.65,0.0,58.12,1.27,0.0,6.36,1.0,3.95,0.73,4.73,0.0,0.0,0.97,1.0,0
0.0,0.0,1.0,1.0,0.0,1.23,1.0,12.6,1.0,0.92,0.92,0.28,2.0,0.0,4.85,0.0,-0.77,0.08,1.92,1.92,7.0,0.0,0.0,0.94,0.0,0
0.0,6.42,1.0,0.0,0.0,1.14,-0.72,30.11,0.14,-3.44,0.86,3.49,-0.86,24.06,2.86,0.14,1.72,0.14,0.57,1.72,0.86,0.0,0.0,0.08,0.0,0
1.0,0.0,1.0,4.0,0.0,3.25,2.0,50.28,3.0,0.0,-0.56,0.45,0.56,93.0,3.12,0.0,7.69,1.44,1.7,-0.56,1.0,0.0,0.0,0.68,1.0,0
0.0,-7.33,1.0,-0.56,0.0,2.26,1.0,14.97,1.0,1.0,-2.26,1.83,0.0,-34.98,2.0,0.0,3.69,1.0,-1.98,-0.56,1.56,0.0,0.0,0.76,0.0,0
0.0,0.0,1.0,0.69,0.0,5.54,1.0,51.98,1.0,0.0,0.62,0.7,3.46,26.47,3.77,0.69,0.69,1.31,1.36,0.69,2.38,0.0,16.61,0.95,0.0,0
-2.29,0.0,1.0,-1.71,0.0,-1.71,0.43,18.71,1.0,1.14,4.57,0.49,-0.57,19.42,1.57,1.0,8.71,2.0,0.62,0.0,1.0,0.0,-113.69,0.6,0.0,0
0.0,5.87,1.0,0.0,0.0,0.0,1.0,35.34,1.0,-0.65,-0.65,0.61,0.0,0.0,0.35,2.65,25.35,2.0,-0.6,-0.65,-1.3,0.0,0.0,0.35,0.0,0
0.0,0.0,1.0,0.0,0.0,0.5,2.0,36.52,3.0,4.5,5.5,-0.54,0.0,111.07,2.0,1.0,1.0,1.5,2.42,0.5,1.0,0.0,0.0,0.86,0.5,0
0.0,0.0,-0.71,0.0,1.0,0.0,0.43,29.86,1.0,2.0,0.86,1.41,-1.71,0.0,2.0,0.0,3.86,1.0,1.6,1.71,-0.71,0.0,0.0,0.94,3.0,0
0.0,0.0,1.0,0.0,0.85,1.0,2.7,50.8,1.0,2.7,4.15,-0.97,0.0,76.0,1.0,0.0,3.7,1.0,0.93,-0.7,1.0,0.0,0.0,0.94,3.55,0
-1.25,0.0,1.0,-0.63,0.0,2.5,1.0,10.37,-1.5,-0.63,-1.13,2.22,-0.63,6.22,0.37,0.0,-1.25,2.0,0.84,0.0,2.25,0.0,0.0,1.01,-1.25,0
0.0,0.0,2.0,1.94,-0.94,0.0,0.11,16.62,2.94,1.11,4.83,0.44,0.0,132.99,2.06,0.0,12.11,2.94,4.44,1.94,0.06,0.0,0.0,0.25,-2.83,0
0.0,3.0,1.0,0.0,-1.0,1.0,1.01,26.02,2.0,3.01,2.0,2.19,1.0,72.0,3.0,1.0,-1.99,2.0,3.59,2.99,1.0,0.0,0.0,1.06,-2.99,0
-0.99,-0.99,1.0,-0.97,0.0,8.97,2.01,6.39,-2.94,-0.96,-14.75,2.02,4.0,-75.77,2.0,3.0,-16.71,1.0,6.55,2.01,2.01,1.0,0.0,0.85,-1.97,0
0.0,2.32,1.0,1.0,0.0,3.09,1.0,37.82,1.0,1.0,0.0,2.55,0.0,100.0,4.0,0.0,0.23,1.0,1.77,-0.77,2.0,0.0,0.0,0.71,0.0,0
0.0,-7.36,1.0,0.0,0.82,0.0,4.63,25.54,1.0,1.63,4.0,-0.96,0.0,39.0,2.63,-1.63,2.45,1.82,25.88,1.18,1.82,0.0,0.0,0.43,3.63,0
0.0,-8.48,1.0,0.0,0.0,1.0,1.0,53.42,1.0,1.0,5.0,0.47,0.0,76.0,1.94,-1.88,2.0,2.88,1.63,0.06,1.0,0.0,0.0,1.01,0.06,0
0.0,0.0,1.0,0.0,0.0,-5.3,2.66,-1.19,3.0,7.32,6.32,-0.15,-3.32,114.11,0.67,0.34,12.93,2.66,3.23,-0.66,-0.99,0.0,-15.25,0.6,0.66,0
0.0,-2.17,2.0,1.0,0.72,-2.9,2.72,16.14,2.0,3.72,2.72,-3.78,0.0,96.41,5.17,-0.72,14.72,2.72,3.46,1.0,1.72,0.0,0.0,0.63,0.72,0
0.0,0.0,1.0,-1.09,1.55,-0.55,2.0,22.73,0.45,2.09,1.0,0.46,-0.55,20.12,3.0,0.0,0.45,0.45,0.11,0.0,1.55,0.0,-31.73,0.72,1.0,0
1.81,0.0,1.0,0.91,0.0,0.0,2.0,22.57,4.62,4.0,10.0,-0.26,0.91,82.57,2.91,0.0,6.62,2.91,1.9,0.09,0.09,0.0,0.0,0.28,0.91,0
-0.79,0.0,1.0,-0.79,-0.79,0.79,1.0,30.91,1.0,0.79,0.0,2.73,0.0,0.0,0.21,0.0,2.0,0.41,-2.9,0.79,1.0,0.0,0.0,1.29,0.79,0
0.0,-11.34,1.0,0.0,0.0,3.49,1.0,57.65,1.0,0.0,0.0,1.06,0.87,0.0,3.62,0.25,25.13,2.87,1.35,0.0,0.87,0.0,0.0,0.55,0.0,0
0.0,0.0,1.0,2.0,-0.62,5.0,1.38,132.56,0.38,-3.09,9.19,2.24,0.0,58.44,1.0,0.0,6.0,0.38,6.33,0.38,1.0,0.0,5.0,0.88,-1.24,0
1.47,10.0,1.73,0.0,0.0,5.0,2.47,67.33,1.0,-0.73,2.2,3.66,0.0,-27.87,-1.47,3.0,1.27,0.0,3.66,0.0,-0.73,0.0,0.0,0.25,0.0,0
4.0,0.0,1.0,8.65,3.0,5.0,1.35,88.51,1.65,-2.6,-1.54,1.14,0.0,68.96,0.35,0.0,6.7,1.0,6.16,1.0,0.35,0.0,0.0,0.99,0.0,0
1.0,0.0,1.0,3.22,0.0,0.22,2.0,103.62,2.22,2.34,7.01,0.35,-0.78,131.14,2.0,0.0,18.45,2.0,1.31,0.0,1.78,0.0,-44.37,0.25,1.0,0
0.0,0.0,1.0,0.0,-0.95,1.9,1.05,25.15,0.05,0.2,8.1,1.35,0.0,12.07,2.95,0.0,3.0,1.05,0.62,1.0,1.95,0.0,0.0,0.85,-1.9,0
1.76,0.0,2.88,1.0,0.0,0.0,2.88,28.76,2.0,3.0,2.0,-0.1,0.0,71.29,3.88,0.0,13.12,2.0,2.61,-0.76,1.0,0.0,0.0,0.03,0.0,0
0.0,1.96,1.0,0.0,0.0,4.71,1.0,61.95,1.0,0.0,0.0,2.92,0.54,0.0,3.62,1.0,-1.62,1.54,2.34,2.71,0.54,0.0,0.0,0.49,0.0,0
0.0,0.0,3.0,0.0,0.0,0.0,4.0,17.13,1.0,0.0,0.0,1.18,2.0,0.0,2.57,1.15,-1.15,1.0,2.63,2.87,3.0,0.0,0.0,1.0,0.0,0
0.0,-8.62,1.0,1.0,0.0,1.99,1.0,28.99,1.0,1.0,0.0,2.07,0.0,100.0,5.33,-1.33,-0.99,1.66,0.29,0.0,4.65,0.0,0.0,0.98,0.66,0
0.0,0.0,1.0,0.0,0.0,1.0,1.0,47.26,1.0,0.35,5.65,0.97,0.0,76.0,-0.3,0.0,2.65,1.0,3.3,2.3,-0.3,0.0,-4.56,1.01,0.35,0
0.0,0.0,1.0,2.97,0.0,2.03,2.0,74.27,1.0,2.03,15.0,0.02,2.03,65.4,1.51,0.0,6.43,2.0,6.86,1.0,3.05,0.0,-2.57,0.61,2.51,0
0.0,13.0,1.0,0.0,0.0,0.0,1.0,19.89,1.0,0.0,0.0,0.32,0.0,0.0,-0.89,2.0,5.0,0.0,1.08,0.0,0.89,0.0,0.0,1.43,0.0,0
-0.92,0.0,1.0,-2.75,1.0,-0.92,2.0,19.41,0.16,5.0,5.75,0.35,0.0,46.05,1.08,0.0,-3.59,1.08,5.21,2.84,1.0,0.0,0.0,1.26,1.08,0
0.0,0.0,1.0,2.99,0.0,0.99,1.99,25.97,1.99,0.0,0.0,2.29,0.99,139.77,2.99,-0.99,0.0,1.0,6.39,4.0,0.01,0.0,57.67,0.83,0.0,0
0.0,13.0,1.0,0.0,0.0,-1.08,1.0,20.62,1.0,0.0,-0.54,0.35,0.0,0.0,-0.54,2.0,5.54,0.0,1.01,-0.54,-0.54,0.0,0.0,0.9,0.0,0
0.0,0.0,1.0,0.58,1.0,0.0,2.58,32.16,2.16,2.58,1.16,-0.17,0.0,38.26,2.58,0.0,8.38,1.0,1.4,0.58,1.58,0.0,0.0,0.47,1.16,0
0.0,4.0,1.0,0.0,0.6,0.0,1.6,15.4,1.0,0.0,0.6,1.62,0.0,25.31,0.6,0.0,0.4,0.0,1.89,1.0,0.6,0.0,0.0,0.9,0.6,0
0.0,0.0,1.0,-0.91,0.0,-6.4,-0.83,12.11,1.0,-0.83,-1.83,1.21,-3.66,-10.98,3.83,-2.74,-1.66,1.0,-5.22,-1.83,-0.83,-0.91,0.0,0.56,0.0,0
0.0,0.0,1.0,0.0,0.0,-1.17,1.0,18.08,1.0,-0.58,1.0,1.35,0.0,0.0,2.83,0.0,0.0,1.58,1.53,1.0,0.42,0.0,0.0,0.51,0.0,0
1.0,0.0,1.0,1.0,1.0,-2.38,1.6,9.36,1.0,2.38,10.95,-0.7,-0.6,128.39,0.21,0.0,1.4,3.6,5.18,0.6,1.0,0.0,0.0,0.5,0.0,0
0.0,-1.93,1.0,1.96,0.0,1.0,2.0,60.59,1.0,3.96,8.0,-0.95,0.0,183.31,7.82,-1.93,11.96,1.96,2.88,0.04,2.93,0.0,0.0,0.88,0.0,0
0.0,0.0,2.81,0.0,0.0,1.39,3.71,16.99,1.0,0.0,0.0,1.01,1.9,0.0,2.1,2.0,-1.61,1.0,3.98,5.0,2.81,0.0,0.0,1.13,0.0,0
-4.24,0.0,1.0,0.0,0.0,9.24,-0.7,60.79,1.0,-0.85,-5.09,2.67,5.24,-39.88,6.39,2.85,-6.49,0.15,2.4,4.15,2.7,0.0,20.36,1.51,-0.85,0
-35.89,0.0,1.0,-35.96,-159.86,4.7,2.85,-51.63,-21.8,-23.95,-129.91,0.64,1.92,28.42,2.0,0.0,-18.95,2.0,3.83,0.92,0.0,0.0,183.88,0.5,2.0,0
0.0,0.0,1.0,0.72,0.0,5.76,1.0,58.46,1.0,0.0,-2.16,4.47,3.6,-20.17,2.88,1.72,1.72,0.0,-7.88,1.0,1.44,0.0,17.29,0.95,0.0,0
0.0,0.0,1.0,-0.8,0.0,0.0,1.0,20.01,1.0,1.0,1.59,-1.12,0.0,-39.87,1.2,0.0,2.0,1.8,-0.59,-3.19,1.0,0.0,0.0,1.21,0.0,0
0.0,0.0,1.0,0.0,0.45,0.55,2.0,32.83,1.45,0.03,-1.42,0.5,0.0,71.17,2.0,0.0,1.0,1.45,2.53,1.55,1.0,0.0,0.0,0.95,2.0,0
0.0,0.0,1.0,0.0,0.0,0.0,1.0,16.0,1.0,1.0,0.0,1.78,0.0,0.0,4.0,0.0,0.0,1.0,0.0,0.0,3.0,0.0,7.0,0.96,1.0,0
0.0,0.0,1.0,0.67,0.0,6.33,2.0,51.94,1.0,2.0,2.0,0.31,2.35,41.0,2.35,1.0,-1.35,1.33,4.17,2.67,5.37,0.0,0.0,0.98,0.0,0
0.0,0.0,1.0,0.88,0.0,-3.53,1.0,-21.92,1.88,1.0,2.65,0.42,-0.88,62.61,2.24,0.0,-2.65,1.88,-0.6,0.88,2.12,0.0,7.0,0.75,1.0,0
1.0,0.0,1.0,4.85,-0.85,4.41,2.0,18.17,2.15,-8.54,-11.1,1.6,1.71,14.47,3.71,0.0,6.0,1.15,0.61,0.85,6.12,0.0,0.0,0.27,0.15,0
0.0,0.0,1.0,1.0,0.0,0.0,2.53,39.33,3.0,2.58,7.28,-0.62,0.0,112.43,0.94,0.0,12.58,2.53,4.89,1.53,-0.06,0.0,-3.69,0.34,1.47,0
0.0,0.0,1.0,-0.93,0.0,-0.93,1.0,-41.5,1.0,-0.93,-10.26,4.3,0.0,-24.25,0.0,1.0,-5.53,0.0,-3.12,0.07,0.0,0.0,0.0,1.28,-1.87,0
0.0,0.0,1.0,1.0,0.0,7.23,2.52,24.74,3.0,-0.55,-2.13,0.46,5.16,21.07,3.03,0.0,6.35,2.0,4.01,2.03,9.78,0.52,0.52,0.43,2.52,0
0.0,0.0,1.0,-0.98,0.0,5.97,0.02,49.18,-0.97,0.0,-0.98,3.07,1.0,-65.01,5.98,0.0,-5.85,0.02,-0.33,0.0,1.98,0.0,0.0,1.47,-1.97,0
1.0,0.0,1.0,0.0,0.57,0.0,2.57,21.3,4.0,1.57,0.85,0.2,0.0,48.85,3.15,1.0,3.57,2.0,-5.01,-0.57,1.0,0.0,0.0,0.88,1.57,0
45.0,0.0,1.0,43.1,173.0,3.59,0.1,187.75,30.0,28.0,143.31,1.28,0.9,47.81,5.59,0.0,30.69,1.0,0.93,-1.79,1.0,0.0,0.0,0.95,0.0,0
0.0,6.27,1.0,0.37,0.0,6.12,1.0,69.88,1.0,0.0,0.0,3.07,1.86,5.96,1.86,2.25,1.63,0.37,1.56,0.37,1.12,0.0,8.94,0.73,0.0,0
0.0,0.0,1.0,0.36,0.0,2.55,2.0,42.32,1.0,-0.64,3.0,0.54,0.64,-7.76,1.0,0.0,2.91,1.0,5.25,2.0,1.0,0.0,0.0,1.27,0.0,0
-1.83,0.0,0.08,-0.92,0.0,1.83,-0.83,20.08,1.0,0.92,-0.83,2.58,0.0,-56.75,4.92,0.0,0.92,1.0,-0.86,1.92,1.92,0.0,0.0,1.09,0.0,0
0.0,0.0,1.0,0.0,0.0,0.0,1.0,21.0,1.0,0.0,1.0,1.5,0.0,0.0,4.0,0.0,0.0,1.0,1.33,1.0,1.0,0.0,0.0,0.63,0.0,0
0.0,0.0,1.0,1.0,0.0,17.13,2.29,36.84,1.0,-2.84,-7.11,1.66,10.0,-62.58,4.29,0.0,-0.13,1.0,2.67,2.29,17.29,1.0,1.0,0.63,1.0,0
0.0,0.0,1.0,1.0,0.0,4.33,2.0,76.63,1.0,2.33,6.67,-0.15,0.67,20.43,1.67,0.0,12.33,1.0,2.59,-1.0,0.33,0.0,0.0,1.2,0.0,0
3.59,0.6,1.0,3.99,1.2,2.39,2.0,619.82,3.99,12.57,44.29,0.64,0.0,99.17,1.4,1.2,53.69,6.19,5.72,-0.6,0.4,0.0,7.58,0.4,-0.6,1
0.95,0.0,1.0,0.0,0.0,0.0,1.95,22.1,3.84,1.0,1.9,-0.73,0.0,47.39,1.05,0.95,1.05,1.95,0.32,-1.9,-0.9,0.0,0.0,1.08,0.95,0
0.0,0.0,1.0,0.0,0.0,0.0,1.84,23.52,1.0,3.36,4.21,-0.97,0.0,-18.5,-0.68,2.0,41.14,2.84,2.35,0.0,-1.68,0.0,0.84,0.28,0.84,1
0.97,0.0,1.0,0.49,0.0,-0.51,2.0,12.25,-1.06,4.49,4.94,1.05,-0.51,42.97,2.0,2.0,3.43,2.49,3.29,1.03,0.51,0.0,31.0,1.19,-0.03,0
0.62,0.0,1.0,0.62,0.62,-1.24,1.0,25.96,1.0,0.38,2.48,0.83,0.0,47.11,1.38,0.0,2.62,2.24,3.55,-0.62,-0.62,0.0,0.0,0.77,0.0,0
0.0,0.0,1.0,1.79,0.0,15.0,3.0,34.0,1.0,0.0,-0.79,1.12,10.0,79.43,5.0,0.0,1.21,1.0,4.59,4.59,18.0,1.0,1.0,0.4,1.0,0
0.0,0.0,1.0,-0.79,0.0,-3.15,-0.57,11.55,1.0,-0.57,-2.36,2.49,-3.15,-9.45,2.0,-2.36,0.43,1.0,-5.63,-2.36,0.79,-0.79,0.0,1.06,0.79,0
6.0,1.0,1.0,5.0,3.0,4.0,2.0,861.39,7.0,21.0,59.32,1.48,0.0,57.73,1.0,2.0,59.0,9.89,-5.64,-0.89,-0.89,0.0,11.0,0.53,1.0,1
2.0,0.0,1.0,1.0,-0.96,1.0,1.0,83.08,4.04,-8.59,5.0,2.49,1.0,29.72,2.96,0.0,5.04,1.04,7.43,0.0,0.0,0.0,0.0,0.65,1.04,0
0.97,0.0,1.0,0.0,0.0,-1.89,2.97,20.12,3.92,0.97,4.95,-1.02,-0.97,109.67,1.03,0.97,4.03,1.97,0.88,0.0,1.0,0.0,0.0,0.68,0.97,0
1.0,0.0,1.0,-0.65,0.0,-3.91,2.0,-11.66,4.0,1.65,2.65,0.61,-3.26,39.56,0.7,0.35,3.0,2.0,1.42,0.0,0.35,0.0,-15.65,1.02,1.0,0
0.0,0.0,1.0,0.0,0.0,5.0,0.16,64.88,1.0,0.84,-2.52,1.89,1.0,36.97,5.36,0.0,4.0,1.0,-0.16,-1.68,1.84,0.0,0.0,1.0,0.0,0
0.0,0.0,1.0,0.0,0.0,0.0,1.0,15.8,1.74,2.23,2.23,0.44,0.0,59.43,1.0,1.0,2.26,2.74,3.0,0.74,1.0,0.0,0.0,0.73,1.49,0
3.12,0.0,2.56,1.0,0.0,0.0,4.12,22.56,1.0,0.0,4.67,-1.12,0.0,40.8,2.0,0.0,0.0,1.0,3.07,-2.23,1.0,0.0,0.0,0.5,0.0,0
0.0,-8.54,1.0,0.05,0.0,-0.95,2.0,99.47,1.0,3.0,5.2,1.93,0.0,30.15,1.05,0.0,19.0,0.1,0.37,0.0,0.05,0.0,1.0,0.97,0.0,0
0.6,0.0,1.0,1.0,0.0,1.0,2.6,48.79,2.81,3.6,9.21,-2.17,0.0,117.18,4.21,0.0,12.21,2.21,3.13,0.4,1.6,0.0,0.0,0.86,0.6,0
77.12,0.0,1.0,75.4,296.48,0.0,0.29,238.79,50.7,45.13,243.07,-0.08,0.0,105.14,2.0,0.0,45.84,0.29,2.89,-0.71,1.0,0.0,0.0,1.2,0.0,0
6.0,1.0,1.0,5.0,3.0,4.0,2.0,848.0,7.0,21.0,62.0,0.35,0.0,97.0,1.0,2.0,59.0,9.0,4.73,0.0,0.0,0.0,11.0,0.57,1.0,1
0.53,0.0,1.0,0.0,0.0,2.4,1.53,59.4,2.6,0.53,1.07,0.49,1.0,26.66,3.0,0.53,5.53,1.53,3.33,0.0,-0.6,0.0,0.0,0.54,1.0,0
4.6,0.0,1.0,1.92,-0.92,2.76,1.92,59.11,0.08,-2.68,2.76,1.93,0.0,84.37,4.08,0.0,10.2,1.0,3.12,0.92,1.0,0.0,0.0,0.03,-0.92,0
2.53,0.0,1.0,0.0,1.52,0.0,3.01,30.58,3.51,3.49,5.53,-0.32,0.0,61.36,0.99,8.08,1.0,2.0,10.27,1.01,1.0,0.0,0.51,0.72,0.51,0
0.0,0.0,1.0,0.0,1.0,-1.63,1.18,6.5,1.0,2.0,-2.45,0.83,0.0,-49.81,1.18,0.0,-2.08,1.82,-0.12,0.0,0.18,0.0,0.0,1.14,0.0,0
0.0,0.0,1.0,0.0,0.0,0.0,1.0,19.3,1.0,0.43,0.57,2.4,0.0,0.0,3.0,0.0,3.43,1.0,2.64,3.13,3.0,0.0,0.0,0.8,0.0,0
-1.15,0.0,1.0,0.0,0.0,0.0,0.43,19.44,1.0,-1.29,-4.01,2.54,0.0,12.03,5.72,-1.15,-2.86,-0.15,-1.34,0.0,4.15,0.0,-10.76,1.0,0.43,0
4.63,0.0,1.0,3.37,0.0,-1.08,3.63,22.89,2.9,1.63,1.27,0.08,-2.17,74.59,0.1,0.0,2.27,1.63,4.55,0.37,-0.27,0.0,183.76,1.03,0.63,0
0.0,0.0,1.0,0.0,0.0,2.0,1.0,22.0,1.0,1.0,1.0,0.96,0.0,0.09,3.0,0.0,1.0,1.0,1.0,1.0,3.0,0.0,0.0,1.48,0.0,0
0.0,0.0,1.0,1.66,0.0,0.0,1.34,25.37,1.0,2.36,-1.61,1.74,0.0,85.93,3.0,0.0,17.02,1.34,5.2,1.98,0.0,0.0,1.0,0.37,1.0,0
-0.54,-0.54,1.0,-1.09,0.54,3.46,1.54,44.13,-1.18,-0.54,-9.79,1.83,1.0,-48.42,5.54,0.0,-5.79,0.46,1.45,-0.54,1.0,0.0,0.0,1.17,0.54,0
-1.52,0.0,0.24,-0.76,0.0,5.32,2.24,46.38,1.0,1.52,3.24,0.91,0.76,23.03,0.24,0.76,0.0,1.76,27.08,3.52,1.76,0.0,0.0,0.84,2.0,0
-0.91,0.0,1.0,-0.91,-0.91,4.0,1.0,49.23,1.0,0.91,-4.53,3.23,1.0,-68.83,4.81,0.0,2.19,-0.81,-2.54,0.0,2.81,0.0,6.34,1.15,0.91,0
2.7,0.0,1.0,0.54,1.62,-1.62,2.08,79.32,1.54,0.0,15.7,1.81,0.0,91.56,3.08,7.56,1.54,0.46,16.27,1.08,2.08,0.0,0.54,1.12,0.54,0
-0.57,0.0,1.0,-1.28,0.0,-0.57,0.43,14.58,0.86,0.0,3.0,1.54,0.0,18.0,0.43,0.0,-1.28,2.0,1.32,1.0,0.0,0.0,0.0,0.96,-0.57,0
0.0,-2.81,1.0,1.0,0.0,1.87,0.13,18.75,0.06,0.31,4.06,1.84,-0.94,10.53,2.06,-0.94,20.87,1.06,1.55,-0.94,2.81,0.0,1.0,0.49,1.94,0
0.0,0.0,1.0,0.09,0.0,0.0,1.91,27.91,1.0,3.72,9.06,0.29,0.0,89.12,2.19,0.0,2.81,1.91,1.72,0.91,1.09,0.0,0.0,0.75,0.0,0
0.0,-6.27,1.0,0.0,0.0,-1.14,2.63,31.51,2.25,2.51,4.88,-1.97,0.0,106.8,3.25,-1.25,4.37,2.25,1.7,0.0,1.63,0.0,0.0,0.71,0.0,0
-3.94,10.25,1.0,-0.79,-2.37,4.0,-0.58,44.44,0.21,0.0,-3.94,2.37,1.0,-60.71,2.63,-9.46,7.15,0.21,-11.17,-1.58,-0.58,0.0,-0.79,1.18,-0.79,0
0.0,0.0,1.0,-0.8,0.0,0.0,1.0,59.96,1.0,-0.8,11.34,2.61,0.0,-39.75,-0.39,0.0,1.0,1.0,6.77,2.0,1.0,0.0,0.0,1.38,0.0,0
-1.24,0.0,0.38,0.0,0.0,8.35,1.0,68.45,1.0,1.24,0.0,2.23,3.48,-31.05,3.0,1.86,6.48,1.0,5.43,1.86,2.24,0.62,0.0,1.19,0.0,0
0.0,0.0,1.0,1.72,-0.72,5.05,1.72,29.16,1.0,1.0,2.16,1.54,2.89,108.66,4.0,2.16,2.44,1.0,6.69,2.16,3.44,0.72,0.0,1.08,0.0,0
0.0,-3.54,2.77,0.0,0.0,0.0,3.65,19.54,1.0,0.0,3.0,-1.17,1.77,44.0,2.77,0.0,-0.88,1.88,13.33,0.12,3.65,0.0,0.0,1.0,0.0,0
0.0,0.0,1.0,4.89,0.0,-5.21,1.11,47.52,1.89,-0.77,15.89,-0.5,0.11,114.61,1.0,-0.89,9.89,2.0,5.39,0.11,-0.77,0.0,0.0,0.44,2.0,0
0.0,0.0,1.0,1.0,0.0,2.89,1.28,53.8,1.0,2.11,-2.21,1.37,0.72,14.52,3.72,0.0,19.72,1.28,4.3,-0.72,0.0,0.0,1.0,0.61,1.0,1
1.25,0.0,-0.25,0.62,1.0,0.0,0.75,24.62,2.0,8.12,7.37,-0.09,-1.25,129.34,2.0,1.25,4.75,3.25,3.7,1.0,-0.87,0.0,19.36,0.83,2.62,0
3.27,0.0,1.0,0.35,0.0,-1.31,1.65,0.16,1.0,1.65,1.96,1.07,0.0,90.83,5.0,0.0,4.27,1.65,1.76,0.65,2.0,0.0,-3.27,0.69,0.65,0
0.0,-6.2,1.0,1.0,0.0,4.9,1.0,33.88,1.0,0.62,0.0,-1.37,5.0,16.0,6.86,-0.86,1.62,1.62,2.3,3.48,6.1,0.0,24.0,1.17,0.0,0
-1.56,2.34,0.22,-0.78,0.0,0.78,1.0,28.35,1.78,4.9,0.44,1.69,0.78,107.79,4.78,0.78,2.0,1.78,2.17,3.78,2.0,0.0,0.0,0.9,0.0,0
5.0,-10.02,1.0,1.0,0.0,3.0,3.0,63.85,1.0,1.77,6.0,0.01,0.0,63.0,2.54,-1.54,8.69,2.77,4.38,2.0,1.77,0.0,0.0,0.18,1.0,0
-3.31,0.0,1.0,-1.31,0.0,-1.48,0.34,17.72,2.0,0.0,4.14,0.54,0.17,59.05,1.17,0.0,3.83,2.0,1.94,0.0,0.0,0.0,-106.83,0.99,0.83,0
1.0,-2.9,1.0,0.0,0.0,-0.97,0.07,6.42,3.03,-3.84,1.03,0.14,-0.97,-19.65,0.07,1.97,28.15,2.0,-0.79,-0.97,0.03,0.0,0.0,0.67,1.0,0
2.72,0.0,1.0,0.54,0.0,1.63,2.09,7.85,1.0,0.54,-1.81,-0.65,0.0,57.07,0.46,0.0,5.44,2.54,0.83,1.09,1.0,0.0,0.0,0.64,0.54,0
42.88,0.0,1.0,42.92,164.84,-2.86,1.0,140.91,29.63,26.68,142.11,-1.51,0.0,164.38,1.0,0.0,25.77,2.0,4.21,1.0,-2.86,0.0,0.0,0.74,-0.95,0
0.0,0.0,1.0,0.77,0.0,0.0,1.0,15.58,1.0,0.0,-0.77,1.58,0.0,44.91,1.77,-1.1,23.68,0.45,0.27,2.32,0.77,0.0,0.0,0.51,0.0,0
0.0,0.0,1.0,0.0,0.0,4.0,1.0,59.8,1.0,0.6,1.2,2.59,1.0,59.93,4.8,-0.6,3.4,0.4,3.51,1.8,1.6,0.0,0.0,0.76,0.0,0
0.0,0.0,1.0,0.0,-0.97,3.89,0.03,67.01,0.03,-4.87,-2.92,2.34,0.97,-77.86,1.97,0.0,2.92,1.03,2.05,-0.97,0.0,0.0,0.0,1.13,-1.95,0
1.81,0.81,1.0,1.63,0.0,0.81,2.81,52.35,7.25,2.63,15.01,-1.04,0.0,41.05,-0.44,1.0,18.45,2.81,1.26,-1.63,0.19,0.0,0.0,0.99,2.63,0
0.0,0.0,1.0,1.48,0.0,0.74,1.74,28.42,1.74,0.0,-1.23,1.42,0.74,-2.97,4.74,0.0,2.23,1.74,-5.71,0.26,0.26,0.0,43.03,0.63,0.0,0
0.0,0.0,1.0,-1.21,0.0,4.85,0.39,50.55,1.0,0.0,-2.43,2.67,2.43,-27.91,3.43,0.61,1.39,1.39,-0.85,0.61,2.21,0.0,14.56,0.96,0.0,0
0.0,11.62,1.0,0.0,-0.89,4.0,-0.79,52.06,1.0,-1.79,0.0,2.59,1.0,0.0,3.21,1.79,5.79,0.11,2.87,0.0,0.11,0.0,0.0,1.0,-2.68,0
0.0,0.0,1.0,0.0,-0.9,0.0,0.1,28.29,0.1,-4.51,-1.8,2.38,0.0,-72.14,2.8,0.0,-0.9,1.1,0.91,0.0,0.0,0.0,0.0,0.78,-1.8,0
0.0,0.0,3.0,0.0,-0.83,0.0,3.17,11.67,1.0,-0.83,0.0,1.47,2.0,0.0,2.83,0.0,1.67,1.0,2.57,1.67,4.67,0.0,0.0,0.93,0.0,0
-35.39,0.0,1.0,-29.03,-136.07,4.93,2.79,43.67,-21.81,-21.02,-97.47,0.79,1.0,71.48,0.21,0.0,-8.3,2.0,7.56,1.79,1.0,0.0,3.93,0.54,2.0,0
0.0,0.0,1.0,0.0,0.0,-0.45,0.28,22.32,1.0,-0.45,2.83,2.04,-0.72,52.15,1.72,1.45,2.72,1.0,3.41,3.89,-1.89,0.0,0.0,1.26,0.28,0
1.75,0.0,1.87,0.87,0.0,7.0,2.87,78.76,1.0,-1.5,-3.12,0.51,2.0,10.27,2.0,0.0,-1.62,0.13,4.85,0.13,5.0,0.0,0.0,0.43,1.0,0
2.0,0.0,1.0,1.55,0.0,1.0,1.0,34.16,5.0,1.0,4.45,1.29,1.0,101.8,2.55,-2.19,4.36,0.9,2.27,1.64,0.55,0.0,0.0,0.38,2.0,0
-2.59,1.44,1.0,3.28,0.0,-1.15,0.56,-6.59,3.0,-0.72,-4.31,2.06,0.0,47.77,1.28,1.44,-1.9,0.56,-1.54,-0.72,0.28,0.0,0.0,1.05,0.28,0
0.0,0.0,1.0,0.76,-0.76,0.0,1.0,20.24,0.24,-5.88,-9.94,2.35,0.0,6.12,5.29,0.0,3.24,0.24,1.65,2.0,3.76,0.0,0.0,0.81,-0.76,0
0.0,0.0,1.0,-0.63,0.63,2.57,0.73,80.2,1.63,7.06,9.33,0.13,-0.53,83.62,1.37,-1.9,-0.27,1.63,-0.69,-0.9,3.73,-0.63,0.0,0.6,1.63,0
2.09,0.0,1.0,2.09,0.0,2.09,2.04,35.81,1.0,1.52,-1.56,1.81,0.52,4.69,4.52,0.0,0.52,1.0,-4.72,0.0,3.0,0.0,110.75,0.96,1.0,0
0.0,0.0,1.0,-0.71,0.71,0.0,1.71,18.82,1.0,0.71,3.0,-0.35,0.0,-26.56,-1.12,0.0,0.71,1.0,12.71,1.0,0.29,0.0,0.0,0.84,0.0,0
0.0,0.0,1.0,0.0,0.0,8.5,2.93,121.38,1.0,1.86,5.79,-1.11,1.86,91.65,2.93,0.0,4.07,0.07,5.2,0.93,4.72,0.0,0.0,0.21,0.93,0
1.0,1.5,1.0,3.25,0.0,1.0,2.0,23.5,2.25,0.0,-2.25,2.06,0.0,39.71,1.25,1.5,5.25,0.5,0.33,0.0,1.0,0.0,0.0,0.79,1.0,0
0.0,5.54,1.0,-0.77,0.0,-3.86,-0.54,24.49,1.0,-1.54,0.0,2.54,-3.09,37.06,-0.77,-2.32,-2.09,1.54,-2.3,-0.54,-1.54,-0.77,0.0,0.72,0.0,0
0.0,0.0,1.0,-0.87,0.0,7.12,1.0,91.23,1.0,-1.62,3.25,1.07,1.75,36.65,0.13,0.0,-13.74,0.13,1.74,1.87,5.37,0.0,-0.87,1.08,1.0,0
0.0,0.0,1.71,0.71,0.29,0.0,2.29,27.58,1.71,2.71,1.42,0.13,0.0,46.73,2.71,0.0,10.79,1.71,2.59,0.71,1.0,0.0,0.0,0.61,0.88,0
2.0,0.0,1.0,1.0,0.9,0.0,3.81,25.52,1.0,5.9,7.0,-0.3,0.0,79.0,2.0,2.0,6.9,3.0,3.22,0.0,0.0,0.0,31.0,1.06,3.71,0
0.0,0.0,1.0,3.0,0.0,-1.92,1.04,-22.44,1.0,0.0,1.12,0.24,1.0,3.37,0.04,0.96,0.08,2.96,1.85,0.0,1.0,0.0,0.0,1.11,0.0,0
0.0,0.0,1.0,0.88,0.0,-3.5,3.0,-18.66,1.88,0.0,6.63,-1.14,-0.88,101.18,-2.5,0.0,-2.63,1.88,26.4,2.88,0.12,0.0,0.0,0.25,2.0,0
0.57,13.0,1.0,3.27,0.0,1.57,1.57,50.1,2.13,-0.57,4.0,-0.26,0.0,114.71,-0.13,0.0,4.4,2.57,5.63,1.0,-0.13,0.0,-3.97,0.38,0.0,0
0.0,0.0,1.0,0.0,0.0,-1.44,0.28,-5.71,1.0,0.72,-2.17,4.1,0.0,-44.04,0.0,1.0,-1.17,0.0,0.19,1.0,0.0,0.0,0.0,1.18,0.0,0
-1.77,0.0,0.12,0.0,0.0,0.0,0.12,28.08,1.0,4.42,2.77,1.42,0.0,14.15,4.88,0.0,16.81,1.88,1.63,1.0,0.12,0.0,0.88,0.64,0.88,0
0.0,9.9,1.0,3.0,-0.99,4.95,1.01,55.58,1.0,-1.98,4.0,4.3,1.0,62.0,-0.98,2.97,2.0,1.01,4.17,0.0,0.01,0.0,0.0,0.84,0.0,0
4.0,0.0,1.0,9.4,3.0,5.7,2.7,93.6,1.7,0.0,2.3,0.69,0.7,78.6,1.7,-2.79,8.0,0.3,6.18,0.3,1.0,0.0,40.5,1.19,0.0,0
0.0,0.0,1.0,-0.95,0.0,4.0,1.0,63.85,0.05,0.0,-2.85,1.67,1.0,-67.37,3.0,1.9,27.72,1.0,0.83,-0.95,1.0,0.0,0.0,0.92,0.0,0
0.0,1.71,1.0,1.0,-0.85,4.0,-0.71,8.91,1.0,-1.71,0.0,3.89,2.0,0.0,1.29,1.71,-0.56,0.15,1.22,1.85,6.15,0.0,0.0,0.55,-2.56,0
4.76,0.76,1.0,5.52,0.0,4.76,3.0,81.44,2.52,0.24,11.43,0.4,1.0,65.19,1.24,-0.76,16.24,1.0,5.34,1.76,1.0,0.0,199.0,0.74,1.52,0
1.73,0.0,1.0,1.0,0.0,-6.91,1.86,-13.57,1.0,5.32,6.04,0.72,-4.32,154.38,1.41,0.86,5.32,2.73,3.03,-0.86,-0.59,0.0,6.04,1.0,0.86,0
0.0,0.0,1.0,4.0,0.0,1.0,2.0,89.94,1.0,1.0,15.0,0.59,1.0,88.0,1.0,-0.69,6.92,2.0,7.02,1.0,0.31,0.0,0.0,0.93,2.0,0
14.25,8.88,1.0,14.62,54.8,0.68,1.0,78.58,10.19,8.87,48.98,0.39,0.0,73.4,1.32,0.0,9.55,1.68,4.23,0.68,1.0,0.0,0.0,0.73,0.0,0
1.0,0.67,1.0,2.34,1.0,0.67,1.0,56.44,1.67,1.34,15.71,0.34,0.0,102.1,1.33,-0.67,14.05,3.0,6.58,0.67,1.0,0.0,0.0,0.33,0.67,0
0.0,7.59,1.0,-0.58,0.0,2.0,1.42,60.42,1.0,0.0,1.25,0.84,0.0,28.31,1.42,1.17,7.33,0.42,0.15,-1.17,0.42,0.0,0.0,0.55,0.0,0
0.0,13.0,1.0,0.0,0.0,-3.04,1.0,-15.17,1.0,0.0,2.28,-0.33,-0.76,33.42,-1.52,2.0,1.96,0.0,9.25,0.76,0.0,0.0,0.0,1.04,0.0,0
0.0,1.37,1.0,0.0,0.0,0.0,1.0,15.53,1.0,-0.68,0.0,2.08,0.0,0.0,-0.37,2.37,1.63,1.32,1.51,0.68,0.32,0.0,0.0,0.8,0.0,0
-1.1,2.0,1.0,-0.55,0.55,2.0,1.0,44.45,1.0,-2.2,-0.31,1.23,0.0,39.61,1.55,-1.1,-2.76,1.9,3.06,1.0,1.55,0.0,-17.09,0.48,0.0,0
0.0,-0.6,2.0,2.79,0.0,-2.39,2.6,21.62,2.0,3.0,4.39,-3.4,0.6,103.07,3.6,0.0,15.2,3.2,4.19,0.4,1.6,0.0,0.0,0.63,0.0,0
-1.89,0.0,0.06,-0.94,0.0,3.0,-0.89,31.06,1.0,0.94,-2.83,2.73,0.0,-58.48,1.94,0.0,3.77,2.0,0.01,1.89,1.89,0.0,0.0,0.67,0.0,0
-35.75,0.0,1.0,-35.93,-141.28,0.0,2.0,-87.16,-19.68,-21.87,-117.23,0.26,0.0,-30.03,1.18,2.63,1.37,2.82,-0.53,0.0,0.18,0.0,0.0,0.72,1.0,0
0.0,0.0,1.0,-0.68,0.0,0.0,1.0,18.05,0.32,0.0,-1.05,3.76,0.0,-48.62,0.32,0.68,1.0,0.63,0.72,1.0,1.0,0.0,0.0,1.0,0.0,0
0.0,0.0,1.0,-0.9,0.0,-0.59,-0.79,30.21,1.0,-1.79,-2.69,2.22,-3.59,-10.76,0.1,-2.69,-3.59,2.9,-4.65,-2.69,-2.69,-0.9,0.0,0.13,0.0,0
-2.78,0.0,1.0,-4.56,-2.09,-3.48,1.3,-34.94,1.0,0.0,2.3,0.2,0.0,35.14,1.0,0.0,-4.56,1.7,1.51,1.3,1.0,0.0,0.0,1.0,0.0,0
0.0,0.0,1.0,0.0,-0.64,0.0,0.36,28.44,1.0,0.0,-0.64,2.08,0.0,-26.85,1.64,0.0,-0.64,2.0,0.34,0.0,1.28,0.0,4.47,1.08,0.0,0
-3.54,0.0,1.0,0.0,0.0,0.87,-0.42,-1.4,1.0,0.0,-4.25,2.73,0.0,26.23,4.13,0.0,-5.09,0.29,-2.51,-1.42,4.71,0.0,0.0,1.44,0.29,0
1.95,0.0,1.0,0.98,0.0,4.0,1.98,65.88,1.0,4.88,3.9,1.64,1.0,34.15,3.98,1.95,9.85,2.95,-7.17,-0.98,0.02,0.0,30.25,0.79,0.98,0
0.0,0.0,2.24,0.0,0.0,2.0,2.86,23.47,1.0,1.0,0.38,1.03,1.24,0.0,3.62,0.0,0.38,0.38,0.79,0.38,3.24,0.0,0.0,1.12,0.0,0
5.01,0.01,1.0,3.02,3.0,6.97,1.01,848.99,3.04,18.03,44.19,1.89,0.99,8.95,2.98,2.0,42.18,8.01,4.5,-0.99,0.0,0.0,11.0,1.0,-0.98,0
4.96,0.0,1.0,0.99,0.0,-0.99,2.98,20.01,1.0,0.99,5.95,3.11,-0.99,62.48,-1.98,1.0,7.94,0.99,2.95,2.98,0.0,0.0,0.0,0.33,0.99,0
0.0,0.0,1.0,0.75,0.0,6.01,1.0,46.05,1.0,1.0,-0.75,1.02,3.76,-19.53,6.01,-2.25,1.5,-0.5,1.96,4.0,7.25,0.0,18.03,1.15,0.0,0
0.0,5.11,1.0,-1.4,0.0,1.0,3.7,39.62,2.0,8.51,1.7,0.1,1.0,94.47,3.7,1.7,-2.11,2.0,1.28,1.7,1.7,0.0,-40.72,1.0,0.0,0
0.0,0.0,1.0,0.75,0.0,2.0,2.75,140.68,1.0,2.26,9.77,0.78,0.0,127.9,2.75,-1.5,-0.26,1.0,5.14,0.0,1.75,0.0,0.75,0.49,0.0,0
0.0,0.0,1.0,1.17,0.0,2.93,1.59,65.76,1.0,1.0,0.59,1.91,0.0,15.81,4.0,0.0,3.51,0.41,0.71,0.59,3.0,0.0,9.93,0.85,1.0,0
-1.41,0.0,1.0,1.0,0.0,8.0,1.0,76.47,2.41,-2.82,-3.53,0.84,5.0,6.82,5.0,-0.41,4.53,0.29,1.42,1.71,3.71,0.0,2.11,0.6,0.71,0
0.0,-1.21,1.0,0.0,0.0,3.82,1.0,26.45,1.0,1.0,-0.82,2.11,0.61,-36.35,4.21,1.21,2.21,-0.21,2.01,3.42,2.0,0.0,0.0,1.28,0.0,0
1.97,2.0,0.34,0.0,0.0,3.97,1.0,69.93,1.0,0.66,4.97,1.1,0.0,60.66,0.34,0.0,7.22,3.66,4.47,2.31,1.0,0.0,0.0,0.42,0.66,0
0.0,0.0,1.0,0.51,0.0,0.0,1.0,6.74,1.0,0.51,-6.57,0.58,0.0,25.27,2.01,0.0,0.0,2.0,-1.32,0.0,0.51,0.0,0.0,1.0,0.0,0
0.0,-9.2,1.0,1.0,0.0,1.0,2.0,51.42,1.0,3.71,8.0,0.72,0.0,87.0,5.12,-1.42,10.29,1.71,3.53,2.42,3.12,0.0,0.0,0.66,0.0,0
3.82,0.0,1.0,0.76,2.29,-3.05,2.53,4.97,1.76,0.0,3.82,-0.67,-0.76,58.77,-0.53,11.68,0.71,2.0,13.59,1.53,1.76,0.0,0.76,0.48,0.76,0
0.8,0.0,1.0,3.2,0.0,3.2,1.8,64.2,2.6,-0.8,-0.8,1.06,1.0,74.31,2.2,0.0,8.0,1.8,2.57,-0.8,0.2,0.0,0.0,0.51,0.8,0
45.0,0.0,1.0,43.42,173.0,0.0,0.42,141.13,28.84,27.42,146.58,0.12,0.0,85.23,1.42,0.0,21.62,0.42,7.88,0.0,1.0,0.0,0.0,1.31,-1.16,0
5.91,-7.88,1.0,5.93,2.96,1.97,1.99,814.21,6.91,20.69,61.09,1.25,0.0,195.58,1.01,0.99,58.14,8.88,8.66,4.0,1.0,0.0,10.84,0.54,0.99,1
0.0,0.0,1.0,-2.64,0.0,4.0,0.12,61.0,1.0,0.88,-3.52,1.98,0.12,-54.56,4.76,0.0,4.88,0.12,3.98,3.52,4.52,0.0,0.0,1.0,0.0,0
0.0,0.0,1.0,0.0,0.0,0.0,1.0,25.12,1.0,0.82,-0.65,2.87,0.0,-41.19,3.65,0.0,4.3,0.18,1.86,3.65,2.65,0.0,0.0,0.75,0.0,0
-1.47,0.0,1.0,-0.73,0.0,6.27,2.0,45.54,-1.93,2.0,-1.66,2.05,0.27,-10.29,1.0,1.0,-2.93,1.27,2.44,2.0,2.0,0.0,0.0,1.36,-1.47,0
0.0,0.0,1.0,2.93,0.0,-0.98,1.98,-11.35,1.0,-0.98,2.02,-0.08,0.98,30.33,1.0,0.0,0.0,1.98,13.72,0.02,1.0,0.0,0.0,1.01,-0.98,0
0.0,0.0,1.0,0.0,0.0,4.13,2.73,32.33,1.0,-0.87,-0.87,1.77,1.0,-32.07,3.0,2.0,0.27,1.0,27.07,5.87,1.0,0.0,0.0,0.54,0.87,0
0.0,0.0,1.0,2.62,0.0,4.54,1.54,50.31,1.0,0.0,8.12,1.0,2.54,-6.5,0.83,0.0,6.33,1.54,4.15,1.54,6.46,0.0,0.0,0.34,1.08,0
0.0,0.0,1.0,0.0,0.0,-4.66,2.93,-8.65,4.87,7.73,5.8,-0.53,-0.93,141.1,2.0,1.93,-1.8,2.93,0.34,0.0,1.0,0.0,0.0,0.75,0.0,0
0.0,0.0,1.0,0.1,0.0,4.51,1.1,51.92,1.2,0.1,0.2,2.05,0.9,6.53,2.9,1.8,2.89,1.1,5.26,4.6,1.0,0.0,0.0,0.95,0.2,0
0.0,2.0,1.0,0.0,0.0,-2.8,1.0,-15.46,1.0,0.0,2.1,1.6,-0.7,30.76,-1.4,2.0,-2.8,0.0,8.52,1.7,0.0,0.0,0.0,1.04,0.0,0
44.49,0.0,1.0,43.5,171.04,3.02,1.0,187.53,29.67,26.69,143.36,-0.22,1.0,96.89,1.01,0.0,30.69,1.0,3.99,-0.99,0.01,0.0,0.0,1.0,0.0,0
0.0,-1.23,1.0,0.0,0.0,1.84,1.0,24.68,1.0,0.0,1.0,1.09,0.0,0.0,5.23,-1.23,1.23,1.61,0.72,0.39,3.45,0.0,0.0,0.61,0.61,0
0.0,0.0,1.0,0.51,0.0,0.0,1.0,24.08,1.0,0.0,1.0,2.06,0.0,51.3,3.54,0.0,0.49,1.0,2.17,2.0,2.03,0.0,0.0,1.0,0.0,0
0.91,0.0,1.0,3.65,0.0,-1.83,1.91,18.74,2.83,1.0,0.0,-0.53,0.0,84.95,3.0,0.0,6.65,1.91,4.91,4.0,2.26,0.0,0.0,0.63,0.0,0
0.0,5.48,1.0,-0.61,0.0,0.0,1.0,19.0,1.0,0.0,0.0,1.7,0.0,-60.89,-0.22,1.22,2.0,1.39,-1.15,-1.83,0.39,0.0,0.0,1.29,0.61,0
2.16,0.0,1.0,4.0,0.0,4.0,3.0,65.04,2.84,-2.68,-4.6,0.55,1.0,41.04,2.0,-1.84,5.6,0.08,4.84,1.92,1.92,0.0,170.48,0.57,0.92,0
0.0,3.0,1.0,0.0,0.0,4.0,1.0,41.25,0.11,-2.68,-2.68,6.02,0.0,-71.38,0.0,1.0,0.89,-0.89,0.11,-0.89,0.0,0.0,0.0,0.55,-1.78,0
0.0,-12.15,1.0,0.93,0.0,3.74,1.0,21.93,1.0,0.0,0.0,1.39,1.87,0.0,3.8,-0.87,0.2,2.93,1.36,0.93,7.54,0.0,0.0,0.2,0.0,0
-4.22,9.0,1.0,-0.84,0.0,-0.53,-0.69,5.86,1.0,0.0,-5.06,2.77,0.0,-53.18,3.69,1.0,-6.75,0.16,-0.45,1.69,3.38,0.0,0.0,1.06,-0.84,0
0.0,0.0,1.0,0.93,0.0,-0.67,1.0,31.09,1.0,0.93,0.0,1.63,0.07,93.48,5.8,0.0,1.2,1.0,1.1,0.0,1.93,0.0,0.0,1.0,0.0,0
0.0,-1.59,1.0,0.0,0.0,-0.53,-0.06,8.04,0.47,-1.12,0.53,1.83,-0.53,14.86,3.53,-0.53,4.06,0.47,4.35,5.06,5.53,0.0,0.0,0.74,0.0,0
-24.7,0.0,1.0,-19.05,-94.95,1.55,2.55,14.39,-14.37,-14.37,-65.13,0.31,1.55,56.17,1.0,0.0,-4.72,2.55,7.59,1.0,0.45,0.0,31.83,0.7,2.0,0
2.0,0.0,2.0,0.4,0.0,-2.99,3.0,-5.47,1.0,0.0,3.0,0.96,-2.99,52.45,0.21,-0.6,0.6,1.0,2.8,-0.6,1.6,0.0,-14.33,0.52,0.6,0
0.0,0.0,1.0,1.0,-0.91,6.73,-0.82,22.73,1.0,-1.82,0.0,2.99,2.0,0.0,2.09,0.0,-0.73,1.91,1.54,1.0,6.09,0.0,0.0,0.09,-2.73,0
0.0,0.0,1.0,1.0,0.0,1.56,2.0,41.29,3.0,1.0,0.44,0.81,0.0,43.19,2.0,0.0,11.0,2.52,-2.28,0.48,0.48,0.0,0.0,0.21,2.0,0
0.75,0.75,1.0,3.5,0.0,-0.5,2.75,54.47,5.0,2.25,13.49,-1.06,1.0,106.69,1.25,0.0,17.24,2.75,5.94,0.75,-2.25,0.0,58.0,0.67,0.75,1
-1.05,0.0,1.0,-0.52,0.52,-0.52,1.52,67.65,-0.57,2.1,11.95,2.46,-0.52,55.25,2.0,0.0,-1.62,1.0,7.06,0.52,1.52,0.0,0.0,1.19,0.0,0
0.0,13.0,2.91,0.0,0.0,0.0,3.87,22.82,1.0,0.0,-1.91,0.8,1.91,-47.79,0.96,2.0,5.0,-0.96,-0.04,0.0,1.91,0.0,0.0,1.0,0.0,0
5.0,0.0,1.0,1.0,3.0,0.91,3.0,38.18,2.0,0.0,5.0,0.04,0.0,77.0,2.09,14.0,1.0,1.0,18.5,2.0,2.0,0.0,1.0,0.71,1.0,0
0.0,0.0,2.57,1.0,0.0,0.0,4.35,126.22,1.0,2.22,9.0,-0.46,1.57,89.0,2.0,0.0,17.43,2.0,4.49,0.0,3.35,0.0,1.0,0.6,0.0,1
-3.05,0.0,1.0,-0.61,0.0,-1.83,0.39,-5.97,2.22,2.83,-1.83,1.79,0.0,6.1,4.61,0.61,-6.1,1.0,-1.91,-1.22,3.0,0.0,7.0,1.29,0.39,0
2.45,0.0,1.0,2.45,0.0,1.23,1.61,16.71,1.0,1.61,-1.84,1.37,0.61,-4.9,3.0,0.0,1.55,1.0,3.4,2.61,3.0,0.0,121.99,0.97,0.0,0
0.0,3.0,1.0,0.0,0.0,4.0,1.0,35.0,1.0,0.0,-0.99,4.34,0.0,0.0,-0.99,1.99,1.98,0.99,1.43,-1.98,0.0,0.0,0.0,0.29,0.0,0
-3.48,-0.58,1.0,-2.9,-1.74,2.58,0.42,-453.55,-2.48,-11.17,-34.92,2.64,0.0,-56.2,3.0,-1.16,-30.87,-3.06,-1.74,1.0,3.16,0.0,-6.37,0.99,-0.58,0
0.0,0.0,1.0,0.0,0.0,2.0,2.0,63.35,1.0,0.78,2.22,-0.59,0.0,61.0,2.0,0.0,5.78,1.0,1.12,-1.56,1.0,0.0,0.0,0.4,0.0,0
0.0,0.0,1.0,0.86,0.0,1.29,0.14,-12.22,1.0,0.0,-2.57,3.69,0.0,33.36,2.0,0.0,-2.28,1.0,1.71,3.42,4.0,0.0,0.0,0.92,1.0,0
0.0,0.0,1.0,0.0,0.0,0.0,1.0,21.0,1.0,0.0,0.0,4.2,0.0,0.0,0.0,1.0,1.0,0.0,1.0,1.0,0.0,0.0,0.0,1.0,0.0,0
0.0,10.0,1.0,0.0,0.0,5.0,0.13,77.95,1.87,7.82,10.43,4.26,0.0,43.46,-1.74,3.0,2.87,0.87,1.3,0.0,0.0,0.0,0.0,0.62,0.0,0
2.0,0.0,1.0,0.5,0.0,2.01,2.0,38.62,1.0,4.5,7.0,0.13,0.5,28.67,0.99,2.0,7.51,3.0,4.14,0.0,0.0,0.0,31.0,1.1,1.0,1
0.0,0.0,1.0,0.0,0.0,0.0,1.0,20.18,1.0,0.0,0.0,1.07,0.0,0.0,1.82,1.0,3.0,2.0,1.43,0.0,0.18,0.0,0.0,0.28,0.0,0
0.0,-6.93,1.0,0.0,0.0,0.0,1.53,23.67,2.07,2.13,2.6,1.8,0.0,38.92,3.07,-0.53,-1.13,2.07,2.18,2.0,1.53,0.0,0.0,0.93,0.0,0
1.0,0.0,1.0,4.0,0.0,4.06,2.76,52.53,3.0,1.53,1.53,-0.33,0.76,124.36,1.24,0.76,4.47,2.76,3.68,1.53,-0.53,0.0,0.0,0.59,0.24,0
0.0,11.54,1.0,1.0,0.73,-0.46,1.0,32.59,1.73,7.3,11.3,-0.09,0.0,85.35,1.0,0.0,2.46,1.27,3.4,0.27,1.0,0.0,0.0,0.83,0.73,0
0.0,-2.4,1.0,0.0,0.0,-3.2,1.0,9.8,1.0,1.0,0.8,-1.48,0.0,0.0,3.6,-0.8,2.8,1.8,0.67,1.6,0.8,0.0,0.0,1.3,0.0,0
0.0,0.0,1.0,0.0,0.0,2.17,1.0,48.43,1.0,1.0,-1.63,1.34,0.54,-23.88,3.09,0.0,4.17,1.0,-4.97,-0.54,1.0,0.0,0.0,0.73,0.0,0
-0.98,1.99,1.0,3.0,0.0,3.0,1.01,39.06,1.0,0.0,-2.99,1.25,1.0,50.01,2.0,0.0,-9.96,2.0,3.48,0.0,1.0,0.0,199.0,1.2,-1.0,0
1.12,0.0,1.56,1.56,0.0,1.0,3.12,51.68,1.0,2.44,8.56,-0.6,0.0,65.72,1.88,0.0,9.88,1.0,3.1,-0.68,0.44,0.0,0.0,0.87,0.0,0
0.5,0.0,1.0,1.01,1.0,-1.51,2.5,41.66,4.02,6.51,12.08,-2.86,0.0,124.91,2.5,0.0,11.6,3.01,3.14,1.0,1.5,0.0,0.0,0.76,3.01,0
0.0,0.0,2.0,1.0,0.0,0.0,2.0,25.76,2.0,3.0,1.38,0.7,0.0,66.0,1.14,0.0,15.24,2.62,2.53,0.38,1.0,0.0,0.0,0.7,0.0,0
-0.64,-0.64,1.0,-1.28,0.0,3.0,0.36,11.75,-1.56,-1.28,-8.33,2.35,0.0,-8.33,2.0,0.0,-10.17,0.36,-0.52,0.0,4.0,0.0,0.0,1.26,0.36,0
0.0,2.44,1.0,0.0,1.0,0.81,3.63,43.21,1.81,5.26,-0.81,-0.88,0.81,-22.79,1.19,0.81,0.37,1.81,-0.43,-1.63,0.19,0.0,0.0,1.17,0.0,0
0.0,-5.62,1.0,0.0,0.0,6.87,1.0,45.25,1.0,0.0,0.0,2.72,1.0,0.0,2.38,1.38,4.5,1.62,5.4,5.0,2.25,0.0,0.0,1.02,0.0,0
0.0,0.0,1.0,0.0,0.0,4.0,1.0,57.92,1.0,0.0,1.23,0.76,1.0,27.13,1.15,0.0,5.0,1.0,9.97,0.0,1.0,0.0,0.0,0.76,1.0,0
0.0,3.0,1.0,0.0,-0.8,4.0,0.2,34.2,1.0,0.0,0.8,6.9,0.0,46.17,0.8,1.0,0.8,0.0,2.68,2.39,0.8,0.0,0.0,0.37,-0.8,0
-0.55,1.09,1.0,-1.09,0.0,0.0,1.55,1.83,-0.64,1.09,-8.27,1.11,0.55,-9.27,2.09,0.55,-10.45,2.0,1.08,1.0,1.0,0.0,0.0,1.06,-1.09,0
0.0,2.0,1.0,-0.88,0.0,5.5,0.12,69.52,-0.75,-0.88,1.25,2.55,0.88,2.2,1.88,0.0,-6.13,2.12,2.52,0.12,1.0,0.0,0.0,0.95,-1.75,0
0.0,-1.37,1.0,3.05,0.0,0.0,1.68,27.0,1.0,1.0,2.73,-0.34,0.68,142.35,4.68,-1.37,2.37,2.37,1.96,-0.68,2.68,0.0,0.0,1.0,0.0,0
0.0,9.46,1.0,4.0,0.0,5.73,2.0,132.19,1.0,1.0,15.0,2.13,1.0,88.0,0.05,2.84,9.0,0.11,8.62,1.0,0.05,0.0,0.0,0.34,2.0,0
4.89,0.0,2.0,6.78,2.17,3.61,3.72,79.08,1.0,0.0,3.0,0.68,0.0,88.01,2.0,0.0,5.78,1.0,-1.83,0.0,1.0,0.0,0.0,0.5,0.0,0
0.0,-2.97,1.0,0.0,0.0,4.99,0.01,87.74,0.01,-4.95,1.98,2.39,0.01,-10.89,2.01,-0.99,8.95,0.01,2.24,-0.99,1.0,0.0,0.0,0.51,0.0,0
5.0,0.0,1.0,1.0,0.0,1.43,3.0,56.08,1.0,0.22,6.78,-0.39,0.0,102.22,-0.57,0.0,10.22,2.78,5.45,1.22,0.22,0.0,0.0,0.33,1.0,0
0.0,-10.99,1.0,0.0,1.0,0.0,2.0,20.0,1.0,1.0,1.0,1.7,0.0,42.0,3.85,-1.69,-1.54,2.69,1.23,0.0,1.85,0.0,0.0,0.84,1.0,0
0.0,0.0,1.0,0.92,0.0,-0.92,1.0,5.93,1.0,3.75,4.58,0.63,0.0,23.79,3.92,0.0,8.49,1.0,4.8,4.92,5.0,0.0,0.0,1.29,0.0,0
0.0,0.0,1.0,0.18,0.0,8.08,0.18,39.59,1.0,-4.08,-4.08,3.4,2.82,-63.67,3.0,1.63,-11.88,0.18,2.36,5.08,7.82,0.0,-0.82,0.89,-0.82,0
0.0,0.0,1.0,1.77,0.0,-1.77,2.59,24.47,1.0,4.0,12.35,-0.82,0.59,124.5,1.41,0.0,3.0,2.59,3.2,1.0,-0.77,0.0,0.0,0.74,-0.59,0
0.0,0.0,1.0,0.64,-0.64,0.0,2.36,12.59,1.0,-1.28,4.0,1.64,0.0,103.1,1.0,0.0,-1.28,1.0,29.49,4.56,1.0,0.0,0.0,0.28,2.0,0
-0.58,0.0,1.0,-0.58,-0.58,0.0,2.0,23.42,3.0,4.0,0.68,0.51,0.0,53.28,1.42,3.32,1.58,2.0,0.3,0.58,0.42,0.0,0.0,0.92,0.0,0
0.0,0.0,1.0,-0.68,0.0,0.0,2.32,-46.7,1.0,-2.05,-2.16,0.83,0.0,-21.91,0.32,0.0,-13.0,1.0,25.28,2.0,0.32,0.0,-0.68,0.74,2.0,0
2.92,0.0,1.0,4.96,0.0,1.96,2.0,43.22,6.84,0.0,2.88,-1.08,0.96,64.24,0.08,0.0,9.84,2.96,0.15,-2.88,-0.92,0.0,0.0,0.56,2.92,0
0.0,0.87,1.0,0.0,0.0,8.49,1.0,32.49,1.0,0.0,-0.87,7.05,0.0,0.0,-2.49,0.0,4.0,1.13,-0.29,0.0,1.13,0.0,0.0,0.62,0.0,0
37.42,13.0,1.0,36.59,143.86,0.0,1.0,131.26,25.12,23.28,120.58,-0.09,0.0,81.49,0.83,2.0,27.45,-0.83,1.99,-0.83,0.0,0.0,0.0,1.16,0.0,0
3.77,0.63,1.0,3.14,1.88,2.51,1.63,543.66,4.77,14.19,37.69,1.62,0.0,29.53,3.0,1.26,41.06,5.4,3.61,2.0,2.37,0.0,6.91,0.4,0.63,1
2.0,0.0,1.0,0.41,0.0,1.0,1.0,36.22,5.0,1.0,5.0,-0.2,1.0,10.79,0.82,0.0,6.59,2.0,2.04,0.0,-0.59,0.0,0.0,0.39,2.0,0
1.0,0.0,1.0,1.0,1.0,1.63,1.0,11.02,1.0,-0.82,0.91,1.33,0.0,13.89,2.82,0.0,2.0,3.0,4.01,-0.82,3.45,0.0,0.0,0.61,0.0,0
0.0,0.0,1.0,-1.31,0.0,1.96,0.35,41.9,0.35,1.0,2.0,2.44,0.0,73.83,4.65,0.0,2.65,0.35,2.17,3.0,2.65,0.0,-37.94,0.51,0.0,0
0.0,0.0,1.0,1.0,0.0,5.33,1.13,72.52,1.0,-0.46,-0.66,2.03,0.87,10.78,3.87,1.73,10.13,0.13,6.0,4.46,1.0,0.0,0.0,1.12,0.0,0
0.72,0.0,1.0,-1.15,0.0,1.0,2.0,52.15,3.15,3.72,6.57,0.18,-0.72,78.41,3.72,0.72,11.72,1.0,2.17,1.0,1.0,0.0,0.0,0.86,0.72,0
0.0,0.0,2.92,-0.96,0.0,3.0,3.87,26.25,1.0,-0.96,0.0,0.26,1.92,-95.78,-1.87,0.0,-0.96,2.0,1.33,0.0,1.92,0.0,0.0,0.95,0.0,0
0.8,8.2,1.0,0.8,0.8,-1.21,1.0,46.21,1.0,0.0,4.01,-2.61,0.0,61.01,3.61,1.0,1.61,3.41,3.73,-0.8,0.8,0.0,0.0,0.41,0.0,0
0.0,-2.13,1.71,0.71,0.0,3.29,0.29,56.03,1.0,-1.42,0.71,1.9,0.29,-4.26,5.0,-0.71,13.94,1.0,3.3,0.0,1.0,0.0,0.0,0.57,0.0,0
0.0,0.0,1.0,1.0,0.7,0.0,1.7,33.03,1.0,2.41,0.0,2.05,0.0,100.0,5.7,-1.41,-15.87,0.3,1.04,0.0,1.7,0.0,0.0,0.59,0.0,0
1.0,-2.65,1.0,1.0,1.0,-3.53,1.88,22.83,1.0,3.53,13.82,-4.65,0.0,153.59,3.76,-0.88,4.65,4.76,5.46,0.88,1.88,0.0,0.0,0.72,0.0,0
0.0,0.0,1.0,0.0,-0.8,5.58,1.0,68.84,0.2,-2.39,0.0,0.36,1.59,-37.48,1.0,2.0,26.0,1.2,1.02,0.0,3.19,0.0,0.0,0.49,-0.8,0
0.0,1.67,1.0,0.0,1.0,1.67,2.0,37.54,1.0,0.16,3.51,0.86,0.0,92.11,2.16,0.0,-0.67,2.67,4.53,0.84,1.0,0.0,0.0,0.61,1.0,0
0.0,-7.62,1.0,0.85,0.0,2.31,1.85,132.14,1.0,2.54,7.62,0.33,1.0,75.38,3.0,-0.85,20.09,1.85,6.15,0.0,1.85,0.0,0.85,1.03,0.0,0
0.74,2.0,1.0,0.0,0.0,2.0,1.74,43.53,3.21,0.0,4.47,0.1,0.0,96.83,1.0,0.74,0.74,3.74,4.28,1.0,1.74,0.0,0.0,0.52,0.74,0
1.19,0.0,1.0,1.59,0.0,-2.37,2.0,132.34,3.37,3.59,11.97,-1.28,0.59,130.55,2.59,0.0,20.19,2.0,5.48,0.0,-0.19,0.0,1.0,0.58,1.19,1
0.0,0.0,1.0,1.0,0.0,11.71,1.0,55.01,1.0,0.0,-12.06,-0.3,5.93,-30.38,5.93,1.0,3.78,1.0,-3.11,1.0,3.0,0.0,24.0,0.93,0.0,0
0.0,4.98,1.0,1.0,0.0,0.0,1.0,18.0,2.0,0.0,3.0,1.13,0.0,71.0,0.45,0.0,-13.4,0.89,3.03,1.55,0.0,0.0,0.0,0.87,0.55,0
37.38,9.0,1.0,35.72,143.72,0.0,1.0,131.49,24.26,23.26,118.8,1.22,0.0,22.43,0.83,2.0,22.43,-0.83,2.56,0.17,0.83,0.0,0.0,1.22,1.0,0
-1.12,0.0,0.44,0.0,0.0,0.0,0.44,22.88,1.0,1.0,0.0,0.67,0.0,-3.37,1.44,0.0,2.56,1.0,1.35,1.12,1.0,0.0,0.0,1.09,0.0,0
-2.65,0.0,1.0,1.53,0.0,1.06,1.47,51.7,1.0,4.47,3.41,0.42,0.0,85.41,3.0,0.0,16.35,1.47,3.12,-0.53,0.0,0.0,3.65,0.77,0.47,1
0.0,0.0,1.0,0.0,0.83,-0.15,1.83,53.54,1.0,0.83,0.83,-0.63,1.0,34.83,4.66,0.0,2.51,0.17,4.35,0.0,0.17,0.0,0.0,0.79,1.83,0
-5.24,-0.87,1.0,-4.36,-1.62,-0.87,0.13,-692.82,-3.24,-8.33,-41.11,1.26,0.0,7.35,1.87,-1.75,-47.74,-4.98,-2.67,0.0,4.49,0.0,-9.6,1.23,1.0,0
0.0,0.0,2.42,1.0,-0.71,0.0,3.42,20.0,1.0,-0.71,2.29,0.62,1.42,26.24,0.29,0.0,0.29,1.0,3.44,2.0,2.42,0.0,0.0,1.12,-0.71,0
-1.48,2.97,1.0,-0.74,0.0,3.26,1.0,44.67,-1.97,-0.74,-3.71,2.87,0.26,-51.96,1.52,0.0,0.29,-0.48,1.74,0.74,1.0,0.0,0.0,1.37,-1.48,0
0.0,0.0,1.0,1.0,0.0,0.0,1.0,19.55,1.0,-0.72,0.0,3.26,0.0,100.0,1.28,0.0,0.0,1.72,3.52,4.0,1.72,0.0,0.0,0.5,0.0,0
0.0,0.0,1.0,-1.77,0.0,7.09,0.11,67.06,1.0,0.0,-2.54,2.52,3.54,-40.74,5.54,0.89,0.11,0.11,0.76,2.89,2.77,0.0,21.26,0.94,0.0,0
0.89,-0.52,1.0,1.41,-1.55,1.93,2.48,-346.49,-2.11,-9.88,-25.39,1.34,1.0,28.65,2.52,-1.04,-29.05,-3.14,5.46,1.0,1.52,0.0,193.3,1.24,-0.52,0
0.0,2.0,0.33,2.02,0.0,2.67,1.0,82.67,0.33,-1.35,11.74,1.08,0.67,74.8,-0.35,0.0,-3.36,3.0,6.06,1.0,1.0,0.0,0.0,0.69,1.35,0
0.0,6.89,1.0,-0.77,0.0,-11.48,0.47,14.05,3.0,4.0,3.0,0.87,-7.66,73.0,-1.83,2.53,-0.53,1.23,0.74,-1.53,-12.78,-0.77,-0.77,1.01,0.0,0
0.0,0.0,1.0,2.0,0.0,5.0,2.0,142.41,1.0,0.0,11.42,1.75,0.0,112.09,1.7,0.0,6.0,0.3,7.35,0.3,1.0,0.0,5.0,0.93,0.0,0
0.0,0.0,1.0,-0.64,0.0,3.36,1.0,126.06,0.36,1.93,5.8,1.92,0.36,31.57,3.0,0.0,14.31,1.0,2.83,0.0,1.64,0.0,-36.72,0.59,0.0,0
-0.81,7.3,1.0,-2.25,0.0,0.81,1.19,47.6,1.38,1.0,2.0,1.7,0.0,-9.46,2.0,0.81,6.13,1.19,3.13,1.0,0.19,0.0,0.0,0.41,1.19,0
44.07,0.0,1.0,44.93,173.0,0.93,1.0,179.96,27.2,29.87,151.6,0.09,0.0,132.56,2.93,-0.93,35.47,0.07,3.8,0.93,1.0,0.0,0.0,0.91,-0.93,0
0.0,0.0,1.0,0.07,0.0,3.07,0.07,-55.38,1.0,0.0,-2.79,2.48,3.86,-71.65,4.86,0.0,-1.72,1.0,-1.21,1.0,12.58,0.0,-4.65,0.22,0.0,0
0.0,0.0,1.74,0.74,0.0,7.0,2.74,92.19,1.74,3.49,4.49,-0.15,2.0,82.16,2.0,0.0,9.19,1.74,2.97,-1.23,2.02,0.0,0.0,0.23,1.0,0
0.0,1.0,1.0,0.0,0.72,-1.06,1.0,-2.45,1.0,-0.72,-0.72,5.71,-0.72,0.72,1.44,-0.72,0.72,-0.72,0.02,-0.44,-0.72,0.0,0.0,0.62,0.72,0
0.0,0.0,1.0,-1.93,0.0,-0.98,0.02,-27.66,1.0,1.0,-14.64,2.5,-0.98,111.71,7.9,0.0,-6.81,0.02,-4.68,-0.98,2.98,0.0,0.0,1.29,-1.95,0
0.63,0.0,0.32,1.0,0.0,1.0,-0.37,35.27,5.68,1.0,5.0,0.36,1.0,76.14,1.32,0.0,6.68,2.68,1.09,0.68,-0.68,0.0,0.0,0.65,2.0,0
0.0,-2.77,1.0,0.0,0.0,-3.69,1.0,62.07,1.0,0.0,13.0,0.99,0.0,50.0,2.0,0.0,1.92,1.0,6.08,0.92,1.0,0.0,0.0,1.35,0.0,0
2.0,11.53,2.0,1.89,0.0,-0.89,2.11,7.81,1.0,0.0,3.89,0.14,0.0,62.89,1.11,0.0,-3.55,1.89,6.11,0.89,1.0,0.0,0.0,0.54,0.0,0
0.0,0.0,1.0,-0.97,0.0,0.0,1.0,22.88,1.0,-0.97,0.0,2.28,0.0,-97.05,-1.91,0.0,1.03,2.97,0.69,0.0,-0.94,0.0,0.0,1.0,0.0,0
0.0,0.0,1.0,0.02,0.0,7.0,2.02,29.09,-0.96,1.02,2.02,1.25,4.0,-11.56,1.02,6.93,-3.85,1.98,7.77,3.0,2.02,1.0,0.0,1.14,-1.96,0
0.0,0.0,1.0,1.63,0.0,7.0,2.54,58.0,1.0,2.0,3.09,0.99,1.54,47.52,1.0,1.0,1.09,2.0,3.63,2.0,2.0,0.0,0.0,1.0,0.0,0
-2.02,0.67,1.0,-4.03,-2.02,-2.69,1.0,51.47,3.69,2.02,23.08,1.96,0.0,56.05,2.0,0.0,9.74,1.67,4.79,0.0,1.0,0.0,0.0,0.69,1.34,0
0.0,0.0,0.24,-0.76,0.0,5.76,0.24,41.94,0.24,-1.52,2.28,3.36,0.0,7.61,-0.52,0.0,-5.13,1.24,-1.03,0.0,2.0,0.0,0.0,0.92,0.76,0
0.0,0.0,1.0,0.0,1.0,-0.61,1.39,9.46,2.0,3.79,-1.85,1.16,0.0,87.88,3.21,0.0,-5.06,2.0,1.09,0.39,1.0,0.0,0.0,0.65,2.0,0
0.0,0.0,1.0,-0.75,0.75,0.0,3.0,12.26,0.25,2.99,4.75,0.18,0.0,49.48,1.0,0.0,-7.48,1.0,25.72,2.0,1.0,0.0,0.0,0.75,2.0,0
0.0,0.0,1.0,0.0,0.0,1.0,1.0,-26.0,2.49,-0.49,-0.21,0.71,0.0,58.87,1.0,0.0,-3.96,1.0,1.79,1.74,1.0,0.0,-0.74,0.9,2.49,0
4.0,0.0,1.0,8.0,3.0,8.74,2.53,128.69,1.0,1.07,4.6,1.21,1.07,97.65,1.53,-1.07,-5.37,0.47,7.91,1.53,3.67,0.0,0.0,0.97,0.53,0
0.0,1.0,1.0,0.0,0.0,3.47,1.0,41.55,1.0,-0.53,4.27,7.18,0.0,-13.88,0.53,0.0,-0.53,0.0,3.67,0.47,0.0,0.0,0.0,0.75,-0.53,0
0.0,10.0,1.0,1.67,0.0,5.0,1.84,66.81,1.0,0.0,3.35,2.49,0.84,-31.82,-0.84,3.0,3.67,0.84,0.56,-3.35,0.0,0.0,0.0,1.03,0.0,0
0.0,0.0,1.0,2.0,0.0,1.0,2.0,24.18,2.0,0.61,0.0,-0.09,1.0,40.0,3.82,0.0,1.79,1.39,3.83,0.0,1.21,0.0,62.24,0.98,0.61,0
-4.83,0.0,1.0,-0.97,0.97,1.1,1.0,31.08,1.0,0.97,-5.79,1.18,1.0,-60.8,3.97,0.0,-3.72,0.03,-1.1,-1.93,1.0,0.0,0.0,1.59,1.93,0
0.0,4.84,1.0,0.0,0.0,8.07,2.0,98.51,1.0,2.0,1.93,1.33,2.0,6.13,2.54,0.54,1.0,0.46,2.28,1.0,4.46,0.0,0.0,0.35,1.0,0
0.0,-3.91,1.0,1.98,0.0,3.91,1.0,29.91,1.0,1.0,0.0,1.25,1.95,100.0,7.93,0.0,1.98,1.98,1.0,0.0,7.84,0.0,0.0,0.03,0.0,0
0.0,8.04,1.98,0.98,0.0,5.0,1.98,81.78,1.98,2.94,1.96,1.98,0.0,64.66,2.94,1.04,15.72,1.96,4.21,0.0,0.98,0.0,0.0,0.1,0.0,0
0.0,0.0,1.0,0.53,0.0,0.0,1.53,71.86,1.0,1.59,5.77,1.02,0.0,47.15,4.53,0.0,10.07,1.0,2.66,1.0,1.53,0.0,0.53,0.41,0.0,0
0.0,0.0,1.0,2.0,0.98,-1.89,2.0,48.81,1.0,0.0,0.05,0.71,-1.97,44.5,1.0,0.0,6.98,1.0,0.09,0.02,-2.94,0.0,5.0,0.95,-0.98,0
2.22,0.0,1.0,5.43,1.66,8.11,3.55,74.47,1.0,2.0,4.66,0.2,4.0,56.35,1.45,3.0,7.33,1.0,11.38,3.55,1.34,1.0,0.0,0.91,-0.55,0
0.0,0.0,1.0,1.0,0.95,0.0,1.95,40.19,1.0,1.95,0.0,1.28,0.0,100.0,4.05,0.0,0.05,1.0,-2.68,-3.78,-2.78,0.0,0.0,0.31,0.0,0
1.0,-3.04,1.0,0.0,0.0,0.0,2.0,19.0,4.0,1.0,3.52,-1.12,0.0,88.01,2.76,1.0,2.24,3.52,2.3,-0.76,1.76,0.0,0.0,0.98,1.0,0
0.0,0.0,1.0,-0.72,0.0,-2.9,1.72,24.8,1.0,3.9,9.25,0.66,-1.45,163.78,3.28,0.0,2.72,1.72,3.57,3.0,-2.35,0.0,0.0,0.67,0.0,0
0.0,0.0,1.0,1.0,0.0,1.53,2.0,38.14,1.0,4.49,5.0,-0.0,0.0,78.0,1.47,0.0,19.0,2.51,4.41,0.0,-1.53,0.0,-2.56,0.28,0.49,0
0.0,0.0,1.0,0.9,1.0,0.9,1.1,9.67,2.0,3.21,0.31,0.43,2.69,64.78,4.69,0.9,1.0,2.0,0.04,1.0,-0.79,0.0,21.49,1.14,1.1,0
0.0,-11.17,1.0,2.72,0.0,-0.86,2.86,102.08,1.0,3.0,9.0,0.06,0.86,89.0,2.0,0.0,19.86,2.0,1.94,-0.86,1.0,0.0,1.0,0.94,0.0,1
0.0,0.0,1.0,0.91,0.0,11.54,2.0,148.5,1.0,-2.54,1.18,1.09,2.0,32.09,0.18,0.0,-10.81,0.09,3.12,1.91,5.91,0.0,3.63,0.88,0.09,0
0.0,4.0,1.0,0.74,0.0,11.12,2.48,25.63,1.0,0.0,0.0,-0.3,7.41,0.0,3.71,-0.74,1.74,0.74,2.48,2.48,13.34,0.74,0.74,0.85,0.74,0
45.0,0.0,1.0,47.1,173.0,0.78,1.78,202.93,30.0,28.78,156.08,-0.27,0.78,127.45,2.0,0.0,34.98,1.0,6.04,0.78,1.0,0.0,0.0,0.77,1.55,0
3.75,0.0,0.37,0.37,0.0,3.0,1.75,93.2,1.0,1.0,12.26,1.69,0.0,55.48,1.0,0.0,11.63,2.0,6.79,2.0,1.0,0.0,0.0,0.64,1.0,0
0.0,0.0,1.0,-0.65,0.0,4.4,2.0,58.65,1.0,2.0,2.65,1.42,-0.3,41.0,0.35,1.0,-0.65,2.0,4.15,2.65,-1.9,0.0,0.0,1.32,0.0,0
0.0,0.0,1.0,-0.43,0.0,1.43,0.28,31.3,0.28,1.0,0.0,2.32,-0.72,71.35,4.28,0.0,-1.15,1.0,-0.79,0.0,2.0,0.0,-41.55,0.64,0.0,0
-3.81,-0.64,1.0,-3.18,-1.91,3.36,0.36,-464.12,-2.81,-13.35,-39.42,2.24,1.0,-61.67,3.64,-1.27,-31.24,-4.09,-0.44,0.0,3.54,0.0,-6.99,0.81,1.0,0
0.81,0.0,2.0,1.81,0.81,0.0,2.0,37.5,2.0,3.0,5.23,-0.5,0.0,127.41,3.81,0.0,14.81,2.81,6.84,0.19,1.0,0.0,0.0,0.33,0.0,0
5.71,9.95,1.0,4.76,2.86,1.9,1.95,808.23,6.71,19.04,58.07,0.89,0.0,92.34,-1.9,3.9,55.21,7.62,5.66,0.05,-1.9,0.0,10.47,0.53,1.95,1
0.0,0.0,2.18,1.0,0.0,0.0,3.76,32.41,3.0,0.41,2.0,-0.34,1.18,66.0,1.41,0.0,8.65,2.0,3.36,-0.18,1.0,0.0,0.0,0.65,2.0,0
0.0,0.0,1.0,0.0,0.0,0.0,1.0,24.0,1.0,1.72,0.0,-1.43,0.0,0.0,3.43,-0.72,2.72,1.72,0.64,-0.72,1.0,0.0,0.0,0.81,0.0,0
1.0,0.0,1.0,1.0,0.0,0.0,2.0,18.0,4.0,2.0,1.0,0.74,0.0,107.81,4.99,-2.99,1.01,0.01,-1.29,-1.0,2.99,0.0,0.0,1.25,1.0,0
0.0,-6.79,1.0,-0.68,0.0,5.0,2.36,46.53,1.68,3.4,-2.04,1.99,1.68,6.79,4.36,2.68,1.32,1.0,3.55,5.0,1.0,0.0,0.0,1.27,0.0,0
0.0,4.7,0.48,-0.52,0.0,3.05,1.48,69.36,0.48,-1.57,1.95,1.69,0.0,26.51,1.48,0.52,-2.32,0.48,0.25,-0.52,0.48,0.0,0.0,0.57,0.0,0
2.0,-8.73,1.0,1.0,0.0,0.0,3.34,21.0,1.0,5.0,9.69,-0.32,0.0,105.19,2.67,0.66,2.64,3.67,20.76,1.34,0.67,0.0,31.0,0.57,2.34,0
0.0,3.0,1.0,-0.69,0.0,4.0,1.69,41.9,0.31,2.76,4.83,5.71,0.0,11.73,0.69,1.0,1.38,0.0,1.93,0.0,0.69,0.0,0.0,0.63,0.0,0
0.0,0.0,1.0,0.0,0.0,2.22,1.0,57.44,1.0,0.59,0.0,0.86,1.0,0.0,3.59,0.0,5.59,1.0,4.95,2.38,1.59,0.0,0.0,0.55,0.41,0
0.0,-4.66,1.0,1.04,0.0,6.59,1.52,102.42,1.0,0.0,1.55,1.09,1.0,39.87,3.52,-1.04,8.11,1.52,3.23,0.0,1.52,0.0,2.59,0.44,0.48,0
0.0,0.0,1.0,-0.77,0.0,5.0,1.0,50.16,1.0,0.0,1.54,0.68,1.0,-38.4,2.23,2.0,2.0,1.77,3.99,1.93,1.0,0.0,0.0,1.38,0.0,0
0.0,0.0,1.0,0.0,0.0,1.31,1.0,50.93,1.0,0.67,3.36,1.2,0.33,51.04,2.33,0.0,3.66,1.0,2.19,0.67,1.0,0.0,0.0,0.52,1.67,0
0.0,0.0,0.19,-0.81,1.0,5.64,2.0,69.91,1.19,4.19,3.81,0.44,1.61,53.42,1.19,0.0,-9.47,1.19,2.3,1.0,4.22,0.0,0.0,0.99,2.81,0
0.0,0.0,-0.75,1.75,0.0,0.87,-0.75,36.25,1.87,0.0,0.0,0.95,-0.87,34.99,1.0,0.0,2.62,2.87,4.19,0.0,-2.62,0.0,50.73,1.0,0.0,0
0.0,4.0,1.0,0.0,0.0,-2.62,1.0,-1.29,1.0,0.0,0.0,1.43,-0.52,0.0,-1.05,-0.52,1.52,0.52,-1.08,-1.62,0.0,0.0,0.0,0.83,0.0,0
4.0,-3.85,1.0,8.0,3.0,3.46,2.0,74.23,1.0,0.0,3.0,1.13,0.0,80.0,-0.54,-0.77,8.77,0.23,6.87,1.77,1.0,0.0,0.0,1.39,0.0,0
-4.63,0.0,1.0,-0.93,0.0,3.7,0.07,38.22,1.0,1.93,-2.78,1.2,1.85,-27.78,3.93,0.0,-6.26,0.07,2.99,3.07,8.7,0.0,0.0,1.27,0.0,0
2.0,8.42,1.0,1.0,0.0,1.94,1.0,37.06,5.0,0.06,0.32,1.56,1.0,-1.11,2.94,0.94,4.13,2.0,0.25,-0.94,-0.94,0.0,0.0,0.04,1.06,0
0.0,0.0,1.0,4.52,0.0,-1.1,2.52,66.76,1.0,3.62,17.62,-0.75,0.48,128.85,-0.05,0.0,16.86,2.52,7.43,1.0,0.48,0.0,0.52,0.48,2.52,1
-1.09,0.0,0.45,-0.55,0.0,0.0,1.91,17.36,1.0,0.55,3.45,1.04,0.0,59.77,2.09,0.0,1.09,1.0,26.78,3.64,1.55,0.0,0.0,0.47,2.0,0
0.0,7.64,1.0,0.0,1.0,0.59,2.0,39.88,1.41,5.0,3.59,0.29,0.0,74.71,2.0,0.0,1.0,2.0,4.09,1.0,1.59,0.0,0.0,0.8,2.0,0
0.0,0.0,1.0,1.79,0.0,-3.94,1.0,-40.93,1.0,1.0,0.79,1.46,0.79,88.19,5.0,0.0,-2.15,1.79,0.23,-0.79,1.0,0.0,-3.94,0.68,0.0,0
0.0,1.0,1.0,0.0,-0.74,4.0,-0.47,19.12,1.0,-1.47,0.0,6.29,0.0,0.0,-0.74,1.47,16.91,0.74,0.49,1.0,-0.74,0.0,0.0,0.55,-2.21,0
0.0,0.0,1.0,0.0,0.0,4.0,1.0,61.0,1.0,0.0,0.0,1.91,1.0,0.0,3.0,0.0,4.0,1.0,2.57,0.0,1.0,0.0,0.0,0.85,0.0,0
-26.22,0.0,1.0,-25.06,-100.81,4.0,1.0,-11.26,-15.9,-15.73,-85.07,2.72,1.0,1.17,4.75,0.0,-11.73,1.0,1.74,0.0,1.58,0.0,0.0,0.85,0.0,0
0.0,2.64,1.0,4.0,0.0,-2.52,3.76,65.41,1.88,5.4,15.88,-1.65,1.0,151.33,1.0,-0.88,7.24,2.88,4.12,-2.52,1.0,0.0,0.0,0.7,2.0,0
-27.33,0.0,1.0,-27.33,-109.97,0.0,1.64,-61.64,-17.43,-13.62,-88.36,1.54,0.0,-12.08,3.0,1.27,-9.98,2.27,2.58,2.0,2.36,0.0,19.71,0.65,0.64,0
0.0,0.0,1.0,-0.56,0.0,0.0,2.0,24.63,1.0,3.44,10.0,-0.27,0.0,31.82,-0.25,0.56,4.12,2.56,2.03,1.0,0.44,0.0,0.0,0.53,0.0,0
0.0,0.0,1.0,0.0,0.7,-1.5,2.7,37.19,1.0,0.7,3.7,-0.65,-0.7,90.41,2.0,-1.4,4.3,1.0,-0.28,-3.5,1.0,0.0,0.0,0.44,0.7,0
0.0,0.0,1.0,0.0,-0.8,0.0,0.2,23.0,1.0,-0.8,0.0,2.08,0.0,0.0,1.0,0.0,0.0,2.0,2.16,0.0,-0.8,0.0,0.0,1.18,0.0,0
0.0,0.0,1.0,0.0,0.0,1.9,1.0,23.01,1.0,0.0,0.0,1.22,0.23,0.0,1.45,3.55,18.27,1.77,3.45,5.0,0.23,0.0,0.0,1.12,-0.77,0
-0.52,0.0,2.05,-2.1,0.0,-0.52,2.05,13.38,-0.05,0.0,2.0,0.68,1.05,1.24,1.0,0.0,-3.15,1.48,2.17,0.0,2.05,0.0,0.0,1.23,-0.52,0
-3.27,-0.54,2.09,-2.72,-1.63,-2.18,2.09,-375.69,-2.27,-11.43,-20.75,2.38,1.09,-2.8,2.54,-1.09,-31.11,-3.35,4.97,0.0,2.63,0.0,-5.99,1.25,-0.54,0
0.0,0.0,1.0,2.66,0.11,0.0,1.89,17.37,1.11,1.14,5.03,0.28,0.89,65.43,1.0,0.0,2.0,2.0,2.29,0.0,1.0,0.0,0.0,0.98,0.11,0
0.94,0.0,1.0,-0.94,0.94,-0.69,0.06,-6.55,1.0,0.0,1.88,1.46,1.0,-0.94,3.94,0.0,0.25,2.88,4.7,-0.94,1.0,0.0,-4.69,0.7,0.0,0
0.0,0.0,1.87,0.87,0.0,-2.62,3.87,23.36,1.87,2.62,5.74,-1.4,0.0,96.58,1.87,0.0,10.47,1.87,29.93,2.87,-1.62,0.0,0.0,0.03,1.13,0
0.0,0.0,1.0,0.0,0.0,0.0,1.0,16.25,1.0,1.0,0.0,1.03,0.0,0.0,3.95,0.0,4.95,1.0,5.17,5.8,7.75,0.0,0.0,0.69,0.0,0
0.0,0.0,1.0,1.0,0.82,8.0,0.18,68.82,1.0,0.82,-2.46,0.91,5.0,18.46,6.64,1.0,1.82,1.0,-19.35,-0.64,3.0,0.0,24.0,1.24,-0.82,0
0.0,0.0,1.0,0.0,0.64,0.0,2.28,21.1,1.0,1.64,0.0,0.87,0.0,0.0,4.0,0.0,0.64,1.0,0.05,0.0,3.64,0.0,7.0,0.93,2.91,0
0.0,0.0,1.0,0.0,0.0,0.0,1.74,23.21,1.0,2.95,3.69,-0.83,0.0,-16.22,-0.47,2.0,39.27,2.74,2.07,0.0,-1.47,0.0,0.74,0.33,0.74,1
0.0,0.0,1.0,0.71,0.0,9.83,3.41,66.49,1.0,3.41,4.12,0.25,3.83,49.49,1.0,3.12,1.41,2.0,9.16,4.12,1.29,0.71,0.0,0.95,-0.71,0
0.0,-1.75,1.0,1.58,0.0,2.75,0.84,41.85,0.42,0.09,7.42,1.12,0.58,45.07,3.0,-0.58,12.16,0.42,2.1,1.0,4.49,0.0,0.0,0.59,0.0,0
0.0,0.0,1.0,0.46,0.0,1.61,1.0,29.22,1.0,0.46,0.0,1.68,0.0,46.33,2.85,0.0,0.46,1.54,1.18,0.0,0.46,0.0,0.0,0.51,0.0,0
0.0,0.0,1.0,0.0,0.0,7.0,3.19,82.81,1.0,2.0,5.38,0.25,2.0,56.25,2.0,-0.6,-0.79,0.4,18.69,2.19,5.0,0.0,0.0,0.5,2.19,0
0.0,0.0,1.0,0.58,-0.58,0.0,1.0,20.42,1.0,1.74,3.9,1.35,0.0,45.18,4.58,0.0,9.85,1.58,3.43,1.0,0.42,0.0,0.58,0.48,0.58,0
0.87,0.87,1.0,1.87,0.0,-12.16,1.13,55.59,6.48,3.61,17.64,-0.21,-8.69,143.33,-1.48,0.0,27.51,2.87,3.78,-0.74,-13.77,-0.87,-0.87,0.24,2.87,0
0.0,0.0,1.0,1.39,0.0,-0.81,1.19,-16.22,1.0,0.0,1.58,0.81,1.81,-0.02,2.61,0.0,1.19,2.0,1.75,-0.81,1.0,0.0,-4.03,0.79,0.81,0
2.86,0.0,1.0,0.57,0.0,1.72,2.14,41.32,1.0,0.57,2.86,1.33,0.0,36.06,0.43,0.0,7.72,2.57,1.45,0.0,1.0,0.0,0.0,0.62,0.57,0
0.0,0.0,1.0,0.67,0.0,0.67,1.67,43.4,1.0,3.01,4.68,-0.33,0.0,58.2,1.33,0.0,9.36,1.0,1.91,0.0,1.0,0.0,0.0,0.97,0.0,0
0.0,0.0,1.0,0.56,0.0,-2.25,1.0,-3.16,1.56,0.0,1.69,-0.27,-0.56,39.89,-0.12,1.0,1.31,2.56,1.05,0.56,0.44,0.0,0.0,0.53,0.0,0
5.0,-1.71,1.0,1.0,3.0,1.71,3.0,53.68,2.0,0.0,2.44,0.57,0.85,25.71,4.71,14.0,5.27,-0.71,17.51,1.15,2.0,0.0,1.0,0.71,1.85,0
0.0,0.0,1.0,0.0,-0.83,0.0,-0.66,12.68,1.0,-1.66,0.0,6.12,0.0,0.0,-0.83,1.0,0.17,0.83,0.39,1.0,0.0,0.0,0.0,1.05,-2.5,0
0.0,0.0,1.0,0.0,0.0,3.0,1.0,36.94,1.0,0.99,-1.97,2.44,0.0,-49.35,1.99,0.0,1.97,1.01,-0.15,0.0,-0.99,0.0,0.0,0.49,0.0,0
4.0,-0.86,1.0,8.86,3.0,1.57,2.86,101.85,2.71,0.86,4.71,-4.14,0.0,136.52,2.71,0.0,17.42,2.71,8.62,1.0,1.86,0.0,0.0,0.77,1.71,0
-0.57,-0.57,1.0,-1.14,0.57,-0.57,1.0,-1.88,-1.29,-1.14,-8.72,1.6,0.0,-26.88,5.14,0.0,-11.44,0.43,0.95,0.43,1.0,0.0,0.0,0.8,-0.57,0
0.0,0.0,1.0,0.0,0.0,-0.61,1.0,26.0,1.0,0.0,0.92,2.8,0.08,0.0,5.0,0.0,1.24,1.0,2.05,1.84,1.0,0.0,0.0,0.95,0.0,0
0.0,8.68,1.0,0.0,1.0,0.0,2.0,21.35,1.0,2.0,0.0,0.69,0.0,0.0,1.04,1.93,2.0,-0.93,0.49,0.96,1.0,0.0,0.0,0.76,0.96,0
-2.05,0.0,3.0,-4.1,-1.54,-2.56,3.49,-17.91,1.0,0.0,-1.54,0.32,2.0,-40.99,2.0,0.51,-2.56,1.51,-1.39,-0.51,3.0,0.0,0.0,0.83,0.0,0
0.0,0.0,1.0,0.0,-0.88,0.0,0.12,19.0,0.12,-2.51,-0.63,2.02,0.0,29.77,4.0,0.0,2.88,0.12,1.81,2.12,2.0,0.0,0.0,0.46,-1.76,0
2.0,0.0,1.0,1.0,0.0,2.6,2.0,34.88,1.0,4.13,7.0,-0.13,0.0,79.0,-0.6,2.0,6.0,3.87,4.5,0.0,-2.6,0.0,24.93,0.52,0.13,1
1.53,0.0,1.76,0.76,1.0,-1.53,3.53,24.76,2.0,4.24,4.53,-0.72,0.0,127.39,1.24,0.0,0.24,2.0,4.07,0.24,0.24,0.0,0.0,0.48,2.0,0
0.0,13.0,1.0,0.0,0.0,2.14,1.0,-18.85,1.0,0.0,-9.28,0.47,0.0,-35.71,0.0,2.0,5.71,0.0,-3.92,0.0,2.14,0.0,0.0,0.98,0.71,0
-3.53,0.0,1.0,0.29,0.71,-2.12,0.29,5.5,1.0,1.71,-4.24,1.95,0.0,55.47,5.71,0.0,-5.36,0.29,-2.13,-1.41,1.0,0.0,0.0,0.84,-0.71,0
1.14,0.0,2.0,1.57,-0.57,0.0,2.0,25.29,1.43,3.0,4.29,0.11,0.0,65.43,3.0,1.14,16.86,2.57,3.99,0.43,0.43,0.0,17.71,0.51,-0.57,1
0.0,10.73,1.0,0.0,0.0,2.58,2.15,50.48,1.58,2.3,0.58,1.38,0.58,41.44,2.0,1.58,-2.3,1.58,0.19,-0.58,-1.15,0.0,0.0,0.67,0.0,0
0.0,11.16,1.0,0.0,0.0,6.16,1.0,84.95,1.0,-0.58,1.74,4.19,0.0,34.87,-1.16,3.0,-0.32,1.16,2.9,-0.58,-1.16,0.0,0.0,0.52,0.0,0
0.0,0.0,1.0,0.0,0.0,0.0,0.13,15.53,1.0,-3.47,-4.34,3.88,0.0,19.1,2.74,0.0,-13.63,1.13,-2.38,0.0,1.87,0.0,-0.87,1.0,-0.87,0
-0.62,0.0,1.0,-0.62,-0.62,4.0,1.0,56.07,1.0,0.0,-2.46,2.64,1.0,-46.82,4.23,0.0,2.77,-0.23,-0.09,0.62,1.0,0.0,0.0,0.85,0.0,0
0.0,0.0,1.0,2.97,0.0,1.0,2.0,36.7,2.0,0.97,-1.95,1.1,1.0,88.65,5.89,0.0,3.97,1.03,2.7,0.0,0.97,0.0,58.0,1.0,0.0,0
0.0,0.0,1.0,0.0,1.0,-2.29,3.76,51.92,1.0,4.29,6.11,-1.01,-1.53,66.47,2.0,0.0,9.88,1.0,2.17,0.0,-3.58,0.0,0.0,1.23,3.0,0
0.0,2.0,1.0,0.0,0.0,-2.5,1.0,-8.96,1.0,0.0,0.62,2.41,-0.62,0.0,0.62,2.0,-2.5,0.0,0.23,1.62,0.0,0.0,0.0,0.8,0.0,0
0.0,0.0,1.0,-0.91,0.0,4.09,1.91,30.88,1.0,-2.72,-3.63,1.09,1.0,-43.55,0.19,0.0,-5.98,1.0,24.46,0.91,1.0,0.0,0.0,0.62,1.81,0
0.0,6.39,1.0,0.58,0.0,3.42,1.0,61.0,1.0,0.0,0.58,1.61,1.0,1.16,3.0,0.0,4.58,0.42,3.35,0.0,1.0,0.0,0.0,0.99,0.0,0
1.0,1.0,1.0,1.17,0.0,0.17,2.0,38.32,6.67,3.83,13.83,0.24,0.0,77.33,0.17,0.83,12.66,2.83,1.59,0.17,1.0,0.0,0.0,0.53,2.0,0
0.0,0.0,1.0,0.0,-0.82,0.0,-0.64,9.46,1.0,-1.64,3.0,0.81,0.0,44.0,0.18,0.82,0.0,1.82,13.9,1.0,1.0,0.0,0.0,0.77,-2.45,0
0.0,0.0,1.0,2.9,0.0,0.73,2.73,70.78,1.0,4.0,20.88,-0.05,0.73,151.8,1.27,0.0,8.08,2.73,6.1,1.73,1.0,0.0,0.0,0.64,1.45,0
0.0,0.0,1.0,1.0,0.94,0.0,2.94,20.0,1.0,1.88,3.0,-0.24,0.0,56.0,1.94,0.0,2.88,0.06,2.74,2.0,1.94,0.0,0.0,0.79,0.0,0
0.0,0.0,1.0,-0.78,0.0,-5.47,-0.56,16.31,1.0,-1.56,-1.56,4.2,-3.13,23.46,-0.78,1.78,0.22,1.56,-2.35,-0.56,-2.35,-0.78,0.0,0.87,0.0,0
0.0,0.0,1.0,0.52,0.0,0.52,1.52,34.08,1.0,2.56,5.64,0.77,0.0,145.24,4.52,0.0,7.2,1.0,3.45,2.48,2.0,0.0,0.0,0.45,0.0,0
0.0,0.0,1.0,0.0,0.0,0.0,1.0,28.05,1.0,0.0,1.0,0.98,0.0,0.0,0.24,0.0,2.76,1.0,2.77,2.0,-0.76,0.0,-6.17,0.86,-0.88,0
0.0,1.0,1.0,0.0,0.0,1.62,1.0,1.17,1.0,0.6,0.0,6.01,-0.6,0.0,-0.6,0.0,-1.19,0.0,-0.13,1.0,-0.6,0.0,0.0,0.83,0.0,0
0.0,0.0,1.0,1.0,0.0,0.0,2.0,30.0,1.0,5.0,5.0,0.13,0.0,78.0,3.0,0.0,19.0,2.0,3.74,0.0,0.0,0.0,1.0,0.52,1.0,1
0.0,0.0,1.0,1.47,0.0,0.74,1.74,24.69,1.74,0.0,0.26,1.19,0.74,29.49,0.53,0.0,3.21,1.74,3.84,1.26,0.26,0.0,42.77,1.27,0.0,0
0.0,0.0,1.0,0.2,0.0,0.0,1.8,25.4,2.6,3.4,2.4,0.02,0.0,78.42,1.6,0.8,1.0,1.8,1.33,0.0,2.0,0.0,0.0,1.28,0.0,0
2.05,0.0,1.0,4.58,1.53,2.56,1.51,63.83,1.0,1.0,1.53,1.04,0.0,89.77,4.49,0.0,5.09,1.0,2.07,-1.53,1.0,0.0,0.0,0.78,0.0,0
2.45,0.0,1.0,2.83,0.0,2.45,2.22,43.51,1.0,1.0,0.0,0.77,0.61,71.25,2.78,0.0,1.0,1.0,3.01,0.61,1.39,0.0,121.72,1.0,0.0,0
1.2,3.0,1.0,0.6,0.0,-0.8,3.6,27.39,2.0,8.0,5.2,-0.68,1.0,119.45,3.6,2.2,3.6,2.6,3.54,1.0,1.0,0.0,18.62,1.27,0.6,0
0.0,0.0,1.0,0.69,0.0,-4.83,1.0,1.68,1.0,2.07,2.07,-0.58,-0.69,25.53,2.38,1.31,39.11,2.0,0.21,-1.38,-1.38,0.0,0.69,0.35,0.69,0
0.0,0.0,1.0,-0.94,0.0,0.0,0.06,-83.2,1.0,-1.81,-7.49,2.91,0.0,-83.29,5.87,0.0,-17.78,0.06,-2.71,0.94,3.0,0.0,6.06,0.99,1.0,0
-36.41,0.0,1.0,-35.6,-139.16,4.0,1.81,-44.99,-22.46,-21.85,-117.32,1.74,1.0,-45.31,3.81,0.0,-16.85,1.0,2.34,0.0,1.0,0.0,0.0,0.4,1.81,0
0.0,-2.79,2.0,1.93,0.0,-3.72,2.0,19.57,2.0,3.93,2.0,-3.94,0.0,158.93,7.65,-0.93,14.93,2.93,2.43,1.0,2.86,0.0,0.0,0.82,0.0,0
1.0,0.0,1.0,4.0,0.0,5.07,2.58,47.7,3.0,0.58,0.0,-0.01,0.58,58.66,0.25,0.58,4.84,2.58,1.29,-0.58,1.0,0.0,0.0,0.85,1.0,0
0.63,0.0,1.0,0.63,0.63,0.0,1.0,29.0,1.0,0.37,3.13,-0.23,0.0,47.52,1.37,0.0,0.75,2.25,3.16,-1.25,-0.25,0.0,0.0,0.77,0.0,0
0.71,0.0,1.0,2.0,0.0,-1.86,2.71,-4.02,4.14,0.71,1.43,-0.96,0.29,75.74,-0.14,0.71,2.29,2.71,3.01,0.0,0.0,0.0,58.0,1.02,0.71,0
0.0,0.0,1.0,0.0,0.0,2.93,1.0,50.33,1.0,1.0,0.0,-0.52,0.73,0.0,4.2,-0.73,4.93,1.73,1.82,-0.73,0.73,0.0,0.0,0.66,0.73,0
0.0,0.0,1.0,0.0,0.0,1.39,1.0,19.48,1.0,1.7,0.0,1.96,0.0,0.0,5.39,0.0,0.0,0.3,-0.23,0.0,3.7,0.0,7.0,1.1,1.0,0
0.0,0.0,1.0,2.0,0.0,5.0,2.0,101.0,1.0,0.0,3.0,0.8,0.0,77.0,1.0,0.0,6.0,1.0,3.38,1.0,1.0,0.0,5.0,0.8,0.0,1
0.0,9.0,1.0,0.0,0.0,4.79,0.07,41.14,1.0,0.0,-2.79,2.6,0.93,-56.82,2.0,1.0,-0.93,1.0,0.53,0.0,0.0,0.0,0.0,0.91,0.0,0
1.14,0.0,1.57,1.57,0.0,0.0,2.0,128.71,1.0,3.0,8.43,0.3,0.0,102.14,2.57,0.0,19.0,2.0,-9.25,-1.14,1.0,0.0,1.0,0.62,-1.14,1
-36.7,0.0,1.0,-35.88,-140.08,0.0,2.0,-79.09,-22.65,-20.83,-118.25,1.3,0.0,-79.92,1.18,0.0,-20.02,1.82,-0.79,0.82,1.0,0.0,0.0,0.62,0.0,0
2.4,0.0,1.0,4.79,1.8,3.0,1.6,66.55,1.0,1.0,1.8,0.68,0.0,47.94,2.0,0.0,5.6,0.4,4.32,0.6,0.0,0.0,0.0,1.0,0.0,0
9.88,0.0,1.0,1.98,0.0,5.93,4.95,99.98,1.0,1.98,11.85,-1.81,0.0,124.43,1.0,0.0,19.78,2.0,8.96,3.95,1.0,0.0,0.0,-0.33,1.98,0
-0.94,4.0,1.0,-0.94,-0.94,0.94,1.0,30.08,1.0,0.94,0.0,2.7,0.0,0.0,-0.94,0.0,1.0,-1.88,-2.42,1.94,0.0,0.0,0.0,1.34,0.94,0
0.0,0.0,1.0,1.0,0.0,-3.27,1.0,-5.73,1.0,1.0,0.82,1.58,-0.82,100.0,4.18,0.0,-1.45,1.0,0.53,1.64,2.0,0.0,0.0,1.04,0.0,0
0.0,-2.14,1.0,1.53,0.0,4.27,1.0,48.78,1.0,0.0,0.0,1.8,2.67,108.55,4.67,0.53,0.0,1.53,4.0,4.0,2.6,0.0,12.82,0.46,0.0,0
0.0,0.0,1.0,1.0,0.0,2.46,2.0,154.71,1.0,2.38,9.0,0.85,0.62,89.0,3.23,0.0,19.62,2.0,3.35,-2.46,-1.46,0.0,1.0,0.56,0.0,1
0.0,0.0,1.0,1.0,0.0,10.83,3.0,105.87,0.04,2.0,5.87,1.25,3.04,47.46,1.04,3.0,6.87,0.04,7.56,3.96,3.96,1.0,-50.79,0.7,0.0,0
0.0,1.0,1.0,0.92,0.0,0.33,1.0,-7.15,1.0,0.92,0.0,6.63,-0.92,91.84,1.84,0.0,-3.67,0.0,-0.44,1.0,0.0,0.0,0.0,0.73,-0.92,0
0.0,0.0,3.0,-1.59,0.0,-0.8,3.2,12.03,0.2,0.8,0.0,1.12,1.2,-31.86,2.8,0.0,0.0,0.2,1.13,3.19,6.98,0.0,-46.2,1.0,0.0,0
0.0,10.0,1.0,0.0,0.0,11.79,0.15,111.73,1.0,0.0,-2.55,4.65,4.24,-33.94,3.39,3.85,2.0,0.0,-0.86,-0.85,1.7,0.0,20.37,0.56,0.0,0
4.0,0.0,1.0,7.03,3.0,1.1,2.0,45.3,1.0,2.92,7.87,0.48,0.0,89.74,2.95,0.0,12.87,1.0,5.61,1.0,1.0,0.0,-4.87,1.08,0.0,0
33.65,0.0,1.0,32.15,129.37,4.25,0.25,104.53,22.69,18.69,103.19,2.74,0.0,8.23,0.25,0.0,16.71,2.0,-0.33,-0.75,2.0,0.0,0.0,0.62,0.0,0
0.0,0.0,1.0,-0.91,0.0,-0.96,1.04,-18.2,1.0,0.0,0.13,1.57,0.96,-17.54,4.82,0.0,-0.91,1.0,3.48,1.04,1.0,0.0,-4.78,1.14,0.0,0
0.0,0.0,1.0,0.6,0.0,-3.01,2.0,26.8,1.0,4.6,10.0,-0.7,0.0,148.18,4.41,0.0,1.19,1.4,2.39,1.0,1.0,0.0,0.0,1.01,0.0,0
4.51,0.0,1.0,0.9,0.0,3.1,2.8,60.1,1.0,0.9,5.41,0.84,0.1,56.81,1.2,0.0,9.41,1.9,4.35,1.8,1.0,0.0,0.0,0.77,0.0,0
0.0,-7.08,1.0,1.0,0.0,-3.54,2.0,-5.95,3.0,1.0,4.12,-2.66,0.0,97.16,2.71,-2.12,9.58,2.71,12.04,1.71,1.71,0.0,0.0,0.74,2.0,0
-0.94,0.0,1.0,0.0,-0.94,0.0,1.94,24.75,2.87,0.94,-1.81,2.01,0.0,-9.37,2.0,0.0,9.43,0.06,0.4,2.94,1.0,0.0,0.0,0.85,1.87,0
0.0,-3.01,1.0,0.0,0.0,0.0,1.0,24.76,1.0,0.0,1.75,1.36,0.0,0.0,5.5,0.0,0.0,1.75,2.09,1.75,1.75,0.0,0.0,0.63,0.0,0
0.0,0.0,1.0,1.0,0.0,3.4,2.0,152.51,1.0,3.0,9.0,0.9,0.85,89.0,5.4,0.0,22.4,1.15,4.96,0.0,1.85,0.0,1.0,0.55,0.0,1
-1.41,0.0,1.0,0.0,0.0,0.0,1.0,24.45,2.41,-2.82,-1.52,0.65,0.0,40.85,1.0,-1.41,3.52,1.3,2.59,0.7,1.7,0.0,-21.82,0.67,0.7,0
0.0,-1.79,1.0,1.0,0.0,4.0,1.0,-1.42,1.0,0.89,-1.79,1.96,2.0,-53.56,4.79,0.0,2.89,-0.79,-1.43,1.0,7.89,0.0,0.0,0.92,0.0,0
0.0,0.0,1.0,0.0,0.0,0.0,1.0,17.54,1.0,-0.69,0.69,-0.13,0.0,0.0,-0.39,2.0,23.92,2.69,-0.41,-0.69,-1.39,0.0,0.0,0.76,0.0,0
0.0,0.0,1.54,2.54,0.0,1.0,2.54,31.97,2.54,1.63,-0.54,0.15,1.0,51.95,3.09,0.0,10.6,2.54,-1.58,0.0,0.0,0.0,58.0,0.71,0.0,0
0.0,4.0,1.0,0.0,0.0,-2.51,1.0,-9.08,1.0,0.63,0.0,2.32,-0.63,0.0,0.0,0.0,0.37,0.0,0.64,2.25,1.25,0.0,0.0,1.1,-0.63,0
0.0,9.0,1.0,-0.53,0.0,0.0,0.47,13.55,1.0,-2.13,-2.66,1.96,0.0,-41.51,0.0,2.0,-8.51,-0.53,2.25,3.13,2.66,0.0,-0.53,1.23,0.47,0
4.0,0.0,1.0,8.66,3.0,5.0,2.0,101.61,1.0,0.0,3.0,1.59,0.0,146.07,2.32,0.0,6.68,1.0,4.12,-1.64,-1.64,0.0,0.0,0.68,0.0,0
0.0,0.0,1.0,0.0,0.0,0.0,2.0,25.36,1.0,4.0,10.0,1.06,0.0,88.0,2.0,0.0,3.0,2.0,1.61,1.0,0.12,0.0,0.0,0.89,0.0,0
0.0,0.0,1.0,-0.5,1.5,0.0,2.0,-22.51,1.0,1.0,-4.0,0.44,0.0,-23.51,2.5,0.0,-7.0,0.5,-0.93,0.0,1.0,0.0,-0.5,0.9,0.5,0
0.0,0.0,2.0,1.64,0.0,0.64,2.64,45.67,2.0,4.29,7.15,-0.64,0.0,122.0,3.64,0.0,19.79,2.0,4.78,1.64,1.64,0.0,0.0,0.39,0.0,0
1.0,0.0,1.0,0.0,0.53,0.0,0.93,23.8,4.53,6.33,6.8,0.17,0.0,78.25,2.0,1.0,4.07,2.53,-12.2,-1.07,1.0,0.0,0.0,1.18,0.47,0
0.0,2.91,1.0,1.0,0.0,5.81,1.0,56.35,1.0,0.0,0.0,1.32,5.0,16.0,4.27,1.0,1.73,-0.46,0.76,1.73,3.0,0.0,24.0,1.3,0.0,0
0.74,0.0,1.0,0.0,-0.74,0.0,1.0,20.26,3.23,0.0,0.74,4.05,0.0,5.96,-0.74,1.74,2.49,0.74,0.46,1.0,0.0,0.0,0.0,1.1,0.0,0
0.0,3.31,1.0,0.0,0.0,-2.21,1.0,13.28,1.0,0.0,0.0,-1.79,0.0,0.0,1.0,1.55,3.0,2.0,1.49,0.55,1.0,0.0,0.0,0.86,0.55,0
0.0,0.0,1.0,0.53,0.0,10.68,3.05,59.58,1.0,3.05,3.58,0.9,3.1,47.31,1.53,2.58,2.1,1.47,6.81,3.58,3.58,0.53,0.0,0.94,0.0,0
2.0,0.0,2.0,0.36,0.0,-0.64,2.36,3.46,1.0,-1.28,-2.11,1.02,0.0,6.39,2.0,0.0,-4.47,1.0,2.84,0.64,2.28,0.0,0.0,0.38,0.0,0
-3.85,0.0,2.96,-5.73,-2.89,-4.81,2.0,-38.42,2.96,5.89,1.04,-0.67,0.0,52.53,4.92,0.0,19.77,2.96,0.72,1.0,1.0,0.0,0.0,-0.03,0.0,0
0.0,9.0,1.0,0.0,0.0,-1.24,1.0,21.64,1.0,0.65,0.0,1.66,-0.65,0.0,1.35,-0.29,0.0,1.0,-3.06,-3.24,-0.65,0.0,0.0,0.49,0.0,0
0.0,0.0,1.0,0.0,0.0,0.0,4.16,17.84,1.0,0.0,5.73,-0.88,0.0,61.54,0.42,0.0,-0.58,1.0,41.45,2.0,1.0,0.0,0.0,0.15,3.16,0
0.0,0.0,1.0,0.0,0.0,2.54,1.85,13.46,1.0,1.69,4.69,0.12,0.0,78.71,-0.69,0.85,-4.23,1.85,14.12,2.69,1.85,0.0,0.0,1.4,-0.85,0
0.0,4.51,1.0,-1.51,0.0,-2.77,2.25,-30.03,2.0,5.0,-1.26,1.58,1.0,14.0,2.25,2.51,-4.52,1.25,0.54,1.0,0.25,0.0,-3.77,1.15,0.0,0
1.57,0.0,0.48,1.0,0.0,8.57,3.0,53.93,1.0,2.52,4.57,0.76,4.0,12.52,1.48,3.0,9.77,1.52,8.6,4.05,3.0,1.0,0.0,0.8,0.52,0
0.0,0.0,1.0,1.0,0.0,0.0,2.0,127.0,1.0,3.0,9.0,0.29,0.0,89.0,2.0,0.0,19.0,2.0,4.23,0.0,1.0,0.0,1.0,0.6,0.0,1
0.66,0.0,1.0,1.0,0.0,4.0,1.66,14.1,2.97,0.66,0.66,1.31,2.0,5.25,3.66,-1.97,2.0,0.34,-0.51,0.34,7.66,0.0,0.0,0.67,0.66,0
0.0,-0.56,1.0,1.0,0.0,-2.22,1.0,20.99,1.0,1.0,0.56,-0.98,0.0,100.0,5.56,0.0,1.56,2.11,1.19,0.0,1.56,0.0,0.0,0.56,0.0,0
0.0,3.0,1.0,0.0,0.0,4.0,1.0,30.18,1.0,0.96,0.0,3.5,0.0,0.0,3.86,0.04,-0.96,0.96,1.04,-0.96,2.89,0.0,6.75,0.59,0.96,0
0.0,0.0,1.0,1.0,-0.57,0.0,0.43,18.52,1.0,0.43,0.0,2.21,0.0,100.0,6.13,0.0,-0.13,1.0,0.94,0.0,3.13,0.0,3.96,1.11,0.57,0
0.0,0.12,1.0,0.0,0.63,-0.51,1.63,42.49,1.0,1.26,3.0,-2.35,0.0,60.0,2.26,-0.63,1.26,3.63,2.54,1.0,1.63,0.0,0.0,0.63,0.0,0
34.9,13.0,1.0,31.02,134.16,-0.78,0.22,71.73,23.49,20.94,101.59,0.71,-0.78,7.76,0.78,2.0,19.73,-0.78,-2.33,-0.78,0.0,0.0,0.0,1.23,-1.55,0
0.0,0.0,1.0,-1.58,1.0,-0.79,2.21,21.09,0.21,2.79,0.0,0.65,-0.79,-31.65,2.79,0.0,3.0,0.21,0.87,3.16,4.96,0.0,-45.89,0.94,3.0,0
0.0,0.0,-0.8,0.0,0.0,4.5,-1.7,51.13,1.0,0.0,3.0,0.91,-0.9,44.0,1.0,0.0,3.6,1.0,14.75,1.0,-0.8,0.0,0.0,1.0,0.0,0
1.0,0.0,0.37,0.37,1.0,0.0,1.63,23.98,0.37,-1.88,6.26,0.35,0.0,59.04,0.74,0.0,-6.79,2.37,20.5,0.63,1.0,0.0,0.0,0.62,1.26,0
0.0,2.0,1.0,-1.55,0.0,1.23,0.23,14.09,1.0,0.0,0.68,1.5,0.77,0.5,2.55,0.0,-1.55,3.0,3.11,0.23,1.0,0.0,-3.86,0.69,0.0,0
0.0,-1.96,1.0,1.96,0.0,4.35,0.35,47.27,0.35,-3.26,1.96,1.21,1.0,-6.52,0.7,-0.65,5.3,1.0,2.61,-0.65,1.0,0.0,0.0,1.0,0.0,0
0.0,0.0,1.0,1.0,0.0,4.09,2.0,52.69,1.0,-1.17,-1.09,0.68,1.17,23.9,1.0,0.0,-0.17,0.42,5.21,2.0,3.33,0.0,0.0,0.94,0.58,0
0.0,0.0,1.0,-2.18,0.0,-0.73,1.27,-17.5,3.0,4.0,-7.92,1.49,-0.73,81.74,4.91,1.0,-4.82,1.27,-2.82,-0.73,1.0,0.0,0.0,0.74,-1.46,0
-2.75,1.38,1.0,-4.5,-2.06,1.94,0.31,-14.39,1.0,0.0,0.0,1.7,2.0,-13.76,3.0,0.0,-3.5,2.38,-0.63,1.0,7.0,0.0,0.0,0.18,0.0,0
0.0,0.0,-0.84,1.0,0.0,0.0,-0.76,127.92,1.0,3.0,9.0,3.66,-1.84,89.0,0.16,0.92,19.92,1.08,4.23,0.92,-1.76,0.0,1.0,0.6,0.0,1
0.0,0.0,1.0,0.66,-0.66,7.26,0.34,45.34,1.0,-0.32,1.0,1.64,3.29,10.53,4.97,0.66,0.34,1.0,1.58,1.66,3.32,0.0,15.79,1.1,0.0,0
2.0,0.0,1.0,1.0,0.0,-4.41,1.37,-16.8,1.0,4.37,5.11,0.12,-1.26,58.21,2.0,2.0,6.63,3.0,1.73,-0.63,-2.52,0.0,31.0,1.05,0.37,1
0.0,-3.97,1.0,0.0,0.0,0.0,1.0,21.0,1.0,0.0,2.98,0.39,0.0,49.6,2.99,0.0,0.01,2.98,3.16,1.01,1.99,0.0,0.0,1.0,0.0,0
1.0,1.73,0.14,3.14,0.0,2.73,1.14,40.54,2.14,-2.59,0.86,1.12,0.0,87.82,0.27,0.0,-6.09,2.86,1.32,0.0,1.0,0.0,0.0,0.62,1.0,0
0.0,1.52,1.0,0.0,0.0,4.51,2.01,70.1,1.51,2.53,-1.01,1.34,1.51,14.16,4.01,0.51,5.0,1.51,-2.99,0.0,1.0,0.0,0.0,0.53,1.0,0
1.0,0.0,1.0,1.0,1.0,3.79,1.0,57.8,1.0,0.0,4.24,0.04,0.76,76.0,0.48,0.0,5.03,3.0,6.59,-0.76,1.0,0.0,0.0,0.91,0.0,0
0.0,0.0,1.0,0.57,0.0,2.3,0.43,24.82,1.0,-1.13,-1.7,2.58,1.0,-18.65,3.57,0.0,4.57,1.0,1.19,0.0,2.13,0.0,0.0,0.88,-0.57,0
-0.55,0.0,1.0,2.45,-0.55,0.0,2.0,10.53,1.0,0.0,1.27,1.42,1.0,20.45,0.45,0.0,2.0,1.45,-0.69,0.0,1.0,0.0,0.0,1.2,0.0,0
0.0,0.0,1.0,4.0,0.0,-4.61,1.06,97.96,1.0,1.94,19.68,-0.28,-2.74,158.13,1.94,-2.81,15.55,2.0,2.03,-0.87,-0.87,-0.94,0.0,0.69,2.0,0
0.0,0.0,1.0,0.0,0.74,0.0,2.49,35.43,1.0,0.74,-0.49,-0.49,0.0,-32.34,-0.49,4.0,3.74,3.0,2.03,-1.23,-0.74,0.0,0.0,1.04,2.23,0
0.0,0.0,1.0,0.65,0.0,-2.61,1.0,52.8,1.0,0.65,13.0,2.18,-0.65,115.29,3.31,0.0,-0.96,1.0,5.97,0.0,1.65,0.0,0.0,1.1,0.0,0
0.0,8.81,1.0,0.0,0.0,-0.68,1.0,14.05,1.0,-0.68,-3.39,1.24,0.0,-51.53,0.32,1.36,2.03,1.32,1.09,-0.68,-0.68,0.0,0.0,1.01,-0.68,0
6.0,1.0,1.0,5.0,3.0,6.01,2.0,873.45,7.0,20.33,61.33,0.58,0.67,97.0,0.33,2.0,61.01,9.0,5.78,-0.67,-0.67,0.0,11.0,0.53,1.0,1
0.0,0.0,1.0,0.63,-0.63,0.0,1.63,22.25,0.37,-3.13,-5.01,0.09,0.0,-8.76,2.25,2.0,36.64,2.0,1.48,0.0,-0.63,0.0,0.63,0.48,0.0,1
-0.65,0.0,1.0,-0.58,0.0,0.35,1.35,23.42,0.71,0.0,0.65,1.41,1.0,-20.04,2.0,0.0,-0.23,1.35,4.48,1.29,0.0,0.0,58.0,1.28,-0.65,0
0.0,-1.47,1.0,1.73,0.0,-1.47,2.0,12.37,1.0,5.0,2.8,1.27,0.0,107.39,3.73,0.0,19.0,0.53,3.94,2.2,0.0,0.0,1.0,0.49,1.0,0
0.0,-4.6,1.0,0.0,1.0,2.55,2.0,40.86,2.0,5.0,3.0,0.56,0.51,80.0,3.53,0.0,2.02,2.51,3.91,3.04,1.51,0.0,0.0,0.88,1.49,0
-1.34,0.0,1.0,1.33,0.0,1.0,2.0,30.03,-0.69,0.0,0.0,0.61,0.33,44.03,1.33,0.0,0.31,1.33,3.75,0.67,0.67,0.0,58.0,1.33,-0.67,0
0.0,0.0,1.0,-0.9,0.9,0.0,3.0,-77.51,1.0,-1.8,-3.22,0.3,0.0,-3.39,1.9,0.0,-16.24,0.1,25.12,2.0,1.0,0.0,-0.9,0.68,2.9,0
0.0,13.0,2.35,0.0,0.0,0.0,3.03,11.55,1.0,0.0,0.0,0.39,1.35,0.0,0.68,2.0,5.0,-0.68,0.59,0.0,2.03,0.0,0.0,1.0,0.0,0
0.0,0.0,2.99,1.0,0.0,4.0,3.99,71.08,1.0,-2.99,-4.98,1.09,1.99,-9.77,0.0,0.0,-4.97,1.0,1.51,0.0,2.99,0.0,5.0,0.92,0.0,0
0.0,-3.0,1.0,2.0,0.0,1.0,2.0,81.97,1.0,1.0,3.0,-3.25,0.0,76.96,5.0,-1.0,6.0,2.0,1.37,1.0,4.0,0.0,12.0,1.14,1.0,0
0.0,0.0,1.0,-0.89,0.0,3.0,1.0,16.65,1.0,0.0,0.0,2.19,0.0,-89.12,0.22,0.0,2.89,1.0,-0.3,0.0,2.22,0.0,0.0,0.97,1.0,0
0.0,0.0,1.0,1.0,0.0,-2.21,2.0,122.57,1.0,3.0,9.74,-0.34,0.0,89.0,1.26,0.0,18.26,2.74,5.21,0.74,-1.21,0.0,1.0,0.48,-0.74,1
0.0,0.0,1.0,0.0,0.0,-2.13,1.0,13.18,1.0,1.0,0.0,0.85,0.0,0.0,3.0,0.71,6.13,1.0,2.07,2.0,3.71,0.0,0.0,0.82,0.0,0
0.0,0.0,1.0,0.0,0.0,0.32,1.67,-0.07,1.0,2.68,6.69,0.85,-0.67,58.85,-0.01,0.0,1.33,1.67,-0.52,0.67,4.0,0.0,0.0,0.82,1.0,0
0.0,-5.74,1.0,0.0,0.0,4.0,1.0,61.0,1.0,0.64,0.0,1.91,1.0,0.0,6.91,-1.28,6.55,1.64,2.5,0.64,2.91,0.0,0.0,0.77,-0.64,0
0.0,1.16,1.0,0.0,0.0,0.0,1.0,21.09,1.0,0.42,0.0,1.19,0.0,0.0,0.25,1.16,-0.33,0.42,0.29,-0.58,-0.75,0.0,0.0,0.99,0.0,0
0.0,0.0,1.0,-0.65,0.0,2.59,1.0,43.66,1.0,0.35,0.0,1.53,0.65,-64.74,3.0,0.0,5.94,1.0,3.02,2.0,3.0,0.0,0.0,0.97,0.0,0
2.0,0.0,1.0,1.0,0.0,-1.98,1.0,33.24,5.0,1.6,5.0,-0.57,1.0,70.0,3.19,0.0,6.0,1.4,3.31,1.19,0.6,0.0,0.0,0.6,2.0,0
-0.53,0.0,1.0,0.0,0.0,0.0,0.47,22.06,-0.6,-0.53,0.47,2.8,0.0,-26.61,3.06,-0.53,-0.6,0.47,1.96,2.53,1.0,0.0,0.0,0.81,-0.53,0
1.32,0.0,1.0,0.66,0.0,0.0,1.0,16.37,1.0,0.66,-0.99,2.04,0.0,-5.96,2.0,1.32,2.99,1.66,3.03,1.34,0.34,0.0,20.52,1.14,0.66,0
0.0,0.0,1.0,0.0,0.0,7.67,1.0,102.26,1.0,0.0,-1.83,3.14,1.92,-45.84,4.83,0.0,7.67,0.08,2.94,0.0,1.0,0.0,0.0,0.8,0.0,0
-4.39,0.0,1.0,-0.88,-2.63,2.63,-0.75,5.21,0.12,0.0,-3.39,3.03,0.0,-67.54,3.12,-12.28,0.88,1.0,-14.89,-0.75,2.75,0.0,-0.88,0.86,0.0,0
0.0,-1.31,1.0,1.31,0.0,1.96,1.65,52.66,1.0,0.0,2.0,0.39,0.0,61.13,1.0,0.0,3.93,0.69,1.94,0.0,1.0,0.0,3.27,1.17,0.0,0
0.0,9.33,1.0,-0.93,0.0,11.66,2.0,125.04,1.0,1.07,3.0,3.42,2.0,-60.28,-1.73,2.8,1.93,0.07,4.28,1.0,3.13,0.0,0.0,0.27,1.0,0
0.0,0.0,1.0,0.0,0.0,7.0,1.0,78.0,1.0,-1.0,-5.0,3.06,2.0,-75.98,7.0,0.0,6.0,1.0,3.14,-1.0,1.0,0.0,0.0,0.81,-1.0,0
0.0,-5.09,1.0,0.49,0.0,0.0,2.02,20.4,1.51,3.54,-1.53,1.66,0.51,105.09,6.02,0.51,0.49,1.0,-0.39,0.0,1.0,0.0,0.0,0.72,0.0,0
0.0,0.0,1.0,1.59,-0.59,1.0,2.0,43.49,1.0,1.82,9.78,0.32,0.0,120.15,2.41,0.0,10.41,1.0,5.33,2.18,1.0,0.0,0.0,1.01,0.0,0
0.0,0.0,1.0,1.0,0.0,3.97,1.43,43.21,3.0,-0.7,-2.54,0.51,2.83,25.75,3.13,0.57,5.33,2.0,2.88,1.0,2.13,0.0,13.61,0.5,2.0,0
1.0,0.0,1.0,0.2,1.0,0.0,1.8,33.78,1.8,3.19,5.0,0.24,0.0,77.59,2.8,0.8,2.0,3.0,5.27,-0.8,1.8,0.0,0.0,0.76,0.0,0
0.0,0.0,1.0,-1.09,0.0,1.0,0.46,21.17,1.0,1.0,3.37,0.94,0.54,34.15,1.54,0.0,0.91,1.0,1.56,0.46,1.0,0.0,-2.72,1.1,1.0,0
0.0,1.0,1.0,0.66,0.0,8.6,2.31,36.82,1.0,0.66,1.97,5.57,2.63,7.88,-1.31,1.97,2.63,0.0,6.25,2.97,0.0,0.66,-4.6,0.7,-0.66,0
4.0,0.0,1.0,3.34,0.0,6.65,3.0,76.54,1.0,0.34,0.0,0.85,1.66,-13.31,2.66,0.0,2.99,1.0,5.33,1.0,0.34,0.0,199.0,0.97,0.0,0
0.0,13.0,1.0,-0.81,0.0,2.44,1.81,71.03,1.0,1.63,2.44,-0.14,0.0,26.83,-0.81,2.0,4.19,0.0,3.06,0.0,-1.63,0.0,0.0,1.1,0.81,0
0.0,-0.73,1.0,0.27,0.73,0.27,1.27,27.37,-1.92,0.81,-1.49,0.32,0.0,77.51,3.73,0.0,-2.87,1.73,4.95,0.27,1.0,0.0,0.0,0.95,-1.46,0
0.0,-2.14,1.0,0.0,0.71,4.29,-0.42,49.73,1.0,3.56,8.54,2.26,0.29,14.23,1.58,1.29,3.42,1.0,4.78,4.29,1.0,0.0,0.0,0.89,0.71,0
0.0,0.0,1.0,0.0,0.0,1.91,1.0,40.09,1.0,0.52,0.0,1.98,0.48,0.0,2.48,0.0,2.95,1.0,1.58,0.0,0.48,0.0,0.0,0.95,0.0,0
0.0,0.0,1.0,-0.53,0.0,7.68,1.0,94.66,1.0,1.05,0.0,1.89,2.05,-12.1,3.53,0.0,4.0,1.0,2.15,-0.53,3.1,0.0,0.0,0.75,0.53,0
0.0,4.7,1.0,0.0,0.0,-3.66,0.48,1.67,1.0,-0.04,-1.04,1.69,-0.52,-21.42,2.48,0.52,4.0,-0.04,1.27,1.48,1.96,0.0,0.0,0.68,0.52,0
0.0,-4.54,1.0,1.0,0.0,-1.01,1.0,15.9,1.0,1.5,0.0,0.96,0.0,100.0,4.5,-0.5,3.02,1.0,2.01,1.01,3.51,0.0,0.0,1.1,0.0,0
2.0,0.0,1.0,1.0,0.0,1.0,1.0,39.17,5.0,0.41,3.83,-0.4,1.0,11.32,0.24,0.59,6.59,2.59,1.2,-1.76,-0.59,0.0,0.0,0.59,2.0,0
-0.93,0.0,1.0,-0.78,0.0,4.07,1.07,94.52,0.07,0.0,5.78,0.84,0.0,56.63,0.07,0.0,1.37,1.0,4.2,1.93,0.07,0.0,5.0,0.93,-0.93,1
0.67,0.0,1.0,2.67,0.67,1.0,2.0,32.68,2.0,0.0,3.34,-1.11,1.0,90.8,2.67,0.0,3.0,2.67,7.61,0.0,0.0,0.0,58.0,0.75,0.0,0
0.0,0.0,1.0,-0.67,0.0,2.0,2.0,57.67,1.0,0.0,4.33,-0.71,0.0,27.72,1.33,0.0,5.0,1.67,0.78,-2.66,1.0,0.0,0.0,0.89,0.0,0
-1.29,3.0,1.0,-0.64,0.0,3.58,2.36,59.77,2.0,1.78,-3.51,1.34,1.64,21.11,3.64,-0.29,-1.29,0.71,1.83,1.0,1.64,0.0,-19.97,0.95,-0.64,0
0.63,0.0,1.0,-0.63,0.0,0.0,1.0,12.21,1.63,0.0,0.0,0.58,0.0,-10.05,1.0,1.63,-2.02,2.0,-0.16,-0.63,1.0,0.0,0.0,0.98,-0.63,0
0.0,-9.31,2.0,0.28,0.0,0.72,2.72,38.46,2.0,3.0,1.28,0.22,0.0,65.28,3.72,0.0,16.86,1.28,1.17,0.28,1.0,0.0,0.0,0.44,0.0,0
0.0,0.0,1.0,-0.86,0.0,0.0,1.0,80.16,0.14,0.86,10.42,2.62,0.0,-11.06,2.86,0.0,1.86,0.14,6.13,-0.86,1.86,0.0,0.0,1.08,0.0,0
0.0,0.0,1.0,1.78,0.0,0.0,2.78,41.62,3.0,4.92,5.92,-1.54,0.0,127.1,3.57,0.0,24.32,2.0,6.87,1.0,0.22,0.0,0.78,0.1,2.78,1
-1.45,0.0,0.27,-0.73,0.0,5.09,0.27,45.18,1.0,1.45,-0.73,3.05,0.73,-15.27,0.27,0.73,2.0,2.73,0.07,1.45,1.73,0.0,0.0,1.36,0.0,0
0.0,0.0,1.0,0.96,0.0,0.11,1.0,25.86,1.0,0.96,0.0,1.87,0.0,96.4,4.89,0.0,1.04,1.0,0.96,0.0,1.11,0.0,0.0,0.54,0.04,0
0.0,0.0,1.0,2.63,0.0,5.0,2.0,104.8,1.0,0.63,2.37,0.75,0.0,140.26,1.63,0.0,6.63,1.0,3.16,0.37,1.63,0.0,5.0,1.03,0.0,0
-3.73,0.0,1.0,-3.73,0.0,-3.73,1.0,-16.66,1.0,-0.93,5.73,0.36,-0.93,36.94,0.07,0.0,-0.93,2.0,23.36,0.93,1.0,0.0,-185.67,0.5,1.87,0
0.0,0.0,1.0,1.0,0.0,0.0,2.0,31.37,3.0,1.0,2.54,-0.02,0.0,88.82,2.0,2.17,12.63,2.54,5.03,1.54,1.0,0.0,0.0,0.32,2.0,0
0.0,0.0,1.0,1.62,0.0,0.0,2.0,19.38,1.62,0.0,4.86,-0.73,0.0,99.9,1.0,0.0,0.38,1.0,5.42,2.62,0.38,0.0,0.0,0.82,0.0,0
0.0,8.78,1.0,4.0,0.0,-0.6,2.0,62.24,1.0,1.0,12.61,-0.01,1.0,40.1,0.2,1.6,12.99,-0.39,4.7,0.2,0.2,0.0,0.0,1.07,2.0,0
1.79,-8.06,1.0,0.9,1.0,-1.79,1.9,8.31,2.0,14.48,19.27,-1.65,0.0,162.71,1.0,0.9,7.37,3.79,4.45,0.0,1.0,0.0,27.75,1.24,1.9,0
0.0,0.0,1.0,0.93,0.0,9.52,2.86,34.1,1.0,1.86,1.86,0.73,3.72,11.17,2.0,2.79,4.79,1.0,5.58,0.93,5.86,0.93,0.0,0.87,1.0,0
0.0,0.0,1.0,1.65,0.0,9.79,2.31,37.75,1.0,1.0,-0.65,1.58,6.53,100.0,7.61,0.0,1.65,0.35,2.09,1.31,12.1,0.65,0.65,0.52,0.65,0
0.0,0.0,1.0,0.0,0.0,1.34,1.0,31.02,1.0,0.67,0.0,1.73,0.33,0.0,3.67,0.0,2.34,1.0,0.86,0.0,2.33,0.0,4.66,0.51,1.67,0
0.0,0.0,1.0,0.94,1.0,-3.75,2.94,-14.48,2.0,5.0,5.82,-0.62,-0.94,132.55,0.12,0.0,-1.82,2.0,3.81,2.88,1.0,0.0,0.0,0.87,2.0,0
0.0,6.82,1.0,-0.76,0.0,0.0,1.0,11.45,1.0,-0.76,2.0,0.73,0.0,-25.75,-2.03,1.52,-0.76,1.24,3.01,0.76,-0.52,0.0,0.0,0.98,0.76,0
1.54,0.0,1.77,1.77,0.0,-3.08,3.54,96.94,1.0,3.0,11.31,-0.59,-0.77,136.79,1.23,0.0,15.92,2.0,4.87,0.0,1.0,0.0,1.0,0.21,0.0,1
2.0,0.0,1.0,2.78,0.0,-0.19,1.0,11.33,5.0,1.0,5.59,0.05,1.59,70.59,1.41,0.0,4.22,2.59,2.35,0.0,0.0,0.0,0.0,0.77,2.0,0
0.0,4.0,1.0,0.71,0.0,0.0,1.0,8.92,1.0,0.0,0.0,3.3,0.0,70.82,0.71,0.0,1.0,-0.71,2.62,3.83,0.71,0.0,0.0,0.65,0.0,0
0.0,-2.86,1.0,0.0,0.72,0.0,2.72,38.74,1.0,5.43,10.0,-1.17,0.0,88.0,3.43,0.0,3.72,2.72,1.16,0.28,1.72,0.0,0.0,0.56,0.0,0
0.0,-1.86,1.62,1.62,0.0,7.38,0.38,63.66,1.0,-1.24,0.62,0.75,4.38,12.28,5.0,0.38,9.68,1.0,1.64,1.0,3.0,0.0,24.0,0.6,0.0,0
0.0,0.0,1.0,0.57,-0.57,2.0,2.57,56.41,0.43,-5.73,-2.73,0.84,0.0,40.36,2.0,0.0,4.43,0.43,3.6,1.15,1.0,0.0,0.0,0.64,-0.57,0
0.0,9.0,1.0,0.0,0.0,6.39,1.91,83.09,1.0,0.91,2.74,0.31,1.83,30.13,-1.83,2.0,0.91,0.0,5.26,1.91,1.83,0.0,-6.39,0.67,1.0,0
-44.94,0.0,1.0,-42.94,-172.77,14.98,3.0,-95.85,-27.96,-27.96,-144.81,2.18,9.99,-97.87,7.0,0.0,-25.97,1.0,1.9,4.0,17.98,1.0,1.0,0.42,1.0,0
5.0,0.0,1.0,1.0,0.0,3.0,4.91,58.09,1.0,1.0,8.87,-0.97,0.0,100.31,-1.87,0.0,11.0,2.0,29.09,2.96,1.0,0.0,0.0,0.17,2.91,0
0.0,17.82,1.0,0.0,0.0,1.07,1.0,33.45,1.0,0.0,-1.61,1.78,0.0,-23.55,0.54,2.54,5.0,0.0,-6.06,-0.54,-0.54,0.0,0.0,0.73,0.0,0
0.0,6.11,1.0,1.0,0.0,-0.68,1.0,41.26,1.0,1.0,0.0,1.52,0.0,100.0,5.0,0.68,-0.36,1.0,1.0,0.0,-0.72,0.0,0.0,0.68,-0.68,0
1.0,0.0,1.0,0.0,0.0,2.24,2.75,36.16,4.0,2.49,4.24,-0.88,0.75,74.63,1.25,1.0,0.76,2.0,2.07,0.75,3.98,0.0,0.0,0.81,1.75,0
0.0,0.0,2.0,1.0,0.0,-2.65,2.0,0.48,2.0,3.0,2.0,-0.71,-0.66,66.0,1.67,0.66,13.34,2.66,2.6,1.0,1.0,0.0,0.0,0.35,0.0,0
0.0,0.0,1.0,0.66,0.0,7.27,0.34,50.01,-0.32,-1.64,-0.98,1.72,3.3,-37.58,4.98,0.0,1.0,0.34,0.73,1.66,3.32,0.0,15.82,1.04,0.0,0
1.0,7.57,1.0,1.0,1.0,0.0,0.42,26.09,-0.16,-2.33,3.25,0.65,0.0,33.5,0.84,0.58,4.33,1.84,5.45,0.0,0.42,0.0,0.0,0.71,0.0,0
0.0,8.22,1.0,0.0,0.0,1.83,1.0,52.65,1.0,-0.91,1.0,1.79,0.0,42.0,0.09,4.91,0.26,3.0,0.06,-2.65,-4.56,0.0,0.0,0.26,0.0,0
5.0,-1.46,1.0,1.0,0.0,5.19,3.0,66.56,1.0,1.0,3.81,1.12,0.73,19.29,2.46,1.46,12.46,0.54,5.76,4.91,1.0,0.0,0.0,0.67,1.0,0
0.0,0.0,1.0,4.0,0.0,1.78,2.0,93.15,1.0,1.78,18.9,-0.16,1.0,147.35,1.0,0.0,10.56,1.22,7.04,1.78,1.78,0.0,0.0,0.69,2.78,0
3.73,0.0,1.0,6.53,2.8,8.67,1.93,132.86,0.07,0.0,0.0,2.06,1.0,8.4,3.0,0.0,11.53,0.07,6.5,0.0,1.93,0.0,0.0,0.8,1.0,0
0.0,0.0,1.75,0.0,0.0,0.0,2.0,29.22,3.75,6.24,2.25,0.01,0.0,80.45,3.49,1.0,10.69,2.75,0.75,-0.75,1.0,0.0,0.0,0.48,0.0,0
0.0,0.0,1.0,4.89,0.0,8.1,2.0,126.49,1.0,1.0,15.0,-1.26,5.44,102.2,4.55,0.89,8.11,1.11,7.71,1.89,2.78,0.0,21.3,0.64,2.0,0
1.0,1.0,1.0,2.0,0.0,-2.44,2.0,33.87,5.0,3.0,18.0,2.33,-0.69,89.0,-0.38,0.69,18.94,1.31,1.73,1.69,0.31,0.0,0.0,0.53,2.0,0
0.0,0.0,1.0,1.0,0.0,0.0,3.01,31.99,3.0,1.0,3.52,-0.43,0.0,85.77,0.48,0.0,11.0,2.0,16.95,1.51,1.0,0.0,0.0,0.39,3.01,0
0.0,0.0,1.0,0.62,0.0,0.0,1.62,25.77,1.0,4.08,5.08,0.35,0.0,147.99,5.23,0.0,12.46,1.0,5.3,3.0,1.38,0.0,0.62,0.22,0.62,0
0.0,1.0,1.0,0.62,0.0,4.0,1.0,-0.4,1.0,0.0,0.0,6.1,0.62,0.0,0.0,0.0,-1.24,0.0,0.03,1.62,3.72,0.0,0.0,0.46,0.0,0
0.0,-3.0,3.0,0.0,0.0,1.0,3.0,46.99,0.0,-5.0,2.0,1.02,1.0,-11.0,1.0,-1.0,5.0,0.0,0.67,-1.0,3.0,0.0,0.0,0.56,0.0,0
0.0,0.0,1.0,1.0,0.0,2.88,1.0,42.88,1.0,0.0,-1.73,3.7,0.58,74.67,3.15,1.15,1.15,1.0,-0.57,6.3,1.0,0.0,0.0,0.5,0.0,0
0.0,-7.0,1.0,0.0,0.0,10.23,1.89,57.91,1.0,1.78,1.78,5.93,0.89,36.47,0.89,-0.89,0.0,1.78,2.24,1.89,1.78,0.0,0.0,0.76,-0.89,0
0.0,0.0,1.0,0.0,0.0,10.16,1.74,109.11,1.0,0.74,2.21,0.17,2.47,24.32,0.53,0.0,4.74,1.0,5.11,0.74,2.47,0.0,-5.16,0.75,0.0,0
2.0,5.16,1.0,1.0,-0.57,1.0,0.43,36.28,4.43,-1.87,3.28,1.02,1.0,24.13,0.85,1.15,5.43,0.85,2.05,0.0,-0.57,0.0,0.0,0.57,1.43,0
-31.55,3.0,1.0,-30.85,-121.29,2.4,3.0,-57.14,-18.33,-13.93,-100.66,1.13,1.0,3.29,3.7,1.0,-18.93,2.0,1.33,1.7,1.7,0.0,0.0,1.0,0.0,0
0.0,3.0,1.0,0.0,0.7,4.0,1.7,35.0,1.0,1.41,0.0,5.27,0.0,0.0,0.7,1.0,1.41,-0.7,0.87,0.0,0.7,0.0,0.0,0.47,0.0,0
35.9,0.0,1.0,34.48,122.62,4.0,3.0,141.89,21.56,20.14,103.48,-0.45,1.0,51.58,0.58,0.0,20.14,1.0,5.3,1.0,0.29,0.0,199.0,1.0,0.0,0
0.0,-1.2,1.0,0.6,0.0,0.0,1.6,26.22,2.2,1.6,1.2,-0.47,0.0,39.69,4.2,-1.2,9.62,2.2,5.77,4.0,5.6,0.0,0.0,0.68,1.2,0
0.0,9.0,0.24,0.76,0.0,0.0,-0.53,26.35,1.76,2.29,1.53,1.21,-1.53,50.48,0.76,2.0,10.71,0.76,3.91,1.76,-1.53,0.0,0.0,0.57,1.0,0
-1.71,0.0,1.0,-0.86,0.0,3.0,0.14,30.29,1.0,-3.42,-4.28,2.91,0.0,17.97,2.71,-1.71,-3.42,0.29,1.04,2.57,1.71,0.0,-26.53,0.13,-0.86,0
0.0,0.0,1.0,0.0,0.0,2.0,1.0,21.0,1.0,1.0,1.0,1.4,0.0,0.0,3.0,0.0,1.0,1.0,1.0,1.0,2.0,0.0,0.0,1.0,0.0,1
0.0,-2.49,1.0,0.83,0.0,-0.83,-0.66,13.19,0.17,-2.32,1.17,2.77,-0.83,123.24,5.66,-0.83,2.83,0.17,1.89,2.17,2.83,0.0,0.0,0.51,0.0,0
0.0,0.0,1.0,0.82,-0.82,2.0,-0.65,18.53,1.0,0.18,1.0,2.88,0.0,82.41,5.47,0.0,-0.65,1.0,1.21,1.0,2.0,0.0,0.0,0.65,-2.47,0
-3.48,-0.75,1.0,-2.73,-1.24,-2.99,0.25,-588.68,-3.48,-15.68,-41.31,-0.16,0.0,3.55,2.0,0.0,-22.65,-2.23,2.15,0.0,1.0,0.0,-8.22,0.74,-0.75,0
0.0,0.0,2.0,0.08,0.0,0.0,2.0,18.68,2.0,5.77,2.92,0.21,0.0,72.47,3.0,0.92,4.76,2.0,1.02,0.08,1.0,0.0,0.0,0.84,-1.85,0
0.0,0.0,1.0,-0.62,0.0,2.0,1.0,14.75,1.0,0.38,2.87,0.48,0.0,-34.97,0.5,0.0,0.38,1.0,8.7,1.62,2.0,0.0,0.0,1.3,0.0,0
2.0,0.0,2.0,1.0,0.0,-4.86,2.31,-7.13,1.0,-0.69,1.61,0.12,-0.69,33.56,3.39,-0.69,2.08,0.31,3.75,1.39,3.08,0.0,0.0,0.5,0.0,0
0.0,0.0,1.0,2.0,0.0,5.0,0.22,101.0,1.0,0.89,1.22,2.15,0.0,131.24,3.67,0.0,7.78,1.0,-17.97,1.89,1.89,0.0,5.0,0.85,-1.78,0
0.0,-2.88,1.0,0.0,0.72,4.0,1.72,66.77,1.72,3.61,2.16,0.39,1.0,57.69,6.44,0.0,4.0,2.44,3.46,0.0,1.72,0.0,0.0,0.85,1.44,0
-3.01,0.0,1.0,-0.6,0.0,-1.81,0.8,0.53,3.0,4.0,-0.61,1.02,0.0,35.09,3.2,1.0,-3.21,1.4,-0.11,0.0,2.2,0.0,0.0,1.09,-0.6,0
0.0,-11.26,1.0,1.0,0.0,2.6,1.0,20.6,2.0,0.0,3.0,1.38,0.0,71.0,2.73,-1.73,-1.6,2.87,0.96,1.0,3.47,0.0,0.0,0.68,0.87,0
-3.13,-0.52,1.0,-2.61,-1.56,2.91,0.48,-374.93,-2.13,-10.95,-30.77,0.93,1.0,-27.64,2.0,-1.04,-26.77,-3.17,7.06,0.52,1.52,0.0,-5.74,1.24,-0.52,0
31.47,2.0,1.0,30.77,120.97,0.0,1.0,110.4,21.28,19.58,101.39,1.89,0.0,68.52,0.7,2.0,18.88,-0.7,1.77,0.3,0.0,0.0,0.0,1.14,0.0,0
0.0,6.61,1.0,0.8,0.0,-0.8,0.2,20.2,1.8,-3.19,0.8,1.54,-0.8,-4.79,-0.8,1.2,8.78,0.0,3.4,1.0,0.0,0.0,0.0,0.56,2.6,0
0.0,0.0,1.0,0.0,1.0,0.0,2.0,-27.51,1.0,1.88,-10.44,-0.49,0.0,-1.99,3.0,0.0,1.88,1.0,-3.43,0.0,0.12,0.0,0.0,0.84,1.0,0
2.26,0.0,1.0,4.69,0.0,2.26,2.56,27.86,-0.13,0.0,2.87,0.41,1.56,54.66,1.0,0.0,-3.65,1.44,2.59,0.0,1.0,0.0,112.37,1.3,-1.13,0
0.0,12.16,1.0,1.0,0.0,0.0,1.0,28.81,1.0,0.06,0.0,0.97,0.0,100.0,1.26,1.87,5.68,0.06,2.01,0.0,-1.81,0.0,-6.55,0.56,-0.94,0
-0.6,0.0,1.0,-0.6,-0.6,2.0,1.0,13.14,1.0,1.0,-0.81,1.55,0.0,-15.71,2.4,0.0,-0.21,0.4,-1.1,1.0,2.0,0.0,0.0,1.22,0.0,0
-2.9,0.0,1.0,0.0,-1.74,0.0,0.42,19.94,1.58,1.58,-1.74,0.49,0.0,-6.38,1.42,-8.12,7.8,1.58,-7.56,-0.58,0.42,0.0,-0.58,0.67,0.58,0
0.0,0.0,-0.35,0.0,0.67,0.0,0.33,22.06,1.0,2.35,0.0,0.68,-1.35,0.0,3.0,0.0,5.02,1.0,3.82,4.0,3.65,0.0,0.0,0.96,2.02,0
0.0,0.0,1.0,-0.65,0.0,7.25,0.35,76.58,1.0,-3.25,-3.25,3.29,1.65,-50.64,5.0,1.3,-7.04,0.35,3.65,3.25,1.65,0.0,-0.65,1.26,-0.65,0
0.0,0.0,1.0,-0.56,1.0,0.0,2.0,14.41,1.0,0.44,2.68,-0.44,0.0,10.67,0.76,0.0,0.44,1.0,9.04,0.56,1.0,0.0,0.0,1.11,1.0,0
0.67,0.0,1.0,2.67,0.0,0.67,1.0,21.67,1.0,-2.67,-2.0,0.16,0.0,13.35,1.0,1.33,29.34,2.0,-0.23,0.0,0.0,0.0,0.0,0.48,0.67,0
2.0,-3.48,1.0,1.0,0.0,1.0,1.0,42.36,5.0,1.0,5.0,-1.21,1.0,70.0,2.87,0.87,7.74,3.74,2.49,-0.87,0.87,0.0,0.0,0.21,2.0,0
2.0,0.0,2.0,1.61,0.0,0.0,3.0,28.66,1.0,0.61,2.39,0.31,0.0,122.58,3.82,0.0,0.0,0.39,3.2,-0.61,1.61,0.0,0.0,0.62,0.0,0
0.0,0.0,1.84,0.84,0.0,0.0,1.84,26.03,1.84,2.51,1.84,0.38,0.0,55.29,3.16,0.0,11.73,1.84,3.03,1.0,1.0,0.0,0.0,0.5,0.0,0
0.0,-7.27,2.45,2.0,0.0,1.36,4.18,63.91,1.0,0.0,3.0,-2.04,1.45,77.0,2.45,-2.18,4.55,1.73,2.72,1.0,3.18,0.0,5.0,1.08,0.0,0
-33.21,1.0,1.0,-31.6,-147.74,8.36,2.87,804.43,-18.27,-3.4,-62.6,1.43,0.0,78.7,0.13,2.0,39.83,9.0,5.55,0.87,0.0,0.0,15.36,0.36,1.0,1
0.0,0.0,1.0,1.14,0.0,2.0,1.57,47.71,1.0,1.0,2.71,0.58,-0.57,43.76,1.86,-1.14,3.27,1.0,-0.15,-1.27,2.0,0.0,2.84,0.88,0.0,0
-0.71,3.0,1.0,-2.13,0.0,5.26,3.71,40.39,0.58,6.42,3.13,0.46,3.84,14.47,3.0,3.13,-1.42,1.29,7.31,3.13,2.42,0.71,0.0,1.23,-0.71,0
1.68,0.0,1.0,0.84,0.0,-5.03,0.16,-22.6,4.36,0.16,1.68,0.82,-0.84,31.05,3.0,0.0,7.2,1.84,2.89,3.16,0.8,0.0,0.0,0.9,0.84,0
-0.92,-0.92,1.0,-0.84,0.0,-0.92,0.08,-8.79,-2.67,-1.75,-16.52,1.2,0.0,18.33,4.0,1.84,5.59,1.0,-1.53,-0.92,1.08,0.0,0.0,1.14,-1.84,0
4.0,0.0,1.0,8.0,3.0,1.0,2.0,84.6,1.0,0.8,3.0,-0.5,0.0,80.0,2.6,0.0,7.2,0.2,9.3,4.2,3.4,0.0,0.0,1.38,0.0,0
0.0,0.0,1.0,3.64,0.0,0.91,3.91,79.95,1.0,0.91,14.92,0.03,0.91,79.02,1.0,0.0,8.19,1.91,21.08,2.0,1.0,0.0,0.0,0.19,3.82,0
-2.62,6.82,1.0,0.0,-1.57,7.52,0.95,86.62,0.48,2.0,2.48,0.64,2.0,25.13,0.95,-7.34,1.0,1.52,-3.61,0.48,4.48,0.0,-0.52,0.57,0.48,0
0.0,-3.15,1.0,1.0,0.0,1.57,1.0,45.89,1.0,1.0,0.0,2.33,0.0,100.0,5.57,-0.79,-2.93,1.79,0.15,0.0,2.0,0.0,0.0,0.6,0.0,0
0.0,0.0,1.0,-2.29,0.0,6.43,1.0,7.71,1.0,0.57,-7.43,2.55,0.0,-26.86,2.0,0.57,-3.14,1.0,-1.9,0.57,4.57,0.0,0.0,1.14,-0.14,0
1.0,6.7,1.0,1.0,1.0,0.0,1.0,30.55,1.0,0.0,4.48,0.16,0.0,76.0,1.48,1.03,4.06,1.97,5.51,-0.52,0.48,0.0,0.0,0.73,0.0,0
0.0,0.0,3.0,0.96,0.0,14.46,5.93,32.53,1.0,0.0,0.0,1.11,11.64,0.0,5.86,-1.93,-23.14,0.04,3.84,2.89,20.35,0.96,0.96,1.11,0.96,0
0.0,0.0,1.0,1.35,0.0,1.0,1.35,16.89,2.0,-3.26,-1.95,0.56,1.0,21.77,0.7,0.0,-9.37,2.0,2.81,0.0,0.65,0.0,57.35,1.31,-0.65,0
2.0,0.0,1.0,1.0,0.52,-1.58,2.03,22.51,5.0,2.03,5.0,-0.29,0.48,70.0,2.0,0.0,5.48,2.0,1.17,0.0,0.0,0.0,0.0,0.48,3.55,0
0.0,0.0,1.0,1.56,0.0,3.91,1.78,87.41,1.0,0.0,1.0,1.83,0.0,25.78,4.0,0.0,4.69,1.0,-6.45,1.0,1.0,0.0,3.91,0.47,0.0,0
3.53,3.0,1.0,0.71,2.12,-1.12,4.41,39.64,2.71,5.0,4.53,-0.73,1.0,126.32,4.41,10.88,0.71,1.29,14.44,2.41,2.41,0.0,0.71,1.15,0.71,0
0.0,3.44,1.0,0.0,0.0,-1.15,1.0,20.59,1.0,0.0,3.0,-1.73,0.0,44.0,2.15,0.0,0.0,1.57,12.19,1.0,1.0,0.0,0.0,0.92,0.0,0
-4.81,-0.8,1.0,-4.01,-2.41,0.79,0.2,-603.84,-3.81,-16.04,-48.12,2.69,1.0,2.41,5.41,-1.6,-41.71,-5.42,1.18,2.41,2.6,0.0,-8.82,0.84,-0.8,0
0.0,0.0,1.0,0.07,0.0,6.51,2.0,62.82,1.0,2.07,2.49,1.08,0.93,44.35,1.07,0.93,1.33,2.0,3.55,1.86,1.93,0.0,0.07,0.97,0.0,0
0.0,0.0,1.0,0.37,0.0,17.52,3.0,59.15,1.0,0.0,0.0,-0.03,10.63,-62.89,5.63,0.0,5.14,1.0,2.1,0.48,18.0,1.0,1.0,0.82,1.63,0
0.0,0.0,1.0,-0.99,0.0,3.94,0.01,43.59,-0.97,0.01,-1.97,2.67,0.99,-65.03,5.96,0.0,-3.9,0.01,2.65,3.01,5.0,0.0,0.0,1.47,-1.97,0
0.0,0.0,1.0,0.0,0.56,0.0,1.56,83.33,1.0,1.11,11.33,2.51,0.0,25.57,2.56,0.0,2.11,1.0,-0.34,-0.56,1.0,0.0,0.0,0.88,0.0,0
-0.87,13.0,1.0,0.0,-0.87,0.0,1.87,104.62,1.0,2.62,3.49,0.8,0.0,11.36,0.0,2.0,19.85,-0.87,-0.16,0.0,0.0,0.0,0.87,0.97,0.0,0
0.0,0.0,1.0,0.0,0.81,3.0,1.81,30.09,1.0,0.81,0.0,1.1,0.0,0.0,1.19,0.0,0.38,1.0,-1.53,-1.62,2.38,0.0,0.0,1.04,1.0,0
0.0,0.0,1.0,1.0,-0.99,0.0,0.02,20.12,1.0,3.02,5.0,2.41,0.0,78.0,2.01,0.0,18.01,2.99,3.01,0.0,0.0,0.0,1.0,0.57,-1.96,0
0.0,0.0,1.0,-0.85,0.0,1.0,1.0,42.3,0.15,1.0,5.0,0.77,0.0,53.05,1.0,0.0,1.15,0.15,11.73,1.0,1.85,0.0,0.0,1.24,1.0,0
0.0,18.23,1.0,0.0,0.0,-3.49,1.0,6.79,1.0,0.0,0.0,-2.95,0.0,0.0,0.0,2.87,5.0,0.0,1.17,0.87,0.0,0.0,0.0,1.31,0.87,0
0.0,0.56,1.0,-0.56,0.0,6.23,0.44,4.1,1.0,-1.67,-5.02,5.23,1.0,-49.65,1.88,0.0,-6.6,-0.12,0.77,0.56,0.44,0.0,-0.56,0.93,0.0,0
0.0,9.0,1.0,0.0,0.0,2.0,1.0,41.0,0.5,-2.0,-1.0,2.26,0.0,-19.02,2.5,1.0,0.0,0.5,-0.04,-0.5,0.0,0.0,0.0,0.48,-0.5,0
-0.51,1.54,1.0,-2.06,1.0,0.0,2.51,35.63,0.49,4.57,0.51,0.31,0.51,-10.8,2.51,0.51,-1.09,1.0,0.8,0.51,1.0,0.0,0.0,1.0,-0.51,0
0.0,0.0,1.0,0.0,0.0,7.0,2.0,84.79,1.0,2.0,3.0,0.13,2.0,33.0,2.0,0.0,1.0,1.0,3.44,1.0,5.79,0.0,0.0,1.0,1.0,0
37.04,0.0,1.0,35.39,143.39,0.0,3.0,131.06,24.87,24.22,120.17,-1.07,0.0,-1.65,-0.47,0.0,25.22,1.0,1.92,0.0,0.18,0.0,0.0,0.94,3.0,0
-1.2,0.0,1.0,-0.6,0.0,6.4,2.0,49.59,-1.4,2.0,-1.0,1.29,0.4,-1.04,1.0,1.0,-2.4,1.4,2.75,2.0,2.6,0.0,0.0,1.18,-1.2,0
2.0,7.85,1.0,1.0,0.0,1.78,1.0,45.85,5.0,1.0,5.0,2.25,0.22,70.0,-0.35,2.35,4.43,1.22,1.59,0.0,-0.78,0.0,0.0,0.32,2.0,0
0.0,0.0,1.0,0.0,0.0,0.0,1.0,-24.33,1.0,0.81,-8.9,-0.02,0.0,40.48,2.62,1.0,3.81,2.0,-1.81,2.43,1.81,0.0,0.0,0.27,0.0,0
0.0,0.0,1.0,-0.83,0.0,7.39,0.39,33.79,1.0,0.0,-9.16,1.44,4.39,23.33,6.83,1.0,-3.89,0.39,-2.56,0.39,3.61,0.0,24.0,1.11,-1.22,0
0.0,10.16,1.0,0.63,0.0,0.63,1.0,31.07,1.0,0.0,1.88,1.7,0.0,38.93,-0.63,2.0,0.0,0.63,2.92,0.37,0.0,0.0,0.0,0.75,0.0,0
0.0,9.0,1.0,0.0,0.0,2.0,1.0,43.0,1.0,0.79,-0.79,1.67,0.0,0.0,2.0,1.0,0.79,1.0,-1.06,-1.59,-0.79,0.0,0.0,0.49,0.0,0
-0.78,0.0,2.0,3.33,0.0,0.0,2.78,16.9,0.45,2.22,-1.89,0.21,-0.78,83.88,3.0,0.0,14.0,2.0,2.49,1.0,1.78,0.0,0.0,0.52,-0.78,0
0.0,0.53,1.0,-0.53,0.0,6.12,1.0,64.72,0.47,0.0,-1.59,4.48,1.0,-37.71,2.47,0.0,3.47,-0.06,2.1,0.0,1.0,0.0,0.0,1.02,0.0,0
0.0,0.0,1.0,1.0,0.0,15.0,3.0,32.7,1.0,0.0,0.0,-0.47,10.0,0.0,5.65,-0.65,2.65,2.3,2.35,2.35,18.65,1.0,1.0,0.8,1.0,0
0.0,0.0,1.0,2.0,0.0,8.37,0.31,136.4,1.0,0.0,-0.37,2.23,0.84,44.13,4.37,0.0,9.37,1.0,-17.22,-0.69,1.0,0.0,5.0,1.21,-1.69,0
0.0,10.34,1.0,0.0,0.0,0.67,1.0,21.67,1.0,-0.67,-1.34,1.71,0.0,-10.69,0.0,2.0,-1.34,1.34,3.26,1.0,0.0,0.0,0.0,0.67,0.33,0
0.0,0.0,1.0,1.0,0.81,0.0,2.0,35.66,1.81,12.27,15.5,-0.94,0.0,152.34,1.38,0.0,17.38,2.81,3.3,-1.62,-1.62,0.0,1.0,0.64,1.81,1
0.0,3.07,1.0,-0.77,0.0,0.0,1.0,66.56,1.0,-0.77,13.0,3.27,0.0,-26.68,-1.07,0.0,1.0,0.23,7.0,0.77,-0.53,0.0,0.0,1.0,0.0,0
45.0,0.0,1.0,44.0,173.0,0.0,1.9,153.71,30.0,31.61,150.51,-1.02,0.0,78.16,1.1,0.0,44.24,1.9,4.9,0.0,-0.8,0.0,0.9,0.57,0.9,1
0.0,-4.9,2.0,1.0,0.0,-1.09,2.0,44.41,2.0,3.0,9.07,0.35,0.0,93.21,3.0,-0.54,14.54,2.0,7.17,1.0,1.54,0.0,0.0,0.75,0.0,0
0.0,0.0,1.0,1.06,0.0,2.88,2.94,58.91,2.0,-0.94,2.82,-0.87,1.0,3.33,-0.82,0.0,6.76,2.0,4.77,0.0,0.0,0.0,58.0,1.03,0.0,0
0.0,7.61,1.0,0.0,0.0,2.07,1.0,53.15,1.0,0.0,0.0,-0.08,1.0,0.0,1.41,1.17,4.59,-0.17,3.2,0.0,-0.17,0.0,0.0,1.28,0.0,0
0.0,-7.99,1.0,0.0,0.0,1.0,1.0,44.0,1.0,1.0,5.0,3.16,0.0,76.0,1.0,-0.89,2.89,1.0,1.01,1.0,1.0,0.0,0.0,1.01,0.11,0
0.0,0.0,1.0,1.0,0.75,1.0,2.75,49.25,1.0,3.75,8.0,-0.58,0.0,118.55,2.25,0.0,11.75,1.0,3.48,0.25,1.0,0.0,0.0,1.03,0.75,0
0.84,0.0,1.0,1.0,0.84,-3.35,1.0,34.55,1.0,1.0,4.19,0.29,-1.68,163.74,4.16,0.0,1.0,2.68,4.9,-0.84,-3.03,0.0,0.0,1.11,0.0,0
0.0,0.0,1.0,-0.95,0.0,-1.66,-0.9,46.64,1.0,-1.9,-1.9,2.42,-2.8,-11.41,2.0,-2.85,1.15,1.0,-3.13,-0.95,-0.9,-0.95,0.0,1.1,0.0,0
0.0,9.0,1.0,0.0,0.55,0.0,1.0,26.55,1.0,1.11,-2.22,1.42,0.0,-21.64,0.55,2.0,1.66,0.0,-12.46,-0.11,0.0,0.0,0.0,1.25,1.55,0
0.0,0.0,1.0,0.39,0.0,2.45,1.0,45.51,1.0,0.0,0.0,2.18,0.61,38.72,3.84,0.0,2.45,1.0,3.12,1.55,1.0,0.0,0.0,0.77,0.0,0
3.48,0.58,1.0,2.32,1.74,7.32,1.0,538.85,4.48,12.17,34.19,1.27,1.0,23.76,2.0,1.16,37.61,5.64,2.85,-1.16,0.42,0.0,6.37,0.73,0.58,1
-0.58,10.0,1.0,-1.73,0.0,4.42,0.42,71.58,-0.15,0.58,0.0,5.32,0.0,4.04,1.73,3.0,-0.89,-0.58,1.9,0.0,0.0,0.0,0.0,0.59,-0.58,0
0.0,0.0,1.0,0.0,0.0,-0.55,1.0,24.86,1.0,1.0,0.0,1.01,0.0,0.0,2.0,-1.1,3.1,1.0,-0.89,-2.76,0.0,0.0,0.0,1.0,0.0,0
0.0,0.0,1.0,-0.72,1.0,2.15,1.0,35.88,2.0,10.0,13.0,-0.61,0.0,20.34,0.28,0.0,2.0,2.72,-0.45,-2.87,0.28,0.0,0.0,0.84,1.0,0
0.0,0.0,1.0,0.0,0.0,-0.53,2.81,24.72,1.0,0.0,3.63,1.08,0.09,35.37,2.09,0.0,0.37,1.0,24.73,1.81,1.0,0.0,0.0,0.36,1.81,0
0.0,-10.03,1.0,0.0,1.77,0.0,3.77,32.86,1.77,5.86,2.31,-0.43,0.0,61.7,3.54,-1.54,-0.08,2.54,1.63,0.77,1.77,0.0,0.0,0.84,4.54,0
0.0,-7.78,1.0,-0.78,0.0,0.0,2.56,66.45,1.78,3.89,10.67,2.2,0.78,57.78,3.56,0.78,0.22,1.0,4.88,0.0,1.0,0.0,0.0,1.31,0.0,0
0.0,21.26,1.0,-0.91,0.0,1.0,0.36,20.85,1.0,-0.64,-2.99,0.8,-0.64,45.48,1.0,0.0,-4.08,2.0,3.94,1.0,1.0,0.0,0.0,0.54,-1.27,0
1.0,0.0,1.0,0.9,0.0,0.0,2.0,-24.4,4.0,1.9,-9.75,-0.79,0.0,95.2,4.71,1.0,3.0,2.0,-4.01,0.0,1.9,0.0,0.0,0.98,1.0,0
1.18,0.0,1.0,0.0,0.0,0.59,1.0,29.04,3.36,0.59,2.95,0.99,0.59,-17.71,1.0,0.0,5.54,2.59,-1.11,-2.36,0.41,0.0,0.0,1.0,1.18,0
-4.18,0.0,1.0,-0.84,0.0,2.49,-0.67,21.41,1.0,-0.84,-5.01,2.13,1.0,-52.64,3.0,3.67,14.53,1.0,1.65,3.33,0.16,0.0,0.0,1.3,-0.84,0
0.0,0.0,1.0,0.0,0.0,0.03,1.0,-9.16,1.0,0.74,1.48,2.21,-0.74,74.2,2.74,0.0,-0.23,1.0,0.32,2.23,4.74,0.0,0.0,0.96,0.26,0
0.0,0.0,2.9,-0.95,0.0,4.0,3.85,54.35,1.0,-0.95,0.0,0.52,2.9,-94.93,0.15,0.0,3.05,1.0,2.57,0.0,1.95,0.0,0.0,1.0,0.0,0
0.0,0.0,1.0,-0.93,0.0,10.74,2.0,89.75,1.0,1.07,2.0,1.29,1.93,-52.39,0.07,1.0,3.74,2.0,4.97,2.0,1.07,0.0,0.0,0.56,0.93,0
0.0,0.0,1.0,1.0,0.0,-4.3,-0.23,19.01,1.0,-0.23,-1.84,2.45,-2.46,154.12,4.0,-1.84,-1.46,1.0,-1.46,0.61,0.77,-0.61,0.0,0.76,0.0,0
3.47,0.0,1.0,0.31,0.0,2.61,1.69,-8.47,1.0,0.69,2.08,1.29,2.0,-9.72,3.0,0.0,5.47,1.69,1.81,1.69,7.0,0.0,-3.47,0.17,0.69,0
0.0,-6.36,1.0,1.0,0.0,-1.41,1.0,5.44,1.0,0.0,0.71,2.58,0.0,100.0,2.0,-0.71,0.71,1.0,5.41,5.41,1.71,0.0,0.0,0.86,0.0,0
-0.94,0.0,1.0,-2.76,0.0,-0.94,0.06,18.54,-0.88,1.94,0.0,1.92,0.0,12.6,4.94,0.0,-1.82,0.06,3.82,3.76,5.76,0.0,0.0,1.41,-0.94,0
0.0,9.0,1.0,0.0,0.0,2.51,1.84,18.49,1.0,1.68,1.68,0.85,0.0,34.36,-1.68,2.84,-3.35,0.84,2.89,2.68,0.84,0.0,0.0,1.02,1.0,0
1.68,0.0,1.84,0.0,0.0,4.0,2.68,56.81,1.0,-0.84,2.51,0.9,1.0,-31.83,2.49,0.0,3.16,1.0,4.58,0.0,0.16,0.0,0.0,0.53,0.0,0
45.0,1.32,1.0,44.0,173.0,-0.66,1.0,166.2,30.0,28.0,147.98,-0.58,0.0,137.64,1.34,0.0,26.68,2.32,4.9,0.66,-0.98,0.0,0.0,0.71,-0.66,0
0.0,14.79,1.0,1.0,0.0,-0.79,1.0,30.65,1.0,0.0,6.69,0.3,-0.9,115.8,-0.79,0.0,-2.59,3.79,6.1,1.9,1.0,0.0,0.0,0.19,0.0,0
0.0,0.0,1.0,0.03,0.0,0.06,1.01,31.89,1.0,0.0,0.04,1.19,0.0,0.98,1.0,0.0,0.08,1.99,1.74,0.01,0.01,0.0,0.06,1.0,0.0,0
-32.88,2.0,1.0,-31.42,-126.42,0.0,1.0,-74.61,-20.19,-19.73,-106.69,3.69,0.0,1.46,2.19,2.0,-19.73,0.0,-0.05,1.0,0.73,0.0,0.0,1.0,0.0,0
0.0,10.54,3.0,-0.81,0.0,0.0,4.0,13.51,1.0,-0.81,0.0,0.17,2.0,-81.11,-1.24,1.62,3.24,0.19,1.06,0.0,1.38,0.0,0.0,1.0,0.0,0
0.0,0.0,1.0,-0.64,0.0,5.0,1.64,51.93,1.0,-3.21,-0.64,1.18,1.0,-25.07,0.71,0.0,-8.21,0.36,17.52,1.29,1.64,0.0,-0.64,0.96,0.64,0
0.0,2.22,1.0,0.0,0.0,4.0,1.0,28.22,1.0,0.0,-7.22,1.79,1.0,-27.78,1.89,0.0,4.0,0.44,-0.76,0.56,0.44,0.0,0.0,0.85,0.0,0
0.0,0.0,1.0,0.0,0.0,0.0,1.0,28.0,1.0,0.56,1.0,1.24,0.0,42.0,2.11,3.44,3.56,2.44,4.03,2.11,1.11,0.0,0.0,0.74,0.0,0
0.54,0.54,1.0,2.09,0.0,-3.26,1.0,27.09,3.17,1.54,8.7,1.36,-0.54,126.1,5.0,-0.54,12.42,1.0,0.62,-0.54,0.46,0.0,0.0,0.27,1.09,0
0.0,0.0,1.0,0.0,0.0,0.0,1.0,16.0,1.0,0.0,2.0,0.57,0.0,50.0,1.0,0.0,0.0,2.0,2.17,0.0,1.0,0.0,0.0,1.0,0.0,0
0.0,2.0,1.0,-0.85,0.0,-10.71,1.0,32.29,1.0,0.0,6.39,0.65,-8.47,93.04,-2.39,0.0,-1.69,3.0,24.06,0.15,-13.4,-0.85,-0.85,0.25,0.85,0
-3.79,-0.63,1.0,-3.16,-0.9,0.0,1.37,-477.22,-2.79,-12.27,-38.17,0.83,0.63,-19.28,4.26,-1.26,-33.12,-4.05,0.78,0.0,1.63,0.0,-6.95,0.84,1.0,0
0.0,0.0,1.0,0.0,0.0,4.0,-0.55,62.55,1.0,0.0,-3.09,1.66,1.0,-30.14,3.0,0.77,6.32,1.77,-17.19,-1.55,1.0,0.0,0.0,1.16,-1.55,0
0.0,4.0,1.0,0.0,-0.6,0.0,1.6,13.61,1.6,-3.58,-5.97,2.34,0.0,-11.34,0.6,0.6,0.4,0.0,0.98,1.0,0.0,0.0,0.0,1.01,-0.6,0
2.7,-1.08,1.0,0.54,0.0,7.54,3.08,66.1,1.0,2.54,3.62,0.7,1.0,42.62,1.0,1.0,5.94,1.46,3.94,2.54,2.0,0.0,0.0,0.89,0.54,0
2.0,-2.03,1.0,1.68,0.0,-0.68,0.65,15.58,0.32,2.29,6.32,1.24,-0.68,97.95,3.35,1.32,6.68,2.32,2.44,-0.68,0.0,0.0,31.0,0.61,1.0,0
0.0,0.0,1.63,0.63,0.0,-1.89,1.63,19.15,1.63,1.89,2.26,-0.02,0.0,41.58,1.63,0.0,8.56,2.63,3.45,1.63,-0.89,0.0,0.0,0.49,-0.63,0
1.94,0.0,1.0,0.97,0.0,4.0,1.97,51.29,1.0,4.86,6.8,0.85,1.0,76.74,5.97,1.94,9.83,1.97,4.16,0.0,1.0,0.0,30.11,0.88,0.97,0
0.0,0.0,1.0,0.0,0.22,0.0,2.22,29.78,1.0,1.22,-0.78,3.05,0.0,-32.8,-0.34,0.78,3.0,0.22,-0.15,0.78,0.22,0.0,0.0,1.07,2.22,0
0.0,-10.22,1.0,0.0,0.0,0.79,1.0,35.66,1.0,1.79,3.93,0.94,0.0,59.77,3.79,-1.57,0.64,1.79,4.73,4.79,5.79,0.0,0.0,0.99,0.79,0
4.0,0.0,2.82,2.18,0.0,-0.56,4.82,-19.81,1.0,1.0,-2.73,0.2,2.82,-17.17,2.91,0.0,-4.47,1.0,2.12,0.09,2.82,0.0,194.44,1.18,0.0,0
2.93,0.0,0.41,0.0,1.0,1.76,2.59,50.36,0.41,0.83,2.35,0.45,0.0,-1.76,0.83,0.0,0.24,1.0,0.8,0.59,1.0,0.0,0.0,0.69,0.59,0
1.65,-7.44,1.83,0.83,0.0,-1.65,2.65,-1.35,1.0,0.0,4.48,-1.02,0.0,101.24,1.0,-0.83,0.0,2.0,4.98,0.0,1.83,0.0,0.0,1.01,0.0,0
5.0,0.0,1.0,1.0,3.0,0.0,2.07,37.2,0.13,-3.73,2.2,0.56,0.0,8.86,2.07,14.0,2.87,1.0,18.51,2.0,2.0,0.0,1.0,0.52,1.0,0
0.0,0.0,1.0,0.0,0.0,6.63,1.0,75.03,1.0,0.0,-2.63,2.36,1.0,-38.58,3.0,0.0,4.0,1.88,-7.95,-0.88,0.12,0.0,0.0,0.55,0.0,0
2.0,0.0,-0.01,1.51,0.0,0.0,0.99,27.58,2.01,5.51,8.01,-0.06,-1.01,112.43,2.0,2.0,11.57,3.51,4.84,0.51,-1.01,0.0,31.0,0.67,2.01,1
0.0,-3.14,1.0,-0.78,1.0,-0.78,2.0,5.19,2.0,5.0,-0.14,0.92,0.0,31.4,1.22,1.57,0.22,0.43,-0.08,1.0,0.22,0.0,0.0,1.16,2.78,0
0.0,10.0,1.0,0.0,0.0,0.42,0.35,29.75,1.0,-0.65,-1.96,5.11,-1.31,-21.61,0.0,3.0,2.65,0.0,0.08,-0.65,-3.27,0.0,0.0,0.86,-0.65,0
28.95,0.0,0.36,27.66,111.29,0.0,0.36,95.77,19.01,16.08,94.63,0.49,0.0,70.59,0.36,0.0,9.01,1.36,1.57,-0.64,1.0,0.0,0.0,1.34,0.0,0
0.0,1.38,1.0,0.0,-0.69,0.0,0.31,10.48,0.31,-3.45,-0.07,2.29,0.0,-5.15,-0.38,1.38,-0.69,0.62,1.32,0.0,0.31,0.0,0.0,1.09,-1.38,0
0.0,0.0,1.0,0.0,-0.73,0.0,0.27,16.73,1.0,0.0,0.27,1.95,0.0,-30.82,1.0,0.0,3.2,2.0,1.23,2.47,2.47,0.0,0.0,0.7,-0.73,0
0.0,7.59,1.0,0.0,0.0,1.69,1.0,93.55,1.0,-0.84,13.0,3.05,0.0,50.0,1.16,0.84,-2.37,1.0,5.31,-1.69,-1.53,0.0,0.0,0.83,0.0,0
0.0,0.0,1.0,0.0,0.52,7.0,2.52,79.81,1.0,2.52,3.0,0.3,2.0,33.0,3.05,-2.1,-0.05,-0.05,2.62,0.48,5.52,0.0,0.0,0.68,1.52,0
0.0,0.0,1.0,-0.66,0.0,7.0,2.0,73.94,0.34,3.99,7.31,1.13,0.34,72.21,1.66,1.0,5.31,1.34,2.86,2.66,2.66,0.0,-38.52,0.92,0.0,0
0.0,0.0,1.0,-0.09,0.0,-0.54,2.54,29.2,2.46,1.0,4.17,0.19,-0.54,65.46,1.46,0.0,9.37,1.46,16.52,2.09,1.54,0.0,-31.49,0.18,3.09,0
-0.61,0.0,1.0,0.61,0.0,0.0,2.0,34.68,-0.82,6.43,11.82,0.15,0.0,105.01,2.61,-0.61,12.72,2.0,3.2,1.0,0.39,0.0,0.61,0.44,0.0,1
0.0,0.92,1.0,0.0,0.0,5.92,2.84,45.55,1.92,4.6,0.92,0.6,0.92,66.21,3.76,-0.92,4.0,3.84,1.23,0.0,2.92,0.0,0.0,0.52,0.0,0
-0.64,3.36,1.0,-0.64,0.0,-0.64,0.36,-5.01,-1.55,-1.27,-11.46,2.97,0.0,7.0,1.91,0.0,-11.73,-0.64,-0.15,0.36,0.64,0.0,0.0,1.3,-1.27,0
-3.49,0.25,1.0,-0.99,-2.24,-1.99,2.0,-549.73,2.01,-11.96,-26.89,-0.18,0.0,65.81,1.75,-1.5,-14.91,-3.24,2.22,1.75,1.75,0.0,-8.23,0.49,2.75,0
0.0,0.0,1.0,0.0,1.0,-0.52,1.0,7.58,2.0,10.0,13.0,0.52,-0.52,92.0,0.48,0.0,0.95,2.0,0.11,0.0,2.57,0.0,0.0,0.83,1.52,0
1.46,0.0,1.0,0.73,0.0,0.0,2.73,20.71,1.0,7.65,15.1,-0.6,0.0,145.6,2.73,1.46,7.37,2.73,2.98,1.0,1.0,0.0,22.6,0.67,0.73,1
6.0,1.0,1.0,5.7,3.0,4.0,2.0,847.3,7.0,21.7,61.3,1.23,0.0,137.47,3.79,-0.79,57.6,7.6,2.84,-0.7,1.4,0.0,11.0,0.73,1.0,1
0.0,-0.81,1.81,1.81,0.0,-3.23,2.81,31.62,1.81,7.43,6.62,-4.79,0.0,131.36,5.43,0.0,30.32,3.62,5.64,0.0,0.81,0.0,1.0,0.3,1.0,0
4.15,0.0,1.0,1.0,0.0,9.49,3.83,56.43,-0.66,2.0,6.32,0.77,4.0,9.51,1.17,3.0,4.0,1.0,8.49,3.83,3.0,1.0,0.0,0.78,-0.83,0
2.13,-6.91,1.0,5.25,1.59,2.66,1.53,67.4,1.0,1.0,1.59,1.52,0.0,142.52,5.53,-1.06,2.59,1.53,3.67,0.53,2.53,0.0,0.0,1.0,0.0,0
1.37,0.0,1.69,1.69,0.0,0.0,2.37,20.83,1.0,1.0,2.06,0.62,0.0,142.52,4.69,0.0,1.0,0.31,2.16,0.0,2.69,0.0,0.0,0.66,0.0,0
0.0,2.0,-0.92,0.0,0.0,5.83,-1.87,84.27,1.0,0.0,3.0,1.86,-0.96,60.0,1.96,0.0,3.83,3.0,5.23,1.0,-0.92,0.0,0.0,0.53,0.0,0
2.0,0.0,1.0,1.87,0.0,1.0,1.0,33.66,5.0,1.87,5.0,0.84,1.0,156.73,5.47,0.0,6.87,1.13,1.5,0.0,0.87,0.0,0.0,0.09,2.0,0
-2.84,0.0,1.0,-0.57,-1.14,0.0,0.86,17.19,3.0,9.68,7.54,0.23,0.0,81.52,0.86,-6.95,1.57,2.57,-8.26,-1.14,0.43,0.0,-0.57,0.95,0.0,0
0.0,10.0,1.0,0.0,0.0,9.66,1.0,111.08,1.0,0.0,-0.93,4.43,0.93,0.0,0.93,3.0,4.8,-0.93,3.05,-0.93,0.0,0.0,0.0,0.8,0.0,0
0.0,0.01,1.0,0.0,0.0,0.06,1.0,6.27,1.0,0.0,0.0,3.13,0.0,0.0,0.0,0.99,0.0,0.0,0.01,1.99,0.0,0.0,0.0,1.11,0.0,0
0.0,0.0,1.0,0.0,1.0,2.4,2.0,46.21,2.0,4.4,3.0,0.74,0.6,80.0,2.6,0.0,2.8,2.0,3.25,1.0,1.0,0.0,0.0,0.7,2.6,0
0.0,0.0,1.0,0.0,0.0,0.0,1.99,32.82,1.0,3.94,7.88,-0.25,0.0,37.44,1.99,2.0,28.96,2.0,-0.32,0.99,0.0,0.0,0.0,0.41,0.0,0
0.0,9.0,1.0,0.0,0.89,2.0,1.0,51.02,1.89,8.91,11.59,0.19,0.0,81.99,2.0,1.0,0.0,1.0,1.3,0.0,0.0,0.0,0.0,0.36,0.89,0
0.0,0.0,1.0,0.0,0.0,0.0,2.95,23.93,1.0,1.0,1.95,1.15,0.0,-10.74,2.0,0.0,2.0,0.02,24.91,1.95,0.0,0.0,0.0,0.47,1.95,0
4.17,0.7,1.0,2.09,2.09,3.3,1.0,580.59,5.17,14.61,41.04,1.42,1.0,13.91,3.0,1.39,41.87,6.56,3.51,-0.7,0.3,0.0,4.17,0.35,1.7,1
0.0,5.48,1.0,0.0,0.0,1.83,4.66,0.05,2.83,9.14,-8.94,-1.76,1.83,90.22,3.83,1.83,-0.83,2.83,-1.53,1.83,1.0,0.0,0.0,1.0,0.0,0
