CountDeclMethodPrivate,CountDeclMethodDefault,AvgEssential,CountDeclClassVariable,CountDeclClassMethod,AvgLineComment,CountLineComment,CountDeclClass,CountDeclMethodProtected,CountDeclInstanceVariable,CountDeclMethodPublic,RatioCommentToCode,AvgLineBlank,PercentLackOfCohesion,MaxInheritanceTree,CountClassDerived,CountClassCoupled,CountClassBase,CountInput_Mean,CountInput_Min,CountOutput_Min,MaxNesting_Mean,MaxNesting_Min,Added_lines,OWN_LINE,MINOR_COMMIT,MAJOR_LINE,target
2.0,0.0,5.0,2.0,3.0,29.0,128.0,1.0,0.0,0.0,1.0,0.77,12.0,66.0,1.0,0.0,0.0,1.0,3.0,1.0,4.0,5.0,0.0,6.0,0.98,0.0,1.0,0
3.0,0.0,1.0,1.0,6.0,3.0,53.0,1.0,0.0,0.0,4.0,1.15,0.0,100.0,1.0,0.0,0.0,1.0,2.57,0.0,1.0,0.0,0.0,6.0,0.78,0.0,0.0,0
2.0,6.0,1.0,0.0,0.0,0.0,20.0,1.0,1.0,1.0,0.0,0.27,0.0,44.0,3.0,0.0,9.0,2.0,4.78,0.0,1.0,0.0,0.0,10.0,0.69,0.0,2.0,0
0.0,0.0,1.0,0.0,0.0,0.0,26.0,1.0,0.0,0.0,10.0,0.55,0.0,0.0,0.0,1.0,5.0,0.0,1.0,1.0,0.0,0.0,0.0,6.0,0.67,0.0,0.0,0
0.0,0.0,1.0,0.0,0.0,7.0,82.0,1.0,0.0,0.0,6.0,1.78,0.0,0.0,4.0,0.0,5.0,1.0,1.5,0.0,1.0,0.36,0.0,150.0,0.96,0.0,1.0,1
1.0,0.0,2.0,9.0,1.0,16.0,100.0,1.0,0.0,2.0,2.0,0.84,10.0,63.0,1.0,0.0,3.0,1.0,6.33,1.0,1.0,2.2,0.0,6.0,1.0,0.0,0.0,0
0.0,0.0,1.0,1.0,1.0,9.0,295.0,1.0,1.0,1.0,17.0,2.68,0.0,52.0,1.0,0.0,2.0,1.0,6.67,2.0,1.0,0.45,0.0,6.0,0.92,0.0,2.0,1
0.0,5.0,1.0,0.0,0.0,5.0,45.0,1.0,0.0,0.0,0.0,3.75,0.0,0.0,0.0,1.0,1.0,0.0,3.6,2.0,1.0,0.0,0.0,6.0,0.92,0.0,0.0,0
2.0,1.0,2.0,0.0,0.0,1.0,45.0,1.0,0.0,3.0,9.0,0.31,1.0,83.0,2.0,0.0,12.0,3.0,3.25,1.0,0.0,1.36,0.0,6.0,0.97,0.0,1.0,0
0.0,0.0,1.0,0.0,0.0,6.0,75.0,1.0,0.0,0.0,9.0,5.36,0.0,0.0,0.0,1.0,4.0,0.0,2.56,1.0,0.0,0.0,0.0,6.0,0.94,0.0,0.0,0
0.0,14.0,1.0,6.0,0.0,17.0,347.0,1.0,0.0,0.0,2.0,4.82,0.0,100.0,1.0,3.0,5.0,1.0,17.69,1.0,0.0,0.0,0.0,6.0,0.96,0.0,2.0,0
2.0,1.0,1.0,1.0,1.0,4.0,253.0,1.0,2.0,2.0,33.0,0.71,1.0,85.0,3.0,1.0,8.0,2.0,2.71,0.0,1.0,0.8,0.0,6.0,0.98,0.0,2.0,0
0.0,0.0,1.0,0.0,0.0,12.0,30.0,1.0,0.0,0.0,1.0,2.5,0.0,0.0,6.0,1.0,1.0,2.0,0.0,0.0,1.0,0.0,0.0,6.0,0.89,0.0,0.0,0
0.0,4.0,1.0,0.0,1.0,6.0,487.0,1.0,6.0,0.0,53.0,1.08,0.0,0.0,1.0,13.0,10.0,3.0,3.33,0.0,0.0,0.29,0.0,16.0,0.99,0.0,1.0,1
0.0,0.0,1.0,1.0,0.0,0.0,37.0,1.0,0.0,0.0,1.0,3.7,0.0,100.0,0.0,3.0,1.0,0.0,4.0,4.0,0.0,0.0,0.0,6.0,0.89,0.0,0.0,0
0.0,0.0,1.0,0.0,0.0,4.0,24.0,1.0,0.0,0.0,1.0,6.0,0.0,0.0,0.0,2.0,0.0,0.0,4.0,4.0,1.0,0.0,0.0,6.0,0.83,0.0,0.0,0
1.0,0.0,1.0,0.0,1.0,5.0,53.0,1.0,2.0,4.0,1.0,1.18,2.0,87.0,1.0,1.0,7.0,2.0,2.75,1.0,0.0,1.5,0.0,15.0,0.88,0.0,1.0,1
0.0,1.0,1.0,0.0,1.0,2.0,68.0,1.0,0.0,4.0,10.0,0.99,0.0,77.0,2.0,0.0,1.0,1.0,3.27,0.0,1.0,0.54,0.0,12.0,0.93,0.0,2.0,0
0.0,0.0,2.0,0.0,0.0,0.0,20.0,1.0,0.0,3.0,5.0,0.31,2.0,26.0,2.0,0.0,1.0,1.0,3.4,2.0,2.0,1.43,1.0,6.0,0.94,0.0,0.0,0
0.0,1.0,1.0,0.0,0.0,1.0,56.0,1.0,0.0,1.0,4.0,0.84,0.0,19.0,2.0,0.0,6.0,1.0,2.4,0.0,1.0,1.14,0.0,6.0,0.96,0.0,1.0,0
0.0,0.0,2.0,0.0,0.0,10.0,166.0,1.0,1.0,3.0,7.0,0.79,3.0,45.0,3.0,0.0,19.0,1.0,4.25,2.0,2.0,2.1,0.0,111.0,0.73,0.0,2.0,1
0.0,1.0,1.0,0.0,0.0,13.0,141.0,1.0,0.0,1.0,7.0,0.93,2.0,75.0,5.0,0.0,24.0,1.0,4.38,0.0,1.0,0.7,0.0,8.0,0.97,0.0,3.0,1
0.0,0.0,1.0,0.0,0.0,4.0,59.0,1.0,0.0,1.0,6.0,1.04,0.0,33.0,1.0,0.0,4.0,2.0,1.5,0.0,1.0,0.75,0.0,6.0,0.95,0.0,0.0,0
2.0,2.0,1.0,0.0,0.0,2.0,78.0,1.0,0.0,1.0,16.0,0.34,0.0,95.0,5.0,0.0,14.0,2.0,2.3,0.0,1.0,1.18,0.0,6.0,0.98,0.0,2.0,1
0.0,1.0,1.0,0.0,0.0,14.0,65.0,1.0,0.0,0.0,2.0,1.62,1.0,0.0,5.0,0.0,7.0,1.0,3.0,1.0,1.0,0.0,0.0,6.0,0.95,0.0,1.0,0
0.0,0.0,1.0,0.0,0.0,4.0,65.0,1.0,0.0,4.0,6.0,0.62,0.0,33.0,1.0,0.0,6.0,2.0,3.5,0.0,1.0,2.0,0.0,6.0,0.97,0.0,1.0,0
0.0,0.0,1.0,0.0,0.0,6.0,84.0,1.0,0.0,6.0,8.0,0.65,1.0,68.0,3.0,0.0,8.0,1.0,5.25,1.0,1.0,1.0,0.0,6.0,0.98,0.0,1.0,1
0.0,2.0,2.0,0.0,0.0,12.0,80.0,1.0,1.0,6.0,1.0,0.45,4.0,50.0,5.0,1.0,10.0,1.0,9.25,0.0,4.0,2.17,0.0,10.0,0.97,0.0,2.0,1
0.0,0.0,1.0,0.0,0.0,4.0,48.0,1.0,0.0,3.0,6.0,0.55,0.0,55.0,3.0,0.0,3.0,1.0,5.83,0.0,2.0,0.0,0.0,6.0,0.96,0.0,1.0,0
1.0,3.0,1.0,22.0,6.0,12.0,837.0,1.0,31.0,13.0,18.0,0.83,3.0,93.0,1.0,2.0,20.0,3.0,8.15,0.0,0.0,1.15,0.0,6.0,1.0,0.0,2.0,0
0.0,0.0,1.0,0.0,0.0,15.0,66.0,1.0,0.0,0.0,3.0,3.88,1.0,0.0,0.0,2.0,3.0,0.0,1.33,1.0,0.0,1.33,0.0,6.0,0.61,0.0,0.0,0
0.0,0.0,1.0,0.0,0.0,4.0,95.0,1.0,1.0,1.0,12.0,1.16,0.0,61.0,1.0,0.0,16.0,2.0,1.31,0.0,0.0,0.2,0.0,219.0,0.97,0.0,1.0,0
0.0,0.0,1.0,0.0,0.0,3.0,63.0,1.0,0.0,2.0,12.0,0.84,0.0,58.0,1.0,0.0,9.0,2.0,1.5,0.0,0.0,0.73,0.0,6.0,0.97,0.0,1.0,0
0.0,0.0,1.0,0.0,1.0,1.0,24.0,1.0,0.0,0.0,1.0,3.0,1.0,0.0,1.0,0.0,1.0,1.0,1.0,1.0,1.0,0.0,0.0,6.0,0.86,0.0,0.0,0
0.0,0.0,1.0,7.0,7.0,5.0,92.0,1.0,2.0,0.0,8.0,0.62,0.0,90.0,3.0,0.0,0.0,1.0,2.3,1.0,2.0,0.42,0.0,282.0,1.0,0.0,0.0,1
0.0,0.0,1.0,0.0,1.0,1.0,37.0,1.0,0.0,1.0,12.0,0.59,0.0,16.0,4.0,0.0,1.0,1.0,1.83,0.0,1.0,0.36,0.0,184.0,0.61,0.0,0.0,1
1.0,0.0,1.0,0.0,3.0,3.0,25.0,1.0,0.0,0.0,2.0,0.35,5.0,0.0,1.0,0.0,2.0,1.0,3.0,1.0,1.0,1.4,0.0,20.0,0.77,0.0,0.0,0
1.0,0.0,1.0,0.0,1.0,7.0,43.0,1.0,0.0,0.0,1.0,1.87,3.0,0.0,3.0,0.0,7.0,1.0,1.0,1.0,2.0,2.6,0.0,87.0,0.91,0.0,1.0,1
19.0,46.0,1.0,10.0,10.0,2.0,279.0,11.0,6.0,18.0,10.0,0.17,0.0,90.0,3.0,6.0,10.0,1.0,4.91,0.0,0.0,1.18,0.0,18.0,1.0,0.0,1.0,0
2.0,0.0,1.0,2.0,0.0,0.0,25.0,1.0,0.0,22.0,6.0,0.16,1.0,77.0,1.0,0.0,0.0,1.0,5.5,0.0,1.0,0.6,0.0,6.0,0.97,0.0,1.0,0
0.0,0.0,1.0,0.0,0.0,5.09,67.71,1.0,0.0,0.46,7.63,3.39,0.0,15.04,0.46,0.54,4.0,0.91,2.07,0.54,0.46,0.34,0.0,6.0,0.95,0.0,0.0,0
1.08,1.08,1.46,0.0,0.0,1.08,51.41,1.0,0.0,1.92,10.96,0.33,0.92,63.37,3.62,0.0,8.04,1.54,2.8,0.92,1.46,1.29,0.46,6.0,0.96,0.0,1.08,0
2.0,1.6,3.93,1.47,2.2,21.26,99.17,1.0,0.27,0.27,0.73,0.64,8.8,60.13,1.53,0.0,2.4,1.27,3.47,0.73,3.2,3.67,0.0,7.07,0.91,0.0,1.27,0
0.82,0.18,1.0,0.0,0.82,5.93,45.32,1.0,0.0,0.18,1.54,1.69,2.46,3.39,2.82,0.0,6.82,1.0,1.25,0.82,1.82,2.34,0.0,72.55,0.92,0.0,1.0,1
2.0,3.32,1.54,0.0,0.0,0.54,33.41,1.0,0.46,2.07,4.83,0.29,0.54,64.92,2.46,0.0,10.61,2.54,3.96,0.54,0.46,0.73,0.0,7.85,0.84,0.0,1.46,0
0.7,0.0,2.39,0.7,1.7,10.73,68.63,1.0,0.0,0.65,8.18,0.65,4.17,33.38,2.96,0.0,0.65,1.0,2.24,0.35,2.04,1.97,0.0,122.12,0.74,0.0,0.35,1
0.0,0.0,1.17,0.0,0.0,5.05,77.69,1.0,0.17,1.35,6.17,1.0,0.52,35.1,1.35,0.0,6.62,1.83,1.98,0.35,1.17,0.99,0.0,24.34,0.91,0.0,0.35,1
0.0,0.0,1.0,0.0,0.0,4.32,52.36,1.0,0.0,2.52,6.48,1.33,0.0,46.12,2.52,0.16,3.16,0.84,5.3,0.16,1.68,0.0,0.0,6.0,0.96,0.0,0.84,0
0.0,0.0,1.0,0.86,0.86,8.32,263.74,1.0,0.86,1.41,15.51,2.4,0.0,49.42,1.0,0.0,2.54,1.14,6.24,1.73,1.0,0.66,0.0,6.0,0.92,0.0,1.86,0
0.0,0.0,1.0,0.0,0.0,4.0,88.01,1.0,0.81,1.0,10.83,1.14,0.0,55.56,1.0,0.0,13.67,2.0,1.35,0.0,0.19,0.31,0.0,177.61,0.97,0.0,0.81,0
0.97,0.0,1.0,0.0,2.91,2.91,25.03,1.0,0.0,0.0,2.24,0.36,4.85,0.0,0.97,0.03,2.09,0.97,2.94,1.0,0.97,1.36,0.0,19.58,0.77,0.0,0.0,0
0.84,0.58,1.0,0.84,0.0,0.58,43.01,1.0,0.0,9.8,4.84,0.56,0.42,43.3,1.58,0.0,3.49,1.0,3.7,0.0,1.0,0.92,0.0,6.0,0.97,0.0,1.0,0
0.0,0.0,1.0,6.8,6.77,4.83,90.18,1.0,1.93,0.0,7.77,0.72,0.0,90.33,2.9,0.1,0.03,0.97,2.36,1.1,1.93,0.4,0.0,272.86,1.0,0.0,0.0,1
0.0,0.0,1.0,0.0,0.0,11.73,29.8,1.0,0.0,0.0,1.0,2.62,0.0,0.0,5.8,1.03,0.97,1.93,0.13,0.13,1.0,0.0,0.0,6.0,0.89,0.0,0.0,0
0.68,0.68,1.0,0.0,0.0,8.58,46.42,1.0,0.0,0.34,6.13,1.76,0.0,32.49,5.66,0.66,5.45,2.0,0.79,0.0,1.0,0.4,0.0,6.0,0.92,0.0,0.68,0
0.17,0.83,1.0,0.0,0.51,11.31,121.36,1.0,0.0,0.83,6.15,0.83,2.51,62.3,4.32,0.0,20.28,1.0,4.14,0.17,1.0,0.82,0.0,10.03,0.94,0.0,2.49,1
0.0,0.0,1.92,0.0,0.0,0.33,20.33,1.0,0.0,2.75,4.67,0.78,1.84,23.87,1.84,0.16,0.92,0.92,3.45,2.16,1.92,1.31,0.92,6.0,0.93,0.0,0.0,0
0.0,4.57,1.0,0.0,0.0,4.83,46.56,1.0,0.0,0.17,1.04,3.5,0.0,5.03,0.09,0.91,1.69,0.17,3.42,1.83,0.91,0.06,0.0,6.0,0.92,0.0,0.09,0
0.0,0.0,1.0,5.51,5.51,5.21,90.29,1.0,1.57,1.28,8.0,0.63,0.21,85.31,3.0,0.0,1.71,1.0,2.93,1.0,1.79,0.54,0.0,223.14,0.99,0.0,0.21,1
1.67,2.0,1.0,14.98,6.0,8.99,574.96,1.0,20.64,8.66,13.32,0.94,2.0,95.34,1.0,1.33,13.32,2.33,6.29,0.0,0.33,0.76,0.0,6.0,0.93,0.0,1.33,0
0.0,0.53,1.0,0.0,0.0,8.73,96.92,1.0,0.0,1.95,6.53,0.75,1.05,65.52,4.05,0.0,14.05,1.0,5.07,0.0,1.47,0.37,0.0,7.05,0.97,0.0,2.05,0
0.05,0.0,1.0,0.02,0.1,0.05,26.45,1.0,0.0,0.0,9.9,0.56,0.0,1.65,0.02,0.98,4.92,0.02,1.03,0.98,0.02,0.0,0.0,6.0,0.68,0.0,0.0,0
0.0,0.0,1.0,0.0,0.95,1.74,38.54,1.0,0.0,0.95,11.52,0.76,0.05,15.15,3.79,0.11,1.11,0.95,1.81,0.05,0.95,0.41,0.0,174.55,0.61,0.0,0.0,1
0.71,0.0,1.0,0.0,2.14,5.58,26.43,1.0,0.0,0.0,1.71,0.97,3.57,0.0,2.43,0.29,1.71,1.29,2.14,0.71,1.0,1.0,0.0,15.99,0.81,0.0,0.0,1
0.0,0.0,1.71,0.0,0.0,1.16,31.28,1.0,0.0,2.42,5.29,0.52,1.42,28.02,1.71,0.0,1.87,1.29,2.85,1.42,1.71,1.23,0.71,6.0,0.95,0.0,0.0,0
0.62,0.0,1.0,0.62,0.69,0.69,33.26,1.0,0.0,7.54,10.13,0.46,0.31,34.99,3.07,0.0,0.69,1.0,2.97,0.0,1.0,0.43,0.0,128.58,0.72,0.0,0.31,1
1.44,0.0,2.77,0.88,3.0,14.5,70.56,1.0,0.0,0.0,1.56,0.54,8.1,29.2,1.0,0.0,1.12,1.0,3.0,1.0,2.33,2.99,0.0,13.81,0.87,0.0,0.44,0
0.0,0.0,1.0,0.0,0.88,1.35,26.77,1.0,0.0,0.35,1.58,2.72,0.88,6.34,1.23,0.0,1.23,1.0,1.56,0.88,1.12,0.0,0.0,6.0,0.87,0.0,0.12,0
0.0,0.49,1.0,0.0,0.0,8.86,61.92,1.0,0.0,0.51,4.06,1.32,0.49,16.96,2.94,0.0,5.46,1.51,2.23,0.49,1.0,0.39,0.0,6.0,0.95,0.0,0.49,0
0.0,1.92,1.0,0.43,0.0,14.21,85.01,1.0,0.0,0.0,2.0,1.85,0.93,7.1,4.72,0.21,6.86,1.0,4.04,1.0,0.93,0.0,0.0,6.0,0.95,0.0,1.07,0
0.04,0.04,1.98,0.0,0.0,0.04,21.11,1.0,0.0,2.96,5.21,0.31,1.96,27.32,2.06,0.0,1.25,1.02,3.38,1.96,1.98,1.42,0.98,6.0,0.94,0.0,0.04,0
0.04,0.98,1.0,0.04,0.0,0.98,55.44,1.0,0.0,1.38,4.04,0.83,0.02,20.06,1.98,0.0,5.89,1.0,2.46,0.0,1.0,1.13,0.0,6.0,0.96,0.0,1.0,0
0.0,0.0,1.1,0.0,0.0,4.6,69.73,1.0,0.1,1.2,6.1,1.01,0.3,34.2,1.2,0.0,5.5,1.9,1.78,0.2,1.1,0.89,0.0,16.53,0.93,0.0,0.2,1
0.0,0.0,1.0,0.0,0.0,5.77,82.41,1.0,0.0,5.7,8.3,0.66,0.92,67.24,2.85,0.0,8.08,1.08,4.97,0.92,0.92,0.98,0.0,6.0,0.98,0.0,1.0,0
0.0,6.38,1.0,2.74,0.54,8.29,178.32,1.0,0.0,0.54,7.44,2.52,0.0,54.29,2.63,1.37,2.82,1.0,9.06,0.46,0.54,0.19,0.0,102.85,0.77,0.0,0.91,1
0.62,2.76,1.0,0.62,0.69,4.13,343.37,1.0,4.13,6.84,38.39,0.79,0.31,23.94,1.0,8.96,6.89,2.38,4.01,0.0,0.31,0.39,0.0,12.89,0.98,0.0,1.0,1
0.0,3.47,1.31,0.0,0.0,3.47,37.36,1.0,0.0,0.92,1.53,2.7,0.61,7.94,0.61,0.69,1.0,0.31,3.54,2.0,1.31,0.44,0.31,6.0,0.92,0.0,0.0,0
1.92,1.55,1.0,1.21,0.96,4.55,256.97,1.0,1.92,1.92,31.69,0.88,0.96,85.63,2.92,1.08,7.87,1.96,3.34,0.04,0.96,0.77,0.0,6.0,0.98,0.0,2.0,0
0.7,0.0,2.4,0.7,1.05,12.77,87.11,1.0,0.0,2.6,4.25,0.67,4.21,44.58,1.0,0.0,3.89,1.65,3.32,0.35,2.05,3.05,0.0,6.0,0.97,0.0,1.0,0
0.04,0.11,1.0,0.82,0.22,0.45,56.1,1.0,1.15,0.48,10.3,0.56,0.11,3.45,0.04,1.04,5.56,0.11,1.27,0.96,0.0,0.04,0.0,6.0,0.69,0.0,0.07,0
1.94,0.0,1.0,1.89,0.06,0.39,26.01,1.0,0.0,20.76,5.72,0.26,1.11,72.67,1.11,0.0,0.39,1.0,5.25,0.06,1.06,0.71,0.0,10.56,0.97,0.0,1.0,0
0.0,0.0,1.0,1.53,2.31,1.87,49.01,1.0,0.44,0.78,11.13,0.6,0.0,32.16,3.78,0.0,0.78,1.0,1.94,0.22,1.22,0.37,0.0,205.4,0.7,0.0,0.0,1
0.78,2.33,1.0,17.09,4.66,10.21,655.45,1.0,24.08,10.1,14.2,1.98,2.33,72.23,0.78,2.0,15.53,2.33,7.22,0.89,0.22,0.89,0.0,6.0,0.96,0.0,1.55,0
1.69,0.44,1.0,0.56,3.39,2.13,54.31,1.0,0.0,0.44,4.0,1.01,0.0,64.72,1.44,0.0,2.61,1.0,2.5,0.0,1.0,0.5,0.0,6.0,0.86,0.0,0.44,0
0.0,0.0,2.0,0.0,0.0,9.97,165.56,1.0,1.0,2.99,6.98,0.8,2.99,45.19,2.99,0.01,18.94,1.0,4.25,2.01,1.99,2.09,0.0,110.64,0.73,0.0,1.99,1
0.0,1.76,1.0,0.0,0.0,12.28,61.18,1.0,0.0,0.0,1.62,2.03,0.81,0.0,4.04,0.19,5.85,0.81,3.11,1.19,1.0,0.0,0.0,6.0,0.95,0.0,0.81,0
0.0,0.0,1.0,0.0,0.0,7.0,82.0,1.0,0.0,0.0,6.0,1.78,0.0,0.0,4.0,0.0,5.0,1.0,1.5,0.0,1.0,0.36,0.0,150.0,0.96,0.0,1.0,1
1.88,0.94,2.0,0.0,0.0,1.55,52.43,1.0,0.06,3.0,8.88,0.34,1.12,80.67,2.06,0.0,12.43,2.88,3.31,1.06,0.12,1.4,0.0,12.45,0.96,0.0,1.06,0
2.15,0.0,1.0,1.85,0.91,0.45,29.24,1.0,0.0,18.67,5.7,0.31,0.85,80.48,1.0,0.0,0.0,1.0,5.06,0.0,1.0,0.51,0.0,6.0,0.94,0.0,0.85,0
6.53,15.81,1.0,8.03,8.03,3.97,156.29,4.44,3.38,6.19,8.69,0.47,0.0,90.0,3.0,2.06,3.44,1.0,3.2,0.66,1.31,0.68,0.0,191.24,1.0,0.0,0.34,1
0.0,0.0,1.0,0.0,0.76,3.65,35.31,1.0,0.0,0.76,9.35,1.05,0.0,12.14,4.48,0.24,1.0,1.24,1.39,0.0,1.0,0.27,0.0,141.11,0.68,0.0,0.0,1
0.0,0.33,1.0,0.0,0.0,3.0,82.03,1.0,0.67,1.0,9.34,1.05,0.0,47.03,1.33,0.0,12.67,1.67,1.67,0.0,0.33,0.51,0.0,148.16,0.97,0.0,1.0,0
2.42,0.0,1.0,0.81,4.85,3.0,54.92,1.0,0.0,0.38,5.53,1.09,0.0,91.94,1.0,0.0,1.73,1.19,2.37,0.0,0.81,0.14,0.0,6.0,0.82,0.0,0.19,0
0.0,2.0,2.0,0.0,0.0,12.0,80.0,1.0,1.0,6.0,1.0,0.45,4.0,50.0,5.0,1.0,10.0,1.0,9.25,0.0,4.0,2.17,0.0,10.0,0.97,0.0,2.0,1
0.0,0.0,1.0,0.0,0.0,3.33,50.23,1.0,0.0,1.35,8.4,2.53,0.0,39.01,0.67,0.65,6.05,1.35,2.32,1.31,0.33,0.49,0.0,6.0,0.92,0.0,0.67,0
1.15,1.15,1.43,0.0,0.0,1.15,53.24,1.0,0.0,1.85,11.3,0.33,0.85,65.54,3.72,0.0,8.45,1.57,2.77,0.85,1.43,1.29,0.43,6.0,0.96,0.0,1.15,0
0.64,0.36,1.0,0.0,0.64,7.9,84.92,1.0,1.27,2.91,3.18,1.09,2.0,82.65,2.45,0.64,13.17,1.64,3.34,0.64,0.36,1.21,0.0,12.46,0.91,0.0,1.73,1
0.7,2.1,1.0,0.0,0.0,7.8,26.5,1.0,0.35,0.35,0.65,1.72,0.0,15.41,4.95,0.65,3.8,2.0,1.67,0.0,1.0,0.0,0.0,7.4,0.82,0.0,0.7,0
0.82,0.0,2.65,0.82,1.82,12.53,74.48,1.0,0.0,0.59,7.47,0.66,4.94,36.59,2.76,0.0,0.59,1.0,2.31,0.41,2.24,2.27,0.0,110.69,0.77,0.0,0.41,1
0.0,0.0,1.0,0.0,0.11,2.78,60.19,1.0,0.0,1.89,12.0,0.81,0.0,53.46,1.32,0.0,8.14,1.89,1.54,0.0,0.11,0.69,0.0,25.22,0.93,0.0,0.89,1
0.0,0.0,1.0,0.0,0.0,1.93,44.62,1.0,0.0,1.93,9.36,0.58,0.32,21.84,0.96,0.68,5.96,0.32,2.36,1.0,0.32,0.32,0.0,6.0,0.77,0.0,0.32,0
0.83,0.0,1.0,0.0,1.0,5.98,41.98,1.0,0.0,0.17,2.86,1.65,2.49,2.71,3.17,0.0,5.98,1.0,1.14,0.83,1.83,2.22,0.0,103.41,0.86,0.0,0.83,1
0.0,2.32,1.0,0.0,0.0,8.75,36.97,1.0,0.0,0.0,0.54,3.08,0.0,0.0,3.21,1.0,1.0,1.07,1.67,0.93,1.0,0.0,0.0,6.0,0.9,0.0,0.0,0
0.57,6.05,1.0,2.59,0.57,10.19,180.15,1.0,1.14,2.27,1.43,2.75,1.14,92.62,1.0,1.86,6.14,1.57,9.21,1.0,0.0,0.85,0.0,11.11,0.92,0.0,1.43,1
1.04,7.25,1.52,2.89,0.0,8.7,190.29,1.0,0.0,1.56,5.63,2.48,0.52,91.18,1.52,1.44,8.63,2.04,10.2,1.0,0.0,0.7,0.0,6.0,0.97,0.0,1.48,0
2.0,1.67,1.33,0.0,0.0,1.67,67.15,1.0,0.0,1.66,13.7,0.33,0.33,91.05,4.01,0.0,13.34,2.33,2.61,0.33,0.67,1.24,0.0,6.0,0.98,0.0,1.67,0
19.0,46.0,1.0,10.0,10.0,2.0,279.0,11.0,6.0,18.0,10.0,0.17,0.0,90.0,3.0,6.0,10.0,1.0,4.91,0.0,0.0,1.18,0.0,18.0,1.0,0.0,1.0,0
0.66,0.0,1.0,0.66,0.0,2.69,24.33,1.0,0.0,7.21,2.64,4.09,0.33,25.23,0.33,1.34,0.0,0.33,4.49,2.69,1.0,0.2,0.0,6.0,0.88,0.0,0.33,0
0.84,0.81,1.84,7.54,0.84,14.22,91.08,1.0,0.0,1.68,1.68,1.31,8.38,52.78,0.84,0.16,2.68,0.84,5.89,1.16,1.0,1.84,0.0,6.0,0.99,0.0,0.0,0
0.0,0.77,1.0,0.0,0.19,4.39,141.66,1.0,1.16,0.81,15.08,1.05,0.0,26.63,1.0,2.51,5.16,2.19,1.85,0.0,0.81,0.66,0.0,7.93,0.96,0.0,0.19,1
0.84,2.52,1.0,18.51,5.05,10.73,713.56,1.0,26.08,11.1,16.1,0.86,2.52,83.48,1.0,1.68,17.46,2.84,7.1,0.0,0.16,1.08,0.0,6.0,0.99,0.0,1.68,0
0.0,0.0,1.0,0.0,0.0,5.54,80.76,1.0,0.0,5.38,8.62,0.68,0.85,66.46,2.69,0.0,8.15,1.15,4.67,0.85,0.85,0.96,0.0,6.0,0.97,0.0,1.0,0
0.07,0.93,1.07,0.6,0.07,14.13,67.34,1.0,0.0,0.13,2.0,1.57,1.6,4.22,4.73,0.0,6.73,1.0,3.22,1.0,1.0,0.15,0.0,6.0,0.96,0.0,0.93,0
0.0,0.85,1.0,0.0,0.0,13.3,129.67,1.0,0.0,0.85,6.4,1.38,1.85,63.67,4.24,0.3,20.83,0.85,3.92,0.15,0.85,0.8,0.0,7.7,0.91,0.0,2.55,1
0.0,0.59,1.0,0.0,0.59,3.62,74.49,1.0,0.0,4.81,9.19,0.85,0.41,73.35,2.41,0.0,3.84,1.0,4.07,0.41,1.0,0.73,0.0,9.57,0.95,0.0,1.59,0
0.68,0.0,1.0,0.0,2.04,3.32,32.4,1.0,0.0,0.96,3.29,0.41,3.39,17.68,1.64,0.0,2.32,1.0,3.91,0.68,1.32,0.95,0.0,15.5,0.83,0.0,0.32,0
0.85,1.0,1.0,0.42,0.42,2.27,139.67,1.0,0.85,1.42,16.32,0.78,0.42,47.03,2.42,0.42,6.85,1.42,2.53,0.0,1.0,1.0,0.0,6.0,0.97,0.0,1.42,0
0.0,0.0,1.0,0.0,0.0,4.0,37.14,1.0,0.19,0.19,3.04,5.1,0.0,11.29,0.19,1.63,2.96,0.37,3.5,3.26,0.81,0.04,0.0,45.43,0.86,0.0,0.19,1
0.0,0.68,1.0,2.21,2.9,2.95,75.59,1.0,0.63,2.73,9.37,0.87,0.0,81.11,2.32,0.0,0.68,1.0,2.97,0.32,1.32,0.5,0.0,97.41,0.95,0.0,1.37,0
0.0,0.0,1.33,0.0,0.0,2.69,22.69,1.0,0.0,0.99,2.31,4.13,0.66,8.54,0.66,1.34,0.33,0.33,3.8,3.34,1.33,0.47,0.33,6.0,0.87,0.0,0.0,0
0.0,11.48,1.0,4.92,0.0,13.94,289.26,1.0,0.0,0.0,3.44,4.05,0.0,82.01,0.82,2.64,5.0,0.82,14.69,1.0,0.0,0.0,0.0,6.0,0.91,0.0,1.64,0
0.0,0.0,1.0,0.0,0.0,13.69,50.31,1.0,0.0,0.0,2.13,3.28,0.56,0.0,2.61,1.56,2.13,0.87,0.75,0.56,0.44,0.75,0.0,6.0,0.73,0.0,0.0,0
0.0,0.0,1.0,0.0,0.27,3.18,75.69,1.0,0.73,0.73,9.01,1.66,0.27,44.41,1.0,0.0,11.92,1.73,1.22,0.27,0.27,0.15,0.0,161.08,0.94,0.0,0.73,0
0.0,0.7,1.0,0.0,0.0,12.7,108.22,1.0,0.0,0.7,5.23,1.39,1.41,52.85,5.3,0.3,17.21,1.3,3.08,0.0,1.0,0.49,0.0,7.41,0.94,0.0,2.11,0
0.12,0.0,1.0,0.0,0.35,5.65,77.08,1.0,0.0,5.3,7.3,0.61,1.47,60.02,2.77,0.0,7.3,1.0,4.99,1.0,1.0,1.05,0.0,7.64,0.95,0.0,0.88,0
0.0,11.71,1.0,5.02,0.16,14.38,294.12,1.0,0.0,0.0,1.84,4.52,0.16,83.63,1.0,2.51,4.35,1.0,14.96,1.0,0.16,0.0,0.0,6.0,0.94,0.0,1.67,0
0.0,0.0,1.0,0.12,0.88,0.88,37.0,1.0,0.0,0.88,10.73,0.95,0.0,25.7,3.54,0.35,1.0,0.88,2.08,0.46,0.88,0.32,0.0,163.45,0.65,0.0,0.0,1
0.0,0.0,1.0,1.91,1.91,4.27,67.99,1.0,0.54,0.73,6.54,0.93,0.0,48.53,1.54,0.0,2.91,1.73,1.72,0.27,1.27,0.66,0.0,81.2,0.96,0.0,0.0,1
0.73,1.1,1.0,0.0,1.0,5.27,171.82,1.0,3.1,2.9,15.24,1.15,1.45,63.18,1.0,4.29,7.82,2.27,2.91,0.73,0.0,1.17,0.0,15.27,0.91,0.0,1.0,1
0.0,0.0,1.0,0.0,0.0,4.61,70.78,1.0,0.0,4.61,6.61,0.63,0.3,43.65,1.61,0.0,6.61,1.7,4.03,0.3,1.0,1.7,0.0,6.0,0.97,0.0,1.0,0
0.0,0.97,1.0,0.23,1.2,2.1,68.8,1.0,0.07,3.87,9.93,0.98,0.0,77.43,2.03,0.0,0.97,1.0,3.24,0.03,1.03,0.53,0.0,21.03,0.93,0.0,1.93,0
0.0,0.93,1.0,0.0,0.93,2.33,68.93,1.0,0.0,3.74,9.74,1.04,0.0,71.91,2.13,0.0,1.26,1.0,3.16,0.0,1.0,0.53,0.0,21.13,0.93,0.0,1.93,0
0.0,0.0,1.0,0.0,0.71,5.0,45.28,1.0,0.0,0.71,9.43,1.53,0.29,11.43,2.86,0.57,1.57,0.71,1.69,0.29,0.71,0.64,0.0,133.2,0.61,0.0,0.0,1
1.99,0.0,4.96,2.09,2.98,28.84,127.65,1.0,0.0,0.02,1.01,0.77,11.98,65.96,1.0,0.0,0.04,1.0,3.04,1.0,3.96,4.97,0.0,6.0,0.98,0.0,0.99,0
0.96,2.89,1.0,21.19,5.78,11.82,809.36,1.0,29.87,12.52,17.56,0.86,2.89,89.6,1.11,1.93,19.45,2.93,7.91,0.0,0.04,1.12,0.0,11.27,1.0,0.0,1.96,1
0.0,7.65,1.0,3.73,0.45,13.37,323.41,1.0,0.45,0.45,8.81,3.85,0.0,78.22,1.0,1.64,3.64,1.0,12.69,1.45,0.45,0.2,0.0,6.0,0.94,0.0,2.0,1
2.0,1.99,1.8,0.0,0.0,0.8,40.03,1.0,0.2,2.6,7.21,0.3,0.8,75.25,2.2,0.0,11.4,2.8,3.55,0.8,0.2,1.09,0.0,6.79,0.92,0.0,1.2,0
0.0,0.0,1.0,0.0,0.0,4.34,68.22,1.0,0.0,4.34,6.34,0.63,0.17,38.93,1.34,0.0,6.34,1.83,3.8,0.17,1.0,1.83,0.0,6.0,0.97,0.0,1.0,0
0.61,1.84,1.0,13.52,3.69,9.69,543.38,1.0,19.05,7.99,14.53,2.58,1.84,57.16,0.61,1.61,13.83,1.84,5.99,0.39,0.0,0.7,0.0,6.0,0.98,0.0,1.23,0
0.74,2.22,1.0,16.29,4.44,9.92,635.06,1.0,22.95,9.89,14.89,0.88,2.22,77.43,1.0,1.48,15.85,2.74,6.42,0.0,0.26,1.04,0.0,6.0,0.98,0.0,1.48,0
0.21,0.0,1.0,0.0,1.0,2.25,27.96,1.0,0.0,0.0,1.0,2.76,1.42,0.0,1.42,0.0,2.25,1.0,1.0,1.0,1.21,0.54,0.0,22.88,0.87,0.0,0.21,0
0.0,0.29,1.15,0.0,0.0,5.17,62.06,1.0,0.15,1.73,5.27,0.95,0.58,35.48,1.58,0.15,4.88,1.85,2.63,0.0,1.44,0.96,0.0,6.58,0.95,0.0,0.29,0
0.0,0.0,1.0,0.0,0.62,2.14,32.06,1.0,0.0,0.62,7.82,2.65,0.0,9.92,2.48,0.76,0.62,0.62,2.66,1.52,1.0,0.22,0.0,116.32,0.7,0.0,0.0,0
1.3,0.0,3.6,1.3,1.95,19.93,105.31,1.0,0.0,0.7,4.84,0.79,7.81,63.21,1.0,0.0,3.14,1.35,2.48,0.65,2.6,3.51,0.0,6.0,0.98,0.0,1.0,0
0.99,0.0,1.0,0.99,0.51,0.51,24.49,1.0,0.0,10.88,3.47,1.6,1.0,38.08,1.0,0.0,0.51,1.0,3.23,0.51,1.0,0.3,0.0,6.0,0.91,0.0,0.49,0
0.78,0.0,2.56,1.39,1.17,11.34,72.59,1.0,0.0,0.0,1.0,2.55,4.69,86.7,0.39,1.83,0.61,0.39,3.61,2.83,1.56,1.96,0.0,6.0,0.93,0.0,0.39,0
0.0,0.16,1.0,0.0,0.0,2.67,61.86,1.0,0.0,1.84,10.7,0.84,0.0,51.64,1.16,0.0,8.51,1.84,1.65,0.0,0.16,0.8,0.0,6.0,0.97,0.0,1.0,0
0.76,0.0,1.76,6.82,0.76,12.85,91.03,1.0,0.0,2.0,4.43,0.84,7.57,61.79,1.0,0.0,4.46,1.24,5.16,0.76,0.76,1.84,0.0,6.0,0.99,0.0,0.24,0
15.15,36.87,1.0,7.97,7.97,1.8,233.76,8.97,4.78,14.55,8.78,0.31,0.0,75.6,2.8,4.78,9.19,1.0,4.4,0.0,0.2,1.17,0.0,15.57,0.99,0.0,1.0,1
2.77,0.0,1.0,0.92,5.55,3.23,54.66,1.0,0.0,0.0,4.38,1.47,0.0,92.46,0.92,0.08,0.3,0.92,2.57,0.08,0.92,0.0,0.0,6.0,0.8,0.0,0.0,0
1.26,0.63,1.0,0.63,0.63,4.0,183.33,1.0,1.26,2.74,22.99,0.68,0.63,65.73,2.26,0.63,7.26,2.0,3.0,0.0,1.0,1.24,0.0,6.0,0.98,0.0,1.63,0
0.0,0.0,1.0,0.0,0.0,4.0,65.0,1.0,0.0,4.0,6.0,0.62,0.0,33.0,1.0,0.0,6.0,2.0,3.5,0.0,1.0,2.0,0.0,6.0,0.97,0.0,1.0,0
1.36,0.0,1.0,0.45,2.73,3.0,58.45,1.0,0.0,1.09,8.36,0.98,0.0,77.09,1.0,0.0,4.91,1.55,1.99,0.0,0.45,0.4,0.0,6.0,0.88,0.0,0.55,0
0.08,0.24,1.0,1.74,0.47,4.63,88.17,1.0,2.45,1.03,2.34,5.59,0.24,7.34,0.08,2.0,1.58,0.24,4.33,3.68,0.92,0.09,0.0,6.0,0.85,0.0,0.16,0
1.52,0.52,2.0,4.29,0.48,8.15,71.23,1.0,0.0,2.52,5.66,0.56,5.29,73.46,1.52,0.0,7.71,2.05,4.72,1.0,0.48,1.76,0.0,6.0,0.99,0.0,0.52,0
0.09,0.0,1.0,6.36,6.63,4.82,85.85,1.0,1.82,0.0,7.45,0.6,0.46,81.74,2.82,0.0,0.18,1.0,2.36,1.0,1.91,0.51,0.0,257.96,0.98,0.0,0.0,1
0.0,13.7,1.0,5.87,0.0,16.72,341.55,1.0,0.02,0.02,2.22,4.74,0.0,99.16,1.0,2.94,5.24,1.02,17.33,0.98,0.0,0.0,0.0,10.6,0.96,0.0,1.98,1
0.5,0.0,2.0,0.5,0.75,11.76,88.27,1.0,0.0,0.0,7.0,4.21,3.0,16.52,0.25,0.75,3.0,0.25,2.67,1.0,1.0,1.25,0.0,6.0,0.95,0.0,0.25,0
1.14,0.0,1.0,0.38,2.28,4.86,66.62,1.0,0.0,0.0,7.1,3.76,0.0,38.07,0.38,0.62,2.48,0.38,2.56,0.62,0.38,0.0,0.0,6.0,0.88,0.0,0.0,0
0.0,0.5,1.0,0.22,0.96,1.58,35.64,1.0,0.0,0.0,1.04,3.07,0.96,3.6,1.0,0.11,1.14,1.0,1.6,1.0,0.96,0.0,0.0,6.0,0.86,0.0,0.07,0
0.0,0.0,1.0,0.0,0.66,2.03,46.58,1.0,0.0,2.03,9.95,0.6,0.0,21.82,2.97,0.0,2.71,1.34,2.4,0.0,1.0,0.92,0.0,123.08,0.73,0.0,0.34,0
1.01,1.0,1.51,0.0,0.0,6.92,92.34,1.0,0.0,2.01,8.01,0.62,1.49,79.05,3.48,0.0,17.92,2.01,3.8,0.51,0.49,1.03,0.0,6.99,0.97,0.0,1.99,0
0.0,0.13,1.0,0.0,0.0,7.77,89.61,1.0,0.0,0.13,6.13,1.67,0.26,9.67,4.13,0.0,7.45,1.0,1.87,0.0,1.0,0.41,0.0,131.7,0.96,0.0,1.26,1
0.0,0.0,1.83,0.0,0.0,8.26,141.61,1.0,0.83,2.48,7.52,0.75,2.48,37.16,2.48,0.17,16.56,0.83,3.68,1.83,1.65,1.73,0.0,92.71,0.72,0.0,1.65,1
0.0,0.87,1.0,0.0,0.0,12.73,59.79,1.0,0.0,0.0,1.87,2.18,0.87,0.0,4.36,0.25,6.11,0.87,3.13,1.38,1.0,0.0,0.0,6.0,0.94,0.0,0.87,0
0.91,0.0,1.0,0.0,2.82,2.82,26.11,1.0,0.0,0.09,2.92,0.37,4.54,1.48,1.28,0.0,1.91,1.0,2.89,0.91,1.0,1.3,0.0,35.15,0.76,0.0,0.0,1
0.03,13.8,1.06,5.94,0.04,17.17,343.89,1.0,0.0,0.0,1.99,4.76,0.17,99.52,1.0,2.96,4.93,1.0,17.48,1.0,0.06,0.07,0.0,6.0,0.96,0.0,1.99,0
13.53,33.92,1.0,7.12,7.41,3.15,338.84,8.12,6.0,12.82,22.37,0.43,0.0,64.11,2.42,8.01,10.0,1.58,4.46,0.0,0.0,0.93,0.0,17.42,0.99,0.0,1.0,1
1.71,0.43,1.0,0.57,3.42,7.3,90.82,1.0,0.0,0.43,5.29,1.06,0.86,89.25,2.72,0.0,10.32,1.0,3.35,0.0,1.0,0.3,0.0,6.86,0.86,0.0,1.29,0
0.0,6.98,1.0,2.76,0.0,15.38,194.73,1.0,0.0,0.0,2.0,3.09,0.54,46.0,3.16,1.38,6.08,1.0,9.76,1.0,0.54,0.0,0.0,6.0,0.96,0.0,1.46,0
0.5,0.0,1.5,4.47,0.5,9.96,97.48,1.0,0.5,1.5,7.04,1.0,4.96,61.99,1.0,0.0,9.55,1.5,3.8,0.5,0.5,1.19,0.0,113.27,0.99,0.0,0.5,1
0.0,0.0,1.0,0.63,0.0,1.47,47.32,1.0,0.0,1.47,2.84,2.56,0.0,75.3,0.37,1.89,2.84,0.74,3.82,2.53,0.37,0.74,0.0,6.0,0.92,0.0,0.37,0
0.79,1.0,1.4,0.0,0.0,1.0,51.64,1.0,0.0,1.79,5.98,0.63,0.4,44.36,2.0,0.0,8.38,1.79,2.74,0.4,0.6,1.23,0.0,6.0,0.97,0.0,1.0,0
0.18,0.09,1.09,0.0,0.0,3.73,47.73,1.0,0.0,3.0,6.27,0.53,0.09,57.48,2.91,0.0,3.8,1.18,5.6,0.09,1.82,0.12,0.0,6.0,0.96,0.0,1.0,0
0.95,2.85,1.05,20.93,5.71,11.9,804.37,1.0,29.54,12.51,17.47,0.83,3.0,90.67,1.1,1.9,19.95,2.9,7.96,0.1,0.1,1.19,0.0,11.11,0.98,0.0,2.0,1
0.94,0.87,1.0,0.37,2.81,3.87,44.92,1.0,0.0,0.0,2.0,0.63,4.69,6.19,1.0,0.19,2.19,1.0,3.91,1.0,0.94,1.31,0.0,19.13,0.79,0.0,0.12,1
0.8,10.79,1.0,3.59,0.0,10.17,215.63,1.0,0.4,0.4,1.2,2.99,0.0,77.5,1.8,1.79,6.61,1.4,12.5,0.6,0.4,0.0,0.0,7.61,0.85,0.0,2.0,0
2.0,0.04,1.0,1.96,0.04,0.15,33.56,1.0,0.08,21.25,7.01,0.18,1.0,77.3,1.08,0.04,0.3,1.04,5.4,0.0,1.0,0.61,0.0,6.0,0.97,0.0,1.04,0
1.84,0.0,1.0,0.61,3.68,3.39,41.78,1.0,0.0,0.0,2.84,3.03,0.0,61.32,0.61,0.77,0.0,0.61,3.12,1.55,1.0,0.0,0.0,6.0,0.8,0.0,0.0,0
0.2,0.8,1.0,0.0,1.0,2.61,64.93,1.0,0.41,4.0,8.16,1.03,0.41,79.04,1.8,0.2,2.23,1.2,3.17,0.2,0.8,0.74,0.0,12.61,0.92,0.0,1.8,0
0.0,6.42,1.0,2.75,0.54,8.34,179.16,1.0,0.0,0.54,7.41,2.53,0.0,54.52,2.62,1.38,2.83,1.0,9.1,0.46,0.54,0.19,0.0,102.37,0.77,0.0,0.92,1
0.0,0.0,1.0,0.0,0.0,9.01,27.75,1.0,0.0,0.0,1.0,3.81,0.0,0.0,3.75,1.37,0.63,1.25,1.5,1.5,1.0,0.0,0.0,6.0,0.87,0.0,0.0,0
0.0,0.58,1.0,0.0,0.0,2.26,52.65,1.0,0.0,1.84,4.84,0.72,0.0,34.09,2.42,0.0,4.74,1.0,3.84,0.0,1.42,0.66,0.0,6.0,0.96,0.0,1.0,0
10.38,23.17,1.0,5.43,5.43,3.01,265.81,5.93,3.97,9.88,21.67,0.44,0.51,87.46,3.0,3.46,8.99,1.51,3.8,0.0,0.51,0.99,0.0,11.91,0.99,0.0,1.51,1
0.0,0.0,1.15,0.0,0.0,3.42,58.43,1.0,0.0,3.85,5.85,0.57,0.29,31.98,1.15,0.0,5.27,1.85,3.49,0.29,1.15,1.92,0.15,6.0,0.96,0.0,0.85,0
0.0,0.24,1.0,0.0,0.0,12.24,56.85,1.0,0.0,0.24,2.45,2.12,0.48,18.14,5.76,0.76,6.56,1.76,1.06,0.0,1.0,0.17,0.0,6.48,0.91,0.0,0.73,0
1.71,0.0,4.41,1.71,2.56,24.75,113.06,1.0,0.0,0.0,2.32,0.74,10.24,56.33,0.85,0.15,0.73,0.85,2.71,1.0,3.41,4.27,0.0,6.0,0.94,0.0,0.85,0
0.72,1.12,1.0,0.0,1.0,6.72,167.57,1.0,1.68,0.0,15.59,1.65,2.16,0.0,2.44,3.65,7.84,1.56,1.65,0.72,1.44,1.95,0.0,67.08,0.93,0.0,1.0,1
1.33,2.0,1.67,6.0,0.67,10.67,73.35,1.0,0.33,1.67,1.33,0.65,6.67,56.67,1.67,0.0,5.0,1.33,5.82,0.67,1.0,1.47,0.0,7.33,0.9,0.0,0.67,0
0.53,0.47,1.0,0.0,0.53,9.25,58.66,1.0,1.06,2.11,1.47,1.39,1.53,45.95,2.89,0.53,7.0,1.53,2.87,1.0,0.47,0.79,0.0,10.75,0.92,0.0,1.0,1
0.0,0.0,1.0,0.0,0.0,3.87,49.93,1.0,0.0,2.87,6.77,0.59,0.0,55.39,2.74,0.0,3.77,1.13,5.28,0.0,1.74,0.09,0.0,6.0,0.96,0.0,1.0,0
0.7,2.1,1.0,0.0,0.0,2.6,68.76,1.0,1.0,1.0,7.8,0.85,0.0,55.05,1.7,0.0,13.55,2.0,2.52,0.0,0.35,0.13,0.0,145.87,0.87,0.0,1.35,0
0.0,2.89,1.0,0.0,0.72,4.34,359.09,1.0,4.34,0.0,41.07,0.93,0.0,0.0,0.72,9.67,8.61,2.17,2.69,0.28,0.0,0.21,0.0,13.23,0.9,0.0,0.72,1
1.63,4.89,1.0,0.0,0.0,2.22,21.85,1.0,0.82,0.82,0.18,0.68,0.0,35.88,3.55,0.18,7.52,2.0,3.9,0.0,1.0,0.0,0.0,9.26,0.73,0.0,1.63,0
0.83,0.84,1.0,0.0,0.83,6.66,43.34,1.0,0.0,0.0,0.83,2.19,2.5,0.0,2.5,0.17,5.99,0.83,1.44,1.17,1.83,2.16,0.0,73.39,0.91,0.0,0.83,1
0.98,0.27,1.98,8.94,0.98,16.02,104.69,1.0,0.0,1.96,2.0,0.92,9.81,63.7,1.0,0.06,3.04,1.0,6.55,1.0,0.98,2.16,0.0,6.0,1.0,0.0,0.04,0
0.0,0.97,1.03,0.0,0.0,12.92,141.66,1.0,0.03,1.05,7.0,0.93,2.03,74.21,4.95,0.0,23.87,1.0,4.37,0.05,1.03,0.74,0.0,10.72,0.96,0.0,2.97,1
0.86,0.14,1.86,7.75,0.86,15.72,95.14,1.0,0.0,1.72,2.0,0.95,8.75,54.25,1.56,0.0,3.56,1.0,5.87,1.0,1.0,1.89,0.0,6.0,0.99,0.0,0.14,0
0.51,0.0,1.0,0.0,0.51,9.47,36.57,1.0,0.0,0.0,1.0,2.18,1.52,0.0,4.48,0.49,4.03,1.49,0.51,0.51,1.51,1.31,0.0,46.93,0.9,0.0,0.51,1
2.0,1.27,1.0,0.95,0.95,3.78,240.24,1.0,1.95,1.95,31.19,0.69,0.95,82.76,3.0,0.95,8.05,2.0,2.82,0.0,1.0,0.76,0.0,6.22,0.96,0.0,2.0,0
0.09,0.0,1.91,0.0,0.26,0.26,20.44,1.0,0.0,2.74,4.74,0.31,2.26,23.72,1.91,0.0,1.09,1.0,3.36,1.91,1.91,1.43,0.91,7.23,0.93,0.0,0.0,0
0.39,2.0,1.81,0.0,0.0,10.05,79.61,1.0,0.81,5.03,3.92,0.43,3.22,58.76,5.0,0.81,10.78,1.19,7.9,0.0,3.42,1.97,0.0,9.22,0.97,0.0,2.0,1
0.48,0.0,1.48,4.33,0.48,9.78,60.58,1.0,0.0,0.96,1.48,3.52,4.81,30.32,0.48,1.04,1.44,0.48,5.12,2.56,1.0,1.06,0.0,6.0,0.91,0.0,0.0,0
1.83,0.0,4.67,1.83,2.75,26.92,122.75,1.0,0.0,0.33,1.42,0.76,11.0,63.25,1.0,0.0,0.5,1.08,3.04,0.92,3.75,4.75,0.0,6.0,0.98,0.0,1.0,0
2.74,0.26,1.26,0.74,4.46,2.49,50.95,1.0,0.0,0.77,5.28,0.93,0.26,95.63,1.26,0.0,3.08,1.51,2.75,0.26,0.74,0.35,0.0,6.0,0.83,0.0,0.26,0
0.98,0.0,1.0,0.0,0.98,5.03,53.51,1.0,1.97,3.93,1.09,1.19,1.97,85.48,1.05,0.98,6.97,1.98,2.73,0.98,0.02,1.48,0.0,17.36,0.88,0.0,1.0,1
0.0,0.51,1.0,0.49,0.51,1.02,52.76,1.0,0.0,2.03,5.58,2.32,0.0,88.3,1.02,1.47,1.0,0.51,3.63,1.97,0.51,0.27,0.0,9.05,0.91,0.0,1.02,0
0.0,0.14,1.0,5.99,5.99,4.42,86.79,1.0,1.71,0.14,7.42,0.65,0.0,79.73,2.86,0.0,0.87,1.0,2.31,0.86,1.86,0.52,0.0,242.07,0.99,0.0,0.14,1
0.0,0.0,1.0,0.0,0.0,13.2,44.38,1.0,0.0,0.0,1.8,3.05,0.4,0.0,3.6,1.4,1.8,1.2,0.53,0.4,0.6,0.53,0.0,6.0,0.78,0.0,0.0,0
0.02,1.0,1.0,0.01,0.01,13.89,67.06,1.0,0.02,0.02,2.34,1.61,1.0,0.93,4.98,0.01,7.01,1.01,3.0,0.99,1.0,0.01,0.0,6.0,0.95,0.0,1.01,0
1.32,0.0,1.0,1.66,0.0,0.0,29.1,1.0,0.0,14.49,4.29,1.37,0.66,84.85,0.66,1.02,0.34,0.66,4.99,1.37,0.66,0.4,0.0,6.0,0.95,0.0,0.66,0
0.23,0.11,1.11,0.89,0.89,8.09,266.62,1.0,0.89,1.23,16.09,2.41,0.11,55.52,1.11,0.0,3.14,1.23,6.28,1.89,0.89,0.55,0.0,6.0,0.92,0.0,1.89,0
0.7,2.09,1.0,15.31,4.18,9.57,589.91,1.0,21.58,9.05,12.83,2.4,2.09,64.74,0.7,2.0,13.92,2.09,6.89,1.22,0.3,0.8,0.0,6.0,0.95,0.0,1.39,0
1.27,1.59,1.0,0.0,0.73,5.14,36.9,1.0,0.27,0.27,0.73,1.45,2.2,11.66,3.0,0.0,7.53,1.27,2.0,0.73,1.73,1.91,0.0,66.59,0.85,0.0,1.27,1
0.0,0.73,1.0,0.27,1.0,3.86,128.47,1.0,0.27,3.2,11.86,1.44,0.0,70.34,1.73,0.0,1.27,1.0,4.18,0.53,1.0,0.51,0.0,10.4,0.92,0.0,2.0,0
2.0,3.21,2.86,0.93,1.4,13.5,70.26,1.0,0.53,0.53,0.47,0.5,5.58,54.24,2.07,0.0,4.81,1.53,3.95,0.47,2.4,2.33,0.0,8.14,0.83,0.0,1.53,0
0.31,0.92,1.0,6.78,1.85,8.54,314.52,1.0,9.55,4.0,9.7,1.49,0.92,28.64,3.08,0.62,9.62,1.62,3.55,0.0,0.69,0.6,0.0,105.65,0.97,0.0,1.31,1
0.9,3.26,1.0,0.0,0.55,1.1,46.35,1.0,0.45,2.65,5.49,0.67,0.0,62.11,2.45,0.0,4.61,1.45,3.95,0.0,1.0,0.3,0.0,11.1,0.82,0.0,2.0,0
0.62,1.87,1.0,13.72,3.74,10.12,552.81,1.0,19.33,8.11,13.48,1.19,1.87,57.99,2.13,1.25,14.35,2.25,5.65,0.0,0.38,0.85,0.0,60.2,0.98,0.0,1.62,1
1.92,0.04,4.84,1.92,2.88,28.37,128.51,1.0,0.0,0.04,1.23,0.78,11.61,66.35,1.16,0.0,0.94,1.0,3.05,0.96,3.88,4.83,0.0,6.08,0.98,0.0,1.08,0
0.35,0.18,1.0,0.18,0.18,4.0,93.33,1.0,0.35,1.18,10.78,0.98,0.18,42.2,1.35,0.18,4.71,2.0,1.71,0.0,1.0,0.76,0.0,6.0,0.95,0.0,0.35,0
2.0,4.05,1.0,0.65,0.0,0.0,21.62,1.0,0.68,7.82,1.95,0.23,0.32,54.72,2.35,0.0,6.08,1.68,5.01,0.0,1.0,0.19,0.0,8.7,0.78,0.0,1.68,0
0.0,0.0,1.0,0.78,0.0,1.3,47.21,1.0,0.0,1.3,2.52,3.04,0.22,93.05,0.65,2.35,2.52,0.22,4.27,3.35,0.22,0.22,0.0,6.0,0.91,0.0,0.22,0
15.89,39.3,1.0,8.36,8.36,2.49,240.74,9.36,5.02,15.06,8.36,0.76,0.0,75.28,2.51,5.18,8.53,0.84,4.7,0.33,0.16,0.99,0.0,16.04,0.98,0.0,0.84,1
0.0,0.0,1.0,0.0,0.0,4.05,48.72,1.0,0.0,2.92,6.08,0.68,0.0,53.53,2.92,0.03,3.03,0.97,5.75,0.03,1.95,0.0,0.0,6.0,0.96,0.0,0.97,0
0.2,0.59,1.0,4.33,1.18,5.58,212.22,1.0,6.1,3.36,8.36,1.0,0.59,44.82,1.0,0.39,7.15,2.2,2.81,0.0,0.8,0.83,0.0,6.0,0.96,0.0,0.39,0
2.0,1.5,4.0,1.5,2.25,21.74,100.95,1.0,0.25,0.25,0.75,0.64,8.99,60.49,1.5,0.0,2.25,1.25,3.45,0.75,3.25,3.75,0.0,7.0,0.91,0.0,1.25,0
0.7,0.0,1.7,6.56,1.0,13.87,159.4,1.0,0.3,1.7,6.57,1.4,6.95,59.65,1.0,0.0,2.7,1.0,6.43,1.3,1.0,1.67,0.0,6.0,0.97,0.0,0.61,0
0.0,0.0,1.0,4.78,4.78,5.32,89.47,1.0,1.37,1.9,8.0,0.63,0.32,83.03,3.0,0.0,2.53,1.0,3.23,1.0,1.68,0.6,0.0,194.57,0.99,0.0,0.32,1
0.0,0.68,1.0,0.0,0.0,9.47,52.39,1.0,0.0,0.0,4.59,1.27,0.68,0.0,3.38,0.32,6.35,0.68,2.35,1.0,0.68,0.0,0.0,6.0,0.86,0.0,0.68,0
0.0,0.0,1.0,0.0,0.0,3.95,94.16,1.0,0.99,0.99,11.98,1.15,0.0,60.26,0.99,0.01,15.87,1.98,1.3,0.01,0.0,0.2,0.0,216.41,0.97,0.0,0.99,0
0.0,0.0,1.0,0.0,0.0,11.74,74.59,1.0,0.3,0.3,5.67,3.07,0.7,18.08,0.3,1.41,6.85,0.59,1.33,0.7,0.0,1.0,0.0,69.12,0.72,0.0,0.3,0
0.0,0.0,1.98,0.0,0.0,9.94,164.39,1.0,0.98,2.94,6.98,0.81,2.94,44.14,3.02,0.0,18.73,1.0,4.2,1.96,1.98,2.07,0.0,111.75,0.73,0.0,1.98,1
0.0,0.0,1.3,0.0,0.0,11.4,70.51,1.0,0.3,0.89,2.79,1.99,0.89,13.41,5.11,0.7,6.36,1.7,1.27,0.6,1.3,0.63,0.0,37.28,0.84,0.0,0.6,1
0.0,8.57,1.0,4.06,0.39,13.9,326.84,1.0,0.39,0.39,7.82,3.99,0.0,81.39,1.0,1.84,3.84,1.0,13.41,1.39,0.39,0.17,0.0,6.0,0.94,0.0,2.0,0
0.48,0.0,1.0,0.48,0.76,0.76,24.24,1.0,0.0,5.32,2.21,2.31,1.0,18.61,1.0,0.0,0.76,1.0,2.09,0.76,1.0,0.15,0.0,6.0,0.89,0.0,0.24,0
0.0,0.0,1.0,0.0,0.0,4.66,27.55,1.0,0.0,0.0,6.5,1.31,0.0,0.0,2.33,1.0,3.45,0.78,0.61,0.61,0.39,0.0,0.0,6.0,0.76,0.0,0.0,0
0.0,0.0,1.0,0.0,0.0,4.0,59.0,1.0,0.0,1.0,6.0,1.04,0.0,33.0,1.0,0.0,4.0,2.0,1.5,0.0,1.0,0.75,0.0,6.0,0.95,0.0,0.0,0
0.0,4.73,1.09,0.0,0.0,5.62,48.12,1.0,0.09,0.53,0.09,3.46,0.36,4.45,0.45,1.0,1.8,0.09,4.1,1.82,1.27,0.19,0.0,6.36,0.92,0.0,0.18,0
0.6,0.0,2.19,0.6,0.9,11.46,83.81,1.0,0.0,2.81,4.51,0.66,3.58,42.85,1.0,0.0,4.21,1.7,3.35,0.3,1.9,2.9,0.0,6.0,0.97,0.0,1.0,0
2.0,1.0,1.9,0.1,0.1,1.3,66.06,1.0,0.2,2.9,11.43,0.35,1.0,83.2,2.1,0.1,11.6,2.9,3.2,0.9,0.1,1.3,0.0,6.0,0.98,0.0,1.1,0
0.62,0.0,1.0,0.62,0.0,0.0,25.69,1.0,0.0,6.79,8.76,0.43,0.31,23.78,0.31,0.69,3.46,0.31,2.39,0.69,0.31,0.19,0.0,6.0,0.77,0.0,0.31,0
0.0,0.98,1.0,0.02,0.02,12.91,144.58,1.0,0.02,1.0,7.23,0.97,1.95,74.47,4.91,0.0,23.49,1.0,4.43,0.05,1.0,0.69,0.0,7.95,0.97,0.0,2.98,1
0.0,0.0,1.0,0.0,0.0,4.32,51.6,1.0,0.0,2.68,6.0,0.68,0.0,49.18,3.11,0.0,3.21,1.0,5.37,0.0,1.89,0.04,0.0,21.23,0.96,0.0,1.0,0
0.0,0.0,1.0,0.0,0.8,2.0,46.44,1.0,0.0,2.0,11.2,0.6,0.2,26.44,3.8,0.0,2.41,1.0,2.52,0.2,1.0,0.49,0.0,148.25,0.69,0.0,0.2,1
0.0,0.0,1.31,0.0,0.0,7.94,108.46,1.0,0.31,0.94,6.31,1.47,0.94,14.17,3.69,0.0,9.41,1.0,2.37,0.63,1.31,0.91,0.0,137.72,0.89,0.0,1.31,1
1.54,0.77,1.0,0.77,0.77,3.07,200.34,1.0,1.54,1.54,27.66,0.67,0.77,65.28,2.3,1.0,7.3,1.54,2.31,0.23,0.77,0.61,0.0,6.0,0.91,0.0,1.54,0
0.27,1.54,1.0,5.99,2.36,4.72,277.46,1.0,8.44,6.45,12.18,0.95,0.82,81.36,1.73,0.54,6.18,1.54,4.6,0.0,0.73,0.7,0.0,10.37,0.95,0.0,2.0,1
0.0,0.42,1.58,0.0,0.42,0.84,40.22,1.0,0.0,3.42,7.11,0.6,1.16,47.48,2.0,0.0,1.0,1.0,3.35,1.16,1.58,1.05,0.58,8.53,0.94,0.0,0.84,0
0.82,0.0,1.59,0.82,0.0,0.0,22.05,1.0,0.0,10.78,5.41,0.25,1.59,46.87,1.59,0.0,0.59,1.0,4.26,1.18,1.59,1.09,0.59,6.0,0.96,0.0,0.41,0
1.62,4.86,1.0,0.0,0.0,0.57,28.18,1.0,0.81,1.19,2.28,0.38,0.0,46.66,2.62,0.0,9.0,2.0,4.15,0.0,0.81,0.14,0.0,9.24,0.74,0.0,1.81,0
0.0,0.5,1.0,0.0,0.5,2.99,81.39,1.0,0.5,2.51,10.99,1.07,0.0,69.07,1.5,0.0,8.44,1.5,2.3,0.0,0.5,0.37,0.0,114.63,0.95,0.0,1.5,0
0.0,4.38,1.0,1.88,0.0,9.44,160.08,1.0,0.0,0.0,6.81,5.19,0.0,31.28,0.31,1.63,4.31,0.31,7.29,1.0,0.0,0.0,0.0,6.0,0.95,0.0,0.63,0
0.0,0.0,1.0,0.0,0.0,4.0,84.84,1.0,0.86,0.86,10.43,1.85,0.0,52.27,0.86,0.29,13.71,1.71,1.69,0.57,0.14,0.17,0.0,188.52,0.95,0.0,0.86,0
1.78,1.11,2.0,0.0,0.0,2.22,48.88,1.0,0.11,3.33,8.11,0.33,1.33,79.34,2.33,0.11,11.78,2.78,3.92,0.89,0.44,1.45,0.0,6.44,0.97,0.0,1.11,0
0.55,0.45,1.55,4.91,0.55,9.18,79.98,1.0,0.0,1.55,2.91,0.84,5.45,42.98,1.45,0.0,4.36,1.0,4.54,0.55,1.0,1.72,0.0,6.0,0.98,0.0,0.45,0
0.0,0.0,1.0,0.58,0.0,1.66,31.59,1.0,0.0,0.0,1.0,4.66,0.0,58.39,0.0,2.58,0.58,0.0,4.0,4.0,0.42,0.0,0.0,6.0,0.87,0.0,0.0,0
0.68,1.32,3.02,0.68,1.02,17.78,96.31,1.0,0.66,3.96,1.0,0.56,6.72,55.44,3.64,0.66,6.6,1.0,7.13,0.34,4.0,3.13,0.0,8.64,0.97,0.0,1.66,1
0.0,0.71,1.0,0.0,1.0,1.71,55.29,1.0,0.0,2.84,7.4,1.57,0.29,54.75,1.71,0.0,1.0,1.0,2.62,0.29,1.0,0.38,0.0,10.27,0.91,0.0,1.42,0
0.97,0.0,1.0,0.0,0.97,6.89,43.57,1.0,0.0,0.06,1.32,1.84,2.91,1.67,2.94,0.0,7.06,1.03,1.01,0.97,1.94,2.55,0.0,84.67,0.92,0.0,1.0,1
1.77,1.77,1.11,0.0,0.0,1.77,71.45,1.0,0.0,1.23,14.76,0.34,0.23,87.21,4.66,0.0,12.53,1.89,2.42,0.23,1.11,1.21,0.11,6.0,0.98,0.0,1.77,0
0.0,0.0,1.0,1.03,1.88,1.59,45.09,1.0,0.29,0.85,11.41,0.59,0.0,26.88,3.85,0.0,0.85,1.0,1.9,0.15,1.15,0.37,0.0,198.41,0.67,0.0,0.0,1
0.0,0.0,1.64,0.0,0.0,7.84,114.93,1.0,0.64,1.92,4.84,2.66,1.92,28.82,1.92,0.72,12.17,0.64,4.16,2.72,1.64,1.34,0.0,73.24,0.77,0.0,1.28,1
0.73,2.19,1.0,17.93,6.27,10.1,634.91,1.0,23.13,9.47,15.29,0.77,2.19,92.19,1.54,1.46,14.57,2.46,6.56,0.27,0.54,0.95,0.0,80.87,1.0,0.0,1.46,1
15.74,38.1,1.0,8.28,8.28,2.34,241.23,9.28,4.97,15.08,9.31,0.32,0.0,80.21,2.66,4.97,8.97,1.17,4.33,0.0,0.17,1.11,0.0,15.94,0.99,0.0,0.83,1
0.0,2.71,1.0,0.0,0.0,8.2,38.13,1.0,0.0,0.0,0.46,3.18,0.0,0.0,2.75,1.0,1.0,0.92,1.95,1.08,1.0,0.0,0.0,6.0,0.9,0.0,0.0,0
1.64,1.0,1.0,0.82,0.82,5.79,219.39,1.0,1.64,1.64,27.46,0.87,1.0,69.8,3.36,0.82,7.82,1.82,2.76,0.18,1.0,0.66,0.0,6.0,0.97,0.0,1.82,0
0.0,0.65,1.33,0.0,0.0,14.02,70.56,1.0,0.33,1.95,2.35,2.76,1.98,16.28,1.63,1.67,5.28,0.33,3.91,0.67,1.3,1.6,0.0,7.3,0.73,0.0,0.65,0
0.3,0.9,1.0,0.0,0.85,0.85,23.4,1.0,0.15,0.15,0.85,2.59,0.85,6.59,1.3,0.0,2.2,1.15,1.57,0.85,1.0,0.0,0.0,6.6,0.83,0.0,0.3,0
0.69,4.32,1.0,1.85,0.69,10.09,136.88,1.0,0.0,0.0,1.31,2.78,2.07,30.88,2.38,0.93,6.38,1.0,6.15,1.0,1.38,1.8,0.0,61.99,0.93,0.0,1.31,1
0.0,0.0,1.0,0.0,0.0,4.0,85.4,1.0,0.73,1.0,10.4,1.13,0.0,53.53,1.0,0.0,12.8,2.0,1.36,0.0,0.27,0.35,0.0,162.2,0.97,0.0,0.73,0
1.59,0.0,1.0,1.18,0.41,2.05,36.46,1.0,0.82,14.63,3.95,0.58,1.41,81.09,1.0,0.41,2.86,1.41,4.37,0.41,0.59,0.97,0.0,9.68,0.94,0.0,1.0,0
0.4,1.2,1.8,0.0,0.0,8.01,136.9,1.0,1.0,2.6,5.6,0.69,2.4,44.8,3.0,0.0,17.01,1.2,4.36,1.6,1.8,1.68,0.0,90.87,0.72,0.0,2.0,1
1.03,0.52,1.0,0.52,0.52,4.97,171.07,1.0,1.03,3.94,20.88,0.68,1.0,76.76,3.0,0.52,8.0,1.52,3.94,0.48,1.0,0.9,0.0,6.0,0.98,0.0,1.52,0
1.12,3.35,1.0,0.0,0.0,2.65,44.27,1.0,0.56,0.56,3.97,2.52,0.0,24.59,1.68,0.44,6.79,1.12,3.8,0.44,0.56,0.0,0.0,8.24,0.8,0.0,1.12,0
1.18,1.09,1.82,7.36,0.82,13.09,85.44,1.0,0.18,1.82,1.64,0.74,8.18,59.54,1.36,0.0,4.09,1.18,6.05,0.82,1.0,1.8,0.0,6.73,0.94,0.0,0.36,0
0.0,0.0,1.0,0.0,0.0,4.0,24.0,1.0,0.0,0.0,1.0,6.0,0.0,0.0,0.0,2.0,0.0,0.0,4.0,4.0,1.0,0.0,0.0,6.0,0.83,0.0,0.0,0
1.15,0.58,1.58,0.0,0.0,6.93,53.89,1.0,0.0,1.73,6.46,1.82,1.0,47.86,1.15,0.85,8.19,1.73,2.44,1.0,0.0,1.35,0.0,6.0,0.82,0.0,0.58,0
0.0,0.0,1.0,0.85,0.85,8.69,262.15,1.0,0.85,0.85,15.3,2.54,0.0,43.98,1.46,0.0,2.46,1.0,5.87,1.69,1.0,0.44,0.0,28.21,0.92,0.0,1.85,1
0.17,0.17,1.0,0.0,0.0,3.83,28.64,1.0,0.0,0.09,2.29,5.51,0.0,8.16,0.43,1.83,1.2,0.17,3.85,3.66,1.0,0.1,0.0,6.0,0.85,0.0,0.17,0
0.0,1.0,1.0,0.0,0.0,13.6,95.37,1.0,0.0,0.4,4.0,1.34,1.4,29.97,5.0,0.0,13.79,1.0,3.55,0.6,1.0,0.28,0.0,6.8,0.96,0.0,1.8,0
0.0,2.42,1.0,0.0,0.0,8.62,37.25,1.0,0.0,0.0,0.52,3.1,0.0,0.0,3.1,1.0,1.0,1.03,1.74,0.97,1.0,0.0,0.0,6.0,0.9,0.0,0.0,0
1.49,1.49,1.25,0.0,0.0,1.49,63.31,1.0,0.0,1.51,13.21,0.33,0.51,77.53,4.24,0.0,10.71,1.75,2.58,0.51,1.25,1.24,0.25,6.0,0.97,0.0,1.49,0
1.05,1.0,1.0,0.53,1.0,3.05,165.21,1.0,1.05,2.95,22.09,0.84,0.53,81.2,2.53,0.53,4.68,1.53,2.98,0.0,1.0,0.68,0.0,8.85,0.95,0.0,2.0,1
1.77,2.23,1.0,5.04,1.37,4.29,251.73,1.0,7.1,3.75,16.46,0.45,0.69,94.54,4.08,0.46,15.37,2.23,3.64,0.0,0.77,1.17,0.0,6.0,0.98,0.0,2.0,1
0.81,4.81,1.0,0.0,0.6,3.58,298.35,1.0,3.98,0.4,31.59,0.75,0.0,17.77,1.81,7.75,9.6,2.6,3.92,0.0,0.4,0.17,0.0,13.58,0.87,0.0,1.4,1
0.17,1.34,1.0,3.74,1.02,2.87,188.66,1.0,5.27,3.04,6.38,0.84,0.51,31.57,1.83,0.34,8.38,1.34,3.38,0.0,0.83,1.14,0.0,6.0,0.97,0.0,1.17,0
0.61,0.0,1.0,0.0,1.0,3.45,41.74,1.0,1.22,2.45,1.0,1.89,1.61,53.23,1.0,0.61,4.67,1.61,2.07,1.0,0.39,0.92,0.0,11.51,0.87,0.0,0.61,1
1.06,0.53,1.53,0.0,0.0,3.35,59.11,1.0,0.0,1.59,9.0,2.69,0.53,43.96,1.06,0.47,8.24,1.59,2.92,1.0,0.0,0.72,0.0,6.0,0.96,0.0,0.53,0
0.0,3.45,1.0,2.23,0.0,4.19,113.46,1.0,0.0,0.0,1.25,3.98,0.0,100.0,0.25,3.0,1.99,0.25,7.38,3.26,0.0,0.0,0.0,6.0,0.91,0.0,0.49,0
0.2,0.0,1.2,1.8,0.2,6.41,96.0,1.0,0.8,1.2,9.99,1.1,2.01,61.4,1.0,0.0,13.39,1.8,2.32,0.2,0.2,0.6,0.0,176.29,0.98,0.0,0.8,1
0.86,0.43,1.43,0.0,0.0,2.71,46.71,1.0,0.0,3.0,7.29,0.45,0.43,67.08,2.57,0.0,6.88,1.86,4.72,0.43,1.14,0.59,0.0,6.0,0.97,0.0,1.0,0
0.98,0.0,1.98,8.87,1.0,15.89,103.15,1.0,0.02,1.98,2.24,0.87,9.84,62.82,1.0,0.0,2.98,1.0,6.34,1.02,1.0,2.17,0.0,6.0,1.0,0.0,0.03,0
0.24,0.0,1.24,2.16,0.24,6.88,42.23,1.0,0.0,0.48,1.24,4.76,2.4,15.11,0.24,1.52,0.72,0.24,4.56,3.28,1.0,0.53,0.0,6.0,0.87,0.0,0.0,0
1.17,0.58,1.0,0.58,0.58,4.83,178.97,1.0,1.17,1.17,23.02,2.64,0.58,49.65,1.75,1.0,6.34,1.17,2.65,0.42,0.58,0.47,0.0,6.0,0.96,0.0,1.17,0
0.0,0.0,1.0,0.0,0.73,3.93,35.14,1.0,0.0,0.73,9.07,1.1,0.0,11.74,4.53,0.27,1.0,1.27,1.35,0.0,1.0,0.26,0.0,136.64,0.69,0.0,0.0,1
10.62,25.72,1.0,6.03,6.03,5.09,286.05,6.59,3.8,10.5,13.09,1.28,0.0,73.25,2.12,3.35,6.47,1.0,5.69,0.88,0.44,0.86,0.0,12.71,0.96,0.0,1.44,1
0.0,1.0,1.0,0.0,0.37,1.37,60.43,1.0,0.0,2.11,6.22,0.9,0.0,40.43,2.0,0.0,4.15,1.0,2.72,0.0,1.0,0.92,0.0,8.22,0.95,0.0,1.37,0
0.0,0.5,1.0,0.0,0.5,2.99,81.37,1.0,0.5,2.51,10.99,1.07,0.0,69.08,1.5,0.0,8.43,1.5,2.3,0.0,0.5,0.37,0.0,114.5,0.95,0.0,1.5,0
0.82,0.0,1.0,0.82,0.59,0.59,32.11,1.0,0.0,9.56,9.55,0.41,0.41,40.88,2.78,0.0,0.59,1.0,3.33,0.0,1.0,0.46,0.0,111.41,0.76,0.0,0.41,0
0.89,0.45,1.45,0.0,0.0,2.66,46.66,1.0,0.0,3.0,7.34,0.44,0.45,67.51,2.55,0.0,7.02,1.89,4.68,0.45,1.11,0.61,0.0,6.0,0.97,0.0,1.0,0
1.68,0.0,1.0,0.56,3.35,3.44,40.2,1.0,0.0,0.0,2.68,3.29,0.0,55.85,0.56,0.88,0.0,0.56,3.2,1.77,1.0,0.0,0.0,6.0,0.81,0.0,0.0,0
0.62,0.31,1.69,0.31,0.31,8.14,193.04,1.0,1.31,2.69,15.08,0.77,2.38,57.43,3.0,0.31,15.58,1.31,3.77,1.38,1.69,1.7,0.0,78.36,0.81,0.0,2.0,1
0.36,1.09,1.0,0.0,0.82,0.82,23.28,1.0,0.18,0.18,0.82,2.51,0.82,7.96,1.36,0.0,2.45,1.18,1.68,0.82,1.0,0.0,0.0,6.72,0.83,0.0,0.36,0
0.0,0.52,1.0,0.0,1.0,1.65,95.55,1.0,0.78,0.87,17.33,0.65,0.0,13.92,3.61,1.69,2.17,1.26,2.03,0.0,0.87,0.35,0.0,162.14,0.66,0.0,0.13,1
1.22,0.61,1.61,0.39,0.0,0.61,41.9,1.0,0.0,1.84,5.9,1.63,0.61,89.59,1.22,1.16,7.73,1.84,3.54,2.16,0.0,0.83,0.0,6.0,0.94,0.0,0.61,0
0.23,0.0,1.0,0.23,0.89,0.89,24.11,1.0,0.0,2.49,1.57,2.68,1.0,8.72,1.0,0.0,0.89,1.0,1.51,0.89,1.0,0.07,0.0,6.0,0.87,0.0,0.11,0
2.0,0.59,2.63,1.41,1.81,14.17,202.16,1.0,1.19,1.19,19.98,0.73,5.47,77.27,2.19,0.59,4.75,1.59,2.83,0.41,2.22,2.51,0.0,6.0,0.98,0.0,1.59,0
0.0,0.4,1.0,0.9,0.1,0.6,81.74,1.0,0.6,0.0,6.17,3.44,0.0,90.06,0.1,3.99,1.89,0.3,3.93,3.6,0.0,0.03,0.0,6.99,0.9,0.0,0.1,0
0.93,1.01,1.93,8.78,0.93,16.07,117.77,1.0,0.0,1.86,2.0,1.13,9.28,65.66,1.0,0.22,3.14,1.0,7.15,1.0,0.93,2.04,0.0,6.0,1.0,0.0,0.14,0
0.0,1.5,1.5,0.0,0.0,6.48,67.95,1.0,0.5,3.49,2.51,0.65,1.99,34.43,3.49,0.5,7.99,1.0,5.81,0.0,2.49,1.65,0.0,7.99,0.96,0.0,1.5,1
1.2,0.0,1.0,0.39,0.8,5.62,39.45,1.0,0.0,4.34,1.99,1.53,2.61,15.2,2.61,0.0,5.62,1.0,1.89,0.8,1.8,2.21,0.0,71.01,0.93,0.0,1.0,1
0.0,0.0,1.0,0.0,0.0,4.0,54.52,1.0,0.0,1.82,6.0,0.84,0.0,41.97,1.82,0.0,3.59,1.59,3.27,0.0,1.41,0.44,0.0,6.0,0.95,0.0,0.41,0
0.0,0.78,1.0,0.0,0.0,1.65,64.45,1.0,0.22,1.0,5.73,0.91,0.0,28.1,1.78,0.0,8.17,1.22,2.16,0.0,0.78,0.94,0.0,52.16,0.96,0.0,1.0,1
2.03,0.0,1.0,0.52,4.55,3.0,39.49,1.0,0.0,0.0,3.03,0.76,2.41,51.74,1.0,0.0,0.97,1.0,2.78,0.48,1.0,0.68,0.0,12.76,0.78,0.0,0.0,1
1.0,0.0,1.39,3.5,1.0,9.27,71.26,1.0,1.22,3.22,1.39,1.05,5.11,77.68,1.0,0.61,5.45,1.61,4.14,1.0,0.39,1.77,0.0,11.5,0.93,0.0,0.61,0
0.75,2.24,1.0,0.0,0.63,0.63,30.66,1.0,0.37,1.0,7.53,0.47,0.0,26.44,3.63,0.0,3.98,1.37,2.93,0.0,1.0,0.22,0.0,119.14,0.64,0.0,0.75,1
1.13,3.82,1.0,0.0,0.0,6.09,39.58,1.0,0.56,0.56,0.87,0.86,0.44,24.85,3.87,0.0,8.13,1.56,4.0,0.44,1.0,0.0,0.0,8.26,0.81,0.0,1.56,0
0.08,0.04,1.96,0.04,0.04,0.16,29.2,1.0,0.08,2.96,6.11,0.33,1.96,28.33,2.04,0.04,1.28,1.04,3.37,1.92,1.96,1.4,0.96,6.0,0.95,0.0,0.08,0
2.35,0.22,1.0,0.78,4.69,5.4,55.62,1.0,0.0,0.0,3.56,1.25,0.22,78.21,1.87,0.0,1.53,1.0,2.66,0.22,1.0,0.0,0.0,6.0,0.82,0.0,0.22,0
1.08,0.08,1.0,0.08,1.0,6.75,60.84,1.0,0.17,0.17,3.72,1.77,2.83,7.22,3.0,0.08,7.08,1.08,1.15,0.92,1.92,2.45,0.0,80.12,0.92,0.0,1.08,1
0.46,0.0,1.0,0.46,0.0,2.31,54.24,1.0,0.0,6.61,10.62,0.68,0.23,62.38,1.0,0.0,6.92,1.77,2.42,0.0,0.23,0.7,0.0,6.0,0.97,0.0,1.0,0
0.0,1.0,1.5,0.0,0.0,5.99,52.96,1.0,0.5,3.0,5.51,0.5,2.0,24.96,2.5,1.0,7.5,0.5,5.12,0.5,2.0,1.08,0.0,8.0,0.82,0.0,1.0,0
0.97,0.0,1.0,0.0,0.97,7.24,43.68,1.0,0.0,0.0,1.06,1.93,2.94,0.0,2.91,0.06,6.88,0.97,1.01,1.0,1.94,2.56,0.0,84.6,0.9,0.0,0.97,1
1.48,2.86,1.0,0.0,0.52,2.62,37.28,1.0,1.52,2.57,0.52,0.75,1.05,66.52,1.95,0.52,7.95,2.0,3.72,0.52,0.48,0.79,0.0,12.62,0.79,0.0,1.48,0
0.0,2.18,1.0,0.0,1.0,3.57,232.35,1.0,2.35,2.43,26.87,1.03,0.0,46.8,1.61,5.1,4.53,1.78,3.3,0.0,0.61,0.44,0.0,13.57,0.95,0.0,1.61,1
1.0,0.0,1.0,0.0,2.27,4.46,31.56,1.0,0.0,0.0,1.64,0.9,4.27,0.0,1.73,0.0,3.82,1.0,2.27,1.0,1.36,1.84,0.0,44.4,0.82,0.0,0.36,1
0.0,0.66,1.0,0.0,0.0,2.71,65.58,1.0,0.0,2.71,5.37,0.77,0.34,35.77,2.34,0.0,6.68,1.0,3.38,0.34,1.0,1.09,0.0,6.0,0.97,0.0,1.0,0
0.12,0.0,1.0,6.13,6.25,5.25,85.89,1.0,1.75,0.0,7.13,0.78,0.37,78.78,3.0,0.0,0.87,1.0,2.14,1.0,2.0,0.69,0.0,257.68,0.99,0.0,0.12,1
0.0,0.0,1.76,0.0,0.0,0.96,37.95,1.0,0.24,2.52,6.68,0.51,1.52,34.38,1.76,0.0,4.59,1.24,2.9,1.52,1.52,1.13,0.76,56.97,0.95,0.0,0.24,0
9.2,22.26,1.52,4.84,4.84,0.97,145.34,5.84,2.9,10.26,7.42,0.24,1.03,56.97,2.48,2.9,5.36,1.0,4.13,1.03,1.03,1.31,0.52,11.81,0.97,0.0,0.48,1
0.0,0.0,1.0,0.0,0.0,6.5,74.5,1.0,0.0,0.0,8.66,5.28,0.06,0.0,0.0,1.06,3.94,0.0,2.49,1.0,0.0,0.07,0.0,6.0,0.93,0.0,0.0,0
1.31,0.0,3.63,3.72,4.37,20.75,115.63,1.0,0.69,0.0,3.41,0.72,7.88,74.25,1.69,0.0,0.0,1.0,2.76,1.0,3.31,3.42,0.0,100.85,0.99,0.0,0.66,0
0.0,0.0,1.0,0.95,0.05,0.05,37.0,1.0,0.0,0.05,1.52,3.55,0.0,96.0,0.19,2.86,1.0,0.05,3.9,3.81,0.05,0.02,0.0,14.48,0.88,0.0,0.0,0
0.0,0.0,1.0,0.0,0.0,7.45,70.92,1.0,0.0,4.55,6.3,1.1,0.76,51.53,3.73,0.24,6.3,1.24,3.98,0.76,1.0,0.76,0.0,6.0,0.95,0.0,0.76,0
0.83,0.0,1.0,0.0,0.83,7.0,49.81,1.0,0.0,0.0,1.87,1.85,2.48,0.0,3.17,0.0,6.65,1.0,1.09,0.83,1.83,2.21,0.0,98.01,0.92,0.0,1.0,1
1.26,0.0,2.02,0.51,1.51,12.61,64.68,1.0,0.0,0.0,1.0,1.59,5.3,16.83,2.49,0.0,5.21,1.0,1.51,1.0,2.51,3.21,0.0,66.34,0.93,0.0,1.0,1
0.49,0.0,1.0,0.51,0.49,2.43,44.76,1.0,0.97,1.94,1.0,2.48,0.97,93.69,0.49,2.03,3.91,0.97,3.39,2.54,0.0,0.73,0.0,10.37,0.89,0.0,0.49,1
0.3,1.4,2.0,2.69,0.3,13.2,85.98,1.0,0.7,4.8,1.3,0.57,5.79,53.89,3.8,0.7,7.91,1.0,8.38,0.3,3.1,2.18,0.0,8.8,0.98,0.0,1.4,1
0.0,0.12,1.0,0.0,0.0,6.93,73.84,1.0,0.0,0.0,8.19,4.92,0.12,0.0,0.58,0.88,4.35,0.12,2.61,1.0,0.12,0.0,0.0,6.0,0.95,0.0,0.12,0
0.05,13.68,1.09,5.91,0.07,17.28,341.92,1.0,0.0,0.0,1.98,4.73,0.28,99.21,1.0,2.93,4.88,1.0,17.35,1.0,0.09,0.12,0.0,6.0,0.96,0.0,1.98,0
0.25,0.0,1.0,0.25,0.0,3.5,54.72,1.0,0.0,3.64,6.0,0.93,0.13,38.54,1.0,0.0,3.5,1.87,2.0,0.0,1.0,0.73,0.0,6.0,0.95,0.0,0.13,0
0.09,1.24,1.0,0.0,0.0,12.38,135.27,1.0,0.05,1.0,6.67,0.9,1.91,73.53,4.91,0.0,23.29,1.05,4.39,0.0,1.0,0.67,0.0,8.09,0.95,0.0,2.95,1
0.0,1.25,1.0,0.54,0.0,5.16,52.86,1.0,0.0,0.0,1.09,5.89,0.0,8.94,0.09,2.09,0.45,0.09,5.22,3.73,0.91,0.0,0.0,6.0,0.84,0.0,0.18,0
0.59,0.59,1.0,0.0,0.0,2.71,67.41,1.0,0.0,1.71,13.18,0.69,0.0,68.89,2.18,0.0,10.47,2.0,1.74,0.0,0.29,0.87,0.0,6.0,0.97,0.0,1.29,0
0.7,2.4,1.0,15.44,4.21,8.72,604.23,1.0,21.76,9.42,13.83,0.83,2.11,70.95,1.3,1.4,15.83,2.4,6.44,0.0,0.3,1.14,0.0,6.0,0.99,0.0,1.7,0
0.0,9.06,1.0,3.88,0.0,12.06,246.81,1.0,0.0,0.71,5.53,3.42,0.0,85.18,1.0,1.94,6.41,1.35,11.98,0.65,0.0,0.26,0.0,6.0,0.96,0.0,1.65,0
0.34,3.32,1.0,0.34,0.83,4.98,408.51,1.0,4.98,3.74,45.01,0.92,0.17,13.08,1.0,10.79,8.3,2.66,3.7,0.0,0.17,0.34,0.0,14.3,0.98,0.0,1.0,1
0.66,0.0,1.0,0.0,1.98,7.06,38.88,1.0,0.0,0.0,2.34,1.54,3.65,0.0,0.66,0.68,2.34,0.66,2.44,1.0,0.66,1.38,0.0,15.26,0.72,0.0,0.0,1
0.0,0.0,1.0,0.0,0.0,10.72,41.54,1.0,0.0,1.28,2.5,2.1,0.21,14.54,5.36,0.79,2.5,1.79,1.12,0.21,1.0,0.21,0.0,6.0,0.91,0.0,0.21,0
0.0,0.23,1.0,0.0,0.0,3.3,58.3,1.0,0.0,1.0,5.54,0.99,0.0,29.75,1.23,0.0,4.46,1.77,1.71,0.0,1.0,0.84,0.0,6.0,0.95,0.0,0.23,0
0.86,2.58,1.0,0.0,0.0,2.28,22.28,1.0,0.43,0.43,0.57,3.54,0.0,18.92,1.29,1.14,3.87,0.86,4.33,2.28,1.0,0.0,0.0,7.72,0.77,0.0,0.86,0
0.33,2.66,1.33,3.01,1.0,9.34,357.58,1.0,3.99,0.67,35.94,1.0,3.34,21.07,1.0,8.65,7.66,2.33,4.34,0.33,0.33,0.93,0.0,12.66,0.99,0.0,0.67,1
2.0,0.0,5.0,2.0,3.0,29.0,128.0,1.0,0.0,0.0,1.0,0.77,12.0,66.0,1.0,0.0,0.0,1.0,3.0,1.0,4.0,5.0,0.0,6.0,0.98,0.0,1.0,0
0.36,0.0,1.36,3.2,0.36,8.27,73.58,1.0,0.0,1.36,4.58,0.97,3.56,43.67,1.0,0.0,3.64,1.64,3.22,0.36,1.0,1.27,0.0,6.0,0.97,0.0,0.0,0
0.0,0.0,1.0,0.0,0.0,2.42,67.71,1.0,0.6,0.6,11.21,0.92,0.0,36.87,0.6,0.4,11.65,1.21,1.19,0.4,0.0,0.12,0.0,134.75,0.85,0.0,0.6,0
1.25,2.5,1.25,16.5,4.5,9.25,638.87,1.0,23.24,10.5,15.75,0.7,2.5,90.5,1.25,1.5,18.0,3.0,6.92,0.25,0.0,1.2,0.0,6.0,0.99,0.0,1.75,0
0.5,0.0,1.0,0.0,1.51,7.46,27.48,1.0,0.0,0.0,1.5,1.42,2.52,0.0,3.48,0.5,1.5,1.5,1.51,0.5,1.0,0.71,0.0,13.07,0.83,0.0,0.0,1
0.0,5.77,1.59,2.47,0.0,7.01,154.88,1.0,0.0,1.76,3.76,2.17,1.18,56.52,1.59,1.24,2.65,1.0,9.29,1.59,1.18,0.84,0.59,6.0,0.95,0.0,0.82,0
0.84,0.42,1.58,0.42,0.42,7.47,202.62,1.0,1.42,2.58,17.94,0.76,2.16,61.83,3.0,0.42,14.37,1.42,3.6,1.16,1.58,1.55,0.0,66.81,0.83,0.0,2.0,1
1.0,0.0,1.05,0.46,1.0,7.46,45.89,1.0,0.0,0.1,1.05,1.82,3.35,3.19,2.9,0.0,6.8,1.0,1.27,1.0,1.95,2.58,0.0,82.9,0.92,0.0,0.95,1
0.0,2.72,1.64,0.0,0.36,9.84,226.35,1.0,2.8,3.84,19.7,0.68,2.56,32.02,3.56,5.32,10.0,1.72,7.12,0.0,2.56,1.49,0.0,12.16,0.97,0.0,1.64,1
1.36,0.36,1.0,0.36,1.0,5.93,117.93,1.0,0.71,0.71,12.42,1.46,2.29,30.33,3.0,0.36,7.36,1.36,1.61,0.64,1.64,1.96,0.0,58.1,0.94,0.0,1.36,1
0.0,0.0,1.0,0.0,0.0,6.15,76.03,1.0,0.0,0.0,8.56,4.83,0.0,0.0,0.59,0.85,4.15,0.15,2.4,0.85,0.15,0.05,0.0,27.19,0.95,0.0,0.15,1
0.0,0.36,1.0,0.0,0.64,5.72,38.87,1.0,0.0,0.0,1.36,2.5,1.0,0.0,2.45,0.0,3.18,1.0,1.73,1.0,1.0,0.0,0.0,6.0,0.89,0.0,0.36,0
0.3,2.8,1.0,0.0,1.0,5.7,356.45,1.0,4.8,1.2,37.36,1.11,0.6,26.17,1.0,9.39,9.1,2.7,3.16,0.3,0.0,0.66,0.0,15.7,0.96,0.0,1.0,1
0.0,0.79,1.0,0.0,0.0,12.79,117.34,1.0,0.0,0.79,5.72,1.26,1.57,59.01,5.21,0.21,19.1,1.21,3.44,0.0,1.0,0.55,0.0,7.57,0.95,0.0,2.36,1
0.8,0.0,1.0,0.0,2.6,2.6,24.8,1.0,0.0,0.0,1.8,0.87,4.21,0.0,1.0,0.0,1.8,1.0,2.6,1.0,1.0,1.12,0.0,17.23,0.79,0.0,0.0,1
0.04,0.0,1.08,0.04,0.06,3.49,64.23,1.0,0.0,1.96,11.79,0.84,0.23,58.15,1.0,0.0,8.83,1.98,1.53,0.02,0.08,0.81,0.0,6.0,0.97,0.0,1.0,0
1.76,1.76,1.0,0.12,0.12,2.83,103.85,1.0,0.12,1.0,16.12,0.62,0.0,89.88,4.52,0.0,12.57,1.88,2.82,0.24,1.0,1.09,0.0,6.0,0.97,0.0,2.0,0
1.33,0.0,1.67,6.67,0.67,10.68,75.07,1.0,0.0,8.65,3.33,0.61,7.01,67.65,1.0,0.0,2.0,1.0,6.06,0.67,1.0,1.67,0.0,6.0,0.99,0.0,0.33,0
1.79,5.36,1.0,0.0,0.0,0.75,26.6,1.0,0.89,0.89,0.64,0.43,0.0,39.31,3.11,0.0,8.57,1.89,4.43,0.0,1.0,0.04,0.0,24.91,0.72,0.0,1.89,0
1.48,2.87,1.52,4.7,0.52,8.35,61.77,1.0,0.48,1.52,1.04,0.57,5.22,53.92,1.96,0.0,5.87,1.48,5.59,0.52,1.0,1.15,0.0,7.91,0.85,0.0,0.96,0
1.71,1.0,1.0,0.86,0.86,3.57,224.56,1.0,1.71,1.86,28.81,0.73,0.86,75.47,2.86,0.86,7.71,1.86,2.67,0.0,1.0,0.85,0.0,6.0,0.98,0.0,1.86,0
0.0,0.0,1.0,0.0,0.0,0.12,27.21,1.0,0.0,0.12,9.88,0.55,0.0,1.02,0.03,0.97,5.03,0.06,1.08,0.97,0.03,0.06,0.0,6.0,0.68,0.0,0.03,0
0.0,0.0,1.0,0.0,0.0,5.04,74.76,1.0,0.0,5.04,8.32,0.63,0.84,57.17,2.52,0.16,7.52,0.84,4.57,1.0,0.84,0.84,0.0,6.0,0.93,0.0,0.84,0
1.42,0.71,1.29,0.71,0.71,5.73,227.98,1.0,1.71,2.29,25.52,0.73,1.58,73.49,3.0,0.71,11.16,1.71,3.15,0.58,1.29,1.17,0.0,36.2,0.91,0.0,2.0,1
0.61,1.82,1.0,0.0,0.0,4.18,58.36,1.0,0.3,0.3,6.28,3.82,0.0,13.31,0.91,0.7,5.51,0.61,3.23,0.7,0.3,0.0,0.0,7.21,0.87,0.0,0.61,0
0.0,0.29,1.0,0.0,0.0,3.13,62.4,1.0,0.0,3.13,5.42,0.68,0.0,28.96,1.29,0.0,6.0,1.71,3.18,0.0,1.0,1.75,0.0,6.0,0.97,0.0,1.0,0
0.0,0.0,1.0,0.0,0.0,2.73,48.5,1.0,0.0,0.68,7.27,0.88,0.0,22.5,0.68,0.32,4.32,1.36,1.34,0.32,0.68,0.51,0.0,6.0,0.86,0.0,0.0,0
0.09,3.64,1.0,0.0,1.0,6.09,446.69,1.0,5.46,0.0,48.28,1.15,0.27,0.0,1.18,11.82,9.73,2.82,3.12,0.09,0.18,0.5,0.0,22.45,0.98,0.0,1.0,1
0.0,0.75,1.0,0.0,0.0,12.04,69.67,1.0,0.0,1.47,3.47,1.38,1.0,16.7,4.51,0.0,7.25,1.0,3.55,1.0,1.0,0.25,0.0,6.0,0.96,0.0,1.0,0
0.53,0.0,1.53,4.75,0.53,10.33,97.64,1.0,0.47,1.53,6.72,0.99,5.28,62.06,1.0,0.0,9.14,1.47,3.96,0.53,0.53,1.26,0.0,106.62,0.99,0.0,0.47,1
0.0,1.48,1.48,0.0,0.0,13.05,72.15,1.0,0.48,2.86,1.52,1.06,2.43,23.84,5.0,0.48,8.43,1.0,5.98,0.52,2.43,1.03,0.0,7.91,0.96,0.0,1.48,1
0.0,1.93,1.96,0.0,0.0,11.68,79.39,1.0,0.96,5.86,1.4,0.46,3.86,50.29,4.86,0.96,9.96,1.04,8.97,0.0,3.86,2.11,0.0,9.86,0.97,0.0,1.96,1
0.96,0.0,1.0,0.27,1.23,5.0,54.52,1.0,2.0,3.84,1.27,1.16,1.92,87.12,1.08,0.96,6.73,1.96,2.73,1.0,0.08,1.46,0.0,25.42,0.89,0.0,0.96,1
6.21,15.04,1.0,3.27,3.27,3.35,123.51,4.27,1.96,7.9,7.31,0.43,0.0,66.44,3.0,1.96,5.29,1.0,5.53,0.0,1.35,0.39,0.0,9.92,0.97,0.0,1.0,1
0.0,0.49,1.0,0.0,0.0,2.53,51.91,1.0,0.0,2.02,5.02,0.69,0.0,37.42,2.51,0.0,4.47,1.0,4.16,0.0,1.51,0.56,0.0,6.0,0.96,0.0,1.0,0
1.1,0.0,1.0,0.2,2.7,2.7,25.0,1.0,0.0,2.19,2.4,0.33,4.6,7.66,1.0,0.0,1.8,1.0,3.25,0.9,1.0,1.32,0.0,18.61,0.79,0.0,0.1,0
14.54,34.6,1.0,7.52,7.77,2.74,223.01,8.52,5.01,14.53,7.77,0.42,0.5,89.26,2.5,4.76,9.26,1.25,4.38,0.25,0.0,1.26,0.0,17.26,0.97,0.0,1.0,1
0.0,0.0,1.0,0.08,0.0,3.66,25.09,1.0,0.0,0.0,1.0,5.81,0.0,8.39,0.0,2.08,0.08,0.0,4.0,4.0,0.92,0.0,0.0,6.0,0.84,0.0,0.0,0
0.49,0.76,1.98,0.49,1.49,8.58,82.63,1.0,0.0,3.02,7.81,0.94,2.93,74.32,1.76,0.0,0.76,1.0,3.21,0.24,1.73,1.63,0.0,10.54,0.94,0.0,1.76,0
0.54,1.46,2.8,0.54,0.8,16.55,92.84,1.0,0.73,4.39,1.0,0.54,6.14,54.28,3.93,0.73,7.32,1.0,7.58,0.27,4.0,2.92,0.0,8.93,0.97,0.0,1.73,1
0.62,0.38,1.0,0.0,1.0,5.1,52.49,1.0,0.0,1.52,4.41,1.54,1.86,29.22,2.62,0.0,4.72,1.0,1.86,0.62,1.62,1.82,0.0,58.54,0.92,0.0,1.38,1
2.0,2.0,1.0,0.0,0.0,2.0,78.0,1.0,0.0,1.0,16.0,0.34,0.0,95.0,5.0,0.0,14.0,2.0,2.3,0.0,1.0,1.18,0.0,6.0,0.98,0.0,2.0,1
0.0,0.81,1.0,0.0,0.0,1.94,59.58,1.0,0.0,0.81,4.94,1.69,0.0,15.42,1.62,0.19,5.62,0.81,2.43,0.19,0.81,0.93,0.0,6.0,0.96,0.0,0.81,0
0.95,0.0,1.05,0.0,0.95,7.16,49.69,1.0,0.05,0.16,1.33,1.81,3.0,2.45,3.0,0.0,7.65,1.0,1.18,1.05,2.0,2.57,0.0,88.31,0.9,0.0,1.05,1
0.88,0.88,1.0,0.0,0.0,2.56,69.6,1.0,0.0,1.56,13.76,0.62,0.0,74.29,2.76,0.0,11.2,2.0,1.85,0.0,0.44,0.93,0.0,6.0,0.97,0.0,1.44,0
0.0,1.36,1.0,0.0,0.34,6.0,220.65,1.0,2.03,3.97,23.26,0.8,0.66,44.94,2.32,4.41,8.68,1.68,4.6,0.66,0.66,0.76,0.0,9.39,0.98,0.0,1.0,1
0.0,12.67,1.0,5.39,0.1,15.47,318.45,1.0,0.0,0.41,2.82,4.43,0.0,97.65,1.1,2.69,4.59,1.0,16.21,0.9,0.1,0.06,0.0,6.61,0.96,0.0,2.0,0
0.0,9.72,1.31,4.17,0.0,14.86,291.66,1.0,0.31,0.92,3.53,3.59,0.92,83.18,1.61,2.08,9.28,1.0,13.58,1.31,0.61,0.64,0.0,38.11,0.89,0.0,2.0,1
0.0,1.0,1.0,0.0,0.0,13.93,70.56,1.0,0.0,0.07,2.37,1.57,1.07,5.49,5.0,0.0,8.24,1.0,3.1,0.93,1.0,0.05,0.0,6.15,0.95,0.0,1.15,0
1.43,7.34,1.0,3.62,2.85,10.34,207.14,1.0,0.0,0.0,2.95,3.07,0.0,100.0,1.0,1.57,2.62,1.0,10.5,0.52,0.48,0.0,0.0,6.0,0.88,0.0,1.05,0
0.0,0.0,1.0,0.0,0.0,10.65,58.88,1.0,0.0,1.19,4.19,2.56,0.6,21.75,1.19,1.21,3.0,0.4,3.11,0.6,0.79,0.81,0.0,6.0,0.75,0.0,0.4,0
0.04,0.0,1.0,0.0,0.13,14.46,64.16,1.0,0.0,0.0,2.96,3.72,1.18,0.0,0.04,1.91,2.96,0.04,1.41,1.0,0.04,1.34,0.0,6.63,0.62,0.0,0.0,0
0.0,0.0,1.67,0.0,0.0,9.01,138.28,1.0,0.67,2.01,6.67,1.12,2.01,30.15,3.33,0.0,14.38,1.0,3.34,1.34,1.67,1.53,0.0,123.87,0.8,0.0,1.67,1
0.0,1.65,1.0,0.0,1.0,3.06,215.02,1.0,2.48,0.0,22.45,2.21,0.59,0.0,1.0,5.36,4.71,1.83,1.96,0.59,0.59,0.12,0.0,10.13,0.91,0.0,0.41,1
2.08,5.53,1.0,0.08,0.47,0.24,22.59,1.0,0.92,0.92,0.31,0.34,0.0,48.39,2.84,0.0,8.29,1.92,4.6,0.0,1.0,0.0,0.0,9.69,0.7,0.0,1.84,0
0.0,0.2,1.0,0.0,0.0,2.58,48.83,1.0,0.0,0.2,9.4,0.63,0.4,14.89,0.99,0.8,8.77,0.2,1.67,0.8,0.2,0.14,0.0,6.4,0.73,0.0,0.6,0
0.0,1.87,2.0,0.0,0.0,11.22,76.11,1.0,0.94,5.81,1.26,0.44,3.87,48.44,4.81,0.94,9.42,1.0,8.87,0.13,3.87,2.12,0.06,9.74,0.96,0.0,1.87,1
0.84,2.69,1.0,18.55,5.22,10.43,716.4,1.0,26.14,11.59,16.75,0.86,2.53,90.49,1.16,1.69,17.02,2.69,7.39,0.0,0.16,1.05,0.0,6.94,0.99,0.0,2.0,0
0.0,0.0,1.53,0.0,0.0,5.58,24.65,1.0,0.0,1.6,3.14,1.33,1.07,13.91,3.86,0.47,1.0,1.47,1.82,1.07,1.53,0.76,0.53,6.0,0.92,0.0,0.0,0
0.0,11.13,1.0,4.77,0.0,14.34,295.37,1.0,0.2,0.2,4.05,4.07,0.0,92.01,1.0,2.39,7.25,1.2,14.33,0.8,0.0,0.04,0.0,49.64,0.96,0.0,1.8,1
0.0,0.01,1.0,0.04,0.01,6.01,76.32,1.0,0.05,0.02,9.02,5.35,0.01,0.16,0.0,1.0,4.03,0.01,2.57,1.0,0.0,0.0,0.0,6.0,0.94,0.0,0.0,0
0.13,0.0,1.87,0.0,0.4,9.06,147.06,1.0,0.87,2.6,6.33,0.73,3.27,38.95,2.73,0.0,16.72,1.0,4.08,1.87,1.87,2.01,0.0,98.78,0.73,0.0,1.73,1
0.0,0.0,1.0,0.0,0.0,2.82,74.57,1.0,0.7,0.7,11.41,0.98,0.0,42.94,0.7,0.3,12.74,1.41,1.22,0.3,0.0,0.14,0.0,155.93,0.88,0.0,0.7,0
0.0,0.33,1.0,0.0,0.0,3.02,58.02,1.0,0.0,1.0,5.35,0.97,0.0,28.45,1.33,0.0,4.65,1.67,1.79,0.0,1.0,0.88,0.0,6.0,0.95,0.0,0.33,0
0.0,0.89,1.0,0.0,0.89,2.11,67.45,1.0,0.0,3.78,10.22,0.97,0.0,74.93,1.89,0.0,1.87,1.11,3.08,0.0,0.89,0.56,0.0,11.34,0.93,0.0,1.89,0
0.34,0.17,1.17,0.83,0.83,7.65,252.86,1.0,0.83,1.34,15.65,2.28,0.17,57.23,1.17,0.0,3.69,1.34,6.09,1.83,0.83,0.6,0.0,6.0,0.93,0.0,1.83,0
0.9,0.0,2.81,0.9,1.36,16.95,102.8,1.0,0.0,0.0,3.74,1.32,5.43,29.84,2.64,0.0,2.74,1.0,2.18,0.45,2.36,2.46,0.0,84.89,0.97,0.0,1.0,1
0.93,0.0,1.0,0.0,2.78,3.22,29.26,1.0,0.0,0.43,2.43,0.37,4.71,4.91,1.14,0.0,2.43,1.0,3.16,1.0,1.0,1.37,0.0,18.99,0.79,0.0,0.07,0
0.0,11.3,1.22,4.65,0.0,15.88,286.93,1.0,0.22,1.35,1.78,3.84,0.9,88.75,1.9,2.55,6.12,1.0,15.79,0.78,0.9,0.49,0.0,6.9,0.96,0.0,2.0,0
0.0,1.25,1.62,0.38,0.0,7.47,63.77,1.0,0.62,3.74,1.0,1.68,2.49,68.87,3.11,1.75,6.6,0.62,7.27,1.51,2.49,1.35,0.0,8.49,0.94,0.0,1.25,1
0.0,10.63,1.0,4.8,0.0,12.9,272.31,1.0,0.0,0.0,1.76,4.55,0.0,100.0,0.76,3.0,4.04,0.76,14.39,1.72,0.0,0.0,0.0,6.0,0.94,0.0,1.52,0
1.48,5.42,1.92,0.78,0.78,11.22,95.47,1.78,1.39,6.93,1.7,0.43,3.69,53.11,4.84,1.39,10.0,1.0,8.91,0.0,3.69,2.09,0.0,10.62,0.97,0.0,1.92,1
0.0,0.0,1.0,0.63,0.63,14.1,68.33,1.0,0.18,0.0,3.45,3.59,0.91,8.06,0.27,1.82,2.73,0.09,1.42,1.0,0.18,1.25,0.0,30.73,0.65,0.0,0.0,0
0.0,0.0,1.0,4.69,4.69,5.33,89.36,1.0,1.34,1.98,8.0,0.63,0.33,82.73,3.0,0.0,2.64,1.0,3.27,1.0,1.67,0.61,0.0,190.81,0.99,0.0,0.33,1
6.25,15.13,1.67,3.29,3.29,7.37,203.17,4.29,2.64,7.93,7.99,0.59,2.01,59.8,3.0,1.97,16.04,1.0,4.47,1.34,1.34,1.8,0.0,80.41,0.82,0.0,1.67,1
0.0,0.0,1.0,0.0,0.0,5.66,73.92,1.0,0.0,4.99,6.82,1.55,0.83,56.57,2.5,0.34,6.66,0.83,5.04,1.5,1.0,0.83,0.0,6.0,0.95,0.0,0.83,0
2.0,5.97,1.0,0.01,0.01,0.02,21.41,1.0,1.01,1.01,0.2,0.27,0.01,44.25,3.0,0.01,8.99,2.0,4.77,0.0,1.0,0.0,0.0,9.98,0.69,0.0,2.0,0
0.26,0.26,1.0,0.0,0.0,3.74,66.67,1.0,0.0,3.61,7.29,0.58,0.0,40.99,1.52,0.0,7.03,2.0,3.35,0.0,1.0,1.89,0.0,6.0,0.97,0.0,1.13,0
0.0,0.97,1.0,0.0,0.0,13.67,64.8,1.0,0.0,0.03,2.13,1.6,0.97,1.1,4.87,0.0,6.9,1.03,2.95,0.97,1.0,0.02,0.0,6.0,0.95,0.0,0.97,0
0.0,1.36,1.0,0.0,0.12,12.16,182.69,1.0,0.72,0.88,12.54,0.95,1.76,65.96,4.52,1.57,22.31,1.24,4.25,0.0,0.88,0.65,0.0,8.96,0.97,0.0,2.76,1
2.3,0.0,1.0,0.65,4.26,4.39,49.52,1.0,0.0,0.0,2.96,1.4,1.04,65.24,1.7,0.0,2.43,1.0,2.03,0.35,1.35,0.9,0.0,34.16,0.83,0.0,0.35,1
0.18,0.18,1.0,0.0,0.91,1.09,28.78,1.0,0.0,0.09,2.33,2.76,0.91,8.42,1.35,0.0,2.15,1.09,1.12,0.91,1.0,0.1,0.0,6.0,0.87,0.0,0.18,0
1.89,0.06,1.0,1.89,0.06,0.11,27.38,1.0,0.0,21.0,6.22,0.21,0.94,77.0,1.06,0.0,0.06,1.0,5.38,0.0,1.0,0.6,0.0,6.33,0.97,0.0,1.06,0
0.0,1.82,2.0,0.0,0.0,10.9,74.49,1.0,0.91,5.72,1.37,0.44,3.82,47.8,4.72,0.91,9.17,1.0,8.71,0.18,3.82,2.1,0.09,9.63,0.96,0.0,1.82,1
1.85,0.0,1.0,1.85,0.0,0.91,25.38,1.0,0.0,20.33,5.62,0.34,0.92,71.14,1.38,0.08,0.08,1.08,5.08,0.0,1.0,0.55,0.0,6.0,0.97,0.0,0.92,0
0.0,0.0,1.0,0.0,0.0,4.0,24.0,1.0,0.0,0.0,1.0,6.0,0.0,0.0,0.0,2.0,0.0,0.0,4.0,4.0,1.0,0.0,0.0,6.0,0.83,0.0,0.0,0
0.0,0.0,1.0,0.0,0.12,2.77,59.95,1.0,0.0,1.88,12.0,0.81,0.0,53.08,1.35,0.0,8.06,1.88,1.54,0.0,0.12,0.69,0.0,26.87,0.92,0.0,0.88,0
0.0,0.0,1.0,4.23,4.23,5.4,85.28,1.0,1.21,0.0,8.4,2.49,0.0,54.44,1.81,0.4,1.58,0.6,2.4,1.0,1.21,0.25,0.0,172.95,0.98,0.0,0.0,1
0.0,0.0,1.0,0.34,0.34,5.69,142.76,1.0,0.34,2.99,9.72,1.32,0.0,39.42,1.0,0.0,4.65,1.66,4.57,0.68,1.0,1.48,0.0,6.0,0.95,0.0,1.34,0
0.0,0.0,1.0,0.0,0.0,11.93,30.26,1.0,0.0,0.01,1.05,2.49,0.0,0.3,5.95,0.99,1.03,2.0,0.01,0.0,1.0,0.01,0.0,6.0,0.89,0.0,0.0,0
15.41,37.3,1.19,8.11,8.11,3.51,257.62,9.11,5.05,15.16,9.43,0.29,0.57,81.49,3.0,4.86,11.7,1.0,4.79,0.38,0.38,1.36,0.0,35.59,0.95,0.0,1.19,1
0.0,0.0,1.0,0.0,0.0,1.28,48.03,1.0,0.32,0.32,10.64,0.74,0.0,19.47,0.32,0.68,8.51,0.64,1.1,0.68,0.0,0.06,0.0,74.0,0.77,0.0,0.32,0
0.7,0.0,1.0,0.0,2.4,2.4,28.63,1.0,0.0,0.3,5.02,0.42,3.49,4.84,1.91,0.0,1.7,1.0,2.65,0.7,1.0,1.08,0.0,69.61,0.73,0.0,0.0,1
0.0,0.0,1.0,0.0,0.0,10.95,74.11,1.0,0.0,0.0,4.52,2.82,0.49,0.0,2.03,0.99,4.01,0.51,1.42,0.49,0.51,0.84,0.0,78.95,0.79,0.0,0.51,0
0.0,0.0,1.67,0.0,0.33,0.33,25.62,1.0,0.0,2.34,7.31,0.4,1.34,22.69,2.66,0.0,1.0,1.0,2.88,1.34,1.67,1.07,0.67,64.84,0.83,0.0,0.0,1
0.0,0.0,1.0,1.0,0.92,8.3,274.82,1.0,0.92,0.92,15.75,2.76,0.0,55.75,0.92,0.23,1.92,0.92,6.46,2.16,0.92,0.41,0.0,6.0,0.92,0.0,1.84,1
1.1,3.3,1.0,0.0,0.0,1.8,21.8,1.0,0.55,0.55,0.45,2.85,0.0,24.19,1.65,0.9,4.95,1.1,4.43,1.8,1.0,0.0,0.0,8.2,0.76,0.0,1.1,0
2.0,1.27,1.0,0.73,0.73,3.45,204.89,1.0,1.45,1.73,28.33,0.61,0.73,87.75,3.55,0.73,9.65,2.0,2.6,0.0,1.0,0.9,0.0,6.0,0.98,0.0,2.0,0
0.37,0.0,1.81,0.37,0.0,8.13,139.67,1.0,0.81,6.55,6.81,0.67,2.63,50.97,2.63,0.0,15.45,1.0,4.48,1.63,1.81,1.82,0.0,91.4,0.77,0.0,1.81,1
0.0,0.0,1.0,0.0,0.0,6.41,25.81,1.0,0.0,0.0,1.0,4.95,0.0,0.0,1.81,1.7,0.3,0.6,2.8,2.8,1.0,0.0,0.0,6.0,0.85,0.0,0.0,0
0.52,0.48,1.0,0.0,1.0,3.56,60.18,1.0,1.04,4.0,5.31,1.09,1.04,82.21,1.48,0.52,4.13,1.52,3.0,0.52,0.48,1.04,0.0,13.56,0.9,0.0,1.48,0
0.0,0.18,1.0,0.0,0.0,5.79,31.33,1.0,0.0,0.0,1.18,5.22,0.18,0.0,0.89,1.64,1.25,0.18,3.82,3.46,1.0,0.0,0.0,6.0,0.85,0.0,0.18,0
0.81,0.0,1.0,0.0,0.81,8.52,47.36,1.0,0.0,0.0,1.38,2.25,2.62,0.0,2.43,0.38,6.24,0.81,1.06,1.0,1.62,2.36,0.0,71.65,0.86,0.0,0.81,1
3.74,7.0,1.85,9.15,2.37,13.87,127.23,2.52,0.91,4.43,3.22,0.74,8.48,67.11,1.3,0.91,4.06,1.0,6.12,0.85,0.85,2.05,0.0,7.83,1.0,0.0,0.15,0
0.23,0.0,1.77,0.0,0.23,9.32,138.27,1.0,0.77,2.32,5.65,1.03,3.0,34.85,3.0,0.0,16.29,1.0,3.52,1.77,2.0,2.21,0.0,105.59,0.77,0.0,1.77,1
0.0,0.0,1.0,0.0,0.0,12.93,64.68,1.0,0.0,0.19,3.56,3.35,0.81,6.21,0.19,1.62,3.19,0.38,1.36,0.81,0.19,1.22,0.0,6.0,0.68,0.0,0.0,0
1.15,0.58,1.58,0.0,0.42,1.0,36.12,1.0,0.0,1.73,5.62,1.45,1.0,47.9,1.58,0.0,7.35,2.15,2.3,1.0,0.42,0.78,0.0,6.0,0.93,0.0,0.58,0
0.0,0.0,1.0,0.47,0.0,3.68,60.65,1.0,0.0,0.0,3.63,2.69,0.0,47.44,2.1,1.42,3.1,0.53,2.69,1.9,0.53,0.19,0.0,81.69,0.93,0.0,0.53,0
0.32,0.68,1.0,0.0,0.32,2.93,51.82,1.0,0.0,0.68,3.04,1.17,0.96,12.89,2.32,0.0,6.32,1.0,1.95,0.32,1.32,1.61,0.0,32.05,0.95,0.0,1.0,1
1.42,4.26,1.0,0.0,0.0,0.0,21.74,1.0,0.71,0.71,2.89,0.35,0.0,31.27,2.13,0.29,7.84,1.42,3.68,0.29,0.71,0.0,0.0,8.84,0.69,0.0,1.42,0
1.4,0.0,1.0,0.2,2.0,4.6,53.0,1.0,1.6,3.2,1.6,1.17,1.6,89.6,1.0,0.8,5.6,1.8,2.71,0.8,0.2,1.2,0.0,13.2,0.86,0.0,0.8,1
4.01,2.92,1.0,1.57,6.25,2.94,67.33,1.63,0.38,1.14,4.38,1.09,0.0,99.37,1.13,0.38,0.63,1.0,2.72,0.0,0.94,0.07,0.0,6.76,0.8,0.0,0.06,0
0.0,0.0,2.0,0.0,0.0,0.0,20.0,1.0,0.0,3.0,5.0,0.31,2.0,26.0,2.0,0.0,1.0,1.0,3.4,2.0,2.0,1.43,1.0,6.0,0.94,0.0,0.0,0
0.0,0.0,1.0,0.0,1.0,1.0,37.0,1.0,0.0,1.0,12.0,0.59,0.0,16.0,4.0,0.0,1.0,1.0,1.83,0.0,1.0,0.36,0.0,184.0,0.61,0.0,0.0,1
2.05,0.0,1.47,4.78,3.64,9.15,75.22,1.0,0.0,0.95,3.05,1.0,4.73,82.5,1.0,0.0,1.42,1.0,4.35,0.47,1.0,1.04,0.0,6.0,0.89,0.0,0.0,0
0.0,0.14,1.0,0.0,0.0,14.72,76.63,1.0,0.0,0.14,3.57,3.46,1.14,10.63,0.71,1.72,5.98,0.14,1.76,0.86,0.14,1.24,0.0,6.28,0.66,0.0,0.43,0
0.0,0.0,1.0,0.0,0.0,4.73,68.66,1.0,0.0,2.54,7.1,2.36,0.0,20.91,0.63,0.37,5.27,1.27,3.15,0.37,0.63,1.27,0.0,6.0,0.96,0.0,0.63,0
0.11,0.89,1.0,0.0,1.23,2.11,63.11,1.0,0.0,3.54,9.09,0.92,0.57,68.24,1.89,0.0,1.11,1.0,3.24,0.11,1.0,0.64,0.0,12.91,0.91,0.0,1.77,0
1.73,0.0,3.92,1.46,3.0,22.0,100.28,1.0,0.0,0.0,1.27,0.66,10.12,48.24,1.0,0.0,0.54,1.0,3.0,1.0,3.19,4.03,0.0,9.77,0.93,0.0,0.73,0
0.0,0.0,1.0,0.0,0.0,15.0,66.0,1.0,0.0,0.0,3.0,3.88,1.0,0.0,0.0,2.0,3.0,0.0,1.33,1.0,0.0,1.33,0.0,6.0,0.61,0.0,0.0,0
0.62,0.31,1.0,0.31,0.31,4.0,111.52,1.0,0.62,2.69,14.37,0.6,0.31,64.3,3.0,0.31,4.55,1.31,4.87,0.0,1.69,0.25,0.0,6.0,0.97,0.0,1.31,0
0.86,0.0,3.29,0.86,1.29,12.5,66.54,1.0,0.0,1.71,3.28,0.51,6.31,43.24,1.57,0.0,0.57,1.0,3.23,1.57,2.86,2.97,0.57,6.0,0.96,0.0,0.43,0
0.0,0.0,1.0,0.85,0.85,8.1,260.33,1.0,0.85,1.15,16.25,2.41,0.0,52.9,1.0,0.0,3.05,1.15,5.89,1.7,0.85,0.49,0.0,6.0,0.92,0.0,1.85,0
0.0,0.0,1.0,0.34,0.34,7.69,155.31,1.0,0.34,0.34,9.79,2.09,0.0,17.9,2.97,0.0,3.97,1.0,3.28,0.69,1.0,0.39,0.0,100.44,0.94,0.0,1.34,0
0.74,0.37,1.63,0.37,0.37,7.77,198.32,1.0,1.37,2.63,16.66,0.76,2.26,59.86,3.0,0.37,14.91,1.37,3.68,1.26,1.63,1.62,0.0,71.99,0.82,0.0,2.0,1
0.0,0.0,1.0,0.0,0.0,3.61,39.22,1.0,0.0,0.78,5.29,3.99,0.0,22.64,0.39,1.22,3.51,0.78,3.02,2.44,0.61,0.29,0.0,6.0,0.89,0.0,0.39,0
1.0,0.0,1.0,0.0,1.0,7.0,43.0,1.0,0.0,0.0,1.0,1.87,3.0,0.0,3.0,0.0,7.0,1.0,1.0,1.0,2.0,2.6,0.0,87.0,0.91,0.0,1.0,1
0.0,0.0,1.64,0.36,0.0,0.0,26.18,1.0,0.0,1.91,3.55,1.54,1.27,52.9,1.27,1.09,1.0,0.64,3.62,2.73,1.27,0.91,0.64,6.0,0.93,0.0,0.0,0
0.0,0.61,1.0,0.0,0.0,12.61,98.09,1.0,0.0,0.61,4.68,1.54,1.23,46.01,5.39,0.39,15.11,1.39,2.68,0.0,1.0,0.43,0.0,7.23,0.94,0.0,1.84,0
0.88,0.0,1.0,0.0,0.88,6.64,49.24,1.0,0.12,0.12,2.32,1.78,2.64,7.32,2.76,0.0,8.08,1.12,1.04,0.88,1.76,2.31,0.0,102.84,0.92,0.0,1.0,1
0.0,2.99,1.0,0.0,0.0,4.2,52.22,1.0,0.0,0.8,4.82,2.58,0.0,23.27,0.4,0.6,4.21,0.8,2.76,1.2,0.6,0.29,0.0,6.0,0.94,0.0,0.4,0
0.0,0.0,1.0,0.0,0.0,4.15,28.63,1.0,0.0,0.46,1.54,5.59,0.08,5.25,0.23,1.85,0.62,0.08,4.1,3.77,1.0,0.08,0.0,6.0,0.84,0.0,0.08,0
1.53,3.15,1.0,0.0,0.47,2.37,35.67,1.0,1.47,2.42,0.47,0.7,0.95,64.42,2.05,0.47,8.05,2.0,3.81,0.47,0.53,0.71,0.0,12.37,0.78,0.0,1.53,0
0.0,3.01,1.0,0.0,1.0,4.69,349.36,1.0,4.03,1.31,38.87,1.05,0.0,25.29,1.33,8.73,7.04,2.34,3.31,0.0,0.33,0.37,0.0,14.69,0.97,0.0,1.33,1
1.14,0.0,3.28,1.57,2.14,20.39,199.86,1.0,0.43,0.43,7.88,1.59,6.84,59.98,1.0,0.0,0.86,1.0,4.58,1.43,2.71,3.04,0.0,6.0,0.95,0.0,1.43,0
0.0,3.07,1.0,0.0,0.0,8.86,53.11,1.0,0.0,0.0,1.16,3.8,0.39,0.0,0.0,1.39,1.77,0.0,2.72,1.61,0.61,0.51,0.0,6.0,0.8,0.0,0.0,0
17.84,42.92,1.07,9.32,9.32,1.93,263.01,10.32,5.59,16.97,9.93,0.18,0.07,89.52,2.93,5.59,10.14,1.14,4.8,0.07,0.0,1.19,0.0,17.18,1.0,0.0,1.0,0
0.0,0.0,1.0,0.0,0.68,0.68,33.44,1.0,0.0,0.68,11.35,0.58,0.0,10.82,2.71,0.32,2.29,0.68,1.56,0.32,0.68,0.24,0.0,126.39,0.63,0.0,0.0,1
0.0,0.0,1.63,0.0,0.0,1.47,30.29,1.0,0.0,3.0,5.37,0.4,1.27,36.65,2.37,0.0,1.73,1.0,4.29,1.27,2.0,0.9,0.63,6.0,0.95,0.0,0.37,0
1.66,2.01,1.0,15.06,6.0,9.03,578.08,1.0,20.76,8.71,13.38,0.94,2.01,95.31,1.0,1.34,13.39,2.34,6.31,0.0,0.33,0.77,0.0,6.0,0.93,0.0,1.34,0
0.0,1.0,1.0,0.0,0.0,13.0,141.0,1.0,0.0,1.0,7.0,0.93,2.0,75.0,5.0,0.0,24.0,1.0,4.38,0.0,1.0,0.7,0.0,8.0,0.97,0.0,3.0,1
0.0,1.27,1.0,0.0,0.0,6.49,72.58,1.0,0.0,0.0,4.47,2.28,0.0,0.0,2.98,0.25,3.98,0.75,2.03,0.51,1.0,0.27,0.0,113.36,0.95,0.0,0.75,0
0.0,0.0,1.0,2.36,1.59,1.13,49.48,1.0,0.45,0.0,2.59,3.0,0.0,97.73,0.68,2.32,0.77,0.23,3.61,3.32,0.45,0.09,0.0,68.62,0.92,0.0,0.0,0
0.0,0.0,1.0,0.0,0.0,4.35,67.0,1.0,0.0,3.53,6.0,0.76,0.0,29.12,1.35,0.0,5.88,1.88,3.26,0.0,1.0,1.81,0.0,22.94,0.97,0.0,1.0,0
0.0,0.75,1.0,0.0,0.75,2.49,74.67,1.0,0.25,3.26,10.49,1.03,0.0,73.05,1.75,0.0,4.7,1.25,2.79,0.0,0.75,0.45,0.0,63.1,0.94,0.0,1.75,0
0.0,0.0,1.0,0.0,0.0,4.24,67.28,1.0,0.0,4.24,6.24,0.62,0.12,37.2,1.24,0.0,6.24,1.88,3.71,0.12,1.0,1.88,0.0,6.0,0.97,0.0,1.0,0
0.14,0.0,1.27,0.14,0.2,5.7,31.06,1.0,0.0,0.0,1.0,5.64,0.81,4.48,0.07,1.86,0.0,0.07,3.93,3.8,1.2,0.34,0.0,6.0,0.84,0.0,0.07,0
0.0,0.68,1.32,0.0,0.68,1.36,52.72,1.0,0.0,3.68,8.41,0.77,0.64,60.77,2.0,0.0,1.0,1.0,3.31,0.64,1.32,0.82,0.32,10.09,0.93,0.0,1.36,0
0.0,0.11,1.0,0.0,0.0,4.12,71.75,1.0,0.0,1.89,11.44,0.85,0.22,59.91,1.45,0.0,10.68,1.89,1.82,0.0,0.11,0.73,0.0,6.22,0.97,0.0,1.22,0
0.28,0.0,1.0,0.0,0.84,3.72,41.57,1.0,0.0,2.16,4.88,0.49,1.4,39.64,2.44,0.0,2.72,1.0,5.04,0.28,1.72,0.39,0.0,9.91,0.91,0.0,0.72,0
0.0,0.62,1.38,0.0,0.62,1.24,49.8,1.0,0.0,3.62,8.1,0.73,0.76,57.66,2.0,0.0,1.0,1.0,3.32,0.76,1.38,0.88,0.38,9.73,0.93,0.0,1.24,0
0.0,2.04,1.0,0.49,0.51,3.07,266.95,1.0,3.07,0.0,27.57,2.36,0.0,48.9,0.51,8.11,5.6,1.53,3.66,1.96,0.0,0.15,0.0,11.11,0.94,0.0,0.51,1
1.44,1.04,1.52,0.48,2.88,7.69,67.06,1.0,0.52,3.12,2.44,0.79,2.08,73.97,3.08,0.52,5.21,1.0,6.05,0.0,2.56,1.13,0.0,8.08,0.88,0.0,1.04,1
0.0,2.65,1.47,0.0,0.0,2.65,33.25,1.0,0.0,1.41,2.35,2.13,0.94,12.22,0.94,0.53,1.0,0.47,3.51,2.0,1.47,0.67,0.47,6.0,0.93,0.0,0.0,0
0.06,0.0,1.0,6.56,6.63,5.12,88.95,1.0,1.88,0.0,7.56,0.7,0.19,84.4,3.0,0.0,0.44,1.0,2.22,1.0,2.0,0.55,0.0,269.86,0.99,0.0,0.06,1
0.97,0.0,1.0,0.0,0.97,4.97,52.83,1.0,1.93,3.97,1.17,1.16,1.93,85.88,1.07,0.97,6.86,1.97,2.86,0.97,0.07,1.45,0.0,14.69,0.89,0.0,1.0,1
0.0,0.0,1.32,4.73,4.73,6.62,115.97,1.0,1.68,0.97,7.68,0.68,0.97,75.42,3.0,0.0,6.15,1.0,2.93,1.32,2.0,0.96,0.0,226.61,0.91,0.0,0.65,1
0.32,0.16,1.0,0.16,0.16,4.0,95.19,1.0,0.32,3.68,10.34,0.63,0.16,41.35,1.32,0.16,6.32,2.0,3.37,0.0,1.0,1.81,0.0,6.0,0.97,0.0,1.16,0
0.0,0.0,1.0,0.0,0.0,5.31,62.82,1.0,0.0,1.69,6.0,1.09,0.0,31.03,3.44,0.0,3.87,1.0,3.94,0.0,1.56,0.16,0.0,68.75,0.96,0.0,1.0,1
0.0,0.0,1.0,0.0,0.0,4.07,65.36,1.0,0.0,3.86,6.11,0.79,0.0,31.82,0.96,0.04,5.93,1.93,3.47,0.04,0.96,1.93,0.0,6.0,0.97,0.0,0.96,0
1.0,0.0,1.17,1.54,2.66,5.23,37.86,1.0,0.0,0.34,2.0,0.43,5.86,10.8,1.0,0.0,2.17,1.0,3.57,1.0,1.0,1.54,0.0,17.6,0.81,0.0,0.0,0
0.0,2.02,1.0,0.0,0.51,3.03,258.92,1.0,3.03,0.0,31.73,0.82,0.0,0.0,0.51,7.06,7.53,1.52,2.18,0.49,0.0,0.15,0.0,11.05,0.83,0.0,0.51,1
0.6,0.0,1.0,0.4,0.6,2.99,46.58,1.0,1.2,2.4,1.0,2.19,1.2,92.21,0.6,1.8,4.59,1.2,3.25,2.2,0.0,0.9,0.0,11.39,0.89,0.0,0.6,1
0.91,2.72,1.0,20.06,5.54,11.72,786.96,1.0,28.23,11.89,17.91,1.0,2.72,89.21,1.0,1.82,18.34,2.82,8.01,0.18,0.09,1.08,0.0,6.0,0.99,0.0,2.0,0
0.0,0.17,1.0,0.0,0.83,3.07,54.92,1.0,0.0,1.0,11.14,0.65,0.34,26.17,4.17,0.0,4.96,1.0,2.27,0.0,1.0,0.42,0.0,153.67,0.67,0.0,0.52,1
0.0,3.51,1.87,0.76,0.0,12.63,113.69,1.0,0.87,5.24,1.13,1.0,3.5,56.31,4.5,1.25,9.37,1.0,10.31,0.13,3.5,1.89,0.0,9.5,0.97,0.0,2.0,1
1.69,0.93,1.0,8.22,1.87,3.73,277.61,1.0,9.64,19.2,9.73,0.37,1.62,81.98,1.0,0.62,6.22,1.62,6.32,0.0,0.69,0.77,0.0,6.0,0.98,0.0,1.31,0
1.0,2.84,1.0,20.83,5.84,11.52,793.67,1.0,29.35,12.31,17.15,0.8,3.11,88.04,1.0,1.89,19.04,2.89,7.88,0.05,0.05,1.16,0.0,6.75,0.98,0.0,1.89,0
0.39,2.45,1.39,3.48,1.0,9.87,337.17,1.0,3.68,0.77,33.25,0.99,3.87,24.39,1.0,7.97,7.29,2.23,4.49,0.39,0.39,1.03,0.0,12.13,0.99,0.0,0.61,1
0.0,0.31,1.0,0.0,0.31,11.0,66.62,1.0,0.0,1.23,5.16,2.99,0.69,23.71,0.62,1.38,2.38,0.31,1.93,0.69,0.31,1.09,0.0,7.85,0.71,0.0,0.62,0
0.0,0.0,1.0,0.0,0.0,4.0,46.12,1.0,0.0,2.76,5.61,0.98,0.0,50.69,2.76,0.16,2.76,0.92,5.69,0.31,1.92,0.0,0.0,6.0,0.95,0.0,0.92,0
0.0,1.05,1.53,0.0,0.47,6.78,59.59,1.0,0.53,3.63,6.22,0.52,2.1,33.86,4.53,0.53,5.73,1.0,5.73,0.0,2.58,1.31,0.0,92.6,0.8,0.0,1.05,1
0.0,0.2,1.0,0.0,0.0,4.99,71.14,1.0,0.0,0.2,7.99,4.44,0.0,3.86,0.41,0.8,4.41,0.2,2.52,0.8,0.2,0.23,0.0,6.0,0.95,0.0,0.2,0
4.34,7.2,1.0,2.24,2.24,3.72,256.58,2.38,2.55,4.21,29.83,0.64,0.86,85.69,3.0,1.69,8.28,1.86,3.01,0.0,0.86,0.85,0.0,7.65,0.98,0.0,1.86,1
1.37,0.0,3.75,1.37,2.06,21.16,117.65,1.0,0.31,0.31,4.45,0.89,8.24,64.43,1.0,0.0,5.02,1.31,2.47,0.69,2.75,3.49,0.0,72.8,0.98,0.0,1.0,1
0.0,0.0,1.42,0.58,0.0,4.21,91.3,1.0,0.42,1.26,3.53,2.48,1.26,76.85,1.26,1.74,8.58,0.42,4.11,3.16,0.84,0.88,0.0,50.2,0.82,0.0,0.84,1
0.33,0.84,1.66,0.33,0.49,5.59,67.8,1.0,0.0,0.84,3.51,0.83,1.97,26.7,1.84,0.0,5.02,1.0,2.5,0.16,1.49,1.77,0.0,6.0,0.96,0.0,1.0,0
1.0,0.0,3.0,1.0,1.5,17.53,106.05,1.0,0.0,2.99,4.49,0.71,6.51,67.0,2.0,0.0,3.99,1.0,4.12,1.0,2.5,3.0,0.0,6.0,0.98,0.0,1.0,0
0.0,0.0,1.0,0.0,1.0,1.0,31.46,1.0,0.0,0.57,7.31,1.62,0.43,9.18,2.72,0.0,1.0,1.0,1.48,0.43,1.0,0.2,0.0,108.16,0.72,0.0,0.0,0
0.54,0.54,1.0,5.1,5.1,4.19,88.2,1.0,1.46,0.27,10.17,0.54,0.0,91.36,3.54,0.0,3.8,1.27,2.3,0.73,1.73,0.62,0.0,207.18,0.99,0.0,0.54,1
15.06,36.45,1.0,7.92,7.92,2.83,238.53,8.92,4.75,15.51,9.58,0.27,0.21,85.43,3.0,4.75,9.58,1.0,4.98,0.21,0.21,1.14,0.0,15.51,0.99,0.0,1.0,0
0.0,0.19,1.0,0.0,0.0,4.04,24.81,1.0,0.0,0.0,0.96,5.91,0.0,0.0,0.0,1.96,0.04,0.0,3.98,3.92,1.0,0.0,0.0,6.0,0.84,0.0,0.0,0
1.14,2.58,1.0,19.2,5.16,10.32,723.36,1.0,26.66,14.26,16.32,0.74,2.72,90.76,1.0,1.72,17.2,2.72,7.78,0.0,0.14,1.07,0.0,6.0,0.99,0.0,1.86,0
0.68,0.0,1.0,0.0,0.68,4.68,51.38,1.0,1.35,3.68,2.62,0.98,1.35,76.6,1.65,0.68,5.7,1.68,3.75,0.68,0.65,1.01,0.0,12.08,0.91,0.0,1.0,0
0.0,0.0,1.0,0.0,0.09,3.72,45.74,1.0,0.0,2.72,5.53,0.78,0.09,49.82,2.81,0.0,2.81,1.0,5.38,0.09,1.91,0.0,0.0,6.0,0.95,0.0,0.91,0
1.27,2.46,1.0,16.29,4.64,9.82,678.15,1.0,23.11,10.01,22.08,0.8,2.46,90.82,1.54,1.73,16.74,2.73,6.67,0.0,0.27,1.05,0.0,6.0,0.99,0.0,2.0,0
0.0,1.19,1.0,0.76,0.76,8.04,235.28,1.0,0.76,0.76,12.94,2.94,0.0,39.58,0.76,0.24,1.76,0.76,5.93,2.0,1.0,0.34,0.0,6.0,0.92,0.0,1.52,0
0.0,0.57,1.0,0.0,0.57,2.87,48.93,1.0,0.0,2.27,6.1,3.16,0.0,43.64,1.13,0.87,0.57,0.57,3.59,1.73,1.0,0.31,0.0,9.4,0.89,0.0,1.13,0
0.22,0.0,1.0,0.0,0.22,10.9,32.85,1.0,0.0,0.0,1.0,2.36,0.66,0.0,5.34,0.78,2.32,1.78,0.22,0.22,1.22,0.57,0.0,23.76,0.89,0.0,0.22,0
0.37,1.12,1.0,0.0,0.0,3.25,51.72,1.0,0.19,1.0,4.88,0.9,0.0,35.05,1.37,0.0,4.93,2.0,2.11,0.0,1.0,0.61,0.0,6.75,0.9,0.0,0.37,0
1.64,0.0,4.28,1.64,2.46,24.52,113.68,1.0,0.0,0.54,1.9,0.73,9.85,64.03,1.36,0.0,0.54,1.0,3.51,0.82,3.64,4.1,0.0,6.0,0.98,0.0,1.0,0
0.0,0.38,1.62,0.0,0.38,6.93,128.44,1.0,0.62,3.38,8.15,0.87,1.85,57.26,2.62,0.0,12.1,1.0,3.88,1.23,1.62,1.5,0.0,73.06,0.8,0.0,2.0,1
4.74,12.24,1.0,2.5,2.5,1.25,111.69,3.5,1.5,5.25,5.5,0.67,0.0,36.73,2.25,1.5,7.0,1.0,3.03,0.0,0.75,1.15,0.0,9.0,0.97,0.0,1.0,0
1.28,0.55,1.72,6.51,0.72,12.12,93.91,1.0,0.0,1.72,5.88,0.7,7.23,71.86,2.11,0.0,6.05,1.28,5.22,0.72,1.0,1.92,0.0,6.0,0.99,0.0,0.55,0
0.0,0.0,1.98,0.0,0.0,9.9,163.81,1.0,0.98,2.93,7.05,0.9,2.93,43.92,2.93,0.02,18.64,0.98,4.21,1.98,1.95,2.05,0.0,108.48,0.73,0.0,1.95,1
0.57,0.0,1.57,5.11,0.57,10.81,77.51,1.0,0.0,2.43,3.73,0.71,5.67,59.54,1.87,0.0,3.0,1.0,6.12,0.57,1.43,1.25,0.0,6.0,0.98,0.0,0.43,0
0.23,0.0,1.0,1.11,0.0,0.0,35.65,1.0,0.0,2.48,1.56,3.3,0.11,97.41,0.11,2.66,0.89,0.11,4.17,3.55,0.11,0.07,0.0,6.0,0.9,0.0,0.11,0
0.0,0.15,1.0,0.0,0.0,11.79,30.45,1.0,0.0,0.0,0.97,2.54,0.0,0.0,5.82,1.0,1.0,1.94,0.11,0.06,1.0,0.0,0.0,6.0,0.89,0.0,0.0,0
2.86,0.0,1.0,0.95,5.73,3.05,53.54,1.0,0.0,0.18,4.09,1.13,0.0,96.98,1.0,0.0,0.27,1.05,2.61,0.0,1.0,0.09,0.0,6.0,0.79,0.0,0.05,0
0.0,0.0,1.0,0.0,0.0,3.09,59.37,1.0,0.0,1.81,10.98,1.32,0.0,52.6,0.91,0.19,8.16,1.81,1.73,0.37,0.09,0.67,0.0,6.0,0.95,0.0,0.91,0
0.43,0.0,1.0,0.0,0.43,3.04,33.37,1.0,0.0,0.0,6.1,1.12,1.3,0.0,1.3,0.57,5.87,0.43,1.0,1.0,0.87,1.13,0.0,41.12,0.78,0.0,0.43,1
0.0,0.71,1.35,0.0,0.0,6.82,89.71,1.0,1.0,2.76,8.12,0.91,1.41,57.12,2.41,0.35,13.88,1.65,4.11,0.0,1.41,0.89,0.0,145.25,0.97,0.0,1.35,1
0.99,0.05,1.0,0.0,1.0,5.01,58.48,1.0,2.05,3.95,1.66,1.18,1.97,85.9,1.0,1.15,7.04,2.01,2.76,0.99,0.0,1.48,0.0,15.01,0.88,0.0,1.0,1
0.0,0.0,1.0,0.0,0.0,4.48,25.82,1.0,0.0,0.0,1.09,5.91,0.04,0.0,0.0,2.0,0.13,0.0,3.88,3.87,0.96,0.06,0.0,6.0,0.82,0.0,0.0,0
0.0,0.0,1.0,0.0,0.45,2.64,49.05,1.0,0.0,1.0,8.71,0.84,0.0,25.31,2.36,0.0,2.64,1.55,1.65,0.0,1.0,0.57,0.0,86.54,0.8,0.0,0.0,1
10.91,24.1,2.9,6.19,6.67,14.85,207.12,6.24,3.14,9.43,5.72,0.46,5.71,78.58,2.05,3.14,5.24,1.0,4.0,0.48,1.9,3.0,0.0,12.29,0.99,0.0,1.0,1
0.0,0.0,1.0,0.18,0.18,7.36,120.09,1.0,0.18,0.18,7.97,1.94,0.0,9.3,3.46,0.0,4.46,1.0,2.42,0.36,1.0,0.38,0.0,124.25,0.95,0.0,1.18,1
0.0,0.0,1.63,0.0,0.37,6.68,113.67,1.0,0.63,1.89,4.79,1.6,2.26,28.42,2.26,0.0,12.37,1.0,3.05,1.63,1.63,1.33,0.0,72.3,0.78,0.0,1.26,1
0.0,0.0,1.0,0.41,0.0,2.36,29.32,1.0,0.0,0.0,1.0,5.06,0.0,40.93,0.0,2.41,0.41,0.0,4.0,4.0,0.59,0.0,0.0,6.0,0.86,0.0,0.0,0
0.73,0.0,2.47,0.73,1.1,13.17,62.16,1.0,0.0,0.0,1.0,4.08,4.4,24.22,0.37,1.27,0.0,0.37,3.63,2.9,2.1,1.83,0.0,6.0,0.89,0.0,0.37,0
0.09,0.95,1.0,0.09,0.95,1.91,65.98,1.0,0.0,4.85,9.81,0.95,0.05,77.0,1.95,0.0,0.95,1.0,3.38,0.0,1.0,0.54,0.0,11.72,0.93,0.0,1.95,0
0.0,1.0,1.0,0.0,0.0,14.0,65.0,1.0,0.0,0.0,2.0,1.62,1.0,0.0,5.0,0.0,7.0,1.0,3.0,1.0,1.0,0.0,0.0,6.0,0.95,0.0,1.0,0
0.0,0.0,1.0,0.53,0.0,7.1,50.73,1.0,0.0,0.0,1.95,3.79,0.47,52.67,0.0,2.53,1.95,0.0,2.74,2.58,0.0,0.63,0.0,6.0,0.76,0.0,0.0,1
0.03,0.0,1.0,0.0,0.03,7.0,81.01,1.0,0.0,0.0,5.87,1.78,0.08,0.0,3.97,0.0,5.05,1.0,1.49,0.03,1.03,0.42,0.0,148.39,0.96,0.0,1.0,1
0.67,1.33,1.67,6.0,1.0,12.67,228.91,1.0,2.0,1.33,18.99,0.92,6.67,42.01,1.0,4.33,5.33,1.67,5.33,0.67,0.67,1.56,0.0,9.33,1.0,0.0,0.33,0
0.26,0.0,2.0,2.38,0.26,11.59,148.54,1.0,0.74,2.74,5.68,0.8,4.85,49.76,2.47,0.0,14.77,1.0,4.8,1.74,1.74,2.13,0.0,83.22,0.8,0.0,1.47,1
1.37,0.37,2.0,5.63,0.63,10.38,79.38,1.0,0.0,2.37,4.62,0.64,6.63,70.5,1.37,0.0,6.37,1.75,5.18,1.0,0.63,1.88,0.0,6.0,0.99,0.0,0.37,0
0.0,1.96,1.98,0.02,0.0,11.78,79.2,1.0,0.98,5.89,1.0,0.51,3.93,50.93,4.91,1.04,9.83,0.98,9.15,0.07,3.93,2.13,0.0,9.93,0.96,0.0,1.96,1
0.0,0.0,1.57,0.0,0.0,1.71,21.71,1.0,0.0,1.72,3.29,2.74,1.15,14.9,1.15,0.85,0.57,0.57,3.66,2.85,1.57,0.82,0.57,6.0,0.9,0.0,0.0,0
9.14,22.65,1.0,4.81,4.81,8.23,167.94,5.81,2.89,8.66,5.85,0.92,0.52,43.29,4.04,2.89,8.44,1.0,3.92,0.52,0.52,0.57,0.0,11.77,0.97,0.0,1.0,1
0.03,0.0,1.03,0.31,0.03,3.44,64.25,1.0,0.0,2.0,11.66,0.84,0.34,58.17,1.0,0.0,8.8,1.97,1.66,0.03,0.03,0.78,0.0,6.0,0.97,0.0,0.97,0
0.57,0.0,1.57,5.15,0.57,10.86,82.45,1.0,0.0,1.57,3.71,0.93,5.72,50.16,1.0,0.0,3.43,1.43,4.26,0.57,1.0,1.58,0.0,6.0,0.98,0.0,0.0,0
0.79,0.0,2.57,1.39,1.79,16.87,229.26,1.0,0.61,0.61,10.7,1.93,4.72,57.51,1.0,0.0,1.21,1.0,5.22,1.61,2.18,2.24,0.0,6.0,0.94,0.0,1.61,0
0.0,0.0,1.0,0.09,0.0,3.63,89.68,1.0,0.91,0.91,10.99,1.39,0.0,64.57,0.91,0.27,14.63,1.82,1.55,0.37,0.0,0.18,0.0,199.48,0.96,0.0,0.91,0
2.0,0.12,4.52,1.88,2.76,26.02,142.91,1.0,0.24,0.24,4.82,0.76,10.69,68.27,1.24,0.12,0.95,1.12,2.97,0.88,3.64,4.5,0.0,6.0,0.98,0.0,1.12,0
0.33,0.33,1.0,0.0,0.83,1.17,33.01,1.0,0.0,0.17,3.5,2.56,0.83,15.86,1.67,0.0,3.17,1.17,1.22,0.83,1.0,0.2,0.0,6.0,0.88,0.0,0.33,0
0.0,0.11,1.0,0.0,0.0,3.67,27.48,1.0,0.0,0.11,1.33,5.44,0.0,2.07,0.22,1.78,0.65,0.11,3.83,3.57,1.0,0.12,0.0,6.0,0.85,0.0,0.11,0
0.91,2.73,1.0,20.01,5.55,11.0,763.35,1.0,28.19,11.82,16.46,1.03,2.82,84.57,1.0,1.82,18.28,2.82,7.5,0.09,0.09,1.04,0.0,6.0,0.98,0.0,1.82,0
0.33,0.0,1.65,1.16,0.49,4.72,51.81,1.0,0.0,0.0,1.0,3.22,1.95,94.47,0.16,2.51,0.84,0.16,3.84,3.51,0.65,0.81,0.0,6.0,0.91,0.0,0.16,0
1.66,1.33,1.0,0.0,0.34,3.69,66.2,1.0,0.0,0.66,10.94,0.86,1.01,62.98,4.33,0.0,11.64,1.66,1.86,0.34,1.34,1.66,0.0,33.3,0.96,0.0,1.66,1
0.33,0.17,1.0,0.17,0.17,4.0,62.19,1.0,0.33,0.33,6.34,5.12,0.17,14.18,0.5,1.83,1.33,0.33,3.78,3.33,1.0,0.13,0.0,6.0,0.86,0.0,0.33,0
1.31,2.07,1.0,15.82,4.15,8.29,586.19,1.0,21.42,15.78,14.29,0.62,2.38,88.06,1.0,1.38,13.82,2.38,7.33,0.0,0.31,0.98,0.0,6.0,0.99,0.0,1.69,0
0.0,2.94,1.0,0.0,0.0,4.59,50.76,1.0,0.0,0.41,2.47,2.63,0.0,13.59,0.41,0.59,2.24,0.82,2.74,1.18,1.0,0.31,0.0,6.0,0.93,0.0,0.0,0
0.0,0.0,1.0,0.88,0.88,8.63,267.75,1.0,0.88,0.88,16.01,3.01,0.0,45.56,0.88,0.12,2.25,0.88,6.16,1.88,0.88,0.39,0.0,6.0,0.92,0.0,1.75,0
0.91,0.45,1.0,1.0,0.45,1.81,134.91,1.0,0.91,0.91,15.51,2.34,0.45,93.2,1.36,2.09,4.17,0.91,3.42,2.19,0.45,0.36,0.0,6.0,0.93,0.0,0.91,0
0.0,0.0,1.0,0.0,0.71,1.87,40.17,1.0,0.0,1.58,10.27,0.58,0.0,27.25,3.71,0.0,1.58,1.0,2.99,0.0,1.29,0.25,0.0,132.65,0.71,0.0,0.29,1
0.0,0.0,1.23,0.0,0.0,5.37,83.45,1.0,0.23,1.46,6.23,0.98,0.69,35.74,1.46,0.0,7.43,1.77,2.13,0.46,1.23,1.06,0.0,29.99,0.9,0.0,0.46,1
0.0,0.0,1.6,0.0,0.0,7.62,123.48,1.0,0.6,2.21,6.6,0.89,1.81,40.23,2.21,0.0,13.04,1.4,3.16,1.21,1.6,1.56,0.0,69.27,0.82,0.0,1.21,1
0.0,0.0,1.0,0.0,0.0,4.22,50.96,1.0,0.0,2.67,6.33,1.08,0.0,48.96,2.67,0.11,3.11,0.89,5.47,0.11,1.78,0.0,0.0,6.0,0.96,0.0,0.89,0
0.78,0.0,1.0,0.78,0.0,2.43,24.39,1.0,0.0,8.62,2.96,3.71,0.39,30.15,0.39,1.22,0.0,0.39,4.59,2.43,1.0,0.23,0.0,6.0,0.89,0.0,0.39,0
0.25,0.0,1.0,0.0,0.25,4.74,46.77,1.0,0.0,2.26,4.77,0.87,0.74,41.5,3.0,0.0,3.98,1.0,4.65,0.25,2.0,0.64,0.0,25.89,0.95,0.0,1.0,1
0.0,0.0,1.0,0.0,0.0,12.97,70.06,1.0,0.0,1.35,4.13,3.15,1.0,15.34,0.68,1.55,4.13,0.23,2.22,1.0,0.23,1.26,0.0,6.0,0.7,0.0,0.23,0
0.0,3.25,1.0,0.0,0.35,3.6,42.2,1.0,0.0,0.35,4.21,2.64,0.0,5.61,1.4,0.65,1.0,0.35,2.98,1.3,1.0,0.13,0.0,68.41,0.81,0.0,0.0,0
1.15,0.0,1.0,0.08,1.38,4.85,53.0,1.0,1.85,3.7,1.23,1.18,1.85,87.99,1.0,0.92,6.47,1.92,2.74,0.92,0.08,1.39,0.0,14.32,0.88,0.0,0.92,1
0.0,0.78,1.0,0.0,0.78,2.44,58.35,1.0,0.0,3.12,8.03,2.09,0.0,60.11,1.56,0.44,0.78,0.78,3.43,0.88,1.0,0.42,0.0,10.68,0.91,0.0,1.56,0
0.0,0.28,1.0,0.0,0.0,6.52,56.72,1.0,0.0,0.28,2.68,4.58,0.56,20.98,1.4,1.44,6.71,0.28,4.1,2.88,1.0,0.2,0.0,6.56,0.87,0.0,0.84,0
1.69,1.0,1.0,0.85,0.85,3.54,222.84,1.0,1.69,1.85,28.56,0.73,0.85,74.89,2.85,0.85,7.69,1.85,2.66,0.0,1.0,0.85,0.0,6.0,0.98,0.0,1.85,0
0.0,0.0,1.0,0.0,0.0,3.85,29.73,1.0,0.0,0.29,2.62,5.24,0.0,8.52,0.15,1.71,1.32,0.29,3.63,3.41,0.85,0.11,0.0,6.0,0.85,0.0,0.15,0
2.53,0.0,1.23,2.88,4.83,6.05,64.04,1.0,0.0,0.47,3.53,1.08,2.35,91.31,1.0,0.0,0.7,1.0,3.45,0.23,1.0,0.52,0.0,6.0,0.84,0.0,0.0,0
1.17,0.17,1.0,0.17,2.66,3.17,63.49,1.0,0.34,0.34,7.23,0.41,4.32,14.35,1.34,0.17,3.01,1.17,2.95,0.83,1.0,1.3,0.0,17.64,0.81,0.0,0.34,1
0.0,0.65,1.0,0.0,0.0,14.35,65.35,1.0,0.0,0.0,2.35,2.41,1.0,0.0,3.25,0.7,5.6,0.65,2.42,1.0,0.65,0.47,0.0,6.0,0.83,0.0,0.65,0
0.0,3.96,1.0,0.0,0.0,4.79,40.62,1.0,0.0,0.0,0.21,4.22,0.0,0.0,0.0,1.21,0.79,0.0,3.68,2.42,1.0,0.0,0.0,6.0,0.9,0.0,0.0,0
1.66,1.67,1.66,7.4,2.02,4.7,311.26,1.0,10.42,6.36,12.03,0.48,1.67,86.36,1.66,0.67,14.69,3.0,4.9,0.66,0.0,1.29,0.0,6.0,0.98,0.0,1.34,0
0.43,0.0,1.43,3.9,0.43,15.43,80.74,1.0,0.0,0.87,2.57,2.56,4.9,27.31,0.43,1.13,3.0,0.43,3.5,1.0,0.43,1.71,0.0,6.0,0.78,0.0,0.0,0
0.0,0.91,1.0,0.0,0.0,12.39,135.26,1.0,0.0,0.91,7.17,1.32,1.83,68.47,4.56,0.09,22.26,0.91,4.22,0.09,0.91,0.64,0.0,7.83,0.97,0.0,2.74,1
0.67,0.0,1.0,0.22,1.33,0.67,32.0,1.0,0.0,0.0,8.67,0.68,0.0,22.22,0.22,0.78,3.89,0.22,1.35,0.78,0.22,0.0,0.0,6.0,0.7,0.0,0.0,0
0.0,0.45,1.0,0.0,0.45,9.11,66.91,1.0,0.0,1.81,6.17,2.57,0.55,34.86,0.91,1.09,2.09,0.45,2.21,0.55,0.45,0.97,0.0,8.72,0.76,0.0,0.91,0
1.17,0.17,1.17,0.0,2.49,2.66,28.39,1.0,0.0,0.51,3.19,0.34,4.32,14.07,1.17,0.0,3.7,1.34,3.04,1.0,0.83,1.39,0.0,17.63,0.81,0.0,0.17,0
0.0,0.18,1.0,0.0,0.0,5.82,60.09,1.0,0.0,0.82,5.27,1.15,0.18,26.99,1.73,0.0,4.55,1.82,1.77,0.18,1.0,0.61,0.0,6.0,0.95,0.0,0.18,0
0.0,0.84,1.0,0.0,0.0,1.47,50.96,1.0,0.0,0.84,3.53,1.65,0.0,16.01,1.69,0.31,5.06,0.84,2.65,0.63,1.0,0.96,0.0,6.0,0.94,0.0,0.84,0
0.0,0.16,1.08,6.42,6.42,5.58,91.01,1.0,1.92,0.49,7.42,0.61,0.33,86.7,3.16,0.08,0.82,1.0,2.87,0.92,2.16,0.56,0.0,259.57,1.0,0.0,0.16,1
0.0,0.0,1.39,0.0,0.0,6.34,104.33,1.0,0.39,3.61,6.39,0.69,1.17,37.67,1.78,0.0,11.06,1.61,3.79,0.78,1.39,2.04,0.0,46.88,0.87,0.0,1.39,1
0.0,0.65,1.0,0.0,0.87,1.52,26.72,1.0,0.0,0.0,0.87,3.1,0.87,0.0,0.87,0.13,1.0,0.87,1.34,1.13,1.0,0.0,0.0,6.0,0.86,0.0,0.0,0
0.0,0.44,1.0,0.0,0.44,2.56,65.18,1.0,0.0,2.87,11.13,0.91,0.0,66.29,1.44,0.0,5.51,1.56,2.27,0.0,0.44,0.65,0.0,8.62,0.95,0.0,1.44,0
0.0,3.53,1.0,0.0,0.0,4.71,59.73,1.0,0.29,0.29,3.53,2.99,0.0,17.97,0.29,0.71,5.42,0.59,2.92,1.41,0.71,0.06,0.0,68.74,0.93,0.0,0.29,0
0.0,4.46,1.18,0.0,0.0,6.27,51.34,1.0,0.18,1.09,0.18,3.15,0.72,9.05,0.91,1.0,2.63,0.18,4.62,1.64,1.54,0.39,0.0,6.72,0.93,0.0,0.36,0
0.0,1.0,1.0,0.0,0.01,13.99,64.99,1.0,0.0,0.0,2.0,1.62,1.0,0.1,5.0,0.0,6.99,1.0,3.0,1.0,1.0,0.0,0.0,6.0,0.95,0.0,1.0,0
0.0,0.26,1.0,0.0,0.0,6.58,52.38,1.0,0.0,2.23,4.97,0.83,0.26,40.83,3.52,0.0,4.03,1.0,5.1,0.26,1.74,0.0,0.0,6.0,0.96,0.0,1.0,0
2.78,0.0,1.0,0.93,5.56,3.07,52.63,1.0,0.0,0.22,4.15,1.11,0.0,96.69,1.15,0.0,0.22,1.0,2.81,0.0,1.07,0.0,0.0,6.0,0.8,0.0,0.07,0
0.0,0.16,1.0,0.0,0.0,5.65,59.99,1.0,0.0,0.84,5.34,1.14,0.16,27.56,1.66,0.0,4.49,1.84,1.75,0.16,1.0,0.63,0.0,6.0,0.95,0.0,0.16,0
0.0,0.0,1.0,0.21,0.0,9.49,31.47,1.0,0.0,0.0,1.0,2.75,0.0,20.93,4.74,1.42,1.0,1.58,0.84,0.84,0.79,0.0,0.0,6.0,0.89,0.0,0.0,0
0.0,0.0,1.43,0.0,0.0,6.55,98.16,1.0,0.43,3.0,6.43,0.65,1.28,50.75,3.0,0.0,9.8,1.0,5.16,0.85,2.0,0.89,0.0,50.63,0.86,0.0,1.43,1
0.4,0.0,1.4,3.62,1.0,7.04,54.59,1.0,0.0,0.8,1.4,2.13,4.62,25.35,1.0,0.0,1.8,1.0,3.15,1.0,1.0,0.89,0.0,6.0,0.91,0.0,0.0,0
0.0,14.0,1.0,6.0,0.0,17.0,347.0,1.0,0.0,0.0,2.0,4.82,0.0,100.0,1.0,3.0,5.0,1.0,17.69,1.0,0.0,0.0,0.0,6.0,0.96,0.0,2.0,0
1.45,1.45,1.0,0.0,0.0,3.1,77.18,1.0,0.0,0.73,14.08,1.72,0.0,68.9,3.63,0.27,11.25,1.45,2.37,0.27,0.73,0.86,0.0,6.0,0.97,0.0,1.45,0
2.56,18.32,1.0,6.54,1.35,14.98,337.82,2.35,0.81,2.43,3.08,4.19,0.0,98.65,1.27,3.4,5.67,1.0,15.96,0.87,0.0,0.16,0.0,7.62,0.96,0.0,1.87,1
0.0,2.62,1.35,0.0,0.65,7.38,376.16,1.0,4.27,1.04,37.12,0.98,1.04,15.54,1.69,8.51,13.11,2.31,3.65,0.69,0.69,0.92,0.0,48.8,0.9,0.0,1.35,1
1.0,0.55,1.82,11.39,1.92,15.26,235.71,1.0,5.71,4.03,4.95,0.84,8.71,68.52,1.0,0.37,6.13,1.37,6.67,0.82,0.82,2.01,0.0,6.0,1.0,0.0,0.37,0
1.45,0.72,1.72,0.28,0.28,3.21,113.92,1.0,0.28,2.45,11.21,0.96,0.72,74.45,1.72,0.0,9.24,2.45,4.19,1.28,0.28,1.11,0.0,6.0,0.96,0.0,1.28,0
0.91,0.0,1.0,0.3,1.83,3.7,61.34,1.0,0.0,2.78,5.39,0.78,0.0,53.41,1.0,0.0,4.17,1.7,3.22,0.0,1.0,1.39,0.0,6.0,0.91,0.0,0.7,0
0.0,0.04,1.0,0.0,0.0,4.35,67.96,1.0,0.0,3.88,6.04,0.63,0.08,34.64,1.16,0.0,6.7,1.96,3.53,0.0,1.0,1.95,0.0,6.08,0.97,0.0,1.08,0
0.0,3.57,1.0,1.53,0.0,7.31,159.24,1.0,0.75,0.75,9.45,2.09,0.0,70.94,1.0,0.76,13.2,1.75,5.48,0.25,0.0,0.15,0.0,164.7,0.97,0.0,1.25,0
2.19,0.0,1.0,0.6,4.79,3.0,41.69,1.0,0.0,0.0,3.19,0.83,2.02,59.62,1.0,0.0,0.81,1.0,2.74,0.4,1.0,0.57,0.0,11.65,0.78,0.0,0.0,1
2.0,0.0,5.0,2.0,3.0,29.0,128.0,1.0,0.0,0.0,1.0,0.77,12.0,66.0,1.0,0.0,0.0,1.0,3.0,1.0,4.0,5.0,0.0,6.0,0.98,0.0,1.0,0
0.0,0.91,1.0,0.0,0.0,12.34,134.74,1.0,0.0,0.91,7.19,1.35,1.81,67.89,4.53,0.09,22.1,0.91,4.2,0.09,0.91,0.63,0.0,7.81,0.97,0.0,2.72,1
0.19,0.81,1.0,0.0,0.19,12.67,60.81,1.0,0.0,0.0,1.81,1.67,1.38,0.0,4.62,0.0,7.0,1.0,2.62,1.0,1.19,0.5,0.0,21.44,0.95,0.0,1.0,1
1.75,1.0,1.0,0.87,0.87,5.13,238.95,1.0,1.75,1.87,29.74,0.74,1.13,83.75,3.25,0.87,10.01,1.87,2.92,0.0,1.0,0.79,0.0,6.25,0.98,0.0,2.13,0
0.68,2.05,1.0,0.0,0.0,9.88,50.3,1.0,0.34,0.34,1.98,2.65,0.66,15.02,1.02,1.32,5.05,0.68,2.51,0.66,0.34,0.88,0.0,7.37,0.64,0.0,0.68,0
0.0,0.0,1.0,0.0,0.84,1.32,41.22,1.0,0.0,1.16,12.0,0.63,0.0,22.82,3.51,0.0,2.3,1.16,1.78,0.0,0.84,0.42,0.0,155.08,0.67,0.0,0.16,1
0.27,0.13,1.0,0.13,0.13,4.0,85.08,1.0,0.27,1.13,9.63,1.0,0.13,39.99,1.27,0.13,4.54,2.0,1.66,0.0,1.0,0.76,0.0,6.0,0.95,0.0,0.27,0
0.54,0.0,1.0,0.0,0.54,4.54,72.52,1.0,1.54,2.61,6.11,1.17,1.07,74.92,1.0,0.54,11.18,2.0,2.08,0.54,0.0,0.9,0.0,109.81,0.92,0.0,1.0,1
0.0,0.0,1.0,0.0,0.0,1.58,25.21,1.0,0.0,0.0,6.45,2.7,0.0,0.0,0.0,1.39,3.03,0.0,2.18,2.18,0.39,0.0,0.0,6.0,0.74,0.0,0.0,0
0.0,1.79,1.0,0.0,0.0,9.49,35.38,1.0,0.0,0.0,0.64,2.95,0.0,0.0,3.85,1.0,1.0,1.28,1.29,0.72,1.0,0.0,0.0,6.0,0.9,0.0,0.0,0
0.0,0.0,1.0,0.0,0.94,1.19,37.7,1.0,0.0,1.13,11.62,0.59,0.0,18.46,3.94,0.0,1.13,1.0,2.09,0.0,1.06,0.33,0.0,172.75,0.63,0.0,0.06,1
0.0,0.0,1.0,0.0,0.18,2.64,58.31,1.0,0.0,1.82,12.0,0.79,0.0,50.42,1.54,0.0,7.56,1.82,1.56,0.0,0.18,0.67,0.0,38.11,0.9,0.0,0.82,0
0.14,0.07,1.07,0.0,0.0,0.07,27.28,1.0,0.0,0.2,9.93,0.53,0.07,5.61,0.14,0.93,5.47,0.2,1.15,1.0,0.0,0.09,0.0,6.0,0.69,0.0,0.07,0
0.0,3.19,1.0,0.36,0.0,3.19,42.11,1.0,0.0,0.0,0.36,3.73,0.0,36.17,0.0,1.72,1.0,0.0,3.74,2.72,0.64,0.0,0.0,6.0,0.91,0.0,0.0,0
0.0,0.0,1.0,0.0,0.0,8.96,52.81,1.0,0.0,0.0,5.06,3.95,0.0,0.0,2.96,1.0,2.52,0.99,1.3,0.51,0.49,0.0,0.0,6.0,0.92,0.0,0.0,0
0.0,0.0,1.0,0.0,0.0,2.9,75.96,1.0,0.72,0.72,11.45,0.99,0.0,44.17,0.72,0.28,12.96,1.45,1.22,0.28,0.0,0.14,0.0,160.22,0.89,0.0,0.72,1
0.0,0.21,1.0,0.0,0.0,4.04,58.42,1.0,0.0,0.96,5.75,1.15,0.0,31.64,0.96,0.04,3.88,1.92,1.59,0.08,1.0,0.72,0.0,6.0,0.95,0.0,0.0,0
0.77,0.39,1.39,0.0,0.0,2.84,46.84,1.0,0.0,3.0,7.16,0.46,0.39,65.82,2.61,0.0,6.48,1.77,4.84,0.39,1.23,0.52,0.0,6.0,0.97,0.0,1.0,0
0.08,0.0,1.16,0.08,1.08,2.1,28.08,1.0,0.0,0.0,1.0,2.91,1.43,2.59,1.0,0.0,0.96,1.0,1.08,1.0,1.12,0.2,0.0,6.0,0.86,0.0,0.04,0
1.0,3.0,1.0,22.0,6.0,12.0,837.0,1.0,31.0,13.0,18.0,0.83,3.0,93.0,1.0,2.0,20.0,3.0,8.15,0.0,0.0,1.15,0.0,6.0,1.0,0.0,2.0,0
0.0,0.0,1.0,1.0,1.0,9.0,294.99,1.0,1.0,1.0,17.0,2.68,0.0,52.01,1.0,0.0,2.0,1.0,6.67,2.0,1.0,0.45,0.0,6.0,0.92,0.0,2.0,1
0.0,0.0,1.0,0.0,0.0,5.65,65.15,1.0,0.0,3.4,5.55,1.11,0.15,28.05,0.85,0.3,5.55,1.7,3.18,0.15,0.85,1.9,0.0,6.0,0.92,0.0,0.85,0
1.61,0.8,1.8,0.0,0.0,3.75,49.13,1.0,0.0,2.41,7.82,1.01,1.0,66.67,1.61,0.39,10.23,2.41,2.87,1.0,0.0,1.35,0.0,6.0,0.9,0.0,0.8,0
0.0,0.88,1.12,0.0,0.0,12.65,143.95,1.0,0.12,1.24,7.0,0.91,2.12,71.46,4.76,0.0,23.41,1.0,4.36,0.24,1.12,0.87,0.0,20.16,0.94,0.0,2.88,1
0.0,0.0,1.0,0.39,0.39,12.66,155.24,1.0,0.39,0.39,8.46,3.41,0.61,20.26,0.39,1.22,2.61,0.39,3.41,1.39,0.39,0.99,0.0,6.0,0.73,0.0,0.78,0
0.0,0.0,1.0,0.0,0.0,3.0,63.0,1.0,0.0,2.0,12.0,0.84,0.0,58.0,1.0,0.0,9.0,2.0,1.5,0.0,0.0,0.73,0.0,6.0,0.97,0.0,1.0,0
1.89,5.66,1.06,0.0,0.0,0.56,28.24,1.0,1.0,1.11,0.4,0.3,0.17,44.06,3.0,0.0,9.56,1.94,4.75,0.11,1.06,0.12,0.0,15.7,0.69,0.0,2.0,0
0.0,0.09,1.0,0.0,1.0,1.11,47.03,1.0,0.13,0.98,12.91,0.6,0.0,15.64,3.93,0.29,1.2,1.04,1.87,0.0,0.98,0.36,0.0,180.26,0.62,0.0,0.02,1
0.0,0.0,1.16,0.0,0.84,2.43,57.51,1.0,0.16,1.32,11.21,0.62,0.48,20.61,3.84,0.0,3.86,1.0,2.22,0.32,1.16,0.63,0.0,172.39,0.63,0.0,0.32,1
0.0,0.23,1.0,0.0,0.0,12.23,55.22,1.0,0.0,0.23,2.36,2.14,0.45,17.04,5.77,0.77,6.22,1.77,0.99,0.0,1.0,0.16,0.0,6.45,0.91,0.0,0.68,0
1.64,0.64,1.0,0.64,1.0,4.36,181.43,1.0,2.0,2.72,21.55,0.88,1.36,85.72,2.28,1.0,7.64,2.0,2.72,0.36,0.64,1.05,0.0,9.22,0.94,0.0,1.64,0
0.0,0.1,1.9,0.0,0.0,1.35,32.55,1.0,0.0,2.79,5.21,0.37,2.0,31.08,2.31,0.0,3.39,1.0,3.5,1.79,1.9,1.35,0.9,6.21,0.95,0.0,0.31,0
0.0,0.27,1.0,0.73,0.73,6.82,229.95,1.0,0.73,1.0,13.46,2.18,0.0,43.02,1.27,0.0,3.09,1.0,5.51,1.46,1.0,0.64,0.0,6.0,0.93,0.0,1.73,0
2.72,0.0,1.0,0.91,5.45,3.28,55.87,1.0,0.0,0.55,4.37,1.1,0.09,97.04,1.18,0.0,0.74,1.0,2.82,0.09,1.0,0.09,0.0,6.0,0.8,0.0,0.09,0
0.86,0.0,1.86,7.75,0.86,14.34,99.31,1.0,0.14,1.86,3.39,0.88,8.61,62.72,1.0,0.0,4.8,1.14,5.64,0.86,0.86,1.92,0.0,35.53,1.0,0.0,0.14,1
0.2,12.67,1.1,5.39,0.0,15.37,316.17,1.0,0.0,0.31,2.71,4.36,0.1,98.26,1.1,2.69,5.71,1.2,16.21,1.0,0.0,0.14,0.0,6.0,0.96,0.0,1.9,0
0.0,0.7,1.35,0.0,0.0,6.8,89.76,1.0,1.0,2.75,8.16,0.91,1.4,57.16,2.4,0.35,13.9,1.65,4.08,0.0,1.4,0.89,0.0,145.95,0.97,0.0,1.35,1
0.0,0.0,1.0,0.0,0.0,1.0,34.24,1.0,0.0,0.25,9.0,0.67,0.0,8.24,0.25,0.75,4.75,0.5,1.12,0.75,0.25,0.19,0.0,6.0,0.74,0.0,0.0,0
1.27,0.37,3.53,1.27,1.9,23.5,104.91,1.0,0.0,0.0,1.37,1.08,7.97,41.81,2.47,0.0,2.57,1.0,3.0,1.0,2.9,3.17,0.0,6.0,0.97,0.0,1.0,0
0.0,0.0,1.0,3.84,3.84,4.55,72.13,1.0,1.1,1.35,7.1,0.59,0.0,74.2,3.0,0.0,1.35,1.0,3.9,0.55,2.0,0.23,0.0,157.38,0.98,0.0,0.45,1
0.0,0.0,1.96,0.04,0.0,0.0,20.65,1.0,0.0,2.88,4.85,0.44,1.92,28.84,1.92,0.12,1.0,0.96,3.42,2.08,1.92,1.37,0.96,6.0,0.94,0.0,0.0,0
2.64,0.0,1.0,1.36,3.84,1.92,42.93,1.0,0.0,7.91,4.72,0.79,0.36,91.73,1.0,0.0,0.0,1.0,3.62,0.0,1.0,0.22,0.0,6.0,0.85,0.0,0.36,0
0.99,1.0,1.0,0.49,0.49,2.48,153.39,1.0,0.99,1.49,18.34,0.78,0.49,51.63,2.49,0.49,6.99,1.49,2.55,0.0,1.0,0.97,0.0,6.0,0.97,0.0,1.49,0
1.21,3.62,1.0,0.0,0.0,1.59,49.76,1.0,1.0,1.0,4.76,0.62,0.0,50.74,2.21,0.0,11.78,2.0,3.4,0.0,0.6,0.08,0.0,92.92,0.8,0.0,1.6,0
0.5,0.0,1.0,0.0,1.0,3.99,33.48,1.0,0.0,0.0,1.0,2.44,2.0,0.0,2.0,0.0,3.99,1.0,1.0,1.0,1.5,1.3,0.0,46.42,0.89,0.0,0.5,1
0.0,0.0,1.0,0.0,0.0,15.0,66.0,1.0,0.0,0.0,3.0,3.88,1.0,0.0,0.0,2.0,3.0,0.0,1.33,1.0,0.0,1.33,0.0,6.0,0.61,0.0,0.0,0
0.0,1.82,1.82,0.0,0.18,10.21,77.86,1.0,0.82,5.64,2.61,0.55,3.29,54.82,4.46,0.82,8.39,1.0,8.18,0.0,3.46,1.88,0.0,10.36,0.96,0.0,2.0,1
15.66,36.96,1.79,8.43,8.62,7.31,249.32,9.03,4.82,14.46,8.23,0.29,2.36,85.28,2.61,4.82,8.03,1.0,4.54,0.2,0.79,1.93,0.0,15.64,0.99,0.0,1.0,1
2.09,0.91,1.0,1.0,1.46,3.91,234.42,1.0,1.81,1.81,30.31,0.75,0.91,86.39,2.81,0.91,7.26,1.91,2.7,0.0,1.0,0.73,0.0,6.0,0.96,0.0,1.81,0
1.02,0.51,1.49,0.51,0.51,2.03,138.38,1.0,1.02,2.49,19.23,0.51,1.49,55.98,2.51,0.51,4.56,1.51,3.05,0.98,1.49,1.11,0.49,6.0,0.96,0.0,1.02,0
0.0,0.0,1.0,0.0,0.68,1.65,36.6,1.0,0.0,0.65,4.55,2.3,0.68,18.74,1.0,0.0,3.59,1.32,1.16,0.68,0.68,0.24,0.0,6.0,0.89,0.0,0.32,0
0.77,0.0,1.0,0.0,0.77,4.77,54.38,1.0,1.54,3.31,2.15,1.15,1.54,74.59,1.0,0.77,6.31,2.0,2.46,0.77,0.23,1.33,0.0,12.93,0.9,0.0,0.77,1
0.0,0.0,1.0,0.0,0.0,5.76,73.04,1.0,0.0,0.0,9.04,5.17,0.0,0.0,0.0,1.0,4.04,0.0,2.49,1.0,0.0,0.0,0.0,6.0,0.93,0.0,0.0,0
0.0,0.0,1.3,0.0,0.0,4.21,58.6,1.0,0.0,0.89,7.81,3.85,0.6,7.75,0.6,0.7,3.11,0.3,2.81,1.3,0.6,0.43,0.3,6.0,0.94,0.0,0.0,0
1.34,0.34,2.0,5.91,0.66,10.85,81.12,1.0,0.0,2.34,4.4,0.66,6.91,69.87,1.34,0.0,6.09,1.69,5.27,1.0,0.66,1.91,0.0,6.0,0.99,0.0,0.34,0
12.69,31.06,1.0,6.68,6.68,5.98,207.96,7.68,4.01,12.02,7.34,0.65,0.33,60.12,3.66,4.01,9.0,1.0,4.28,0.33,0.33,0.79,0.0,14.02,0.98,0.0,1.0,1
0.0,0.0,1.0,0.0,0.0,6.31,77.14,1.0,0.0,0.0,8.08,4.27,0.0,0.0,1.22,0.69,4.31,0.31,2.23,0.69,0.31,0.11,0.0,50.04,0.95,0.0,0.31,1
1.88,0.0,4.54,1.77,2.77,26.46,118.19,1.0,0.0,0.0,1.0,0.9,10.96,58.38,1.23,0.0,0.81,1.0,2.77,1.0,3.77,4.72,0.0,15.35,0.97,0.0,1.0,0
0.0,0.58,1.0,0.0,0.0,14.42,65.42,1.0,0.0,0.0,2.42,2.57,1.0,0.0,2.91,0.84,5.32,0.58,2.3,1.0,0.58,0.56,0.0,6.0,0.81,0.0,0.58,0
0.0,0.0,1.0,0.0,0.0,1.13,26.38,1.0,0.0,0.0,9.15,0.73,0.0,0.0,0.56,1.0,4.62,0.19,0.91,0.91,0.09,0.0,0.0,6.0,0.69,0.0,0.0,0
0.0,1.8,1.0,0.64,0.0,1.8,39.88,1.0,0.0,0.0,0.64,3.72,0.0,63.98,0.0,2.28,1.0,0.0,3.86,3.28,0.36,0.0,0.0,6.0,0.9,0.0,0.0,0
0.41,0.0,1.0,0.0,1.23,5.36,58.64,1.0,0.0,0.0,4.36,1.19,2.05,0.0,2.77,0.0,3.77,1.0,2.11,0.41,1.0,0.79,0.0,96.73,0.88,0.0,0.59,1
0.0,0.22,1.78,0.0,0.0,10.67,160.43,1.0,0.78,2.55,7.0,0.82,2.78,51.69,3.45,0.0,20.11,1.0,4.28,1.55,1.78,1.79,0.0,88.03,0.78,0.0,2.22,1
0.3,0.0,1.0,0.0,0.3,6.3,65.26,1.0,0.0,0.0,6.57,4.3,0.91,0.0,0.91,0.7,4.91,0.3,2.08,1.0,0.61,0.79,0.0,30.65,0.94,0.0,0.3,1
2.19,5.29,1.0,1.15,1.15,3.77,53.35,2.15,0.69,2.07,2.04,5.33,0.0,10.36,0.35,2.46,1.15,0.12,4.11,3.54,0.88,0.14,0.0,7.38,0.85,0.0,0.12,1
1.1,2.79,1.0,0.55,0.55,4.45,159.92,1.0,1.1,1.1,18.23,2.07,0.55,46.96,1.66,1.0,4.87,1.1,3.11,0.9,1.0,0.44,0.0,6.0,0.95,0.0,1.1,0
0.0,10.12,1.0,4.21,0.0,16.1,262.79,1.0,0.0,0.0,2.0,3.86,0.3,70.14,2.19,2.1,5.6,1.0,13.3,1.0,0.3,0.0,0.0,6.0,0.96,0.0,1.7,1
1.59,0.0,4.17,1.59,2.38,23.84,111.48,1.0,0.0,0.62,2.03,0.72,9.52,63.73,1.41,0.0,0.62,1.0,3.59,0.79,3.59,3.97,0.0,6.0,0.98,0.0,1.0,0
0.0,2.43,1.39,0.0,0.61,3.64,303.12,1.0,3.64,1.18,34.1,0.78,0.79,10.24,1.39,7.88,6.46,2.21,3.36,0.79,0.79,0.74,0.39,12.06,0.97,0.0,0.61,1
0.45,1.34,1.0,13.69,6.55,8.12,424.11,1.0,14.93,5.8,12.46,0.71,1.34,91.34,2.11,0.89,8.92,1.89,4.91,0.55,1.11,0.74,0.0,158.96,1.0,0.0,0.89,1
5.31,13.58,1.0,2.8,2.8,1.28,118.34,3.8,1.68,5.75,5.68,0.65,0.0,38.85,2.28,1.68,7.12,1.0,3.1,0.0,0.72,1.15,0.0,9.35,0.97,0.0,1.0,1
0.14,0.0,1.14,1.29,0.14,4.86,68.29,1.0,0.0,2.0,10.57,0.84,1.43,58.72,1.0,0.0,8.14,1.86,2.19,0.14,0.14,0.94,0.0,6.0,0.97,0.0,0.86,0
0.53,0.26,1.0,5.42,5.42,4.74,134.34,1.0,2.0,0.53,14.57,0.64,0.26,88.69,3.0,0.26,2.1,1.26,2.41,0.74,1.74,0.52,0.0,209.42,0.99,0.0,0.53,1
0.0,0.16,1.0,0.0,0.0,4.03,24.65,1.0,0.0,0.0,0.97,5.93,0.0,0.0,0.0,1.97,0.03,0.0,3.99,3.94,1.0,0.0,0.0,6.0,0.84,0.0,0.0,0
0.0,0.0,1.0,0.0,0.0,11.01,40.26,1.0,0.0,0.0,1.99,2.36,0.0,0.0,5.61,0.8,1.79,1.8,0.3,0.0,1.0,0.07,0.0,34.41,0.9,0.0,0.2,1
11.29,27.34,1.0,5.94,5.94,6.06,178.02,6.94,3.57,10.7,6.35,1.11,0.0,53.5,4.22,3.97,6.35,1.41,2.92,0.0,0.41,0.7,0.0,13.13,0.95,0.0,0.59,1
0.0,3.63,1.0,0.0,0.34,3.97,52.88,1.0,0.0,1.37,3.43,2.8,0.0,26.37,0.69,0.66,1.0,0.34,3.49,1.31,1.0,0.18,0.0,8.06,0.92,0.0,0.69,0
0.84,0.0,1.84,7.6,0.84,14.13,94.55,1.0,0.0,2.31,2.62,0.81,8.44,58.33,1.0,0.0,3.47,1.16,5.89,0.84,1.0,2.17,0.0,6.0,1.0,0.0,0.16,0
0.0,0.0,1.71,0.0,0.0,8.0,136.58,1.0,0.71,2.71,8.43,0.8,2.14,48.71,2.43,0.0,16.14,1.29,3.46,1.43,1.43,1.71,0.0,81.01,0.8,0.0,1.71,1
0.0,0.21,1.0,0.0,0.0,4.96,71.06,1.0,0.0,0.21,7.96,4.42,0.0,3.94,0.41,0.79,4.41,0.21,2.52,0.79,0.21,0.24,0.0,6.0,0.95,0.0,0.21,0
0.0,0.81,1.19,0.0,0.81,1.62,59.0,1.0,0.0,3.81,9.06,0.86,0.38,67.43,2.0,0.0,1.0,1.0,3.3,0.38,1.19,0.71,0.19,10.87,0.93,0.0,1.62,0
0.0,0.0,1.0,0.0,0.11,0.11,27.24,1.0,0.0,0.11,10.23,0.55,0.0,1.81,0.45,0.89,4.55,0.11,1.09,0.89,0.11,0.04,0.0,26.14,0.67,0.0,0.0,0
0.0,1.0,1.0,0.0,1.0,2.0,68.0,1.0,0.0,4.0,10.0,0.99,0.0,77.0,2.0,0.0,1.0,1.0,3.27,0.0,1.0,0.54,0.0,12.0,0.93,0.0,2.0,0
0.0,0.57,1.0,0.0,0.57,3.73,71.03,1.0,0.0,2.27,9.57,2.88,0.0,43.64,1.13,0.43,2.3,0.57,2.96,0.43,0.57,0.31,0.0,9.4,0.93,0.0,1.13,0
3.53,9.36,1.0,1.86,1.86,10.96,166.63,2.86,1.11,4.16,7.56,0.79,1.63,77.79,4.63,1.11,21.4,1.0,4.48,0.0,0.81,0.79,0.0,9.86,0.97,0.0,2.63,1
0.28,0.28,1.86,0.0,0.0,8.87,153.6,1.0,0.86,2.72,8.27,0.73,2.58,52.05,3.28,0.0,18.3,1.14,3.98,1.72,1.86,1.97,0.0,96.2,0.76,0.0,2.0,1
1.84,1.84,1.0,0.0,0.0,2.31,78.47,1.0,0.0,1.39,15.37,0.36,0.08,92.89,4.84,0.0,13.53,1.92,2.53,0.08,1.0,1.17,0.0,6.0,0.98,0.0,1.92,0
1.6,0.0,1.4,4.8,0.4,6.4,55.01,1.0,0.0,14.0,4.4,0.43,4.6,71.4,1.0,0.0,1.2,1.0,5.83,0.4,1.0,1.24,0.0,6.0,0.98,0.0,0.6,0
2.0,1.0,2.0,0.0,0.0,1.0,45.0,1.0,0.0,3.0,9.0,0.31,1.0,83.0,2.0,0.0,12.0,3.0,3.25,1.0,0.0,1.36,0.0,6.0,0.97,0.0,1.0,0
0.0,11.44,1.0,4.9,0.0,14.99,297.36,1.0,0.0,0.0,3.28,4.92,0.0,81.75,0.82,2.63,4.82,0.82,14.93,1.0,0.0,0.0,0.0,6.0,0.96,0.0,1.63,0
0.64,0.32,1.0,0.32,0.32,5.36,132.23,1.0,0.64,0.64,16.72,3.86,0.32,27.33,0.96,1.0,5.29,0.64,2.61,0.68,0.32,0.26,0.0,6.0,0.96,0.0,0.64,0
0.0,0.86,1.0,0.0,0.0,12.6,69.2,1.0,0.14,0.14,3.4,1.56,0.86,8.53,4.44,0.0,8.26,1.14,2.76,0.86,0.86,0.03,0.0,35.79,0.96,0.0,1.0,1
0.0,0.0,1.0,0.0,0.61,2.17,59.58,1.0,0.39,1.0,12.0,0.81,0.0,33.52,2.83,0.0,6.84,1.39,1.63,0.0,0.61,0.3,0.0,197.62,0.75,0.0,0.39,0
1.97,0.69,1.34,0.66,3.94,6.09,62.28,1.0,0.34,2.06,2.97,0.91,1.37,82.82,2.37,0.34,3.44,1.0,4.87,0.0,2.03,0.74,0.0,7.37,0.85,0.0,0.69,1
0.0,0.0,1.0,0.0,0.0,5.16,73.52,1.0,0.0,3.9,7.16,0.81,0.58,53.33,2.16,0.0,6.32,1.42,3.68,0.58,1.0,0.9,0.0,6.0,0.96,0.0,0.58,0
0.78,0.0,1.0,0.0,0.78,5.44,59.42,1.0,1.56,3.11,2.11,1.31,1.56,67.73,1.66,0.78,6.56,1.78,2.47,0.78,0.22,1.25,0.0,44.91,0.9,0.0,1.0,1
0.0,0.0,1.0,4.37,4.37,8.75,82.24,1.0,1.25,0.0,6.12,1.84,0.38,56.23,1.87,0.75,1.13,0.62,1.94,1.0,1.25,0.76,0.0,178.44,0.86,0.0,0.0,1
0.0,3.49,1.0,0.0,0.87,5.74,432.73,1.0,5.23,0.51,46.96,1.02,0.0,4.24,1.0,11.33,9.49,2.87,3.35,0.0,0.13,0.51,0.0,14.71,0.98,0.0,1.0,1
0.0,0.0,1.0,0.0,0.0,7.89,72.79,1.0,0.0,0.0,5.11,1.91,0.0,0.0,4.35,0.18,4.29,1.18,1.23,0.0,1.0,0.3,0.0,124.51,0.94,0.0,0.82,1
0.38,1.24,2.0,3.42,0.38,13.52,87.6,1.0,0.62,4.48,1.38,0.6,6.28,54.94,3.48,0.62,7.34,1.0,8.14,0.38,2.86,2.18,0.0,8.48,0.98,0.0,1.24,1
0.56,1.68,1.0,0.0,0.0,10.8,53.13,1.0,0.28,0.28,2.16,2.87,0.72,12.31,0.84,1.44,4.68,0.56,2.3,0.72,0.28,0.96,0.0,7.12,0.64,0.0,0.56,0
0.28,0.72,1.0,0.0,0.84,10.91,53.75,1.0,0.0,0.0,2.0,1.26,2.13,0.0,3.87,0.0,5.59,1.0,3.0,1.0,1.0,0.39,0.0,9.94,0.9,0.0,0.72,0
1.0,0.0,1.0,0.0,3.0,3.0,25.0,1.0,0.0,0.0,2.0,0.35,5.0,0.0,1.0,0.0,2.0,1.0,3.0,1.0,1.0,1.4,0.0,20.0,0.77,0.0,0.0,0
0.0,0.0,1.0,0.0,0.0,9.27,29.09,1.0,0.0,0.0,3.05,2.06,0.0,0.0,4.63,1.0,1.91,1.54,0.23,0.23,0.77,0.0,0.0,6.0,0.84,0.0,0.0,0
0.0,4.0,1.0,0.0,1.0,6.0,487.0,1.0,6.0,0.0,53.0,1.08,0.0,0.0,1.0,13.0,10.0,3.0,3.33,0.0,0.0,0.29,0.0,16.0,0.99,0.0,1.0,1
0.0,0.09,1.0,0.0,0.02,6.0,84.0,1.0,0.13,0.0,9.96,5.27,0.0,0.0,0.02,1.26,4.13,0.07,2.57,0.98,0.0,0.01,0.0,6.22,0.95,0.0,0.02,0
1.99,0.0,4.97,1.99,2.98,28.84,127.32,1.0,0.0,0.0,1.0,0.8,11.92,65.57,0.99,0.01,0.0,0.99,3.01,1.02,3.98,4.97,0.0,6.0,0.98,0.0,0.99,0
0.0,0.22,1.0,0.0,0.22,5.14,73.49,1.0,0.0,0.86,9.22,4.42,0.0,16.64,0.43,0.78,3.35,0.22,2.71,0.78,0.22,0.12,0.0,7.3,0.94,0.0,0.43,0
0.0,0.0,1.0,0.14,0.14,7.27,110.83,1.0,0.14,0.14,7.49,1.9,0.0,7.04,3.59,0.0,4.59,1.0,2.2,0.27,1.0,0.38,0.0,130.51,0.95,0.0,1.14,1
6.58,16.58,1.0,3.46,3.46,9.19,188.77,4.46,2.08,6.88,8.04,0.67,1.31,80.19,4.31,2.08,19.15,1.0,4.56,0.0,0.65,0.87,0.0,11.46,0.98,0.0,2.31,1
0.77,2.32,1.0,17.02,4.64,9.96,661.95,1.0,23.99,10.51,16.64,0.83,2.32,85.08,1.0,1.55,17.51,2.77,6.65,0.0,0.0,1.05,0.0,6.0,0.99,0.0,1.77,0
0.0,0.0,1.0,0.0,0.37,2.9,73.65,1.0,0.63,1.0,12.0,0.95,0.0,44.44,2.1,0.0,10.48,1.63,1.5,0.0,0.37,0.26,0.0,206.12,0.84,0.0,0.63,0
2.0,4.27,1.0,0.0,0.0,0.86,45.06,1.0,0.57,1.0,6.91,0.3,0.0,66.04,3.86,0.0,11.16,2.0,3.71,0.0,1.0,0.51,0.0,8.27,0.82,0.0,2.0,0
0.0,1.76,1.0,0.0,0.44,11.05,250.74,1.0,2.63,0.0,24.94,2.65,0.56,0.0,0.44,6.83,6.07,1.32,2.21,0.56,0.0,0.88,0.0,10.39,0.78,0.0,0.44,0
1.53,0.0,1.0,1.53,0.0,0.94,34.39,1.0,0.0,17.78,6.0,0.27,0.77,66.67,1.0,0.0,1.41,1.23,5.03,0.0,1.0,0.93,0.0,6.0,0.97,0.0,1.0,0
2.0,5.63,1.0,0.07,0.07,0.29,37.13,1.0,1.07,1.07,2.43,0.3,0.07,47.01,3.0,0.07,8.93,2.0,4.63,0.0,1.0,0.06,0.0,9.71,0.71,0.0,2.0,0
0.77,0.0,1.77,6.97,0.77,13.07,91.65,1.0,0.0,2.0,4.26,0.84,7.74,61.87,1.0,0.0,4.35,1.23,5.24,0.77,0.77,1.87,0.0,6.0,0.99,0.0,0.23,0
0.07,4.67,1.0,0.0,0.07,5.13,44.87,1.0,0.0,0.0,0.07,3.63,0.2,0.0,0.2,0.93,1.4,0.07,3.43,1.93,1.07,0.17,0.0,11.34,0.92,0.0,0.07,0
0.0,0.0,1.0,0.72,0.0,0.0,33.9,1.0,0.0,0.0,3.54,2.81,0.0,71.77,0.0,2.44,2.13,0.0,3.15,3.15,0.0,0.0,0.0,6.0,0.83,0.0,0.0,0
0.0,0.0,1.0,0.0,0.44,0.44,30.85,1.0,0.0,0.44,10.88,0.57,0.0,7.06,1.77,0.56,3.23,0.44,1.37,0.56,0.44,0.16,0.0,84.56,0.65,0.0,0.0,0
0.09,1.94,1.97,0.03,0.18,11.73,79.18,1.0,0.97,5.82,1.09,0.47,3.88,51.51,4.88,0.97,9.7,1.0,9.05,0.0,3.91,2.1,0.0,9.88,0.96,0.0,1.94,1
1.0,0.0,1.0,0.0,3.0,3.0,25.0,1.0,0.0,0.0,2.0,0.35,5.0,0.0,1.0,0.0,2.0,1.0,3.0,1.0,1.0,1.4,0.0,20.0,0.77,0.0,0.0,0
0.02,0.0,1.0,0.98,0.02,0.09,37.28,1.0,0.04,0.07,1.0,3.66,0.04,99.77,0.02,2.96,1.11,0.04,3.98,3.95,0.0,0.03,0.0,6.16,0.89,0.0,0.02,0
1.79,0.1,1.0,1.79,0.0,1.45,29.14,1.0,0.0,19.72,5.59,0.31,1.0,69.03,1.41,0.0,0.72,1.0,5.24,0.1,1.0,0.54,0.0,6.0,0.97,0.0,1.0,0
1.0,0.0,1.0,0.0,2.89,3.11,26.5,1.0,0.11,0.21,1.95,0.39,4.84,4.65,1.0,0.05,2.27,1.05,2.99,1.0,0.95,1.41,0.0,19.73,0.78,0.0,0.05,0
0.8,0.6,2.59,0.8,1.19,19.37,135.82,1.0,0.0,0.6,4.61,0.87,5.98,71.42,3.41,0.0,14.45,1.0,3.83,0.4,2.19,2.41,0.0,7.2,0.97,0.0,2.2,1
0.63,0.0,1.63,6.06,1.0,13.43,171.68,1.0,0.37,1.63,7.51,1.52,6.32,58.96,1.0,0.0,2.63,1.0,6.46,1.37,1.0,1.56,0.0,6.0,0.97,0.0,0.74,0
0.0,0.17,1.0,0.0,0.0,5.51,72.78,1.0,0.0,1.0,6.17,1.02,0.34,40.06,1.67,0.0,7.36,1.83,1.98,0.0,1.0,0.74,0.0,6.34,0.95,0.0,0.5,0
0.0,0.24,1.0,0.0,0.0,7.94,72.57,1.0,0.0,0.0,7.3,4.45,0.24,0.0,1.21,0.76,4.73,0.24,2.66,1.0,0.24,0.0,0.0,6.0,0.95,0.0,0.24,0
0.0,0.0,1.0,5.02,5.02,4.72,79.56,1.0,1.43,0.85,7.43,0.6,0.0,80.1,3.0,0.0,0.85,1.0,3.3,0.72,2.0,0.3,0.0,203.95,0.99,0.0,0.28,1
0.17,0.0,1.0,0.0,0.17,4.51,56.3,1.0,0.0,0.83,5.16,1.18,0.51,27.43,1.34,0.0,4.51,1.83,1.42,0.17,1.17,1.06,0.0,19.67,0.94,0.0,0.17,1
0.84,2.51,1.0,18.41,5.02,10.7,711.12,1.0,25.95,11.53,16.04,0.8,2.51,83.22,1.0,1.67,17.72,2.84,7.39,0.0,0.16,1.28,0.0,6.0,0.99,0.0,1.84,0
0.0,0.0,1.0,4.39,4.39,6.74,180.39,1.0,1.56,0.44,11.92,1.52,0.0,73.45,2.13,0.0,0.87,1.0,4.2,1.44,1.56,0.43,0.0,161.82,0.96,0.0,0.87,1
0.0,0.0,1.0,0.86,0.86,8.3,260.34,1.0,0.86,1.28,15.46,2.38,0.0,52.42,1.28,0.0,2.14,1.0,6.55,1.72,1.14,0.39,0.0,6.0,0.92,0.0,1.86,0
0.0,0.0,1.48,0.52,0.52,4.67,162.82,1.0,0.52,1.96,11.23,1.54,0.96,39.5,1.48,0.0,1.52,1.0,5.1,2.0,1.48,0.92,0.48,6.0,0.93,0.0,1.04,0
7.61,19.2,1.0,3.3,3.3,0.66,105.48,4.3,2.65,6.61,3.3,0.24,0.0,59.18,3.0,1.98,9.33,1.67,4.82,0.0,0.67,0.39,0.0,12.64,0.79,0.0,1.67,0
0.0,0.0,1.0,0.0,0.93,1.21,26.82,1.0,0.0,0.28,1.34,2.84,0.93,2.27,1.0,0.0,1.34,1.07,1.17,0.93,1.0,0.14,0.0,6.0,0.86,0.0,0.07,0
0.0,0.0,1.0,0.0,0.0,6.87,48.8,1.0,0.0,1.14,7.27,1.55,0.0,33.04,3.15,0.43,5.56,2.0,0.85,0.0,0.43,0.42,0.0,6.0,0.93,0.0,0.57,0
0.83,0.0,1.0,0.83,0.0,2.34,66.0,1.0,0.59,9.7,9.51,0.75,0.41,67.63,1.0,0.0,9.37,1.59,3.04,0.0,0.41,0.37,0.0,130.76,0.97,0.0,1.0,0
0.5,0.0,2.0,0.5,1.5,8.01,59.79,1.0,0.0,0.75,9.24,0.64,3.01,28.52,3.25,0.0,0.75,1.0,2.13,0.25,1.75,1.52,0.0,139.42,0.71,0.0,0.25,1
0.0,0.0,1.0,0.66,0.66,7.28,215.94,1.0,0.66,2.03,13.22,1.97,0.0,45.47,1.0,0.0,3.37,1.34,5.58,1.31,1.0,0.98,0.0,6.0,0.93,0.0,1.66,0
0.0,0.0,1.0,0.97,0.97,8.87,288.94,1.0,0.97,1.0,16.72,2.64,0.0,51.51,1.0,0.0,2.05,1.03,6.53,1.95,1.0,0.46,0.0,6.0,0.92,0.0,1.95,0
0.0,0.83,1.0,0.17,0.0,0.83,52.77,1.0,0.0,0.83,3.49,1.33,0.0,32.77,1.66,0.51,5.15,0.83,2.67,0.68,0.83,0.95,0.0,6.0,0.95,0.0,0.83,0
0.54,0.0,1.0,0.0,0.54,4.07,57.64,1.0,1.07,3.07,6.1,1.02,1.07,73.56,1.0,0.54,7.93,2.0,2.17,0.54,0.0,1.14,0.0,10.83,0.92,0.0,1.0,1
0.0,0.0,1.0,0.0,1.0,1.0,36.11,1.0,0.0,0.93,11.25,0.75,0.07,14.91,3.8,0.0,1.0,1.0,1.78,0.07,1.0,0.33,0.0,171.85,0.63,0.0,0.0,1
2.0,1.0,2.0,0.0,0.0,1.0,45.0,1.0,0.0,3.0,9.0,0.31,1.0,83.0,2.0,0.0,12.0,3.0,3.25,1.0,0.0,1.36,0.0,6.0,0.97,0.0,1.0,0
2.0,0.0,4.0,2.0,2.25,21.76,102.27,1.0,0.0,5.5,2.25,0.62,9.25,68.75,1.0,0.0,0.0,1.0,3.62,0.75,3.25,3.9,0.0,6.0,0.98,0.0,1.0,0
0.62,1.52,1.0,0.0,2.24,4.14,200.01,1.0,2.27,0.0,21.32,0.63,3.11,0.0,1.0,4.92,5.03,1.76,3.13,0.62,0.62,0.98,0.0,18.48,0.85,0.0,0.38,1
0.22,0.11,1.0,6.35,6.35,4.89,109.31,1.0,2.0,0.22,10.69,0.63,0.11,89.46,3.0,0.11,0.86,1.11,2.34,0.89,1.89,0.46,0.0,252.32,1.0,0.0,0.22,1
0.75,2.25,1.0,0.0,0.0,2.5,44.38,1.0,0.37,1.0,3.75,0.75,0.0,37.12,1.75,0.0,5.87,2.0,2.73,0.0,1.0,0.47,0.0,7.5,0.85,0.0,0.75,0
1.47,0.51,1.0,0.49,3.45,2.49,60.66,1.0,0.0,2.04,7.07,1.07,0.0,88.25,1.51,0.0,0.51,1.0,2.93,0.0,1.0,0.28,0.0,9.07,0.86,0.0,1.02,0
0.0,0.0,1.0,0.0,0.4,0.4,25.21,1.0,0.0,0.0,6.43,1.52,0.4,0.0,0.4,0.6,3.41,0.4,1.0,1.0,0.4,0.0,0.0,6.0,0.75,0.0,0.0,0
0.83,2.0,1.0,0.44,0.44,3.91,74.31,1.44,0.26,4.61,6.17,0.6,0.0,35.48,1.09,0.26,6.17,1.96,3.56,0.0,0.96,1.96,0.0,6.52,0.97,0.0,1.0,0
2.0,5.97,1.0,0.0,0.01,0.01,20.02,1.0,1.0,1.0,0.01,0.27,0.02,43.81,2.99,0.0,8.97,2.0,4.77,0.0,1.0,0.01,0.0,10.04,0.69,0.0,1.99,0
0.0,3.21,1.0,2.51,2.51,5.0,61.83,1.0,0.72,0.0,2.86,2.63,0.0,32.22,1.07,0.64,0.64,0.36,3.13,1.64,1.36,0.15,0.0,104.82,0.95,0.0,0.0,1
0.0,1.86,1.0,4.39,4.39,5.0,74.51,1.0,1.26,0.0,5.02,1.78,0.0,56.51,1.88,0.37,0.37,0.63,2.78,1.37,1.63,0.26,0.0,179.29,0.97,0.0,0.0,1
1.22,0.0,3.45,1.22,1.83,17.73,88.37,1.0,0.0,0.0,4.5,0.68,7.34,40.36,0.61,0.39,1.94,0.61,2.22,1.0,2.45,3.06,0.0,6.0,0.86,0.0,0.61,0
0.0,0.0,1.0,0.3,0.0,2.81,52.44,1.0,0.0,0.7,4.51,1.83,0.0,52.96,0.7,0.89,3.11,1.4,2.24,1.19,0.7,0.53,0.0,6.0,0.93,0.0,0.0,0
0.0,0.0,1.0,0.0,0.0,5.29,68.29,1.0,0.0,0.0,6.98,1.48,0.0,0.0,3.02,0.24,5.0,0.76,1.38,0.24,0.76,0.27,0.0,114.76,0.89,0.0,0.76,1
1.21,0.0,1.0,1.61,0.0,0.0,29.72,1.0,0.0,13.34,4.03,1.55,0.61,86.05,0.61,1.18,0.39,0.61,4.91,1.57,0.61,0.36,0.0,6.0,0.94,0.0,0.61,0
0.0,0.41,1.0,0.0,0.0,7.51,63.82,1.0,0.0,1.18,7.9,1.16,0.41,34.21,2.64,0.0,8.18,1.59,2.12,0.41,0.41,0.43,0.0,6.0,0.96,0.0,1.0,0
2.32,0.68,1.0,1.0,2.59,3.68,189.26,1.0,1.36,1.36,23.76,0.85,0.68,89.78,2.36,0.68,5.45,1.68,2.67,0.0,1.0,0.55,0.0,6.0,0.92,0.0,1.36,0
0.0,0.64,1.0,0.0,0.16,0.97,100.19,1.0,0.97,0.0,16.92,0.64,0.0,0.0,0.16,2.93,5.8,0.48,1.38,0.84,0.0,0.05,0.0,7.61,0.72,0.0,0.16,0
0.0,0.34,1.0,0.0,0.0,2.98,81.8,1.0,0.66,1.0,9.29,1.05,0.0,46.79,1.34,0.0,12.62,1.66,1.68,0.0,0.34,0.52,0.0,146.92,0.97,0.0,1.0,0
0.0,0.1,1.0,0.0,0.1,10.96,33.96,1.0,0.0,0.42,1.94,2.34,0.0,8.02,5.58,0.9,1.0,1.9,0.34,0.0,1.0,0.06,0.0,6.62,0.89,0.0,0.21,0
0.0,0.0,1.0,0.85,0.0,0.88,43.87,1.0,0.0,0.88,2.02,3.25,0.15,95.33,0.44,2.56,2.02,0.15,4.18,3.56,0.15,0.15,0.0,6.0,0.91,0.0,0.15,0
0.47,0.0,1.53,0.0,0.47,8.59,108.37,1.0,0.53,1.59,4.19,1.3,3.0,23.91,3.0,0.0,13.38,1.0,2.73,1.53,2.0,2.33,0.0,99.75,0.82,0.0,1.53,1
0.0,0.0,1.0,0.0,0.0,3.16,68.21,1.0,0.16,1.84,12.0,0.89,0.0,58.49,1.0,0.0,10.14,2.0,1.47,0.0,0.0,0.65,0.0,40.65,0.97,0.0,1.0,0
0.0,0.81,1.0,0.0,0.0,11.32,123.67,1.0,0.0,1.37,6.81,0.86,1.63,71.27,4.63,0.0,20.09,1.0,4.65,0.0,1.19,0.57,0.0,7.63,0.97,0.0,2.63,1
0.18,4.7,1.0,0.06,0.36,4.88,45.48,1.0,0.0,0.0,0.24,3.59,0.0,6.06,0.06,0.94,0.94,0.06,3.54,1.88,1.0,0.0,0.0,6.0,0.91,0.0,0.0,0
0.0,0.0,1.0,0.0,0.0,11.88,30.92,1.0,0.0,0.0,1.16,2.56,0.0,0.0,5.88,1.0,1.06,1.96,0.05,0.02,0.98,0.0,0.0,6.0,0.89,0.0,0.0,0
0.0,0.0,1.0,4.36,4.74,3.49,66.37,1.0,1.25,0.0,5.36,1.52,0.38,56.07,2.25,0.0,0.38,1.0,1.81,1.0,1.62,0.26,0.0,177.96,0.95,0.0,0.0,1
0.02,0.07,1.0,0.53,0.14,4.19,43.43,1.0,0.74,0.31,1.41,5.88,0.07,2.22,0.02,2.0,0.48,0.07,4.1,3.9,0.98,0.03,0.0,6.0,0.84,0.0,0.05,0
2.42,0.0,1.0,0.81,4.85,5.3,55.49,1.0,0.0,0.0,3.81,1.67,0.19,80.82,0.81,0.38,0.58,0.81,2.33,0.19,0.81,0.26,0.0,6.0,0.75,0.0,0.0,0
0.85,1.0,1.42,0.0,0.0,8.49,56.52,1.0,0.0,1.27,4.97,1.06,1.0,35.21,3.73,0.0,9.12,1.85,3.11,1.0,0.58,0.58,0.0,6.0,0.96,0.0,1.0,1
0.0,0.0,1.0,0.0,0.0,4.0,48.0,1.0,0.0,3.0,6.0,0.55,0.0,55.0,3.0,0.0,3.0,1.0,5.83,0.0,2.0,0.0,0.0,6.0,0.96,0.0,1.0,0
1.31,0.65,1.65,0.0,0.35,1.0,42.23,1.0,0.0,2.31,10.04,0.41,0.65,59.83,2.69,0.0,8.2,2.31,2.76,0.65,0.35,1.01,0.0,67.54,0.85,0.0,0.65,1
0.7,4.22,1.0,1.81,2.1,7.22,122.0,1.0,0.0,0.0,2.0,1.7,3.49,30.12,1.0,0.9,2.9,1.0,7.42,1.0,0.7,0.98,0.0,15.78,0.83,0.0,0.6,1
1.32,0.66,1.0,0.66,1.0,2.99,175.61,1.0,1.32,1.32,22.19,1.48,1.0,56.27,2.32,0.66,5.63,1.66,2.13,0.34,1.0,0.53,0.0,6.0,0.94,0.0,1.32,0
0.64,0.72,1.36,0.0,0.64,8.81,56.4,1.0,0.36,2.17,1.0,1.36,3.36,18.1,3.72,0.36,8.09,1.0,3.99,0.64,2.72,2.44,0.0,59.12,0.93,0.0,1.36,1
0.8,0.2,1.0,0.0,0.8,6.77,55.36,1.0,1.61,3.21,1.2,1.27,1.8,69.9,1.79,0.8,7.0,1.8,2.8,1.0,0.2,1.21,0.0,13.23,0.9,0.0,1.0,1
0.0,1.4,1.0,0.0,0.0,13.1,62.99,1.0,0.0,0.0,1.8,1.83,0.9,0.0,4.5,0.1,6.4,0.9,3.06,1.1,1.0,0.0,0.0,6.0,0.95,0.0,0.9,0
0.0,1.17,1.0,0.0,0.06,12.6,160.93,1.0,0.35,0.94,9.65,0.94,1.88,70.68,4.77,0.75,23.19,1.12,4.32,0.0,0.94,0.68,0.0,8.46,0.97,0.0,2.88,1
0.0,0.0,1.0,0.0,0.0,4.34,30.55,1.0,0.0,0.0,1.56,5.52,0.0,0.0,0.45,1.77,0.56,0.11,3.72,3.55,1.0,0.04,0.0,22.27,0.85,0.0,0.11,1
0.0,0.24,1.76,0.0,0.0,3.37,30.84,1.0,0.0,2.28,4.28,0.63,1.76,19.74,2.72,0.0,2.45,1.0,3.3,1.76,1.76,1.08,0.76,6.0,0.95,0.0,0.24,0
0.0,0.91,1.0,0.0,0.0,12.16,132.27,1.0,0.0,1.19,6.91,0.89,1.81,73.12,4.81,0.0,22.03,1.0,4.51,0.0,1.09,0.63,0.0,7.81,0.97,0.0,2.81,1
1.96,1.96,1.0,0.0,0.0,2.04,77.35,1.0,0.0,1.04,15.78,0.34,0.0,94.13,4.96,0.0,13.76,1.98,2.38,0.0,1.02,1.16,0.0,6.0,0.98,0.0,1.98,0
1.66,3.19,1.0,1.84,0.83,6.19,268.82,1.0,1.66,1.66,27.78,1.4,0.83,87.52,2.66,1.34,7.5,1.83,5.23,0.17,0.83,0.67,0.0,6.0,0.98,0.0,2.0,1
0.0,0.0,1.0,2.19,2.19,4.31,94.06,1.0,1.31,0.69,10.75,0.99,0.0,70.08,1.63,0.0,10.99,1.69,1.62,0.31,0.63,0.27,0.0,238.72,0.98,0.0,0.69,0
0.0,3.67,1.0,1.23,0.0,14.62,122.91,1.0,0.0,0.0,2.0,2.28,0.79,20.54,4.18,0.62,6.59,1.0,6.02,1.0,0.79,0.0,0.0,6.0,0.95,0.0,1.21,0
0.59,1.78,1.0,4.93,4.93,3.52,70.66,1.0,1.7,0.3,5.63,0.52,0.0,76.37,3.0,0.0,2.67,1.3,3.03,0.7,1.7,0.29,0.0,201.4,0.91,0.0,0.59,1
0.0,4.29,1.0,0.0,0.0,5.29,50.27,1.0,0.0,0.0,0.86,3.47,0.0,0.0,0.57,0.86,1.57,0.14,3.3,1.71,1.0,0.05,0.0,26.52,0.92,0.0,0.14,1
0.0,0.93,1.0,0.0,0.0,13.14,135.65,1.0,0.0,0.93,6.71,1.14,1.93,69.65,4.64,0.14,22.5,0.93,4.16,0.07,0.93,0.75,0.0,7.86,0.94,0.0,2.79,1
2.0,6.0,1.0,0.0,0.0,0.0,20.0,1.0,1.0,1.0,0.0,0.27,0.0,44.0,3.0,0.0,9.0,2.0,4.78,0.0,1.0,0.0,0.0,10.0,0.69,0.0,2.0,0
0.82,1.59,1.59,0.41,0.41,8.71,151.24,1.0,1.41,4.35,14.18,0.56,2.76,64.41,4.18,1.0,9.18,1.41,6.56,0.0,2.76,1.6,0.0,8.35,0.97,0.0,2.0,1
2.43,0.57,1.0,1.0,3.13,3.57,167.82,1.0,1.15,1.15,20.65,0.9,0.57,91.39,2.15,0.57,4.59,1.57,2.65,0.0,1.0,0.46,0.0,6.0,0.9,0.0,1.15,0
1.03,2.5,1.0,7.16,7.16,4.84,102.17,1.54,2.22,0.98,8.11,0.6,0.0,90.0,3.0,0.33,0.54,1.0,2.44,0.95,1.89,0.46,0.0,267.64,1.0,0.0,0.05,1
0.0,1.87,1.94,0.06,0.06,11.81,93.85,1.0,1.0,5.68,2.03,0.59,3.74,50.13,4.74,0.94,9.48,1.0,9.08,0.13,3.81,2.06,0.0,9.74,0.96,0.0,2.0,1
0.89,0.0,1.0,0.0,0.89,6.13,54.47,1.0,1.77,3.55,1.23,1.49,1.89,77.14,0.89,1.11,6.55,1.77,2.59,1.0,0.0,1.48,0.0,13.98,0.85,0.0,0.89,1
1.15,2.79,1.0,0.61,0.61,14.21,78.92,1.61,0.36,1.09,3.42,3.65,0.94,5.46,0.18,2.24,3.42,0.06,1.55,0.94,0.0,1.32,0.0,6.73,0.64,0.0,0.06,0
2.0,0.05,1.05,1.91,0.0,0.05,25.92,1.0,0.0,21.12,6.14,0.17,1.0,77.28,1.05,0.0,0.55,1.09,5.4,0.05,0.95,0.63,0.0,6.0,0.97,0.0,1.0,0
2.0,1.0,2.0,0.0,0.0,1.0,45.0,1.0,0.0,3.0,9.0,0.31,1.0,83.0,2.0,0.0,12.0,3.0,3.25,1.0,0.0,1.36,0.0,6.0,0.97,0.0,1.0,0
0.73,4.73,1.0,0.0,0.63,3.81,316.22,1.0,4.17,0.37,33.62,0.78,0.0,16.09,1.73,8.25,9.63,2.63,3.86,0.0,0.37,0.19,0.0,13.81,0.88,0.0,1.37,1
0.44,0.22,1.0,0.22,1.0,1.66,74.14,1.0,0.44,0.44,8.01,2.5,1.0,18.61,1.44,0.22,2.53,1.22,1.37,0.78,1.0,0.18,0.0,6.0,0.88,0.0,0.44,0
17.69,42.53,1.0,9.31,9.31,2.15,277.0,10.23,5.69,16.77,11.77,0.21,0.08,89.61,3.0,5.61,9.85,1.08,4.74,0.0,0.08,1.15,0.0,17.08,1.0,0.0,1.08,0
0.47,0.76,1.0,0.47,0.76,1.53,57.84,1.0,0.0,8.25,9.05,0.79,0.24,77.0,1.76,0.0,0.76,1.0,3.8,0.0,1.0,0.55,0.0,10.58,0.94,0.0,1.76,0
0.0,0.0,1.0,0.0,0.0,4.0,53.87,1.0,0.0,3.35,6.0,0.57,0.0,47.4,2.31,0.0,4.04,1.35,5.03,0.0,1.65,0.69,0.0,6.0,0.96,0.0,1.0,0
0.14,0.43,1.0,3.18,0.87,5.16,161.95,1.0,4.48,4.44,7.73,0.59,0.43,60.49,2.71,0.29,5.46,1.29,6.17,0.0,1.71,0.17,0.0,6.0,0.97,0.0,1.14,0
2.0,0.0,1.0,2.0,0.0,0.0,25.0,1.0,0.0,22.0,6.0,0.16,1.0,77.0,1.0,0.0,0.0,1.0,5.5,0.0,1.0,0.6,0.0,6.0,0.97,0.0,1.0,0
0.0,0.0,1.72,0.0,0.0,4.27,33.09,1.0,0.0,2.15,4.43,1.33,1.72,18.6,1.43,0.57,1.57,0.72,2.81,1.72,1.43,1.4,0.72,6.0,0.85,0.0,0.0,0
0.0,0.65,1.0,0.0,0.0,5.87,78.91,1.0,0.0,5.22,6.96,1.05,0.87,59.12,2.61,0.13,7.09,0.87,5.03,1.13,1.0,0.87,0.0,6.0,0.97,0.0,0.87,0
0.0,0.0,1.0,0.0,0.0,7.78,28.59,1.0,0.0,0.0,4.16,1.81,0.0,0.0,3.89,1.0,2.41,1.3,0.35,0.35,0.65,0.0,0.0,6.0,0.81,0.0,0.0,0
0.0,2.0,2.0,0.0,0.0,12.01,79.97,1.0,1.0,5.99,1.0,0.46,3.99,49.88,4.99,1.0,9.98,1.0,9.23,0.0,3.99,2.16,0.0,9.99,0.97,0.0,2.0,1
0.0,0.0,1.0,0.0,0.81,1.93,35.18,1.0,0.0,1.12,2.3,2.56,1.0,12.67,1.37,0.0,2.3,1.0,1.79,1.0,1.0,0.19,0.0,6.0,0.88,0.0,0.19,0
0.0,13.2,1.0,5.66,0.0,16.26,330.9,1.0,0.0,0.23,2.23,4.58,0.0,96.18,1.0,2.83,5.06,1.06,16.88,0.94,0.06,0.11,0.0,6.0,0.96,0.0,1.94,0
0.0,0.0,1.0,0.8,1.69,1.46,43.28,1.0,0.23,0.89,11.54,0.59,0.0,24.45,3.89,0.0,0.89,1.0,1.89,0.11,1.11,0.36,0.0,195.19,0.66,0.0,0.0,1
0.51,6.8,1.51,7.54,0.51,16.49,220.06,1.0,0.0,1.03,2.0,2.77,5.14,80.98,1.0,1.46,3.97,1.0,11.85,1.0,0.51,1.13,0.0,6.0,0.98,0.0,0.97,0
0.62,0.62,1.0,0.0,0.0,5.44,80.75,1.0,0.0,0.31,9.12,1.33,0.0,29.67,4.31,0.0,7.81,1.31,1.75,0.0,1.0,0.62,0.0,105.03,0.96,0.0,1.31,1
0.87,2.26,1.0,0.87,0.57,3.39,286.2,1.0,3.39,9.56,32.57,0.68,0.43,33.47,1.0,7.35,5.65,2.13,4.28,0.0,0.43,0.43,0.0,11.65,0.98,0.0,1.0,1
0.0,0.0,1.0,0.16,0.16,6.48,117.49,1.0,0.16,5.21,9.43,0.97,0.84,65.46,2.68,0.0,7.05,1.0,5.47,1.16,1.0,0.91,0.0,6.0,0.97,0.0,1.16,0
0.0,0.0,1.0,0.74,0.26,0.26,37.0,1.0,0.0,0.26,3.85,2.89,0.0,78.22,1.04,2.22,1.0,0.26,3.44,2.96,0.26,0.09,0.0,52.15,0.82,0.0,0.0,0
0.0,1.46,1.0,0.0,0.0,4.29,47.12,1.0,0.0,2.12,4.25,1.49,0.0,38.92,2.12,0.29,2.42,0.71,5.18,0.58,1.71,0.0,0.0,6.0,0.95,0.0,0.71,0
0.69,0.35,1.0,0.35,0.35,4.0,130.08,1.0,0.69,3.31,15.35,0.65,0.35,51.0,1.69,0.35,6.69,2.0,3.23,0.0,1.0,1.58,0.0,6.0,0.97,0.0,1.35,0
1.48,2.03,1.0,0.74,0.74,4.26,199.39,1.0,1.48,1.48,24.49,1.49,0.74,63.09,2.23,1.0,6.2,1.48,2.94,0.52,1.0,0.59,0.0,6.0,0.96,0.0,1.48,0
0.04,0.0,1.0,0.0,0.04,4.11,24.72,1.0,0.0,0.0,1.0,5.84,0.11,0.0,0.11,1.92,0.26,0.04,3.89,3.89,1.04,0.1,0.0,9.05,0.84,0.0,0.04,0
18.51,44.82,1.0,9.74,9.74,2.33,273.55,10.74,5.85,17.54,9.82,0.26,0.03,87.7,2.92,5.9,9.82,0.97,4.82,0.03,0.0,1.19,0.0,17.69,0.99,0.0,0.97,0
1.06,0.0,1.0,1.06,0.0,1.41,42.86,1.0,0.0,12.6,8.82,0.48,0.53,68.07,1.0,0.0,4.23,1.47,3.62,0.0,0.53,0.66,0.0,6.0,0.97,0.0,1.0,0
0.0,0.57,1.0,0.25,0.0,0.7,39.13,1.0,0.0,0.0,9.67,0.72,0.0,4.09,0.04,1.08,5.0,0.04,1.68,1.0,0.0,0.0,0.0,6.0,0.69,0.0,0.08,0
0.19,0.58,1.0,4.27,1.16,7.16,222.74,1.0,6.01,2.52,10.74,4.48,0.58,18.03,0.19,1.19,7.1,0.58,3.64,0.81,0.0,0.22,0.0,6.0,0.95,0.0,0.39,0
0.0,0.86,1.0,0.99,1.85,2.42,71.39,1.0,0.28,3.44,9.72,0.94,0.0,78.83,2.14,0.0,0.86,1.0,3.14,0.14,1.14,0.52,0.0,50.11,0.94,0.0,1.72,0
0.84,0.84,1.0,4.05,4.05,3.73,86.09,1.0,1.16,0.42,11.38,0.5,0.0,92.11,3.84,0.0,5.91,1.42,2.3,0.58,1.58,0.74,0.0,165.55,0.99,0.0,0.84,1
0.0,0.4,1.0,0.0,0.6,1.0,44.55,1.0,0.0,1.0,8.82,0.69,0.0,17.19,3.21,0.0,2.99,1.0,2.06,0.0,1.0,0.67,0.0,113.25,0.75,0.0,0.4,1
0.38,0.0,1.0,0.0,1.15,1.15,25.62,1.0,0.0,0.0,6.92,0.47,1.92,0.0,0.38,0.62,3.85,0.38,1.77,1.0,0.38,0.54,0.0,11.38,0.71,0.0,0.0,0
1.57,0.78,1.0,0.78,0.78,4.0,208.63,1.0,1.57,2.22,27.16,0.68,0.78,78.51,3.0,0.78,6.92,1.78,3.39,0.0,1.22,0.63,0.0,6.0,0.98,0.0,1.78,0
2.0,0.79,1.0,1.21,0.79,3.14,204.14,1.0,1.57,6.29,27.21,0.59,1.0,83.29,2.57,0.79,6.29,1.79,3.31,0.0,1.0,0.76,0.0,6.0,0.98,0.0,1.79,0
0.09,0.91,1.0,0.0,0.09,13.22,63.95,1.0,0.17,0.35,1.91,1.58,1.09,7.58,4.65,0.09,7.0,1.09,2.98,1.0,0.91,0.13,0.0,6.78,0.95,0.0,1.0,0
0.0,0.0,1.0,0.0,0.0,7.37,81.26,1.0,0.0,0.0,5.86,1.88,0.05,0.0,3.81,0.09,4.91,0.95,1.49,0.05,0.95,0.41,0.0,143.3,0.94,0.0,0.95,1
0.32,0.68,1.0,0.0,0.32,11.78,58.03,1.0,0.0,0.0,1.68,1.7,1.63,0.0,4.37,0.0,7.0,1.0,2.37,1.0,1.32,0.82,0.0,31.65,0.94,0.0,1.0,1
0.0,1.0,1.0,0.0,0.0,1.0,56.0,1.0,0.0,1.0,4.0,0.84,0.0,19.0,2.0,0.0,6.0,1.0,2.4,0.0,1.0,1.14,0.0,6.0,0.96,0.0,1.0,0
0.03,0.0,1.06,0.03,0.04,4.37,95.49,1.0,0.99,0.99,11.84,1.15,0.18,61.07,1.0,0.0,15.76,1.99,1.33,0.01,0.06,0.27,0.0,215.85,0.97,0.0,1.0,0
0.0,0.0,1.0,1.0,0.0,0.0,37.0,1.0,0.0,0.0,1.0,3.7,0.0,100.0,0.0,3.0,1.0,0.0,4.0,4.0,0.0,0.0,0.0,6.0,0.89,0.0,0.0,0
0.0,0.0,1.0,0.23,0.0,3.07,53.86,1.0,0.0,0.77,4.83,1.66,0.0,48.64,0.77,0.7,3.3,1.53,2.08,0.93,0.77,0.57,0.0,6.0,0.94,0.0,0.0,0
0.0,13.98,1.0,5.99,0.0,16.99,346.69,1.0,0.0,0.0,2.0,4.82,0.0,99.93,1.0,3.0,5.0,1.0,17.67,1.0,0.0,0.0,0.0,6.0,0.96,0.0,2.0,0
0.83,0.34,1.17,0.0,2.49,4.53,34.32,1.0,0.17,1.02,1.83,0.37,4.83,8.47,1.68,0.17,3.36,1.0,4.06,0.83,1.51,1.53,0.0,18.31,0.81,0.0,0.34,0
17.82,43.15,1.0,9.38,9.38,2.12,265.75,10.38,5.63,17.13,9.75,0.2,0.0,86.47,2.88,5.63,9.75,1.06,4.83,0.0,0.06,1.23,0.0,17.26,1.0,0.0,1.0,0
1.28,0.0,1.0,1.28,0.0,1.45,33.31,1.0,0.0,15.13,6.0,0.3,0.64,69.05,1.72,0.0,1.08,1.0,5.62,0.0,1.36,0.38,0.0,6.0,0.97,0.0,1.0,0
1.37,0.69,1.69,0.0,0.0,1.94,49.41,1.0,0.0,2.37,8.06,0.54,0.69,67.27,1.69,0.0,9.48,2.69,2.7,0.69,0.31,1.17,0.0,6.0,0.97,0.0,0.69,0
0.0,0.99,1.0,0.0,0.0,1.07,56.29,1.0,0.0,0.99,4.02,0.85,0.0,18.79,2.02,0.0,5.99,1.0,2.39,0.0,1.0,1.13,0.0,7.62,0.96,0.0,1.0,0
0.0,3.68,1.0,0.0,0.0,3.68,48.63,1.0,0.0,0.33,1.32,2.79,0.0,6.26,0.66,0.67,2.65,0.33,3.2,1.34,1.0,0.38,0.0,6.0,0.93,0.0,0.33,0
0.0,0.49,1.25,0.0,0.0,5.97,55.89,1.0,0.25,3.74,4.77,0.53,0.99,53.77,3.49,0.25,4.73,1.0,6.68,0.0,2.49,0.53,0.0,6.99,0.96,0.0,1.25,0
0.0,0.38,1.0,0.0,0.0,5.3,40.77,1.0,0.0,0.0,6.97,0.96,0.38,0.0,1.89,0.62,5.76,0.38,1.76,1.0,0.38,0.0,0.0,6.0,0.78,0.0,0.38,0
1.07,0.07,1.07,0.0,0.93,6.59,43.14,1.0,0.0,0.21,1.55,1.76,2.86,5.69,2.93,0.0,7.34,1.14,1.15,1.0,1.86,2.51,0.0,81.45,0.92,0.0,1.0,1
0.73,0.64,1.0,0.73,0.0,8.28,98.88,1.0,0.0,8.62,6.64,0.65,1.64,75.73,3.55,0.0,15.29,1.0,4.78,0.0,1.0,0.66,0.0,7.27,0.97,0.0,2.27,1
7.6,19.6,1.6,4.0,4.0,8.0,159.62,5.0,3.0,10.8,4.6,0.34,2.4,66.0,4.2,3.0,10.0,1.0,7.51,0.0,2.4,1.77,0.0,13.2,0.98,0.0,1.6,1
0.0,0.0,1.0,0.0,0.91,1.28,42.37,1.0,0.09,1.0,12.0,0.64,0.0,20.17,3.72,0.0,2.39,1.09,1.78,0.0,0.91,0.34,0.0,187.24,0.65,0.0,0.09,1
0.0,0.0,1.52,0.0,0.0,0.0,22.87,1.0,0.0,1.56,7.39,0.42,1.04,13.55,1.04,0.48,2.92,0.52,2.25,1.52,1.04,0.74,0.52,6.0,0.81,0.0,0.0,0
1.0,0.0,1.1,0.86,1.0,7.86,48.48,1.0,0.0,0.19,1.1,1.77,3.67,6.05,2.81,0.0,6.62,1.0,1.51,1.0,1.9,2.56,0.0,79.22,0.92,0.0,0.9,1
0.27,0.0,1.0,0.0,0.27,4.27,49.35,1.0,0.54,3.27,4.65,0.72,0.54,63.64,2.46,0.27,4.08,1.27,5.0,0.27,1.46,0.4,0.0,8.43,0.94,0.0,1.0,0
0.0,0.0,1.0,0.0,0.59,2.23,31.68,1.0,0.0,0.59,7.5,2.8,0.0,9.46,2.36,0.82,0.59,0.59,2.72,1.64,1.0,0.21,0.0,111.2,0.7,0.0,0.0,0
0.0,0.0,1.78,0.0,0.0,0.87,29.8,1.0,0.0,3.22,5.22,0.38,1.56,27.52,1.78,0.0,2.09,1.22,3.42,1.56,1.78,1.55,0.78,6.0,0.95,0.0,0.22,0
0.57,0.0,1.0,0.43,1.0,6.72,156.85,1.0,1.57,2.71,7.87,1.82,1.14,71.98,1.0,0.57,4.85,1.57,4.43,1.43,0.43,1.05,0.0,11.14,0.9,0.0,1.43,1
1.64,0.64,1.0,0.64,1.0,4.36,180.22,1.0,2.0,2.73,21.36,0.88,1.36,85.73,2.27,1.0,7.64,2.0,2.72,0.36,0.64,1.05,0.0,9.28,0.94,0.0,1.64,0
0.0,1.0,1.0,0.0,0.0,6.19,59.59,1.0,0.0,0.6,3.2,1.15,0.4,11.42,3.2,0.0,6.4,1.0,2.64,0.4,1.0,0.69,0.0,6.0,0.96,0.0,1.0,0
1.88,1.77,1.0,0.0,0.35,2.12,71.89,1.0,0.0,0.88,14.39,0.34,0.58,84.05,4.54,0.0,12.62,1.88,2.38,0.12,1.0,1.21,0.0,7.61,0.96,0.0,1.77,0
0.0,0.88,1.0,0.0,0.88,1.77,63.09,1.0,0.0,3.53,10.0,0.94,0.0,68.0,1.77,0.12,1.47,0.88,3.01,0.12,0.88,0.48,0.0,11.3,0.9,0.0,1.77,0
0.0,0.0,1.0,0.0,0.0,6.38,78.46,1.0,0.0,0.83,6.0,1.54,0.0,6.87,3.38,0.0,5.21,1.21,1.92,0.0,1.0,0.7,0.0,120.04,0.96,0.0,1.0,1
0.99,0.0,1.0,0.0,2.96,3.15,25.5,1.0,0.0,0.0,2.01,0.39,4.95,0.0,0.99,0.02,2.01,0.99,2.98,1.0,0.99,1.4,0.0,19.83,0.77,0.0,0.0,0
0.84,2.74,1.0,0.42,1.0,5.16,389.06,1.0,4.33,0.84,44.63,0.93,0.42,35.58,1.84,7.98,9.16,2.58,3.07,0.0,0.42,0.5,0.0,11.81,0.98,0.0,1.42,1
0.41,1.24,1.0,9.09,2.48,7.3,380.33,1.0,12.8,5.96,10.96,0.95,1.24,57.78,1.0,0.83,10.61,2.41,4.25,0.0,0.59,0.91,0.0,6.0,0.97,0.0,0.83,0
0.49,0.0,1.0,0.16,0.98,3.84,48.81,1.0,0.0,2.51,5.67,0.65,0.0,62.32,2.67,0.0,2.51,1.0,5.3,0.0,1.84,0.0,0.0,6.0,0.93,0.0,0.84,0
1.0,0.0,1.0,0.0,1.0,5.2,52.02,1.0,1.8,3.61,1.0,1.25,2.1,78.5,1.2,0.9,7.0,1.9,2.58,1.0,0.2,1.61,0.0,22.03,0.89,0.0,1.0,1
0.1,0.97,1.0,0.03,0.19,13.65,64.62,1.0,0.0,0.0,2.06,1.61,0.97,3.18,4.87,0.0,6.78,1.0,2.99,0.97,1.0,0.0,0.0,6.0,0.95,0.0,0.97,0
0.73,2.18,1.0,16.01,4.37,10.64,631.3,1.0,22.55,9.46,14.73,1.09,2.18,67.66,1.82,1.46,15.91,2.46,6.34,0.0,0.27,0.93,0.0,45.23,0.99,0.0,1.73,1
0.22,0.0,1.22,1.95,0.22,8.17,87.47,1.0,0.0,5.13,6.7,0.69,2.95,66.92,2.57,0.0,6.92,1.0,5.48,1.0,1.0,1.26,0.0,6.0,0.98,0.0,0.78,0
0.39,0.61,1.0,0.0,1.0,3.96,58.18,1.0,0.0,2.43,6.46,1.34,1.18,46.76,2.39,0.0,3.36,1.0,2.38,0.39,1.39,1.35,0.0,41.46,0.92,0.0,1.61,1
1.0,0.0,1.0,0.0,1.0,6.34,46.3,1.0,0.66,1.32,1.0,1.64,2.67,28.68,2.34,0.33,7.0,1.33,1.58,1.0,1.34,2.24,0.0,63.26,0.9,0.0,1.0,1
0.0,0.74,1.0,0.0,0.74,5.39,67.48,1.0,0.0,2.96,8.17,1.74,0.26,56.92,1.48,0.52,1.52,0.74,2.77,0.26,0.74,0.75,0.0,10.44,0.84,0.0,1.48,1
1.14,3.42,1.0,3.01,3.01,2.15,50.97,1.0,1.43,0.57,3.44,0.42,0.0,63.79,3.0,0.0,5.13,1.57,3.71,0.43,1.43,0.18,0.0,127.01,0.82,0.0,1.14,1
0.0,0.0,1.0,0.0,0.0,5.39,89.0,1.0,0.54,0.54,9.23,1.45,0.0,32.84,2.39,0.0,10.92,1.54,1.4,0.0,0.46,0.28,0.0,187.14,0.97,0.0,1.0,1
0.0,0.62,1.0,0.0,0.62,2.77,66.85,1.0,0.0,4.0,8.47,0.85,0.0,60.13,1.62,0.0,2.92,1.38,3.36,0.0,1.0,1.1,0.0,9.7,0.94,0.0,1.62,0
0.0,0.0,1.0,0.8,0.2,0.2,37.0,1.0,0.0,0.2,3.15,3.09,0.0,83.6,0.78,2.41,1.0,0.2,3.58,3.22,0.2,0.07,0.0,40.75,0.84,0.0,0.0,0
0.17,0.0,1.92,0.17,0.0,9.15,154.07,1.0,0.92,4.61,6.92,0.74,2.83,47.71,2.83,0.0,17.39,1.0,4.36,1.83,1.92,1.97,0.0,102.11,0.75,0.0,1.92,1
1.1,2.35,1.0,0.55,1.0,4.9,358.37,1.0,3.8,1.1,42.01,0.88,0.55,46.72,2.1,6.4,8.9,2.45,2.99,0.0,0.55,0.57,0.0,10.5,0.98,0.0,1.55,1
0.87,0.0,1.13,0.0,0.87,6.07,39.95,1.0,0.0,0.4,1.53,1.66,2.87,3.45,2.87,0.0,6.2,1.0,1.32,1.13,2.0,2.44,0.13,76.26,0.92,0.0,0.87,1
0.0,0.21,1.0,0.0,0.0,12.21,52.98,1.0,0.0,0.21,2.24,2.17,0.41,15.53,5.79,0.79,5.76,1.79,0.91,0.0,1.0,0.14,0.0,6.41,0.9,0.0,0.62,0
0.0,0.0,1.0,0.53,0.53,4.08,67.05,1.0,0.15,3.7,6.15,0.62,0.0,37.32,1.15,0.0,5.55,1.92,3.41,0.08,1.08,1.88,0.0,26.91,0.97,0.0,0.92,0
0.0,0.05,1.0,0.0,0.0,4.46,25.89,1.0,0.0,0.0,1.05,5.8,0.05,0.0,0.23,1.91,0.32,0.05,3.95,3.86,1.0,0.0,0.0,6.0,0.84,0.0,0.05,0
0.0,0.0,1.0,0.0,0.0,4.93,27.56,1.0,0.0,0.0,1.17,5.82,0.08,0.0,0.0,2.0,0.25,0.0,3.77,3.75,0.92,0.11,0.0,6.0,0.81,0.0,0.0,0
0.35,0.65,1.35,3.19,0.35,14.71,77.4,1.0,0.0,0.71,2.0,1.34,4.19,22.32,3.58,0.0,5.58,1.0,4.18,1.0,1.0,0.78,0.0,6.0,0.97,0.0,0.65,0
1.14,1.14,1.0,0.0,0.0,3.73,76.71,1.0,0.0,0.57,12.98,2.51,0.0,54.0,2.84,0.43,9.68,1.14,2.41,0.43,0.57,0.67,0.0,6.0,0.96,0.0,1.14,0
0.22,0.0,1.0,0.07,0.45,5.78,81.69,1.0,0.0,5.55,7.7,0.69,0.93,70.39,2.85,0.0,7.4,1.0,5.05,0.93,1.0,0.93,0.0,6.0,0.96,0.0,0.93,0
0.71,0.0,1.71,6.39,0.71,12.52,84.91,1.0,0.0,2.29,3.16,0.76,7.1,60.68,1.58,0.0,3.0,1.0,6.19,0.71,1.29,1.56,0.0,6.0,0.99,0.0,0.29,0
0.64,0.64,1.0,0.0,0.0,3.36,69.15,1.0,0.0,3.04,9.19,0.53,0.0,52.78,2.28,0.0,8.55,2.0,3.12,0.0,1.0,1.74,0.0,6.0,0.97,0.0,1.32,0
2.25,1.0,1.0,0.75,4.75,3.75,161.68,1.0,1.5,0.0,16.27,1.13,0.0,74.96,1.0,3.26,2.5,1.5,2.76,0.0,0.75,0.07,0.0,8.5,0.84,0.0,0.25,0
0.0,0.0,1.0,1.0,1.0,9.0,295.0,1.0,1.0,1.0,17.0,2.68,0.0,52.0,1.0,0.0,2.0,1.0,6.67,2.0,1.0,0.45,0.0,6.0,0.92,0.0,2.0,1
1.21,3.63,1.0,0.0,0.0,1.58,35.41,1.0,0.6,1.0,2.37,0.57,0.0,39.65,2.21,0.0,7.02,2.0,3.48,0.0,1.0,0.3,0.0,8.42,0.79,0.0,1.21,0
0.0,0.0,1.33,0.0,0.0,5.97,86.74,1.0,0.33,3.0,6.33,0.63,0.98,51.72,3.0,0.0,8.25,1.0,5.31,0.66,2.0,0.69,0.0,40.47,0.89,0.0,1.33,1
0.0,0.0,1.0,0.0,0.0,4.0,63.39,1.0,0.0,3.91,6.0,0.61,0.0,35.08,1.19,0.0,5.72,1.91,3.72,0.0,1.09,1.81,0.0,6.0,0.97,0.0,1.0,0
0.0,0.0,1.0,0.0,0.0,5.9,75.98,1.0,0.05,0.05,9.15,5.16,0.0,2.98,0.05,0.95,4.59,0.1,2.49,0.95,0.0,0.01,0.0,16.39,0.95,0.0,0.05,1
0.35,2.6,1.0,0.0,1.7,4.95,324.73,1.0,3.89,0.0,35.09,0.82,1.76,0.0,1.0,8.43,7.19,2.3,3.22,0.35,0.35,0.68,0.0,17.4,0.91,0.0,0.65,1
1.0,0.0,1.0,0.0,1.79,5.42,35.87,1.0,0.0,0.0,1.4,1.27,3.79,0.0,2.21,0.0,5.02,1.0,1.79,1.0,1.6,2.12,0.0,60.47,0.86,0.0,0.6,1
1.52,4.57,1.0,0.24,0.0,0.0,24.06,1.0,0.76,0.76,0.24,1.09,0.0,57.36,2.28,0.72,7.09,1.52,4.59,0.95,0.76,0.0,0.0,9.05,0.74,0.0,1.52,0
0.0,0.0,1.0,0.0,0.0,6.04,74.33,1.0,0.0,0.0,6.55,1.61,0.0,0.0,3.45,0.14,5.0,0.86,1.43,0.14,0.86,0.31,0.0,130.27,0.92,0.0,0.86,1
0.0,0.0,1.0,0.0,0.0,8.43,79.13,1.0,0.0,4.38,6.65,1.52,1.0,49.62,2.19,0.54,6.65,0.73,4.19,1.0,0.73,1.09,0.0,6.0,0.88,0.0,0.73,0
0.0,0.0,1.0,0.0,0.0,4.0,66.46,1.0,0.05,3.85,6.29,0.65,0.0,34.37,1.0,0.0,6.49,2.0,3.39,0.0,0.95,1.91,0.0,16.39,0.97,0.0,1.0,0
0.0,0.0,1.0,0.0,0.0,8.91,72.09,1.0,0.0,0.0,7.06,4.88,0.32,0.0,0.0,1.32,3.68,0.0,2.16,1.0,0.0,0.43,0.0,6.0,0.84,0.0,0.0,0
0.78,3.13,1.0,1.34,0.78,9.24,111.0,1.0,0.0,0.0,1.22,2.53,2.33,22.37,2.55,0.67,6.55,1.0,4.73,1.0,1.55,2.02,0.0,68.88,0.92,0.0,1.22,1
0.0,1.65,1.65,0.0,0.0,8.14,71.59,1.0,0.65,4.25,2.05,0.59,2.6,39.13,3.95,0.65,8.6,1.0,6.85,0.0,2.95,1.81,0.0,8.6,0.96,0.0,1.65,1
1.82,0.91,2.0,0.0,0.0,1.81,55.87,1.0,0.09,3.0,8.82,0.35,1.18,79.58,2.09,0.0,12.63,2.82,3.34,1.09,0.18,1.42,0.0,15.44,0.95,0.0,1.09,0
0.0,0.0,1.0,0.29,0.0,2.12,55.38,1.0,0.0,1.41,8.78,1.68,0.0,70.31,0.71,0.88,6.66,1.41,2.23,1.17,0.0,0.52,0.0,6.0,0.95,0.0,0.71,0
0.91,2.73,1.0,20.63,6.09,11.36,769.13,1.0,28.36,11.82,17.09,0.81,2.73,92.73,1.18,1.82,18.18,2.82,7.62,0.09,0.18,1.08,0.0,31.14,1.0,0.0,1.82,1
0.0,0.0,1.0,0.0,0.0,3.85,50.18,1.0,0.0,2.85,6.87,0.59,0.0,55.44,2.71,0.0,3.87,1.15,5.2,0.0,1.71,0.11,0.0,6.0,0.96,0.0,1.0,0
0.0,0.65,1.0,0.0,0.0,9.5,113.66,1.0,0.0,1.35,8.75,0.9,1.3,69.04,3.6,0.0,18.74,1.35,3.37,0.0,0.65,0.71,0.0,7.3,0.97,0.0,2.3,1
0.0,0.49,1.25,0.75,0.0,2.94,47.55,1.0,0.25,1.47,1.0,2.9,0.98,87.73,1.23,2.51,3.21,0.25,5.29,3.02,0.98,0.53,0.0,6.98,0.91,0.0,0.49,0
0.0,0.0,1.0,5.48,5.48,6.02,143.54,1.0,1.75,0.25,10.28,1.14,0.0,80.35,2.49,0.0,0.51,1.0,3.41,1.25,1.75,0.43,0.0,211.93,0.98,0.0,0.51,1
1.61,0.0,1.0,1.22,0.39,2.72,31.99,1.0,0.0,13.46,4.06,0.82,1.78,47.11,1.78,0.0,2.72,1.0,3.75,0.39,1.39,1.38,0.0,37.44,0.95,0.0,1.0,0
1.14,0.28,1.0,0.0,0.86,6.3,47.89,1.0,0.0,0.14,3.09,1.66,2.58,13.26,3.28,0.0,7.98,1.14,1.18,0.86,1.86,2.4,0.0,75.69,0.92,0.0,1.14,1
0.0,0.0,1.0,0.0,0.0,4.0,64.3,1.0,0.57,0.57,7.24,3.25,0.0,34.62,0.57,0.86,9.08,1.14,2.47,1.73,0.43,0.11,0.0,126.89,0.91,0.0,0.57,0
0.4,0.0,1.4,3.61,0.4,8.81,54.48,1.0,0.0,0.8,1.4,3.93,4.01,25.26,0.4,1.2,1.2,0.4,4.94,2.8,1.0,0.88,0.0,6.0,0.9,0.0,0.0,0
0.13,1.0,1.0,0.07,0.07,1.2,69.12,1.0,0.13,1.07,5.93,0.83,0.07,23.4,2.07,0.07,6.13,1.07,2.42,0.0,1.0,1.12,0.0,6.0,0.96,0.0,1.07,0
0.0,0.0,1.0,0.06,1.0,1.47,40.01,1.0,0.06,0.06,1.95,2.98,0.94,3.07,1.0,0.0,1.06,1.0,1.33,1.06,1.0,0.03,0.0,6.0,0.86,0.0,0.12,0
7.01,15.35,1.0,3.34,5.34,2.67,109.77,4.34,2.0,6.01,4.67,0.29,3.33,30.04,1.67,2.0,4.67,1.0,3.64,0.67,0.67,1.33,0.0,19.33,0.85,0.0,0.33,1
1.0,0.0,1.0,0.0,1.0,5.87,48.63,1.0,1.13,2.25,1.0,1.48,2.44,49.02,1.87,0.56,7.0,1.56,1.99,1.0,0.87,1.98,0.0,46.43,0.9,0.0,1.0,1
0.0,3.68,1.0,0.0,0.89,5.47,441.64,1.0,5.37,0.11,47.84,1.05,0.0,2.0,1.11,11.63,9.58,2.79,3.24,0.0,0.11,0.38,0.0,14.95,0.98,0.0,1.0,1
0.85,0.85,1.0,0.0,0.0,7.74,50.44,1.0,0.0,0.43,7.39,1.58,0.0,40.46,5.57,0.57,6.54,2.0,0.98,0.0,1.0,0.5,0.0,6.0,0.93,0.0,0.85,0
0.0,3.5,1.0,0.0,0.0,7.1,40.51,1.0,0.0,0.0,0.3,3.38,0.0,0.0,1.8,1.0,1.0,0.6,2.52,1.4,1.0,0.0,0.0,6.0,0.91,0.0,0.0,0
0.0,0.66,1.0,0.0,0.0,9.96,115.33,1.0,0.0,2.01,6.66,0.83,1.32,60.82,3.65,0.0,17.92,1.34,4.08,0.0,1.0,1.14,0.0,7.32,0.97,0.0,2.32,1
0.61,0.61,1.0,0.0,0.0,3.39,40.44,1.0,0.0,0.3,5.57,4.28,0.0,28.93,1.52,1.39,4.26,0.61,3.48,2.78,1.0,0.36,0.0,6.0,0.88,0.0,0.61,0
0.97,2.9,1.0,21.24,5.79,12.0,808.94,1.0,29.92,12.55,17.41,0.89,2.9,89.77,1.17,1.97,19.34,2.97,7.87,0.0,0.03,1.11,0.0,6.0,0.99,0.0,1.93,0
1.44,1.44,1.0,0.0,0.28,1.72,66.61,1.0,0.0,1.0,14.89,0.41,0.0,73.05,4.72,0.0,10.39,1.72,2.17,0.0,1.0,0.95,0.0,55.47,0.88,0.0,1.44,1
0.0,1.82,1.0,0.0,0.0,12.14,60.88,1.0,0.0,0.0,1.59,2.06,0.79,0.0,3.97,0.21,5.76,0.79,3.12,1.21,1.0,0.0,0.0,6.0,0.95,0.0,0.79,0
0.0,0.0,1.0,0.0,0.7,0.7,33.69,1.0,0.0,0.7,11.4,0.58,0.0,11.18,2.8,0.3,2.2,0.7,1.58,0.3,0.7,0.25,0.0,130.4,0.63,0.0,0.0,1
0.0,2.99,1.0,0.0,0.75,5.49,387.56,1.0,4.73,0.25,42.6,1.1,0.0,15.47,1.0,9.7,11.52,2.75,2.82,0.0,0.0,0.27,0.0,67.5,0.98,0.0,1.0,1
0.37,1.11,1.0,8.17,2.23,6.97,340.93,1.0,11.51,6.71,10.46,0.65,1.11,69.11,2.26,0.74,9.31,1.74,6.69,0.0,1.26,0.43,0.0,6.0,0.97,0.0,1.37,0
0.0,0.28,1.0,0.0,0.72,4.4,66.44,1.0,0.0,1.0,10.58,0.69,0.57,32.7,4.28,0.0,7.51,1.0,2.55,0.0,1.0,0.45,0.0,134.18,0.71,0.0,0.85,1
1.0,0.0,1.0,0.0,1.0,5.22,51.9,1.0,1.78,3.56,1.0,1.26,2.11,77.41,1.22,0.89,7.0,1.89,2.56,1.0,0.22,1.62,0.0,22.94,0.89,0.0,1.0,1
18.22,43.75,1.0,9.56,9.8,2.05,267.94,10.51,5.71,17.12,9.71,0.22,0.0,90.49,2.9,5.71,9.51,1.0,4.8,0.0,0.05,1.12,0.0,17.41,0.99,0.0,0.95,0
0.0,0.0,1.0,0.0,0.0,3.0,63.0,1.0,0.0,2.0,12.0,0.84,0.0,58.0,1.0,0.0,9.0,2.0,1.5,0.0,0.0,0.73,0.0,6.0,0.97,0.0,1.0,0
0.0,0.26,1.74,0.0,0.0,3.39,51.52,1.0,0.0,2.48,5.52,0.47,2.0,38.76,2.78,0.0,6.99,1.0,3.65,1.48,1.74,1.24,0.74,6.52,0.95,0.0,0.78,0
0.0,0.0,1.0,0.0,0.32,3.05,56.14,1.0,0.0,3.05,7.9,0.61,0.0,27.62,1.95,0.0,4.42,1.68,2.97,0.0,1.0,1.48,0.0,62.34,0.86,0.0,0.68,0
0.0,14.0,1.0,6.0,0.0,17.0,347.0,1.0,0.0,0.0,2.0,4.82,0.0,100.0,1.0,3.0,5.0,1.0,17.69,1.0,0.0,0.0,0.0,6.0,0.96,0.0,2.0,0
0.09,0.0,1.09,0.85,0.09,4.23,66.49,1.0,0.0,2.0,11.06,0.84,0.94,58.47,1.0,0.0,8.43,1.91,1.96,0.09,0.09,0.87,0.0,6.0,0.97,0.0,0.91,0
0.54,1.0,1.0,0.27,1.0,2.54,118.11,1.0,0.54,3.46,16.23,0.91,0.27,79.17,2.27,0.27,2.9,1.27,3.12,0.0,1.0,0.61,0.0,10.37,0.94,0.0,2.0,1
0.0,0.56,1.0,0.0,0.0,9.89,115.7,1.0,0.0,3.22,7.44,0.81,1.56,71.89,4.11,0.0,16.9,1.0,4.76,0.44,1.0,0.83,0.0,7.11,0.97,0.0,2.11,1
2.0,4.09,1.0,0.0,0.0,0.96,47.72,1.0,0.52,1.0,7.65,0.3,0.0,68.37,3.96,0.0,11.39,2.0,3.59,0.0,1.0,0.56,0.0,8.09,0.83,0.0,2.0,0
0.0,0.0,1.79,0.0,0.0,7.94,137.19,1.0,0.79,2.38,7.62,0.74,2.38,35.74,2.38,0.21,16.12,0.79,3.58,1.79,1.59,1.67,0.0,89.39,0.72,0.0,1.59,1
0.52,0.0,1.52,4.65,0.52,10.2,83.09,1.0,0.0,2.97,3.93,0.73,5.17,48.51,1.0,0.0,4.45,1.48,4.96,0.52,1.0,2.1,0.0,6.0,0.98,0.0,0.48,0
0.0,4.0,1.0,0.0,1.0,6.0,487.0,1.0,6.0,0.0,53.0,1.08,0.0,0.0,1.0,13.0,10.0,3.0,3.33,0.0,0.0,0.29,0.0,16.0,0.99,0.0,1.0,1
0.64,0.0,1.64,5.77,0.64,12.41,94.26,1.0,0.0,3.43,4.15,0.77,6.77,64.79,1.72,0.0,4.79,1.0,5.94,1.0,1.0,1.77,0.0,6.0,0.99,0.0,0.36,0
0.0,0.74,1.0,0.26,0.0,10.39,57.79,1.0,0.0,0.0,1.74,2.16,0.74,25.76,3.71,0.77,5.45,0.74,3.26,1.77,0.74,0.0,0.0,6.0,0.94,0.0,0.74,0
0.0,1.06,1.0,0.0,0.0,4.21,84.39,1.0,0.79,0.79,9.45,1.71,0.0,48.05,0.79,0.21,12.82,1.58,1.79,0.42,0.21,0.16,0.0,173.79,0.96,0.0,0.79,0
0.0,0.06,1.0,6.57,6.57,5.55,90.34,1.0,1.88,0.0,7.63,0.68,0.06,84.48,3.12,0.0,0.43,1.0,2.34,1.0,1.94,0.39,0.0,265.07,1.0,0.0,0.06,1
0.15,0.95,1.0,0.05,1.25,2.05,67.25,1.0,0.0,3.8,9.7,1.0,0.0,78.14,1.95,0.0,0.95,1.0,3.24,0.0,1.0,0.51,0.0,11.7,0.92,0.0,1.9,0
0.19,4.03,1.19,1.75,0.19,7.14,55.72,1.0,0.0,0.39,0.39,3.18,1.95,12.28,0.19,0.81,1.39,0.19,4.13,1.81,1.0,0.43,0.0,6.0,0.93,0.0,0.0,0
15.62,37.99,1.0,8.22,8.4,2.0,241.46,9.22,4.93,15.51,10.0,0.32,0.0,87.69,2.82,4.93,8.4,1.0,4.62,0.0,0.18,1.07,0.0,16.93,0.98,0.0,1.18,1
0.87,0.0,1.0,0.0,2.74,2.74,26.55,1.0,0.0,0.13,3.29,0.38,4.36,2.06,1.39,0.0,1.87,1.0,2.85,0.87,1.0,1.27,0.0,41.15,0.75,0.0,0.0,1
3.0,0.0,1.0,1.0,6.0,3.0,53.0,1.0,0.0,0.0,4.0,1.15,0.0,100.0,1.0,0.0,0.0,1.0,2.57,0.0,1.0,0.0,0.0,6.0,0.78,0.0,0.0,0
3.0,0.0,1.0,1.0,6.0,3.0,53.0,1.0,0.0,0.0,4.0,1.15,0.0,100.0,1.0,0.0,0.0,1.0,2.57,0.0,1.0,0.0,0.0,6.0,0.78,0.0,0.0,0
0.93,0.0,1.0,0.0,0.93,4.93,52.66,1.0,1.86,3.93,1.34,1.14,1.86,84.82,1.14,0.93,6.73,1.93,2.96,0.93,0.14,1.4,0.0,14.39,0.89,0.0,1.0,1
0.71,2.71,1.29,15.67,4.27,12.0,619.06,1.0,22.36,10.98,13.11,0.72,3.29,80.62,2.15,1.71,17.12,2.42,8.47,0.0,1.15,1.44,0.0,7.15,0.99,0.0,2.0,1
0.9,0.0,1.0,0.0,0.9,6.9,47.09,1.0,0.0,0.6,1.7,1.75,2.8,6.79,3.0,0.0,7.1,1.0,1.42,1.0,1.9,2.44,0.0,78.91,0.92,0.0,1.0,1
0.0,0.39,1.0,0.0,0.0,7.26,63.77,1.0,0.0,1.23,8.13,1.14,0.39,35.55,2.55,0.0,8.23,1.61,2.08,0.39,0.39,0.45,0.0,6.0,0.96,0.0,1.0,0
0.0,0.0,1.0,0.0,0.0,4.0,43.04,1.0,0.27,0.27,3.95,4.7,0.0,16.36,0.27,1.46,4.29,0.54,3.28,2.93,0.73,0.05,0.0,63.13,0.87,0.0,0.27,0
0.62,2.55,1.0,0.0,0.0,0.69,44.84,1.0,0.31,1.0,2.76,0.66,0.0,26.75,2.31,0.0,6.93,1.31,3.14,0.0,1.0,0.79,0.0,7.24,0.88,0.0,1.31,0
0.0,0.0,1.72,0.0,0.0,11.42,137.56,1.0,0.72,2.15,5.86,1.67,2.43,32.2,2.15,0.57,14.45,0.72,3.42,1.72,1.43,1.88,0.0,81.13,0.7,0.0,1.43,1
0.47,1.41,1.0,0.0,0.0,2.29,52.88,1.0,0.24,1.76,9.18,0.71,0.0,54.71,1.47,0.0,9.0,2.0,2.27,0.0,0.24,0.56,0.0,6.94,0.9,0.0,1.24,0
0.4,0.2,1.2,0.0,0.0,3.41,56.23,1.0,0.0,1.4,6.59,0.9,0.2,42.9,1.2,0.0,5.58,2.2,1.85,0.2,0.8,0.87,0.0,6.0,0.95,0.0,0.2,0
0.0,0.41,1.0,0.0,0.0,3.94,72.48,1.0,0.0,3.94,6.35,0.73,0.59,47.85,2.59,0.0,7.18,1.0,4.08,0.59,1.0,1.06,0.0,6.0,0.97,0.0,1.0,0
0.0,0.0,1.0,0.0,0.0,0.01,26.03,1.0,0.0,0.0,9.99,0.55,0.0,0.0,0.0,1.0,5.0,0.0,1.0,1.0,0.0,0.0,0.0,6.13,0.67,0.0,0.0,0
0.0,0.88,1.0,0.0,0.0,1.7,59.05,1.0,0.0,0.88,4.23,0.95,0.0,16.77,2.23,0.0,5.88,1.0,2.29,0.0,1.0,1.05,0.0,22.9,0.96,0.0,1.0,1
0.93,0.0,1.0,0.93,0.0,6.41,27.67,1.0,0.0,10.24,3.33,1.41,0.47,35.84,3.67,0.53,0.53,1.53,2.56,0.0,1.0,0.28,0.0,6.0,0.93,0.0,0.47,0
0.49,0.0,1.51,0.0,1.48,6.55,96.57,1.0,0.51,1.52,4.54,0.57,3.98,22.84,2.02,0.0,10.63,1.0,3.63,1.51,1.51,1.76,0.0,66.19,0.75,0.0,1.02,1
1.88,0.0,1.0,0.63,3.76,4.49,63.81,1.0,0.0,0.0,4.75,1.38,0.0,62.72,2.12,0.0,1.86,1.0,2.17,0.0,1.0,0.14,0.0,59.68,0.85,0.0,0.37,1
0.0,0.0,1.0,0.0,0.0,9.6,38.72,1.0,0.0,0.3,2.5,2.06,0.0,9.92,4.5,0.7,1.9,2.0,0.45,0.0,1.0,0.23,0.0,6.0,0.91,0.0,0.0,0
0.0,0.0,1.0,0.0,0.0,5.61,50.64,1.0,0.0,2.56,5.56,1.04,0.15,46.93,2.56,0.29,3.0,0.85,5.17,0.15,1.71,0.2,0.0,6.0,0.91,0.0,0.85,0
0.0,0.23,1.0,0.0,0.0,12.46,38.02,1.0,0.0,0.0,1.23,2.3,0.23,0.0,5.77,0.77,2.38,1.77,0.69,0.23,1.0,0.0,0.0,6.0,0.9,0.0,0.23,0
0.69,0.69,1.0,4.57,4.57,3.96,87.15,1.0,1.31,0.35,10.77,0.52,0.0,91.73,3.69,0.0,4.85,1.35,2.3,0.65,1.65,0.68,0.0,186.31,0.99,0.0,0.69,1
18.02,43.62,1.0,9.48,9.48,2.1,267.03,10.48,5.69,17.22,9.79,0.19,0.0,88.19,3.0,5.69,9.64,1.0,4.96,0.0,0.1,1.12,0.0,17.38,1.0,0.0,1.0,0
1.0,0.82,1.0,6.03,3.82,5.47,247.67,1.0,8.5,3.56,6.39,0.48,4.45,25.5,1.0,0.55,6.94,1.55,4.41,0.73,0.73,1.33,0.0,16.16,0.84,0.0,0.55,0
0.0,0.05,1.0,0.0,0.0,6.69,80.67,1.0,0.0,0.05,5.9,1.73,0.0,0.97,3.9,0.0,5.05,1.0,1.55,0.0,1.0,0.4,0.0,142.65,0.96,0.0,1.0,1
0.35,0.65,1.0,0.0,0.35,11.54,57.26,1.0,0.0,0.0,1.65,1.71,1.7,0.0,4.3,0.0,7.0,1.0,2.3,1.0,1.35,0.91,0.0,34.5,0.94,0.0,1.0,1
0.12,0.88,1.0,0.0,0.36,1.24,52.23,1.0,0.0,0.88,3.76,0.78,0.61,16.69,1.88,0.0,5.51,1.0,2.47,0.12,1.0,1.17,0.0,7.7,0.94,0.0,0.88,0
9.47,21.64,1.0,4.7,5.23,3.59,159.32,5.7,3.88,10.59,5.23,0.7,1.06,88.41,1.94,3.35,8.41,1.53,3.77,0.53,0.0,1.35,0.0,16.41,0.94,0.0,1.0,1
1.28,0.0,3.57,3.79,4.43,20.41,115.12,1.0,0.72,0.0,3.5,0.72,7.71,74.59,1.72,0.0,0.0,1.0,2.75,1.0,3.28,3.36,0.0,104.77,0.99,0.0,0.64,0
0.0,1.71,1.85,0.0,0.0,10.68,77.5,1.0,0.85,5.41,2.62,0.51,3.41,51.18,4.41,0.85,9.85,1.15,8.11,0.0,3.41,1.96,0.0,9.41,0.97,0.0,1.85,1
0.0,1.72,1.86,0.0,0.0,10.89,77.93,1.0,0.86,5.72,1.69,0.47,3.45,47.65,4.45,0.86,9.45,1.14,8.46,0.0,3.59,2.14,0.0,9.45,0.97,0.0,1.86,1
0.0,0.43,1.0,0.0,0.0,7.33,96.74,1.0,0.0,1.57,9.84,0.88,0.87,65.35,2.73,0.0,15.49,1.57,2.74,0.0,0.43,0.72,0.0,6.87,0.97,0.0,1.87,0
0.34,0.0,1.34,3.05,0.34,10.05,88.1,1.0,0.0,0.68,4.64,1.46,3.39,21.35,2.98,0.0,4.32,1.0,3.14,0.34,1.0,0.99,0.0,101.19,0.97,0.0,0.66,1
0.0,0.0,1.0,0.0,0.66,3.04,52.27,1.0,0.0,0.66,9.96,0.99,0.0,10.57,4.0,0.0,2.36,1.0,1.72,0.0,1.0,0.36,0.0,172.47,0.73,0.0,0.34,1
1.22,2.0,1.39,0.0,0.0,5.92,78.78,1.0,0.39,2.96,10.12,0.38,1.57,77.36,5.0,0.39,12.43,1.61,5.02,0.0,2.18,1.57,0.0,7.57,0.97,0.0,2.0,1
1.3,0.0,3.6,1.65,1.95,18.82,96.06,1.0,0.0,0.0,1.0,1.8,7.79,77.94,0.65,1.05,0.35,0.65,3.35,2.05,2.6,3.24,0.0,6.0,0.95,0.0,0.65,0
0.0,0.0,1.0,0.0,0.0,1.63,41.88,1.0,0.0,1.63,8.37,0.58,0.0,13.43,0.41,0.59,5.41,0.81,2.02,0.59,0.41,0.81,0.0,6.0,0.79,0.0,0.41,0
0.0,0.74,1.0,1.79,1.79,2.02,65.19,1.0,0.51,0.74,5.02,0.78,0.0,37.12,2.26,0.0,4.47,1.0,2.37,0.26,1.26,0.96,0.0,76.43,0.97,0.0,0.74,1
0.85,0.0,1.0,0.0,0.85,4.7,54.48,1.0,1.7,3.7,2.63,1.13,1.7,82.7,1.0,0.85,7.3,2.0,2.56,0.85,0.0,1.39,0.0,13.66,0.9,0.0,1.0,1
19.0,46.0,1.0,10.0,10.0,2.0,279.0,11.0,6.0,18.0,10.0,0.17,0.0,90.0,3.0,6.0,10.0,1.0,4.91,0.0,0.0,1.18,0.0,18.0,1.0,0.0,1.0,0
1.54,4.84,1.0,0.0,0.0,0.23,28.37,1.0,0.77,1.0,0.93,0.4,0.0,38.19,2.77,0.0,8.3,1.77,4.23,0.0,1.0,0.27,0.0,9.07,0.75,0.0,1.77,0
0.0,0.0,1.0,1.0,0.08,0.72,57.74,1.0,0.08,0.08,2.29,3.62,0.0,96.14,0.08,2.76,1.08,0.08,4.21,3.84,0.08,0.04,0.0,6.0,0.9,0.0,0.16,0
0.17,0.09,1.0,0.09,0.09,11.32,49.03,1.0,0.17,0.17,3.73,2.35,0.09,7.25,5.74,1.0,1.6,2.0,0.23,0.0,1.0,0.07,0.0,6.0,0.89,0.0,0.17,0
0.0,0.0,1.54,0.0,0.0,1.84,37.91,1.0,0.0,2.08,5.46,0.65,1.08,29.21,1.54,0.0,2.38,1.46,2.53,1.08,1.54,1.12,0.54,6.0,0.95,0.0,0.0,0
0.22,0.11,1.11,0.0,0.0,5.46,79.75,1.0,0.0,5.67,8.11,0.61,1.0,69.63,2.89,0.0,8.44,1.22,5.03,1.0,0.89,1.04,0.0,6.0,0.98,0.0,1.0,0
0.0,0.59,1.0,0.0,0.0,5.88,71.44,1.0,0.0,0.0,7.93,5.17,0.0,0.0,0.0,1.0,3.64,0.0,2.68,1.12,0.12,0.0,0.0,6.0,0.94,0.0,0.0,0
0.08,0.0,1.16,6.8,6.84,5.94,93.41,1.0,1.92,0.0,7.73,0.63,0.47,89.06,2.92,0.0,0.0,1.0,2.33,1.0,2.08,0.6,0.0,271.16,1.0,0.0,0.04,1
0.0,0.0,1.0,4.88,5.18,3.79,71.36,1.0,1.39,0.0,5.88,1.34,0.3,62.68,2.39,0.0,0.3,1.0,1.91,1.0,1.7,0.29,0.0,198.22,0.96,0.0,0.0,1
1.59,0.0,1.0,1.19,1.22,1.22,25.0,1.0,0.0,13.09,4.38,0.24,2.62,45.81,1.0,0.0,0.81,1.0,4.49,0.41,1.0,0.92,0.0,11.67,0.89,0.0,0.59,0
0.91,0.45,0.45,1.0,1.0,5.64,260.64,1.0,2.0,0.91,31.36,1.11,0.45,57.73,2.45,1.0,3.64,1.45,1.76,-0.55,1.55,0.47,0.0,6.0,0.96,0.0,1.45,0
1.02,0.0,5.0,2.0,2.02,33.9,115.26,1.0,0.0,0.0,1.0,1.39,9.06,66.0,3.94,0.98,-5.88,1.98,2.02,0.02,3.02,2.45,0.0,-73.39,0.96,0.0,0.02,0
0.0,-4.61,1.92,0.0,0.0,19.61,177.62,1.0,0.92,2.77,9.46,1.15,3.77,41.51,2.77,1.08,19.6,0.92,1.93,1.0,0.92,3.27,0.0,102.86,0.44,0.0,1.84,1
0.0,2.87,2.0,0.0,0.87,0.72,81.73,1.0,1.0,9.47,7.07,-2.06,3.13,116.79,6.73,-0.73,8.27,1.87,10.93,-0.87,4.87,1.48,0.0,15.2,1.24,0.0,3.73,1
17.26,44.26,1.0,10.87,10.0,0.26,243.26,11.0,6.0,17.13,-3.07,3.1,0.0,94.36,-1.36,8.61,-1.33,-0.74,6.4,3.49,-0.87,0.15,0.0,18.0,0.92,0.0,-0.74,1
0.0,0.0,1.0,6.23,4.48,2.99,87.8,1.0,1.49,0.0,6.23,1.92,-0.75,167.23,1.49,3.0,0.25,0.0,4.97,4.0,0.75,0.31,0.0,212.17,1.0,0.0,0.0,0
3.33,6.0,1.0,1.33,0.0,-9.98,-7.29,1.0,1.0,15.64,2.0,-2.21,0.0,95.24,3.67,-1.33,7.0,2.67,7.55,-0.67,1.67,-0.49,0.0,10.0,0.93,0.0,2.67,0
0.16,-0.92,5.0,2.0,3.0,37.26,239.07,1.0,0.92,0.0,-0.84,1.21,13.84,31.12,1.92,0.0,6.43,-0.84,3.92,1.92,5.84,5.68,0.0,102.39,0.76,0.0,1.92,1
-2.0,4.99,1.0,-1.0,-1.0,2.0,-151.61,1.0,-2.0,-1.0,-28.94,3.87,-1.0,-65.84,-0.99,0.0,-0.99,-1.0,3.29,2.0,1.0,0.34,0.0,6.0,0.9,0.0,-1.0,0
1.0,0.0,1.6,0.0,0.4,12.42,128.58,1.0,0.6,1.81,4.62,0.54,4.21,27.12,4.21,0.0,17.85,1.0,2.96,1.6,2.6,3.87,0.0,150.28,0.84,0.0,2.21,1
-0.53,1.02,1.51,-0.51,-0.05,7.58,38.75,1.0,0.51,3.05,0.47,-0.01,7.04,-25.46,3.04,0.51,7.09,1.0,6.4,1.0,2.53,2.5,0.0,22.04,0.87,0.0,1.02,1
19.0,41.26,2.0,8.95,8.95,-9.74,236.46,9.95,5.37,19.1,16.16,-0.99,0.11,163.52,0.21,5.37,14.68,3.0,4.96,0.11,-0.89,2.42,0.0,16.74,1.01,0.0,1.0,0
0.0,27.02,1.0,11.58,0.0,29.09,581.28,1.0,-0.93,-0.93,-7.3,8.22,0.0,136.26,1.0,5.79,-5.23,0.07,32.92,1.93,0.0,-0.19,0.0,-192.02,0.95,0.0,2.93,0
-1.73,0.0,-2.47,-1.73,-2.6,-10.75,-20.01,1.0,0.0,4.0,6.0,2.12,-10.41,-24.25,5.34,0.87,6.87,2.87,0.9,-0.87,-1.6,-2.34,0.0,6.0,0.89,0.0,0.13,0
0.0,0.0,1.0,0.52,0.0,0.39,0.79,1.0,0.0,0.0,-1.58,6.99,0.0,51.57,-2.06,3.55,-2.06,-0.52,5.29,6.06,0.48,-0.19,0.0,-68.27,0.8,0.0,-0.52,0
14.19,33.89,1.0,-9.46,3.15,7.12,-373.75,8.88,-19.7,3.94,-3.3,3.36,-1.36,-2.36,1.58,5.15,-4.88,-1.58,-1.22,1.0,0.0,1.36,0.0,15.46,0.61,0.0,-0.79,1
3.2,7.75,1.83,1.69,1.69,0.34,63.65,2.69,1.01,5.53,5.84,0.29,1.66,36.79,2.17,1.01,2.52,1.0,3.66,1.66,1.66,1.39,0.83,8.02,0.95,0.0,0.17,0
0.0,0.0,1.0,1.58,1.58,11.89,451.58,1.0,1.58,1.58,26.24,0.76,0.0,82.04,1.58,-1.16,3.16,1.58,8.21,0.84,1.0,0.71,0.0,6.0,0.97,0.0,3.16,0
0.0,0.0,2.0,0.0,0.0,19.77,203.3,1.0,1.0,3.0,8.78,-1.09,3.89,45.0,3.0,0.0,21.66,1.0,1.88,-0.66,1.11,3.28,0.0,111.0,0.53,0.0,2.0,1
1.0,0.0,2.0,9.0,1.0,14.07,109.63,1.0,1.93,5.85,2.0,0.18,9.04,146.75,-0.93,0.96,3.0,1.96,8.02,1.0,-0.93,1.14,0.0,-63.31,0.97,0.0,0.0,0
2.5,6.0,1.5,4.52,0.5,6.02,37.57,1.0,1.0,-0.0,-2.01,0.38,5.02,59.06,3.0,0.0,7.49,1.5,6.2,0.5,1.0,0.1,0.0,10.0,0.71,0.0,1.5,0
0.5,14.0,1.5,10.5,0.5,23.0,364.51,1.0,0.0,-1.0,-0.0,4.93,5.0,115.01,1.0,3.0,3.5,0.5,19.1,1.5,0.0,0.1,0.0,6.0,0.97,0.0,1.5,0
-0.06,0.0,-1.11,-1.06,1.41,-10.21,-11.46,1.0,0.0,0.53,4.64,0.49,-1.34,-17.44,1.0,0.0,4.11,1.53,2.21,0.47,-0.59,-0.85,0.0,20.0,0.76,0.0,-0.53,0
0.0,3.55,1.0,0.0,0.0,3.55,16.23,1.0,0.0,-0.89,6.45,3.13,0.0,-16.87,-1.78,1.89,0.56,-0.89,2.07,2.78,0.0,-1.01,0.0,6.0,0.64,0.0,-0.89,0
0.0,0.85,-1.54,-1.69,-2.54,-19.67,24.83,1.0,1.0,3.54,18.76,0.77,-9.3,75.37,1.85,0.0,26.14,3.69,1.52,0.0,-3.38,-2.88,0.0,219.0,0.97,0.0,1.0,0
-0.97,2.08,1.0,-21.44,-5.85,7.92,-706.24,1.0,-30.21,-12.67,-14.62,6.72,-1.95,-90.62,-0.97,1.0,-15.56,-2.92,-3.04,2.97,1.0,0.18,0.0,6.0,0.54,0.0,-1.95,0
-0.74,-0.74,0.26,0.0,1.74,5.43,35.52,1.0,0.0,-1.21,6.09,1.74,1.48,-45.27,4.74,0.0,-2.69,-0.48,0.17,0.0,2.48,1.27,0.0,243.79,0.57,0.0,0.0,1
3.25,0.0,3.51,3.25,1.88,18.19,88.97,1.0,0.0,22.0,0.36,0.3,8.53,118.39,1.63,-0.63,-3.14,1.63,6.75,0.0,3.51,3.74,0.0,6.0,1.17,0.0,1.63,0
0.0,-7.06,1.0,-4.74,1.0,2.05,236.46,1.0,6.0,0.0,52.21,-0.75,0.0,-79.03,4.95,11.42,6.84,3.79,-10.65,-0.79,0.79,0.29,0.0,16.0,0.93,0.0,-0.58,1
0.0,0.79,1.0,0.0,1.0,2.58,64.73,1.0,0.0,1.0,12.79,-0.11,0.79,16.0,3.21,-0.79,5.75,0.21,4.21,0.79,1.0,0.36,0.0,184.0,0.67,0.0,0.79,1
0.99,-3.94,1.0,1.0,1.0,8.01,-132.68,1.0,-2.94,4.94,-34.24,2.78,1.97,137.73,1.0,-11.83,-0.96,0.01,6.09,2.99,1.0,1.64,0.0,5.01,0.81,0.0,2.0,0
0.0,0.58,1.29,0.0,0.71,4.19,49.47,1.0,0.29,2.45,8.81,0.55,1.16,25.86,4.29,0.29,3.61,1.0,3.98,0.0,1.87,0.88,0.0,133.53,0.72,0.0,0.58,1
0.0,5.0,1.0,0.0,0.0,6.77,90.22,1.0,0.0,0.0,7.09,3.18,0.0,0.0,0.0,0.11,4.55,0.0,2.32,-0.66,0.11,0.0,0.0,6.0,1.02,0.0,0.0,0
2.88,3.0,1.94,22.0,6.0,0.73,746.84,1.0,31.0,14.88,19.88,0.25,2.06,100.51,-1.82,2.0,8.73,4.88,7.09,0.94,-0.94,1.76,0.0,4.12,1.0,0.0,0.12,0
0.0,4.55,1.0,0.0,0.0,-2.37,72.64,1.0,0.0,1.0,5.09,2.18,0.0,33.0,-4.46,0.0,4.0,0.18,4.77,1.82,1.0,0.75,0.0,6.0,0.98,0.0,0.0,0
0.0,-1.19,0.41,0.0,0.0,1.24,71.51,1.0,-0.59,3.03,10.97,1.0,-1.38,57.89,0.62,-0.59,4.43,1.59,0.64,1.0,-0.78,0.16,0.0,3.62,0.97,0.0,-0.19,0
0.99,0.0,1.99,8.9,0.99,23.87,81.42,1.0,0.0,-0.99,-2.96,2.79,9.89,7.91,4.02,1.0,1.0,2.0,0.49,0.99,0.01,2.18,0.0,6.0,0.92,0.0,-0.99,0
-0.57,1.14,1.0,11.96,2.85,7.56,395.64,1.0,16.52,8.27,3.46,0.91,1.14,62.56,-0.14,0.57,15.84,2.57,4.6,0.0,-0.57,0.93,0.0,6.0,0.98,0.0,1.0,0
1.78,0.89,1.0,0.89,0.89,15.0,233.01,1.0,1.78,-1.78,26.98,3.96,1.89,46.19,1.78,2.89,4.78,0.0,0.63,1.0,0.0,0.27,0.0,6.0,0.62,0.0,0.89,0
-0.59,4.41,0.41,0.0,1.78,6.18,33.16,1.0,0.0,-1.78,-4.14,3.77,2.37,-49.13,-0.59,1.0,-4.92,-1.18,3.45,2.0,1.59,0.03,0.0,14.29,0.8,0.0,-0.59,1
1.71,4.0,1.0,0.85,1.85,8.56,655.22,1.0,7.71,0.85,77.76,0.97,0.85,56.36,1.85,13.85,11.71,3.85,3.6,0.0,0.0,-0.0,0.0,16.0,1.0,0.0,1.85,1
-0.54,-1.61,2.0,-11.83,-3.23,5.7,-258.18,1.0,-15.67,-2.38,0.55,0.64,1.39,24.57,4.08,-1.08,9.86,-0.08,3.0,2.0,3.08,1.48,0.0,111.0,0.71,0.0,1.46,1
0.15,9.7,1.0,-1.85,0.92,5.55,447.1,1.0,6.55,-19.34,43.45,1.12,-0.92,-27.18,3.0,12.02,18.24,3.85,2.77,0.0,0.08,-0.28,0.0,19.24,0.71,0.0,2.0,1
0.0,0.0,2.0,-0.83,0.0,5.8,57.27,1.0,0.0,3.0,9.14,-1.28,2.0,-56.82,5.31,-2.48,4.31,1.83,1.33,-1.31,2.83,1.73,1.0,125.27,1.0,0.0,0.83,1
0.0,0.0,1.0,0.0,0.0,3.0,63.0,1.0,0.0,2.0,12.0,0.84,0.0,58.0,1.0,0.0,9.0,2.0,1.5,0.0,0.0,0.73,0.0,6.0,0.97,0.0,1.0,0
0.0,1.71,2.85,-0.85,-0.85,12.56,-17.64,1.0,1.0,7.27,-6.67,-1.11,6.42,43.29,6.42,0.85,25.83,1.0,6.46,0.29,4.56,3.57,0.0,114.42,0.77,0.0,2.0,1
1.0,0.0,1.0,0.0,0.41,8.76,35.36,1.0,0.0,-0.59,-5.46,5.05,3.0,-9.4,0.65,1.18,6.41,0.41,2.27,3.35,2.0,2.39,0.0,-17.59,1.04,0.0,1.0,0
0.0,0.0,1.0,0.0,0.0,-1.12,-4.97,1.0,0.0,0.0,7.12,-0.41,-0.87,0.0,6.0,0.13,2.75,2.0,-0.29,0.0,1.0,-1.17,0.0,6.0,0.94,0.0,0.0,0
0.94,0.06,1.94,8.49,0.0,27.21,95.2,1.0,0.0,-1.89,-5.55,1.48,10.44,-13.21,4.06,0.0,8.89,1.0,5.89,1.94,1.0,1.57,0.0,0.34,1.02,0.0,-0.89,0
3.0,0.0,1.0,1.0,6.0,10.26,26.7,1.0,0.0,-0.91,-0.53,2.47,0.0,70.07,5.53,0.91,-2.72,1.0,1.21,0.0,1.0,-0.68,0.0,6.0,0.73,0.0,0.0,0
1.0,0.0,2.6,9.0,1.0,12.41,67.1,1.0,0.0,3.79,-0.39,-2.18,11.2,78.55,2.2,-0.6,1.21,1.6,6.84,1.6,2.2,3.05,0.6,6.0,1.0,0.0,0.0,0
-0.52,-0.52,0.48,0.0,1.56,5.04,54.58,1.0,0.0,2.44,2.35,0.64,2.08,-10.23,0.48,0.0,0.79,0.96,3.37,0.0,1.52,2.02,0.0,13.29,0.86,0.0,0.48,1
0.0,0.0,1.0,1.65,0.65,1.94,179.1,1.0,0.65,0.65,6.17,1.97,0.0,133.59,0.65,2.35,-0.29,0.65,6.66,4.65,0.65,0.29,0.0,6.0,0.88,0.0,1.29,0
-0.74,2.98,1.0,1.0,-1.49,2.23,380.93,1.0,4.47,0.0,38.97,4.24,-3.72,100.0,0.0,12.68,6.96,1.49,4.25,3.26,-0.74,-0.82,0.0,3.02,1.05,0.0,0.74,0
0.0,0.0,1.0,6.14,6.14,6.88,113.63,1.0,1.76,-2.63,10.76,5.42,0.0,30.72,0.0,1.0,1.37,0.0,-0.55,1.88,0.0,0.37,0.0,248.29,0.98,0.0,-0.88,1
0.63,1.9,1.0,13.96,4.81,1.0,548.91,1.0,19.66,9.25,22.78,-0.47,1.9,74.99,0.83,0.63,13.05,1.63,7.0,0.0,0.37,1.08,0.0,184.0,0.68,0.0,1.27,1
1.0,3.0,1.0,22.0,6.0,12.0,770.06,1.0,30.06,12.06,7.63,5.39,3.0,35.49,0.06,3.89,4.91,1.11,10.69,3.77,0.94,0.96,0.0,-194.82,0.87,0.0,1.06,0
0.0,4.31,1.0,0.0,-0.69,6.38,31.22,1.0,0.0,-0.69,-2.76,3.45,0.0,-15.16,0.69,1.0,2.38,0.0,5.36,2.0,1.69,-0.37,0.0,1.87,0.94,0.0,-0.69,0
2.0,3.46,5.0,2.0,3.86,34.18,526.37,1.0,5.18,0.0,38.16,1.23,12.0,66.0,1.86,10.37,4.32,3.59,5.02,0.14,4.0,5.25,0.0,14.64,1.25,0.0,1.86,1
1.95,0.0,1.0,-6.63,-4.68,6.89,6.57,1.0,0.11,4.0,-5.63,2.36,4.84,1.73,1.0,1.0,13.63,2.0,1.52,1.0,0.0,3.57,0.0,-169.76,0.8,0.0,1.95,0
0.0,3.94,2.0,-0.79,-0.79,6.85,-30.77,1.0,0.21,2.21,-6.38,1.63,3.0,4.07,2.21,0.79,18.21,0.21,1.84,2.0,2.0,1.75,0.0,111.0,0.73,0.0,0.43,1
1.01,3.94,5.0,2.0,3.0,29.99,556.03,1.0,3.94,-3.94,52.28,0.67,10.03,-19.8,1.0,11.83,2.96,1.99,3.58,0.01,4.0,3.81,0.0,6.99,1.09,0.0,1.0,0
1.0,-0.83,2.0,9.0,0.17,19.3,105.78,1.0,0.0,-1.3,1.17,4.45,10.0,-0.6,-0.65,0.83,5.48,0.17,5.74,1.83,0.17,1.76,0.0,1.04,1.02,0.0,-1.65,0
0.0,4.79,0.21,0.0,1.0,17.01,522.4,1.0,6.0,-2.36,50.64,2.11,-0.79,-20.45,3.36,13.0,14.72,3.0,3.02,-0.79,-0.79,-0.83,-0.79,16.0,0.99,0.0,1.79,1
19.55,47.65,0.45,22.07,13.29,3.1,647.17,11.0,22.46,23.49,16.04,0.19,0.0,116.34,1.9,7.1,10.55,2.1,7.05,-1.1,-1.1,0.66,0.0,-39.61,1.14,0.0,1.0,0
2.0,1.04,1.0,0.0,-0.96,11.62,41.43,1.0,0.0,-2.85,7.34,1.79,0.0,20.9,8.85,0.96,14.0,2.96,-0.85,0.0,1.0,0.66,0.0,0.23,0.94,0.0,0.08,0
1.94,0.0,1.0,2.94,1.0,9.0,294.03,1.0,1.0,22.37,13.12,2.3,0.97,126.78,1.97,-0.97,-2.86,1.97,11.04,1.03,1.97,1.03,0.0,6.0,1.21,0.0,2.97,0
-0.63,-0.63,1.0,6.7,0.63,9.5,71.82,1.0,0.0,-0.63,-3.43,4.04,5.7,87.34,-0.63,3.0,-4.7,-1.27,5.95,4.0,0.63,0.53,0.0,6.0,0.91,0.0,-0.63,0
0.0,1.93,1.0,-0.93,0.0,25.05,237.38,1.0,0.0,1.93,12.56,-1.64,3.85,51.83,9.63,-2.78,45.31,1.93,4.72,-3.71,1.93,1.35,0.0,9.85,1.04,0.0,5.78,1
1.97,1.94,1.0,0.0,0.1,2.03,76.3,1.0,0.0,0.97,15.55,0.34,0.16,91.95,4.87,0.0,13.62,1.97,2.32,0.03,1.0,1.19,0.0,6.45,0.97,0.0,1.94,0
0.69,1.0,1.69,6.17,1.69,8.86,85.14,1.0,0.0,5.37,5.2,-2.11,6.86,120.2,2.69,-0.69,0.31,1.69,5.86,0.0,1.69,2.05,0.0,12.0,0.96,0.0,2.0,0
0.0,-1.74,0.13,0.0,0.0,-1.22,43.65,1.0,-0.87,-2.22,12.96,4.82,-3.48,11.52,-1.35,0.0,-2.22,0.13,0.01,0.87,-1.48,-1.88,0.0,2.52,0.94,0.0,-0.74,0
-0.02,6.66,2.0,11.56,0.49,22.66,148.17,1.0,-1.02,0.98,-13.88,2.95,9.49,70.69,-0.02,1.02,1.46,0.49,14.01,1.51,0.49,1.79,0.0,6.0,0.99,0.0,0.0,0
19.92,48.77,0.08,30.33,15.54,3.85,899.07,11.0,33.72,27.24,20.17,0.21,0.0,134.36,1.15,7.85,10.92,2.85,8.52,-1.85,-1.85,0.3,0.0,-79.03,1.25,0.0,1.0,0
-0.77,-1.32,1.77,-17.05,-4.65,12.45,-454.93,1.0,-23.25,-7.75,-6.52,1.59,1.0,-37.19,6.55,-1.55,6.23,-0.55,-0.02,2.55,2.55,0.74,0.0,87.36,0.75,0.0,1.0,0
1.02,-0.51,1.0,1.02,0.49,-0.02,15.01,1.0,0.0,10.21,9.95,0.17,0.51,16.0,3.49,0.0,0.49,1.0,2.97,0.0,1.0,0.39,0.0,180.93,0.64,0.0,-0.51,0
-0.91,0.91,1.0,0.0,-4.53,15.91,247.19,1.0,1.81,1.81,29.27,3.48,1.91,-13.59,1.81,2.91,10.25,0.91,1.46,1.0,0.0,2.06,0.0,6.0,0.79,0.0,1.81,0
-1.48,-3.45,1.74,0.0,1.0,2.0,68.0,1.0,-0.74,5.48,13.71,1.02,1.48,63.65,1.26,0.0,-4.93,0.26,2.25,1.48,1.74,1.6,0.74,9.03,1.11,0.0,0.52,0
1.0,3.0,1.0,22.0,6.0,10.89,808.75,1.0,31.0,13.0,13.57,1.18,3.0,93.0,1.0,2.55,17.78,3.0,8.95,1.66,0.55,1.15,0.0,6.0,0.94,0.0,2.0,0
2.0,1.0,1.0,1.0,1.0,4.0,253.0,1.0,2.0,2.0,33.0,0.71,1.0,85.0,3.0,1.0,8.0,2.0,2.71,0.0,1.0,0.8,0.0,6.0,0.98,0.0,2.0,0
0.0,-8.2,1.0,3.49,7.0,-4.96,-95.98,1.0,2.0,0.0,12.68,-1.88,0.0,31.44,2.41,-1.17,0.0,0.41,-7.47,1.0,2.0,0.42,0.0,282.0,0.83,0.0,-1.17,1
-0.77,0.0,1.0,1.0,0.23,9.77,311.86,1.0,-0.53,-2.06,23.13,5.88,-1.53,-14.66,0.23,0.0,-0.3,-0.53,6.52,2.0,1.0,-0.7,0.0,-0.9,0.96,0.0,1.23,0
3.99,0.0,1.0,2.99,1.0,3.0,222.14,1.0,2.0,22.9,34.99,0.03,2.0,142.73,2.0,1.0,2.03,2.0,5.8,0.0,1.0,0.26,0.0,6.0,0.99,0.0,2.0,1
-11.53,-36.04,1.0,-7.05,-0.13,3.78,-152.05,-6.83,-4.7,-14.1,-2.7,1.12,5.0,7.83,-0.57,-4.7,-5.83,1.0,1.17,1.0,1.78,0.47,0.0,10.6,0.61,0.0,-0.78,1
3.0,-0.57,1.0,1.0,6.0,-0.98,15.5,1.0,0.0,-0.57,5.14,3.67,-1.14,57.38,-1.84,0.57,-11.37,0.43,1.54,0.57,0.43,-0.4,0.0,4.86,0.77,0.0,-1.7,0
3.0,0.0,1.0,1.0,6.0,3.0,53.0,1.0,0.0,0.0,4.0,1.15,0.0,100.0,1.0,0.0,0.0,1.0,2.57,0.0,1.0,0.0,0.0,6.0,0.78,0.0,0.0,0
0.0,0.0,1.0,0.0,0.0,-5.15,64.63,1.0,0.0,0.0,16.87,3.01,0.0,0.0,-5.15,1.0,7.58,-1.72,3.19,1.86,-0.86,0.0,0.0,6.0,0.72,0.0,0.0,0
-1.5,3.25,1.0,0.0,1.0,15.01,477.24,1.0,6.0,-0.75,42.49,2.04,0.75,-71.3,1.0,13.0,4.75,2.25,3.86,0.75,0.0,-0.59,0.0,16.0,0.97,0.0,0.25,1
-1.15,4.6,1.0,3.45,0.0,16.77,270.01,1.0,-0.57,-0.57,7.15,4.4,0.0,32.2,2.85,1.72,2.7,0.43,8.92,0.57,0.43,0.36,0.0,147.7,1.11,0.0,1.0,1
3.0,0.0,1.0,1.0,6.0,3.0,48.95,1.0,0.0,-2.03,4.0,1.43,0.0,100.0,1.0,0.0,-1.35,1.0,1.22,0.0,1.0,-0.84,0.0,6.0,0.77,0.0,-0.68,0
17.14,41.6,1.0,9.02,8.12,1.0,246.38,10.02,5.41,13.63,4.0,0.1,0.0,30.73,2.9,5.41,14.12,1.0,3.88,0.0,0.1,1.72,0.0,11.41,1.02,0.0,0.1,0
-1.83,-0.92,1.92,-0.92,-0.92,5.49,-53.66,1.0,-0.92,0.92,-13.81,0.62,1.83,-36.63,0.0,0.08,15.07,-0.92,2.41,2.83,0.92,1.19,0.0,102.14,0.44,0.0,0.0,1
0.0,-0.94,1.0,0.0,1.0,5.7,63.35,1.0,0.0,5.7,15.76,0.41,0.94,62.11,4.94,0.0,2.88,1.0,4.52,0.94,1.0,0.22,0.0,184.0,0.63,0.0,0.0,1
0.69,-3.46,1.0,0.0,0.69,12.0,35.54,1.0,1.39,2.77,1.69,0.72,1.39,60.25,6.69,1.0,5.16,3.39,-0.59,-0.69,0.31,1.04,0.0,12.23,0.86,0.0,0.69,1
1.99,0.0,1.0,0.0,3.99,5.97,20.04,1.0,0.0,-2.97,-2.96,1.66,7.97,-54.51,1.0,0.0,5.96,1.0,-1.79,1.99,1.0,3.98,0.0,100.28,0.73,0.0,0.0,1
0.0,3.85,1.0,0.0,0.0,11.82,528.13,1.0,5.78,0.0,56.11,-0.07,-0.96,0.0,4.0,12.53,13.67,2.93,3.75,-0.96,0.04,0.65,0.0,159.64,1.08,0.0,1.96,1
-1.79,1.0,0.11,0.0,0.0,12.62,73.87,1.0,0.0,-1.68,-2.26,2.01,0.0,-55.18,4.68,0.0,1.53,-0.79,2.18,0.0,1.89,-0.07,0.0,6.0,0.94,0.0,1.0,0
2.0,6.0,1.0,0.0,0.0,2.89,33.75,1.0,1.0,-0.45,-4.34,0.95,0.0,2.03,5.17,0.0,6.11,1.28,4.78,0.0,1.72,-0.27,0.0,114.2,0.69,0.0,2.0,1
0.0,5.0,1.0,0.0,0.0,3.4,35.92,1.0,0.0,2.14,0.0,3.13,0.0,17.62,-1.6,1.0,1.53,0.53,4.67,2.0,1.0,0.87,0.0,-70.89,0.92,0.0,0.0,0
-11.9,-28.81,1.0,-5.64,-5.64,8.38,105.02,-5.26,-2.13,-9.65,16.38,2.73,0.0,37.2,-0.25,-3.76,10.99,2.0,2.41,1.25,0.63,-0.26,0.0,211.48,0.92,0.0,1.63,0
0.0,1.0,1.0,0.0,0.0,-0.93,21.21,1.0,0.0,-1.9,2.07,0.74,-0.97,6.44,2.0,0.0,1.17,1.0,2.96,-0.97,1.97,0.18,0.0,6.0,0.95,0.0,1.0,0
-0.8,-2.4,1.0,-17.63,-4.81,-2.41,-559.5,1.0,-24.84,-6.21,-3.61,0.87,-2.4,-15.07,1.0,-1.6,-7.22,1.2,-2.23,0.0,1.8,1.43,0.0,6.0,0.93,0.0,-0.8,0
0.0,3.1,1.0,0.0,1.9,6.0,458.31,1.0,6.0,-0.9,50.31,3.02,0.9,-17.04,0.1,13.0,5.52,3.0,2.08,0.9,0.0,-0.73,0.0,16.0,0.89,0.0,0.1,1
2.0,1.0,0.34,-4.98,1.0,-3.31,221.76,1.0,3.33,3.33,32.34,0.94,-4.32,100.95,3.0,1.66,10.66,2.66,0.33,0.0,0.34,0.33,0.0,11.98,0.9,0.0,2.66,1
0.0,-2.99,1.0,0.0,0.0,4.19,85.1,1.0,0.0,2.0,15.58,-0.34,0.0,58.0,3.39,-0.6,11.39,2.6,0.25,-1.19,0.0,0.95,0.0,92.01,0.99,0.0,1.6,1
0.0,-2.32,1.0,0.0,-0.58,5.21,-217.81,1.0,-3.47,0.0,-18.96,2.17,0.58,0.0,-0.58,-5.37,0.95,-1.74,-0.16,1.58,0.0,0.6,0.0,0.21,0.46,0.0,-0.58,0
2.0,-10.48,2.0,-5.3,0.0,-1.65,-204.01,1.0,0.0,3.0,9.0,-2.52,1.88,-5.3,5.53,-2.65,13.77,3.0,-9.72,1.0,0.88,1.36,0.0,6.0,0.97,0.0,0.12,0
-1.11,-2.78,1.0,7.0,7.56,6.11,118.64,1.0,1.44,1.67,13.55,1.02,0.0,108.32,2.44,0.0,-4.44,0.44,1.46,1.0,2.0,0.72,0.0,283.11,1.13,0.0,0.0,1
2.0,3.6,1.0,-1.6,0.0,3.6,120.53,1.0,0.0,-15.85,24.02,0.48,-0.8,109.44,8.21,0.0,25.23,2.8,-0.27,0.0,1.0,1.65,0.0,6.0,0.99,0.0,2.8,1
0.0,-0.91,1.0,0.91,0.91,4.81,221.7,1.0,1.81,2.91,27.42,1.18,0.91,48.93,-0.81,0.91,3.56,2.0,1.87,0.0,0.0,0.39,0.0,6.0,0.96,0.0,1.0,0
0.0,0.0,1.0,0.0,0.0,15.0,33.46,1.0,-0.9,0.0,-2.42,3.77,1.0,-25.31,0.0,2.0,-7.85,0.0,1.51,1.0,0.9,1.83,0.0,-186.53,0.59,0.0,-0.9,0
4.26,1.0,2.0,0.75,4.52,-5.79,62.34,1.0,0.0,3.0,11.26,-0.71,1.0,158.41,-1.77,-0.75,11.25,2.25,5.19,1.0,0.0,1.36,0.0,6.0,0.9,0.0,1.0,0
2.0,6.0,1.0,0.0,0.0,2.62,40.05,1.0,1.0,0.13,0.0,0.92,0.0,15.23,5.62,0.0,9.87,1.13,4.78,0.0,1.0,-0.34,0.0,135.52,0.7,0.0,2.87,1
-1.83,1.83,1.91,-1.83,0.0,14.97,109.27,1.0,0.91,-13.62,1.43,1.31,2.74,8.32,4.66,0.91,13.14,2.0,4.93,0.0,3.74,2.18,0.0,9.66,0.94,0.0,0.91,1
0.0,-8.42,1.0,-3.88,0.0,-6.36,-123.38,1.0,0.0,4.65,7.29,-1.96,0.0,-19.44,1.65,-1.94,6.65,2.0,-6.4,-0.65,1.65,2.74,0.0,6.0,0.97,0.0,0.35,0
0.0,2.0,2.0,0.0,0.0,12.96,65.65,1.0,1.0,6.96,-4.74,0.17,4.0,47.13,6.91,1.0,4.26,0.04,13.39,0.0,5.91,1.47,0.0,10.0,0.96,0.0,2.0,1
3.72,0.0,1.0,0.28,6.0,1.57,-127.72,1.0,-0.72,-0.72,-7.47,0.57,2.15,62.71,2.43,0.0,3.59,1.0,-1.49,-0.72,1.72,1.54,0.0,64.09,0.78,0.0,-0.72,1
0.0,0.0,1.51,0.0,0.0,7.08,131.5,1.0,1.0,2.03,9.43,0.97,1.54,52.78,2.03,0.0,17.54,1.49,2.82,1.03,1.03,1.18,0.0,163.49,0.85,0.0,1.51,0
0.0,1.0,1.0,0.57,0.57,-0.71,206.9,1.0,0.57,1.57,13.11,0.94,0.0,48.61,-0.85,-0.57,6.57,0.43,6.2,1.14,1.0,1.4,0.0,6.0,0.98,0.0,2.14,0
0.0,0.8,1.0,0.0,0.0,14.43,116.24,1.0,0.0,0.8,-1.41,6.3,1.6,60.16,4.01,1.2,15.24,0.8,6.71,3.2,1.8,0.56,0.0,7.6,1.07,0.0,2.41,1
0.0,3.32,1.0,0.0,1.83,5.99,420.1,1.0,4.99,1.0,47.73,1.03,0.0,16.0,4.83,9.97,5.16,3.49,3.77,-0.83,1.0,0.6,0.0,192.31,0.87,0.0,0.83,1
3.54,2.0,1.0,0.77,2.32,2.0,99.62,1.0,0.0,1.0,17.54,0.96,-3.86,172.21,5.0,0.0,12.46,2.0,1.97,-0.77,1.0,0.1,0.0,-4.81,0.99,0.0,2.0,0
-18.99,-45.98,1.0,-10.0,-10.0,18.99,-137.91,-9.0,-6.0,-17.99,2.0,9.07,1.0,-89.96,-3.0,-3.0,-3.0,-1.0,-1.02,2.0,0.0,0.15,0.0,-6.0,0.56,0.0,-1.0,0
-1.22,0.0,-1.45,-1.22,-1.83,-13.73,32.63,1.0,1.0,1.0,17.5,1.03,-7.34,20.64,0.39,0.61,19.06,1.39,0.08,0.0,-2.45,-2.86,0.0,219.0,0.78,0.0,0.39,0
1.0,0.0,2.0,8.06,0.06,11.31,-115.54,1.0,-0.94,4.81,-8.31,-1.09,10.0,45.19,1.0,0.0,6.75,1.94,3.37,-0.87,1.0,3.65,0.0,6.0,1.05,0.0,-0.94,0
-0.6,-0.8,1.0,-0.8,0.2,3.8,-138.84,1.0,-1.6,-1.6,-17.42,1.74,2.2,-68.09,0.6,0.0,4.6,-0.6,-0.37,1.8,1.2,1.96,0.0,87.0,0.67,0.0,-0.6,1
3.0,-0.94,1.0,1.0,6.0,2.06,23.94,1.0,0.0,-2.81,5.87,0.78,0.0,42.82,2.87,0.0,0.0,1.0,1.22,0.0,1.0,-0.17,0.0,167.23,0.49,0.0,-1.87,1
1.73,-0.63,1.0,0.37,6.0,1.1,-92.11,1.0,-1.27,-1.27,-16.28,2.6,0.0,46.14,-0.27,-0.63,-4.44,0.37,1.49,0.63,1.0,-0.51,0.0,6.0,0.71,0.0,-1.27,0
2.0,-1.77,2.0,0.55,0.0,-1.77,40.56,1.0,0.0,3.0,9.55,0.28,1.0,138.49,2.0,1.11,12.0,3.0,3.47,2.11,-0.55,1.36,0.0,6.0,0.96,0.0,1.0,0
1.92,15.92,1.0,6.0,0.0,18.92,396.94,1.0,0.0,0.96,7.76,4.62,0.0,191.24,5.8,2.04,13.64,2.92,18.94,0.04,0.96,1.14,0.0,6.0,1.25,0.0,3.92,1
-1.46,14.24,1.0,2.92,1.0,18.43,722.41,1.0,6.0,-16.08,50.08,4.49,-0.73,16.82,1.0,15.19,13.66,3.0,12.24,0.73,-0.73,-0.15,0.0,16.0,0.98,0.0,1.73,1
0.0,2.66,1.83,0.0,0.0,21.45,79.07,1.0,0.83,3.31,-7.1,1.3,4.31,-6.62,8.31,0.83,7.83,0.17,9.41,1.0,4.31,1.19,0.0,9.31,0.95,0.0,1.83,1
0.0,0.0,1.0,0.0,-0.56,5.69,127.66,1.0,1.56,1.0,12.0,1.48,0.0,86.34,-0.69,0.0,24.45,2.56,1.01,0.0,-0.56,0.11,0.0,238.71,1.17,0.0,1.56,0
-2.01,0.0,1.0,-0.67,-4.02,1.99,76.89,1.0,1.0,1.0,16.02,0.76,0.0,-6.07,0.33,0.67,19.35,1.33,0.25,0.67,-0.67,0.2,0.0,219.0,0.9,0.0,1.0,0
2.76,0.0,5.0,3.52,2.24,25.19,106.69,1.0,-1.52,13.7,4.81,-0.01,11.24,58.39,1.0,-0.76,-5.33,0.24,5.09,0.24,4.76,4.31,0.0,-0.85,1.05,0.0,1.0,0
0.0,0.0,1.0,0.0,0.0,0.0,26.0,1.0,0.0,0.0,10.0,0.55,0.0,0.0,0.0,1.0,5.0,0.0,1.0,1.0,0.0,0.0,0.0,6.0,0.67,0.0,0.0,0
0.0,-0.6,0.4,1.0,0.0,-6.64,22.52,1.0,-0.6,-3.02,2.81,3.94,-2.41,81.29,-1.81,2.4,-1.41,0.0,-0.13,4.0,-1.81,-0.62,0.0,3.59,0.89,0.0,-0.6,0
0.0,1.0,1.0,0.0,0.0,14.65,15.64,1.0,0.0,-0.65,-1.25,2.07,0.35,-48.71,5.0,0.0,-4.04,1.0,2.11,1.65,1.0,-0.45,0.0,4.7,0.94,0.0,-0.3,0
2.0,2.0,1.0,0.6,0.0,0.21,62.5,1.0,0.0,-0.19,9.44,2.05,0.0,120.04,4.4,1.79,9.23,0.81,3.79,2.38,1.0,0.74,0.0,6.0,0.94,0.0,1.4,0
1.7,5.09,1.0,0.0,1.0,-2.39,-14.19,1.0,0.85,-2.55,-4.09,2.7,1.0,9.34,2.7,0.0,3.55,1.0,2.08,1.0,1.0,-1.7,0.0,9.39,0.62,0.0,0.85,0
1.28,0.0,1.0,1.28,0.0,-3.59,48.78,1.0,0.0,14.07,10.92,2.98,0.0,49.24,0.64,-0.28,2.08,0.64,5.22,0.36,0.64,-0.47,0.0,6.0,1.17,0.0,0.64,0
0.0,-1.62,1.0,2.62,0.0,-1.62,-6.05,1.0,0.0,17.06,-7.12,3.55,0.81,85.38,-3.25,3.0,-10.37,-0.81,6.6,4.0,0.0,-0.47,0.0,6.0,0.89,0.0,-0.81,0
0.0,14.0,1.0,6.0,0.0,18.74,368.72,1.0,0.0,4.34,3.74,4.48,0.87,130.41,2.74,3.0,8.48,0.13,20.95,1.87,0.0,0.22,0.0,6.0,0.98,0.0,2.87,0
1.0,0.0,1.0,0.0,1.0,7.0,43.0,1.0,0.0,0.0,1.0,1.87,3.0,0.0,3.0,0.0,7.0,1.0,1.0,1.0,2.0,2.6,0.0,87.0,0.91,0.0,1.0,1
0.0,-2.57,1.0,0.0,0.0,12.29,143.14,1.0,0.0,3.14,11.29,-1.36,2.0,114.32,7.14,-0.71,25.43,1.71,5.97,-1.43,1.71,0.7,0.0,8.0,1.0,0.0,3.71,1
0.0,0.0,1.52,7.0,7.0,-1.26,86.78,1.0,2.0,1.57,10.09,-0.52,1.04,103.57,0.91,-0.52,0.0,0.48,4.07,2.04,2.52,1.16,0.52,282.0,1.03,0.0,0.0,1
-0.97,-5.8,1.0,1.0,1.97,13.84,326.91,1.0,1.97,3.9,17.97,3.56,1.93,93.58,-0.93,0.97,0.07,1.0,4.71,2.97,0.03,1.9,0.0,10.84,1.1,0.0,1.03,1
-0.69,1.38,1.69,0.0,-2.07,6.2,63.87,1.0,0.69,4.13,9.31,0.62,-0.69,34.43,2.75,1.69,10.51,0.0,5.3,0.31,2.07,0.53,0.0,-0.89,0.81,0.0,1.38,1
19.85,41.73,1.85,17.68,10.85,11.38,325.92,11.0,6.0,19.71,11.71,-2.31,8.53,143.74,3.85,5.15,11.71,1.85,7.25,-0.85,0.0,3.06,0.0,18.0,1.07,0.0,1.0,1
0.74,0.0,1.0,-0.74,1.47,-4.41,-172.5,1.0,-0.74,-0.74,-1.03,-1.16,3.68,-38.23,0.0,1.0,5.0,0.0,-1.7,0.26,0.0,0.7,0.0,16.29,0.57,0.0,-1.47,0
-1.68,0.16,1.0,0.0,0.0,12.16,120.02,1.0,0.0,1.0,3.64,0.93,2.84,27.16,5.0,0.0,14.77,-0.68,4.5,0.84,2.68,0.76,0.84,8.0,0.94,0.0,2.16,1
1.0,0.0,2.0,9.0,0.19,25.66,97.58,1.0,0.0,-1.22,-4.44,1.35,10.81,1.0,3.42,0.0,7.83,1.0,6.11,1.81,1.0,1.77,0.0,1.17,1.02,0.0,-0.81,0
0.0,4.31,1.0,0.0,0.0,14.66,51.9,1.0,0.0,-0.69,-0.69,5.85,0.69,-13.11,-1.38,2.38,-1.07,-0.69,2.86,2.69,0.31,0.13,0.0,6.0,0.68,0.0,-0.69,0
-0.88,0.0,1.0,0.0,-0.88,3.35,121.01,1.0,0.88,0.88,18.73,4.73,-2.65,53.98,-1.77,1.0,11.96,0.88,2.83,0.12,-1.77,-2.12,0.0,122.8,1.0,0.0,0.0,0
0.58,12.83,0.42,6.0,0.58,12.91,331.22,1.0,0.58,-1.17,2.0,5.25,-1.17,121.63,-1.34,3.0,3.25,1.58,13.89,1.58,-2.34,-0.39,0.0,8.92,0.91,0.0,1.42,1
2.0,5.19,1.0,0.0,-0.81,3.25,33.01,1.0,1.0,2.63,-1.63,-0.01,0.81,36.68,3.81,0.0,14.69,2.0,6.39,0.81,1.0,0.38,0.0,5.12,0.73,0.0,1.19,0
0.0,0.0,1.0,0.0,0.0,14.45,68.21,1.0,0.0,0.55,6.31,3.77,1.0,13.79,0.0,2.0,5.76,0.0,1.33,1.0,-0.55,1.32,0.0,6.0,0.62,0.0,0.55,0
0.0,-0.98,1.0,1.0,1.98,9.0,263.49,1.0,1.0,0.02,14.05,4.81,0.98,33.29,0.02,0.0,-2.92,1.0,5.29,2.98,1.0,-0.68,0.0,6.0,0.82,0.0,1.02,0
13.34,38.6,1.0,6.38,2.84,-0.71,180.19,8.09,5.25,13.76,4.25,-0.42,0.0,36.91,4.42,4.25,16.09,2.0,6.44,0.0,0.29,0.84,0.0,18.51,0.84,0.0,2.71,1
0.7,0.0,1.0,0.0,0.7,5.3,68.66,1.0,1.39,8.79,2.42,-2.27,2.39,128.67,3.7,0.0,10.09,2.39,5.39,1.0,1.0,2.05,0.0,12.28,0.93,0.0,1.7,0
-0.97,0.0,1.0,1.0,0.03,2.2,278.48,1.0,1.0,1.0,25.74,1.4,-2.91,52.0,-1.91,0.97,0.06,0.03,6.67,2.0,-0.94,-2.08,0.0,-72.7,0.68,0.0,1.03,0
0.0,1.0,1.6,0.0,0.0,10.37,26.33,1.0,0.0,-1.81,0.19,1.41,1.6,-25.38,4.4,0.0,2.77,1.0,1.88,1.6,1.6,0.26,0.6,6.0,0.93,0.0,0.4,0
1.71,-1.42,2.71,-6.6,-3.25,8.2,-461.66,1.0,-21.98,-5.09,-4.38,0.47,8.58,55.91,1.71,-1.42,-2.67,1.0,2.86,1.71,1.0,2.35,0.0,6.0,0.98,0.0,-0.71,0
1.84,-3.68,4.68,1.84,1.84,25.17,-271.46,1.0,-5.52,1.0,-41.87,0.75,11.05,93.75,1.0,-11.97,-5.21,0.16,1.19,0.92,4.68,5.08,0.0,-3.21,0.94,0.0,0.0,0
1.55,0.0,1.0,0.77,0.77,-2.97,110.76,1.0,1.55,0.77,21.14,5.83,-0.77,7.75,-1.55,2.77,-12.39,0.77,2.71,4.0,1.0,0.08,0.0,4.45,0.84,0.0,-0.77,0
0.0,0.0,1.0,0.0,0.0,2.49,30.93,1.0,0.0,4.51,6.0,-0.07,0.0,82.61,2.5,0.0,2.0,1.0,8.01,0.0,2.5,-0.18,0.0,-66.29,0.96,0.0,1.0,0
-1.85,0.0,1.0,-1.85,0.0,11.54,121.18,1.0,0.0,-20.32,11.77,10.16,-0.92,-71.12,-0.92,1.92,7.69,-0.92,-0.16,1.92,-0.92,-0.55,0.0,6.0,0.92,0.0,-0.92,0
12.9,37.33,1.0,6.13,2.72,-0.68,173.94,7.81,5.09,13.26,4.09,-0.4,0.0,37.19,4.36,4.09,15.81,2.0,6.37,0.0,0.32,0.81,0.0,18.17,0.84,0.0,2.68,1
-2.25,0.0,1.0,6.25,2.51,5.75,88.26,1.0,2.0,2.25,9.5,0.17,0.0,56.3,4.5,0.0,2.25,1.0,4.74,1.0,2.75,0.42,0.0,282.0,1.13,0.0,0.75,1
-0.88,-2.65,2.0,-18.53,-5.29,-10.59,-685.89,1.0,-27.35,-8.47,-10.0,2.84,-0.65,32.18,1.12,0.88,-15.76,-1.65,-0.26,5.53,2.0,0.42,1.0,6.0,0.85,0.0,-1.76,0
-1.57,0.0,1.0,0.21,0.0,-1.57,-108.34,1.0,-1.57,1.57,-17.07,3.92,-0.79,93.72,-0.79,2.21,-4.5,-0.79,4.44,4.0,0.0,-0.21,0.0,10.71,0.85,0.0,0.0,0
-0.25,-1.25,1.63,0.0,1.0,3.75,16.66,1.0,2.0,5.25,-5.89,1.16,3.25,43.76,-0.88,1.0,-1.15,1.37,3.44,2.25,0.63,1.65,0.63,15.0,0.86,0.0,-0.25,1
-16.94,-43.43,1.0,-9.44,-8.44,8.89,-175.12,-8.44,-5.67,-14.16,-2.78,2.23,3.0,-33.05,3.0,-5.67,0.39,1.0,1.87,1.0,3.89,1.48,0.0,75.67,0.88,0.0,1.0,0
1.87,-0.87,1.0,0.0,1.87,10.2,41.74,1.0,2.0,3.13,-1.6,2.07,4.6,70.54,1.87,1.0,7.87,2.0,1.54,1.87,0.87,2.76,0.0,85.18,0.84,0.0,1.0,1
0.0,-2.8,1.0,0.0,-0.7,7.2,-257.09,1.0,-4.2,2.0,-24.42,1.83,0.0,58.0,4.5,-8.41,2.7,1.3,-0.83,0.0,0.7,0.53,0.0,-1.0,0.9,0.0,0.3,0
0.0,0.0,1.0,0.0,0.0,-1.88,23.47,1.0,0.0,2.14,2.6,4.26,-0.53,17.65,0.53,0.93,1.6,1.07,5.16,3.47,1.53,0.36,0.0,6.0,1.02,0.0,0.53,0
1.0,0.0,0.24,0.0,1.0,8.03,109.77,1.0,2.76,2.49,6.3,1.82,0.49,113.49,0.24,1.0,18.35,2.76,1.17,-0.51,-1.51,0.57,-0.76,176.22,0.9,0.0,1.76,1
1.05,0.0,3.1,1.05,1.58,15.57,119.18,1.0,1.0,1.0,9.37,0.63,6.31,95.7,-0.58,0.0,13.37,2.0,2.1,0.53,1.58,2.64,0.0,143.3,0.99,0.0,1.0,0
2.0,-2.3,1.0,1.0,0.17,2.35,-95.51,1.0,-2.96,5.3,-5.82,0.33,1.0,112.25,3.0,-9.74,4.7,1.17,2.85,0.0,1.83,2.21,0.0,-2.26,0.96,0.0,2.0,0
-0.58,-0.74,1.0,-12.77,-2.48,-0.9,-370.08,1.0,-17.99,-3.54,3.04,1.54,-1.74,23.04,3.74,-1.16,-7.7,-0.16,-0.59,0.0,1.58,0.08,0.0,95.55,0.9,0.0,1.42,0
0.0,-9.72,1.0,-4.16,0.0,2.61,-136.02,1.0,0.0,1.0,6.69,0.39,0.69,-36.4,0.31,-0.69,2.61,1.31,-9.85,0.0,1.0,1.68,0.0,6.0,0.71,0.0,-1.39,0
-1.81,0.1,1.0,-0.9,-0.9,1.0,-113.84,1.0,-1.81,2.81,-20.39,0.76,-0.9,-27.98,0.19,-0.9,4.19,1.0,3.11,0.0,1.0,2.23,0.0,6.0,0.95,0.0,0.1,0
2.0,0.0,5.0,1.02,3.0,21.17,-124.51,1.0,-0.98,0.0,-3.89,-1.28,12.0,30.77,3.94,0.0,-0.98,1.0,-1.73,-0.96,4.0,4.91,0.0,180.21,0.69,0.0,-0.96,1
-0.78,1.78,1.0,0.0,-1.56,0.22,89.59,1.0,0.0,4.12,10.25,1.34,-3.91,79.15,2.78,0.0,5.22,1.0,2.61,-0.78,1.0,0.47,0.0,-0.25,1.08,0.0,2.56,0
-0.79,1.0,1.0,0.0,-0.79,12.42,72.92,1.0,-1.58,-1.58,10.72,1.35,-0.58,-22.98,5.0,-0.79,8.58,1.0,2.01,0.21,1.0,-0.61,0.0,-1.13,1.02,0.0,1.0,0
1.01,0.0,3.03,1.01,1.52,18.64,108.83,1.0,0.0,0.0,1.95,-0.54,6.08,33.42,4.51,-0.51,2.97,1.51,1.73,0.0,3.03,2.9,0.0,150.0,0.98,0.0,1.51,1
0.0,10.77,1.0,4.61,0.0,14.0,288.94,1.0,0.0,-1.31,2.92,4.32,0.0,67.61,-0.54,2.31,5.54,2.0,10.62,0.77,-0.54,0.75,0.0,6.0,0.95,0.0,0.77,0
0.0,7.51,1.0,5.0,0.0,22.01,281.9,1.0,0.0,0.0,2.67,3.39,0.0,83.41,6.83,2.67,4.34,2.83,11.75,-0.83,0.17,0.0,0.0,6.0,0.92,0.0,1.67,0
2.0,1.0,1.0,1.0,1.0,-1.85,274.2,1.0,2.0,2.73,36.66,-0.36,1.0,109.12,-0.66,0.27,10.19,2.0,3.81,0.0,1.0,1.35,0.0,6.0,1.02,0.0,2.0,0
1.26,-8.22,1.63,-3.79,0.0,-3.12,-108.98,1.0,0.0,1.9,10.43,-1.07,0.63,-10.75,4.63,-1.9,9.43,2.26,-7.63,0.0,1.0,1.22,0.0,150.0,0.97,0.0,0.37,1
0.38,-3.87,1.0,1.0,1.0,7.25,256.25,1.0,1.19,1.19,33.81,5.36,1.0,49.27,0.56,2.62,0.69,0.38,2.08,3.25,1.0,0.8,0.0,2.75,1.09,0.0,0.38,0
0.0,0.0,1.65,0.0,0.0,-5.68,18.3,1.0,0.0,4.94,7.29,-1.75,0.65,71.79,4.29,-1.29,1.71,1.65,7.17,0.65,3.29,0.06,0.65,6.0,1.18,0.0,1.0,0
-1.4,0.0,1.0,-1.4,1.0,1.0,37.7,1.0,0.0,-14.36,14.79,0.86,-0.7,-37.75,3.3,0.7,4.49,0.3,-1.31,0.7,0.3,-0.06,0.0,184.0,0.4,0.0,-0.7,1
-1.5,-0.75,0.25,0.0,0.0,16.53,99.79,1.0,0.0,3.74,3.49,3.33,1.0,5.58,1.5,1.5,1.23,-1.26,3.81,1.0,1.0,0.98,0.0,6.0,0.7,0.0,0.25,0
-1.23,-0.62,1.38,0.0,0.62,0.0,7.05,1.0,0.0,1.15,0.07,1.97,2.0,-25.17,1.38,0.0,-5.78,-0.23,2.01,2.0,2.62,0.59,1.0,6.0,0.87,0.0,-0.62,0
0.0,14.0,1.0,6.0,0.0,16.17,359.42,1.0,0.0,-0.83,6.97,5.06,0.0,102.48,-0.66,3.0,9.97,1.83,14.1,1.0,-1.66,0.61,0.0,6.0,0.96,0.0,2.0,0
0.0,0.0,1.0,0.0,-0.61,5.83,112.03,1.0,1.0,2.83,8.35,1.18,0.0,71.34,-0.83,0.0,19.04,2.61,2.32,0.0,0.0,1.2,0.0,110.71,1.19,0.0,1.61,0
1.0,0.0,1.0,0.97,1.97,1.21,264.15,1.0,0.97,0.97,14.52,0.71,2.03,50.22,3.97,-1.93,6.03,1.97,6.15,1.97,2.97,1.75,0.0,87.0,1.21,0.0,2.93,0
2.0,2.98,1.0,1.26,0.74,4.47,360.03,1.0,4.47,22.0,44.71,-1.79,1.0,2.55,1.74,7.45,6.7,3.23,5.0,-2.98,1.0,0.82,0.0,13.45,1.04,0.0,1.74,1
1.97,1.0,4.95,1.97,3.96,26.68,136.11,1.0,0.0,3.01,5.06,0.72,11.85,109.58,2.0,0.0,-2.95,0.01,4.75,0.99,3.96,4.73,0.0,12.0,0.96,0.0,2.99,1
-0.77,-2.3,1.0,-16.88,-4.6,-1.6,-521.77,1.0,-23.79,-7.98,5.09,4.32,-2.3,-13.37,0.23,-0.77,-3.28,-0.3,-2.79,0.77,0.0,-0.15,0.0,6.0,0.93,0.0,-0.53,0
0.0,0.0,1.0,-0.93,-0.93,1.37,-134.38,1.0,-0.93,6.0,-2.18,-0.87,1.0,50.42,3.0,0.0,9.85,1.93,0.47,-0.85,1.0,1.28,0.0,6.0,1.01,0.0,-0.85,0
0.0,-3.22,2.0,0.0,0.0,1.29,43.79,1.0,0.0,3.0,8.86,-0.96,2.0,26.0,4.57,-0.64,3.57,1.64,2.05,0.71,2.0,1.66,1.0,98.6,0.97,0.0,0.64,1
0.0,0.0,1.0,1.0,1.0,9.0,284.84,1.0,1.0,0.4,17.0,2.64,0.0,65.15,2.2,0.0,0.21,0.4,8.06,2.0,1.6,-0.75,0.0,6.0,0.91,0.0,2.0,1
0.0,0.0,1.0,-0.73,0.73,4.73,14.54,1.0,0.0,0.0,1.0,5.49,0.73,-72.76,0.73,-0.18,0.0,0.73,1.82,1.82,1.73,0.0,0.0,6.0,0.81,0.0,0.0,0
0.0,0.0,1.0,-0.55,1.0,-3.41,-112.44,1.0,-0.55,0.45,3.18,0.77,0.55,-12.67,4.0,0.0,0.45,1.0,-1.29,-0.55,1.0,0.11,0.0,184.0,0.58,0.0,-1.1,1
0.8,0.0,1.0,1.61,-0.8,-0.02,36.49,1.0,-1.61,15.47,10.02,0.22,-0.8,24.96,1.0,-0.8,-1.63,1.2,3.71,-0.8,1.8,0.03,0.0,-1.24,1.02,0.0,0.0,0
21.4,44.56,1.0,10.69,15.69,-0.87,250.59,10.69,5.81,17.43,4.97,-3.88,0.0,187.17,3.91,4.84,5.81,1.97,4.86,-0.97,1.0,1.15,0.0,17.62,0.84,0.0,0.97,0
-0.86,-2.57,1.0,-18.86,-4.14,-4.14,-621.52,1.0,-26.58,-6.0,-7.57,2.85,-0.71,-21.43,2.71,-1.71,-9.29,-0.71,-1.49,1.86,1.86,-0.12,0.0,6.0,0.84,0.0,-0.86,0
0.0,-0.5,1.0,0.0,0.0,1.49,60.94,1.0,0.5,6.0,10.51,0.77,-0.0,60.98,0.99,0.0,3.99,1.5,3.71,1.0,0.5,0.75,0.0,111.78,0.98,0.0,-0.0,0
0.0,0.0,1.0,-1.0,1.0,1.0,13.02,1.0,0.0,0.0,9.98,-0.14,1.0,-99.78,1.0,-2.0,4.99,1.0,-1.99,-1.99,1.0,0.0,0.0,6.0,0.64,0.0,0.0,0
0.0,0.0,0.33,0.0,0.67,4.67,35.45,1.0,0.0,-1.35,5.71,6.19,-1.35,-6.73,1.35,2.0,0.0,0.0,2.95,2.65,0.33,-0.72,-0.67,125.84,0.61,0.0,0.0,1
-0.97,17.88,1.0,6.0,0.0,17.97,768.08,1.0,3.88,-3.88,52.45,4.72,-1.94,15.59,1.0,14.64,7.91,1.97,18.25,0.03,0.0,-1.17,0.0,6.97,1.06,0.0,2.0,0
1.0,3.0,1.0,-0.5,0.0,3.0,54.49,1.0,0.5,2.5,11.5,-0.88,0.0,29.96,2.5,-1.5,13.01,3.0,1.89,-2.0,0.5,0.73,0.0,8.0,0.86,0.0,2.0,1
-0.52,-1.56,1.0,-9.9,-3.11,-6.23,-378.09,1.0,-16.08,-6.75,-7.82,5.19,-1.56,103.63,-0.52,3.52,-8.86,-1.56,1.85,6.08,0.0,-0.59,0.0,6.0,0.84,0.0,-1.04,0
1.0,0.0,1.54,-0.54,0.46,2.18,-104.41,1.0,-0.54,1.07,-5.43,0.6,4.07,-13.94,3.54,0.0,6.46,1.0,-0.75,1.0,2.54,3.12,0.54,87.0,0.93,0.0,-0.07,1
15.68,41.5,0.08,9.22,9.22,15.92,281.78,10.22,5.53,13.83,3.92,3.75,0.08,6.46,0.92,7.53,1.16,-1.84,2.87,0.08,0.0,1.17,0.0,17.07,0.63,0.0,0.0,1
0.68,0.0,1.0,0.0,1.68,3.71,10.47,1.0,0.0,-1.35,-6.44,3.7,3.03,-39.24,2.35,0.0,-0.35,0.32,0.66,1.68,2.35,1.26,0.0,60.8,0.82,0.0,0.0,1
2.11,0.0,1.0,1.7,4.22,0.0,29.96,1.0,0.0,-1.41,-4.63,3.92,0.0,129.56,0.0,3.0,-5.33,-0.7,4.75,4.0,0.7,-0.52,0.0,6.0,0.77,0.0,-0.7,0
-0.62,0.0,0.38,-4.95,0.0,10.67,186.56,1.0,0.62,-0.62,12.27,5.02,-5.18,-6.8,0.0,2.0,2.38,0.0,1.54,1.62,0.0,0.25,0.0,6.0,0.56,0.0,1.24,0
2.8,5.41,1.0,0.0,1.0,-8.53,11.52,1.0,2.9,4.9,-1.71,-2.08,1.1,126.68,3.71,-0.8,12.41,3.8,5.86,0.1,0.9,0.3,0.0,18.61,0.95,0.0,2.8,0
0.0,-1.13,3.27,1.13,1.7,22.31,110.35,1.0,0.0,-0.57,-2.51,2.02,6.8,-16.44,1.73,0.0,-2.94,0.43,1.9,0.57,2.7,2.53,0.0,150.0,0.96,0.0,0.43,0
0.0,0.16,1.0,0.0,0.0,13.84,141.84,1.0,0.0,1.0,7.84,2.84,2.0,75.0,0.78,1.69,20.62,0.16,2.97,0.0,0.16,1.83,0.0,8.0,0.68,0.0,2.16,1
0.0,0.0,1.0,-5.66,-4.66,1.81,23.25,1.0,-1.62,1.0,12.81,4.42,0.0,-56.78,1.57,0.81,4.23,0.19,2.04,0.0,-0.62,0.02,0.0,-39.19,0.57,0.0,0.0,0
-14.76,-37.33,1.0,-8.3,-4.47,3.0,-150.05,-7.3,-4.98,-11.61,2.0,1.03,5.0,-10.79,0.17,-4.98,-5.47,1.0,1.64,1.0,1.83,0.87,0.0,15.02,0.72,0.0,0.83,0
-12.56,-30.42,1.0,-6.61,-6.61,7.31,-82.26,-5.61,-3.97,-8.9,3.36,1.61,0.0,-4.51,3.66,-3.97,-0.31,1.0,3.58,0.0,2.66,-0.54,0.0,93.28,0.94,0.0,1.0,0
1.18,2.0,0.18,-7.36,-0.82,-7.82,49.37,1.0,0.0,2.64,19.27,0.16,-8.18,70.46,5.0,0.0,16.45,2.82,-0.02,-0.82,1.0,1.02,0.0,6.0,0.95,0.0,2.82,0
-0.68,2.68,2.0,0.0,-3.39,12.68,215.42,1.0,2.35,7.35,20.64,0.15,4.68,39.84,6.35,1.68,15.42,1.68,9.34,0.0,4.0,2.71,0.0,10.0,1.1,0.0,3.35,1
1.72,8.3,1.0,0.0,1.0,-5.18,382.91,1.0,6.86,0.0,46.98,0.51,-1.72,-26.67,-0.72,13.0,-2.9,3.86,3.68,0.0,0.0,-0.31,0.0,17.72,0.75,0.0,0.14,1
-0.59,-0.59,1.0,-0.59,0.0,0.59,-92.73,1.0,0.0,1.19,-9.0,0.83,0.59,1.19,-1.19,1.0,4.41,0.0,1.02,1.59,-0.59,0.42,0.0,11.34,0.62,0.0,-0.59,0
0.0,-0.63,1.0,0.63,-0.63,2.73,4.36,1.0,0.0,-2.53,-4.7,7.72,0.0,14.57,-1.27,3.9,0.0,-0.63,4.46,6.53,0.37,-0.34,0.0,2.2,0.81,0.0,-1.27,0
0.0,4.77,1.0,0.0,1.0,16.07,576.11,1.0,6.0,0.77,50.68,1.37,1.55,58.12,4.87,12.23,24.72,3.77,5.95,-0.77,0.77,0.83,0.0,17.55,1.21,0.0,3.32,1
0.0,0.0,1.0,4.68,4.01,6.67,104.45,1.0,1.34,1.0,10.68,-0.55,-0.67,93.16,2.34,0.0,3.33,2.0,2.37,0.0,1.67,1.03,0.0,190.49,1.04,0.0,0.0,1
0.0,0.0,1.73,-0.73,-0.73,5.47,-169.43,1.0,-0.73,1.45,-7.7,0.78,1.45,-18.86,6.73,1.0,0.27,2.0,-2.37,0.0,1.73,0.71,0.73,6.0,0.91,0.0,-1.45,0
-0.78,-2.35,1.0,-17.22,-4.7,0.09,-495.83,1.0,-23.26,-9.17,2.61,1.9,-2.35,-11.78,3.35,-1.57,4.26,0.43,-3.9,0.0,0.78,-0.41,0.0,331.69,0.94,0.0,0.22,0
19.68,44.64,0.32,10.0,10.68,-2.75,260.67,11.0,6.68,16.64,10.0,0.67,-1.36,115.11,0.28,6.0,7.96,1.68,0.5,0.68,-2.72,0.73,0.0,21.39,0.94,0.0,0.32,1
0.0,0.0,1.0,0.0,0.0,6.0,84.0,1.0,0.0,6.0,8.0,0.65,1.0,68.0,3.0,0.0,8.0,1.0,5.25,1.0,1.0,1.0,0.0,6.0,0.98,0.0,1.0,1
2.03,0.0,2.55,1.03,2.55,21.98,98.78,1.0,0.0,-1.55,-1.07,2.11,8.16,20.66,2.48,0.0,6.48,1.0,0.79,0.48,3.03,4.44,-0.52,87.0,0.93,0.0,1.52,1
33.5,81.11,1.0,16.87,16.87,-3.34,266.79,18.63,9.82,30.98,4.66,-1.75,0.0,119.01,4.53,10.58,16.11,1.0,3.58,-1.53,-0.76,1.74,0.0,27.16,1.06,0.0,0.24,0
0.4,0.0,-2.21,0.4,-1.6,-22.45,-58.4,1.0,0.0,22.0,6.0,1.95,-7.82,24.07,1.0,0.0,0.8,1.0,3.9,0.0,-1.41,-3.41,0.0,6.0,0.87,0.0,0.2,0
1.28,0.64,1.0,0.0,0.0,4.64,81.03,1.0,0.0,4.0,8.56,0.62,-0.64,69.54,1.0,0.0,13.05,3.28,3.4,-0.64,-0.28,1.95,-0.64,6.0,0.99,0.0,1.64,0
1.03,-0.99,0.01,1.0,6.99,3.0,45.11,1.0,0.0,-1.97,6.96,1.43,-0.99,33.88,2.97,0.0,-10.86,-0.97,1.17,-0.99,1.99,-0.99,0.0,181.66,0.43,0.0,-0.99,1
0.0,-2.74,1.0,0.0,0.0,8.33,-291.34,1.0,-5.6,1.0,-41.56,2.72,2.93,75.0,5.0,-12.14,15.6,-0.87,2.2,0.93,1.93,0.43,0.0,-1.34,0.85,0.0,2.07,0
19.93,46.0,1.0,10.0,12.8,-0.8,224.03,11.0,6.0,12.41,4.41,-0.11,3.73,26.64,1.14,6.0,4.41,1.0,2.82,0.0,0.0,1.56,0.0,31.04,0.81,0.0,0.07,1
13.83,33.48,2.0,7.28,7.28,-1.46,205.59,8.28,4.37,16.1,11.55,-3.93,2.0,91.5,4.18,2.91,8.28,1.73,4.06,-0.91,1.27,2.29,1.0,14.73,1.06,0.0,0.73,1
0.0,4.0,1.0,-0.65,0.35,2.74,356.73,1.0,6.0,0.0,49.74,0.09,0.0,5.86,1.0,13.0,19.12,3.65,-0.16,-1.3,-0.65,0.13,0.0,154.74,1.02,0.0,0.35,1
-1.37,1.0,1.0,-0.68,0.68,19.16,325.71,1.0,0.68,-13.37,14.53,2.65,1.32,57.9,5.0,0.0,25.37,1.0,5.17,1.37,1.0,0.6,0.0,8.0,0.93,0.0,3.68,1
1.44,0.0,3.88,1.44,2.16,16.58,64.22,1.0,0.0,0.0,4.23,-2.76,8.65,47.59,0.72,0.28,2.12,0.72,1.32,1.0,2.88,3.61,0.0,6.0,0.7,0.0,0.72,0
-1.56,-1.56,1.0,0.0,0.0,16.13,74.65,1.0,0.0,5.22,-2.13,3.41,1.78,-6.05,-0.9,1.56,-0.57,-0.56,4.5,1.78,0.22,1.12,0.0,6.0,0.69,0.0,-0.56,0
0.0,0.0,1.0,-3.36,-3.36,14.24,143.84,1.0,-0.56,0.56,6.05,3.66,0.0,-21.31,4.88,1.0,2.12,2.0,2.45,0.56,0.44,0.02,0.0,-148.78,0.84,0.0,1.12,0
0.0,0.0,1.0,0.0,0.0,5.15,56.71,1.0,-0.85,6.85,8.0,0.38,1.0,65.44,3.0,0.0,2.03,1.0,5.41,1.0,1.0,1.45,0.0,-175.63,0.97,0.0,1.0,0
1.0,0.0,2.0,8.16,0.16,14.32,-78.7,1.0,-0.84,1.16,-7.23,0.08,10.0,19.37,3.52,0.0,5.52,1.0,2.0,-0.68,1.0,2.13,0.0,126.81,1.03,0.0,-0.84,1
0.0,1.76,1.88,0.0,0.0,14.56,142.52,1.0,1.88,6.28,4.08,1.07,3.52,105.0,5.4,0.0,20.4,2.88,8.57,-0.88,3.52,2.11,0.0,222.52,1.23,0.0,2.76,1
0.0,0.38,1.0,0.62,0.0,5.33,196.35,1.0,0.62,-0.85,8.33,1.88,0.0,3.54,1.38,0.0,6.62,1.0,4.5,1.24,1.0,1.09,0.0,2.29,0.95,0.0,1.0,0
0.0,0.0,1.1,0.0,0.0,-5.42,-86.6,1.0,-0.9,3.0,4.1,0.09,-0.71,35.03,2.0,0.0,-13.45,1.0,4.83,0.19,2.0,-0.47,1.0,-88.85,1.16,0.0,-0.9,0
1.0,2.45,1.0,22.0,5.45,13.09,835.36,1.0,31.0,13.0,15.82,0.63,3.0,68.99,0.45,2.0,22.73,3.55,8.27,0.0,0.0,1.94,0.0,2.73,1.02,0.0,1.45,0
0.0,-0.71,1.0,4.95,4.95,6.83,49.45,1.0,1.41,-0.71,3.83,5.84,0.0,50.2,0.71,2.0,-4.24,0.0,3.93,4.71,1.71,-0.51,0.0,201.15,0.86,0.0,-0.71,1
1.9,0.0,1.95,0.0,0.0,-6.36,64.98,1.0,0.0,8.85,14.66,-0.6,1.0,146.92,0.15,0.0,12.75,2.9,5.49,1.0,0.05,2.29,0.0,6.0,1.0,0.0,1.0,0
-0.45,-4.36,1.0,0.0,1.0,15.89,86.41,1.0,1.27,3.27,3.18,3.8,2.73,55.04,-1.18,2.45,2.64,0.55,0.25,1.73,-0.73,2.47,0.0,12.09,0.83,0.0,-0.45,1
2.0,-0.85,1.0,2.0,0.0,-8.48,50.44,1.0,0.85,22.85,14.48,-0.23,0.15,128.72,-2.39,0.0,7.63,1.85,4.07,-0.85,0.15,0.77,0.0,186.59,0.99,0.0,1.0,0
0.0,-0.64,1.0,5.45,3.82,1.91,52.27,1.0,1.27,-2.55,-0.27,3.46,0.0,108.27,0.64,3.0,0.36,0.0,3.38,4.64,0.64,-0.08,0.0,177.81,0.94,0.0,-1.27,1
0.0,0.0,1.0,0.0,0.0,1.96,15.83,1.0,0.0,1.36,3.04,2.92,0.0,39.48,0.68,1.32,3.4,1.36,3.28,3.32,1.0,0.5,0.0,6.0,0.85,0.0,0.68,0
1.0,0.0,1.0,5.94,8.94,3.85,82.72,1.0,1.7,0.0,7.94,-4.22,5.0,76.4,3.55,-1.7,2.0,1.85,1.56,-1.55,1.85,1.75,0.0,254.28,0.92,0.0,0.0,1
-0.66,0.0,1.0,4.63,2.64,5.32,139.3,1.0,2.32,1.0,15.97,1.34,-3.31,120.51,2.32,0.0,14.68,2.0,0.84,0.0,0.66,-0.45,0.0,392.23,1.12,0.0,1.0,0
1.3,6.0,1.7,0.0,-0.7,2.11,106.34,1.0,1.7,3.11,4.21,-0.49,0.0,75.59,3.0,0.0,17.42,2.0,7.06,0.7,1.0,-0.35,0.0,26.85,0.56,0.0,2.7,0
0.0,1.0,1.0,0.0,1.0,4.14,58.71,1.0,-0.71,3.29,5.71,1.43,0.0,33.4,4.14,0.0,-6.86,0.29,3.41,0.0,1.71,0.66,0.0,-37.32,0.92,0.0,2.0,0
0.76,12.48,0.24,6.0,0.76,11.7,326.55,1.0,0.76,-1.52,2.0,5.37,-1.52,128.03,-2.03,3.0,2.73,1.76,12.76,1.76,-3.03,-0.51,0.0,9.79,0.9,0.0,1.24,1
1.35,-0.65,0.35,2.0,1.95,1.3,12.0,1.0,0.0,20.05,1.45,0.19,3.6,23.06,0.35,0.0,-6.5,-0.3,5.34,0.0,1.65,0.63,0.0,15.1,0.84,0.0,0.35,0
-1.56,-4.68,1.0,0.0,0.0,9.36,33.8,1.0,-0.78,-0.78,10.78,2.29,0.0,-34.32,2.34,1.78,-1.24,0.0,-2.73,1.0,0.0,0.0,0.0,2.88,0.83,0.0,-1.56,0
0.0,0.0,1.0,0.0,0.0,0.0,81.84,1.0,0.79,0.79,18.65,-3.26,0.0,47.98,0.79,-0.57,17.58,1.57,-1.12,-2.15,-0.79,0.16,0.0,173.53,0.78,0.0,0.79,1
0.0,0.61,1.0,0.0,0.0,13.08,63.77,1.0,-0.61,-0.61,-0.08,2.06,0.61,-37.06,6.43,0.0,-0.47,0.39,2.53,0.61,1.61,0.24,0.0,20.6,0.95,0.0,1.0,1
0.72,-0.72,1.0,0.0,0.72,8.34,55.59,1.0,0.0,3.28,3.83,1.37,2.17,19.25,1.72,0.0,6.72,2.0,2.49,0.72,1.72,3.05,0.0,64.64,0.93,0.0,1.0,1
-0.55,1.0,1.0,0.0,-1.65,14.55,103.61,1.0,0.55,0.55,7.52,2.07,-1.76,33.65,5.0,0.0,14.72,1.55,2.07,0.45,0.45,-0.66,0.0,115.77,1.06,0.0,1.55,1
1.93,2.8,2.0,29.5,6.59,23.46,791.47,1.0,27.96,13.18,7.59,0.53,12.8,92.82,1.0,1.86,6.73,1.93,12.71,1.0,1.0,3.08,0.0,-192.5,1.02,0.0,0.93,0
-1.99,-1.0,0.0,0.0,0.0,11.98,111.86,1.0,0.0,-2.99,6.0,6.81,-1.0,-82.62,2.01,1.0,-2.96,-1.99,0.81,0.0,1.0,-0.99,0.0,150.0,0.93,0.0,0.0,1
1.08,1.08,2.0,0.0,0.0,-1.08,27.01,1.0,0.0,1.38,10.4,0.16,2.0,59.45,4.16,0.0,5.32,1.0,2.75,2.0,2.0,0.99,1.0,6.0,0.95,0.0,0.54,0
0.0,4.04,1.0,0.02,1.0,6.04,486.51,1.0,5.98,0.0,52.82,1.09,0.0,0.35,1.0,12.96,9.98,2.99,3.38,0.0,0.0,0.29,0.0,15.96,0.99,0.0,1.0,1
1.0,-1.95,0.02,6.83,7.83,-1.83,64.7,1.0,2.98,-1.85,7.83,1.35,-1.9,126.01,-0.95,0.02,-2.75,2.0,-4.03,1.98,-1.95,-0.21,0.0,280.28,0.92,0.0,-0.95,1
0.0,0.0,1.0,0.0,0.62,-0.08,34.08,1.0,0.0,-1.08,14.46,0.8,-0.62,26.0,1.62,0.0,4.69,2.0,-0.6,-0.62,0.0,0.34,0.0,115.53,0.74,0.0,0.38,0
0.0,0.0,1.0,0.0,0.66,2.01,40.46,1.0,0.0,-0.99,9.97,1.02,0.0,21.74,2.99,0.0,0.69,1.34,0.4,0.0,1.0,-0.34,0.0,123.87,0.71,0.0,-0.66,1
1.45,6.0,1.0,0.0,-0.55,-0.55,42.71,1.0,1.0,4.32,3.88,-0.41,-1.11,81.66,3.0,0.0,9.55,2.0,7.13,0.0,0.45,-0.89,0.0,-34.86,0.73,0.0,2.0,0
0.97,0.0,1.0,0.0,0.97,2.91,44.46,1.0,0.0,0.0,10.0,-3.46,2.91,0.0,2.91,-0.94,11.8,0.97,-1.91,-1.91,0.97,2.53,0.0,84.68,0.75,0.0,0.97,1
-0.52,2.1,0.48,-4.72,0.0,6.75,232.98,1.0,3.15,-1.05,27.75,2.63,-5.25,-33.04,6.0,7.82,4.67,3.05,-1.57,-0.52,0.48,-1.0,0.0,11.25,0.88,0.0,0.52,1
0.9,5.0,-2.61,-0.9,2.7,-18.44,-22.61,1.0,0.0,0.0,2.7,4.09,-10.82,30.65,0.0,1.0,1.0,0.0,3.21,1.1,-1.7,-4.51,0.0,6.0,0.74,0.0,-0.9,0
0.0,0.0,1.0,0.0,0.0,1.74,67.09,1.0,1.0,-0.51,10.49,0.94,0.0,17.25,0.25,0.75,12.98,0.49,0.93,0.75,0.0,-0.35,0.0,219.0,0.75,0.0,0.25,0
2.0,0.0,1.0,5.62,3.62,-2.41,-97.54,1.0,0.6,21.4,0.57,-1.08,1.0,99.94,2.21,0.0,-1.21,1.0,2.86,-0.6,1.6,0.58,0.0,172.61,1.02,0.0,-0.21,1
0.0,4.38,2.0,0.0,0.0,-0.88,-14.18,1.0,0.0,-2.26,-2.01,3.03,1.12,-33.6,-0.63,0.88,-5.14,0.12,1.95,2.88,2.0,0.55,1.0,6.0,0.89,0.0,-0.88,0
1.0,0.0,1.0,0.0,1.0,7.0,90.41,1.0,0.67,0.67,8.34,-1.36,3.0,40.73,3.67,-1.34,17.68,2.34,-0.8,-1.67,1.33,2.73,0.0,229.22,1.01,0.0,1.67,1
-0.97,-5.82,1.97,8.72,0.97,19.51,101.53,1.0,-0.97,0.97,2.94,6.55,9.69,18.41,-1.94,2.0,-5.82,-0.97,5.51,4.97,1.0,2.13,0.0,2.12,1.13,0.0,-1.94,0
0.0,1.83,1.0,-5.8,-5.8,9.69,111.17,1.0,-1.66,1.83,3.69,1.11,2.0,16.17,4.17,0.0,28.97,1.0,4.46,-0.83,0.17,1.3,0.0,-220.69,0.93,0.0,3.83,1
0.0,-0.92,2.0,0.0,0.0,2.61,183.56,1.0,1.0,8.54,12.54,-0.11,3.0,107.83,1.15,0.0,19.92,1.0,6.33,2.0,2.0,3.02,0.0,111.0,0.75,0.0,2.0,1
2.0,1.0,1.0,1.0,1.0,4.0,253.0,1.0,2.0,2.0,33.0,0.71,1.0,85.0,3.0,1.0,8.0,2.0,2.71,0.0,1.0,0.8,0.0,6.0,0.98,0.0,2.0,0
0.83,1.0,1.0,-0.83,1.0,-1.3,-131.93,1.0,0.83,6.48,-3.22,-0.25,1.65,105.92,2.0,0.83,5.13,1.83,0.04,-0.83,0.17,1.41,0.0,19.44,0.9,0.0,1.17,0
2.0,1.0,2.0,0.0,-0.74,5.43,87.8,1.0,0.0,3.0,12.69,-0.59,0.26,83.0,4.21,0.0,14.95,3.0,3.62,0.26,0.0,1.63,0.0,112.27,1.05,0.0,1.74,1
-1.03,1.42,1.0,0.0,1.0,12.72,549.53,1.0,5.48,0.0,56.62,1.42,1.03,16.02,2.03,13.0,17.75,2.48,3.13,0.0,0.0,0.65,0.0,14.97,1.13,0.0,1.52,1
-9.86,-23.87,1.0,-4.67,-5.19,2.96,-101.56,-4.19,-3.11,-9.34,-3.67,7.83,0.0,5.19,-1.56,0.44,-4.67,-0.52,3.53,6.08,1.0,-0.61,0.0,-0.23,0.78,0.0,-0.52,0
0.19,0.91,5.0,0.19,3.0,40.79,233.2,1.0,0.0,-19.05,1.91,1.47,12.91,64.19,4.63,0.0,21.77,1.0,1.98,1.0,4.0,5.09,0.0,7.81,0.98,0.0,2.81,1
0.75,14.0,1.75,11.99,0.75,28.98,394.16,1.0,0.0,1.5,2.75,2.68,7.49,72.3,1.75,0.75,6.5,1.75,19.43,-1.25,0.75,1.65,0.0,6.0,1.04,0.0,2.0,1
1.0,-1.0,1.0,0.0,0.0,6.99,44.04,1.0,2.0,1.01,-2.98,1.23,2.0,43.19,0.0,1.0,9.99,3.0,0.98,1.0,0.0,1.71,0.0,9.03,0.9,0.0,-0.99,1
2.0,0.0,1.81,2.0,0.0,-1.63,135.58,1.0,0.81,24.44,10.88,-1.23,3.44,113.59,-1.44,-0.81,14.63,0.19,8.96,1.63,1.81,2.31,0.0,91.37,0.84,0.0,2.63,1
3.0,-0.59,1.0,1.0,6.0,6.54,68.32,1.0,0.0,-0.59,5.18,1.7,0.0,88.8,2.18,0.0,-0.59,1.0,2.04,0.0,1.0,-0.46,0.0,90.86,0.78,0.0,0.0,1
-0.52,12.96,1.0,6.0,0.52,18.56,333.98,1.0,1.04,1.56,-5.81,5.26,1.04,95.83,-1.08,3.52,1.35,1.0,17.92,1.52,-0.52,0.17,0.0,10.69,0.91,0.0,1.48,1
1.74,0.0,4.48,2.74,2.74,33.35,374.15,1.0,1.0,0.13,7.43,2.84,10.44,95.49,-1.61,0.0,1.13,1.0,7.68,2.87,3.61,4.49,0.0,-148.82,1.24,0.0,2.87,0
1.47,0.0,4.47,-2.79,2.47,22.62,106.19,1.0,0.0,-0.53,3.13,0.88,6.68,50.04,1.0,0.0,0.53,1.53,0.43,0.47,4.0,4.23,0.0,6.0,0.96,0.0,1.0,0
-0.59,0.0,1.41,-4.7,0.0,5.89,280.47,1.0,1.59,2.41,15.81,1.87,-2.87,38.54,3.0,0.0,18.41,1.0,4.45,2.59,2.0,1.07,0.0,111.0,0.68,0.0,3.17,1
-0.79,8.96,1.0,0.0,-2.37,6.58,60.82,1.0,0.0,0.0,-1.58,6.44,-3.96,0.0,-0.79,1.79,0.21,-0.79,4.07,2.79,1.0,-1.11,0.0,-5.08,1.03,0.0,0.0,0
-1.4,-0.7,0.3,1.0,0.0,3.5,57.97,1.0,0.0,-2.1,1.0,7.23,-0.7,41.98,-1.4,3.7,-4.59,-2.1,3.51,4.0,0.0,-0.95,0.0,6.0,0.87,0.0,-0.7,0
0.0,2.94,2.0,0.0,0.0,18.6,142.19,1.0,1.0,6.94,-0.88,-3.72,5.88,120.67,9.71,0.06,28.84,1.94,10.96,-0.94,4.94,2.83,0.0,11.88,0.99,0.0,4.83,1
0.0,2.31,1.0,0.0,-0.67,0.96,-265.24,1.0,-4.04,0.0,-28.94,3.39,0.0,0.0,-0.67,-7.08,-2.36,-2.02,2.03,2.67,1.0,-0.2,0.0,-0.73,0.71,0.0,-0.67,0
1.53,-2.05,1.0,1.53,-0.76,9.42,-287.57,1.0,-4.58,16.79,-33.87,0.92,1.76,58.76,5.0,-9.92,-0.63,-0.53,4.65,1.0,1.76,0.23,0.0,-1.63,0.94,0.0,1.0,0
-1.46,5.0,1.0,-1.46,0.0,5.0,45.73,1.0,0.0,-16.01,2.91,4.03,-0.73,-56.03,-0.73,1.73,4.64,-0.73,0.33,2.73,0.27,-0.44,0.0,6.0,0.7,0.0,-0.73,0
2.0,2.96,1.0,0.0,0.96,-7.6,114.46,1.0,0.0,4.84,24.64,-1.11,0.0,168.88,1.16,-0.96,14.0,1.04,5.44,0.0,1.0,1.7,0.0,11.76,1.02,0.0,3.92,0
15.81,38.29,0.17,8.32,8.32,-2.66,159.05,9.32,4.16,16.48,8.5,0.1,-2.5,70.45,1.0,4.99,-1.49,2.0,4.05,-1.66,-0.66,1.24,0.0,-71.41,1.19,0.0,0.17,0
0.0,10.99,1.0,6.0,0.0,18.2,369.27,1.0,0.0,0.0,5.61,3.63,0.0,100.0,3.41,2.4,7.41,1.6,16.42,-0.2,0.0,0.22,0.0,92.67,0.98,0.0,2.6,1
0.51,1.02,1.0,12.19,2.54,5.08,427.97,1.0,15.76,4.58,5.07,3.62,1.53,108.13,-0.51,4.02,10.66,1.02,6.48,4.0,-0.51,0.31,0.0,2.95,0.93,0.0,0.0,0
1.0,-0.68,0.32,0.0,1.0,-0.43,26.79,1.0,-0.68,-3.38,3.03,2.13,0.3,-20.94,0.97,-0.68,4.3,1.0,-3.63,1.0,-0.03,1.91,0.0,84.3,0.91,0.0,0.32,0
20.49,46.75,1.0,10.0,10.75,4.99,440.22,11.0,7.49,19.49,33.89,-2.06,0.75,78.8,5.24,4.51,15.22,2.49,3.95,-2.99,0.75,1.78,0.0,18.0,1.06,0.0,2.49,1
-0.58,1.0,1.0,0.0,-1.74,14.0,87.03,1.0,0.0,1.16,7.8,1.9,-1.9,33.62,5.0,0.0,11.06,1.58,2.13,0.42,0.42,-0.39,0.0,-2.12,1.06,0.0,1.58,0
0.0,14.52,1.0,6.0,0.0,13.91,333.6,1.0,0.0,0.52,0.97,4.34,0.0,109.79,-0.03,3.0,5.52,1.0,18.15,1.0,0.0,0.4,0.0,-68.21,0.96,0.0,2.0,0
2.79,1.0,2.0,0.0,0.0,5.73,49.73,1.0,0.0,2.21,0.33,1.32,3.37,70.38,1.21,0.0,16.73,3.0,2.59,1.79,0.79,3.13,0.0,-70.5,1.21,0.0,1.79,0
0.0,2.0,2.72,0.0,0.0,19.21,180.92,1.0,1.72,8.16,-1.16,0.62,6.16,82.44,7.16,0.28,20.09,1.72,11.59,0.72,5.44,3.68,0.0,85.69,1.01,0.0,3.44,1
1.18,3.41,1.0,1.18,1.0,-2.27,463.36,1.0,6.0,13.0,55.36,0.22,0.0,45.51,-1.36,13.0,5.86,3.0,4.81,-0.59,0.0,0.65,0.0,16.0,1.0,0.0,1.0,1
0.63,2.9,1.0,13.94,3.8,19.07,579.98,1.0,19.64,8.23,12.77,-1.65,2.9,58.91,5.63,0.0,19.67,2.9,5.63,-1.53,0.37,0.73,0.0,6.0,1.06,0.0,2.27,0
2.0,-1.04,1.0,-4.69,0.0,-9.39,-216.26,1.0,1.0,1.0,-1.56,-0.57,0.0,-34.23,2.22,-1.56,5.87,1.22,-6.24,0.78,1.78,0.0,0.0,10.0,0.66,0.0,0.44,0
-0.22,1.84,2.0,21.85,1.0,21.51,579.65,1.0,18.97,9.95,10.57,0.64,11.84,58.72,1.0,1.22,15.24,2.22,9.75,1.0,0.39,2.9,0.0,6.0,1.13,0.0,1.22,0
-1.51,6.03,1.0,4.52,1.0,13.82,283.5,1.0,-0.75,0.25,13.51,4.02,0.0,58.21,2.49,2.26,-2.02,0.25,11.57,0.75,0.25,0.36,0.0,180.98,0.81,0.0,0.0,1
0.0,5.87,1.0,0.0,0.87,1.52,38.91,1.0,0.0,3.48,0.87,-0.05,0.0,67.0,1.74,0.13,-1.61,0.87,4.22,1.13,1.87,0.47,0.0,11.22,0.9,0.0,1.74,0
17.24,45.12,0.12,10.0,10.0,4.64,322.95,11.0,6.88,16.24,12.64,0.92,-0.88,70.66,2.12,6.0,13.52,0.12,3.21,-0.88,0.0,0.17,0.0,205.24,0.99,0.0,1.0,1
-1.22,-0.22,1.0,0.0,1.0,2.61,58.88,1.0,0.0,4.61,7.57,1.29,0.0,54.49,-0.43,0.0,-2.04,1.0,2.79,0.0,0.39,0.27,0.0,12.0,0.92,0.0,1.39,0
-0.21,2.42,1.0,-1.21,1.61,10.64,322.99,1.0,3.64,-13.33,29.48,2.43,2.39,-46.66,3.0,7.88,13.06,2.21,-0.31,1.0,1.39,2.41,0.0,93.06,0.92,0.0,1.0,1
0.0,14.0,1.0,6.0,0.0,16.16,350.36,1.0,0.0,0.84,7.05,4.65,0.0,121.03,1.0,3.0,9.21,1.0,17.69,1.0,-0.84,-0.01,0.0,6.0,0.97,0.0,2.84,0
0.0,-1.74,1.58,-7.54,-2.9,14.32,-397.2,1.0,-17.97,-6.38,-8.27,2.51,4.06,-17.39,6.0,-0.16,-8.85,0.84,-1.05,0.58,1.58,0.61,0.0,6.0,0.89,0.0,-1.16,0
-0.75,0.0,1.88,-1.75,3.0,11.76,148.58,1.0,0.88,-16.65,2.88,0.9,6.75,-28.05,2.75,0.0,18.65,1.0,1.9,2.75,1.88,2.71,0.0,112.03,0.56,0.0,0.88,1
0.0,0.0,2.0,5.95,5.95,10.85,194.04,1.0,2.7,2.15,8.7,0.43,3.0,93.43,4.7,0.0,15.6,0.15,4.93,2.85,2.85,1.82,0.0,345.51,0.77,0.0,2.0,1
0.92,1.84,0.08,-8.29,-0.92,-9.9,42.73,1.0,0.0,1.08,24.9,0.38,-9.21,87.48,4.68,0.0,19.13,2.92,-2.22,-0.92,0.0,-0.2,0.0,6.0,0.95,0.0,2.84,0
-9.32,-22.26,1.0,-5.43,-2.43,4.63,-102.07,-4.43,-3.26,-9.77,-3.43,2.29,5.0,-48.87,-0.63,-2.72,-2.89,0.46,2.29,2.09,1.54,0.76,0.0,13.48,0.73,0.0,-0.54,0
1.73,2.73,1.0,-6.07,-5.07,-0.6,55.86,1.0,-1.73,4.87,16.94,0.75,0.0,81.33,3.73,0.0,13.14,1.87,3.27,-0.87,0.13,1.2,0.0,-227.26,0.91,0.0,3.73,1
0.0,1.0,1.59,0.0,0.41,1.41,57.92,1.0,0.0,5.19,5.85,0.82,1.19,82.93,0.81,0.0,1.0,1.0,4.2,1.19,1.59,1.17,0.59,-93.55,1.12,0.0,2.0,0
0.0,0.91,1.0,0.0,0.0,1.27,92.27,1.0,1.0,1.0,10.18,0.98,0.0,48.28,1.91,0.0,17.82,1.09,2.13,0.0,0.0,0.56,0.0,219.0,0.98,0.0,1.91,0
2.99,-1.0,1.0,1.0,5.98,5.99,62.01,1.0,0.0,3.0,6.0,0.93,0.0,113.67,0.0,0.0,0.02,2.0,3.67,0.0,1.0,0.86,0.0,6.0,0.79,0.0,0.0,0
2.0,0.72,5.0,2.0,2.28,29.0,141.62,1.0,0.0,0.0,-4.74,0.95,12.0,68.15,-0.43,0.0,3.59,1.0,3.41,1.0,4.0,5.56,0.0,-121.63,1.23,0.0,1.72,0
1.0,0.66,1.0,0.0,1.66,-1.59,78.05,1.0,2.0,6.64,6.93,0.18,2.0,137.76,-1.64,0.34,7.0,1.34,4.91,1.0,0.0,1.85,0.0,18.96,0.91,0.0,2.32,0
0.59,3.82,0.41,0.0,0.59,2.05,23.18,1.0,-0.59,-3.54,0.0,4.59,-0.59,-29.48,-1.18,0.41,-0.77,0.0,-1.26,2.59,-0.18,0.26,0.0,51.41,0.89,0.0,-0.59,0
0.0,-0.66,1.66,0.0,-0.66,4.68,43.41,1.0,0.0,-0.66,5.71,4.91,1.32,-33.56,0.0,1.0,4.0,0.0,2.64,2.32,0.66,0.59,0.66,2.05,0.96,0.0,-1.32,0
1.77,0.89,1.89,0.0,0.0,1.34,30.28,1.0,0.0,2.11,8.66,0.28,0.89,99.3,3.89,0.0,8.32,1.89,5.61,0.89,1.11,-0.57,0.0,6.0,0.97,0.0,1.0,0
0.0,0.0,1.0,0.0,0.0,8.29,43.84,1.0,0.0,1.34,8.7,1.8,0.0,36.19,4.3,0.66,7.02,2.0,0.51,0.0,0.0,0.24,0.0,6.0,0.93,0.0,1.0,0
-0.93,1.86,1.93,0.0,-0.93,8.66,93.47,1.0,0.93,6.59,6.0,-0.28,0.93,79.58,2.86,0.93,6.8,2.0,9.19,-0.93,2.86,0.35,0.0,-65.74,1.0,0.0,0.93,0
1.0,0.73,0.27,0.0,1.0,-1.57,-27.25,1.0,1.27,2.54,-1.19,1.22,-0.19,68.03,0.27,1.0,-2.48,2.0,1.4,-0.46,-0.73,0.8,0.0,-61.6,1.05,0.0,0.27,0
0.0,-1.35,0.32,0.68,0.0,-4.12,35.92,1.0,-0.68,-0.06,6.0,2.82,-2.71,66.81,-2.38,1.35,-0.09,1.32,-0.05,2.71,-1.71,0.53,0.0,3.29,0.92,0.0,-0.35,0
0.0,-0.69,1.0,0.0,1.0,-4.54,30.92,1.0,0.0,0.0,5.85,5.59,0.31,0.0,-2.46,0.69,-1.08,0.31,0.69,1.0,0.31,0.0,0.0,6.0,0.85,0.0,-0.69,0
0.0,1.0,1.0,0.0,1.0,5.67,103.83,1.0,0.0,7.67,6.33,1.05,0.0,107.32,2.92,-0.92,1.92,2.84,5.57,-0.92,1.92,2.38,0.0,12.0,1.2,0.0,2.92,0
0.0,0.0,1.0,0.0,0.0,4.0,48.0,1.0,0.0,3.0,6.0,0.55,0.0,55.0,3.0,0.0,3.0,1.0,5.83,0.0,2.0,0.0,0.0,6.0,0.96,0.0,1.0,0
-0.61,-0.61,1.39,0.0,1.84,1.23,7.73,1.0,0.0,1.16,0.7,0.33,4.45,-24.93,1.39,0.0,-5.14,-0.23,3.25,2.0,2.61,1.45,1.0,14.59,0.82,0.0,-0.61,0
0.0,0.0,2.0,0.0,0.0,0.0,11.99,1.0,0.0,4.46,5.0,-0.05,2.0,42.03,3.46,0.0,0.27,0.27,6.56,2.0,2.73,0.88,1.0,6.0,0.95,0.0,0.73,0
0.0,0.0,1.0,0.0,1.0,3.0,60.02,1.0,0.0,3.0,3.0,3.1,2.0,13.03,1.0,0.0,6.0,1.0,0.42,2.0,0.0,1.0,0.0,6.0,0.87,0.0,0.0,0
-1.58,4.16,1.0,-1.58,1.79,6.73,432.47,1.0,4.73,-13.36,47.08,1.72,-0.79,16.26,2.0,10.26,8.89,2.58,1.56,0.0,0.21,0.3,0.0,19.89,0.94,0.0,2.0,1
0.25,4.5,1.0,0.12,0.12,4.88,70.98,1.0,0.25,0.25,4.12,3.37,0.12,10.62,0.37,1.0,1.87,0.25,3.49,1.75,1.0,0.1,0.0,6.0,0.92,0.0,0.25,0
1.0,-0.88,1.0,0.0,1.0,-0.95,-24.11,1.0,0.0,2.65,0.12,1.6,1.23,-37.09,-0.53,0.0,-8.9,1.88,0.23,1.0,2.0,3.75,0.0,85.23,0.91,0.0,-0.77,0
0.0,-2.04,1.76,0.0,-0.76,17.04,-179.08,1.0,-3.8,2.28,-32.98,1.4,3.28,34.22,6.52,-9.88,13.84,-0.52,3.7,2.52,2.52,1.37,0.0,78.24,0.76,0.0,1.76,1
-1.96,-5.88,2.0,0.0,0.0,3.92,47.43,1.0,-0.98,4.96,10.88,0.58,2.0,36.78,2.0,0.0,-4.88,0.02,4.43,2.0,2.98,1.43,1.0,2.08,1.21,0.0,-0.98,0
-2.52,0.0,1.0,0.16,-5.03,-2.52,14.36,1.0,0.0,0.0,6.03,3.2,0.0,16.14,-0.84,3.84,5.19,-0.84,2.68,4.84,-0.84,0.0,0.0,6.0,0.8,0.0,0.0,0
1.75,-0.63,1.0,1.0,5.37,0.5,-82.13,1.0,-1.25,-1.25,-16.02,3.02,-0.63,109.38,-0.88,1.25,-4.38,-0.25,3.38,2.5,0.37,-0.5,0.0,6.0,0.73,0.0,-1.25,0
1.0,0.0,0.02,0.0,3.0,6.93,28.93,1.0,0.0,-2.95,-1.93,5.94,3.04,-25.54,-0.96,1.96,1.02,0.02,3.59,2.96,0.02,-0.0,-0.98,20.0,0.67,0.0,0.0,1
0.0,1.0,1.0,0.0,0.0,20.79,125.42,1.0,0.0,-4.19,2.67,3.73,2.0,16.15,2.4,1.73,19.67,0.13,0.99,0.0,0.13,0.99,0.0,8.0,0.65,0.0,2.13,0
0.0,0.0,1.0,0.0,0.0,-3.96,55.96,1.0,0.0,3.0,11.31,1.86,-0.88,55.0,3.0,-0.88,3.88,1.0,6.91,0.0,2.0,-1.18,0.0,6.0,1.25,0.0,1.0,0
1.23,0.62,1.62,0.0,1.0,-0.23,25.9,1.0,0.0,1.62,10.15,0.26,0.62,31.42,4.62,0.0,2.85,1.62,2.91,0.62,1.0,0.74,0.0,184.0,0.62,0.0,0.0,1
-0.78,3.11,1.0,0.0,0.0,3.22,368.69,1.0,4.66,0.0,41.37,5.39,-2.33,0.0,-1.55,12.09,2.33,1.55,5.81,3.22,-0.55,-1.79,0.0,-49.12,0.89,0.0,0.0,0
0.0,0.0,1.0,5.32,4.7,11.47,328.91,1.0,2.23,0.38,14.53,2.7,0.0,97.62,0.38,0.0,1.38,1.0,6.95,2.62,1.62,0.49,0.0,66.42,1.16,0.0,2.0,1
0.0,0.0,1.0,0.0,-1.82,10.64,98.36,1.0,0.0,0.0,5.09,3.16,-1.82,0.0,5.82,0.0,9.54,1.0,-0.32,0.0,1.91,1.45,0.0,210.9,1.08,0.0,1.91,1
0.64,1.93,1.0,14.15,3.22,10.07,585.82,1.0,19.94,10.36,22.93,-0.56,1.29,117.81,1.0,1.29,21.22,3.29,6.1,-0.64,-0.64,1.47,0.0,6.0,1.06,0.0,2.29,0
1.11,0.0,1.0,0.55,2.77,1.78,70.54,1.0,0.0,4.0,7.66,0.22,-1.66,88.42,-0.11,0.0,2.12,2.0,4.37,-0.55,0.45,0.56,0.0,-38.89,0.9,0.0,0.45,0
2.46,0.0,2.0,9.73,4.66,13.07,107.32,1.0,0.0,2.0,4.19,0.31,7.81,136.16,-0.46,0.0,-2.12,1.0,7.48,0.27,0.27,0.3,0.0,-53.26,0.91,0.0,-0.73,0
0.0,0.0,1.0,7.0,7.0,13.61,153.0,1.0,2.0,0.0,10.15,0.68,1.44,130.19,5.15,0.0,12.92,1.0,3.72,1.0,2.0,0.1,0.0,283.44,1.01,0.0,1.44,1
0.76,4.27,2.0,16.67,4.55,16.55,650.5,1.0,24.49,11.3,8.58,0.59,5.52,68.94,3.48,2.52,19.09,2.52,11.45,-0.76,3.24,2.28,0.0,10.0,0.98,0.0,2.76,1
19.0,46.0,1.0,9.21,10.0,-4.3,65.65,11.0,5.21,17.21,-2.6,0.42,0.79,49.06,3.0,6.0,9.21,1.0,0.45,-0.79,0.0,0.83,0.0,18.0,0.95,0.0,-0.57,1
0.0,0.0,1.0,1.0,1.0,11.03,306.51,1.0,1.0,-1.71,17.0,3.47,0.0,29.66,3.03,0.0,1.32,0.32,5.31,2.0,1.0,-0.66,0.0,103.46,0.91,0.0,2.0,1
1.0,0.0,1.0,-6.66,-5.66,6.05,1.17,1.0,-1.9,2.85,-0.9,1.8,3.0,-33.28,3.0,0.0,9.85,1.0,4.36,0.05,2.0,2.2,0.0,-175.4,0.88,0.0,1.95,0
1.59,0.0,2.76,-4.11,2.17,14.63,59.43,1.0,0.0,-1.17,0.41,1.83,4.17,1.76,3.0,0.0,5.24,1.0,-0.96,1.0,3.76,4.24,0.0,87.0,0.9,0.0,1.59,1
1.56,-2.08,1.0,0.52,2.6,2.44,-161.1,1.0,-3.13,4.0,-19.53,0.66,0.0,85.1,1.0,-6.77,0.79,0.96,3.1,0.0,1.52,1.85,0.0,0.79,0.86,0.0,0.48,0
3.0,0.56,1.0,1.0,6.0,3.56,77.56,1.0,0.0,2.23,9.02,0.03,-0.56,142.97,1.56,0.0,0.0,1.0,3.84,-0.56,1.0,0.3,0.0,9.35,0.82,0.0,1.12,0
0.87,3.61,1.0,19.11,5.21,10.39,810.7,1.0,26.93,12.29,20.03,-1.72,3.74,155.78,5.87,0.0,38.77,3.61,10.3,-0.87,1.0,0.54,0.0,8.0,1.3,0.0,4.74,1
0.0,-0.62,0.19,0.0,1.0,-4.48,22.64,1.0,-0.81,-0.86,10.0,5.49,-3.24,36.5,-2.05,0.81,-7.1,0.19,-0.98,3.24,-1.43,-1.22,0.0,8.76,0.82,0.0,0.38,0
1.0,16.17,1.0,27.64,6.0,24.23,1118.18,1.0,31.0,10.18,14.24,4.85,3.0,135.32,-0.88,4.82,21.88,3.0,19.3,0.94,-1.88,1.15,0.0,6.0,0.99,0.0,2.94,0
0.65,0.0,1.0,0.0,2.96,-0.96,-14.58,1.0,0.0,-3.92,-2.92,2.8,3.62,-44.46,-0.31,0.0,-2.92,1.0,-0.47,1.0,1.0,0.26,0.0,15.15,0.73,0.0,-0.65,0
0.0,12.45,2.0,5.75,-0.96,24.36,433.18,1.0,1.0,-0.83,-0.66,4.46,3.0,67.03,2.04,2.87,22.83,1.0,18.05,2.96,1.04,1.58,0.0,105.25,0.76,0.0,2.0,1
2.0,0.0,1.0,-1.87,-3.87,0.55,20.57,1.0,-1.11,25.32,6.0,0.18,1.55,64.83,1.0,0.0,4.43,1.0,7.13,0.0,0.45,0.92,0.0,-146.69,0.96,0.0,1.55,0
2.0,1.0,2.0,-0.94,-0.94,-3.68,-170.27,1.0,-0.94,5.81,-1.3,-1.62,1.0,65.22,2.0,0.0,15.74,3.94,0.29,-0.87,0.0,2.81,0.0,6.0,1.02,0.0,0.06,0
-0.94,0.0,1.0,-0.65,-0.88,3.65,32.77,1.0,0.0,2.59,3.29,0.01,5.0,-43.37,1.0,0.0,5.88,1.65,3.6,1.0,1.0,2.69,0.0,20.0,0.89,0.0,0.65,0
1.07,-2.68,1.0,1.07,0.0,4.32,71.29,1.0,0.0,11.78,9.21,-0.14,0.54,41.22,4.54,-0.54,4.46,1.54,2.52,-1.07,1.0,0.68,0.0,150.0,0.99,0.0,1.54,1
0.6,-0.6,1.0,0.0,1.79,16.2,47.48,1.0,0.0,-0.6,1.8,3.59,3.99,-11.35,-0.6,2.0,0.61,0.0,1.69,1.6,0.0,1.49,0.0,14.37,0.5,0.0,-0.6,0
0.0,0.7,1.0,0.0,0.7,3.19,70.07,1.0,0.0,2.81,9.7,2.29,0.0,54.18,1.41,0.3,1.89,0.7,3.06,0.3,0.7,0.38,0.0,10.22,0.93,0.0,1.41,0
0.0,1.64,-2.29,-1.64,-1.46,-21.18,-17.08,1.0,0.0,0.82,13.32,2.65,-8.86,23.83,4.29,0.0,12.5,1.82,0.42,0.18,-1.46,-3.14,0.0,6.0,0.86,0.0,0.82,0
3.7,1.0,1.0,1.85,1.85,-3.65,348.25,1.0,3.7,2.85,55.11,0.52,0.15,93.5,1.3,1.85,-5.61,2.85,1.3,0.0,1.0,0.89,0.0,4.3,0.99,0.0,1.15,0
0.2,0.0,-2.6,0.2,-2.7,-22.5,-68.58,1.0,0.0,22.0,6.0,4.87,-9.8,17.61,0.1,1.8,0.0,0.1,6.4,2.7,-1.7,-3.9,0.0,6.0,0.84,0.0,0.1,0
0.0,0.0,1.0,-0.82,0.0,6.45,80.24,1.0,0.0,2.63,14.98,-1.3,0.0,-1.31,1.82,-2.45,10.53,3.63,-0.54,-3.27,1.0,1.35,0.0,6.0,1.01,0.0,0.82,0
0.0,-0.57,1.0,7.0,7.57,-1.88,24.94,1.0,2.0,-0.57,4.56,1.81,-0.57,47.01,0.71,0.0,-13.18,1.0,0.37,1.57,2.0,0.02,0.0,280.85,0.94,0.0,-1.72,1
0.0,2.0,2.0,0.0,0.0,15.67,115.74,1.0,1.0,9.67,-2.67,0.51,4.0,80.24,5.92,0.08,10.92,2.83,11.54,-0.92,4.92,4.0,0.0,10.0,1.24,0.0,2.92,1
0.17,0.0,1.34,0.17,0.26,7.98,87.79,1.0,0.0,5.48,7.4,0.66,1.95,67.83,2.83,0.0,7.31,1.0,5.06,1.0,1.26,1.34,0.0,6.0,0.98,0.0,1.0,0
0.0,5.79,1.0,0.0,0.0,11.33,29.98,1.0,0.0,-4.74,-4.74,4.52,0.0,-53.77,1.58,1.0,0.21,0.0,1.82,2.0,1.0,-0.79,0.0,6.0,0.9,0.0,0.0,0
0.0,-1.51,2.0,-11.04,-2.51,-2.51,-378.58,1.0,-15.56,-3.53,-3.53,0.83,2.0,-20.68,3.0,-1.0,-5.53,-0.0,-0.19,2.5,3.0,2.16,1.0,46.66,0.9,0.0,-0.5,0
-13.95,-33.76,1.73,-7.34,-7.34,20.87,-16.94,-6.34,-3.67,-11.01,0.8,4.34,3.2,-33.03,0.0,-2.4,9.61,0.0,0.85,2.47,1.47,2.01,0.0,74.26,0.42,0.0,0.73,1
2.0,1.0,2.68,0.0,0.0,1.0,40.94,1.0,0.0,5.03,5.61,0.15,2.35,100.61,3.35,-0.68,9.29,3.68,4.88,1.68,1.35,2.32,0.68,6.0,1.16,0.0,1.0,0
1.68,-3.39,1.0,0.0,3.68,3.0,30.43,1.0,1.36,2.71,2.68,-1.39,6.36,59.01,1.68,0.0,6.07,2.36,2.42,0.32,0.32,2.42,0.0,26.1,0.75,0.0,0.68,1
0.0,0.0,1.0,-0.71,0.0,8.24,57.19,1.0,0.0,4.24,5.94,3.85,0.71,-22.6,2.12,-0.12,4.94,0.71,4.88,1.88,1.71,0.71,0.0,6.0,0.89,0.0,0.71,0
0.0,5.0,1.0,-0.85,-0.85,0.76,-150.1,1.0,-0.85,2.54,-9.33,2.0,0.0,-16.12,0.0,1.0,4.39,0.85,0.91,0.3,1.0,1.31,0.0,6.0,0.96,0.0,-0.85,0
2.0,-0.71,5.0,2.0,3.0,21.92,149.23,1.0,0.71,0.71,8.08,0.44,11.29,109.17,-1.83,0.0,6.37,1.71,1.8,0.29,3.29,5.14,0.0,156.74,1.0,0.0,1.0,0
0.0,0.93,1.0,0.0,0.0,10.45,45.3,1.0,0.0,-3.59,6.41,1.74,0.0,-5.36,2.86,0.0,8.07,2.0,-0.6,0.0,0.0,-0.2,0.0,6.0,0.95,0.0,1.0,0
0.0,5.85,2.0,0.0,0.0,4.3,-12.39,1.0,1.0,5.04,-5.74,3.16,2.08,-22.18,0.19,1.96,-12.14,0.04,8.5,1.92,4.0,1.49,0.0,8.08,0.92,0.0,-0.89,0
19.0,49.15,1.0,10.0,10.79,3.58,588.08,11.0,9.94,17.21,42.33,0.11,0.0,41.9,3.0,16.25,5.27,1.79,6.51,0.0,0.0,1.26,0.0,-142.06,1.01,0.0,1.0,0
-0.68,0.68,1.0,0.0,-2.38,1.68,159.19,1.0,1.35,1.35,20.6,2.7,1.68,-10.14,2.35,0.68,6.41,1.68,1.09,1.0,1.0,0.54,0.0,6.0,0.99,0.0,1.35,0
2.32,0.66,1.0,0.66,3.66,1.03,137.54,1.0,1.32,1.32,19.77,-0.35,5.66,55.94,0.34,0.66,3.97,1.66,3.8,1.0,1.0,1.69,0.0,-74.77,0.79,0.0,0.66,0
1.24,2.24,1.0,0.0,0.0,11.76,130.45,1.0,-0.62,1.0,9.48,0.42,2.0,96.1,7.48,0.0,22.76,1.0,4.99,0.0,1.62,1.31,0.0,-124.22,0.97,0.0,3.62,1
1.41,6.0,1.0,0.59,-1.19,3.56,180.12,1.0,1.59,1.59,8.9,1.65,-2.97,74.84,3.0,0.0,9.0,2.0,6.95,0.59,1.0,-0.56,0.0,1.7,0.78,0.0,3.19,0
0.0,0.0,1.0,0.0,1.0,1.0,24.0,1.0,0.0,0.0,1.0,3.0,1.0,0.0,1.0,0.0,1.0,1.0,1.0,1.0,1.0,0.0,0.0,6.0,0.86,0.0,0.0,0
1.0,-2.05,1.68,-8.9,-2.42,7.74,-451.61,1.0,-19.23,-3.53,-9.95,1.19,6.79,66.46,1.0,-0.37,-4.64,0.63,1.51,1.68,0.68,2.22,0.0,15.0,0.89,0.0,-0.37,0
0.0,0.0,1.0,1.0,1.0,-2.14,265.31,1.0,1.0,1.0,22.2,0.21,-0.74,52.0,1.0,-0.74,3.48,1.0,6.42,2.0,1.0,-0.54,0.0,6.0,0.96,0.0,2.0,0
0.0,0.0,1.0,0.0,0.0,9.75,76.51,1.0,0.0,3.5,5.92,1.99,1.0,39.69,1.75,0.83,5.92,0.58,3.62,1.0,0.58,1.14,0.0,6.0,0.83,0.0,0.58,0
1.0,-0.7,1.0,0.0,1.7,-1.43,-30.08,1.0,0.0,0.0,4.51,1.63,1.59,-41.46,2.3,0.0,-9.16,1.0,-0.79,1.0,2.0,2.36,0.0,210.67,0.66,0.0,-1.11,0
0.0,11.21,1.0,4.81,0.0,13.41,321.75,1.0,0.0,2.0,12.8,-0.11,0.0,138.11,1.8,0.8,13.01,2.8,12.46,-2.4,-0.8,0.73,0.0,6.0,1.07,0.0,2.6,0
0.78,1.83,1.0,14.8,0.0,5.49,502.88,1.0,18.9,29.92,14.53,-0.04,2.83,72.73,1.0,1.22,12.19,2.22,8.9,0.0,0.39,1.3,0.0,6.0,1.1,0.0,2.22,0
0.0,1.0,1.0,0.0,-0.73,22.04,59.88,1.0,0.0,-0.73,-6.04,3.02,1.0,-11.7,6.46,0.73,7.0,1.73,1.66,1.0,1.0,-0.26,0.0,-124.12,1.15,0.0,1.0,0
0.0,0.0,0.05,0.0,0.0,0.29,-21.16,1.0,-0.95,0.95,8.05,5.2,-2.86,-11.42,-1.9,1.0,-8.38,0.95,1.84,-0.9,-0.95,-0.1,0.0,-93.97,1.17,0.0,-0.95,0
0.0,-0.54,1.0,0.0,0.54,4.0,47.73,1.0,0.0,3.46,4.38,1.79,0.54,22.75,0.46,0.0,3.3,2.0,2.74,0.54,1.0,1.38,0.0,6.0,0.91,0.0,0.46,0
1.0,3.0,1.0,27.21,11.21,12.74,861.55,1.0,32.49,12.26,19.49,0.52,3.0,135.41,2.49,2.0,17.02,2.26,8.75,0.74,0.74,0.9,0.0,211.35,1.04,0.0,2.0,1
0.0,-1.77,0.11,0.0,0.89,-3.74,34.43,1.0,-0.89,0.69,8.0,2.91,-1.66,23.74,-0.54,-0.89,0.03,1.0,-2.05,1.89,-1.66,-0.92,0.0,2.46,0.88,0.0,-0.77,0
-0.78,4.0,1.0,0.0,0.22,7.56,509.57,1.0,4.44,-3.11,56.89,1.55,-1.56,-67.7,3.33,12.22,8.44,2.22,2.36,-0.78,0.78,-0.59,0.0,121.05,1.04,0.0,1.0,1
0.0,1.0,1.56,0.0,0.0,11.77,49.42,1.0,0.0,0.0,1.44,1.49,2.11,-16.14,4.44,0.0,5.89,1.0,1.65,2.11,1.0,0.8,0.56,6.0,0.94,0.0,0.44,0
-6.51,-23.03,1.0,-4.01,0.99,5.5,-45.61,-4.01,-3.0,-9.01,2.0,1.96,0.0,54.95,1.5,-3.0,-2.5,1.0,0.86,0.0,1.5,-0.41,0.0,72.07,0.76,0.0,0.0,0
1.96,0.0,1.96,8.63,1.96,14.59,76.98,1.0,2.0,5.92,-5.71,-3.16,11.59,147.43,1.96,0.04,6.04,2.96,6.37,1.0,0.96,3.61,0.0,15.0,0.94,0.0,1.0,0
0.0,1.0,1.0,0.0,-0.77,16.3,86.5,1.0,0.0,2.3,-2.61,1.64,1.0,13.05,2.7,0.0,10.84,1.77,4.28,1.0,1.0,1.26,0.0,-130.67,1.23,0.0,1.77,0
0.0,0.0,1.0,0.0,0.0,8.36,31.79,1.0,0.0,-0.64,8.71,1.05,0.64,-12.22,1.93,1.0,5.64,0.0,1.39,1.64,0.0,-0.74,0.0,6.0,0.67,0.0,0.0,0
0.0,1.0,1.0,0.0,1.92,-3.49,14.92,1.0,0.0,4.0,5.42,2.11,0.92,77.0,-0.75,0.0,-2.66,1.0,2.82,0.92,1.0,0.21,0.0,-119.79,0.83,0.0,1.08,0
0.0,5.82,1.0,0.0,0.0,13.16,45.0,1.0,0.0,-3.27,-3.27,4.57,0.82,-26.94,3.27,1.0,1.82,-0.82,3.19,2.82,1.0,-1.63,0.0,6.0,0.9,0.0,0.0,0
1.04,2.0,2.0,1.04,-0.52,11.48,80.52,1.0,1.0,17.41,3.59,-1.02,4.0,89.95,5.0,1.0,9.48,1.0,11.58,-0.52,4.0,2.48,0.0,10.0,1.03,0.0,2.52,1
0.0,14.0,1.0,6.0,0.92,12.4,303.74,1.0,0.0,-4.6,5.68,4.76,-0.92,52.14,1.92,3.0,-1.44,1.0,14.54,0.08,0.0,-0.59,0.0,169.83,0.62,0.0,1.08,1
19.0,45.27,1.73,10.0,10.0,-7.46,190.91,11.0,6.0,19.46,8.54,-0.28,0.0,54.33,0.82,6.0,-6.74,1.0,4.2,1.46,0.73,1.71,0.73,16.54,0.98,0.0,-1.18,1
-1.47,-1.47,1.0,0.0,0.74,11.41,425.25,1.0,3.68,-0.74,44.96,2.38,0.0,-32.34,2.53,9.56,5.74,1.74,0.44,0.0,0.26,0.58,0.0,154.41,1.17,0.0,0.26,1
-0.84,5.0,0.16,-1.67,5.02,-4.2,38.31,1.0,1.67,-1.67,5.02,3.57,-8.37,22.59,1.67,1.0,-1.51,0.0,0.23,2.0,1.84,-1.49,0.0,236.88,0.92,0.0,0.0,1
2.69,8.08,1.0,22.0,6.0,-0.71,798.02,1.0,31.85,13.85,15.46,-2.23,2.15,130.28,3.54,0.31,25.08,4.69,11.07,-0.85,0.85,0.02,0.0,9.39,1.06,0.0,3.69,1
0.0,0.05,1.0,0.0,0.0,4.41,29.28,1.0,0.0,0.05,1.27,5.77,0.09,3.39,0.23,1.91,1.08,0.05,4.02,3.82,1.0,0.03,0.0,6.09,0.84,0.0,0.14,0
-1.67,0.0,2.0,8.11,-3.45,14.22,74.16,1.0,0.0,2.0,-0.67,2.49,10.89,-26.1,1.0,0.0,3.89,1.0,4.93,1.89,1.0,2.2,0.0,6.0,1.06,0.0,0.0,0
0.91,0.0,1.0,0.6,3.34,3.17,30.75,1.0,0.17,0.0,2.51,0.37,4.57,7.72,1.17,0.0,1.83,1.0,2.94,1.0,1.09,1.32,0.0,42.49,0.79,0.0,0.0,1
0.0,0.0,1.0,4.17,5.86,4.47,62.18,1.0,1.39,0.0,5.86,0.86,1.0,-6.94,3.08,-2.08,0.31,1.69,-0.18,-1.08,2.39,0.29,0.0,197.59,0.93,0.0,0.0,1
3.0,0.0,1.0,1.0,6.0,-2.08,71.64,1.0,0.0,1.13,10.21,0.21,0.0,132.76,-1.82,-0.56,4.52,1.0,3.42,0.0,0.44,0.41,0.0,6.0,0.83,0.0,0.56,0
16.43,42.53,1.0,9.67,9.67,4.0,253.28,10.67,5.8,17.43,0.2,0.88,0.0,28.17,-0.93,5.8,0.13,1.03,4.03,0.0,0.03,0.75,0.0,17.6,0.96,0.0,-0.97,1
17.91,46.0,1.0,8.91,10.0,4.19,278.45,11.0,6.0,5.96,7.26,3.37,-0.55,47.85,2.45,7.09,10.0,0.45,4.09,2.19,0.0,0.85,0.0,18.0,0.92,0.0,0.45,1
0.0,2.0,2.0,0.0,0.0,12.0,57.67,1.0,1.0,3.21,-3.65,5.52,4.0,-1.17,2.21,2.86,7.21,0.07,7.54,3.72,3.07,2.17,0.0,10.0,0.85,0.0,1.07,1
0.0,0.0,1.0,0.0,0.0,7.0,82.0,1.0,0.0,0.0,6.0,1.78,0.0,0.0,4.0,0.0,5.0,1.0,1.5,0.0,1.0,0.36,0.0,150.0,0.96,0.0,1.0,1
0.0,0.0,1.0,0.0,0.0,4.0,95.0,1.0,1.0,1.0,12.0,1.16,0.0,61.0,1.0,0.0,16.0,2.0,1.31,0.0,0.0,0.2,0.0,219.0,0.97,0.0,1.0,0
2.0,-11.55,1.83,-2.95,0.0,-14.03,-244.83,1.0,0.0,24.48,8.48,-3.56,2.65,15.94,1.83,-2.48,-3.3,1.0,-6.29,0.83,2.65,1.78,0.83,6.0,0.96,0.0,-0.65,0
-0.51,1.0,1.0,0.0,0.49,-1.57,59.32,1.0,0.0,4.0,14.59,0.32,-1.53,77.0,0.47,0.51,-0.02,0.49,3.27,0.0,-0.02,-0.79,0.0,-29.35,0.8,0.0,1.49,0
3.61,0.0,1.0,0.39,6.0,0.57,-93.81,1.0,0.61,1.82,-5.71,0.24,1.21,121.23,1.0,0.61,3.03,1.61,0.2,-0.61,0.39,0.64,0.0,11.46,0.76,0.0,-0.61,0
1.77,0.0,4.54,1.77,3.66,16.05,123.78,1.0,0.0,1.0,12.0,-0.94,10.63,74.45,-0.43,-0.89,0.11,0.11,4.49,0.89,3.66,4.78,0.0,184.0,0.7,0.0,0.89,0
1.83,6.48,1.0,-0.91,-0.91,5.78,-186.25,1.0,0.0,0.0,-13.53,-0.58,1.0,-7.31,6.83,0.0,13.4,1.91,1.27,-0.83,1.0,-0.41,0.0,9.65,0.75,0.0,1.0,0
1.0,3.0,1.0,22.71,6.0,17.67,1029.0,1.0,31.71,13.71,29.34,0.6,2.29,129.84,1.0,2.0,20.71,3.0,12.17,0.71,0.0,1.46,0.0,6.0,1.04,0.0,3.42,0
0.0,0.02,1.0,0.0,-0.98,2.95,36.46,1.0,0.0,0.02,0.09,0.41,0.0,-2.49,2.98,0.0,7.95,1.0,4.9,0.0,1.98,0.62,0.0,0.14,1.0,0.0,0.02,0
0.0,5.0,1.0,0.0,0.0,5.0,45.0,1.0,0.0,0.0,0.0,3.75,0.0,0.0,0.0,1.0,1.0,0.0,3.6,2.0,1.0,0.0,0.0,6.0,0.92,0.0,0.0,0
0.0,-8.14,2.0,-3.76,0.0,-0.02,-16.3,1.0,1.0,3.63,8.25,-1.7,3.0,-5.74,3.63,-1.88,19.63,1.0,-5.33,1.37,2.63,2.82,0.0,111.0,0.73,0.0,1.37,1
0.0,0.0,2.0,0.0,0.0,-6.72,-5.67,1.0,0.0,3.0,3.78,1.61,1.39,26.0,2.0,0.0,-0.83,1.0,5.03,3.83,2.61,0.61,1.0,6.0,1.08,0.0,0.0,0
10.39,26.55,1.0,6.77,5.19,-1.73,167.43,6.77,2.31,8.08,6.19,3.12,-1.15,101.73,1.15,5.89,2.73,-0.58,5.25,3.42,0.0,-0.18,0.0,7.73,0.96,0.0,0.0,1
1.23,0.62,1.0,0.0,0.0,-0.08,47.61,1.0,0.62,2.62,12.0,-1.3,0.0,85.09,2.85,-0.62,13.93,3.23,2.23,-1.23,0.0,0.73,0.0,8.46,0.83,0.0,2.23,0
-0.62,1.0,0.38,-5.6,0.0,-8.33,16.83,1.0,0.0,0.38,10.22,0.68,-6.22,-10.22,3.87,0.0,4.76,1.0,-0.4,-0.62,1.0,-0.0,0.0,116.68,0.72,0.0,1.0,0
0.25,0.0,2.0,9.0,-1.26,16.75,117.3,1.0,0.0,4.26,5.01,0.99,6.24,104.37,2.5,0.0,3.75,1.0,8.46,0.25,1.75,1.15,0.0,-4.53,1.14,0.0,0.75,0
1.02,4.92,0.02,-7.82,1.0,-5.8,632.26,1.0,7.88,0.04,82.98,0.95,-8.8,23.26,3.0,13.74,14.86,3.96,-0.23,-0.98,0.02,-1.07,0.0,15.8,0.97,0.0,2.98,1
1.98,5.95,1.0,-6.94,-6.94,10.04,-5.36,1.0,-0.99,0.99,-4.93,3.53,1.0,-45.59,0.0,2.0,11.92,0.99,3.79,0.01,-0.99,0.92,0.0,-263.57,0.31,0.0,1.98,0
1.5,1.0,1.0,0.75,1.0,3.5,207.03,1.0,1.5,2.5,27.28,0.78,0.75,83.01,2.75,0.75,6.26,1.75,2.85,0.0,1.0,0.74,0.0,7.49,0.97,0.0,2.0,1
-15.65,-37.88,1.0,-8.24,-7.24,-0.65,-171.36,-7.24,-4.94,-13.82,12.0,0.9,0.0,-58.12,1.53,-4.12,-3.12,0.18,-1.39,0.82,1.0,-0.62,0.0,174.12,0.35,0.0,-0.82,1
1.0,-2.07,2.0,9.0,0.48,16.0,-113.63,1.0,-3.11,2.0,-20.81,3.06,10.0,63.0,0.48,-6.22,-0.11,-0.56,5.93,1.52,1.0,2.05,0.0,0.81,0.98,0.0,-0.52,0
0.87,-1.75,0.13,7.0,7.87,0.63,59.68,1.0,1.13,-5.24,8.0,1.86,-0.87,46.32,1.25,-0.87,-2.62,1.0,-4.91,1.87,0.25,0.8,0.0,349.27,0.95,0.0,-0.87,1
0.25,0.0,0.25,-6.02,2.25,-9.03,-22.37,1.0,0.0,-1.5,1.25,2.5,-2.52,27.82,0.25,2.26,0.5,0.25,1.25,3.26,0.25,-0.25,0.0,20.0,0.7,0.0,0.0,1
0.0,0.57,1.0,0.0,0.0,8.54,13.21,1.0,0.0,-3.41,-2.41,6.55,0.0,-38.62,1.14,2.0,-0.57,0.0,2.72,4.0,1.0,-0.57,0.0,6.0,0.82,0.0,0.0,0
0.0,0.6,1.0,-0.6,0.6,2.41,163.34,1.0,1.2,-12.05,26.26,0.88,0.0,4.82,1.2,1.6,9.82,0.6,-0.68,1.0,0.0,0.12,0.0,6.0,0.68,0.0,0.6,0
-2.26,0.0,1.0,4.52,0.75,7.51,104.37,1.0,1.51,0.0,12.01,4.96,0.0,-7.53,1.51,1.0,4.0,0.0,2.35,1.75,0.75,0.31,0.0,213.82,1.11,0.0,0.0,0
1.0,3.0,1.0,22.0,6.0,12.0,837.0,1.0,31.0,13.0,18.0,0.83,3.0,93.0,1.0,2.0,20.0,3.0,8.15,0.0,0.0,1.15,0.0,6.0,1.0,0.0,2.0,0
10.42,25.23,1.0,5.48,6.48,-0.1,157.66,6.48,3.29,10.32,14.19,0.11,0.0,47.26,5.1,3.29,4.29,0.45,3.71,0.0,0.45,0.59,0.0,190.58,0.64,0.0,0.55,1
0.0,-2.99,1.0,0.0,0.75,-2.24,43.21,1.0,0.0,2.99,17.48,-1.52,0.0,57.62,1.5,0.25,5.0,0.75,0.76,-0.5,0.0,0.4,0.0,10.49,0.68,0.0,1.5,0
0.0,0.0,1.75,0.0,0.0,8.5,147.56,1.0,0.75,1.0,6.75,1.22,2.25,25.49,1.0,0.0,16.01,2.0,0.31,1.5,1.0,2.33,0.0,84.81,0.77,0.0,0.75,1
0.1,0.0,1.0,0.9,1.0,6.81,280.95,1.0,2.9,4.9,15.47,1.91,-0.71,134.04,-0.81,1.0,2.48,2.0,7.88,1.9,-0.9,-0.44,0.0,-58.27,0.89,0.0,1.9,0
-1.72,-1.72,1.0,0.0,0.0,7.44,64.16,1.0,0.0,5.3,-0.88,1.31,0.86,9.77,-0.72,0.0,-1.16,1.14,4.04,0.86,1.0,0.59,0.0,6.0,0.94,0.0,-0.86,0
0.0,1.0,1.0,0.0,0.0,12.24,55.03,1.0,0.0,2.35,2.0,0.94,1.0,19.35,3.24,0.0,7.59,1.59,4.17,1.0,1.0,0.96,0.0,-78.42,0.96,0.0,1.0,1
1.0,-0.61,1.61,0.0,1.0,4.56,104.52,1.0,0.61,1.83,4.05,1.36,4.22,27.41,1.78,0.0,14.31,1.0,1.76,1.61,2.61,3.88,0.0,150.96,0.78,0.0,1.61,1
-1.31,2.62,-1.62,-1.31,-1.31,-9.07,310.24,1.0,3.93,0.0,43.07,5.56,-7.86,-43.25,0.0,9.52,10.55,1.31,2.77,0.34,-2.62,-3.08,0.0,12.55,0.95,0.0,0.0,1
2.0,0.0,5.0,2.0,3.0,26.45,110.13,1.0,0.0,-3.4,4.4,0.93,11.15,57.49,-0.7,0.0,0.85,1.85,-0.19,0.15,3.15,4.77,0.0,6.0,0.97,0.0,1.0,0
0.0,0.0,1.0,0.0,0.0,3.27,79.11,1.0,0.0,0.73,4.63,5.5,0.73,54.39,0.0,2.0,12.33,0.0,5.0,3.27,1.0,0.51,0.0,7.45,0.84,0.0,1.45,0
1.89,0.95,1.95,0.0,0.0,-0.73,36.64,1.0,0.0,6.84,6.0,-4.15,0.95,111.48,2.89,-0.95,13.56,4.84,4.16,0.0,1.0,3.28,0.0,6.0,1.0,0.0,1.95,0
-1.99,3.98,1.0,-0.99,-0.99,4.99,-111.83,1.0,-0.99,-0.99,-20.81,4.18,-0.99,-23.52,-1.98,0.0,9.04,0.01,2.19,1.99,0.0,-0.6,0.0,219.0,0.91,0.0,-0.99,0
2.0,0.0,5.0,2.0,3.87,24.67,83.8,1.0,0.0,0.0,-5.93,-1.28,12.87,66.0,1.87,-0.87,-2.6,1.87,1.65,1.0,4.87,5.0,0.0,6.0,0.91,0.0,1.0,0
0.0,4.0,1.0,0.66,1.0,6.0,494.26,1.0,6.0,0.0,47.06,3.16,0.0,65.98,1.0,14.32,7.36,3.0,5.31,1.98,0.0,0.29,0.0,16.0,1.13,0.0,1.0,1
1.0,0.0,2.0,9.0,1.0,16.0,100.0,1.0,0.0,2.0,2.0,0.84,10.0,63.0,1.0,0.0,3.0,1.0,6.33,1.0,1.0,2.2,0.0,6.0,1.0,0.0,0.0,0
-11.78,-25.1,1.0,-6.54,-4.58,5.65,-121.19,-5.54,-3.93,-11.78,-5.23,3.87,3.27,-58.89,-1.31,-2.93,-4.23,0.0,2.35,2.65,1.65,0.14,0.0,7.31,0.77,0.0,-0.65,0
-0.72,0.0,2.0,0.0,-2.15,7.85,166.72,1.0,1.0,3.0,12.74,0.93,-0.59,45.0,2.28,0.72,21.15,0.28,2.81,2.0,1.28,1.09,0.0,100.95,0.66,0.0,2.0,1
2.0,0.0,1.0,2.0,-0.95,2.85,92.33,1.0,0.95,22.95,16.43,-1.58,0.05,134.85,1.0,0.0,14.23,1.95,5.79,-0.95,0.05,0.79,0.0,208.0,1.08,0.0,1.95,1
0.0,0.0,0.2,1.0,0.0,-8.01,-75.19,1.0,-0.8,-2.4,3.4,3.51,-2.4,63.94,-2.4,3.8,-10.22,-0.8,1.4,3.2,-1.6,-1.68,0.0,-78.14,0.85,0.0,-1.6,0
0.93,-0.53,0.47,2.0,0.0,2.66,45.78,1.0,0.0,23.6,5.47,0.34,1.0,69.01,1.53,0.0,-2.13,-0.07,6.57,0.0,1.53,0.41,0.0,6.0,0.97,0.0,1.0,0
2.0,0.0,5.0,2.65,3.0,21.16,132.58,1.0,0.0,0.0,1.0,1.55,12.0,131.37,-2.92,1.31,0.0,-0.31,5.61,3.61,3.35,5.0,0.0,6.0,0.99,0.0,1.0,0
0.45,4.1,1.22,0.0,0.0,4.1,45.0,1.0,0.0,0.67,2.01,2.98,0.22,18.58,0.45,0.78,3.46,0.67,3.52,1.78,0.78,0.3,0.0,6.0,0.93,0.0,0.22,0
1.55,-3.87,1.0,1.55,0.0,11.13,50.51,1.0,0.0,17.04,7.65,1.1,1.77,59.65,0.77,1.23,2.23,0.77,2.81,-0.55,0.0,1.8,0.0,6.0,0.66,0.0,0.77,0
2.27,3.81,1.0,0.0,3.0,-0.81,-9.94,1.0,0.64,0.64,-3.72,-2.88,5.0,27.95,2.91,-0.64,5.18,2.27,4.41,0.36,1.64,1.4,0.0,22.54,0.61,0.0,1.27,1
-1.61,-0.81,1.0,-0.81,0.0,9.58,-144.19,1.0,-1.61,-0.81,-15.94,2.4,-0.81,-55.64,6.81,0.19,-4.65,1.19,-0.71,0.0,1.0,-0.36,0.0,149.54,0.59,0.0,-1.61,0
-1.53,2.53,-1.29,-1.53,-2.29,1.04,28.4,1.0,0.76,4.58,2.0,1.38,-5.1,-12.2,8.05,0.76,14.63,1.0,7.77,0.24,1.0,-2.16,0.0,9.05,0.94,0.0,1.76,0
0.0,2.0,2.0,0.0,0.0,9.34,48.14,1.0,1.0,6.0,-0.77,-0.77,3.11,50.0,10.31,0.11,8.23,2.77,8.07,-0.89,4.89,0.99,0.0,10.0,1.21,0.0,2.0,1
1.0,2.38,1.0,26.34,10.34,7.04,806.6,1.0,32.24,12.38,18.62,0.64,1.76,102.31,-0.24,2.0,5.11,3.0,6.86,0.62,0.62,0.97,0.0,175.99,1.02,0.0,0.14,1
0.0,-10.07,1.0,-4.31,0.0,-3.91,-147.61,1.0,0.0,3.0,11.03,0.94,0.0,-16.92,2.28,-1.44,2.28,0.28,-5.05,0.0,2.0,0.0,0.0,6.0,0.95,0.0,-0.44,0
0.0,0.0,1.0,0.0,0.0,6.0,61.0,1.0,0.0,-0.82,9.0,5.3,0.0,18.12,1.65,1.0,1.53,-0.82,4.48,1.0,0.82,-1.65,0.0,6.0,0.94,0.0,0.0,0
0.0,-1.78,1.89,0.0,-0.89,17.33,-331.58,1.0,-4.44,5.33,-45.2,1.94,3.55,44.42,9.55,-9.66,1.0,0.22,5.26,0.0,4.55,1.67,0.0,0.67,0.87,0.0,0.89,0
2.0,10.35,1.0,-0.6,-4.18,9.16,230.12,1.0,-1.19,1.0,12.42,2.85,0.0,100.97,3.81,1.79,16.98,2.0,11.48,0.0,-0.19,0.93,0.0,-158.65,0.96,0.0,3.19,1
2.95,3.98,1.0,22.0,6.0,3.21,718.76,1.0,30.02,13.0,19.95,0.36,1.05,130.13,0.02,2.0,13.16,4.95,7.17,-0.98,-1.95,0.42,0.0,-96.6,1.24,0.0,1.02,0
-0.7,0.7,0.3,-5.34,1.0,-0.86,272.46,1.0,1.0,2.41,22.63,2.79,-7.04,61.86,1.7,0.0,0.59,1.0,4.51,1.3,1.0,-0.72,0.0,10.23,0.86,0.0,3.41,0
1.6,0.0,1.0,0.53,3.2,6.47,75.6,1.0,0.0,-2.13,4.93,2.06,0.0,35.72,4.0,0.0,1.8,0.47,1.0,0.0,1.0,-0.7,0.0,150.0,0.86,0.0,0.47,1
-1.29,2.58,1.0,-0.65,-0.65,0.65,-108.21,1.0,-1.29,-1.29,-11.29,2.51,-0.65,-54.84,-1.94,1.0,0.48,-1.29,1.57,2.29,0.0,-0.52,0.0,6.0,0.63,0.0,-1.29,0
1.12,6.88,1.0,0.0,-2.63,-1.75,47.16,1.0,1.0,1.88,1.75,0.7,-4.38,60.65,3.88,0.0,12.51,2.0,4.25,-0.88,1.0,-0.23,0.0,-2.27,0.86,0.0,2.88,0
1.18,-0.46,1.0,-18.01,-4.91,-5.37,-555.59,1.0,-25.38,-8.0,11.09,0.35,-2.46,66.35,5.0,-1.64,5.0,1.18,-3.14,0.0,1.0,0.84,0.0,6.0,0.96,0.0,1.18,0
2.0,4.22,1.0,0.0,0.0,0.89,45.86,1.0,0.55,1.0,7.13,0.3,0.0,66.74,3.89,0.0,11.23,2.0,3.67,0.0,1.0,0.53,0.0,8.22,0.82,0.0,2.0,0
0.0,13.47,1.0,6.0,0.0,12.24,322.65,1.0,0.53,0.0,4.65,4.94,-1.06,92.59,-1.12,3.0,0.77,1.53,16.06,1.0,-0.53,-0.26,0.0,117.7,0.96,0.0,0.94,1
2.0,5.14,1.0,0.0,0.0,5.15,42.3,1.0,1.0,0.14,1.72,1.08,0.0,27.7,4.72,0.0,8.14,2.0,4.01,0.0,1.0,-0.67,0.0,133.53,0.69,0.0,2.0,1
0.0,0.0,1.0,7.0,7.0,5.87,119.78,1.0,2.87,-0.87,8.0,0.9,0.0,92.6,3.0,0.0,6.08,1.0,2.13,1.0,2.0,-0.05,0.0,466.92,1.0,0.0,0.0,1
-2.26,1.0,1.0,-0.75,-3.53,-0.26,47.62,1.0,0.0,4.0,14.53,0.54,0.0,1.51,1.25,0.75,4.77,0.25,2.09,0.75,0.25,0.54,0.0,12.0,0.84,0.0,2.0,0
0.0,7.49,1.0,0.0,1.87,11.24,889.62,1.0,11.24,0.0,90.55,1.54,0.0,0.0,1.87,23.48,14.37,5.62,5.37,-0.87,0.0,0.55,0.0,24.73,1.26,0.0,1.87,1
2.35,-8.77,1.0,-3.37,3.67,-5.77,-38.45,1.0,1.35,1.35,22.92,-2.42,5.67,-10.12,2.35,-1.35,4.02,1.67,-7.11,0.33,1.67,1.94,0.0,20.0,0.79,0.0,0.0,0
0.0,0.0,1.0,0.0,2.87,-0.87,-2.24,1.0,-1.87,-3.75,1.94,2.22,3.81,-81.53,1.0,-0.94,-3.69,0.06,1.23,1.0,1.94,-0.09,0.0,10.69,0.76,0.0,-0.94,0
0.0,0.77,1.0,0.0,0.0,21.92,124.41,1.0,0.0,-2.31,3.77,4.12,2.54,32.28,3.07,2.0,16.84,-0.77,2.01,1.0,0.0,0.33,0.0,7.54,0.61,0.0,1.54,0
1.0,0.0,1.0,0.0,1.0,-1.89,28.46,1.0,0.0,2.42,3.42,-0.82,2.19,44.43,5.42,-1.62,7.0,1.81,4.64,0.19,3.62,1.52,0.0,87.0,1.19,0.0,1.81,1
-1.14,-1.14,1.57,0.0,0.0,13.86,33.03,1.0,0.0,1.14,-3.25,3.86,2.14,-39.23,-1.71,2.0,-4.39,-0.57,1.96,2.14,0.57,1.47,0.57,6.0,0.59,0.0,-1.14,1
0.0,11.26,1.0,4.4,1.0,11.52,274.6,1.0,0.0,1.07,7.07,4.07,0.0,126.09,2.0,2.2,0.27,0.27,13.67,0.73,0.27,-0.93,0.0,12.0,0.92,0.0,2.73,1
0.24,1.88,-1.52,-1.76,-2.64,-13.09,56.45,1.0,0.0,3.88,14.28,0.45,-7.81,90.93,5.52,0.0,33.14,3.0,4.46,0.12,-2.64,-2.43,0.0,7.76,0.96,0.0,2.76,0
0.85,-0.57,4.43,2.0,3.0,31.87,145.2,1.0,0.0,-1.72,1.0,3.67,11.43,18.41,-0.15,0.57,-4.59,-0.72,2.6,1.0,4.0,4.22,0.0,6.0,0.97,0.0,0.43,0
0.0,0.15,1.0,0.85,-0.85,10.6,-129.0,1.0,-1.7,17.02,-20.97,1.15,1.0,-6.81,3.3,-0.85,0.19,0.15,5.37,1.0,1.0,-0.17,0.0,6.0,0.95,0.0,0.15,0
0.57,0.0,2.0,0.0,0.57,-4.52,7.0,1.0,0.0,3.0,3.87,-0.83,3.13,26.0,3.7,-1.13,3.26,1.57,3.21,2.0,3.13,2.14,1.0,51.79,1.11,0.0,0.57,1
0.0,1.0,1.0,0.0,1.86,-3.19,17.88,1.0,0.0,4.0,5.68,2.04,0.86,77.0,-0.59,0.0,-2.46,1.0,2.84,0.86,1.0,0.22,0.0,-112.45,0.84,0.0,1.14,0
2.0,6.0,1.0,0.0,0.61,-3.06,-16.73,1.0,1.0,-2.67,-4.28,1.71,0.0,2.38,1.78,0.0,4.72,2.0,2.18,0.0,1.0,-0.61,0.0,10.0,0.62,0.0,1.39,0
0.64,5.92,1.0,14.06,4.84,11.11,984.31,1.0,25.82,7.67,60.67,0.95,1.92,38.35,1.0,14.28,20.23,3.64,7.58,0.0,-0.64,0.55,0.0,16.0,1.02,0.0,2.28,1
-0.81,0.81,2.0,0.0,-0.81,5.15,176.51,1.0,1.0,3.81,9.43,-0.04,0.57,60.36,2.19,0.0,18.19,1.0,5.38,1.19,1.19,0.92,0.0,45.5,0.77,0.0,2.0,1
0.0,0.65,0.35,0.0,0.0,12.06,92.13,1.0,0.0,0.06,10.06,1.69,-0.65,41.17,2.94,0.0,12.88,2.0,1.24,-0.65,-0.65,-0.19,-0.65,6.0,0.97,0.0,1.65,0
2.0,0.0,5.0,1.32,2.32,31.05,-52.78,1.0,-0.68,-0.68,-9.91,0.65,12.0,30.53,4.41,0.68,-0.68,1.68,-1.55,-0.36,4.0,4.69,0.0,6.0,0.96,0.0,-0.36,0
-2.43,1.0,1.0,0.0,-3.04,6.85,263.78,1.0,0.81,4.81,20.52,2.23,0.0,38.17,2.0,0.0,2.62,1.0,6.59,1.62,1.0,0.9,0.0,12.0,1.03,0.0,3.62,0
-0.88,0.0,4.51,0.88,-2.63,26.82,89.83,1.0,0.0,0.0,-1.63,5.67,10.53,-29.84,0.0,2.0,0.0,0.0,4.38,4.88,3.63,4.39,0.0,6.0,1.01,0.0,0.88,0
0.37,0.63,1.0,0.0,-0.88,3.75,72.39,1.0,2.0,4.63,2.25,1.49,-1.13,98.89,1.63,1.0,9.5,2.0,2.37,0.37,0.0,1.34,0.0,6.24,1.0,0.0,1.63,0
0.74,0.0,-1.52,0.74,-1.89,-10.7,-36.69,1.0,0.0,22.0,6.0,1.25,-6.55,35.46,4.15,0.63,0.63,1.63,3.61,-0.63,-0.89,-2.55,0.0,6.0,0.91,0.0,0.37,0
2.0,0.0,5.0,2.63,3.63,32.17,273.96,1.0,0.63,-1.9,7.98,2.08,12.0,78.06,1.0,0.0,-2.54,0.37,5.01,2.27,4.0,4.02,0.0,6.0,0.95,0.0,1.63,0
0.0,0.0,1.0,7.95,6.95,0.99,34.02,1.0,0.99,-0.99,-2.97,3.16,0.0,128.81,1.99,3.0,-14.89,-0.99,4.99,4.99,1.99,0.22,0.0,68.58,0.92,0.0,-0.99,1
0.0,-0.55,1.0,7.0,7.0,6.65,93.65,1.0,2.0,0.0,9.1,0.73,0.0,97.68,2.45,0.0,-1.1,1.55,1.81,1.0,2.0,0.2,0.0,282.0,0.99,0.0,-0.55,1
0.0,1.0,1.0,-6.24,-6.24,12.11,143.67,1.0,-0.89,1.89,10.57,1.41,2.0,49.14,3.22,0.0,38.27,1.89,3.49,-0.89,-0.78,0.51,0.0,-48.17,0.94,0.0,3.89,1
0.0,1.0,1.0,0.0,1.0,0.16,45.01,1.0,0.0,-0.6,8.16,1.35,-0.92,44.82,0.16,0.0,-2.68,1.92,-0.18,-0.92,1.0,0.31,0.0,12.0,0.9,0.0,1.08,0
0.0,-1.05,1.53,7.0,6.47,8.16,-122.12,1.0,-0.63,3.16,-19.36,0.29,2.1,116.3,5.1,-6.31,0.0,-0.05,5.41,1.0,4.1,1.4,0.0,278.84,0.99,0.0,0.53,1
2.0,2.0,6.0,2.0,3.0,36.98,112.97,1.0,0.0,5.0,-9.99,0.06,15.99,55.0,5.0,1.0,-5.98,0.0,10.94,1.0,8.0,6.96,0.0,-202.79,0.98,0.0,2.0,0
0.0,4.85,2.0,0.0,0.0,10.97,146.62,1.0,1.0,-0.88,1.19,3.82,3.0,13.02,2.03,0.97,14.15,-0.94,4.35,3.94,2.0,0.16,0.0,111.0,0.68,0.0,1.03,0
1.0,0.0,1.64,-0.64,1.0,13.43,126.0,1.0,0.64,1.93,4.86,-0.0,4.93,-35.39,4.93,-1.93,18.58,1.64,1.16,-0.29,3.29,3.95,0.0,154.56,0.81,0.0,2.29,1
0.0,0.0,1.0,0.0,0.0,10.67,36.64,1.0,1.33,2.66,1.0,2.04,-0.66,57.78,4.67,1.66,1.0,2.66,1.16,0.0,-0.33,-0.73,0.0,-41.82,0.87,0.0,0.0,0
-1.59,0.79,2.0,-1.59,0.0,10.32,112.11,1.0,0.0,-13.68,5.79,0.92,2.79,24.41,5.18,0.0,20.06,1.0,2.51,2.0,2.0,1.51,1.0,7.59,0.94,0.0,1.59,0
0.53,0.0,1.0,1.0,0.53,0.53,52.45,1.0,1.07,2.13,1.0,1.13,1.07,146.36,0.53,2.47,4.73,1.07,3.33,2.4,-0.53,0.8,0.0,10.8,0.92,0.0,0.53,0
2.56,3.0,1.0,23.56,6.0,12.0,836.22,1.0,31.0,30.12,14.89,0.53,3.78,152.92,1.78,1.22,16.11,3.78,11.65,-0.78,0.78,1.61,0.0,6.0,1.23,0.0,2.78,1
0.0,4.22,2.0,0.0,0.0,9.16,140.7,1.0,1.0,3.0,-0.59,-0.57,3.0,45.0,3.0,0.0,16.47,1.0,5.13,2.84,2.84,2.1,0.0,111.0,0.7,0.0,2.0,1
0.0,0.0,1.0,-0.64,0.0,15.87,60.31,1.0,0.0,3.87,5.51,0.53,0.64,-20.64,7.93,-0.93,5.51,2.64,0.81,-1.93,1.64,0.64,0.0,6.0,0.94,0.0,0.64,0
0.0,0.0,1.0,0.0,0.0,0.0,26.0,1.0,0.0,0.0,10.0,0.55,0.0,0.0,0.0,1.0,5.0,0.0,1.0,1.0,0.0,0.0,0.0,6.0,0.67,0.0,0.0,0
2.0,-0.88,5.0,2.88,2.12,27.25,100.83,1.0,0.0,-3.51,-6.89,3.15,12.0,86.16,-0.75,2.63,0.0,0.12,3.64,4.51,3.12,4.53,0.0,0.74,0.96,0.0,-0.75,0
-0.58,0.58,1.58,6.42,3.55,3.85,87.4,1.0,2.0,1.73,10.88,0.14,0.58,80.22,3.58,0.0,6.9,2.15,2.69,1.58,1.42,1.2,0.0,282.0,1.11,0.0,0.58,1
3.99,0.0,4.98,2.99,3.99,31.86,324.64,1.0,2.0,1.0,30.01,0.64,12.94,131.77,2.0,1.0,2.03,2.0,3.31,1.0,3.99,4.64,0.0,6.0,1.0,0.0,2.0,0
-0.77,1.0,1.0,0.0,-2.3,1.77,86.61,1.0,0.0,4.06,7.06,1.05,-3.83,44.25,2.0,0.0,9.06,1.77,2.78,-0.77,1.0,1.6,0.0,-4.71,1.11,0.0,1.77,0
0.66,0.0,1.0,-0.66,0.0,3.34,-76.7,1.0,0.66,7.99,-2.62,-0.35,2.33,91.24,3.0,0.66,11.32,1.66,2.65,0.34,0.34,1.7,0.0,11.98,0.95,0.0,0.34,0
-0.56,1.0,1.0,0.0,-1.13,-0.13,55.44,1.0,0.0,1.0,3.44,2.33,-2.26,19.0,2.0,0.0,5.44,1.0,1.27,0.0,1.0,0.35,0.0,-1.9,1.01,0.0,1.0,0
1.87,5.62,2.0,-6.55,-6.55,5.32,98.59,1.0,0.06,3.94,-0.49,0.46,3.0,1.93,3.0,0.0,27.43,1.94,6.57,1.06,1.06,1.71,0.0,-143.66,0.44,0.0,3.87,0
0.58,0.0,-1.3,0.42,1.73,-14.95,-6.14,1.0,0.0,0.0,2.73,3.92,-6.9,119.55,0.0,3.0,1.0,0.0,3.75,3.42,-1.73,-2.88,0.0,6.0,0.78,0.0,-0.58,0
19.0,46.0,1.0,10.0,10.0,2.0,279.0,11.0,6.0,18.0,10.0,0.17,0.0,90.0,3.0,6.0,10.0,1.0,4.91,0.0,0.0,1.18,0.0,18.0,1.0,0.0,1.0,0
0.0,1.52,1.0,0.0,0.0,17.67,99.63,1.0,0.0,0.52,0.95,-0.7,2.05,39.35,7.62,-0.52,17.49,1.52,3.95,0.48,1.52,0.37,0.0,7.05,0.97,0.0,2.57,1
2.86,0.0,1.0,2.0,0.0,3.42,38.7,1.0,1.71,24.57,-3.42,0.67,2.71,137.79,-1.57,0.86,5.14,1.86,6.28,0.86,0.14,1.58,0.0,-138.69,1.2,0.0,1.86,0
-0.88,0.0,-2.52,-1.76,0.0,-19.85,-27.52,1.0,0.0,2.0,12.88,0.47,-6.15,-0.0,1.0,0.0,10.76,2.0,1.5,0.0,-2.64,-2.43,0.0,18.3,0.78,0.0,0.12,0
0.0,4.39,1.0,0.0,0.0,9.25,75.17,1.0,0.0,0.0,1.32,2.47,1.0,0.0,0.93,0.0,7.0,-0.36,5.44,2.36,1.0,0.0,0.0,6.0,0.97,0.0,1.0,0
-1.84,0.0,1.0,-0.92,0.0,6.0,86.01,1.0,0.0,-20.19,4.41,8.61,-0.92,21.11,-0.92,3.75,4.92,-0.92,1.18,4.67,-0.92,-0.55,0.0,6.0,0.87,0.0,-0.92,0
2.0,2.0,1.0,0.0,0.0,-5.07,96.63,1.0,0.64,1.64,21.78,-1.41,-0.64,134.18,5.64,-1.28,22.35,3.28,2.28,-0.64,1.0,0.45,0.0,142.82,1.21,0.0,2.64,1
1.0,-0.51,0.49,0.0,1.0,8.02,35.35,1.0,-0.51,-3.06,1.51,2.47,1.47,-25.49,3.0,-0.51,5.47,1.0,-2.19,1.51,0.47,1.5,0.0,84.96,0.91,0.0,0.49,1
0.0,-1.08,2.0,0.0,0.0,8.92,212.27,1.0,1.0,1.39,10.23,0.97,2.46,42.31,1.92,-0.54,23.84,1.0,1.56,3.08,0.92,2.06,0.0,165.34,0.6,0.0,2.0,1
1.95,0.0,1.0,0.98,4.89,5.05,82.0,1.0,-1.95,-3.91,8.93,1.75,-1.95,12.7,4.0,-0.98,-1.84,0.02,1.33,-0.98,1.98,-1.1,0.0,141.21,0.86,0.0,0.02,1
-0.75,0.0,0.25,-5.03,0.0,-5.28,184.08,1.0,0.75,-0.75,12.31,5.09,-7.54,91.7,0.0,3.0,0.25,0.0,4.25,4.75,0.0,-1.32,0.0,6.0,0.83,0.0,1.51,0
2.0,2.0,1.0,0.0,0.0,2.0,78.0,1.0,0.0,1.0,16.0,0.34,0.0,95.0,5.0,0.0,14.0,2.0,2.3,0.0,1.0,1.18,0.0,6.0,0.98,0.0,2.0,1
0.0,4.0,1.0,-0.6,1.0,10.23,514.17,1.0,6.0,0.0,56.02,-0.08,0.0,-60.37,3.41,11.19,12.41,3.6,1.82,-2.41,0.6,0.51,0.0,102.93,1.02,0.0,1.6,1
0.0,0.0,1.0,0.0,0.0,13.81,43.91,1.0,0.0,-0.6,1.0,2.95,0.0,-19.96,7.81,1.0,1.6,1.4,0.0,0.0,1.0,-0.23,0.0,93.1,0.89,0.0,0.6,0
-0.94,-2.81,1.0,-13.59,1.39,5.0,-663.16,1.0,-27.01,-12.16,-7.91,2.18,-2.81,2.97,7.68,-0.94,-17.78,0.06,-5.33,1.0,2.94,-0.66,0.0,282.0,0.9,0.0,-1.87,1
0.0,-1.37,0.31,0.0,0.0,1.51,92.29,1.0,0.0,-3.43,13.54,2.27,-2.74,7.54,1.26,-0.69,9.11,1.69,-3.95,0.0,-1.74,-0.98,0.0,293.31,0.96,0.0,0.31,0
0.0,0.91,1.0,-0.91,0.91,9.62,290.58,1.0,1.81,-12.12,32.46,1.15,1.0,75.25,4.81,0.91,15.25,1.91,2.72,1.0,1.0,1.18,0.0,6.0,0.98,0.0,1.91,0
-1.98,1.0,-2.97,-0.99,-1.98,-5.83,230.6,1.0,0.99,0.99,17.87,3.51,-10.9,-13.88,5.0,0.0,8.98,1.0,6.64,1.99,-1.97,-4.51,0.0,6.0,0.89,0.0,1.99,0
0.0,0.0,1.0,0.0,-0.7,-0.28,-95.92,1.0,-0.7,5.3,-3.16,1.36,1.0,101.47,2.3,2.09,7.3,0.3,3.39,2.39,0.3,0.69,0.0,6.0,0.96,0.0,-0.39,0
-1.56,17.12,0.22,6.0,0.0,20.12,347.0,1.0,0.0,-2.34,-5.02,7.5,-0.78,35.26,-0.56,3.78,-3.58,-1.34,17.96,1.78,0.78,-1.06,0.0,6.0,0.91,0.0,1.22,0
2.0,2.0,1.0,0.0,0.0,2.0,72.33,1.0,0.0,-1.84,16.0,0.74,0.0,95.0,5.0,0.0,12.11,2.0,0.41,0.0,1.0,0.0,0.0,6.0,0.96,0.0,1.05,0
2.0,-0.87,5.0,2.0,3.0,19.45,126.26,1.0,0.0,1.74,9.68,0.09,11.13,116.35,-2.47,0.0,1.74,1.87,1.7,0.13,3.13,5.64,0.0,6.0,0.99,0.0,1.0,0
0.0,0.51,1.0,0.0,0.0,7.09,53.29,1.0,0.0,-1.06,8.94,1.34,0.0,23.27,2.02,0.0,8.49,2.0,0.35,0.0,0.0,0.22,0.0,6.0,0.95,0.0,1.0,0
0.0,0.0,1.0,0.0,0.11,13.5,49.89,1.0,0.0,-0.89,-7.03,5.94,1.89,-14.28,-2.57,1.79,2.79,0.11,0.55,1.89,0.11,0.87,0.0,-152.9,0.86,0.0,0.0,0
-0.96,0.0,0.04,-7.69,0.04,-14.38,-23.55,1.0,0.0,-0.92,11.04,3.34,-9.61,51.56,3.04,2.88,-0.92,0.04,-0.41,2.88,0.04,-1.76,0.0,184.0,0.51,0.0,0.0,0
0.88,1.0,0.12,0.0,2.64,6.83,16.74,1.0,-0.88,-1.64,2.59,0.54,3.76,35.34,3.24,0.0,9.02,1.0,3.27,-0.88,0.12,0.08,0.0,-72.2,1.01,0.0,1.24,0
2.95,6.95,1.0,-8.53,-0.95,-14.22,-32.12,1.0,1.0,1.95,6.63,-0.23,-8.53,62.95,3.95,0.0,17.53,3.9,1.86,0.0,0.05,-0.8,0.0,10.0,0.67,0.0,2.95,0
0.0,0.58,1.0,1.0,1.0,7.27,299.6,1.0,1.0,-0.15,15.85,2.85,0.0,31.28,0.42,0.0,3.73,1.0,4.69,2.0,0.42,1.11,0.0,6.0,0.92,0.0,2.0,1
19.0,42.07,1.0,10.79,10.79,5.15,462.37,11.0,6.79,18.79,35.97,0.52,0.79,122.27,3.0,6.79,9.21,1.0,3.29,0.0,0.0,1.81,0.0,14.85,1.22,0.0,1.0,1
0.25,3.75,1.25,2.24,0.25,7.74,58.7,1.0,0.0,0.5,0.5,3.02,2.49,15.7,0.25,0.75,1.5,0.25,4.28,1.75,1.0,0.55,0.0,6.0,0.94,0.0,0.0,0
1.0,2.87,2.0,9.0,1.72,17.44,415.53,1.0,4.31,-0.16,35.78,1.22,10.0,23.47,-0.44,9.34,8.03,2.44,4.54,1.0,-0.44,2.41,0.0,13.19,1.02,0.0,0.0,1
-1.95,0.0,-2.89,-1.95,-1.95,-15.24,-58.53,1.0,0.0,0.97,11.7,2.32,-11.67,-48.64,8.92,1.0,1.97,2.0,-1.13,-0.97,-1.92,-4.52,0.0,179.17,0.53,0.0,-0.97,0
0.0,2.64,1.0,1.0,1.0,3.07,281.81,1.0,1.0,1.0,15.68,4.08,-0.66,52.0,-2.3,0.66,-1.96,0.34,7.06,2.66,1.0,0.45,0.0,6.0,0.89,0.0,1.34,0
0.0,0.0,0.33,7.0,7.0,9.71,133.76,1.0,2.0,-2.02,8.67,1.61,-1.35,72.49,4.35,0.0,2.69,1.0,1.02,-0.35,1.33,-0.3,-0.67,378.99,1.01,0.0,0.67,1
0.0,0.82,1.82,0.0,0.0,14.18,15.84,1.0,0.82,4.11,-1.93,3.49,2.64,-20.56,0.0,2.82,-8.51,0.0,5.34,1.0,2.47,2.54,0.0,7.64,0.61,0.0,-0.82,0
1.32,0.0,2.0,0.66,0.0,1.32,142.09,1.0,1.32,1.68,20.18,0.13,2.66,31.28,2.66,0.66,5.62,1.66,3.03,2.0,2.0,1.6,1.0,2.04,0.98,0.0,0.0,0
0.0,0.0,1.0,-4.38,-4.38,8.25,75.74,1.0,-1.25,0.0,4.75,2.51,0.0,-56.31,4.63,0.0,8.13,1.0,1.0,-0.63,0.37,0.33,0.0,67.41,0.93,0.0,1.63,1
18.08,38.94,5.0,4.54,5.54,26.46,286.3,9.47,3.39,15.24,2.69,0.39,12.0,66.0,1.0,5.08,8.47,1.0,5.21,0.15,2.31,5.65,0.0,-217.49,0.98,0.0,1.85,0
0.0,0.31,1.0,0.0,-0.69,20.95,38.61,1.0,0.0,-2.78,-4.25,2.67,1.0,-53.48,7.78,0.69,7.0,1.69,0.73,1.0,1.0,-0.37,0.0,1.83,0.93,0.0,-0.39,0
-1.51,0.0,-2.02,-1.51,-2.27,-6.59,18.11,1.0,0.0,4.0,7.51,2.97,-8.32,-16.91,0.24,1.51,8.27,1.24,2.24,0.0,-2.02,-0.77,0.0,6.0,0.69,0.0,0.24,0
-0.92,2.84,1.92,0.0,-2.76,21.28,191.61,1.0,0.92,6.52,6.08,1.02,1.08,121.01,8.68,0.92,31.36,1.0,10.13,-0.92,3.76,1.41,0.0,-1.2,1.14,0.0,4.84,1
1.0,2.43,1.0,-4.26,-2.65,5.61,293.13,1.0,4.43,4.0,28.36,1.46,2.0,32.29,-0.22,8.9,13.08,3.22,3.38,0.39,-1.22,1.42,0.0,-146.71,0.87,0.0,1.61,1
2.0,-1.83,2.0,0.0,0.0,6.66,112.87,1.0,0.0,3.71,13.95,-1.68,2.41,136.02,5.53,-0.71,28.26,3.71,3.8,-0.41,0.0,1.85,0.0,7.41,1.01,0.0,3.12,1
19.0,46.0,1.0,10.0,9.04,12.53,284.74,11.0,6.0,18.0,10.0,-0.31,-0.96,90.0,7.79,6.96,10.0,1.96,3.96,-0.96,0.0,1.18,0.0,18.0,1.03,0.0,1.0,1
0.39,-0.61,2.0,14.52,1.61,25.2,133.75,1.0,0.0,1.39,-2.3,1.17,15.52,50.73,0.39,0.0,-2.52,-0.23,8.23,1.0,1.61,2.72,0.0,6.0,1.02,0.0,-0.61,0
19.81,46.0,1.0,10.0,12.43,-1.24,232.77,11.0,6.0,18.0,6.76,-0.99,4.06,90.0,0.57,6.0,7.57,1.0,6.13,0.81,0.0,2.02,0.0,-87.44,0.85,0.0,0.19,0
-1.32,0.0,1.0,-0.66,-3.3,17.64,59.4,1.0,0.0,0.0,1.02,4.36,2.98,-66.0,1.32,2.0,7.62,0.0,0.3,1.66,0.66,3.05,0.0,59.46,0.7,0.0,0.66,0
0.61,0.61,1.61,0.0,-0.82,-0.21,49.11,1.0,0.0,2.82,16.24,0.57,-2.42,66.24,4.61,0.0,7.05,2.21,1.98,0.0,0.39,0.33,0.0,175.53,0.73,0.0,0.61,1
0.0,4.55,1.55,-1.09,1.0,6.55,497.92,1.0,6.0,-10.37,54.64,1.16,0.0,3.28,1.55,13.0,16.55,4.09,2.1,0.55,-0.55,0.71,0.0,16.0,0.99,0.0,1.0,1
-0.31,2.54,1.77,0.23,-3.63,10.94,273.83,1.0,2.77,6.63,30.69,0.17,4.09,46.43,6.09,1.77,15.71,2.0,7.86,0.0,3.31,2.47,0.0,9.09,1.12,0.0,3.54,1
3.0,3.13,1.0,1.0,6.0,4.25,41.72,1.0,0.0,-1.25,-3.52,2.97,0.0,63.65,0.37,0.63,-5.01,-0.25,3.89,1.25,1.63,-0.46,0.0,6.0,0.75,0.0,-0.63,0
0.0,0.0,1.0,0.0,0.0,-3.29,-1.18,1.0,0.0,-0.82,13.29,0.15,0.0,-27.18,-0.82,1.82,5.82,-1.65,0.59,1.82,-0.82,-0.62,0.0,6.0,0.45,0.0,0.0,0
-1.47,-4.42,1.0,0.0,1.0,12.06,70.92,1.0,-0.74,0.26,14.21,3.25,0.74,-16.45,1.79,1.47,-3.42,-0.47,-0.71,0.74,0.26,1.34,0.0,181.05,0.56,0.0,-1.47,0
2.0,-6.7,1.0,-3.73,0.62,-7.94,-122.66,1.0,0.0,1.0,15.38,-0.79,0.62,32.88,5.0,-1.86,11.52,2.0,-8.07,0.0,1.62,1.18,0.0,6.0,0.92,0.0,0.76,0
-1.76,16.34,1.0,5.41,-2.93,18.76,601.0,1.0,3.51,0.0,30.68,4.78,0.0,41.48,1.0,10.61,10.85,2.17,18.13,1.0,-0.59,0.17,0.0,11.85,1.08,0.0,2.59,1
2.65,1.0,1.0,-5.29,0.12,0.24,33.6,1.0,-1.76,4.0,6.47,1.46,0.0,85.82,0.24,0.0,1.0,1.0,3.51,-0.88,0.12,0.17,0.0,-231.46,0.74,0.0,2.0,0
3.0,-13.26,1.0,-4.68,6.0,-7.41,-204.53,1.0,0.0,0.0,10.63,1.66,0.0,5.32,0.05,-1.89,-0.95,0.05,-11.76,0.0,1.0,0.0,0.0,6.0,0.77,0.0,-1.89,0
20.8,46.0,1.0,11.8,10.0,-11.47,242.18,11.0,6.0,37.76,12.69,-3.17,0.0,159.16,3.9,4.2,7.31,1.9,8.66,-0.9,0.9,0.52,0.0,18.0,1.32,0.0,1.9,1
-0.29,5.58,0.36,22.0,6.0,14.58,837.0,1.0,31.0,11.07,12.2,3.05,2.36,39.5,-0.29,2.64,12.91,1.07,8.38,0.64,0.64,0.27,0.0,6.0,0.96,0.0,1.36,0
-1.44,0.0,1.0,-0.81,-3.88,7.81,38.93,1.0,0.0,2.44,2.63,1.38,3.0,-36.6,4.63,0.0,9.44,1.0,3.65,1.0,2.81,2.6,0.0,87.0,1.06,0.0,1.81,1
0.0,0.0,1.0,0.0,1.0,-3.64,-13.9,1.0,0.0,0.0,1.77,-0.72,1.0,0.0,1.0,0.0,1.77,1.0,-0.2,1.0,1.0,0.0,0.0,6.0,0.65,0.0,0.0,0
-16.62,-26.24,1.87,-2.75,-8.75,24.0,248.15,-7.75,-4.37,-13.12,-0.62,5.36,2.62,60.63,1.0,-2.25,12.87,1.0,17.11,2.75,1.75,0.8,0.0,87.36,0.72,0.0,2.87,1
19.0,49.49,1.0,9.13,10.0,-0.62,446.59,11.0,10.36,17.13,41.42,-1.23,0.0,44.61,3.0,17.35,16.98,2.75,2.0,-1.75,-0.87,1.05,0.0,26.73,1.06,0.0,0.13,1
1.17,0.58,1.0,0.58,0.58,4.58,206.01,1.0,2.17,1.0,24.27,1.08,0.58,76.78,2.17,0.58,15.42,2.0,2.01,0.0,0.58,0.24,0.0,219.0,0.98,0.0,1.58,0
2.0,0.53,5.0,1.47,2.47,31.66,5.75,1.0,-0.53,-0.53,-6.97,0.21,12.53,38.36,3.13,0.0,2.66,1.0,1.05,0.47,4.0,4.76,0.0,6.0,1.0,0.0,0.47,0
3.83,2.91,1.91,-6.39,-6.39,-1.65,35.06,1.0,-1.83,3.74,16.91,0.06,0.91,88.61,4.09,0.0,24.96,3.83,3.17,0.0,-0.83,2.04,0.0,-246.13,0.96,0.0,2.91,1
-0.65,0.0,1.0,0.0,0.0,0.08,35.59,1.0,0.0,3.0,6.0,1.29,-1.31,55.0,1.69,0.0,-0.92,1.0,5.83,0.0,1.35,-1.7,0.0,-46.92,0.93,0.0,0.35,0
0.0,4.77,1.0,-0.75,-0.75,9.98,-34.81,1.0,-0.75,0.25,-17.9,0.6,1.25,44.06,5.0,-0.75,24.75,1.0,5.93,0.0,1.0,0.1,0.0,11.02,0.75,0.0,3.0,1
0.0,0.0,1.0,0.0,0.0,14.57,66.86,1.0,0.0,-5.05,1.79,4.5,0.0,-57.21,1.48,1.68,0.79,0.16,-1.8,0.0,0.16,0.64,0.0,150.0,0.65,0.0,0.16,0
-2.46,0.0,1.0,1.0,-3.93,6.54,281.86,1.0,1.0,1.0,14.54,4.77,0.0,52.0,0.18,2.46,2.82,0.18,7.84,5.29,0.18,0.45,0.0,6.0,1.01,0.0,2.0,0
0.0,0.0,1.0,0.0,0.0,3.38,53.85,1.0,0.0,0.84,6.62,0.96,0.0,27.85,0.84,0.16,4.16,1.69,1.42,0.16,0.84,0.63,0.0,6.0,0.91,0.0,0.0,0
1.15,0.3,1.0,0.0,0.85,4.55,56.78,1.0,1.7,3.55,3.27,1.05,1.7,88.21,1.6,0.85,8.06,2.0,2.68,0.85,0.15,1.45,0.0,13.64,0.9,0.0,1.15,1
-0.38,-0.69,0.31,0.0,1.69,5.0,38.55,1.0,2.0,1.94,-4.5,3.03,2.0,29.89,0.31,1.0,-0.57,0.62,1.2,1.0,0.69,0.57,0.0,15.0,0.8,0.0,0.31,1
0.83,2.5,1.0,18.35,5.0,12.67,693.93,1.0,25.02,10.01,14.0,5.08,2.5,26.69,0.0,2.67,7.34,0.83,8.26,1.0,0.0,0.79,0.0,-171.67,0.97,0.0,0.83,0
2.0,-3.0,6.0,-10.98,-2.0,32.98,-608.19,1.0,-30.96,-10.99,-14.98,0.78,18.99,36.03,1.0,-2.0,-16.98,-1.0,1.19,2.0,5.0,6.05,0.0,6.0,0.99,0.0,-1.0,0
0.0,0.0,1.0,0.0,0.0,15.0,66.0,1.0,0.0,0.0,3.0,3.88,1.0,0.0,0.0,2.0,3.0,0.0,1.33,1.0,0.0,1.33,0.0,6.0,0.61,0.0,0.0,0
0.64,-1.92,1.0,-12.79,-3.84,7.33,-453.25,1.0,-19.82,5.76,-4.67,3.45,-0.28,-10.23,0.0,0.72,-9.79,-1.28,-0.36,1.0,0.64,0.98,0.0,6.0,0.6,0.0,-0.64,0
0.23,0.11,1.11,0.0,0.0,3.66,89.34,1.0,0.89,1.23,11.66,1.06,0.11,63.49,1.11,0.0,15.55,2.11,1.53,0.11,0.0,0.33,0.0,194.89,0.97,0.0,1.0,0
0.25,0.0,1.0,0.0,2.25,2.25,49.15,1.0,0.0,0.0,8.04,2.98,2.74,0.0,-1.26,0.75,-0.26,0.25,4.17,1.0,-0.51,-0.56,0.0,-41.14,0.8,0.0,-0.75,0
0.0,2.78,1.0,0.0,0.0,5.44,58.32,1.0,0.0,0.0,3.99,4.46,0.0,0.0,0.0,1.0,2.33,0.0,3.14,1.56,0.56,0.0,0.0,6.0,0.93,0.0,0.0,0
0.0,0.0,1.0,1.0,1.0,9.87,282.02,1.0,1.0,1.87,11.81,2.43,0.0,49.4,2.73,0.0,-3.19,0.13,10.42,2.0,2.73,-0.18,0.0,6.0,0.91,0.0,2.0,1
11.45,44.97,-1.69,11.39,4.71,-1.18,448.66,7.73,4.04,12.12,8.06,4.42,-8.08,116.16,2.35,7.04,11.73,1.0,18.98,0.33,-2.69,-2.57,0.0,14.08,0.97,0.0,2.0,1
19.0,42.72,1.0,10.0,10.0,-1.28,288.02,11.0,6.0,18.82,13.28,-2.22,0.0,105.58,4.64,5.18,14.1,1.82,3.93,-1.64,0.0,2.12,0.0,18.0,1.03,0.0,1.82,0
1.0,1.39,2.69,8.31,0.31,18.08,-49.34,1.0,0.0,5.47,-9.11,-0.71,12.78,61.61,3.78,0.69,8.56,1.0,8.13,-0.39,3.08,3.39,0.0,8.78,1.03,0.0,0.0,1
0.0,0.0,1.0,0.88,0.88,2.64,219.44,1.0,0.88,0.88,17.03,-1.81,0.0,45.72,0.88,0.12,3.24,0.88,4.61,1.88,0.88,0.4,0.0,6.0,0.65,0.0,1.76,0
0.0,0.0,1.0,0.0,0.0,6.0,52.9,1.0,0.0,2.97,4.21,4.73,1.0,42.97,2.24,1.52,3.45,-0.52,5.63,4.03,1.0,-0.52,0.0,6.0,0.87,0.0,0.24,0
0.0,0.0,1.0,0.0,0.72,4.56,65.28,1.0,0.0,5.28,8.0,0.47,1.0,37.77,5.16,0.0,2.24,0.28,5.49,1.0,1.72,0.73,0.0,134.14,0.72,0.0,0.28,1
0.0,0.0,1.0,1.0,1.0,7.96,281.97,1.0,1.0,-1.61,15.96,2.88,-0.52,33.76,-0.04,0.0,-0.08,1.52,4.71,1.48,1.0,0.32,0.0,6.0,0.9,0.0,1.48,1
0.0,0.0,1.0,0.0,0.0,-2.34,19.25,1.0,0.0,0.0,1.0,8.77,0.0,0.0,-4.75,2.79,-0.79,-1.58,7.17,7.17,1.0,0.0,0.0,6.0,0.79,0.0,0.0,0
0.0,0.0,1.0,0.65,0.65,7.9,174.96,1.0,0.65,-0.65,4.25,7.2,0.0,-3.9,0.0,2.0,-4.55,-0.65,7.36,5.3,1.65,-0.18,0.0,6.0,0.8,0.0,0.65,0
1.7,-2.56,1.0,0.0,0.0,1.44,76.13,1.0,0.0,3.85,19.64,-2.36,0.0,135.97,7.26,-0.85,14.08,2.7,4.73,-1.7,2.0,1.01,0.0,6.0,1.02,0.0,2.7,0
0.0,4.27,1.0,0.0,0.0,18.08,432.43,1.0,4.9,-0.82,35.48,2.02,1.0,-13.06,2.55,10.61,14.35,2.63,4.22,1.0,0.18,-0.05,0.0,-131.17,1.26,0.0,1.82,0
0.0,0.0,0.48,0.0,0.0,10.11,110.47,1.0,0.0,-1.55,8.07,4.39,-1.04,-13.46,2.96,0.52,6.55,0.48,1.06,-0.52,-0.04,-0.38,-0.52,150.0,0.96,0.0,1.0,0
0.0,0.85,1.0,-0.85,-0.85,9.4,-47.04,1.0,-0.85,6.0,-0.51,-0.84,2.7,87.57,6.4,0.0,26.72,1.0,3.3,-0.7,1.0,1.21,0.0,7.7,1.02,0.0,1.85,0
0.69,1.0,3.77,1.39,2.39,17.24,126.87,1.0,0.0,4.0,10.0,0.23,6.23,122.71,0.61,0.0,-3.85,1.0,4.66,0.0,2.39,2.2,0.0,-44.1,0.97,0.0,2.0,0
1.39,0.0,3.78,2.39,3.09,26.38,350.63,1.0,1.0,-1.09,13.52,2.83,8.34,59.65,-0.39,0.0,-0.09,1.0,4.7,2.7,2.39,3.93,0.0,6.0,0.93,0.0,2.0,0
-1.77,2.65,2.0,-0.88,0.0,11.77,372.81,1.0,4.54,1.23,24.68,1.12,2.12,-30.12,1.23,10.61,20.77,1.88,4.8,2.0,1.12,1.65,0.0,119.84,0.73,0.0,1.12,1
0.0,0.69,2.0,0.0,0.69,1.38,48.95,1.0,0.0,5.76,5.0,0.61,2.0,79.08,3.38,-0.69,-1.76,1.69,4.97,1.31,2.69,1.8,1.0,10.14,1.12,0.0,1.38,0
0.85,0.0,1.0,0.0,1.7,8.7,82.85,1.0,0.0,0.0,6.85,-0.48,3.41,0.0,4.0,0.0,5.85,1.0,3.2,0.0,1.0,1.56,0.0,161.93,0.89,0.0,1.0,1
-0.75,1.0,1.0,0.0,-2.24,1.75,108.34,1.0,0.75,1.75,11.48,1.45,-3.74,64.61,2.0,0.0,16.47,1.75,1.13,-0.75,0.25,0.25,0.0,154.79,1.11,0.0,1.75,0
-0.59,0.0,1.0,0.0,-0.78,2.78,72.04,1.0,0.0,4.56,15.56,0.77,-2.38,56.39,5.19,0.0,4.56,1.0,3.17,0.0,1.0,0.12,0.0,175.68,0.73,0.0,0.59,1
0.64,-3.2,2.0,0.0,0.64,1.28,18.72,1.0,0.0,3.0,5.64,-0.89,3.92,26.0,3.92,-0.64,4.84,1.64,1.74,1.36,2.64,3.09,1.0,57.83,0.94,0.0,0.64,1
0.11,0.0,0.11,-7.99,1.0,-8.32,-2.96,1.0,2.0,3.11,9.88,0.96,-6.88,45.25,3.66,1.0,5.22,2.0,-1.25,0.11,0.0,-0.14,0.0,173.12,0.54,0.0,1.0,0
0.76,2.27,1.0,16.65,4.54,9.06,651.89,1.0,23.46,11.08,21.08,0.68,2.27,103.42,1.0,1.51,21.11,2.76,6.53,0.0,-0.76,1.03,0.0,6.0,1.0,0.0,2.51,0
1.0,2.14,1.0,22.0,6.0,3.42,837.0,1.0,31.0,16.43,21.43,-0.03,2.14,121.31,-2.43,2.0,19.14,3.86,8.58,-0.86,0.0,2.86,0.0,6.0,1.01,0.0,2.0,0
0.0,14.0,1.0,6.0,0.0,17.0,287.41,1.0,-0.84,-0.84,-7.23,8.88,0.0,48.8,0.16,4.68,-8.43,-0.68,19.95,4.36,0.84,-0.17,0.0,-172.77,0.84,0.0,1.16,0
-11.87,-28.75,1.0,-5.25,-5.25,9.62,160.0,-5.25,-2.75,-9.0,18.25,3.1,0.0,32.0,-0.25,-3.75,1.38,1.62,4.53,2.0,1.0,0.17,0.0,-1.5,0.9,0.0,2.0,0
-1.83,6.58,-1.66,-1.83,-2.75,-9.97,4.02,1.0,1.0,6.0,0.08,3.18,-6.99,-10.42,4.08,1.92,10.92,0.08,9.8,0.92,1.25,-2.41,0.0,10.0,0.91,0.0,1.08,0
0.0,0.94,1.0,0.0,0.94,-1.69,49.86,1.0,0.0,5.75,15.75,0.1,0.0,130.26,-0.88,0.0,5.25,2.0,3.16,0.0,0.0,0.9,0.0,-123.51,0.94,0.0,1.94,0
1.0,0.0,1.0,0.0,1.0,11.48,78.86,1.0,0.0,0.0,-1.56,2.66,3.0,0.0,5.56,-0.64,7.0,1.64,1.32,0.36,2.64,2.83,0.0,179.21,1.1,0.0,1.64,1
0.59,0.0,2.0,1.18,-0.59,-2.96,3.45,1.0,-1.18,13.64,7.96,-0.29,1.41,20.09,2.0,-0.59,-3.14,0.41,5.03,1.41,2.59,0.9,1.0,0.68,1.0,0.0,0.0,0
0.0,0.0,1.56,0.0,0.0,6.39,120.0,1.0,0.56,1.44,12.56,0.94,1.69,64.77,2.13,0.0,16.34,1.44,1.92,1.13,0.56,0.79,0.0,65.26,0.83,0.0,1.56,0
19.79,45.21,1.0,10.0,10.0,5.93,259.34,11.0,6.0,14.85,2.92,0.86,2.36,29.44,3.79,6.0,14.72,1.0,3.13,0.79,0.79,2.8,0.0,76.99,0.99,0.0,0.21,1
0.0,0.91,1.0,0.0,0.0,7.82,106.81,1.0,0.0,0.0,9.91,4.56,0.91,0.0,-0.91,0.09,9.45,-0.91,5.28,1.91,0.0,0.0,0.0,6.0,1.01,0.0,0.91,0
0.0,14.0,1.0,11.07,4.35,19.9,396.27,1.0,1.45,0.0,7.07,3.1,-0.72,165.2,2.45,3.0,4.28,1.0,18.63,1.0,0.72,0.3,0.0,205.96,1.06,0.0,2.0,1
-1.33,-0.67,1.0,-0.67,0.33,1.0,-115.4,1.0,-1.33,-0.33,-9.3,4.11,-0.67,-40.57,2.0,0.67,-4.32,-0.33,2.69,2.66,1.0,-0.18,0.0,184.0,0.52,0.0,-1.33,0
0.91,4.09,1.91,8.21,0.91,7.74,7.62,1.0,0.0,0.91,-4.56,3.67,7.29,-10.94,-3.65,1.0,-18.15,0.0,5.39,2.91,1.0,1.37,0.0,4.18,0.95,0.0,-2.74,0
2.68,0.0,2.0,10.68,0.16,15.16,89.91,1.0,0.0,19.67,-3.05,0.48,10.84,114.31,-1.52,0.0,2.16,1.0,9.42,1.0,1.0,2.4,0.0,-143.73,1.3,0.0,0.84,0
0.0,-11.79,1.0,-4.05,0.0,-10.95,-235.07,1.0,0.0,0.0,0.16,4.69,0.0,15.77,-0.84,2.16,-3.21,-0.84,-7.53,6.53,0.84,0.0,0.0,6.0,0.79,0.0,-1.68,0
2.0,1.68,0.16,2.0,0.84,-5.05,367.85,1.0,4.21,16.95,49.8,0.69,-2.37,34.88,-2.37,10.11,0.0,2.68,0.52,0.0,-2.37,-0.98,0.0,11.05,0.99,0.0,0.16,1
3.0,-0.52,1.0,1.0,5.48,5.59,60.24,1.0,0.0,-2.07,1.93,1.56,0.0,60.16,2.03,0.0,2.07,1.0,1.65,0.0,1.0,-0.09,0.0,77.4,0.8,0.0,-0.52,1
0.0,-0.58,1.0,0.0,0.0,5.74,43.37,1.0,0.0,4.16,7.16,0.38,0.0,75.85,3.58,0.0,1.26,1.0,7.82,0.0,2.58,-0.66,0.0,6.0,0.96,0.0,1.0,0
0.09,0.0,0.09,-8.18,1.0,-8.63,-16.07,1.0,2.0,2.18,0.09,3.14,-6.18,29.74,1.0,1.0,5.18,2.0,-2.1,1.0,0.0,-0.5,0.0,15.0,0.75,0.0,1.0,0
-0.57,1.13,1.0,-5.1,-0.57,9.73,18.67,1.0,0.57,2.27,0.43,2.28,-3.4,-7.36,8.27,1.57,4.96,2.0,1.65,-0.57,2.7,-0.02,0.0,8.27,0.87,0.0,1.13,0
0.0,-10.86,1.0,-4.65,0.0,-7.08,-155.75,1.0,0.0,5.1,15.1,-2.42,0.0,6.03,1.0,-2.33,9.78,2.78,-9.51,-0.78,0.78,2.28,0.0,6.0,0.97,0.0,0.22,0
0.0,0.56,1.0,0.0,0.0,3.44,23.44,1.0,0.0,0.0,0.44,4.74,0.0,0.0,2.8,0.88,2.24,0.56,4.93,4.0,1.56,-0.75,0.0,6.0,1.02,0.0,0.56,0
2.0,0.15,1.0,1.0,1.0,-4.46,247.93,1.0,2.0,2.85,36.38,0.22,0.15,112.91,-0.38,1.0,5.46,2.85,1.44,-0.85,1.0,1.43,0.0,6.0,0.97,0.0,1.15,0
0.0,0.64,1.0,0.0,0.0,9.77,154.64,1.0,1.0,-0.28,12.64,1.4,1.28,73.83,2.28,0.0,29.47,2.0,0.37,0.0,-0.64,0.65,0.0,220.28,0.98,0.0,2.28,1
2.0,1.0,2.0,0.0,0.0,-8.74,19.02,1.0,0.0,3.0,13.55,-1.85,0.35,83.0,2.0,-0.65,13.3,3.0,3.03,1.0,0.0,0.49,0.0,6.0,1.01,0.0,1.0,0
0.0,0.71,0.29,0.0,1.0,3.14,19.16,1.0,-0.71,-0.43,12.0,0.69,-0.71,37.4,5.43,0.0,4.57,1.0,1.92,-1.43,0.29,-0.64,0.0,110.52,0.78,0.0,0.71,1
1.02,-0.02,0.49,1.02,1.0,-4.12,39.95,1.0,-0.51,12.16,12.55,0.84,-1.53,90.77,-0.04,-0.51,-4.1,1.0,1.36,0.0,-0.53,-0.26,0.0,9.96,0.93,0.0,1.49,0
1.0,3.0,1.0,21.31,6.0,16.8,867.83,1.0,31.0,13.0,21.43,-0.49,3.0,24.49,3.74,-0.06,22.74,3.69,6.44,-2.74,0.69,1.39,0.0,104.65,1.04,0.0,2.69,1
1.06,1.06,1.0,0.0,-0.53,15.53,87.66,1.0,0.0,0.0,5.11,3.75,1.0,41.73,0.53,2.0,9.87,0.53,1.58,1.0,0.0,1.77,0.0,-88.02,0.81,0.0,1.06,0
0.97,0.0,1.97,8.72,0.97,17.62,134.37,1.0,0.0,5.03,4.13,0.93,10.69,75.75,1.06,0.0,8.0,1.0,5.73,1.97,0.03,3.13,0.0,6.0,1.01,0.0,0.03,0
0.24,3.53,1.0,0.24,0.88,5.29,432.18,1.0,5.29,2.61,47.42,0.97,0.12,9.14,1.0,11.46,8.81,2.76,3.59,0.0,0.12,0.33,0.0,14.81,0.98,0.0,1.0,1
-1.67,4.18,1.0,-1.67,0.0,8.18,111.72,1.0,1.0,-17.39,6.98,4.16,-0.84,-3.36,0.16,0.84,16.84,1.16,-0.28,1.67,0.0,-0.3,0.0,219.0,0.93,0.0,0.16,0
2.19,0.0,1.0,1.19,1.0,3.43,7.85,1.0,0.0,9.53,-0.19,1.58,3.0,5.36,1.81,0.0,2.23,1.0,1.15,0.4,2.0,2.36,0.0,87.0,0.91,0.0,1.0,0
-1.99,0.0,1.0,0.34,-3.32,-1.33,26.38,1.0,0.0,0.66,6.31,3.33,0.0,44.25,1.99,3.0,1.66,0.0,3.51,4.0,0.0,0.24,0.0,124.13,0.78,0.0,0.0,0
-1.97,1.0,1.0,-0.98,-2.95,13.0,113.49,1.0,0.0,1.0,5.03,0.14,6.91,-23.27,5.0,0.0,25.97,1.0,4.8,0.98,1.0,2.08,0.0,21.76,0.96,0.0,3.0,1
0.0,-0.95,1.0,0.0,0.95,12.0,-0.45,1.0,0.0,-0.95,-1.85,4.56,0.95,-18.08,5.05,1.0,-3.76,2.0,-1.33,0.95,1.0,-1.09,0.0,6.0,0.79,0.0,-0.95,0
12.77,30.5,1.0,-8.51,2.84,-7.09,-369.78,8.09,-17.73,3.55,4.33,0.08,-2.13,-2.13,1.42,3.84,-2.09,-1.42,-1.3,1.0,0.0,0.03,0.0,14.51,0.67,0.0,-0.71,0
0.89,2.67,1.11,19.58,5.34,10.68,747.21,1.0,27.59,11.9,16.57,0.77,2.89,85.64,1.11,1.78,17.91,2.78,7.63,0.22,0.22,1.18,0.11,6.0,0.99,0.0,1.78,0
-1.66,0.0,-1.48,-1.66,-2.48,-3.74,61.47,1.0,0.83,2.48,5.97,2.52,-7.45,-17.39,7.66,1.0,16.74,2.0,1.04,0.83,-0.66,-2.4,0.0,92.96,0.68,0.0,0.83,0
2.57,3.0,4.14,23.57,8.35,30.03,878.54,1.0,31.0,13.0,11.73,-2.77,12.41,144.73,1.78,1.22,16.86,3.78,8.5,0.0,3.14,5.06,0.0,6.0,1.03,0.0,2.78,0
2.0,1.0,1.0,1.7,1.0,9.61,443.12,1.0,2.7,2.7,44.22,0.49,0.3,121.48,3.0,1.0,8.7,2.0,6.69,0.7,1.0,1.12,0.0,6.0,1.02,0.0,3.4,1
1.4,2.0,1.0,0.0,-1.8,2.6,120.09,1.0,0.6,1.6,22.01,0.83,-3.01,131.68,5.0,0.0,22.42,2.6,1.28,-0.6,0.4,0.46,0.0,125.65,1.1,0.0,2.6,1
2.77,2.3,1.0,18.85,3.83,8.43,637.81,1.0,23.75,31.19,10.6,0.34,3.3,135.98,-1.3,1.53,14.55,2.53,10.34,0.0,0.23,1.2,0.0,-130.35,1.27,0.0,2.53,0
2.0,0.0,5.52,2.0,2.48,28.48,119.13,1.0,0.0,1.04,-2.65,0.62,13.04,71.22,-0.04,0.0,0.0,1.0,3.82,2.04,4.52,5.56,0.52,-86.91,1.16,0.0,1.0,0
2.0,2.0,0.3,0.7,0.7,8.27,269.69,1.0,0.7,-0.39,24.36,1.99,-1.39,113.12,4.3,0.0,14.7,2.0,4.58,0.0,0.3,0.5,-0.7,6.0,0.96,0.0,3.39,1
0.0,4.87,1.0,0.0,0.0,3.97,43.51,1.0,0.0,-1.9,6.15,3.89,0.0,25.83,0.03,0.97,4.13,0.05,1.6,1.95,0.0,-1.22,0.0,6.0,0.92,0.0,0.03,0
0.0,0.0,1.0,0.0,0.0,4.0,66.71,1.0,0.06,3.83,6.34,0.65,0.0,34.6,1.0,0.0,6.57,2.0,3.37,0.0,0.94,1.9,0.0,18.17,0.97,0.0,1.0,0
0.0,1.82,1.91,0.0,0.0,11.28,37.66,1.0,0.91,1.82,-3.55,5.85,3.64,15.48,3.64,2.91,3.64,-0.91,9.24,4.0,3.73,0.15,0.0,9.64,0.83,0.0,0.91,1
-0.6,0.0,2.0,9.0,-1.67,19.21,229.4,1.0,0.53,2.53,8.95,1.66,10.0,37.33,1.0,0.0,4.07,1.0,8.52,2.07,1.0,2.44,0.0,6.0,1.07,0.0,1.07,0
16.31,41.49,2.0,2.58,2.58,9.42,240.52,9.58,4.43,21.45,2.72,0.06,4.0,50.0,5.0,6.15,18.58,1.0,11.49,-0.86,2.28,2.82,0.0,-216.62,0.96,0.0,2.86,1
0.0,1.8,1.9,7.0,7.0,10.39,96.49,1.0,2.9,5.39,0.81,-3.79,3.59,134.93,7.49,0.0,5.39,1.9,8.32,0.1,5.59,2.36,0.0,285.59,1.02,0.0,1.8,1
-0.71,5.71,1.0,0.0,-0.71,9.25,114.39,1.0,0.0,0.71,4.25,3.08,-0.71,53.1,1.42,1.0,13.04,0.0,5.99,1.29,0.29,-1.35,0.0,-49.94,0.96,0.0,1.42,0
0.0,0.0,0.43,-5.13,0.0,8.73,39.21,1.0,1.14,1.14,2.43,4.07,-3.56,13.68,0.0,2.57,5.28,0.57,-0.71,1.0,-0.57,0.93,0.0,11.13,0.55,0.0,0.57,0
-1.49,5.0,1.0,3.71,5.2,8.71,94.75,1.0,1.49,-16.34,1.49,4.09,-0.74,9.65,1.49,1.0,1.0,0.0,1.22,2.74,1.74,-0.14,0.0,210.94,0.94,0.0,-0.74,1
0.0,-0.8,1.0,0.0,0.0,-8.04,21.17,1.0,0.0,0.8,13.22,0.08,-0.8,26.54,-3.22,1.0,2.59,0.8,-0.21,0.2,0.0,0.6,0.0,6.0,0.67,0.0,-0.8,0
14.78,31.89,1.0,7.78,7.78,1.67,277.01,8.78,5.67,15.0,19.78,-1.62,0.0,131.0,3.33,3.89,23.0,2.78,2.33,-1.56,-0.78,1.12,0.0,228.33,1.03,0.0,1.78,0
2.0,-1.71,4.15,2.0,3.0,22.16,110.05,1.0,-0.85,-4.27,5.27,1.27,8.58,51.47,-2.42,-0.85,-5.13,1.85,-3.62,1.0,1.44,3.79,0.0,2.58,0.97,0.0,-0.71,0
3.01,0.0,1.51,2.0,0.0,-6.06,-23.49,1.0,0.0,23.01,7.01,-0.15,0.49,81.04,-0.52,0.0,-6.06,2.01,4.93,0.51,0.49,0.93,0.0,4.99,0.98,0.0,-0.01,0
2.97,2.0,1.0,0.0,0.97,3.95,68.27,1.0,1.95,2.95,5.29,0.67,1.95,123.23,5.0,0.97,12.05,2.0,3.52,0.97,1.0,1.93,0.0,14.76,0.9,0.0,2.0,1
0.06,2.0,-2.88,-1.94,-2.91,-22.25,45.99,1.0,0.97,1.97,26.67,0.72,-11.64,90.15,5.0,0.0,29.52,2.97,0.66,-0.97,-2.88,-3.47,0.0,212.63,0.97,0.0,2.0,1
-1.47,2.21,1.0,22.45,7.0,11.62,668.84,1.0,24.81,9.57,18.3,0.38,2.21,84.85,3.0,1.47,14.72,2.47,6.41,1.0,1.26,1.26,0.0,282.0,1.16,0.0,1.47,1
0.0,5.0,1.0,0.0,0.64,3.07,26.98,1.0,0.0,-1.93,3.86,3.73,0.0,-10.94,1.93,1.0,-2.22,-0.64,2.53,2.0,1.0,-1.06,0.0,120.54,0.69,0.0,-0.64,0
0.0,-0.87,1.0,0.0,-0.87,19.37,78.23,1.0,0.0,-3.49,-0.49,4.57,1.0,-67.26,1.75,2.0,6.49,0.0,-0.22,1.0,0.0,1.18,0.0,126.54,0.64,0.0,-0.87,0
0.0,0.0,1.0,0.0,0.0,3.15,27.05,1.0,0.0,0.0,7.64,1.06,0.0,0.0,1.57,1.0,3.95,0.52,0.74,0.74,0.26,0.0,0.0,6.0,0.73,0.0,0.0,0
-0.81,-1.62,1.0,-16.79,-4.85,-8.89,-594.37,1.0,-25.06,-9.7,-10.32,3.71,-2.43,40.18,0.81,1.38,-10.32,-1.62,-0.65,4.0,0.81,-0.0,0.0,6.0,0.87,0.0,-0.81,0
-1.61,0.0,-2.22,4.02,4.22,-18.3,8.05,1.0,1.61,1.0,17.63,0.47,-9.65,35.3,5.61,0.0,1.0,1.0,1.27,0.0,-0.61,-3.33,0.0,405.95,0.63,0.0,-0.8,1
3.74,2.23,1.0,16.63,9.72,5.23,456.48,1.0,22.33,8.93,4.74,-0.23,2.23,130.52,1.0,1.49,13.4,2.49,3.68,-1.49,0.26,0.52,0.0,6.0,0.84,0.0,0.0,0
-1.5,0.0,1.0,-1.5,1.0,4.0,53.96,1.0,0.0,-13.48,1.0,3.34,0.25,-32.95,1.0,0.0,5.49,1.75,-0.5,1.0,1.0,1.05,0.0,6.0,0.85,0.0,0.0,0
0.0,0.0,1.51,0.0,0.0,1.97,56.97,1.0,0.0,2.53,8.03,-1.85,1.02,46.22,2.02,-1.02,4.51,2.51,1.19,-1.02,1.51,1.48,0.51,6.0,1.0,0.0,0.0,0
0.08,0.92,1.08,0.69,0.08,2.15,59.38,1.0,0.0,1.08,3.85,0.84,0.77,22.38,1.92,0.0,5.77,1.0,2.7,0.08,1.0,1.22,0.0,6.0,0.96,0.0,0.92,0
0.0,14.0,0.03,6.0,0.0,20.88,419.84,1.0,0.97,-1.94,8.8,5.65,-1.94,133.99,0.03,3.0,19.57,1.97,15.66,-0.94,-1.94,-1.19,-0.97,212.87,0.99,0.0,2.97,1
2.0,6.3,1.0,0.0,0.0,3.72,62.53,1.0,0.0,-0.72,5.68,2.84,0.0,45.14,4.14,0.86,7.12,0.28,4.11,1.72,1.86,0.55,0.0,6.0,0.94,0.0,1.14,0
3.62,6.0,1.0,0.54,3.24,-0.54,16.76,1.0,1.0,0.46,-1.08,0.33,0.0,80.16,3.0,0.0,6.84,1.46,5.36,0.0,1.0,-0.4,0.0,10.0,0.6,0.0,2.0,0
1.62,-11.32,4.24,-3.24,2.43,13.71,-82.16,1.0,1.0,1.0,11.19,-2.12,9.71,33.5,1.0,-2.43,11.96,2.0,-10.57,0.0,3.24,4.24,0.0,219.0,0.99,0.0,0.19,1
0.0,0.62,1.0,0.0,0.0,7.32,103.73,1.0,0.0,2.62,10.77,-1.89,1.23,104.28,4.09,-0.62,21.34,2.62,2.62,-0.62,0.62,1.17,0.0,7.23,0.98,0.0,2.85,1
1.0,-0.85,1.0,0.85,1.0,-6.01,-35.08,1.0,2.0,3.15,-4.08,3.53,0.31,108.17,-3.23,3.54,-12.48,1.15,2.43,4.39,-0.85,0.91,0.0,13.31,0.82,0.0,-1.54,0
1.0,-3.32,1.0,0.0,1.0,6.34,56.28,1.0,0.0,2.66,4.98,-0.21,3.0,21.91,3.66,-0.66,10.32,2.33,0.93,-0.33,2.0,3.93,0.0,87.0,0.95,0.0,1.66,1
0.0,0.0,1.0,0.0,0.0,5.78,32.92,1.0,0.0,-3.57,3.68,10.23,0.0,-29.43,-0.89,2.89,-1.78,-1.78,3.16,4.89,0.11,-1.78,0.0,6.0,0.81,0.0,-0.89,0
0.0,2.8,2.0,0.0,0.7,-0.7,303.98,1.0,4.21,3.0,37.96,-0.18,2.0,26.0,-0.1,9.12,4.51,2.4,4.69,2.0,1.3,1.38,1.0,-87.96,0.96,0.0,0.0,0
0.0,0.0,1.0,0.0,0.6,1.21,20.62,1.0,-0.6,1.4,5.43,1.94,0.6,21.59,1.0,0.0,0.05,1.4,1.32,0.6,0.6,0.61,0.0,-121.15,0.9,0.0,0.4,0
0.0,2.0,2.81,7.3,-1.62,22.55,140.85,1.0,1.0,7.62,1.0,0.85,8.06,101.11,5.0,1.0,10.81,1.0,11.95,0.0,4.0,2.82,0.0,-1.36,1.15,0.0,2.0,0
-0.77,5.77,1.0,0.0,-2.3,3.47,68.77,1.0,0.0,0.77,1.53,4.13,-3.83,14.57,0.77,1.0,4.07,0.0,3.14,1.23,1.0,-0.2,0.0,-4.73,1.06,0.0,0.77,0
0.0,-0.6,1.0,0.0,0.0,7.21,88.22,1.0,0.0,6.6,12.83,0.65,1.0,91.54,2.4,0.0,9.81,1.6,4.71,1.0,0.4,0.75,0.0,6.0,0.98,0.0,1.0,0
2.0,-1.44,4.28,2.72,3.72,26.85,282.42,1.0,0.0,-3.59,12.49,2.37,9.13,67.44,-1.87,-0.72,-5.75,1.0,1.14,2.44,1.85,3.77,0.0,3.13,0.95,0.0,1.0,0
-0.64,0.0,1.0,-1.29,0.64,18.22,84.03,1.0,1.29,-11.59,-0.22,4.54,1.64,6.44,0.0,2.64,7.51,0.64,-0.44,1.64,-0.64,1.91,0.0,11.8,0.56,0.0,0.0,0
-1.91,-1.91,1.96,1.0,0.0,-1.91,-18.43,1.0,0.0,1.91,-9.51,3.67,1.91,34.06,-2.87,3.0,-11.42,-0.96,5.05,5.91,0.96,0.24,0.96,6.0,0.86,0.0,-1.91,0
1.11,1.0,1.0,7.25,6.36,2.21,296.78,1.0,3.79,2.0,39.25,-0.41,-1.68,165.41,3.0,1.0,1.75,2.0,3.87,0.0,1.0,-1.15,0.0,180.22,1.06,0.0,1.11,1
0.0,3.09,1.0,0.0,0.0,2.45,3.15,1.0,0.77,3.0,-6.37,0.5,0.0,15.57,1.45,0.0,-0.87,1.0,7.75,0.0,2.0,-0.91,0.0,9.09,0.74,0.0,1.0,0
0.0,0.0,1.0,0.0,1.0,1.0,33.44,1.0,0.0,-1.72,1.0,3.42,1.0,-18.89,-0.72,0.0,1.86,1.86,-2.72,1.0,0.14,0.64,0.0,6.0,0.85,0.0,-0.86,0
0.8,-4.81,1.0,0.8,4.81,6.41,85.47,1.0,-0.8,0.2,9.21,1.75,0.0,77.92,-0.6,0.0,-3.22,1.2,-0.27,0.0,1.0,0.75,0.0,2.79,1.02,0.0,-1.6,0
1.18,1.18,2.0,0.0,0.0,-0.59,28.87,1.0,0.0,2.41,7.36,0.01,2.0,47.87,4.36,0.0,3.96,1.0,3.87,2.0,2.59,1.69,1.0,6.0,0.95,0.0,0.59,0
0.0,2.0,2.0,0.0,0.0,12.0,80.0,1.0,1.0,6.0,1.0,0.45,4.0,50.0,5.0,1.0,10.0,1.0,9.25,0.0,4.0,2.17,0.0,10.0,0.97,0.0,2.0,1
2.0,6.9,1.0,-0.9,0.0,11.64,113.11,1.0,1.0,1.9,5.37,-2.21,1.79,21.62,7.48,-2.69,29.59,2.9,5.11,-3.58,1.9,0.63,0.0,11.79,0.76,0.0,4.69,1
0.0,3.94,1.0,0.0,-0.79,7.15,111.53,1.0,1.0,1.0,11.21,1.75,-0.79,61.0,0.21,0.79,16.0,1.21,3.35,0.79,0.0,0.2,0.0,219.0,1.02,0.0,1.0,0
0.0,2.0,2.81,0.0,0.0,14.43,148.04,1.0,1.81,8.43,1.81,-0.35,6.43,86.45,4.19,1.0,21.34,1.0,11.48,1.62,4.81,3.57,0.0,-21.59,0.78,0.0,2.81,0
3.35,-0.67,1.0,3.35,0.0,-8.76,-53.15,1.0,0.0,36.15,5.33,-0.36,0.33,78.35,-1.69,0.0,-16.17,1.0,6.26,0.0,1.0,0.53,0.0,4.65,0.98,0.0,-0.35,0
-0.52,-0.56,1.0,-11.44,-2.12,-2.68,-334.38,1.0,-16.12,-1.72,6.88,1.0,-1.56,58.8,2.0,-1.04,-4.72,0.48,-0.18,0.0,1.0,0.32,0.0,12.0,0.91,0.0,1.48,0
0.9,0.0,1.9,8.1,0.9,18.7,115.3,1.0,0.0,0.0,-3.0,1.78,9.0,4.5,4.0,0.0,-0.4,0.1,5.85,0.9,1.9,1.68,0.0,150.0,0.99,0.0,0.1,1
-1.18,2.36,-0.36,-1.18,-1.18,-3.58,377.92,1.0,4.54,3.0,37.7,0.97,-4.08,6.04,3.0,7.67,24.9,2.18,4.45,1.41,-0.36,-0.68,0.0,116.9,0.73,0.0,2.0,1
1.46,-0.73,4.92,1.46,1.46,19.69,63.75,1.0,0.0,0.08,-1.56,0.15,10.75,17.98,1.27,0.0,0.27,1.0,3.2,2.73,4.19,4.68,1.0,1.62,0.99,0.0,-0.73,0
0.0,0.0,1.0,0.0,0.0,4.0,65.0,1.0,0.0,4.0,6.0,0.62,0.0,33.0,1.0,0.0,6.0,2.0,3.5,0.0,1.0,2.0,0.0,6.0,0.97,0.0,1.0,0
-0.72,4.72,1.0,15.8,5.31,13.18,1032.17,1.0,28.27,8.62,54.44,1.43,2.15,-1.44,-1.87,14.44,14.31,3.72,7.54,0.0,-0.72,0.27,0.0,16.0,1.0,0.0,1.0,1
0.0,0.0,1.0,0.0,1.58,10.42,7.88,1.0,-1.58,-3.16,1.79,1.84,2.37,-68.73,6.0,0.21,-2.95,1.21,0.2,0.0,1.79,-0.08,0.0,9.95,0.8,0.0,-0.79,0
-0.74,-0.74,0.26,0.0,2.22,1.48,11.21,1.0,0.0,-2.22,4.83,0.58,2.96,-61.36,-0.74,1.0,-2.39,-1.48,0.82,1.0,0.74,0.03,0.0,16.35,0.53,0.0,-0.74,0
1.0,0.0,1.0,0.0,1.91,1.51,1.83,1.0,0.0,0.91,6.49,0.78,3.0,14.64,3.0,0.0,3.34,1.0,1.3,1.0,2.0,2.59,0.0,118.11,0.6,0.0,0.09,1
2.93,0.0,4.07,2.0,3.93,35.49,149.32,1.0,0.0,-2.78,-2.71,2.22,12.93,41.9,1.93,0.0,5.56,1.0,0.78,0.07,4.0,6.09,-0.93,81.08,0.95,0.0,1.93,1
0.0,1.0,1.0,0.0,1.0,2.0,68.0,1.0,0.0,4.0,10.0,0.99,0.0,77.0,2.0,0.0,1.0,1.0,3.27,0.0,1.0,0.54,0.0,12.0,0.93,0.0,2.0,0
-16.1,-37.98,1.0,-8.47,-7.47,3.69,-148.11,-7.47,-5.08,-11.25,2.37,5.93,0.0,0.73,-0.54,-3.39,-7.47,0.15,2.5,3.39,1.85,-0.46,0.0,1.83,0.79,0.0,1.15,0
-1.24,0.0,1.0,4.47,3.75,4.49,54.06,1.0,1.49,0.0,4.98,-0.04,5.0,-7.45,2.49,0.0,2.0,1.0,2.8,1.75,1.75,1.71,0.0,225.63,0.93,0.0,0.0,1
-0.88,0.12,1.88,7.06,1.0,12.6,-67.09,1.0,-1.77,4.0,-17.37,1.1,7.95,57.58,0.23,-0.88,-3.41,0.12,6.47,0.88,1.0,1.77,0.0,12.0,0.94,0.0,0.23,0
3.0,0.0,1.91,0.09,5.09,3.91,-64.83,1.0,0.0,1.83,-5.13,-0.58,2.74,93.61,2.83,0.0,15.53,1.0,0.36,0.0,1.91,1.51,0.0,101.91,0.61,0.0,0.0,1
0.25,6.0,-2.49,-1.75,-2.62,-21.81,-34.97,1.0,1.0,4.49,4.36,0.14,-10.47,15.2,3.0,0.0,14.24,2.87,5.21,-0.87,-1.62,-2.62,0.0,10.0,0.68,0.0,2.0,0
-1.58,-1.58,1.0,0.0,1.0,2.58,50.43,1.0,0.79,1.0,8.84,1.24,0.0,-10.86,0.84,0.0,2.58,1.0,1.05,0.0,0.21,-0.42,0.0,352.29,0.61,0.0,-0.79,1
-0.61,3.0,1.0,21.2,5.2,9.59,678.54,1.0,29.39,12.2,-5.33,0.93,2.2,39.91,0.2,1.2,18.39,2.2,7.9,0.0,0.0,1.42,0.0,6.0,0.98,0.0,1.2,0
0.0,0.0,1.0,0.0,0.0,3.15,51.4,1.0,0.0,3.85,11.1,0.38,0.0,76.24,3.0,0.0,7.25,1.0,5.83,0.0,1.15,-0.01,0.0,6.0,0.98,0.0,1.85,0
0.0,0.0,0.35,7.0,7.0,-1.5,1.05,1.0,1.35,-1.95,9.95,0.46,-1.95,60.77,1.05,0.65,-9.1,0.35,0.19,0.35,0.7,-0.95,0.0,213.79,0.96,0.0,-1.3,1
-0.94,0.94,1.0,0.0,-0.94,12.43,70.24,1.0,-1.87,-2.75,6.94,1.45,-0.94,-48.47,4.75,-0.94,4.0,1.06,1.73,0.0,1.94,-0.65,0.0,-2.43,1.01,0.0,0.0,0
1.9,0.0,2.0,9.0,1.9,16.9,63.19,1.0,0.0,-3.39,-4.28,1.94,11.8,1.95,1.0,0.0,2.1,1.0,2.52,1.0,1.9,3.64,0.0,78.72,0.94,0.0,0.0,0
16.98,41.1,1.0,8.94,8.94,2.21,256.21,9.94,5.36,16.51,9.57,0.22,0.0,83.93,2.79,5.36,9.57,1.11,4.76,0.0,0.11,1.27,0.0,16.72,0.99,0.0,1.0,0
-10.03,-33.29,1.72,0.28,-0.51,13.13,-76.54,-6.24,-4.34,-11.58,-1.79,1.63,7.24,80.46,-0.45,-4.34,-5.07,1.0,3.6,0.72,1.72,0.74,0.0,-2.68,0.79,0.0,-0.72,0
1.83,0.0,1.0,-0.83,1.83,12.81,47.98,1.0,0.0,0.0,1.0,0.35,5.49,-82.94,5.49,-2.49,11.98,1.83,-1.49,-1.49,3.66,4.76,0.0,154.18,0.93,0.0,1.83,1
1.0,10.69,2.0,13.58,1.0,23.64,302.34,1.0,0.0,2.0,-1.05,3.16,10.0,139.35,-1.29,2.29,3.0,1.0,18.69,1.76,0.24,1.92,0.0,-103.95,1.0,0.0,0.76,0
0.0,0.0,1.0,7.0,7.0,6.74,108.52,1.0,2.0,1.74,9.74,0.65,0.87,120.43,4.74,0.0,1.74,0.13,3.82,1.87,2.0,-0.45,0.0,282.0,1.01,0.0,0.0,1
-1.32,0.0,1.0,-0.32,0.0,4.61,74.52,1.0,0.0,-14.48,1.0,4.77,-0.66,49.32,1.97,3.0,4.29,0.0,1.37,4.0,0.0,-0.16,0.0,100.78,0.88,0.0,0.0,1
1.08,0.54,1.54,0.0,-0.54,7.0,93.35,1.0,0.0,1.62,10.32,0.33,0.0,44.87,4.54,0.0,10.95,2.08,2.72,0.0,0.46,1.1,0.0,150.0,1.02,0.0,1.54,1
1.0,-0.73,1.0,22.93,6.0,14.8,657.78,1.0,26.33,13.93,-15.6,2.32,3.0,141.54,1.0,-10.13,12.53,1.13,11.26,1.87,0.93,1.29,0.0,-3.33,0.93,0.0,2.93,0
0.0,0.0,1.0,0.0,-0.72,4.43,90.93,1.0,0.0,3.43,19.88,-0.71,-0.72,99.54,1.0,0.0,14.73,2.72,1.86,-0.72,-0.72,1.26,0.0,6.0,1.04,0.0,1.72,0
0.0,0.81,1.0,-5.65,-5.65,3.77,52.95,1.0,-1.61,0.81,2.77,1.96,0.0,-57.3,3.19,0.0,9.84,1.0,1.58,-0.81,0.19,0.95,0.0,-72.73,0.93,0.0,1.81,0
0.0,0.0,1.0,-4.0,-4.0,3.43,60.71,1.0,-0.57,1.57,8.29,1.35,0.0,16.43,-0.14,0.0,13.14,2.57,0.93,-0.57,-0.14,0.63,0.0,-30.0,0.93,0.0,0.57,0
2.0,0.0,1.0,2.0,0.0,1.31,17.79,1.0,-0.66,25.28,3.38,-0.17,1.66,81.59,2.31,0.0,-5.25,0.34,8.09,0.66,1.66,1.12,0.0,-133.7,0.98,0.0,1.0,0
20.68,42.64,1.0,10.84,10.84,1.16,453.82,11.0,7.68,19.68,37.74,-2.39,0.84,161.44,5.52,6.0,15.88,2.68,4.17,-1.68,0.0,1.86,0.0,18.0,1.05,0.0,2.68,1
0.93,0.0,1.0,0.0,2.78,5.07,46.94,1.0,0.0,2.29,4.29,0.4,5.63,37.43,3.0,0.0,4.29,0.07,4.79,1.93,1.0,0.44,0.0,18.97,0.8,0.0,0.07,1
18.01,46.0,-2.96,8.02,8.02,-19.78,194.87,11.0,6.0,18.0,10.0,1.26,-8.91,24.67,4.98,6.0,16.93,1.0,2.93,0.0,-1.98,-1.19,0.0,98.18,0.93,0.0,1.0,1
0.0,0.89,1.0,0.0,0.0,9.33,27.33,1.0,0.0,0.0,-0.78,2.32,0.0,-12.45,6.89,1.0,2.78,1.11,0.8,0.0,1.0,0.35,0.0,6.0,0.9,0.0,0.89,0
0.0,0.57,1.0,0.0,-0.57,18.8,88.92,1.0,0.0,0.0,-1.83,2.69,1.13,33.43,6.57,1.0,14.03,2.0,1.44,0.0,1.0,0.19,0.0,-93.72,1.09,0.0,1.7,0
0.0,0.53,2.0,0.0,0.0,4.2,10.02,1.0,0.0,-0.15,1.85,0.82,2.0,-9.7,3.05,0.0,0.47,1.0,2.22,2.0,2.0,0.9,1.0,6.0,0.93,0.0,0.0,0
1.0,0.0,2.0,9.0,1.0,25.44,103.15,1.0,0.0,2.0,-5.08,2.37,10.0,63.0,5.72,0.0,-0.15,2.57,5.55,0.21,1.79,2.2,0.0,6.0,1.17,0.0,0.0,0
2.0,1.0,1.0,1.0,1.73,0.33,218.5,1.0,2.0,-1.67,35.94,0.67,0.27,46.83,3.73,1.0,2.86,2.0,0.2,-0.73,1.0,0.33,0.0,136.67,0.71,0.0,1.27,1
-12.73,-30.81,1.0,-6.7,-6.7,13.34,-113.34,-5.7,-4.02,-9.38,-1.68,2.8,0.0,-38.18,4.66,-3.02,-1.68,2.67,-0.95,0.0,1.67,0.55,0.0,-2.04,0.87,0.0,0.0,0
1.3,6.0,0.3,-6.33,-0.7,-9.15,-6.04,1.0,1.0,1.0,7.04,0.27,-7.04,40.48,3.0,0.0,13.22,2.7,1.38,-0.7,0.3,-1.03,0.0,10.0,0.67,0.0,2.7,0
1.38,0.0,2.0,1.38,0.0,-4.81,-19.19,1.0,0.0,18.13,5.0,-0.8,2.69,78.94,-0.06,0.0,-2.44,1.0,6.15,2.0,2.0,1.59,1.0,-93.0,0.95,0.0,0.0,0
1.63,0.19,1.0,1.63,-0.81,-0.63,21.0,1.0,0.0,15.65,0.74,0.16,0.81,19.0,1.19,0.0,5.19,1.0,4.21,0.0,1.0,1.19,0.0,1.12,1.0,0.0,0.19,0
0.0,-7.83,2.0,-3.36,0.0,-7.83,-138.93,1.0,0.0,4.12,10.6,-1.92,2.0,2.5,2.0,-1.68,3.24,1.56,-5.66,1.44,2.0,1.84,1.0,6.0,0.95,0.0,-0.56,0
2.01,0.0,1.0,1.01,1.0,3.47,14.27,1.0,0.0,11.09,1.0,1.05,3.5,38.81,1.49,0.0,4.48,1.0,3.02,1.0,2.0,2.72,0.0,14.43,0.92,0.0,1.0,0
0.0,1.0,1.0,0.0,0.0,2.91,79.86,1.0,0.0,5.77,5.91,0.47,0.95,52.41,3.91,0.0,9.82,0.05,5.98,0.95,1.0,1.38,0.0,6.0,0.99,0.0,1.95,0
20.29,44.06,1.0,10.0,10.0,0.06,300.31,11.0,6.0,18.65,20.33,-2.03,0.0,151.35,6.23,5.35,18.4,2.29,4.07,-1.29,0.0,1.95,0.0,18.0,1.04,0.0,2.29,1
2.0,1.0,2.58,5.21,0.0,7.37,72.22,1.0,-1.16,1.84,9.58,0.11,5.63,69.1,2.0,-0.58,9.68,2.42,5.33,1.0,0.58,1.76,0.0,0.79,1.04,0.0,0.42,0
12.94,28.9,2.0,15.28,7.28,17.26,258.94,7.28,3.77,13.31,2.0,0.6,10.0,119.54,2.88,3.14,6.14,1.63,8.79,0.37,1.0,2.94,0.0,13.54,1.2,0.0,0.63,1
-0.87,1.0,1.0,0.0,-0.87,13.0,175.0,1.0,0.0,1.0,11.36,0.85,-0.62,75.0,5.87,0.0,22.26,1.0,4.81,-0.87,0.13,-1.25,0.0,62.92,1.01,0.0,3.0,1
2.64,0.0,1.0,2.0,0.64,0.64,-1.16,1.0,0.0,18.17,1.53,0.94,2.28,33.61,1.0,0.0,-0.64,1.0,2.79,0.0,1.64,1.62,0.0,57.69,0.93,0.0,1.0,0
3.81,7.44,1.0,0.0,0.0,-1.62,10.04,1.0,0.0,1.0,5.13,-0.47,0.0,79.6,6.81,0.0,7.66,2.0,5.44,0.0,1.91,1.0,0.0,-183.38,0.73,0.0,2.91,0
-1.08,-0.54,1.0,0.0,0.0,10.87,140.5,1.0,0.54,0.0,7.92,5.62,1.08,-20.57,0.54,1.0,7.79,-1.08,3.1,1.54,1.08,0.4,0.0,62.84,0.81,0.0,0.54,0
1.49,1.51,2.0,0.0,0.0,-1.57,57.85,1.0,0.0,5.06,13.63,-0.14,-0.54,122.58,1.49,0.0,8.92,3.0,4.42,0.49,-0.51,0.3,0.0,-32.55,0.98,0.0,1.51,0
1.94,0.0,2.0,9.0,1.94,9.44,121.57,1.0,1.88,5.75,2.0,-0.4,11.88,144.59,-3.69,0.0,8.63,1.0,8.91,1.94,0.06,3.61,0.0,14.44,1.0,0.0,0.94,1
0.0,2.94,0.02,0.0,1.0,-5.86,-10.29,1.0,-0.98,-5.88,0.02,6.23,-2.92,-48.98,-3.9,0.0,-7.82,0.02,-4.53,2.96,-1.94,-2.12,0.0,2.08,0.81,0.0,-1.96,0
2.0,6.58,1.0,0.0,0.58,1.15,44.16,1.0,1.0,3.3,0.0,0.52,0.0,88.3,4.15,-0.58,6.7,2.58,6.09,-0.58,1.58,0.31,0.0,13.45,0.84,0.0,3.15,0
0.0,3.47,1.0,-0.69,0.0,7.47,64.55,1.0,0.0,1.0,5.31,1.07,0.0,-36.35,1.0,-1.39,4.0,2.0,1.22,-1.39,1.69,0.75,0.0,6.0,0.96,0.0,0.0,0
1.0,-0.61,1.72,22.0,6.0,15.61,924.31,1.0,31.72,15.16,23.05,-1.31,5.16,125.47,3.16,1.28,32.99,3.72,8.62,0.0,0.72,2.66,0.0,81.77,0.86,0.0,3.44,1
2.66,0.0,1.0,1.89,6.31,8.11,320.67,1.0,1.0,1.0,19.66,-1.61,0.0,140.53,1.89,-1.77,2.0,1.89,5.4,-1.54,1.0,0.45,0.0,6.0,0.87,0.0,2.0,1
-1.57,0.0,1.0,-0.52,-2.62,2.95,8.82,1.0,0.0,0.0,-0.57,6.97,0.52,-52.33,0.0,2.0,0.52,0.0,3.18,4.52,1.0,0.0,0.0,6.0,0.87,0.0,0.0,0
0.0,-0.85,2.0,0.0,0.0,1.7,-43.87,1.0,0.0,2.15,1.59,2.82,1.15,-37.87,-2.26,1.7,-16.88,0.15,0.81,2.85,1.15,1.97,1.0,4.3,0.64,0.0,-2.55,0
0.38,0.0,1.77,0.38,0.57,8.79,43.91,1.0,0.0,0.0,1.0,5.0,2.3,12.64,0.19,1.62,0.0,0.19,3.81,3.43,1.57,0.96,0.0,6.0,0.86,0.0,0.19,0
0.0,-0.63,1.0,0.0,0.0,5.26,99.4,1.0,1.0,1.63,17.03,1.16,0.0,85.52,0.37,0.0,17.89,2.63,0.74,0.0,-0.63,-0.06,0.0,219.0,0.98,0.0,1.0,0
2.58,0.0,1.0,0.86,5.16,5.14,99.92,1.0,0.0,0.0,11.58,1.19,0.0,85.92,0.86,-0.72,4.0,0.86,1.33,-2.44,0.0,0.0,0.0,6.0,0.9,0.0,0.0,0
0.0,0.0,2.0,0.0,0.0,-2.92,-15.01,1.0,0.0,3.0,3.05,-1.03,1.03,26.0,7.84,-0.97,-0.95,2.95,2.1,1.03,2.97,0.13,1.0,6.0,1.21,0.0,0.0,0
0.0,0.0,1.0,1.64,1.0,6.44,303.33,1.0,1.0,1.0,17.0,1.21,0.0,116.04,1.0,0.64,2.64,1.0,6.67,2.0,0.36,0.45,0.0,6.0,0.96,0.0,2.0,0
-0.92,11.5,2.0,14.75,1.0,30.37,357.79,1.0,0.0,1.04,-11.42,5.13,10.0,67.79,-2.83,2.87,-5.62,0.04,21.08,1.96,0.04,1.07,0.0,6.0,0.98,0.0,0.0,0
2.0,1.85,1.0,1.0,1.85,0.58,247.02,1.0,2.0,5.42,33.85,-3.02,1.0,150.79,4.71,0.15,5.44,2.85,3.32,-0.85,1.85,1.26,0.0,11.13,0.96,0.0,3.71,1
0.76,-9.65,1.0,-4.56,1.76,-7.13,-155.64,1.0,1.52,7.04,9.24,-1.78,1.52,67.11,2.0,-1.52,2.52,1.76,-8.09,0.0,1.0,1.68,0.0,18.85,0.87,0.0,1.24,0
1.0,0.0,1.0,6.28,9.28,7.48,84.19,1.0,1.79,0.0,0.21,0.41,5.0,80.71,3.69,-0.9,-2.48,1.9,4.17,1.0,2.79,1.77,0.0,267.52,1.07,0.0,0.0,1
0.0,2.0,2.0,0.0,0.68,9.97,80.0,1.0,1.0,6.0,1.0,-1.58,4.68,50.0,5.68,-0.36,10.68,1.68,7.22,-2.03,4.0,2.17,0.0,10.0,0.98,0.0,2.0,1
-15.7,-37.02,1.0,-8.26,-8.26,12.35,-144.1,-7.26,-4.96,-14.88,2.0,1.93,1.0,-74.38,2.52,-4.13,2.87,0.17,-0.23,1.83,1.0,-0.98,0.0,-3.92,0.69,0.0,0.17,0
0.0,-5.33,1.0,-3.33,1.67,0.67,452.36,1.0,6.67,0.67,62.99,-0.35,0.0,-31.98,1.0,11.0,8.0,3.0,-4.01,0.67,0.67,0.59,0.0,16.0,0.96,0.0,1.0,1
1.0,0.0,1.65,0.0,1.0,9.55,119.93,1.0,2.65,4.65,-2.25,1.15,3.95,78.55,2.3,1.0,13.5,1.35,4.54,2.3,1.3,2.39,0.0,83.23,0.73,0.0,1.65,1
0.0,0.0,2.0,0.0,0.0,1.7,33.0,1.0,0.0,2.43,5.0,0.73,2.0,7.35,3.7,0.0,1.57,0.43,3.4,2.0,2.0,1.21,1.0,87.37,0.95,0.0,0.57,1
2.0,2.0,1.0,0.0,-0.6,4.98,108.39,1.0,0.0,1.0,20.77,1.75,-0.6,95.0,4.4,0.6,15.79,1.4,3.23,0.0,0.4,1.18,0.0,6.0,1.03,0.0,2.0,0
0.0,0.0,1.0,6.47,6.47,8.2,-30.07,1.0,1.47,-0.53,0.54,1.26,0.53,62.28,2.47,1.07,0.53,0.47,-0.54,0.47,1.47,0.89,0.0,282.0,0.84,0.0,-1.07,1
-0.87,0.0,1.0,0.87,0.0,13.74,249.2,1.0,0.87,0.87,14.92,3.2,-2.61,45.23,4.26,1.0,-3.35,2.0,4.93,0.87,0.13,-1.87,0.0,-64.46,0.89,0.0,0.87,0
-1.79,2.21,1.0,0.0,1.0,7.79,460.08,1.0,6.0,1.79,44.03,1.27,0.0,-35.89,-0.79,13.0,0.13,2.1,6.5,0.0,0.9,-0.77,0.0,16.0,0.97,0.0,0.1,1
0.0,0.0,1.0,7.0,6.09,6.83,115.77,1.0,2.0,0.91,8.0,0.85,0.0,128.4,0.26,0.0,7.31,1.91,2.0,1.0,1.09,0.76,0.0,119.26,1.32,0.0,0.91,1
-1.45,0.27,1.0,-0.73,-0.73,18.8,-20.69,1.0,-1.45,-0.45,-16.2,2.23,1.27,13.37,7.18,0.0,18.92,1.0,2.41,0.0,1.0,0.12,0.0,8.0,0.9,0.0,1.55,0
0.0,0.37,3.52,0.63,1.26,28.73,62.34,1.0,-1.26,-0.26,-13.14,0.97,8.92,63.04,3.74,-0.63,18.97,0.37,4.56,0.63,2.89,3.34,0.0,8.0,0.97,0.0,2.37,1
-0.42,-1.42,1.0,0.0,1.0,9.84,47.26,1.0,0.0,3.55,-4.68,2.09,3.71,-19.18,1.58,0.0,2.74,0.29,3.1,1.71,2.0,2.47,0.0,87.0,0.91,0.0,0.29,0
0.0,0.29,1.0,0.0,-0.71,20.1,114.03,1.0,0.0,-1.84,0.61,2.0,2.0,20.35,7.84,0.71,24.0,1.71,2.05,0.0,1.0,0.32,0.0,3.74,0.94,0.0,1.58,0
19.0,45.42,1.0,10.0,10.0,1.42,260.92,11.0,6.0,16.25,11.17,-0.06,0.0,54.42,4.17,6.0,10.0,1.0,4.07,0.0,0.0,1.08,0.0,118.33,0.81,0.0,-0.17,1
-1.79,-0.89,0.11,6.25,6.25,6.57,104.95,1.0,1.79,-0.68,11.11,1.12,-0.89,64.25,1.89,0.0,-1.71,0.21,0.65,0.0,1.79,-0.11,0.0,252.37,0.99,0.0,0.11,0
0.0,2.0,2.0,0.0,0.0,12.0,80.0,1.0,1.0,6.0,1.0,0.45,4.0,50.0,5.0,1.0,10.0,1.0,9.25,0.0,4.0,2.17,0.0,10.0,0.97,0.0,2.0,1
0.0,0.0,1.0,7.87,7.87,-0.19,290.27,1.0,2.87,0.87,20.12,-0.42,-0.87,135.02,3.87,-1.73,-0.87,1.87,6.92,1.87,2.87,-0.35,0.0,282.0,1.26,0.0,1.73,1
0.0,0.0,1.0,12.09,12.09,4.27,104.35,1.0,3.45,0.0,7.27,-2.82,0.0,155.4,5.18,-0.73,-2.91,1.73,2.11,1.0,3.45,0.72,0.0,482.55,1.04,0.0,0.0,1
2.05,0.0,1.0,1.0,5.05,2.05,91.78,1.0,0.0,5.68,10.62,-0.0,-1.89,164.32,1.0,0.0,0.95,1.0,6.59,0.0,0.05,-1.51,0.0,-70.62,0.84,0.0,0.0,0
0.0,1.0,1.0,0.0,1.0,2.0,68.0,1.0,0.0,4.0,10.0,0.99,0.0,77.0,2.0,0.0,1.0,1.0,3.27,0.0,1.0,0.54,0.0,12.0,0.93,0.0,2.0,0
0.0,0.0,1.0,1.55,0.45,8.45,295.0,1.0,1.0,0.45,10.91,4.4,0.0,98.54,-1.22,1.66,2.0,0.45,7.87,4.22,0.45,0.25,0.0,-92.63,1.07,0.0,2.0,0
0.0,-11.05,1.0,-5.16,0.0,-0.63,-211.24,1.0,0.0,0.0,8.88,-2.05,1.0,-86.05,4.14,-1.72,7.0,0.14,-11.36,1.0,1.0,0.0,0.0,6.0,0.71,0.0,-0.72,0
1.0,3.0,1.91,22.0,6.0,8.37,768.98,1.0,30.09,14.81,11.65,0.06,4.81,61.26,1.91,2.0,6.4,2.09,10.05,1.81,1.81,2.26,0.91,-187.18,0.97,0.0,1.09,0
0.59,0.0,1.0,1.18,-0.59,10.87,55.38,1.0,0.0,12.98,5.95,2.87,-0.18,45.43,-1.18,2.0,-1.13,0.0,3.99,0.41,-0.59,0.15,0.0,-41.79,0.65,0.0,0.0,0
1.61,0.81,1.0,0.81,0.81,12.81,182.96,1.0,1.61,0.0,17.91,2.4,0.81,21.74,7.61,1.81,0.19,2.0,0.97,0.0,1.81,0.05,0.0,6.0,0.9,0.0,0.81,0
0.92,0.0,1.0,2.84,-0.92,-4.61,11.21,1.0,-1.84,16.58,5.61,2.76,-0.92,90.79,0.0,2.08,-5.45,-0.92,6.53,3.08,0.92,-0.83,0.0,-2.29,0.98,0.0,0.0,0
1.01,-0.52,1.0,0.51,1.0,0.99,-50.61,1.0,-2.03,5.01,-0.14,0.8,0.51,120.09,3.01,-6.08,-0.01,0.49,2.96,0.0,1.51,0.8,0.0,6.93,0.92,0.0,2.51,0
2.0,1.0,1.0,0.49,0.49,1.44,132.17,1.0,1.49,2.0,27.37,-0.13,1.0,75.27,3.0,1.0,9.02,2.51,0.07,-1.02,1.0,0.95,0.0,6.0,1.0,0.0,0.98,0
0.0,1.0,0.0,0.0,0.0,5.0,83.96,1.0,0.0,1.0,5.0,1.08,-2.0,48.01,3.0,0.0,7.99,1.0,4.83,-2.0,1.0,-0.29,-1.0,6.0,0.98,0.0,2.0,0
1.01,1.01,0.49,0.0,0.0,5.01,124.4,1.0,1.0,-0.01,17.58,1.18,-1.01,95.97,2.52,0.0,22.59,2.51,0.75,-1.01,-0.51,0.07,-0.51,219.0,0.99,0.0,2.01,0
-1.64,-0.82,1.0,0.18,0.18,9.0,165.17,1.0,0.18,0.18,-0.26,3.05,-0.82,32.28,-0.64,-0.82,8.57,1.0,5.51,2.0,0.18,-0.04,0.0,181.03,0.91,0.0,1.18,0
0.0,0.0,1.0,0.0,0.0,2.29,39.47,1.0,0.0,6.41,3.44,-3.49,0.0,83.15,3.85,-0.85,4.71,2.71,6.64,-0.85,2.85,1.71,0.0,6.0,0.98,0.0,1.85,0
0.0,0.0,1.0,-0.65,1.65,1.65,24.0,1.0,0.0,0.65,8.12,0.99,1.0,-54.39,3.59,-1.94,1.0,1.65,-0.4,-1.59,1.65,0.23,0.0,121.26,0.67,0.0,0.0,1
2.0,2.0,1.0,0.0,0.0,-3.81,21.85,1.0,0.0,-4.81,17.94,0.24,-0.97,29.17,2.1,0.97,11.1,1.03,-1.81,0.0,0.03,0.21,0.0,6.0,0.69,0.0,1.03,0
0.0,1.0,1.0,0.51,0.0,10.97,41.24,1.0,0.0,-3.03,-1.54,3.16,0.49,16.18,3.48,1.52,3.46,0.49,2.37,2.52,0.49,-0.51,0.0,6.0,0.91,0.0,0.49,0
0.0,7.28,1.0,3.36,0.0,14.24,145.38,1.0,0.0,-0.56,-1.8,4.68,-1.12,14.0,3.76,2.68,-9.64,2.0,7.46,0.56,0.44,-0.39,0.0,4.88,0.88,0.0,-0.56,0
2.85,1.0,5.4,1.7,1.7,21.4,108.75,1.0,-1.7,-0.4,9.0,-0.04,9.5,65.15,2.0,-0.85,6.05,2.15,3.46,1.0,3.4,4.33,0.0,-1.65,1.06,0.0,1.0,0
0.0,2.95,1.98,0.0,1.0,9.81,99.23,1.0,0.98,6.93,5.12,0.89,3.9,72.12,3.95,0.98,7.83,1.0,6.61,0.0,2.95,2.65,0.0,15.9,0.93,0.0,2.98,1
2.0,6.0,1.0,0.0,0.0,1.41,33.43,1.0,1.0,2.41,1.41,0.29,0.71,68.74,4.41,0.0,10.41,1.29,6.01,0.71,1.0,-0.71,0.0,10.0,0.7,0.0,2.0,0
0.0,0.77,1.0,-0.77,-0.77,2.45,-76.26,1.0,-1.55,0.23,-7.14,0.75,-0.77,40.73,2.55,-0.77,8.64,2.0,1.18,0.0,1.0,1.05,0.0,6.0,0.95,0.0,0.0,0
1.0,0.0,1.0,0.0,0.24,7.29,53.0,1.0,2.0,4.0,1.0,3.47,1.24,87.0,0.24,2.53,6.24,1.24,5.04,3.29,0.0,1.5,0.0,15.0,0.86,0.0,1.0,1
2.0,2.0,1.99,8.93,0.0,12.91,124.63,1.0,-1.98,-0.98,16.99,0.0,7.94,71.19,5.0,-0.99,10.03,1.01,5.85,0.0,1.99,1.88,0.0,-2.93,1.1,0.0,1.01,0
-1.5,-0.75,0.25,0.0,0.75,0.0,20.0,1.0,0.0,-1.5,12.25,0.76,-0.75,-50.23,1.5,1.0,-3.25,-1.5,-0.06,0.25,0.75,-0.75,0.0,139.45,0.4,0.0,-0.75,1
0.98,0.0,1.0,0.0,0.98,1.1,87.75,1.0,0.0,0.0,9.0,4.74,2.94,0.0,-2.94,0.02,9.88,-0.98,3.54,1.98,0.98,2.55,0.0,85.41,0.97,0.0,0.98,0
0.0,-0.74,1.0,1.74,1.74,14.96,472.94,1.0,1.74,1.0,26.68,4.05,0.0,76.57,0.26,0.0,-0.98,1.0,9.84,3.49,1.0,-0.07,0.0,6.0,0.88,0.0,2.74,1
-0.84,0.0,1.0,5.88,6.04,-0.68,65.18,1.0,1.68,0.0,6.88,1.95,-1.52,75.64,1.0,0.0,-4.88,1.0,2.09,1.0,1.0,-1.83,0.0,169.89,0.93,0.0,-0.84,1
1.0,3.09,2.0,8.38,1.0,19.09,104.95,1.0,0.0,2.0,1.38,0.87,10.0,1.13,1.0,-1.24,3.0,1.0,6.09,-0.24,1.62,2.2,0.0,6.0,1.01,0.0,0.0,0
1.0,0.0,1.0,-0.7,2.3,5.1,-160.33,1.0,-0.7,-0.7,-9.19,0.22,5.0,-36.37,4.5,0.7,1.3,1.7,-1.66,-0.4,1.0,1.09,0.0,20.0,0.75,0.0,-1.4,1
0.0,0.0,1.0,0.0,0.0,5.24,102.12,1.0,0.0,7.71,10.33,-2.69,0.62,75.07,2.86,-1.24,10.95,2.62,4.27,-1.86,1.0,2.62,0.0,6.0,1.06,0.0,1.62,0
2.0,5.44,1.0,0.0,-0.56,2.24,28.95,1.0,1.0,2.12,-1.12,0.08,0.56,38.97,3.56,0.0,12.91,2.0,5.88,0.56,1.0,0.26,0.0,6.65,0.72,0.0,1.44,0
-10.23,-24.76,1.0,-5.38,-5.38,13.92,-70.16,-4.38,-3.23,-9.69,3.0,4.08,1.0,-48.44,-1.61,-0.69,0.31,-0.54,-0.77,1.54,0.0,0.7,0.0,-0.46,0.44,0.0,-0.54,1
-0.55,-1.66,1.0,-12.15,-3.31,0.69,-325.71,1.0,-16.12,-6.18,7.03,3.66,-1.66,9.65,0.45,-0.55,7.17,0.34,-1.78,0.55,0.0,-0.43,0.0,219.0,0.94,0.0,-0.1,0
-1.21,-0.6,1.0,-0.6,0.0,1.19,-75.21,1.0,-1.21,0.79,-7.31,2.22,0.0,6.7,-0.21,-0.6,4.78,1.4,0.47,0.6,0.0,0.25,0.0,6.0,0.89,0.0,-0.21,0
0.0,1.0,0.36,0.0,1.0,4.58,93.14,1.0,0.0,2.71,10.64,1.46,-1.29,81.51,1.36,0.0,2.93,1.64,2.05,-1.29,0.36,0.1,-0.64,12.0,0.93,0.0,2.0,0
1.39,1.0,1.0,0.69,3.46,-0.39,56.0,1.0,-1.39,-1.77,6.08,0.82,-1.39,28.0,2.0,-0.69,1.15,0.31,2.28,-0.69,1.69,0.1,0.0,-0.23,0.89,0.0,0.31,0
0.0,0.0,1.57,0.0,0.0,3.4,83.18,1.0,0.57,-0.57,10.57,0.65,1.7,6.79,1.13,1.0,12.36,-0.57,1.42,2.13,0.57,0.06,0.0,65.45,0.54,0.0,0.57,0
-1.08,0.0,1.0,-0.69,-3.16,2.92,34.26,1.0,2.0,4.0,5.16,0.76,2.0,17.59,0.31,1.69,10.47,1.31,1.66,1.69,-0.69,1.5,0.0,15.0,0.81,0.0,1.0,0
-1.91,-0.95,0.05,0.0,0.95,12.0,22.37,1.0,0.0,-1.91,3.86,2.77,-0.95,-63.92,7.91,1.0,-9.49,0.09,-1.35,-0.95,1.95,-0.95,0.0,175.81,0.54,0.0,-0.95,0
0.75,0.0,1.0,7.0,9.25,4.25,92.75,1.0,2.0,0.0,8.75,-3.62,3.76,90.0,3.75,-1.5,1.5,1.75,1.55,-1.25,2.0,1.47,0.0,292.51,0.96,0.0,0.0,1
2.0,1.78,2.0,0.0,0.0,8.79,45.0,1.0,0.0,-0.11,5.89,1.09,1.78,57.31,5.11,0.0,12.78,2.22,2.86,1.78,0.0,-0.2,0.0,6.0,0.96,0.0,1.0,0
-0.91,0.91,1.91,-0.91,-5.46,1.18,55.72,1.0,0.0,4.73,16.55,0.08,0.91,42.53,1.91,0.0,19.92,3.82,2.12,0.91,-0.91,1.97,0.0,6.0,1.14,0.0,1.91,0
1.21,1.21,1.0,0.0,0.0,9.58,31.81,1.0,0.0,0.6,5.23,-0.53,0.0,57.37,9.02,0.4,7.04,3.21,-0.15,-0.6,1.6,0.71,0.0,6.0,0.91,0.0,1.21,0
0.0,1.7,1.0,0.0,0.0,19.33,223.28,1.0,0.0,1.7,11.22,-2.64,3.41,127.74,8.52,-1.41,40.88,1.7,4.64,-2.81,1.0,1.19,0.0,9.41,1.06,0.0,5.11,1
1.2,1.2,1.0,-4.2,-4.2,10.2,21.6,1.0,-1.2,0.6,5.8,2.33,0.0,3.0,7.2,1.0,9.4,2.6,0.0,-0.6,0.4,0.46,0.0,-159.67,0.88,0.0,1.2,0
0.82,1.0,1.0,-0.18,1.0,12.88,277.26,1.0,2.0,-11.02,31.22,2.91,1.0,39.44,2.41,2.18,9.78,1.41,0.25,0.59,0.41,1.23,0.0,6.0,0.77,0.0,1.41,0
2.0,2.0,2.0,0.0,-1.0,10.99,206.82,1.0,1.0,3.0,11.01,0.54,3.0,123.96,4.0,0.0,31.97,2.0,4.71,2.0,2.0,2.92,0.0,-66.9,1.1,0.0,4.0,1
3.47,5.4,1.0,1.0,1.0,-4.8,245.67,1.0,2.73,2.73,32.27,-0.92,1.0,117.25,0.8,0.27,13.86,2.0,6.21,0.0,1.0,0.8,0.0,8.93,0.84,0.0,3.47,1
4.54,3.08,0.23,1.0,6.0,-6.24,6.82,1.0,0.0,-3.85,3.23,1.01,-3.08,95.38,-0.54,-0.77,-0.77,1.77,-0.87,0.0,-1.31,-1.67,0.0,6.0,0.57,0.0,0.0,0
0.9,1.0,1.9,7.21,1.9,16.43,124.8,1.0,0.0,5.8,10.9,-1.59,9.02,43.64,2.9,-2.7,2.8,1.9,5.38,-2.7,1.9,2.52,0.0,12.0,1.02,0.0,2.0,1
14.98,33.86,1.0,7.36,10.36,1.53,182.51,8.36,4.42,10.3,4.94,0.02,5.0,41.95,2.47,4.42,4.94,0.26,4.04,1.0,0.26,0.8,0.0,28.83,0.8,0.0,0.0,1
-0.84,0.0,1.0,0.84,0.0,9.34,277.14,1.0,-0.84,-2.51,22.36,6.61,-1.67,-29.24,0.0,0.16,-0.18,-0.84,5.83,1.84,0.84,-0.88,0.0,-1.52,0.97,0.0,0.84,0
0.0,2.79,1.21,0.0,0.79,5.71,2.98,1.0,0.21,6.79,3.36,0.61,1.64,75.15,4.21,1.0,-4.15,1.0,8.48,-1.57,3.21,0.94,0.0,-67.81,1.12,0.0,2.0,0
0.0,0.0,1.0,0.0,2.22,-0.22,6.91,1.0,-1.22,-2.44,1.61,2.49,2.83,-53.1,1.0,-0.61,-2.05,0.39,1.15,1.0,1.61,-0.06,0.0,9.05,0.79,0.0,-0.61,0
3.54,1.0,2.0,0.77,0.0,1.0,35.77,1.0,0.0,19.92,12.85,-2.41,1.77,65.31,2.77,-2.31,11.23,3.77,4.4,-2.08,0.77,1.82,0.0,6.0,1.03,0.0,1.77,0
0.0,0.0,1.68,0.0,0.0,1.29,62.29,1.0,0.0,6.03,8.71,-3.24,1.36,50.63,2.36,-1.36,6.68,2.68,3.09,-1.36,1.68,2.97,0.68,6.0,1.04,0.0,1.0,0
0.0,0.59,1.0,-0.59,1.0,1.59,48.12,1.0,0.0,1.59,13.76,-1.08,0.0,-31.43,5.17,-1.76,3.93,1.59,0.9,-2.34,1.59,1.03,0.0,184.0,0.65,0.0,0.59,1
-1.64,-4.92,1.0,0.0,1.0,4.28,98.45,1.0,0.0,1.0,21.83,1.32,0.0,29.93,2.36,0.0,6.74,1.0,-1.01,0.0,0.18,0.52,0.0,355.25,0.84,0.0,-0.82,1
0.0,0.97,2.0,0.0,0.0,18.7,210.44,1.0,0.03,3.0,2.17,0.57,4.93,58.53,6.86,0.0,26.73,0.03,7.21,2.0,2.97,2.58,0.0,-92.85,0.72,0.0,3.93,1
1.07,-1.93,1.0,-2.66,0.53,-1.93,-5.08,1.0,1.07,1.07,16.51,1.56,0.53,-7.99,1.07,-0.07,2.6,0.53,-4.38,1.47,1.53,0.43,0.0,6.0,0.93,0.0,0.0,0
2.0,5.15,1.85,0.0,0.0,-0.85,-10.52,1.0,1.0,2.7,0.85,-0.18,1.7,49.93,3.0,0.0,4.76,2.0,5.63,1.7,1.85,0.24,0.85,10.0,0.68,0.0,1.15,0
-0.73,0.0,2.0,0.0,-0.73,7.82,169.64,1.0,1.0,5.18,10.64,-0.17,0.82,85.04,3.0,0.0,16.09,1.0,7.77,1.27,2.0,0.21,0.0,52.04,0.76,0.0,2.0,1
-1.19,1.79,0.4,0.0,0.6,17.98,329.12,1.0,3.57,-1.79,29.19,4.34,0.4,-49.41,-0.6,9.74,1.81,0.0,1.38,0.4,0.0,0.7,0.0,11.95,0.62,0.0,0.0,1
0.0,0.64,0.36,0.0,0.0,15.36,159.82,1.0,0.0,-1.29,7.29,2.18,0.0,31.51,5.93,0.0,19.79,1.0,2.13,-1.29,0.36,-0.1,-0.64,151.29,0.97,0.0,2.93,1
2.0,1.0,1.0,1.0,1.0,5.16,258.82,1.0,2.0,-0.33,34.75,3.47,1.0,65.8,2.42,1.58,6.84,0.84,2.16,0.58,0.42,-0.36,0.0,6.0,0.97,0.0,1.42,0
2.0,6.0,1.0,0.0,-1.37,2.74,32.34,1.0,1.0,1.0,-0.69,1.31,-1.37,44.0,4.37,0.0,12.43,2.0,3.41,0.0,1.69,0.82,0.0,55.94,0.79,0.0,2.69,1
0.77,2.31,1.0,16.95,4.62,6.16,597.75,1.0,23.12,9.25,14.62,0.3,2.31,24.66,0.0,2.54,8.08,0.77,6.27,1.0,0.0,0.73,0.0,-158.13,0.69,0.0,0.77,0
-0.83,0.0,1.0,0.0,-0.83,16.67,90.16,1.0,-1.67,-3.33,7.17,4.38,-0.67,-72.48,2.5,1.17,1.33,-0.83,0.29,0.17,0.83,0.39,0.0,118.46,0.68,0.0,0.0,0
0.87,0.0,1.0,0.0,0.87,-0.87,6.87,1.0,1.74,3.48,3.05,-3.08,1.74,75.64,0.87,1.0,7.61,1.74,1.17,1.0,0.0,1.3,0.0,13.82,0.62,0.0,0.87,1
1.57,-0.78,1.0,1.57,1.0,0.22,-0.3,1.0,0.0,16.46,2.57,2.47,1.78,45.47,0.22,0.0,-3.7,1.0,3.43,1.0,1.0,-0.43,0.0,6.0,0.87,0.0,0.0,0
-0.93,0.0,1.0,0.0,-2.79,4.0,130.29,1.0,1.0,2.86,21.29,1.61,-4.64,114.86,1.0,0.0,22.5,2.93,-0.09,-0.93,-0.93,-0.42,0.0,206.0,1.15,0.0,1.93,0
0.0,14.0,1.0,6.0,0.0,17.0,347.0,1.0,0.0,0.0,2.0,4.82,0.0,100.0,1.0,3.0,5.0,1.0,17.69,1.0,0.0,0.0,0.0,6.0,0.96,0.0,2.0,0
0.0,0.89,1.0,0.0,0.0,20.87,45.08,1.0,0.0,-2.66,-2.55,3.45,0.89,-48.78,7.77,1.0,4.55,2.0,-2.51,0.89,0.11,0.0,0.0,6.0,0.88,0.0,0.0,0
0.0,2.0,2.0,0.0,0.0,13.84,102.65,1.0,1.0,7.22,2.22,0.63,4.0,85.5,5.61,0.39,12.45,2.22,9.56,-0.61,4.0,2.62,0.0,10.0,1.15,0.0,2.61,1
0.0,-0.87,1.0,0.87,0.87,-3.49,160.18,1.0,0.87,0.0,18.71,2.07,-1.74,-20.04,-3.49,1.0,-14.17,0.0,3.0,2.74,0.0,-0.22,0.0,4.26,0.63,0.0,-0.87,0
1.0,0.0,1.0,0.0,0.49,7.57,72.55,1.0,2.0,3.49,-0.54,3.63,2.0,78.77,-1.06,1.51,8.54,1.49,3.12,1.51,-0.51,1.32,0.0,-76.56,1.05,0.0,1.0,0
-1.79,-0.89,0.11,0.0,0.0,16.52,66.79,1.0,0.0,0.32,0.63,3.74,0.0,-19.25,1.21,1.79,-5.05,-1.68,4.12,0.0,2.0,-0.02,0.0,6.0,0.64,0.0,0.11,0
2.0,1.0,2.0,0.0,0.0,-11.9,10.59,1.0,0.0,3.0,15.02,-2.55,0.14,83.0,2.0,-0.86,13.72,3.0,2.96,1.0,0.0,0.21,0.0,6.0,1.03,0.0,1.0,0
2.42,3.0,1.0,22.71,9.56,10.58,837.0,1.0,29.58,10.15,20.14,0.81,1.58,102.26,1.0,1.29,15.02,2.29,8.02,-0.71,0.71,0.08,0.0,-0.41,0.93,0.0,1.29,0
0.0,0.0,1.0,0.0,0.0,4.0,59.0,1.0,0.0,1.0,6.0,1.04,0.0,33.0,1.0,0.0,4.0,2.0,1.5,0.0,1.0,0.75,0.0,6.0,0.95,0.0,0.0,0
0.0,2.0,2.0,0.0,0.0,21.33,146.06,1.0,1.0,6.0,3.33,0.52,5.55,93.52,7.33,1.0,23.99,1.0,10.78,0.0,4.0,1.82,0.0,11.55,0.97,0.0,3.55,1
2.0,1.0,0.49,1.0,1.0,6.03,255.03,1.0,2.0,0.47,30.97,3.6,-0.02,71.78,1.98,2.02,7.49,1.49,3.02,1.02,0.49,0.07,-0.51,6.0,0.92,0.0,2.0,0
0.94,1.88,0.06,-8.48,-0.94,-9.19,74.28,1.0,1.0,0.06,25.19,0.69,-9.42,91.14,4.77,0.0,26.36,2.94,-2.49,-0.94,0.0,-0.76,0.0,219.0,0.95,0.0,2.88,1
0.0,5.0,1.0,0.0,-0.82,9.9,92.32,1.0,0.0,0.0,4.08,2.75,-0.82,0.0,2.45,1.0,4.26,0.0,4.01,1.18,1.0,0.3,0.0,123.49,1.0,0.0,0.82,0
-1.83,0.0,-1.74,-1.83,-2.74,-11.34,109.69,1.0,0.91,2.74,14.48,5.38,-8.22,-19.17,1.83,1.0,21.34,0.0,3.7,1.91,-1.83,-2.65,0.0,101.85,0.71,0.0,0.91,0
0.0,0.0,1.0,0.0,0.0,4.0,24.0,1.0,0.0,0.0,1.0,6.0,0.0,0.0,0.0,2.0,0.0,0.0,4.0,4.0,1.0,0.0,0.0,6.0,0.83,0.0,0.0,0
-1.05,1.58,1.0,0.0,0.0,7.58,57.61,1.0,0.0,-0.53,0.57,7.16,0.0,-50.06,-2.63,1.53,-2.85,-1.05,3.24,2.05,0.0,-0.62,0.0,6.0,0.91,0.0,-1.05,0
0.79,0.0,1.79,7.11,0.79,27.64,124.44,1.0,0.0,1.58,-3.32,4.11,8.9,49.75,0.79,1.21,1.42,0.79,5.55,1.0,0.79,3.07,0.0,6.0,0.87,0.0,0.0,0
-1.65,-0.83,0.17,0.0,0.0,16.13,54.75,1.0,0.0,-2.48,1.0,6.67,-0.83,-68.48,4.35,1.83,-5.6,-0.48,-0.57,0.0,1.0,-1.12,0.0,6.0,0.86,0.0,-0.83,0
2.0,4.93,1.0,21.49,2.93,10.79,871.3,1.0,30.29,13.7,31.63,0.81,-1.95,185.86,5.0,1.95,31.59,3.95,7.33,-0.98,0.02,0.93,0.0,-7.68,1.2,0.0,3.95,0
0.87,0.87,0.13,-6.95,0.0,-10.42,158.91,1.0,1.74,0.0,36.93,0.44,-7.82,19.11,1.74,1.87,9.34,0.87,-2.15,0.13,0.0,-1.22,0.0,6.0,0.66,0.0,1.74,0
0.74,-1.77,1.0,0.0,0.0,5.77,112.56,1.0,-0.63,0.37,21.66,3.54,0.0,67.35,3.11,0.63,10.86,0.74,0.9,0.63,0.37,1.18,0.0,3.49,1.14,0.0,0.74,0
-0.01,0.51,-1.03,-1.01,1.48,-11.2,-11.51,1.0,0.0,0.51,3.52,0.39,-1.08,-23.83,1.51,0.0,5.04,1.0,2.7,0.49,-0.52,-0.56,0.0,20.0,0.76,0.0,0.0,0
0.32,-4.05,2.0,0.0,0.0,6.05,98.88,1.0,-0.84,7.21,15.73,0.63,1.84,103.2,2.0,0.0,11.16,2.16,3.65,1.84,0.0,2.2,0.0,2.63,1.21,0.0,0.16,0
0.0,0.0,1.3,0.0,0.7,0.7,31.87,1.0,0.0,1.6,9.89,0.51,0.6,19.02,3.4,0.0,1.0,1.0,2.31,0.6,1.3,0.68,0.3,130.32,0.71,0.0,0.0,1
-1.19,-0.6,1.0,3.58,4.58,1.6,-72.2,1.0,0.0,-1.19,-13.94,2.95,0.4,2.99,1.0,-0.6,-3.78,0.4,0.75,1.6,1.6,-0.23,0.0,170.91,0.87,0.0,-1.19,0
2.0,0.0,1.0,-4.55,-6.55,-0.94,-5.86,1.0,-1.87,22.94,4.13,0.55,1.0,23.7,-0.87,0.0,3.74,1.94,4.75,-0.94,0.06,0.91,0.0,-252.1,0.92,0.0,1.0,0
-1.18,2.36,1.0,-0.18,1.59,12.54,567.41,1.0,4.54,-11.97,44.71,3.22,-0.59,6.6,1.0,7.67,7.9,2.18,5.39,2.0,0.41,0.27,0.0,11.9,0.93,0.0,2.0,1
0.0,0.0,0.42,0.0,0.0,19.03,101.68,1.0,0.0,-1.73,3.58,4.73,-0.15,-14.96,1.15,2.0,5.3,0.0,0.24,-0.15,-0.58,0.72,-0.58,88.86,0.62,0.0,0.58,1
-0.58,0.58,1.0,0.0,-1.74,11.78,142.1,1.0,0.0,0.58,11.89,5.7,-1.74,43.39,2.31,1.0,16.73,0.0,3.35,0.42,0.0,-0.4,0.0,-0.94,1.06,0.0,1.74,0
0.59,0.59,0.41,-4.7,1.0,-6.06,113.95,1.0,1.18,0.0,19.23,2.92,-4.29,12.93,2.18,0.59,3.94,1.59,-1.13,0.41,1.0,-0.82,0.0,6.0,0.84,0.0,1.18,0
0.07,-2.79,1.0,-20.47,-4.58,1.42,-665.88,1.0,-28.84,-12.09,-7.37,6.08,0.21,-86.52,2.07,-0.93,-7.88,-1.79,-4.21,1.93,2.0,1.53,0.0,87.0,0.86,0.0,-0.86,0
2.0,0.57,5.0,2.0,2.43,28.43,-125.2,1.0,-3.44,0.0,-29.36,2.3,12.0,66.0,0.43,-6.87,-5.16,-0.72,3.15,2.15,4.57,4.83,0.0,0.27,0.94,0.0,0.43,0
-1.89,4.06,1.0,0.0,0.0,9.71,68.57,1.0,-0.94,-0.94,0.0,7.03,0.0,-41.49,-2.83,1.94,-6.54,-1.89,2.49,3.89,1.0,0.0,0.0,2.23,1.13,0.0,-1.89,0
0.0,14.0,1.0,1.91,-4.09,15.83,330.05,1.0,-1.17,1.17,4.34,4.95,0.0,81.3,-0.17,3.0,10.26,1.58,17.22,0.42,-1.17,0.19,0.0,-155.28,0.94,0.0,2.58,0
-1.35,0.0,-1.69,-1.35,-2.02,-16.84,3.77,1.0,0.67,0.67,17.41,0.81,-8.08,-3.37,0.0,1.0,15.78,0.67,-0.14,0.33,-2.69,-3.23,0.0,149.46,0.67,0.0,0.0,0
-10.22,-10.04,1.0,-0.01,-6.01,15.8,191.31,-5.01,-3.01,-10.22,-4.01,4.88,0.0,72.35,1.0,-0.61,4.4,1.6,17.61,1.0,0.6,-0.71,0.0,1.19,0.78,0.0,2.6,1
1.0,3.81,2.0,9.0,1.0,16.76,61.86,1.0,-0.76,1.24,-7.15,2.82,10.0,16.47,0.24,0.76,-8.44,-0.53,8.08,2.53,1.76,2.05,0.0,-156.46,0.96,0.0,-0.76,0
1.0,-4.47,3.98,1.49,3.24,28.61,123.49,1.0,-0.75,-0.75,1.75,2.24,11.94,16.4,1.51,0.0,0.29,0.25,-0.32,1.75,4.24,6.33,0.0,84.02,1.13,0.0,0.25,0
-0.7,-2.09,1.0,-14.62,-4.18,-2.36,-473.06,1.0,-21.59,-3.05,-3.84,2.65,-1.09,72.87,2.3,0.7,-5.23,-1.09,2.36,3.79,1.0,0.2,0.0,6.0,0.91,0.0,-0.39,0
0.0,0.0,1.0,5.36,5.36,2.23,76.03,1.0,1.53,2.0,11.23,-2.79,0.0,126.98,3.3,-0.77,5.93,2.77,1.3,0.0,1.53,1.05,0.0,217.53,1.01,0.0,1.0,1
-1.06,0.47,1.0,-0.53,-0.53,12.47,40.09,1.0,-1.06,1.0,-4.15,1.0,1.47,60.66,3.94,-0.53,24.53,1.0,3.73,0.0,0.47,0.66,0.0,8.0,0.96,0.0,2.47,1
0.72,0.0,0.28,7.0,9.17,7.17,95.61,1.0,2.0,-2.17,5.83,0.65,2.17,71.23,2.28,0.0,0.72,1.0,2.01,0.28,1.28,0.4,-0.72,292.11,0.88,0.0,0.0,1
1.6,1.0,1.0,1.6,0.0,-4.61,10.34,1.0,0.0,18.62,4.0,-0.46,0.8,80.68,-0.4,0.0,1.99,1.0,5.6,0.0,1.0,1.33,0.0,-109.36,0.97,0.0,1.0,0
0.0,1.83,1.0,0.0,1.61,-3.87,280.77,1.0,3.65,0.0,32.03,2.67,0.39,0.0,-1.43,7.91,2.83,2.22,1.2,0.39,0.39,0.18,0.0,12.08,0.88,0.0,0.0,1
0.0,0.94,0.06,0.0,1.0,-7.42,-65.97,1.0,-0.94,-0.87,9.19,0.64,-2.81,-8.34,3.06,0.0,-11.17,1.0,0.1,-1.87,0.06,-0.54,0.0,85.71,0.83,0.0,-0.94,0
-0.53,0.0,1.0,0.0,-0.53,3.47,70.29,1.0,-0.53,1.41,11.84,0.54,-1.06,41.2,3.0,-0.53,7.78,1.0,5.07,-0.53,2.0,-0.69,0.0,114.25,1.01,0.0,1.0,1
0.0,0.0,1.67,0.0,0.0,2.0,41.38,1.0,0.0,4.0,6.0,0.42,1.67,40.03,2.33,0.0,3.34,1.0,4.02,1.67,1.67,1.29,0.67,6.0,0.95,0.0,0.33,0
0.0,0.0,1.0,1.0,0.0,-0.75,48.18,1.0,0.0,-0.75,5.47,3.92,0.0,102.24,-1.49,3.0,5.47,0.75,0.77,4.0,-1.49,0.55,0.0,6.0,0.9,0.0,0.0,0
0.0,5.0,1.0,0.0,0.0,11.53,21.05,1.0,0.0,-1.45,-7.98,4.95,0.0,-42.1,3.63,1.73,-4.81,0.0,2.51,2.0,1.73,-0.53,0.0,6.0,0.86,0.0,-0.73,0
0.0,0.0,1.0,0.0,-0.9,6.7,84.8,1.0,0.0,4.0,0.6,1.02,0.0,48.3,-1.7,0.0,8.7,2.9,3.2,0.0,1.0,2.35,0.0,-154.17,1.27,0.0,1.0,0
2.0,2.87,5.0,2.0,3.0,22.54,113.64,1.0,0.0,0.0,-0.44,2.3,11.28,66.0,-2.59,0.72,-4.31,0.28,3.43,1.72,4.0,5.0,0.0,6.0,0.96,0.0,0.28,0
-2.35,3.92,1.0,-0.78,-4.7,1.57,19.73,1.0,0.0,0.0,6.87,2.59,0.0,-78.34,-0.78,1.78,5.78,-0.78,1.81,2.57,0.0,0.0,0.0,6.0,0.78,0.0,0.0,0
0.0,14.0,1.0,6.0,0.0,17.0,347.0,1.0,0.0,0.0,2.0,4.82,0.0,100.0,1.0,3.0,5.0,1.0,17.69,1.0,0.0,0.0,0.0,6.0,0.96,0.0,2.0,0
0.0,0.0,0.05,0.95,0.0,-9.53,-96.94,1.0,-0.95,-2.86,4.28,3.32,-2.86,52.41,-2.86,3.86,-12.15,-0.95,0.76,2.91,-1.91,-2.0,0.0,-94.06,0.83,0.0,-1.91,0
3.2,1.2,1.0,2.0,0.0,-1.2,14.8,1.0,-0.6,22.0,8.4,-0.33,1.0,97.4,3.4,0.0,-1.2,1.0,6.1,0.0,1.6,1.19,0.0,-121.82,0.98,0.0,1.6,0
-1.47,-2.42,2.0,5.16,5.16,15.68,133.05,1.0,1.74,5.26,6.89,0.71,4.0,83.9,5.0,1.0,3.37,0.26,7.42,0.74,4.74,2.47,0.0,210.43,1.19,0.0,0.53,1
0.0,0.0,1.0,0.0,-1.89,13.89,56.4,1.0,1.89,3.77,0.06,3.28,-2.83,82.04,6.0,1.94,5.71,2.94,-0.24,0.0,0.06,0.09,0.0,1.29,0.99,0.0,0.94,0
2.27,0.0,1.0,0.76,4.53,0.98,43.1,1.0,0.0,4.0,4.49,0.14,0.0,108.51,-1.27,0.0,2.22,2.0,4.31,0.0,1.0,1.73,0.0,-102.73,0.84,0.0,0.24,0
2.36,0.68,2.68,9.0,1.0,8.5,110.23,1.0,0.0,4.05,7.46,-0.65,10.68,119.61,-1.73,-0.68,10.5,1.68,8.55,1.68,0.32,3.13,0.0,6.0,1.06,0.0,0.68,0
0.0,5.0,0.21,-7.12,1.58,-5.28,-14.32,1.0,0.0,-1.58,0.0,3.36,-3.95,-49.83,0.0,1.0,0.21,0.0,0.96,2.0,1.0,-0.63,0.0,17.07,0.74,0.0,0.0,0
0.0,1.0,0.18,0.0,1.0,14.23,105.51,1.0,0.0,1.55,8.37,3.9,-0.82,55.8,0.37,1.63,2.63,0.18,1.59,-0.82,-0.63,0.46,-0.82,12.0,0.66,0.0,2.0,0
2.89,2.0,4.56,1.78,1.78,23.37,144.77,1.0,-1.78,-2.56,16.0,-0.03,8.9,76.3,5.0,-0.89,7.77,1.11,2.52,0.0,4.56,4.3,0.0,-2.01,1.07,0.0,2.0,0
1.19,-1.62,1.0,2.0,0.81,4.06,-3.43,1.0,0.0,21.19,-6.18,1.4,3.44,-0.16,-0.62,0.0,-5.69,0.19,4.44,0.81,1.81,1.75,0.0,71.79,0.92,0.0,0.19,0
0.0,0.0,1.0,0.0,0.0,9.07,100.9,1.0,0.0,8.31,4.93,0.65,1.0,110.26,5.31,-0.77,6.46,1.77,8.96,0.23,2.54,1.0,0.0,6.0,1.2,0.0,1.77,0
0.0,3.84,0.04,0.0,1.96,-2.84,332.53,1.0,4.81,-2.88,45.21,3.28,-1.88,-43.25,-0.92,12.5,-7.65,2.92,0.12,-0.92,-0.92,-1.74,0.0,-85.31,1.11,0.0,-0.96,0
0.0,1.0,1.0,0.0,0.66,10.71,25.52,1.0,0.0,-3.95,-2.61,3.17,1.0,-44.75,3.68,0.0,2.39,1.0,0.2,1.0,1.0,-0.66,0.0,6.0,0.88,0.0,0.34,0
3.0,0.52,1.0,1.0,6.0,1.45,51.45,1.0,0.0,0.0,2.97,1.05,0.0,92.76,1.52,0.0,1.03,0.48,3.04,0.0,1.0,0.2,0.0,6.0,0.79,0.0,0.52,0
0.0,-2.91,1.0,1.0,-0.73,-4.37,-298.79,1.0,-4.37,0.0,-30.32,3.31,0.0,100.0,-0.73,-5.74,-2.64,-2.19,2.3,4.73,0.0,-0.21,0.0,-1.28,0.67,0.0,-0.73,0
1.41,0.0,3.81,1.41,3.11,18.58,110.13,1.0,0.0,1.0,12.0,-3.09,8.44,62.41,4.7,-1.41,1.0,1.7,1.13,-2.11,3.11,3.87,0.0,184.0,0.72,0.0,0.7,1
0.0,2.74,0.45,0.0,0.0,14.74,43.71,1.0,0.0,-1.64,-1.74,4.39,-1.1,-14.26,4.9,1.55,1.0,1.45,0.11,0.0,0.45,-0.78,-0.55,6.0,0.87,0.0,0.0,0
0.0,4.0,1.0,0.0,1.0,6.0,487.0,1.0,6.0,0.0,53.0,1.08,0.0,0.0,1.0,13.0,10.0,3.0,3.33,0.0,0.0,0.29,0.0,16.0,0.99,0.0,1.0,1
-0.9,0.0,0.1,-7.1,1.0,-4.49,238.33,1.0,1.0,0.1,25.99,2.46,-8.99,9.72,3.7,0.0,0.2,1.0,2.62,1.1,1.0,-1.21,0.0,166.11,0.57,0.0,2.0,1
2.43,4.29,2.0,8.28,1.0,16.0,87.84,1.0,0.72,2.72,1.28,-1.61,10.0,22.95,3.15,-2.15,8.72,2.43,6.89,-1.86,1.72,2.2,0.0,8.86,0.86,0.0,1.43,1
