CountDeclMethodPrivate,CountDeclMethodDefault,AvgEssential,CountDeclClassVariable,CountDeclClassMethod,AvgLineComment,CountLineComment,CountDeclClass,CountDeclMethodProtected,CountDeclInstanceVariable,CountDeclMethodPublic,RatioCommentToCode,AvgLineBlank,PercentLackOfCohesion,MaxInheritanceTree,CountClassDerived,CountClassCoupled,CountClassBase,CountInput_Mean,CountInput_Min,CountOutput_Min,MaxNesting_Mean,MaxNesting_Min,Added_lines,OWN_LINE,MINOR_COMMIT,MAJOR_LINE,target
0.0,0.0,1.0,0.0,0.0,0.0,15.0,1.0,0.0,2.0,8.0,0.22,0.0,37.0,2.0,0.0,6.0,1.0,4.25,0.0,0.0,0.4,0.0,8.0,0.67,0.0,2.0,0
6.0,5.0,4.0,0.0,0.0,1.0,126.0,1.0,1.0,38.0,28.0,0.17,0.0,94.0,1.0,1.0,7.0,2.0,7.98,0.0,1.0,1.26,0.0,22.0,0.54,0.0,3.0,1
0.0,3.0,1.0,0.0,0.0,0.0,17.0,1.0,0.0,3.0,0.0,1.13,0.0,66.0,1.0,0.0,0.0,1.0,1.0,1.0,1.0,0.0,0.0,6.0,0.49,0.0,0.0,0
0.0,0.0,1.0,0.0,0.0,0.0,21.0,1.0,0.0,2.0,3.0,1.24,0.0,33.0,1.0,0.0,0.0,2.0,1.0,1.0,1.0,0.0,0.0,6.0,0.49,0.0,0.0,0
17.0,21.0,1.0,0.0,0.0,3.0,444.0,1.0,4.0,11.0,78.0,0.24,0.0,93.0,2.0,2.0,22.0,3.0,7.05,0.0,1.0,1.2,0.0,619.0,0.45,0.0,5.0,1
0.0,0.0,2.0,0.0,0.0,9.0,45.0,1.0,0.0,0.0,3.0,1.67,0.0,0.0,2.0,0.0,5.0,1.0,4.67,3.0,2.0,0.5,0.0,104.0,0.88,0.0,2.0,0
0.0,1.0,1.0,0.0,0.0,0.0,23.0,1.0,0.0,1.0,9.0,0.31,0.0,60.0,2.0,0.0,4.0,2.0,2.7,0.0,1.0,0.67,0.0,6.0,0.73,0.0,0.0,1
0.0,4.0,1.0,0.0,0.0,0.0,49.0,1.0,0.0,4.0,2.0,2.04,0.0,83.0,1.0,1.0,2.0,1.0,2.83,0.0,1.0,0.89,0.0,6.0,0.7,0.0,0.0,0
0.0,0.0,0.0,53.0,0.0,0.0,77.0,1.0,0.0,4.0,0.0,0.95,0.0,0.0,1.0,0.0,2.0,1.0,0.0,0.0,0.0,0.0,0.0,11.0,0.62,0.0,3.0,0
38.0,35.0,1.0,1.0,0.0,1.0,1068.0,1.0,54.0,0.0,6.0,0.57,1.0,95.0,2.0,1.0,21.0,2.0,6.56,0.0,0.0,0.83,0.0,168.0,0.94,0.0,5.0,1
0.0,0.0,1.0,0.0,0.0,6.0,52.0,1.0,0.0,0.0,6.0,1.37,0.0,0.0,3.0,0.0,5.0,1.0,1.17,0.0,2.0,0.33,0.0,68.0,0.3,0.0,1.0,1
4.0,6.0,1.0,0.0,0.0,0.0,24.0,1.0,1.0,4.0,15.0,0.2,0.0,75.0,1.0,1.0,10.0,2.0,3.42,0.0,0.0,0.0,0.0,9.0,0.84,0.0,2.0,0
0.0,0.0,1.0,2.0,0.0,9.0,146.0,1.0,0.0,0.0,3.0,4.56,0.0,100.0,2.0,3.0,5.0,2.0,2.67,0.0,2.0,0.6,0.0,54.0,0.46,0.0,3.0,1
8.0,0.0,2.0,4.0,8.0,3.0,90.0,1.0,0.0,1.0,8.0,0.33,1.0,93.0,1.0,0.0,16.0,2.0,4.38,0.0,1.0,1.33,0.0,32.0,0.38,0.0,2.0,1
1.0,1.0,1.0,9.0,0.0,5.0,116.0,1.0,12.0,15.0,0.0,0.77,0.0,88.0,1.0,0.0,5.0,1.0,4.64,1.0,1.0,1.06,0.0,6.0,0.8,0.0,1.0,1
0.0,0.0,1.0,0.0,0.0,7.0,29.0,1.0,0.0,0.0,1.0,5.8,0.0,0.0,0.0,1.0,0.0,0.0,2.0,2.0,1.0,0.0,0.0,6.0,0.86,0.0,0.0,1
0.0,0.0,1.0,0.0,0.0,12.0,123.0,1.0,0.0,0.0,6.0,12.3,3.0,0.0,0.0,10.0,1.0,0.0,3.67,1.0,0.0,0.67,0.0,6.0,0.94,0.0,2.0,0
0.0,0.0,1.0,0.0,0.0,8.0,34.0,1.0,0.0,0.0,2.0,4.86,2.0,0.0,0.0,1.0,2.0,0.0,3.5,0.0,1.0,0.0,0.0,6.0,0.88,0.0,1.0,0
0.0,0.0,1.0,0.0,0.0,5.0,31.0,1.0,0.0,0.0,1.0,6.2,0.0,0.0,1.0,0.0,0.0,1.0,3.0,3.0,1.0,0.0,0.0,6.0,0.87,0.0,0.0,0
9.0,0.0,1.0,0.0,5.0,2.0,76.0,1.0,0.0,0.0,10.0,0.2,5.0,0.0,2.0,0.0,14.0,1.0,5.32,1.0,2.0,1.9,0.0,6.0,0.99,0.0,1.0,0
0.0,0.0,0.0,0.0,0.0,0.0,27.0,1.0,0.0,0.0,0.0,9.0,0.0,0.0,0.0,1.0,0.0,0.0,0.0,0.0,0.0,0.0,0.0,6.0,0.85,0.0,0.0,0
1.0,0.0,2.0,0.0,2.0,12.0,70.0,1.0,0.0,0.0,2.0,1.25,4.0,0.0,1.0,0.0,1.0,1.0,4.67,0.0,1.0,2.8,0.0,6.0,0.96,0.0,1.0,0
0.0,0.0,0.0,8.0,0.0,0.0,37.0,1.0,0.0,0.0,0.0,3.08,0.0,0.0,0.0,0.0,0.0,0.0,0.0,0.0,0.0,0.0,0.0,6.0,0.8,0.0,0.0,0
0.0,0.0,4.0,1.0,20.0,3.0,95.0,1.0,0.0,0.0,20.0,0.23,3.0,65.0,1.0,0.0,3.0,1.0,4.9,1.0,1.0,1.91,0.0,60.0,0.87,0.0,2.0,0
0.0,0.0,2.0,0.0,0.0,7.0,88.0,1.0,0.0,0.0,5.0,0.76,4.0,0.0,2.0,0.0,8.0,3.0,4.8,0.0,0.0,1.29,0.0,6.0,0.98,0.0,1.0,0
0.0,0.0,1.0,0.0,0.0,4.0,33.0,1.0,0.0,0.0,3.0,3.3,1.0,0.0,2.0,0.0,0.0,1.0,0.0,0.0,0.0,0.0,0.0,6.0,0.9,0.0,0.0,0
3.0,0.0,6.0,2.0,3.0,18.0,361.0,1.0,1.0,1.0,14.0,0.6,7.0,92.0,1.0,0.0,6.0,1.0,6.5,1.0,2.0,2.45,0.0,27.0,0.97,0.0,3.0,1
0.0,0.0,3.0,0.0,0.0,14.0,83.0,1.0,0.0,2.0,2.0,2.13,2.0,0.0,1.0,0.0,0.0,1.0,3.0,3.0,6.0,2.6,1.0,6.0,0.96,0.0,1.0,1
0.0,0.0,1.0,0.0,0.0,1.0,21.0,1.0,0.0,0.0,2.0,1.75,0.0,0.0,3.0,0.0,0.0,1.0,1.5,1.0,2.0,0.0,0.0,6.0,0.68,0.0,0.0,0
0.0,15.0,1.0,0.0,0.0,5.0,96.0,1.0,0.0,0.0,0.0,3.69,0.0,0.0,0.0,1.0,4.0,0.0,1.8,0.0,0.0,0.0,0.0,6.0,0.95,0.0,2.0,1
0.0,0.0,1.0,0.0,0.0,4.0,158.0,1.0,1.0,13.0,24.0,1.05,0.0,91.0,1.0,17.0,14.0,1.0,8.76,2.0,1.0,0.33,0.0,9.0,0.97,0.0,2.0,1
0.0,0.0,1.0,1.0,0.0,7.0,31.0,1.0,0.0,0.0,1.0,4.43,0.0,100.0,1.0,1.0,1.0,1.0,8.0,8.0,1.0,0.0,0.0,6.0,0.88,0.0,0.0,0
0.0,0.0,1.0,0.0,0.0,5.0,26.0,1.0,0.0,0.0,1.0,4.33,0.0,0.0,0.0,9.0,1.0,0.0,2.0,2.0,1.0,0.0,0.0,6.0,0.85,0.0,0.0,0
0.0,2.0,1.0,0.0,0.0,5.0,31.0,1.0,0.0,0.0,0.0,5.17,0.0,0.0,1.0,1.0,1.0,1.0,1.0,1.0,1.0,0.0,0.0,6.0,0.87,0.0,0.0,0
0.0,0.0,1.0,0.0,0.0,10.0,43.0,1.0,0.0,0.0,2.0,4.3,0.0,0.0,1.0,1.0,3.0,1.0,1.5,1.0,0.0,0.0,0.0,6.0,0.91,0.0,0.0,0
0.0,0.0,0.0,18.0,0.0,0.0,38.0,1.0,0.0,0.0,0.0,1.73,0.0,0.0,0.0,0.0,0.0,0.0,0.0,0.0,0.0,0.0,0.0,6.0,0.93,0.0,0.0,0
0.0,0.0,1.0,1.0,0.0,8.0,94.0,1.0,0.0,0.0,6.0,4.7,1.0,100.0,0.0,1.0,2.0,0.0,2.33,1.0,0.0,0.0,0.0,6.0,0.92,0.0,2.0,1
0.0,1.0,1.0,0.0,0.0,44.0,65.0,1.0,0.0,0.0,0.0,8.12,0.0,0.0,0.0,1.0,1.0,0.0,3.0,3.0,1.0,0.0,0.0,6.0,0.93,0.0,0.0,0
0.0,0.0,1.0,0.0,0.0,3.0,33.0,1.0,0.0,0.0,4.0,4.12,0.0,0.0,0.0,2.0,0.0,0.0,12.0,1.0,0.0,0.0,0.0,6.0,0.89,0.0,0.0,0
0.0,0.0,1.0,0.0,0.0,5.0,29.0,1.0,0.0,0.0,1.0,7.25,1.0,0.0,4.0,5.0,1.0,1.0,1.0,1.0,0.0,0.0,0.0,6.0,0.86,0.0,0.0,0
0.0,0.0,1.0,3.0,0.0,8.0,130.0,1.0,0.0,0.0,9.0,2.45,3.0,100.0,0.0,1.0,5.0,0.0,4.11,1.0,0.0,0.0,0.0,6.0,0.97,0.0,2.0,0
0.0,1.0,1.0,0.0,0.0,4.0,31.0,1.0,0.0,0.0,0.0,6.2,0.0,0.0,3.0,1.0,0.0,1.0,1.0,1.0,1.0,0.0,0.0,6.0,0.88,0.0,0.0,0
0.0,4.0,1.0,0.0,1.0,6.0,487.0,1.0,6.0,0.0,53.0,1.08,0.0,0.0,1.0,13.0,10.0,3.0,3.33,0.0,0.0,0.29,0.0,16.0,0.99,0.0,1.0,1
0.0,0.0,1.0,0.0,0.0,4.0,19.0,1.0,0.0,0.0,1.0,0.3,5.0,0.0,2.0,0.0,27.0,1.0,52.0,52.0,27.0,1.0,1.0,6.0,0.92,0.0,1.0,0
0.0,1.0,1.0,3.0,3.0,7.0,205.0,1.0,3.0,0.0,19.0,0.75,1.0,97.0,2.0,8.0,7.0,2.0,3.96,0.0,1.0,0.96,0.0,6.0,0.97,0.0,2.0,0
0.0,0.0,1.0,0.0,0.0,2.0,68.0,1.0,1.0,0.0,8.0,1.0,0.0,0.0,4.0,1.0,9.0,1.0,2.67,0.0,1.0,0.73,0.0,6.0,0.96,0.0,1.0,0
1.0,6.0,1.0,1.0,0.0,5.0,132.0,1.0,0.0,7.0,12.0,1.17,0.0,90.0,1.0,4.0,3.0,2.0,1.95,0.0,0.0,0.45,0.0,6.0,0.97,0.0,2.0,0
1.0,4.0,1.0,0.0,0.0,5.0,46.0,1.0,0.0,1.0,0.0,0.63,0.0,80.0,2.0,0.0,2.0,1.0,2.2,1.0,2.0,1.29,0.0,6.0,0.95,0.0,1.0,0
6.0,1.0,3.0,1.0,0.0,11.0,333.0,1.0,2.0,8.0,11.0,0.72,1.0,77.0,2.0,0.0,13.0,2.0,5.2,0.0,1.0,1.91,0.0,151.0,0.83,0.0,3.0,1
0.0,0.0,1.0,0.0,0.0,5.0,48.0,1.0,0.0,0.0,2.0,1.85,0.0,0.0,6.0,1.0,2.0,1.0,4.0,1.0,2.0,0.75,0.0,6.0,0.94,0.0,0.0,0
0.0,1.0,1.0,0.0,0.0,0.0,33.0,1.0,0.0,0.0,0.0,3.3,0.0,0.0,2.0,1.0,2.0,2.0,5.0,5.0,2.0,0.0,0.0,6.0,0.89,0.0,0.0,0
0.0,0.0,1.0,0.0,3.0,3.0,56.0,1.0,1.0,0.0,4.0,2.15,0.0,0.0,2.0,0.0,4.0,1.0,3.2,0.0,1.0,0.0,0.0,6.0,0.94,0.0,0.0,0
1.0,0.0,1.0,0.0,0.0,0.0,28.0,1.0,0.0,10.0,7.0,0.35,0.0,77.0,1.0,0.0,2.0,1.0,3.0,1.0,1.0,0.8,0.0,6.0,0.63,0.0,1.0,0
0.0,16.0,1.0,0.0,16.0,2.0,76.0,1.0,0.0,0.0,0.0,0.87,0.0,0.0,1.0,0.0,4.0,1.0,3.12,2.0,3.0,0.17,0.0,6.0,0.97,0.0,1.0,0
0.0,5.0,1.0,0.0,0.0,0.0,18.0,1.0,0.0,4.0,0.0,0.58,0.0,60.0,1.0,0.0,1.0,1.0,2.6,1.0,1.0,0.0,0.0,6.0,0.91,0.0,0.0,0
0.0,0.0,1.0,0.0,0.0,5.0,30.0,1.0,0.0,0.0,2.0,1.76,0.0,0.0,1.0,0.0,3.0,2.0,1.5,0.0,1.0,0.0,0.0,67.0,0.9,0.0,0.0,0
0.0,1.0,1.0,0.0,0.0,0.0,19.0,1.0,0.0,0.0,2.0,1.06,0.0,0.0,2.0,0.0,3.0,1.0,2.0,0.0,1.0,0.0,0.0,6.0,0.88,0.0,0.0,0
1.0,0.0,1.0,0.0,0.0,1.0,47.0,1.0,0.0,4.0,7.0,0.7,0.0,59.0,2.0,0.0,8.0,1.0,3.88,1.0,1.0,0.9,0.0,6.0,0.96,0.0,1.0,0
4.0,0.0,1.0,0.0,0.0,7.0,95.0,1.0,0.0,5.0,3.0,1.25,0.0,82.0,1.0,0.0,13.0,2.0,2.14,0.0,0.0,0.78,0.0,6.0,0.97,0.0,1.0,0
0.0,1.0,1.0,0.0,0.0,3.0,52.0,1.0,1.0,2.0,3.0,0.79,0.0,70.0,1.0,2.0,6.0,2.0,2.2,0.0,0.0,1.29,0.0,6.0,0.96,0.0,1.0,0
0.0,0.0,1.0,0.0,0.0,7.0,88.0,1.0,2.0,2.0,6.0,1.22,0.0,43.0,3.0,0.0,10.0,1.0,1.75,1.0,1.0,0.4,0.0,23.0,0.89,0.0,2.0,1
0.0,2.0,1.0,0.0,0.0,20.0,119.0,1.0,0.0,1.0,3.0,1.37,3.0,80.0,4.0,3.0,14.0,1.0,6.6,3.0,1.0,0.71,0.0,6.0,0.95,0.0,2.0,1
2.0,0.0,1.0,0.0,1.0,40.0,230.0,1.0,1.0,0.0,2.0,0.91,7.0,0.0,4.0,0.0,18.0,1.0,8.6,3.0,1.0,2.29,0.0,6.0,0.9,0.0,1.0,1
9.0,3.0,1.0,0.0,2.0,12.0,520.0,1.0,9.0,24.0,18.0,0.55,2.0,94.0,4.0,3.0,52.0,1.0,5.38,0.0,1.0,1.49,0.0,53.0,0.94,0.0,3.0,1
4.0,37.0,1.0,1.0,0.0,7.0,459.0,1.0,2.0,13.0,0.0,1.33,1.0,95.0,1.0,1.0,22.0,2.0,7.3,0.0,0.0,0.42,0.0,6.0,0.99,0.0,1.0,1
2.0,4.0,1.0,3.0,0.0,5.0,511.0,1.0,10.0,21.0,63.0,0.62,1.0,96.0,3.0,8.0,39.0,2.0,4.59,0.0,0.0,0.65,0.0,141.0,0.84,0.0,3.0,1
0.0,2.0,3.0,0.0,0.0,14.0,282.0,1.0,4.0,2.0,11.0,0.67,3.0,52.0,6.0,0.0,24.0,1.0,4.47,0.0,1.0,1.42,0.0,6.0,0.99,0.0,2.0,1
3.0,2.0,1.0,0.0,1.0,18.0,312.0,1.0,1.0,8.0,9.0,0.69,4.0,85.0,5.0,0.0,45.0,1.0,5.07,0.0,1.0,1.82,0.0,22.0,0.96,0.0,3.0,1
6.0,1.0,1.0,0.0,0.0,0.0,24.0,1.0,0.0,1.0,4.0,0.05,6.0,81.0,2.0,0.0,17.0,1.0,11.91,0.0,1.0,0.77,0.0,6.0,0.99,0.0,2.0,0
0.0,1.0,1.0,0.0,0.0,6.0,42.0,1.0,0.0,0.0,2.0,1.35,1.0,0.0,3.0,2.0,6.0,1.0,1.67,0.0,1.0,0.0,0.0,6.0,0.94,0.0,0.0,0
0.0,2.0,1.0,0.0,0.0,16.0,166.0,1.0,2.0,2.0,5.0,0.81,2.0,77.0,4.0,0.0,16.0,1.0,4.56,0.0,1.0,1.64,0.0,6.0,0.97,0.0,1.0,0
0.0,18.0,1.0,0.0,0.0,10.0,276.0,1.0,0.0,8.0,6.0,4.52,0.0,100.0,0.0,2.0,8.0,0.0,2.12,1.0,0.0,0.0,0.0,58.0,0.84,0.0,1.0,0
0.0,2.0,1.0,0.0,0.0,1.0,28.0,1.0,0.0,5.0,1.0,0.88,0.0,60.0,1.0,0.0,4.0,1.0,2.67,2.0,1.0,0.0,0.0,6.0,0.92,0.0,0.0,0
0.0,0.0,1.0,0.0,0.0,9.0,40.0,1.0,0.0,0.0,2.0,0.73,5.0,0.0,5.0,0.0,12.0,1.0,7.0,3.0,2.0,0.75,0.0,7.0,0.94,0.0,2.0,1
3.0,9.0,2.0,0.0,0.0,15.0,859.0,1.0,1.0,18.0,39.0,0.78,2.0,86.0,3.0,0.0,45.0,1.0,4.83,0.0,1.0,1.0,0.0,55.0,0.88,0.0,2.0,1
0.0,6.0,1.0,0.0,0.0,8.0,297.0,1.0,2.0,2.0,24.0,1.12,0.0,51.0,4.0,8.0,22.0,1.0,3.0,0.0,1.0,0.47,0.0,26.0,0.94,0.0,3.0,1
0.0,1.0,1.0,0.0,0.0,11.0,37.0,1.0,0.0,0.0,1.0,0.76,2.0,0.0,4.0,0.0,10.0,1.0,3.5,2.0,2.0,0.75,0.0,6.0,0.94,0.0,0.0,0
1.0,0.0,1.0,0.0,0.0,8.0,60.0,1.0,1.0,1.0,3.0,0.87,1.0,40.0,1.0,0.0,12.0,2.0,3.2,0.0,1.0,1.14,0.0,6.0,0.95,0.0,1.0,0
0.0,6.0,2.0,8.0,0.0,5.0,92.0,1.0,0.0,2.0,4.0,1.31,0.0,88.0,2.0,2.0,4.0,1.0,3.1,1.0,1.0,0.33,0.0,6.0,0.97,0.0,1.0,0
0.0,5.0,1.0,0.0,0.0,9.0,346.0,1.0,2.0,6.0,27.0,0.71,0.0,68.0,4.0,2.0,26.0,1.0,4.18,0.0,0.0,0.78,0.0,37.0,0.92,0.0,2.0,1
0.0,1.0,1.0,0.0,0.0,4.0,35.0,1.0,0.0,0.0,2.0,1.94,0.0,0.0,3.0,1.0,0.0,1.0,0.33,0.0,1.0,0.0,0.0,6.0,0.91,0.0,0.0,0
0.0,2.0,2.0,0.0,0.0,8.0,216.0,1.0,1.0,0.0,19.0,0.62,2.0,0.0,3.0,0.0,17.0,1.0,2.68,1.0,1.0,1.79,0.0,6.0,0.98,0.0,2.0,1
0.0,0.0,1.0,0.0,0.0,9.0,70.0,1.0,0.0,1.0,4.0,1.06,1.0,25.0,1.0,0.0,11.0,2.0,2.75,0.0,1.0,1.0,0.0,27.0,0.83,0.0,1.0,1
0.0,9.0,1.0,0.0,0.0,2.0,182.0,1.0,0.0,4.0,1.0,4.14,0.0,65.0,1.0,0.0,1.0,1.0,4.0,3.0,1.0,0.0,0.0,6.0,0.98,0.0,1.0,0
0.0,0.0,1.0,0.0,0.0,4.0,81.0,1.0,0.0,3.0,9.0,1.16,0.0,44.0,1.0,0.0,3.0,3.0,1.89,0.0,1.0,0.27,0.0,6.0,0.96,0.0,1.0,0
0.0,0.0,1.0,0.0,0.0,6.0,84.0,1.0,0.0,6.0,8.0,0.65,1.0,68.0,3.0,0.0,8.0,1.0,5.25,1.0,1.0,1.0,0.0,6.0,0.98,0.0,1.0,1
0.0,3.0,1.0,0.0,0.0,6.0,362.0,1.0,10.0,27.0,35.0,0.6,1.0,95.0,1.0,1.0,22.0,2.0,7.83,0.0,0.0,1.08,0.0,6.0,0.99,0.0,1.0,0
0.0,1.0,5.0,0.0,0.0,16.0,74.0,1.0,0.0,6.0,2.0,0.32,13.0,22.0,3.0,0.0,21.0,1.0,13.67,6.0,2.0,3.2,2.0,6.0,0.8,0.0,1.0,1
0.0,1.0,1.0,0.0,0.0,13.0,63.0,1.0,0.0,8.0,2.0,0.5,4.0,29.0,3.0,0.0,22.0,1.0,11.0,1.0,2.0,2.0,0.0,9.0,0.96,0.0,2.0,1
2.0,0.0,1.0,0.0,0.0,8.0,138.0,1.0,0.0,7.0,10.0,0.85,1.0,82.0,3.0,0.0,15.0,2.0,3.17,0.0,1.0,1.5,0.0,7.0,0.87,0.0,3.0,1
1.0,3.0,1.0,0.0,0.0,8.0,77.0,1.0,2.0,8.0,1.0,0.67,1.0,80.0,2.0,4.0,15.0,1.0,5.0,1.0,1.0,1.67,0.0,6.0,0.97,0.0,1.0,0
0.0,1.0,1.0,0.0,1.0,10.0,64.0,1.0,0.0,2.0,3.0,0.63,3.0,37.0,4.0,0.0,15.0,1.0,5.75,1.0,1.0,0.83,0.0,8.0,0.97,0.0,1.0,0
0.0,1.0,1.0,0.0,0.0,0.0,45.0,1.0,0.0,1.0,16.0,0.6,0.0,11.0,1.0,0.0,6.0,2.0,1.71,1.0,1.0,0.21,0.0,6.0,0.96,0.0,1.0,0
1.0,0.0,1.0,0.0,0.0,9.0,68.0,1.0,1.0,4.0,3.0,0.37,3.0,44.0,4.0,0.0,14.0,1.0,6.8,3.0,3.0,2.71,0.0,6.0,0.97,0.0,2.0,1
1.0,0.0,1.0,0.0,0.0,9.0,140.0,1.0,0.0,6.0,10.0,0.76,2.0,72.0,3.0,0.0,15.0,2.0,4.64,1.0,1.0,1.77,0.0,8.0,0.94,0.0,3.0,1
0.0,2.0,3.0,0.0,0.0,14.0,52.0,1.0,0.0,0.0,0.0,0.98,3.0,0.0,2.0,0.0,12.0,1.0,10.5,7.0,3.0,2.75,2.0,6.0,0.94,0.0,0.0,0
0.0,0.0,1.0,0.0,19.0,6.0,149.0,1.0,0.0,0.0,19.0,0.66,1.0,0.0,1.0,0.0,11.0,1.0,4.37,1.0,1.0,1.33,0.0,6.0,0.98,0.0,1.0,0
0.0,0.0,1.0,0.0,0.0,5.0,48.0,1.0,0.0,1.0,5.0,1.12,0.0,60.0,2.0,0.0,3.0,1.0,3.0,0.0,2.0,0.43,0.0,6.0,0.95,0.0,0.0,0
0.0,0.0,1.0,0.0,0.0,6.0,59.0,1.0,0.0,12.0,6.0,0.32,1.0,61.0,3.0,0.0,5.0,1.0,11.83,0.0,2.0,0.75,0.0,6.0,0.93,0.0,2.0,0
1.0,1.0,1.0,0.0,0.0,12.0,206.0,1.0,1.0,7.0,8.0,0.89,2.0,80.0,4.0,1.0,14.0,2.0,6.09,0.0,1.0,1.46,0.0,10.0,0.98,0.0,2.0,1
3.0,3.0,1.0,0.0,0.0,4.0,125.0,1.0,0.0,20.0,15.0,0.32,2.0,88.0,3.0,0.0,21.0,3.0,4.81,0.0,1.0,1.83,0.0,8.0,0.99,0.0,2.0,1
3.0,0.0,1.0,1.0,2.0,8.0,126.0,1.0,2.0,1.0,4.0,1.43,1.0,66.0,1.0,0.0,8.0,1.0,4.56,2.0,1.0,0.45,0.0,6.0,0.98,0.0,1.0,0
0.0,0.0,1.0,0.0,0.0,30.0,323.0,1.0,0.0,0.0,9.0,4.49,0.0,0.0,0.0,5.0,9.0,0.0,3.22,1.0,0.0,0.0,0.0,6.0,0.96,0.0,2.0,0
1.0,0.0,4.0,0.0,0.0,33.0,164.0,1.0,2.0,0.0,1.0,0.58,15.0,0.0,3.0,1.0,20.0,1.0,13.75,1.0,2.0,3.33,0.0,6.0,0.99,0.0,1.0,0
0.0,1.0,1.0,0.0,0.0,6.0,54.0,1.0,0.0,1.0,3.0,0.57,2.0,25.0,4.0,0.0,16.0,1.0,4.75,1.0,1.0,0.67,0.0,6.0,0.93,0.0,2.0,0
0.0,1.0,1.0,0.0,0.0,19.0,74.0,1.0,0.0,0.0,2.0,1.0,0.0,0.0,2.0,1.0,13.0,2.0,8.0,7.0,2.0,1.2,0.0,6.0,0.95,0.0,2.0,0
0.0,1.0,1.0,0.0,0.0,5.0,78.0,1.0,1.0,3.0,7.0,1.13,1.0,62.0,1.0,0.0,4.0,2.0,1.78,0.0,1.0,1.08,0.0,6.0,0.97,0.0,1.0,0
1.0,0.0,1.0,0.0,0.0,9.0,163.0,1.0,3.0,1.0,10.0,0.78,1.0,85.0,3.0,1.0,22.0,2.0,2.86,0.0,0.0,0.75,0.0,6.0,0.76,0.0,1.0,0
0.0,0.0,2.0,3.0,0.0,4.0,64.0,1.0,0.0,4.0,10.0,0.67,0.0,65.0,1.0,0.0,1.0,1.0,3.4,1.0,1.0,0.75,0.0,6.0,0.97,0.0,1.0,0
0.0,1.0,1.0,0.0,0.0,9.0,87.0,1.0,0.0,4.0,4.0,1.47,3.0,60.0,2.0,2.0,8.0,1.0,3.4,1.0,1.0,0.57,0.0,6.0,0.87,0.0,2.0,0
0.0,0.0,1.0,0.0,0.0,5.0,85.0,1.0,0.0,2.0,9.0,0.83,0.0,33.0,3.0,0.0,10.0,1.0,2.56,0.0,1.0,0.55,0.0,6.0,0.97,0.0,1.0,0
0.0,0.0,1.0,0.0,0.0,7.0,34.0,1.0,0.0,0.0,2.0,0.68,3.0,0.0,2.0,0.0,5.0,1.0,3.5,1.0,6.0,0.75,0.0,6.0,0.94,0.0,0.0,0
0.0,0.0,1.0,0.0,0.0,1.0,25.0,1.0,0.0,1.0,3.0,0.58,2.0,33.0,2.0,0.0,6.0,1.0,4.33,2.0,2.0,1.8,0.0,6.0,0.94,0.0,0.0,0
1.0,0.0,1.0,0.0,0.0,4.0,115.0,1.0,0.0,4.0,12.0,0.53,2.0,65.0,3.0,0.0,20.0,1.0,5.31,0.0,1.0,1.0,0.0,6.0,0.98,0.0,1.0,0
0.0,0.0,1.0,0.0,0.0,0.0,25.0,1.0,0.0,4.0,7.0,0.71,0.0,71.0,3.0,0.0,1.0,1.0,3.29,2.0,1.0,0.0,0.0,6.0,0.92,0.0,0.0,0
49.0,1.0,2.0,13.0,2.0,19.0,2833.0,1.0,27.0,26.0,48.0,0.59,9.0,94.0,3.0,1.0,52.0,1.0,7.9,0.0,1.0,1.8,0.0,6.0,0.98,0.0,2.0,1
0.0,0.0,1.0,0.0,0.0,3.0,67.0,1.0,0.0,3.0,14.0,0.57,0.0,61.0,1.0,0.0,11.0,2.0,1.86,0.0,0.0,1.0,0.0,6.0,0.96,0.0,2.0,0
34.0,2.0,2.0,30.0,0.0,11.0,1556.0,1.0,17.0,54.0,44.0,0.54,5.0,96.0,1.0,0.0,53.0,6.0,7.36,0.0,1.0,1.62,0.0,366.0,0.84,0.0,5.0,1
0.0,0.0,1.0,0.0,0.0,17.0,148.0,1.0,0.0,2.0,6.0,0.97,3.0,41.0,1.0,0.0,16.0,2.0,4.83,2.0,3.0,1.5,0.0,6.0,0.98,0.0,1.0,0
0.0,0.0,1.0,3.0,0.0,8.0,223.0,1.0,0.0,0.0,23.0,6.19,0.0,100.0,0.0,3.0,1.0,0.0,5.7,0.0,0.0,0.0,0.0,6.0,0.98,0.0,1.0,0
1.0,0.0,1.0,7.0,17.0,7.0,186.0,1.0,0.0,0.0,16.0,1.17,0.0,78.0,1.0,1.0,1.0,1.0,128.12,1.0,1.0,1.89,0.0,6.0,0.98,0.0,1.0,0
0.0,0.0,1.0,0.0,0.0,0.0,16.0,1.0,0.0,4.0,3.0,0.28,1.0,33.0,1.0,0.0,0.0,2.0,4.67,4.0,2.0,1.6,0.0,6.0,0.93,0.0,0.0,0
5.0,0.0,2.0,0.0,0.0,4.0,68.0,1.0,0.0,15.0,5.0,0.19,2.0,78.0,1.0,0.0,6.0,1.0,6.6,1.0,1.0,2.58,0.0,22.0,0.85,0.0,1.0,0
1.0,0.0,1.0,0.0,1.0,2.0,27.0,1.0,0.0,0.0,1.0,1.93,1.0,0.0,3.0,0.0,1.0,1.0,1.0,1.0,2.0,0.0,0.0,54.0,1.0,0.0,0.0,0
8.0,1.0,1.0,2.0,10.0,3.0,57.0,1.0,0.0,0.0,1.0,0.11,5.0,80.0,1.0,0.0,2.0,1.0,3.7,2.0,1.0,1.83,0.0,9.0,0.92,0.0,1.0,0
2.0,0.0,2.0,17.0,5.0,1.0,35.0,1.0,2.0,0.0,1.0,0.14,3.0,74.0,1.0,0.0,5.0,1.0,7.8,2.0,4.0,3.0,1.0,21.0,0.98,0.0,2.0,1
0.0,0.0,1.0,0.0,0.0,3.0,31.0,1.0,0.0,0.0,3.0,0.74,1.0,0.0,3.0,0.0,3.0,1.0,1.0,1.0,2.0,0.0,0.0,12.0,0.92,0.0,1.0,1
0.0,0.0,1.0,0.0,1.0,2.0,28.0,1.0,0.0,1.0,3.0,0.64,1.0,66.0,1.0,0.0,1.0,1.0,3.0,1.0,1.0,1.6,0.0,93.0,0.93,0.0,0.0,0
4.0,0.0,1.0,0.0,5.0,6.0,353.0,10.0,12.0,7.0,26.0,1.0,0.0,70.0,5.0,3.0,9.0,1.0,2.19,0.0,0.0,0.42,0.0,804.0,0.96,0.0,2.0,1
0.0,0.0,1.0,0.0,0.0,0.0,23.0,1.0,0.0,0.0,14.0,0.4,0.0,0.0,3.0,0.0,1.0,1.0,1.93,1.0,1.0,0.0,0.0,102.0,0.94,0.0,0.0,1
4.0,0.0,1.0,0.0,1.0,5.0,113.0,3.0,0.0,8.0,10.0,0.97,0.0,78.0,4.0,0.0,2.0,2.0,2.36,1.0,1.0,0.61,0.0,510.0,0.75,0.0,0.0,1
0.0,0.0,1.0,0.0,0.0,0.0,19.0,1.0,0.0,2.0,4.0,1.12,0.0,50.0,1.0,0.0,0.0,1.0,1.0,1.0,1.0,0.0,0.0,6.0,1.0,0.0,0.0,0
0.0,1.0,1.0,0.0,0.0,6.0,26.0,1.0,0.0,0.0,0.0,3.25,0.0,0.0,2.0,0.0,0.0,1.0,2.0,2.0,1.0,0.0,0.0,6.0,1.0,0.0,0.0,0
10.0,0.0,1.0,24.0,11.0,9.0,161.0,1.0,0.0,0.0,1.0,0.61,2.0,95.0,1.0,0.0,1.0,1.0,4.18,1.0,1.0,1.54,1.0,11.0,0.89,0.0,0.0,1
6.0,0.0,1.0,10.0,7.0,3.0,41.0,1.0,0.0,0.0,1.0,0.17,3.0,75.0,1.0,0.0,3.0,1.0,5.14,0.0,0.0,2.78,0.0,6.0,0.94,0.0,0.0,0
0.0,0.0,1.0,0.0,1.0,3.0,57.0,1.0,0.0,0.0,6.0,0.74,2.0,0.0,4.0,0.0,2.0,1.0,2.0,0.0,2.0,1.0,0.0,184.0,0.79,0.0,1.0,1
19.0,0.0,1.0,2.0,19.0,3.0,163.0,3.0,0.0,7.0,12.0,0.31,1.0,90.0,2.0,0.0,3.0,1.0,4.06,1.0,1.0,1.29,0.0,90.0,0.7,0.0,3.0,1
2.0,0.0,1.0,0.0,3.0,6.0,38.0,1.0,0.0,0.0,1.0,0.29,8.0,0.0,1.0,0.0,1.0,1.0,6.0,2.0,3.0,1.6,1.0,6.0,0.97,0.0,1.0,1
5.0,0.0,1.0,3.0,6.0,5.0,49.0,1.0,0.0,0.0,1.0,0.07,19.0,72.0,1.0,0.0,4.0,1.0,4.67,2.0,2.0,2.25,1.0,23.0,0.96,0.0,2.0,0
9.0,0.0,1.0,2.0,2.0,8.0,129.0,1.0,0.0,5.0,3.0,0.34,3.0,79.0,5.0,0.0,2.0,1.0,4.67,1.0,3.0,2.0,0.0,39.0,0.95,0.0,4.0,1
6.0,0.0,1.0,16.0,10.0,3.0,192.0,3.0,0.0,2.0,15.0,0.8,1.0,93.0,3.0,1.0,2.0,2.0,3.71,1.0,1.0,0.77,0.0,6.0,0.87,0.0,1.0,1
36.0,0.0,1.0,11.0,0.0,0.0,259.0,5.0,0.0,9.0,27.0,0.37,1.0,94.0,4.0,0.0,5.0,2.0,3.44,0.0,1.0,0.83,0.0,39.0,0.71,0.0,1.0,1
3.0,0.0,1.0,3.0,1.0,1.0,58.0,1.0,0.0,0.0,3.0,1.29,0.0,88.0,1.0,0.0,1.0,1.0,2.17,0.0,1.0,0.75,0.0,6.0,0.95,0.0,1.0,0
10.0,0.0,1.0,2.0,12.0,3.0,77.0,1.0,0.0,0.0,2.0,0.26,3.0,87.0,1.0,0.0,3.0,1.0,4.5,1.0,3.0,1.07,0.0,6.0,0.69,0.0,0.0,1
6.0,0.0,2.0,1.0,2.0,5.0,103.0,1.0,2.0,0.0,6.0,0.43,3.0,85.0,4.0,0.0,1.0,1.0,1.71,0.0,2.0,1.81,0.0,235.0,0.73,0.0,2.0,1
17.0,20.0,1.0,17.0,8.0,0.0,62.0,6.0,0.0,22.0,1.0,0.09,0.0,95.0,3.0,2.0,6.0,1.0,4.58,1.0,0.0,0.8,0.0,7.0,0.99,0.0,2.0,1
2.0,6.0,19.0,16.0,11.0,31.0,465.0,1.0,0.0,0.0,3.0,0.16,14.0,84.0,1.0,0.0,5.0,1.0,13.36,2.0,2.0,3.62,0.0,21.0,0.73,0.0,5.0,1
0.0,0.0,1.0,0.0,0.0,0.0,18.0,1.0,0.0,2.0,3.0,0.67,1.0,33.0,2.0,0.0,0.0,1.0,2.0,2.0,2.0,0.8,0.0,61.0,1.0,0.0,0.0,1
8.0,0.0,1.0,5.0,2.0,3.0,70.0,1.0,0.0,0.0,1.0,0.58,1.0,88.0,1.0,0.0,3.0,1.0,3.33,2.0,1.0,1.18,0.0,234.0,0.97,0.0,1.0,0
0.0,0.0,1.0,1.0,0.0,0.0,56.0,2.0,0.0,1.0,9.0,0.66,0.0,42.0,4.0,0.0,2.0,1.0,2.67,0.0,1.0,0.25,0.0,179.0,0.99,0.0,1.0,1
0.0,2.0,1.0,0.0,0.0,8.0,162.0,1.0,0.0,1.0,14.0,2.19,0.0,12.0,1.0,1.0,2.0,2.0,1.62,0.0,1.0,0.11,0.0,6.0,0.98,0.0,1.0,0
0.0,0.0,1.0,0.0,1.0,6.0,51.0,1.0,1.0,1.0,3.0,1.06,3.0,50.0,5.0,2.0,1.0,1.0,2.25,1.0,1.0,0.5,0.0,254.0,0.86,0.0,0.0,1
0.0,0.0,1.0,2.0,2.0,0.0,18.0,1.0,0.0,1.0,5.0,0.64,0.0,93.0,2.0,1.0,0.0,1.0,0.8,0.0,1.0,0.0,0.0,6.0,0.9,0.0,0.0,0
1.0,0.0,1.0,1.0,11.0,4.0,120.0,6.0,5.0,0.0,15.0,0.79,1.0,81.0,2.0,14.0,1.0,2.0,5.71,0.0,1.0,0.43,0.0,336.0,0.38,0.0,0.0,1
0.0,0.0,1.0,0.0,0.0,5.0,100.0,1.0,5.0,3.0,6.0,1.35,1.0,78.0,1.0,13.0,3.0,3.0,32.91,0.0,0.0,0.69,0.0,6.0,1.0,0.0,0.0,0
5.0,0.0,1.0,2.0,0.0,5.0,89.0,1.0,5.0,1.0,1.0,0.45,3.0,66.0,4.0,0.0,7.0,1.0,2.82,0.0,1.0,1.31,0.0,21.0,0.95,0.0,1.0,1
2.0,0.0,1.0,30.0,0.0,12.0,1233.0,1.0,91.0,3.0,2.0,0.26,18.0,90.0,4.0,0.0,34.0,1.0,6.74,0.0,0.0,1.48,0.0,6.0,1.0,0.0,0.0,0
0.0,0.0,1.0,0.0,0.0,0.0,20.0,1.0,0.0,1.0,11.0,0.37,0.0,0.0,1.0,0.0,3.0,1.0,26.73,2.0,1.0,0.46,0.0,6.0,1.0,0.0,0.0,0
4.0,0.0,1.0,5.0,13.0,0.0,38.0,1.0,0.0,18.0,44.0,0.09,0.0,93.0,1.0,0.0,2.0,2.0,6.73,1.0,1.0,0.7,0.0,27.0,0.94,0.0,2.0,1
0.0,2.0,1.0,0.0,0.0,0.0,18.0,1.0,0.0,3.0,1.0,0.6,0.0,33.0,2.0,0.0,3.0,1.0,2.0,1.0,1.0,2.33,0.0,7.0,0.9,0.0,0.0,0
1.0,12.0,1.0,1.0,0.0,0.0,33.0,1.0,0.0,5.0,1.0,0.23,0.0,66.0,1.0,0.0,5.0,1.0,3.79,1.0,1.0,1.44,0.0,6.0,0.97,0.0,1.0,0
1.0,0.0,1.0,0.0,5.0,4.0,53.0,1.0,0.0,0.0,5.0,0.76,0.0,0.0,1.0,0.0,8.0,1.0,50.67,0.0,1.0,0.5,0.0,78.0,0.91,0.0,1.0,1
0.0,0.0,1.0,1.0,1.0,3.0,31.0,1.0,0.0,0.0,4.0,1.63,0.0,50.0,2.0,0.0,0.0,1.0,2.0,0.0,1.0,0.0,0.0,6.0,0.91,0.0,0.0,0
0.0,0.24,1.0,0.0,0.0,3.18,34.29,1.0,0.0,4.98,5.78,0.66,0.98,60.74,3.0,0.0,6.13,1.0,5.17,1.76,1.24,0.49,0.0,6.73,0.93,0.0,0.49,0
3.94,0.21,1.79,0.0,0.0,4.42,59.08,1.0,0.0,11.81,3.94,0.84,1.58,61.43,1.21,0.0,4.73,1.0,5.62,1.21,1.0,2.03,0.0,18.6,0.88,0.0,0.79,1
0.1,0.9,1.0,0.0,0.0,5.41,76.98,1.0,1.0,3.1,6.59,1.05,1.2,60.16,1.31,0.0,5.02,1.9,2.29,0.31,1.2,1.25,0.0,6.0,0.97,0.0,1.1,0
1.0,2.12,1.0,0.0,0.0,8.29,74.36,1.0,1.71,6.83,1.59,0.58,1.59,69.45,2.59,2.83,14.71,1.0,5.53,1.59,1.59,1.97,0.0,6.0,0.97,0.0,1.29,0
0.0,0.45,1.0,0.0,0.0,9.36,35.36,1.0,0.0,0.0,1.55,3.0,2.0,0.0,1.81,0.55,5.62,0.45,3.5,0.91,1.45,0.34,0.0,6.0,0.91,0.0,0.55,0
13.91,15.25,1.0,12.96,6.34,1.19,74.11,5.29,0.0,18.68,3.14,0.3,0.0,90.96,3.24,1.53,5.05,1.24,4.05,1.0,0.24,0.76,0.0,126.45,0.93,0.0,1.53,1
0.69,1.62,1.0,0.0,0.0,10.15,254.15,1.0,3.78,13.17,16.33,0.8,1.69,84.63,3.07,1.0,16.47,2.0,6.63,0.0,0.69,1.34,0.0,8.77,0.98,0.0,1.69,1
1.83,5.0,16.0,13.34,9.17,26.5,406.71,1.0,0.0,0.67,4.5,0.22,12.0,80.84,1.33,0.0,7.5,1.0,12.02,1.67,1.83,3.18,0.0,18.5,0.77,0.0,4.33,1
2.65,1.68,1.0,3.32,8.62,0.0,31.26,1.0,0.0,13.28,29.18,0.26,0.0,81.89,1.0,0.0,1.66,1.66,5.34,1.0,1.0,0.46,0.0,19.93,0.93,0.0,1.33,0
0.23,0.0,1.0,0.0,0.35,2.46,64.54,1.0,0.88,0.0,7.19,0.92,0.92,0.0,3.65,0.88,8.08,1.0,3.05,0.23,1.23,0.83,0.12,6.0,0.96,0.0,1.0,0
1.68,5.04,1.56,0.44,0.0,11.48,494.34,1.0,0.56,10.07,22.26,2.39,1.12,92.17,2.12,0.44,25.62,1.0,6.22,3.52,1.0,0.56,0.0,33.42,0.88,0.0,1.12,1
0.0,0.31,2.24,0.0,0.0,10.48,46.41,1.0,0.0,1.86,2.0,3.45,5.41,6.82,0.93,0.69,7.89,0.31,6.65,1.86,1.31,0.99,0.62,6.0,0.85,0.0,1.0,0
1.13,0.0,1.0,1.24,10.89,3.97,117.89,5.87,4.87,0.0,14.63,0.77,1.05,80.84,1.97,13.63,1.05,1.97,5.7,0.0,0.97,0.49,0.0,327.2,0.4,0.0,0.0,1
0.0,0.95,1.0,0.0,0.0,5.69,40.93,1.0,0.0,0.1,2.05,1.34,0.95,1.68,2.9,1.9,5.69,1.05,1.63,0.05,1.0,0.0,0.0,6.0,0.91,0.0,0.0,0
0.0,0.0,1.92,0.0,1.62,8.06,68.41,1.0,0.54,0.92,3.08,2.14,0.92,0.0,1.54,0.0,2.16,1.0,3.11,1.38,3.3,1.2,0.46,6.0,0.95,0.0,0.46,0
0.0,1.0,1.0,0.0,0.0,9.45,36.44,1.0,0.0,0.0,0.86,1.12,1.72,0.0,3.72,0.14,8.87,1.14,3.71,2.42,2.0,0.64,0.0,6.0,0.94,0.0,0.0,0
4.44,0.0,1.0,2.58,5.15,5.56,61.82,1.0,0.0,0.85,2.27,0.17,16.6,72.0,1.28,0.0,5.55,1.14,4.66,1.86,1.86,2.18,0.86,20.89,0.96,0.0,2.14,0
0.22,6.22,1.07,0.0,0.0,8.52,339.01,1.0,1.93,3.2,25.12,1.09,0.15,53.62,3.93,7.4,23.72,1.0,3.14,0.0,1.0,0.51,0.0,28.17,0.93,0.0,2.93,1
0.0,0.0,1.0,0.0,0.0,3.49,55.42,1.0,1.0,1.0,10.01,0.81,0.0,21.45,3.0,0.0,5.49,1.0,1.84,1.0,1.0,0.2,0.0,62.6,0.91,0.0,1.0,1
4.74,8.46,1.0,4.74,2.23,0.0,52.63,2.39,0.0,9.02,1.72,1.5,0.0,86.35,1.56,1.28,3.12,1.0,3.32,0.28,0.72,0.86,0.0,6.28,0.78,0.0,0.56,0
0.0,2.24,1.0,0.0,0.0,9.0,167.37,1.0,0.62,4.62,11.14,1.23,2.07,62.48,2.62,2.0,13.59,1.0,3.64,0.69,0.69,0.64,0.0,15.62,0.89,0.0,2.0,1
0.0,13.59,1.0,0.0,0.0,7.24,204.81,1.0,0.0,6.62,4.62,3.44,0.0,81.51,0.55,1.45,6.62,0.28,2.09,1.0,0.28,0.64,0.0,43.93,0.86,0.0,0.72,0
0.32,3.28,1.0,0.32,0.0,7.04,152.4,1.0,0.0,2.92,13.36,1.86,0.0,36.96,1.0,1.96,2.32,2.0,1.73,0.0,0.68,0.22,0.0,6.0,0.98,0.0,1.32,0
0.0,0.0,1.0,0.0,0.0,6.85,36.36,1.0,0.0,0.15,2.35,0.7,2.85,2.21,1.95,0.0,4.9,1.1,3.42,0.95,5.75,0.73,0.0,6.0,0.94,0.0,0.05,0
2.18,0.64,1.0,5.81,3.63,4.27,119.41,1.73,0.64,2.64,9.91,1.01,1.0,73.26,1.73,0.36,3.27,2.0,2.48,0.36,1.0,0.97,0.0,6.0,0.93,0.0,1.0,0
0.0,0.0,1.0,0.97,0.0,7.06,32.07,1.0,0.0,0.03,1.08,4.34,0.03,97.93,1.0,0.97,1.28,1.03,7.86,7.78,1.0,0.03,0.0,6.58,0.88,0.0,0.03,0
19.62,0.0,3.48,6.53,1.49,8.94,309.64,3.01,0.5,5.03,20.55,0.48,3.98,93.01,2.51,0.0,5.5,1.5,4.96,0.5,1.5,1.63,0.0,33.04,0.84,0.0,1.99,1
0.0,0.94,1.0,0.0,0.0,4.06,34.44,1.0,0.0,0.0,1.94,2.09,0.0,0.0,2.81,1.5,0.06,0.94,0.44,0.12,1.0,0.0,0.0,6.0,0.9,0.0,0.0,0
0.39,0.0,1.0,0.0,0.39,0.79,20.33,1.0,0.0,2.42,2.21,0.93,1.0,20.0,1.79,0.0,0.39,1.61,3.22,2.82,2.0,0.97,0.0,24.91,0.96,0.0,0.0,1
0.0,0.0,1.0,0.0,0.0,7.35,73.22,1.0,0.0,0.66,5.34,4.88,1.01,39.83,1.33,3.36,2.33,0.66,3.22,0.34,1.33,0.51,0.0,6.0,0.94,0.0,0.67,0
2.86,3.72,1.0,0.0,0.0,0.38,32.73,1.0,0.62,4.0,11.96,0.39,0.0,68.93,1.38,0.62,9.24,1.62,3.59,0.38,0.38,0.34,0.0,7.86,0.88,0.0,1.62,0
0.84,3.35,0.84,2.92,0.0,4.19,44.7,1.0,0.0,0.84,0.0,0.81,0.0,67.01,1.68,0.0,1.68,0.84,1.84,0.84,1.68,1.08,0.0,6.0,0.95,0.0,0.84,0
0.0,2.48,1.0,0.0,0.0,7.9,324.95,1.0,8.27,22.67,29.98,0.66,1.35,85.65,1.0,0.83,20.96,2.0,7.31,0.35,0.52,1.15,0.0,6.0,0.99,0.0,1.0,0
8.17,0.0,1.0,0.0,4.54,2.93,80.35,1.0,0.0,0.0,9.63,1.32,4.81,0.0,1.81,0.93,12.8,0.91,5.16,1.0,1.81,1.79,0.0,6.0,0.99,0.0,1.09,0
0.0,0.49,1.0,1.52,0.0,8.49,108.73,1.0,0.0,1.98,6.53,1.97,3.0,80.22,0.99,1.49,6.48,0.49,3.76,1.0,0.49,0.28,0.0,6.0,0.92,0.0,2.0,0
20.1,0.0,1.0,6.14,0.44,2.65,167.12,3.23,0.44,5.47,16.4,0.67,1.88,74.56,4.44,0.88,3.23,1.56,2.92,0.44,1.0,0.68,0.0,133.97,0.78,0.0,0.56,1
2.57,0.0,1.0,1.42,0.99,7.29,124.22,1.0,0.0,6.01,8.72,0.75,1.28,81.01,2.72,0.0,13.3,1.86,3.45,0.0,0.86,1.68,0.0,6.86,0.88,0.0,2.57,1
0.11,0.0,1.19,0.08,0.11,6.45,63.64,1.0,0.04,0.04,6.3,1.34,0.26,3.46,2.92,0.0,5.04,1.0,1.37,0.04,2.0,0.41,0.0,66.46,0.33,0.0,1.08,1
3.45,0.0,1.0,0.0,0.86,5.0,101.67,2.73,0.0,6.91,8.91,1.08,0.0,67.35,3.59,0.0,2.14,2.0,2.24,0.86,1.0,0.53,0.0,449.54,0.77,0.0,0.0,1
7.35,0.32,1.65,3.7,1.35,5.59,155.15,1.0,0.65,2.59,4.24,0.63,1.0,84.44,1.32,0.0,6.24,1.32,3.94,1.35,1.0,1.42,0.0,207.13,0.93,0.0,1.65,1
21.01,19.36,1.0,0.55,0.0,4.13,605.82,1.0,29.86,0.0,4.21,2.49,1.45,52.54,1.11,1.0,12.51,1.11,5.19,0.0,0.45,0.46,0.0,95.59,0.91,0.0,3.21,1
1.0,2.73,1.0,1.0,5.99,4.46,125.46,3.72,2.72,3.19,13.63,0.96,0.54,85.1,1.54,9.45,1.91,2.0,4.0,0.0,0.54,0.44,0.0,185.8,0.65,0.0,0.91,1
0.0,0.0,1.0,1.99,0.0,3.96,92.64,1.5,0.0,0.5,9.0,1.55,1.49,70.72,2.02,0.5,3.49,0.5,3.38,0.5,0.5,0.13,0.0,93.33,0.98,0.0,1.5,0
0.18,0.82,1.0,0.18,2.02,5.63,66.1,1.92,0.92,0.82,5.2,0.61,1.82,35.27,3.63,2.57,13.25,1.18,4.93,0.82,1.0,0.62,0.0,66.51,0.83,0.0,1.63,1
0.0,0.13,1.0,0.0,0.0,11.78,85.03,1.0,1.74,1.74,5.22,2.11,0.0,37.44,2.61,0.13,8.84,0.87,1.91,1.26,1.0,0.35,0.0,20.8,0.89,0.0,1.74,1
1.36,0.0,1.0,0.18,0.36,8.0,71.85,1.0,1.18,1.0,3.18,0.97,1.0,44.67,1.0,0.0,11.28,1.82,3.44,0.36,1.0,1.02,0.0,6.0,0.96,0.0,1.0,0
0.0,1.11,4.94,0.0,0.0,15.8,75.54,1.0,0.0,5.97,1.99,0.37,12.81,22.61,2.97,0.0,20.71,1.0,13.53,5.96,1.99,3.15,1.97,6.0,0.8,0.0,1.0,1
0.0,0.5,1.0,0.0,0.0,4.01,40.91,1.0,0.5,0.99,2.5,1.28,0.0,34.71,1.0,0.99,4.49,2.0,1.85,0.0,0.5,0.64,0.0,36.76,0.93,0.0,0.5,0
0.13,0.0,1.0,0.0,0.03,4.03,35.52,1.06,0.0,0.25,3.22,3.23,0.97,2.45,2.06,0.0,0.06,1.03,0.07,0.03,0.03,0.02,0.0,21.85,0.89,0.0,0.0,0
22.02,0.33,1.33,4.23,4.02,7.53,973.33,1.0,8.79,8.46,22.37,0.33,6.3,30.59,2.33,0.33,26.37,1.0,6.16,0.67,1.67,1.87,0.0,6.0,0.99,0.0,1.33,0
0.0,0.74,1.0,0.0,0.0,1.31,41.34,1.0,0.0,0.74,12.08,2.06,0.0,8.12,1.0,0.0,4.43,1.74,2.04,1.52,1.0,0.16,0.0,6.0,0.94,0.0,0.74,0
0.65,0.69,1.0,0.0,0.0,8.15,132.63,1.0,0.69,3.31,9.58,0.63,2.0,69.15,3.35,0.0,18.62,1.0,5.05,0.0,1.0,1.22,0.0,6.0,0.98,0.0,1.0,0
0.0,7.86,1.0,0.0,0.0,1.75,161.55,1.0,0.0,3.62,2.26,3.66,0.0,56.79,1.0,0.0,1.25,1.0,6.87,2.87,1.0,0.06,0.0,6.0,0.98,0.0,0.87,0
0.0,1.24,2.24,0.0,0.0,9.07,41.76,1.0,0.0,0.38,1.14,0.83,2.62,12.51,2.0,0.0,9.72,1.0,8.16,5.1,2.62,2.39,1.24,6.0,0.94,0.0,0.0,0
4.29,0.28,1.0,11.45,7.44,4.99,155.59,2.43,0.0,2.0,11.59,0.75,1.57,77.07,3.28,0.72,5.7,1.72,4.29,1.0,1.0,0.79,0.0,6.57,0.9,0.0,1.0,1
0.0,0.0,1.0,0.0,0.0,4.47,106.53,1.0,0.53,7.39,15.11,1.08,0.0,76.5,1.47,9.05,8.85,1.0,6.07,1.06,1.47,0.38,0.0,7.6,0.96,0.0,1.06,0
1.88,0.0,1.0,1.0,1.25,5.0,99.79,1.37,1.25,1.0,5.87,1.14,0.63,57.01,2.12,0.0,5.75,1.0,3.85,1.25,1.0,0.38,0.0,70.77,0.98,0.0,1.0,1
4.27,6.78,1.0,0.0,0.0,0.75,125.1,1.0,1.01,5.01,20.36,0.51,0.0,48.09,2.0,0.5,7.78,1.5,3.27,0.75,1.0,2.05,0.0,160.87,0.79,0.0,1.26,0
0.0,0.19,1.0,0.0,0.0,7.26,40.97,1.0,0.0,0.19,4.7,0.7,4.03,2.13,4.23,0.0,10.84,1.19,5.98,2.61,1.81,0.65,0.0,6.81,0.95,0.0,1.81,1
0.12,0.0,1.0,0.0,0.0,1.07,29.88,1.0,0.0,2.48,8.24,0.28,0.24,41.17,2.12,0.0,7.07,1.12,4.3,0.12,0.12,0.56,0.0,8.0,0.7,0.0,2.12,0
0.54,0.0,1.97,2.97,0.54,3.97,66.84,1.06,0.0,4.09,10.06,0.66,0.03,65.72,1.03,0.0,1.06,1.0,3.42,1.0,1.0,0.77,0.0,8.41,0.96,0.0,1.06,0
0.85,2.55,0.85,1.2,0.0,6.8,71.0,1.0,1.7,6.8,0.85,1.03,0.85,68.01,1.7,3.4,12.75,0.85,4.25,0.85,0.85,1.42,0.0,6.0,0.95,0.0,0.85,0
2.79,0.93,1.0,0.0,0.62,6.48,270.15,1.0,3.48,16.41,22.14,0.9,0.62,91.93,1.93,12.66,25.77,1.0,7.71,1.38,1.0,0.69,0.0,22.63,0.97,0.0,2.31,1
3.05,0.0,1.51,0.0,0.0,2.05,48.46,1.0,0.0,12.56,5.98,0.27,1.02,77.51,1.0,0.0,4.05,1.0,4.84,1.0,1.0,1.71,0.0,14.18,0.74,0.0,1.0,0
6.67,0.0,1.0,12.87,8.21,4.12,177.91,2.55,0.0,2.67,12.32,0.7,1.45,89.87,3.45,0.78,2.0,1.78,3.93,1.0,1.45,1.04,0.0,13.38,0.89,0.0,1.67,1
0.0,3.73,1.0,0.0,0.0,0.34,47.77,1.0,0.0,3.73,1.93,2.32,0.0,77.32,1.0,0.93,1.86,1.0,2.84,0.21,1.0,0.83,0.0,6.0,0.71,0.0,0.0,0
2.38,0.0,1.0,28.48,0.11,11.78,1173.06,1.0,86.06,3.11,2.05,0.26,17.19,89.4,4.05,0.0,32.26,1.0,6.62,0.05,0.16,1.51,0.0,7.79,1.0,0.0,0.22,0
0.0,11.91,1.0,0.0,0.0,6.62,188.7,1.0,0.0,5.97,4.98,3.22,0.34,77.33,0.68,1.32,5.29,0.34,2.08,1.34,0.68,0.27,0.0,59.02,0.9,0.0,0.66,0
0.0,1.53,1.0,0.0,0.0,14.7,166.94,1.0,0.0,1.53,4.41,2.78,0.0,33.66,0.51,2.45,4.41,0.51,2.09,1.0,0.51,0.0,0.0,6.0,0.72,0.0,0.98,0
0.0,0.0,1.0,0.91,0.0,8.09,91.92,1.0,0.0,0.09,5.83,4.38,1.0,93.5,0.09,0.91,2.78,0.17,2.37,0.91,0.09,0.09,0.0,7.82,0.91,0.0,1.91,1
0.0,4.58,1.0,0.0,0.0,0.0,19.56,1.0,0.0,3.58,0.0,0.86,0.0,53.75,1.1,0.1,1.1,1.1,2.85,1.42,1.1,0.0,0.0,6.0,0.91,0.0,0.0,0
0.48,7.79,1.0,0.0,0.0,6.92,82.55,1.0,0.48,1.92,1.44,2.1,1.44,21.14,1.92,0.52,8.8,0.48,4.2,1.44,1.44,1.3,0.0,6.0,0.96,0.0,2.0,0
2.27,0.43,1.0,2.84,7.39,19.0,49.66,1.0,0.0,10.23,25.0,3.56,0.0,52.84,0.57,0.43,1.57,1.14,5.12,1.86,1.0,0.4,0.0,17.93,0.94,0.0,1.14,0
0.0,0.4,1.0,0.0,0.0,19.41,45.8,1.0,0.0,0.0,2.4,5.72,0.0,0.0,0.0,1.6,0.4,0.0,8.4,1.8,0.4,0.0,0.0,6.0,0.91,0.0,0.0,0
0.0,0.0,1.0,0.0,0.0,8.22,39.94,1.0,0.0,0.0,2.25,3.39,0.25,0.0,1.51,0.75,3.0,1.0,1.37,1.0,0.51,0.0,0.0,7.53,0.91,0.0,0.25,0
0.89,0.0,1.0,0.0,0.0,8.78,127.58,1.0,0.0,5.33,8.99,1.32,1.78,63.94,2.66,0.11,13.32,1.78,4.34,1.11,1.0,1.57,0.0,7.78,0.93,0.0,2.66,1
0.0,1.13,1.0,0.0,0.0,5.39,88.82,1.0,0.87,2.74,7.9,1.27,0.87,55.56,1.0,0.13,3.74,2.0,1.76,0.0,1.0,0.96,0.0,6.0,0.97,0.0,1.0,0
0.0,4.72,1.0,0.0,0.0,2.87,137.89,1.0,0.72,3.28,9.89,1.71,0.0,71.53,2.08,3.51,9.17,1.0,2.89,0.0,1.0,0.74,0.0,13.17,0.78,0.0,1.08,0
0.0,1.79,1.0,0.0,0.0,6.0,175.29,1.0,3.94,11.24,15.6,0.58,1.61,52.57,2.82,0.39,18.36,1.39,5.96,0.61,0.61,0.83,0.0,6.0,0.95,0.0,1.61,1
0.0,0.0,1.0,0.0,18.98,6.0,149.4,1.0,0.01,0.0,19.04,0.66,1.0,0.0,1.0,0.02,11.0,1.0,4.37,1.0,1.0,1.33,0.0,6.01,0.98,0.0,1.0,0
0.0,0.25,1.0,0.0,0.0,0.0,23.52,1.0,0.0,3.01,5.77,0.8,0.0,53.47,2.75,0.0,1.49,1.0,2.97,1.51,1.0,0.0,0.0,6.0,0.91,0.0,0.0,0
2.74,0.17,1.0,2.74,0.91,0.91,54.5,1.0,0.0,0.26,2.83,1.23,0.0,83.19,1.09,0.0,1.17,1.0,2.15,0.09,1.0,0.89,0.0,6.09,0.95,0.0,0.91,0
12.86,0.0,1.0,1.35,12.86,3.65,120.04,2.35,0.0,4.74,8.77,0.78,0.68,60.93,1.68,0.0,3.0,1.32,3.24,0.68,1.0,0.87,0.0,82.57,0.77,0.0,2.03,1
0.0,0.82,1.0,0.0,0.0,16.28,66.56,1.0,0.0,0.0,2.18,1.42,0.18,0.0,2.0,0.82,10.64,1.82,6.55,5.73,1.64,0.98,0.0,6.0,0.94,0.0,1.64,0
3.06,0.0,1.51,0.49,5.35,4.0,93.28,3.43,2.43,7.71,9.86,0.48,1.51,79.46,1.49,6.8,3.57,1.49,6.17,0.51,1.0,1.54,0.0,174.63,0.62,0.0,0.51,1
1.04,0.0,1.96,0.0,0.52,27.54,159.55,1.0,0.52,0.96,2.0,1.49,4.6,0.0,2.56,0.0,9.37,1.0,5.92,3.0,3.4,2.44,0.48,6.0,0.93,0.0,1.0,0
0.0,1.52,1.0,0.0,0.0,5.95,40.29,1.0,0.0,0.24,0.95,4.19,0.24,5.95,1.0,0.76,3.38,1.24,1.42,0.76,1.0,0.24,0.0,11.0,0.86,0.0,0.24,0
8.72,0.03,1.0,0.0,4.84,2.22,76.35,1.0,0.0,0.13,9.81,0.24,4.94,1.89,2.0,0.06,13.81,1.0,5.26,1.0,1.97,1.86,0.0,6.0,0.99,0.0,1.03,0
1.29,0.0,1.0,0.52,0.0,5.0,58.56,1.0,1.29,0.26,1.74,1.49,0.77,17.0,5.48,0.74,3.29,1.0,3.7,0.74,1.74,0.89,0.0,9.86,0.95,0.0,0.26,1
3.58,2.58,2.55,0.0,0.0,4.39,94.05,1.0,1.0,20.09,15.9,0.51,0.48,67.86,1.0,0.52,9.42,2.0,5.66,0.0,1.0,1.2,0.0,14.25,0.74,0.0,2.03,1
2.34,0.42,1.0,0.0,0.0,22.36,82.54,1.0,0.0,2.92,1.75,4.1,0.0,47.95,0.58,0.42,8.02,1.17,2.5,1.25,0.42,0.45,0.0,6.0,0.95,0.0,0.58,0
9.62,11.88,1.0,0.0,0.0,3.0,280.32,1.0,2.26,7.53,50.21,0.38,0.0,79.11,1.57,1.13,17.22,2.57,4.8,0.0,0.57,1.11,0.0,352.86,0.67,0.0,3.7,1
0.63,0.0,1.31,5.33,1.57,0.31,28.14,1.0,0.63,2.75,5.12,0.53,0.94,71.94,2.37,0.0,2.25,1.0,4.7,2.0,1.94,0.94,0.31,10.7,0.94,0.0,0.63,0
0.29,0.71,1.0,0.0,0.0,6.88,58.12,1.0,0.29,1.88,3.0,0.51,2.29,30.6,4.0,0.0,15.41,1.0,5.35,1.59,1.59,1.27,0.0,6.0,0.94,0.0,2.0,0
0.0,1.73,0.43,30.1,0.43,2.59,254.18,1.0,2.59,2.27,22.9,1.01,0.0,0.0,1.0,5.62,5.46,1.86,1.44,0.0,0.0,0.13,0.0,13.16,0.78,0.0,2.14,1
0.44,0.0,1.56,0.0,0.0,5.45,45.89,1.0,0.0,1.77,4.77,1.24,0.0,26.17,2.0,0.0,6.33,1.0,4.32,2.11,1.56,0.68,0.0,60.53,0.91,0.0,1.56,1
0.0,0.13,1.0,1.95,1.95,0.0,18.0,1.0,0.0,1.08,4.87,0.64,0.0,92.17,1.97,0.97,0.03,1.0,0.85,0.03,1.0,0.0,0.0,6.0,0.9,0.0,0.0,0
0.0,0.65,1.0,0.35,0.0,5.05,33.61,1.0,0.0,0.0,1.65,2.81,0.0,34.85,2.3,1.0,0.35,1.0,3.0,2.79,1.0,0.0,0.0,6.0,0.9,0.0,0.0,0
0.0,12.46,1.0,0.0,0.0,6.74,192.31,1.0,0.0,5.39,4.7,3.39,0.0,67.44,0.65,1.35,6.37,0.33,2.08,0.67,0.33,0.0,0.0,41.07,0.85,0.0,0.67,0
0.0,1.0,1.0,0.0,0.0,1.17,25.35,1.0,0.0,0.71,6.36,2.04,0.0,42.4,2.29,0.29,2.83,1.71,2.2,0.29,1.0,0.47,0.0,6.0,0.77,0.0,0.0,0
7.16,0.0,1.69,0.0,3.85,9.12,96.22,1.0,0.46,0.0,7.93,0.29,7.3,0.0,2.23,0.23,15.38,1.0,7.25,1.0,2.0,2.23,0.0,6.0,0.99,0.0,1.0,0
0.9,0.21,1.0,0.0,0.0,4.1,106.38,1.0,0.0,3.59,10.77,1.01,1.79,58.33,2.79,0.1,18.05,1.0,4.87,0.1,1.0,0.9,0.0,6.0,0.97,0.0,0.9,0
19.72,17.71,1.0,0.51,0.0,0.51,554.17,1.0,27.32,4.94,6.49,0.46,0.51,86.11,1.51,0.51,11.61,1.51,4.8,0.49,0.49,0.81,0.0,87.96,0.78,0.0,3.02,1
0.56,0.0,1.0,0.0,0.0,8.88,52.5,1.0,0.56,0.56,2.56,2.38,0.56,22.35,1.0,0.44,8.03,1.56,2.45,0.44,0.56,0.64,0.0,6.0,0.93,0.0,0.56,0
0.0,0.0,1.0,0.0,0.0,0.94,29.01,1.0,0.0,1.84,3.24,2.11,0.24,30.41,0.92,0.78,0.08,1.84,1.21,1.0,0.92,0.05,0.0,6.0,0.53,0.0,0.16,0
0.36,0.64,1.0,0.0,0.0,9.0,106.34,1.0,0.0,4.73,6.19,1.21,2.64,64.38,2.36,1.27,10.55,1.36,3.85,1.0,1.0,1.01,0.0,6.73,0.9,0.0,2.36,1
0.0,0.45,1.0,0.0,0.0,2.74,56.93,1.0,0.0,1.55,9.0,0.59,0.0,45.22,2.55,0.0,7.28,1.45,2.62,0.0,1.0,0.6,0.0,6.0,0.86,0.0,0.55,0
0.0,0.0,1.0,0.0,0.0,2.59,24.54,1.0,0.0,1.26,3.26,0.96,1.11,31.52,1.37,0.0,1.85,1.0,1.92,1.0,2.85,0.28,0.0,6.0,0.98,0.0,0.0,0
0.21,0.0,1.0,0.0,0.0,9.0,89.53,1.0,0.63,1.0,5.26,1.0,1.0,37.6,1.42,0.21,13.31,2.0,2.77,0.0,0.79,0.95,0.0,22.59,0.81,0.0,1.0,1
0.0,1.66,0.83,3.09,0.0,0.0,21.43,1.0,0.0,2.49,0.83,0.79,0.0,27.34,1.66,0.0,2.49,0.83,1.66,0.83,0.83,1.93,0.0,6.83,0.9,0.0,0.0,0
1.84,0.54,1.0,0.0,0.0,13.47,83.68,1.0,0.0,2.3,2.46,1.12,0.0,37.8,1.54,0.54,13.0,2.0,5.3,3.77,1.08,1.01,0.0,6.0,0.96,0.0,1.54,0
1.93,4.21,1.47,0.0,0.0,11.8,476.03,1.0,0.47,11.61,23.55,0.77,2.0,78.54,3.0,0.0,29.02,1.53,4.73,0.53,1.0,1.41,0.0,29.97,0.91,0.0,2.53,1
0.96,0.0,1.0,1.6,1.12,4.68,90.55,1.0,4.2,2.52,5.2,1.16,1.32,77.52,1.0,10.92,3.0,2.68,28.46,0.0,0.0,1.03,0.0,6.0,0.99,0.0,0.0,0
0.94,0.0,2.57,0.63,0.94,9.77,153.94,1.0,0.31,8.54,8.51,0.41,2.89,70.75,2.37,0.0,5.31,1.0,10.16,0.31,2.0,1.28,0.0,12.6,0.94,0.0,2.31,1
0.25,0.75,1.0,0.0,0.75,8.53,76.51,1.0,0.0,2.49,5.21,0.61,2.75,43.87,3.75,0.0,16.23,1.0,5.64,0.75,1.0,0.87,0.0,7.51,0.97,0.0,1.0,0
0.0,0.06,1.22,0.0,0.0,2.79,68.34,1.0,0.94,0.34,7.66,0.96,0.73,1.24,3.94,0.94,9.67,1.0,3.28,0.34,1.06,0.87,0.11,6.0,0.95,0.0,1.0,0
2.83,0.0,1.0,7.51,0.83,2.84,254.3,1.0,15.2,0.5,2.83,1.12,3.01,88.33,1.5,0.0,6.51,1.0,2.93,0.0,0.83,0.87,0.0,6.0,0.96,0.0,0.83,0
0.0,0.0,1.0,0.0,0.0,5.24,47.26,1.0,0.0,0.0,5.39,1.43,0.0,0.0,3.0,0.0,4.24,1.0,1.22,0.15,2.0,0.28,0.0,58.52,0.36,0.0,0.85,1
0.0,2.45,1.0,0.0,0.0,4.35,268.68,1.0,7.25,19.84,27.84,0.52,0.72,85.37,1.28,0.72,17.05,2.0,6.42,0.0,0.28,0.97,0.0,6.0,0.92,0.0,0.72,0
1.42,0.95,0.47,27.94,0.47,8.51,188.13,1.0,0.47,5.89,4.26,0.83,1.89,40.19,2.89,0.0,22.33,1.0,2.4,0.0,0.47,0.86,0.0,16.2,0.79,0.0,3.0,1
0.0,1.51,1.25,0.0,0.0,8.25,133.05,1.0,0.0,0.75,11.28,2.06,0.0,9.03,1.25,0.75,2.74,1.75,2.38,0.74,1.25,0.2,0.0,30.24,0.95,0.0,1.25,0
0.0,0.0,1.0,0.0,0.0,10.22,91.58,1.0,0.0,0.59,4.81,5.64,1.81,14.82,0.59,4.07,6.93,1.19,3.12,0.41,0.59,0.86,0.0,18.45,0.87,0.0,1.41,1
1.58,0.0,2.46,0.58,1.58,6.67,124.55,1.0,0.29,0.29,4.8,1.54,2.75,26.87,2.42,0.0,2.46,1.0,2.61,1.0,2.0,0.72,0.0,46.11,0.99,0.0,0.88,1
0.96,0.0,0.96,2.37,0.0,8.6,159.15,1.0,2.87,1.13,9.55,0.79,0.96,81.19,2.91,0.96,21.1,1.96,2.73,0.0,0.0,0.72,0.0,6.22,0.76,0.0,1.09,0
0.51,0.98,1.98,0.0,0.0,10.93,56.09,1.0,0.51,0.51,1.53,0.92,1.98,20.44,1.49,0.0,12.0,1.51,6.77,3.42,1.98,1.93,0.98,6.0,0.95,0.0,0.51,0
0.04,0.0,1.0,0.0,0.0,0.38,25.09,1.0,0.0,1.21,10.96,0.39,0.08,3.05,1.08,0.0,3.51,1.04,25.79,1.96,1.0,0.52,0.0,6.08,1.0,0.0,0.13,0
3.29,3.53,2.0,6.35,3.29,4.18,91.18,1.0,0.0,1.59,5.65,0.91,0.41,90.06,1.59,1.18,8.94,1.41,3.62,0.59,1.0,0.74,0.0,16.7,0.73,0.0,1.41,1
0.49,2.0,1.0,0.0,0.16,3.75,73.96,1.0,0.16,5.49,2.29,0.85,0.65,64.05,1.65,0.0,10.64,1.0,3.06,1.68,1.0,0.3,0.0,8.59,0.92,0.0,0.49,0
0.31,0.0,1.0,1.37,1.37,2.83,33.74,1.0,0.31,1.94,4.37,0.56,0.94,77.58,2.63,0.69,4.41,1.0,2.69,0.94,1.63,0.85,0.0,6.0,0.92,0.0,0.63,0
19.99,3.7,3.35,4.23,0.65,6.85,1006.52,1.0,9.46,34.1,34.51,0.31,2.93,94.0,1.65,1.0,21.64,1.67,7.95,0.0,1.0,1.44,0.0,16.8,0.68,0.0,2.67,1
0.0,1.32,2.01,0.34,6.76,1.68,50.66,1.0,0.0,3.31,7.43,0.66,1.01,61.69,1.0,0.0,3.66,1.0,3.42,1.66,1.0,0.65,0.0,24.26,0.9,0.0,0.68,1
0.56,2.69,1.0,0.0,0.0,2.82,34.24,1.0,0.0,0.56,0.87,0.82,0.0,45.15,2.0,0.0,2.44,1.0,2.11,0.56,1.56,0.73,0.0,6.0,0.92,0.0,0.56,0
8.68,0.07,1.0,0.0,4.82,2.22,79.1,1.0,0.0,0.04,10.14,0.27,4.82,0.43,1.96,0.04,13.57,1.04,5.18,0.96,1.96,1.84,0.0,6.0,0.99,0.0,1.0,0
0.5,0.0,1.0,0.5,0.5,1.01,41.38,1.5,0.0,0.5,4.97,1.3,0.5,20.83,3.5,0.0,1.5,1.0,1.83,0.5,1.5,0.12,0.0,116.0,0.99,0.0,0.5,1
1.07,0.18,1.0,0.82,0.0,0.0,50.32,1.82,0.0,1.0,8.11,0.55,1.07,48.93,3.64,0.0,4.66,1.0,4.31,0.0,1.0,0.34,0.0,148.28,0.99,0.0,1.18,1
4.0,6.0,1.0,0.0,0.0,0.0,23.99,1.0,1.0,4.0,14.98,0.2,0.0,74.99,1.0,1.0,9.99,2.0,3.42,0.0,0.0,0.0,0.0,9.0,0.84,0.0,2.0,0
0.0,0.79,1.0,0.0,0.0,5.16,29.54,1.0,0.0,0.79,1.48,0.8,2.21,17.32,1.74,0.0,3.69,1.0,2.84,1.0,4.69,0.55,0.0,6.0,0.82,0.0,0.0,0
0.28,0.0,1.0,0.0,0.0,3.58,42.32,1.0,0.0,3.56,5.57,0.9,0.0,64.83,1.72,0.0,2.72,1.0,3.0,0.28,1.72,0.53,0.0,6.0,0.86,0.0,0.28,0
0.0,0.0,1.21,0.0,0.0,25.16,273.6,1.0,0.0,0.0,8.16,3.71,0.84,0.0,0.42,3.95,8.79,0.63,3.55,0.79,0.0,0.27,0.0,6.0,0.97,0.0,1.79,0
0.0,0.55,1.73,0.0,0.0,5.08,68.78,1.0,0.0,0.82,3.9,0.72,2.9,9.06,2.0,0.0,6.63,2.45,4.03,0.27,0.27,1.57,0.0,6.27,0.95,0.0,0.73,0
0.08,0.92,1.08,0.0,0.17,41.32,65.42,1.0,0.0,0.0,0.17,7.55,0.33,0.0,0.08,0.92,1.0,0.08,3.14,2.75,1.0,0.23,0.0,6.0,0.93,0.0,0.08,0
4.9,0.04,1.02,2.94,5.88,5.06,52.37,1.0,0.02,0.0,1.36,0.08,18.66,70.55,1.04,0.0,4.26,1.0,4.63,1.98,1.98,2.24,0.98,22.66,0.96,0.0,2.0,0
4.33,0.0,1.54,2.17,4.33,9.41,116.57,1.0,0.0,1.46,7.08,0.62,1.92,69.17,1.0,0.0,16.0,2.0,4.59,0.92,1.92,1.41,0.0,20.09,0.66,0.0,1.54,1
1.83,0.52,1.83,14.03,4.13,2.22,42.33,1.0,2.0,1.4,1.0,0.23,2.65,75.05,1.17,0.7,6.75,1.0,7.31,1.83,3.48,2.77,0.83,18.38,0.98,0.0,1.83,1
0.0,0.0,1.0,0.0,15.82,5.0,126.61,1.0,0.0,0.33,17.16,0.59,0.83,6.18,1.17,0.0,10.16,1.0,4.35,0.83,0.83,1.18,0.0,6.33,0.93,0.0,1.17,0
0.67,1.31,1.0,0.67,7.71,4.66,240.64,4.36,5.33,0.0,27.49,0.89,0.67,54.37,1.67,13.67,3.96,2.33,4.93,0.0,0.67,0.38,0.0,230.81,0.58,0.0,0.33,1
8.72,8.17,1.0,7.53,4.45,4.73,99.86,3.04,1.18,9.58,2.77,0.88,0.59,77.84,1.82,0.82,7.18,1.0,4.57,1.59,0.59,0.6,0.0,6.41,0.98,0.0,1.41,0
0.96,0.0,1.48,8.12,2.39,5.7,39.18,1.0,0.96,0.0,1.52,2.31,1.43,35.35,1.0,0.52,3.96,1.0,4.51,1.48,1.91,1.43,0.48,13.17,0.94,0.0,0.96,0
0.89,0.89,1.0,7.97,0.0,5.8,116.8,1.0,10.63,13.29,0.69,2.09,0.34,77.94,0.89,1.14,4.54,0.89,4.53,1.0,0.89,1.02,0.0,6.0,0.82,0.0,1.11,1
0.0,0.0,1.0,1.17,0.0,6.52,98.41,1.0,0.0,0.0,3.0,2.98,0.41,58.62,2.41,1.76,4.17,1.59,1.98,0.41,2.0,0.35,0.0,36.62,0.65,0.0,2.17,1
0.0,0.53,1.0,0.89,0.0,0.0,51.95,1.89,0.0,1.32,8.04,0.65,0.0,43.92,3.68,0.0,1.89,1.0,2.66,0.11,1.0,0.22,0.0,160.56,0.98,0.0,0.89,1
1.28,0.0,1.0,3.42,2.14,2.21,94.5,1.43,0.79,0.43,9.5,0.96,0.21,19.87,3.79,1.0,7.5,1.21,2.89,0.21,1.0,0.74,0.0,6.0,0.94,0.0,1.0,0
0.0,1.2,1.0,0.0,0.0,11.58,133.45,1.0,1.2,2.0,6.61,0.82,1.2,59.32,3.6,0.0,13.59,1.0,3.75,0.0,1.0,1.2,0.0,6.0,0.97,0.0,1.0,0
22.7,0.0,1.0,6.7,1.17,2.35,172.54,3.44,0.0,5.48,16.83,0.34,3.74,57.23,2.83,0.0,3.44,1.61,4.44,0.78,1.78,1.13,0.39,26.09,0.81,0.0,1.0,1
0.12,0.02,1.98,0.0,0.0,8.81,44.56,1.0,0.0,0.02,3.02,1.64,0.12,1.68,2.0,0.0,5.25,1.0,4.82,2.94,1.98,0.51,0.0,101.97,0.88,0.0,2.0,0
0.0,0.0,1.0,0.0,0.0,0.78,27.46,1.0,0.0,2.52,4.52,1.06,0.13,52.34,1.26,0.0,1.04,1.0,1.55,1.0,1.0,0.13,0.0,6.0,1.0,0.0,0.13,0
4.62,0.0,1.0,2.77,3.54,1.46,62.39,1.0,0.0,0.0,2.77,1.05,0.69,87.77,1.0,0.0,1.46,1.0,2.71,0.23,1.46,0.82,0.0,6.0,0.89,0.0,0.77,0
0.47,1.0,1.0,0.0,0.0,12.53,130.32,1.0,0.47,7.53,4.82,0.68,3.06,53.01,3.47,0.47,18.23,1.47,8.69,0.53,1.53,1.75,0.0,9.47,0.97,0.0,2.0,1
1.15,0.43,1.0,17.23,0.0,8.17,730.36,1.0,52.7,2.57,2.43,0.49,10.34,81.49,2.72,0.85,22.08,1.43,4.81,0.0,0.0,1.4,0.0,6.0,0.98,0.0,0.43,0
0.88,0.12,1.88,0.0,1.77,12.82,70.47,1.0,0.0,0.0,2.0,1.22,3.53,0.0,1.12,0.12,2.4,1.12,5.06,0.82,1.12,2.61,0.0,6.0,0.96,0.0,1.12,0
1.0,0.29,1.0,2.6,3.56,4.29,71.17,1.0,3.46,4.33,3.56,0.76,0.0,25.38,1.0,0.0,7.13,1.0,37.4,0.29,1.0,0.66,0.0,57.24,0.88,0.0,1.0,1
6.76,0.0,1.0,1.36,2.32,7.36,99.9,1.0,0.0,3.4,2.36,0.32,4.6,53.74,3.72,0.0,1.68,1.0,5.09,1.32,3.0,1.87,0.32,28.45,0.95,0.0,3.04,1
1.66,7.66,1.55,0.0,0.0,11.87,607.67,1.0,1.45,10.84,32.29,0.93,1.11,70.35,3.45,3.58,34.71,1.0,4.01,0.0,1.0,0.76,0.0,42.03,0.91,0.0,2.45,1
5.26,0.88,1.0,0.0,0.0,0.0,23.26,1.0,0.0,1.12,3.88,0.13,5.38,75.07,2.0,0.0,14.9,1.0,10.68,0.25,1.12,0.77,0.0,12.8,0.99,0.0,1.75,0
0.74,1.05,1.74,0.0,1.47,8.85,64.48,1.0,0.0,1.05,2.0,1.46,2.95,21.81,1.0,0.26,1.26,1.0,4.18,0.0,1.0,2.3,0.0,6.0,0.89,0.0,0.74,0
14.72,17.32,1.0,14.72,7.33,0.4,61.19,5.33,0.13,19.05,1.4,0.37,0.0,82.25,2.87,1.73,5.73,1.0,4.39,0.87,0.13,0.69,0.0,6.87,0.98,0.0,1.73,1
2.24,0.37,1.0,0.0,0.63,1.25,26.51,1.0,0.0,1.0,3.37,0.42,2.87,71.6,1.37,0.0,6.97,1.0,6.32,0.63,1.0,1.29,0.0,60.53,0.95,0.0,0.75,0
0.0,0.53,1.0,0.47,0.0,6.47,36.84,1.0,0.0,0.0,1.53,2.8,0.53,46.94,2.06,1.53,3.65,1.0,4.64,3.75,1.0,0.0,0.0,6.0,0.91,0.0,0.0,0
1.0,0.0,1.27,0.0,4.55,6.59,62.91,1.0,0.18,0.0,4.64,0.74,1.34,0.0,1.18,0.09,9.07,1.0,47.37,0.09,1.09,0.75,0.0,71.57,0.92,0.0,1.0,1
3.03,28.3,1.0,0.76,0.0,5.31,356.03,1.0,1.52,9.86,0.0,1.81,0.76,72.04,1.24,1.0,17.17,2.0,6.75,1.21,0.48,0.32,0.0,6.0,0.97,0.0,0.76,0
0.0,3.2,1.0,0.0,0.0,2.41,101.93,1.0,0.6,2.7,7.92,0.76,0.0,38.41,2.6,2.41,8.72,1.0,2.3,0.7,1.0,1.77,0.0,12.72,0.91,0.0,0.9,1
1.79,5.36,17.09,14.3,11.85,28.35,431.51,1.0,0.0,0.0,4.7,0.21,12.62,75.1,1.0,0.0,5.64,1.0,12.41,1.89,1.89,3.37,0.0,19.41,0.76,0.0,4.58,1
1.88,0.0,1.0,0.0,2.17,3.17,122.17,3.63,3.5,2.04,8.3,1.66,0.71,20.44,3.58,0.88,3.34,1.0,1.35,0.71,1.42,0.12,0.0,272.95,0.99,0.0,0.58,1
0.0,0.86,0.86,7.34,0.0,16.37,74.42,1.0,0.0,0.55,1.72,0.99,0.0,0.0,1.86,0.86,11.48,1.86,6.89,6.03,1.72,1.03,0.0,6.69,0.91,0.0,2.14,1
0.7,0.0,1.0,4.92,11.95,7.0,139.33,1.0,0.0,0.0,11.54,2.55,0.0,54.81,0.7,1.0,0.7,0.7,90.63,1.3,1.0,1.33,0.0,6.0,0.95,0.0,0.7,0
0.0,1.07,1.0,0.0,0.88,2.0,46.35,1.0,0.0,1.36,2.76,1.06,0.88,65.88,1.0,0.0,1.0,1.0,3.12,1.24,1.0,1.41,0.0,82.63,0.94,0.0,0.12,0
0.0,1.74,1.0,0.0,0.0,14.71,151.31,1.0,1.74,1.74,5.13,0.88,1.74,67.08,3.87,0.0,14.58,1.0,4.12,0.0,1.13,1.47,0.0,13.99,0.89,0.0,1.0,1
12.15,15.87,1.0,0.0,0.0,3.86,420.62,1.0,5.71,15.56,65.74,0.34,0.29,93.57,1.71,1.71,22.0,2.71,7.27,0.0,0.71,1.16,0.0,444.24,0.61,0.0,3.86,1
1.0,0.0,1.92,0.0,1.84,11.76,75.62,1.0,0.0,0.48,2.64,1.21,3.84,5.78,1.16,0.0,2.12,1.08,4.66,0.08,1.0,2.72,0.0,6.16,0.96,0.0,1.16,0
0.0,0.11,1.0,0.0,16.98,5.89,141.47,1.0,0.11,0.32,17.73,0.71,1.0,6.58,1.0,0.0,10.26,1.11,4.09,0.89,1.0,1.31,0.0,6.0,0.98,0.0,1.0,0
1.46,1.03,3.43,0.97,1.46,8.74,184.54,1.0,0.49,2.03,7.31,0.6,3.4,61.65,1.51,0.0,4.46,1.0,4.18,1.0,1.49,2.39,0.0,16.71,0.93,0.0,1.46,1
0.94,0.06,1.94,0.0,1.88,11.53,67.93,1.0,0.0,0.0,2.0,1.29,3.76,0.0,1.12,0.06,0.94,1.0,4.41,0.0,1.0,2.63,0.0,6.0,0.96,0.0,0.94,0
0.0,0.0,1.0,0.0,0.0,2.25,23.57,1.0,0.0,1.36,2.36,2.71,0.0,22.4,0.68,0.32,0.0,1.36,1.32,1.32,1.0,0.0,0.0,6.0,0.61,0.0,0.0,0
1.98,0.03,1.99,16.81,4.94,1.06,38.7,1.0,2.09,0.31,1.38,0.15,2.98,74.24,1.0,0.01,5.19,1.01,7.8,1.98,3.95,2.98,0.99,20.83,0.98,0.0,1.99,1
1.62,0.0,1.19,0.0,2.42,6.19,47.6,1.0,0.0,0.0,1.77,0.38,7.23,0.0,1.19,0.0,2.34,1.38,5.77,1.62,2.42,1.54,0.81,6.0,0.97,0.0,1.0,0
2.11,0.0,1.22,0.22,0.44,4.22,112.34,1.0,0.44,3.11,10.67,0.51,2.22,69.43,3.22,0.0,15.79,1.0,4.51,0.0,1.22,1.18,0.0,56.76,0.93,0.0,1.22,1
0.62,0.0,1.0,0.62,6.8,13.92,197.47,4.09,3.09,0.0,12.71,2.2,0.62,50.09,1.24,10.57,4.05,1.24,4.76,0.38,0.62,0.27,0.0,210.07,0.6,0.0,0.76,1
7.98,0.0,2.0,3.99,7.98,3.01,89.84,1.0,0.0,1.0,7.98,0.33,1.02,92.71,1.0,0.0,15.95,2.0,4.38,0.01,1.01,1.33,0.0,31.92,0.39,0.0,2.0,1
3.48,0.0,1.0,1.7,0.3,4.39,71.41,1.0,3.48,0.7,1.91,0.81,2.09,61.15,3.39,0.0,4.88,1.0,2.57,0.0,1.0,0.91,0.0,16.45,0.94,0.0,0.7,1
0.0,2.94,1.41,0.0,0.0,8.17,239.49,1.0,1.17,3.52,17.92,0.73,1.65,39.93,3.17,1.17,18.57,1.83,4.43,0.0,0.0,0.99,0.0,24.2,0.94,0.0,1.59,1
0.0,0.85,1.0,0.0,0.0,9.97,43.47,1.0,0.0,0.44,2.18,0.82,1.71,6.47,3.56,0.0,8.97,1.29,3.26,1.71,1.85,0.68,0.0,6.0,0.95,0.0,0.15,0
0.13,0.0,1.0,0.0,0.66,5.73,52.13,1.0,0.0,0.0,5.87,1.29,0.0,0.0,2.73,0.0,5.4,1.0,7.73,0.0,1.87,0.36,0.0,69.33,0.39,0.0,1.0,1
5.84,14.72,1.0,0.7,0.0,0.91,157.43,1.0,1.21,6.82,24.31,0.23,0.0,74.17,1.3,0.61,10.15,1.61,4.77,0.7,1.0,1.36,0.0,191.59,0.81,0.0,2.21,1
0.0,0.28,1.0,0.0,0.0,2.17,30.22,1.0,0.0,0.28,5.39,3.06,0.0,16.65,0.56,1.44,1.11,0.56,9.42,0.72,0.28,0.19,0.0,6.0,0.84,0.0,0.0,0
0.0,3.93,2.0,3.85,0.0,6.56,156.31,1.0,0.52,0.96,11.78,0.95,1.04,42.36,2.52,0.96,10.74,1.0,2.88,1.0,1.0,1.09,0.0,6.0,0.97,0.0,1.52,0
0.0,0.23,1.0,0.0,0.0,6.08,34.28,1.0,0.23,0.46,1.46,4.65,0.0,16.06,0.23,1.23,1.38,0.46,2.05,1.54,0.77,0.3,0.0,6.0,0.88,0.0,0.23,0
3.41,0.0,1.0,0.0,0.8,5.78,104.22,2.61,0.2,7.22,8.63,0.85,0.59,71.37,4.0,0.0,4.34,1.8,3.22,1.39,1.39,1.02,0.0,411.65,0.79,0.0,0.39,1
0.0,0.0,1.0,0.0,0.0,0.08,15.08,1.0,0.0,1.96,7.86,0.22,0.1,36.25,2.0,0.0,6.42,1.0,5.21,1.05,0.54,0.41,0.02,7.96,0.67,0.0,1.98,0
1.26,3.78,11.97,16.74,6.93,19.53,306.96,1.0,0.0,0.0,1.89,0.74,8.82,52.91,0.63,0.0,3.15,0.63,8.42,1.26,1.26,2.28,0.0,15.45,0.8,0.0,3.15,1
0.0,1.89,1.18,1.42,0.0,8.29,87.89,1.0,0.0,3.64,4.0,1.44,2.47,64.99,2.0,2.0,7.29,1.0,3.35,1.0,1.0,0.53,0.0,6.0,0.89,0.0,1.82,0
0.0,2.08,1.0,0.0,0.48,2.89,49.96,1.0,0.48,2.56,2.48,1.57,1.44,67.13,2.92,1.48,1.52,1.0,2.55,0.48,1.0,0.7,0.0,125.29,0.78,0.0,0.0,1
0.0,0.35,1.0,0.0,0.0,18.55,53.91,1.0,0.0,0.65,3.26,3.55,0.0,39.16,1.31,0.35,2.31,0.65,3.0,1.04,1.65,0.28,0.0,6.0,0.94,0.0,0.0,0
0.0,0.0,0.32,35.99,0.0,2.57,63.2,1.0,0.0,2.72,0.64,2.2,0.64,0.0,0.68,0.32,2.0,0.68,1.12,0.0,0.32,0.0,0.0,9.4,0.71,0.0,2.36,0
0.0,0.0,1.0,0.35,0.0,6.05,64.07,1.0,0.0,0.0,3.4,2.85,0.35,34.93,3.9,1.0,2.0,0.65,3.42,1.0,1.3,0.49,0.0,6.0,0.93,0.0,0.7,0
0.0,0.0,2.73,0.0,0.0,13.06,76.41,1.0,0.0,1.73,2.0,1.93,2.13,0.0,1.13,0.0,0.67,1.0,3.07,2.73,6.0,2.35,0.87,6.0,0.95,0.0,0.87,0
0.0,0.18,1.0,0.0,0.0,1.11,20.29,1.0,0.0,1.63,3.26,1.51,0.0,40.77,1.18,0.0,0.0,1.0,1.18,1.18,1.0,0.0,0.0,6.0,1.0,0.0,0.0,0
0.63,0.84,1.0,0.0,1.0,9.22,71.66,1.31,0.0,2.94,4.09,0.68,2.53,43.41,4.0,0.0,12.97,1.16,5.22,1.0,1.0,0.8,0.0,86.51,0.94,0.0,0.84,1
4.13,0.0,1.61,0.0,3.17,8.09,72.35,1.0,0.0,0.0,5.13,0.84,4.39,0.0,1.39,0.0,6.08,1.0,4.92,0.39,1.39,2.45,0.0,6.0,0.97,0.0,1.0,0
0.0,0.0,1.0,0.0,0.83,0.83,32.08,1.0,0.28,0.0,11.25,0.88,0.0,0.0,2.72,0.0,1.83,1.0,2.28,0.72,1.0,0.0,0.0,75.57,0.94,0.0,0.0,1
0.0,0.0,2.78,0.59,11.89,3.0,69.86,1.0,0.0,0.0,13.51,1.81,1.78,38.64,0.59,0.81,1.78,0.59,7.78,1.0,0.59,1.13,0.0,38.1,0.88,0.0,1.19,1
33.86,31.3,1.0,0.89,0.0,1.22,957.33,1.0,48.23,0.22,5.67,0.59,0.89,92.28,1.89,1.11,19.37,2.0,6.09,0.0,0.0,0.88,0.0,150.35,0.94,0.0,4.56,1
0.0,0.23,1.77,2.31,0.0,3.08,53.64,1.0,0.0,3.08,8.16,0.76,0.0,50.04,1.23,0.0,1.46,1.0,3.08,0.77,1.0,0.58,0.0,6.0,0.95,0.0,0.77,0
37.82,34.88,1.0,0.99,0.0,1.02,1062.76,1.0,53.58,0.09,6.6,0.57,0.99,94.98,2.0,1.01,21.01,2.01,6.57,0.0,0.01,0.83,0.0,171.79,0.93,0.0,5.0,1
0.0,0.38,1.0,0.0,0.0,3.09,59.84,1.0,0.0,1.24,6.33,0.92,0.0,20.42,2.62,0.0,7.33,1.0,2.34,0.0,1.0,0.34,0.0,6.0,0.94,0.0,0.62,0
1.58,1.32,1.79,0.0,0.0,12.78,142.19,1.0,0.26,11.5,11.81,0.76,2.21,54.99,1.0,0.26,13.62,2.0,5.66,1.47,2.47,1.44,0.0,10.22,0.87,0.0,1.53,1
2.55,0.36,2.45,0.0,0.64,8.99,98.86,2.28,0.0,7.28,7.1,0.73,4.71,57.7,3.64,0.0,8.89,1.64,6.46,2.81,1.36,1.55,0.72,327.31,0.77,0.0,0.36,1
0.99,0.99,1.0,8.92,0.0,5.04,115.37,1.0,11.9,14.87,0.02,0.8,0.0,87.24,1.0,0.01,4.98,1.0,4.62,1.0,0.99,1.05,0.0,6.0,0.8,0.0,0.99,1
0.0,7.65,1.0,0.0,0.17,3.35,162.13,1.0,0.0,3.66,1.34,3.55,0.51,60.28,1.51,0.0,3.36,1.0,4.29,2.66,1.0,0.14,0.0,6.34,0.98,0.0,1.0,0
0.0,0.08,1.31,0.0,0.0,5.86,33.44,1.0,0.0,0.47,2.0,1.65,1.02,1.72,1.16,0.0,4.41,1.92,2.45,0.47,1.08,0.25,0.16,62.23,0.9,0.0,0.08,0
32.16,11.52,1.47,6.16,0.95,10.58,1575.98,1.0,14.9,18.11,63.79,0.41,4.26,93.47,2.47,1.53,36.21,2.05,7.45,0.0,1.0,1.48,0.0,328.54,0.7,0.0,3.58,1
4.26,0.71,2.42,1.58,0.0,10.13,301.08,1.0,1.42,5.68,14.48,2.31,0.71,83.67,1.42,0.87,9.52,1.42,5.34,0.0,0.71,1.36,0.0,108.92,0.88,0.0,2.42,1
0.0,0.0,1.0,0.52,9.21,7.03,120.65,1.0,0.0,0.0,12.3,2.74,1.0,51.54,0.48,0.52,6.36,0.48,3.32,1.0,0.48,0.65,0.0,6.0,0.95,0.0,1.52,0
0.34,0.34,1.0,3.02,0.0,4.34,92.74,1.0,4.03,7.03,5.98,1.03,0.0,58.76,1.0,0.0,3.67,2.33,2.81,0.34,1.0,0.54,0.0,6.0,0.91,0.0,1.0,0
0.0,0.09,1.0,0.0,0.0,0.44,27.89,1.0,0.09,0.27,13.38,0.46,0.09,5.51,2.82,0.0,1.27,1.09,1.92,0.91,1.0,0.1,0.0,93.47,0.94,0.0,0.09,1
0.0,0.9,1.1,0.0,0.0,5.4,74.67,1.0,0.9,2.7,6.6,1.18,0.9,55.75,1.1,0.0,4.1,1.9,2.07,0.3,1.1,1.02,0.0,15.88,0.96,0.0,1.1,1
0.0,0.7,1.0,0.0,0.0,0.0,19.3,1.0,0.0,0.3,4.7,0.85,0.0,0.0,1.7,0.0,3.0,1.0,9.42,0.6,1.0,0.14,0.0,6.0,0.91,0.0,0.0,0
1.29,5.7,1.0,0.0,7.63,4.58,51.54,1.0,0.0,0.0,0.64,0.5,5.15,0.0,1.0,0.0,2.07,1.0,4.98,2.0,3.0,1.09,0.64,6.0,0.97,0.0,1.0,0
2.64,0.0,1.0,0.82,1.64,8.0,114.19,1.0,1.82,1.0,3.82,1.33,1.0,61.35,1.0,0.0,8.72,1.18,4.31,1.64,1.0,0.58,0.0,6.0,0.97,0.0,1.0,0
17.01,0.0,1.0,2.0,15.61,4.0,156.22,2.6,0.0,6.6,10.2,0.32,1.4,87.81,2.6,0.0,2.8,1.0,4.18,1.0,1.4,1.43,0.0,79.83,0.75,0.0,3.2,1
0.0,0.0,0.94,0.47,0.0,1.88,66.2,1.0,0.94,0.0,7.53,1.12,0.0,0.0,3.77,0.94,8.48,0.94,2.51,0.0,0.94,0.68,0.0,6.0,0.95,0.0,0.94,0
0.0,4.59,1.0,0.69,0.0,1.53,68.25,1.69,0.0,0.69,6.24,1.59,0.0,29.14,2.77,0.31,2.61,0.69,2.4,0.0,0.69,0.17,0.0,126.01,0.98,0.0,1.31,1
3.5,0.21,1.1,3.09,0.0,28.05,449.8,1.0,1.75,5.55,12.6,4.08,0.51,9.87,0.1,4.49,13.53,0.62,3.65,0.9,0.1,0.17,0.0,43.02,0.95,0.0,2.31,1
0.0,0.0,0.63,19.49,0.0,3.16,58.67,1.0,0.0,2.1,3.16,1.06,0.0,37.93,1.63,0.0,2.63,1.0,1.9,0.0,1.26,0.27,0.0,7.84,0.83,0.0,1.1,0
0.0,0.95,1.0,2.43,0.0,6.48,108.68,1.0,0.0,0.76,7.29,2.09,2.43,92.39,0.19,0.81,4.24,0.19,3.82,1.0,0.19,0.0,0.0,6.0,0.96,0.0,1.62,0
4.22,1.95,1.0,1.05,5.27,1.58,38.09,1.0,0.0,1.42,0.53,0.59,2.64,73.38,1.0,0.0,1.05,1.0,2.42,1.53,1.0,0.97,0.0,7.58,0.71,0.0,0.53,0
2.76,21.68,1.0,0.59,0.0,7.83,326.93,1.0,1.17,10.1,4.14,1.09,1.41,85.48,1.83,0.59,19.1,2.0,6.2,0.41,0.41,0.98,0.0,6.83,0.97,0.0,1.83,1
15.93,0.56,1.0,4.87,0.0,0.0,133.04,2.77,0.0,3.98,11.95,2.0,0.44,41.61,2.89,0.56,3.33,2.0,4.31,2.79,1.56,0.37,0.0,20.61,0.81,0.0,0.44,1
0.71,0.0,1.0,0.0,0.71,3.73,29.02,1.0,0.0,0.0,1.29,2.77,1.29,0.0,2.14,0.29,1.29,0.71,1.72,0.71,1.71,0.0,0.0,40.17,0.96,0.0,0.29,0
0.36,0.0,1.36,0.0,0.72,4.32,37.37,1.0,0.0,1.28,3.28,1.17,1.44,31.99,1.0,0.0,0.36,1.0,2.32,0.64,1.0,1.01,0.0,6.0,0.99,0.0,0.36,0
0.0,0.5,0.5,26.69,0.0,2.98,65.58,1.0,0.0,2.51,1.49,0.76,0.99,12.41,2.49,0.0,8.95,1.0,2.36,0.5,0.5,0.33,0.0,8.52,0.77,0.0,2.5,0
0.0,0.54,1.0,0.92,1.46,5.38,42.75,1.0,0.0,1.54,3.92,0.63,1.61,62.87,3.08,0.46,8.07,1.0,3.46,0.54,1.0,0.45,0.0,7.08,0.94,0.0,0.54,0
0.0,1.85,1.0,0.0,0.15,15.09,150.61,1.0,1.7,2.0,4.7,0.78,2.15,70.96,4.0,0.0,15.85,1.0,4.74,0.15,1.0,1.52,0.0,6.3,0.97,0.0,1.0,0
0.54,1.63,5.88,4.34,2.98,13.51,190.29,1.0,1.46,1.46,5.19,0.93,3.8,54.12,2.46,0.0,8.64,1.0,4.9,1.27,1.27,1.27,0.0,22.46,0.84,0.0,2.81,1
0.54,0.0,1.0,0.54,5.92,2.15,71.52,3.69,2.69,0.92,11.77,0.53,0.54,60.68,2.0,7.54,3.31,1.54,5.04,0.0,0.54,0.42,0.0,184.55,0.52,0.0,0.92,1
0.0,0.72,1.0,2.16,2.16,6.44,160.94,1.0,2.16,0.0,14.23,1.06,0.72,69.78,3.12,6.04,5.6,1.72,3.97,0.28,1.28,0.9,0.0,6.0,0.96,0.0,1.44,0
1.81,0.0,1.0,4.82,3.01,5.1,94.17,1.6,0.0,0.6,8.71,1.2,0.3,28.01,3.0,0.3,4.1,1.3,1.93,0.3,1.7,0.46,0.0,49.32,0.48,0.0,1.0,1
0.0,0.76,1.0,0.0,0.73,0.73,30.99,1.0,0.24,0.76,7.79,0.76,0.0,45.48,2.0,0.0,4.0,1.76,2.82,0.0,1.0,0.51,0.0,6.0,0.78,0.0,0.0,0
0.0,3.81,1.63,5.08,0.0,3.17,63.87,1.0,0.0,2.0,5.46,0.91,0.0,69.37,2.0,1.27,4.73,1.0,3.52,0.63,0.63,0.36,0.0,6.73,0.86,0.0,1.37,0
32.27,1.95,1.95,28.47,0.0,10.44,1477.77,1.0,16.13,51.25,41.86,0.57,4.75,91.11,1.05,0.0,50.46,5.75,7.09,0.0,1.0,1.53,0.0,347.68,0.84,0.0,4.75,1
0.0,12.3,1.0,0.0,0.0,8.1,238.62,1.0,0.32,9.58,11.7,3.42,0.0,97.15,0.32,6.75,9.9,0.32,4.23,1.32,0.32,0.11,0.0,42.48,0.89,0.0,1.32,1
5.1,0.41,1.0,2.93,1.17,6.73,126.41,1.0,0.41,2.9,3.9,0.71,1.41,84.68,2.24,0.41,7.56,1.41,4.48,1.17,1.0,1.3,0.0,141.09,0.97,0.0,1.41,1
9.88,0.0,1.0,1.04,9.88,3.96,99.63,2.04,0.0,3.64,6.72,3.14,0.52,46.79,1.52,0.0,1.56,1.0,3.55,1.96,1.0,0.67,0.0,49.67,0.78,0.0,1.56,1
8.93,0.0,1.0,1.79,10.71,3.97,81.94,1.0,0.0,0.0,2.43,1.55,3.0,77.65,0.89,1.07,2.79,0.89,4.41,1.0,2.68,1.03,0.0,6.0,0.72,0.0,0.21,0
0.0,1.16,1.0,0.42,0.0,2.89,41.53,1.42,0.0,0.42,3.79,3.27,0.0,17.69,2.26,0.58,1.42,1.0,1.7,0.58,1.0,0.11,0.0,78.86,0.92,0.0,0.42,0
0.26,1.09,1.0,0.0,0.09,7.04,65.47,1.0,0.09,0.7,2.61,1.29,1.26,7.39,3.17,1.83,9.39,1.0,1.96,0.0,1.0,0.16,0.0,7.39,0.94,0.0,0.26,0
4.67,0.67,1.0,0.0,0.0,2.66,61.86,1.0,0.0,2.99,5.99,0.32,4.34,81.33,2.33,0.0,16.34,1.33,9.01,0.0,1.0,1.01,0.0,6.33,0.95,0.0,2.33,0
0.0,0.57,1.0,2.57,2.57,3.97,124.0,1.0,1.7,0.43,12.94,0.7,0.57,95.27,2.0,4.97,3.97,1.57,2.59,0.0,1.0,0.54,0.0,6.0,0.94,0.0,1.13,0
0.0,0.0,1.0,0.0,0.0,6.0,52.06,1.0,0.0,0.01,6.0,1.37,0.0,0.1,3.0,0.0,5.0,1.0,1.17,0.0,2.0,0.33,0.0,67.9,0.31,0.0,1.0,1
0.25,3.0,1.0,0.25,0.0,3.0,69.0,1.0,0.0,3.5,7.0,0.93,0.0,49.5,1.0,0.0,3.5,2.5,2.36,0.25,1.0,0.56,0.0,6.0,0.97,0.0,1.0,0
2.09,0.94,1.0,0.64,0.0,0.0,32.91,1.23,0.0,0.52,3.45,1.02,0.06,5.45,2.12,0.0,3.12,1.06,2.08,0.0,1.0,0.05,0.0,7.91,0.87,0.0,0.06,0
0.7,0.3,2.18,0.0,3.52,7.55,59.21,1.0,0.0,1.77,4.11,0.63,3.85,6.51,1.59,0.0,11.85,1.0,39.72,1.77,1.3,1.3,0.59,56.7,0.88,0.0,1.0,1
1.33,0.0,1.0,1.53,2.33,3.53,35.79,1.0,0.0,0.0,3.2,1.22,5.05,55.85,1.73,0.0,1.06,1.0,2.71,0.53,1.27,0.6,0.27,10.52,0.92,0.0,0.53,1
0.0,3.43,1.0,0.0,0.0,7.04,223.89,1.0,1.21,3.64,17.18,1.19,0.0,41.3,3.61,1.61,15.79,1.0,2.67,0.0,0.39,0.47,0.0,24.83,0.91,0.0,1.21,1
0.0,0.0,1.0,0.0,0.0,3.57,31.85,1.0,0.0,0.0,3.14,5.02,0.29,0.0,1.15,2.86,0.29,0.29,8.85,1.0,0.0,0.0,0.0,6.0,0.88,0.0,0.0,0
0.0,0.0,1.0,0.0,0.0,5.16,27.77,1.0,0.0,0.04,1.12,4.2,0.04,1.0,0.04,8.64,1.4,0.08,2.03,1.92,1.0,0.04,0.0,6.84,0.85,0.0,0.04,0
0.0,0.23,1.0,0.89,0.0,8.91,102.19,1.0,0.23,0.23,5.89,4.26,1.11,97.38,0.46,0.89,3.59,0.11,2.59,0.89,0.11,0.19,0.0,6.0,0.92,0.0,1.89,1
2.89,0.55,1.0,0.0,0.0,6.45,77.26,1.0,0.0,3.61,2.17,2.34,0.0,59.27,1.0,0.28,9.67,1.72,1.83,0.28,0.28,0.56,0.0,6.0,0.94,0.0,0.72,0
0.0,1.46,1.54,0.0,0.0,4.52,42.91,1.0,0.0,4.19,1.27,1.22,0.54,43.74,1.0,0.0,2.92,1.0,2.76,2.27,2.36,0.7,0.27,6.0,0.93,0.0,0.27,0
2.0,1.77,1.0,1.33,0.56,24.51,354.39,1.0,4.98,9.3,29.0,0.78,4.34,42.5,3.56,3.54,27.3,1.44,6.83,1.67,0.56,1.56,0.0,65.76,0.88,0.0,1.89,1
0.0,0.0,3.99,1.0,19.93,3.02,95.0,1.0,0.0,0.0,19.95,0.25,2.99,65.12,1.0,0.0,3.0,1.0,4.89,1.0,1.0,1.9,0.0,59.82,0.87,0.0,2.0,0
0.0,0.0,1.3,0.0,0.0,3.43,31.07,1.0,0.0,0.7,3.0,0.91,1.39,22.99,2.0,0.0,5.7,1.0,4.43,2.3,2.0,1.41,0.0,35.73,0.92,0.0,0.61,1
4.51,1.75,1.0,0.0,0.0,0.0,30.23,1.0,0.0,1.75,3.5,0.55,4.51,81.5,1.75,0.25,13.26,1.0,9.65,0.0,1.0,0.8,0.0,6.0,0.92,0.0,1.5,0
0.8,0.0,1.0,0.8,8.84,5.57,120.59,5.02,4.02,0.0,13.23,3.05,1.39,65.08,1.61,13.21,1.0,1.61,5.31,0.2,0.8,0.48,0.0,271.16,0.49,0.0,0.39,1
0.0,0.17,1.83,0.0,0.0,9.0,52.17,1.0,0.0,0.68,3.17,1.64,0.51,10.24,2.0,0.34,5.51,1.0,4.45,2.66,1.83,0.51,0.0,87.27,0.88,0.0,2.0,0
0.0,1.0,1.0,0.0,0.4,9.4,77.69,1.0,0.0,3.19,3.6,1.13,3.0,50.69,2.81,1.19,10.83,1.0,4.35,1.0,1.0,0.68,0.0,6.81,0.91,0.0,1.6,1
0.58,0.01,1.01,0.15,0.02,5.16,63.91,1.0,0.32,0.31,1.55,6.13,0.11,1.1,1.02,0.01,0.61,1.0,3.06,2.96,1.0,0.02,0.0,6.0,0.87,0.0,0.02,0
0.21,0.0,1.0,0.0,0.0,6.64,81.17,1.0,0.64,9.65,6.85,0.42,1.0,66.12,3.0,0.21,8.62,1.21,9.92,0.0,1.57,0.75,0.0,6.0,0.9,0.0,1.79,0
1.0,0.0,1.0,0.0,0.0,2.06,72.71,1.0,0.0,6.92,9.57,0.44,1.03,70.83,2.03,0.0,11.25,1.0,4.19,0.49,1.0,0.9,0.0,6.0,0.81,0.0,1.0,0
2.14,0.0,1.0,0.0,0.38,4.38,114.24,1.76,0.0,5.51,11.24,0.7,1.24,69.92,3.38,0.0,13.19,1.38,4.19,0.38,1.0,0.85,0.0,196.81,0.9,0.0,0.62,1
1.37,4.12,13.37,11.0,7.56,22.87,327.73,1.0,0.0,0.0,2.37,1.46,9.62,57.73,0.69,2.81,3.75,0.69,9.81,2.0,1.69,2.48,0.0,16.31,0.77,0.0,3.44,1
0.0,1.34,0.45,29.37,0.0,0.0,50.25,1.0,0.0,3.55,0.0,1.03,0.0,29.42,1.0,0.0,1.11,1.0,0.45,0.45,0.45,0.0,0.0,8.77,0.56,0.0,1.66,0
0.66,0.0,1.67,0.0,0.0,7.33,104.62,1.0,0.0,2.33,6.66,0.79,3.0,27.26,2.33,0.0,10.33,2.67,4.26,0.0,0.33,1.36,0.0,6.33,0.94,0.0,1.66,0
0.0,0.0,1.0,1.76,0.0,8.76,132.29,1.0,0.0,0.0,2.88,4.09,0.37,87.76,2.0,2.63,5.0,1.88,2.77,0.12,2.49,0.62,0.0,48.12,0.52,0.0,2.63,1
0.0,0.0,1.0,0.0,0.47,4.69,80.48,1.0,0.16,1.69,8.22,1.04,0.0,27.86,2.84,0.0,9.07,1.0,2.66,0.0,1.0,0.46,0.0,6.0,0.97,0.0,0.84,0
0.0,1.35,1.0,0.0,0.0,4.55,68.12,1.0,0.0,1.45,4.4,1.57,0.0,60.75,1.85,0.0,2.7,1.0,3.15,0.45,1.85,0.36,0.0,6.0,0.95,0.0,0.15,0
2.63,0.12,1.0,0.88,1.75,7.02,114.55,1.0,1.75,0.88,3.51,1.66,0.88,57.87,1.12,0.12,7.26,1.12,4.61,2.37,1.12,0.4,0.0,6.0,0.97,0.0,0.88,0
7.5,0.25,1.0,17.99,8.25,6.75,125.44,1.0,0.0,0.0,1.25,0.72,1.5,71.21,1.25,0.0,1.5,1.0,3.64,0.75,1.0,1.15,0.75,9.75,0.89,0.0,0.0,1
0.0,0.0,1.0,0.0,0.0,1.67,59.73,1.0,0.83,0.33,7.17,0.95,0.17,5.46,3.67,0.83,7.51,1.0,2.56,0.33,1.17,0.74,0.0,15.1,0.97,0.0,0.83,1
0.0,0.0,1.0,0.0,0.0,5.46,37.87,1.0,0.0,0.0,3.28,2.98,0.0,0.0,1.37,4.89,2.83,0.46,1.62,1.09,1.46,0.15,0.0,34.3,0.6,0.0,0.46,0
0.0,3.86,1.0,1.71,0.0,5.43,205.42,1.0,0.0,1.71,13.57,5.31,0.0,84.99,0.43,1.71,1.0,0.43,4.97,1.29,0.43,0.0,0.0,6.0,0.98,0.0,1.0,0
0.0,0.0,1.61,0.0,0.0,5.46,34.39,1.0,0.0,0.79,3.0,1.28,0.39,12.97,2.0,0.0,3.03,1.0,3.62,2.61,2.0,0.62,0.0,87.1,0.93,0.0,1.21,1
5.43,1.0,3.19,0.91,0.0,11.47,308.47,1.0,1.81,7.81,10.15,0.68,2.14,71.79,2.09,0.0,13.76,1.91,6.0,0.57,1.09,2.03,0.19,137.27,0.83,0.0,2.81,1
0.0,0.0,1.0,0.0,0.0,6.15,80.31,1.0,0.0,5.56,7.56,0.96,1.07,62.98,2.78,0.07,7.56,0.93,5.12,0.93,1.0,0.93,0.0,6.0,0.97,0.0,1.0,0
0.0,3.21,1.0,0.0,0.0,1.79,41.93,1.0,0.0,3.29,3.21,0.67,0.0,50.36,1.71,0.0,4.21,1.0,2.58,0.64,1.0,0.19,0.0,6.0,0.93,0.0,0.36,0
0.0,0.0,0.23,14.37,0.45,0.0,33.47,1.0,0.0,0.23,1.13,1.48,0.0,21.08,0.45,0.23,0.0,0.23,0.18,0.0,0.23,0.0,0.0,6.0,0.92,0.0,0.0,0
1.78,0.0,1.0,0.0,3.69,4.78,63.97,1.0,0.0,1.31,4.48,0.89,0.0,21.42,1.0,0.0,9.31,1.26,37.99,0.0,0.74,0.57,0.0,59.2,0.93,0.0,1.0,1
3.05,0.0,1.0,1.22,0.0,4.61,67.16,1.0,3.05,0.61,1.78,1.56,2.22,40.27,3.22,0.0,4.27,1.0,1.72,0.0,0.61,0.8,0.0,15.15,0.93,0.0,0.61,1
0.88,0.12,1.0,0.0,0.0,1.59,44.52,1.0,0.0,3.53,6.17,1.0,0.0,52.04,2.0,0.0,7.06,1.0,3.65,1.12,1.0,0.79,0.0,6.0,0.96,0.0,0.88,0
0.0,1.1,1.0,0.0,0.0,12.49,73.17,1.0,0.0,7.28,3.23,0.67,3.59,27.25,2.79,0.1,19.94,1.1,10.04,0.9,1.9,1.81,0.0,8.69,0.97,0.0,1.9,1
0.46,1.07,1.0,0.0,0.0,6.86,92.35,1.0,1.39,0.46,4.65,3.13,0.46,39.51,1.93,1.0,10.76,1.46,1.86,0.54,0.54,0.35,0.0,6.0,0.82,0.0,0.46,0
0.22,0.0,1.0,0.22,0.07,4.7,33.0,1.0,0.0,0.0,1.15,5.84,0.0,6.51,1.0,0.0,0.07,1.0,2.94,2.78,1.0,0.06,0.0,6.0,0.87,0.0,0.07,0
0.0,0.93,1.0,0.0,0.0,3.79,34.0,1.0,0.0,0.0,2.0,1.93,0.0,0.0,3.0,0.93,0.0,1.0,0.42,0.07,1.07,0.0,0.0,6.0,0.89,0.0,0.0,0
6.88,0.0,3.23,14.19,7.43,13.01,250.22,1.0,0.45,0.45,6.8,0.61,4.23,93.66,1.0,0.0,3.23,1.0,5.22,1.0,1.45,1.95,0.55,18.14,0.93,0.0,1.34,1
0.07,0.0,1.0,2.78,0.36,7.71,124.43,1.0,0.0,0.0,8.71,2.33,2.78,92.77,0.07,0.93,5.22,0.07,7.48,0.93,0.07,0.04,0.0,11.2,0.97,0.0,1.93,0
2.1,1.4,1.0,0.0,0.7,12.6,224.47,1.0,0.7,5.9,9.6,0.59,2.8,59.52,3.8,0.0,32.41,1.0,11.56,0.6,1.0,1.42,0.0,17.2,0.98,0.0,2.1,1
2.54,0.0,1.0,1.36,3.54,5.59,38.41,1.0,0.0,0.0,1.0,0.27,7.32,10.19,1.0,0.0,1.27,1.0,5.88,1.73,2.59,1.76,0.86,6.0,0.97,0.0,0.86,0
0.0,3.25,1.0,1.05,0.0,2.8,89.68,1.0,0.0,2.6,8.04,2.54,0.0,73.99,0.65,1.05,1.0,0.65,3.68,0.65,0.65,0.0,0.0,6.0,0.93,0.0,0.35,0
0.0,0.45,0.45,0.0,0.0,19.63,43.95,1.0,0.0,0.0,0.0,8.61,0.0,0.0,0.0,1.0,0.45,0.0,1.34,1.34,0.45,0.0,0.0,6.0,0.88,0.0,0.0,0
0.0,0.0,1.0,0.0,0.0,0.0,15.33,1.0,0.0,2.0,7.73,0.28,0.0,36.78,1.95,0.0,5.67,1.05,4.07,0.05,0.05,0.38,0.0,7.89,0.66,0.0,1.89,0
0.0,0.22,1.0,0.0,0.0,6.0,51.67,1.0,0.0,9.33,4.67,0.97,0.78,47.45,2.78,0.0,3.89,1.0,9.65,0.44,1.78,0.58,0.0,6.0,0.95,0.0,1.56,0
0.0,0.03,1.0,0.0,0.0,17.71,145.8,1.0,0.0,1.95,5.84,1.16,2.92,39.91,0.97,0.03,15.6,1.95,4.78,2.03,2.95,1.46,0.0,6.0,0.98,0.0,0.97,0
0.0,0.0,1.0,0.0,0.0,0.19,19.28,1.0,0.0,3.94,3.71,0.3,0.94,34.8,1.0,0.0,0.71,2.0,4.49,3.74,1.87,1.56,0.0,6.0,0.93,0.0,0.13,0
1.0,0.15,1.0,7.3,14.45,6.7,175.5,1.0,1.8,2.25,13.6,1.11,0.0,79.5,1.0,0.85,1.6,1.0,109.6,1.0,1.0,1.77,0.0,6.0,0.96,0.0,1.0,0
0.0,0.99,1.0,0.0,0.01,5.98,41.92,1.0,0.0,0.01,2.01,1.35,1.0,0.36,2.99,1.99,5.97,1.0,1.67,0.01,1.0,0.01,0.0,6.48,0.94,0.0,0.0,0
4.64,0.22,1.11,3.31,0.0,2.1,213.54,1.0,1.88,9.52,11.08,0.68,0.55,63.08,1.89,0.0,12.97,1.55,4.26,0.89,1.0,0.98,0.0,45.73,0.94,0.0,1.44,0
0.0,0.0,1.0,0.15,0.0,1.02,25.88,1.0,0.0,3.42,6.12,1.25,0.0,75.24,2.71,0.15,1.0,1.0,3.97,2.88,1.0,0.0,0.0,6.0,0.92,0.0,0.0,0
4.74,1.05,1.0,7.9,5.53,2.37,36.16,1.0,0.0,0.84,0.79,0.26,2.37,71.85,1.0,0.0,2.58,1.0,4.61,0.21,0.21,2.19,0.0,6.0,0.94,0.0,0.0,0
4.86,0.0,1.0,2.92,5.84,5.03,49.96,1.0,0.0,0.16,1.19,0.09,18.51,71.89,1.05,0.0,4.11,1.0,4.68,1.97,1.97,2.22,0.97,22.53,0.96,0.0,1.97,0
0.33,0.0,0.33,0.0,0.0,0.0,27.33,1.0,0.0,3.27,2.29,6.17,0.0,25.2,0.33,0.67,0.65,0.33,0.98,0.33,0.33,0.26,0.0,6.0,0.78,0.0,0.33,0
0.0,0.24,1.0,0.0,0.0,3.06,25.14,1.0,0.0,0.24,4.54,0.37,3.82,2.6,1.76,0.0,22.04,1.24,40.12,39.95,20.86,0.81,0.76,6.0,0.93,0.0,1.0,0
0.03,0.3,0.03,0.03,0.0,0.0,27.15,1.0,0.0,0.13,0.03,8.78,0.0,1.67,0.03,0.97,0.13,0.03,0.1,0.03,0.03,0.04,0.0,6.0,0.85,0.0,0.03,0
0.56,0.0,1.0,0.72,0.0,2.23,78.82,1.72,0.0,2.67,9.28,0.71,0.28,53.13,3.72,0.0,5.62,1.28,2.81,0.0,1.0,0.6,0.0,131.13,0.96,0.0,1.56,1
0.0,4.99,1.8,6.39,0.0,4.8,79.69,1.0,0.0,1.6,3.19,2.3,0.0,70.25,2.2,1.8,3.19,1.0,2.68,1.0,1.0,0.27,0.0,6.0,0.95,0.0,0.8,0
11.65,0.0,1.0,3.56,0.0,6.09,131.16,2.29,0.0,3.59,11.44,0.84,1.0,47.33,1.97,0.0,9.06,2.0,2.97,0.0,1.0,0.94,0.0,30.88,0.79,0.0,1.0,1
0.0,1.36,1.0,0.0,0.0,5.42,117.84,1.0,0.0,1.97,11.74,1.71,0.0,31.02,1.64,0.68,1.68,1.68,2.16,0.64,1.0,0.07,0.0,6.0,0.96,0.0,0.68,0
0.96,1.32,1.0,0.0,0.32,5.74,115.16,1.0,0.32,3.23,9.0,0.43,1.28,67.97,2.96,0.0,17.07,1.68,3.45,0.0,1.0,1.04,0.0,11.1,0.81,0.0,0.96,1
0.0,0.75,1.0,0.0,0.0,10.45,54.85,1.0,0.0,5.96,2.25,0.56,3.24,21.61,3.0,0.0,17.16,1.0,8.45,1.0,2.0,1.49,0.0,9.76,0.95,0.0,1.75,1
0.0,2.82,1.0,0.0,0.0,4.1,99.77,1.0,0.0,3.78,12.75,1.19,0.0,67.12,0.84,0.31,10.53,1.69,1.9,0.16,0.0,0.84,0.0,14.15,0.94,0.0,1.84,1
0.0,0.0,1.49,0.16,3.25,3.84,43.09,1.0,0.0,0.0,5.77,2.8,1.33,10.57,1.84,0.0,0.49,1.0,0.8,0.16,0.16,0.31,0.0,14.78,0.89,0.0,0.33,0
0.86,2.43,1.43,0.0,0.0,4.43,44.54,1.0,0.14,5.42,3.99,4.46,0.0,13.4,1.0,1.0,1.86,1.14,1.99,0.86,1.0,0.18,0.0,8.28,0.82,0.0,0.43,0
0.0,1.58,1.79,0.0,0.0,7.17,187.92,1.0,0.79,0.62,16.92,0.73,1.58,9.15,2.58,0.0,14.09,1.42,2.52,0.79,1.0,1.48,0.0,6.0,0.98,0.0,1.79,1
0.0,0.85,0.85,8.13,0.0,0.0,31.28,1.0,0.0,1.46,7.62,0.41,0.0,50.8,1.85,0.0,3.69,1.85,2.29,0.0,0.85,0.56,0.0,6.77,0.71,0.0,0.46,0
1.09,3.28,11.29,8.74,6.01,21.02,274.49,1.0,0.0,0.0,3.0,0.84,7.65,45.9,1.45,0.0,5.0,1.0,9.42,2.45,2.0,2.2,0.0,58.65,0.8,0.0,3.64,1
2.95,0.0,1.35,3.24,9.14,4.21,49.24,1.0,0.0,11.68,29.25,0.5,1.4,60.33,1.0,0.0,1.65,1.65,6.0,0.65,1.0,1.44,0.0,19.62,0.95,0.0,1.65,1
0.0,12.05,1.0,0.59,0.0,5.59,102.69,1.0,0.0,0.0,1.77,3.45,0.59,19.69,0.0,1.0,4.2,0.0,2.26,0.2,0.0,0.0,0.0,6.0,0.95,0.0,2.0,0
6.46,0.0,1.81,3.23,6.46,4.15,80.4,1.0,0.0,0.81,6.85,0.41,1.77,75.15,1.77,0.0,15.23,1.81,4.88,0.58,1.19,1.22,0.0,27.2,0.49,0.0,2.0,1
0.0,0.94,1.0,0.0,0.0,5.63,25.94,1.0,0.0,0.25,0.43,3.09,0.0,4.38,2.06,0.0,0.06,1.0,2.08,2.0,1.0,0.0,0.0,6.0,1.0,0.0,0.0,0
0.0,1.01,1.0,0.0,0.0,8.97,86.61,1.0,0.0,3.97,3.97,1.5,2.98,59.58,1.99,1.99,7.95,1.0,3.38,1.0,1.0,0.57,0.0,6.0,0.87,0.0,1.99,0
0.0,0.0,1.0,0.0,0.0,5.0,50.48,1.0,0.0,0.83,4.32,2.88,0.0,13.69,1.24,5.27,4.73,0.41,2.23,1.17,1.0,0.23,0.0,6.0,0.9,0.0,0.41,0
1.76,2.17,1.0,0.0,0.0,6.9,88.49,1.0,0.0,11.7,9.19,0.5,2.0,51.49,3.41,0.0,16.44,2.17,4.27,0.83,1.41,1.38,0.0,7.17,0.97,0.0,1.17,1
3.31,4.62,1.0,0.23,2.53,0.92,46.1,2.15,1.92,3.08,15.0,0.34,0.23,76.38,1.23,3.99,7.93,2.0,3.95,0.0,0.23,0.1,0.0,84.28,0.73,0.0,1.54,0
1.47,0.71,1.0,0.0,0.0,1.71,65.49,1.0,0.0,7.79,8.9,0.61,0.47,65.88,2.24,0.0,11.08,1.47,4.1,0.76,1.0,1.12,0.0,6.47,0.96,0.0,1.24,0
0.0,2.0,1.0,0.0,0.0,2.65,24.9,1.0,0.0,1.41,0.47,3.03,0.0,15.48,1.47,0.53,1.94,1.0,1.47,1.0,1.0,1.09,0.0,6.47,0.88,0.0,0.0,0
1.61,0.0,1.0,0.0,5.0,4.41,113.89,2.83,2.44,1.42,9.26,0.81,0.0,14.21,1.81,0.61,8.2,1.0,40.83,0.0,0.8,0.48,0.0,225.36,0.92,0.0,1.2,1
1.0,0.0,1.0,0.0,0.0,1.05,47.29,1.0,0.0,3.99,7.0,0.7,0.01,58.95,2.0,0.0,8.02,1.0,3.88,1.0,1.01,0.9,0.0,6.0,0.96,0.0,1.0,0
0.6,0.0,1.0,0.0,3.0,6.4,49.0,1.0,0.0,0.0,3.8,2.17,0.0,0.0,1.0,0.4,6.0,1.0,31.02,0.4,0.6,0.3,0.0,49.23,0.91,0.0,0.6,0
1.73,1.31,1.35,0.0,0.0,14.46,101.35,1.0,0.0,5.85,3.69,0.96,2.65,79.31,2.96,1.96,11.23,1.0,6.6,2.31,1.0,1.36,0.0,11.54,0.91,0.0,1.65,1
0.23,0.77,1.0,0.0,0.0,6.68,57.06,1.0,0.68,0.23,2.27,2.69,0.23,19.27,2.23,0.23,4.99,1.23,2.19,1.55,0.77,0.17,0.0,6.0,0.95,0.0,0.23,0
1.55,1.12,1.0,23.31,0.0,11.33,1035.2,1.0,71.15,3.67,7.58,0.36,13.99,85.09,4.0,0.45,32.22,1.0,6.17,0.0,0.0,1.33,0.0,12.91,0.98,0.0,0.45,1
0.0,0.0,1.0,0.0,0.68,3.64,47.11,1.0,0.0,0.0,4.4,1.89,1.36,0.0,2.72,2.87,1.68,0.68,2.0,0.64,1.68,0.68,0.0,127.19,0.81,0.0,0.68,1
1.28,0.37,1.0,0.0,0.0,8.89,145.41,1.0,0.07,6.09,11.21,0.75,1.96,72.37,2.98,0.04,15.12,2.02,4.68,0.98,1.0,1.76,0.0,18.88,0.93,0.0,3.04,1
0.04,1.93,2.93,0.0,0.04,13.57,51.1,1.0,0.0,0.0,0.04,1.01,2.93,0.0,2.04,0.0,11.6,1.0,10.16,6.78,2.96,2.65,1.93,7.73,0.95,0.0,0.0,0
2.04,1.32,1.34,0.34,0.68,12.26,144.58,1.0,2.0,1.32,5.34,0.68,2.34,79.72,4.0,0.0,10.9,1.0,3.59,0.0,1.34,1.7,0.0,83.88,0.89,0.0,1.34,1
0.0,8.58,1.14,1.13,0.0,2.42,169.3,1.0,0.0,3.72,1.42,3.74,0.0,68.25,1.14,0.28,1.42,1.0,3.87,2.72,1.0,0.05,0.0,6.0,0.98,0.0,1.0,0
0.0,0.0,2.42,0.0,0.0,10.8,67.87,1.0,0.0,1.42,2.29,1.73,1.71,0.0,1.58,0.0,0.87,1.0,2.42,2.42,4.84,1.84,0.71,7.75,0.95,0.0,1.0,0
0.0,0.96,1.0,0.0,0.0,5.92,41.64,1.0,0.0,0.0,2.04,1.43,1.0,0.0,2.96,1.92,5.76,1.0,1.6,0.0,0.96,0.0,0.0,6.0,0.93,0.0,0.0,0
1.0,0.0,1.0,0.0,0.0,8.99,162.4,1.0,2.99,1.0,9.96,0.78,1.0,84.58,3.0,1.0,21.92,2.0,2.85,0.0,0.0,0.75,0.0,6.0,0.77,0.0,1.0,0
0.43,0.0,1.0,0.0,0.0,7.39,74.32,1.0,0.0,1.74,6.35,2.66,0.87,28.27,1.87,0.57,10.39,1.0,3.16,0.57,0.43,0.43,0.0,6.0,0.94,0.0,0.43,0
10.95,11.75,2.65,7.65,3.6,0.55,97.18,3.25,0.55,30.8,15.84,0.13,0.0,94.45,1.9,1.45,6.55,1.55,6.45,0.45,0.55,1.05,0.0,15.25,0.74,0.0,2.55,1
1.0,0.23,1.77,2.07,1.54,10.39,80.57,1.0,2.76,3.45,1.54,1.14,3.08,20.22,1.0,0.0,1.92,1.0,4.66,0.23,1.0,2.4,0.0,6.0,0.92,0.0,1.0,0
0.0,4.88,1.0,0.0,0.0,8.91,340.26,1.0,2.07,5.93,26.51,0.72,0.02,68.23,3.93,2.26,25.46,1.05,4.85,0.0,0.0,0.78,0.0,36.28,0.92,0.0,1.95,1
0.0,0.0,3.97,1.4,19.85,2.98,94.86,1.0,0.0,0.03,19.85,0.24,2.98,64.5,1.0,0.0,2.99,1.0,4.86,0.99,0.99,1.89,0.0,59.63,0.87,0.0,2.01,0
0.0,2.83,1.0,0.0,0.71,7.17,356.73,1.0,4.24,0.0,38.04,2.02,0.0,0.0,1.0,9.48,7.95,2.41,2.8,0.29,0.0,0.21,0.0,13.07,0.96,0.0,0.71,1
1.37,0.0,1.0,1.37,0.46,3.17,52.58,1.0,0.0,0.0,2.46,1.59,0.0,40.28,3.71,0.54,1.54,1.0,3.16,0.54,1.54,0.75,0.0,6.0,0.95,0.0,0.46,0
2.97,2.0,1.0,0.0,0.99,17.86,308.89,1.0,0.99,7.91,8.9,0.74,3.96,84.06,4.96,0.01,44.51,1.0,5.02,0.01,1.0,1.8,0.0,21.82,0.96,0.0,2.97,1
0.0,3.23,1.0,0.0,0.0,0.19,43.64,1.0,0.0,3.23,2.0,1.98,0.0,67.12,1.38,0.81,1.62,1.0,2.58,0.19,1.19,0.72,0.0,6.0,0.7,0.0,0.0,0
0.27,2.92,1.0,0.0,0.73,4.37,362.69,1.0,4.37,2.71,40.54,0.88,0.0,20.85,1.0,9.48,7.83,2.46,3.24,0.27,0.27,0.43,0.0,13.29,0.89,0.0,1.0,1
0.0,0.0,1.0,0.0,0.0,3.5,27.5,1.0,0.0,0.38,1.75,4.74,1.38,12.4,3.25,3.12,2.88,1.0,2.25,1.38,0.75,0.68,0.0,6.0,0.89,0.0,0.0,0
0.0,5.89,1.0,0.0,17.9,4.53,122.12,1.0,0.0,0.0,12.0,0.74,0.63,0.0,1.0,0.0,8.42,1.0,3.91,1.37,1.74,0.9,0.0,6.0,0.98,0.0,1.0,0
0.69,1.86,1.0,0.0,0.0,4.97,38.92,1.0,0.17,0.69,4.23,1.15,0.83,12.85,2.66,1.83,6.69,1.17,1.97,0.0,0.83,0.0,0.0,6.51,0.92,0.0,0.34,0
0.4,0.0,1.0,0.0,0.6,14.79,125.94,1.0,0.0,1.6,5.0,0.83,4.0,32.78,1.0,0.0,12.99,1.8,5.07,2.0,3.0,1.52,0.2,6.0,0.98,0.0,1.0,0
0.0,0.0,1.21,0.0,0.79,3.84,63.55,1.0,0.0,0.0,5.79,0.74,2.42,0.0,3.58,0.0,3.27,1.42,2.59,0.0,1.58,1.06,0.0,146.4,0.83,0.0,1.0,1
0.0,0.0,3.73,1.09,18.18,3.55,99.64,1.0,0.0,0.0,18.45,0.62,2.73,68.18,1.09,0.27,3.18,1.09,4.7,0.91,1.09,1.79,0.0,59.45,0.83,0.0,2.09,0
0.49,0.49,1.0,0.0,0.0,6.44,112.53,1.0,0.49,3.46,4.97,1.32,0.99,39.58,3.49,0.49,6.93,1.49,3.77,0.51,1.51,0.72,0.0,7.98,0.83,0.0,0.99,1
0.28,12.65,1.0,0.0,11.53,2.84,67.63,1.0,0.0,0.28,0.0,0.8,0.0,22.33,1.28,0.0,3.44,1.0,2.87,1.72,2.72,0.48,0.0,6.0,0.97,0.0,1.0,0
6.45,0.0,1.0,1.43,1.43,5.73,99.55,1.0,0.0,4.72,4.13,0.44,2.15,76.73,4.43,0.0,1.72,1.0,4.28,1.28,2.43,1.43,0.0,29.66,0.94,0.0,2.87,1
4.32,4.44,3.16,0.0,0.0,2.4,192.22,1.0,3.53,34.91,29.96,0.29,0.28,94.28,1.0,1.0,11.21,2.0,7.94,0.0,0.72,1.21,0.0,17.51,0.67,0.0,2.44,1
1.93,0.07,1.0,0.0,0.97,38.65,223.01,1.0,0.97,0.17,1.97,0.91,6.76,2.08,3.9,0.0,17.52,1.0,8.39,2.97,1.0,2.21,0.0,6.0,0.9,0.0,0.97,1
3.45,0.57,1.0,0.0,0.0,0.0,21.45,1.0,0.0,1.43,3.57,0.31,3.87,60.57,2.0,0.0,9.76,1.0,7.69,0.85,1.43,0.78,0.0,29.41,0.99,0.0,1.15,0
3.51,0.0,1.16,4.18,11.19,1.98,43.27,1.0,0.0,15.04,37.09,0.28,0.66,77.69,1.0,0.0,1.84,1.84,6.39,0.84,1.0,1.05,0.0,23.54,0.95,0.0,1.84,1
12.29,0.68,1.0,9.65,0.0,3.39,162.13,2.29,8.13,13.06,8.71,0.64,0.32,89.94,1.97,0.0,5.0,1.32,4.26,0.68,1.0,0.99,0.0,16.64,0.77,0.0,1.0,1
5.44,0.0,1.0,0.57,1.29,5.86,117.59,2.43,0.0,7.14,7.99,0.79,0.86,78.29,4.29,0.0,2.0,1.71,3.02,1.0,1.57,1.01,0.0,374.76,0.81,0.0,1.15,1
0.0,0.0,0.47,28.12,0.0,3.29,56.81,1.0,0.0,2.12,0.94,0.82,1.41,0.0,1.47,0.0,3.41,1.0,1.64,0.47,2.82,0.35,0.0,8.65,0.77,0.0,1.59,0
0.0,1.0,1.0,0.0,0.0,1.89,37.08,1.0,0.0,0.0,0.2,3.07,0.0,0.0,2.0,1.0,3.1,2.0,5.3,5.2,2.0,0.12,0.0,6.0,0.9,0.0,0.2,0
0.0,0.99,1.0,0.0,0.0,0.09,19.21,1.0,0.0,0.0,2.0,1.09,0.0,0.0,1.99,0.01,3.0,1.0,2.0,0.01,0.99,0.0,0.0,6.0,0.88,0.0,0.0,0
1.92,6.49,4.2,1.28,1.92,15.11,330.34,1.0,0.64,3.53,11.11,2.01,4.47,94.89,0.64,0.72,6.72,0.64,4.92,1.0,1.28,1.57,0.0,38.18,0.93,0.0,2.28,1
3.97,0.03,1.0,4.97,12.91,0.0,37.87,1.0,0.0,17.91,43.71,0.09,0.0,92.78,1.0,0.0,1.99,1.99,6.7,1.0,1.0,0.7,0.0,26.86,0.94,0.0,1.99,1
0.69,0.63,1.63,0.0,0.69,5.77,107.19,1.0,1.26,0.63,4.14,1.53,1.63,16.35,3.94,0.0,8.23,1.0,2.09,0.69,1.69,0.45,0.0,38.91,1.0,0.0,0.63,1
0.0,0.0,1.0,0.0,0.0,5.0,57.5,1.0,0.0,0.51,3.8,1.59,0.0,8.48,5.23,0.74,4.05,1.0,3.63,0.74,1.74,0.7,0.0,6.0,0.95,0.0,0.26,0
0.56,0.56,1.0,5.0,0.0,3.22,73.83,1.0,6.67,8.34,0.89,1.21,0.0,48.94,1.89,0.0,2.78,1.0,3.25,1.0,1.44,0.59,0.0,6.0,0.75,0.0,0.56,0
0.0,12.85,1.0,0.91,0.91,9.09,254.49,1.0,0.91,5.58,9.94,3.38,0.3,99.09,0.61,3.82,7.7,0.61,2.68,0.7,0.3,0.29,0.0,42.24,0.88,0.0,1.3,0
0.49,0.0,1.0,0.0,0.51,1.54,42.9,1.0,0.0,4.86,6.49,0.55,1.03,37.43,2.54,0.0,2.0,1.0,2.49,0.49,1.51,0.9,0.0,97.48,0.71,0.0,1.0,1
0.0,0.67,1.0,0.0,0.0,0.0,20.71,1.0,0.0,1.98,7.04,0.3,0.33,51.16,1.67,0.0,2.69,2.0,3.34,1.31,1.33,0.97,0.0,6.0,0.8,0.0,0.0,0
0.24,0.0,0.12,46.68,0.12,4.77,95.25,1.0,0.12,3.52,0.24,0.95,0.83,0.0,1.36,0.0,3.91,1.0,1.03,0.36,0.12,0.27,0.0,10.4,0.66,0.0,2.76,0
2.36,3.54,1.0,0.0,0.0,4.91,64.52,1.0,0.59,2.36,11.32,5.15,1.23,44.3,0.59,4.68,6.32,1.18,3.52,0.41,0.0,0.27,0.0,7.77,0.88,0.0,2.0,0
0.02,0.98,1.0,0.0,0.0,43.13,66.87,1.0,0.0,0.15,0.25,7.94,0.05,1.8,0.07,0.98,1.35,0.05,3.04,2.95,1.0,0.04,0.0,6.05,0.93,0.0,0.07,0
0.0,6.39,1.0,0.29,0.0,3.45,138.21,1.0,0.0,2.84,1.0,4.22,0.0,75.15,1.0,0.29,1.0,1.0,5.16,4.45,1.0,0.0,0.0,6.0,0.95,0.0,0.71,0
4.12,0.0,1.0,6.11,10.31,5.22,134.26,1.0,0.0,0.0,9.31,0.91,0.45,82.46,1.0,0.55,1.89,1.0,72.46,1.45,1.0,1.58,0.0,107.7,0.98,0.0,1.0,1
1.57,3.37,1.0,3.76,1.72,1.41,66.56,1.0,0.0,3.37,1.84,1.82,0.31,84.88,1.0,0.84,1.84,1.0,3.04,0.16,1.0,0.99,0.16,6.78,0.73,0.0,0.0,0
12.29,8.24,1.0,7.0,6.24,1.18,70.24,3.06,0.0,9.06,6.29,0.15,2.94,39.12,2.41,0.82,10.71,1.0,5.01,1.0,1.18,1.45,0.0,6.41,0.99,0.0,1.41,0
0.0,2.39,2.21,0.0,0.0,8.49,38.23,1.0,0.0,1.18,0.0,1.04,1.82,25.96,1.61,0.0,7.28,1.0,6.76,4.64,2.21,1.67,1.21,6.0,0.77,0.0,0.0,0
8.99,0.0,1.0,2.0,2.0,8.0,129.13,1.0,0.0,4.99,3.03,0.35,3.0,79.03,4.99,0.0,2.0,1.0,4.67,1.0,3.0,2.0,0.0,38.96,0.95,0.0,4.0,1
15.02,0.85,1.42,12.74,0.0,9.85,754.65,1.0,8.95,23.51,24.44,0.68,2.7,89.67,2.15,0.58,35.17,3.7,4.77,0.0,0.42,1.12,0.0,158.9,0.8,0.0,2.7,1
0.0,0.79,1.0,0.0,0.0,10.27,53.76,1.0,0.0,6.74,2.42,0.63,3.16,33.41,2.58,0.0,17.38,1.0,8.9,1.0,1.79,1.58,0.0,8.37,0.97,0.0,1.58,1
0.0,2.77,1.0,0.0,0.0,0.7,18.79,1.0,0.0,2.77,0.16,1.1,0.39,60.85,1.31,0.0,0.94,1.0,1.47,1.16,1.08,0.06,0.0,6.08,0.52,0.0,0.16,0
1.31,2.54,1.0,0.0,0.0,12.23,92.39,1.0,0.31,8.23,7.86,0.48,3.69,33.94,2.92,0.15,22.0,1.15,10.7,0.92,1.92,1.94,0.0,56.06,0.92,0.0,2.23,1
0.9,0.0,1.0,0.0,0.31,8.38,66.76,1.0,1.0,3.59,3.1,0.55,2.69,39.47,3.79,0.0,12.97,1.0,6.43,2.69,2.79,2.43,0.0,6.0,0.97,0.0,1.79,1
4.12,0.0,1.82,0.0,0.0,4.35,66.42,1.0,0.0,14.47,5.18,0.21,1.82,75.01,1.35,0.0,5.82,1.0,7.52,0.82,1.18,2.26,0.0,19.19,0.86,0.0,1.18,0
1.33,0.0,1.67,11.99,4.0,0.67,29.32,1.0,1.33,0.33,2.34,0.31,2.0,80.35,1.33,0.33,3.33,1.0,5.46,1.33,3.0,2.0,0.67,15.99,0.95,0.0,1.33,0
1.18,9.87,1.0,0.82,0.0,1.42,51.65,1.0,0.0,5.36,2.6,0.34,0.18,68.84,1.36,0.0,6.78,1.18,3.68,0.82,1.0,1.45,0.0,6.18,0.95,0.0,1.36,0
0.0,0.0,0.0,17.33,0.0,0.0,37.93,1.0,0.0,0.0,0.0,1.82,0.0,0.0,0.0,0.0,0.0,0.0,0.0,0.0,0.0,0.0,0.0,6.0,0.92,0.0,0.0,0
0.73,0.54,1.0,0.0,0.0,3.19,91.51,1.0,0.0,4.27,9.03,0.62,1.46,63.65,2.46,0.0,15.68,1.0,4.59,0.54,1.0,0.73,0.0,6.0,0.97,0.0,0.73,0
2.11,1.0,1.0,0.0,0.0,3.24,59.04,1.0,0.65,2.3,5.95,0.75,2.76,68.67,1.35,0.0,8.56,1.65,5.33,0.0,1.0,0.97,0.0,6.0,0.97,0.0,1.35,0
0.0,0.0,1.0,0.0,0.0,0.0,16.0,1.0,0.0,4.0,3.0,0.28,1.0,33.0,1.0,0.0,0.0,2.0,4.67,4.0,2.0,1.6,0.0,6.0,0.93,0.0,0.0,0
0.0,4.75,1.0,0.0,0.0,8.26,319.09,1.0,1.84,5.75,24.87,0.7,0.0,65.13,3.84,1.84,24.11,1.0,4.0,0.08,0.08,0.91,0.0,34.54,0.92,0.0,1.84,1
0.0,0.0,1.64,0.0,0.0,5.8,34.69,1.0,0.0,1.42,3.0,1.18,0.36,11.73,1.64,0.0,3.22,1.36,4.67,3.36,2.0,0.89,0.0,69.15,0.9,0.0,1.29,0
1.29,0.0,2.0,0.22,0.43,8.14,57.48,1.0,0.43,0.0,3.65,1.4,0.65,18.28,2.43,0.0,4.14,1.0,4.03,2.35,2.0,0.78,0.0,132.18,0.85,0.0,2.0,1
0.34,0.66,1.0,0.0,1.68,4.0,41.06,1.0,0.0,0.0,3.01,1.54,0.0,0.0,2.33,0.66,2.69,1.0,17.27,0.0,1.0,0.17,0.0,30.22,0.91,0.0,0.34,1
0.0,5.96,1.99,7.9,0.0,4.94,91.07,1.0,0.0,2.01,3.95,1.31,0.0,87.73,1.99,1.98,3.95,1.0,3.07,1.0,1.0,0.33,0.0,6.0,0.96,0.0,0.99,0
3.24,1.15,1.0,0.0,4.04,6.38,342.3,8.28,10.09,6.04,25.62,1.02,0.0,66.37,4.81,3.96,11.48,1.0,2.35,0.0,0.19,0.43,0.0,655.32,0.96,0.0,2.19,1
2.19,0.0,1.0,2.19,0.73,2.62,50.15,1.0,0.0,0.0,2.46,2.51,0.0,64.18,0.73,0.27,0.73,0.73,2.12,0.54,1.0,0.55,0.0,6.0,0.93,0.0,0.73,0
2.12,2.5,1.0,2.12,1.0,3.5,146.0,1.62,0.88,14.12,21.13,0.93,0.0,91.5,1.25,15.13,13.0,1.0,8.24,1.88,0.88,0.39,0.0,8.75,0.98,0.0,2.0,1
0.57,1.7,2.3,0.43,8.64,5.84,84.77,1.0,1.14,4.55,9.2,0.48,1.86,73.52,1.57,2.27,9.82,1.0,4.96,1.0,1.0,1.77,0.0,29.32,0.93,0.0,1.43,1
2.86,0.0,0.32,36.17,1.59,0.64,76.68,1.0,0.0,2.73,3.18,0.71,1.59,0.0,1.32,0.0,5.81,1.0,1.69,0.32,0.64,0.6,0.0,9.41,0.74,0.0,2.36,1
0.0,0.0,1.0,0.0,0.0,5.0,96.57,1.0,4.75,2.85,5.75,1.59,0.95,74.13,1.0,12.35,2.85,2.9,31.42,0.15,0.05,0.66,0.0,6.0,0.99,0.0,0.0,0
0.0,0.0,1.0,0.0,0.0,3.64,33.16,1.0,0.0,0.0,3.68,3.57,0.48,0.0,0.32,1.68,0.8,0.16,10.64,1.0,0.96,0.12,0.0,6.0,0.9,0.0,0.0,0
0.5,3.52,1.0,0.5,0.0,4.01,92.25,1.0,0.5,4.52,7.53,0.98,0.0,80.06,1.0,3.01,4.49,2.0,2.07,0.0,0.0,0.87,0.0,6.0,0.96,0.0,1.5,0
0.0,1.7,2.39,0.0,0.0,15.52,58.71,1.0,0.0,0.0,0.61,0.99,2.09,0.0,2.0,0.3,12.3,1.3,9.74,7.0,2.7,2.28,1.39,6.0,0.95,0.0,0.61,0
0.0,0.39,1.0,0.0,0.0,19.57,45.46,1.0,0.0,0.0,1.83,5.18,0.61,0.0,1.22,0.39,0.39,0.61,1.17,1.17,0.39,0.0,0.0,6.0,0.91,0.0,0.0,0
0.0,0.81,1.0,0.38,0.38,3.25,31.8,1.0,0.0,0.19,2.56,1.7,0.0,17.48,2.81,1.0,0.0,1.0,0.42,0.0,1.0,0.0,0.0,6.0,0.91,0.0,0.0,0
0.0,0.0,1.0,1.48,0.0,5.97,190.07,1.0,0.51,6.59,23.51,3.59,0.0,95.44,0.51,10.09,7.59,0.51,7.25,1.01,0.51,0.17,0.0,7.52,0.98,0.0,1.51,0
0.3,0.0,1.0,0.85,0.45,6.85,32.05,1.0,0.0,0.0,1.0,3.81,1.2,84.99,1.0,0.85,1.0,1.0,7.7,7.1,1.3,0.24,0.15,6.0,0.89,0.0,0.15,0
1.0,1.64,1.0,6.11,0.0,5.96,103.49,1.0,8.79,12.75,0.32,0.74,0.32,85.43,1.32,1.28,8.21,1.0,4.76,1.0,1.0,1.26,0.0,6.0,0.86,0.0,1.0,1
0.0,0.11,1.0,1.21,0.32,7.89,105.7,1.0,0.32,0.0,7.37,4.28,1.0,99.68,0.21,1.74,2.53,0.21,2.5,0.89,0.11,0.1,0.0,6.0,0.92,0.0,2.0,0
3.97,0.0,1.66,1.68,1.32,6.02,143.61,1.0,1.32,0.0,11.75,2.38,1.98,90.08,2.65,1.02,1.0,0.66,3.06,0.0,1.32,1.2,0.0,157.51,0.81,0.0,1.66,1
0.0,0.0,1.0,0.0,2.83,2.83,53.72,1.0,0.94,0.11,4.22,2.04,0.0,2.06,2.0,0.0,4.11,1.0,3.26,0.0,0.94,0.02,0.0,6.11,0.93,0.0,0.11,0
0.0,1.0,1.0,0.0,0.27,16.6,71.34,1.0,0.0,0.53,2.27,0.9,0.8,9.86,2.53,0.73,13.53,1.73,7.4,5.4,1.73,1.1,0.0,6.53,0.96,0.0,1.73,1
0.4,0.6,1.0,0.4,4.42,1.61,59.61,3.01,2.01,0.0,7.23,0.95,0.4,32.57,2.0,5.63,2.2,1.4,3.49,0.0,1.0,0.17,0.0,138.7,0.68,0.0,0.0,1
0.42,0.0,2.74,0.58,11.58,2.16,74.78,1.0,0.0,1.68,14.52,0.43,1.74,62.47,1.42,0.0,5.11,1.0,4.47,1.0,1.0,1.48,0.0,37.26,0.91,0.0,1.58,1
3.55,0.89,1.0,0.0,0.45,11.9,191.72,1.0,0.45,6.34,5.67,1.0,1.78,83.34,2.78,0.0,27.26,1.55,3.45,0.0,0.45,1.24,0.0,13.13,0.97,0.0,1.89,1
0.0,0.47,2.35,4.24,0.0,7.52,54.39,1.0,0.0,2.82,0.94,1.78,6.11,10.34,1.41,0.0,9.87,0.47,6.42,2.82,0.94,1.5,0.94,6.0,0.8,0.0,0.47,0
33.35,0.0,1.0,9.6,2.96,0.47,244.04,4.69,0.0,8.69,24.66,0.36,1.0,93.38,3.69,0.0,4.69,1.84,3.54,0.16,1.0,0.9,0.0,46.95,0.71,0.0,1.31,1
1.0,0.0,1.0,0.0,0.0,7.2,135.96,1.0,2.4,2.8,9.4,0.69,0.8,83.4,2.6,0.8,17.99,1.8,2.89,0.2,0.2,0.76,0.0,6.0,0.74,0.0,1.0,0
0.0,0.23,1.94,0.0,0.0,12.94,111.5,1.0,0.0,1.41,5.06,9.49,5.35,5.16,0.7,7.65,5.69,0.23,6.01,2.17,0.47,1.26,0.47,6.0,0.91,0.0,1.77,0
0.0,0.71,1.12,0.95,0.0,3.24,69.97,1.0,0.0,2.88,12.81,0.66,0.0,64.21,1.12,0.24,10.17,1.88,2.0,0.12,0.12,0.92,0.0,6.0,0.96,0.0,1.88,0
0.59,7.4,1.0,4.12,10.01,8.23,223.0,1.0,0.0,3.29,11.89,2.55,0.0,87.04,0.59,1.41,3.88,0.59,76.32,1.0,0.59,1.12,0.0,27.38,0.93,0.0,1.0,0
1.23,0.0,1.0,0.0,0.0,5.32,93.22,1.0,0.0,4.32,6.94,1.19,0.62,50.62,3.0,0.0,9.26,1.62,2.53,0.38,1.38,0.93,0.0,6.62,0.8,0.0,1.85,1
4.65,0.73,2.46,1.0,2.96,9.11,275.62,2.35,2.81,5.84,12.08,0.74,1.0,78.08,2.0,3.77,9.77,2.0,5.34,0.0,1.0,1.51,0.0,200.84,0.71,0.0,2.19,1
0.0,0.0,0.91,0.7,0.0,0.0,24.23,1.0,0.0,0.0,12.77,0.64,0.0,0.0,2.74,0.0,0.91,0.91,1.76,0.91,0.91,0.0,0.0,93.55,0.93,0.0,0.0,1
0.0,0.0,1.0,0.0,0.72,2.28,28.84,1.0,0.0,0.72,3.0,0.67,1.0,47.62,1.56,0.0,1.56,1.0,2.44,1.0,1.28,1.15,0.0,70.45,0.93,0.0,0.28,1
2.92,0.0,1.0,3.65,9.48,1.08,49.64,1.0,0.0,13.94,34.53,0.38,0.0,79.74,1.0,0.0,2.27,2.27,5.42,0.73,1.0,0.58,0.0,21.32,0.95,0.0,1.73,1
2.95,27.32,1.0,1.0,0.0,5.17,353.56,1.26,1.48,9.86,2.35,1.15,0.74,81.13,1.78,0.74,16.77,1.74,6.09,0.0,0.26,0.38,0.0,51.26,0.99,0.0,1.0,1
1.54,0.49,1.0,1.54,0.51,2.46,44.84,1.0,0.0,0.0,1.54,3.68,0.0,45.11,1.97,0.49,0.51,1.0,1.6,0.49,1.0,0.38,0.0,6.0,0.92,0.0,0.51,0
9.3,0.0,1.0,0.98,9.3,1.47,91.51,1.98,0.0,3.43,13.02,0.36,0.49,44.04,2.51,0.0,1.98,1.0,2.97,1.0,1.0,0.63,0.0,96.13,0.82,0.0,1.47,1
0.21,3.71,1.36,0.14,1.14,6.86,477.98,1.0,5.64,0.07,50.21,1.05,0.5,6.59,1.0,12.07,9.71,2.86,3.56,0.07,0.14,0.45,0.0,16.79,0.99,0.0,1.14,1
1.52,0.0,1.0,0.0,3.95,5.05,45.15,1.0,0.0,0.0,2.91,0.51,4.19,0.0,1.0,0.0,4.34,1.0,27.29,1.05,2.05,1.08,0.52,40.31,0.94,0.0,1.0,1
1.21,0.0,1.0,0.0,7.49,7.21,142.33,1.0,0.0,4.24,13.55,0.78,1.0,49.69,2.21,0.0,13.42,1.61,3.64,0.39,1.0,1.43,0.0,6.61,0.92,0.0,2.21,1
4.01,3.34,3.0,0.0,0.0,2.33,100.12,1.0,0.67,25.39,19.37,0.73,0.0,62.81,2.66,1.0,5.34,1.67,6.66,0.33,1.33,1.09,0.0,16.69,0.67,0.0,2.0,1
0.65,8.19,1.0,0.65,0.0,0.0,33.0,1.0,0.0,3.27,0.65,1.29,0.0,43.16,1.35,0.35,3.96,1.35,4.21,2.38,1.35,0.94,0.0,6.0,0.94,0.0,0.65,0
13.27,0.52,1.0,2.0,14.31,3.0,107.81,1.96,0.0,3.36,6.27,0.21,3.08,84.79,1.48,0.0,2.48,1.0,3.87,1.52,1.0,1.57,0.0,47.83,0.81,0.0,1.96,1
0.0,0.0,1.0,0.0,0.0,0.0,20.0,1.0,0.0,1.0,11.0,0.37,0.0,0.0,1.0,0.0,3.0,1.0,26.73,2.0,1.0,0.46,0.0,6.0,1.0,0.0,0.0,0
0.0,1.0,1.0,0.0,0.36,3.61,35.24,1.0,0.0,0.72,2.36,0.9,1.08,13.35,2.72,0.0,7.33,1.0,3.35,0.36,1.0,0.3,0.0,6.72,0.91,0.0,0.36,0
2.32,0.23,1.0,2.32,0.77,0.77,50.1,1.0,0.0,0.23,4.35,1.07,0.0,81.68,1.23,0.0,1.68,1.23,2.29,0.0,1.0,0.73,0.0,6.0,0.9,0.0,0.77,0
1.96,0.0,1.0,0.0,2.94,5.88,37.53,1.0,0.0,0.04,1.14,0.29,7.84,0.75,1.02,0.0,1.1,1.0,5.96,1.96,2.94,1.58,0.98,6.04,0.97,0.0,1.02,1
2.38,2.38,1.0,0.62,0.0,4.83,126.03,1.0,0.0,15.87,13.76,0.76,2.21,90.48,2.38,0.21,17.7,2.38,4.67,0.21,0.79,1.45,0.0,7.59,0.98,0.0,2.0,1
0.0,0.0,1.0,0.0,0.0,1.43,24.13,1.0,0.0,2.09,3.48,2.12,0.52,17.22,0.52,0.96,0.0,1.04,8.17,2.57,1.04,0.83,0.0,6.0,0.91,0.0,0.0,0
0.0,1.99,2.99,0.0,0.0,13.95,280.84,1.0,3.98,1.99,10.95,0.68,2.99,51.76,5.99,0.0,23.9,1.0,4.45,0.0,1.0,1.41,0.0,6.22,0.99,0.0,1.99,1
0.0,0.52,1.96,0.0,0.0,8.29,66.91,1.0,0.52,2.0,2.52,1.43,0.96,36.34,1.0,1.04,3.11,1.52,2.58,1.44,2.89,1.92,0.48,6.0,0.96,0.0,1.0,0
0.0,0.2,1.0,2.39,0.0,6.36,108.07,1.0,0.0,0.2,9.0,2.01,2.39,91.8,0.41,0.8,4.8,0.41,3.82,0.8,0.2,0.14,0.0,6.0,0.92,0.0,1.59,0
2.58,1.17,1.0,0.0,0.58,13.83,239.36,1.0,0.58,7.58,9.42,0.76,2.75,83.75,4.17,0.0,32.48,1.42,4.27,0.0,1.0,1.69,0.0,15.74,0.93,0.0,3.0,1
3.88,0.0,1.0,3.0,4.66,5.67,87.91,1.0,0.0,0.0,5.92,1.44,14.75,78.26,0.78,0.67,3.33,0.78,4.9,1.55,1.55,1.75,0.78,19.2,0.97,0.0,1.78,1
39.71,0.76,1.76,15.62,4.14,16.62,2196.45,1.0,20.57,19.81,36.8,0.59,7.33,94.24,2.52,0.76,39.85,1.0,7.02,0.24,1.0,1.74,0.24,7.19,0.96,0.0,1.52,1
0.0,0.0,0.09,16.39,0.09,0.27,39.7,1.0,0.0,0.0,0.54,1.64,0.18,0.0,0.36,0.0,0.18,0.09,0.18,0.0,0.18,0.09,0.0,21.91,0.92,0.0,0.09,1
0.6,0.0,1.99,0.4,0.6,3.58,84.65,1.0,0.2,3.4,5.19,0.34,2.19,44.74,1.0,0.0,1.19,1.8,5.03,3.4,2.0,1.77,0.0,10.18,0.94,0.0,0.6,1
0.0,2.0,1.0,0.0,0.0,6.72,137.56,1.0,0.0,1.73,11.63,1.95,0.0,20.76,1.0,0.82,2.36,1.82,1.82,0.36,1.0,0.09,0.0,6.0,0.97,0.0,0.82,0
0.0,0.0,0.97,3.5,0.0,7.74,126.95,1.0,0.0,0.0,8.7,2.43,2.9,96.69,0.0,0.97,4.83,0.0,3.97,0.97,0.0,0.0,0.0,6.0,0.97,0.0,1.93,0
5.66,0.0,1.0,13.58,6.22,7.26,104.55,1.0,0.0,0.0,1.0,3.04,1.13,53.75,1.0,0.0,0.57,1.0,3.67,1.87,1.0,0.87,0.57,8.83,0.88,0.0,0.0,0
0.0,1.92,1.0,0.24,0.24,15.27,169.18,1.0,2.08,1.84,6.14,0.81,1.92,78.63,3.84,0.65,15.27,1.08,4.51,0.0,1.0,1.58,0.0,6.0,0.97,0.0,1.08,0
0.52,0.0,1.0,0.0,0.0,3.41,64.85,1.0,0.0,4.96,7.48,0.68,0.48,63.34,2.48,0.0,8.0,1.0,4.54,1.0,1.0,0.95,0.0,6.0,0.97,0.0,1.0,0
0.98,3.96,1.0,0.0,0.0,5.06,48.34,1.0,0.0,1.0,0.28,0.66,0.0,78.63,1.98,0.02,2.0,1.02,2.19,0.98,1.98,1.26,0.0,6.0,0.96,0.0,1.0,0
1.31,3.59,1.0,0.0,0.0,5.21,51.06,1.0,0.0,1.41,0.31,0.69,0.0,80.21,1.9,0.0,3.14,1.1,2.19,0.9,1.79,1.23,0.0,6.0,0.96,0.0,1.0,0
1.61,0.0,3.8,1.64,0.75,31.36,163.8,1.0,1.86,0.0,1.0,0.58,14.11,6.49,2.86,0.93,18.7,1.0,13.1,1.0,1.93,3.21,0.07,6.34,0.98,0.0,0.93,0
0.0,0.0,1.0,0.0,0.0,10.0,111.93,1.0,0.0,2.54,7.62,1.07,1.38,42.62,1.0,0.0,9.0,2.54,3.25,0.92,1.92,0.84,0.0,6.0,0.97,0.0,1.0,0
0.0,0.0,1.0,0.79,0.79,3.03,22.85,1.0,0.0,0.39,2.58,2.87,0.0,36.67,0.79,5.85,0.61,0.39,1.53,1.21,1.0,0.0,0.0,6.0,0.87,0.0,0.0,0
15.66,19.12,1.0,0.0,0.27,3.27,407.74,1.0,3.64,10.02,71.12,0.24,0.71,84.69,1.91,1.82,20.12,2.82,6.96,0.18,1.18,1.23,0.09,564.25,0.5,0.0,4.64,1
0.06,0.0,1.17,0.0,0.0,4.68,72.44,1.0,0.11,2.83,13.27,0.57,0.84,57.58,1.11,0.06,11.5,1.94,2.52,0.06,0.11,1.13,0.0,6.0,0.96,0.0,1.94,0
1.46,4.05,1.0,0.0,0.49,12.88,304.32,1.0,1.51,4.93,16.68,0.91,1.95,67.6,4.49,4.09,33.23,1.0,4.01,0.0,1.0,1.13,0.0,24.05,0.95,0.0,3.0,1
2.38,2.76,1.0,0.0,0.0,0.54,36.43,1.0,0.46,4.0,10.68,0.47,0.0,66.35,1.54,0.46,8.92,1.46,3.67,0.54,0.54,0.49,0.0,7.38,0.9,0.0,1.46,0
3.33,0.0,0.37,0.74,0.74,2.96,64.69,1.0,0.0,1.85,1.11,5.8,1.11,29.19,1.85,0.63,0.74,0.37,1.72,0.37,1.11,0.74,0.0,18.19,0.88,0.0,1.48,0
0.0,3.15,1.0,0.0,0.0,6.53,151.37,1.0,0.76,2.29,10.32,3.47,0.0,25.99,2.15,1.38,10.55,1.0,2.21,0.62,0.62,0.3,0.0,17.85,0.89,0.0,0.76,0
17.12,7.11,1.49,15.17,0.0,5.37,777.16,1.0,8.31,28.94,22.01,0.38,2.44,80.66,1.0,0.0,28.45,3.44,5.53,0.51,1.0,1.52,0.0,181.9,0.91,0.0,2.95,1
5.55,0.0,1.0,13.31,14.56,7.66,155.66,1.0,0.0,0.0,9.01,0.63,1.55,52.7,1.0,0.0,5.45,1.0,4.26,1.0,1.0,1.45,0.55,8.77,0.93,0.0,0.45,1
0.8,0.0,0.8,10.54,0.0,7.21,145.89,1.0,2.4,1.6,8.01,0.81,0.8,68.09,2.6,0.8,18.02,1.8,2.29,0.0,0.0,0.6,0.0,6.99,0.74,0.0,1.4,0
0.0,1.28,1.79,0.0,0.0,8.79,98.68,1.0,0.43,0.43,7.47,1.55,0.0,10.86,2.43,1.7,8.62,1.0,4.31,2.36,1.79,0.49,0.0,87.39,0.89,0.0,2.21,1
0.0,2.63,1.0,0.0,0.0,0.0,41.69,1.0,0.0,2.17,1.09,2.62,0.0,45.06,1.46,1.0,2.0,1.46,3.82,2.29,1.46,0.48,0.0,6.0,0.79,0.0,0.0,0
0.06,1.12,1.0,0.0,0.94,9.88,64.78,1.0,0.12,2.36,2.88,0.63,2.88,39.58,3.88,0.24,15.0,1.0,5.7,1.0,1.0,0.88,0.0,7.88,0.97,0.0,1.0,0
0.0,0.91,1.0,0.0,0.91,10.64,71.64,1.0,0.0,2.0,3.27,0.66,3.0,37.36,3.73,0.0,15.09,1.09,5.67,1.09,1.18,0.89,0.0,7.82,0.97,0.0,1.0,0
0.0,0.0,1.0,0.0,0.0,6.69,88.48,1.0,0.0,5.31,7.77,1.99,1.23,60.19,2.66,1.15,7.2,0.89,5.07,1.0,0.89,0.96,0.0,6.0,0.97,0.0,1.11,0
0.74,1.54,1.0,0.0,0.0,2.05,96.94,1.0,0.51,7.95,11.36,0.55,0.0,70.34,1.77,2.05,7.13,1.0,3.0,0.74,1.0,0.72,0.0,11.13,0.71,0.0,1.51,1
3.17,0.0,1.0,1.9,3.8,3.9,55.97,1.0,0.37,0.0,3.57,0.41,12.03,45.59,2.1,0.37,5.83,1.0,3.93,1.27,1.63,1.69,0.63,16.76,0.96,0.0,1.63,1
4.92,0.03,1.0,1.97,0.0,5.05,90.11,1.0,4.92,1.0,1.2,0.48,2.95,65.18,3.95,0.02,6.92,1.02,2.8,0.0,1.0,1.29,0.0,20.77,0.95,0.0,1.0,1
0.09,0.0,0.09,0.0,0.0,0.09,28.72,1.0,0.0,0.34,0.6,8.29,0.0,5.06,0.17,0.91,0.69,0.09,0.33,0.09,0.09,0.08,0.0,6.0,0.86,0.0,0.09,0
0.0,0.11,1.0,0.0,0.0,5.11,30.46,1.0,0.0,0.0,1.11,6.59,1.0,0.0,3.89,4.66,1.56,1.0,1.07,0.89,0.11,0.0,0.0,6.0,0.87,0.0,0.0,0
0.0,0.18,1.0,0.0,0.0,0.89,26.99,1.0,0.18,3.82,3.71,0.43,1.0,38.14,1.0,0.0,0.71,2.0,4.15,3.29,1.82,1.51,0.0,6.0,0.94,0.0,0.18,0
0.0,0.0,1.0,0.0,0.0,7.6,60.96,1.0,1.75,1.05,3.4,0.95,3.6,27.25,3.6,4.54,8.86,1.7,16.05,1.95,1.3,0.73,0.0,6.65,0.96,0.0,1.3,0
2.18,20.14,1.0,0.54,0.0,8.37,269.4,1.0,1.09,7.08,0.91,2.68,0.54,51.7,1.0,1.0,13.34,1.54,4.66,0.46,0.0,0.23,0.0,6.0,0.95,0.0,0.54,0
4.56,0.76,2.52,0.76,0.0,9.56,259.19,1.0,1.52,6.08,8.6,1.59,0.76,58.49,1.52,2.16,10.11,1.52,4.43,0.48,1.0,1.45,0.0,116.14,0.84,0.0,2.28,1
1.6,4.79,1.0,0.7,0.3,8.92,186.32,1.0,0.3,7.3,11.09,1.03,1.21,88.49,2.21,2.79,15.67,1.7,2.89,0.0,0.3,0.87,0.0,10.83,0.97,0.0,2.3,1
0.31,0.94,1.1,2.69,0.0,8.73,206.04,1.0,0.1,1.88,12.13,2.28,2.9,98.54,0.31,0.9,9.17,0.1,4.19,0.9,0.1,0.1,0.0,11.11,0.96,0.0,2.0,1
0.0,4.61,1.0,0.0,0.0,7.96,304.7,1.0,1.74,5.87,23.62,0.73,0.0,66.96,3.61,1.74,23.14,1.0,3.98,0.26,0.13,0.68,0.0,32.97,0.92,0.0,1.74,1
0.13,3.0,1.0,0.0,0.0,1.02,24.63,1.0,0.25,3.64,0.13,1.07,0.13,67.78,1.13,0.51,1.91,1.0,1.51,1.0,1.0,0.21,0.0,6.0,0.55,0.0,0.13,0
2.97,3.05,1.49,0.51,0.0,4.51,100.51,1.0,0.0,10.94,8.56,0.69,0.98,84.1,1.0,2.03,4.48,1.51,4.24,0.49,0.49,1.5,0.0,13.87,0.91,0.0,1.51,1
1.49,0.0,1.0,0.33,0.33,5.5,61.39,1.0,0.0,0.83,2.17,1.6,0.5,13.06,5.83,0.83,2.0,1.0,4.11,1.0,2.17,0.96,0.0,11.45,0.94,0.0,0.66,1
0.21,0.0,1.0,0.0,0.11,7.81,41.35,1.0,0.11,0.0,1.11,0.36,5.21,0.0,2.21,0.0,26.05,1.0,47.4,46.81,24.25,1.14,0.89,6.0,0.92,0.0,1.0,0
0.0,0.29,1.0,0.0,0.0,4.71,30.29,1.0,0.0,0.0,1.42,3.05,0.0,0.0,1.58,0.29,2.13,1.71,1.35,0.29,1.0,0.0,0.0,49.25,0.9,0.0,0.0,0
28.48,1.04,1.0,8.7,0.0,1.88,277.17,4.16,0.42,8.37,27.0,0.44,0.79,88.57,4.0,0.42,9.39,1.79,3.6,0.0,0.79,0.82,0.0,38.58,0.76,0.0,1.21,1
0.0,1.63,2.26,0.0,0.0,10.32,44.28,1.0,0.0,0.0,0.0,2.9,1.9,0.0,2.37,0.37,7.59,1.0,7.01,4.79,2.26,1.74,1.26,6.0,0.92,0.0,0.0,0
0.0,0.64,1.0,0.68,0.0,2.54,89.69,1.68,0.0,1.0,10.59,1.15,0.0,32.46,3.05,0.32,2.0,1.32,2.34,0.0,1.0,0.2,0.0,124.01,0.98,0.0,1.0,1
0.0,1.13,1.87,0.0,0.0,10.6,127.71,1.0,0.0,1.43,8.79,2.16,0.87,6.79,1.0,0.57,1.13,1.57,2.22,1.3,3.17,1.19,0.43,6.0,0.97,0.0,1.0,0
1.04,0.0,0.26,40.54,3.37,0.0,66.88,1.0,0.0,7.63,11.42,0.73,0.0,24.14,1.0,0.0,2.0,1.26,1.75,0.26,0.26,0.18,0.0,15.15,0.71,0.0,2.74,0
0.0,9.0,1.0,0.0,0.0,2.0,182.0,1.0,0.0,4.0,1.0,4.14,0.0,65.0,1.0,0.0,1.0,1.0,4.0,3.0,1.0,0.0,0.0,6.0,0.98,0.0,1.0,0
0.98,0.02,1.0,0.0,0.98,1.96,27.12,1.0,0.0,0.0,0.98,1.96,0.98,0.0,2.98,0.02,1.02,1.02,1.08,1.08,2.0,0.0,0.0,53.06,1.0,0.0,0.0,0
0.56,3.33,1.0,0.56,1.33,4.11,98.2,1.0,0.44,3.89,8.44,1.61,0.0,49.97,1.44,2.22,3.44,1.56,2.5,0.0,0.44,0.25,0.0,6.0,0.96,0.0,1.11,0
0.0,1.22,1.0,0.39,0.0,3.11,47.55,1.0,0.0,1.83,2.94,2.19,0.39,59.05,1.22,0.39,2.61,0.61,2.13,1.0,0.61,1.43,0.0,6.61,0.9,0.0,0.78,0
0.0,0.0,1.12,0.0,0.0,7.0,88.0,1.0,1.76,1.76,5.88,1.16,0.49,37.77,2.88,0.0,9.76,1.24,2.12,0.88,0.88,0.51,0.0,20.93,0.9,0.0,1.88,1
1.47,0.76,1.0,6.18,4.71,6.02,201.82,1.49,2.27,0.49,18.02,0.76,1.0,96.02,2.24,6.29,5.78,2.0,3.9,0.24,1.0,0.91,0.0,6.0,0.95,0.0,1.76,0
0.3,1.82,1.0,0.3,13.23,5.7,143.84,1.0,0.0,2.13,16.87,0.81,0.7,27.34,1.0,1.22,8.57,1.3,3.63,0.7,0.7,1.07,0.0,6.0,0.98,0.0,1.3,0
0.02,0.0,1.0,0.02,0.05,8.96,39.99,1.0,0.0,0.07,2.17,0.73,4.98,0.38,4.98,0.0,11.96,1.0,7.0,2.99,2.0,0.75,0.0,7.08,0.94,0.0,2.0,1
1.0,0.0,1.0,5.16,12.54,5.16,144.53,1.0,0.0,2.62,13.64,0.95,0.0,77.74,1.0,0.74,1.26,1.0,95.28,1.0,1.0,1.61,0.0,6.0,0.89,0.0,1.0,0
0.4,0.81,2.6,0.61,0.0,12.18,169.33,1.0,2.02,5.83,14.3,1.83,1.8,19.36,1.4,1.61,7.87,1.2,3.32,2.39,4.79,2.21,0.8,33.23,0.93,0.0,1.4,0
7.67,0.0,1.0,2.1,0.0,7.29,181.28,1.76,2.43,2.52,13.24,0.7,1.0,86.71,3.19,0.81,18.76,2.0,2.97,0.0,0.19,0.76,0.0,12.29,0.75,0.0,1.0,1
0.0,9.24,1.0,0.0,0.0,5.0,67.18,1.0,0.0,0.0,0.0,4.35,0.0,0.0,0.44,1.0,2.67,0.44,1.45,0.44,0.44,0.0,0.0,6.0,0.91,0.0,1.11,0
0.0,0.0,0.67,0.0,0.0,2.7,31.05,1.0,0.0,0.0,2.02,5.15,0.67,0.0,1.35,0.33,0.0,0.67,0.0,0.0,0.0,0.0,0.0,6.0,0.88,0.0,0.0,0
0.0,2.99,1.0,0.0,0.75,4.48,369.18,1.0,4.48,0.51,40.36,1.12,0.0,8.34,1.0,9.71,7.47,2.75,2.74,0.25,0.25,0.22,0.0,13.47,0.86,0.0,0.75,1
1.02,14.34,1.0,0.41,0.0,8.98,237.97,1.0,1.02,6.58,4.98,3.69,0.61,93.09,0.81,1.59,7.8,0.2,2.27,0.8,0.2,0.27,0.0,50.48,0.87,0.0,1.0,0
5.87,1.04,2.96,0.98,0.0,10.76,325.97,1.0,1.96,7.89,10.76,0.73,0.98,76.76,1.98,0.0,12.71,1.98,5.11,0.02,1.0,1.87,0.0,147.77,0.83,0.0,2.93,1
2.92,0.71,1.0,7.01,3.21,6.88,65.44,1.0,0.0,0.0,0.29,2.48,0.58,27.75,1.71,0.0,0.29,1.0,2.64,1.71,1.0,0.45,0.29,7.46,0.97,0.0,0.0,0
0.0,0.0,1.0,0.0,0.0,6.59,33.65,1.0,0.0,0.0,2.35,4.31,1.65,0.0,0.71,0.65,1.29,0.35,2.26,0.0,0.65,0.0,0.0,6.0,0.88,0.0,0.65,0
1.59,0.0,1.74,4.23,2.64,7.41,83.84,1.53,0.0,0.53,6.17,1.44,0.26,24.57,2.26,0.26,4.21,1.26,4.42,2.47,1.74,0.57,0.0,78.11,0.88,0.0,1.74,1
2.96,0.0,1.0,2.96,0.99,1.05,57.65,1.0,0.0,0.0,2.97,1.35,0.0,86.86,1.0,0.0,0.99,1.0,2.18,0.04,1.0,0.74,0.0,6.0,0.95,0.0,0.99,0
0.0,0.27,1.0,0.0,0.0,13.92,109.58,1.0,0.0,0.0,4.9,9.21,2.18,0.0,0.55,7.54,4.29,0.55,4.85,2.64,0.55,0.81,0.0,6.0,0.94,0.0,2.0,0
0.0,0.0,1.0,1.71,1.71,0.86,27.48,1.0,0.0,1.72,5.43,0.64,0.14,89.41,2.14,0.86,1.15,1.0,1.44,0.14,1.0,0.14,0.0,6.0,0.91,0.0,0.14,0
0.0,1.74,1.0,0.0,0.0,1.02,21.32,1.0,0.0,2.23,0.74,2.03,0.0,24.56,2.26,0.26,2.23,1.0,1.74,1.0,1.0,1.74,0.0,6.74,0.89,0.0,0.0,0
33.31,30.17,1.0,1.55,1.79,0.86,925.9,1.0,46.55,2.48,11.24,0.5,0.86,94.72,1.86,0.86,18.38,2.0,6.59,0.14,0.14,0.81,0.0,148.55,0.94,0.0,4.59,1
0.0,0.0,1.0,1.68,1.68,1.29,20.58,1.0,0.0,0.84,4.52,1.32,0.32,78.01,1.68,1.0,0.32,0.84,1.24,0.0,1.0,0.0,0.0,6.0,0.9,0.0,0.16,0
0.66,0.66,1.0,5.96,0.0,9.06,126.82,1.0,7.94,10.6,2.03,0.84,1.01,72.11,1.0,0.0,8.72,1.34,4.71,1.34,1.68,1.21,0.0,6.0,0.86,0.0,1.0,1
0.0,0.76,1.0,0.0,0.0,0.62,22.33,1.0,0.0,1.76,2.24,0.59,1.24,33.0,2.0,0.0,4.86,1.0,3.44,1.62,1.62,2.0,0.0,6.38,0.92,0.0,0.0,0
3.6,2.1,1.0,0.0,1.1,17.4,332.74,1.0,1.8,9.6,9.9,0.68,3.8,85.9,4.9,0.3,45.7,1.0,5.1,0.0,1.0,1.79,0.0,25.09,0.96,0.0,3.0,1
0.0,0.0,1.0,0.27,0.27,14.69,130.31,1.0,0.0,1.86,5.86,0.93,2.59,48.08,1.14,0.14,13.82,1.86,4.28,1.73,2.73,1.3,0.0,6.0,0.97,0.0,0.86,0
2.92,2.97,1.0,0.0,0.0,4.11,126.03,1.0,0.0,19.47,14.97,0.37,1.94,85.89,2.94,0.03,20.47,2.97,4.72,0.0,1.0,1.78,0.0,7.94,0.99,0.0,1.97,1
12.04,0.25,1.25,3.2,0.49,7.69,710.63,1.0,6.64,6.39,12.55,0.37,5.98,23.1,2.25,0.25,33.14,1.0,41.16,39.22,20.61,1.2,0.75,6.0,0.93,0.0,1.25,0
0.0,0.2,1.0,0.0,0.2,6.02,51.27,1.0,0.0,0.41,2.2,1.6,0.61,7.57,5.59,0.8,4.66,1.0,4.36,1.0,1.8,0.77,0.0,6.41,0.95,0.0,0.2,0
13.48,0.58,1.29,10.19,0.0,6.75,518.04,1.0,8.51,16.5,13.58,0.48,3.58,74.77,3.12,0.0,20.45,2.46,4.15,0.0,1.0,1.4,0.0,121.9,0.92,0.0,2.17,1
1.18,0.0,0.59,21.6,0.59,23.7,167.64,1.0,0.59,1.63,1.18,0.93,4.15,0.0,2.78,0.0,11.48,1.0,5.09,1.78,0.59,1.35,0.0,8.04,0.79,0.0,1.82,1
0.0,0.0,1.0,0.0,0.0,6.03,51.37,1.0,0.0,0.0,5.86,1.35,0.1,0.0,2.97,0.0,5.0,1.0,1.25,0.03,2.14,0.35,0.0,65.83,0.33,0.0,0.97,1
0.0,4.24,1.65,5.19,0.0,5.35,68.83,1.0,0.0,1.3,2.6,1.99,0.0,57.1,2.0,1.3,2.6,1.0,2.71,1.35,1.0,0.22,0.0,6.0,0.98,0.0,0.65,0
0.94,0.06,1.0,0.0,0.0,9.57,68.34,1.0,0.94,3.77,2.94,0.41,2.83,41.51,3.89,0.06,13.94,1.06,6.87,3.23,2.94,2.63,0.0,6.0,0.97,0.0,2.0,1
0.0,1.0,1.0,0.0,0.0,14.5,42.88,1.0,0.0,0.0,1.47,3.56,0.0,0.0,2.21,1.0,0.26,0.74,1.03,0.79,1.0,0.0,0.0,6.0,0.91,0.0,0.0,0
0.31,2.78,1.0,0.0,2.22,5.39,354.09,1.0,4.16,0.0,38.3,0.98,0.0,0.0,1.0,9.02,9.39,2.39,17.83,0.0,0.31,0.36,0.0,34.99,0.96,0.0,1.0,1
0.51,0.0,1.86,0.34,0.51,3.08,76.69,1.0,0.17,1.83,4.88,0.66,2.03,43.1,1.83,0.0,1.03,1.0,2.77,1.83,2.0,1.08,0.0,55.18,1.0,0.0,0.51,1
0.0,0.53,1.0,0.0,0.0,27.44,53.17,1.0,0.0,0.0,0.95,4.62,2.37,0.0,2.37,0.53,6.21,0.47,4.89,3.0,1.47,0.35,0.0,6.47,0.94,0.0,0.95,0
0.0,6.55,1.0,0.0,0.0,2.18,56.03,1.0,0.0,2.25,3.94,2.01,0.0,39.97,1.69,0.44,2.31,0.56,2.64,1.13,0.56,0.0,0.0,6.0,0.93,0.0,0.87,0
0.0,0.0,1.0,0.0,0.0,4.14,41.79,1.0,0.0,0.62,5.38,1.29,0.0,15.47,2.38,0.0,3.45,1.0,1.12,0.31,1.69,0.23,0.0,48.81,0.52,0.0,0.69,1
0.57,0.0,1.0,0.0,0.0,4.87,45.28,1.0,0.0,2.28,4.85,2.25,0.0,33.6,1.57,0.43,5.85,1.0,2.85,1.0,0.57,0.51,0.0,6.0,0.94,0.0,0.57,0
2.0,3.68,12.03,9.81,7.9,21.33,299.77,1.0,0.0,0.0,2.23,0.21,11.68,51.5,1.0,0.0,3.45,1.0,10.51,2.0,2.39,2.84,0.39,15.2,0.82,0.0,3.45,1
0.41,0.59,1.0,0.0,0.0,7.22,81.81,1.0,0.0,2.44,5.25,1.11,1.41,29.25,3.0,1.19,9.66,1.41,2.87,0.41,1.0,0.72,0.0,6.81,0.94,0.0,1.22,0
3.48,0.24,1.0,0.92,2.0,8.32,157.54,1.0,2.56,2.84,5.12,1.36,1.08,68.24,1.24,0.24,11.52,1.0,4.62,1.84,1.0,0.54,0.0,9.76,0.97,0.0,1.16,1
0.67,1.33,1.0,0.0,0.0,8.42,148.11,1.0,0.67,6.35,5.72,0.89,1.35,73.5,3.02,0.67,10.75,1.67,4.98,0.65,1.0,0.99,0.0,8.7,0.96,0.0,1.35,1
0.34,0.66,1.0,0.0,1.68,7.32,75.56,1.0,0.0,2.65,4.34,1.23,1.99,39.81,1.66,1.33,8.0,1.0,19.3,0.66,1.0,0.55,0.0,30.23,0.89,0.0,1.66,1
1.4,1.3,2.3,0.0,1.75,11.19,306.9,4.16,6.81,3.75,16.26,0.79,1.95,58.31,5.65,1.05,18.74,1.0,3.67,0.0,0.65,1.07,0.0,285.88,0.98,0.0,2.0,1
2.77,2.3,1.0,0.0,0.0,4.94,128.04,1.0,0.0,16.96,13.83,0.44,1.77,86.6,3.0,0.0,19.6,2.77,4.43,0.0,1.0,1.75,0.0,7.77,0.96,0.0,2.23,1
4.45,0.0,1.26,8.2,5.2,3.26,46.93,1.0,0.0,1.03,3.32,0.3,2.23,72.42,1.0,0.0,2.48,1.0,4.69,0.26,0.26,2.26,0.0,6.0,0.95,0.0,0.26,0
0.0,0.0,1.0,0.0,0.0,10.2,146.35,1.0,3.96,2.38,6.62,2.0,0.79,61.79,0.79,11.34,4.25,2.38,26.74,0.21,0.0,0.55,0.0,6.0,0.99,0.0,0.42,0
7.01,2.98,1.0,1.75,1.5,6.01,105.17,1.0,0.0,5.0,2.5,0.31,2.26,75.77,4.01,0.0,2.74,1.0,4.45,1.0,2.5,1.86,0.0,30.81,0.95,0.0,3.26,1
0.98,0.0,1.0,0.0,1.46,5.49,43.12,1.0,0.0,0.51,3.05,0.72,3.9,30.74,1.51,0.0,2.02,1.0,4.46,0.98,2.49,1.0,0.49,6.0,0.96,0.0,0.49,0
4.37,0.13,1.87,0.0,0.0,4.25,66.24,1.0,0.0,13.24,4.75,0.24,2.0,71.35,1.38,0.0,7.25,1.0,6.37,1.0,1.0,2.34,0.0,19.99,0.86,0.0,1.13,0
0.75,0.0,1.0,0.0,1.0,3.0,33.03,1.0,0.25,0.25,1.5,1.71,1.5,12.56,3.5,0.5,1.0,1.0,1.31,1.0,1.75,0.13,0.0,104.25,0.96,0.0,0.0,1
0.0,0.73,1.0,0.0,0.0,12.4,125.69,1.0,0.0,0.73,4.6,1.61,1.47,18.34,2.93,1.33,14.13,0.73,4.34,1.0,0.73,0.49,0.0,6.0,0.94,0.0,2.0,0
0.27,0.0,1.0,1.9,4.62,7.73,75.31,1.0,0.0,0.0,5.8,3.86,1.46,21.2,0.27,1.0,1.73,0.27,37.36,0.27,1.0,0.51,0.0,6.0,0.91,0.0,1.0,0
32.24,1.9,1.95,28.45,0.98,10.74,1483.19,1.0,16.12,51.21,42.71,0.55,4.79,91.03,1.0,0.0,50.83,5.74,7.21,0.05,1.0,1.6,0.0,347.37,0.85,0.0,4.79,1
0.81,0.0,2.0,0.0,1.62,11.04,73.44,1.0,0.0,0.0,2.57,1.16,4.0,0.0,1.19,0.0,2.34,1.38,4.69,0.0,0.81,2.51,0.0,6.0,0.96,0.0,1.0,0
3.85,0.0,1.0,4.41,11.38,1.18,50.97,1.0,0.29,15.49,38.1,0.29,0.15,89.02,1.0,0.0,2.88,1.85,6.41,1.15,1.0,0.66,0.0,23.9,0.95,0.0,1.85,1
0.89,3.77,1.0,0.0,0.0,4.54,43.93,1.0,0.0,1.46,0.11,0.66,0.0,77.7,1.89,0.0,2.23,1.0,2.25,1.11,1.89,1.14,0.0,6.0,0.95,0.0,0.89,0
4.68,0.0,1.0,2.92,1.17,1.75,47.56,1.0,0.0,1.66,1.83,0.46,1.0,65.15,1.0,0.0,1.75,1.42,3.89,2.83,1.42,1.36,0.0,139.27,0.96,0.0,0.58,1
1.89,2.34,1.0,0.0,0.89,2.11,74.29,1.0,0.45,2.11,11.35,0.6,0.89,69.0,1.11,0.22,3.34,1.22,3.45,0.89,1.0,1.56,0.0,151.53,0.88,0.0,0.56,1
0.0,0.03,1.0,0.0,0.0,5.0,99.42,1.0,4.89,3.0,6.03,1.34,1.0,77.58,1.0,12.66,3.03,2.97,32.09,0.0,0.03,0.7,0.0,6.0,1.0,0.0,0.03,0
0.0,3.2,2.2,0.0,0.0,12.01,169.22,1.0,0.8,2.39,10.77,0.87,1.8,27.11,2.8,0.8,17.58,1.0,7.98,4.21,1.8,1.96,1.2,18.36,0.93,0.0,0.8,1
0.0,0.79,1.0,0.0,0.0,5.37,27.46,1.0,0.0,0.0,0.84,3.43,0.0,0.0,1.58,0.42,0.0,0.79,4.09,1.79,0.79,0.0,0.0,6.0,0.98,0.0,0.0,0
1.0,0.32,3.03,2.92,0.0,23.91,148.42,1.0,5.24,4.87,0.68,0.64,10.13,28.55,2.35,0.68,15.13,1.0,10.79,1.0,1.68,2.6,0.0,6.0,0.93,0.0,1.0,0
0.0,0.0,1.0,0.0,0.0,0.49,25.98,1.0,0.0,3.51,6.51,1.03,0.12,62.32,2.88,0.0,0.88,1.0,2.88,1.76,0.88,0.0,0.0,6.0,0.92,0.0,0.0,0
20.71,1.22,1.61,18.27,0.0,6.7,955.44,1.0,10.35,33.28,31.1,0.47,3.05,58.46,1.0,0.0,33.45,4.05,14.93,0.78,1.0,1.16,0.0,225.24,0.9,0.0,3.05,1
0.0,4.18,0.84,8.7,0.0,0.0,27.68,1.0,0.0,4.0,0.0,0.64,0.0,50.15,1.0,0.0,1.16,1.0,2.17,0.84,0.84,0.0,0.0,6.82,0.86,0.0,0.49,0
8.0,0.0,1.66,4.34,5.96,3.0,83.2,1.0,0.0,0.66,5.62,0.42,1.0,91.3,1.0,0.0,11.58,1.66,4.02,0.68,1.0,1.28,0.0,100.71,0.58,0.0,1.66,1
1.79,12.82,1.0,0.4,13.22,3.19,86.53,1.0,0.0,0.99,0.6,0.76,0.6,15.7,1.79,0.0,3.6,1.0,3.43,1.8,3.0,0.53,0.0,12.56,0.97,0.0,1.6,1
0.0,0.26,1.0,0.0,0.0,4.59,47.27,1.0,0.0,1.06,4.0,3.42,0.79,15.85,0.53,2.0,2.11,0.26,9.73,1.0,0.26,0.15,0.0,6.0,0.89,0.0,0.53,0
0.28,0.0,1.14,2.39,0.7,14.75,132.12,1.0,0.28,1.72,5.3,0.85,3.0,45.64,1.0,0.0,14.45,1.86,5.25,2.0,3.14,1.71,0.14,8.11,0.98,0.0,1.14,0
0.27,0.0,1.0,0.0,0.0,6.1,91.23,1.0,3.9,3.27,5.18,1.08,1.55,68.68,1.82,9.44,6.01,2.45,25.75,0.82,0.82,1.25,0.0,6.0,0.99,0.0,0.55,0
3.84,0.0,1.64,0.64,1.28,3.2,72.38,1.0,1.28,0.72,4.92,0.52,2.28,66.27,3.28,0.0,0.64,1.0,1.82,0.72,2.0,1.45,0.0,172.32,0.82,0.0,1.28,1
0.0,1.66,1.0,0.34,0.34,0.0,18.0,1.0,0.0,2.66,1.67,0.61,0.0,43.08,2.0,0.17,2.5,1.0,1.8,0.83,1.0,1.94,0.0,6.83,0.9,0.0,0.0,0
0.0,0.0,1.0,0.0,0.0,4.85,97.4,1.0,4.85,3.03,5.91,1.32,1.0,76.61,1.0,12.6,2.91,2.97,32.03,0.12,0.06,0.72,0.0,6.0,1.0,0.0,0.0,0
0.83,0.52,1.0,0.0,0.0,3.31,98.05,1.0,0.0,3.83,9.92,0.63,1.65,65.17,2.65,0.0,16.54,1.0,4.56,0.17,1.0,0.83,0.0,6.0,0.9,0.0,0.83,0
4.64,0.0,1.0,4.16,1.16,5.1,134.17,1.0,0.0,0.0,10.23,2.93,0.58,93.03,0.58,1.26,2.16,0.58,4.32,1.16,0.58,0.69,0.0,138.37,0.98,0.0,1.0,1
0.82,0.0,1.0,0.33,0.84,3.33,62.24,1.0,0.82,0.16,5.18,0.69,2.16,10.8,4.0,0.0,2.82,1.0,2.13,0.0,1.84,1.05,0.0,157.33,0.82,0.0,1.0,1
3.44,0.0,1.0,0.0,0.0,7.38,103.45,1.0,0.0,5.19,4.31,1.16,0.38,80.12,1.38,0.0,13.38,2.0,2.61,0.19,0.19,0.96,0.0,6.38,0.96,0.0,1.38,0
0.0,0.0,1.0,0.73,0.73,0.0,18.63,1.0,0.0,1.63,4.37,0.94,0.0,65.78,1.37,0.37,0.0,1.0,0.93,0.63,1.0,0.0,0.0,6.0,0.96,0.0,0.0,0
4.83,0.0,1.0,0.0,2.68,1.54,52.35,1.0,0.0,0.46,6.75,0.38,3.61,15.31,2.0,0.0,10.29,1.0,4.86,1.46,2.0,1.86,0.0,6.0,0.97,0.0,0.54,0
2.19,1.57,1.0,0.93,10.18,3.93,144.18,5.63,4.93,0.82,19.7,0.75,0.93,81.9,2.0,13.1,2.57,2.07,5.81,0.0,1.0,0.49,0.0,357.12,0.39,0.0,0.37,1
0.0,1.41,1.0,0.0,0.0,9.0,126.08,1.0,0.56,1.69,9.03,0.72,3.59,19.13,4.72,0.56,15.94,1.0,6.21,2.16,1.44,0.76,0.0,15.44,0.94,0.0,2.0,1
0.0,0.36,1.0,0.0,0.0,5.82,52.67,1.0,0.0,1.46,3.36,2.63,1.73,21.85,2.0,0.73,2.91,1.0,1.24,0.36,0.36,0.21,0.0,6.0,0.89,0.0,0.73,0
0.0,1.92,1.0,0.0,0.0,15.84,164.29,1.0,1.92,1.92,5.04,1.27,2.04,73.93,3.84,0.4,15.4,0.96,4.52,0.04,0.96,1.6,0.0,6.0,0.97,0.0,1.04,0
0.0,2.27,1.0,1.64,0.0,8.45,278.9,1.0,0.91,2.73,24.82,3.7,0.0,85.46,1.82,2.55,12.36,0.45,5.01,0.0,0.0,0.35,0.0,20.09,0.95,0.0,1.45,0
0.0,0.0,1.0,0.0,0.0,13.09,109.59,1.0,0.0,1.35,4.7,1.23,2.02,27.65,1.0,0.0,11.77,2.0,3.75,1.35,2.35,1.01,0.0,25.86,0.96,0.0,0.67,1
0.0,0.52,1.0,0.0,0.0,22.87,44.83,1.0,0.0,0.0,6.72,4.41,0.0,0.0,1.44,0.52,1.0,0.48,2.49,2.04,1.0,0.0,0.0,52.11,0.93,0.0,0.0,0
0.43,0.0,1.05,0.22,0.43,4.89,33.24,1.0,0.0,0.05,2.32,1.68,0.05,5.01,1.0,0.0,3.7,2.0,1.66,0.0,1.0,0.07,0.0,65.11,0.88,0.0,0.11,0
0.88,0.0,1.0,6.18,15.02,6.65,166.53,1.0,0.0,0.0,14.25,1.07,0.58,68.91,1.12,0.88,4.03,1.0,119.24,6.94,4.03,1.79,0.12,6.0,0.98,0.0,1.0,0
3.83,0.0,1.0,0.0,0.96,5.13,109.67,2.92,0.0,7.66,9.66,1.13,0.08,74.71,3.83,0.04,2.0,1.92,2.41,0.96,1.0,0.59,0.0,488.76,0.75,0.0,0.04,1
11.84,12.66,1.0,0.0,0.4,3.79,312.58,1.79,2.41,9.81,51.0,0.53,0.0,87.04,2.79,1.21,14.06,2.6,5.19,0.4,1.0,0.96,0.0,575.72,0.57,0.0,3.01,1
3.25,2.83,1.0,0.0,0.0,4.12,171.37,1.0,0.92,3.29,14.53,0.35,3.25,75.05,2.92,0.92,21.12,1.0,8.37,0.0,0.54,0.77,0.0,20.19,0.96,0.0,2.0,1
1.24,1.28,1.0,0.0,0.28,4.24,116.66,1.0,2.11,5.04,5.07,0.76,0.28,73.32,1.41,2.14,12.36,1.86,2.64,0.0,0.14,1.31,0.0,12.49,0.96,0.0,1.28,0
1.09,0.91,1.54,0.0,0.0,7.55,80.15,1.0,0.18,7.7,8.35,0.9,0.82,37.5,1.0,0.18,10.28,2.0,3.7,0.0,1.0,1.05,0.0,26.09,0.78,0.0,1.36,1
0.44,2.31,1.0,0.0,0.0,9.52,55.6,1.0,0.0,4.95,1.13,0.56,2.26,51.2,2.56,0.0,13.29,1.0,7.17,1.0,2.0,1.69,0.0,7.69,0.96,0.0,1.56,1
6.74,0.0,1.0,4.21,1.68,2.53,62.26,1.0,0.0,0.32,1.32,0.68,0.84,79.31,1.0,0.0,2.53,1.16,2.96,1.84,1.0,1.0,0.0,197.98,0.9,0.0,0.84,0
0.24,1.51,1.0,0.0,0.0,0.98,41.76,1.0,0.0,3.24,3.69,0.58,0.49,40.84,2.24,0.0,7.16,1.0,2.81,0.76,1.0,2.01,0.0,6.76,0.92,0.0,0.24,0
0.0,3.15,1.0,0.0,1.32,14.85,158.58,1.0,1.84,1.84,4.59,0.81,1.84,70.65,3.75,0.0,15.01,1.0,4.44,0.16,1.16,1.52,0.0,6.0,0.97,0.0,1.0,0
1.39,0.0,1.0,0.0,0.0,5.7,50.05,1.0,0.0,1.74,1.7,3.26,0.0,28.58,0.35,5.86,5.18,0.7,2.05,1.3,0.65,0.27,0.0,6.0,0.89,0.0,0.35,0
10.57,11.35,3.3,0.92,1.38,9.89,405.86,1.0,2.62,6.4,48.59,0.41,3.22,92.54,1.54,1.08,14.65,2.08,6.8,0.46,1.46,1.77,0.0,346.93,0.69,0.0,4.08,1
1.78,0.04,1.04,0.47,1.04,3.58,157.57,1.0,0.98,0.94,7.52,0.73,2.25,3.41,3.96,0.04,3.81,1.0,2.21,0.0,1.96,1.03,0.0,177.55,0.8,0.0,1.04,1
0.0,0.0,1.73,0.0,0.0,5.4,70.13,1.0,0.0,0.0,4.2,1.02,2.93,0.0,2.27,0.0,5.87,2.47,3.92,0.27,0.53,0.94,0.0,6.0,0.9,0.0,0.73,0
2.06,0.0,1.0,28.19,0.12,11.75,1164.04,1.0,85.46,2.88,2.12,0.33,16.94,88.5,3.81,0.0,32.38,1.0,6.6,0.12,0.06,1.42,0.0,6.0,1.0,0.0,0.06,0
0.0,0.0,1.27,0.0,0.0,9.73,43.53,1.0,0.0,0.0,2.27,3.6,0.0,0.0,1.27,0.73,3.53,1.0,2.34,1.53,0.53,0.13,0.0,32.01,0.9,0.0,0.53,0
0.0,4.26,1.0,0.0,0.0,0.65,70.91,1.0,0.0,3.32,1.0,1.74,0.0,43.32,1.68,0.0,2.35,1.0,2.65,1.65,1.0,1.58,0.0,6.68,0.92,0.0,0.32,0
0.0,8.93,1.0,0.0,0.0,4.19,70.52,1.0,0.0,0.0,1.62,3.86,0.0,0.0,0.0,1.4,2.38,0.0,5.92,0.4,0.0,0.0,0.0,6.0,0.92,0.0,1.19,0
0.0,1.09,1.0,0.0,0.0,2.83,60.89,1.0,2.28,4.09,3.28,1.09,0.46,68.22,1.0,5.94,3.54,1.91,16.48,1.09,0.54,0.32,0.0,6.0,0.95,0.0,0.0,0
1.11,1.75,1.0,0.0,0.62,7.26,151.39,1.0,0.0,0.88,13.51,1.94,0.62,10.52,1.12,0.88,3.48,1.88,2.08,0.12,1.12,0.33,0.0,6.0,0.98,0.0,1.0,0
2.78,0.0,1.0,2.78,1.0,1.37,57.49,1.0,0.07,0.07,3.0,1.27,0.22,85.21,1.29,0.15,1.0,1.0,2.17,0.07,1.0,0.73,0.0,24.18,0.95,0.0,0.93,1
0.0,1.78,1.3,2.37,0.0,5.7,63.84,1.0,0.0,0.59,5.41,1.35,0.0,26.04,2.7,0.59,4.7,1.0,1.74,0.3,1.7,0.33,0.0,49.65,0.5,0.0,1.0,1
0.17,0.0,1.0,0.17,0.06,3.83,21.2,1.0,0.0,0.0,1.11,0.36,4.72,4.97,1.94,0.0,25.53,1.0,49.18,49.06,25.53,0.99,0.94,6.0,0.92,0.0,1.0,0
0.0,0.0,1.0,0.86,0.86,2.59,29.36,1.0,0.0,0.27,4.0,1.56,0.0,50.0,1.86,0.0,0.0,1.0,1.86,0.14,1.0,0.0,0.0,6.0,0.92,0.0,0.0,0
3.04,4.55,1.0,0.0,0.0,0.24,24.24,1.0,0.76,3.28,12.11,0.29,0.48,64.88,1.24,0.76,9.04,1.76,3.64,0.48,0.48,0.43,0.0,8.28,0.86,0.0,1.52,0
0.0,4.45,1.69,5.51,0.0,9.35,86.41,1.0,0.0,1.38,3.38,1.21,0.0,60.65,2.0,1.69,6.8,1.31,4.62,2.86,1.31,0.6,0.0,6.0,0.96,0.0,1.31,0
0.76,0.0,1.0,0.0,0.0,14.03,129.12,1.0,0.76,3.04,4.44,1.36,2.28,33.45,3.04,1.2,12.8,0.76,5.94,2.52,2.28,2.06,0.0,6.0,0.97,0.0,2.0,0
1.35,0.08,1.04,1.19,0.0,10.04,103.03,1.0,0.67,2.14,3.67,4.15,0.2,3.81,1.0,0.96,4.98,1.2,1.73,0.96,0.04,0.06,0.0,20.28,0.9,0.0,0.2,0
4.84,4.3,1.0,0.0,0.0,1.94,72.9,1.0,0.0,2.36,4.39,0.92,4.84,84.69,1.61,0.39,15.25,0.81,10.01,0.19,0.81,0.62,0.0,16.09,0.96,0.0,1.81,1
0.0,0.0,1.0,0.0,0.0,6.31,53.52,1.0,1.73,1.04,2.73,4.26,0.35,26.94,0.35,5.14,1.04,1.04,12.67,1.31,0.65,0.24,0.0,6.0,0.91,0.0,0.0,0
2.58,0.86,1.0,0.0,0.57,3.44,161.93,1.0,2.58,8.31,7.3,0.64,1.29,50.49,2.57,0.86,14.91,1.0,2.97,1.43,1.71,1.0,0.0,58.71,0.98,0.0,0.86,1
0.0,0.0,1.0,0.0,0.0,4.92,23.62,1.0,0.0,0.0,1.31,0.42,4.38,0.0,2.0,0.0,20.23,1.0,37.08,36.31,20.54,0.92,0.69,6.0,0.93,0.0,0.69,0
0.26,0.0,1.0,0.26,2.9,4.74,94.22,2.32,1.32,1.47,10.58,0.82,0.26,45.64,2.74,3.69,7.63,1.26,3.39,0.0,1.0,0.51,0.0,92.91,0.82,0.0,0.74,1
0.7,1.3,1.0,0.0,0.0,8.39,149.48,1.0,0.7,5.8,5.9,0.8,1.4,65.87,3.4,0.7,10.69,1.7,4.86,0.3,1.0,1.72,0.0,9.1,0.95,0.0,1.4,1
0.45,0.0,0.45,13.09,7.59,3.13,104.12,1.0,0.0,0.0,7.15,1.48,0.0,34.85,0.45,0.45,0.45,0.45,57.24,0.45,0.45,0.85,0.0,6.0,0.95,0.0,0.45,0
2.11,0.0,1.0,0.0,0.0,8.26,77.95,1.0,0.63,4.37,3.0,0.69,1.89,58.01,2.89,0.0,13.63,1.37,5.08,1.89,1.89,2.0,0.0,6.0,0.97,0.0,1.63,0
0.0,0.12,1.97,2.91,0.0,3.88,63.56,1.0,0.0,4.0,9.77,0.71,0.0,65.53,1.0,0.03,1.03,1.0,3.38,0.97,1.0,0.75,0.0,6.0,0.96,0.0,0.97,0
2.49,0.0,1.0,0.0,3.11,5.62,257.56,6.61,9.36,5.49,18.46,1.13,0.38,73.02,3.49,6.77,6.74,1.75,13.78,0.0,0.0,0.52,0.0,502.98,0.98,0.0,1.25,1
0.0,2.05,1.0,0.0,0.0,0.0,19.85,1.0,0.0,2.05,4.28,0.74,0.0,63.15,1.48,0.0,1.9,1.48,1.81,0.52,1.0,0.32,0.0,6.0,0.6,0.0,0.0,0
0.73,5.37,7.6,5.87,4.03,11.37,181.89,1.0,0.0,2.53,1.1,0.43,5.13,68.8,1.0,0.0,2.47,1.0,6.55,1.37,1.37,1.33,0.0,11.5,0.84,0.0,1.83,1
0.0,2.14,1.0,0.0,0.0,1.39,40.65,1.0,0.0,2.14,2.46,1.44,0.46,44.49,1.93,0.54,2.46,1.0,1.98,0.46,1.46,0.48,0.0,8.78,0.8,0.0,0.46,0
0.0,0.0,0.58,22.11,0.0,1.75,51.36,1.0,0.0,1.67,2.33,2.8,0.0,0.0,0.42,1.17,0.83,0.42,6.99,0.58,0.0,0.0,0.0,8.09,0.78,0.0,1.25,0
2.73,25.21,1.0,1.0,0.0,7.32,342.7,1.0,1.36,8.86,1.91,2.4,1.0,96.59,0.68,1.0,15.63,1.36,5.72,0.32,0.0,0.29,0.0,6.0,0.97,0.0,1.32,0
0.0,1.37,1.0,0.0,0.73,2.18,46.31,1.0,0.0,1.1,4.35,0.7,1.45,16.45,3.18,0.0,1.73,1.0,2.16,0.27,1.73,0.73,0.0,135.19,0.83,0.0,0.73,1
0.0,0.0,1.0,0.0,0.01,0.01,16.36,1.01,0.01,4.0,3.02,0.28,1.0,33.04,1.0,0.0,0.01,2.0,4.66,4.0,2.0,1.6,0.0,6.84,0.93,0.0,0.0,0
1.53,0.0,0.76,0.0,2.29,4.59,35.41,1.0,0.0,0.0,0.76,2.34,6.12,0.0,0.76,0.24,0.76,0.76,4.59,1.53,2.29,1.22,0.76,6.0,0.94,0.0,0.76,0
0.82,0.18,1.0,0.0,4.12,4.0,49.14,1.0,0.0,0.0,4.12,1.71,0.0,0.0,1.35,0.18,6.6,1.0,41.96,0.18,1.0,0.41,0.0,65.37,0.91,0.0,0.82,1
34.3,0.0,1.0,10.53,0.0,0.38,251.2,4.81,0.0,8.57,26.01,0.57,1.0,94.28,3.81,0.05,4.86,1.91,3.39,0.05,0.95,0.79,0.0,37.44,0.72,0.0,1.05,1
0.0,0.0,1.0,0.79,0.0,5.54,28.91,1.0,0.0,0.42,1.42,3.76,0.0,86.01,1.0,0.79,0.79,1.21,6.54,6.54,1.0,0.0,0.0,6.0,0.8,0.0,0.0,0
1.3,3.9,12.71,10.41,7.15,21.91,312.92,1.0,0.0,0.0,2.65,0.72,9.11,54.63,1.0,0.0,4.3,1.35,9.22,1.3,1.65,2.35,0.0,37.08,0.79,0.0,3.25,1
0.0,0.0,1.0,0.0,0.0,4.84,51.09,1.0,0.0,10.07,5.42,0.39,1.0,55.6,2.81,0.0,4.04,1.0,9.94,0.39,2.0,0.76,0.0,16.61,0.94,0.0,1.61,1
1.15,0.43,1.57,9.76,2.87,0.57,29.89,1.0,1.15,0.43,4.41,0.21,1.72,68.04,1.43,0.0,4.57,1.43,5.63,1.15,2.72,2.01,0.57,14.61,0.87,0.0,1.15,0
0.0,0.0,1.0,0.0,0.0,6.0,59.64,1.0,0.0,1.43,6.48,1.2,0.24,16.23,3.0,0.0,5.72,1.0,2.14,0.24,1.76,0.49,0.0,53.2,0.47,0.0,1.0,1
0.31,0.0,1.0,0.0,0.15,6.16,53.19,1.0,0.15,1.69,2.85,1.19,1.08,27.92,1.46,0.0,2.77,1.85,2.17,1.31,1.0,0.35,0.0,6.0,0.55,0.0,0.15,0
1.69,0.88,1.0,1.69,0.56,1.0,44.85,1.0,0.0,2.19,2.12,1.11,0.0,75.73,1.0,0.0,2.31,1.0,2.39,0.88,1.0,0.42,0.0,6.0,0.94,0.0,0.56,0
2.53,0.0,3.64,1.06,1.59,13.29,255.9,1.0,0.53,3.83,12.11,0.72,4.17,87.29,1.94,0.0,10.24,1.47,4.93,0.53,1.53,2.0,0.0,17.57,0.93,0.0,3.0,1
7.05,0.37,2.0,5.5,1.63,11.82,342.55,1.0,3.12,9.9,9.7,1.12,4.18,17.61,1.0,0.0,10.54,1.92,5.16,0.0,1.0,2.58,0.0,72.03,0.94,0.0,1.73,1
21.93,0.42,1.42,22.79,0.85,14.97,1911.49,1.0,63.86,12.75,21.51,0.4,14.18,91.7,3.58,0.42,41.63,1.0,7.23,0.0,0.42,1.62,0.0,6.0,0.99,0.0,0.85,0
0.0,1.19,1.0,1.21,0.0,15.14,123.45,1.0,0.0,0.6,5.43,1.81,3.0,88.1,2.38,2.19,10.36,0.6,5.59,2.19,0.6,0.43,0.0,6.0,0.96,0.0,2.0,0
0.72,0.0,1.0,0.0,0.72,1.45,24.78,1.0,0.0,0.55,1.83,1.71,0.72,13.85,2.45,0.0,0.72,1.0,1.0,1.0,1.72,0.0,0.0,40.7,1.0,0.0,0.0,0
0.75,0.0,1.0,0.0,0.0,2.99,64.72,1.0,0.0,3.87,5.62,1.09,0.37,51.31,1.75,0.0,5.61,2.0,1.81,0.63,1.0,0.56,0.0,6.37,0.63,0.0,1.12,0
0.0,1.6,1.0,0.0,0.0,2.01,32.83,1.0,0.0,3.99,2.01,0.98,0.0,47.94,1.4,0.0,4.2,1.0,2.37,1.6,1.2,0.07,0.0,18.46,0.79,0.0,0.2,0
0.35,2.09,1.0,0.35,0.0,1.74,56.32,1.0,0.0,5.04,6.13,0.59,0.65,52.81,1.0,1.39,1.04,2.0,3.72,2.61,1.3,1.2,0.0,6.0,0.95,0.0,0.7,0
0.05,0.14,1.0,0.0,0.0,0.38,18.87,1.0,0.09,4.19,2.91,0.3,1.0,35.21,1.05,0.19,0.71,1.95,4.68,3.86,1.95,1.6,0.0,6.0,0.93,0.0,0.05,0
1.75,0.0,1.0,2.92,2.05,0.88,29.68,1.0,0.0,2.83,5.25,0.55,0.88,72.17,2.42,0.0,1.58,1.0,3.83,1.42,0.71,0.81,0.0,6.0,0.93,0.0,0.0,0
0.67,0.0,1.0,0.42,0.17,7.58,37.0,1.0,0.0,0.0,1.92,4.5,1.92,7.32,0.08,0.92,2.08,0.08,3.49,0.17,1.0,0.1,0.0,24.97,0.89,0.0,1.0,0
0.0,1.0,1.0,0.0,0.0,8.65,34.01,1.0,0.0,0.21,2.71,0.66,1.57,12.83,3.57,0.0,8.72,1.21,3.33,1.57,1.79,0.73,0.0,6.0,0.9,0.0,0.0,0
0.05,0.0,1.0,0.97,0.03,8.81,97.44,1.0,0.03,0.0,5.9,4.6,1.15,97.47,0.1,0.97,2.4,0.03,2.49,1.05,0.03,0.06,0.0,6.0,0.92,0.0,1.97,1
0.0,0.0,0.83,9.14,0.0,0.0,28.18,1.0,0.0,2.35,2.48,0.72,0.83,27.31,1.83,0.0,0.35,1.0,1.65,1.65,1.65,0.66,0.0,52.37,0.94,0.0,0.52,1
0.54,0.0,1.0,0.0,0.54,1.54,26.08,1.0,0.0,0.46,1.92,1.31,1.46,15.24,2.54,0.0,3.31,1.0,2.54,1.46,2.0,0.83,0.0,31.83,0.97,0.0,0.0,1
0.94,1.06,1.0,0.0,1.41,13.44,81.06,1.0,0.0,0.53,2.06,0.86,5.34,42.53,2.59,1.59,7.91,1.0,6.32,2.53,1.94,1.13,0.47,6.0,0.96,0.0,1.53,0
1.53,0.0,1.0,1.92,4.99,3.08,44.16,1.0,0.0,7.52,19.96,0.72,0.0,72.66,1.62,0.0,2.62,1.38,4.43,0.38,1.62,0.53,0.0,14.05,0.95,0.0,0.77,0
1.61,0.0,1.0,1.61,9.32,3.31,100.08,1.0,0.0,0.0,10.4,1.0,0.46,47.31,1.0,0.0,5.62,1.0,3.18,0.46,1.0,1.02,0.0,6.0,0.97,0.0,1.0,0
2.95,0.0,1.0,0.0,3.95,5.21,275.33,7.64,8.85,5.16,20.75,0.93,0.52,51.63,4.74,2.21,7.16,1.0,2.14,0.0,0.52,0.57,0.0,641.32,0.92,0.0,1.74,1
0.0,0.0,1.33,0.99,0.0,5.34,55.94,1.0,0.0,1.31,7.31,1.14,0.0,21.36,2.34,0.0,3.69,1.0,1.9,0.33,1.67,0.47,0.0,47.63,0.52,0.0,1.0,0
0.37,0.0,1.0,1.27,0.37,6.44,102.55,1.0,0.0,0.0,2.27,3.6,0.37,63.49,2.37,1.9,3.54,1.63,2.06,0.37,2.0,0.38,0.0,54.0,0.66,0.0,1.9,1
35.41,0.0,1.0,10.82,0.0,0.12,256.18,4.93,0.03,8.88,26.65,0.38,0.98,93.16,3.98,0.0,5.08,1.98,3.42,0.02,1.0,0.82,0.0,38.74,0.72,0.0,1.02,1
0.67,1.45,1.0,0.0,0.0,5.55,48.2,1.0,0.0,4.48,3.36,2.59,0.45,19.73,2.22,0.0,4.71,1.45,2.63,1.55,1.0,0.41,0.0,6.45,1.0,0.0,0.45,0
0.97,5.84,1.0,0.97,0.0,4.87,129.01,1.0,0.0,6.84,11.97,1.15,0.0,87.6,1.0,3.89,3.0,1.97,2.61,0.05,0.03,0.45,0.0,6.0,0.97,0.0,1.95,0
0.0,0.78,1.0,0.0,0.0,3.22,136.87,1.0,0.81,11.26,19.73,1.24,0.0,89.45,1.0,13.9,11.67,1.0,7.61,1.61,1.0,0.44,0.0,8.42,0.92,0.0,1.61,1
1.0,0.0,1.0,0.0,1.0,2.0,27.0,1.0,0.0,0.0,1.0,1.93,1.0,0.0,3.0,0.0,1.0,1.0,1.0,1.0,2.0,0.0,0.0,54.0,1.0,0.0,0.0,0
0.0,16.34,1.0,0.0,0.0,7.24,176.62,1.0,0.0,3.58,2.69,4.06,0.0,44.79,0.0,1.45,5.79,0.0,1.95,0.45,0.0,0.0,0.0,29.29,0.9,0.0,1.55,1
0.0,0.0,1.0,0.87,0.0,6.96,84.51,1.0,0.0,0.26,5.61,4.25,0.87,91.29,0.13,0.87,1.74,0.26,2.16,1.0,0.13,0.0,0.0,6.0,0.86,0.0,1.74,1
1.95,0.14,1.95,16.22,4.77,1.32,36.92,1.0,2.0,0.37,1.0,0.16,2.91,74.27,1.05,0.18,5.46,1.0,7.67,1.95,3.86,2.94,0.95,20.31,0.98,0.0,1.95,1
1.2,1.2,1.0,0.0,0.6,26.43,282.68,1.0,4.59,10.78,15.17,0.79,4.61,37.91,2.8,0.4,19.6,1.4,8.29,1.8,0.6,1.8,0.0,6.0,0.94,0.0,1.0,0
0.0,0.0,1.0,0.0,0.0,5.08,34.14,1.0,0.0,1.97,4.46,2.53,0.0,34.96,1.98,0.51,2.02,1.0,2.38,1.49,0.49,0.0,0.0,6.0,0.92,0.0,0.0,0
5.11,0.0,1.0,12.26,5.62,7.04,131.17,1.0,2.44,1.47,3.44,0.97,1.51,86.69,1.0,6.36,1.98,1.98,18.23,0.51,0.51,1.12,0.51,8.56,0.95,0.0,0.0,1
0.56,0.0,1.0,8.38,0.0,6.24,368.37,1.0,25.43,0.84,2.72,2.45,5.75,25.15,2.56,0.0,9.5,1.0,1.88,0.0,0.0,0.41,0.0,6.0,0.93,0.0,0.0,0
4.82,5.59,2.22,0.0,0.0,0.41,65.57,1.0,1.0,17.86,20.3,0.19,0.0,82.74,1.0,1.0,8.78,2.0,5.28,0.0,0.41,0.51,0.0,14.3,0.72,0.0,2.41,0
2.03,18.78,1.0,0.51,0.0,5.52,272.84,1.0,1.02,8.08,4.43,1.25,0.51,69.88,1.0,0.51,12.64,2.49,4.64,0.0,0.49,0.35,0.0,6.0,0.98,0.0,1.0,0
0.99,0.0,1.99,0.0,1.99,11.93,69.7,1.0,0.0,0.01,2.01,1.25,3.99,0.22,1.01,0.0,1.03,1.0,4.66,0.01,1.01,2.79,0.0,6.0,0.96,0.0,0.99,0
1.75,0.0,0.87,28.48,0.0,10.48,1081.53,1.0,79.47,2.62,1.75,0.45,15.72,78.59,3.49,0.0,29.69,0.87,5.88,0.0,0.0,1.3,0.0,6.0,0.99,0.0,0.0,0
3.03,0.51,2.01,0.51,0.0,8.03,217.8,1.0,3.48,5.53,8.53,1.03,1.0,77.49,1.51,6.43,8.06,2.49,18.9,0.0,0.51,1.31,0.0,79.31,0.92,0.0,1.52,1
0.0,1.0,1.0,0.0,0.0,0.13,33.85,1.0,0.04,0.09,0.13,3.19,0.0,3.13,1.96,1.04,2.18,2.0,4.87,4.78,1.91,0.06,0.0,6.0,0.9,0.0,0.04,0
4.51,0.75,2.75,1.5,0.0,9.26,266.22,1.0,1.5,7.01,10.75,0.71,0.75,74.02,1.75,0.0,10.02,1.75,4.75,0.25,1.0,1.62,0.0,115.0,0.87,0.0,2.5,1
9.65,0.0,1.0,23.17,10.62,8.69,156.09,1.0,0.0,0.07,1.1,0.63,1.93,93.44,1.0,0.0,0.97,1.0,4.07,1.0,1.0,1.49,0.97,10.83,0.9,0.0,0.0,1
0.0,1.7,1.0,0.0,0.23,4.47,140.58,1.0,1.4,0.0,13.91,1.74,0.0,0.0,2.53,3.8,2.34,1.47,1.03,0.0,0.77,0.07,0.0,8.34,0.93,0.0,0.23,1
2.66,0.88,1.0,29.43,0.35,11.47,1181.4,1.22,86.99,3.84,1.96,0.25,17.21,90.22,3.96,0.09,32.77,1.0,6.64,0.04,0.0,1.45,0.0,6.04,1.0,0.0,0.09,0
0.0,0.0,3.46,0.82,16.41,4.08,85.12,1.0,0.0,0.0,16.77,0.32,3.36,53.32,1.72,0.0,4.62,1.0,5.28,1.36,1.18,1.7,0.0,50.48,0.88,0.0,2.0,1
0.0,0.0,1.0,0.0,0.0,2.8,25.01,1.0,0.0,1.2,3.2,0.94,1.2,29.97,1.4,0.0,2.0,1.0,2.0,1.0,3.0,0.3,0.0,6.0,0.98,0.0,0.0,0
0.0,1.0,1.0,0.0,0.0,7.62,72.6,1.0,0.0,2.89,3.45,1.6,2.17,43.39,2.28,1.72,5.78,1.0,2.55,0.72,1.0,0.41,0.0,6.0,0.88,0.0,1.45,0
0.88,0.75,1.12,0.99,0.0,7.63,63.98,1.0,0.88,1.12,3.12,0.92,0.88,45.96,1.12,0.25,11.01,1.88,3.19,0.12,1.0,1.04,0.0,6.0,0.96,0.0,1.0,0
0.0,1.0,1.0,0.0,0.0,18.08,71.6,1.0,0.0,0.0,2.0,1.06,0.0,0.0,2.06,1.0,12.2,1.94,7.53,6.57,1.94,1.13,0.0,6.0,0.95,0.0,1.88,0
0.89,0.89,1.0,8.0,0.0,5.11,108.91,1.0,10.67,13.34,0.66,0.84,0.0,78.25,1.22,0.0,5.0,1.0,4.26,0.89,1.11,0.98,0.0,12.87,0.75,0.0,1.0,1
0.31,0.31,1.0,4.2,0.0,7.74,136.57,1.0,3.77,4.72,2.06,3.37,0.0,96.23,1.69,2.06,5.0,1.69,3.29,0.31,1.69,0.75,0.0,38.91,0.57,0.0,2.37,1
0.74,0.26,1.0,5.17,12.54,6.74,148.26,1.0,0.0,0.0,12.33,1.22,0.26,57.56,1.52,1.26,2.31,1.0,94.98,0.74,1.0,1.4,0.0,6.0,0.97,0.0,0.74,0
0.0,3.02,1.0,0.0,0.33,3.27,53.91,1.0,0.0,3.35,2.33,1.58,0.98,67.94,1.98,0.67,6.26,1.0,3.79,0.33,1.0,0.87,0.0,6.65,0.79,0.0,0.33,0
0.54,0.0,1.0,0.0,0.0,5.3,97.3,1.0,1.61,0.54,6.3,1.23,0.54,45.67,3.0,0.54,11.82,1.54,2.23,0.46,0.93,0.4,0.0,6.0,0.73,0.0,0.54,0
0.0,2.14,1.36,2.85,0.0,9.5,111.95,1.0,0.0,0.71,5.29,8.38,1.93,31.38,0.71,7.15,2.07,0.36,3.46,1.0,0.36,0.55,0.0,6.0,0.95,0.0,1.64,0
0.0,2.0,1.0,0.0,0.0,0.55,19.43,1.0,0.0,2.67,0.89,1.1,0.0,29.38,1.89,0.11,2.78,1.0,1.89,1.0,1.0,2.08,0.0,6.89,0.9,0.0,0.0,0
0.0,0.0,1.0,0.0,0.0,5.56,42.7,1.0,0.0,0.0,1.72,2.95,0.0,0.0,4.33,1.0,1.44,0.72,3.44,1.28,1.72,0.54,0.0,6.0,0.92,0.0,0.0,0
1.15,0.0,1.0,0.0,0.0,4.61,86.31,1.0,0.0,5.73,7.03,0.61,1.0,61.24,2.15,0.0,8.64,2.0,3.8,1.69,1.42,1.54,0.0,6.58,0.9,0.0,1.73,1
0.05,0.95,1.05,0.0,0.1,5.34,77.61,1.0,0.95,2.85,6.76,1.14,1.15,59.0,1.0,0.0,3.85,1.95,1.92,0.0,1.0,1.17,0.0,6.0,0.97,0.0,1.0,0
1.0,0.0,1.0,0.0,0.0,9.0,75.74,1.0,0.89,4.22,3.75,0.41,2.89,47.01,3.89,0.0,14.11,1.11,6.57,2.78,2.78,2.61,0.0,6.22,0.97,0.0,2.11,1
2.66,0.0,1.0,0.83,0.59,3.24,52.68,1.0,2.07,0.41,1.0,1.32,1.83,27.33,3.41,0.0,3.48,1.0,1.75,0.59,1.59,0.54,0.0,40.33,0.98,0.0,0.41,1
3.91,0.3,1.0,0.7,1.39,5.58,95.13,1.0,1.39,1.0,4.0,1.01,2.51,70.54,1.3,0.0,10.72,1.0,6.78,1.39,1.0,0.55,0.0,6.0,0.98,0.0,1.3,0
0.0,1.51,1.0,0.0,0.0,2.47,31.43,1.0,0.0,2.55,1.49,1.4,0.0,30.58,1.98,0.49,2.04,1.0,1.52,1.02,1.0,0.0,0.0,6.0,0.91,0.0,0.0,0
10.9,11.86,1.0,10.08,5.97,2.44,52.23,3.97,0.0,13.05,1.0,0.17,3.26,56.34,2.19,1.19,3.97,1.0,5.16,1.41,1.22,1.13,0.41,6.59,0.98,0.0,1.59,0
0.0,0.44,1.0,1.89,1.33,7.56,143.38,1.0,1.33,0.0,11.78,2.94,1.0,98.67,0.89,4.11,4.22,0.89,3.06,0.56,0.44,0.43,0.0,6.0,0.94,0.0,2.0,0
5.5,0.69,1.0,1.69,6.88,4.56,68.56,1.0,0.0,0.0,2.56,1.54,3.75,86.25,0.69,0.31,2.0,0.69,3.27,1.69,0.69,1.26,0.0,8.06,0.92,0.0,1.31,0
0.0,0.0,1.0,0.0,0.0,4.22,31.91,1.0,0.0,0.0,2.7,0.72,1.61,0.0,2.7,0.0,3.61,1.0,1.76,1.0,3.22,0.23,0.0,10.17,0.93,0.0,0.7,1
0.0,0.88,1.0,2.63,2.63,6.38,188.0,1.0,2.75,0.0,17.64,0.78,0.88,84.97,2.25,7.13,7.25,1.88,3.8,0.0,1.0,0.93,0.0,6.0,0.97,0.0,1.88,0
3.2,8.1,1.9,0.2,0.0,14.0,782.1,1.0,1.4,16.3,35.21,0.75,2.1,84.0,3.1,0.0,41.21,1.0,4.63,0.0,1.0,1.03,0.0,51.6,0.89,0.0,1.9,1
0.0,0.0,1.0,0.0,0.0,3.76,21.84,1.0,0.0,0.0,1.47,0.4,4.05,0.0,2.24,0.0,21.33,1.0,39.95,39.95,21.09,0.76,0.76,7.42,0.92,0.0,1.0,0
0.0,0.0,1.0,0.31,0.0,4.92,32.39,1.0,0.0,0.0,2.39,3.65,0.69,30.61,1.69,0.31,0.31,1.0,2.45,2.45,0.31,0.0,0.0,6.0,0.89,0.0,0.0,0
3.18,0.2,1.82,3.98,10.35,3.26,45.34,1.0,0.0,15.55,35.44,0.14,2.65,78.53,1.41,0.0,5.87,1.8,8.14,2.02,1.2,1.21,0.41,22.72,0.91,0.0,1.8,1
0.0,6.9,1.0,0.0,0.0,4.34,168.22,1.0,0.0,3.07,2.17,6.05,0.7,49.82,0.77,2.34,1.0,0.77,3.92,2.53,0.77,0.16,0.0,6.0,0.97,0.0,1.23,0
2.29,3.73,1.0,0.0,1.27,0.51,32.74,1.0,0.0,2.98,2.54,0.48,1.27,44.75,1.25,0.0,4.3,1.0,3.29,1.0,1.25,0.48,0.0,6.0,0.93,0.0,0.25,0
1.88,5.65,18.07,15.07,10.36,30.01,442.68,1.0,0.0,0.12,2.94,0.28,13.3,79.09,1.0,0.0,4.71,1.0,12.76,2.06,2.23,3.56,0.06,20.12,0.74,0.0,4.77,1
9.25,11.33,1.0,9.25,4.35,2.28,69.3,3.72,0.46,13.33,3.74,0.56,0.46,79.95,2.09,1.09,5.09,1.46,3.3,0.54,0.46,0.93,0.0,6.54,0.98,0.0,1.54,1
0.0,0.91,1.0,0.0,0.0,10.03,35.94,1.0,0.0,0.35,1.53,0.76,1.82,6.27,3.91,0.0,9.2,1.0,3.48,2.0,1.91,0.68,0.0,6.0,0.94,0.0,0.0,0
0.0,0.82,2.18,0.0,0.0,8.68,60.49,1.0,0.0,3.23,1.59,1.62,1.18,24.55,1.0,0.0,1.64,1.0,2.86,2.59,3.95,1.54,0.59,6.0,0.94,0.0,0.59,0
0.0,0.67,3.67,0.0,0.0,10.67,54.36,1.0,0.0,4.67,4.0,0.29,8.67,26.99,2.67,0.0,16.01,1.0,10.53,4.0,1.33,2.27,1.33,6.67,0.76,0.0,1.33,1
0.0,0.0,1.0,0.0,0.0,2.79,117.12,1.0,0.7,9.06,20.97,0.85,0.0,63.44,1.61,11.85,10.06,1.0,6.69,1.7,1.0,0.23,0.0,37.17,0.96,0.0,1.39,1
0.0,0.64,1.0,0.0,0.0,4.2,34.45,1.0,0.0,0.0,2.0,1.49,0.64,0.0,3.0,1.28,3.84,1.0,1.61,0.36,1.36,0.0,0.0,6.0,0.84,0.0,0.0,0
0.07,0.0,1.07,0.0,17.84,6.41,143.63,1.0,0.0,0.0,17.84,0.7,1.2,0.0,1.0,0.0,10.32,1.0,4.39,0.93,1.0,1.43,0.0,6.0,0.98,0.0,1.0,0
4.67,0.53,1.0,0.93,5.6,4.6,64.74,1.0,0.0,0.53,2.53,0.43,2.47,53.95,2.6,0.0,9.93,1.0,4.63,1.0,1.93,0.86,0.0,6.0,0.82,0.0,1.07,0
13.46,2.0,1.4,11.88,0.0,14.02,716.38,1.0,7.94,22.59,20.44,0.7,3.19,84.52,2.81,0.0,30.65,2.98,5.67,0.0,1.0,1.63,0.0,148.54,0.92,0.0,2.58,1
0.0,1.77,1.0,0.0,0.0,18.31,108.95,1.0,0.0,0.89,2.89,1.41,2.66,70.96,3.66,2.66,12.76,1.11,6.02,2.66,1.0,0.63,0.0,12.89,0.94,0.0,1.77,1
0.0,0.78,1.0,0.0,0.0,4.22,33.7,1.0,0.0,0.0,1.78,3.09,0.22,0.0,3.22,1.87,0.22,1.0,0.48,0.22,0.78,0.0,0.0,6.0,0.9,0.0,0.0,0
0.27,0.0,1.0,0.0,0.0,4.0,146.53,1.0,0.73,10.6,20.8,0.91,0.53,84.06,1.53,12.47,15.6,1.0,7.84,1.47,1.0,0.51,0.0,8.2,0.98,0.0,1.73,1
46.94,1.47,1.96,12.49,1.91,18.19,2713.08,1.0,25.84,25.1,45.99,0.57,8.61,92.8,2.91,0.96,49.99,1.0,7.73,0.04,1.0,1.79,0.0,6.0,0.98,0.0,1.96,1
0.0,0.57,2.3,0.43,8.67,7.53,62.14,1.0,0.0,0.0,9.24,0.53,2.43,28.17,2.7,0.0,6.97,1.0,4.11,1.57,1.57,1.25,0.0,29.41,0.91,0.0,0.87,1
0.0,1.36,1.0,0.0,0.0,10.35,123.07,1.0,0.0,3.39,3.58,2.04,0.0,40.66,0.68,1.61,5.61,0.68,2.85,1.68,0.68,0.0,0.0,6.0,0.93,0.0,0.64,0
0.0,0.73,1.0,0.0,0.0,5.73,47.44,1.0,0.0,0.73,2.73,0.9,1.45,18.17,3.18,0.0,12.45,1.27,3.86,0.73,1.0,0.48,0.0,22.68,0.92,0.0,1.45,1
0.95,5.75,1.0,0.95,0.0,5.3,127.26,1.0,0.0,6.65,11.45,1.15,0.1,85.51,1.15,3.8,3.35,1.95,2.02,0.1,0.1,0.47,0.0,6.0,0.97,0.0,1.9,0
0.07,5.78,1.96,7.71,0.11,5.04,90.01,1.0,0.0,1.93,3.89,1.27,0.29,84.76,1.96,1.93,3.89,1.0,3.21,1.04,1.07,0.38,0.04,6.0,0.97,0.0,1.0,0
1.18,0.0,2.96,0.79,1.18,7.07,150.84,1.0,0.39,1.61,10.36,0.37,2.75,58.59,1.61,0.0,6.0,1.0,5.13,0.39,0.79,1.2,0.0,15.46,0.79,0.0,2.39,1
4.76,0.0,1.0,1.06,10.02,7.06,138.43,1.0,0.0,2.64,10.55,0.49,2.06,41.74,3.11,0.0,6.24,1.0,4.53,1.0,2.06,1.69,0.0,23.44,0.96,0.0,2.59,1
0.65,5.58,1.0,0.0,5.58,5.91,65.58,1.0,0.65,0.65,1.95,0.87,0.65,26.05,1.0,0.0,9.21,1.65,3.17,0.7,1.7,0.8,0.0,6.0,0.96,0.0,1.0,0
0.0,0.03,1.0,0.0,0.0,6.76,86.51,1.0,1.93,1.97,6.35,1.2,0.0,41.89,2.93,0.0,9.86,1.03,1.75,1.0,1.0,0.39,0.0,22.41,0.89,0.0,1.97,1
0.0,0.85,1.0,2.56,2.56,5.97,178.44,1.0,2.56,0.59,17.23,0.74,0.85,93.16,2.15,6.82,6.11,1.85,3.86,0.3,1.0,0.82,0.0,6.0,0.96,0.0,1.7,0
0.0,4.9,1.0,0.0,0.0,3.37,144.66,1.0,2.28,3.54,3.28,2.87,0.46,70.92,1.0,5.92,1.91,1.91,17.16,1.63,0.54,0.32,0.0,6.0,0.99,0.0,0.54,0
0.0,1.0,1.0,0.0,0.0,28.82,64.02,1.0,0.0,3.92,0.98,4.39,1.96,14.2,1.47,0.51,11.28,0.49,6.92,2.02,1.49,0.98,0.0,7.47,0.95,0.0,0.98,0
0.0,0.54,4.08,0.0,0.0,15.08,78.14,1.0,0.0,4.16,2.0,1.15,7.94,11.89,2.08,0.0,11.35,1.0,8.76,4.62,3.84,2.92,1.54,6.0,0.87,0.0,1.0,0
2.15,0.0,4.59,1.43,2.15,15.74,271.09,1.0,0.72,0.72,10.61,1.65,5.02,65.99,1.0,0.28,5.15,1.0,5.09,1.0,1.43,1.76,0.0,21.06,0.95,0.0,2.15,1
2.78,0.31,1.0,0.0,3.78,7.22,264.51,7.24,8.33,5.47,18.96,0.89,0.92,59.9,4.69,2.08,10.84,1.0,3.28,0.31,0.31,0.54,0.0,560.27,0.97,0.0,1.69,1
0.0,5.97,1.99,7.96,0.0,4.97,91.8,1.01,0.0,1.99,4.03,1.31,0.0,87.74,2.01,1.99,3.99,1.0,3.1,0.99,1.0,0.33,0.0,6.98,0.97,0.0,1.0,0
0.84,0.32,1.0,0.0,0.0,10.77,155.93,1.0,2.52,1.0,8.88,0.87,1.32,84.2,3.16,1.32,20.71,1.84,3.46,0.48,0.16,0.74,0.0,6.0,0.79,0.0,1.16,0
0.0,0.97,1.0,0.1,0.0,10.9,43.24,1.0,0.0,0.0,1.74,0.94,1.93,3.36,3.87,0.1,9.7,0.97,3.57,1.93,1.93,0.72,0.0,6.0,0.94,0.0,0.03,0
3.42,3.18,1.0,0.0,4.24,3.85,112.26,1.0,0.61,1.67,16.06,0.68,0.0,14.1,1.15,0.3,10.12,1.3,44.06,0.0,1.0,0.61,0.0,159.99,0.84,0.0,1.61,1
0.0,1.59,1.0,0.0,0.0,0.0,19.02,1.0,0.0,2.39,3.66,0.56,0.0,26.24,2.2,0.0,2.59,1.0,1.99,1.0,1.0,1.86,0.0,26.46,0.91,0.0,0.0,0
0.95,0.0,2.58,0.63,0.95,7.73,136.36,1.0,0.32,0.32,7.15,3.01,2.21,28.99,0.32,1.37,1.89,0.32,10.27,1.0,0.63,0.77,0.0,12.62,0.91,0.0,0.95,1
1.61,3.23,1.0,2.42,0.0,4.81,418.71,1.0,8.07,16.95,51.42,1.14,1.0,77.46,2.81,6.46,31.47,1.81,3.71,0.0,0.0,0.53,0.0,114.93,0.85,0.0,2.42,1
0.61,0.0,1.39,0.0,0.0,9.0,59.02,1.0,0.61,2.44,3.0,0.88,1.83,26.82,3.22,0.0,10.49,1.0,5.97,3.0,2.61,1.85,0.0,44.27,0.93,0.0,2.0,1
3.44,2.47,1.0,0.0,2.53,4.47,329.69,1.0,3.7,0.0,36.54,0.74,1.91,0.0,1.38,8.02,11.53,2.23,4.09,0.38,0.77,0.91,0.0,12.17,0.99,0.0,1.0,1
2.84,0.05,1.0,2.84,0.95,0.95,57.32,1.0,0.0,0.05,3.68,1.25,0.0,83.99,1.0,0.0,1.26,1.05,2.14,0.05,1.0,0.72,0.0,6.0,0.95,0.0,1.0,0
0.0,1.0,2.98,0.0,0.0,9.93,54.27,1.0,0.0,2.96,2.0,1.14,6.42,10.87,3.0,0.51,10.38,1.0,6.92,2.96,1.49,1.58,0.99,6.0,0.85,0.0,0.49,0
0.0,0.0,1.75,3.63,0.0,3.5,60.62,1.0,0.0,3.5,8.75,0.97,0.0,56.86,0.87,0.0,0.87,0.87,2.97,0.87,0.87,0.66,0.0,6.0,0.95,0.0,0.87,0
0.02,0.0,1.0,0.0,0.0,4.98,49.04,1.0,0.0,0.06,2.16,1.83,0.03,1.01,5.95,0.98,2.28,1.0,4.02,0.98,1.98,0.75,0.0,6.0,0.94,0.0,0.02,0
2.6,0.0,1.0,0.4,0.8,32.99,201.77,1.0,1.8,0.2,1.8,0.82,6.2,13.21,4.0,0.0,15.8,1.0,7.44,2.4,1.0,2.09,0.0,9.0,0.91,0.0,1.0,1
3.1,8.54,1.95,0.15,0.31,14.49,817.53,1.0,0.95,17.08,37.05,0.74,2.87,85.28,2.9,0.0,42.9,1.0,4.82,0.1,1.05,1.06,0.05,53.36,0.88,0.0,2.0,1
22.37,1.0,1.46,7.57,2.54,12.48,1404.92,1.0,13.96,11.87,32.24,0.68,4.65,95.63,2.46,4.8,27.55,1.54,5.76,0.0,1.0,1.34,0.0,6.0,0.97,0.0,2.0,1
2.45,7.35,1.82,0.0,0.0,13.17,720.06,1.0,1.73,15.25,32.96,0.88,1.82,84.54,2.63,2.38,37.31,1.37,9.97,0.0,0.82,0.94,0.0,46.03,0.9,0.0,1.63,1
0.0,1.09,1.19,0.0,0.0,18.54,71.96,1.0,0.0,0.0,1.81,1.0,0.28,0.0,2.0,0.91,12.91,1.91,8.23,7.0,2.09,1.34,0.19,6.0,0.95,0.0,1.81,0
1.0,0.0,1.0,0.96,10.53,4.21,117.8,5.79,4.83,0.17,14.49,0.77,1.08,79.43,2.08,13.41,1.55,1.96,5.76,0.13,1.08,0.53,0.0,322.02,0.41,0.0,0.08,1
0.0,0.1,1.0,0.0,0.0,4.81,82.92,1.0,0.0,2.9,8.7,1.17,0.15,45.82,1.15,0.15,3.56,2.9,2.13,0.15,1.0,0.3,0.0,6.0,0.96,0.0,1.05,0
4.59,1.24,2.53,0.76,0.0,13.12,282.56,1.0,1.53,6.35,9.11,0.87,1.47,77.71,2.47,0.71,13.24,1.76,5.53,0.71,1.0,1.63,0.0,116.82,0.86,0.0,2.76,1
0.49,0.0,1.0,3.43,8.32,4.96,107.92,1.0,0.0,0.0,9.88,2.68,0.0,38.19,0.49,1.51,0.49,0.49,68.86,1.0,0.49,0.93,0.0,6.0,0.94,0.0,0.49,0
0.52,0.0,1.0,0.0,0.0,7.56,101.21,1.0,0.0,8.87,8.08,0.55,1.52,66.73,3.0,0.0,10.21,1.52,8.08,0.52,1.48,1.28,0.0,7.04,0.94,0.0,2.52,1
0.49,0.0,1.0,3.4,8.26,3.4,98.07,1.0,0.0,1.03,11.89,0.68,0.0,56.92,1.51,0.49,3.57,1.0,64.42,0.49,0.49,1.13,0.0,7.03,0.82,0.0,1.51,1
1.97,0.0,3.42,1.48,7.13,10.77,236.49,3.58,3.07,0.48,14.52,0.7,3.9,86.32,1.52,7.23,3.42,1.52,6.09,0.48,1.48,1.41,0.0,186.64,0.67,0.0,1.45,1
36.35,1.0,2.77,9.64,1.48,18.23,2120.53,1.0,20.03,20.84,36.12,0.52,10.03,75.41,3.0,0.74,43.99,1.0,9.39,1.55,1.26,2.16,0.52,6.0,0.93,0.0,1.74,1
0.0,0.0,1.0,0.0,0.06,4.96,31.47,1.0,0.02,0.0,1.06,6.12,0.0,0.0,1.02,0.0,0.08,1.0,3.0,2.94,1.0,0.0,0.0,6.0,0.87,0.0,0.0,0
1.0,3.49,1.0,0.0,0.0,5.51,61.04,1.0,0.39,1.0,1.29,0.65,0.13,80.64,2.13,0.13,4.57,1.13,2.28,0.87,1.74,1.22,0.0,6.0,0.93,0.0,1.0,0
0.0,0.42,1.0,0.0,0.0,8.93,66.03,1.0,0.0,0.21,5.37,1.37,0.63,16.76,3.21,0.63,6.89,1.0,2.3,0.63,1.79,0.41,0.0,55.01,0.44,0.0,1.21,1
0.0,0.43,1.0,0.0,0.0,3.36,50.1,1.0,0.14,0.14,4.51,0.77,0.93,3.66,3.07,0.57,4.36,1.0,1.14,0.93,1.93,0.03,0.0,13.01,0.92,0.0,1.14,1
7.15,0.0,1.32,4.57,3.92,3.0,72.66,1.0,0.0,0.0,3.03,0.54,1.21,85.55,1.0,0.0,3.0,1.0,3.5,1.89,1.0,1.26,0.0,215.45,0.96,0.0,1.11,0
8.0,0.49,1.51,3.01,8.99,3.0,73.71,1.0,0.0,0.51,4.54,0.22,2.97,86.58,1.0,0.0,9.09,1.51,4.04,0.99,1.0,1.58,0.0,20.65,0.65,0.0,1.51,1
2.83,0.0,1.0,0.0,0.29,5.83,83.93,1.0,0.0,3.54,3.87,1.1,0.58,58.11,1.87,0.0,9.8,1.71,2.1,0.0,0.58,0.84,0.0,57.86,0.92,0.0,1.0,1
1.0,0.0,1.0,0.0,0.0,6.44,138.42,1.0,1.46,2.54,11.02,0.65,1.51,74.76,3.0,0.49,20.98,1.49,4.11,0.0,0.51,0.88,0.0,6.0,0.88,0.0,1.0,0
0.0,0.0,2.06,0.35,7.04,4.3,88.52,1.0,0.0,1.3,12.87,0.62,1.06,44.26,2.3,0.0,7.54,1.0,3.38,0.35,1.0,1.03,0.0,25.01,0.94,0.0,1.35,1
0.0,0.6,1.0,0.0,0.0,12.57,56.73,1.0,0.0,0.0,2.4,0.9,0.4,0.0,2.4,0.6,8.98,1.6,5.19,4.59,2.0,0.72,0.0,8.41,0.94,0.0,1.6,1
0.0,0.0,1.0,0.0,2.68,2.68,52.69,1.0,0.89,0.43,4.32,2.0,0.0,7.59,2.11,0.0,3.68,1.0,3.21,0.21,1.0,0.0,0.0,6.0,0.94,0.0,0.0,0
0.0,0.87,1.0,0.0,3.34,9.48,75.04,1.0,0.0,1.74,5.08,0.63,2.74,32.19,3.61,0.0,14.48,1.0,5.57,1.0,1.0,0.9,0.0,7.74,0.97,0.0,1.0,0
0.0,0.0,1.0,0.0,0.0,7.0,80.12,1.0,1.71,1.71,5.42,1.14,0.44,36.72,2.85,0.0,9.27,1.0,2.01,1.0,1.73,0.45,0.0,20.52,0.9,0.0,1.71,1
2.37,8.16,1.79,0.0,0.0,13.75,751.91,1.0,1.21,15.49,36.49,0.77,1.58,82.24,3.21,0.42,41.03,1.0,4.69,0.0,0.79,0.95,0.0,51.24,0.89,0.0,2.0,1
0.0,1.58,1.21,0.62,0.0,16.67,107.55,1.0,0.0,1.62,4.46,1.22,2.38,76.88,3.38,2.38,11.29,1.0,5.93,2.58,1.0,0.72,0.0,6.0,0.95,0.0,1.79,1
0.0,0.66,3.62,0.0,0.0,20.81,159.61,1.0,0.0,3.94,4.41,1.75,8.53,14.44,1.97,1.72,16.87,0.66,10.08,4.28,1.31,2.1,1.31,6.0,0.86,0.0,1.34,0
0.96,5.78,1.0,0.96,0.0,5.61,129.49,1.0,0.0,6.7,11.57,1.16,0.0,86.11,1.04,3.87,3.43,2.0,2.21,0.3,0.09,0.49,0.0,6.0,0.97,0.0,2.0,0
0.0,1.0,1.0,0.0,0.0,0.0,42.9,1.0,0.0,0.92,14.87,0.64,0.0,10.11,1.08,0.0,5.76,1.92,1.73,0.92,1.0,0.19,0.0,6.0,0.95,0.0,0.92,0
5.75,0.0,1.0,0.0,2.97,1.59,64.21,1.0,0.0,1.63,8.78,0.4,2.97,23.99,2.0,0.0,11.56,1.0,4.73,1.0,1.59,1.5,0.0,6.0,0.98,0.0,1.0,0
0.0,2.46,1.0,0.0,0.0,1.93,42.06,1.0,0.0,2.46,1.61,3.64,0.0,51.01,1.0,0.61,1.23,1.0,2.9,1.16,1.0,0.55,0.0,6.0,0.76,0.0,0.0,0
1.01,0.0,1.0,2.24,0.25,7.24,195.1,1.51,0.0,2.03,19.7,4.87,0.0,94.42,1.01,2.24,1.25,0.51,4.85,0.25,0.25,0.15,0.0,133.81,0.92,0.0,0.75,0
0.0,1.41,0.16,6.75,0.0,0.31,59.73,1.0,0.0,0.63,0.16,3.25,0.0,10.19,0.16,0.0,0.16,0.16,0.63,0.47,0.16,0.0,0.0,6.0,0.83,0.0,0.16,0
1.97,0.75,1.25,0.99,1.97,0.74,39.52,1.0,0.0,1.0,8.75,0.31,0.25,68.14,1.75,0.0,6.96,2.0,3.11,0.0,1.0,0.83,0.0,12.41,0.65,0.0,0.49,1
0.0,0.0,1.0,0.0,0.0,17.91,177.39,1.0,0.0,0.58,6.12,2.52,0.58,14.39,0.58,2.12,10.15,1.15,2.95,0.42,0.58,0.58,0.0,18.09,0.89,0.0,1.42,0
0.0,0.0,1.0,0.0,0.0,3.61,26.87,1.0,0.0,0.0,2.0,1.76,0.0,0.0,1.7,0.0,1.96,1.65,1.5,0.35,1.35,0.0,0.0,45.76,0.83,0.0,0.0,0
13.87,16.51,1.0,13.87,6.53,0.74,56.3,5.08,0.0,17.96,0.82,1.21,0.0,77.54,3.0,1.82,4.9,1.0,3.92,1.0,0.18,0.65,0.0,6.82,0.97,0.0,1.63,1
0.0,2.87,1.0,0.0,0.0,5.6,207.85,1.0,1.15,3.45,16.37,1.15,0.0,39.09,3.57,1.15,14.95,1.0,3.04,0.43,0.85,0.45,0.0,23.82,0.82,0.0,1.15,1
0.0,4.13,2.62,5.81,6.25,4.38,92.94,1.0,0.0,1.38,9.0,0.97,0.94,80.82,1.69,1.38,3.69,1.0,3.66,1.0,1.0,0.83,0.0,22.86,0.94,0.0,1.31,1
15.12,0.21,2.0,3.55,2.0,7.97,682.17,1.0,7.3,5.52,14.91,0.46,4.27,86.91,3.79,0.21,11.82,1.0,3.03,0.0,1.79,1.81,0.0,186.42,0.78,0.0,2.0,1
0.0,0.0,1.61,0.0,0.0,6.21,92.73,1.0,1.97,1.18,5.39,0.99,2.82,30.74,1.61,5.12,6.03,3.0,15.88,0.0,0.0,1.05,0.0,6.0,0.99,0.0,0.61,0
0.0,1.97,2.97,0.05,0.0,13.9,53.35,1.0,0.0,0.0,0.16,1.01,3.0,1.73,1.97,0.02,11.88,0.98,10.39,6.9,2.95,2.7,1.97,6.0,0.94,0.0,0.03,0
6.93,0.0,1.87,3.87,6.93,3.67,95.34,1.0,0.0,0.87,8.13,0.61,1.27,93.94,0.87,0.13,14.53,1.73,4.34,0.13,0.87,1.16,0.0,28.53,0.46,0.0,2.0,1
0.0,1.72,1.28,0.0,0.0,1.97,27.14,1.0,0.0,2.86,1.14,0.82,0.28,28.36,1.86,0.0,2.58,1.0,2.14,1.28,1.7,2.37,0.14,6.86,0.91,0.0,0.14,0
2.51,23.19,1.0,0.63,0.0,6.25,298.47,1.0,1.25,8.15,0.37,3.54,1.0,59.53,2.12,2.49,14.16,1.63,4.95,0.37,0.0,0.26,0.0,6.0,0.95,0.0,0.63,0
4.95,0.01,2.03,0.0,0.0,4.13,68.07,1.0,0.0,14.9,4.97,0.19,2.12,77.38,1.02,0.0,6.16,1.0,6.68,1.05,1.01,2.59,0.02,21.82,0.85,0.0,1.0,0
2.63,0.0,1.0,0.82,1.63,8.18,128.59,1.0,1.63,1.92,5.11,1.31,1.18,67.11,1.37,0.0,9.29,1.18,4.57,1.82,1.0,0.7,0.0,6.37,0.97,0.0,1.37,0
0.0,1.28,1.64,0.0,0.0,8.0,150.06,1.0,0.64,0.0,12.84,2.16,2.0,0.0,1.91,0.36,11.57,0.64,2.98,0.64,1.0,1.14,0.0,6.0,0.94,0.0,1.64,0
0.37,3.0,1.0,0.0,0.0,5.75,332.52,1.0,8.76,26.13,32.51,0.57,1.12,94.13,1.25,0.88,21.88,2.12,7.46,0.0,0.12,1.17,0.0,6.25,0.99,0.0,1.12,0
0.0,0.89,1.0,0.0,0.0,3.78,35.02,1.0,0.11,0.0,0.87,5.63,0.0,0.0,3.11,1.0,0.98,1.0,1.18,0.89,1.0,0.08,0.0,6.0,0.89,0.0,0.11,0
5.74,0.0,1.0,3.58,1.43,3.57,58.39,1.0,0.0,0.0,1.0,2.47,1.0,63.09,1.85,1.42,2.43,1.0,2.67,1.72,0.72,0.85,0.0,169.45,0.94,0.0,0.72,1
2.57,0.0,1.0,0.0,3.21,3.86,232.23,6.78,7.71,5.21,19.57,0.72,0.0,58.21,3.93,1.93,7.93,1.0,2.93,0.0,0.0,0.41,0.0,519.59,0.86,0.0,2.0,1
1.22,0.39,1.0,18.34,0.0,7.34,771.45,1.0,55.65,2.22,7.44,0.39,11.01,59.31,2.83,0.0,23.12,1.39,4.78,0.39,0.39,0.99,0.0,6.0,0.98,0.0,0.39,0
0.0,1.0,1.0,0.0,0.0,6.0,53.51,1.0,0.0,0.98,2.95,0.62,1.96,24.56,3.96,0.0,15.72,1.0,4.7,1.02,1.0,0.65,0.0,6.0,0.93,0.0,1.96,0
1.09,0.18,1.0,0.0,0.0,5.72,32.18,1.0,0.0,0.18,2.36,0.57,3.55,14.78,2.0,0.0,7.19,1.0,5.03,0.82,5.09,0.75,0.0,6.0,0.95,0.0,0.36,0
3.4,0.0,3.99,1.2,2.2,12.77,261.23,1.8,0.6,3.82,12.39,0.75,4.18,86.37,2.21,0.0,4.39,1.4,4.83,1.0,1.6,1.71,0.0,221.3,0.88,0.0,1.79,1
5.89,0.98,1.0,0.0,0.0,0.19,26.51,1.0,0.0,1.11,4.13,0.07,5.91,80.81,2.02,0.0,16.96,1.02,11.75,0.02,1.0,0.79,0.0,6.04,0.99,0.0,2.02,0
0.1,0.0,1.0,0.0,0.0,5.52,80.44,1.0,0.0,5.81,7.9,0.65,0.9,67.13,2.9,0.0,8.0,1.0,5.12,1.0,1.0,0.99,0.0,6.0,0.97,0.0,1.0,1
0.0,4.03,1.0,0.0,0.0,7.21,196.39,1.0,1.21,1.21,15.32,1.21,0.39,30.88,3.61,5.63,15.69,1.0,2.47,0.0,1.0,0.28,0.0,18.11,0.94,0.0,1.82,1
0.0,3.9,1.0,0.0,0.22,8.34,281.05,1.0,1.78,4.9,21.72,0.79,0.66,64.04,4.22,2.0,20.5,1.0,3.75,0.22,0.22,0.72,0.0,84.78,0.9,0.0,1.56,1
6.57,0.0,1.0,1.31,7.89,1.97,56.1,1.0,0.0,1.37,2.34,0.27,2.31,68.5,1.0,0.0,1.97,1.34,4.56,2.03,2.66,1.25,0.0,6.0,0.77,0.0,0.0,0
0.0,0.0,2.81,0.0,0.0,13.16,79.73,1.0,0.0,1.81,2.0,2.1,1.81,0.0,1.47,0.09,0.19,1.0,3.09,2.81,5.63,2.43,0.91,6.0,0.96,0.0,0.91,0
0.0,2.0,1.35,0.0,0.0,15.76,153.31,1.0,0.35,0.65,8.66,1.1,2.65,51.71,3.65,1.94,15.06,1.0,5.21,2.29,1.0,1.1,0.0,6.0,0.96,0.0,2.0,1
3.2,1.4,1.0,8.54,5.34,1.6,110.39,2.07,0.0,2.47,8.0,0.95,0.53,80.41,2.07,0.53,1.07,1.53,2.45,1.0,1.0,0.41,0.0,6.0,0.69,0.0,0.53,0
0.0,1.05,1.0,0.0,0.0,2.61,23.84,1.0,0.0,1.91,1.43,2.84,0.48,15.75,1.0,0.52,0.52,1.48,2.75,2.43,1.48,0.76,0.0,6.0,0.9,0.0,0.0,0
0.0,0.0,1.44,0.0,0.0,10.69,88.89,1.0,0.0,0.0,4.69,7.65,1.69,0.0,0.87,5.63,2.75,0.44,4.1,1.87,0.87,0.59,0.0,48.86,0.91,0.0,2.0,0
0.0,1.51,1.51,0.0,0.0,4.04,120.53,1.0,0.51,0.49,14.05,0.47,1.01,29.68,2.51,0.0,10.57,1.49,2.69,0.51,1.0,1.24,0.0,6.0,0.86,0.0,1.01,0
0.0,0.23,1.23,0.0,0.0,7.82,110.6,1.0,2.23,2.0,6.58,1.16,0.35,44.05,3.35,0.0,11.63,1.0,2.07,0.88,1.0,0.52,0.0,21.02,0.9,0.0,2.0,1
3.14,0.0,1.0,2.63,3.77,6.49,85.09,1.0,0.0,0.0,1.74,1.74,11.93,82.42,1.37,1.12,4.37,1.37,3.92,1.26,2.0,1.64,0.63,34.53,0.78,0.0,2.37,1
0.0,0.0,3.68,0.89,17.86,3.21,87.6,1.0,0.0,0.0,17.96,0.67,2.68,58.03,0.89,0.96,2.79,0.89,4.59,1.11,1.0,1.7,0.0,54.21,0.87,0.0,1.79,0
3.02,3.53,1.0,0.0,0.0,10.86,236.11,1.0,1.38,7.51,16.86,0.81,1.75,81.64,3.75,1.13,15.01,2.13,6.21,0.0,1.0,1.43,0.0,87.06,0.91,0.0,2.38,1
0.26,0.96,1.0,0.71,0.44,0.13,26.64,1.09,0.0,0.09,2.57,1.05,0.04,4.11,2.04,0.04,2.96,1.04,2.08,0.04,1.0,0.03,0.0,6.0,0.87,0.0,0.04,0
23.27,21.44,1.0,0.61,0.0,1.39,680.47,1.0,33.46,0.0,6.78,0.74,0.61,58.18,2.78,1.0,16.35,1.61,5.05,0.0,0.39,0.79,0.0,105.22,0.95,0.0,3.45,1
2.86,8.62,1.95,0.0,0.0,14.58,820.61,1.0,0.95,17.15,37.26,0.81,1.95,81.96,3.0,0.09,43.17,1.0,4.68,0.0,1.0,0.95,0.0,52.7,0.88,0.0,1.91,1
0.0,0.2,0.2,6.44,0.0,2.54,42.07,1.0,0.0,1.56,0.39,2.58,0.78,5.66,0.59,0.0,4.29,0.2,2.15,0.2,0.39,0.39,0.0,6.59,0.83,0.0,0.39,0
0.62,0.62,2.13,0.38,7.53,8.61,164.18,1.0,0.62,4.36,12.52,0.64,2.38,74.35,2.87,0.62,9.86,1.62,5.64,0.38,1.0,1.63,0.0,28.84,0.94,0.0,2.0,1
5.41,3.16,8.76,8.04,10.43,15.08,233.0,1.0,0.0,0.0,1.86,0.13,8.88,81.73,1.0,0.0,3.29,1.0,7.87,2.0,1.43,2.6,0.0,14.18,0.84,0.0,2.73,1
8.9,2.98,1.0,0.0,1.98,11.93,514.61,1.0,8.9,23.73,17.83,0.55,2.0,93.2,4.0,2.97,51.58,1.0,5.38,0.01,1.0,1.48,0.0,52.46,0.94,0.0,2.99,1
5.06,0.0,1.0,0.0,1.06,5.94,90.96,1.0,0.0,3.94,4.49,1.03,1.06,64.56,1.21,0.0,13.21,1.79,2.82,0.21,0.43,1.02,0.0,6.0,0.97,0.0,1.0,0
0.0,0.48,0.05,0.0,0.0,0.11,35.32,1.0,0.0,0.21,0.05,8.74,0.0,3.49,0.05,0.95,0.05,0.05,0.21,0.16,0.05,0.0,0.0,6.0,0.85,0.0,0.05,0
0.0,0.0,1.12,0.0,0.0,0.83,23.7,1.0,0.0,1.76,7.64,0.28,0.48,32.59,2.0,0.0,6.24,1.24,4.32,0.0,0.0,0.51,0.0,7.76,0.71,0.0,1.88,0
0.0,1.0,1.0,0.0,0.0,14.21,62.2,1.0,0.0,0.0,2.0,1.13,0.37,0.0,2.37,1.37,10.42,1.63,5.66,4.42,1.63,0.76,0.0,6.0,0.95,0.0,1.26,0
29.2,27.12,1.0,0.77,0.0,10.96,835.63,1.0,41.49,0.0,4.61,2.32,0.77,72.99,1.54,1.0,16.37,1.54,5.74,0.7,0.23,0.64,0.0,130.47,0.93,0.0,3.84,1
3.08,0.0,1.0,0.92,1.92,7.76,124.96,1.16,1.84,1.56,4.48,1.39,0.92,66.96,1.24,0.0,7.52,1.08,4.38,1.92,1.0,0.47,0.0,46.23,0.96,0.0,0.92,1
9.79,0.2,2.0,5.0,0.4,7.0,617.3,1.0,5.4,8.4,17.59,0.65,1.8,70.79,1.4,0.2,11.19,1.0,4.3,0.8,1.0,0.96,0.0,6.0,0.97,0.0,1.2,0
0.0,0.0,1.0,2.85,0.0,7.8,125.07,1.0,0.0,0.0,8.7,2.49,2.9,94.92,0.1,0.95,4.75,0.05,3.9,0.95,0.0,0.0,0.0,6.0,0.97,0.0,1.9,0
18.72,0.0,1.0,1.97,18.72,3.0,161.04,2.97,0.0,6.9,11.87,0.32,1.0,88.66,2.01,0.0,3.0,1.0,4.02,1.0,1.01,1.27,0.0,88.84,0.71,0.0,2.97,1
0.66,0.0,0.11,48.93,1.1,0.33,89.66,1.22,0.0,3.78,1.65,0.93,0.11,10.24,1.22,0.11,2.0,1.11,0.41,0.11,0.11,0.08,0.0,10.45,0.65,0.0,2.78,0
15.21,18.79,1.0,0.0,0.0,3.32,402.7,1.0,3.58,9.84,70.41,0.36,0.0,83.2,2.11,1.79,20.21,2.79,6.43,0.0,1.11,1.11,0.0,560.94,0.44,0.0,4.58,1
0.38,1.15,1.0,0.62,0.0,3.06,64.03,1.62,0.76,3.68,5.94,0.66,0.38,56.53,3.24,1.53,6.97,1.0,3.56,0.38,1.0,0.79,0.0,112.85,0.98,0.0,1.0,1
0.0,7.05,1.0,0.0,0.0,2.65,152.93,1.0,0.0,3.35,1.87,3.48,0.0,63.92,1.22,0.0,1.43,1.0,3.78,2.35,1.22,0.09,0.0,6.0,0.97,0.0,0.78,0
0.43,1.57,1.0,3.85,0.0,11.29,144.59,1.0,6.28,7.57,2.86,0.79,1.14,81.71,2.72,0.0,11.29,1.0,4.59,0.43,1.0,1.39,0.0,6.0,0.9,0.0,1.0,0
1.1,1.0,1.0,0.0,0.0,15.52,64.83,1.0,0.0,0.18,2.37,0.83,1.1,14.85,2.0,0.82,13.73,1.82,8.72,5.72,1.82,1.12,0.0,6.0,0.96,0.0,2.0,0
11.99,14.42,1.0,0.0,0.0,4.88,355.94,1.0,3.69,7.87,56.69,0.41,0.31,90.49,2.31,1.69,22.0,2.69,5.74,0.0,0.69,1.06,0.0,426.89,0.55,0.0,3.75,1
0.0,0.73,1.37,0.0,0.0,6.1,97.58,1.0,0.37,0.0,7.6,4.82,1.37,0.0,3.63,3.17,6.87,1.0,1.62,1.0,0.37,0.66,0.0,6.0,0.91,0.0,0.73,0
2.57,0.0,1.43,0.43,0.86,5.0,71.56,1.0,0.86,0.57,5.43,0.82,1.28,70.71,2.86,0.0,2.14,1.0,2.45,0.0,2.0,1.02,0.0,104.08,0.85,0.0,0.86,1
0.0,0.34,1.0,0.0,0.0,4.67,67.93,1.0,0.0,1.99,6.65,1.22,0.34,29.25,1.67,0.67,4.01,2.33,1.81,0.0,1.0,0.18,0.0,6.0,0.96,0.0,0.66,0
1.26,0.0,1.0,1.37,0.31,7.74,135.63,1.63,0.0,2.51,5.2,3.43,0.0,93.09,2.63,2.06,4.06,2.0,2.57,0.31,1.69,0.6,0.0,197.24,0.55,0.0,2.06,1
4.34,0.52,1.0,7.09,0.95,4.05,94.05,1.0,6.28,7.84,0.48,0.68,0.48,88.0,1.0,0.0,4.05,1.0,4.02,1.48,1.0,1.12,0.0,114.77,0.88,0.0,1.0,1
3.63,0.6,1.0,0.0,0.0,3.17,27.96,1.0,0.0,0.6,3.21,1.95,4.42,48.95,1.21,0.4,11.06,0.6,8.58,0.0,1.0,0.46,0.0,6.0,0.94,0.0,1.6,0
2.66,0.23,1.0,2.66,0.89,3.17,64.96,1.0,0.0,0.11,3.0,1.3,0.34,87.09,1.34,0.34,2.48,1.0,2.67,0.34,1.0,0.75,0.0,6.0,0.95,0.0,1.11,0
0.6,0.0,1.6,0.0,1.21,9.22,52.52,1.0,0.0,0.0,1.6,2.47,2.41,0.0,0.6,3.58,1.0,0.6,3.61,0.79,1.0,1.69,0.0,6.0,0.92,0.0,0.6,0
0.66,0.0,1.0,0.0,0.66,2.34,29.01,1.0,0.0,0.0,2.01,2.67,0.66,0.0,1.99,0.67,0.66,0.66,4.69,1.0,1.33,0.0,0.0,37.89,0.96,0.0,0.0,0
0.0,0.71,1.0,0.0,0.0,25.04,267.41,1.0,0.71,0.71,7.58,3.19,0.71,27.26,1.42,3.23,11.48,0.35,3.69,0.65,0.35,0.58,0.0,6.0,0.97,0.0,1.65,0
2.65,0.34,1.0,0.0,3.32,10.38,259.01,6.97,7.96,4.64,17.91,1.0,0.0,46.42,3.99,2.33,10.35,1.34,4.15,2.36,0.67,0.68,0.0,535.16,0.96,0.0,2.0,1
1.44,7.94,1.0,2.16,0.0,6.41,444.86,1.0,7.19,17.34,46.96,1.72,0.72,97.13,2.16,6.31,30.27,1.44,3.9,0.28,0.0,0.47,0.0,117.64,0.84,0.0,2.44,1
31.29,0.13,1.0,9.95,0.39,0.92,251.93,4.48,0.39,7.82,25.95,0.42,1.0,94.39,3.74,1.05,5.26,2.0,3.51,0.0,1.0,0.84,0.0,34.68,0.75,0.0,1.13,1
0.0,3.47,1.0,0.0,0.0,1.06,47.77,1.0,0.0,3.29,2.0,1.92,0.18,68.36,1.35,1.18,2.71,1.0,2.63,0.0,1.0,0.73,0.0,6.0,0.74,0.0,0.0,0
0.0,1.98,1.04,0.01,0.24,1.02,28.79,1.0,0.0,4.94,1.22,0.87,0.04,60.06,1.0,0.0,3.99,1.0,2.69,1.99,1.0,0.02,0.0,6.64,0.91,0.0,0.02,0
1.14,0.0,1.0,0.0,0.0,5.42,107.94,1.0,0.43,3.99,9.14,0.91,0.57,46.79,3.43,0.43,12.42,1.57,2.95,0.0,1.0,1.17,0.0,6.57,0.91,0.0,2.14,1
0.0,0.0,1.0,0.33,0.0,5.65,77.46,1.0,3.37,2.02,4.37,2.36,0.67,85.19,1.0,9.08,2.35,2.35,24.77,2.61,0.33,0.47,0.0,6.0,0.96,0.0,0.0,0
1.96,18.17,1.0,0.49,0.0,4.96,259.49,1.0,0.98,7.91,7.13,0.94,0.49,77.7,1.0,0.49,16.4,2.0,4.53,0.0,0.0,0.72,0.0,6.0,0.98,0.0,1.51,1
0.17,4.13,1.0,0.0,0.0,0.17,23.06,1.0,0.0,4.0,1.22,0.6,0.0,59.83,1.17,0.0,2.22,1.0,2.82,1.0,1.0,0.16,0.0,6.0,0.92,0.0,0.17,0
0.0,0.65,1.0,0.0,0.0,6.39,75.23,1.0,0.65,2.31,5.96,1.11,1.0,49.18,1.0,0.0,6.43,2.0,2.11,0.0,1.0,1.05,0.0,13.28,0.92,0.0,1.0,1
1.53,0.0,1.0,3.3,8.55,24.42,209.23,1.0,0.53,0.0,8.61,1.03,3.7,36.82,2.58,0.47,9.98,1.0,65.01,2.06,1.0,2.1,0.0,6.0,0.94,0.0,1.0,0
0.0,1.51,1.0,0.0,0.0,15.86,98.05,1.0,0.0,0.76,3.24,2.04,2.27,60.51,3.03,2.76,10.59,0.76,7.92,2.51,0.76,0.54,0.0,6.0,0.93,0.0,1.51,0
0.0,0.4,0.4,0.0,0.0,2.4,26.6,1.0,0.0,0.0,0.0,6.7,0.0,0.0,0.8,0.6,0.0,0.4,0.8,0.8,0.4,0.0,0.0,6.0,0.91,0.0,0.0,0
0.0,6.0,1.0,0.0,0.0,8.0,297.0,1.0,2.0,2.0,24.0,1.12,0.0,51.0,4.0,8.0,22.0,1.0,3.0,0.0,1.0,0.47,0.0,26.0,0.94,0.0,3.0,1
0.0,0.0,1.79,2.58,0.0,3.17,62.34,1.21,0.0,3.38,9.79,0.67,0.0,60.22,1.62,0.0,1.21,1.0,3.25,0.79,1.0,0.65,0.0,41.97,0.97,0.0,1.0,1
0.0,1.0,1.0,0.0,0.0,8.76,50.28,1.0,0.0,3.16,2.0,1.01,2.18,11.44,3.0,1.21,12.31,1.0,5.35,0.39,1.39,0.79,0.0,7.18,0.95,0.0,0.79,0
0.84,0.16,1.0,0.49,0.49,7.84,83.55,1.0,1.32,0.84,5.6,0.85,1.0,49.26,1.16,1.3,11.19,2.0,3.32,0.0,1.0,1.11,0.0,6.0,0.96,0.0,1.16,0
8.88,0.2,1.12,1.92,1.92,7.72,128.88,1.0,0.04,6.32,4.0,0.33,2.88,79.6,4.84,0.04,2.2,1.04,4.8,0.96,2.92,1.97,0.0,38.32,0.93,0.0,3.96,1
0.82,0.36,1.18,5.73,13.92,7.18,191.44,1.0,0.18,0.0,16.54,1.07,0.36,63.87,1.36,0.82,3.9,1.0,105.39,1.0,1.0,1.88,0.0,6.0,0.98,0.0,1.18,0
0.0,0.0,0.0,15.52,0.0,0.0,37.75,1.0,0.0,0.0,0.0,2.06,0.0,0.0,0.0,0.0,0.0,0.0,0.0,0.0,0.0,0.0,0.0,6.0,0.9,0.0,0.0,0
13.01,0.32,1.0,1.37,13.01,2.05,121.99,2.37,0.0,4.79,8.21,1.25,0.68,61.61,2.0,0.32,2.68,1.32,4.36,2.26,1.32,0.88,0.0,63.5,0.76,0.0,2.05,1
0.0,0.15,1.0,0.0,0.0,5.22,90.59,1.0,0.0,1.93,9.36,0.93,0.0,31.48,2.85,0.07,9.42,1.07,2.49,0.0,1.0,0.51,0.0,6.0,0.97,0.0,1.0,0
0.14,0.0,1.0,0.86,0.0,1.12,56.56,1.86,0.14,1.0,8.16,0.69,0.14,41.72,3.58,0.0,3.4,1.14,2.74,0.0,1.0,0.37,0.0,154.85,0.98,0.0,1.0,1
0.0,0.0,1.0,0.0,0.0,7.61,34.0,1.0,0.0,0.0,2.0,3.24,2.39,0.0,0.78,0.61,3.16,0.39,3.5,0.39,2.94,0.29,0.0,6.0,0.9,0.0,0.61,0
0.0,1.77,1.88,0.0,0.0,7.06,193.66,1.0,0.88,0.47,17.6,0.63,1.77,8.31,3.0,0.0,15.13,1.0,2.75,1.12,1.0,1.58,0.0,6.0,0.97,0.0,1.77,1
0.67,2.0,1.0,0.33,0.33,6.33,61.62,1.0,1.33,5.33,2.0,0.99,0.67,69.97,2.0,2.66,9.99,1.0,4.0,0.67,1.0,1.11,0.0,6.0,0.95,0.0,0.67,0
2.04,0.0,1.0,3.41,2.39,1.02,29.13,1.0,0.0,0.0,9.57,0.32,1.02,25.56,2.32,0.0,1.68,1.0,3.02,0.66,0.66,0.95,0.0,69.29,0.94,0.0,0.0,1
0.0,0.94,1.0,0.0,0.0,4.72,75.0,1.0,0.94,3.06,7.0,1.11,0.94,62.51,1.11,0.0,3.83,1.94,1.86,0.11,1.0,1.02,0.0,6.0,0.96,0.0,0.94,0
1.81,4.09,1.0,2.72,0.0,4.53,464.85,1.0,9.06,19.41,57.1,0.62,0.91,92.63,2.81,7.25,35.44,1.91,4.41,0.09,0.09,0.59,0.0,128.36,0.85,0.0,2.72,1
0.4,2.41,1.0,0.4,0.0,5.0,103.91,1.0,0.0,4.01,10.21,0.97,0.0,55.94,2.2,1.61,7.18,1.4,2.31,0.0,0.6,0.51,0.0,6.0,0.97,0.0,1.4,0
9.6,0.0,1.1,1.9,11.0,3.2,79.61,1.0,0.2,0.0,2.4,0.28,3.0,86.8,1.3,0.0,2.8,1.0,4.22,0.9,2.9,1.15,0.0,29.01,0.7,0.0,0.2,1
1.45,13.43,1.0,1.0,0.64,4.45,186.38,1.0,0.73,4.72,2.55,1.52,0.36,66.34,1.64,0.36,7.99,1.36,3.92,0.0,0.64,0.15,0.0,6.0,0.94,0.0,0.36,0
0.39,2.35,1.0,0.39,0.0,3.78,92.46,1.0,0.0,4.57,13.22,0.8,0.0,72.36,1.0,1.57,7.87,2.0,1.89,0.0,0.0,0.79,0.0,6.0,0.96,0.0,2.0,0
1.65,0.55,1.0,0.0,0.37,12.0,195.94,1.0,1.65,4.41,8.2,10.14,2.82,17.27,0.73,8.71,10.37,0.18,3.98,0.82,0.18,0.82,0.0,14.63,0.94,0.0,2.18,0
0.77,0.23,1.77,0.0,1.54,10.16,61.02,1.0,0.0,0.0,1.54,2.39,3.08,0.0,1.46,0.23,0.77,1.0,3.82,0.23,1.0,2.16,0.0,6.0,0.94,0.0,0.77,0
0.0,3.67,1.0,0.0,1.78,2.59,107.45,1.0,0.59,1.63,2.78,2.96,0.0,26.54,1.59,0.0,2.78,1.0,3.53,1.22,1.0,0.0,0.0,6.0,0.96,0.0,0.41,0
0.0,0.38,1.0,0.0,0.0,0.62,21.76,1.0,0.0,0.38,4.68,1.2,0.0,22.94,2.62,0.0,1.53,1.38,1.96,0.62,1.62,0.25,0.0,6.0,0.7,0.0,0.0,0
0.0,0.08,1.0,0.0,0.0,4.92,80.63,1.0,0.0,1.84,8.27,1.26,0.0,30.33,3.0,0.08,9.19,1.0,2.43,0.08,1.0,0.5,0.0,6.0,0.97,0.0,0.92,0
17.0,20.32,1.0,11.48,5.4,0.97,186.03,4.38,1.3,18.43,26.0,0.14,0.0,94.35,2.68,2.0,11.19,1.65,5.38,0.68,0.32,0.93,0.0,205.7,0.82,0.0,2.97,1
2.11,5.83,1.0,5.64,3.52,2.35,185.52,1.7,0.0,3.3,5.93,2.96,0.35,74.87,1.7,0.35,1.35,1.35,3.9,2.3,1.0,0.27,0.0,6.0,0.94,0.0,1.0,0
5.01,0.83,2.67,0.83,0.0,10.17,287.72,1.0,1.67,8.66,10.17,0.65,1.0,74.36,2.17,0.0,11.68,1.83,6.3,0.0,1.17,1.72,0.0,127.04,0.85,0.0,2.83,1
1.12,3.36,11.09,8.97,6.17,20.9,275.71,1.0,0.0,0.0,2.56,2.22,8.73,47.11,0.56,0.44,3.68,0.56,9.03,1.12,1.56,2.03,0.0,14.41,0.79,0.0,3.24,1
0.32,0.0,1.0,1.35,0.0,8.68,118.12,1.0,0.32,0.32,3.0,3.36,0.32,80.55,1.68,2.03,7.27,2.0,2.84,0.0,1.68,0.78,0.0,38.44,0.62,0.0,2.35,1
0.0,0.0,1.0,0.0,0.0,6.98,33.96,1.0,0.0,0.0,2.04,0.68,2.99,0.0,2.0,0.0,4.99,1.0,3.49,1.0,5.98,0.75,0.0,6.31,0.94,0.0,0.0,0
0.0,0.13,1.0,0.0,0.0,4.25,34.13,1.0,0.0,0.0,2.87,3.06,1.0,0.0,2.13,0.25,0.75,1.0,0.21,0.0,0.13,0.0,0.0,6.0,0.9,0.0,0.0,0
2.72,0.0,1.0,5.09,3.72,3.0,35.54,1.0,0.0,0.0,2.64,0.97,1.36,61.35,1.55,0.0,1.36,1.0,3.43,0.0,0.55,1.26,0.0,6.0,0.92,0.0,0.0,0
7.31,0.0,1.34,3.62,2.0,3.69,81.37,1.0,0.69,0.0,2.72,0.53,1.69,86.97,2.03,0.0,2.31,1.0,2.78,1.31,1.34,1.4,0.0,234.34,0.89,0.0,1.34,1
0.0,0.0,1.0,0.0,0.0,5.6,31.91,1.0,0.0,0.0,1.3,4.53,0.91,0.0,1.3,0.0,1.51,1.0,3.15,2.4,2.51,0.23,0.0,6.0,0.89,0.0,0.0,0
9.02,0.0,1.0,2.0,2.17,7.91,128.1,1.0,0.0,4.91,2.98,0.34,3.0,79.14,4.93,0.0,2.02,1.0,4.66,1.0,3.0,1.98,0.0,38.43,0.94,0.0,3.93,1
0.0,1.05,1.0,0.0,0.0,10.94,37.9,1.0,0.0,0.02,1.0,0.78,1.99,0.4,3.98,0.0,9.94,1.0,3.5,2.01,1.99,0.75,0.0,6.0,0.94,0.0,0.01,0
3.01,0.0,1.0,1.81,3.61,3.01,37.06,1.0,0.0,0.8,2.19,0.49,11.44,63.25,1.0,0.0,2.41,1.0,3.21,1.6,1.6,1.35,0.6,16.24,0.98,0.0,1.2,0
12.58,0.0,1.0,1.32,12.58,3.0,119.06,2.32,0.0,4.63,9.3,1.6,0.66,59.58,1.32,0.68,1.99,0.66,6.75,1.0,0.66,0.85,0.0,61.61,0.77,0.0,1.99,1
2.88,8.69,1.96,0.0,0.0,14.58,827.32,1.0,0.96,17.31,37.58,0.82,1.92,82.69,3.0,0.04,43.27,1.0,4.65,0.0,1.0,0.96,0.0,53.12,0.88,0.0,1.92,1
0.0,0.7,1.0,0.0,0.0,0.0,37.76,1.0,0.0,1.3,12.08,0.79,0.0,17.63,1.0,0.0,4.19,2.0,1.49,1.0,1.0,0.15,0.0,6.0,0.82,0.0,0.7,0
1.0,2.72,1.0,2.24,5.44,5.64,90.78,1.0,0.0,0.68,5.12,0.8,0.0,79.36,1.68,0.32,1.68,1.0,42.48,1.0,1.68,1.48,0.0,6.0,0.96,0.0,1.0,0
0.0,1.0,1.0,0.0,0.0,6.83,55.42,1.0,0.0,0.64,10.97,0.74,0.0,7.05,1.36,0.36,8.51,2.0,3.97,3.16,1.36,0.57,0.0,6.0,0.96,0.0,1.36,0
0.0,0.0,1.0,0.0,0.0,12.78,123.61,1.0,0.0,2.3,8.41,0.85,2.1,47.02,1.0,0.0,14.49,2.0,3.94,1.4,2.1,1.35,0.0,6.0,0.98,0.0,1.3,0
0.0,1.66,1.0,0.0,0.0,3.29,28.27,1.0,0.0,0.34,3.07,3.51,0.0,20.48,1.34,0.66,2.02,1.34,1.58,0.66,1.0,0.23,0.0,6.0,0.82,0.0,0.0,0
0.0,0.0,2.8,0.0,0.0,12.58,76.41,1.0,0.0,2.0,2.1,1.98,1.9,3.35,1.1,0.0,0.0,1.0,2.9,2.9,5.59,2.42,0.9,11.58,0.96,0.0,0.9,1
2.97,0.16,1.0,0.32,1.61,7.19,124.95,1.0,0.0,5.87,8.55,0.73,1.64,81.68,2.68,0.0,12.91,1.84,3.25,0.32,1.0,1.55,0.0,7.32,0.88,0.0,2.68,1
7.28,2.35,1.0,0.0,1.57,9.42,414.12,1.0,7.06,20.99,15.63,0.51,1.57,90.34,3.35,2.35,41.24,1.0,4.87,0.22,1.0,1.34,0.0,42.89,0.88,0.0,2.57,1
0.0,0.77,1.0,0.81,1.0,3.58,118.7,1.0,1.15,0.0,13.42,1.52,0.0,40.38,1.81,2.5,1.92,1.38,2.26,0.0,0.81,0.06,0.0,7.92,0.92,0.0,0.19,1
0.0,0.0,3.49,0.83,16.57,4.03,90.71,1.0,0.0,0.17,17.26,0.37,2.66,58.14,1.0,0.0,4.37,1.17,4.53,0.83,1.0,1.75,0.0,54.34,0.86,0.0,1.83,0
0.33,0.0,1.0,0.33,16.36,5.34,139.44,2.65,1.65,0.0,17.68,0.7,1.0,26.69,1.33,4.61,7.71,1.33,4.81,0.67,1.0,1.04,0.0,114.73,0.79,0.0,0.67,1
1.82,0.55,1.0,0.0,0.82,34.08,201.7,1.0,1.18,1.48,1.82,0.87,5.89,14.8,3.63,0.74,17.45,1.0,7.93,2.63,1.0,2.17,0.0,6.0,0.92,0.0,1.0,1
1.53,2.21,2.32,0.53,0.79,10.64,151.96,1.0,1.74,6.15,4.43,0.65,2.58,83.17,1.74,2.94,12.62,1.0,5.4,1.0,1.26,1.87,0.0,11.54,0.97,0.0,1.53,1
0.0,0.0,1.0,1.51,1.51,1.22,20.94,1.0,0.0,0.76,4.27,0.91,0.0,70.23,1.76,0.76,0.73,1.24,0.97,0.0,1.0,0.0,0.0,20.93,0.9,0.0,0.0,0
0.0,0.0,0.63,0.0,0.0,5.7,35.23,1.0,0.0,0.0,1.27,3.76,3.17,0.0,3.17,0.37,7.6,0.63,4.43,1.9,1.27,0.47,0.0,6.63,0.91,0.0,1.27,0
0.0,0.4,1.0,0.0,0.0,4.2,61.78,1.0,0.0,2.2,9.58,0.57,0.8,46.55,2.2,0.0,13.01,1.6,3.02,0.4,0.4,0.87,0.0,6.0,0.95,0.0,2.0,0
7.94,2.6,1.0,0.0,1.74,11.47,459.32,1.0,7.94,20.97,16.02,0.59,1.87,86.88,3.6,2.6,46.72,1.13,5.1,0.0,1.0,1.44,0.0,46.8,0.95,0.0,2.74,1
2.37,0.39,1.0,0.0,0.0,4.24,27.03,1.0,0.0,0.39,2.18,3.53,2.37,31.97,0.79,0.61,6.71,0.39,5.91,1.21,1.0,0.3,0.0,6.0,0.91,0.0,0.79,0
0.0,0.03,1.97,0.0,0.0,8.9,44.9,1.0,0.0,0.0,2.97,1.66,0.03,0.0,2.03,0.06,5.03,1.0,4.57,2.9,1.97,0.48,0.0,100.87,0.88,0.0,1.94,0
0.52,0.0,0.52,3.87,0.0,4.64,90.16,1.0,0.0,3.1,5.16,1.88,1.03,37.16,1.55,0.0,7.74,1.03,2.39,0.52,0.52,0.91,0.0,7.03,0.87,0.0,1.55,1
6.92,1.44,1.0,1.04,0.96,8.37,296.4,1.0,6.92,12.07,9.18,0.5,2.52,79.47,4.0,1.44,28.65,1.0,4.05,0.0,1.0,1.39,0.0,36.4,0.95,0.0,1.96,1
4.0,0.0,1.0,0.0,4.22,6.16,312.52,8.59,10.12,6.69,22.39,1.04,0.0,71.88,4.37,2.53,9.63,1.16,2.18,0.0,0.0,0.47,0.0,678.8,0.97,0.0,1.84,1
0.0,0.0,0.55,3.6,0.0,4.95,38.65,1.0,0.0,0.0,1.1,1.79,2.75,0.0,2.75,0.0,6.6,0.55,3.85,1.65,1.1,0.41,0.0,6.55,0.88,0.0,1.1,0
0.0,1.84,1.0,0.0,0.0,7.92,156.24,1.0,0.16,1.08,13.38,2.11,0.0,14.41,1.16,0.92,2.62,1.92,1.63,0.08,1.0,0.13,0.0,7.32,0.97,0.0,1.08,0
1.0,1.18,1.0,0.0,0.0,8.61,129.11,1.0,2.61,3.76,6.45,0.74,1.0,83.03,2.61,2.18,19.24,1.61,3.7,0.39,0.39,1.11,0.0,6.0,0.85,0.0,1.0,0
0.86,0.0,1.0,0.0,0.0,8.27,57.69,1.0,0.86,0.86,2.86,1.34,0.86,34.56,1.0,0.14,10.78,1.86,2.97,0.14,0.86,0.99,0.0,6.0,0.95,0.0,0.86,0
1.71,0.0,1.43,0.14,3.71,34.72,210.73,1.0,0.86,0.0,4.57,0.81,6.43,9.28,3.57,0.0,15.86,1.0,8.07,2.71,1.0,2.23,0.0,13.71,0.9,0.0,1.14,1
2.4,3.46,1.0,2.87,0.0,5.0,454.34,1.0,9.33,18.31,54.68,0.6,1.27,91.97,3.13,6.93,34.7,1.87,4.36,0.0,0.13,0.74,0.0,124.89,0.86,0.0,2.73,1
3.34,0.0,1.0,8.9,5.56,1.67,116.98,2.11,0.0,1.11,14.56,0.62,0.56,51.71,3.0,0.56,1.56,1.56,2.92,1.0,1.0,0.43,0.0,48.62,0.9,0.0,0.56,1
0.16,0.0,1.0,0.0,0.0,2.3,43.72,1.0,0.0,1.81,4.14,0.61,2.0,39.35,2.16,0.0,7.47,1.16,4.38,1.84,1.84,1.79,0.0,6.33,0.94,0.0,0.49,0
7.04,0.0,3.11,14.71,7.62,12.8,245.48,1.0,0.42,0.42,6.49,0.61,4.11,93.73,1.0,0.0,3.11,1.0,5.16,1.0,1.42,1.92,0.58,17.76,0.93,0.0,1.27,1
1.68,0.0,1.34,0.0,0.0,1.34,33.47,1.0,0.0,7.7,3.67,0.25,1.34,48.12,1.0,0.0,2.02,1.66,5.32,2.99,1.66,1.93,0.0,11.38,0.9,0.0,0.34,0
0.33,1.32,2.34,0.0,0.0,11.03,70.79,1.0,0.0,1.67,1.34,1.64,1.34,26.4,1.33,0.0,0.66,1.0,2.74,2.34,4.68,2.17,0.67,6.0,0.96,0.0,1.0,0
0.0,0.0,1.0,0.0,0.0,5.02,26.53,1.0,0.0,0.0,1.1,4.27,0.0,0.0,0.06,8.82,1.08,0.02,1.98,1.96,1.02,0.01,0.0,7.27,0.84,0.0,0.02,0
0.0,0.98,0.98,0.15,0.98,9.81,63.49,1.0,0.0,1.96,2.94,0.68,2.94,36.31,3.93,0.0,14.72,0.98,5.64,0.98,0.98,0.82,0.0,7.96,0.97,0.0,0.98,0
0.92,1.38,1.0,0.0,0.0,3.08,20.15,1.0,0.23,0.92,4.22,0.28,3.85,17.25,1.77,0.23,23.09,1.23,40.83,40.04,20.79,0.77,0.77,6.69,0.9,0.0,1.23,0
0.65,0.0,1.0,0.0,0.0,6.17,52.8,1.0,0.65,2.94,3.0,0.44,2.65,40.11,3.29,0.0,11.17,1.0,5.93,2.65,2.65,2.39,0.0,6.0,0.96,0.0,1.29,0
0.66,0.0,1.0,0.0,0.0,5.01,86.08,1.0,0.0,2.65,8.3,2.3,1.33,43.14,1.99,0.34,13.27,0.66,4.2,0.67,1.0,0.66,0.0,6.0,0.94,0.0,0.66,0
0.0,0.0,1.0,1.0,0.0,5.46,36.52,1.22,0.0,0.22,2.77,3.6,0.0,87.2,1.66,0.78,1.22,1.0,6.82,6.23,1.0,0.06,0.0,44.17,0.9,0.0,0.22,0
6.16,0.0,1.0,0.86,3.7,6.86,256.2,6.11,6.81,6.14,16.06,0.71,1.3,73.89,5.0,1.7,5.97,1.0,3.26,0.43,1.3,1.1,0.0,473.4,0.96,0.0,2.86,1
2.25,7.01,1.75,0.0,0.0,11.27,653.67,1.0,0.75,13.53,29.31,1.41,1.5,64.62,2.75,0.25,34.31,1.25,4.87,1.24,1.25,0.75,0.0,42.82,0.88,0.0,1.5,1
0.49,0.51,1.0,0.0,0.0,2.53,38.83,1.0,0.0,1.96,3.43,3.51,0.0,28.89,2.51,0.51,3.92,1.0,2.41,1.0,1.0,0.44,0.0,6.0,0.92,0.0,0.49,0
0.0,0.32,1.0,0.68,1.0,5.26,41.65,1.0,0.0,0.65,3.68,1.31,0.97,45.8,2.65,0.0,4.84,1.0,3.21,0.32,1.0,0.27,0.0,6.65,0.93,0.0,0.32,0
11.68,13.55,1.0,0.0,1.06,4.06,299.93,1.0,2.58,7.1,50.68,0.26,2.84,60.0,1.65,1.29,14.55,2.29,6.68,0.71,1.71,1.34,0.35,401.47,0.64,0.0,3.58,1
0.05,0.0,1.0,0.0,0.95,1.91,28.0,1.0,0.0,1.42,3.19,0.63,0.95,66.51,1.0,0.0,1.05,1.0,3.0,1.0,1.0,1.56,0.0,88.95,0.92,0.0,0.05,0
3.71,0.58,1.0,0.0,1.0,8.77,170.65,2.42,0.29,8.0,9.71,0.89,1.16,80.03,4.29,0.0,14.46,1.71,3.14,0.71,1.0,0.96,0.0,368.63,0.81,0.0,0.87,1
0.01,17.96,1.0,0.0,0.0,9.99,275.62,1.0,0.01,7.99,5.99,4.51,0.01,99.93,0.01,2.0,8.0,0.0,2.13,1.0,0.0,0.0,0.0,57.92,0.85,0.0,1.0,0
0.0,0.89,1.0,0.0,0.0,10.56,36.67,1.0,0.0,0.0,1.11,0.75,2.11,0.0,3.78,0.0,9.45,1.0,3.5,1.89,2.44,0.75,0.0,6.0,0.94,0.0,0.0,0
1.08,0.0,1.54,9.63,2.7,0.54,44.67,1.46,1.08,0.46,4.68,0.38,1.62,59.27,2.38,0.0,3.62,1.0,5.44,1.08,2.62,1.73,0.54,93.73,0.98,0.0,1.54,1
0.0,0.0,0.38,4.96,0.0,3.42,38.14,1.0,0.0,0.0,0.76,2.19,1.9,0.0,1.9,0.0,4.56,0.38,2.66,1.14,0.76,0.28,0.0,6.38,0.86,0.0,0.76,0
0.0,0.73,1.0,0.82,0.0,8.73,123.98,1.0,0.0,2.91,9.17,2.75,2.18,70.88,1.46,2.27,6.1,0.73,4.02,0.73,0.73,0.42,0.0,6.0,0.9,0.0,1.73,0
0.0,0.21,1.0,0.0,0.0,6.55,38.29,1.0,0.0,0.1,1.21,6.64,1.21,8.25,4.0,4.79,2.34,1.0,1.58,1.21,0.1,0.07,0.0,6.0,0.87,0.0,0.21,0
1.07,0.0,1.0,1.11,1.28,7.47,92.18,1.0,0.0,0.0,5.57,4.23,1.21,98.61,0.11,0.89,2.11,0.11,2.56,1.0,0.32,0.11,0.0,6.0,0.89,0.0,1.79,0
0.0,0.09,1.0,0.0,0.0,5.47,53.04,1.0,0.09,0.09,2.13,1.81,0.09,3.29,5.91,0.96,2.6,1.0,4.02,0.96,1.96,0.79,0.0,6.0,0.94,0.0,0.04,0
0.0,0.35,1.0,0.0,0.0,1.39,28.49,1.0,0.0,2.61,5.26,1.14,0.0,46.25,3.0,0.35,0.65,1.0,2.26,1.3,1.0,0.0,0.0,6.0,0.92,0.0,0.0,0
0.0,0.0,1.38,0.0,0.0,6.52,35.7,1.0,0.0,0.0,2.38,1.73,0.0,0.0,1.38,0.0,3.76,1.62,2.7,1.14,1.38,0.19,0.0,81.05,0.89,0.0,0.76,0
0.48,0.0,1.0,0.0,2.38,5.57,40.44,1.0,0.0,0.0,2.91,3.4,0.0,0.0,0.48,0.52,3.81,0.48,25.2,1.05,1.0,0.24,0.0,40.32,0.88,0.0,0.48,0
0.0,2.83,1.0,0.0,0.0,17.99,196.96,1.0,0.0,7.66,14.0,1.15,3.33,36.14,1.0,1.0,20.31,2.0,9.53,0.0,1.0,1.77,0.0,8.5,1.21,0.0,2.66,1
11.67,-1.34,-0.34,5.34,10.68,-1.35,119.65,1.0,0.0,17.02,32.38,-0.25,1.0,141.09,4.33,0.0,-4.68,1.67,2.15,-3.01,1.66,0.63,-1.34,53.02,0.95,0.0,5.34,1
0.0,0.0,1.0,0.0,0.0,-2.65,-0.28,1.0,0.0,1.87,11.17,3.3,-1.7,37.82,0.43,0.57,1.95,0.87,0.26,0.0,-1.13,0.15,0.0,6.0,0.89,0.0,1.43,0
7.09,1.89,1.0,1.77,9.86,9.11,97.66,1.0,0.0,2.0,3.0,0.46,3.0,107.86,3.11,0.0,-7.14,1.0,-37.03,-43.28,-22.03,1.57,-0.89,10.66,0.97,0.0,1.0,1
0.0,0.66,3.32,0.0,0.0,15.61,210.88,1.0,2.64,1.32,10.27,-1.98,1.98,34.37,3.98,-0.66,20.86,1.0,6.96,2.34,2.0,1.44,0.0,104.0,0.95,0.0,3.32,1
9.22,3.88,0.22,2.0,10.45,-6.32,36.6,1.0,0.0,3.11,0.45,-0.26,-0.11,133.62,1.0,0.0,3.0,1.0,2.89,1.78,3.0,-1.1,0.0,6.0,0.65,0.0,-0.78,0
2.0,-0.6,1.0,30.0,1.81,10.19,1251.12,1.0,91.6,3.0,4.42,-0.4,18.0,90.0,4.0,0.0,36.42,1.0,7.46,-1.21,0.0,1.48,0.0,6.0,0.97,0.0,0.0,0
12.1,13.03,1.0,15.82,7.44,7.0,69.36,5.65,-0.93,16.75,-11.03,0.58,3.0,18.61,3.86,0.93,1.28,0.07,4.58,1.93,6.0,1.49,0.0,4.14,1.09,0.0,0.0,0
0.0,1.06,1.0,3.0,0.0,15.94,177.66,1.0,0.0,0.53,10.06,-0.66,4.06,142.36,0.0,-0.06,11.88,0.0,7.08,2.06,0.53,0.38,0.0,6.0,1.02,0.0,3.06,0
8.0,0.0,1.61,5.0,2.0,1.18,97.3,1.0,0.0,0.0,2.82,-1.57,3.43,88.0,1.61,-0.61,6.03,2.21,5.34,1.39,1.0,1.96,0.0,234.0,1.02,0.0,1.61,0
6.34,0.0,1.0,5.0,2.0,4.11,201.43,1.0,5.55,3.88,12.09,0.74,0.45,91.88,-0.11,0.55,3.55,0.45,5.01,2.0,0.45,0.77,0.0,232.89,0.98,0.0,0.45,0
32.46,0.0,-0.95,-5.73,-4.77,-0.95,240.85,4.82,-1.91,8.59,24.82,9.22,-1.91,19.09,2.86,1.0,0.0,0.95,-4.16,-1.91,-2.86,-2.08,-0.95,23.18,0.59,0.0,-0.95,0
-3.86,0.0,1.0,-1.54,0.0,6.23,22.82,1.0,-3.86,1.54,7.18,6.35,-2.32,-16.99,-2.32,1.0,-3.09,1.54,1.28,2.0,1.0,-0.8,0.0,-5.58,0.87,0.0,0.0,0
1.0,6.0,1.0,3.51,2.51,7.51,277.37,1.0,2.51,7.0,27.87,-3.38,0.84,171.04,0.16,9.85,8.85,2.84,4.42,-0.84,0.0,1.26,0.0,6.0,1.05,0.0,3.67,0
30.0,26.85,1.0,0.79,0.0,-5.47,951.53,1.0,43.64,6.68,27.16,1.11,-2.37,143.11,0.21,17.79,13.21,1.79,5.26,1.21,-0.58,-0.59,0.0,134.54,0.95,0.0,4.37,1
0.57,0.0,1.0,0.0,2.87,-0.57,-8.99,1.0,-2.87,0.28,2.43,0.33,0.43,-11.79,2.0,-7.46,2.87,-0.15,12.2,2.0,2.57,0.69,0.0,102.34,0.95,0.0,0.57,0
0.0,-0.7,1.0,0.0,0.7,5.7,29.04,1.0,0.0,-0.4,2.19,1.07,1.4,51.57,4.81,1.4,0.89,0.3,3.33,0.7,2.0,0.02,0.0,180.15,0.87,0.0,-0.7,1
-3.88,37.0,1.0,1.0,-4.38,5.25,414.35,1.0,2.0,16.5,-2.63,1.78,-3.38,157.16,1.88,1.0,10.62,2.0,5.52,0.88,-0.88,-1.25,0.0,6.0,0.94,0.0,0.12,0
-9.04,0.0,1.0,-21.7,-9.95,1.38,44.85,1.0,9.52,5.71,10.52,2.02,0.1,62.63,1.0,24.75,4.81,4.81,58.88,-0.9,-0.9,-0.07,-0.9,1.48,1.1,0.0,0.0,0
4.66,2.55,1.0,0.0,1.03,47.62,309.23,1.0,4.66,12.42,8.28,7.45,1.03,48.64,-1.03,2.03,26.87,0.0,3.72,2.48,0.48,0.38,0.0,30.32,0.93,0.0,1.55,1
0.0,-1.51,1.0,2.0,2.0,-8.3,-87.64,1.0,-1.51,-0.51,1.98,3.3,-1.51,34.9,-1.02,7.79,-11.32,0.25,-1.13,1.51,1.0,-1.23,0.0,6.0,0.81,0.0,-0.75,0
9.62,3.62,1.0,0.0,2.0,16.32,617.41,1.0,9.62,28.32,21.7,-0.04,3.23,143.32,2.77,3.0,59.4,1.62,6.67,-0.62,0.38,1.93,0.0,55.47,0.96,0.0,4.23,1
0.31,-2.77,1.69,-0.69,0.0,10.08,118.19,1.0,1.69,-3.85,7.85,0.49,2.39,-22.34,2.39,-2.77,21.7,1.31,3.71,0.69,1.69,2.07,0.0,6.0,0.96,0.0,1.0,0
3.79,2.0,1.0,-2.38,4.17,21.96,545.84,8.13,10.51,13.55,27.23,0.46,4.0,70.73,8.17,2.38,51.34,1.0,5.09,0.0,0.21,1.56,0.0,654.57,0.97,0.0,3.79,1
1.0,0.51,1.0,0.0,0.0,-0.76,134.24,1.0,3.0,2.54,9.49,0.57,1.0,101.95,3.0,0.49,16.86,1.49,-0.22,-3.08,-0.51,1.33,0.0,6.51,0.74,0.0,-0.03,0
-0.79,0.0,1.0,0.0,0.0,2.04,54.38,1.0,0.0,2.38,7.58,2.49,0.0,2.38,2.21,0.79,5.0,1.0,1.67,-0.79,1.21,0.02,0.0,68.0,0.1,0.0,0.21,0
6.0,0.86,2.0,1.0,2.0,5.86,389.17,1.0,10.65,23.34,36.26,-3.52,3.86,167.13,4.0,0.0,19.16,1.86,7.62,-0.86,1.14,2.75,0.0,235.0,0.83,0.0,2.86,1
8.09,2.58,4.06,-27.32,0.0,4.52,93.25,1.0,0.52,32.52,19.43,-0.21,2.0,126.45,1.0,0.52,8.58,1.52,10.71,1.0,1.52,3.23,0.0,27.67,0.81,0.0,1.0,0
2.64,0.0,0.34,3.29,8.57,1.39,19.06,1.0,0.0,11.86,31.7,0.93,-2.64,61.28,2.34,0.0,1.05,0.34,2.44,0.66,2.66,-0.05,0.0,81.84,0.28,0.0,1.66,0
0.82,6.9,1.0,0.82,-0.82,0.18,94.1,1.0,-0.82,9.9,8.34,0.97,-2.45,92.64,-2.26,1.63,5.63,1.82,2.42,1.18,0.18,-0.04,0.0,-196.39,1.01,0.0,1.63,0
0.0,0.0,1.68,2.03,0.0,7.7,56.37,1.0,0.0,0.0,4.03,1.73,0.0,-4.06,-0.35,0.0,3.0,2.0,1.58,-0.68,1.0,0.51,0.0,67.0,0.93,0.0,0.68,0
0.0,2.17,1.0,0.0,3.72,3.0,390.03,1.0,5.35,0.0,42.4,0.58,0.0,0.0,1.28,9.42,11.25,2.45,4.17,-1.45,0.28,0.21,0.0,13.25,0.93,0.0,0.72,1
0.0,0.0,1.0,2.0,2.58,1.16,36.58,1.0,0.58,1.58,6.16,1.08,-1.16,122.03,3.74,2.16,-15.1,1.0,-28.09,-29.61,-14.1,-0.29,-0.58,150.01,0.87,0.0,-0.58,1
10.56,0.0,1.0,0.0,5.78,19.91,139.84,1.0,0.78,-1.56,6.89,0.15,8.11,-31.92,4.34,0.0,15.56,0.22,8.25,1.78,0.44,2.52,0.0,6.0,0.93,0.0,1.0,0
6.78,35.0,1.95,-48.19,2.0,14.62,487.33,1.0,3.89,9.51,4.0,1.79,1.95,155.86,1.0,0.95,26.92,1.95,11.46,2.0,1.0,0.85,0.0,1.27,1.33,0.0,-0.89,0
-4.75,-3.8,-1.85,8.54,0.0,12.8,60.51,1.0,10.44,-20.83,-22.58,1.63,1.0,19.31,1.0,-0.95,9.1,1.05,-0.41,0.95,1.0,0.81,0.0,11.81,1.08,0.0,-0.9,0
-5.76,17.29,3.0,-15.37,-9.61,20.72,163.69,-0.92,0.0,7.76,-6.64,5.7,1.04,6.72,-1.88,0.96,5.76,-0.92,1.47,3.0,5.04,1.86,1.0,55.95,0.93,0.0,1.0,0
3.0,0.0,2.0,1.0,2.0,13.98,157.87,1.0,2.0,12.95,9.98,-7.22,2.0,126.76,3.99,-1.0,12.98,2.0,16.34,2.0,2.99,1.2,0.0,6.0,1.06,0.0,2.99,0
0.0,0.0,1.0,-3.64,-8.84,6.88,-29.28,1.0,0.0,2.08,-2.68,4.06,0.0,-9.88,1.52,0.48,6.64,1.0,-63.11,1.0,0.0,-0.52,0.0,6.0,0.89,0.0,0.0,0
1.96,0.65,1.0,1.0,0.65,15.85,281.06,1.0,0.65,5.23,11.89,3.03,3.62,155.6,1.96,1.0,31.43,0.0,4.34,-0.31,0.0,1.19,0.0,16.47,0.89,0.0,3.96,1
-0.64,0.0,2.0,3.0,0.0,7.21,76.83,1.0,0.0,-2.42,6.79,1.63,0.0,15.59,4.21,0.64,1.0,1.0,4.04,1.0,1.64,0.72,0.0,6.0,1.17,0.0,0.36,0
0.41,9.0,2.0,0.0,-0.86,10.68,776.88,1.0,-0.73,17.14,39.0,0.95,1.14,72.17,3.86,0.0,38.08,1.0,2.62,-1.73,1.0,0.61,0.0,55.0,0.82,0.0,1.14,1
0.42,1.58,3.3,9.0,-2.88,11.91,128.1,1.0,12.0,18.46,-1.73,0.52,7.49,100.67,2.15,0.0,12.49,1.0,-16.67,4.46,1.58,2.62,1.15,-35.47,0.74,0.0,1.0,0
-4.21,0.0,1.0,-6.95,-4.34,1.39,95.02,1.0,0.0,4.87,15.47,0.94,-0.61,80.64,3.87,0.87,17.39,1.0,1.54,0.0,1.87,-1.41,0.0,6.0,0.95,0.0,1.0,0
1.56,1.88,1.0,-2.34,0.78,9.0,35.8,2.56,-5.79,-4.13,-14.31,0.98,-0.78,53.97,4.78,-4.24,-2.84,1.0,2.43,0.78,0.78,0.74,0.0,324.59,0.85,0.0,-0.34,1
22.53,6.33,1.66,19.88,0.0,7.29,1037.06,1.0,11.26,38.45,27.17,0.49,2.65,101.74,0.34,0.0,36.12,4.31,6.15,-0.33,0.34,0.54,0.0,208.09,0.8,0.0,3.31,1
3.57,0.0,1.0,1.0,4.46,4.33,283.29,9.02,10.7,5.35,20.61,4.38,-0.89,140.12,4.57,3.67,-0.78,0.11,7.5,8.0,0.11,-0.52,0.0,698.68,1.0,0.0,0.89,0
4.35,-5.22,1.0,2.61,5.22,-1.61,-194.69,1.0,-1.74,-1.74,-18.0,0.84,16.52,18.26,0.39,-6.96,-15.65,1.0,2.95,2.74,2.87,1.55,0.87,3.39,0.7,0.0,-0.87,0
1.0,8.85,1.0,0.0,0.0,15.57,239.55,1.0,1.0,4.14,6.57,2.07,2.0,20.76,3.29,1.0,15.43,1.29,5.35,0.0,0.29,0.83,0.0,10.0,1.15,0.0,3.43,1
2.0,0.0,2.0,17.51,5.0,2.03,94.0,1.0,2.0,0.0,2.03,0.21,3.0,74.0,1.51,1.03,7.05,1.51,5.06,-2.1,4.51,3.31,1.0,45.62,0.77,0.0,3.54,1
1.2,-2.6,-9.79,-9.59,-6.59,-5.38,-134.76,1.0,0.0,7.0,4.0,2.12,-5.39,58.8,2.0,2.0,12.79,1.6,-3.33,-0.2,-0.2,-1.13,0.0,-2.99,1.02,0.0,-0.4,0
0.0,1.82,1.0,0.0,0.0,14.55,56.66,1.0,0.0,-3.64,-0.73,8.75,-0.91,-30.05,1.0,1.91,3.91,0.09,-1.84,-1.73,-0.91,-1.46,0.0,6.0,0.85,0.0,0.0,0
-1.41,2.0,1.0,-21.15,0.7,15.77,-714.24,1.0,-63.44,-0.41,3.7,1.93,-7.57,51.8,4.7,4.41,-9.26,1.0,3.44,3.7,1.7,0.02,0.0,180.83,0.85,0.0,2.0,0
0.0,0.0,1.94,0.0,0.0,8.7,122.73,1.0,0.53,7.83,13.65,1.56,0.94,48.2,1.0,9.01,7.42,1.0,6.05,2.47,3.35,1.4,0.47,7.59,0.97,0.0,1.53,1
0.0,2.61,1.0,0.0,0.0,5.0,38.22,1.0,0.0,2.61,2.0,0.08,0.0,39.11,5.35,0.35,1.35,0.35,2.44,-1.61,1.35,0.75,0.0,6.0,0.95,0.0,0.0,0
3.96,3.11,2.0,0.0,-1.04,2.45,71.11,1.0,-1.04,18.11,9.15,0.06,1.48,90.44,1.0,2.07,3.41,1.52,5.25,-0.04,0.48,2.58,0.0,22.0,0.85,0.0,1.52,0
5.98,0.0,2.0,2.49,2.62,12.0,94.27,1.0,0.0,0.0,0.13,0.6,4.62,23.64,0.38,0.0,2.87,1.0,5.5,1.24,1.0,3.54,0.0,147.87,1.0,0.0,1.62,1
0.0,-0.66,1.0,1.99,0.0,10.29,87.24,1.0,0.0,-0.66,-3.63,7.42,1.99,58.89,0.34,0.66,-0.66,-0.32,4.59,3.0,0.34,-0.14,0.0,6.0,0.87,0.0,0.66,0
0.0,2.0,3.0,0.0,0.55,15.65,299.57,1.0,4.0,-0.2,10.45,0.69,4.1,13.02,6.55,0.0,24.55,1.0,3.76,-1.1,1.55,1.97,0.0,103.73,0.92,0.0,2.55,1
0.0,2.18,2.0,8.0,0.0,-1.88,-153.27,1.0,-1.53,0.47,-11.28,1.31,0.0,90.29,1.24,0.47,-15.1,1.0,2.42,2.53,1.76,-0.26,0.0,-17.69,0.97,0.0,-0.53,0
16.01,2.99,1.0,-2.98,6.05,10.97,201.85,3.0,1.99,-2.96,-30.83,0.89,2.0,77.05,3.0,3.98,15.95,0.0,2.34,1.0,1.0,2.25,0.0,69.08,0.73,0.0,2.0,1
3.0,-0.78,1.0,3.0,1.0,3.33,58.0,1.0,-0.78,-1.55,5.33,1.74,0.0,33.7,2.55,-1.55,0.22,0.22,1.37,0.0,2.55,0.01,0.0,54.1,0.45,0.0,1.0,1
-0.68,-0.36,1.0,0.0,0.0,16.23,91.79,1.0,0.0,0.0,4.05,1.85,3.05,0.0,4.36,4.05,14.18,1.0,4.67,1.36,0.32,-0.39,0.0,6.0,0.93,0.0,0.68,0
0.0,4.03,1.0,0.0,0.0,-17.55,-29.76,1.0,0.0,4.97,0.97,0.17,1.95,92.17,1.0,-0.97,-5.82,0.03,-0.97,-3.87,1.0,0.58,0.0,6.0,0.9,0.0,-1.95,0
0.0,2.0,1.0,0.0,0.0,1.68,13.55,1.0,-1.66,0.83,6.65,4.63,0.0,14.96,-0.66,1.0,1.83,1.83,1.09,0.17,0.17,0.5,0.0,-8.13,0.93,0.0,0.0,0
1.16,0.92,6.0,-25.55,3.0,9.73,-723.6,1.0,-81.65,0.08,14.92,1.09,-9.53,73.63,-1.76,1.84,-19.71,1.92,2.33,1.0,2.0,2.27,0.0,27.0,0.93,0.0,3.92,0
-0.52,3.0,1.0,0.0,-2.59,2.59,10.26,1.0,0.0,3.0,-1.55,1.11,2.59,66.0,3.07,0.0,2.07,1.0,-21.63,2.55,1.52,0.13,0.0,-30.8,0.51,0.0,0.52,0
2.06,-0.52,1.0,2.58,6.7,-2.09,27.18,1.0,0.0,9.27,24.66,0.12,0.0,47.9,2.48,0.0,1.03,1.52,3.94,0.48,2.0,0.36,0.0,16.82,0.65,0.0,1.03,0
0.0,19.58,1.0,0.0,0.0,6.84,277.58,1.0,0.0,11.95,6.0,1.8,0.0,147.37,0.79,-5.11,10.37,0.79,2.65,1.0,0.0,0.0,0.0,58.0,0.9,0.0,1.0,0
2.29,3.29,1.0,0.0,0.0,9.05,123.51,1.0,0.0,13.71,11.14,1.08,1.76,41.9,3.76,2.0,22.0,2.52,3.81,-1.52,0.24,0.78,0.0,-34.37,0.93,0.0,1.52,0
1.0,-0.63,4.0,-1.88,-1.88,29.25,51.48,1.0,0.12,0.63,-9.0,0.47,15.63,-40.01,3.0,-4.0,19.37,0.37,13.99,2.25,2.63,3.86,0.0,6.0,0.97,0.0,-0.25,0
-26.55,-32.51,1.0,-0.96,4.79,4.79,-660.5,9.62,-40.21,7.7,23.15,0.46,5.04,57.07,4.87,1.91,5.51,0.04,7.72,0.0,1.0,0.37,0.0,614.87,1.02,0.0,-0.87,0
2.9,5.0,5.84,1.94,2.9,21.59,649.06,1.0,2.97,6.97,38.62,-0.5,6.78,157.08,-0.84,1.03,29.87,1.0,6.6,0.0,0.0,2.42,0.0,57.33,0.95,0.0,4.9,1
1.0,2.28,1.57,-10.28,0.57,3.43,284.46,1.0,3.43,10.0,37.27,-0.02,0.0,77.0,1.57,7.43,7.71,2.71,4.9,1.0,1.0,0.97,0.0,11.71,0.66,0.0,1.57,1
0.73,4.41,14.22,12.75,7.35,29.31,415.78,1.0,0.0,0.0,7.47,3.4,10.55,161.71,-1.47,1.0,4.94,0.0,11.42,1.73,0.0,2.66,0.0,-18.24,0.72,0.0,5.67,0
5.0,0.0,2.0,0.0,-15.24,1.14,-20.56,1.0,0.95,15.0,-9.28,1.61,1.05,78.0,1.95,0.0,-0.67,1.0,5.49,0.05,1.0,1.31,0.0,22.0,0.81,0.0,0.05,0
1.0,-0.89,1.0,1.0,11.0,-3.12,114.66,6.0,5.0,0.0,16.78,0.77,0.11,81.0,1.11,14.0,-5.23,2.0,3.49,-0.89,1.0,-0.24,0.0,341.34,0.36,0.0,0.89,1
0.0,8.94,1.0,0.0,0.0,-2.96,0.25,1.0,0.0,4.99,-11.83,2.03,0.0,81.69,1.0,0.99,-7.87,0.01,3.56,1.0,1.99,-0.11,0.0,6.0,0.66,0.0,-1.97,0
-4.27,1.0,1.88,-5.06,-8.78,8.51,24.64,-0.76,12.0,13.24,-8.78,0.73,2.64,6.3,0.12,-0.88,10.27,1.88,5.6,0.12,0.12,1.52,0.0,6.0,0.89,0.0,1.0,0
24.79,-0.63,2.0,23.96,5.0,1.0,184.39,3.53,2.0,5.06,12.39,0.18,3.63,95.52,2.27,0.0,5.63,1.0,8.27,2.0,4.0,3.1,1.0,41.89,0.97,0.0,2.63,1
1.21,-0.79,1.0,22.92,0.0,12.79,1182.63,1.0,81.56,-8.81,6.72,0.73,18.0,20.74,5.57,0.0,34.0,1.0,4.0,-0.79,0.79,0.91,0.0,54.79,0.61,0.0,0.0,0
0.0,16.91,1.0,0.0,16.0,-2.54,26.05,1.0,-4.54,-1.82,9.08,0.19,-0.91,-60.85,1.0,-11.81,6.72,0.09,-25.22,2.91,3.91,-0.27,0.0,6.0,0.94,0.0,1.91,0
-5.06,0.0,1.56,0.56,-1.12,1.75,-17.52,1.0,0.0,-0.56,4.93,0.49,3.31,-7.87,-0.25,0.0,26.44,1.0,51.29,52.0,25.88,0.3,1.0,-12.54,0.93,0.0,-0.69,0
-3.92,1.0,1.0,-15.7,-6.54,8.38,5.6,2.31,0.0,5.23,6.89,1.0,0.69,-11.12,5.96,0.0,10.65,1.65,2.31,2.0,2.0,0.14,-0.65,332.39,0.85,0.0,0.0,0
-2.87,12.0,1.0,1.0,-4.83,3.87,-266.6,-7.7,-11.6,-1.77,-22.2,3.42,0.0,-1.65,-2.87,-1.93,-0.8,1.0,3.12,1.97,1.0,1.04,0.0,-765.24,0.92,0.0,-0.93,0
1.2,9.66,1.0,0.8,0.2,7.82,71.49,1.0,0.2,4.02,1.2,0.36,1.37,53.1,1.59,0.0,7.54,1.0,4.73,1.39,1.0,1.6,0.0,6.0,0.96,0.0,1.0,0
4.0,6.0,0.24,0.0,0.0,-3.06,9.47,1.0,1.0,4.0,13.47,2.23,0.0,75.0,-0.53,7.88,6.94,1.24,1.38,-0.76,-0.76,-0.38,0.0,-65.92,0.81,0.0,0.47,0
5.47,0.0,1.0,3.42,0.68,0.0,24.89,1.0,0.0,4.0,-0.42,0.17,0.32,93.18,-1.05,0.0,0.68,2.0,5.58,5.37,1.32,1.72,0.0,40.19,1.05,0.0,0.0,0
0.0,1.26,1.0,0.0,0.0,0.49,6.51,1.0,0.0,-0.63,0.49,3.32,0.37,-15.7,3.0,0.63,-3.28,0.37,-0.1,1.63,2.0,-0.63,0.0,-1.19,0.95,0.0,0.37,0
8.54,6.58,1.0,2.0,9.81,0.07,182.33,1.0,0.0,2.93,2.0,3.08,-2.85,134.55,1.0,0.0,3.0,1.0,3.04,1.73,1.54,-0.1,-0.73,6.0,0.7,0.0,0.0,0
12.82,0.0,1.0,24.0,12.88,9.0,191.11,1.0,1.88,0.94,-0.88,-2.47,2.0,63.0,1.94,-0.94,6.65,1.94,6.27,1.94,1.94,1.97,1.0,11.0,0.95,0.0,-0.94,1
0.81,0.0,1.0,0.0,2.43,0.57,8.68,1.0,-0.81,-3.24,2.38,4.06,4.05,-35.67,-2.43,2.0,-10.54,0.0,11.35,0.19,0.0,-0.9,0.81,6.0,0.89,0.0,-0.81,0
3.87,0.0,1.0,1.0,2.0,11.46,159.77,1.0,2.87,4.46,5.73,-4.53,2.73,104.1,1.0,-4.33,19.26,1.0,9.58,3.73,3.6,2.8,0.0,6.0,1.07,0.0,2.73,0
-4.79,-1.6,2.0,0.0,-1.07,0.61,-178.25,1.0,-4.79,-12.25,1.27,0.66,2.93,-50.06,0.4,-1.6,-18.09,3.0,16.17,1.07,0.0,0.74,0.0,-19.03,1.01,0.0,-0.6,0
-3.64,-1.47,0.09,0.0,0.0,0.0,51.73,1.0,-0.91,0.36,-11.66,10.06,0.0,14.68,0.09,1.0,-7.11,-0.82,-0.28,0.0,1.0,0.89,0.0,3.27,0.71,0.0,-1.82,0
-1.16,2.58,3.0,0.0,0.0,9.36,-17.04,1.0,0.0,-4.06,-4.64,1.1,2.42,-47.57,1.42,0.0,5.04,0.42,9.82,7.0,3.0,1.88,2.0,5.42,0.95,0.0,-1.74,0
0.0,1.12,1.0,0.0,0.0,0.88,23.3,1.0,-0.88,5.65,1.88,0.18,0.0,38.3,3.77,0.0,6.53,0.12,5.07,1.88,1.0,2.26,0.0,7.0,0.91,0.0,0.0,0
0.0,0.0,1.0,1.0,1.0,3.0,31.0,1.0,0.0,0.0,4.0,1.63,0.0,50.0,2.0,0.0,0.0,1.0,2.0,0.0,1.0,0.0,0.0,6.0,0.91,0.0,0.0,0
6.0,5.94,4.0,0.0,0.0,8.54,160.86,1.0,1.0,45.54,28.94,-3.44,3.77,121.33,3.83,-7.48,26.79,2.94,16.46,-0.94,1.94,3.15,0.0,24.83,0.65,0.0,4.88,1
6.33,0.0,1.0,15.19,6.96,6.9,168.99,1.0,5.0,3.0,2.84,0.87,2.27,138.13,-0.27,13.0,0.47,3.0,34.82,0.63,-0.63,1.46,0.63,-30.08,1.37,0.0,-0.63,0
0.65,0.71,3.0,0.0,0.0,15.94,338.28,1.0,4.0,1.35,18.12,0.44,4.29,55.23,7.29,0.0,34.35,1.0,6.18,-1.29,1.0,2.07,0.0,6.0,1.03,0.0,2.65,1
1.09,6.0,19.0,16.0,11.0,31.0,352.83,1.0,-2.74,-0.91,-4.3,0.11,17.65,6.48,2.82,-0.91,-4.12,0.09,17.14,4.74,3.82,3.62,0.0,21.91,0.89,0.0,5.91,1
0.0,0.0,1.89,0.0,0.0,7.77,106.91,1.0,0.0,0.0,9.54,-1.79,3.54,0.0,4.77,-7.97,11.2,3.66,3.65,-1.77,1.11,1.47,0.0,68.0,0.42,0.0,1.89,1
0.0,4.0,1.0,0.0,1.0,7.59,466.85,1.0,5.47,0.0,49.82,1.48,0.0,0.0,-0.59,12.47,6.82,3.53,2.71,0.0,0.0,-0.09,0.0,48.35,0.95,0.0,0.47,1
3.63,-3.15,4.0,4.73,3.68,31.95,116.21,1.0,2.0,-3.68,-4.78,0.05,16.58,-7.88,3.0,-1.1,20.0,0.47,15.43,1.0,2.0,4.55,0.0,6.0,0.97,0.0,-0.05,0
5.07,5.93,4.0,0.0,0.0,-2.7,99.17,1.0,0.07,37.07,25.22,5.1,-0.93,56.99,2.85,1.93,-4.1,1.07,5.94,0.93,1.0,0.2,0.0,22.0,0.47,0.0,2.07,0
-0.73,6.84,1.0,0.0,0.0,-1.31,24.47,1.0,-0.73,-2.19,-3.11,3.72,-0.46,-10.96,0.81,1.27,-3.5,0.27,0.14,2.19,1.0,-1.07,0.0,3.08,0.94,0.0,-0.73,0
-0.69,-2.74,1.69,2.06,0.0,4.31,43.34,1.0,0.0,2.06,7.85,6.23,0.0,-10.28,0.31,0.0,-0.69,1.0,3.82,3.0,0.31,-0.37,0.0,6.0,0.88,0.0,0.0,0
3.0,1.09,1.0,0.0,1.0,18.0,284.73,1.0,0.09,6.18,7.18,0.68,3.09,83.18,5.91,0.0,44.09,0.09,6.18,0.0,1.91,1.23,0.0,22.0,0.94,0.0,2.09,1
42.58,34.49,1.0,1.0,2.54,-7.64,1069.02,1.0,54.0,0.0,10.07,0.16,3.54,95.0,2.0,0.49,21.51,1.49,5.2,-3.05,0.0,1.19,0.0,168.0,0.96,0.0,4.49,1
3.57,5.57,1.0,5.36,0.0,8.15,891.22,1.0,17.87,33.6,111.81,0.42,1.79,124.34,4.57,14.3,66.55,2.79,6.11,-1.57,-0.79,1.17,0.0,247.27,0.78,0.0,5.36,1
0.0,1.0,1.0,4.2,10.21,4.8,96.85,1.0,-0.6,-2.4,7.81,3.73,-1.8,20.41,0.2,0.6,-7.81,1.0,74.84,0.8,-0.2,-0.49,0.0,6.0,1.01,0.0,-0.6,0
5.0,0.0,1.0,2.0,2.47,4.18,119.43,1.0,5.82,1.0,3.47,1.97,-1.11,66.0,4.0,0.0,-11.92,1.0,-37.32,-42.77,-20.38,0.49,-0.82,21.0,0.98,0.0,0.18,1
1.58,2.58,1.0,-0.53,0.0,1.89,47.34,1.0,0.0,10.54,4.74,3.89,0.53,-6.32,4.58,0.47,10.01,2.58,2.3,0.47,1.53,0.96,0.0,7.05,0.92,0.0,0.0,0
-3.64,0.0,0.27,0.0,19.73,7.45,136.63,1.0,0.73,-10.18,17.55,1.29,1.73,-20.37,3.91,1.45,7.36,1.0,1.2,1.0,1.0,-0.18,0.0,174.77,0.99,0.0,0.27,1
-18.25,0.65,1.0,-5.86,6.52,6.95,-102.63,-1.61,0.0,-5.86,-15.94,7.08,3.61,-9.12,2.05,5.0,-0.95,0.35,1.17,2.3,0.0,0.66,0.0,-13.55,1.0,0.0,0.0,0
0.0,1.0,1.0,-2.24,-2.24,41.76,-62.07,1.0,-2.24,0.0,-12.71,9.01,-0.75,-72.51,0.75,-4.23,-4.23,-0.75,0.29,3.0,1.0,-0.72,0.0,6.0,0.88,0.0,-1.49,0
-5.48,0.0,1.0,-1.22,-1.22,3.35,50.89,1.0,2.61,-1.04,9.04,1.62,-1.83,-5.06,2.39,0.61,14.26,1.0,0.53,0.39,-0.22,-0.37,0.0,2.92,0.9,0.0,0.17,0
0.0,0.0,2.87,-15.59,0.0,15.06,37.21,1.0,0.0,0.0,3.87,5.19,0.0,0.0,2.0,0.87,5.0,1.0,6.4,4.73,2.87,0.5,0.0,104.0,0.82,0.0,2.0,0
0.73,5.37,1.0,0.73,0.0,6.73,7.04,1.0,-0.73,-4.37,-8.75,3.34,0.0,-0.73,2.0,-9.48,-8.02,1.73,-2.97,0.54,0.27,0.09,0.0,3.81,1.0,0.0,0.0,0
0.0,-3.24,1.0,0.0,0.81,-2.43,5.63,1.0,0.0,1.19,3.81,2.29,0.81,-31.73,1.81,0.0,-0.81,2.0,0.03,1.0,1.0,-1.04,0.0,44.84,0.53,0.0,-0.81,0
0.0,0.0,1.0,0.0,0.0,9.35,22.23,1.0,0.0,-2.35,-4.28,1.31,3.0,-47.88,3.57,0.0,0.29,0.22,2.96,1.0,7.57,0.23,0.0,54.67,0.43,0.0,-0.78,1
2.69,2.0,1.0,0.0,0.67,-15.83,-113.37,2.35,0.0,10.39,1.67,-1.49,0.0,112.51,3.69,-3.37,-0.71,2.35,2.08,2.0,1.67,0.41,0.0,345.28,0.77,0.0,-1.35,0
-0.83,-9.17,1.0,-0.83,0.0,41.7,74.69,1.0,0.0,-3.17,4.17,7.7,0.0,4.95,1.17,0.83,-0.34,0.17,2.34,1.67,2.0,-0.77,0.0,6.0,0.91,0.0,-0.83,0
4.46,0.51,1.0,14.46,10.0,7.63,195.09,3.0,0.0,3.03,15.0,0.46,2.54,66.78,4.54,1.0,9.2,2.0,5.56,1.51,1.0,0.81,0.0,7.03,0.88,0.0,1.0,1
1.86,6.58,1.62,0.0,0.0,6.82,527.59,1.0,0.62,10.3,34.61,0.36,1.24,37.05,2.24,0.0,32.05,0.76,3.53,1.0,1.0,0.66,0.0,36.39,0.91,0.0,1.62,1
1.57,-4.71,0.21,-3.28,0.79,35.49,331.39,1.0,0.79,-1.57,21.43,5.88,5.5,30.88,1.57,1.43,12.0,0.0,10.02,1.57,0.0,1.53,0.0,6.0,0.93,0.0,1.0,0
-3.41,0.43,0.43,10.23,0.0,0.0,52.96,1.0,0.0,0.43,13.73,1.55,-3.41,-35.04,-0.14,0.0,-3.66,1.43,-5.06,1.0,0.43,-0.23,0.0,6.0,0.93,0.0,-0.14,0
0.0,0.0,1.0,3.0,0.0,8.0,223.0,1.0,0.0,0.0,23.0,6.19,0.0,100.0,0.0,3.0,1.0,0.0,5.7,0.0,0.0,0.0,0.0,6.0,0.98,0.0,1.0,0
0.0,7.03,3.03,8.0,0.0,3.46,160.97,1.0,2.06,2.0,6.57,1.16,0.0,93.66,4.57,2.0,8.12,0.49,2.91,-0.03,-0.03,0.29,0.0,6.0,0.97,0.0,1.51,0
33.45,38.03,1.0,-11.13,-7.58,-1.28,959.55,-0.52,54.0,1.52,-3.86,1.51,0.24,87.42,0.48,1.0,21.0,1.24,5.9,-0.76,0.0,0.92,0.0,168.0,0.8,0.0,4.24,1
-2.58,0.0,0.08,1.83,1.0,44.58,301.47,1.0,1.0,-13.74,0.17,4.91,5.17,20.16,4.92,2.75,17.08,1.92,5.0,2.08,1.92,0.47,0.0,35.32,0.55,0.0,2.83,1
0.0,0.69,1.0,-2.08,0.69,6.39,2.21,1.0,0.0,2.39,0.84,-0.14,0.0,16.29,4.78,-0.69,9.94,1.69,4.14,0.0,2.69,1.01,0.0,7.39,0.95,0.0,-0.69,0
0.0,12.52,1.0,2.0,14.52,-4.69,50.86,1.0,0.0,1.0,3.44,-2.48,-1.56,93.0,2.78,0.22,1.56,1.78,0.51,1.56,2.56,0.13,0.0,6.0,0.98,0.0,0.0,0
5.11,1.0,1.64,1.92,4.47,13.0,100.68,1.0,0.0,8.64,4.55,-0.33,4.64,56.46,2.36,0.0,32.22,1.64,12.52,1.0,2.0,2.85,0.0,25.6,0.63,0.0,3.28,1
-4.57,0.0,2.39,-3.48,-1.39,16.66,172.05,1.0,3.0,2.39,10.7,1.86,1.7,23.72,3.0,1.0,19.91,2.0,2.63,0.7,3.48,1.74,0.7,-152.78,0.75,0.0,1.0,0
-9.49,0.0,2.0,1.1,-11.39,8.75,23.18,1.0,0.0,4.0,10.0,5.04,-0.95,-17.59,0.05,0.95,0.05,0.05,2.45,0.05,-0.9,-0.27,0.0,6.0,1.14,0.0,1.95,0
-6.21,2.76,0.0,53.0,-3.45,-1.38,58.36,1.0,0.0,6.76,-5.52,2.22,-3.45,57.3,0.31,0.69,-6.28,1.0,-1.71,-0.69,-0.69,-0.7,0.0,11.0,0.42,0.0,2.31,0
0.0,-11.22,1.0,0.0,0.0,-3.41,-38.97,1.0,0.0,5.88,10.69,-2.05,0.0,60.0,1.88,-0.88,3.12,1.88,24.63,3.76,1.88,0.41,0.0,6.0,0.96,0.0,-1.76,0
0.0,0.0,0.0,18.0,0.0,0.0,35.44,1.0,0.0,0.0,4.27,1.35,-0.85,3.42,0.0,0.0,5.13,0.0,1.92,-1.71,-1.71,-0.34,0.0,-39.27,0.65,0.0,1.71,0
7.58,1.0,5.63,1.53,1.58,20.46,493.31,0.47,2.53,8.0,13.63,0.69,4.68,103.28,0.42,0.0,15.1,2.0,7.21,0.53,1.53,3.07,0.0,71.11,0.82,0.0,4.05,1
4.0,1.33,1.0,-1.99,0.0,14.95,26.09,1.0,0.0,5.66,-10.25,-1.94,1.99,68.75,3.65,0.0,21.61,2.66,2.74,1.99,0.66,1.25,0.0,6.0,0.95,0.0,1.66,0
2.4,1.0,1.0,0.8,1.6,17.4,125.84,1.0,1.6,-0.8,-2.2,1.73,2.8,23.21,3.2,0.0,11.6,1.0,3.74,3.6,2.8,0.79,0.0,4.4,1.19,0.0,-0.8,0
0.0,8.35,1.0,0.0,0.0,-7.65,217.95,1.0,2.0,4.35,21.65,0.5,-2.35,35.35,1.65,5.65,11.82,1.0,-0.13,-1.57,1.0,-0.09,0.0,26.0,0.91,0.0,1.43,0
-29.16,0.0,2.0,-9.22,2.0,15.35,-119.36,-2.35,0.0,-7.54,-18.11,3.71,4.0,-78.76,-0.68,0.0,-3.19,0.16,1.78,0.0,0.16,2.11,0.0,-21.65,1.12,0.0,0.16,0
0.93,1.86,1.0,0.0,1.0,3.86,75.4,1.0,1.86,8.44,3.93,-1.76,1.93,140.36,1.0,3.72,14.94,1.0,5.79,0.07,1.0,3.15,0.0,93.0,0.91,0.0,0.93,0
0.68,0.0,1.0,0.0,0.0,-1.36,34.51,1.0,0.0,6.72,9.04,-1.61,0.0,111.07,4.36,-1.36,6.43,1.68,-2.23,2.0,1.68,0.61,0.0,6.0,0.97,0.0,0.68,0
0.0,0.0,1.0,1.0,0.64,5.43,78.6,1.0,0.0,0.64,4.08,4.23,1.64,142.34,-1.28,1.0,-0.57,0.0,3.51,1.64,-0.64,0.81,0.0,22.04,1.32,0.0,1.36,0
-0.56,0.0,4.0,1.0,20.0,1.33,42.66,1.0,0.0,-2.23,14.43,0.91,1.89,28.81,1.0,0.0,-8.14,1.0,2.78,1.56,1.56,1.35,0.0,60.0,0.7,0.0,1.44,0
-3.43,1.0,1.0,1.71,1.71,-5.99,-20.94,1.0,0.0,-2.43,17.71,0.08,0.0,20.42,1.86,0.86,-5.13,1.14,0.56,1.0,1.86,-0.46,0.0,6.0,0.91,0.0,0.14,0
0.0,0.0,0.22,1.56,0.0,10.0,121.66,1.0,0.0,0.0,2.0,6.55,0.0,77.88,1.0,3.34,3.0,1.78,-0.06,-1.34,0.0,0.08,0.0,-32.94,0.58,0.0,0.78,0
-0.72,3.6,1.0,0.0,-3.6,2.12,22.77,1.0,0.0,3.88,1.4,0.99,0.0,103.26,2.0,0.0,-2.05,1.0,-31.65,0.72,2.0,0.07,0.0,-45.91,0.95,0.0,-0.72,0
-1.72,-2.58,1.0,-2.58,0.86,8.31,-227.1,1.0,-7.62,-3.37,-27.69,1.06,1.72,40.17,1.86,10.11,-6.68,0.14,9.76,2.86,1.86,0.49,0.0,-105.58,1.09,0.0,0.28,0
0.32,2.63,19.56,16.0,12.12,37.73,490.81,1.0,-0.56,-2.24,-4.29,0.75,16.24,41.93,1.0,-0.56,-0.05,0.44,14.06,2.0,2.56,5.19,0.0,19.32,0.8,0.0,4.44,0
19.0,0.0,1.0,2.0,19.0,-0.35,144.25,3.0,0.0,7.0,16.02,-0.19,1.0,49.82,1.33,0.0,3.0,1.0,19.96,2.34,0.33,1.31,0.0,90.0,0.74,0.0,3.0,1
0.0,0.0,3.1,48.58,20.0,-3.28,85.12,1.0,-1.8,1.8,14.61,-0.01,3.0,26.4,-0.8,0.0,-4.18,1.0,3.33,0.1,0.1,1.55,0.0,49.23,0.63,0.0,2.9,0
0.0,0.96,3.0,0.52,0.0,15.56,314.77,1.0,4.0,2.0,14.12,0.43,3.52,104.01,5.48,0.0,24.52,0.48,5.16,0.0,0.48,1.42,0.0,6.0,1.01,0.0,3.04,1
5.67,0.22,-0.67,0.56,2.0,15.89,502.22,1.0,8.44,2.88,5.77,3.07,2.56,97.33,3.44,3.0,49.22,-0.11,2.25,0.56,0.44,0.79,0.0,44.11,1.15,0.0,2.44,1
0.55,0.55,1.0,0.0,-0.55,8.33,116.01,1.0,0.0,3.33,4.77,1.67,-0.55,16.65,0.45,-0.55,10.21,2.55,3.63,-0.55,1.0,0.53,0.0,-68.4,0.97,0.0,1.11,0
21.1,0.0,1.0,5.86,0.0,9.0,188.97,2.76,0.0,5.69,14.55,0.89,1.59,55.47,1.0,0.0,12.76,2.59,3.21,0.0,1.0,1.34,0.0,-55.04,0.67,0.0,1.0,0
2.0,0.97,2.97,-0.44,5.0,4.88,28.22,1.0,2.0,0.0,1.0,4.47,3.0,74.0,3.91,0.97,5.0,1.97,8.77,2.97,4.97,3.0,1.0,21.0,0.93,0.0,2.0,1
3.69,0.0,1.84,14.34,7.22,6.84,48.12,1.0,1.69,0.0,-9.96,0.07,10.53,62.41,-0.69,0.0,4.37,1.0,10.95,2.84,5.53,4.13,1.84,-62.32,1.01,0.0,2.69,0
-2.3,0.7,1.0,3.6,11.6,-1.4,-22.89,1.0,0.0,14.5,43.3,0.8,-1.4,37.71,-0.4,1.4,4.8,2.0,4.63,0.3,-0.4,-0.7,0.0,3.9,0.94,0.0,-0.8,0
6.62,0.0,1.6,0.81,0.81,5.62,92.68,1.0,0.0,10.95,4.19,0.25,2.4,78.4,2.62,0.0,4.38,1.0,5.82,1.0,1.81,2.35,0.0,28.88,0.89,0.0,2.21,1
0.84,-0.84,1.0,5.87,14.26,8.87,207.04,1.0,0.0,3.0,25.74,0.66,0.0,126.41,0.16,0.84,9.32,2.0,107.62,0.84,0.0,2.59,0.0,6.0,1.05,0.0,2.84,0
36.0,0.0,1.97,10.03,0.0,0.97,211.49,5.0,0.0,9.0,24.09,-2.57,0.03,-2.95,5.94,-0.97,7.91,2.97,5.71,1.94,2.94,1.31,0.0,134.01,0.68,0.0,1.0,1
0.7,0.0,1.0,6.88,11.85,-7.04,50.49,1.0,0.0,0.0,7.88,2.25,0.0,154.38,2.7,0.21,-0.58,2.7,89.74,0.0,2.7,1.92,0.0,54.0,0.48,0.0,2.3,0
2.97,-1.98,1.0,0.99,1.98,4.0,-16.62,1.0,1.98,0.0,-8.9,-0.45,5.99,53.44,2.0,-0.99,32.94,0.01,54.9,53.98,27.0,1.35,1.0,6.0,0.92,0.0,1.0,0
0.0,2.51,1.0,0.0,0.0,8.5,43.61,1.0,-0.5,7.53,-0.54,1.41,3.0,57.48,1.5,3.51,4.47,0.5,4.48,1.5,1.5,1.03,0.0,6.0,0.98,0.0,2.0,0
-2.44,-22.61,1.0,-0.61,0.0,-1.22,-233.1,1.0,-1.22,-5.33,6.05,0.54,0.39,11.62,2.61,-0.61,-11.61,0.39,-0.63,2.0,3.22,0.8,0.0,61.0,0.97,0.0,-0.61,0
-24.38,1.28,1.28,-21.51,0.0,2.98,-874.75,1.0,-11.19,-38.72,-11.12,1.62,-1.59,-68.84,4.43,0.72,-21.01,-2.59,-2.36,1.0,1.0,0.63,0.0,-252.16,1.03,0.0,-1.59,0
0.0,0.0,1.0,0.0,0.0,6.84,45.71,1.0,0.0,0.0,3.0,0.93,1.64,0.0,3.64,1.28,4.92,1.0,0.79,1.0,2.0,0.0,0.0,12.0,0.96,0.0,1.0,1
4.48,1.76,1.0,0.0,-0.76,-7.62,-155.15,1.0,0.76,1.0,-2.1,0.03,3.71,77.19,-0.29,3.05,-5.87,1.0,11.86,0.76,1.0,0.65,0.0,-6.2,0.99,0.0,0.48,0
6.0,1.0,1.0,0.0,0.0,-1.12,13.39,1.0,0.0,1.0,2.32,1.13,6.56,81.0,1.44,0.0,14.21,1.0,11.26,0.0,-0.12,0.58,0.0,-28.62,1.32,0.0,1.44,0
0.0,14.19,1.0,0.0,14.19,10.23,50.25,1.0,-0.89,-11.53,-15.29,12.14,3.0,-80.73,0.0,-5.08,-7.87,0.0,-1.33,1.0,1.77,0.52,0.0,3.34,0.94,0.0,1.11,0
8.29,0.57,1.0,1.43,10.86,23.49,42.29,1.0,-1.14,-0.57,-0.28,4.07,2.43,49.44,0.43,0.57,-0.98,0.43,3.61,1.57,3.0,0.81,0.0,6.0,0.67,0.0,-0.57,0
-3.91,-36.21,1.0,2.02,18.59,7.02,-173.38,1.0,-1.96,-12.72,27.59,1.79,3.0,7.03,0.0,0.02,-5.77,-0.98,1.24,1.98,0.98,0.89,0.0,6.0,0.96,0.0,2.0,0
26.26,0.77,-1.32,23.17,0.0,-1.86,1212.43,1.0,14.13,37.07,40.43,1.17,-6.18,57.14,2.46,1.0,33.71,4.86,-2.2,-4.63,0.23,-0.5,-1.54,284.0,0.99,0.0,4.09,1
26.15,0.0,0.0,59.54,0.0,-6.54,159.07,3.91,0.0,10.54,17.43,-2.09,0.73,-4.36,2.45,-2.18,2.0,1.0,0.56,0.0,-0.73,0.16,0.0,0.11,0.81,0.0,1.55,0
-6.47,0.0,4.73,-1.87,-9.33,21.13,178.86,1.0,3.0,6.6,10.93,0.98,8.47,30.88,4.87,1.0,39.73,2.0,12.16,3.73,0.93,2.03,1.87,3.2,0.66,0.0,1.0,0
1.73,3.47,1.0,0.87,-1.73,4.34,442.52,1.0,8.67,19.34,58.3,0.2,0.87,39.6,2.87,6.07,39.82,1.87,7.54,0.0,-0.87,0.97,0.0,125.07,0.62,0.0,4.6,1
-6.49,-4.61,19.0,7.51,12.59,33.12,495.76,1.0,2.65,-11.67,10.43,0.53,14.53,76.57,0.47,6.37,2.35,1.53,13.97,1.47,2.53,3.42,0.0,195.51,0.41,0.0,3.94,1
-1.97,1.0,0.02,5.9,-0.98,0.0,-15.16,1.0,0.0,-0.98,-6.88,3.14,1.97,-17.69,2.0,1.0,-10.78,1.02,5.75,5.0,1.02,1.42,0.0,-19.55,1.44,0.0,-1.97,0
0.0,16.0,0.08,7.34,16.0,-9.02,-2.95,1.0,0.0,0.0,-5.51,-7.59,-2.75,0.0,1.0,-9.18,3.08,1.0,-0.24,1.08,3.0,-0.45,0.0,6.0,0.84,0.0,-0.84,0
0.0,-0.68,1.0,0.0,0.0,5.62,-6.02,1.0,0.0,-2.71,-0.03,-0.06,6.35,-40.6,5.0,-1.35,24.86,1.0,39.89,37.51,19.59,1.04,0.68,7.0,0.97,0.0,1.32,0
2.97,1.31,1.0,0.0,1.66,13.16,218.11,1.0,0.66,5.25,5.6,1.23,3.63,55.82,4.31,0.0,30.55,1.0,3.34,0.34,1.34,1.2,0.0,64.51,1.18,0.0,1.97,1
0.0,1.0,1.6,-4.76,0.0,9.36,50.66,1.0,0.0,0.6,2.38,5.0,0.6,14.89,3.6,1.0,6.55,2.19,2.64,1.0,1.6,0.6,0.0,18.51,0.89,0.0,0.6,0
-0.92,2.0,0.08,0.0,-1.84,-11.07,-31.79,1.0,0.0,6.69,1.92,-0.29,-2.77,63.43,2.0,0.0,2.08,1.92,2.0,4.69,1.92,1.23,0.0,7.0,0.87,0.0,-0.92,0
-4.62,5.0,1.0,0.77,-2.31,4.62,56.53,1.0,1.54,4.77,-4.62,1.53,-3.08,110.86,0.23,0.0,-3.62,1.0,2.01,1.77,0.23,-1.12,0.0,6.0,0.9,0.0,0.0,0
9.09,3.57,4.54,1.0,0.0,8.43,367.48,1.0,2.51,21.38,22.32,0.64,0.49,93.98,0.97,0.51,14.03,2.51,3.21,0.0,0.49,2.17,0.0,159.23,0.63,0.0,3.51,1
5.4,22.21,5.4,2.6,3.0,16.8,609.46,1.0,2.2,8.8,12.2,0.4,7.6,149.01,0.4,0.6,16.2,1.6,8.08,-0.8,0.8,2.4,0.0,-31.82,1.04,0.0,2.4,0
24.95,0.0,1.06,5.88,24.01,-5.48,177.6,2.88,0.0,7.59,17.42,-0.56,-1.83,177.77,1.94,0.0,17.88,2.0,3.81,0.94,1.0,-0.09,0.0,111.12,0.14,0.0,3.88,1
9.0,0.68,1.0,-0.03,2.0,2.6,-8.78,1.0,0.0,5.0,-11.18,-3.12,3.0,11.46,6.35,-2.03,3.35,1.68,2.17,1.0,3.68,2.0,0.0,39.0,0.88,0.0,3.32,0
-0.71,0.0,-1.12,0.0,0.0,-18.27,-72.52,1.0,-1.41,0.71,8.05,7.1,-9.58,0.0,2.59,4.29,-10.99,1.0,10.15,1.71,-0.71,-2.02,0.0,6.0,0.87,0.0,-0.71,0
43.05,33.32,1.0,14.47,8.42,3.52,1214.43,2.68,54.0,-0.84,17.78,0.74,1.84,145.49,2.84,1.84,20.16,2.84,8.01,0.0,0.0,-0.49,0.0,167.16,0.92,0.0,5.84,1
0.0,0.0,0.03,7.74,0.0,-2.77,83.9,1.0,0.0,3.0,7.07,3.48,-2.9,44.0,-0.93,0.0,-1.84,2.03,-1.5,-0.97,-4.8,-0.45,0.0,6.0,0.83,0.0,1.0,0
1.62,0.0,3.48,-31.91,11.0,24.49,174.03,6.0,6.24,-2.48,15.62,0.56,10.31,81.0,3.24,14.62,12.18,2.0,14.25,0.62,2.24,2.5,0.0,332.9,0.61,0.0,-1.24,1
0.0,2.22,1.0,0.0,0.0,6.48,234.28,1.0,7.41,17.79,20.27,3.91,0.74,37.8,0.0,9.74,15.08,-0.74,6.41,2.0,0.26,0.6,0.0,6.0,0.87,0.0,0.0,0
23.74,21.87,0.38,0.62,0.0,2.25,671.37,1.0,33.74,12.0,6.62,0.2,-0.87,120.36,3.0,0.62,13.12,0.38,12.94,0.0,2.0,0.47,0.0,107.23,0.91,0.0,4.5,1
-0.76,0.0,0.24,0.0,-0.51,-3.29,50.68,1.0,3.78,3.27,6.02,0.72,-1.27,124.96,1.0,9.83,2.51,2.51,24.35,1.0,0.24,0.01,0.0,93.0,0.96,0.0,-0.76,0
49.0,0.23,2.0,13.77,2.0,24.41,2831.45,1.0,27.0,26.0,48.77,1.46,9.0,171.28,2.23,1.0,51.23,0.23,10.22,2.32,0.23,1.8,0.0,6.0,0.97,0.0,2.0,1
3.0,2.59,1.0,0.0,1.0,12.73,302.04,1.0,1.0,8.59,13.1,0.44,1.07,120.15,3.24,0.0,40.31,1.59,2.55,-1.76,0.41,1.77,0.0,21.41,0.84,0.0,1.83,1
0.91,1.0,1.0,0.0,4.57,47.65,94.24,1.0,0.0,-1.83,1.83,7.68,0.0,-30.15,0.0,1.0,8.31,-0.91,48.38,2.09,1.0,0.46,0.0,71.78,1.31,0.0,0.91,0
17.0,21.6,1.0,17.0,8.0,-3.99,55.61,6.0,0.0,24.4,1.0,-2.89,0.0,121.36,4.6,-5.19,7.6,1.8,4.58,0.2,0.0,2.66,0.0,7.8,1.03,0.0,2.0,1
10.23,18.6,1.0,0.0,0.0,6.79,423.56,1.0,3.72,9.3,71.81,3.48,-4.58,11.16,2.0,1.86,4.65,2.86,-4.52,0.0,0.0,0.4,0.0,576.03,0.4,0.0,2.79,1
11.77,20.6,2.0,-1.96,0.0,5.04,436.31,1.0,-0.98,9.81,80.55,0.55,1.06,26.49,0.04,1.96,22.72,4.96,8.95,0.0,0.0,1.18,0.0,592.72,0.48,0.0,4.92,1
7.76,0.84,1.0,1.69,8.44,0.62,88.82,1.0,-1.69,2.31,7.78,-0.41,6.22,96.24,1.31,0.0,13.24,1.0,6.95,0.84,1.0,2.21,0.0,-5.82,1.01,0.0,0.16,0
10.63,12.5,1.0,10.38,3.75,0.0,83.5,5.13,0.0,14.13,6.5,0.32,0.0,43.25,4.63,0.63,5.75,1.0,5.03,0.63,0.37,0.75,0.0,179.63,1.04,0.0,2.25,1
48.22,14.29,2.0,13.0,2.0,17.44,2887.74,1.0,26.22,26.78,46.44,3.43,7.44,109.64,-0.13,1.78,47.31,-0.56,4.8,0.78,0.22,0.66,0.0,43.54,0.88,0.0,1.22,1
-0.73,1.0,-2.67,20.55,-2.2,-4.4,684.96,1.0,66.05,2.47,7.19,0.35,8.07,9.53,3.2,0.0,26.55,2.0,1.88,0.27,-0.47,-0.5,0.0,-9.41,0.98,0.0,-1.2,0
19.79,7.88,0.21,2.79,19.0,-3.31,18.73,3.0,-0.79,10.94,-2.19,0.0,-0.58,142.03,0.42,0.0,-6.46,1.0,4.93,1.0,1.0,1.01,0.0,90.0,0.7,0.0,2.21,0
23.47,-0.97,1.0,3.94,18.47,5.0,196.92,2.94,4.03,5.86,9.75,-0.02,3.97,85.45,4.97,-1.94,4.08,0.03,4.63,0.97,1.97,1.31,0.0,102.67,0.71,0.0,2.94,1
-6.47,1.81,0.19,-0.23,-3.47,4.57,147.59,1.0,3.0,-0.81,14.15,1.34,0.19,21.81,2.81,8.0,-3.51,1.19,2.04,0.0,1.0,-0.12,0.0,-15.02,1.37,0.0,0.38,0
0.0,0.0,-1.63,-0.88,-17.54,2.37,-35.39,1.0,0.0,3.51,-10.4,4.75,-2.63,5.26,1.75,9.0,-0.75,0.0,0.58,2.88,1.0,-1.67,0.0,-41.35,0.9,0.0,-1.75,0
0.85,5.1,4.0,1.85,20.0,7.25,187.72,1.0,0.0,5.95,18.3,0.88,3.0,141.56,-0.7,3.4,4.7,1.85,4.92,0.15,0.15,2.3,0.0,-21.66,0.9,0.0,3.7,0
0.0,0.64,1.0,2.0,0.0,11.56,137.02,1.0,-0.64,0.64,-0.21,4.28,1.28,116.03,2.0,2.36,9.49,2.0,4.0,0.64,2.0,0.56,0.0,54.0,0.44,0.0,3.64,1
0.0,2.64,0.47,0.0,0.0,3.25,19.75,1.0,0.0,2.11,0.42,4.28,2.0,31.67,-0.53,1.0,-0.11,0.0,2.41,-1.06,0.47,-0.26,0.0,-45.72,0.89,0.0,-0.06,0
0.0,15.11,1.0,0.0,16.0,2.89,117.08,1.0,1.79,1.79,3.57,0.75,-0.89,38.4,1.0,-1.79,7.57,1.0,3.2,2.89,3.0,0.52,0.0,21.18,0.93,0.0,2.79,1
0.0,-0.87,1.0,2.0,2.0,2.6,56.17,1.0,0.0,1.87,8.47,-1.26,0.87,114.69,1.13,1.0,9.54,1.87,1.45,-1.74,1.0,0.87,0.0,24.22,0.75,0.0,0.87,0
27.57,26.39,1.0,0.73,0.0,3.1,782.05,1.0,39.18,0.0,4.9,0.42,1.73,68.93,0.1,2.0,19.79,1.73,3.53,-0.73,-0.45,0.06,0.0,123.54,0.93,0.0,3.63,1
0.0,1.0,0.48,30.25,3.0,3.33,229.11,1.0,3.0,2.1,18.48,-1.07,1.0,44.6,2.0,7.48,7.52,2.0,-0.24,-4.19,0.48,0.96,0.0,8.62,0.84,0.0,3.57,1
2.57,0.0,1.0,1.03,0.0,3.97,59.24,1.0,2.57,0.51,0.49,6.08,0.0,33.89,2.03,0.0,1.03,1.0,2.65,2.49,-1.57,0.29,0.0,13.7,0.87,0.0,0.51,0
2.21,-0.6,1.0,19.09,11.0,11.24,849.71,6.0,59.88,1.21,10.78,0.76,11.86,99.09,3.21,14.0,19.09,1.4,8.15,0.0,0.4,0.92,0.0,336.0,0.54,0.0,0.0,1
4.0,0.0,1.0,0.0,5.0,11.85,376.39,10.0,12.0,7.0,26.97,4.9,-4.87,70.0,4.03,3.97,-14.39,1.0,-47.03,-49.71,-26.32,-0.56,-0.97,804.0,0.96,0.0,1.03,1
-0.83,1.0,-1.49,0.83,0.0,-21.55,-77.23,1.0,-1.66,0.0,0.0,6.49,-12.43,82.88,0.34,1.0,-13.75,2.0,0.23,10.8,1.17,-2.76,0.0,6.0,0.8,0.0,-0.83,0
-36.69,0.79,0.21,-10.27,-1.58,-0.69,-1971.07,1.0,-21.32,-12.74,-16.85,2.11,-6.11,17.25,1.42,0.0,-24.48,2.79,-1.79,0.0,1.0,0.16,0.0,7.0,0.87,0.0,2.21,0
1.41,0.0,1.0,21.12,0.0,13.93,919.67,1.0,64.06,3.11,4.7,-1.81,13.67,88.36,3.82,-6.34,34.23,2.7,6.08,-1.41,0.3,2.05,0.0,27.0,0.93,0.0,1.0,1
3.0,2.0,-0.19,0.0,1.0,14.42,377.7,1.0,1.0,8.6,17.36,1.41,2.21,92.17,4.4,0.6,39.03,1.6,-0.23,-4.18,-0.19,0.24,-1.19,22.0,0.98,0.0,3.6,1
-5.45,0.09,-0.82,0.0,0.0,5.37,-187.42,1.0,-1.82,-3.27,-5.09,4.84,2.09,80.9,1.09,2.91,-2.9,0.09,5.94,8.27,1.0,-1.16,0.0,-125.76,0.92,0.0,-0.73,0
0.0,0.0,1.53,10.05,2.13,-20.77,-47.84,2.0,0.53,1.0,8.47,0.25,-2.13,81.4,2.4,0.0,-4.92,1.0,2.24,-0.53,2.6,0.63,0.53,186.99,1.03,0.0,1.53,0
0.0,14.23,1.94,0.0,0.0,16.6,312.75,1.0,0.0,4.23,8.83,3.31,3.77,21.78,0.94,1.06,13.65,1.88,3.98,1.0,-0.94,0.37,0.0,58.0,1.11,0.0,1.94,0
-7.03,-2.34,1.0,0.0,-0.78,22.19,-61.15,1.0,-7.03,-17.96,-2.71,4.56,-0.78,-21.86,-2.34,2.66,-30.82,0.0,1.36,1.78,0.0,0.09,0.0,37.23,0.95,0.0,-0.34,0
2.3,-0.77,1.0,3.3,0.77,4.16,97.07,1.0,0.0,-0.77,6.0,5.25,-0.54,148.4,-2.3,1.0,-9.52,0.0,0.35,0.23,0.0,0.06,0.0,6.0,0.94,0.0,1.23,0
-4.77,0.0,1.0,-6.36,-3.98,2.61,29.71,1.0,0.0,1.8,8.18,1.49,-2.39,74.31,2.8,0.8,0.61,1.0,-0.45,0.0,2.8,-1.78,0.0,6.0,0.91,0.0,0.0,0
-1.44,2.87,11.33,8.03,3.57,22.07,272.12,1.0,0.0,0.0,2.15,0.32,13.16,2.3,1.0,0.0,2.72,1.0,11.55,2.0,3.57,2.62,1.0,12.89,0.86,0.0,3.3,1
0.0,-6.55,1.0,0.0,0.0,0.84,-92.07,1.0,0.0,-3.36,2.52,3.28,0.0,-54.56,1.16,2.68,1.16,1.16,11.72,3.32,1.16,0.0,0.0,6.0,0.82,0.0,-0.84,0
0.0,0.74,1.0,0.0,0.0,18.84,76.16,1.0,0.0,0.0,2.74,0.76,0.0,0.0,2.47,1.0,12.58,2.47,5.92,4.68,0.74,0.88,0.0,6.0,0.98,0.0,1.47,0
2.39,-1.98,1.0,1.19,5.96,4.79,71.68,1.0,0.4,-0.39,-5.35,0.74,2.98,72.98,1.0,1.4,1.23,1.4,2.37,1.19,0.6,2.38,0.0,6.0,1.01,0.0,0.4,0
4.72,-3.85,-9.54,-7.97,-3.77,-14.87,-183.5,1.0,2.0,0.64,7.28,0.74,-5.97,90.77,4.64,0.64,-2.2,1.0,-6.34,-1.28,1.36,-0.5,0.0,225.39,0.84,0.0,-1.2,0
0.59,0.59,1.0,5.3,0.0,10.95,92.92,1.0,7.07,6.48,0.23,5.15,1.41,32.41,0.0,1.0,4.95,-0.59,3.49,-1.77,0.41,-0.32,0.0,6.0,0.8,0.0,1.59,0
0.0,1.0,1.0,0.0,0.0,-3.61,36.61,1.0,0.0,0.0,11.74,3.39,-4.52,0.0,2.9,1.0,-21.49,2.0,-40.23,-41.07,-21.49,-0.9,-0.9,92.72,0.91,0.0,-0.9,1
-5.86,0.0,0.0,-5.43,-5.86,-2.93,225.42,9.79,11.71,6.83,24.4,2.11,-1.95,-24.4,3.9,2.93,7.81,0.0,-1.94,-0.98,-0.98,-1.1,-0.98,780.1,1.0,0.0,1.95,0
2.22,0.0,1.0,1.83,0.61,9.0,146.7,1.0,0.0,3.56,7.56,1.12,2.0,89.66,2.39,0.0,10.74,2.0,3.6,0.39,1.0,1.68,0.0,8.0,0.94,0.0,3.0,1
-8.74,1.0,1.0,0.0,-6.8,3.0,-31.49,-0.94,1.0,-4.8,-6.71,0.74,1.94,67.09,0.03,2.0,6.0,2.0,2.62,0.0,1.94,1.08,0.0,-75.55,0.95,0.0,-1.91,0
4.8,0.96,2.92,0.96,0.0,7.88,288.23,1.0,0.96,6.72,8.68,4.19,0.0,35.54,0.96,9.0,1.96,0.0,3.92,2.0,1.0,0.74,0.0,145.28,0.73,0.0,1.92,1
1.89,0.0,1.0,0.11,10.11,4.89,194.82,6.0,5.0,3.56,22.13,-0.19,2.78,94.36,2.89,14.0,18.81,2.0,8.66,0.0,1.0,1.32,0.0,336.0,0.45,0.0,0.89,1
8.68,0.0,1.0,5.0,2.0,9.09,167.48,1.0,2.03,-0.68,5.06,0.35,1.68,111.69,2.35,0.68,17.89,1.68,4.59,1.32,0.32,1.69,0.0,234.0,0.81,0.0,1.68,1
10.73,0.0,1.0,2.0,12.0,5.2,99.68,1.0,0.73,0.73,3.46,-4.41,3.0,116.27,-1.2,-3.66,11.05,1.73,6.11,0.27,3.73,1.91,0.0,6.0,0.76,0.0,0.73,0
1.0,4.09,-1.86,1.0,0.0,-8.34,108.18,1.0,0.0,7.0,12.0,8.81,-2.86,90.0,-0.91,4.95,-8.43,1.05,-8.06,-6.67,-2.86,-2.17,-1.91,6.0,0.88,0.0,2.0,0
0.0,0.64,1.0,0.0,0.0,13.07,68.0,1.0,0.0,12.0,-2.35,0.55,2.29,61.0,3.64,0.0,10.78,1.0,12.84,0.64,2.64,1.23,0.0,-55.7,0.93,0.0,2.0,1
13.99,0.0,2.0,14.0,13.99,4.0,102.93,1.0,0.0,0.0,5.99,-0.14,3.0,101.97,1.0,0.0,17.98,2.0,6.52,-1.0,0.0,2.51,0.0,-54.93,0.4,0.0,2.0,0
4.19,2.0,-1.99,13.15,4.78,-4.38,-91.58,1.0,-0.6,4.4,-6.77,0.89,-2.99,61.79,1.0,0.0,1.01,1.0,1.28,2.0,0.4,-0.55,0.6,-3.57,0.87,0.0,-1.79,0
0.0,1.0,1.0,0.0,0.0,7.41,54.8,1.0,0.0,0.7,2.11,-0.08,0.7,17.56,2.7,-0.7,7.73,2.41,2.53,0.59,1.0,0.7,0.0,20.75,0.98,0.0,0.7,1
-2.93,-14.41,2.44,3.72,6.0,10.76,-30.98,1.0,-1.44,-2.16,-47.28,0.42,19.72,60.47,1.0,-1.44,-2.49,0.28,3.33,2.0,2.0,2.76,1.0,-314.23,1.24,0.0,0.56,0
-1.87,-30.85,1.0,1.87,3.0,1.13,104.61,1.0,8.48,7.48,62.89,1.49,0.0,0.93,3.87,6.54,19.89,1.0,0.67,0.0,1.0,0.22,0.0,132.19,0.8,0.0,1.87,1
0.89,1.0,1.0,0.0,0.0,11.04,92.2,1.0,1.89,5.57,-6.83,0.76,2.68,109.31,1.89,2.0,17.61,2.0,6.55,1.79,1.79,3.71,0.0,-79.76,0.98,0.0,2.79,0
-4.63,-1.88,1.0,0.0,3.75,-3.51,-256.61,1.0,-5.63,-12.51,-1.88,0.86,-1.25,-14.39,0.37,-1.88,-23.9,1.0,49.35,1.25,1.0,-0.43,0.0,48.6,0.9,0.0,-0.88,0
-6.75,0.0,1.0,0.0,-3.75,3.0,5.0,1.0,0.0,0.0,11.0,1.28,-3.75,0.0,3.75,0.0,-5.75,1.0,-1.18,0.25,1.0,-1.18,0.0,148.5,0.42,0.0,0.0,0
3.14,0.0,2.73,0.0,-0.86,17.35,143.32,1.0,0.0,6.73,3.86,1.42,0.86,82.0,-0.73,0.0,12.14,2.0,3.87,1.73,3.45,3.02,0.86,-35.41,0.93,0.0,1.86,0
-21.37,-17.68,3.0,-0.56,0.0,13.44,-308.54,1.0,-26.37,3.12,9.31,0.73,3.0,17.13,6.0,-0.56,12.19,0.44,1.9,1.12,2.12,1.4,0.0,-54.18,1.02,0.0,-0.81,0
3.71,0.0,1.0,0.0,0.68,0.68,82.19,2.35,0.0,15.42,11.74,-1.23,-0.68,129.84,2.35,0.0,3.35,1.68,4.6,1.68,1.68,1.21,0.0,347.41,0.53,0.0,1.0,1
11.44,-0.88,1.0,1.76,16.72,2.64,147.31,2.76,0.0,9.28,14.04,0.94,-4.4,78.92,3.0,0.0,-11.32,1.0,-3.62,2.88,1.0,0.45,0.0,79.92,0.67,0.0,0.88,1
1.02,-3.61,10.22,8.19,5.63,19.32,242.98,1.0,0.0,1.0,4.54,-1.24,9.17,68.02,4.51,-0.51,16.51,1.51,10.67,2.02,2.02,2.52,0.0,13.68,0.81,0.0,3.54,1
17.0,19.45,1.0,17.0,8.0,4.37,62.55,6.0,0.0,22.0,2.09,0.94,1.09,95.0,1.91,2.0,6.0,-0.09,3.76,-1.73,-0.55,0.8,0.0,7.0,0.98,0.0,2.55,1
8.0,4.22,1.0,2.0,10.0,3.0,81.98,1.0,0.0,1.61,0.19,1.21,4.19,120.29,0.19,0.81,3.61,1.0,4.37,0.39,0.19,1.9,0.0,-35.32,0.67,0.0,1.0,0
1.95,0.0,4.98,1.98,20.98,3.0,85.24,-0.95,1.95,-7.81,16.1,-0.3,5.93,71.83,1.0,0.0,2.02,0.02,4.27,0.02,1.98,3.08,0.0,-208.4,0.85,0.0,3.95,0
3.46,-0.87,1.0,1.0,4.33,8.73,306.15,8.79,10.38,6.06,21.77,3.62,0.0,160.57,2.73,2.73,8.79,1.0,9.61,8.0,0.13,0.36,0.0,696.47,0.93,0.0,1.73,1
2.98,0.6,1.0,8.79,7.0,6.62,9.61,1.0,-3.02,-0.6,1.0,0.36,2.4,35.16,1.0,0.0,4.81,1.0,5.55,1.21,0.6,2.44,0.0,-3.06,0.94,0.0,-0.6,0
0.0,1.57,1.0,0.0,0.0,-1.05,190.78,1.0,5.24,16.14,21.28,-1.11,-0.52,99.75,1.52,0.0,10.47,2.05,3.27,1.0,0.48,0.57,0.0,6.0,1.06,0.0,0.0,0
8.0,-0.91,1.0,5.0,2.0,4.81,46.43,1.0,-0.91,-1.81,-0.81,3.79,1.0,24.54,0.09,6.35,-1.53,-0.81,3.15,3.81,1.91,0.02,0.0,234.0,0.88,0.0,0.09,0
5.1,-9.85,1.0,11.79,9.69,9.27,195.04,1.0,2.69,-4.48,17.12,0.64,3.9,102.76,1.9,7.16,4.79,1.9,5.3,-0.9,0.0,2.35,0.0,6.0,0.94,0.0,0.9,0
-4.16,-0.69,1.0,0.0,0.0,8.47,78.75,1.0,3.47,1.39,2.39,5.23,-3.47,-2.08,-0.69,18.02,-8.72,1.39,16.58,2.0,0.31,-0.05,0.0,6.0,0.86,0.0,-1.39,0
0.0,3.71,1.0,3.0,3.0,-7.43,71.5,1.0,1.2,1.8,14.49,0.54,-0.8,81.67,-0.71,8.0,-6.53,2.0,2.19,0.9,1.0,-0.52,0.0,6.0,0.91,0.0,1.1,0
36.0,0.0,1.0,11.0,-3.83,-0.96,28.98,-1.71,-11.5,9.96,11.67,0.34,1.0,101.67,3.04,-2.88,-1.71,2.96,3.6,0.96,1.96,1.01,0.0,-242.78,0.51,0.0,-0.92,0
1.0,1.29,1.0,-1.29,-1.29,6.15,139.68,1.0,0.0,4.0,12.79,1.7,0.0,6.87,1.36,0.0,9.29,1.64,4.41,1.0,1.0,0.97,0.0,6.0,1.01,0.0,1.64,0
6.0,1.0,1.0,0.0,0.0,0.0,28.68,1.0,0.0,9.03,4.0,-0.65,6.67,121.81,2.0,0.0,17.0,1.0,19.04,0.0,1.0,1.05,0.0,-35.48,1.41,0.0,2.67,0
-0.77,-3.83,1.0,-0.77,19.0,6.77,67.73,1.0,0.0,-5.37,9.8,2.25,1.0,-69.01,1.77,-3.07,8.7,0.23,4.41,2.53,1.77,0.98,0.0,6.0,1.01,0.0,-0.53,0
2.37,4.96,2.19,-10.08,-2.96,16.0,219.94,1.0,1.41,24.52,21.0,0.83,0.22,88.85,4.0,0.59,17.19,1.59,4.66,-1.19,-0.78,0.61,-0.59,6.59,0.71,0.0,1.59,1
3.4,8.25,1.0,-2.55,-2.55,-5.95,-104.88,1.0,-1.7,7.4,-1.4,1.57,-0.85,64.3,0.15,-4.95,4.55,1.0,2.38,0.0,0.15,0.07,0.0,8.55,0.58,0.0,0.0,0
1.0,0.0,-0.62,0.0,2.0,3.48,55.58,1.0,0.66,-2.62,2.66,1.56,-4.52,31.46,-0.31,1.31,-8.83,1.66,-2.85,-3.93,-0.31,1.55,-1.31,6.0,1.06,0.0,1.0,0
-0.67,0.0,2.0,0.0,-3.37,15.75,151.97,1.0,0.0,1.35,5.67,0.9,6.02,27.61,2.0,0.0,13.39,3.67,-26.06,1.35,1.35,1.96,0.0,-42.48,1.02,0.0,1.0,0
10.02,-0.88,1.0,7.39,2.75,3.63,90.46,1.0,0.0,0.0,3.88,-1.1,0.88,165.2,0.12,-0.88,1.88,0.12,0.7,-2.63,0.12,1.79,0.0,206.02,1.03,0.0,1.88,0
1.03,-3.08,0.49,-4.11,0.51,23.97,129.85,1.0,0.51,10.97,4.97,0.11,4.59,15.82,4.03,-1.03,12.19,1.0,14.66,1.03,2.0,1.75,0.0,6.0,0.9,0.0,2.0,0
1.94,0.0,1.0,1.94,9.72,11.92,72.07,1.0,0.0,-0.97,-0.92,0.79,4.03,-0.97,4.03,0.0,-2.58,1.0,-0.98,4.94,2.0,1.78,0.0,9.92,0.87,0.0,1.03,1
9.0,-0.51,1.0,0.0,5.0,4.55,80.59,1.0,0.0,0.0,11.02,-2.59,7.55,0.0,3.02,-0.51,20.12,1.0,8.38,2.02,2.51,2.29,0.0,6.51,1.02,0.0,2.02,0
0.72,-0.72,1.0,3.0,0.0,11.59,246.67,1.0,0.72,2.87,23.72,5.06,2.15,131.56,0.72,2.28,11.04,0.0,10.33,2.15,1.43,1.95,0.0,6.0,1.02,0.0,2.43,0
8.0,-3.51,0.3,-0.62,2.0,2.3,29.93,1.0,0.0,-1.41,-0.41,1.02,1.0,26.14,1.7,-0.7,0.19,1.0,1.39,1.3,1.0,0.95,0.0,234.0,0.93,0.0,0.3,1
-0.64,0.0,1.0,0.0,0.0,9.43,40.64,1.0,0.0,-6.43,-0.21,3.28,1.0,-49.48,3.0,0.64,3.64,1.0,0.04,1.0,1.36,-0.51,0.0,12.0,1.1,0.0,0.36,0
-0.78,6.7,0.22,0.0,-1.57,-3.13,195.68,1.0,1.57,4.57,18.22,0.5,-3.13,72.92,4.35,6.26,19.44,1.0,0.7,1.0,1.0,0.51,0.0,22.65,0.88,0.0,1.57,1
0.55,0.0,1.55,-1.66,1.1,2.21,-17.1,1.0,0.0,4.0,-0.86,-0.38,1.55,-22.17,1.55,-0.55,-2.21,2.55,4.97,3.45,2.55,3.14,0.0,6.0,0.93,0.0,-0.55,0
1.0,1.0,1.0,8.11,0.0,-1.23,54.55,1.0,12.0,15.89,-2.67,-2.9,0.89,28.33,2.78,-0.89,8.56,1.89,6.42,1.89,2.78,2.67,0.0,6.0,0.82,0.0,-0.78,0
19.31,0.0,0.04,1.93,19.31,-1.85,99.28,2.93,0.0,6.75,7.75,1.5,-1.89,86.73,3.0,0.0,-3.82,-0.93,0.29,1.96,2.96,0.0,0.0,134.95,0.74,0.0,1.93,1
1.24,0.0,1.0,-0.62,1.24,6.87,89.35,1.0,0.0,2.0,7.13,-0.0,4.97,1.92,2.38,0.0,10.62,1.0,5.04,1.24,2.24,1.54,0.62,6.0,1.01,0.0,1.62,0
0.0,-0.5,1.0,0.0,0.0,10.47,128.91,1.0,0.0,-0.01,8.51,1.08,0.99,62.1,1.0,0.0,5.45,2.0,0.96,2.5,2.5,0.5,0.0,4.49,0.96,0.0,-0.0,0
0.0,1.0,0.34,0.0,1.0,8.03,68.6,1.0,0.0,2.0,4.97,0.43,3.0,37.0,4.66,0.0,15.0,1.0,3.45,-0.97,1.0,0.72,0.0,-15.64,0.59,0.0,0.34,0
0.0,0.0,1.0,0.85,3.0,5.55,63.66,1.0,1.0,-1.7,1.45,5.44,0.85,57.02,-0.55,0.85,-2.81,0.15,3.01,0.85,0.15,-0.46,0.0,6.0,0.9,0.0,0.85,0
-3.91,-30.3,1.0,-0.98,1.0,3.15,-367.42,1.0,-1.96,-6.8,3.0,-0.1,2.02,2.76,4.0,-0.98,-5.54,0.02,1.15,1.98,1.98,0.42,0.0,8.0,0.89,0.0,0.02,0
1.63,0.0,1.0,8.71,4.9,3.73,221.16,3.0,0.0,4.19,20.83,1.52,-1.19,70.4,3.0,1.0,2.0,3.46,1.34,1.0,1.73,-1.06,0.0,6.0,0.89,0.0,1.73,0
0.65,3.94,-0.29,0.0,0.0,-3.88,14.12,1.0,1.29,6.88,0.35,-0.35,-0.65,84.8,2.65,2.59,12.71,1.0,3.29,-0.29,-2.24,1.73,-0.65,7.0,0.91,0.0,0.0,0
9.1,3.31,11.93,12.83,14.07,19.55,334.91,1.0,0.0,1.0,8.55,-0.55,8.72,139.33,-0.1,0.0,18.76,2.0,10.92,0.55,1.0,3.33,0.0,40.27,0.41,0.0,4.76,1
3.52,-0.7,1.0,1.41,6.34,-3.56,-150.53,1.0,-0.7,-5.63,-4.63,5.39,0.7,-3.52,-2.82,1.0,-30.27,0.0,1.04,3.41,1.0,0.01,0.0,-3.15,0.82,0.0,-1.41,0
-1.82,0.91,1.0,0.0,0.0,-4.29,-51.73,1.0,0.0,-5.47,9.47,3.89,-0.91,-64.68,-1.82,2.0,-8.2,0.0,10.67,1.91,0.0,-1.17,0.0,5.09,0.97,0.0,-1.82,0
2.54,1.0,1.0,2.54,0.85,42.3,87.89,1.0,0.0,0.0,0.0,8.59,-0.85,74.6,-1.7,1.0,-0.7,0.0,3.99,2.15,0.15,0.64,0.0,0.91,0.96,0.0,0.0,0
-0.91,6.49,-15.46,-13.72,-10.06,15.64,-330.15,1.0,0.0,4.57,-1.83,8.18,-12.81,-16.46,0.0,1.0,1.0,0.0,-5.76,2.09,0.09,-1.99,0.0,-7.72,1.15,0.0,-3.66,0
0.0,-0.87,1.0,0.0,0.0,13.93,112.48,1.0,0.0,13.6,9.47,-3.72,4.93,92.48,4.87,-0.93,28.53,1.0,14.97,1.0,2.0,2.93,0.0,9.0,1.06,0.0,2.93,1
1.0,-1.81,1.0,0.0,0.0,10.35,129.52,1.0,0.0,1.28,12.91,0.6,4.72,35.06,3.0,0.0,21.81,1.0,6.67,0.0,5.54,-0.44,0.0,5.09,1.03,0.0,1.0,0
0.0,0.0,1.0,0.68,0.0,2.35,48.64,1.0,0.0,-7.1,3.0,3.54,2.0,59.34,-0.03,0.68,3.97,0.32,-2.08,2.68,0.65,1.29,0.0,6.0,0.93,0.0,0.0,0
-0.58,1.0,1.0,0.0,-1.74,1.74,50.45,1.0,0.58,2.33,1.16,3.35,-2.91,25.59,3.74,1.0,9.56,2.0,5.47,5.58,2.0,0.65,-0.58,6.0,0.89,0.0,0.58,0
0.0,0.0,0.0,54.29,1.29,-2.59,-13.55,1.0,-0.65,-3.76,-12.29,0.68,0.0,1.29,1.65,-10.35,-7.06,1.0,-5.15,-1.29,0.0,-0.22,0.0,9.06,0.58,0.0,1.71,0
0.0,-0.83,1.0,0.0,0.0,-9.91,4.11,1.0,0.0,0.0,2.0,2.47,0.0,0.0,6.83,0.17,-8.77,0.17,-1.38,-3.97,2.0,-0.24,0.0,6.0,0.72,0.0,-1.66,0
0.0,0.0,1.0,0.4,1.0,4.21,54.51,1.0,0.0,0.6,5.81,-0.4,0.6,4.79,2.0,-0.6,6.03,1.6,-1.16,-4.82,1.0,0.6,0.0,18.66,0.88,0.0,0.6,1
0.0,-10.6,3.12,0.71,14.14,0.59,67.29,1.0,1.0,0.0,22.14,-1.45,2.12,45.95,4.71,0.29,8.29,1.71,4.86,0.71,1.71,2.08,0.0,44.17,0.91,0.0,1.0,0
21.77,5.27,-0.45,7.26,0.0,0.02,243.31,3.9,0.55,2.73,35.61,0.87,0.0,63.33,5.45,8.0,16.2,1.0,1.73,0.0,1.0,-0.32,0.0,-55.26,0.85,0.0,1.55,0
17.0,20.0,1.0,18.49,9.49,-8.92,-16.03,6.0,0.0,22.74,0.26,-8.58,-2.23,164.11,4.49,-4.69,5.26,1.74,2.45,0.26,0.74,0.3,0.0,7.0,0.96,0.0,0.51,0
5.7,3.92,3.35,0.0,5.0,4.78,136.83,1.0,0.78,28.2,23.8,0.02,0.0,34.47,1.0,0.78,13.48,1.78,56.13,-0.78,1.0,1.49,0.0,90.53,0.55,0.0,3.35,1
0.0,0.67,2.33,-2.0,-2.0,8.66,-82.87,1.0,-2.0,0.0,-11.65,0.45,6.33,-64.59,2.0,-5.33,30.33,0.33,56.36,56.66,28.33,2.19,2.33,6.0,0.9,0.0,-0.33,0
24.7,-3.88,1.0,7.12,1.0,5.0,265.03,5.59,-0.65,11.23,17.76,1.08,0.65,90.29,5.94,-0.65,-1.23,2.0,2.37,1.0,1.65,1.15,0.0,529.41,0.67,0.0,-0.65,1
4.04,-4.04,1.0,16.17,7.41,10.06,125.31,1.0,-0.67,-2.7,-6.43,3.58,2.35,13.48,2.0,-0.67,-6.06,0.33,0.51,0.67,0.67,1.04,0.67,7.35,0.94,0.0,-1.35,0
3.0,5.71,1.0,0.0,-0.9,6.71,400.64,1.0,9.04,44.4,41.21,0.19,1.1,173.86,0.29,0.9,39.07,3.9,10.08,0.0,-0.81,1.9,0.0,-152.87,1.17,0.0,2.0,0
29.86,-2.54,1.51,8.59,1.01,10.58,1375.49,1.0,17.68,13.18,13.18,0.18,7.57,87.81,3.49,-3.55,22.22,1.0,5.31,0.0,1.0,1.98,0.0,10.85,0.97,0.0,0.49,1
1.11,0.0,1.0,0.0,1.66,2.55,72.43,1.0,1.0,0.0,7.45,0.19,4.43,0.0,4.0,1.0,7.89,0.45,5.16,1.11,2.11,1.61,0.55,-27.81,1.0,0.0,1.55,0
0.73,1.0,1.0,-1.46,3.66,-3.66,-45.06,1.0,0.0,1.0,10.46,-2.47,0.0,-13.18,1.27,-2.2,6.2,1.27,37.83,0.0,0.27,0.59,0.0,23.56,1.06,0.0,-1.46,0
0.0,1.2,1.6,0.0,0.0,-6.24,-30.38,1.0,0.6,0.0,8.02,-1.65,4.2,0.0,3.8,-3.01,9.81,1.6,3.17,1.0,6.6,1.83,0.0,6.0,0.95,0.0,0.0,0
3.36,0.0,0.0,8.0,4.2,0.84,308.52,8.57,10.09,5.88,20.17,2.44,0.0,58.84,3.36,2.52,5.04,-0.84,0.58,0.0,-0.84,0.35,0.0,625.54,0.85,0.0,1.68,1
1.71,3.15,1.0,0.0,0.0,1.71,130.86,1.0,0.0,9.97,8.82,1.61,0.0,152.92,1.0,-0.71,9.67,1.85,4.11,0.0,1.0,2.17,0.0,6.85,0.65,0.0,2.56,1
39.6,34.63,-0.97,17.0,-14.79,-0.98,997.69,1.0,55.43,0.0,-12.85,0.48,1.02,103.68,1.99,0.99,22.81,1.99,9.45,1.01,3.01,1.93,1.0,127.86,1.04,0.0,4.97,1
49.0,-0.84,2.0,13.0,1.08,13.49,2402.32,1.0,21.49,28.75,0.25,0.15,9.0,124.3,3.92,-10.94,45.57,-0.84,6.68,0.92,1.92,3.68,0.0,-2.26,0.9,0.0,1.08,0
4.0,6.0,1.0,0.0,0.0,-1.71,21.44,1.0,-0.71,4.0,17.56,-0.13,0.0,66.47,1.0,1.0,10.0,2.0,4.11,-0.85,0.0,0.12,0.0,-5.5,0.91,0.0,1.15,0
2.95,27.31,2.0,1.52,0.0,3.26,306.81,1.0,1.48,13.59,3.36,-0.16,-1.48,61.31,1.74,0.0,13.55,2.48,5.76,0.26,1.0,1.06,0.0,6.0,0.98,0.0,0.26,0
-6.55,0.0,1.0,-1.68,3.32,-2.71,-42.67,1.0,0.0,-2.52,9.2,0.66,-2.52,-35.25,-1.52,0.0,11.36,1.0,50.32,-0.84,-1.52,-0.84,0.0,51.98,0.68,0.0,-0.68,0
0.0,0.8,1.0,-2.41,0.0,10.02,5.1,1.0,0.0,18.44,0.37,-1.25,1.8,3.88,5.41,-0.8,18.68,1.8,17.38,0.0,3.61,2.36,0.0,8.41,0.93,0.0,2.0,0
-1.76,3.0,0.12,-13.2,-2.64,-0.88,2.04,1.0,-1.76,3.88,3.52,1.57,-2.64,82.72,1.88,0.88,-4.4,1.0,-5.16,-0.76,-1.64,-2.64,-0.88,-7.2,0.42,0.0,-1.76,0
1.0,-0.87,4.0,0.87,0.0,1.58,189.31,1.0,2.0,0.0,6.24,-2.41,15.87,87.29,3.0,1.0,20.87,1.0,13.17,-0.75,1.13,3.33,0.0,6.0,0.98,0.0,2.75,0
5.34,5.89,2.78,0.89,-0.89,13.45,597.04,1.0,2.89,12.23,34.12,0.41,-1.78,92.04,1.33,0.22,36.68,1.89,6.8,-0.89,0.0,2.03,0.0,-54.69,0.9,0.0,4.67,1
-3.72,16.0,-0.49,5.95,16.0,-0.97,52.95,1.0,0.0,-11.15,-3.72,3.02,-1.49,-57.99,0.26,0.0,-0.46,0.26,-1.78,1.26,2.26,-1.75,0.0,-5.89,0.94,0.0,0.26,0
1.25,0.0,-0.25,0.0,0.63,21.25,120.89,1.0,0.63,-1.25,1.0,6.49,4.13,0.0,5.88,5.0,12.25,1.0,4.5,1.0,-3.13,-0.2,-0.63,6.0,0.83,0.0,0.0,0
0.0,3.95,1.0,2.85,2.85,6.95,476.92,1.0,12.85,21.3,45.45,0.69,1.0,122.54,0.05,8.6,21.05,2.95,6.6,-0.95,0.0,1.04,0.0,6.0,0.99,0.0,1.95,0
5.0,-4.61,2.0,2.3,0.0,4.0,-60.19,1.0,-1.54,13.46,-6.51,1.21,4.3,115.61,-2.07,-5.37,-7.05,0.23,7.45,1.77,0.23,2.22,0.0,6.65,0.87,0.0,0.23,0
-8.02,6.0,1.0,-20.64,-9.92,3.2,17.49,1.0,0.0,7.0,12.9,1.23,0.9,4.35,1.9,4.0,6.61,2.0,1.33,0.0,4.51,-0.26,-0.9,1.49,1.02,0.0,2.0,0
-23.0,7.47,18.26,-6.06,11.74,27.32,-321.02,1.0,-8.09,-39.71,9.62,0.56,10.32,13.41,1.0,9.56,-26.62,-1.21,10.4,2.0,1.26,2.64,0.0,-236.35,0.84,0.0,2.06,0
3.0,9.0,2.0,0.0,0.0,13.6,872.31,1.0,1.0,18.0,39.7,-1.99,2.0,86.0,7.2,0.0,46.4,1.7,6.23,-0.7,1.7,1.53,0.0,55.0,0.94,0.0,2.0,1
0.0,0.47,1.53,1.58,0.0,-15.04,25.47,1.0,0.0,2.1,5.26,-0.67,0.0,34.19,2.53,-0.53,0.0,1.53,2.21,0.95,1.0,0.39,0.0,6.0,1.02,0.0,0.53,0
-27.8,-0.84,0.16,-22.28,0.0,8.84,-914.39,1.0,-13.48,-39.6,-7.33,6.48,-2.53,86.52,2.53,3.84,-31.86,-3.37,4.63,0.0,0.0,-0.13,0.0,-293.93,1.1,0.0,-1.53,0
2.0,21.28,19.96,8.36,26.28,32.91,502.26,1.0,0.0,0.0,3.0,-1.95,14.0,84.0,1.96,0.0,8.82,1.96,16.35,3.91,4.87,3.77,0.0,21.0,0.89,0.0,5.96,1
0.0,-0.76,1.0,-2.27,-2.27,0.76,-114.37,1.0,-2.27,2.0,-4.86,3.33,0.76,-36.38,0.49,-5.3,2.22,-0.51,3.9,0.0,0.0,-0.33,0.0,8.0,0.6,0.0,1.24,0
0.0,5.56,1.0,-0.78,1.0,-0.25,427.66,1.0,6.0,2.34,49.1,-2.12,-0.78,-52.31,2.56,12.22,10.78,3.78,3.07,0.0,0.78,2.11,0.0,16.78,0.97,0.0,-0.56,0
0.0,0.0,1.0,0.0,0.0,-0.56,13.51,1.0,0.0,0.31,3.0,0.95,-0.12,30.75,0.31,0.0,-1.12,1.56,-0.02,0.31,0.88,-0.08,0.0,61.0,0.99,0.0,-0.56,0
0.0,0.0,2.0,0.0,0.0,2.36,16.6,1.0,-4.64,-2.78,12.42,-0.12,3.07,-72.33,3.85,-12.05,6.15,1.15,-23.93,0.93,0.93,0.64,0.0,95.02,0.92,0.0,1.0,1
0.0,0.0,1.0,-1.36,-1.36,16.58,117.53,1.0,0.0,0.68,1.68,7.47,3.04,-35.41,3.32,4.32,11.9,1.68,3.75,2.36,1.36,1.02,0.0,6.0,0.92,0.0,0.68,0
0.0,2.16,5.0,-1.74,0.0,16.0,92.59,1.0,0.0,6.58,4.91,0.17,11.26,-29.13,3.58,0.0,19.26,2.16,12.22,5.42,2.58,3.26,2.0,6.0,0.8,0.0,0.42,0
2.62,14.35,1.0,3.27,8.51,-2.2,96.65,1.0,0.0,11.78,28.14,3.25,-1.31,60.87,-1.96,1.0,-1.24,0.65,3.91,-0.65,-0.65,-0.03,0.0,19.74,0.95,0.0,3.31,1
1.68,12.0,1.0,1.0,0.0,0.0,31.65,1.0,0.68,7.03,0.32,-0.24,1.35,78.86,3.03,0.0,7.03,0.32,6.53,3.03,2.35,2.6,0.0,-8.22,1.07,0.0,1.68,0
-25.63,-1.55,0.22,-23.3,0.0,-1.33,-1137.08,1.0,-12.43,-40.17,-28.85,0.84,-1.11,-10.5,2.0,0.0,-25.85,-2.11,1.1,2.0,2.0,1.43,0.0,-273.65,1.03,0.0,-3.11,0
2.42,0.71,2.42,0.71,-0.71,5.27,203.43,-0.42,1.42,4.0,7.71,0.52,0.71,58.29,0.58,0.0,15.82,1.0,5.9,0.29,1.0,1.82,0.0,-249.27,1.02,0.0,3.13,0
1.35,0.77,0.23,15.23,8.45,3.77,132.36,3.0,-1.55,2.0,10.35,2.98,-1.32,27.17,1.45,1.0,1.23,2.0,3.94,2.55,0.23,-0.63,0.0,-171.36,1.09,0.0,-0.55,0
-4.41,-2.14,1.0,0.0,-1.42,5.86,-203.77,1.0,-6.41,-10.09,-1.39,0.98,3.14,15.07,3.71,-2.14,-13.48,2.0,4.32,2.14,1.71,0.97,0.0,-25.75,0.87,0.0,2.29,0
38.0,35.0,1.0,1.0,0.0,-1.33,1032.48,1.0,54.0,-1.16,7.16,0.11,1.0,69.38,2.0,1.0,21.0,0.84,21.03,1.16,0.0,0.94,0.0,168.0,0.96,0.0,4.42,1
0.0,1.94,1.0,-0.94,0.0,20.3,127.5,1.0,0.0,4.0,4.94,-1.76,3.0,-34.18,2.94,2.0,19.3,1.94,3.4,0.06,1.94,1.7,0.0,6.0,0.95,0.0,3.88,0
2.0,6.82,19.0,16.0,11.0,23.59,434.54,1.0,0.0,-0.82,-0.29,2.0,13.18,63.42,1.82,0.82,-2.41,1.0,15.22,6.12,2.82,2.79,0.0,3.71,0.78,0.0,4.18,0
1.9,1.0,3.71,9.0,-17.17,29.4,129.56,1.0,13.81,15.0,-16.27,0.7,12.65,88.0,2.81,0.9,13.13,1.0,13.12,1.0,1.9,2.87,0.0,6.0,0.81,0.0,1.0,0
3.0,10.99,1.0,1.0,1.0,34.01,209.02,1.0,1.0,4.0,0.0,0.57,5.0,40.95,1.0,0.0,7.01,1.0,7.64,3.0,1.0,3.06,0.0,6.0,0.95,0.0,0.0,0
3.0,0.0,6.0,2.0,3.72,10.85,293.07,1.0,1.0,1.72,11.85,-7.74,5.57,139.19,1.72,-7.15,6.0,1.72,6.02,1.0,2.72,3.12,0.0,89.21,0.96,0.0,1.57,1
-2.99,0.75,1.0,0.0,0.25,8.99,19.59,-0.5,0.0,0.0,0.01,0.39,4.99,-36.66,3.25,0.0,16.96,0.25,8.47,0.0,2.75,2.04,0.0,-190.85,0.96,0.0,2.5,0
0.0,0.0,1.0,0.0,0.0,9.0,40.0,1.0,0.0,0.0,2.0,0.73,5.0,0.0,5.0,0.0,12.0,1.0,7.0,3.0,2.0,0.75,0.0,7.0,0.94,0.0,2.0,1
1.3,1.95,-0.95,0.0,0.0,-15.84,41.67,1.0,-1.3,15.99,23.09,0.4,-8.44,118.16,1.0,-0.65,11.65,3.3,-3.95,-0.65,-0.65,0.02,0.0,7.3,0.96,0.0,2.65,0
-2.84,0.0,2.0,-2.88,-3.75,15.84,179.34,1.0,2.88,0.96,10.63,1.93,-13.26,12.47,2.92,0.96,18.26,1.96,2.93,-1.92,-0.92,1.36,-0.96,-10.3,0.77,0.0,0.04,0
0.0,-0.87,1.0,3.0,0.0,-8.54,87.35,1.0,0.0,3.48,13.35,2.2,3.0,161.79,0.87,0.13,-5.44,-0.87,0.01,-3.35,-0.87,-1.04,0.0,6.0,0.95,0.0,0.26,0
5.9,0.0,1.0,14.17,6.49,6.59,126.98,1.0,0.0,0.0,5.41,-1.14,0.0,56.09,3.59,-0.59,4.41,1.59,1.57,0.59,2.0,1.24,0.59,70.95,0.31,0.0,0.41,1
-13.8,-18.29,1.0,0.0,0.87,4.0,-222.02,1.0,-3.48,-5.58,-50.7,0.97,3.74,-15.99,4.74,-1.74,2.58,-0.74,0.91,0.0,1.87,0.83,0.0,-372.82,1.28,0.0,-2.48,0
2.0,11.25,1.0,0.0,15.0,-25.51,46.25,1.0,0.0,0.0,1.0,-5.15,8.0,0.0,1.75,-0.75,3.25,1.75,6.09,1.25,4.5,1.73,1.0,6.0,1.0,0.0,1.75,0
9.98,3.0,1.53,-26.79,9.98,1.58,62.17,2.05,0.0,4.58,6.3,0.79,0.53,113.27,1.53,0.0,0.53,1.0,3.13,1.53,1.53,0.68,0.0,47.5,0.53,0.0,0.0,0
0.0,2.0,3.0,0.84,0.0,14.84,336.52,1.0,4.0,2.0,15.19,-0.25,3.84,135.88,6.0,0.0,25.68,1.0,4.75,-0.84,0.16,1.42,0.0,6.0,1.04,0.0,3.68,1
3.49,0.0,2.0,2.2,8.0,3.9,85.49,1.0,-4.51,5.51,14.32,0.51,-0.8,94.8,0.1,0.0,16.9,2.0,6.57,0.9,1.0,1.06,0.0,18.46,0.4,0.0,2.0,1
-12.19,1.0,1.0,0.64,-12.19,3.21,-2.17,-0.28,0.0,-4.49,0.08,2.43,1.28,6.42,0.72,0.64,4.28,0.36,2.03,0.0,0.36,-0.82,0.0,-47.89,1.05,0.0,-0.64,0
3.09,1.0,1.0,-1.54,-1.54,7.4,-56.19,1.0,-1.54,0.51,-6.72,0.4,4.57,-8.24,4.0,-4.12,15.15,0.49,7.59,2.0,2.0,0.65,0.0,6.0,0.95,0.0,0.0,0
19.68,17.1,1.0,10.0,7.0,-4.7,244.52,1.0,2.57,3.42,60.86,-0.39,1.29,86.12,-0.71,0.86,9.84,1.86,5.96,0.0,0.0,2.55,0.0,526.77,0.49,0.0,2.57,1
2.0,6.0,18.23,16.0,11.0,48.75,646.4,1.0,0.0,0.0,6.09,3.04,10.91,84.0,-0.54,3.86,5.77,-1.32,12.15,2.77,2.0,2.62,0.0,21.0,0.72,0.0,5.77,1
-0.82,7.27,1.0,0.0,0.0,-7.35,-44.08,1.0,-2.45,6.45,-4.53,3.07,-0.82,81.37,-0.63,1.0,-14.33,0.18,2.81,0.0,1.82,1.0,0.0,6.0,0.65,0.0,-0.82,0
0.88,-0.88,1.88,14.91,4.38,-4.65,-101.94,1.0,0.88,-6.14,-4.14,1.19,0.88,-5.26,3.37,0.12,-5.89,0.12,5.5,2.75,4.63,2.1,0.88,15.65,0.94,0.0,0.0,0
1.0,-1.0,1.0,0.0,0.0,12.98,42.12,1.0,1.0,3.0,-11.93,0.07,7.98,33.05,5.0,0.0,34.9,0.0,56.86,53.77,28.88,3.5,1.0,6.0,0.92,0.0,2.0,0
0.99,0.0,1.0,0.0,0.0,19.98,228.38,1.0,0.0,-3.95,9.97,1.41,3.99,51.92,1.0,0.0,25.92,2.99,-2.31,2.99,2.01,2.51,0.0,7.98,0.99,0.0,1.99,1
9.0,3.0,1.0,0.0,2.0,11.26,426.31,1.0,8.26,14.41,2.51,0.32,2.74,26.86,5.48,-9.54,43.88,1.0,-0.34,-0.74,1.74,1.24,0.0,55.21,0.9,0.0,2.26,1
-7.4,0.0,1.0,-22.41,-10.27,-7.47,-78.46,1.0,0.0,13.74,12.6,0.43,-1.87,43.38,1.93,0.0,8.54,1.0,2.71,1.0,1.0,0.2,-0.93,1.33,0.69,0.0,1.93,0
38.0,35.0,0.22,1.0,0.0,-4.43,1014.45,1.0,54.0,1.55,5.22,0.85,-2.1,133.8,1.22,1.0,14.79,0.45,3.61,0.78,0.78,-0.17,0.0,168.0,0.96,0.0,4.22,1
0.0,0.68,0.0,53.0,0.0,-2.03,62.1,1.0,0.0,2.65,1.35,0.97,0.0,-33.87,1.0,0.0,-1.39,1.0,-0.1,0.68,0.68,-0.53,0.0,11.0,0.63,0.0,2.32,0
-5.39,7.93,1.77,-1.54,-9.24,14.24,680.31,1.0,1.77,16.86,35.5,1.53,0.23,61.23,2.54,0.0,36.35,2.0,2.03,-0.77,-0.54,1.03,0.0,43.74,1.11,0.0,2.54,1
6.35,1.0,1.0,1.19,1.19,-1.07,90.75,1.0,1.0,9.97,4.44,-1.58,3.78,126.93,6.97,-1.97,9.84,2.59,6.95,0.0,2.78,2.65,0.0,29.6,0.97,0.0,3.19,1
-0.94,8.81,1.98,20.22,-6.85,23.74,2033.37,1.0,91.98,20.61,39.18,0.86,17.02,100.76,5.96,0.0,75.09,1.0,6.43,0.0,0.98,-0.25,0.0,53.94,0.94,0.0,1.96,1
0.0,0.0,2.0,0.0,0.0,1.03,68.4,1.0,4.26,2.56,5.0,-8.57,2.3,66.47,2.85,2.56,9.7,5.56,29.72,-0.85,0.0,1.31,0.0,6.0,1.03,0.0,-0.7,0
2.71,-2.25,1.0,1.63,3.25,2.37,-103.38,1.0,-1.08,-1.08,-12.46,5.63,10.29,11.38,1.37,-3.33,-9.75,1.0,1.9,2.08,1.54,0.96,0.54,4.37,0.89,0.0,-0.54,0
0.0,4.0,1.0,-1.26,1.0,4.74,450.32,1.0,7.26,1.26,54.9,-1.03,0.0,-36.05,1.63,11.1,13.16,2.37,2.75,0.63,-0.63,0.17,0.0,-3.61,1.25,0.0,0.37,0
12.03,1.0,1.0,1.72,1.72,0.0,16.25,1.0,0.0,-0.72,-2.03,-0.39,7.72,78.42,3.72,0.0,5.8,0.14,13.2,0.86,2.72,1.2,0.0,33.57,1.05,0.0,2.86,0
8.32,0.0,1.0,2.0,2.0,1.89,50.93,1.0,0.0,3.64,0.96,0.31,1.64,78.32,5.0,0.0,-7.5,0.32,3.75,1.68,3.0,0.8,0.0,37.64,0.94,0.0,1.96,1
-2.79,-2.79,1.0,0.0,0.0,-2.79,-73.13,1.0,0.0,-16.7,-0.18,0.61,0.0,-51.22,0.07,0.0,-10.97,-0.86,26.28,3.86,1.93,0.44,0.0,4.14,0.95,0.0,-1.86,0
0.0,-0.65,1.0,1.0,-0.65,4.12,104.99,1.0,0.0,0.65,9.88,5.04,-0.94,104.53,-1.94,1.0,-5.76,1.29,-0.16,0.35,0.0,-0.36,0.0,4.71,0.91,0.0,2.0,0
1.71,1.0,1.0,12.12,2.14,4.16,181.04,1.0,2.43,7.0,7.29,0.1,1.29,132.76,4.0,1.0,16.85,2.0,8.33,1.43,3.14,1.6,0.71,20.7,0.99,0.0,2.71,1
0.0,0.0,0.67,18.0,0.0,4.71,22.52,1.0,-0.67,0.0,-3.37,2.18,0.0,0.0,-1.35,-0.67,-2.69,0.0,1.35,2.02,0.67,-0.15,0.0,71.96,0.87,0.0,0.67,0
0.0,0.1,1.0,0.0,0.0,17.2,67.7,1.0,0.0,0.0,2.9,-1.66,4.5,0.0,2.0,1.0,37.3,2.0,53.0,52.0,25.4,2.1,0.9,6.0,0.88,0.0,2.9,0
1.42,0.0,1.0,7.1,4.42,0.87,-165.39,-5.39,-7.52,-4.97,-13.74,1.56,2.13,3.55,-0.84,-2.13,-0.26,1.0,5.3,0.0,1.0,1.68,0.0,-560.26,0.93,0.0,-1.42,0
20.03,7.18,2.59,25.08,0.0,6.77,953.13,1.0,10.01,33.81,26.38,-1.14,2.36,85.64,2.59,1.41,34.04,4.53,6.06,0.41,1.59,1.29,0.0,218.04,0.92,0.0,2.77,1
0.0,1.0,1.0,-1.51,0.0,-1.51,-76.24,1.0,0.0,1.0,-2.08,-0.63,0.0,9.63,2.0,3.02,4.0,2.0,0.84,1.01,1.5,0.67,0.0,6.0,0.67,0.0,-0.5,0
1.76,0.0,1.76,1.0,11.0,4.76,135.14,6.0,5.0,3.03,20.3,-5.49,1.0,125.67,3.51,13.24,7.06,2.76,8.65,0.76,1.76,1.11,0.0,336.0,0.47,0.0,0.76,1
-8.14,3.26,1.0,-1.63,-9.77,2.56,62.2,1.0,0.0,5.26,9.0,2.28,-2.44,29.74,3.0,0.81,9.19,1.0,1.2,-0.81,-0.63,0.4,0.0,6.0,0.98,0.0,1.0,0
6.22,-0.61,1.0,21.36,6.0,12.35,783.56,1.0,55.7,1.84,2.22,-1.79,30.02,127.09,2.22,-0.61,23.59,0.39,5.73,-1.06,0.78,3.16,1.0,23.0,1.03,0.0,2.0,1
0.72,1.0,1.0,0.0,0.28,8.57,109.84,1.0,-0.72,4.15,9.45,0.25,2.28,47.74,2.57,-1.43,28.61,1.0,7.94,0.28,1.0,1.19,0.0,-169.63,1.06,0.0,1.72,0
36.0,0.81,1.0,11.0,0.81,7.3,290.62,5.0,0.0,9.81,27.0,0.41,1.81,97.24,5.62,0.0,12.3,2.0,4.59,-0.81,0.19,0.04,0.0,40.62,0.74,0.0,1.81,1
-15.08,2.0,1.0,-1.68,-15.91,5.03,-61.57,-0.68,0.84,0.49,-6.54,0.65,1.68,-5.53,3.68,0.0,12.21,1.0,4.29,2.68,2.68,3.53,0.0,-63.36,1.12,0.0,-0.84,0
-0.55,0.0,2.0,-0.55,-6.01,9.55,-3.66,-1.73,-2.73,0.0,-4.65,4.63,-0.55,-44.29,1.45,-7.65,4.45,0.45,3.18,4.64,2.0,0.27,0.0,-76.42,1.14,0.0,2.0,0
1.96,0.0,1.0,0.0,5.0,12.65,100.07,1.0,0.96,1.92,4.04,0.04,2.88,-5.76,3.88,0.0,21.45,1.0,56.24,1.92,2.92,3.11,0.0,78.0,0.88,0.0,2.92,1
8.59,16.62,-0.56,-0.78,0.0,2.75,173.67,1.0,1.56,6.34,56.31,1.1,2.22,72.49,2.0,3.56,15.03,1.78,4.84,1.0,1.0,0.02,0.0,371.42,0.58,0.0,3.56,1
0.0,0.97,1.0,0.0,0.0,-19.16,-206.75,1.0,0.97,2.9,0.07,-1.49,0.97,59.91,1.97,-4.83,-1.83,3.93,0.1,-0.97,1.97,1.05,0.0,67.0,0.91,0.0,-0.97,0
3.09,0.0,2.0,-9.1,2.27,3.0,-21.38,-0.64,0.82,-0.64,-1.01,1.44,0.18,16.84,0.18,-0.82,17.64,1.18,3.95,-0.82,1.0,0.7,0.0,32.0,0.44,0.0,1.18,0
9.22,0.65,1.0,1.3,6.52,3.09,106.09,1.0,0.0,5.0,2.35,0.85,0.0,134.19,-1.61,0.0,6.48,2.0,-0.01,-0.65,-0.65,1.48,0.0,7.3,0.95,0.0,0.35,0
4.0,-1.96,1.0,5.0,13.0,5.87,46.8,1.0,0.0,15.07,44.0,2.16,0.0,28.44,1.98,0.0,2.0,2.0,7.71,1.98,1.0,0.7,0.0,27.0,1.44,0.0,2.0,0
-1.67,-24.0,1.0,-0.67,0.0,33.67,-122.68,1.0,-1.33,-2.67,10.0,5.29,1.33,8.66,2.33,0.0,1.0,0.67,1.77,3.0,1.67,1.49,0.0,8.0,0.9,0.0,2.33,0
0.0,1.0,1.0,0.71,0.71,0.0,19.0,1.0,0.0,0.0,2.71,1.69,-0.71,35.48,1.29,0.0,0.87,1.0,2.71,-0.71,0.29,0.0,0.0,1.74,0.87,0.0,-0.71,0
8.55,-0.57,1.57,2.28,5.55,4.43,144.31,3.0,0.0,8.57,13.42,0.05,0.57,130.94,2.86,-0.57,11.11,2.57,4.66,1.0,1.0,1.37,0.0,524.8,0.45,0.0,1.14,1
0.0,0.0,1.0,0.0,0.0,10.5,2.48,1.0,0.0,-4.5,-2.5,3.89,5.75,-51.03,2.75,0.75,7.5,0.25,5.69,2.25,2.0,-0.0,0.0,7.0,0.87,0.0,2.0,0
1.72,-3.29,1.0,2.57,0.0,8.57,336.37,1.0,8.58,15.59,56.21,-2.45,2.86,51.61,5.72,6.87,48.61,1.86,5.26,-1.57,0.14,1.23,0.0,121.87,0.81,0.0,3.72,1
9.0,0.91,1.0,2.0,2.0,21.69,52.33,1.0,-0.91,-6.86,-17.08,0.29,3.0,-4.05,5.91,-14.6,1.09,1.91,3.97,5.56,3.91,2.79,0.0,36.26,0.93,0.0,4.0,1
0.0,0.0,1.0,0.0,0.0,9.0,98.83,1.0,1.24,-1.86,6.33,0.98,3.76,25.39,4.38,0.62,16.95,1.62,4.56,1.14,0.14,-0.47,0.0,7.0,0.82,0.0,1.38,0
0.0,0.0,2.07,0.54,0.0,10.91,196.94,1.0,1.07,3.76,4.76,6.56,-2.69,-2.15,1.0,0.0,-2.15,1.54,-0.6,3.0,1.0,0.61,0.0,83.87,0.78,0.0,0.54,0
0.0,0.0,1.0,0.0,0.73,-1.46,-41.45,1.0,0.0,-2.93,5.94,1.43,-0.73,-47.61,3.0,0.0,-12.92,1.0,-1.23,1.73,1.73,-0.73,0.0,137.16,0.95,0.0,-0.73,0
1.0,1.0,1.0,9.0,0.0,6.8,70.94,1.0,12.0,9.59,-5.41,4.56,0.9,26.71,-1.7,0.9,-0.41,0.1,3.07,0.1,1.0,0.16,0.0,6.0,0.71,0.0,1.0,0
8.79,0.0,1.0,0.0,7.79,11.34,113.94,1.0,1.0,3.22,0.66,0.07,5.34,39.33,3.22,-0.78,16.34,1.0,9.68,3.78,4.56,3.55,0.0,6.0,0.81,0.0,2.0,1
0.55,0.69,-8.92,-7.16,-4.51,-10.53,262.8,1.0,6.0,0.0,53.0,1.7,-7.71,2.2,1.0,13.0,7.8,3.0,-2.83,-1.1,-0.55,-1.29,0.0,7.74,1.11,0.0,-1.2,0
-1.08,2.61,1.0,-2.61,-6.77,12.69,220.48,1.0,2.04,-5.25,-5.86,1.19,1.0,26.97,2.56,1.04,24.5,1.48,1.87,-0.52,0.48,1.18,0.0,11.21,0.94,0.0,1.0,1
0.0,0.0,1.0,0.0,0.0,-0.61,75.32,1.0,2.0,5.38,10.23,1.2,-4.23,103.0,1.31,0.0,0.7,1.0,-1.39,0.15,0.15,-0.23,0.0,22.15,0.87,0.0,0.31,0
0.0,1.0,1.0,0.0,0.0,10.41,65.43,1.0,2.96,1.78,1.0,0.75,2.59,46.2,2.82,7.7,8.82,2.18,22.3,2.0,0.82,0.96,0.0,-30.72,1.36,0.0,-0.59,0
-3.0,-1.0,1.0,0.0,0.0,-4.0,-46.92,1.0,0.0,-18.98,1.0,3.58,-2.0,-76.92,0.0,1.0,-12.98,1.0,1.9,6.0,2.0,-1.61,0.0,4.0,0.87,0.0,-1.0,0
-0.5,0.0,1.0,0.0,0.0,8.0,44.01,1.0,0.0,-0.5,5.5,0.61,3.0,1.0,1.5,0.0,6.5,1.5,2.49,0.5,5.5,0.8,0.0,6.0,0.94,0.0,0.5,0
0.33,3.34,1.67,0.0,1.0,18.67,392.85,1.0,1.67,4.66,19.69,0.27,5.34,30.21,6.34,0.0,47.67,0.33,5.43,0.67,1.67,2.5,0.0,22.0,0.97,0.0,3.67,1
0.0,1.28,2.44,0.0,0.0,5.72,45.35,1.0,0.0,-4.31,0.0,6.34,-1.44,-20.81,-0.44,1.0,-14.79,1.0,-4.74,2.44,3.87,0.43,0.72,3.85,0.87,0.0,-0.72,0
24.46,1.14,1.57,19.17,0.0,8.43,964.87,1.0,14.73,31.91,25.62,-1.72,5.86,120.96,4.57,-5.15,36.77,4.43,5.89,-1.14,1.0,2.23,0.0,227.09,0.95,0.0,3.86,1
10.65,-2.62,-10.77,13.54,4.46,0.5,60.95,1.0,0.65,5.23,4.92,0.96,-4.54,95.65,3.62,0.0,27.16,1.0,-1.24,-0.31,0.35,0.37,1.0,11.65,1.05,0.0,-1.31,0
16.52,-1.3,-0.3,25.3,18.82,1.83,177.29,1.0,0.0,0.0,2.3,0.14,2.0,151.69,0.35,0.0,-4.86,1.0,0.27,-2.91,1.0,0.44,-0.3,11.0,0.73,0.0,0.0,0
11.15,0.21,1.0,2.0,13.94,-2.51,285.33,8.09,9.45,-0.79,19.9,0.5,1.85,112.28,2.57,2.36,-8.24,1.0,-3.24,1.21,-0.57,0.59,0.0,634.94,0.92,0.0,1.0,1
7.7,-0.84,1.0,4.19,1.67,8.16,97.31,1.0,1.0,4.0,2.16,-0.77,3.84,117.68,2.33,-0.84,16.51,1.0,9.31,4.67,3.0,3.7,0.0,196.9,1.02,0.0,2.84,1
2.09,0.0,3.48,0.48,22.61,4.04,177.01,2.04,-1.04,1.04,27.31,0.57,1.96,74.92,2.04,0.52,1.43,1.52,2.77,0.48,-0.57,0.74,-0.52,52.16,0.82,0.0,1.48,1
0.0,-1.02,0.49,0.51,0.0,2.49,-27.06,1.0,-0.51,3.0,4.85,2.51,-1.02,111.85,-0.02,0.51,2.86,2.0,4.56,3.56,0.0,0.09,0.0,6.0,0.91,0.0,0.98,0
0.0,0.0,0.42,4.62,0.0,4.0,89.08,1.0,0.0,3.0,0.92,2.71,0.0,44.0,-0.73,0.0,2.42,2.42,0.78,-0.58,0.42,0.27,0.0,-49.43,0.89,0.0,1.0,0
0.0,3.59,2.59,-14.3,0.0,11.35,172.39,1.0,0.79,0.0,15.09,4.29,1.59,0.0,3.38,1.0,14.5,1.79,3.13,1.79,1.79,1.42,0.0,6.0,0.91,0.0,1.59,0
0.0,9.0,1.0,0.0,0.0,2.91,157.51,1.0,0.0,3.09,-0.81,7.08,-0.91,42.32,1.0,0.91,-6.26,0.09,2.87,3.91,0.09,-0.91,0.0,-13.05,1.05,0.0,0.09,0
1.9,-1.27,4.17,1.27,1.9,11.34,174.07,1.0,0.63,1.0,5.0,0.11,4.43,110.68,2.0,-0.63,5.53,0.37,6.09,0.63,2.63,1.91,0.0,19.3,0.94,0.0,1.27,0
34.0,2.0,2.0,30.0,-0.56,12.12,1545.92,-0.12,17.0,52.32,40.08,0.7,5.0,98.24,-0.68,0.0,59.16,6.0,7.24,-0.56,0.44,1.71,0.0,83.71,0.96,0.0,5.56,1
-3.2,0.0,0.2,6.41,-4.01,1.19,-194.15,-6.21,-9.61,6.39,-14.83,1.99,1.0,4.92,-1.01,-2.4,-2.21,0.2,10.08,0.0,2.0,0.42,0.0,-633.29,0.8,0.0,0.4,0
1.0,1.11,1.0,0.0,0.0,7.33,38.47,1.0,1.0,5.11,-1.46,0.21,3.0,52.91,4.0,0.0,14.56,-0.11,7.23,4.11,3.0,2.56,0.0,6.0,0.94,0.0,1.44,0
-0.97,5.85,1.97,7.79,0.0,5.97,6.59,1.0,0.0,-1.95,-6.79,8.01,-0.95,22.41,3.03,6.95,-14.59,1.0,-1.15,1.97,0.0,-0.65,0.0,6.0,0.85,0.0,0.0,0
-31.72,-1.87,0.07,-26.99,0.0,2.4,-1330.77,1.0,-15.86,-50.38,-34.12,10.96,-2.73,10.43,2.8,5.67,-46.52,-4.67,-3.6,1.93,-0.93,-1.51,0.0,-329.9,0.94,0.0,-2.67,0
4.0,0.0,1.0,0.0,0.0,35.22,115.53,1.0,0.0,5.0,3.0,4.34,0.0,82.0,-0.28,0.0,12.36,0.72,0.86,-1.28,-0.64,0.78,0.0,6.0,0.99,0.0,1.0,0
6.0,4.22,0.88,0.78,0.78,-9.14,92.47,1.0,1.0,33.32,29.56,1.19,-10.14,115.83,0.22,1.0,-9.38,2.0,-1.12,-4.68,0.22,-1.23,-1.56,22.0,0.62,0.0,2.22,1
8.0,0.0,1.21,45.76,8.0,-0.94,71.88,1.0,-3.94,1.79,3.27,0.01,0.21,31.55,1.0,-10.24,15.21,0.42,-21.55,0.0,1.0,0.79,0.0,35.94,0.09,0.0,4.36,1
2.84,2.0,1.71,-20.6,1.42,0.03,-771.68,1.0,-63.22,-2.13,2.84,5.29,-10.66,-3.55,1.0,1.0,-22.44,1.0,-2.57,1.0,2.42,0.23,0.0,168.67,0.68,0.0,1.42,0
0.58,0.0,1.0,0.0,1.0,3.73,34.93,1.0,0.58,1.58,3.58,0.07,1.58,89.11,-1.89,-0.58,6.78,1.58,2.54,0.42,0.42,1.83,0.0,93.0,0.94,0.0,0.58,0
2.63,0.0,0.53,18.0,0.0,-2.63,52.73,1.0,0.0,7.89,1.58,1.45,-1.58,41.02,-2.1,0.0,-3.16,0.0,-0.21,-1.05,-0.53,0.96,0.0,13.89,0.88,0.0,-0.53,0
-1.21,0.0,1.0,2.0,-1.82,7.18,142.97,1.0,0.0,0.0,4.82,6.88,-4.85,100.0,1.39,4.21,4.39,1.39,6.3,-0.61,0.18,-0.37,-0.61,54.0,0.41,0.0,2.39,1
-11.83,-13.22,3.78,-11.83,-5.56,17.13,60.35,-2.48,0.0,-11.13,6.7,1.53,9.04,-50.78,3.0,-1.39,15.43,1.0,7.49,3.48,3.39,2.0,1.39,67.3,0.17,0.0,0.3,0
0.0,0.0,4.0,1.0,24.05,-1.05,6.0,1.0,-2.43,-0.81,15.95,0.21,2.19,-3.78,-0.62,-0.81,-8.33,0.19,43.58,1.0,1.81,1.71,0.0,118.26,0.99,0.0,2.0,0
-1.67,1.11,1.0,0.0,0.0,0.32,131.35,1.0,2.78,-4.45,26.48,0.9,0.77,-47.28,-0.23,7.23,-14.47,2.11,2.54,1.0,5.44,-0.1,0.0,2.66,0.96,0.0,-1.11,0
3.18,0.0,1.0,1.27,0.0,5.64,74.51,1.0,3.18,0.64,2.0,1.86,-1.27,41.97,2.27,0.0,-9.72,2.0,-29.78,-33.07,-15.53,0.2,-0.64,76.54,0.93,0.0,0.0,0
0.0,0.0,1.0,0.8,0.0,2.99,54.06,1.8,0.0,0.8,8.42,-3.76,3.0,33.7,4.41,0.0,6.6,1.0,3.23,-1.41,6.0,0.95,0.0,144.79,1.04,0.0,0.8,1
1.58,0.0,1.0,0.0,-1.74,12.47,146.95,1.0,0.0,8.32,9.42,-0.27,3.74,97.48,4.16,0.0,20.79,2.0,6.72,2.74,2.16,3.34,0.0,8.0,0.95,0.0,4.16,1
-8.39,1.0,1.0,0.0,-4.66,2.8,1.19,1.0,0.0,1.0,7.61,7.17,-3.73,11.0,2.86,4.66,-6.12,2.0,-2.32,1.0,-0.86,-1.57,0.0,6.0,0.84,0.0,0.07,0
1.0,2.02,1.0,0.0,-3.37,6.7,131.2,1.0,1.35,9.4,9.3,0.47,2.67,118.99,3.67,2.7,24.72,1.0,-25.51,0.67,1.0,1.79,0.0,-42.59,1.03,0.0,1.0,0
0.0,0.0,1.0,0.0,0.0,2.0,60.27,1.0,1.0,0.0,4.56,0.63,0.86,-32.63,2.28,1.0,8.14,1.86,3.85,1.72,1.86,2.1,0.0,6.0,0.97,0.0,1.0,0
0.0,1.42,1.0,0.0,19.0,5.29,270.13,1.0,0.71,0.0,30.33,-0.08,2.42,0.0,1.71,0.0,19.5,1.0,2.96,-0.42,0.29,2.25,0.0,-63.42,1.05,0.0,1.0,0
1.34,1.0,4.35,1.34,1.34,16.73,250.01,1.0,0.67,0.67,8.72,2.36,4.02,61.7,0.66,0.0,3.35,1.0,5.69,2.0,1.0,1.64,0.0,-12.11,0.98,0.0,2.01,0
3.77,-3.02,1.75,0.0,-0.75,3.49,-287.08,1.0,-4.53,11.32,-35.21,6.58,2.51,58.84,4.0,-4.81,-2.02,-0.51,3.46,1.75,0.75,1.73,0.0,10.53,0.76,0.0,0.0,0
1.0,0.0,1.0,0.68,-7.29,1.95,-27.54,1.0,0.0,0.0,-5.24,1.42,-0.68,34.13,1.68,0.0,0.49,1.0,49.05,-0.68,1.0,-0.41,0.0,78.0,0.86,0.0,0.32,0
0.0,1.0,1.0,0.0,0.0,8.96,29.54,1.0,0.0,-1.22,-5.89,0.65,4.22,-20.21,4.74,0.0,11.55,0.26,5.97,1.74,5.45,0.48,0.0,6.0,0.92,0.0,0.52,0
-2.68,0.0,0.46,1.61,0.0,8.14,85.23,1.0,0.0,-8.04,8.14,2.58,0.54,11.79,2.46,0.54,4.46,0.46,-0.17,0.0,1.46,-1.05,0.0,59.42,0.37,0.0,1.54,1
1.0,0.0,0.15,1.0,11.0,4.85,74.36,6.0,5.0,0.0,12.46,4.26,-0.69,81.0,0.31,14.85,-4.07,-0.54,4.62,0.0,1.85,-0.66,0.0,336.0,0.3,0.0,0.0,0
5.09,-10.98,1.0,15.09,10.0,3.0,184.68,3.0,0.0,1.09,20.49,1.24,1.0,97.57,4.83,1.0,-1.66,2.0,3.26,1.91,1.0,-0.55,0.0,6.0,0.83,0.0,0.09,0
2.73,3.0,1.55,0.0,0.0,2.19,45.96,1.0,0.0,10.1,-1.64,1.11,1.09,88.41,0.45,0.0,0.0,1.0,2.28,1.55,1.55,1.19,0.0,13.65,0.59,0.0,-0.55,0
0.0,0.0,1.86,0.86,0.0,12.91,109.9,1.0,0.0,0.0,11.18,-2.35,0.86,86.41,3.0,0.0,6.73,1.0,3.18,0.86,2.0,0.33,0.0,68.0,0.36,0.0,2.73,1
0.0,0.59,0.41,-1.78,0.0,3.62,47.7,1.0,0.0,10.22,9.57,0.28,1.0,28.9,3.0,0.0,7.97,1.59,10.83,0.0,2.0,0.43,0.0,6.0,0.93,0.0,2.0,0
0.78,-3.66,1.0,-0.78,0.0,2.33,49.66,1.0,0.0,1.0,14.45,0.35,0.78,4.78,2.55,-3.11,15.33,2.0,2.65,1.0,1.78,1.02,0.0,6.78,0.89,0.0,1.78,1
6.0,5.0,4.0,0.0,0.0,7.77,255.66,1.0,1.0,34.13,40.58,1.44,0.0,47.55,1.0,1.97,5.06,2.97,6.97,-1.94,1.0,1.36,0.0,22.0,0.6,0.0,3.97,1
1.0,0.0,1.73,3.18,11.0,6.91,149.83,6.0,5.0,2.91,12.09,0.99,1.0,128.29,0.55,14.0,1.0,2.0,6.78,0.0,1.0,0.97,0.0,266.16,0.4,0.0,0.73,1
6.0,-4.36,-1.62,29.95,18.72,4.74,249.56,4.74,-0.87,-29.4,3.66,1.35,1.87,92.13,4.74,1.0,-2.36,2.0,-0.0,1.87,1.0,0.34,0.0,-7.95,1.17,0.0,-0.74,0
3.0,9.87,1.13,0.0,0.0,25.39,846.88,1.0,1.0,18.0,36.4,0.99,-1.46,86.0,3.0,0.87,49.33,0.13,7.6,6.06,2.73,0.93,0.0,55.0,0.86,0.0,2.87,1
-28.28,1.79,1.0,-6.28,2.36,5.5,-19.41,-2.14,2.36,-6.07,2.72,0.61,0.0,62.36,0.43,6.28,5.57,2.0,3.1,0.0,1.0,0.77,0.0,-19.92,0.93,0.0,0.79,0
1.68,3.32,1.17,1.66,-1.66,4.0,406.34,1.0,6.63,32.41,52.27,0.35,0.34,87.12,0.17,6.63,37.51,1.83,8.99,1.0,-0.66,1.62,0.0,-55.95,0.95,0.0,1.83,1
-1.47,0.0,1.0,-22.0,0.0,15.53,-724.83,1.0,-66.75,-0.2,6.0,3.93,-10.2,-25.01,-1.2,0.73,-6.74,2.0,0.99,2.73,3.0,0.41,0.0,6.0,0.92,0.0,1.0,0
0.86,-0.72,5.0,0.0,0.0,9.99,51.68,1.0,-1.72,9.43,6.29,0.28,13.0,17.71,2.14,0.0,20.14,1.86,13.74,6.86,2.0,3.31,2.0,7.72,0.77,0.0,2.72,1
-0.7,3.09,1.0,0.0,0.0,0.91,72.94,1.0,1.0,12.47,11.38,0.14,1.4,74.19,2.4,2.0,11.58,2.7,4.06,0.0,0.7,2.02,0.0,7.4,0.97,0.0,1.7,1
0.0,1.22,1.0,0.0,-0.61,10.38,57.86,1.0,0.0,1.61,9.17,0.75,0.61,48.85,1.0,1.83,10.33,1.0,29.54,3.83,0.39,0.29,0.0,-102.69,1.09,0.0,0.61,0
-2.91,0.0,1.0,-0.97,-1.94,12.0,33.77,1.0,-1.94,-0.97,4.06,15.63,3.97,-64.02,-0.97,10.97,-4.82,-0.97,2.64,-0.94,0.0,0.23,0.0,6.0,0.85,0.0,2.0,0
4.81,1.6,1.0,1.2,6.01,41.59,46.36,1.0,-1.2,-1.2,-3.01,7.45,3.01,22.25,-1.2,1.0,-3.81,0.0,4.17,3.6,1.0,0.86,0.0,-2.42,0.95,0.0,-0.6,0
0.0,0.0,1.0,-0.84,0.0,5.69,26.59,1.0,0.0,0.0,1.84,-2.82,9.22,-84.34,5.37,-0.84,36.28,1.0,51.16,47.78,27.84,1.63,1.0,6.84,0.97,0.0,2.69,1
3.17,2.33,-0.75,1.17,-10.66,41.17,472.55,1.0,6.83,12.24,27.07,1.14,5.83,18.07,5.17,4.66,38.99,1.58,8.42,2.42,0.42,1.55,0.0,53.23,0.88,0.0,1.58,1
3.0,-6.35,1.0,3.0,1.0,20.75,157.47,1.0,0.0,-2.82,8.64,1.54,0.0,42.14,0.29,3.53,6.64,0.29,1.62,-1.41,0.29,0.75,0.0,6.0,0.94,0.0,1.71,0
1.81,0.0,1.0,-0.81,0.0,6.51,31.26,0.19,0.81,10.0,2.12,0.52,0.81,75.37,-1.44,0.0,10.14,1.81,3.43,1.0,1.0,1.53,0.0,-134.81,0.6,0.0,1.0,0
8.34,0.0,1.0,1.34,-5.28,8.66,105.84,-2.31,-3.31,6.32,-0.97,0.37,2.34,47.24,5.66,-9.26,7.95,0.34,2.58,1.0,3.0,2.08,0.0,-179.32,1.34,0.0,4.66,0
-6.09,2.61,15.66,66.92,7.83,16.53,29.14,1.0,-7.83,-16.88,-13.05,0.61,10.44,-8.7,-1.61,-2.61,-38.9,1.0,6.94,1.74,0.87,1.85,0.0,-16.85,0.44,0.0,4.74,0
1.01,3.03,10.1,8.09,5.56,25.15,333.86,1.0,0.0,0.0,6.51,11.45,10.08,42.48,-2.53,9.49,2.52,0.0,8.4,1.51,0.0,2.12,0.0,13.58,0.83,0.0,4.53,0
5.0,0.0,1.0,2.0,0.0,3.03,100.82,1.0,7.96,1.99,1.0,0.58,3.99,100.48,2.03,12.81,0.1,2.97,33.51,-0.99,0.01,1.6,0.0,4.25,1.06,0.0,-0.97,0
-2.84,0.0,1.0,-1.13,1.7,-0.13,6.29,1.0,-2.27,0.43,4.7,1.54,0.3,-4.43,0.87,0.0,4.3,1.0,4.55,2.0,2.0,1.06,0.0,-2.51,0.93,0.0,-0.57,0
1.0,0.0,1.0,0.0,0.0,9.6,161.76,1.0,0.0,9.63,13.63,0.03,2.6,113.1,1.19,-0.6,18.63,2.0,5.39,1.0,0.4,1.92,0.0,8.0,0.96,0.0,3.6,1
5.92,1.0,1.0,9.86,6.9,1.97,48.78,1.0,0.0,-0.99,-1.97,2.9,0.99,41.41,1.01,1.0,-0.96,2.0,5.8,3.03,0.03,0.96,0.0,6.0,0.9,0.0,0.0,0
0.0,0.0,0.31,-2.06,3.0,3.69,31.94,1.0,1.0,-2.75,-2.19,6.67,0.69,-44.69,4.06,3.44,4.0,1.0,1.55,0.0,0.31,-0.52,0.0,6.0,0.87,0.0,-0.69,0
-0.56,7.81,1.0,0.0,0.0,6.75,397.13,1.0,2.56,3.19,35.99,0.84,-1.12,51.71,4.0,5.93,30.49,0.44,2.44,0.0,0.0,0.22,0.0,45.99,0.9,0.0,2.56,1
2.0,0.51,2.0,17.0,5.0,1.51,31.96,1.0,2.0,0.0,0.49,-1.66,4.01,74.0,2.52,-0.51,8.55,1.0,8.81,2.51,5.01,3.38,1.0,21.0,1.0,0.0,2.0,0
0.0,18.0,1.8,-14.41,2.4,12.4,290.41,1.0,0.8,8.0,9.2,4.86,0.0,100.0,1.6,2.0,11.2,0.8,4.69,1.0,0.8,0.0,0.0,58.0,0.86,0.0,1.0,0
2.54,-24.71,3.32,0.23,11.0,-0.63,-137.12,6.0,4.23,19.3,36.62,-0.11,0.23,80.23,2.0,14.0,-10.58,2.0,6.23,0.0,1.77,1.08,0.0,348.35,0.03,0.0,1.54,0
5.97,1.0,1.0,14.32,6.56,12.19,115.74,1.0,0.0,0.0,1.0,-2.34,3.19,56.67,4.6,-0.6,10.6,1.6,4.8,1.4,2.0,1.67,0.6,8.98,0.97,0.0,0.0,1
8.45,0.55,1.0,2.0,2.0,10.19,132.83,1.0,0.0,-0.47,0.26,1.21,3.0,36.88,6.09,0.55,0.91,1.0,3.21,0.45,3.0,1.56,0.0,39.0,1.1,0.0,3.45,1
-3.29,-29.59,1.0,-0.82,0.0,-2.47,-329.45,1.0,-1.64,-8.68,5.64,1.62,-0.82,-28.07,2.64,0.0,-18.08,0.18,-4.73,1.0,1.82,-0.35,0.0,6.0,0.93,0.0,-0.82,0
-0.77,11.41,1.0,1.0,0.0,-2.36,-30.12,1.0,0.0,-5.03,-7.26,0.4,-1.18,33.56,0.41,0.0,-5.62,-0.18,2.13,1.59,1.0,1.74,0.0,5.41,0.92,0.0,-0.18,0
2.0,4.97,1.0,27.52,0.0,12.0,1371.26,1.0,92.66,4.66,14.42,-0.84,15.52,49.43,7.31,5.8,48.07,1.83,5.82,-0.83,0.83,1.87,0.0,22.56,0.97,0.0,0.83,0
0.0,-7.79,1.0,-0.98,0.0,13.81,96.97,1.0,1.95,3.93,3.0,1.0,2.98,38.67,4.98,3.91,25.77,1.0,5.94,1.0,1.0,0.89,0.0,6.0,0.93,0.0,2.0,0
2.94,0.0,1.0,6.67,8.82,3.59,120.45,1.0,-0.73,12.49,39.13,1.74,0.8,131.6,-2.94,-0.47,5.73,0.73,7.4,1.0,0.0,0.15,0.0,-160.81,1.04,0.0,3.47,0
0.0,0.0,1.0,2.34,0.0,10.64,239.5,0.34,0.0,1.32,23.0,6.52,0.0,101.32,-1.98,3.0,1.66,1.32,5.18,0.0,0.0,0.02,0.0,-108.21,0.96,0.0,1.0,0
-0.52,3.07,1.0,1.03,-1.03,4.45,252.91,1.0,4.13,11.33,33.48,0.15,2.0,40.5,5.03,4.13,32.02,1.52,4.77,-0.03,0.48,0.77,0.0,75.75,0.86,0.0,3.03,1
3.58,0.0,1.0,3.0,3.9,0.42,71.35,1.0,0.0,0.0,4.74,0.71,0.0,88.0,1.0,0.0,3.9,0.42,30.69,0.0,1.0,1.04,0.0,12.38,0.96,0.0,1.58,1
0.64,-0.64,1.0,0.0,0.64,-2.58,7.62,1.0,0.0,3.36,5.71,1.59,-0.64,54.9,2.36,0.0,-8.66,1.0,0.87,2.0,1.64,-0.43,0.0,36.9,0.97,0.0,-1.29,0
3.79,2.0,3.38,0.0,1.0,44.22,424.02,1.0,2.59,8.0,-1.33,0.83,15.92,85.0,5.0,0.79,60.09,1.0,14.46,0.0,1.79,4.47,0.0,-54.27,1.0,0.0,3.79,0
3.35,0.44,1.0,8.93,5.58,6.67,166.76,2.12,1.0,4.12,15.37,-0.27,1.56,113.92,1.56,0.0,4.0,2.0,1.06,-2.23,0.44,1.51,0.0,6.0,0.96,0.0,1.56,0
6.0,0.0,-1.87,10.0,7.0,-19.95,40.04,1.0,0.96,0.96,9.61,0.36,-10.39,156.28,1.0,0.0,4.91,1.96,-5.27,-0.96,-1.91,0.31,0.0,6.0,0.73,0.0,0.0,0
0.0,0.98,2.96,3.0,0.0,12.91,188.66,1.0,0.0,-3.92,19.08,5.71,0.0,41.14,0.0,1.04,4.92,0.0,12.66,5.89,1.96,2.14,1.96,6.0,1.05,0.0,-0.96,0
-3.93,0.0,1.0,16.84,-2.81,10.61,675.34,1.0,51.07,1.68,-3.49,4.36,7.3,50.51,1.12,9.0,12.22,0.0,2.8,1.44,-0.12,-0.24,0.0,6.0,0.86,0.0,-0.56,0
4.56,-1.71,2.0,17.85,6.71,3.56,116.12,1.0,3.71,0.85,4.42,-3.05,3.85,130.36,1.0,-0.85,10.98,1.0,10.84,2.85,4.0,3.39,1.0,21.0,1.07,0.0,2.85,1
1.0,1.94,1.0,0.0,0.0,10.66,142.31,1.0,1.94,11.94,9.91,-0.66,1.94,151.59,-0.94,-0.97,15.56,1.0,3.54,0.03,0.03,1.66,0.0,6.0,0.66,0.0,1.97,0
-0.58,1.16,0.42,0.0,-1.16,-2.31,76.23,1.0,0.0,0.58,20.94,0.94,-2.31,6.94,3.0,0.58,1.58,1.58,0.17,1.0,1.0,-1.56,0.0,102.0,0.95,0.0,0.0,1
1.52,-3.05,1.0,0.49,0.0,8.02,12.2,1.0,0.0,-1.02,-3.57,4.47,0.0,95.93,1.0,-1.03,6.08,1.0,8.1,8.0,1.0,0.16,0.0,6.0,0.88,0.0,-0.51,0
-8.39,1.0,1.0,-22.54,-10.33,5.43,118.67,1.0,1.94,7.0,14.57,1.26,0.12,-9.21,6.82,1.94,21.51,2.0,4.67,-0.94,1.0,0.7,-0.94,5.3,1.04,0.0,2.94,0
6.0,0.04,2.04,51.94,0.0,8.12,357.03,1.0,1.04,9.92,8.12,0.87,1.0,9.72,2.0,-1.92,9.16,1.04,3.09,0.0,1.0,0.67,0.0,155.81,0.51,0.0,4.92,1
-4.7,0.94,0.06,0.0,0.0,7.0,2.98,1.0,0.0,-14.1,-0.82,2.33,1.12,-73.33,3.88,0.94,-0.64,1.0,-2.39,0.06,6.0,-1.68,0.0,-9.04,1.0,0.0,-0.94,0
10.83,3.0,1.0,14.64,10.23,10.17,592.28,1.0,9.0,18.51,22.57,0.39,2.91,107.72,3.09,3.91,52.0,1.0,6.63,0.0,1.0,1.63,0.0,-408.14,1.06,0.0,3.91,0
52.14,1.63,0.11,13.0,2.0,-1.74,2745.02,1.0,25.74,26.63,49.89,0.26,3.34,144.9,2.37,0.37,50.11,1.0,6.75,-0.63,0.37,0.19,0.0,6.0,0.98,0.0,2.63,1
-0.91,5.0,1.0,0.0,0.0,6.27,360.58,1.0,1.09,7.82,31.55,0.97,-1.82,89.86,3.09,2.0,20.53,1.0,2.76,-1.82,-1.82,-0.78,0.0,37.0,0.92,0.0,1.09,1
9.36,0.56,1.0,0.32,15.6,-2.04,-466.4,3.0,-50.95,0.32,14.44,0.72,-6.28,87.4,1.32,1.0,-15.92,2.0,2.01,2.12,1.56,0.96,0.0,7.68,0.83,0.0,1.56,0
0.0,0.0,1.0,0.0,0.0,-3.18,-0.35,1.0,3.51,1.51,2.28,4.59,-0.49,20.77,-1.23,13.74,-8.15,3.0,30.27,0.74,0.0,-0.52,0.0,6.0,0.92,0.0,-0.74,0
2.07,9.21,10.64,9.57,5.35,20.53,365.98,1.0,0.0,6.46,12.0,0.91,6.96,99.64,1.0,4.0,5.14,2.0,7.5,0.54,0.54,1.53,0.0,-32.55,0.86,0.0,4.68,0
0.0,1.0,1.0,0.0,-15.88,-1.67,-75.68,1.0,0.0,0.0,-15.05,3.0,3.34,0.0,2.84,1.0,15.38,2.0,44.82,47.63,23.74,-0.28,0.84,6.0,0.84,0.0,0.0,0
8.64,5.0,8.41,1.76,2.64,11.58,370.2,1.0,1.88,33.59,33.29,0.13,5.29,115.16,-0.76,1.0,5.24,2.0,9.08,0.0,1.88,2.54,0.0,40.51,0.54,0.0,4.76,1
-32.27,-1.9,-0.95,-20.47,0.0,-5.69,-1359.03,1.0,-16.13,-49.35,-33.22,3.36,-4.75,-59.79,1.9,0.0,-40.81,-4.75,-4.56,0.0,0.0,-1.02,0.0,-335.65,0.93,0.0,-3.8,0
3.87,-1.94,1.0,0.0,0.97,-14.52,19.19,2.94,0.0,10.78,13.78,0.32,-2.9,69.06,3.0,-2.9,-10.62,1.97,-0.82,0.06,1.0,-0.1,0.0,494.03,0.73,0.0,-1.94,0
3.91,5.35,1.0,6.52,4.57,9.96,294.39,1.0,2.0,1.35,14.21,0.84,1.96,92.75,4.0,8.0,20.04,0.35,5.24,-0.65,0.35,2.15,0.0,26.0,0.93,0.0,2.35,1
0.56,0.0,1.0,1.0,0.56,8.13,34.94,1.0,0.0,-0.56,-4.63,5.31,0.56,100.0,2.13,1.0,-0.13,1.0,-6.49,7.44,1.56,-0.26,0.0,33.03,0.88,0.0,0.0,0
0.0,0.0,1.0,0.0,0.0,4.95,74.55,1.0,0.0,6.53,10.63,0.51,1.0,82.71,1.95,0.0,8.53,1.53,4.88,1.0,0.47,1.24,0.0,6.0,0.97,0.0,1.53,0
3.53,0.0,1.71,0.0,0.0,-5.64,-13.8,1.0,0.0,14.58,6.29,-7.83,-0.71,126.02,3.71,-7.05,4.53,1.71,5.35,2.0,1.71,1.35,0.0,17.29,0.86,0.0,-0.71,0
0.0,-7.87,1.0,0.0,0.0,8.41,123.65,1.0,0.59,11.68,18.19,-0.09,3.0,113.79,2.59,11.46,13.91,1.59,7.51,2.18,1.59,0.77,0.0,7.77,0.89,0.0,2.0,1
0.0,1.0,1.0,0.0,0.64,0.64,47.12,1.0,0.64,0.64,1.28,-0.67,1.28,32.09,2.64,-0.93,2.0,2.0,5.8,5.0,2.64,0.32,0.0,165.19,0.89,0.0,0.0,1
-0.92,0.0,1.0,0.0,0.0,-0.92,-58.89,1.0,0.0,-1.66,-5.24,0.86,0.08,-26.5,2.0,0.0,-15.56,1.0,-1.94,2.92,2.92,-0.12,0.0,66.49,0.94,0.0,0.0,0
-1.49,7.72,1.0,0.0,0.0,6.52,69.85,1.0,0.0,-2.24,-5.72,3.22,1.25,-12.69,2.51,0.0,-0.45,0.25,4.12,4.24,2.0,-0.37,0.0,5.25,1.02,0.0,-1.49,0
2.71,0.0,0.1,-12.64,0.9,10.61,100.64,1.0,0.19,2.0,6.0,1.16,14.45,41.19,3.0,0.0,9.1,1.0,-1.08,1.0,-0.81,-0.28,0.0,24.81,0.87,0.0,2.0,0
-2.01,-3.35,1.0,7.04,0.0,11.35,155.73,1.0,7.38,7.38,-4.06,5.08,1.0,108.72,0.0,0.33,-1.35,-0.67,3.15,1.67,0.67,0.71,0.0,3.99,0.89,0.0,1.33,0
3.24,0.0,1.0,7.0,17.0,10.92,227.97,1.0,0.0,2.24,11.52,1.66,0.0,123.89,1.0,1.0,6.6,1.56,114.36,-0.12,0.44,2.07,0.0,6.0,0.97,0.0,1.56,0
4.0,-0.67,1.0,5.0,12.33,-2.01,17.89,1.0,0.0,16.66,43.33,0.12,0.0,68.2,-0.34,0.0,-4.7,2.0,5.22,1.0,4.35,0.64,0.0,25.66,0.93,0.0,1.33,0
0.72,2.89,0.28,0.0,0.0,0.55,37.64,1.0,1.0,0.72,4.39,0.91,-2.89,57.83,4.0,1.0,4.66,-0.45,0.79,0.72,2.45,0.73,0.0,6.0,0.95,0.0,1.0,0
0.0,0.0,1.0,1.1,1.1,1.25,16.51,1.0,0.0,0.0,3.0,3.04,1.0,18.14,2.0,0.55,-1.65,1.0,-1.21,0.0,-0.55,-0.24,0.0,6.0,0.87,0.0,0.0,0
3.01,0.0,1.0,0.0,0.0,3.05,-3.86,1.0,0.0,3.02,-0.95,0.94,-1.98,54.32,0.01,0.0,-0.84,2.0,1.1,0.0,-0.99,0.18,0.0,7.98,0.66,0.0,1.99,0
1.66,0.0,1.0,0.0,2.49,7.98,82.76,1.0,0.0,1.34,11.51,-0.12,6.64,19.52,1.0,0.0,11.83,2.0,6.01,0.83,1.66,2.33,0.83,6.0,0.93,0.0,2.83,0
2.0,-2.96,1.0,30.0,0.0,14.96,1094.58,1.0,89.82,6.55,-11.01,-0.11,20.37,76.99,3.41,-4.73,34.0,1.0,11.47,0.59,0.59,2.39,0.0,-4.06,1.02,0.0,-0.59,0
8.0,1.0,1.73,-11.22,10.0,6.67,64.35,1.0,0.0,0.0,2.47,0.2,5.0,80.0,5.41,0.73,3.47,1.73,6.64,2.73,2.47,2.38,0.0,9.0,0.93,0.0,1.0,0
0.0,9.0,1.0,-0.84,0.0,6.2,259.29,1.0,0.0,4.0,5.2,10.75,2.52,-19.01,0.16,7.56,1.0,0.16,0.36,-2.88,0.16,0.56,0.0,6.0,1.03,0.0,2.68,0
1.0,0.0,0.15,2.54,0.0,9.85,182.29,1.0,1.0,4.0,18.24,4.97,-0.39,128.66,2.31,2.54,8.07,-1.54,7.56,3.0,3.0,1.63,0.0,6.0,0.97,0.0,2.0,0
-3.21,-2.67,-1.6,8.0,0.0,0.53,6.0,1.0,0.0,-20.31,-10.69,3.52,0.0,-50.24,1.6,0.0,1.07,-0.53,-2.84,0.0,0.0,-0.29,0.0,-2.55,1.03,0.0,-1.07,0
0.0,8.99,2.0,-1.0,-2.0,10.99,889.79,1.0,0.0,29.97,58.94,0.4,1.0,110.97,3.0,17.0,50.94,1.0,9.03,0.0,1.0,0.88,0.0,57.92,0.88,0.0,3.0,1
0.0,0.0,1.0,0.0,6.67,2.11,64.67,1.0,0.0,1.3,9.27,0.96,0.35,32.43,1.0,0.0,3.86,1.0,2.18,1.0,1.0,0.47,0.0,6.0,0.99,0.0,0.35,0
-0.88,5.38,1.0,0.0,0.0,-4.88,-74.89,1.0,-1.63,4.63,-5.75,0.61,-0.88,48.12,-0.75,1.12,-12.38,1.12,1.97,0.88,0.88,0.63,0.0,6.0,1.08,0.0,0.12,0
1.0,-6.87,2.0,0.0,2.0,11.02,-81.14,1.0,0.0,0.98,2.0,-1.95,4.0,-4.91,1.0,0.0,3.94,1.0,3.36,-0.98,1.0,2.8,0.0,6.0,0.9,0.0,0.02,0
-5.58,1.86,0.07,-0.93,-1.86,12.79,97.89,1.0,-1.86,0.93,9.44,5.94,-2.79,-67.92,-1.79,1.93,3.93,1.93,1.42,1.0,-0.93,-1.59,0.0,-207.07,1.14,0.0,-0.93,0
-2.46,0.0,1.0,-2.46,0.0,4.1,12.26,1.0,0.82,2.82,3.0,0.48,3.46,1.86,5.28,1.64,0.0,1.0,2.07,2.82,2.0,0.6,0.0,264.21,0.92,0.0,-0.82,0
0.0,0.0,2.16,0.0,0.0,12.32,119.17,1.0,1.68,3.68,4.52,1.75,2.0,36.17,1.84,0.0,4.21,1.0,0.55,1.32,5.16,2.52,1.0,-62.14,0.96,0.0,1.0,0
-2.0,2.0,1.0,0.0,0.0,6.66,-38.43,-5.01,-8.02,-3.68,-0.03,2.03,0.0,-34.77,-1.67,-1.0,1.33,2.0,34.01,0.0,1.67,0.16,0.0,-479.05,0.94,0.0,0.33,0
6.84,1.0,1.0,7.6,0.0,0.84,92.44,1.0,10.14,13.67,2.31,-0.94,6.0,155.36,0.31,-0.84,21.22,1.0,15.55,0.84,1.0,1.67,0.0,6.0,0.9,0.0,2.84,0
-8.1,16.2,1.0,-1.8,-1.8,6.8,162.28,1.0,0.0,2.7,4.7,5.52,-2.7,18.9,-3.5,1.8,8.4,1.1,-0.79,0.0,-1.7,-1.8,0.0,84.1,0.81,0.0,-2.7,0
1.58,-0.79,1.0,23.7,0.0,15.11,967.12,1.0,71.11,0.79,1.21,4.44,16.22,15.8,2.37,-0.58,24.12,-0.79,7.08,0.0,1.0,0.16,0.0,6.0,0.91,0.0,0.21,0
-0.54,-1.71,1.0,-0.54,0.54,2.71,-17.88,1.0,0.0,-2.71,-2.88,0.77,1.63,-28.74,3.63,-2.17,9.51,0.46,4.06,0.54,1.54,0.21,0.0,7.08,0.87,0.0,-0.54,0
0.0,-3.83,-0.61,36.21,0.0,-4.02,10.93,1.0,0.0,2.61,5.78,0.02,0.0,-10.82,1.2,-1.61,2.39,2.0,0.21,-0.8,0.2,0.4,0.0,10.02,0.45,0.0,1.61,0
5.0,5.0,3.0,0.0,-1.99,-10.95,71.24,1.0,1.0,39.99,33.97,-0.86,-3.98,130.84,2.0,1.0,11.98,2.0,7.56,0.0,0.0,-1.13,0.0,23.99,0.25,0.0,4.0,1
3.0,-9.48,1.0,1.0,2.0,8.0,113.81,1.0,2.68,3.03,8.74,-0.3,1.68,107.99,1.68,-0.68,8.0,2.35,4.54,2.0,1.68,1.19,0.0,6.0,0.99,0.0,0.32,0
0.0,1.0,1.0,0.0,0.0,19.0,74.0,1.0,0.0,0.0,2.0,1.0,0.0,0.0,2.0,1.0,13.0,2.0,8.0,7.0,2.0,1.2,0.0,6.0,0.95,0.0,2.0,0
13.43,1.0,1.0,11.06,15.43,0.28,47.94,1.0,-0.91,-0.91,-0.81,-0.7,5.0,102.64,-2.62,-1.81,3.81,1.0,6.32,1.09,0.09,3.9,0.0,-215.58,0.99,0.0,1.0,0
3.29,-1.8,2.0,1.0,2.0,-5.83,-132.53,1.0,2.0,-6.32,0.59,0.76,2.1,53.42,4.0,1.8,-38.71,1.0,-0.83,0.9,2.0,0.62,0.0,444.36,0.63,0.0,-0.71,1
0.0,2.63,2.63,0.0,0.0,11.4,59.05,1.0,0.0,-0.81,-8.95,3.8,2.44,0.0,2.81,1.0,9.33,2.0,-8.21,9.07,3.63,1.86,1.63,6.0,0.85,0.0,0.0,0
-23.47,-0.38,2.38,-20.01,13.8,-5.52,-963.31,1.0,-11.73,-36.27,-0.56,0.39,-1.38,-10.39,1.0,0.0,-28.51,-1.45,0.01,1.69,1.0,0.41,0.0,-205.19,0.98,0.0,-1.07,0
2.56,8.25,19.0,16.0,11.0,29.87,441.33,1.0,-1.13,-0.56,-0.38,-0.17,14.0,104.85,0.44,0.0,0.49,1.0,13.62,2.0,2.56,4.11,0.0,11.42,0.77,0.0,4.44,1
0.38,0.0,-0.85,0.0,11.7,-7.62,58.77,1.0,-0.23,4.0,14.08,0.42,-5.62,44.0,2.77,-0.62,8.46,1.0,1.03,3.0,2.38,1.48,0.0,6.0,0.97,0.0,2.0,0
4.0,7.31,2.31,-1.96,0.0,3.92,-26.93,1.0,1.0,4.0,9.12,-0.76,0.0,9.7,2.31,0.35,14.57,2.65,7.6,3.92,1.96,1.8,1.31,9.0,0.82,0.0,0.69,0
0.59,-0.59,-0.18,5.29,0.0,11.71,50.43,1.0,4.7,9.64,-0.47,1.03,1.24,62.16,-1.94,0.0,4.83,2.0,4.93,2.59,3.0,1.29,0.0,6.0,0.87,0.0,0.41,0
0.94,-3.78,1.0,0.0,0.0,1.22,-408.41,1.0,-5.67,0.0,-48.11,5.13,0.94,0.0,1.89,-3.28,-7.5,-1.89,-0.2,2.94,2.89,-0.28,0.0,41.89,0.86,0.0,-0.94,0
-6.01,1.75,1.0,6.76,-3.76,7.25,108.06,1.0,10.02,14.27,-0.51,1.56,-2.76,128.12,0.25,0.0,-2.76,2.0,1.27,0.0,0.25,0.45,0.0,6.0,0.83,0.0,1.0,0
-2.73,7.05,1.0,0.0,-0.68,5.59,280.48,-0.36,2.0,2.59,20.18,0.82,0.0,59.81,1.95,2.0,24.64,0.32,3.25,0.0,0.0,0.36,0.0,-306.98,0.74,0.0,2.0,0
-5.03,0.0,1.0,20.96,-1.68,12.54,1022.86,1.0,76.28,2.51,2.84,1.58,14.25,1.68,8.51,1.0,27.99,1.0,6.85,-0.68,1.16,1.0,0.0,-185.12,0.96,0.0,-0.84,0
1.0,1.0,1.0,0.0,0.0,12.0,203.96,1.0,1.0,7.0,11.4,0.58,1.32,82.72,4.0,1.0,18.08,2.0,7.62,-1.36,-0.36,1.19,0.0,-26.08,0.75,0.0,3.36,1
-7.15,14.3,0.11,-1.58,7.15,8.11,133.49,1.0,0.0,-0.89,-4.15,5.04,-0.89,16.88,2.0,3.0,-5.73,1.11,1.55,1.79,3.79,-0.44,0.0,30.76,0.99,0.0,2.11,0
0.0,1.0,5.0,-0.91,0.0,14.17,35.65,1.0,0.0,6.0,2.0,-2.72,12.09,-69.31,5.74,-0.91,23.74,1.91,12.6,5.09,3.83,3.5,2.0,62.61,0.24,0.0,0.09,1
1.0,12.0,1.0,1.0,-0.99,0.99,35.98,1.0,0.0,4.01,1.0,0.33,0.0,0.48,2.99,0.0,6.99,1.0,1.8,1.0,1.99,-0.15,0.0,-74.42,0.96,0.0,1.99,0
-0.51,2.51,2.0,0.0,0.0,12.09,236.45,1.0,1.0,0.0,17.47,1.01,3.53,0.51,3.0,1.02,17.0,1.0,2.44,1.0,1.0,1.62,0.0,6.0,0.94,0.0,2.51,1
-1.78,0.0,1.0,-1.18,0.41,1.41,26.82,1.59,0.0,1.59,6.55,0.27,1.0,38.77,2.78,0.0,1.59,1.0,3.3,1.0,1.0,1.3,0.0,195.39,0.95,0.0,0.0,1
2.57,3.43,1.86,3.0,0.0,20.86,943.89,1.0,0.86,12.0,56.43,6.36,1.71,122.29,1.71,3.0,38.72,0.0,7.6,-0.86,0.0,0.86,0.0,48.0,0.95,0.0,2.71,1
14.2,19.26,1.0,15.97,6.1,-1.87,433.96,4.81,7.71,37.02,56.13,0.09,0.24,103.63,3.0,8.76,26.8,1.24,5.91,0.76,0.0,0.69,0.0,141.76,1.01,0.0,3.76,1
1.0,4.0,1.0,0.0,0.0,5.68,58.95,1.0,0.0,-3.09,0.0,0.87,0.0,67.73,2.68,0.0,6.09,1.0,2.8,1.0,2.0,1.35,0.0,6.0,1.18,0.0,1.0,0
0.86,1.66,2.66,0.52,1.03,12.45,241.99,1.0,3.31,1.66,9.28,0.57,5.75,55.43,5.14,0.0,20.57,1.0,4.5,0.34,1.17,1.56,0.17,8.92,0.98,0.0,2.0,1
-0.92,-3.61,1.0,-0.92,0.0,-4.61,-59.09,1.0,0.0,-5.45,6.79,0.5,0.0,-71.91,1.92,-3.68,6.0,1.08,1.75,1.0,1.92,-0.21,0.0,6.0,0.87,0.0,-0.84,0
0.0,15.0,1.0,0.0,0.0,6.69,105.32,1.0,0.0,0.0,0.85,-0.6,4.24,0.0,4.24,0.15,14.17,0.85,6.04,0.85,0.85,0.64,0.0,6.85,1.02,0.0,3.69,1
72.18,24.86,2.0,13.68,-1.41,15.59,3320.53,-5.14,55.64,21.23,34.36,0.3,9.68,111.05,0.95,-0.36,60.18,1.68,10.89,0.0,1.0,2.09,0.0,-427.66,0.96,0.0,4.05,1
0.0,1.71,1.0,-2.13,0.0,16.55,15.43,1.0,0.0,13.68,-2.97,-0.88,4.71,-21.41,5.13,-0.71,34.07,1.71,15.89,1.0,3.42,3.42,0.0,11.13,0.96,0.0,2.0,0
4.94,0.53,1.0,10.0,5.41,2.47,62.17,1.0,0.53,1.59,4.18,0.61,-0.71,107.82,1.0,0.0,4.59,1.53,2.91,-1.06,-1.06,2.5,-0.53,6.0,0.94,0.0,0.0,0
0.0,2.71,1.0,0.0,0.0,8.56,-19.55,1.0,-0.71,-6.41,-14.24,5.47,2.14,-22.07,1.71,-9.68,-3.27,1.0,-2.82,0.29,1.0,0.17,0.0,3.86,0.8,0.0,0.0,0
0.0,2.0,3.0,0.0,0.0,14.0,282.0,1.0,4.0,2.0,11.0,0.67,3.0,52.0,6.0,0.0,24.0,1.0,4.47,0.0,1.0,1.42,0.0,6.0,0.99,0.0,2.0,1
-4.61,5.84,1.0,-7.68,-5.37,-1.3,10.35,1.0,0.0,8.07,0.23,1.19,-2.3,48.49,1.0,0.0,2.46,1.0,0.71,2.77,1.77,-2.13,0.0,6.0,0.89,0.0,0.0,0
-4.68,-4.73,-2.79,0.0,0.0,8.05,69.29,1.0,2.05,-34.97,-16.5,9.14,1.0,-3.98,2.05,1.0,15.37,0.11,-4.69,0.0,-0.95,-0.44,0.0,-9.14,1.05,0.0,-1.84,0
9.18,0.0,1.0,26.46,11.0,15.55,244.51,1.0,0.0,-8.19,2.64,2.33,4.46,113.83,0.18,0.82,3.46,0.18,5.09,1.0,0.18,0.88,1.0,11.0,1.17,0.0,0.82,0
0.0,-0.77,1.0,0.0,0.0,-3.09,17.27,1.0,0.0,7.09,10.86,-0.24,0.0,125.85,3.0,-0.77,1.77,1.0,5.57,3.55,1.0,0.0,0.0,6.0,0.94,0.0,0.0,0
1.0,3.0,1.0,0.0,0.0,8.0,77.0,1.0,2.0,8.0,1.0,0.67,1.0,80.0,2.0,4.0,15.0,1.0,5.0,1.0,1.0,1.67,0.0,6.0,0.97,0.0,1.0,0
1.54,1.0,1.0,9.0,0.54,3.37,116.54,1.0,12.0,15.0,0.0,-0.53,0.54,88.0,2.63,-4.89,5.0,1.54,4.1,0.46,1.54,1.06,0.0,32.08,0.88,0.0,1.0,1
-0.71,-6.33,0.1,30.0,0.0,5.67,602.72,1.0,90.1,-12.37,-20.61,1.54,16.19,23.08,2.19,0.9,-4.88,1.9,3.84,0.0,0.0,0.68,0.0,-38.31,1.09,0.0,-0.9,0
4.96,2.18,1.0,8.6,0.0,-3.82,-195.65,1.0,10.55,12.6,-10.79,0.26,0.0,94.1,-1.87,-0.91,-10.06,2.0,3.87,0.96,0.96,0.27,0.0,-20.61,0.72,0.0,1.04,0
-3.27,0.82,0.0,18.0,-4.09,-4.91,-231.94,-6.36,-9.82,-4.91,-13.91,1.17,0.0,-8.18,-2.45,-2.45,-4.09,0.82,0.42,0.0,0.82,0.21,0.0,-646.75,0.74,0.0,-1.64,0
0.87,0.0,1.0,3.0,0.0,6.26,277.73,1.0,0.0,3.48,28.21,5.46,1.74,156.47,0.0,3.0,14.03,0.0,9.29,0.0,-0.87,0.58,0.0,-47.87,1.57,0.0,1.0,0
-0.79,0.0,1.0,0.0,-0.79,7.36,27.57,1.0,0.0,0.0,1.0,8.51,0.0,0.0,0.79,12.93,1.0,0.0,2.0,2.0,-0.57,0.0,0.0,-31.71,0.74,0.0,0.0,0
-0.7,-5.1,0.15,0.0,0.0,3.04,-502.29,1.0,3.85,-7.51,-22.33,0.69,0.15,79.9,2.15,4.4,-3.52,2.0,3.0,0.85,0.0,1.32,0.0,-35.69,0.84,0.0,0.15,0
0.0,0.0,2.0,0.0,0.0,5.4,65.65,1.0,0.0,0.53,1.27,0.83,4.0,5.32,3.06,0.0,2.68,2.47,5.56,1.06,0.53,0.75,0.0,6.0,0.96,0.0,-0.06,0
6.0,-7.44,2.0,1.83,2.0,9.13,-21.77,1.0,2.0,-3.31,6.0,0.67,3.0,113.92,4.0,0.83,1.0,1.0,5.02,4.13,2.0,1.81,0.0,235.0,0.64,0.0,1.17,0
-8.45,0.0,0.06,7.63,-1.88,1.49,59.63,1.0,0.0,-4.69,0.18,7.13,-2.82,25.83,-2.69,3.0,3.12,1.06,-1.71,-0.94,-0.82,-1.28,0.0,23.02,0.33,0.0,-0.76,0
-30.72,-0.63,2.37,-8.15,-1.25,2.09,-1680.06,1.0,-16.93,-13.05,-26.21,2.54,-3.64,-38.25,-0.25,-0.63,-32.6,1.63,-1.33,3.63,6.0,1.47,1.0,6.0,0.65,0.0,-0.25,0
0.0,-1.0,2.0,3.0,0.0,-10.95,70.98,1.0,0.0,6.99,16.98,0.83,0.0,108.85,0.0,-1.0,-8.97,2.0,-2.69,-5.98,0.0,-0.17,0.0,6.0,0.98,0.0,0.0,0
1.0,0.53,1.0,0.0,0.0,8.0,45.73,1.0,1.0,2.06,-4.93,0.87,1.0,51.63,1.53,0.0,10.41,1.47,3.36,0.0,1.0,2.27,0.0,6.53,0.92,0.0,0.47,0
3.0,-1.88,-0.88,3.0,1.0,-6.54,-152.09,1.0,-3.77,9.42,-1.71,0.96,-1.88,96.48,-1.83,0.0,-16.9,1.0,9.1,0.0,1.94,0.12,0.0,6.0,0.9,0.0,1.0,0
1.42,2.0,2.71,9.95,3.55,3.02,148.48,1.0,2.42,0.0,13.31,-1.02,2.0,-18.48,3.71,-0.71,17.0,1.71,5.3,1.71,3.84,3.92,0.71,16.66,0.98,0.0,2.0,1
0.0,2.86,1.0,0.0,0.0,4.91,227.44,1.0,8.58,13.34,14.48,3.69,0.95,3.81,0.0,-13.25,7.63,0.95,11.12,-0.91,-0.95,0.71,0.0,3.14,0.91,0.0,-0.95,0
1.0,0.0,1.0,0.0,0.0,15.98,93.76,1.0,1.0,4.0,4.07,-0.84,3.0,44.0,4.0,0.54,20.98,1.54,10.02,5.68,3.54,3.36,0.0,6.0,0.94,0.0,3.07,1
3.68,-1.47,0.26,2.21,4.42,-2.21,-106.99,1.0,-0.74,4.0,-10.26,-0.13,13.52,86.03,-0.47,0.0,-9.57,2.0,6.13,4.74,2.74,1.94,0.74,18.52,0.92,0.0,0.0,0
-4.01,0.0,1.0,-5.34,-3.34,8.0,27.64,1.0,0.0,0.67,4.67,4.61,-2.0,12.02,1.67,1.67,1.0,1.0,-1.4,1.0,0.67,-1.86,0.0,6.0,0.88,0.0,0.0,0
-0.57,1.0,1.0,0.0,0.0,1.87,25.41,1.0,1.57,-0.26,0.74,1.06,-1.13,33.22,1.57,2.57,-0.22,2.0,0.71,0.0,0.0,1.13,0.0,6.0,0.95,0.0,1.0,0
3.82,0.64,1.0,-1.91,0.0,-0.09,-95.56,1.0,0.0,0.64,-11.08,2.3,3.82,-12.08,2.27,-1.91,10.18,1.64,6.95,3.0,1.64,0.49,0.0,6.0,0.87,0.0,0.64,0
6.0,0.25,1.0,0.0,0.0,-8.98,-74.02,1.0,-1.5,-0.5,1.76,0.9,4.5,23.38,1.25,0.75,5.03,1.0,8.75,0.0,1.0,-0.46,0.0,6.0,0.94,0.0,1.25,0
0.0,1.0,1.0,0.0,-0.81,11.66,51.7,1.0,0.0,-0.81,1.19,1.42,4.23,-53.37,6.23,2.0,14.89,1.0,4.9,1.62,1.81,-0.69,0.0,-63.54,0.95,0.0,1.62,0
36.1,2.0,1.48,30.0,0.0,11.0,1559.67,1.0,17.0,56.62,42.95,0.8,2.9,139.01,0.48,0.0,55.62,5.48,5.97,0.0,1.0,1.35,0.0,366.0,0.83,0.0,5.0,1
5.52,-5.52,-14.65,-11.05,-2.76,-25.77,-330.16,1.0,0.0,2.92,12.6,0.38,-11.97,45.28,2.0,0.0,16.12,1.92,-4.02,-1.84,-0.92,-1.7,0.0,18.12,0.35,0.0,-0.76,0
0.0,1.61,1.0,-1.82,0.0,-2.43,-41.11,1.0,0.0,0.0,-3.46,3.34,-1.82,-60.72,3.82,0.0,-0.04,1.61,0.11,0.0,1.61,0.0,0.0,6.0,0.82,0.0,-1.21,0
-6.23,2.04,1.0,8.64,-5.91,6.4,-17.43,-0.36,1.36,0.68,-6.47,0.41,3.0,68.21,1.0,2.72,11.15,1.0,5.78,0.0,0.0,3.04,0.0,-51.07,1.12,0.0,-1.36,0
-3.14,6.0,19.0,3.66,6.89,27.91,411.01,1.0,0.51,0.0,4.54,0.95,12.97,35.15,1.51,0.0,6.54,1.0,12.86,1.49,2.0,2.82,-0.51,18.43,0.75,0.0,5.0,1
0.64,-1.29,2.0,3.0,0.0,9.15,136.15,1.0,0.0,4.64,15.8,0.59,1.29,72.73,2.29,0.0,8.09,1.64,4.67,0.36,1.0,1.89,0.0,7.29,0.98,0.0,2.93,1
-1.72,6.0,2.0,10.58,-0.86,-22.48,6.12,1.0,-0.86,2.0,10.01,2.63,-3.44,173.88,-1.44,2.86,-7.16,0.14,-0.76,-0.72,0.14,-1.63,0.0,6.0,1.03,0.0,1.86,0
0.0,3.43,1.0,0.0,0.0,3.43,237.43,1.0,1.37,4.11,30.44,-1.37,-0.69,46.59,4.37,1.37,18.81,1.0,4.79,1.0,1.0,0.53,0.0,123.24,0.95,0.0,1.37,1
0.0,-1.38,0.31,2.0,0.0,-4.78,82.61,1.0,0.0,-0.69,0.93,9.82,-2.07,44.87,-0.76,1.62,-4.65,1.31,-1.88,-2.07,1.31,0.11,0.0,54.0,0.4,0.0,1.62,0
0.0,0.0,2.0,3.0,0.0,5.64,30.29,1.0,0.0,1.53,-0.69,3.76,0.0,14.84,0.18,7.4,-7.22,-0.64,3.52,2.64,1.82,-0.07,0.0,6.0,0.88,0.0,-0.64,0
-7.29,0.0,0.09,-3.64,-7.29,15.64,72.0,1.0,0.0,-0.91,0.54,12.62,4.82,-84.7,0.91,10.0,-9.02,-0.91,2.87,1.91,4.55,0.14,0.0,-17.68,1.45,0.0,0.18,0
5.0,0.0,2.0,0.0,0.0,8.5,90.49,1.0,0.0,16.8,3.2,0.4,2.0,84.3,1.0,0.0,1.5,1.9,6.0,1.9,1.0,3.28,0.0,23.8,0.81,0.0,2.8,1
0.0,0.0,1.0,0.0,0.0,11.45,40.48,1.0,0.0,-1.61,1.19,4.68,1.61,-26.6,0.19,0.81,4.61,0.39,3.52,-0.81,1.0,0.0,0.0,67.0,1.22,0.0,0.81,0
0.0,1.0,0.14,15.56,0.0,-0.86,30.24,1.0,0.0,-0.86,-0.59,2.05,-1.73,-28.52,0.27,0.0,-2.19,0.14,-1.75,-1.73,-0.73,-1.56,0.0,6.0,0.87,0.0,0.0,0
1.0,0.34,1.0,9.0,0.0,3.69,98.3,1.0,11.34,14.34,0.0,0.63,1.31,63.75,1.66,-1.31,5.0,0.34,6.04,2.31,2.31,1.4,0.0,6.0,0.79,0.0,0.34,0
9.07,0.0,1.0,5.0,2.0,22.87,162.89,1.0,0.54,0.0,-1.15,0.67,3.68,88.0,1.0,0.0,11.59,1.0,6.88,3.61,0.46,1.87,0.0,138.43,1.03,0.0,1.0,0
1.9,1.0,1.0,1.9,0.63,44.63,92.29,1.0,0.0,-1.27,-3.17,8.8,0.0,32.37,-0.63,1.0,-2.17,0.0,1.68,3.0,1.63,0.22,0.0,4.73,1.11,0.0,-0.63,0
1.0,1.0,1.0,9.0,0.0,-0.72,85.47,1.0,12.0,15.95,4.77,-0.18,0.0,88.0,-0.91,0.0,3.09,1.0,29.03,2.91,0.05,1.18,0.0,-53.15,1.46,0.0,0.05,0
0.0,1.0,1.0,0.0,0.0,21.37,155.07,1.0,0.59,6.51,14.43,0.89,0.0,34.32,2.0,11.06,21.28,1.41,12.59,7.59,2.0,1.4,0.0,7.78,1.24,0.0,3.18,1
0.0,-0.87,1.0,-2.61,-2.61,-2.09,-125.21,1.0,-2.61,0.0,-1.35,3.0,0.13,-84.32,2.87,-6.95,-5.22,0.13,-1.76,0.87,0.0,-0.83,0.0,89.45,0.87,0.0,-1.74,0
0.0,-0.85,-2.4,0.0,0.0,-2.21,105.5,1.0,0.85,5.96,20.73,5.48,-9.07,58.73,-1.7,15.47,-3.96,0.0,-0.68,-3.4,0.15,-2.44,-1.7,8.55,1.03,0.0,1.85,0
-5.27,6.66,1.0,-3.29,-0.66,12.61,293.05,1.0,2.0,3.32,25.32,1.15,1.32,17.42,5.98,8.0,29.9,1.0,4.59,-0.66,1.0,0.24,0.0,-122.81,0.94,0.0,3.0,1
-13.04,1.37,1.0,-1.37,-13.04,15.92,31.06,-0.37,1.37,-3.43,-3.81,6.14,0.69,-8.92,1.37,1.0,8.92,0.0,2.34,1.31,1.0,0.24,0.0,-51.66,1.04,0.0,-1.37,0
0.0,4.0,1.0,0.0,1.0,6.0,487.0,1.0,6.0,0.0,53.0,1.08,0.0,0.0,1.0,13.0,10.0,3.0,3.33,0.0,0.0,0.29,0.0,16.0,0.99,0.0,1.0,1
3.0,0.0,1.0,3.0,1.0,3.95,95.76,1.0,0.0,0.0,6.54,1.05,0.0,88.0,2.18,0.0,6.9,0.41,3.08,-0.59,1.0,1.07,0.0,6.0,1.24,0.0,1.59,0
0.0,5.0,1.0,1.52,-14.44,2.28,15.72,1.0,0.0,4.0,-12.16,3.54,-0.76,136.0,1.76,2.28,-3.56,1.76,1.31,0.24,1.76,-0.56,0.0,42.48,0.52,0.0,1.52,0
0.0,0.84,1.0,0.0,0.0,2.63,-65.02,1.0,-0.84,-10.94,-12.52,1.38,0.0,-76.61,3.84,-14.31,-4.26,1.0,-4.52,-1.68,2.0,0.05,0.0,65.47,0.22,0.0,-0.68,0
2.87,37.0,1.57,2.7,-1.7,5.87,473.74,1.0,2.0,15.27,5.1,1.55,-3.54,131.85,1.0,1.0,22.0,2.0,5.83,-0.57,-1.13,-0.06,-0.57,6.0,0.99,0.0,1.0,1
-1.66,6.0,18.39,16.0,10.39,29.78,421.05,1.0,-1.22,0.0,1.78,0.89,12.17,62.63,-0.22,0.0,4.39,1.0,13.54,2.0,1.39,2.51,0.0,-118.79,0.84,0.0,3.78,0
0.0,-7.82,1.0,0.0,-13.51,-0.84,8.47,1.0,0.0,8.22,2.84,2.05,0.0,133.67,1.0,1.0,2.0,1.0,2.45,0.0,-0.69,0.75,0.0,6.0,0.65,0.0,-0.84,0
3.74,2.0,1.75,-0.75,-0.75,5.75,58.64,1.0,0.0,11.21,0.75,4.09,1.49,20.92,0.25,1.0,5.48,1.0,4.44,1.75,1.0,1.93,0.0,17.95,0.83,0.0,0.75,0
10.17,-2.57,-7.71,-8.52,-3.57,-6.26,101.45,1.0,2.0,8.0,15.17,0.74,-4.36,27.0,2.6,0.0,18.36,2.0,0.41,-0.6,1.0,0.89,0.0,142.07,0.99,0.0,0.62,1
9.65,-5.22,1.0,2.0,2.0,14.53,144.66,1.0,0.65,6.96,7.57,-1.78,4.31,88.79,6.96,0.65,10.48,1.65,6.03,-0.96,3.0,2.95,0.0,41.61,0.95,0.0,4.65,1
1.08,11.85,1.97,4.87,-0.97,3.9,57.14,1.0,1.0,5.95,15.97,0.22,0.0,75.0,1.97,2.95,12.92,2.0,4.33,0.97,0.0,-0.41,0.0,9.0,0.85,0.0,2.0,0
1.0,1.66,4.32,0.0,0.0,22.63,237.24,1.0,1.0,10.99,9.33,-4.88,10.64,94.62,5.99,0.34,27.96,2.66,15.17,3.99,2.33,3.59,1.33,10.0,0.95,0.0,2.66,1
0.0,1.92,0.0,50.11,0.0,-6.74,-21.15,1.0,0.0,8.81,-7.7,-0.56,-2.89,-38.49,1.96,-0.96,1.04,1.96,-1.39,0.96,0.96,0.0,0.0,11.0,0.57,0.0,1.08,0
-8.34,1.0,1.0,-21.32,0.0,8.37,25.0,5.63,4.63,8.0,14.97,0.67,3.07,16.03,3.93,12.97,22.0,1.93,12.42,0.07,2.0,0.97,-0.93,310.2,0.49,0.0,2.0,1
-0.83,-3.32,1.0,0.0,0.0,7.0,73.79,1.0,4.15,1.66,5.98,6.4,0.83,-1.66,-0.83,11.78,0.83,1.66,27.47,1.17,-0.66,-0.49,0.0,6.0,0.89,0.0,-0.83,0
0.63,0.67,1.0,-1.35,1.0,4.33,73.86,3.0,-3.37,7.33,9.33,4.85,-2.02,33.46,3.33,0.67,-2.72,2.0,1.13,1.67,1.0,-0.27,0.0,499.88,0.7,0.0,-0.67,1
0.0,0.04,0.04,0.0,0.0,-5.75,-6.89,1.0,0.0,-0.96,-0.88,9.14,-1.92,-23.98,-1.84,0.96,-12.34,0.04,-2.56,-0.96,0.04,-0.64,0.0,6.0,0.8,0.0,-1.92,0
1.0,3.0,1.0,0.0,0.0,6.15,80.7,1.0,2.0,8.62,2.23,0.84,-0.85,100.36,2.0,4.0,2.04,1.0,-24.41,-29.85,-14.42,2.16,-0.62,6.0,0.99,0.0,0.38,0
5.28,0.59,-0.17,1.0,2.17,1.83,170.57,1.0,2.93,12.9,8.1,1.56,-0.59,74.63,0.83,1.76,16.42,1.0,2.54,0.0,1.0,0.04,0.0,33.56,0.88,0.0,0.59,1
0.0,1.8,1.0,0.0,0.0,1.0,48.87,1.0,0.0,0.9,2.9,3.04,0.0,44.94,2.1,0.9,-0.9,1.0,2.25,0.1,2.0,-1.3,0.0,5.1,0.5,0.0,0.0,0
2.0,0.0,1.0,30.0,0.0,12.0,1230.36,1.0,91.0,3.53,0.42,0.18,18.0,109.52,4.53,0.0,35.58,1.0,-5.12,-1.06,-0.53,1.45,0.0,7.06,0.83,0.0,1.06,0
-1.93,0.0,-2.21,-1.29,-1.93,-6.36,-144.77,1.0,0.36,-0.64,0.29,1.75,-4.5,-59.14,4.0,1.0,7.07,1.64,-0.55,-0.64,0.36,-0.85,0.0,31.71,0.92,0.0,-0.93,0
0.0,0.87,1.0,0.0,0.0,4.46,-1.5,1.0,-0.87,0.0,-3.19,2.05,0.87,0.0,2.13,0.87,-2.6,1.0,0.63,1.0,2.0,-0.63,0.0,6.0,0.66,0.0,-0.87,0
-14.74,0.0,1.0,-1.55,-14.74,-1.33,-89.96,-0.55,0.0,-4.66,1.22,1.8,-0.78,-69.83,2.22,0.0,0.0,1.0,19.09,1.78,2.0,-0.64,0.0,-59.18,0.91,0.0,-2.33,0
0.69,0.0,1.0,4.86,11.8,1.53,72.73,1.0,0.0,0.0,7.94,-0.47,-1.08,54.14,4.69,-1.25,1.0,1.69,87.38,1.0,0.69,0.85,0.0,6.0,0.89,0.0,-0.69,0
-22.43,0.62,3.49,-6.86,1.0,12.97,-58.29,-1.49,0.0,-1.87,-9.58,0.71,9.48,-44.87,3.38,0.0,11.97,0.38,8.37,3.74,2.62,2.48,1.25,163.43,0.85,0.0,1.0,0
4.42,0.0,2.58,0.0,0.0,3.42,84.19,1.0,-0.58,14.42,6.16,0.13,3.73,54.88,1.58,0.0,3.69,1.58,7.52,1.0,0.42,2.67,0.0,22.0,0.86,0.0,1.0,0
-0.68,-8.15,1.0,-0.68,2.04,5.04,48.62,1.0,0.68,-3.4,6.04,5.42,0.0,-44.82,0.68,2.0,-0.68,0.0,11.6,0.32,0.0,-0.98,0.0,6.0,0.87,0.0,-0.68,0
-0.68,0.0,1.0,2.04,0.68,-4.07,-2.1,1.0,0.0,-3.39,14.0,0.43,0.0,4.07,3.0,0.0,-7.14,0.32,1.94,1.0,1.68,-0.02,0.0,102.0,0.93,0.0,0.0,0
8.25,35.3,1.85,1.0,0.0,-6.59,415.68,1.0,2.0,24.89,1.7,0.33,0.15,93.3,-1.55,-1.55,15.2,2.0,7.3,-1.7,0.0,2.01,0.0,19.59,0.91,0.0,0.15,1
0.0,11.57,1.0,0.0,0.0,8.45,150.42,1.0,0.0,0.33,8.11,3.91,0.0,14.63,-0.78,0.89,3.89,2.11,1.71,-0.89,0.11,-1.8,0.0,5.11,1.01,0.0,2.78,0
0.0,1.0,1.0,0.0,0.0,51.92,96.67,1.0,0.99,-8.91,-3.96,8.63,0.99,-36.61,0.0,1.0,10.9,0.99,3.2,2.01,1.0,0.34,0.0,6.0,1.25,0.0,0.0,0
2.09,0.91,6.0,1.09,-7.04,54.5,310.81,-3.56,-3.56,1.0,0.31,7.29,6.09,18.08,-0.83,-11.86,6.0,-0.83,4.02,3.74,2.0,2.06,0.0,-274.15,1.47,0.0,3.0,0
4.0,-0.66,-1.62,0.0,0.0,-0.87,68.1,1.0,0.0,1.06,3.66,3.2,-7.87,67.57,0.34,0.0,-0.78,2.0,-6.82,-3.94,-1.31,-1.32,-1.31,6.0,1.03,0.0,0.34,0
10.01,-8.36,2.34,0.67,0.0,4.01,182.46,1.0,1.34,6.35,11.35,-1.94,6.67,132.48,3.34,-0.67,23.02,2.34,14.18,0.0,1.67,2.05,0.0,102.95,0.91,0.0,2.67,1
0.68,20.1,1.0,0.68,16.0,4.73,149.03,1.0,0.0,4.1,6.14,1.27,-1.37,38.91,0.32,2.73,1.95,1.68,1.5,0.63,1.63,-0.75,0.0,6.0,0.99,0.0,2.37,0
-4.45,0.0,0.09,0.91,0.0,4.46,62.83,1.0,-1.82,6.91,9.09,0.95,-0.72,79.26,1.18,0.91,14.09,2.0,3.81,1.0,0.09,0.12,0.0,-199.91,1.1,0.0,1.18,0
5.49,0.0,5.37,3.75,25.49,5.06,138.24,1.0,0.0,0.69,25.49,-5.72,3.69,128.84,1.69,-0.69,13.98,2.37,7.9,1.0,1.69,2.82,0.0,77.85,0.55,0.0,3.37,1
0.0,-0.65,1.0,0.0,0.0,4.35,74.62,1.0,0.0,2.0,8.35,2.76,-0.65,33.0,1.05,4.54,6.76,0.35,2.77,1.3,1.0,0.55,0.0,6.0,0.92,0.0,1.0,0
0.0,1.0,1.0,0.0,0.0,0.0,33.0,1.0,0.0,0.0,0.0,3.3,0.0,0.0,2.0,1.0,2.0,2.0,5.0,5.0,2.0,0.0,0.0,6.0,0.89,0.0,0.0,0
4.0,14.18,1.0,0.0,5.0,6.0,536.49,10.0,12.0,13.3,29.15,1.17,0.0,148.75,4.21,3.79,12.94,0.21,2.68,0.0,0.0,0.42,0.0,844.95,0.92,0.0,2.79,1
5.0,-0.84,2.0,0.0,0.0,11.52,107.26,1.0,0.0,15.0,0.82,0.82,2.84,48.76,0.16,0.0,11.85,1.0,6.64,1.0,1.0,2.86,0.0,39.54,0.93,0.0,1.84,1
6.0,0.0,2.0,1.0,2.55,4.45,116.21,1.0,2.0,0.0,7.65,-0.98,3.55,85.0,5.1,0.0,2.1,1.0,2.82,0.0,3.1,2.36,0.0,333.0,0.67,0.0,2.55,1
1.0,0.04,1.0,0.0,0.0,11.55,116.1,1.0,2.0,9.18,5.74,0.71,1.59,84.74,3.18,4.0,19.15,1.0,6.57,1.0,1.0,2.26,0.0,6.0,1.01,0.0,1.59,0
-0.73,4.36,1.0,-0.73,-8.0,2.91,146.71,-2.64,-2.18,3.45,9.54,0.91,0.27,11.18,3.45,-4.36,15.27,0.27,0.03,2.0,2.0,0.83,0.0,-164.42,1.4,0.0,2.18,0
8.47,-5.86,1.0,1.47,2.0,10.66,152.97,1.0,0.53,3.93,6.2,0.82,3.53,76.87,5.0,0.0,1.47,1.53,3.6,0.47,3.0,1.81,0.0,39.0,0.94,0.0,4.0,1
0.0,19.36,1.0,0.0,0.0,3.89,266.2,1.0,0.0,12.72,5.82,-0.35,0.0,156.44,1.0,0.96,11.72,1.0,2.79,1.04,0.04,0.0,0.0,56.15,0.9,0.0,0.96,0
0.0,2.0,2.41,-1.18,0.59,13.41,262.5,1.0,4.0,-0.36,7.45,1.24,3.0,43.14,6.59,0.0,23.41,1.0,3.64,-0.59,1.0,0.98,0.0,6.0,0.95,0.0,1.41,0
1.86,0.0,4.1,1.24,0.0,9.31,205.39,1.0,0.0,4.62,9.21,-0.68,5.35,90.13,0.38,0.0,1.24,2.0,6.72,4.62,2.62,3.12,0.0,19.04,0.95,0.0,1.86,0
0.0,1.72,1.0,0.0,-0.86,13.59,146.77,1.0,0.86,0.86,3.72,1.64,-0.86,23.19,5.14,-0.72,14.88,1.0,5.98,0.14,2.0,1.73,0.0,-207.0,1.04,0.0,0.86,0
-0.26,13.26,0.37,-9.74,-3.16,0.0,28.58,1.0,-1.26,8.16,1.0,0.7,-1.9,57.16,1.0,0.0,4.37,1.0,0.54,1.0,-0.9,-0.46,-0.63,-3.48,0.93,0.0,-0.26,0
-5.15,0.23,1.0,7.46,6.92,7.31,186.78,1.0,12.0,15.0,13.85,1.19,-3.08,26.45,1.0,0.0,11.92,1.0,5.16,0.23,1.0,0.68,0.0,3.69,0.85,0.0,1.0,0
2.27,1.51,1.0,0.0,0.76,9.31,235.05,1.0,0.76,7.04,8.29,0.59,2.76,97.22,4.27,0.0,36.22,1.0,5.52,1.24,-1.78,2.61,0.0,18.09,0.95,0.0,2.27,1
0.0,0.36,1.0,0.0,0.0,0.16,22.19,1.0,0.0,-0.64,8.41,1.36,-1.92,0.64,2.36,-0.28,1.92,1.64,-0.66,-0.64,0.36,0.27,0.0,6.0,0.96,0.0,0.0,0
0.0,0.0,1.0,0.0,0.0,6.05,100.0,1.0,5.0,3.0,6.0,0.59,0.47,78.0,-1.1,10.9,2.47,2.47,33.43,0.53,0.53,0.69,0.0,6.0,1.0,0.0,0.0,0
0.0,1.0,0.02,-0.98,-19.68,23.83,51.19,1.0,0.0,9.97,-15.71,2.37,3.02,-34.97,3.0,0.0,19.05,1.0,9.13,2.97,6.92,2.68,0.98,-44.14,1.05,0.0,1.02,0
6.0,5.0,4.0,0.0,-0.8,0.2,144.43,1.0,1.0,39.6,28.8,0.84,0.0,112.43,-0.6,2.6,1.39,2.0,6.09,0.0,1.0,1.05,0.0,20.4,0.46,0.0,3.8,1
-4.9,7.72,19.0,11.69,9.28,35.31,544.32,1.0,0.0,0.86,14.21,1.55,13.14,18.48,1.0,0.86,4.14,1.86,11.89,0.28,2.0,2.69,0.0,-175.57,0.73,0.0,5.0,0
8.0,2.93,1.0,2.0,10.0,-0.87,-67.75,1.0,0.97,0.97,-5.77,-0.1,4.03,80.0,-0.93,2.9,2.97,0.03,2.65,2.97,1.0,2.03,0.0,5.13,0.91,0.0,0.03,0
1.0,-2.52,1.0,0.63,0.0,9.0,144.41,1.63,0.0,4.11,14.41,-0.11,2.0,46.17,4.89,-0.63,15.0,2.0,4.53,1.0,1.0,1.37,0.0,116.99,1.12,0.0,3.63,1
6.0,0.0,1.0,10.0,7.0,-9.64,-53.4,1.0,0.0,0.0,-1.23,0.37,0.77,69.05,1.0,0.0,-8.89,1.0,2.29,-0.74,-1.49,1.66,0.0,6.0,0.58,0.0,-0.74,0
4.81,1.0,1.0,3.01,1.2,4.19,45.58,1.0,0.0,-2.61,-1.21,0.53,2.0,37.04,2.8,0.0,12.99,1.0,3.6,1.6,1.0,0.78,0.0,143.21,0.93,0.0,2.0,1
0.0,3.76,-14.73,-13.98,-6.99,-19.85,-191.2,1.0,0.0,4.0,-0.75,4.25,-5.24,-8.42,1.0,0.0,-2.5,1.0,-2.44,3.0,1.87,-1.76,0.87,-7.11,1.19,0.0,-2.5,0
4.15,5.0,4.0,-27.78,0.0,-5.48,-988.82,1.0,-83.26,35.22,27.07,6.64,-15.74,10.67,1.0,5.63,-23.56,2.0,2.66,0.93,1.0,-0.11,0.0,22.0,0.41,0.0,3.0,0
23.27,23.09,1.0,0.0,1.39,6.48,786.03,1.0,10.27,27.72,89.84,-3.42,1.39,158.48,4.79,3.39,58.22,3.7,9.41,-1.39,1.0,2.23,0.0,651.74,0.51,0.0,7.09,1
2.57,0.0,1.51,1.54,3.08,5.57,44.29,1.0,0.0,0.0,4.51,-0.46,9.75,36.94,0.51,1.49,2.05,0.51,14.39,2.03,1.03,1.15,0.51,14.72,0.95,0.0,1.03,0
0.0,2.0,2.0,0.0,-0.92,8.92,309.0,1.0,1.92,11.97,35.57,0.91,0.16,83.79,0.24,15.65,28.05,1.0,8.91,2.84,0.08,1.18,0.0,-155.13,1.15,0.0,2.92,0
-2.81,1.78,2.0,8.0,0.0,7.11,98.32,1.0,-0.7,-0.81,-3.73,4.06,0.0,35.3,1.3,2.7,-3.03,-0.41,9.13,1.7,1.0,0.33,0.0,3.89,1.01,0.0,-0.41,0
2.18,0.0,1.0,2.72,7.08,-5.26,21.09,1.0,0.0,11.71,29.7,0.68,-1.63,72.32,1.0,0.0,-4.63,3.0,2.92,-0.54,-0.09,-0.16,0.0,17.44,0.94,0.0,1.54,0
0.51,0.0,1.0,-22.33,0.0,3.53,-740.98,1.0,-67.73,4.77,12.98,1.68,-12.4,15.02,2.26,0.0,-6.58,2.0,-0.98,0.0,2.49,0.64,0.0,53.14,0.36,0.0,3.74,0
0.0,0.0,1.0,0.0,1.0,2.0,26.68,1.0,0.0,2.32,3.0,0.38,1.0,66.0,0.34,0.0,1.0,1.66,4.76,2.32,1.0,2.13,0.0,56.76,0.89,0.0,0.0,0
0.0,-12.95,1.0,0.0,0.0,-2.49,-187.09,1.0,0.0,-3.64,-3.15,1.66,0.0,-50.03,2.0,-0.83,-3.64,1.0,1.9,1.83,1.83,2.33,0.0,-36.18,0.91,0.0,-0.83,0
8.26,0.0,1.0,0.0,5.0,-3.9,43.54,1.0,-0.74,2.21,10.0,-0.24,5.0,-5.16,2.0,0.0,5.15,1.0,6.4,3.95,2.74,2.24,0.0,6.0,0.97,0.0,0.26,0
-1.31,2.0,3.0,0.0,0.0,12.04,247.34,1.0,4.0,-1.27,10.35,0.66,2.35,19.96,6.0,0.0,20.73,0.35,4.07,0.0,1.0,0.8,0.0,5.35,1.05,0.0,0.69,0
-2.68,-4.02,1.0,0.0,0.0,14.01,151.78,1.0,-0.67,-0.67,5.33,12.55,3.0,-9.37,0.0,9.33,1.67,0.0,2.62,1.0,0.0,1.34,0.0,3.99,1.02,0.0,2.0,0
4.5,5.0,4.75,2.25,0.0,-2.0,70.49,1.0,1.0,35.75,28.0,0.03,-0.75,81.25,-0.5,1.0,-3.5,1.25,8.15,0.75,1.0,0.7,0.0,21.25,0.61,0.0,1.5,0
-5.84,1.46,1.73,-2.92,-5.84,8.03,161.24,1.0,2.92,2.73,5.19,1.49,1.46,3.05,4.65,0.0,5.84,1.27,1.07,1.0,1.0,0.06,0.0,-12.99,0.93,0.0,0.0,0
0.0,-6.9,1.0,0.0,-8.49,-1.06,-8.3,1.0,0.0,1.59,14.0,0.54,0.0,35.01,3.0,0.0,-1.12,1.0,0.8,0.47,-0.06,-0.09,0.0,102.0,0.68,0.0,-0.53,0
1.0,-1.87,1.0,0.0,0.0,9.93,48.4,1.0,1.0,4.93,2.07,-0.71,3.0,22.53,4.0,-0.93,15.87,1.0,6.64,4.87,3.0,1.88,0.0,6.0,1.17,0.0,2.0,0
21.46,-1.34,1.67,18.1,0.0,10.02,784.72,1.0,4.69,28.13,-4.74,0.6,3.68,68.0,1.66,-5.36,17.39,3.68,7.1,1.0,1.67,1.64,0.0,156.87,0.97,0.0,2.34,1
-5.56,1.0,5.0,-12.96,-9.26,21.56,31.4,-0.85,0.0,4.15,-9.11,3.8,12.07,28.48,2.07,1.85,23.78,1.0,12.7,5.07,2.93,3.04,2.0,50.45,0.42,0.0,2.85,1
0.0,0.0,1.0,0.0,1.0,-3.95,87.43,1.0,0.87,11.3,21.65,-9.04,-0.61,79.11,4.87,6.09,13.3,1.87,6.43,0.87,2.87,0.71,0.0,186.61,0.82,0.0,1.0,1
1.0,-14.36,1.0,0.0,2.39,-1.58,-60.5,1.0,0.8,-2.38,10.4,-1.36,2.0,-14.77,4.6,-1.6,16.81,1.8,6.17,-0.8,1.8,1.0,0.0,-35.48,1.06,0.0,0.2,0
17.0,21.46,1.0,15.54,8.0,-6.58,-31.52,6.0,0.0,24.19,-0.46,-2.8,0.0,46.05,3.0,-0.19,4.54,0.27,4.09,1.73,-0.73,2.07,0.0,-27.34,1.31,0.0,-0.19,0
1.97,-0.97,1.0,0.0,0.0,2.06,201.12,1.0,0.0,7.87,23.61,-2.1,3.94,127.9,3.97,0.0,39.35,1.0,8.51,-1.94,1.0,1.97,0.0,6.0,0.97,0.0,1.97,0
0.0,1.48,1.0,0.0,0.0,-0.19,321.65,1.0,12.41,17.08,30.46,1.42,-1.22,126.93,-0.48,13.74,3.0,3.74,30.56,-0.74,-1.48,0.01,0.0,3.78,1.02,0.0,-0.74,0
0.0,1.0,3.37,-6.33,0.0,11.08,81.39,1.0,0.0,2.58,17.58,-0.15,1.58,11.0,1.79,0.0,6.0,2.79,4.08,3.37,5.75,2.27,0.79,6.0,1.08,0.0,1.79,0
0.0,-0.99,1.0,0.0,0.0,-13.95,10.13,1.0,0.0,5.98,20.98,-0.12,-1.99,-0.96,0.0,-2.99,0.02,2.0,0.36,-0.99,1.0,0.5,0.0,6.0,0.99,0.0,0.0,0
4.0,37.0,1.0,1.0,0.0,7.86,505.43,1.0,2.0,18.16,5.16,0.38,1.86,153.47,2.72,1.0,26.3,1.14,10.53,0.86,0.0,1.28,0.0,-46.45,1.06,0.0,1.86,0
-14.25,5.7,1.0,-1.9,-18.05,9.15,-9.05,-0.9,0.95,-2.85,8.85,12.2,2.05,-14.25,-0.95,10.95,7.65,0.95,3.06,0.05,-0.95,-0.55,0.0,-70.95,1.07,0.0,1.05,0
-0.59,0.0,1.0,0.0,0.0,7.34,13.7,1.0,0.0,-2.34,-2.51,6.46,0.0,-34.56,-1.17,14.27,-3.1,-0.59,0.9,2.59,1.0,-0.53,0.0,6.0,0.79,0.0,-0.59,0
-36.96,0.0,0.14,-11.18,-1.72,-6.33,-2371.68,1.0,-23.21,-21.49,-35.82,3.84,-2.58,-11.18,0.14,0.14,-27.09,1.0,4.94,1.0,0.0,-0.89,0.0,6.0,0.91,0.0,0.0,0
-1.88,-5.63,-15.89,-15.01,-9.32,-21.39,-352.03,1.0,0.0,0.0,4.12,7.39,-10.2,-78.8,6.81,4.69,-1.75,1.0,-9.6,-0.94,0.12,-2.39,0.0,169.93,0.92,0.0,-3.69,0
2.53,4.59,14.78,13.25,19.42,23.9,456.02,6.0,5.0,0.0,16.53,-2.4,11.72,145.3,2.77,7.11,4.06,2.77,14.41,0.0,1.77,3.2,0.0,347.48,0.29,0.0,3.83,1
3.0,-4.27,0.39,3.0,1.61,2.83,-275.28,1.0,0.0,-6.09,-15.28,1.24,1.22,87.39,2.22,0.0,1.0,1.0,2.31,0.0,1.0,1.25,0.0,-14.11,1.01,0.0,1.61,0
1.4,-3.59,1.6,4.19,1.0,42.99,265.28,1.0,1.0,-1.79,3.79,1.56,7.0,13.16,4.6,1.2,17.4,1.0,8.19,3.0,1.0,1.63,0.0,6.0,0.9,0.0,1.0,0
-0.53,0.0,1.0,-3.19,-9.05,10.53,-5.96,1.0,0.0,0.0,-3.32,6.18,0.53,11.71,0.47,1.0,3.53,0.47,-65.43,1.0,-0.53,-1.01,0.0,6.0,0.87,0.0,0.53,0
-9.09,-13.41,1.0,0.0,0.86,16.96,10.98,1.0,-2.59,17.41,-44.6,0.71,5.46,81.09,5.59,-1.73,40.87,1.27,3.1,0.0,1.0,2.37,0.0,-507.7,1.43,0.0,0.27,0
0.0,2.0,3.54,0.0,0.0,15.07,45.57,1.0,-2.68,-1.61,-0.54,0.66,4.61,-41.79,2.54,-6.97,14.68,1.0,-4.56,7.0,3.0,3.07,2.0,6.0,0.93,0.0,0.54,0
0.0,0.0,2.0,0.99,10.94,12.98,136.51,5.97,4.97,-9.95,10.96,2.11,0.99,3.98,2.99,13.93,4.01,1.99,7.37,2.01,2.0,0.13,0.0,432.24,0.63,0.0,1.01,1
4.0,-1.62,1.0,6.62,13.0,-5.69,21.76,1.0,-1.62,16.38,42.38,3.14,-1.62,111.68,-0.62,2.44,-6.93,2.81,5.2,1.0,1.81,-0.14,0.0,65.98,0.53,0.0,3.62,0
-6.63,-13.18,1.0,-10.8,5.45,4.0,93.63,2.53,5.0,-14.57,17.08,0.76,5.16,71.29,1.31,12.61,8.63,2.0,10.8,-0.69,1.69,0.41,0.0,335.31,0.38,0.0,0.0,1
1.0,-0.82,1.82,2.46,0.0,12.28,104.85,1.0,1.0,7.28,9.55,0.05,3.0,97.23,3.18,0.0,12.36,1.0,7.95,3.82,3.0,3.33,0.0,6.0,1.04,0.0,2.82,0
0.0,4.53,-0.41,0.0,0.0,-9.88,-22.89,1.0,0.0,2.41,7.59,-0.78,-1.41,102.36,2.0,0.0,4.71,2.0,2.42,-1.41,-2.53,-1.17,-0.71,6.0,0.7,0.0,-0.71,0
0.0,-2.04,0.0,0.0,-0.68,-2.04,-269.04,1.0,-3.4,1.36,-34.03,8.8,0.0,47.64,0.0,-6.49,-2.72,-0.68,-0.77,0.0,0.0,0.68,0.0,-0.81,0.83,0.0,0.0,0
5.0,0.0,1.0,1.3,4.3,5.0,51.55,1.0,0.0,0.85,-0.7,0.58,19.0,21.06,0.15,-0.85,4.0,1.85,4.84,2.85,2.0,2.25,1.0,23.0,0.61,0.0,2.0,0
0.79,6.0,1.0,0.79,8.69,7.21,367.34,4.95,5.95,2.0,35.07,-3.16,0.79,115.02,4.79,19.07,22.79,1.79,5.15,-2.37,1.0,0.81,0.0,286.83,0.56,0.0,3.0,1
2.0,-0.79,1.79,32.36,0.0,-19.51,1232.21,1.0,91.0,6.15,9.88,-5.61,18.0,141.2,4.79,-0.79,34.0,1.79,7.05,-1.58,0.0,2.08,0.0,6.0,1.03,0.0,0.79,0
-11.85,-4.87,1.0,1.0,0.0,-1.61,-285.86,1.0,-3.21,-0.62,-56.03,0.6,0.0,38.69,1.0,-1.61,-6.24,-0.61,1.24,1.8,1.0,1.2,0.0,-486.34,1.38,0.0,-2.21,0
5.29,12.81,1.0,9.29,-0.83,7.27,152.03,-2.56,-3.56,5.69,-5.41,2.82,2.29,88.52,-0.42,-8.54,7.98,-0.42,2.59,0.71,-0.71,2.47,0.0,-191.86,1.27,0.0,0.71,0
0.0,13.03,0.3,-5.63,11.25,5.89,285.75,1.0,2.0,0.59,21.19,0.81,0.0,-10.89,3.3,6.59,22.0,1.0,3.02,0.7,2.41,0.35,0.0,26.0,0.94,0.0,3.0,1
-0.82,0.82,1.0,0.0,0.0,-2.45,34.67,1.0,0.0,2.63,14.26,0.58,0.0,17.93,1.0,0.0,-3.52,1.0,25.57,2.0,1.0,0.41,0.0,6.0,1.01,0.0,0.0,0
0.0,2.93,1.0,0.0,0.0,10.57,53.27,1.0,0.0,-1.86,-0.93,5.8,0.0,-30.62,1.93,2.86,6.57,1.0,0.69,-0.86,0.07,-0.74,0.0,-45.03,0.81,0.0,0.0,0
3.96,3.3,2.98,0.0,0.0,28.68,384.32,1.0,0.66,25.06,24.83,1.89,0.0,61.98,0.66,4.34,13.62,1.32,0.57,0.34,0.66,0.83,0.0,16.55,0.73,0.0,3.98,1
0.0,0.0,1.0,0.0,0.0,0.79,-2.96,1.0,0.0,-1.57,10.85,0.37,0.0,12.59,3.79,0.0,1.0,-0.57,2.8,1.0,1.79,0.12,0.0,102.0,0.92,0.0,-0.79,0
10.0,0.64,1.0,2.0,12.0,2.36,69.91,1.0,0.0,-1.29,1.36,0.42,3.0,90.87,1.0,0.0,0.42,1.0,3.43,0.36,3.0,1.07,0.0,6.0,0.42,0.0,0.0,0
-0.8,12.4,1.0,2.07,-1.87,14.34,1216.83,1.0,9.07,37.81,93.81,0.95,0.07,96.93,2.07,8.0,80.08,2.0,7.5,0.0,-0.93,-0.1,0.0,-27.06,0.98,0.0,3.0,1
0.0,0.0,2.0,-2.74,0.0,4.26,-24.2,1.0,4.56,2.74,-10.51,-3.66,4.91,-20.07,2.91,9.12,9.82,5.74,29.62,0.0,0.0,1.92,0.0,6.0,0.99,0.0,0.09,0
1.72,0.0,1.0,0.0,0.0,12.58,188.09,1.0,3.72,3.87,10.0,-1.32,2.43,116.54,4.43,1.0,32.04,2.0,7.73,2.15,2.15,2.7,0.0,6.0,0.82,0.0,2.43,1
0.0,1.0,1.0,0.0,1.0,10.7,45.07,1.0,0.0,1.3,1.6,2.9,2.3,19.47,4.0,0.7,9.39,0.3,4.87,1.7,0.3,0.13,0.0,-6.72,1.03,0.0,0.3,0
-2.07,0.0,1.0,0.0,-0.52,0.42,18.99,-0.03,0.0,-0.61,14.52,0.26,0.0,20.73,-0.55,0.0,11.52,1.48,14.44,0.52,0.0,0.92,0.0,-254.2,1.09,0.0,2.0,0
0.84,0.0,1.0,0.0,0.84,1.67,30.02,1.0,0.0,-0.67,5.15,1.8,0.84,-30.91,1.84,0.0,-1.18,1.0,24.01,2.84,2.67,0.13,0.0,44.42,1.28,0.0,-1.67,0
6.85,-3.4,4.55,1.0,2.0,33.04,200.72,1.0,3.7,-3.4,5.15,-0.81,15.75,14.47,5.7,0.0,16.3,1.0,10.99,0.85,2.85,3.89,0.0,235.0,0.97,0.0,2.85,1
32.93,0.0,2.0,27.63,0.17,-4.8,-55.85,-3.83,-9.6,1.93,1.97,-0.47,3.97,97.2,0.03,-2.9,1.13,1.97,9.01,2.0,4.97,3.4,1.0,-718.39,0.74,0.0,1.03,0
8.28,4.0,1.0,22.09,11.12,6.92,579.94,1.0,5.08,-0.92,51.16,0.84,0.92,50.61,1.0,13.0,-0.12,2.08,4.24,0.92,0.0,0.66,0.92,20.6,0.93,0.0,0.08,1
-0.67,-2.66,1.0,-2.0,0.0,7.0,-274.06,1.0,-5.99,-13.31,-38.92,4.5,0.0,-37.26,-1.33,3.68,-16.96,0.0,1.07,2.0,1.67,0.33,0.0,-83.82,0.92,0.0,-1.33,0
30.24,2.94,2.0,30.0,0.0,45.75,1527.82,1.0,17.0,49.3,41.18,6.99,5.0,18.98,0.06,0.94,41.73,4.12,8.17,2.82,1.94,0.89,0.0,366.0,0.8,0.0,4.06,1
-3.71,3.79,1.0,0.0,0.0,5.07,289.87,1.0,9.28,20.42,31.71,0.75,1.93,12.07,3.0,2.93,14.36,1.0,6.95,0.0,1.0,0.28,0.0,6.0,0.96,0.0,0.0,0
-11.7,-8.45,2.0,8.69,0.0,2.94,-174.97,1.69,-2.75,-4.88,-43.48,1.6,0.0,52.91,3.38,0.62,-9.76,-0.38,0.08,1.0,1.0,-0.32,0.0,-296.75,1.34,0.0,-1.75,0
4.47,0.56,1.56,-28.47,5.58,7.67,40.84,1.0,0.0,-2.23,6.56,0.9,2.79,44.66,3.0,0.0,5.0,1.0,3.23,1.12,2.56,1.36,0.0,66.88,0.47,0.0,-0.12,1
3.37,5.33,2.67,8.0,-0.67,0.96,94.69,1.0,0.0,10.75,5.35,1.01,-0.67,115.6,-0.02,2.0,-2.06,1.0,3.67,1.0,1.0,1.51,0.0,15.43,0.89,0.0,1.0,0
0.9,0.0,2.81,-47.91,1.81,13.85,60.67,1.0,0.0,-0.62,15.81,0.84,3.62,61.0,1.0,0.0,10.1,2.0,6.08,0.0,0.9,3.53,0.0,1.48,1.26,0.0,0.19,0
21.71,1.0,1.0,-20.58,25.33,-4.26,-806.04,2.61,-73.4,3.23,9.07,0.15,-8.71,80.0,-0.61,0.0,-23.0,1.0,1.54,2.81,1.81,1.67,0.0,76.75,0.68,0.0,3.42,0
7.91,8.95,21.95,16.0,11.0,24.11,429.54,1.0,0.98,36.44,16.79,-1.83,14.0,164.76,1.0,0.0,9.92,1.0,19.62,2.0,2.0,4.75,0.0,36.76,0.3,0.0,6.97,1
35.31,0.0,0.31,14.43,8.93,-2.75,238.4,5.0,0.0,11.06,53.78,0.3,-0.37,104.3,4.0,0.0,2.25,2.69,3.53,0.0,1.0,-0.47,0.0,42.43,0.78,0.0,1.69,1
0.0,0.72,1.0,2.15,2.15,7.02,201.34,1.0,3.15,-1.43,18.75,0.73,0.72,33.69,4.72,6.73,14.02,1.72,4.79,-0.72,1.0,1.42,0.0,6.0,0.94,0.0,2.43,0
2.24,-0.54,2.0,-0.07,-3.37,8.22,108.9,1.0,2.54,2.15,7.07,0.57,1.93,65.68,5.61,0.0,7.44,1.0,3.38,0.54,3.07,2.29,0.0,233.39,0.75,0.0,2.54,1
9.0,3.0,1.71,2.13,2.0,14.85,554.86,1.0,9.0,25.42,19.42,0.87,2.0,113.92,3.29,3.0,48.44,1.0,4.78,0.71,1.71,1.74,0.0,51.58,1.16,0.0,2.29,1
0.0,0.0,1.0,13.86,0.0,9.0,153.25,1.0,0.0,0.0,3.0,-0.23,0.0,100.0,2.0,2.34,5.0,2.0,2.67,0.0,2.0,0.6,0.0,54.0,0.52,0.0,3.0,1
1.28,0.0,1.0,1.28,21.56,4.08,99.76,1.0,-1.28,-0.64,17.08,-0.21,12.51,3.84,1.0,0.0,8.44,1.0,4.44,1.0,1.64,2.48,0.64,16.87,0.97,0.0,1.64,0
0.81,1.0,1.81,-14.54,1.0,17.27,146.39,1.0,0.0,6.85,11.08,-0.15,4.62,95.16,6.42,0.0,27.12,2.62,9.49,1.81,1.81,2.26,0.0,9.62,0.98,0.0,3.42,1
0.0,-0.64,1.0,1.93,0.0,9.15,164.38,1.0,0.0,0.0,16.52,6.6,1.0,64.4,0.71,1.93,-1.29,0.36,2.38,0.0,-0.64,0.0,0.0,6.0,0.97,0.0,0.64,0
-2.52,0.0,0.12,-3.52,-6.16,5.76,135.22,2.76,0.0,10.16,13.76,1.09,1.12,51.81,5.64,0.0,7.69,1.0,3.53,0.88,1.0,0.36,0.0,426.33,1.31,0.0,-0.76,1
0.0,15.31,1.79,-42.13,0.0,7.95,181.2,1.0,0.0,4.18,13.77,3.15,0.0,139.5,1.21,1.59,8.77,1.21,4.39,0.79,1.0,0.67,0.0,43.36,0.91,0.0,-1.59,1
1.34,5.32,2.32,3.0,0.0,13.56,514.29,1.0,10.0,18.36,58.39,0.8,2.98,57.13,3.0,8.0,41.64,2.0,8.96,3.95,1.32,1.87,1.32,141.0,0.83,0.0,2.34,1
6.43,2.57,1.0,-0.36,6.07,13.22,263.7,1.0,0.79,6.29,7.29,0.6,-6.79,90.22,4.14,0.0,34.22,1.0,4.01,0.43,0.21,1.5,-0.79,8.21,0.92,0.0,1.79,1
-25.62,-17.82,1.0,0.3,0.7,11.31,-571.39,1.0,-37.83,8.4,9.9,1.21,1.4,49.37,2.4,3.3,-1.2,1.3,1.38,0.7,0.7,0.46,0.0,-106.09,0.99,0.0,-0.8,0
-2.27,1.0,1.0,-2.84,-7.37,13.84,42.67,1.0,0.0,-10.21,-22.82,1.76,2.0,-52.74,6.84,0.57,10.0,0.43,1.95,2.0,2.57,0.78,0.0,-5.91,0.94,0.0,-1.13,0
12.15,1.0,1.23,9.93,0.46,8.25,747.25,1.0,15.48,17.56,11.15,0.73,2.09,89.39,1.46,0.23,15.92,1.0,5.4,0.77,1.0,1.23,0.0,6.0,0.84,0.0,1.23,1
4.76,0.0,1.0,1.9,0.0,-11.43,-33.19,1.0,4.76,-0.95,9.24,-0.1,0.0,23.81,5.86,0.0,-7.57,0.05,0.01,-0.9,-0.9,-0.18,0.0,116.29,0.91,0.0,0.0,0
0.0,1.0,1.76,3.0,2.24,12.34,217.96,1.0,3.0,-0.76,19.0,1.54,0.24,46.68,2.76,8.0,10.05,2.0,5.23,1.52,1.76,0.12,0.0,14.39,0.93,0.0,3.52,1
0.0,0.0,1.0,0.0,0.0,2.0,68.0,1.0,1.0,0.0,8.0,1.0,0.0,0.0,4.0,1.0,9.0,1.0,2.67,0.0,1.0,0.73,0.0,6.0,0.96,0.0,1.0,0
0.0,2.0,2.0,0.0,0.0,10.85,261.65,1.0,1.0,0.95,28.51,0.1,2.0,10.46,3.0,0.0,27.46,1.95,3.5,0.05,0.05,2.74,0.0,6.0,0.94,0.0,3.9,1
2.0,0.17,0.23,-3.13,0.0,1.17,458.11,1.0,10.0,20.23,66.83,-0.15,1.0,74.54,3.0,6.47,39.0,2.77,4.29,-0.77,0.0,0.91,0.0,141.0,0.66,0.0,2.23,1
1.0,0.0,1.0,0.0,0.0,-1.79,104.24,1.0,0.0,4.0,12.0,-2.04,0.35,65.0,5.48,-0.83,18.35,1.83,3.65,0.83,1.83,1.0,0.0,6.0,0.82,0.0,0.17,0
54.43,0.72,1.0,11.4,20.45,11.68,2147.74,3.0,19.52,25.8,43.09,0.19,4.62,157.97,2.72,0.72,34.81,-0.45,6.31,1.0,1.72,1.66,0.0,90.0,0.71,0.0,3.72,1
0.0,8.29,1.0,0.0,0.0,-22.77,185.54,1.0,0.0,4.71,3.83,-0.86,0.71,82.69,1.71,-0.71,8.08,2.42,3.82,0.88,1.0,0.71,0.0,20.86,0.9,0.0,1.71,1
3.36,0.0,1.0,0.0,1.0,1.14,28.0,3.0,-1.93,7.36,5.49,0.94,0.0,23.27,4.0,-0.64,-10.23,1.36,1.16,1.64,2.29,0.13,0.0,513.86,0.85,0.0,0.0,1
-0.98,0.0,1.0,0.0,19.0,4.05,172.41,1.0,-0.98,4.88,23.88,0.45,1.0,27.31,2.95,0.0,7.1,0.02,6.37,1.98,1.0,1.19,0.0,6.0,1.01,0.0,1.0,0
0.0,0.71,1.0,0.0,1.0,-28.39,1.85,1.0,0.0,4.53,3.71,-4.48,1.0,108.4,1.71,-0.71,3.12,1.71,2.76,0.29,1.0,1.6,0.0,93.0,0.92,0.0,0.0,0
4.31,0.14,1.0,1.72,7.76,-3.93,-132.79,1.0,-0.86,-2.9,-2.9,0.97,3.86,55.69,-1.45,2.0,-29.06,1.0,2.22,2.72,1.0,0.58,0.0,-5.21,0.83,0.0,0.28,0
2.55,0.0,1.0,0.0,0.78,29.6,267.06,1.0,0.78,4.0,12.0,0.71,5.1,65.0,4.55,0.0,30.09,1.0,9.26,1.55,-2.88,2.19,0.0,6.0,0.95,0.0,1.78,0
0.0,-0.64,1.0,1.92,0.0,15.12,164.63,1.0,0.0,0.0,16.72,6.15,0.0,64.02,-0.28,2.28,2.36,-0.28,1.95,-2.2,-1.28,0.0,0.0,6.0,0.96,0.0,0.64,0
10.0,0.0,1.78,4.34,12.0,3.0,63.75,1.0,0.0,0.78,2.78,-0.12,3.0,103.37,1.0,0.0,1.44,-0.56,5.68,1.78,3.0,1.44,0.0,6.0,0.7,0.0,0.0,0
-35.18,1.15,0.15,-6.79,10.33,1.88,-2059.37,1.0,-21.91,1.21,5.61,0.27,-3.64,84.15,3.3,-0.85,2.58,1.85,4.07,0.85,1.0,0.89,0.0,39.82,0.93,0.0,3.0,0
0.0,-0.98,1.98,0.0,0.0,8.92,120.29,1.0,-0.98,0.04,10.96,0.8,3.92,-35.63,3.98,-1.96,11.96,1.98,5.1,0.0,1.0,0.55,0.0,6.0,0.99,0.0,1.0,0
0.0,0.0,1.98,3.0,0.0,15.84,153.52,1.0,0.0,0.0,9.98,2.37,3.0,100.0,-0.98,1.0,9.9,0.0,7.21,2.96,0.0,0.49,0.0,102.05,1.16,0.0,3.96,1
1.0,-1.72,0.14,0.0,0.0,-1.58,-113.88,1.0,-0.86,4.0,-8.49,6.4,-0.86,59.0,2.86,4.3,-5.77,1.0,2.43,1.0,0.14,-0.64,0.0,6.0,0.86,0.0,-0.72,0
0.0,-0.57,1.0,1.0,0.0,9.83,74.57,1.0,2.83,1.13,-0.7,5.02,0.57,110.19,0.43,8.36,0.43,1.57,25.09,8.0,0.43,0.01,0.0,6.0,1.03,0.0,0.0,0
-1.15,1.42,1.0,8.06,0.0,20.0,196.71,2.15,0.0,2.15,11.06,1.77,0.7,87.48,5.15,3.58,14.0,1.58,6.61,2.42,1.0,0.1,0.0,4.27,0.92,0.0,2.0,0
-11.1,0.0,3.0,0.58,-11.1,16.92,63.72,-0.17,0.0,-2.09,0.25,3.38,3.17,5.84,-0.17,0.58,1.17,0.42,3.03,3.0,5.42,1.85,1.0,-43.08,1.11,0.0,0.42,0
2.14,-0.57,1.0,0.0,1.0,15.43,331.67,1.0,3.57,3.72,13.28,1.27,4.0,83.29,4.14,7.7,34.74,2.71,28.94,-0.86,0.14,0.99,0.0,22.0,0.99,0.0,2.14,1
4.53,0.5,1.0,2.01,13.52,3.5,122.02,6.0,5.0,0.0,12.98,0.46,3.52,121.38,2.0,14.0,-2.03,2.0,-17.99,1.01,1.0,1.1,0.0,301.17,0.39,0.0,0.0,1
0.0,0.0,1.94,0.0,0.0,5.81,73.55,1.0,0.0,0.19,10.26,0.2,3.74,19.83,1.94,0.0,15.68,2.0,4.58,0.0,-0.94,1.95,0.0,6.0,0.97,0.0,2.0,0
0.0,4.59,1.0,0.0,0.0,-1.42,15.33,1.0,0.0,3.67,0.17,1.67,-2.75,55.02,0.08,0.0,-0.67,2.0,0.67,0.0,-3.59,-0.69,0.0,67.0,0.87,0.0,0.0,0
5.7,0.0,1.0,3.27,1.27,10.27,194.8,1.0,0.0,3.17,1.1,3.91,1.9,150.07,3.27,3.0,3.1,2.0,4.88,0.63,2.63,1.66,0.0,35.62,0.87,0.0,4.9,1
9.28,5.0,4.0,0.0,4.1,3.46,360.41,8.38,10.84,41.28,37.84,0.52,0.0,101.38,4.28,3.46,5.36,1.18,8.25,0.0,1.0,0.78,0.0,676.07,0.55,0.0,3.0,1
2.37,-2.21,0.26,41.04,0.53,-0.84,-197.29,1.0,-6.63,-9.73,-10.26,0.63,1.53,9.76,2.79,-2.21,-34.83,1.0,0.7,1.0,2.26,0.9,0.0,8.06,0.71,0.0,4.0,0
-2.04,0.0,1.61,0.0,-3.65,8.39,172.12,1.0,3.0,3.43,15.47,1.14,-10.55,80.74,3.0,1.0,20.18,2.0,2.09,-0.61,-0.61,-0.16,-0.61,-4.34,0.77,0.0,0.39,0
3.0,3.01,-1.26,0.25,-13.05,5.74,91.39,1.0,2.0,4.01,-9.54,2.79,-1.26,79.54,1.0,0.75,7.25,1.0,3.0,1.25,1.0,-0.31,0.0,-34.62,0.85,0.0,-0.5,0
0.67,0.0,1.0,6.03,0.0,3.67,85.28,1.0,8.04,10.05,1.66,-0.04,1.0,58.97,1.66,-0.67,6.35,1.0,3.89,1.67,2.0,0.71,0.0,12.0,0.85,0.0,1.67,1
1.0,-0.74,1.0,2.23,0.0,12.72,198.02,1.0,-0.74,4.51,14.46,1.99,4.23,94.32,2.26,-0.74,14.26,0.51,6.06,1.74,1.0,0.81,0.0,8.0,0.95,0.0,3.74,1
5.0,0.0,1.0,3.0,5.39,5.0,69.1,1.0,-0.61,3.04,4.04,-0.18,17.78,82.96,-0.22,-1.22,8.26,1.0,6.49,2.0,2.0,2.55,1.0,-128.02,1.03,0.0,2.61,0
4.89,0.0,1.89,-47.16,0.0,15.01,171.52,1.0,2.67,2.33,11.9,1.1,0.89,157.63,2.78,0.89,30.79,2.89,4.68,0.0,0.0,1.45,0.0,1.55,1.09,0.0,-0.78,0
4.39,0.0,2.0,4.76,0.0,5.76,114.93,1.0,4.39,4.88,8.24,0.42,1.76,122.95,1.88,0.0,4.51,1.0,5.0,0.12,0.12,1.9,0.0,13.9,1.0,0.0,1.0,0
3.0,2.54,1.0,0.0,1.0,17.46,287.1,1.0,-0.08,6.92,6.83,0.76,4.54,61.72,5.0,1.08,42.83,1.0,5.02,-0.54,1.0,1.61,0.0,12.8,0.99,0.0,1.92,1
-1.75,0.0,1.95,-6.49,-3.75,9.54,85.52,1.0,0.0,0.0,3.95,2.32,0.95,16.82,1.0,0.0,-0.9,1.0,1.71,0.0,1.95,0.77,0.0,6.0,0.97,0.0,1.95,0
0.0,18.93,1.0,0.0,-0.93,15.57,370.74,1.0,1.86,8.0,7.86,4.69,-0.93,137.15,0.0,2.0,8.93,0.0,1.02,0.07,0.0,0.75,0.0,56.14,0.85,0.0,1.0,0
0.0,-0.51,2.02,0.0,0.0,-9.33,61.2,1.0,0.0,1.02,7.02,-1.69,1.02,0.0,3.51,-0.51,4.49,1.51,1.17,0.0,4.56,1.66,0.51,68.0,0.32,0.0,1.51,1
0.0,-4.78,1.0,0.0,0.0,38.6,372.68,1.0,0.0,-2.87,12.82,4.95,0.96,-33.44,0.0,5.0,18.55,0.96,3.37,0.04,0.0,0.96,0.0,26.06,0.88,0.0,2.96,1
4.36,0.0,1.0,2.01,4.03,9.34,47.92,1.0,1.0,-1.01,-5.72,0.53,13.75,47.38,1.0,0.0,7.3,1.33,5.09,1.34,2.34,1.98,0.67,17.41,0.96,0.0,1.0,1
3.16,3.26,3.89,0.0,0.0,3.58,246.94,1.0,0.37,18.94,36.05,0.3,1.37,8.84,2.37,-1.89,11.95,1.63,4.56,0.37,1.0,1.54,0.0,16.1,0.71,0.0,3.26,1
0.0,6.2,1.0,0.0,1.73,10.39,829.66,1.0,10.39,0.0,90.34,1.09,0.0,0.0,0.27,22.52,15.13,4.46,4.31,0.0,-0.73,0.51,0.0,23.32,1.07,0.0,1.73,1
0.0,1.0,1.0,0.0,0.0,6.78,40.75,1.0,-0.78,-0.56,2.22,1.47,2.0,-29.57,5.56,-0.78,11.32,0.22,3.29,1.0,1.78,-0.34,0.0,6.0,0.89,0.0,1.22,0
-0.71,-2.85,1.0,1.0,0.0,6.29,110.66,1.0,0.71,8.54,18.07,4.73,0.0,107.82,0.29,13.09,9.54,1.0,12.67,8.71,0.29,-0.68,0.0,8.13,0.89,0.0,0.71,0
1.86,6.57,17.72,14.86,11.22,31.36,464.35,1.0,0.0,2.0,3.93,-3.74,14.15,115.03,4.93,-0.93,17.79,1.93,14.91,2.86,1.93,4.19,0.0,21.93,0.83,0.0,4.72,1
0.0,6.0,1.0,0.0,0.75,-10.03,92.63,1.0,2.75,2.75,19.49,-1.46,2.25,88.57,7.76,5.75,15.99,1.75,2.27,0.0,1.75,0.85,0.0,212.34,0.86,0.0,1.5,0
7.21,0.0,1.0,30.0,2.9,10.26,1219.1,1.0,88.1,1.26,4.32,-0.41,20.32,44.81,4.58,-7.53,40.37,-0.16,-9.25,0.58,1.16,2.19,0.0,6.0,0.99,0.0,0.58,0
7.41,8.04,1.0,0.0,-2.04,4.09,137.77,-5.13,-1.04,15.58,9.55,-0.11,1.36,91.35,0.32,1.0,39.29,2.0,5.6,0.0,0.68,0.73,0.0,-502.63,0.82,0.0,2.68,0
1.0,-0.75,1.0,0.0,0.0,12.27,48.81,1.0,0.0,3.25,2.97,-0.37,2.0,55.97,3.75,0.0,28.27,1.0,10.1,5.26,1.75,1.82,0.0,6.0,0.97,0.0,1.75,1
0.0,1.0,1.55,-0.55,0.0,9.84,59.55,0.45,0.0,-0.55,-0.19,1.4,3.19,-23.03,1.9,2.0,9.29,2.1,2.84,0.0,0.45,0.57,0.0,-88.87,0.93,0.0,0.0,0
-0.89,2.0,1.89,14.29,2.68,9.75,84.75,1.0,2.0,1.11,2.32,-0.34,3.79,84.14,4.0,0.0,13.32,1.0,7.45,0.0,3.68,3.91,0.89,19.39,0.98,0.0,1.89,1
8.28,0.09,-0.82,10.82,9.09,-5.0,-88.62,1.0,8.36,13.18,-9.09,0.26,1.82,113.46,-3.55,0.0,-15.01,1.0,3.94,2.82,1.0,1.44,0.0,8.73,0.74,0.0,0.09,0
-0.55,2.0,2.0,-0.55,-1.09,7.45,196.87,1.0,-0.09,8.2,18.45,0.49,1.45,-3.83,1.36,0.0,19.73,1.0,5.35,1.55,0.45,2.21,0.0,-110.41,1.05,0.0,1.45,0
-0.96,6.77,1.96,10.69,-1.81,7.96,242.49,1.0,3.0,1.92,18.04,1.28,1.0,181.6,2.96,9.92,3.15,2.0,-41.77,0.96,1.0,0.8,0.0,-63.22,1.03,0.0,2.0,0
2.0,2.16,1.0,0.0,0.0,5.29,138.54,1.0,0.0,8.62,8.38,1.35,1.0,94.45,2.46,0.54,14.46,2.0,3.08,0.0,0.46,1.75,0.0,7.0,0.74,0.0,3.0,1
5.72,0.0,2.72,-12.97,0.0,4.0,60.8,1.0,0.0,22.2,10.04,-0.8,2.0,133.46,1.72,0.0,7.44,1.72,8.76,1.72,1.72,3.16,0.0,22.0,0.63,0.0,1.72,1
0.0,0.44,-0.11,0.0,0.0,-5.55,35.56,1.0,0.0,1.0,17.11,1.13,-1.67,11.0,1.56,0.56,-0.66,2.0,-3.94,-2.89,-0.11,-1.32,-1.11,6.0,0.94,0.0,1.0,0
5.77,4.16,1.0,0.0,-2.16,13.77,498.57,1.0,6.49,18.3,23.37,2.04,1.44,79.75,3.16,3.16,33.71,2.0,-31.01,0.0,1.0,0.82,0.0,-12.02,1.0,0.0,2.44,0
-16.68,35.75,0.37,-17.8,0.0,5.75,-413.77,1.0,-6.77,-20.21,-21.3,1.48,-1.51,88.11,2.25,1.63,2.58,-0.51,4.48,0.0,-0.63,-0.12,0.0,-219.55,0.95,0.0,-1.51,0
0.0,6.81,-0.66,3.0,3.0,-2.96,122.04,1.0,-0.32,1.66,10.7,3.63,-1.49,107.78,-2.15,8.0,-12.08,2.0,3.57,2.49,1.0,-0.22,0.0,6.0,0.96,0.0,1.17,0
-5.06,-0.76,1.0,-1.52,-6.58,22.46,228.58,1.0,0.0,0.0,7.06,5.25,-2.79,-60.62,2.24,3.79,6.3,0.24,0.64,0.24,1.24,-1.39,0.0,51.73,1.03,0.0,0.76,0
0.0,-0.78,1.0,0.0,0.0,9.55,88.64,1.0,0.0,1.89,6.55,-3.08,2.89,47.21,4.0,-0.89,24.88,1.89,6.3,0.11,1.0,1.55,0.0,24.65,0.89,0.0,2.89,1
-6.71,10.74,1.0,-14.11,5.36,-4.7,-39.07,1.0,0.0,1.0,4.33,0.81,-1.34,29.22,2.0,1.0,2.01,1.0,0.09,0.67,2.34,-0.92,-0.67,2.64,0.95,0.0,0.67,0
-3.41,-1.84,-0.7,0.0,0.0,9.41,-1.09,1.0,-0.57,-20.58,-12.33,3.77,2.0,-28.38,3.43,0.0,12.02,-0.14,1.36,2.14,1.0,-0.05,0.0,-3.09,1.11,0.0,0.3,0
8.0,1.0,1.0,2.89,10.0,5.68,55.21,1.0,0.0,0.0,-0.79,1.12,4.11,169.26,0.11,0.89,2.89,1.0,10.84,9.14,1.89,1.83,0.0,9.0,0.9,0.0,1.0,0
0.0,-1.11,1.0,0.0,0.0,0.56,-29.22,1.0,0.0,0.44,5.0,0.13,0.0,53.33,3.11,-0.56,2.44,0.44,3.17,0.56,2.0,0.37,0.0,59.33,0.92,0.0,-0.56,0
2.02,0.0,1.0,0.0,-0.99,-25.64,-98.84,1.0,-0.99,5.0,3.0,1.02,-3.96,82.0,-0.98,0.0,0.14,2.0,-2.9,-1.98,4.94,-0.74,0.0,6.0,1.01,0.0,0.01,0
3.0,-15.25,1.0,3.0,-14.25,2.91,17.0,1.0,0.0,0.0,5.86,3.61,0.95,88.0,1.95,0.0,-2.81,1.0,-0.81,-1.91,-1.86,0.59,0.0,6.0,0.88,0.0,0.05,0
0.0,3.0,1.0,0.0,0.0,6.0,362.0,1.0,10.0,27.0,35.0,0.6,1.0,95.0,1.0,1.0,22.0,2.0,7.83,0.0,0.0,1.08,0.0,6.0,0.99,0.0,1.0,0
0.0,0.88,1.0,0.0,0.0,12.29,77.06,1.0,0.0,1.0,11.0,1.07,0.88,48.28,1.0,2.63,1.24,1.0,28.35,3.76,1.0,0.5,0.0,6.0,1.02,0.0,0.0,0
-1.17,2.34,1.0,-1.75,-0.58,8.34,76.98,1.0,0.0,6.58,6.25,0.26,1.0,63.32,3.58,0.0,8.58,1.0,5.27,1.58,1.58,1.31,0.0,6.0,0.98,0.0,1.0,0
-16.58,0.0,1.87,-1.75,-16.58,3.49,-44.44,-0.75,0.0,-4.11,-3.11,1.63,2.62,-45.53,1.0,0.0,4.36,3.75,1.64,0.13,0.13,0.0,0.0,-67.29,0.73,0.0,-1.75,0
2.0,-2.2,1.0,0.0,0.0,8.0,135.07,1.0,0.0,4.8,20.26,-0.21,1.0,29.22,3.0,-0.73,17.93,2.73,2.34,0.73,1.0,1.0,0.0,7.0,1.07,0.0,3.73,1
0.0,-1.94,2.47,0.0,0.0,9.41,66.97,1.0,2.47,3.0,-2.56,0.8,3.21,62.74,2.47,-5.88,5.47,2.0,2.86,0.0,1.0,1.78,0.0,-8.71,1.0,0.0,0.26,0
8.09,0.0,1.0,-27.35,5.0,-0.74,-986.15,1.0,-82.05,0.91,10.91,0.3,-8.68,-41.94,2.0,0.0,-4.23,1.0,5.37,3.74,4.74,3.03,0.0,6.0,0.96,0.0,2.82,0
0.0,2.0,1.0,0.0,0.0,17.45,117.09,1.0,0.0,1.0,3.64,1.41,1.72,80.0,4.64,3.0,12.72,1.0,5.01,3.0,-1.55,0.24,0.0,9.83,0.93,0.0,2.64,1
0.0,0.0,1.0,0.0,-13.58,-2.24,-60.08,1.0,1.0,3.49,-9.96,1.82,0.0,28.8,2.0,0.0,-5.6,1.87,3.46,2.62,1.87,0.23,0.0,6.0,0.9,0.0,-0.87,0
2.0,-10.31,1.0,0.0,-9.31,40.64,202.3,1.0,1.0,0.0,4.58,3.0,7.0,0.0,3.36,1.29,15.42,0.36,14.32,2.36,-0.93,2.18,0.0,6.0,0.85,0.0,0.36,0
0.0,3.18,1.0,0.0,0.79,0.26,339.22,1.0,4.77,-0.59,41.33,1.15,-1.38,-7.56,1.0,10.32,6.23,2.79,1.56,-1.59,-1.38,0.04,0.0,34.94,0.83,0.0,1.0,1
-6.05,4.86,1.0,2.59,-1.73,-6.05,41.22,1.0,0.86,1.41,40.89,2.1,-0.86,84.73,0.14,5.32,-9.24,1.86,2.15,0.0,0.14,0.17,0.0,82.06,0.61,0.0,0.0,0
2.0,4.0,1.96,3.0,0.0,9.81,476.36,1.0,10.0,18.11,57.23,1.11,1.0,53.66,3.96,8.0,40.92,0.08,7.27,2.89,0.96,0.87,0.0,235.3,0.76,0.0,3.96,1
1.0,0.0,1.0,0.0,-1.41,-0.41,0.47,1.0,-0.8,0.0,9.04,0.52,1.0,0.0,3.8,0.0,-1.41,1.0,-0.02,1.8,2.0,0.0,0.0,131.16,0.99,0.0,0.0,0
-3.74,0.0,1.0,2.24,8.22,-5.98,-47.98,1.0,0.0,10.71,41.63,0.18,-2.24,10.46,-1.99,0.0,3.0,1.75,28.27,2.0,-0.49,-0.51,0.0,-2.96,1.0,0.0,-1.49,0
25.48,1.48,4.74,22.26,0.0,34.48,1268.04,1.0,13.87,37.1,31.42,0.71,16.48,38.58,0.77,1.0,48.94,4.71,14.17,-1.23,0.52,2.52,0.0,273.11,0.89,0.0,3.23,1
0.0,0.0,1.84,-15.15,0.0,6.37,67.19,1.0,0.0,2.53,10.58,0.26,1.0,37.04,3.84,0.0,5.53,3.53,2.59,1.0,2.84,0.23,0.0,12.0,0.95,0.0,1.84,1
-2.99,0.0,2.0,0.0,4.99,8.01,31.07,1.0,1.0,-4.99,3.0,2.15,4.0,-81.84,2.0,0.0,-7.98,0.0,5.72,0.0,2.0,2.02,0.0,6.0,0.94,0.0,0.0,0
0.0,4.07,1.0,0.0,0.0,-27.31,330.17,1.0,2.0,6.0,28.86,-5.13,0.0,68.0,9.59,2.0,26.93,1.93,5.11,-1.86,0.93,1.48,0.0,37.0,0.93,0.0,2.0,1
2.59,1.76,1.0,-0.59,1.0,40.59,256.93,1.0,2.17,4.68,2.0,-1.29,7.59,-11.71,4.59,1.76,26.2,1.0,6.84,-1.1,1.0,3.26,0.0,6.0,0.96,0.0,1.59,0
11.06,1.0,-0.16,1.16,12.06,3.6,110.58,2.16,0.0,4.91,8.82,-0.43,2.42,89.4,4.58,0.0,16.75,1.0,6.37,-0.16,-1.91,0.07,-0.58,56.91,0.82,0.0,2.16,1
31.56,35.72,1.0,1.0,-3.58,2.43,1035.78,1.0,54.0,0.0,-1.16,4.87,-2.58,95.0,2.72,1.72,10.98,2.0,3.47,0.0,-0.72,-0.53,0.0,168.0,0.86,0.0,4.28,0
4.79,-0.79,1.0,-2.37,-0.58,1.06,-27.33,3.0,-2.37,8.0,-4.19,1.9,0.0,1.53,4.79,-6.31,-2.73,1.21,0.03,1.79,1.79,-0.15,0.0,547.84,0.77,0.0,-1.58,0
49.0,1.0,1.34,24.95,2.0,15.68,2826.36,1.0,27.0,26.0,46.67,0.51,9.0,94.0,-0.98,0.34,50.67,0.34,5.25,-0.66,-0.33,1.31,0.0,6.0,0.97,0.0,2.0,1
0.0,0.0,1.0,0.0,0.0,-2.27,20.46,1.0,0.0,0.7,3.7,0.71,2.39,22.99,2.7,-0.7,2.09,1.0,1.97,0.7,1.39,1.25,0.0,6.0,0.92,0.0,0.0,0
-1.33,-2.0,1.0,-2.0,0.0,8.33,-267.43,1.0,-6.66,-8.66,-37.63,0.66,3.0,-44.63,3.0,-5.33,-8.32,0.33,5.27,1.67,3.33,0.9,0.0,-75.93,1.0,0.0,0.33,0
4.33,-0.87,1.0,1.73,0.0,2.13,87.55,1.0,4.33,0.87,4.87,1.7,2.6,57.15,1.73,2.0,6.06,0.0,12.71,-0.73,0.0,1.13,0.0,18.99,0.85,0.0,0.87,0
10.5,0.0,2.0,3.44,-11.69,1.94,13.67,1.0,0.0,15.0,-7.38,0.13,2.0,138.52,1.0,0.0,0.5,1.0,5.89,1.69,1.0,2.48,0.0,178.81,0.84,0.0,1.0,0
6.0,2.39,3.0,1.0,0.0,8.23,323.3,1.0,2.0,10.08,11.0,-2.79,1.0,122.72,0.61,-0.69,13.0,2.0,5.2,0.0,1.0,1.91,0.0,151.0,0.56,0.0,3.0,1
0.0,4.73,1.0,-2.18,1.0,4.54,422.95,1.0,6.0,0.0,47.91,0.28,-1.46,-72.78,3.18,13.73,10.73,3.73,1.55,-0.73,0.73,0.29,0.0,16.0,0.96,0.0,-0.46,1
1.0,0.0,1.0,7.0,17.0,7.0,186.0,1.0,0.0,0.0,16.0,1.17,0.0,78.0,1.0,1.0,1.0,1.0,128.12,1.0,1.0,1.89,0.0,6.0,0.98,0.0,1.0,0
-9.94,2.0,1.0,-23.85,-10.93,0.03,-110.1,1.0,0.0,0.0,0.0,4.86,2.98,-94.4,1.99,1.0,26.84,1.0,48.52,51.68,26.84,-0.54,0.0,1.03,0.9,0.0,0.99,0
0.97,0.0,1.97,0.0,0.0,10.89,114.65,1.0,0.0,3.89,12.68,-2.44,1.95,63.26,2.92,0.03,19.47,0.97,7.17,2.0,1.97,0.97,0.0,6.0,0.99,0.0,0.97,0
-8.2,0.0,1.0,-1.84,-11.05,8.92,19.5,1.0,1.0,1.0,3.92,3.67,-0.84,-40.08,1.92,0.0,9.24,2.0,-0.94,-0.92,-1.76,0.16,0.0,6.0,1.14,0.0,1.0,0
0.0,2.79,1.0,-1.86,-1.86,0.0,15.07,1.0,0.0,5.86,-1.65,0.74,1.0,7.9,0.07,-0.93,0.0,2.0,4.85,4.93,2.0,1.6,0.0,6.0,0.55,0.0,0.0,0
0.71,-11.83,1.0,0.71,7.84,8.72,-48.2,4.56,3.56,2.3,8.42,-2.16,4.71,15.46,4.43,8.55,17.01,2.43,13.56,0.29,2.71,2.31,0.0,207.16,0.63,0.0,1.29,0
6.72,1.0,3.0,0.28,0.0,5.28,285.79,1.0,2.0,15.15,11.72,-2.39,0.28,60.55,2.72,-0.72,13.0,2.72,5.68,0.0,1.72,2.48,0.0,151.0,0.63,0.0,2.28,1
2.13,-0.53,1.0,1.0,3.66,6.19,194.99,5.79,6.39,3.19,9.32,1.84,0.0,81.41,4.13,1.6,1.6,0.47,2.26,-0.53,0.47,0.11,0.0,430.89,0.91,0.0,0.53,1
7.42,3.42,1.0,0.0,1.0,-1.84,-5.04,3.0,0.86,10.57,10.86,-0.73,0.0,131.89,4.0,0.0,8.84,2.0,3.9,1.0,0.14,0.52,0.0,512.57,0.63,0.0,0.86,0
1.94,-2.84,1.0,29.07,0.0,27.63,1343.14,1.0,90.16,1.03,6.94,0.5,19.44,106.07,6.91,0.0,47.97,1.0,8.56,-0.97,0.03,3.07,0.0,6.0,1.06,0.0,1.0,0
16.12,21.0,1.0,-6.15,-14.93,-3.15,302.61,1.0,4.0,14.51,70.1,-0.16,0.0,86.85,3.76,1.12,22.0,3.0,-102.58,0.88,1.0,-0.47,0.0,619.0,0.4,0.0,4.12,1
3.38,25.03,1.0,0.6,0.0,6.81,326.43,1.0,3.19,15.74,-0.19,1.03,-1.38,136.55,-0.38,4.6,20.95,1.6,5.18,-0.79,-0.19,1.47,0.0,5.4,1.0,0.0,0.4,0
0.0,0.0,1.0,0.0,0.84,-5.01,12.14,1.0,0.0,-0.84,15.67,0.13,0.84,-20.89,5.51,0.0,-6.52,0.16,1.3,1.0,1.84,0.0,0.0,233.21,0.91,0.0,0.0,0
-2.45,1.61,1.0,0.0,-0.61,0.93,-6.73,-0.23,0.0,-4.3,5.68,1.71,0.0,-41.12,1.16,1.0,2.45,1.0,-0.07,0.0,1.0,-0.25,0.0,-303.31,1.04,0.0,0.61,0
3.58,0.0,6.0,1.42,3.0,23.2,367.93,0.42,1.58,2.73,10.54,0.43,8.73,93.15,1.0,0.0,12.93,1.0,8.89,2.73,3.15,3.87,0.0,-72.87,0.96,0.0,3.58,0
0.0,5.92,1.0,-0.92,0.0,6.24,331.3,1.0,2.92,8.76,27.92,-2.57,0.0,33.1,4.92,1.08,27.84,2.84,3.67,-0.92,0.92,1.77,0.0,37.0,0.97,0.0,1.08,1
5.86,0.41,1.0,14.06,6.44,7.51,98.83,1.0,-0.59,-1.17,0.83,1.83,1.17,14.64,3.0,-0.17,-2.93,0.41,1.49,0.59,1.59,0.15,0.59,8.93,0.87,0.0,-0.59,1
10.06,2.37,1.0,2.0,10.69,11.92,251.15,1.0,0.69,5.49,6.49,-4.39,7.06,138.31,1.69,-3.43,32.19,1.0,6.49,1.31,1.69,3.08,0.0,19.98,0.99,0.0,3.06,1
-3.32,0.83,1.0,0.0,-0.83,32.33,-18.79,-0.66,0.0,-4.63,-5.29,7.17,0.0,-31.66,-2.32,0.83,-0.83,0.34,1.53,2.66,1.0,-0.51,0.0,-411.82,0.64,0.0,0.0,0
-0.96,18.0,1.0,2.89,-0.96,15.79,375.35,1.0,0.0,8.0,13.72,5.02,1.93,196.45,-2.89,2.96,11.86,-0.96,5.13,1.0,-1.93,0.0,0.0,11.7,0.82,0.0,2.93,1
0.52,-4.7,0.48,0.0,3.61,-2.7,-236.35,5.7,5.75,-4.75,-3.79,0.75,-0.04,57.64,2.04,1.57,-17.81,1.0,1.62,1.0,0.48,1.29,0.0,484.3,0.98,0.0,0.0,0
-3.87,3.87,1.65,-2.16,-6.46,9.29,158.44,-0.29,0.0,0.0,15.9,6.52,-0.65,96.77,-0.65,3.65,2.29,-0.65,5.3,0.0,0.0,-0.28,0.0,6.0,1.04,0.0,1.0,0
-8.73,1.94,1.0,-1.94,-1.94,10.76,102.87,1.0,1.94,0.09,15.94,1.03,-0.97,59.06,0.03,0.0,24.57,2.0,1.75,-0.97,-1.94,0.65,0.0,-26.0,0.98,0.0,-0.91,0
-0.69,0.69,2.78,18.0,0.0,8.34,9.51,1.0,0.0,1.39,-6.95,1.58,7.64,-29.88,0.0,0.0,0.69,0.0,5.81,4.17,0.69,1.53,1.39,6.0,0.8,0.0,0.0,0
0.0,-6.27,1.81,2.42,0.0,14.62,-32.36,1.0,0.0,8.0,9.27,-2.3,4.0,29.0,3.0,0.0,22.0,1.0,10.52,-0.62,2.0,2.61,0.0,9.0,0.96,0.0,2.0,1
0.0,0.0,1.0,0.0,0.0,12.18,46.35,1.0,0.0,-1.27,0.09,4.62,5.64,-31.75,6.91,3.18,12.64,1.0,7.0,3.0,1.36,0.75,0.0,7.0,0.86,0.0,2.0,1
-9.19,0.0,1.0,-22.05,-10.11,-1.27,-90.94,1.0,0.0,3.67,7.51,0.77,1.16,-22.05,3.84,0.0,5.0,1.0,2.68,1.92,6.0,-0.66,-0.92,1.41,0.97,0.0,0.0,0
5.93,0.85,-1.54,1.69,8.47,-18.4,-61.6,1.0,-1.69,0.0,1.0,5.4,-8.47,67.74,-1.69,0.15,-15.24,0.0,-6.51,2.85,0.15,-1.27,0.0,8.54,0.8,0.0,0.0,0
0.0,-4.59,1.0,2.0,0.0,20.81,104.66,1.0,0.0,-1.97,4.31,2.74,1.97,109.84,3.97,4.97,13.53,2.0,4.37,0.0,2.0,1.07,0.0,54.0,0.45,0.0,3.66,1
2.0,1.58,2.58,30.0,0.0,20.68,1221.17,1.0,91.0,0.63,-9.04,0.58,20.37,41.88,4.79,0.0,34.79,0.21,13.55,5.52,2.37,2.87,1.58,6.0,0.99,0.0,-1.58,0
-0.69,1.0,1.0,0.69,0.0,48.15,53.93,1.0,0.0,-2.77,-4.15,10.7,0.0,28.36,-0.69,1.69,-3.84,0.0,5.85,7.84,1.0,-0.62,0.0,6.0,0.87,0.0,-0.69,0
-41.67,6.85,0.15,-11.06,-1.7,8.85,-2011.08,1.0,-20.96,-19.26,-14.27,1.78,-5.1,39.09,4.85,9.7,-10.32,1.0,1.89,2.55,1.0,-0.46,0.0,26.0,0.91,0.0,3.0,0
16.21,-0.8,1.0,3.6,3.6,4.0,181.85,1.0,0.0,2.6,3.8,0.21,2.2,119.04,6.6,0.0,-14.01,1.0,-0.4,1.0,3.8,2.0,0.0,63.02,0.93,0.0,5.6,1
0.0,1.0,1.0,2.79,0.0,4.93,120.36,1.0,0.0,0.0,6.52,7.85,0.0,93.08,1.14,1.93,0.0,0.07,1.57,1.0,-4.58,-0.7,0.0,6.0,0.91,0.0,1.86,0
3.0,-0.51,1.0,1.51,1.49,2.94,121.96,1.51,2.0,0.49,7.03,1.45,-0.52,68.53,1.0,0.0,1.43,1.0,3.0,1.49,1.0,0.16,0.0,92.46,0.99,0.0,1.0,0
-3.78,-34.97,1.0,-0.95,17.96,4.05,-263.02,1.0,-1.89,-12.29,19.96,1.13,0.0,-89.8,1.0,-0.95,-7.4,1.05,-1.27,0.95,1.95,0.86,0.0,67.0,0.89,0.0,0.0,0
0.0,0.0,1.0,0.0,0.0,8.89,61.41,1.0,0.0,-1.96,5.94,0.87,1.0,-32.38,4.96,0.0,7.91,0.02,1.16,0.02,2.98,0.33,0.0,72.83,0.74,0.0,1.98,1
0.0,0.0,1.0,-1.32,-1.32,25.82,285.54,1.0,0.0,5.34,10.64,3.19,1.0,6.55,1.68,2.64,13.95,0.34,6.85,1.66,0.34,1.0,0.0,6.0,1.02,0.0,2.32,0
0.52,0.0,1.0,0.0,19.0,7.04,1.2,1.0,-4.15,-9.85,1.37,0.7,1.0,-7.78,1.52,1.56,7.37,0.48,2.9,1.52,1.52,1.64,0.0,6.0,0.97,0.0,1.0,0
-2.43,0.0,1.0,0.86,3.43,6.43,94.48,1.0,3.0,-3.28,8.29,0.55,14.7,79.0,-0.43,1.0,23.71,2.0,2.86,0.86,-0.86,0.96,0.86,-7.7,0.78,0.0,-0.71,0
2.0,1.85,1.93,30.0,0.0,12.93,1406.35,1.0,91.93,3.0,18.69,-4.54,19.85,90.0,6.78,-0.93,49.76,1.93,7.37,-0.93,0.0,3.15,0.0,6.0,1.11,0.0,1.85,0
3.22,37.0,1.0,2.56,0.0,10.91,483.22,1.0,2.0,9.88,-7.03,4.48,-0.56,122.34,0.22,3.34,10.28,2.78,5.24,0.0,0.78,0.11,0.0,43.5,0.59,0.0,2.56,1
-10.52,-13.0,1.62,0.0,0.0,3.48,-199.31,1.0,-2.48,-6.81,-43.18,2.07,2.48,-57.55,3.0,-1.24,-8.66,1.0,0.11,1.0,1.38,0.06,0.0,-373.36,1.01,0.0,-2.48,0
-3.9,-0.82,0.37,-0.82,2.0,7.1,-176.7,1.0,-1.63,-6.54,-6.17,5.73,3.18,-62.9,0.18,0.0,-9.62,0.18,2.87,2.45,1.0,1.24,0.0,-112.45,0.99,0.0,-1.45,0
0.0,0.0,0.14,46.4,0.0,-17.7,-116.74,1.0,0.0,3.43,-1.71,1.67,1.0,100.0,0.86,-3.28,-4.0,0.86,-0.43,0.14,0.0,0.0,0.0,10.28,0.63,0.0,2.86,0
-3.85,0.0,1.0,-6.41,-1.57,3.0,66.62,1.0,0.64,0.0,7.92,2.01,0.08,-48.1,4.64,0.0,2.64,1.0,0.75,0.0,2.64,-0.78,0.0,184.0,0.8,0.0,1.0,1
-5.26,0.66,0.34,0.37,-5.26,34.94,206.57,1.0,0.0,-0.66,17.74,11.31,-0.66,38.9,-0.66,3.66,-8.86,-1.31,4.79,1.97,0.0,-0.88,0.0,-11.08,1.34,0.0,-0.31,0
-2.43,-5.3,0.19,0.0,0.0,3.83,-510.52,1.0,1.19,-9.36,-20.96,0.75,0.38,64.83,4.0,0.0,-19.69,1.0,3.31,1.62,1.0,0.83,0.0,-33.75,1.01,0.0,-0.62,0
1.0,0.85,1.0,0.0,0.0,9.0,188.47,1.0,3.85,3.55,14.24,0.17,1.85,137.63,-1.24,0.15,23.7,2.85,0.97,-0.85,-0.85,1.03,0.0,6.0,0.79,0.0,1.85,0
-34.88,12.09,1.23,-10.05,-1.55,0.31,-1316.99,1.0,-19.87,0.99,1.9,0.77,-4.96,59.72,1.45,-0.77,5.58,1.0,0.73,0.77,1.0,-0.39,0.0,55.0,0.82,0.0,0.45,0
0.0,0.0,1.0,0.0,0.0,6.0,67.95,1.0,0.0,0.0,7.99,-0.52,1.0,0.0,4.0,1.99,10.98,1.0,0.83,-1.99,2.0,0.33,0.0,68.0,0.24,0.0,1.0,1
0.0,5.0,2.16,0.0,0.0,5.22,8.14,1.0,-2.9,3.42,-2.32,1.03,0.58,14.76,1.0,-7.54,-0.74,-0.16,-14.75,2.74,4.48,1.11,0.58,6.0,0.89,0.0,0.58,0
9.46,2.06,1.0,0.0,4.7,4.24,97.68,1.0,2.0,7.06,7.58,0.32,3.82,56.5,0.12,4.0,13.12,1.0,5.53,1.0,1.94,2.83,0.0,6.0,1.03,0.0,0.06,0
6.12,0.0,1.0,10.79,5.68,-27.84,-89.3,1.0,-0.78,0.0,2.22,0.71,-3.12,146.45,-1.34,0.0,-10.69,1.0,-0.53,-2.34,0.22,1.13,0.0,6.0,0.99,0.0,0.22,0
-1.64,1.0,-3.1,-1.64,-2.46,-1.39,-155.42,1.0,-0.82,4.1,-3.28,3.38,-4.1,-16.42,3.64,0.0,7.39,1.82,0.47,2.0,0.18,-0.56,0.0,-9.6,0.97,0.0,0.0,0
11.31,14.84,-1.12,3.0,0.0,-13.21,327.91,1.0,1.41,7.78,63.43,2.21,-7.6,165.74,-0.71,1.71,6.41,1.41,-0.62,0.29,-0.71,-1.51,0.0,439.29,0.59,0.0,4.83,1
0.0,1.0,1.0,0.0,1.0,10.0,80.68,1.0,0.0,2.0,8.31,0.85,3.0,-0.14,3.24,0.0,16.52,1.0,5.0,1.76,1.0,0.49,0.0,8.0,1.15,0.0,1.76,1
0.0,6.83,1.0,0.0,0.0,2.18,296.17,1.0,2.0,2.0,22.34,3.3,-2.49,51.0,4.0,8.83,19.51,1.83,4.25,3.33,-2.33,-0.15,0.0,26.0,0.9,0.0,3.0,1
0.0,4.67,1.0,0.0,0.0,-0.67,55.02,1.0,0.0,4.0,2.67,0.44,0.0,83.0,3.01,-4.35,1.33,1.67,1.72,-1.34,1.0,0.89,0.0,6.0,0.74,0.0,0.0,0
2.12,3.0,1.0,0.0,0.0,2.23,31.3,1.0,0.0,14.7,7.93,0.25,2.88,24.35,2.12,0.0,12.16,2.12,3.81,0.0,5.42,0.93,0.0,6.23,0.99,0.0,-0.65,0
0.7,2.78,1.0,1.0,0.0,-2.09,64.35,2.0,0.0,1.7,7.61,-2.28,-1.39,97.69,5.39,-0.7,2.0,1.7,1.76,0.7,1.7,1.14,0.0,179.0,1.04,0.0,1.0,1
2.27,7.73,1.0,0.0,-0.86,-11.21,-205.44,1.0,0.14,-2.04,7.24,0.15,-3.45,70.69,-1.59,1.0,-27.09,2.0,0.95,0.86,0.86,-0.46,0.0,-4.8,0.83,0.0,0.27,0
3.86,2.0,4.29,0.64,0.0,18.5,243.74,1.0,1.29,5.15,5.79,0.2,3.64,49.54,1.36,-0.64,20.36,1.64,13.63,7.0,3.0,3.98,2.0,99.3,0.9,0.0,1.93,1
-14.16,-15.83,2.0,0.0,0.0,17.83,-143.57,1.0,-1.67,-7.5,-55.81,1.23,5.67,-13.33,3.67,-1.67,3.0,1.33,2.72,0.0,0.0,1.65,0.0,-504.61,1.41,0.0,-2.33,0
1.73,1.0,1.73,-5.85,0.0,12.73,213.31,1.0,1.0,9.92,13.12,-0.85,2.0,123.12,5.46,1.0,19.85,2.73,8.92,0.73,1.73,2.12,0.0,10.0,1.09,0.0,2.73,1
0.0,0.0,1.0,0.0,-0.83,4.83,4.92,1.0,-0.83,-0.83,0.17,-0.01,5.0,-41.41,-0.48,-1.66,30.31,1.0,53.04,52.0,31.14,1.21,1.0,-199.39,0.99,0.0,1.0,0
2.0,16.12,1.0,0.0,1.0,48.95,456.56,1.0,1.0,7.16,-5.16,4.6,7.0,89.55,1.31,1.79,24.27,0.1,8.78,3.0,0.1,2.29,0.0,-33.4,0.82,0.0,1.9,0
-0.77,1.77,1.0,0.0,0.0,3.69,43.23,1.0,-0.77,-1.31,3.0,0.72,1.23,10.38,4.0,0.0,17.54,1.0,3.17,-0.54,-0.54,-0.91,0.0,6.0,0.89,0.0,2.0,0
0.0,16.0,1.0,0.0,16.0,5.84,99.81,1.0,0.0,0.0,3.07,0.58,0.0,0.0,1.0,0.0,7.84,1.0,2.87,1.23,3.0,0.42,0.0,53.63,0.68,0.0,1.77,1
0.64,-1.93,1.0,2.0,0.0,10.93,-43.4,1.0,-5.8,-14.82,-17.62,4.41,1.29,67.14,3.93,2.36,-0.15,1.36,2.0,1.93,3.93,1.65,0.0,54.0,0.45,0.0,3.64,0
5.1,4.6,1.0,0.0,0.0,-8.1,-57.86,1.0,0.0,-0.8,-3.2,1.2,4.2,90.9,0.2,0.9,5.31,0.1,10.29,-0.9,1.0,-0.02,0.0,4.2,0.77,0.0,-0.7,0
21.9,0.0,3.9,3.94,21.9,6.87,431.99,3.0,0.97,6.03,23.61,-1.17,5.84,179.02,2.0,0.0,8.81,1.0,7.45,-0.94,-2.87,1.14,-0.97,110.32,0.72,0.0,4.94,1
1.35,-21.57,3.02,-0.67,3.0,-1.04,-168.44,1.0,0.33,16.85,22.87,1.37,-0.67,-0.67,2.0,0.0,-6.11,1.0,3.65,0.0,1.67,0.57,0.0,16.78,0.64,0.0,1.35,0
49.0,1.0,2.0,12.45,2.0,20.1,2804.91,1.0,27.0,26.0,45.8,0.37,8.45,38.92,3.55,1.0,52.55,1.55,7.45,0.0,1.0,1.8,0.0,6.0,0.98,0.0,0.9,0
0.0,3.48,1.0,0.0,0.0,8.69,39.85,1.0,0.0,-1.48,-2.95,8.16,0.0,-36.88,1.0,1.74,1.74,1.0,1.0,1.0,1.0,0.0,0.0,6.0,0.78,0.0,0.0,0
8.0,2.6,2.0,-3.79,8.0,3.0,29.41,1.0,-10.39,-11.12,8.0,0.21,1.0,86.08,1.87,0.0,13.4,2.0,2.26,0.0,1.87,1.53,0.0,32.0,0.52,0.0,2.0,1
1.0,0.0,2.0,0.0,0.31,12.56,49.22,1.0,-0.56,0.0,0.31,0.21,6.81,0.0,1.0,0.0,13.92,1.0,32.08,29.21,15.6,3.36,0.56,6.0,0.95,0.0,1.56,0
2.23,5.94,1.74,0.0,0.0,36.68,920.5,1.0,0.74,12.62,35.72,4.65,0.0,45.28,-0.74,5.0,30.52,0.0,3.28,0.26,0.0,0.25,0.0,42.37,0.93,0.0,2.0,1
1.79,-12.29,1.0,26.79,-14.29,13.93,1064.21,1.0,81.26,2.68,1.79,4.63,16.07,80.37,3.68,1.0,27.79,1.0,4.23,-0.79,-1.68,1.18,0.0,6.0,0.9,0.0,-0.89,0
0.0,-5.09,1.0,0.0,0.0,7.26,-25.58,1.0,0.0,-1.26,7.83,-0.45,0.0,23.21,3.13,0.0,5.26,1.0,1.4,-1.7,2.57,0.62,0.0,41.09,0.57,0.0,0.0,0
1.0,2.26,0.43,0.0,5.0,-1.09,55.26,1.0,0.0,2.26,4.43,0.97,0.0,46.97,0.43,0.57,6.3,1.0,49.63,-1.7,0.43,0.72,0.0,22.54,0.81,0.0,-0.13,0
19.64,21.0,1.0,2.64,0.88,3.88,477.42,1.0,4.0,10.12,70.96,1.05,0.0,170.39,2.0,2.0,20.24,3.0,-14.55,-1.76,1.0,1.45,0.0,619.0,0.41,0.0,5.88,1
0.0,0.0,-1.25,0.65,-1.3,-2.03,-151.67,1.0,-0.65,-0.65,-4.14,2.12,-4.54,-2.6,2.0,0.0,1.75,1.0,1.85,2.35,1.35,-0.6,0.0,90.37,0.87,0.0,0.7,0
4.63,3.86,3.32,0.0,0.0,15.46,219.77,1.0,0.77,31.33,24.52,-2.08,3.0,113.55,1.77,-0.77,21.4,3.54,1.73,1.23,3.77,2.47,0.0,18.35,0.71,0.0,3.32,1
8.0,1.0,1.0,3.23,11.23,-1.29,14.11,1.0,-1.23,-0.61,0.39,-0.25,5.0,110.63,0.39,0.61,-4.13,1.0,3.12,1.39,1.0,1.59,0.0,-1.42,0.92,0.0,-0.23,0
-0.91,0.91,1.0,0.0,0.0,5.74,20.04,1.0,0.0,-3.65,-1.57,1.87,1.0,-53.89,3.91,0.91,-4.31,1.0,-2.23,0.09,2.0,-0.82,0.0,12.0,0.87,0.0,0.09,0
-1.47,0.0,1.0,0.0,0.0,2.77,74.86,1.0,0.0,0.91,11.38,0.84,2.0,14.37,3.0,0.0,13.83,1.0,4.91,0.0,1.62,0.52,0.0,43.67,0.95,0.0,0.38,1
4.13,-0.69,1.69,0.69,1.38,8.44,86.82,1.0,1.38,0.0,3.75,6.82,3.06,58.5,5.38,5.0,-0.38,1.0,0.8,1.0,0.69,1.25,0.0,163.62,0.76,0.0,1.38,1
4.97,8.34,0.69,-0.66,3.29,9.09,690.12,1.0,-0.31,12.74,38.34,0.44,4.63,35.4,3.0,0.0,45.66,0.34,4.9,0.66,1.66,1.0,0.0,-40.28,0.98,0.0,0.69,0
3.43,9.0,1.0,0.0,0.0,-0.75,142.88,1.0,3.43,4.69,-0.37,1.32,2.06,41.66,2.37,-2.06,2.37,0.31,4.1,3.0,0.31,0.49,0.0,-16.65,1.31,0.0,-0.37,0
-25.9,-1.58,1.21,-23.74,2.0,7.25,-1136.72,1.0,-13.45,-42.73,-32.03,5.73,0.04,-75.96,1.0,0.0,-40.94,-2.96,1.22,2.37,1.0,1.52,0.0,-278.87,0.98,0.0,-2.96,0
2.0,0.76,2.0,17.0,5.0,-2.8,12.99,1.0,2.0,-0.76,-1.28,0.09,3.0,28.46,1.0,0.0,5.0,1.0,7.04,2.0,3.24,2.67,1.0,21.0,0.92,0.0,2.0,0
0.87,1.0,1.0,0.0,0.0,3.47,52.85,1.0,0.87,3.47,3.74,-4.91,1.74,38.2,2.0,-4.34,14.28,1.0,7.03,1.74,3.6,2.36,0.0,6.0,0.97,0.0,1.74,0
1.64,1.0,1.0,0.0,0.0,13.91,227.61,1.0,1.64,7.64,9.27,-1.31,2.64,105.43,4.64,-4.72,20.99,3.27,6.85,-1.27,1.0,2.19,0.0,10.0,1.04,0.0,2.64,1
-1.73,-4.62,0.42,2.73,1.73,3.38,-283.98,1.0,1.16,-10.4,-5.56,4.68,0.42,106.36,-0.58,5.62,-19.96,0.58,1.83,1.0,0.0,-0.02,0.0,-22.32,0.97,0.0,2.0,0
2.0,0.0,1.0,0.0,3.0,12.07,59.59,1.0,0.0,5.4,2.35,-3.56,10.7,19.57,1.0,-0.67,15.85,1.0,12.75,2.0,3.67,2.95,1.0,8.02,1.03,0.0,2.35,0
