CountDeclMethodPrivate,CountDeclMethodDefault,AvgEssential,CountDeclClassVariable,CountDeclClassMethod,AvgLineComment,CountDeclClass,CountDeclMethodProtected,CountDeclInstanceVariable,CountDeclMethodPublic,RatioCommentToCode,AvgLineBlank,PercentLackOfCohesion,MaxInheritanceTree,CountClassDerived,CountClassCoupled,CountClassBase,CountInput_Mean,CountInput_Min,CountOutput_Min,CountPath_Min,MaxNesting_Mean,OWN_COMMIT,MINOR_COMMIT,MINOR_LINE,MAJOR_LINE,target
0.0,0.0,4.0,1.0,0.0,2.0,1.0,0.0,1.0,2.0,1.06,4.0,25.0,3.0,0.0,1.0,1.0,3.5,2.0,4.0,2.0,3.25,0.0,0.0,4.0,0.0,0
0.0,0.0,1.0,0.0,0.0,0.0,1.0,0.0,1.0,2.0,0.75,2.0,0.0,3.0,0.0,2.0,1.0,3.0,3.0,3.0,1.0,0.75,0.0,0.0,1.0,0.0,0
0.0,0.0,1.0,1.0,0.0,5.0,1.0,0.0,3.0,9.0,1.05,0.0,63.0,2.0,0.0,6.0,1.0,1.78,1.0,1.0,1.0,0.67,0.0,0.0,3.0,1.0,0
0.0,0.0,1.0,0.0,0.0,0.0,1.0,0.0,0.0,1.0,1.18,0.0,0.0,2.0,0.0,6.0,1.0,2.0,2.0,5.0,1.0,0.5,0.0,0.0,1.0,0.0,0
0.0,0.0,3.0,0.0,0.0,0.0,1.0,1.0,7.0,3.0,0.23,5.0,64.0,2.0,0.0,5.0,1.0,3.0,0.0,2.0,1.0,1.67,1.0,0.0,1.0,2.0,0
0.0,0.0,1.0,0.0,0.0,2.0,1.0,2.0,2.0,2.0,0.46,0.0,50.0,2.0,0.0,2.0,1.0,1.5,0.0,1.0,1.0,0.67,0.0,0.0,2.0,0.0,0
0.0,0.0,1.0,0.0,0.0,0.0,1.0,1.0,0.0,1.0,1.0,1.0,0.0,2.0,2.0,0.0,1.0,3.0,3.0,1.0,1.0,0.0,0.0,0.0,2.0,0.0,0
0.0,1.0,1.0,0.0,0.0,7.0,1.0,0.0,0.0,0.0,3.71,0.0,0.0,0.0,2.0,2.0,0.0,1.0,1.0,1.0,1.0,0.0,1.0,0.0,1.0,0.0,0
0.0,0.0,1.0,0.0,0.0,1.0,1.0,1.0,0.0,0.0,0.54,2.0,0.0,2.0,0.0,6.0,2.0,3.0,3.0,18.0,16.0,5.0,0.0,0.0,1.0,1.0,0
1.0,0.0,1.0,0.0,2.0,8.0,1.0,0.0,0.0,1.0,0.69,4.0,0.0,1.0,0.0,7.0,1.0,0.5,0.0,2.0,1.0,0.0,0.0,0.0,1.0,0.0,0
0.0,0.0,1.0,0.0,0.0,0.0,1.0,0.0,0.0,2.0,0.74,2.0,0.0,2.0,0.0,6.0,1.0,3.5,2.0,2.0,1.0,0.0,1.0,0.0,3.0,0.0,1
0.0,0.0,1.0,0.0,0.0,0.0,1.0,0.0,0.0,2.0,1.62,0.0,0.0,2.0,0.0,2.0,1.0,0.5,0.0,2.0,1.0,0.0,1.0,0.0,1.0,1.0,0
0.0,0.0,1.0,0.0,0.0,1.0,1.0,1.0,0.0,2.0,0.53,0.0,0.0,4.0,0.0,4.0,1.0,2.0,1.0,2.0,1.0,2.4,0.0,0.0,2.0,0.0,0
0.0,0.0,1.0,0.0,0.0,0.0,1.0,0.0,0.0,2.0,2.09,0.0,0.0,3.0,1.0,1.0,1.0,1.0,0.0,2.0,1.0,0.0,1.0,0.0,1.0,2.0,0
0.0,0.0,1.0,0.0,1.0,6.0,1.0,0.0,0.0,1.0,0.3,10.0,0.0,1.0,0.0,11.0,1.0,1.0,1.0,11.0,1.0,1.25,0.5,0.0,1.0,1.0,0
0.0,0.0,1.0,0.0,0.0,3.0,2.0,0.0,2.0,3.0,1.36,0.0,0.0,1.0,0.0,4.0,2.0,4.33,3.0,2.0,1.0,0.43,0.0,0.0,1.0,0.0,0
0.0,0.0,1.0,0.0,0.0,0.0,1.0,0.0,4.0,15.0,0.27,0.0,78.0,1.0,0.0,2.0,1.0,2.53,0.0,1.0,1.0,0.59,0.0,0.0,1.0,1.0,0
1.0,0.0,1.0,1.0,0.0,5.0,1.0,0.0,0.0,2.0,0.33,7.0,66.0,2.0,0.0,13.0,1.0,1.67,1.0,1.0,1.0,1.8,1.0,0.0,1.0,0.0,0
1.0,0.0,2.0,1.0,0.0,0.0,1.0,10.0,6.0,0.0,0.1,2.0,71.0,1.0,0.0,1.0,1.0,8.0,2.0,1.0,1.0,2.08,0.0,0.0,2.0,1.0,0
0.0,0.0,1.0,0.0,0.0,0.0,1.0,0.0,0.0,2.0,2.0,0.0,0.0,1.0,0.0,0.0,2.0,1.0,1.0,1.0,1.0,1.2,0.0,0.0,1.0,0.0,0
0.0,0.0,1.0,0.0,0.0,0.0,1.0,0.0,0.0,2.0,2.22,0.0,0.0,1.0,0.0,1.0,2.0,0.0,0.0,0.0,1.0,0.0,0.0,0.0,2.0,0.0,0
0.0,1.0,1.0,0.0,0.0,1.0,1.0,0.0,5.0,6.0,0.9,0.0,62.0,1.0,0.0,0.0,1.0,3.57,1.0,1.0,1.0,0.0,0.0,0.0,3.0,0.0,0
5.0,0.0,2.0,0.0,2.0,2.0,2.0,0.0,8.0,9.0,0.38,1.0,76.0,1.0,0.0,20.0,2.0,4.64,2.0,1.0,1.0,2.06,0.0,0.0,2.0,0.0,0
16.0,0.0,1.0,19.0,12.0,2.0,11.0,6.0,22.0,75.0,0.56,0.0,95.0,2.0,0.0,15.0,2.0,3.2,0.0,0.0,1.0,0.72,0.0,0.0,2.0,4.0,1
8.0,0.0,1.0,1.0,3.0,1.0,1.0,0.0,0.0,2.0,0.24,1.0,90.0,2.0,0.0,9.0,1.0,3.5,1.0,1.0,1.0,2.92,0.0,0.0,2.0,2.0,0
1.0,0.0,1.0,0.0,0.0,2.0,1.0,0.0,3.0,5.0,0.29,1.0,16.0,2.0,0.0,4.0,1.0,7.33,3.0,2.0,1.0,2.67,1.0,0.0,2.0,0.0,0
3.0,0.0,1.0,0.0,0.0,0.0,1.0,1.0,2.0,9.0,0.13,0.0,57.0,2.0,0.0,16.0,1.0,3.92,1.0,2.0,1.0,0.0,0.0,0.0,2.0,0.0,0
0.0,0.0,2.0,0.0,0.0,0.0,1.0,0.0,1.0,5.0,0.81,0.0,0.0,1.0,0.0,1.0,2.0,1.4,1.0,1.0,1.0,0.62,0.0,0.0,2.0,0.0,0
0.0,3.0,1.0,0.0,0.0,6.0,1.0,0.0,0.0,0.0,6.33,0.0,0.0,0.0,2.0,0.0,0.0,1.0,1.0,0.0,1.0,0.0,0.0,0.0,2.0,0.0,0
0.0,2.0,1.0,0.0,0.0,0.0,1.0,0.0,0.0,0.0,3.8,0.0,0.0,0.0,2.0,1.0,0.0,0.0,0.0,0.0,1.0,0.0,0.0,0.0,2.0,0.0,0
0.0,0.0,0.0,0.0,0.0,0.0,1.0,0.0,26.0,0.0,0.02,0.0,0.0,0.0,2.0,0.0,0.0,0.0,0.0,0.0,0.0,0.0,0.0,0.0,1.0,0.0,0
15.0,0.0,5.0,8.0,1.0,0.0,1.0,1.0,11.0,7.0,0.0,0.0,88.0,1.0,0.0,3.0,2.0,4.35,1.0,1.0,1.0,1.48,0.0,0.0,1.0,0.0,0
0.0,0.0,1.0,1.0,0.0,0.0,2.0,1.0,2.0,14.0,0.41,0.0,88.0,1.0,3.0,2.0,2.0,1.93,0.0,0.0,1.0,0.28,0.0,0.0,2.0,1.0,0
0.0,0.0,1.0,0.0,1.0,0.0,1.0,0.0,3.0,2.0,0.42,0.0,66.0,2.0,0.0,1.0,1.0,1.5,1.0,1.0,1.0,0.75,0.0,0.0,2.0,1.0,0
0.0,0.0,1.0,0.0,0.0,1.0,1.0,1.0,2.0,1.0,1.17,0.0,0.0,2.0,0.0,3.0,1.0,1.5,1.0,4.0,1.0,0.0,0.0,0.0,1.0,1.0,0
4.0,0.0,2.0,5.0,5.0,11.0,1.0,0.0,0.0,1.0,0.61,3.0,72.0,1.0,0.0,7.0,1.0,5.2,2.0,1.0,1.0,2.14,0.0,0.0,3.0,2.0,0
0.0,0.0,1.0,0.0,0.0,0.0,1.0,0.0,1.0,2.0,0.48,0.0,0.0,2.0,0.0,5.0,1.0,2.5,2.0,2.0,1.0,1.5,0.0,0.0,1.0,0.0,0
0.0,0.0,1.0,0.0,0.0,1.0,1.0,0.0,1.0,2.0,1.04,0.0,0.0,1.0,0.0,5.0,2.0,2.5,2.0,2.0,1.0,0.75,0.0,0.0,1.0,0.0,0
0.0,0.0,0.0,1.0,0.0,0.0,1.0,0.0,0.0,0.0,0.51,0.0,0.0,1.0,0.0,0.0,1.0,0.0,0.0,0.0,0.0,0.0,0.0,0.0,4.0,0.0,0
0.0,0.0,1.0,0.0,0.0,5.0,1.0,0.0,0.0,1.0,1.75,0.0,0.0,4.0,0.0,3.0,1.0,1.0,1.0,3.0,2.0,1.0,0.0,0.0,2.0,0.0,0
0.0,0.0,1.0,0.0,0.0,0.0,1.0,0.0,0.0,2.0,1.78,0.0,0.0,2.0,0.0,1.0,1.0,2.0,2.0,2.0,1.0,0.0,0.0,0.0,2.0,0.0,0
0.0,0.0,1.0,0.0,0.0,0.0,1.0,0.0,1.0,2.0,1.89,0.0,0.0,3.0,0.0,2.0,1.0,3.0,2.0,4.0,1.0,1.5,1.0,0.0,5.0,0.0,0
0.0,0.0,1.0,0.0,0.0,1.0,1.0,2.0,1.0,2.0,2.06,0.0,25.0,2.0,9.0,0.0,1.0,3.25,0.0,1.0,1.0,0.0,0.67,0.0,5.0,1.0,1
0.0,0.0,1.0,0.0,0.0,0.0,1.0,0.0,0.0,1.0,2.86,0.0,0.0,2.0,0.0,0.0,1.0,10.0,10.0,1.0,1.0,0.0,0.0,0.0,1.0,0.0,0
0.0,0.0,1.0,0.0,0.0,5.0,1.0,0.0,0.0,3.0,5.88,0.0,0.0,0.0,2.0,0.0,0.0,4.0,2.0,0.0,1.0,0.0,1.0,0.0,2.0,0.0,0
0.0,0.0,3.0,1.0,1.0,1.0,1.0,0.0,2.0,4.0,0.56,0.0,58.0,1.0,0.0,1.0,2.0,4.5,2.0,1.0,1.0,1.5,0.0,0.0,3.0,0.0,0
2.0,5.0,1.0,0.0,0.0,1.0,2.0,3.0,17.0,7.0,0.47,0.0,62.0,2.0,1.0,3.0,1.0,4.47,0.0,1.0,1.0,0.95,0.0,0.0,1.0,0.0,0
0.0,2.0,1.0,0.0,0.0,4.0,1.0,4.0,3.0,0.0,1.13,1.0,44.0,1.0,1.0,2.0,1.0,3.83,1.0,0.0,1.0,1.5,0.0,0.0,1.0,0.0,0
1.0,7.0,1.0,0.0,0.0,1.0,3.0,0.0,8.0,14.0,0.4,0.0,78.0,2.0,0.0,6.0,2.0,1.73,0.0,0.0,1.0,0.62,0.0,0.0,3.0,3.0,0
0.0,1.0,1.0,0.0,0.0,1.0,1.0,0.0,3.0,7.0,0.54,0.0,54.0,1.0,1.0,0.0,2.0,2.5,1.0,1.0,1.0,1.1,0.0,0.0,3.0,0.0,0
0.0,0.0,1.0,0.0,0.0,3.0,1.0,0.0,0.0,5.0,2.47,0.0,0.0,1.0,6.0,1.0,1.0,28.8,1.0,0.0,1.0,0.86,0.0,0.0,4.0,0.0,0
27.0,0.0,5.0,8.0,1.0,0.0,1.0,1.0,11.0,7.0,0.0,0.0,87.0,1.0,0.0,3.0,2.0,4.89,1.0,1.0,1.0,1.65,1.0,0.0,3.0,3.0,1
8.0,4.0,1.0,1.0,0.0,3.0,5.0,1.0,14.0,17.0,0.56,0.0,80.0,2.0,0.0,12.0,2.0,2.77,0.0,1.0,1.0,0.69,1.0,0.0,4.0,3.0,0
0.0,0.0,1.0,0.0,0.0,0.0,3.0,1.0,7.0,20.0,0.29,0.0,61.0,2.0,0.0,9.0,2.0,2.1,0.0,0.0,1.0,0.2,1.0,0.0,1.0,2.0,0
1.0,0.0,2.0,0.0,0.0,5.0,1.0,2.0,8.0,9.0,0.76,0.0,69.0,2.0,1.0,3.0,1.0,3.5,1.0,1.0,1.0,1.79,0.0,0.0,2.0,1.0,0
0.0,0.0,1.0,1.0,0.0,8.0,3.0,0.0,0.0,6.0,2.8,0.0,100.0,1.0,1.0,4.0,1.0,1.0,0.0,1.0,1.0,0.0,1.0,0.0,1.0,0.0,0
1.0,3.0,3.0,0.0,0.0,6.0,1.0,1.0,2.0,0.0,0.59,0.0,30.0,2.0,0.0,3.0,1.0,6.0,3.0,1.0,1.0,1.71,1.0,0.0,5.0,0.0,0
0.0,0.0,1.0,0.0,0.0,2.0,1.0,0.0,0.0,1.0,2.86,0.0,0.0,1.0,17.0,1.0,2.0,12.0,12.0,1.0,1.0,0.0,0.0,0.0,4.0,0.0,0
1.0,1.0,1.0,0.0,0.0,5.0,1.0,0.0,4.0,6.0,1.33,0.0,53.0,1.0,0.0,3.0,2.0,2.5,0.0,2.0,1.0,0.4,0.0,0.0,2.0,2.0,0
0.0,0.0,1.0,0.0,0.0,1.0,1.0,0.0,0.0,3.0,2.17,0.0,0.0,3.0,0.0,2.0,1.0,2.33,0.0,2.0,1.0,0.0,0.0,0.0,4.0,1.0,0
0.0,0.0,1.0,0.0,0.0,0.0,2.0,0.0,1.0,6.0,1.07,0.0,0.0,2.0,0.0,4.0,2.0,1.5,1.0,1.0,1.0,0.33,0.0,0.0,1.0,0.0,0
0.0,0.0,1.0,0.0,0.0,1.0,1.0,0.0,2.0,1.0,2.56,0.0,0.0,1.0,1.0,0.0,2.0,5.0,5.0,3.0,1.0,0.0,0.0,0.0,3.0,0.0,0
5.0,1.0,3.0,0.0,2.0,2.0,2.0,0.0,11.0,8.0,0.45,0.0,76.0,1.0,0.0,4.0,2.0,3.79,2.0,1.0,1.0,1.67,0.0,0.0,1.0,1.0,0
8.0,0.0,1.0,0.0,0.0,0.0,3.0,1.0,14.0,15.0,0.26,0.0,76.0,2.0,0.0,7.0,2.0,3.79,1.0,2.0,1.0,0.82,0.0,0.0,3.0,1.0,0
0.0,5.0,1.0,0.0,0.0,3.0,1.0,0.0,0.0,0.0,4.11,0.0,0.0,0.0,7.0,0.0,0.0,19.2,16.0,1.0,1.0,0.0,0.0,0.0,3.0,0.0,0
0.0,0.0,1.0,0.0,0.0,0.0,2.0,1.0,6.0,14.0,0.28,1.0,70.0,2.0,1.0,11.0,2.0,9.8,0.0,1.0,1.0,0.39,1.0,0.0,3.0,4.0,0
0.0,0.0,1.0,0.0,1.0,0.0,1.0,0.0,0.0,1.0,0.33,15.0,0.0,1.0,0.0,6.0,1.0,2.0,2.0,14.0,480.0,2.0,1.0,0.0,1.0,0.0,1
0.0,0.0,2.0,0.0,6.0,5.0,1.0,0.0,0.0,6.0,1.05,0.0,0.0,1.0,0.0,0.0,1.0,2.83,2.0,2.0,2.0,1.0,0.0,0.0,1.0,0.0,0
1.0,0.0,2.0,0.0,1.0,4.0,1.0,0.0,0.0,1.0,1.81,0.0,0.0,1.0,0.0,0.0,1.0,2.0,0.0,1.0,1.0,1.5,0.0,0.0,3.0,0.0,0
3.0,0.0,1.0,0.0,0.0,2.0,5.0,0.0,12.0,16.0,0.22,3.0,70.0,3.0,0.0,22.0,2.0,3.58,1.0,2.0,1.0,1.84,1.0,0.0,1.0,0.0,1
0.0,0.0,1.0,0.0,0.0,0.0,1.0,2.0,2.0,1.0,0.11,3.0,0.0,3.0,0.0,12.0,1.0,2.33,2.0,2.0,1.0,0.0,1.0,0.0,2.0,1.0,1
0.0,0.0,1.0,1.0,0.0,1.0,7.0,1.0,2.0,15.0,0.32,1.0,100.0,3.0,0.0,6.0,1.0,1.69,0.0,1.0,1.0,0.42,1.0,0.0,2.0,1.0,1
6.0,0.0,1.0,1.0,1.0,1.0,5.0,5.0,4.0,43.0,0.15,1.0,96.0,3.0,0.0,35.0,2.0,2.48,0.0,1.0,1.0,0.47,0.25,0.0,6.0,6.0,1
4.0,0.0,1.0,0.0,0.0,1.0,1.0,2.0,0.0,13.0,0.46,0.0,0.0,4.0,0.0,15.0,1.0,3.47,0.0,1.0,1.0,0.52,1.0,0.0,1.0,0.0,0
0.0,0.0,1.0,0.0,0.0,0.0,1.0,0.0,1.0,3.0,1.0,0.0,0.0,2.0,0.0,1.0,1.0,1.0,0.0,1.0,1.0,0.0,0.0,0.0,3.0,0.0,0
0.0,0.0,1.0,0.0,0.0,1.0,4.0,1.0,7.0,15.0,0.23,0.0,80.0,3.0,0.0,23.0,1.0,2.25,0.0,1.0,1.0,0.71,0.25,0.0,1.0,3.0,1
0.0,0.0,1.0,2.0,0.0,0.0,1.0,2.0,2.0,14.0,0.22,0.0,75.0,3.0,0.0,18.0,1.0,3.19,1.0,1.0,1.0,0.17,1.0,0.0,1.0,2.0,1
0.0,0.0,1.0,1.0,0.0,4.0,2.0,0.0,3.0,17.0,0.29,4.0,55.0,3.0,0.0,21.0,2.0,2.06,0.0,1.0,1.0,0.0,1.0,0.0,5.0,4.0,1
3.0,0.0,1.0,0.0,0.0,0.0,1.0,0.0,2.0,4.0,0.17,2.0,57.0,3.0,0.0,13.0,1.0,2.86,0.0,3.0,1.0,0.33,1.0,0.0,3.0,2.0,1
2.0,0.0,1.0,0.0,1.0,0.0,3.0,2.0,5.0,21.0,0.22,0.0,61.0,3.0,0.0,16.0,1.0,2.2,0.0,0.0,1.0,0.48,1.0,0.0,3.0,0.0,1
0.95,0.0,0.95,1.0,0.0,4.76,1.0,0.0,0.0,1.9,0.34,6.66,62.79,1.95,0.0,12.37,1.0,1.59,0.95,0.95,0.95,1.71,0.95,0.0,1.15,0.0,0
2.6,0.67,1.0,0.33,0.98,5.05,1.0,0.0,0.0,0.65,2.58,0.33,29.29,0.65,1.35,4.28,0.33,1.81,1.0,1.0,1.0,0.95,0.67,0.0,1.33,0.65,0
0.0,0.0,1.0,0.92,0.0,4.58,1.0,0.0,2.75,8.41,1.14,0.0,57.73,2.08,0.08,5.58,1.0,1.71,0.92,1.08,1.0,0.61,0.08,0.0,2.83,1.08,0
0.41,0.0,1.0,0.0,0.0,2.59,1.0,0.14,0.28,5.55,2.15,0.0,7.84,1.14,5.17,3.06,1.0,25.38,1.0,0.28,1.0,0.74,0.0,0.0,3.72,0.0,0
1.0,3.0,3.0,0.0,0.0,5.99,1.0,1.0,2.0,0.0,0.59,0.0,29.96,2.0,0.0,3.0,1.0,5.99,3.0,1.0,1.0,1.71,1.0,0.0,5.0,0.0,0
2.18,0.0,1.0,0.27,0.82,0.27,1.73,0.0,0.73,4.91,0.84,0.27,24.47,2.0,0.0,5.36,1.73,2.04,1.0,1.0,1.0,1.04,0.0,0.0,1.27,0.54,0
0.0,0.0,0.77,0.0,0.0,0.0,1.0,0.0,5.9,1.55,1.62,0.0,0.0,2.32,1.23,0.77,0.77,0.77,0.0,1.55,0.77,0.0,0.77,0.0,1.0,1.55,0
0.0,4.74,1.0,0.0,0.0,2.85,1.0,0.0,0.0,0.1,4.01,0.0,0.0,0.15,6.69,0.05,0.05,18.26,15.17,1.05,1.0,0.0,0.05,0.0,2.9,0.1,0
0.44,0.0,0.88,1.0,0.0,0.0,1.0,4.38,2.63,0.0,0.33,0.88,31.11,1.0,0.0,0.44,1.0,3.51,0.88,0.44,0.44,0.91,0.0,0.0,3.12,0.44,0
0.0,1.69,1.0,0.0,0.0,3.82,1.0,0.0,0.87,0.44,4.69,0.0,0.0,0.44,1.56,0.0,0.87,2.74,2.74,1.31,1.0,0.0,0.0,0.0,2.44,0.0,0
0.0,0.0,1.56,0.19,0.0,4.44,1.0,0.0,0.19,2.81,4.98,0.75,4.69,0.56,1.62,0.19,0.19,3.91,2.0,0.75,1.19,0.61,0.81,0.0,2.38,0.0,0
0.0,0.0,1.0,1.88,0.0,0.0,1.0,1.88,1.88,13.28,0.33,0.0,70.49,2.88,0.0,16.92,1.06,3.06,1.0,1.0,1.0,0.23,0.94,0.0,1.0,1.88,1
1.82,0.0,1.49,0.97,0.12,0.0,1.0,0.12,1.34,1.73,1.04,0.0,10.68,1.88,0.0,5.64,1.12,2.28,1.88,4.51,1.0,0.62,0.0,0.0,1.0,0.0,0
0.55,1.65,2.1,0.0,0.0,3.3,1.45,0.55,1.55,2.7,0.81,0.0,16.48,2.0,0.0,3.45,1.45,3.97,2.1,1.0,1.0,1.09,0.55,0.0,3.2,0.0,0
0.0,0.0,1.0,0.0,0.0,0.0,1.0,0.77,3.23,9.61,0.21,1.15,47.99,1.77,0.0,5.85,1.0,2.46,0.77,1.38,1.0,0.36,0.38,0.0,1.38,1.0,0
0.0,0.0,1.85,0.0,0.0,0.29,1.0,0.29,1.15,4.56,0.76,0.0,7.37,1.15,0.0,1.15,1.85,1.41,0.85,1.0,1.0,0.63,0.0,0.0,2.0,0.0,0
0.0,0.96,1.0,0.0,0.0,1.0,1.0,0.0,2.89,6.85,0.6,0.0,52.02,1.07,0.96,0.07,1.96,2.49,0.96,1.04,1.0,1.06,0.0,0.0,3.04,0.04,0
0.0,0.0,1.0,0.08,0.92,0.42,1.0,0.0,0.25,1.67,0.39,13.75,5.26,1.08,0.0,6.0,1.0,1.98,1.92,12.91,439.98,1.89,0.92,0.0,1.17,0.08,1
0.0,0.0,3.68,0.89,0.0,1.79,1.0,0.0,0.89,2.0,1.16,3.57,22.34,2.79,0.0,0.89,1.11,3.23,1.89,3.68,1.89,3.03,0.0,0.0,3.68,0.0,0
0.0,0.0,0.89,0.0,0.0,0.0,1.0,0.0,3.8,1.78,1.68,0.0,0.0,2.66,0.22,1.78,0.89,2.66,1.78,3.55,0.89,1.33,0.89,0.0,4.55,0.0,0
5.12,0.0,2.37,2.73,0.34,0.0,1.0,0.34,3.76,3.71,0.49,1.32,30.05,1.66,0.0,4.98,1.34,3.79,1.66,1.66,1.0,0.51,0.66,0.0,2.32,0.0,0
0.0,0.4,1.0,0.0,0.8,4.79,1.0,0.0,0.0,0.8,1.01,7.98,0.0,0.8,0.4,8.98,0.8,0.8,0.8,8.78,1.0,1.0,0.4,0.0,1.2,0.8,0
5.53,0.0,2.47,2.95,0.37,0.0,1.0,0.37,4.05,3.21,1.81,0.0,32.42,1.63,0.0,1.11,1.37,7.92,6.68,1.0,1.0,0.55,0.0,0.0,1.0,0.0,0
1.0,0.0,2.0,0.71,0.29,1.14,1.0,7.15,4.29,0.29,0.59,1.43,50.76,1.0,0.0,0.71,1.0,6.29,1.43,1.0,1.0,1.91,0.0,0.0,2.29,0.71,0
5.22,0.0,1.0,0.87,1.0,1.65,4.48,4.35,3.48,37.52,0.17,2.17,83.49,2.74,0.0,31.87,1.87,2.29,0.13,2.3,1.0,0.57,0.28,0.0,5.35,5.35,1
1.4,3.5,1.0,0.0,0.0,0.7,1.7,2.1,12.2,5.5,0.47,0.0,43.4,2.0,0.7,3.6,1.0,3.88,0.6,1.3,1.0,1.12,0.0,0.0,1.0,0.0,0
1.86,0.0,1.0,0.0,0.0,0.0,1.0,0.0,1.24,2.86,0.55,1.24,35.34,2.62,0.0,10.34,1.0,2.53,0.76,3.76,1.0,0.4,0.62,0.0,2.24,1.24,1
15.08,0.0,3.23,4.47,1.0,2.65,1.0,0.56,6.15,4.35,0.13,4.41,48.61,1.0,0.0,6.53,1.56,3.17,1.0,5.41,1.0,1.47,0.78,0.0,2.12,2.12,0
0.0,1.97,1.0,0.0,0.0,1.18,1.0,0.0,2.43,9.1,1.78,0.0,47.33,0.61,2.75,1.21,0.61,9.09,6.29,1.0,1.0,0.36,0.0,0.0,1.79,0.61,0
0.51,1.54,2.03,0.0,0.0,3.08,1.0,0.51,1.51,0.97,0.67,0.97,15.38,2.49,0.0,2.51,1.0,4.54,3.0,1.97,1.0,1.24,0.51,0.0,3.05,0.0,0
1.58,0.0,1.16,0.33,1.96,7.67,1.0,0.04,0.45,1.25,0.66,3.84,3.63,1.0,0.0,6.84,1.04,0.66,0.04,1.96,1.0,0.06,0.0,0.0,1.0,0.0,0
0.0,0.0,1.0,1.08,0.0,0.0,1.0,2.0,2.0,8.05,0.17,1.37,40.66,3.0,0.0,15.25,1.0,2.8,1.46,1.46,1.0,0.09,1.0,0.0,1.46,1.54,1
0.38,0.0,1.08,0.0,0.15,0.15,1.08,0.0,0.6,2.53,0.71,1.92,5.71,1.92,0.0,7.05,1.08,3.59,2.0,1.92,1.0,0.15,0.92,0.0,2.92,0.0,1
4.07,0.07,2.07,4.66,4.8,10.39,1.07,0.0,0.75,1.48,0.6,2.8,72.27,1.0,0.0,6.8,1.07,5.1,2.0,1.0,1.0,2.11,0.0,0.0,2.86,1.93,0
0.0,1.0,1.0,0.0,0.0,7.0,1.0,0.0,0.0,0.0,3.71,0.0,0.0,0.0,2.0,2.0,0.0,1.0,1.0,1.0,1.0,0.0,1.0,0.0,1.0,0.0,0
1.0,3.61,2.7,0.0,0.0,5.24,1.3,0.85,2.91,2.13,0.56,0.0,37.32,2.0,0.0,3.46,1.15,5.35,2.54,0.85,1.0,1.55,0.85,0.0,4.7,0.46,0
0.0,0.0,1.0,0.0,0.0,0.31,1.0,0.0,0.0,2.31,1.85,0.0,0.0,1.9,0.62,1.0,1.0,4.78,1.9,1.79,1.0,0.09,0.0,0.0,2.21,0.0,0
0.0,0.99,1.0,0.0,0.0,1.0,1.0,0.01,2.98,6.95,0.54,0.02,53.58,1.01,0.99,0.05,2.0,2.5,1.02,1.13,1.12,1.13,0.0,0.0,2.98,0.01,0
0.0,0.0,1.0,0.87,0.0,3.46,1.87,0.0,2.73,15.11,0.39,3.46,47.58,2.87,0.0,18.3,1.87,1.92,0.0,1.0,1.0,0.0,0.87,0.0,4.73,3.46,1
0.0,0.0,1.0,0.0,0.0,0.0,1.0,1.33,1.33,1.0,0.47,1.99,0.0,2.66,0.0,9.99,1.0,2.22,2.0,3.01,1.0,0.17,0.66,0.0,1.66,0.66,1
0.43,0.0,3.13,0.57,0.43,2.87,1.0,0.0,0.57,1.57,1.39,2.26,14.13,2.13,0.0,0.57,1.0,2.85,1.13,2.7,1.57,2.49,0.0,0.0,3.57,0.0,0
0.0,1.0,1.0,0.0,0.0,2.01,1.0,2.01,1.51,1.0,1.45,0.5,22.11,1.5,0.5,1.5,1.0,2.92,1.5,1.0,1.0,0.75,0.0,0.0,1.5,0.0,0
0.0,0.0,1.0,0.0,0.0,0.0,1.0,0.0,3.01,11.78,0.64,0.0,58.7,1.25,0.0,1.75,1.0,2.4,0.49,1.25,1.0,0.44,0.0,0.0,1.25,0.75,0
0.46,0.54,1.46,0.0,0.46,2.37,1.0,0.0,2.72,3.72,1.32,0.0,33.71,1.0,0.0,0.0,1.0,2.85,0.54,1.0,1.0,0.68,0.0,0.0,3.0,0.0,0
0.0,0.0,1.0,0.0,0.0,0.0,1.63,0.0,1.0,4.53,1.37,0.0,0.0,2.37,0.0,3.26,1.63,2.05,1.37,2.1,1.0,0.76,0.37,0.0,2.47,0.0,0
0.06,0.0,1.06,0.0,0.06,0.22,1.94,0.94,5.67,13.28,0.37,0.94,66.1,1.94,0.94,10.39,1.94,9.37,0.0,1.0,1.0,0.45,0.94,0.0,3.0,3.78,0
0.0,0.0,1.0,0.67,0.0,3.34,1.0,0.0,2.01,6.68,1.29,0.0,42.11,2.0,0.0,4.34,1.0,1.85,1.33,1.33,1.0,0.45,0.0,0.0,2.67,0.67,0
4.22,0.0,1.63,1.25,0.16,0.84,1.0,1.0,3.41,1.94,0.99,0.0,13.6,1.84,0.0,3.0,1.16,2.03,1.0,3.53,1.0,0.26,0.16,0.0,1.31,1.31,0
0.0,0.0,1.0,0.0,0.0,0.01,1.0,0.01,0.99,1.97,0.48,0.03,0.0,2.0,0.0,5.01,1.01,2.51,2.01,2.23,1.22,1.55,0.0,0.0,1.0,0.01,0
1.67,0.0,1.42,2.09,2.67,4.6,1.0,0.0,1.75,1.58,0.5,1.25,68.51,1.58,0.0,3.51,1.0,3.05,1.42,1.0,1.0,1.33,0.0,0.0,2.42,1.42,0
0.0,0.0,1.0,0.0,0.0,0.0,2.32,0.66,4.97,13.91,0.45,0.68,40.38,2.34,0.0,6.63,1.66,2.4,1.01,1.01,1.0,0.39,0.66,0.0,1.0,1.32,0
0.0,3.57,1.0,0.0,0.0,2.14,1.57,0.29,2.01,5.74,3.01,0.0,17.5,0.57,4.99,2.58,0.57,14.29,11.41,0.71,1.0,0.06,0.29,0.0,2.43,0.57,0
0.0,0.0,1.0,0.94,0.0,1.11,6.66,0.94,1.89,14.43,0.44,0.94,94.34,2.89,0.34,5.72,1.0,3.22,0.06,0.94,1.0,0.44,0.94,0.0,2.11,0.94,1
3.51,0.7,2.4,0.0,1.4,2.3,1.7,0.0,7.71,7.1,1.05,0.0,53.29,1.0,1.79,3.1,1.7,11.26,1.7,0.7,1.0,1.42,0.0,0.0,1.9,0.7,0
0.1,0.0,2.9,0.9,1.0,1.3,1.0,0.0,1.8,3.7,0.69,0.0,52.14,1.0,0.0,0.9,1.9,4.25,1.8,1.0,1.0,1.5,0.0,0.0,3.0,0.0,0
8.27,0.0,3.21,4.41,0.55,0.0,1.45,0.55,6.52,6.55,0.48,0.0,48.54,1.45,0.0,3.45,2.0,3.07,1.0,1.0,1.0,0.97,0.0,0.0,1.0,0.0,0
0.0,0.94,1.17,0.06,0.0,6.71,1.0,0.0,0.06,0.12,3.56,0.23,1.45,0.17,1.88,1.94,0.06,1.14,1.06,1.17,1.06,0.19,0.94,0.0,1.17,0.0,0
0.5,0.0,1.0,1.0,0.0,5.0,1.0,0.0,1.49,5.48,0.69,3.52,64.51,2.0,0.0,9.52,1.0,1.72,1.0,1.0,1.0,1.24,0.5,0.0,1.99,0.5,0
0.45,1.89,1.89,0.0,0.0,3.23,1.0,0.45,2.55,3.88,0.56,0.0,43.31,1.45,0.55,1.34,1.55,4.06,1.89,1.0,1.0,1.37,0.45,0.0,3.89,0.0,0
1.84,0.39,1.0,0.0,0.0,0.39,1.0,0.0,2.39,5.16,0.31,1.22,55.84,2.22,0.39,7.96,1.39,2.72,0.39,2.22,1.0,0.63,0.61,0.0,3.0,1.22,1
4.92,2.57,1.0,0.0,0.0,0.51,2.49,2.03,15.54,10.89,0.37,0.0,68.81,2.0,0.51,4.95,1.49,4.14,0.49,1.49,1.0,0.89,0.0,0.0,1.97,0.49,0
15.4,0.0,1.08,18.32,11.59,1.96,10.62,5.77,21.25,72.33,0.56,0.0,93.61,1.96,0.0,14.47,2.0,3.24,0.08,0.04,1.0,0.75,0.0,0.0,2.04,3.85,1
6.63,0.0,2.77,3.54,0.44,0.0,1.0,0.44,5.42,4.21,0.27,0.0,38.91,1.56,0.0,4.12,1.44,3.32,1.56,1.56,1.0,1.49,0.0,0.0,1.0,0.0,0
5.95,0.0,1.0,1.0,0.99,1.0,5.02,4.96,3.98,42.75,0.15,1.0,96.04,3.0,0.0,34.74,1.99,2.47,0.0,1.0,1.0,0.47,0.26,0.0,5.96,5.96,1
0.0,1.68,1.0,0.0,0.0,0.0,1.0,0.0,0.64,2.4,3.24,0.0,12.47,0.16,1.68,1.16,0.16,0.4,0.0,0.16,1.0,0.09,0.0,0.0,1.84,0.16,0
0.0,0.0,1.0,0.0,0.0,0.0,1.0,0.0,2.84,10.37,0.55,0.0,47.93,1.39,0.0,1.61,1.0,1.94,0.0,1.0,1.0,0.36,0.0,0.0,1.77,0.61,0
0.89,0.0,1.0,0.0,0.0,0.7,1.0,1.0,0.59,2.67,0.42,1.41,16.91,2.0,0.0,8.97,1.7,3.27,2.41,13.25,11.55,3.52,0.0,0.0,1.3,0.7,0
4.0,0.0,2.0,4.99,4.99,10.99,1.0,0.0,0.0,1.0,0.61,3.0,71.92,1.0,0.0,6.99,1.0,5.2,2.0,1.0,1.0,2.14,0.0,0.0,3.0,2.0,0
0.0,0.0,1.0,0.81,0.0,0.81,5.84,0.81,1.81,12.68,0.45,0.81,80.68,2.81,0.0,5.03,1.0,1.55,0.0,1.0,1.0,0.34,0.81,0.0,2.19,0.81,1
2.98,0.0,1.0,0.01,0.0,0.05,1.0,0.0,1.98,3.98,0.17,2.05,57.1,2.99,0.0,13.0,1.0,2.84,0.01,2.98,1.0,0.35,1.0,0.0,2.98,1.98,1
0.0,0.62,1.79,0.0,0.0,1.24,1.0,0.0,0.79,3.97,1.95,0.0,0.0,0.79,0.41,0.79,1.59,1.32,1.0,0.79,1.0,0.5,0.0,0.0,2.0,0.0,0
0.0,0.0,1.52,0.0,3.11,5.0,1.0,0.0,0.0,3.59,1.39,0.0,0.0,2.44,0.0,1.44,1.0,1.95,1.52,2.48,2.0,1.0,0.0,0.0,1.48,0.0,0
1.39,0.0,1.0,0.17,0.52,1.0,1.0,0.83,0.0,0.35,0.49,1.83,15.64,2.0,0.0,6.52,1.83,3.09,2.65,15.05,13.39,4.64,0.0,0.0,1.17,1.17,0
0.0,0.0,1.0,0.0,0.0,0.97,1.0,0.0,0.0,1.0,2.0,0.0,0.0,1.51,8.27,3.57,1.49,6.86,6.86,3.06,1.0,0.26,0.0,0.0,2.46,0.0,0
0.0,0.0,1.0,0.94,0.0,7.49,2.94,0.0,0.06,6.0,2.69,0.0,93.69,1.06,0.94,4.0,1.06,1.03,0.06,1.0,1.0,0.02,0.94,0.0,1.0,0.0,0
0.1,0.9,1.0,0.0,0.0,6.48,1.0,0.0,0.31,0.52,3.36,0.1,1.65,0.21,1.79,2.21,0.1,1.65,1.21,1.1,1.0,0.28,1.0,0.0,1.1,0.0,0
0.0,0.62,1.0,0.0,0.0,4.35,1.38,0.38,2.27,5.29,2.41,0.38,26.47,0.76,1.62,5.4,0.76,4.33,0.62,1.0,1.0,0.15,1.0,0.0,1.76,1.51,0
0.93,0.93,1.0,0.0,0.0,4.65,1.0,0.0,3.72,5.65,1.32,0.0,49.32,1.07,0.0,3.21,1.93,2.47,0.14,2.21,1.0,0.41,0.0,0.0,1.93,1.86,0
4.4,0.88,2.88,0.0,2.48,2.36,1.88,0.0,9.67,7.76,0.52,0.0,66.84,1.0,0.0,3.52,1.88,3.67,2.0,1.12,1.12,1.59,0.0,0.0,1.0,0.88,0
2.42,0.0,1.0,0.0,0.0,1.61,4.23,0.0,9.68,13.29,0.49,2.42,56.46,2.81,0.0,18.13,1.81,2.98,0.81,2.0,1.0,1.48,1.0,0.0,1.0,0.19,1
0.79,0.0,1.0,0.79,0.0,4.17,1.62,0.21,1.45,4.69,0.31,5.55,68.9,2.21,0.0,15.07,1.0,1.79,0.79,1.0,1.0,1.58,0.84,0.0,1.0,0.62,1
0.49,1.47,1.98,0.51,0.0,7.02,2.02,0.49,0.98,3.07,1.72,0.0,65.79,1.49,0.51,3.51,1.0,3.44,1.47,1.0,1.0,0.84,1.0,0.0,2.95,0.0,0
2.17,0.0,1.0,0.0,0.0,0.0,1.0,0.0,1.72,3.44,0.65,1.44,41.14,3.0,0.0,9.94,1.0,2.9,0.56,3.28,1.0,0.66,1.0,0.0,3.56,1.44,1
0.9,6.33,1.0,0.0,0.1,0.9,2.81,0.0,7.52,12.85,0.4,0.0,76.85,2.0,0.0,5.52,1.9,1.71,0.1,0.1,1.0,0.63,0.0,0.0,2.9,2.81,0
0.0,0.0,2.87,0.0,0.78,0.65,1.0,0.87,6.09,3.39,0.34,4.35,55.63,1.87,0.0,4.35,1.0,2.98,0.26,2.0,1.13,1.58,0.87,0.0,1.0,1.74,0
0.0,0.0,0.67,0.0,0.0,0.0,1.0,1.34,9.93,0.67,0.08,2.01,0.0,2.01,0.66,8.04,0.67,1.56,1.34,1.34,0.67,0.0,0.67,0.0,1.67,0.67,0
0.39,0.0,1.39,0.61,0.0,4.39,1.61,0.78,4.94,13.89,0.47,2.45,60.44,2.61,0.39,14.01,1.61,2.62,0.39,1.0,1.0,0.69,0.61,0.0,3.83,2.83,1
0.0,0.0,1.0,0.0,0.0,2.13,1.71,0.0,1.42,2.71,1.57,0.0,0.0,1.58,0.29,3.13,1.71,3.37,2.13,2.0,1.0,0.3,0.29,0.0,1.0,0.58,0
2.96,0.0,1.0,0.0,0.0,0.0,1.0,0.99,1.99,8.93,0.14,0.0,56.32,2.0,0.0,15.82,1.0,3.89,0.99,1.99,1.0,0.0,0.0,0.0,2.01,0.0,0
0.0,0.0,1.0,0.0,0.0,0.0,1.0,0.0,1.78,5.38,1.47,0.0,20.26,2.48,0.0,2.0,1.0,2.88,1.48,3.22,1.0,1.26,0.74,0.0,3.96,0.26,0
1.0,0.0,1.34,0.0,1.66,6.65,1.0,0.0,0.0,1.0,1.07,2.65,0.0,1.0,0.0,4.63,1.0,1.01,0.0,1.66,1.0,0.51,0.0,0.0,1.68,0.0,0
0.0,0.0,1.0,0.14,0.0,2.72,1.85,0.14,0.28,6.42,2.16,0.14,14.19,1.28,5.15,1.71,1.0,24.95,0.86,0.14,1.0,0.79,0.14,0.0,3.72,0.14,0
0.33,4.16,1.0,0.0,0.17,2.5,1.33,0.33,0.84,3.51,3.46,0.0,10.2,0.5,5.83,2.68,0.17,16.36,13.32,0.83,1.0,0.08,0.17,0.0,3.0,0.0,0
6.62,0.0,1.0,0.17,0.0,0.86,2.66,0.83,12.11,13.97,0.4,0.0,73.76,2.0,0.0,6.83,1.83,3.45,1.0,1.83,1.0,0.79,0.0,0.0,3.0,1.0,0
0.0,0.0,1.0,0.0,0.0,0.16,1.47,0.16,1.95,4.05,1.63,0.0,12.61,3.0,0.0,5.31,1.0,2.88,1.68,3.53,1.0,1.38,0.88,0.0,4.37,0.47,0
1.46,0.0,1.0,0.0,0.0,0.97,3.97,0.51,9.43,18.06,0.26,1.46,65.37,2.49,0.0,15.31,2.0,2.82,0.49,0.97,1.0,1.0,1.0,0.0,1.0,1.03,1
0.0,0.0,1.0,0.0,0.0,4.8,1.0,0.0,0.0,1.04,1.75,0.0,0.0,3.92,0.0,2.92,1.0,1.04,1.04,2.96,1.96,0.96,0.0,0.0,2.0,0.0,0
20.02,0.0,5.0,8.0,1.0,0.0,1.0,1.0,11.0,7.0,0.0,0.0,87.58,1.0,0.0,3.0,2.0,4.57,1.0,1.0,1.0,1.55,0.42,0.0,1.84,1.25,0
0.0,0.29,2.41,0.71,0.71,1.0,1.0,0.0,2.88,4.59,0.66,0.0,59.17,1.0,0.0,0.71,1.71,4.23,1.71,1.0,1.0,1.06,0.0,0.0,3.0,0.0,0
0.0,2.16,1.56,0.0,0.0,4.32,1.0,0.28,1.96,0.84,4.62,1.4,17.95,0.56,1.44,1.4,0.28,1.56,0.72,0.56,1.0,0.47,0.28,0.0,1.72,0.56,0
1.0,0.85,1.15,0.0,0.0,5.0,1.0,0.3,4.6,6.45,1.24,0.0,55.39,1.15,0.15,3.0,1.85,2.65,0.15,1.85,1.0,0.61,0.0,0.0,2.0,1.85,0
0.82,0.0,1.37,0.18,0.18,1.82,1.0,0.0,2.82,4.82,0.34,0.82,23.76,1.82,0.0,3.45,1.18,6.81,2.82,1.82,1.0,2.45,0.82,0.0,2.18,0.0,0
0.0,0.0,0.47,0.47,0.0,2.35,1.0,0.0,15.17,4.24,0.5,0.0,29.66,0.94,1.06,2.82,0.47,0.84,0.47,0.47,0.47,0.31,0.0,0.0,1.94,0.47,0
0.0,0.0,1.0,0.0,0.0,2.71,1.0,0.0,0.46,3.0,3.65,0.0,0.0,0.92,1.08,0.46,0.46,2.63,1.08,0.46,1.0,0.0,0.54,0.0,2.46,0.0,0
0.0,0.93,1.0,0.0,0.0,6.52,1.0,0.0,0.27,1.02,3.48,0.0,5.31,0.07,1.86,2.0,0.07,1.1,0.93,1.0,1.0,0.04,0.93,0.0,1.0,0.07,0
0.68,0.0,1.68,0.68,0.0,0.0,1.0,6.76,4.06,0.65,0.74,1.35,47.99,1.65,0.32,1.0,1.0,5.73,1.35,1.32,1.0,1.4,0.32,0.0,1.68,1.32,0
1.67,0.0,1.0,0.0,0.67,0.66,2.34,1.34,4.34,15.74,0.24,0.33,46.21,2.67,0.0,12.05,1.0,3.89,0.99,0.66,1.0,1.2,1.0,0.0,2.67,0.0,1
0.0,0.0,1.0,0.0,0.0,0.83,1.17,0.0,1.83,1.86,2.3,0.0,0.0,1.17,0.83,0.69,2.0,4.4,4.31,2.66,1.0,0.06,0.0,0.0,2.66,0.0,0
0.0,0.0,1.0,0.0,0.57,0.0,1.0,0.0,0.0,1.43,0.89,8.51,0.0,1.43,0.0,4.27,1.0,1.35,1.14,8.81,272.87,1.14,1.0,0.0,1.0,0.43,1
0.4,0.0,1.0,0.87,0.0,3.46,1.87,0.13,2.87,15.93,0.27,3.46,55.27,2.87,0.0,20.33,1.87,2.31,0.13,1.13,1.0,0.0,0.87,0.0,4.6,3.46,1
1.77,0.0,1.0,0.22,0.67,1.78,1.0,0.0,0.0,1.22,2.28,0.22,19.95,1.22,13.23,2.77,1.78,10.12,9.56,1.0,1.0,0.65,0.0,0.0,3.56,0.44,0
0.2,0.0,1.0,0.2,0.0,0.99,2.61,0.8,5.62,16.45,0.3,1.38,61.99,2.0,0.0,9.79,1.8,2.01,0.2,0.2,1.0,0.52,1.0,0.0,1.0,1.61,0
2.1,0.42,1.84,0.0,0.84,0.84,1.42,0.0,5.19,4.52,0.47,0.0,31.87,1.58,0.0,4.58,1.42,3.04,2.0,1.58,1.0,1.57,0.0,0.0,1.0,0.42,0
4.01,5.71,1.0,0.43,0.0,1.86,3.86,0.43,10.58,15.29,0.47,0.0,78.86,2.0,0.0,8.58,2.0,2.17,0.0,0.43,1.0,0.65,0.43,0.0,3.43,3.0,0
0.0,0.0,1.0,0.0,0.0,0.58,1.0,1.16,0.58,2.0,2.07,0.0,14.46,2.42,5.63,0.42,1.0,2.3,0.0,1.42,1.0,0.0,0.81,0.0,3.31,1.42,0
0.0,0.0,1.0,0.0,0.0,0.0,1.37,0.19,1.3,4.53,1.01,0.0,11.33,2.0,0.0,6.56,1.19,2.02,1.63,4.07,1.0,0.44,0.19,0.0,1.0,0.37,0
0.0,0.0,1.62,0.0,3.7,3.46,2.15,0.38,2.69,9.46,0.74,0.0,30.73,1.77,0.0,8.84,1.0,2.61,1.23,1.62,1.62,0.89,0.1,0.0,1.0,1.15,0
0.0,0.0,1.0,0.0,0.17,0.0,1.0,0.83,0.0,1.0,0.89,3.4,0.0,1.83,1.66,1.03,1.0,2.83,2.83,3.23,83.06,0.34,0.17,0.0,1.83,0.0,0
0.0,0.26,1.0,0.0,0.0,4.35,1.0,0.0,0.0,0.87,2.02,0.0,0.0,3.48,0.26,2.74,0.87,0.87,0.87,2.61,1.87,0.87,0.0,0.0,2.0,0.0,0
7.53,0.0,1.12,0.0,0.0,0.0,2.88,1.0,13.58,14.29,0.26,0.3,75.29,2.0,0.0,6.88,1.94,3.74,0.94,2.0,1.0,0.87,0.06,0.0,2.88,1.06,0
0.0,0.0,1.0,0.0,0.0,0.0,1.0,0.0,0.5,1.5,1.67,0.0,0.0,2.0,0.0,2.51,1.0,6.24,5.99,1.5,1.0,0.75,0.0,0.0,1.0,0.0,0
0.91,0.47,1.91,0.0,0.0,4.81,1.0,1.81,7.24,8.15,1.08,0.0,62.45,1.81,1.57,2.72,0.91,4.99,2.42,1.0,1.0,1.62,0.0,0.0,2.09,0.91,0
0.0,0.0,1.0,0.22,0.0,1.11,1.0,0.78,0.66,2.77,1.01,0.78,13.95,2.0,1.56,1.33,1.0,2.73,2.56,1.0,1.0,0.15,0.0,0.0,2.22,0.22,0
1.0,0.74,1.0,0.26,0.0,5.0,1.0,0.0,2.98,4.98,1.07,1.79,56.32,1.26,0.0,5.55,1.74,2.29,0.26,1.74,1.0,0.76,0.26,0.0,1.74,1.49,0
0.0,0.58,1.0,0.0,0.0,4.06,1.0,0.0,0.42,0.84,2.95,0.0,0.0,1.26,1.16,2.0,0.42,1.84,1.42,2.26,1.0,0.63,1.0,0.0,2.68,0.0,0
0.0,0.89,2.66,0.55,0.0,2.89,1.0,1.78,1.89,1.11,1.09,2.66,33.47,2.11,0.45,1.45,1.0,3.65,1.55,2.22,1.55,2.47,0.0,0.0,2.66,0.0,0
0.54,4.11,1.0,0.0,0.0,2.46,1.0,0.0,0.36,0.71,3.41,0.36,10.18,0.54,5.75,2.32,0.18,16.28,13.14,1.36,1.0,0.06,0.18,0.0,3.0,0.36,0
7.59,0.0,1.0,0.0,0.0,0.0,2.9,1.05,13.38,14.28,0.25,0.15,72.07,2.05,0.0,7.26,1.95,3.72,1.05,2.0,1.0,0.78,0.05,0.0,2.95,1.0,0
0.0,2.59,1.0,0.0,0.0,2.03,1.0,0.48,0.97,0.48,2.69,0.0,0.0,0.97,3.62,1.45,0.48,10.65,8.76,2.45,1.0,0.0,0.0,0.0,2.03,0.48,0
3.46,0.0,1.0,0.35,2.35,5.54,1.0,0.0,0.0,1.35,0.53,2.95,31.63,1.35,0.0,7.7,1.0,1.55,0.35,1.65,1.0,1.03,0.0,0.0,1.35,0.7,0
3.23,0.65,2.29,0.71,1.29,1.29,1.65,0.71,7.81,10.13,0.37,0.0,75.65,1.71,0.0,8.96,1.65,3.57,1.65,1.0,1.0,1.13,0.35,0.0,1.0,1.35,0
0.0,0.0,1.68,1.0,0.34,3.64,1.0,0.0,2.66,7.31,0.88,0.0,61.31,1.66,0.0,4.31,1.34,2.7,1.34,1.0,1.0,0.95,0.0,0.0,3.0,0.66,0
0.94,0.0,1.06,0.0,0.37,2.19,1.0,0.0,2.81,5.06,0.34,0.94,15.01,1.94,0.0,3.75,1.0,7.05,2.94,2.0,1.06,2.56,0.94,0.0,1.94,0.0,0
2.1,0.0,1.0,0.0,0.0,0.9,1.0,0.7,1.4,7.8,0.83,0.0,39.89,1.7,1.8,11.5,1.0,11.39,1.0,1.4,1.0,0.26,0.0,0.0,2.6,0.0,0
1.08,0.0,1.0,0.0,0.64,4.56,2.44,0.0,4.31,6.39,0.27,7.48,25.17,1.72,0.0,14.96,1.36,1.93,1.0,7.76,1.0,1.46,0.68,0.0,1.0,0.64,1
0.0,0.0,1.0,0.56,0.0,0.56,4.37,0.56,1.12,9.31,0.89,0.56,56.25,2.56,0.0,4.25,1.0,1.17,0.0,1.44,1.0,0.23,1.0,0.0,1.56,1.0,1
7.54,3.77,1.11,0.94,0.0,2.83,4.77,1.0,13.6,16.2,0.54,0.28,79.09,2.0,0.0,11.6,1.94,2.78,0.0,1.06,1.0,0.75,1.0,0.0,3.83,2.94,0
1.88,4.7,1.0,0.06,0.0,0.94,2.0,2.88,16.11,7.42,0.47,0.0,63.55,1.94,1.12,2.94,1.06,4.32,0.0,0.94,1.0,0.91,0.0,0.0,1.06,0.06,0
4.25,0.0,1.0,1.0,1.59,2.41,1.47,0.0,1.41,9.04,0.26,2.41,73.58,2.47,0.0,14.63,1.47,2.82,0.53,1.0,1.0,1.55,0.47,0.0,3.41,2.94,1
0.0,0.0,1.0,0.0,0.19,1.61,1.0,1.61,2.19,2.0,0.45,0.0,53.09,2.0,0.0,1.81,1.0,1.5,0.19,1.0,1.0,0.68,0.0,0.0,2.0,0.19,0
0.55,0.0,1.55,0.0,0.0,2.76,1.45,1.1,4.87,7.66,0.9,0.0,38.12,2.0,0.55,3.45,1.45,2.6,1.0,1.0,1.0,1.14,0.0,0.0,1.55,0.55,0
0.06,0.0,2.0,0.06,5.64,4.7,1.0,0.6,0.36,5.64,0.99,0.12,4.26,1.0,0.0,0.06,1.0,3.14,2.0,1.94,1.94,1.06,0.0,0.0,1.06,0.06,0
0.0,0.0,1.0,0.0,0.0,0.0,1.0,0.0,1.0,2.0,1.89,0.0,0.0,3.0,0.0,2.0,1.0,3.0,2.0,4.0,1.0,1.5,1.0,0.0,5.0,0.0,0
0.0,4.38,1.0,0.0,0.0,3.21,1.0,0.83,0.62,0.0,3.49,0.21,9.15,0.21,5.75,0.42,0.21,16.0,12.88,0.79,1.0,0.31,0.0,0.0,2.58,0.0,0
0.0,0.0,1.0,1.0,0.0,0.48,4.39,1.0,2.0,14.48,0.37,0.48,93.73,1.95,1.57,3.91,1.52,1.82,0.0,0.48,1.0,0.34,0.48,0.0,2.0,1.0,0
0.5,0.0,1.0,0.5,0.0,2.52,1.0,0.0,0.0,2.0,0.97,3.53,33.3,2.0,0.0,7.55,1.0,1.09,0.5,1.5,1.0,0.91,1.0,0.0,1.0,0.5,0
0.39,0.0,1.08,0.0,0.16,1.08,1.08,0.92,2.47,1.63,1.11,0.08,5.96,1.92,0.0,4.33,1.08,1.75,1.08,3.76,1.0,0.16,0.0,0.0,1.08,0.92,0
0.21,0.53,1.0,0.89,0.0,3.68,2.0,0.32,4.49,15.93,0.31,3.57,55.75,2.89,0.11,19.08,1.89,2.32,0.0,1.0,1.0,0.1,0.89,0.0,4.57,3.57,1
0.0,0.0,1.0,0.0,0.0,0.29,1.0,1.14,0.29,1.14,0.92,0.86,7.2,2.0,1.71,0.29,1.0,2.78,2.57,1.0,1.0,0.1,0.0,0.0,2.0,0.0,0
0.0,0.0,1.0,0.0,0.0,0.21,1.0,0.0,3.36,12.23,0.43,0.0,61.4,1.0,0.0,2.64,1.21,2.53,0.43,1.21,1.0,0.62,0.0,0.0,1.0,0.79,0
2.36,0.34,1.68,0.0,0.68,2.0,1.34,0.0,5.72,6.02,0.34,0.66,36.42,1.66,0.0,4.0,1.34,6.13,2.66,1.66,1.0,2.33,0.66,0.0,1.66,0.34,0
0.09,0.0,1.0,0.0,0.0,0.99,1.02,0.01,1.15,2.15,1.03,0.0,0.87,1.01,0.0,5.02,2.0,2.51,1.99,2.0,1.0,0.75,0.0,0.0,1.02,0.01,0
0.0,0.81,1.0,0.19,0.0,1.76,1.0,0.0,3.0,7.38,0.64,0.0,55.7,1.19,0.81,1.13,1.81,2.36,1.0,1.0,1.0,1.02,0.0,0.0,3.0,0.19,0
0.0,0.49,0.49,0.0,0.0,0.49,1.0,0.0,14.8,3.41,0.27,0.0,26.31,0.49,1.51,0.0,0.97,1.22,0.49,0.49,0.49,0.54,0.0,0.0,1.97,0.0,0
0.0,0.63,1.0,0.37,0.0,4.8,3.2,0.37,0.73,5.5,2.47,0.37,36.66,1.1,1.27,3.47,0.37,1.25,0.63,1.0,1.0,0.15,1.0,0.0,1.37,0.37,0
0.0,0.0,1.0,0.0,0.0,0.29,1.0,0.0,0.29,2.0,1.88,0.0,0.0,1.0,0.0,2.14,2.0,0.71,0.57,0.57,1.0,0.21,0.0,0.0,1.71,0.0,0
12.21,0.0,4.26,6.51,1.0,1.11,1.0,0.81,8.96,5.89,0.06,1.86,71.65,1.0,0.0,4.49,1.81,3.73,1.0,2.86,1.0,1.44,0.09,0.0,1.0,0.19,0
0.0,0.0,1.0,0.0,0.92,0.0,1.0,0.0,2.77,1.92,0.48,0.0,61.04,2.0,0.0,1.38,1.0,1.54,1.08,1.3,1.0,0.73,0.0,0.0,1.92,0.92,0
0.0,0.0,1.0,0.0,0.0,0.0,1.0,0.0,0.29,2.0,1.56,0.0,0.0,1.29,0.0,1.46,1.71,1.44,1.29,1.29,1.0,1.29,0.0,0.0,1.0,0.0,0
0.0,0.0,1.0,1.87,0.0,0.07,1.0,1.93,1.87,13.08,0.24,0.13,70.07,2.93,0.0,17.21,1.07,3.18,1.13,2.12,1.99,0.48,0.93,0.0,1.0,1.93,1
0.59,0.0,3.41,0.8,0.0,1.61,1.0,0.0,1.2,2.39,0.88,3.61,31.3,3.0,0.0,3.36,1.0,3.37,1.61,3.8,1.8,2.68,0.2,0.0,3.8,0.39,0
0.0,0.0,2.44,0.72,0.72,1.0,1.0,0.0,2.0,3.15,1.12,0.0,41.65,1.0,0.28,0.72,2.0,4.64,2.85,1.56,1.0,1.08,0.0,0.0,3.0,0.0,0
0.0,0.0,1.0,0.45,0.0,0.45,3.68,1.0,0.89,7.25,0.7,1.0,44.65,2.45,1.11,2.68,1.0,2.41,1.66,1.0,1.0,0.19,0.45,0.0,2.0,0.45,0
0.24,0.0,1.0,0.0,0.48,1.91,1.0,0.0,0.0,1.76,1.69,0.96,0.0,1.0,0.0,1.67,1.76,0.88,0.76,1.24,1.0,0.91,0.0,0.0,1.0,0.0,0
0.0,0.0,0.89,0.55,0.0,0.0,1.0,0.0,0.45,2.23,0.64,0.0,0.0,1.0,0.0,0.45,1.45,0.62,0.45,0.45,0.45,0.28,0.0,0.0,3.11,0.0,0
0.0,4.09,1.0,0.0,0.0,2.45,1.0,0.0,0.18,0.36,3.7,0.0,0.0,0.55,5.72,0.36,0.18,16.24,13.45,1.55,1.0,0.27,0.18,0.0,3.36,0.0,0
0.24,0.24,1.0,0.0,0.0,1.96,1.0,0.0,0.96,3.72,1.97,0.0,12.72,2.52,0.0,2.24,1.24,2.37,0.0,2.0,1.0,0.1,0.0,0.0,3.52,1.24,0
0.32,0.0,1.0,0.0,0.0,4.68,1.42,0.0,1.26,4.37,5.28,0.32,7.36,0.32,1.79,2.31,0.21,3.96,1.89,0.21,1.0,0.19,1.0,0.0,1.89,0.0,0
0.0,0.0,3.22,0.61,2.34,3.17,1.0,0.0,0.61,3.56,1.06,2.44,15.23,2.22,0.0,0.61,1.0,3.24,2.0,3.22,2.0,2.37,0.0,0.0,2.83,0.0,0
1.5,3.76,1.0,0.0,0.0,1.25,1.75,2.75,13.27,5.76,0.47,0.0,59.02,2.0,0.75,2.75,1.0,3.73,0.0,1.0,1.0,0.88,0.0,0.0,1.25,0.0,0
1.41,0.0,1.0,0.0,0.0,1.47,2.89,0.53,5.66,7.55,0.39,2.47,33.01,2.47,0.0,13.55,2.0,3.27,2.06,10.45,8.93,3.51,0.47,0.0,1.0,0.53,1
0.0,1.22,1.0,0.0,0.0,2.45,1.78,2.84,4.55,7.75,0.8,0.61,50.59,1.39,0.61,4.71,1.39,3.16,0.61,0.0,1.0,1.0,0.39,0.0,1.0,0.78,0
0.0,0.0,1.37,0.19,0.19,1.0,1.0,0.0,1.19,2.37,0.95,0.0,10.87,1.0,0.0,4.25,2.0,2.87,2.0,1.81,1.0,0.89,0.0,0.0,1.37,0.0,0
0.02,0.01,1.0,0.0,1.0,5.99,1.01,0.0,0.04,1.05,0.3,9.97,0.24,1.0,0.0,11.0,1.0,1.01,1.0,10.97,1.0,1.25,0.5,0.0,1.01,1.01,0
0.47,0.0,0.47,0.0,0.0,0.94,1.0,0.0,15.2,2.35,0.15,0.47,7.52,0.94,1.06,1.88,0.47,3.44,1.41,0.94,0.47,1.25,0.47,0.0,1.47,0.0,0
0.0,0.0,1.0,0.0,0.0,0.3,3.3,1.0,7.0,18.51,0.27,0.0,66.65,2.3,0.0,13.17,1.7,2.14,0.0,0.3,1.0,0.35,0.78,0.0,1.0,2.3,0
0.0,0.0,1.0,0.71,0.0,1.47,1.71,0.71,1.41,10.17,0.81,0.0,62.05,1.88,2.12,2.29,1.71,1.66,0.29,0.88,1.29,0.49,0.0,0.0,2.0,0.71,0
2.44,0.0,1.0,0.0,0.0,0.56,1.19,0.0,2.0,3.81,0.39,1.63,46.42,2.63,0.0,11.33,1.19,3.13,0.56,2.81,1.0,0.35,0.81,0.0,2.63,1.63,1
0.0,0.0,1.0,0.0,0.0,2.14,1.71,0.57,2.0,2.43,1.0,0.86,0.0,1.57,0.0,6.3,1.71,3.76,2.71,2.0,1.0,0.31,0.29,0.0,1.29,0.29,0
2.43,0.0,1.0,0.3,0.91,0.3,1.0,0.0,0.7,2.0,0.6,1.7,27.35,2.7,0.0,4.13,1.0,3.15,2.39,2.39,1.0,1.41,0.0,0.0,1.3,0.61,0
0.0,0.0,1.0,0.0,0.21,0.79,1.0,0.0,1.43,2.0,0.91,0.0,14.03,1.21,0.0,4.15,1.79,2.29,1.79,1.79,1.0,0.75,0.0,0.0,1.21,0.21,0
3.74,0.0,0.47,0.0,0.0,0.0,1.93,0.47,20.4,7.0,0.13,0.0,35.49,0.93,1.07,3.27,0.93,1.77,0.47,0.93,0.47,0.38,0.0,0.0,1.93,0.47,0
3.82,0.0,1.76,0.0,1.53,2.0,1.76,0.0,6.11,7.11,0.97,0.76,58.01,1.0,4.02,15.5,2.0,6.38,4.37,1.0,1.0,1.57,0.0,0.0,2.47,0.0,0
1.72,4.44,1.56,0.0,0.0,2.39,1.72,2.44,12.82,5.05,0.5,0.0,53.08,2.0,0.72,3.0,1.0,4.9,0.84,1.0,1.0,1.16,0.28,0.0,2.11,0.0,0
0.0,0.0,0.12,0.0,0.0,0.12,1.35,0.12,23.8,1.74,0.04,0.0,9.27,0.35,1.77,2.67,0.12,0.26,0.0,0.12,0.12,0.08,0.03,0.0,1.0,0.35,0
0.0,0.65,1.0,0.0,0.0,0.65,1.0,0.0,3.25,4.6,1.15,0.0,40.33,1.35,0.0,0.7,1.0,2.5,0.65,1.35,1.0,0.0,0.35,0.0,2.3,0.35,0
0.0,0.0,2.71,0.86,0.86,1.0,1.0,0.0,1.71,3.86,0.79,0.0,49.61,1.29,0.0,1.14,1.86,4.19,1.71,1.14,1.0,1.28,0.0,0.0,3.14,0.14,0
14.47,0.0,4.86,7.72,0.96,0.0,1.0,1.0,10.61,6.79,0.04,0.04,84.88,1.04,0.07,2.89,1.96,4.3,1.07,1.0,1.0,1.43,0.0,0.0,1.04,0.0,0
0.0,0.0,1.0,0.93,0.0,0.0,2.07,1.0,2.33,14.4,0.4,0.0,86.22,1.07,2.8,2.46,2.0,1.94,0.0,0.0,1.0,0.27,0.07,0.0,1.93,1.07,0
0.0,0.0,1.0,0.84,0.16,3.34,1.84,0.0,3.0,14.53,0.31,3.34,56.81,2.84,0.0,17.71,1.84,1.97,0.16,1.0,1.0,0.12,0.84,0.0,4.51,3.51,1
5.14,2.57,1.0,0.64,0.0,1.93,3.57,0.64,9.0,11.64,1.0,0.0,51.43,2.0,0.0,8.07,1.64,2.49,0.71,1.36,1.0,0.45,0.64,0.0,3.29,1.93,0
2.91,1.91,1.0,0.36,1.09,4.18,1.0,0.0,0.0,0.73,4.11,0.36,32.77,0.73,1.27,3.28,0.36,1.91,1.0,0.36,1.0,1.06,0.0,0.0,2.0,0.73,0
0.0,0.0,1.01,0.99,0.08,7.96,2.97,0.0,0.0,6.0,2.78,0.0,98.66,1.0,0.99,3.95,1.0,1.02,0.03,1.01,1.01,0.01,0.99,0.0,1.0,0.0,0
0.13,0.0,1.0,0.0,0.27,3.67,1.0,0.0,0.0,4.46,2.23,0.54,0.0,1.0,5.2,1.8,1.0,25.01,0.87,0.27,1.0,0.74,0.0,0.0,3.6,0.0,0
1.0,0.3,1.0,0.0,0.0,2.89,1.0,0.0,3.3,5.3,0.6,0.7,26.94,1.7,0.0,3.7,1.3,5.9,2.11,2.0,1.0,2.0,0.7,0.0,2.0,0.59,0
0.99,2.97,2.98,0.0,0.01,5.94,1.0,0.99,2.01,0.02,0.59,0.0,30.37,2.0,0.0,2.98,1.0,5.95,2.98,1.0,1.0,1.7,0.99,0.0,4.97,0.01,0
0.25,0.0,1.25,0.0,0.0,1.25,2.5,1.25,7.25,17.25,0.41,0.0,63.0,2.0,0.25,7.5,1.75,2.45,0.25,0.25,1.0,0.6,0.75,0.0,1.25,1.75,0
1.36,0.55,1.0,0.0,0.0,0.55,1.0,0.0,3.64,5.09,0.57,0.91,59.73,1.91,0.0,5.91,1.0,3.25,0.55,1.91,1.0,0.15,0.45,0.0,3.0,0.91,0
0.0,0.0,1.0,0.0,0.0,0.01,1.0,0.01,0.01,1.0,1.18,0.0,0.22,2.0,0.0,5.98,1.0,2.0,1.99,4.98,1.0,0.5,0.0,0.0,1.0,0.0,0
4.16,2.4,1.0,0.0,0.0,1.44,2.04,0.52,7.29,7.81,2.11,0.0,39.56,1.04,3.36,3.64,1.04,11.18,8.19,1.52,1.0,0.43,0.0,0.0,3.0,0.52,0
0.0,1.89,2.24,0.0,0.0,1.13,1.0,0.62,4.36,1.87,1.69,3.11,39.84,1.24,2.64,3.11,0.62,9.12,6.04,1.62,1.0,1.04,0.62,0.0,1.76,1.24,0
0.0,0.0,1.0,1.0,0.0,8.0,3.0,0.0,0.0,6.0,2.8,0.0,100.0,1.0,1.0,4.0,1.0,1.0,0.0,1.0,1.0,0.0,1.0,0.0,1.0,0.0,0
1.0,1.49,1.49,0.0,0.0,5.25,1.0,0.25,3.51,4.53,1.15,0.0,47.36,1.25,0.0,3.0,1.75,3.36,0.74,1.75,1.0,0.72,0.25,0.0,2.74,1.51,0
1.0,0.0,1.61,0.61,0.0,0.79,1.0,6.05,4.82,1.97,0.18,1.61,49.28,1.39,0.0,2.18,1.0,7.74,2.39,1.39,1.0,2.31,0.39,0.0,2.0,0.61,0
0.0,0.0,1.0,0.49,0.0,0.49,3.93,0.49,3.02,15.0,0.29,0.49,88.74,1.98,0.0,3.95,1.0,2.12,0.0,1.0,1.0,0.5,0.49,0.0,1.49,1.0,0
0.75,0.0,1.0,0.0,0.0,0.0,1.0,0.25,0.5,2.99,0.92,0.0,14.18,2.0,0.0,8.49,1.0,2.48,1.75,4.25,1.0,0.38,0.0,0.0,1.25,0.0,0
0.0,0.0,0.02,0.98,0.0,0.09,1.0,0.0,0.0,0.02,0.53,0.0,0.0,1.06,0.0,0.06,1.0,0.02,0.02,0.06,0.04,0.02,0.0,0.0,3.96,0.0,0
2.24,0.0,0.75,0.25,0.0,1.5,3.99,0.0,8.98,11.97,0.29,2.24,52.36,2.5,0.0,16.46,1.75,2.68,0.75,1.5,0.75,1.38,0.75,0.0,1.76,0.0,1
0.0,0.0,1.0,0.0,0.0,0.15,1.0,0.15,0.3,1.0,1.18,0.0,0.0,2.0,0.0,5.55,1.0,1.93,1.85,4.85,1.0,0.43,0.0,0.0,1.0,0.15,0
5.87,2.94,1.0,0.73,0.0,2.2,4.2,1.0,11.87,16.2,0.49,0.27,77.34,2.0,0.27,11.73,2.0,4.64,0.0,1.0,1.0,0.61,1.0,0.0,3.73,3.27,0
0.0,1.89,1.0,0.06,0.0,0.22,1.06,0.0,0.17,0.95,3.6,0.22,3.06,0.17,1.89,2.11,0.11,0.11,0.0,0.06,1.0,0.0,0.06,0.0,2.17,0.22,0
0.0,1.82,1.0,0.0,0.0,0.46,1.0,0.0,0.0,0.28,3.99,0.0,0.0,0.0,2.0,0.91,0.0,0.37,0.18,0.0,1.0,0.0,0.09,0.0,2.0,0.0,0
7.15,0.0,1.0,8.5,5.37,0.89,5.47,2.68,10.39,34.64,0.52,0.0,42.48,2.0,0.0,9.47,1.45,2.81,1.11,1.11,1.0,1.15,0.0,0.0,1.45,1.79,0
2.83,0.29,1.0,0.0,0.0,0.17,1.0,0.0,1.89,3.77,0.39,1.89,53.75,2.83,0.4,12.26,0.94,3.79,0.91,2.89,1.0,0.31,0.94,0.0,3.0,1.89,1
0.0,0.0,1.0,0.0,0.47,0.53,1.0,0.53,0.0,0.47,0.44,8.09,0.0,1.53,0.0,6.0,1.53,2.53,2.53,16.13,233.43,3.59,0.47,0.0,1.0,0.53,1
4.55,0.55,2.55,2.26,3.36,6.07,1.55,0.0,6.03,4.84,0.52,1.36,74.19,1.0,0.0,5.36,1.55,4.42,2.0,1.0,1.0,1.88,0.0,0.0,1.9,1.45,0
0.0,0.0,1.0,0.0,0.0,1.0,4.0,1.0,7.0,15.0,0.23,0.0,80.0,3.0,0.0,23.0,1.0,2.25,0.0,1.0,1.0,0.71,0.25,0.0,1.0,3.0,1
0.0,0.0,1.0,0.0,0.0,0.82,1.0,0.0,0.0,2.82,2.19,0.0,0.0,2.46,2.36,1.0,1.0,8.57,0.27,1.46,1.0,0.23,0.73,0.0,1.82,1.46,0
0.66,0.0,1.17,0.83,0.83,4.33,1.0,0.0,0.0,4.34,2.16,0.5,11.95,1.0,5.0,2.0,1.0,24.88,1.17,0.17,1.0,1.07,0.0,0.0,3.83,0.33,0
0.0,0.0,1.0,0.0,0.0,0.0,1.0,0.0,0.27,2.0,1.74,0.0,0.0,1.27,0.0,2.09,1.73,0.68,0.55,0.55,1.0,0.41,0.0,0.0,1.73,0.0,0
4.82,0.0,2.29,2.57,0.32,0.0,1.0,0.32,3.54,3.61,0.5,1.36,28.3,1.68,0.0,5.04,1.32,3.77,1.68,1.68,1.0,0.48,0.68,0.0,2.36,0.0,0
6.49,0.0,1.0,0.81,2.43,1.0,1.0,0.19,0.0,2.0,0.29,0.81,73.02,2.38,0.0,8.06,1.0,3.22,1.0,1.19,1.0,2.82,0.0,0.0,2.0,1.62,0
0.0,0.0,1.0,0.41,0.0,0.41,3.44,0.41,1.41,7.28,0.58,1.59,40.65,3.0,0.0,3.63,1.0,2.47,1.78,2.19,1.0,0.61,0.41,0.0,1.41,0.41,1
0.0,2.72,1.0,0.0,0.0,3.91,1.0,0.0,0.0,1.37,4.92,0.0,0.0,0.0,4.72,0.0,0.0,12.26,9.61,0.54,1.0,0.0,0.46,0.0,2.54,0.0,0
2.63,0.0,1.0,0.0,0.9,0.0,3.0,1.9,5.94,20.37,0.22,0.0,62.57,2.9,0.0,15.06,1.1,2.37,0.1,0.21,1.0,0.52,0.9,0.0,3.0,0.1,1
9.74,0.0,3.6,5.2,0.65,0.0,1.0,1.35,7.85,4.9,0.04,1.05,57.16,1.7,0.0,6.15,1.65,3.64,1.35,1.35,1.0,0.96,0.35,0.0,1.35,0.35,0
1.6,0.0,1.0,0.0,0.0,0.0,1.0,0.0,1.07,3.07,0.92,1.07,30.35,2.53,0.0,7.39,1.0,2.46,0.93,2.53,1.0,0.18,0.53,0.0,2.53,1.07,1
0.0,0.0,1.0,1.28,0.0,0.0,1.72,1.64,3.81,16.17,0.25,0.0,69.94,2.64,0.0,14.75,1.36,2.79,0.64,0.64,1.0,0.18,1.0,0.0,1.0,2.0,1
1.46,0.0,3.11,1.38,1.0,0.95,1.0,0.05,2.49,4.16,0.53,0.0,59.56,1.0,0.0,1.11,2.0,4.52,1.95,1.0,1.0,1.51,0.05,0.0,3.0,0.16,0
0.35,0.0,1.0,1.0,0.0,5.0,1.0,0.0,1.96,6.57,0.8,2.43,64.04,2.0,0.0,8.43,1.0,1.74,1.0,1.0,1.0,1.06,0.35,0.0,2.31,0.65,0
0.0,0.0,1.0,0.21,0.0,0.0,1.21,0.21,1.21,4.49,0.68,1.58,18.27,2.58,0.62,2.0,1.21,2.78,2.38,2.38,1.0,0.65,0.0,0.0,1.21,0.21,0
0.0,0.0,1.0,0.0,0.0,0.46,1.0,0.46,0.54,2.0,1.26,0.0,0.0,3.46,0.0,2.92,1.0,2.54,1.54,3.08,1.0,1.92,0.54,0.0,3.61,0.0,0
0.45,0.0,1.0,0.45,0.0,2.24,1.0,1.11,1.11,1.45,0.21,4.79,29.52,2.55,0.0,12.45,1.0,2.04,1.55,1.55,1.0,0.81,1.0,0.0,1.55,0.55,1
0.0,0.0,1.0,0.14,0.0,3.14,2.0,0.0,2.14,4.9,1.21,0.54,7.46,1.27,0.0,6.31,2.0,4.02,2.59,1.86,1.0,0.37,0.14,0.0,1.54,0.54,0
0.26,0.26,1.0,0.74,0.0,2.02,5.46,0.74,2.51,12.69,0.58,0.74,87.96,2.49,0.0,5.23,1.26,1.9,0.0,1.26,1.0,0.41,0.74,0.0,2.0,1.26,0
0.0,1.4,1.0,0.0,0.0,2.21,1.0,1.62,3.0,4.17,0.78,0.4,49.96,1.0,1.0,0.81,1.6,3.04,1.0,0.6,1.0,1.26,0.0,0.0,2.19,0.0,0
1.0,2.26,2.75,0.0,0.25,5.5,1.0,0.75,1.5,0.25,0.89,0.0,22.56,1.75,0.0,2.26,1.0,5.01,2.26,1.0,1.0,1.66,0.75,0.0,4.5,0.0,0
0.0,0.78,1.43,0.22,0.22,1.0,1.0,0.0,4.35,5.57,0.83,0.0,61.14,1.0,0.0,0.22,1.22,3.77,1.22,1.0,1.0,0.32,0.0,0.0,3.0,0.0,0
0.0,0.0,1.87,0.0,0.0,0.0,1.0,0.44,3.62,3.0,0.66,2.19,27.97,2.0,0.0,2.75,1.0,1.87,0.0,1.44,1.0,0.73,0.44,0.0,2.13,0.87,0
18.3,0.0,4.68,5.74,0.68,0.64,1.0,0.68,7.78,5.39,0.34,1.29,67.02,1.64,0.0,2.36,1.68,4.44,1.32,1.97,1.32,2.16,0.68,0.0,3.32,2.03,0
1.41,0.0,1.0,0.0,0.82,4.94,1.35,0.18,2.46,3.46,0.29,8.24,13.38,1.18,0.0,10.3,1.18,1.49,1.0,9.42,1.0,1.17,0.41,0.0,1.35,1.0,0
0.53,0.82,1.0,0.0,0.0,0.82,1.0,0.0,2.82,6.47,0.47,0.35,54.53,1.35,0.82,2.3,1.82,2.56,0.82,1.35,1.0,0.96,0.18,0.0,3.0,0.35,0
0.94,0.0,1.0,0.94,0.0,4.78,1.0,0.06,0.11,1.94,0.38,6.61,62.33,2.0,0.0,12.44,1.0,1.66,1.0,1.17,1.0,1.7,0.94,0.0,1.0,0.06,0
0.8,0.73,1.0,0.0,0.0,5.13,1.0,0.0,0.54,1.07,2.76,0.54,15.26,0.8,1.46,4.95,0.27,1.5,0.73,1.54,1.0,0.09,1.0,0.0,1.54,0.54,0
3.07,0.61,2.23,0.0,1.23,1.23,2.0,0.0,7.14,7.23,0.69,0.0,46.63,1.39,0.0,4.0,2.0,2.9,1.61,1.0,1.0,1.15,0.0,0.0,1.0,0.61,0
0.0,0.0,1.92,0.31,0.0,2.0,1.0,0.0,0.31,1.31,2.31,1.23,7.67,1.61,11.78,1.0,1.69,9.39,8.93,1.92,1.31,1.0,0.0,0.0,4.0,0.0,0
0.24,0.0,1.0,0.94,0.0,7.58,2.88,0.12,0.0,6.42,2.66,0.0,93.97,1.18,0.94,4.66,1.0,1.15,0.0,1.0,1.0,0.03,1.0,0.0,1.0,0.0,0
0.26,0.0,2.0,0.0,4.43,5.0,1.0,0.52,2.09,6.78,0.97,0.0,18.04,1.26,0.26,0.78,1.0,3.01,1.74,1.74,1.74,1.21,0.0,0.0,1.26,0.26,0
0.9,0.0,1.0,0.0,0.0,0.89,1.22,0.11,3.35,2.57,2.3,0.0,8.54,1.11,0.89,0.79,2.0,4.86,4.55,2.89,1.0,0.09,0.0,0.0,3.0,0.11,0
0.34,1.32,1.0,0.34,0.0,4.34,1.0,2.64,1.98,0.68,0.86,3.04,51.48,1.34,0.66,5.74,1.0,3.1,1.0,0.34,1.0,1.6,0.34,0.0,1.0,0.0,0
0.0,0.0,1.0,0.0,0.0,0.23,1.0,0.77,0.45,1.0,1.35,0.77,0.0,1.77,1.77,0.0,1.23,3.45,3.45,1.45,1.0,0.0,0.0,0.0,2.23,0.0,0
0.89,0.0,1.0,0.0,0.0,0.6,2.19,0.0,3.58,6.18,1.62,0.89,20.88,1.6,0.0,7.26,2.0,1.07,0.3,0.6,1.0,0.55,0.3,0.0,1.7,0.0,0
0.0,0.0,1.0,0.0,0.0,0.12,1.0,0.0,0.0,2.12,2.02,0.0,0.0,1.24,0.0,0.24,1.88,1.16,0.88,1.12,1.0,1.06,0.0,0.0,1.35,0.12,0
0.83,5.79,1.0,0.0,0.0,0.83,2.66,0.0,6.62,11.93,0.68,0.0,64.56,1.83,0.0,4.97,2.0,1.6,0.17,0.17,1.0,0.72,0.0,0.0,2.66,2.48,0
0.0,0.0,1.0,1.0,0.0,1.08,6.87,0.97,2.03,15.05,0.32,1.08,98.85,3.0,0.0,6.38,1.03,1.7,0.0,1.0,1.0,0.41,1.0,0.0,2.08,1.08,1
0.0,0.0,1.0,0.44,0.0,0.44,3.65,0.44,0.88,7.75,1.26,0.44,44.2,1.88,0.0,2.65,1.56,1.3,0.56,1.0,1.0,0.85,0.44,0.0,1.44,0.44,0
0.0,0.0,2.95,0.0,0.0,0.0,1.0,0.95,6.72,3.09,0.26,4.77,61.02,1.95,0.0,4.81,1.05,2.93,0.05,1.95,1.0,1.62,0.95,0.0,1.05,1.91,0
0.1,0.0,1.0,0.0,0.2,0.8,1.0,0.0,0.9,1.9,1.77,0.4,0.0,2.8,0.0,2.5,1.0,2.75,1.8,3.8,1.0,1.35,0.9,0.0,4.6,0.0,0
0.0,0.0,1.0,0.95,0.0,0.95,6.67,0.95,1.89,14.29,0.4,0.95,94.55,2.95,0.0,5.73,1.0,1.7,0.11,1.05,1.0,0.39,0.95,0.0,2.0,0.95,1
0.0,0.0,1.0,0.0,0.0,3.83,1.0,0.0,0.23,2.77,4.62,0.0,0.0,0.47,1.53,1.17,0.23,3.65,2.0,0.47,1.0,0.35,0.77,0.0,1.77,0.0,0
0.0,0.0,3.48,0.83,0.0,1.65,1.0,0.0,1.0,2.17,1.05,3.3,20.65,2.83,0.0,1.0,1.0,3.06,1.65,3.48,1.83,2.68,0.0,0.0,3.83,0.0,0
0.0,0.0,1.0,0.0,0.0,0.0,1.0,0.0,0.0,1.61,2.47,0.0,0.0,1.39,0.0,0.61,1.61,3.88,3.88,0.39,1.0,0.0,0.0,0.0,1.61,0.0,0
0.0,0.0,1.72,0.36,0.36,1.0,2.92,0.64,5.2,11.05,0.35,0.0,72.1,2.28,0.0,15.1,1.36,3.06,0.72,1.0,1.0,1.0,0.16,0.0,1.72,1.92,0
0.06,0.17,3.0,0.94,0.94,1.29,1.0,0.06,2.0,3.77,0.56,0.0,56.38,1.06,0.0,1.12,1.94,4.59,2.06,1.0,1.0,1.51,0.06,0.0,3.12,0.0,0
2.8,0.0,1.6,0.3,0.3,1.0,1.0,1.4,0.6,10.31,0.49,0.0,17.36,3.1,0.0,10.81,1.3,3.78,0.6,1.0,1.0,0.82,0.7,0.0,1.6,0.0,0
0.0,0.0,1.0,0.83,0.17,0.0,1.83,0.83,2.17,11.94,0.41,0.0,84.23,1.17,2.49,1.83,1.83,1.86,0.17,0.17,1.0,0.36,0.0,0.0,2.0,1.0,0
1.59,0.0,1.0,0.71,0.0,3.53,1.0,0.0,0.59,2.59,0.28,5.53,63.36,2.29,0.0,13.0,1.0,2.02,0.71,1.59,1.0,1.37,1.0,0.0,1.59,0.59,0
8.21,0.45,3.19,4.38,0.55,3.17,1.0,0.55,6.02,3.83,1.68,0.0,48.18,0.55,0.9,2.55,1.1,2.83,1.0,1.0,1.0,0.81,0.45,0.0,1.0,0.0,0
0.0,0.0,0.78,1.0,0.0,3.92,1.0,0.0,2.35,7.06,0.93,0.0,49.44,1.78,0.0,4.71,1.0,1.4,0.78,0.78,0.78,0.52,0.0,0.0,3.22,0.78,0
1.2,5.0,1.0,0.0,0.0,1.8,1.6,1.8,10.19,4.2,1.93,0.0,37.16,1.2,3.4,1.8,0.6,10.37,6.41,1.0,1.0,0.57,0.0,0.0,1.8,0.0,0
3.98,0.0,1.01,0.0,0.01,1.02,1.0,1.99,0.0,12.93,0.47,0.0,0.0,3.98,0.0,14.91,1.0,3.46,0.0,1.0,1.0,0.53,0.99,0.0,1.01,0.0,0
0.44,0.0,1.09,0.0,0.18,1.09,3.82,0.91,7.09,14.47,0.24,0.09,79.65,2.82,0.0,22.74,1.09,2.46,0.18,1.0,1.0,0.83,0.23,0.0,1.09,2.74,1
0.0,0.0,1.0,0.0,0.0,0.0,1.54,0.0,0.54,4.15,1.32,0.0,0.0,2.0,0.0,3.08,1.54,1.04,0.54,1.46,1.0,0.18,0.46,0.0,1.0,0.46,0
4.08,0.0,1.0,0.68,0.68,1.0,4.68,3.72,4.96,34.05,0.18,0.68,90.88,3.0,0.0,31.16,1.68,2.41,0.0,1.0,1.0,0.55,0.25,0.0,4.4,5.04,1
0.3,0.0,1.0,0.7,0.0,4.09,1.0,0.0,3.0,7.78,0.82,0.3,48.72,2.0,0.0,5.39,1.0,3.47,1.61,1.3,1.0,1.27,0.3,0.0,2.7,0.7,0
0.0,0.0,1.0,0.0,0.0,2.55,1.85,0.0,1.85,2.85,1.44,0.0,0.0,1.3,0.0,3.7,1.85,4.13,2.85,2.3,1.0,0.59,0.15,0.0,1.6,0.0,0
0.0,0.0,1.0,0.48,0.0,3.87,1.97,0.0,0.0,3.93,2.43,0.0,48.36,2.03,1.0,2.45,1.0,1.0,0.0,1.52,1.0,0.0,1.0,0.0,1.0,1.03,0
1.0,0.33,1.0,0.0,0.0,2.99,1.0,0.0,3.33,5.33,0.63,0.67,28.23,1.67,0.0,3.67,1.33,5.74,2.01,2.0,1.0,1.92,0.67,0.0,2.0,0.66,0
0.0,0.0,2.26,0.0,0.0,0.37,1.0,0.63,5.15,2.26,1.09,3.15,40.38,1.63,0.37,3.15,1.37,3.74,1.85,2.37,1.0,1.05,0.63,0.0,1.74,1.26,0
0.0,0.0,1.09,0.0,0.0,0.0,1.0,0.04,0.3,2.04,2.13,0.22,2.77,1.04,0.0,1.17,1.96,0.13,0.0,0.09,1.0,0.07,0.04,0.0,1.96,0.09,0
0.0,0.0,1.5,0.0,0.0,0.0,1.0,0.25,2.49,3.0,0.81,1.24,15.91,2.0,0.0,1.99,1.0,1.5,0.0,1.25,1.0,0.41,0.25,0.0,2.5,0.5,0
0.58,2.42,1.0,0.0,0.0,5.22,1.78,0.0,2.34,3.12,5.14,0.58,13.64,0.58,1.61,4.29,0.39,1.5,1.0,0.39,1.0,0.36,0.19,0.0,1.81,0.0,0
0.91,0.91,1.0,0.0,0.0,4.65,1.0,0.09,3.83,5.57,1.32,0.0,48.41,1.09,0.0,3.0,1.91,2.41,0.09,2.17,1.0,0.37,0.0,0.0,1.91,1.91,0
0.39,0.0,1.39,0.0,0.39,2.17,1.0,0.61,0.0,1.61,1.03,0.0,0.0,2.83,0.0,2.43,1.0,2.0,0.61,1.61,1.0,2.05,0.0,0.0,2.39,0.0,0
0.0,0.0,1.0,0.0,0.0,0.0,1.0,1.22,1.22,1.39,0.93,1.84,0.0,2.22,0.0,7.74,1.39,1.43,1.22,1.22,1.0,0.0,0.61,0.0,2.0,0.61,0
0.0,0.0,0.88,1.88,0.0,0.0,1.0,1.75,1.75,12.25,0.26,0.0,65.64,2.75,0.0,15.75,1.0,2.79,0.88,0.88,0.88,0.15,0.88,0.0,1.37,1.75,1
0.0,0.0,1.0,0.0,0.0,0.0,1.0,0.0,0.75,4.43,1.37,0.0,14.56,1.81,0.0,2.0,1.0,0.88,0.0,1.81,1.0,0.11,0.81,0.0,1.0,1.0,0
5.23,0.69,1.0,0.0,0.0,1.39,2.31,2.04,10.19,9.8,0.56,0.35,64.91,1.65,0.35,5.27,1.65,3.81,1.0,1.31,1.0,1.06,0.0,0.0,2.31,0.65,0
0.0,0.0,0.13,0.87,0.0,0.0,1.0,0.27,0.27,0.13,0.46,0.4,0.0,1.27,0.0,1.62,1.0,0.31,0.27,0.27,0.13,0.0,0.13,0.0,3.73,0.13,0
0.08,0.08,1.0,0.0,0.0,0.39,1.0,0.0,0.31,2.31,1.6,0.0,4.08,1.92,0.0,2.08,1.08,0.65,0.0,2.0,1.0,0.03,0.92,0.0,1.08,1.08,0
2.58,0.28,1.0,0.0,0.0,2.28,4.45,0.55,10.75,13.79,0.35,2.72,66.4,2.72,0.14,19.23,1.86,3.61,1.0,1.72,1.0,1.79,0.86,0.0,1.0,0.0,1
0.0,0.0,0.74,0.74,0.0,0.74,5.43,0.74,8.28,11.07,0.24,0.74,73.83,2.21,0.52,4.43,0.74,1.25,0.0,0.74,0.74,0.31,0.74,0.0,1.74,0.74,1
0.0,0.0,1.66,0.0,0.0,0.0,1.0,0.0,1.0,3.97,1.18,0.0,0.0,1.69,0.0,1.34,1.66,1.95,1.34,2.03,1.0,0.93,0.34,0.0,3.03,0.0,0
0.0,0.0,1.0,0.73,0.0,3.65,1.0,0.0,2.19,7.11,1.25,0.0,45.97,2.0,0.0,4.65,1.0,1.84,1.27,1.27,1.0,0.49,0.0,0.0,2.73,0.73,0
0.0,0.0,1.19,0.0,1.17,0.97,1.0,0.0,0.0,1.97,1.15,0.0,0.0,1.81,0.0,4.83,1.0,2.16,2.0,4.42,1.19,0.6,0.0,0.0,1.0,0.0,0
0.0,0.19,1.0,0.0,0.0,0.38,1.9,0.38,1.19,5.43,1.08,0.1,4.19,1.9,0.1,3.81,1.9,1.72,1.0,0.9,1.0,0.44,0.0,0.0,1.0,0.0,0
5.22,0.0,1.77,1.55,0.19,2.42,1.0,0.19,2.13,5.39,1.99,0.0,16.83,1.0,4.84,1.39,1.19,24.17,1.0,0.19,1.0,1.01,0.19,0.0,3.81,0.58,0
0.0,0.0,1.0,0.77,0.0,1.91,5.63,0.77,1.54,11.81,0.65,0.77,77.23,3.23,0.0,5.32,1.0,1.53,0.23,1.46,1.23,0.55,0.77,0.0,2.0,0.77,1
2.51,0.0,1.0,0.0,0.0,0.0,1.0,0.84,1.68,7.87,0.43,0.0,47.77,1.84,0.0,13.41,1.16,3.45,1.0,1.84,1.0,0.19,0.0,0.0,1.84,0.0,0
0.0,0.0,1.0,0.0,0.0,2.33,1.0,0.0,0.0,4.33,2.37,0.0,0.0,1.67,4.0,1.33,1.0,19.99,0.67,0.67,1.0,0.57,0.0,0.0,4.0,0.33,0
0.0,0.0,1.0,0.0,0.09,0.0,1.0,1.81,2.09,1.09,0.14,2.72,6.22,2.91,0.0,10.96,1.0,2.25,1.91,1.91,1.0,0.07,0.91,0.0,2.0,1.0,1
0.0,0.0,1.0,0.0,0.0,1.8,1.0,0.0,0.2,1.2,2.5,0.0,0.0,1.0,13.65,1.79,2.0,10.13,10.03,1.2,1.0,0.15,0.0,0.0,3.41,0.0,0
1.28,0.26,1.51,0.0,0.51,0.51,1.26,0.0,2.82,3.54,1.32,0.0,19.46,1.74,0.0,2.51,1.26,1.34,0.51,1.74,1.0,0.43,0.74,0.0,1.0,1.0,0
0.0,0.0,1.0,0.0,0.0,3.48,1.0,0.0,0.0,1.76,1.91,0.0,0.0,3.62,0.0,2.62,1.0,1.51,0.62,2.62,1.62,0.62,0.0,0.0,2.76,0.38,0
1.63,0.0,1.91,0.09,1.18,3.73,1.0,0.0,0.0,1.09,1.67,0.09,8.09,1.09,0.0,0.81,1.0,2.13,0.09,1.0,1.0,1.63,0.0,0.0,2.91,0.18,0
1.42,3.55,1.0,0.0,0.0,1.58,1.71,2.13,12.07,6.42,1.05,0.0,44.02,1.71,2.45,2.42,1.0,11.53,0.29,0.71,1.0,0.92,0.0,0.0,1.87,0.0,0
3.62,1.55,2.45,0.0,1.45,3.11,1.72,0.0,7.96,5.79,2.08,0.0,54.99,0.72,0.55,2.89,1.45,3.02,1.72,0.72,1.0,1.21,0.0,0.0,1.28,0.72,0
0.18,0.0,1.0,0.0,1.18,1.45,1.0,0.0,0.0,1.0,0.4,13.01,0.0,1.0,0.0,6.18,1.0,1.73,1.64,11.83,393.42,1.64,0.82,0.0,1.0,0.0,1
1.56,3.9,1.0,0.0,0.0,0.78,1.78,2.56,13.27,5.68,0.59,0.22,48.38,2.0,1.22,2.34,1.0,4.15,0.66,1.0,1.0,0.74,0.0,0.0,1.22,0.0,0
1.7,0.0,1.0,0.0,0.0,0.0,1.0,0.57,1.14,5.54,0.58,0.0,32.36,2.0,0.0,11.68,1.0,3.09,1.43,3.3,1.0,0.22,0.0,0.0,1.57,0.0,0
11.16,0.51,3.98,5.95,0.74,0.0,1.0,0.74,8.18,5.21,0.97,0.0,65.47,0.74,0.51,2.49,1.49,3.23,0.74,0.74,1.0,1.1,0.0,0.0,1.26,0.0,0
1.0,0.0,1.26,0.0,1.47,7.21,1.0,0.53,2.11,3.11,0.71,2.95,18.19,1.26,0.26,5.95,1.0,1.29,0.26,1.74,1.0,0.47,0.0,0.0,1.26,0.26,0
0.0,0.0,1.0,0.0,0.0,0.04,1.12,0.04,4.12,15.0,0.27,0.0,78.08,1.08,0.0,2.87,1.0,2.52,0.0,1.0,1.0,0.59,0.01,0.0,1.0,1.08,0
6.08,0.0,1.0,0.0,0.0,1.2,2.52,0.76,10.64,12.12,1.61,0.0,57.74,1.52,0.48,5.32,1.52,3.84,1.24,1.52,1.0,0.62,0.24,0.0,2.76,0.76,0
1.0,2.28,2.52,0.0,0.0,5.04,1.0,0.76,2.24,1.2,0.52,0.24,26.65,2.0,0.0,3.24,1.0,6.32,3.0,1.24,1.0,1.94,1.0,0.0,4.28,0.0,0
4.49,0.0,1.74,0.0,1.49,1.49,1.74,0.26,6.46,9.0,0.32,0.74,71.12,1.26,0.0,18.97,1.74,4.46,1.74,1.26,1.0,1.53,0.0,0.0,2.0,0.0,0
0.45,0.0,1.0,0.55,0.89,4.13,4.32,0.55,1.11,8.74,0.49,2.34,55.31,2.11,0.0,6.45,1.0,1.16,0.0,1.45,1.0,0.23,0.55,0.0,1.55,0.55,0
0.54,0.27,1.0,0.07,0.0,1.13,1.27,0.07,0.94,3.94,2.06,0.0,5.35,2.93,0.0,2.67,1.07,2.36,0.0,1.93,1.0,0.05,0.07,0.0,4.0,1.13,0
0.42,1.26,3.0,0.0,0.0,2.51,1.0,1.0,4.91,1.74,0.38,2.91,49.76,2.0,0.0,4.16,1.0,4.26,1.26,1.58,1.0,1.69,1.0,0.0,2.68,1.16,0
0.0,0.0,0.97,1.95,0.0,0.0,1.0,1.95,2.66,13.62,0.21,0.0,72.95,2.92,0.05,17.51,0.97,3.1,0.97,0.97,0.97,0.16,0.97,0.0,1.0,1.95,1
0.0,0.68,1.0,0.0,0.0,0.66,1.0,0.66,0.0,0.0,1.65,1.32,0.0,1.32,0.68,4.29,1.32,1.98,1.98,11.86,10.88,3.29,0.0,0.0,1.34,0.66,0
3.82,1.05,1.0,0.48,1.43,0.48,1.0,0.0,0.0,0.95,2.1,0.48,42.93,0.95,1.05,4.82,0.48,1.67,0.48,0.48,1.0,1.39,0.0,0.0,2.0,0.95,0
0.58,0.42,1.58,0.58,0.0,0.42,1.0,5.78,5.58,2.53,0.44,1.16,67.2,1.0,0.0,0.58,1.0,6.13,1.58,1.0,1.0,1.2,0.0,0.0,2.42,0.58,0
2.05,0.41,3.59,0.59,0.82,2.0,1.41,0.0,5.11,4.47,0.81,2.36,45.96,2.18,0.0,2.23,1.41,3.62,2.0,2.77,1.59,2.6,0.0,0.0,2.77,0.41,0
0.0,0.0,1.0,0.0,0.0,1.0,2.58,1.0,3.69,7.9,0.38,0.95,42.14,2.53,0.0,14.95,1.47,2.6,1.42,9.05,8.1,2.74,0.13,0.0,1.0,2.05,1
3.03,1.86,1.0,0.38,1.14,4.11,1.0,0.0,0.0,0.76,4.02,0.38,34.08,0.76,1.24,3.41,0.38,1.95,1.0,0.38,1.0,1.1,0.0,0.0,2.0,0.76,0
0.04,0.0,1.04,0.96,0.0,7.87,2.91,0.09,0.35,6.13,2.71,0.0,98.63,1.04,1.0,3.96,1.0,1.11,0.04,1.0,1.0,0.08,0.96,0.0,1.04,0.04,0
0.0,0.0,1.0,0.0,0.0,0.51,1.0,0.0,1.0,2.49,1.02,0.0,0.0,1.49,0.0,3.04,1.51,1.76,1.02,1.51,1.0,0.38,0.0,0.0,1.98,0.0,0
0.82,0.0,1.0,0.36,1.64,6.54,1.0,0.36,0.36,3.37,0.6,3.27,13.69,1.36,0.0,9.01,1.0,0.99,0.18,1.82,1.0,0.03,0.18,0.0,1.0,0.36,0
0.0,0.46,1.0,0.0,0.0,0.46,1.0,0.0,1.37,4.29,0.65,1.09,24.68,1.54,0.46,3.26,1.46,3.04,1.54,1.54,1.0,0.5,0.54,0.0,3.0,0.0,0
0.0,0.0,1.0,0.0,0.0,0.76,1.0,1.53,1.0,2.24,1.81,0.0,19.08,2.0,6.87,0.24,1.0,2.72,0.0,1.0,1.0,0.0,0.51,0.0,4.53,0.76,1
0.18,1.35,1.0,0.0,0.0,1.0,1.09,0.27,6.06,6.09,0.86,0.0,62.0,1.09,0.09,0.27,1.0,3.65,0.91,1.0,1.0,0.08,0.0,0.0,2.82,0.0,0
0.0,0.0,1.68,0.66,0.0,5.28,2.32,0.34,2.38,4.98,1.93,1.7,87.76,1.34,0.66,4.34,1.0,1.68,0.0,1.34,1.0,0.57,1.0,0.0,1.0,0.68,0
0.1,0.0,1.0,0.02,0.02,4.93,1.07,0.09,0.07,1.72,1.72,0.02,1.64,3.98,0.0,3.55,1.02,1.03,0.98,2.97,1.98,0.99,0.0,0.0,2.07,0.1,0
0.8,0.4,1.0,0.0,1.6,7.2,1.0,0.8,0.6,0.8,0.78,3.4,8.78,1.0,0.2,6.0,1.0,1.17,0.2,1.6,1.0,0.3,0.0,0.0,1.0,0.0,0
0.0,0.0,1.0,0.0,0.05,3.16,1.0,0.0,0.0,4.79,2.35,0.53,0.0,1.0,5.68,1.53,1.0,27.31,1.0,0.59,1.0,0.88,0.03,0.0,3.84,0.05,0
2.37,0.0,1.0,0.41,0.0,0.59,1.41,1.59,0.82,13.41,0.44,0.0,35.95,2.77,1.23,9.69,1.41,2.84,0.0,0.59,1.0,0.42,0.59,0.0,1.41,0.41,0
0.57,1.43,1.0,0.0,0.71,0.29,1.29,0.86,7.0,3.43,0.43,0.0,64.86,2.0,0.29,1.57,1.0,2.35,0.71,1.0,1.0,0.81,0.0,0.0,1.71,0.71,0
0.0,0.0,1.0,0.0,0.19,0.81,1.0,0.0,0.81,1.81,0.9,2.91,0.0,1.0,0.0,5.19,1.81,2.4,2.0,4.32,93.79,0.99,0.19,0.0,1.0,0.0,0
6.11,0.0,1.9,1.81,0.23,0.0,1.0,0.23,2.49,3.13,1.25,0.0,19.67,1.77,0.0,2.23,1.23,1.49,0.23,1.77,1.0,0.37,1.0,0.0,1.45,1.45,0
0.0,0.0,1.0,0.94,0.0,4.7,1.0,0.0,2.88,8.59,1.03,0.12,59.28,2.06,0.0,5.76,1.0,1.85,1.12,1.12,1.0,0.67,0.0,0.0,2.88,0.94,0
3.27,0.0,1.0,0.41,1.23,0.41,1.0,0.0,0.0,2.0,1.15,0.41,36.81,2.0,0.0,4.27,1.0,2.61,1.59,1.59,1.0,1.19,0.0,0.0,2.0,0.82,0
3.21,0.0,1.0,0.07,0.07,0.07,1.28,0.35,2.14,6.76,0.17,1.93,59.76,3.0,0.0,14.56,1.07,2.83,0.0,2.86,1.0,0.34,0.95,0.0,3.21,2.28,1
0.0,0.0,1.0,0.0,0.0,0.0,1.0,0.0,1.0,2.36,0.67,0.0,0.0,2.0,0.0,3.55,1.0,1.96,1.27,1.64,1.0,0.96,0.0,0.0,1.73,0.0,0
3.04,0.0,1.0,0.0,0.0,0.76,1.0,1.52,0.0,10.36,0.78,0.0,0.0,3.52,0.0,11.64,1.0,3.12,0.48,1.24,1.0,0.4,0.76,0.0,1.24,0.0,0
1.0,0.0,2.0,1.0,0.0,0.0,1.0,9.98,5.99,0.0,0.1,2.0,70.88,1.0,0.0,1.0,1.0,7.99,2.0,1.0,1.0,2.07,0.0,0.0,2.0,1.0,0
0.0,0.0,0.88,0.0,0.0,0.0,1.0,0.88,3.18,0.88,0.88,0.88,0.0,1.76,2.0,0.0,0.88,2.63,2.63,0.88,0.88,0.0,0.0,0.0,1.88,0.0,0
5.72,0.0,2.55,1.45,0.18,4.09,1.0,1.82,8.55,8.64,0.62,0.0,72.27,1.82,0.82,3.0,1.18,3.75,1.0,1.0,1.0,1.76,0.18,0.0,2.18,1.36,0
6.01,3.0,1.75,1.0,0.0,2.75,4.0,0.75,10.76,13.26,0.68,1.0,66.3,2.25,0.0,9.26,1.75,2.95,0.5,1.75,1.25,1.33,0.75,0.0,4.0,2.25,1
0.05,0.0,1.0,0.05,0.0,0.27,2.89,0.95,6.62,19.02,0.29,0.38,61.27,2.0,0.0,9.22,1.95,2.07,0.05,0.05,1.0,0.29,1.0,0.0,1.0,1.89,0
0.85,0.0,1.23,0.45,0.06,0.0,1.0,0.06,0.62,1.34,1.11,0.0,4.96,1.94,0.0,5.83,1.06,2.13,1.94,4.77,1.0,0.56,0.0,0.0,1.0,0.0,0
13.35,0.0,2.98,3.95,0.49,2.53,1.0,0.49,5.44,4.98,2.97,0.0,43.01,0.49,1.01,1.48,0.99,4.44,1.51,0.49,1.0,0.82,1.0,0.0,2.49,1.48,0
0.0,0.0,1.0,1.0,0.0,7.99,3.0,0.0,0.0,6.0,2.8,0.0,99.93,1.0,1.0,4.02,1.0,1.0,0.0,1.0,1.0,0.0,1.0,0.0,1.0,0.0,0
1.02,2.54,1.0,0.0,0.0,0.51,2.49,2.02,12.08,13.39,0.38,0.0,61.51,2.0,0.51,5.95,1.49,3.3,0.0,0.51,1.0,0.58,0.49,0.0,1.0,0.98,0
0.0,0.0,2.25,0.0,0.0,0.37,1.0,0.63,4.39,3.0,0.95,3.13,40.12,2.37,0.0,3.88,1.0,2.75,0.0,2.0,1.0,1.04,0.63,0.0,2.12,1.63,0
0.0,0.0,1.0,0.0,0.0,0.88,1.23,1.88,1.7,4.1,1.85,0.0,29.2,2.0,7.95,1.05,1.12,3.12,0.0,0.88,1.0,0.02,0.71,0.0,4.53,1.12,1
3.17,1.58,1.85,1.69,0.21,3.15,1.0,3.37,4.69,1.48,0.89,0.79,53.3,1.0,0.79,2.21,1.21,3.94,1.0,0.21,1.0,1.5,0.0,0.0,1.0,0.0,0
4.16,0.0,1.92,4.69,4.69,10.22,1.31,0.39,0.31,4.29,0.57,2.84,73.88,1.16,0.0,9.2,1.08,4.99,1.84,1.0,1.0,2.01,0.02,0.0,3.24,2.31,0
0.0,0.0,1.0,0.0,0.0,0.31,1.0,1.69,1.38,0.69,0.24,2.69,0.0,2.69,0.0,10.14,1.31,2.54,2.31,6.97,5.66,1.55,0.69,0.0,1.69,1.0,1
0.0,4.45,1.33,0.11,0.0,2.89,1.0,0.0,0.11,0.22,3.77,0.44,2.77,0.33,6.22,0.11,0.11,17.46,14.45,1.33,1.11,0.36,0.0,0.0,3.11,0.0,0
0.0,0.0,1.0,0.5,0.0,0.0,1.5,0.5,1.0,7.97,1.25,0.0,43.81,2.0,2.0,1.5,1.5,1.46,0.0,1.0,1.0,0.14,0.5,0.0,1.5,1.5,0
0.0,0.0,1.0,0.0,0.0,0.62,1.0,1.0,0.0,0.38,0.71,1.62,0.0,2.0,0.75,3.75,1.62,3.0,3.0,11.62,10.37,3.12,0.0,0.0,1.38,0.62,0
14.22,0.0,1.0,17.0,10.67,2.33,9.89,5.33,19.89,67.67,0.61,0.0,91.44,2.0,0.0,14.0,1.89,3.04,0.11,0.11,1.0,0.72,0.0,0.0,2.11,3.67,1
0.0,0.0,0.62,0.0,0.0,1.86,1.62,0.0,11.13,1.86,0.85,0.0,0.0,0.62,0.76,2.48,1.24,2.69,1.86,1.24,0.62,0.27,0.0,0.0,1.0,0.0,0
0.0,0.84,1.0,0.0,0.0,0.51,1.0,0.0,0.0,1.66,2.43,0.0,0.0,2.49,2.01,0.83,0.83,4.07,2.7,1.83,1.0,0.0,0.83,0.0,1.34,1.66,0
3.99,0.8,2.59,0.0,1.59,1.59,1.8,0.0,8.77,6.78,0.76,0.0,60.58,1.0,0.0,3.19,2.0,3.22,1.8,1.0,1.0,1.57,0.0,0.0,1.0,0.8,0
0.0,0.16,1.0,0.0,0.0,1.95,1.0,0.84,0.0,1.68,1.03,0.0,0.0,3.37,0.32,3.68,0.84,1.84,1.0,1.84,1.0,2.02,0.16,0.0,1.84,0.0,0
0.2,0.0,1.2,0.0,0.2,0.8,1.0,0.0,0.0,1.8,1.79,0.0,0.0,1.8,0.0,0.8,1.0,2.0,1.6,1.8,1.0,0.3,0.0,0.0,2.2,0.0,0
0.0,0.0,1.0,0.0,0.0,1.9,1.0,0.1,0.21,1.0,2.68,0.0,0.0,1.1,15.24,1.21,1.9,10.91,10.86,1.31,1.0,0.0,0.0,0.0,3.69,0.1,0
0.66,4.64,1.0,0.0,0.0,0.66,2.66,0.0,5.64,11.3,0.63,0.0,51.65,2.0,0.0,5.32,2.0,1.65,0.34,0.34,1.0,0.52,0.0,0.0,2.32,1.99,0
3.03,0.0,1.0,0.24,0.0,1.97,1.0,1.52,0.73,12.03,0.6,0.0,15.24,3.52,0.0,12.82,1.0,3.06,0.24,1.0,1.0,0.56,0.76,0.0,1.48,0.24,0
0.0,4.32,1.0,0.0,0.0,2.59,1.0,0.0,0.0,0.14,3.71,0.0,0.0,0.27,6.05,0.82,0.14,16.85,14.09,1.55,1.0,0.07,0.0,0.0,2.73,0.0,0
0.72,1.4,1.0,0.0,1.44,6.6,1.0,0.0,0.0,0.72,1.65,2.88,0.0,0.72,1.96,5.04,0.72,5.73,4.48,1.72,1.0,0.0,0.0,0.0,1.56,0.0,0
0.02,0.05,1.04,0.0,0.0,1.09,1.0,1.98,1.02,1.96,2.03,0.0,25.09,2.0,8.84,0.05,1.0,3.3,0.05,1.0,1.0,0.03,0.67,0.0,5.0,0.98,1
0.0,0.0,1.2,0.1,0.1,4.6,1.0,0.0,0.2,1.3,1.63,0.0,5.84,3.7,0.0,2.8,1.1,1.35,1.1,2.8,1.9,1.05,0.0,0.0,2.1,0.0,0
0.43,0.0,1.0,0.43,0.0,2.14,2.15,0.57,4.01,12.31,0.31,2.99,63.14,2.0,0.0,10.71,1.57,1.91,0.43,0.43,1.0,0.88,1.0,0.0,1.0,1.15,0
2.97,0.0,1.0,0.0,0.01,0.05,1.0,0.0,1.98,3.97,0.17,2.07,56.51,2.98,0.0,12.98,1.0,2.84,0.01,3.07,1.0,0.34,1.0,0.0,2.98,1.99,1
0.07,0.47,1.0,0.0,0.0,4.73,1.13,0.0,0.54,1.88,1.66,0.0,5.26,3.87,0.0,3.2,1.07,1.05,0.93,2.8,1.93,0.97,0.0,0.0,2.07,0.2,0
0.0,0.0,1.0,0.89,0.0,3.56,1.89,0.11,2.67,15.23,0.37,3.67,48.92,2.89,0.22,18.68,1.89,2.16,0.33,1.0,1.0,0.0,0.89,0.0,4.67,3.56,1
0.25,0.0,1.25,1.0,0.0,3.01,1.75,2.48,3.74,12.78,0.24,3.5,58.97,2.5,0.0,16.04,1.75,3.53,0.5,1.0,1.0,0.51,0.75,0.0,4.26,3.26,1
1.0,2.51,1.0,0.0,0.5,0.5,1.5,1.5,8.52,4.01,0.4,7.48,31.09,1.5,0.5,4.5,1.0,3.24,1.0,7.48,239.83,1.47,0.5,0.0,1.0,0.0,1
0.0,0.0,2.09,0.0,0.0,0.0,1.0,0.54,5.63,8.47,0.25,2.72,70.38,1.54,0.0,3.63,1.0,2.79,0.0,1.54,1.0,1.18,0.54,0.0,1.0,1.54,0
1.55,3.88,1.45,0.22,0.22,1.0,1.78,2.33,13.65,6.33,0.49,0.0,61.11,1.78,0.78,2.55,1.22,4.48,0.45,1.0,1.0,1.07,0.0,0.0,1.45,0.0,0
0.0,0.0,0.81,0.0,0.0,2.44,1.0,0.0,4.88,4.06,2.01,0.0,0.0,0.81,5.25,0.81,0.81,23.4,0.81,0.0,0.81,0.7,0.0,0.0,3.44,0.0,0
2.02,0.5,1.5,2.52,2.52,9.02,1.0,0.0,0.0,0.5,2.15,1.51,36.31,0.5,0.99,4.52,0.5,3.12,1.5,1.0,1.0,1.08,0.5,0.0,2.01,1.01,0
0.0,0.0,1.0,0.0,0.0,0.6,1.0,1.21,0.6,2.0,2.07,0.0,15.12,2.4,5.84,0.4,1.0,2.36,0.0,1.4,1.0,0.0,0.8,0.0,3.42,1.4,0
0.0,0.0,1.0,0.0,0.0,0.0,2.0,1.0,6.0,14.0,0.28,1.0,69.98,2.0,1.0,11.0,2.0,9.8,0.0,1.0,1.0,0.39,1.0,0.0,3.0,4.0,0
0.0,0.0,1.0,1.64,0.0,0.0,1.0,1.64,2.36,14.18,0.23,0.0,75.54,2.64,0.0,15.1,1.0,3.07,0.82,1.0,1.0,0.24,0.82,0.0,1.0,1.82,1
4.32,2.16,1.0,0.54,0.0,1.62,3.16,0.54,9.4,16.08,0.43,0.0,79.08,1.54,0.0,7.4,1.54,2.66,0.0,1.0,1.0,0.65,0.54,0.0,2.62,2.08,0
0.0,0.72,1.0,0.0,0.28,6.72,1.0,0.0,0.0,0.28,2.75,2.83,0.0,0.28,1.43,4.55,0.28,1.0,1.0,3.83,1.0,0.35,0.86,0.0,1.0,0.28,0
3.1,0.0,1.0,0.0,0.0,0.61,1.78,1.0,6.65,6.43,0.82,0.0,29.47,2.0,0.0,4.55,1.39,2.39,1.0,3.22,1.0,0.32,0.0,0.0,1.78,1.0,0
0.04,0.0,1.0,0.04,0.0,0.19,1.0,0.0,0.0,1.04,1.15,0.27,2.5,2.0,0.0,6.27,1.0,1.99,1.96,4.85,1.0,0.55,0.04,0.0,1.0,0.0,0
0.0,0.44,1.0,0.0,0.0,0.0,1.0,0.0,0.0,1.56,2.57,0.0,0.0,0.78,0.44,1.0,1.56,0.0,0.0,0.0,1.0,0.0,0.0,0.0,2.0,0.0,0
0.87,2.17,1.0,0.0,0.0,0.43,1.43,1.3,9.64,11.53,0.36,0.0,71.06,1.43,0.43,2.43,1.0,3.37,0.0,1.0,1.0,0.75,0.0,0.0,1.0,0.57,0
0.0,0.0,1.0,1.43,0.0,0.0,1.0,1.43,1.43,10.56,0.62,0.0,53.5,2.71,0.0,13.41,1.0,2.42,0.71,1.29,1.0,0.12,1.0,0.0,1.0,1.71,1
0.0,0.0,1.0,1.0,0.0,0.08,2.38,1.0,2.0,14.08,0.4,0.08,88.91,1.15,2.77,2.3,1.92,1.91,0.0,0.08,1.0,0.29,0.08,0.0,2.0,1.0,0
3.32,0.0,0.41,0.59,0.0,0.0,1.83,0.41,5.8,6.22,0.41,0.0,31.49,1.41,0.0,2.9,1.41,1.57,0.41,0.83,0.41,0.34,0.0,0.0,3.59,0.41,0
0.47,0.0,1.0,0.0,0.0,0.0,1.0,0.0,3.69,13.28,0.25,0.31,74.72,1.31,0.0,3.72,1.0,2.58,0.0,1.31,1.0,0.55,0.16,0.0,1.31,1.16,0
0.0,0.95,1.0,0.0,0.0,0.95,1.0,0.0,4.95,6.42,0.87,0.0,62.74,1.0,0.0,0.09,1.0,3.52,0.95,1.0,1.0,0.03,0.0,0.0,2.91,0.05,0
0.0,0.0,1.0,0.0,0.0,1.46,1.54,1.73,3.36,6.89,0.41,0.0,52.99,2.0,0.0,3.9,1.27,1.66,0.0,0.73,1.0,0.54,0.27,0.0,1.73,0.54,0
0.0,0.0,1.0,0.84,0.0,3.53,1.84,0.0,2.53,14.83,0.58,3.38,46.46,3.0,0.0,18.05,1.84,2.1,0.0,1.16,1.0,0.0,0.84,0.0,4.84,3.53,1
0.0,0.0,1.0,0.0,0.0,0.0,1.8,0.0,1.59,7.76,0.91,0.0,15.22,1.8,0.0,3.61,1.8,1.7,0.8,1.0,1.0,0.38,0.0,0.0,1.0,0.2,0
0.0,0.37,1.0,0.63,0.0,5.74,1.0,0.0,1.88,5.65,2.04,0.0,39.57,1.26,0.74,4.51,0.63,1.49,1.0,1.0,1.0,0.42,0.37,0.0,2.26,0.63,0
0.43,0.0,2.13,0.0,0.87,3.47,1.0,0.57,3.96,2.13,0.43,4.57,36.24,1.57,0.0,5.87,1.0,1.92,0.0,2.0,1.0,0.94,0.57,0.0,1.0,1.13,0
0.0,0.0,2.18,0.59,0.59,1.0,1.0,0.41,1.18,3.18,0.55,0.0,34.24,2.23,0.0,2.23,1.59,3.48,1.59,1.41,1.0,1.87,0.0,0.0,2.59,0.0,0
0.0,1.83,1.0,0.0,0.0,3.66,1.0,3.75,2.75,0.08,1.12,1.0,40.27,1.08,1.08,1.83,1.0,3.76,1.17,0.08,1.0,1.37,0.0,0.0,1.08,0.0,0
0.0,0.0,1.0,0.53,0.0,0.0,1.0,0.53,0.53,5.18,1.37,0.0,19.86,2.26,0.0,5.5,1.0,2.31,1.74,1.74,1.0,0.04,0.26,0.0,1.74,0.53,0
0.0,0.0,3.17,0.58,0.0,1.17,1.0,0.0,1.0,3.25,0.96,2.33,14.58,2.17,0.0,1.0,1.42,2.62,1.58,2.75,1.58,2.16,0.0,0.0,3.17,0.0,0
4.05,0.81,2.62,0.0,1.81,1.62,1.81,0.0,9.47,6.85,0.44,0.0,74.09,1.19,0.0,3.43,1.81,3.35,1.81,1.0,1.0,1.49,0.0,0.0,1.19,1.0,0
0.0,0.01,1.99,0.0,0.0,0.08,1.0,0.0,0.99,4.94,0.84,0.0,0.0,0.99,0.02,1.01,1.98,1.4,1.0,1.0,1.0,0.62,0.01,0.0,1.99,0.0,0
5.77,2.36,1.86,1.71,0.21,4.72,1.0,0.21,2.35,1.5,4.98,0.0,18.6,0.21,1.57,0.64,0.43,1.83,1.0,0.21,1.0,0.35,0.21,0.0,2.21,0.64,0
0.0,0.0,1.0,0.0,1.0,0.0,1.0,0.0,0.0,1.0,0.33,14.97,0.0,1.0,0.0,5.99,1.0,2.01,2.01,13.98,478.93,2.0,1.0,0.0,1.0,0.0,1
0.0,3.5,1.0,0.0,0.0,3.0,1.3,0.0,0.6,0.9,3.28,0.0,0.0,0.3,4.89,1.2,0.6,14.73,12.09,1.3,1.0,0.13,0.0,0.0,2.4,0.0,0
0.0,0.0,1.0,0.0,0.0,0.94,1.0,1.88,0.94,2.0,1.98,0.12,23.45,2.0,8.44,0.37,1.0,3.27,0.12,1.06,1.0,0.0,0.69,0.0,4.88,0.94,1
0.71,0.0,1.0,0.0,1.42,5.67,1.29,0.29,1.75,4.79,0.57,3.13,20.4,1.29,0.29,8.17,1.29,3.21,0.0,1.71,1.0,0.11,0.29,0.0,1.58,1.17,0
0.41,0.0,1.0,0.41,0.0,2.65,1.0,0.59,0.0,0.82,0.45,4.06,27.22,2.0,0.0,8.89,1.59,2.45,2.18,10.99,9.81,3.68,0.41,0.0,1.0,0.59,1
0.0,0.0,1.0,0.0,0.0,0.62,1.0,0.0,1.23,1.0,2.67,0.0,0.0,1.38,0.62,0.0,1.62,6.91,6.91,2.23,1.0,0.0,0.0,0.0,2.23,0.0,0
0.0,1.93,1.0,0.0,0.0,0.0,1.0,0.0,0.04,0.11,3.7,0.0,0.0,0.07,1.93,1.0,0.04,0.04,0.0,0.04,1.0,0.0,0.0,0.0,2.04,0.0,0
0.0,0.0,3.43,0.81,0.0,1.62,1.0,0.0,0.81,2.0,1.28,3.25,20.29,2.62,0.0,1.0,1.19,2.84,1.62,3.25,1.81,2.64,0.0,0.0,3.62,0.0,0
0.85,2.54,2.69,0.0,0.0,5.08,1.0,0.85,1.69,0.31,0.84,0.0,25.41,1.85,0.0,2.69,1.15,5.08,2.54,0.85,1.0,1.45,0.85,0.0,4.54,0.0,0
0.6,0.6,1.0,0.0,0.0,3.0,1.0,0.0,2.4,4.4,1.45,0.0,31.85,1.4,0.0,2.6,1.6,1.7,0.0,2.0,1.0,0.24,0.4,0.0,1.6,1.6,0
2.19,0.0,1.55,2.74,2.74,6.02,1.0,0.0,1.81,7.34,0.46,1.64,74.72,1.0,0.0,4.74,1.0,3.99,1.09,1.0,1.0,1.44,0.0,0.0,2.09,1.55,0
0.0,1.28,1.0,0.0,0.0,2.56,1.0,2.56,2.28,0.72,0.99,1.36,28.21,1.72,0.64,2.0,1.0,3.53,1.72,1.08,1.0,1.23,0.0,0.0,1.0,0.0,0
4.15,0.0,1.0,0.69,0.69,0.69,3.77,3.46,2.77,30.35,0.6,0.69,66.38,2.69,0.0,24.82,1.69,1.87,0.0,1.31,1.0,0.32,0.48,0.0,4.46,4.46,1
0.0,0.0,1.41,0.0,0.0,0.0,1.0,0.0,1.0,3.24,0.62,0.0,0.0,1.59,0.0,3.34,1.41,2.04,1.59,1.59,1.0,1.14,0.0,0.0,1.41,0.0,0
5.34,0.0,1.0,0.47,1.4,0.47,1.0,0.0,1.07,3.07,0.2,1.53,72.41,2.53,0.0,11.13,1.0,3.16,0.47,2.07,1.0,1.54,0.53,0.0,2.53,2.0,1
0.0,0.0,1.0,0.05,0.0,0.4,2.05,0.95,5.7,13.6,0.41,0.95,71.49,1.95,1.0,10.65,1.95,9.36,0.0,1.0,1.0,0.37,1.0,0.0,2.9,3.8,0
0.0,0.0,1.0,0.23,0.0,2.64,1.47,0.77,0.0,2.94,1.06,0.0,23.44,3.3,0.23,4.0,1.0,1.77,0.77,1.77,1.0,1.84,0.23,0.0,1.77,0.0,0
0.0,0.0,1.0,0.0,0.0,1.0,2.57,0.52,4.15,8.82,0.62,0.0,41.96,2.05,0.0,14.44,1.48,2.37,0.95,1.48,1.0,0.73,0.13,0.0,1.0,1.57,0
1.71,0.0,2.29,0.43,0.0,2.0,3.28,0.0,7.27,9.98,0.58,3.43,50.65,3.0,0.0,12.97,1.57,3.55,1.43,2.86,1.43,2.45,0.57,0.0,2.29,0.0,1
2.85,0.0,1.63,0.37,0.37,3.52,2.48,3.11,6.52,21.59,0.53,0.37,79.0,2.37,0.63,14.85,1.37,3.12,0.63,1.0,1.0,1.3,0.09,0.0,3.48,2.85,0
0.0,0.0,0.81,0.19,0.0,0.0,1.0,1.61,1.61,0.81,0.19,2.42,0.0,2.61,0.0,9.66,1.0,1.88,1.61,1.61,0.81,0.0,0.81,0.0,2.39,0.81,1
4.64,0.0,1.0,0.58,1.74,1.42,1.0,0.84,0.84,2.0,0.33,0.58,73.19,2.0,0.0,6.06,1.0,2.66,0.58,1.0,1.0,1.97,0.0,0.0,2.0,1.16,0
1.0,0.0,2.0,1.0,0.0,0.0,1.0,10.0,6.0,0.0,0.1,2.0,71.0,1.0,0.0,1.0,1.0,8.0,2.0,1.0,1.0,2.08,0.0,0.0,2.0,1.0,0
0.16,0.16,1.0,0.84,0.0,1.62,6.07,0.84,2.31,13.6,0.48,0.84,92.7,2.69,0.0,5.53,1.16,1.81,0.0,1.16,1.0,0.41,0.84,0.0,2.0,1.16,1
1.87,0.0,1.0,0.31,1.0,0.31,2.25,1.56,3.31,14.78,0.34,0.31,75.35,2.31,0.0,11.6,1.31,1.81,0.69,1.0,1.0,0.66,0.08,0.0,3.25,2.56,0
0.0,0.0,1.0,0.92,0.0,7.32,2.83,0.0,0.08,5.66,2.72,0.0,91.54,1.17,0.92,3.83,1.0,1.17,0.17,1.25,1.0,0.13,1.0,0.0,1.34,0.0,0
0.04,0.0,1.0,0.0,0.07,0.28,1.0,0.96,0.0,1.0,0.99,1.11,0.0,1.96,1.93,0.25,1.0,2.91,2.89,1.04,1.0,0.0,0.0,0.0,1.96,0.0,0
0.36,1.09,1.72,0.0,0.64,2.17,1.0,0.36,2.64,1.28,0.48,0.0,52.98,2.0,0.0,1.72,1.0,3.13,1.72,1.0,1.0,1.1,0.36,0.0,3.09,0.64,0
0.0,0.0,1.54,0.0,0.46,2.77,1.0,0.0,0.54,3.16,0.57,4.61,0.0,1.0,0.0,5.61,1.54,1.22,1.0,5.61,1.0,0.91,0.23,0.0,1.54,0.46,0
0.55,1.35,1.55,0.55,0.0,2.71,1.0,5.48,3.29,0.0,2.91,1.1,38.94,0.55,0.9,0.55,0.55,4.84,1.55,0.55,1.0,1.14,0.0,0.0,2.0,0.55,0
0.0,0.0,1.0,0.0,0.0,4.23,1.0,0.39,0.19,1.19,1.81,0.0,4.81,3.61,1.73,2.42,1.0,1.43,0.81,2.61,1.81,0.81,0.13,0.0,2.58,0.19,0
5.18,0.35,1.0,0.65,1.94,3.12,1.0,0.0,0.0,1.29,1.46,0.65,58.25,1.29,0.71,6.53,0.65,2.62,1.0,1.0,1.0,1.89,0.35,0.0,1.65,1.29,1
0.0,0.0,1.0,0.0,0.0,0.0,1.0,0.0,0.0,2.0,1.85,0.0,0.0,1.67,0.0,0.67,1.33,1.67,1.67,1.67,1.0,0.4,0.0,0.0,1.67,0.0,0
3.13,1.57,1.0,0.39,0.0,4.22,2.57,0.39,5.48,8.48,3.8,0.0,31.31,0.78,1.22,4.7,0.78,3.52,1.22,0.39,1.0,0.27,1.0,0.0,2.78,1.17,0
1.12,2.79,1.0,0.44,0.0,2.76,1.56,1.68,10.83,7.88,0.73,0.0,62.44,2.0,0.56,4.32,1.0,3.28,0.44,1.0,1.0,0.83,0.0,0.0,1.88,0.44,0
0.0,0.0,1.0,0.0,0.0,0.0,1.0,0.0,1.0,2.01,1.88,0.0,0.0,2.99,0.0,1.99,1.0,2.97,1.97,3.96,1.0,1.48,0.99,0.0,4.97,0.0,0
2.66,0.0,1.0,0.23,0.0,0.0,1.0,1.11,2.0,9.57,0.14,0.0,59.05,2.11,0.0,16.23,1.0,3.84,1.0,1.89,1.0,0.02,0.11,0.0,1.89,0.23,0
0.0,0.03,1.0,0.0,0.0,0.03,1.0,0.0,1.11,3.08,1.0,0.0,1.67,1.97,0.0,0.97,1.0,1.07,0.03,1.0,1.0,0.0,0.0,0.0,3.0,0.0,0
0.0,0.0,1.0,0.63,0.0,0.0,1.63,0.63,1.63,9.93,0.63,0.0,55.42,1.37,1.89,1.63,1.63,1.59,0.0,0.37,1.0,0.17,0.0,0.0,2.37,0.63,0
0.0,0.0,1.0,0.0,0.0,1.65,1.0,0.0,1.35,2.3,2.53,0.0,0.0,1.0,2.62,0.32,1.68,12.73,3.7,2.03,1.0,0.28,0.0,0.0,3.32,0.0,0
0.0,0.0,1.0,0.0,0.0,0.0,1.0,0.0,0.83,2.0,0.75,0.0,0.0,1.83,0.0,4.13,1.17,2.24,1.83,1.83,1.0,1.45,0.0,0.0,1.0,0.0,0
0.86,0.17,1.34,0.0,0.34,0.34,1.17,0.0,1.89,3.03,0.69,1.66,13.05,1.83,0.0,5.66,1.17,3.55,2.0,1.83,1.0,0.29,0.83,0.0,2.66,0.17,1
3.58,0.0,1.0,0.0,0.0,0.89,1.0,1.79,0.0,11.84,0.62,0.0,0.0,3.68,0.0,13.42,1.11,3.21,0.11,1.0,1.0,0.59,0.89,0.0,1.0,0.0,0
12.96,0.0,2.92,3.84,0.48,1.04,1.0,1.52,6.32,4.4,0.24,0.0,67.76,1.52,0.0,2.48,1.48,3.13,0.48,1.0,1.0,1.14,0.48,0.0,2.48,1.44,0
0.0,0.0,1.0,0.04,0.0,0.3,1.07,0.0,0.96,2.15,0.83,1.93,3.74,2.93,0.04,2.07,1.0,2.93,2.89,2.93,1.0,0.72,0.04,0.0,1.0,0.0,0
0.0,4.85,1.0,0.0,0.0,2.85,1.0,0.0,0.0,0.0,4.09,0.0,0.0,0.0,6.75,0.05,0.0,18.23,15.19,0.95,1.0,0.0,0.0,0.0,2.95,0.0,0
1.83,0.0,1.37,0.0,0.73,1.37,1.37,0.63,2.92,4.56,0.48,0.37,27.75,2.9,0.0,9.84,1.37,2.97,1.37,1.63,1.0,2.27,0.0,0.0,2.0,0.0,0
2.91,0.03,1.0,0.0,0.0,0.03,1.0,0.0,2.03,4.09,0.18,1.94,56.91,2.94,0.03,12.62,1.03,2.85,0.03,2.94,1.0,0.36,0.97,0.0,3.0,1.94,1
0.0,2.11,2.15,0.58,0.58,1.85,1.0,0.0,1.15,2.31,2.06,0.0,33.49,0.58,2.96,0.58,1.15,10.71,7.92,1.0,1.0,0.87,0.0,0.0,3.0,0.0,0
0.0,0.0,1.0,0.0,0.0,5.0,1.0,0.0,0.0,1.48,2.74,0.0,0.0,3.04,0.48,2.28,0.76,1.72,1.24,2.28,1.76,0.76,0.24,0.0,2.0,0.0,0
0.0,0.0,1.0,0.0,0.0,0.0,1.0,0.0,0.07,2.0,1.89,0.0,0.0,1.07,0.0,0.35,1.93,1.1,1.07,1.07,1.0,1.22,0.0,0.0,1.0,0.0,0
0.0,0.0,1.0,0.0,0.0,0.0,1.0,0.0,3.16,12.05,0.46,0.0,61.58,1.21,0.0,2.84,1.0,2.42,0.42,1.84,1.0,0.57,0.0,0.0,1.0,0.79,0
5.58,0.0,1.0,0.0,0.0,0.0,2.39,0.7,10.06,11.06,0.41,0.61,52.99,2.3,0.0,5.49,1.7,3.55,1.61,2.3,1.0,0.8,0.0,0.0,2.39,0.7,0
0.92,2.3,1.0,0.0,0.0,1.0,1.46,1.38,7.83,4.84,1.39,0.0,28.55,2.54,0.46,2.46,1.0,3.32,0.0,1.54,1.0,0.44,0.0,0.0,2.62,0.54,0
0.0,0.0,2.89,0.63,0.0,1.26,1.0,0.0,0.63,2.0,1.44,2.51,15.71,3.0,0.37,1.0,1.0,2.57,1.26,3.26,1.63,2.04,0.37,0.0,2.89,0.74,0
2.27,0.0,1.0,0.0,0.0,1.51,4.27,0.24,10.53,15.51,0.23,2.51,70.0,2.76,0.24,19.31,2.0,5.1,0.76,1.76,1.0,1.49,1.0,0.0,1.49,0.98,1
0.0,0.0,1.0,0.0,0.0,0.4,1.0,0.0,1.0,2.6,1.02,0.0,0.0,1.6,0.0,2.58,1.4,1.59,0.79,1.4,1.0,0.3,0.0,0.0,2.21,0.0,0
0.16,2.16,1.33,0.0,0.0,4.33,1.0,3.51,2.84,0.0,1.04,0.84,41.71,1.16,0.84,2.16,1.0,4.19,1.33,0.16,1.0,1.54,0.16,0.0,1.65,0.0,0
0.2,0.0,1.0,0.0,0.0,0.41,1.0,0.0,1.41,2.61,1.56,0.2,3.26,2.8,0.0,2.41,1.0,3.88,2.2,3.59,1.0,1.74,1.0,0.0,4.39,0.0,0
2.08,1.04,1.0,1.0,0.0,4.48,2.04,0.26,5.86,11.08,0.92,0.0,67.43,2.0,0.0,7.56,1.26,2.04,0.74,1.0,1.0,0.67,0.26,0.0,3.26,1.52,0
15.7,0.0,2.19,15.74,8.74,1.41,8.03,4.52,18.74,54.84,0.39,0.0,92.92,1.7,0.0,11.44,2.0,3.54,0.3,0.3,1.0,0.95,0.0,0.0,1.7,2.81,1
0.3,2.07,1.0,0.0,0.0,0.3,2.3,0.7,6.59,14.0,0.32,0.7,72.37,2.0,0.7,9.52,2.0,7.41,0.0,0.7,1.0,0.46,0.7,0.0,3.0,3.7,0
0.0,0.0,1.0,0.05,0.0,0.23,1.0,0.0,1.09,2.32,1.85,0.0,2.85,2.95,0.0,2.18,1.0,2.94,1.95,3.86,1.0,1.46,0.95,0.0,4.91,0.05,0
0.48,0.0,1.0,1.0,0.08,3.76,2.24,0.4,3.08,19.06,0.28,3.76,58.25,3.0,0.0,22.11,2.0,2.09,0.0,1.0,1.0,0.04,0.94,0.0,5.08,4.16,1
0.32,2.26,1.0,0.0,0.0,0.32,1.65,0.0,2.58,5.88,1.54,0.0,25.2,2.68,0.68,2.62,1.32,1.23,0.0,1.35,1.0,0.2,0.68,0.0,1.65,2.32,0
3.49,0.0,1.93,1.86,0.23,0.0,1.0,0.23,2.56,3.16,1.7,0.0,20.45,1.0,0.0,1.46,2.0,1.01,0.23,0.23,1.0,0.34,0.0,0.0,1.77,0.0,0
0.0,0.17,1.0,0.0,0.92,0.0,1.0,0.0,2.75,1.83,0.7,0.0,60.52,1.83,0.17,1.0,0.92,1.38,0.92,0.92,1.0,0.69,0.0,0.0,2.0,0.92,0
0.0,0.0,1.0,0.0,0.0,0.0,1.0,0.0,0.0,1.32,1.32,0.0,0.0,2.0,0.0,4.71,1.0,1.51,1.35,4.03,1.0,0.34,0.32,0.0,1.0,0.32,0
0.0,0.0,1.0,0.0,0.0,0.0,1.0,1.16,1.58,1.42,0.27,1.74,0.0,2.58,0.0,9.05,1.0,2.4,2.0,2.0,1.0,0.63,0.58,0.0,1.58,0.58,1
1.75,4.37,1.25,0.0,0.0,0.87,1.87,2.75,15.74,6.49,0.44,0.63,62.25,2.0,0.87,3.25,1.0,4.28,0.0,1.13,1.0,1.04,0.13,0.0,1.0,0.25,0
0.0,0.17,1.0,0.0,0.0,1.0,1.0,1.66,1.68,2.68,1.86,0.0,31.32,1.83,7.46,0.0,1.0,3.3,0.17,1.0,1.0,0.0,0.55,0.0,4.66,0.83,1
4.03,0.0,1.6,1.19,0.15,0.0,1.0,1.0,1.64,1.9,0.85,0.85,12.99,1.85,1.7,0.45,1.15,3.28,2.7,1.0,1.0,0.25,0.15,0.0,2.15,0.45,0
0.22,0.0,1.0,0.0,1.22,1.78,1.0,0.0,0.0,1.0,0.41,12.55,0.0,1.0,0.0,6.22,1.0,1.67,1.55,11.33,373.26,1.55,0.78,0.0,1.0,0.0,1
5.92,0.0,1.08,0.92,1.08,1.08,4.77,4.62,4.31,40.38,0.17,1.0,94.46,2.85,0.0,33.85,2.0,2.65,0.15,1.0,1.0,0.59,0.23,0.0,5.69,5.54,1
3.37,0.0,1.84,4.21,4.21,9.57,1.0,0.0,0.0,1.0,0.97,2.52,60.59,1.0,2.69,6.05,1.16,6.28,3.58,1.0,1.0,1.8,0.0,0.0,3.16,1.68,0
0.58,0.0,1.58,0.0,0.0,2.92,1.0,1.17,5.09,6.09,1.23,0.0,40.35,2.42,0.58,2.58,1.0,3.29,1.42,2.25,1.0,1.67,0.42,0.0,3.25,0.58,0
0.0,0.0,1.0,0.0,0.0,2.61,1.0,0.79,0.79,3.82,1.68,0.0,19.65,1.39,3.64,1.39,1.0,18.07,0.61,0.39,1.0,0.78,0.0,0.0,3.21,0.0,0
1.74,0.0,1.0,0.0,0.0,0.0,1.44,1.0,3.05,4.05,0.84,0.78,16.56,2.0,1.56,1.53,1.22,3.17,2.56,1.22,1.0,0.18,0.0,0.0,2.22,0.22,0
0.0,0.0,1.0,0.0,0.73,0.27,1.0,0.27,0.53,1.0,0.55,11.0,0.0,1.27,0.0,5.2,1.0,1.87,1.73,11.33,352.18,1.47,0.73,0.0,1.0,0.27,1
0.0,0.0,1.43,0.0,2.57,2.71,1.0,0.0,0.0,4.29,1.69,0.0,0.0,2.14,0.0,1.14,1.0,2.55,0.86,2.0,1.43,0.43,0.0,0.0,2.71,0.57,0
0.99,0.99,1.0,0.0,0.0,4.94,1.02,0.01,4.03,6.16,1.32,0.0,53.09,1.01,0.0,3.07,2.0,2.5,0.0,1.98,1.0,0.4,0.01,0.0,1.99,2.0,0
1.38,3.44,1.0,0.0,0.0,0.69,1.69,2.06,12.0,5.75,0.64,0.0,42.63,2.0,0.69,2.38,1.0,3.39,0.0,1.0,1.0,0.65,0.0,0.0,1.62,0.0,0
0.99,0.0,1.0,1.0,0.0,4.99,1.01,0.0,0.03,2.14,0.33,6.97,65.9,2.01,0.0,13.08,1.01,1.67,0.99,1.0,1.0,1.78,1.0,0.0,1.04,0.04,0
0.0,0.0,2.73,0.13,0.0,1.07,1.27,0.87,6.06,3.4,0.57,4.33,68.83,1.87,0.13,4.87,1.0,2.73,0.0,1.87,1.0,1.44,1.0,0.0,1.0,1.73,0
0.0,0.0,1.0,0.0,0.0,0.0,1.0,0.0,2.52,9.1,0.63,0.0,39.62,1.49,0.0,1.51,1.0,1.78,0.0,1.0,1.0,0.3,0.0,0.0,1.98,0.51,0
0.0,0.0,1.7,0.35,1.0,4.24,1.0,0.0,0.7,2.06,0.39,6.48,20.43,1.0,0.0,7.48,1.35,2.23,1.35,7.48,1.0,1.34,0.32,0.0,1.7,0.65,0
0.0,0.0,1.0,0.0,0.0,1.76,1.38,0.0,2.0,1.76,2.11,0.0,0.0,1.0,0.62,1.51,2.0,4.75,4.24,2.62,1.0,0.16,0.0,0.0,2.24,0.0,0
0.06,0.0,1.0,0.0,0.12,0.47,1.0,0.0,0.94,1.94,0.49,0.23,0.0,1.94,0.0,5.12,1.0,2.38,1.88,2.0,1.0,1.41,0.0,0.0,1.0,0.0,0
0.0,0.49,1.0,0.0,0.0,0.49,1.0,0.0,1.98,4.45,0.51,0.0,26.43,1.51,0.49,2.55,1.49,2.5,1.51,1.51,1.0,1.3,0.0,0.0,1.98,0.0,0
0.87,0.0,1.0,0.0,0.0,0.58,2.16,0.0,4.19,6.06,0.6,2.29,20.3,3.0,0.0,7.8,1.29,3.17,2.42,2.71,1.0,1.07,0.29,0.0,1.0,0.0,1
0.0,0.85,1.0,0.0,0.0,0.0,1.0,0.58,0.0,0.58,2.19,0.58,0.0,1.15,2.0,0.42,0.58,1.73,1.73,0.58,1.0,0.0,0.0,0.0,2.0,0.0,0
0.0,0.0,1.0,0.77,0.23,3.83,1.0,0.0,2.3,7.12,0.88,3.52,48.22,1.77,0.0,6.0,1.0,1.83,1.23,4.05,113.4,0.98,0.23,0.0,2.53,0.77,0
1.07,0.0,1.0,0.0,0.0,0.0,1.0,0.0,0.71,2.71,1.49,0.71,20.35,1.71,0.0,5.28,1.64,1.02,0.0,1.07,1.0,0.12,0.36,0.0,2.36,0.71,0
0.13,4.78,1.0,0.0,0.0,2.96,1.18,0.0,0.54,0.72,3.94,0.13,3.15,0.13,6.69,0.99,0.09,18.5,15.33,1.04,1.0,0.08,0.04,0.0,2.91,0.0,0
4.65,2.74,1.0,0.58,0.0,2.16,3.32,0.58,9.39,12.81,0.55,0.0,69.1,1.58,0.42,6.97,2.0,2.65,0.42,1.0,1.0,0.86,0.58,0.0,3.58,1.74,0
0.0,0.0,1.0,1.51,0.0,0.25,1.0,1.75,1.51,10.55,0.3,0.49,56.53,2.75,0.0,15.04,1.25,3.14,1.49,5.19,4.69,1.36,0.75,0.0,1.0,1.75,1
0.0,0.91,1.0,0.18,0.0,0.91,1.0,0.18,4.73,6.71,0.84,0.0,63.16,1.18,0.0,1.6,1.0,3.54,1.0,1.0,1.0,0.01,0.09,0.0,2.82,0.18,0
14.68,0.0,1.0,16.04,10.52,1.84,9.35,5.01,18.38,62.99,0.51,0.16,94.18,2.0,0.0,14.01,1.84,3.25,0.16,0.16,1.0,1.09,0.0,0.0,2.0,3.67,1
3.13,0.0,1.0,0.39,1.17,1.61,1.0,1.22,1.22,2.0,0.37,0.39,65.64,2.0,0.0,4.74,1.0,2.28,0.39,1.0,1.0,1.55,0.0,0.0,2.0,0.78,0
0.29,0.0,1.29,0.29,0.0,0.71,3.14,3.59,6.71,10.68,0.19,0.58,77.41,2.42,0.0,16.66,1.0,3.91,0.58,1.0,1.0,1.11,0.18,0.0,1.29,2.42,0
2.18,0.0,4.08,1.57,0.08,1.84,1.0,0.08,1.81,2.4,0.97,3.68,30.01,2.84,0.0,1.16,1.08,3.61,1.92,3.76,1.92,3.12,0.08,0.0,3.92,0.24,0
0.0,0.99,1.0,0.0,0.0,0.99,1.0,0.0,4.95,5.95,0.92,0.0,61.32,1.01,0.0,0.0,1.0,3.64,1.1,1.0,1.0,0.0,0.0,0.0,2.98,0.0,0
0.93,0.07,1.0,0.0,0.0,2.37,1.0,0.0,2.78,4.63,0.54,0.93,14.81,1.85,0.15,3.85,0.93,6.86,2.85,1.93,1.0,2.47,1.0,0.0,1.93,0.0,0
0.0,0.95,1.0,0.0,0.0,6.63,1.0,0.0,0.0,0.11,3.63,0.0,0.0,0.05,1.89,1.95,0.11,0.95,0.95,0.95,1.0,0.0,0.95,0.0,1.05,0.0,0
0.0,0.39,1.0,0.0,0.0,4.57,1.0,0.0,0.0,3.04,2.96,0.0,0.0,0.61,4.43,1.39,0.61,17.91,1.0,0.39,1.0,0.52,0.39,0.0,2.82,0.0,0
13.2,0.0,1.0,15.68,9.9,1.83,9.25,5.3,18.33,62.23,0.82,0.0,82.75,2.0,1.57,12.38,1.83,3.21,0.0,0.17,1.0,0.6,0.12,0.0,2.52,3.48,1
2.81,0.0,1.7,3.81,3.51,8.03,2.78,0.3,0.59,5.16,0.52,2.41,80.32,1.59,0.0,6.7,1.0,4.16,1.41,1.0,1.0,1.63,0.3,0.0,2.7,1.7,1
1.0,0.85,1.15,0.15,0.0,4.25,1.0,1.5,4.3,5.1,1.15,0.3,55.7,1.0,0.0,2.7,1.85,3.32,0.3,1.85,1.0,0.65,0.0,0.0,2.0,1.85,0
0.0,0.0,1.51,0.17,0.0,0.34,1.0,0.0,0.17,2.0,0.79,2.34,4.24,2.17,0.0,5.15,1.0,3.5,2.0,2.34,1.17,0.55,0.83,0.0,3.17,0.0,1
0.7,0.0,1.0,0.09,0.26,0.09,1.0,0.0,0.0,2.0,1.85,0.09,7.89,1.09,0.0,0.79,1.91,1.22,1.0,1.0,1.0,1.35,0.0,0.0,1.09,0.18,0
0.0,0.0,0.37,0.0,0.0,1.83,1.0,0.0,16.48,1.1,2.16,0.0,0.0,0.0,2.0,0.0,0.0,1.46,0.73,0.0,0.37,0.0,0.37,0.0,1.37,0.0,0
0.07,0.0,1.07,0.07,0.0,0.93,3.8,1.61,6.93,13.98,0.22,0.14,79.39,2.86,0.0,21.51,1.0,2.64,0.14,1.0,1.0,0.81,0.23,0.0,1.07,2.86,1
0.86,2.72,2.72,0.0,0.0,5.3,1.0,0.86,2.14,0.98,0.58,0.0,33.35,1.86,0.14,2.58,1.14,5.51,2.72,1.0,1.0,1.63,0.86,0.0,4.72,0.0,0
0.0,0.0,1.0,0.0,0.0,3.77,1.93,0.31,2.16,5.32,1.28,0.0,24.69,3.69,0.0,9.17,1.0,1.39,0.69,2.38,1.69,0.91,0.08,0.0,1.69,0.93,0
0.0,0.0,1.0,0.0,0.0,0.0,1.0,0.0,0.4,2.4,1.65,0.0,0.0,2.6,0.6,1.0,1.0,1.0,0.0,1.6,1.0,0.0,0.6,0.0,1.81,1.19,0
0.0,0.0,1.36,0.12,0.0,0.24,1.0,0.0,1.0,2.0,1.79,0.49,3.04,3.0,0.0,1.88,1.0,3.06,2.0,4.0,1.12,1.71,0.88,0.0,4.88,0.0,0
0.0,0.0,1.0,0.0,0.0,0.32,1.0,0.68,0.32,1.32,1.01,0.68,0.0,1.68,1.36,1.6,1.32,2.84,2.68,1.32,1.0,0.24,0.0,0.0,1.68,0.0,0
0.0,0.0,1.0,0.0,0.96,5.78,1.0,0.07,0.07,1.0,0.29,9.75,0.0,1.07,0.0,11.04,1.0,1.05,1.04,10.68,1.0,1.2,0.52,0.0,1.04,1.0,0
0.0,0.0,1.0,0.0,0.0,0.85,1.15,0.15,2.59,2.92,2.22,0.15,10.34,1.15,1.0,1.62,2.0,5.71,4.26,2.7,1.0,0.06,0.15,0.0,3.0,0.59,0
0.08,0.0,1.0,0.08,0.92,0.39,1.0,0.0,0.0,1.08,0.33,14.37,5.17,1.08,0.0,6.55,1.0,1.97,1.92,12.98,442.48,1.98,1.0,0.0,1.0,0.0,1
0.0,0.0,1.0,0.0,0.0,0.91,1.0,0.0,1.0,2.0,1.01,0.18,0.0,1.18,0.0,4.73,1.91,2.54,2.09,2.09,1.0,0.75,0.0,0.0,1.0,0.0,0
0.0,0.0,1.0,0.0,0.0,0.52,1.0,1.04,0.52,2.0,2.03,0.0,13.01,1.52,4.68,0.0,1.48,2.17,0.48,1.0,1.0,0.58,0.35,0.0,3.08,0.52,0
0.0,0.0,1.0,0.0,0.0,3.19,1.0,0.0,0.36,1.36,1.29,0.0,0.0,3.27,0.0,3.73,1.0,1.54,1.36,2.64,1.64,1.18,0.0,0.0,1.64,0.0,0
1.0,6.48,1.07,0.0,0.0,1.3,2.85,0.15,8.0,13.63,0.43,0.0,77.33,2.0,0.07,5.78,1.93,1.86,0.07,0.07,1.0,0.7,0.0,0.0,2.93,2.85,0
1.58,0.0,1.0,0.21,0.79,0.0,2.79,1.79,4.37,19.53,0.26,0.0,66.67,2.58,0.63,13.06,1.21,2.14,0.0,0.0,1.0,0.44,0.79,0.0,2.79,0.21,1
0.0,0.0,1.0,0.0,0.0,1.0,1.0,1.0,1.55,1.23,1.02,0.0,0.0,2.45,0.0,3.23,1.0,1.61,1.0,3.55,1.0,0.54,0.0,0.0,1.23,0.77,0
0.42,1.26,1.84,0.0,0.0,3.1,2.74,1.0,4.9,8.69,0.38,0.0,58.96,2.58,0.0,14.59,1.0,3.83,1.26,1.0,1.0,1.14,0.57,0.0,2.68,1.74,1
6.12,0.0,0.77,0.77,2.3,0.77,1.0,0.0,6.09,1.53,0.19,0.77,68.9,1.53,0.47,6.89,0.77,2.68,0.77,0.77,0.77,2.23,0.0,0.0,1.77,1.53,0
11.82,0.0,1.0,14.04,8.87,1.48,8.65,4.69,17.82,59.08,0.49,0.26,88.47,2.0,0.26,13.96,2.0,4.92,0.0,0.26,1.0,0.64,0.26,0.0,2.26,4.0,1
0.0,1.59,1.0,0.0,0.0,1.64,1.0,0.0,0.68,1.36,2.02,0.0,0.0,0.68,2.23,3.41,1.36,7.82,6.46,1.68,1.0,0.51,0.0,0.0,1.64,0.0,0
0.0,1.9,1.0,0.0,0.0,2.38,1.0,1.24,1.24,1.24,1.85,0.0,30.97,1.24,2.66,1.24,0.62,8.24,6.09,1.0,1.0,0.41,0.0,0.0,2.38,0.0,0
1.0,7.0,1.0,0.0,0.0,1.0,3.0,0.0,8.0,14.0,0.4,0.0,78.0,2.0,0.0,6.0,2.0,1.73,0.0,0.0,1.0,0.62,0.0,0.0,3.0,3.0,0
0.14,0.0,2.91,0.0,0.0,0.0,1.0,0.95,6.77,3.05,0.23,4.86,63.68,2.05,0.0,5.36,1.0,2.99,0.0,2.05,1.0,1.61,1.0,0.0,1.09,2.0,0
16.72,0.0,3.48,4.95,0.62,0.0,1.0,1.0,6.81,4.72,0.38,0.38,53.87,1.38,0.76,1.86,1.62,4.17,1.76,1.0,1.0,1.02,0.62,0.0,2.62,1.86,0
0.0,1.77,1.0,0.0,0.0,3.54,1.41,0.41,2.46,5.74,3.85,0.41,28.68,0.82,1.59,4.51,0.82,4.61,0.59,0.41,1.0,0.16,0.41,0.0,2.41,1.64,0
3.28,0.0,1.0,0.55,0.55,2.82,3.18,2.73,2.18,24.85,2.75,0.55,52.44,1.64,0.91,19.12,1.09,3.17,0.91,0.55,1.0,0.25,0.59,0.0,4.18,3.28,1
2.68,0.0,1.0,0.0,0.0,1.79,4.57,0.0,11.14,15.89,0.23,2.68,70.86,2.79,0.0,19.86,1.89,3.47,0.89,1.89,1.0,1.71,0.89,0.0,1.0,0.11,1
1.72,0.0,1.43,2.15,2.15,4.74,1.0,0.0,0.57,1.57,1.34,1.29,31.02,2.14,0.0,4.15,1.0,3.95,2.0,2.71,1.0,1.78,0.57,0.0,4.14,0.86,0
0.12,4.7,1.0,0.0,0.06,2.82,1.12,0.12,0.3,1.25,3.88,0.0,3.64,0.18,6.58,0.96,0.06,18.18,15.04,0.94,1.0,0.03,0.06,0.0,3.0,0.0,0
14.19,0.0,4.78,7.57,0.95,0.05,1.0,1.0,10.41,6.73,0.03,0.0,83.25,1.16,0.0,3.05,1.95,4.22,1.0,1.05,1.0,1.53,0.0,0.0,1.05,0.0,0
0.55,0.0,1.0,0.09,0.09,1.91,1.36,0.46,0.36,4.83,2.61,0.09,8.74,1.18,15.45,4.1,2.0,11.13,10.91,1.0,1.0,0.04,0.02,0.0,4.18,0.55,0
2.65,0.0,1.0,0.0,0.0,1.0,1.0,1.66,0.0,8.62,0.49,0.67,0.0,3.33,0.0,11.97,1.34,3.31,1.01,6.73,6.06,2.03,0.66,0.0,1.0,0.34,1
1.48,0.3,1.59,0.0,0.59,0.59,1.3,0.0,3.96,3.78,0.47,0.0,22.51,1.7,0.0,4.7,1.3,2.88,2.0,1.7,1.0,1.55,0.0,0.0,1.0,0.3,0
0.0,0.0,1.05,0.95,0.28,7.86,2.91,0.0,0.0,6.0,2.72,0.0,95.3,1.0,0.95,3.81,1.0,1.09,0.09,1.05,1.05,0.05,0.95,0.0,1.0,0.0,0
0.58,0.0,1.0,0.58,0.0,2.88,1.85,0.42,2.96,9.62,0.31,4.04,63.88,2.0,0.0,11.31,1.42,1.85,0.58,0.58,1.0,1.12,1.0,0.0,1.0,0.85,0
0.0,0.0,2.34,0.34,0.34,0.34,1.0,0.0,1.34,4.66,0.73,0.0,19.65,1.0,0.0,1.0,2.0,2.45,1.34,1.0,1.0,0.92,0.0,0.0,2.34,0.0,0
0.78,0.0,1.0,0.78,0.0,3.9,1.22,0.22,1.32,4.64,0.32,5.68,66.88,2.0,0.22,12.56,1.22,3.46,0.78,1.0,1.0,1.49,1.0,0.0,1.44,0.88,0
15.76,0.08,1.0,18.71,11.82,2.02,10.85,5.91,21.67,73.86,0.61,0.0,93.56,1.97,0.11,14.77,1.97,3.44,0.24,0.02,1.0,0.71,0.0,0.0,2.02,3.94,1
0.0,0.41,1.0,0.0,0.0,0.41,1.0,0.0,2.05,3.64,1.32,0.0,25.48,1.59,0.0,1.18,1.0,1.76,0.41,1.59,1.0,0.0,0.59,0.0,1.82,0.59,0
0.0,0.0,1.0,0.0,0.0,0.94,1.0,0.53,0.0,1.0,1.88,0.53,0.0,1.53,9.07,0.47,1.47,7.24,7.24,1.0,1.0,0.0,0.0,0.0,2.94,0.0,0
0.0,0.0,1.37,0.0,2.83,1.83,1.0,0.0,0.0,2.83,0.59,9.51,0.0,1.0,0.0,3.8,1.0,2.3,2.0,9.61,305.1,1.63,0.63,0.0,1.0,0.0,1
0.12,0.0,3.95,0.98,0.05,2.0,1.02,0.0,1.16,2.16,1.04,3.93,26.19,2.95,0.0,1.44,1.02,3.53,2.0,3.93,1.98,3.22,0.0,0.0,3.95,0.0,0
0.0,0.0,1.0,0.79,0.0,3.18,1.79,0.0,2.59,14.12,0.44,3.18,43.69,2.79,0.0,16.89,1.79,1.84,0.0,1.0,1.0,0.0,0.79,0.0,4.59,3.18,1
1.7,0.0,1.0,0.0,0.0,0.43,2.3,0.43,4.17,8.77,0.2,1.13,66.97,3.0,0.0,17.34,1.0,2.59,0.0,2.13,1.0,0.5,0.67,0.0,2.13,2.43,1
0.0,0.0,0.09,0.0,0.0,0.09,1.0,0.18,23.75,0.18,0.2,0.0,2.25,0.18,2.63,0.0,0.09,0.29,0.0,0.09,0.09,0.0,0.06,0.0,1.36,0.09,0
1.19,0.24,1.48,0.0,0.48,0.48,1.24,1.52,4.14,2.67,0.19,2.29,18.11,2.52,0.0,10.09,1.24,2.68,2.0,1.76,1.0,0.4,0.76,0.0,1.76,1.0,1
0.0,0.64,1.0,0.36,0.0,1.0,3.14,0.36,3.93,9.2,0.69,0.36,75.53,1.71,0.0,2.14,1.0,2.9,0.64,1.0,1.0,0.15,0.36,0.0,2.64,0.36,0
0.24,0.0,1.0,0.0,0.0,2.76,1.76,0.0,2.24,3.48,1.1,0.24,3.82,1.24,0.0,4.0,1.76,5.05,3.0,2.0,1.0,0.96,0.24,0.0,1.24,0.0,0
0.0,0.0,1.0,0.0,0.0,0.0,1.0,0.0,0.0,1.96,1.6,0.0,0.0,2.0,0.0,2.17,1.0,0.56,0.08,2.13,1.0,0.02,0.96,0.0,1.0,0.96,0
1.53,0.0,1.0,0.0,0.62,4.08,1.0,0.77,0.0,5.6,0.36,6.16,0.0,2.15,0.0,12.53,1.0,1.95,0.62,7.16,1.0,0.97,0.69,0.0,1.0,0.62,0
0.0,0.0,1.0,0.0,0.0,0.25,1.0,0.0,0.49,1.75,2.3,0.0,0.0,1.0,0.25,0.75,2.0,1.23,1.23,0.74,1.0,0.0,0.0,0.0,2.25,0.0,0
0.16,0.16,1.0,0.0,0.0,1.66,1.0,1.67,1.49,2.66,1.94,0.0,29.61,1.84,7.52,0.49,1.16,3.13,0.0,1.16,1.0,0.07,0.56,0.0,4.51,1.16,1
6.22,0.0,1.0,0.7,2.41,0.7,1.59,0.59,1.49,7.65,0.23,0.7,81.38,2.3,0.0,11.08,1.0,3.11,0.7,0.7,1.0,2.19,0.3,0.0,2.3,1.41,1
2.53,0.51,2.01,0.49,1.01,1.01,2.0,0.49,6.56,10.96,0.43,0.0,81.92,1.0,1.48,3.01,2.0,2.87,1.01,0.51,1.0,0.98,0.0,0.0,1.49,1.0,0
0.0,0.0,1.0,0.0,1.0,0.0,1.0,0.0,3.0,2.0,0.42,0.0,66.0,2.0,0.0,1.0,1.0,1.5,1.0,1.0,1.0,0.75,0.0,0.0,2.0,1.0,0
0.84,0.0,1.84,0.0,0.84,3.36,1.0,0.0,0.0,1.16,1.78,0.0,0.0,1.16,0.0,0.32,1.0,1.76,0.0,1.16,1.0,1.26,0.16,0.0,2.68,0.16,0
0.0,0.0,2.44,0.72,0.72,0.72,1.28,0.28,3.11,6.78,0.48,0.28,61.34,1.28,0.28,3.78,2.0,5.97,1.44,1.0,1.0,1.19,0.28,0.0,3.0,1.11,0
0.0,0.0,1.0,0.0,0.0,0.0,1.0,0.0,1.01,2.0,0.75,1.99,0.2,3.0,0.0,2.0,1.0,3.0,2.99,2.99,1.0,0.75,0.0,0.0,1.0,0.0,0
1.26,0.0,1.74,0.74,0.26,0.0,1.52,7.92,5.74,5.46,0.13,1.48,68.4,1.52,0.0,4.9,1.0,6.49,1.48,0.74,1.0,1.66,0.26,0.0,2.26,0.74,0
0.0,0.0,1.0,0.19,0.0,1.57,1.19,0.81,2.19,4.02,1.0,0.75,10.38,2.19,0.0,6.4,1.19,1.61,0.81,3.43,1.0,0.0,0.19,0.0,1.75,1.57,0
0.0,2.0,1.0,0.0,0.0,0.0,1.0,0.0,0.0,0.0,3.8,0.0,0.0,0.0,2.0,1.0,0.0,0.0,0.0,0.0,1.0,0.0,0.0,0.0,2.0,0.0,0
0.0,0.52,1.0,0.0,0.0,0.52,1.0,0.0,2.62,4.09,1.32,0.0,32.47,1.48,0.0,0.48,1.0,2.82,1.48,1.48,1.0,0.0,0.0,0.0,2.52,0.0,0
0.0,2.75,1.0,0.0,0.0,5.58,1.0,0.0,0.08,0.17,5.89,0.0,0.0,0.08,1.83,0.42,0.17,1.12,1.08,0.17,1.0,0.06,0.0,0.0,1.92,0.0,0
15.73,0.42,3.33,4.66,0.58,2.92,1.0,0.58,6.41,4.08,1.55,0.0,50.69,0.58,0.83,2.58,1.17,3.26,1.0,1.0,1.0,0.96,1.0,0.0,2.17,1.75,0
0.75,2.86,1.0,0.89,0.56,5.81,1.47,0.28,1.04,3.53,6.06,0.0,4.47,0.09,1.91,0.71,0.09,1.1,0.95,0.0,1.0,0.03,0.0,0.0,2.0,0.19,0
0.64,0.0,1.64,0.64,0.0,0.0,1.0,6.39,3.83,0.36,1.1,1.28,45.36,1.36,0.0,0.64,1.0,8.72,4.89,1.0,1.0,1.33,0.0,0.0,1.64,0.64,0
0.0,0.0,2.15,0.0,0.0,0.0,1.0,0.57,4.02,2.57,1.08,2.87,36.77,1.57,0.0,3.3,1.43,1.72,0.0,1.15,1.0,0.96,0.57,0.0,1.43,1.15,0
0.06,0.0,1.0,0.94,0.13,1.44,6.62,0.94,1.87,14.12,0.34,1.19,93.72,2.87,0.0,6.06,1.0,1.61,0.0,1.06,1.0,0.39,0.94,0.0,1.94,0.94,1
0.0,0.0,1.0,0.0,0.0,0.26,1.0,0.26,0.0,0.74,2.26,0.52,0.0,2.0,0.0,1.55,1.26,8.2,8.2,5.38,4.87,1.29,0.0,0.0,1.0,0.26,0
0.79,3.79,1.0,0.0,0.0,4.03,1.39,1.18,6.7,2.76,4.02,0.0,24.44,0.79,1.61,1.18,0.39,2.37,0.61,0.39,1.0,0.37,0.0,0.0,1.61,0.0,0
1.0,0.0,1.0,0.97,0.06,5.09,1.0,0.0,0.0,1.97,0.34,6.91,64.08,1.97,0.0,12.83,1.0,1.63,0.97,1.03,1.0,1.75,0.97,0.0,1.0,0.0,0
0.67,0.0,1.67,0.0,0.67,3.01,1.99,0.33,2.31,5.62,1.29,0.0,26.38,1.66,0.0,7.58,1.0,2.08,0.0,1.0,1.0,1.24,0.08,0.0,2.34,0.99,0
0.0,0.0,1.0,0.0,0.0,1.76,1.12,1.88,2.49,3.46,0.44,0.12,52.43,2.0,0.12,3.1,1.12,2.51,0.0,1.0,1.0,0.63,0.12,0.0,2.12,0.49,0
6.23,0.0,1.0,0.0,0.3,0.0,3.0,1.3,11.34,16.77,0.25,0.0,71.57,2.3,0.0,9.66,1.7,3.32,0.7,1.41,1.0,0.72,0.3,0.0,3.0,0.7,0
0.55,1.64,2.1,0.0,0.0,3.74,1.0,0.55,1.55,0.9,0.79,0.0,16.45,1.55,0.0,3.9,1.45,4.42,2.55,1.45,1.0,1.28,0.55,0.0,3.19,0.0,0
0.0,0.0,1.0,0.1,0.0,1.0,1.63,1.0,0.21,3.36,0.51,0.1,10.44,3.9,0.0,4.21,1.0,1.97,0.9,1.9,1.0,2.19,0.1,0.0,2.0,0.1,0
0.0,0.0,1.25,0.0,0.0,0.75,1.0,0.0,1.0,2.74,0.98,0.0,0.0,1.0,0.0,4.01,2.0,2.23,1.75,1.75,1.0,0.72,0.0,0.0,1.25,0.0,0
0.0,0.0,1.57,0.0,0.0,0.0,1.0,0.0,0.57,3.28,0.97,0.0,0.0,1.43,0.0,3.15,1.57,1.66,1.43,2.72,1.0,0.57,0.0,0.0,1.57,0.0,0
0.0,0.0,1.0,0.63,0.0,2.52,1.63,0.37,1.89,11.09,0.55,2.89,34.69,2.63,0.74,13.25,1.63,2.41,1.11,1.0,1.0,0.0,0.63,0.0,3.89,2.52,1
20.65,0.0,4.06,6.12,0.76,0.24,1.0,0.76,8.88,5.59,0.6,0.0,66.55,1.0,0.24,2.29,2.0,4.91,1.94,1.47,1.0,1.26,0.76,0.0,3.0,2.29,0
0.0,0.0,0.11,0.89,0.0,0.0,1.0,0.0,0.11,0.22,0.51,0.0,0.0,1.11,0.0,0.55,1.0,0.27,0.22,0.22,0.11,0.16,0.0,0.0,3.67,0.0,0
0.15,0.0,1.0,0.0,0.0,0.04,1.0,0.08,0.0,2.42,1.94,0.0,0.0,1.11,0.0,0.57,1.96,1.09,0.96,1.0,1.0,1.17,0.04,0.0,1.0,0.0,0
0.0,0.0,1.97,0.0,0.0,0.13,1.0,0.0,0.97,4.95,0.94,0.0,0.0,0.97,0.05,0.97,1.95,1.47,1.03,0.97,1.0,0.61,0.03,0.0,2.0,0.0,0
1.0,0.71,1.0,0.0,0.58,5.88,1.0,0.0,2.83,4.54,1.14,1.17,37.52,1.0,0.0,4.17,1.71,1.92,0.0,2.0,1.0,0.28,0.0,0.0,1.71,1.42,0
0.0,0.0,1.0,0.0,0.89,5.33,1.0,0.0,0.0,1.11,0.35,9.11,0.0,1.11,0.0,10.44,1.0,1.28,1.11,9.99,1.0,1.11,0.56,0.0,1.22,0.89,0
1.96,0.0,1.0,0.0,0.0,0.0,1.49,0.25,4.19,5.94,0.82,0.0,18.65,2.0,0.0,2.47,1.25,1.68,0.25,1.25,1.0,0.2,0.0,0.0,3.0,0.25,0
0.0,0.0,1.17,0.06,0.0,1.06,3.83,0.94,6.66,14.26,0.28,0.23,76.87,3.0,0.0,21.75,1.0,2.32,0.11,1.17,1.06,0.86,0.24,0.0,1.17,2.83,1
1.8,0.0,1.0,0.0,0.0,1.6,3.4,0.0,7.61,10.41,0.55,1.8,42.07,2.2,0.0,15.22,2.0,3.15,1.4,2.0,1.0,1.41,0.6,0.0,1.0,0.0,1
0.32,2.95,1.0,0.0,0.0,1.0,1.65,0.0,5.97,8.6,0.74,0.0,67.2,1.32,0.0,1.95,1.32,2.97,0.68,0.68,1.0,0.2,0.0,0.0,3.0,0.97,0
1.26,0.0,1.0,0.0,0.0,0.58,1.0,0.58,0.84,1.68,0.38,2.0,23.92,2.42,0.0,8.94,1.58,2.94,1.74,11.7,9.7,3.04,0.42,0.0,1.84,1.42,0
23.7,0.0,4.51,7.02,0.88,0.12,1.0,1.0,9.9,6.27,0.14,0.0,76.38,1.12,0.0,3.0,1.88,4.47,1.0,1.37,1.0,1.45,0.88,0.0,2.76,2.76,1
0.0,0.0,1.0,0.0,0.0,1.27,1.0,0.93,0.0,2.07,0.89,0.0,0.0,3.73,0.14,3.73,0.93,2.14,1.07,1.86,1.0,2.24,0.07,0.0,2.0,0.0,0
0.0,0.0,2.6,0.0,0.0,0.0,1.0,0.8,5.61,2.8,0.58,4.01,51.3,1.8,0.0,4.01,1.2,2.6,0.2,1.8,1.0,1.57,0.8,0.0,1.0,1.6,0
0.0,0.0,1.0,0.0,0.0,0.0,1.0,0.0,1.0,2.66,0.91,0.68,0.0,2.34,0.0,1.34,1.0,1.68,1.03,1.68,1.0,0.26,0.0,0.0,2.32,0.0,0
0.0,0.48,2.05,0.0,0.0,3.34,1.0,0.52,3.66,1.57,1.89,2.61,33.45,1.05,0.95,3.57,0.52,2.05,0.48,1.52,1.0,0.87,1.0,0.0,1.0,1.05,0
1.47,0.76,1.0,0.24,0.24,1.0,1.98,1.22,3.24,15.8,0.44,0.24,64.27,1.49,0.76,8.56,2.0,2.5,0.76,1.0,1.0,0.95,0.06,0.0,3.73,1.47,0
0.0,0.0,0.61,0.61,0.0,2.44,1.61,0.0,11.96,10.37,0.18,2.44,33.56,1.83,0.78,12.81,1.22,1.26,0.0,0.61,0.61,0.0,0.61,0.0,3.44,2.44,1
1.0,0.16,1.11,0.0,1.89,7.89,1.0,0.05,0.11,0.95,0.68,3.78,1.62,1.05,0.0,6.78,1.0,0.8,0.16,1.95,1.0,0.09,0.05,0.0,1.22,0.0,0
4.8,0.0,1.0,0.6,1.8,0.6,1.0,0.0,0.0,2.0,0.86,0.6,54.04,2.0,0.0,5.8,1.0,2.9,1.4,1.4,1.0,1.75,0.0,0.0,2.0,1.2,0
0.82,0.0,1.82,0.82,0.0,0.0,1.0,8.24,4.94,0.35,0.47,1.65,58.5,1.0,0.0,1.0,1.18,6.59,1.65,0.82,1.0,1.71,0.0,0.0,2.0,0.82,0
0.0,0.0,2.21,0.0,0.0,0.0,1.0,0.61,4.64,2.61,0.43,3.82,38.81,2.39,0.0,3.82,1.0,3.0,1.18,2.39,1.0,1.31,0.61,0.0,1.0,1.21,0
0.0,0.0,1.0,0.0,0.0,2.4,1.8,0.0,1.6,2.8,1.51,0.0,0.0,1.4,0.2,3.4,1.8,3.67,2.4,2.0,1.0,0.34,0.2,0.0,1.0,0.4,0
5.39,2.18,1.0,0.0,0.0,0.44,2.56,1.87,15.31,11.51,0.35,0.0,69.9,2.0,0.44,5.26,1.56,4.09,0.56,1.56,1.0,0.88,0.0,0.0,2.13,0.56,0
0.8,0.0,1.8,1.0,0.0,0.0,1.2,8.19,5.19,2.82,0.16,1.6,74.43,1.0,0.6,1.2,1.2,6.78,1.6,0.8,1.0,1.71,0.0,0.0,2.0,1.0,0
7.74,0.03,1.0,0.97,2.9,1.0,1.0,0.0,0.16,2.13,0.26,0.97,89.09,1.97,0.0,8.71,1.0,3.5,1.0,1.0,1.0,2.82,0.0,0.0,2.03,1.93,0
0.0,0.0,2.68,0.84,0.84,0.84,1.16,0.0,1.84,4.32,0.64,0.0,48.59,1.16,0.0,1.49,2.0,4.01,1.84,1.0,1.0,1.31,0.0,0.0,2.68,0.0,0
1.73,3.64,1.27,0.0,0.0,2.09,1.73,2.73,14.55,7.54,0.55,0.0,63.9,2.0,1.0,3.0,1.0,4.21,0.27,1.0,1.0,1.18,0.0,0.0,1.27,0.27,0
1.03,0.0,1.27,1.48,0.07,4.66,1.0,0.07,3.55,8.86,0.98,0.0,64.71,1.93,0.0,5.79,1.07,1.95,1.0,1.0,1.0,0.72,0.0,0.0,2.86,0.93,0
0.0,0.22,1.0,0.78,0.0,4.66,1.78,0.0,2.34,13.25,1.04,3.12,42.87,2.34,0.44,16.81,1.56,1.83,0.22,1.0,1.0,0.0,1.0,0.0,4.12,3.12,1
0.0,0.92,0.92,0.0,0.0,6.45,1.0,0.0,2.04,0.0,3.42,0.0,0.0,0.0,2.0,1.84,0.0,0.92,0.92,0.92,0.92,0.0,0.92,0.0,1.0,0.0,0
0.0,0.0,3.17,0.17,0.0,0.34,1.0,0.83,5.97,2.83,0.37,4.83,57.33,2.17,0.0,4.32,1.0,3.09,0.34,2.34,1.17,1.94,0.83,0.0,1.51,1.66,0
0.0,0.0,1.0,0.0,0.0,0.0,1.0,0.0,0.0,2.0,0.74,2.0,0.0,2.0,0.0,6.0,1.0,3.5,2.0,2.0,1.0,0.0,1.0,0.0,3.0,0.0,1
0.0,0.0,1.0,0.0,0.0,0.69,1.0,1.37,1.0,2.0,1.56,0.0,17.16,2.0,6.18,1.57,1.0,3.01,0.63,1.31,1.0,0.47,0.46,0.0,3.75,0.69,0
0.6,0.0,1.0,0.0,1.21,5.23,1.0,0.0,0.79,1.0,1.43,2.42,0.0,1.0,0.4,4.23,1.4,2.28,1.98,2.4,1.0,0.0,0.0,0.0,1.79,0.0,0
0.97,0.0,1.0,0.97,0.0,4.83,1.0,0.07,0.07,1.97,0.32,6.86,63.74,2.03,0.0,12.97,1.0,1.69,1.03,1.03,1.0,1.74,1.0,0.0,1.03,0.03,0
0.0,0.0,1.0,0.01,0.0,4.96,1.06,0.01,0.02,3.13,5.82,0.01,1.07,0.03,1.98,0.06,0.01,3.98,1.98,0.01,1.0,0.0,1.0,0.0,2.0,0.01,0
0.0,0.11,1.0,0.89,0.0,7.89,2.79,0.0,0.0,5.36,2.9,0.0,89.3,0.89,1.11,3.79,0.89,1.0,0.11,1.0,1.0,0.0,1.0,0.0,1.0,0.0,0
0.0,0.0,1.0,0.0,0.0,0.84,1.31,1.0,2.78,3.97,1.03,0.0,9.52,2.0,0.0,3.94,1.16,1.59,0.84,3.38,1.0,0.03,0.16,0.0,1.0,1.16,0
0.0,0.0,1.0,0.0,0.0,0.32,1.0,0.68,0.65,1.0,1.51,0.68,0.0,1.68,1.68,0.0,1.32,3.65,3.65,1.65,1.0,0.0,0.0,0.0,2.32,0.0,0
0.86,0.0,1.86,0.0,0.86,3.45,1.0,0.0,0.0,1.14,1.66,0.28,0.0,1.14,0.0,0.83,1.0,2.21,0.28,1.14,1.0,1.29,0.14,0.0,3.0,0.0,0
3.43,0.69,2.37,0.0,1.37,2.0,1.69,0.63,8.17,6.11,0.45,0.0,67.82,1.31,0.0,3.37,1.69,3.07,1.37,1.0,1.0,1.35,0.0,0.0,1.31,0.69,0
0.0,0.0,1.0,0.82,0.0,3.26,1.82,0.0,2.45,14.04,0.45,3.26,44.83,2.82,0.0,18.23,1.82,2.05,0.37,1.74,1.0,0.09,0.82,0.0,4.26,3.26,1
3.37,3.86,1.0,0.23,0.69,1.0,1.77,2.31,13.11,5.86,0.42,0.23,68.4,2.0,0.77,4.37,1.0,4.25,0.23,1.0,1.0,1.4,0.0,0.0,1.23,0.46,0
0.0,0.0,0.16,0.16,0.0,0.16,1.99,0.16,22.05,2.47,0.07,0.16,16.46,0.49,1.67,0.99,0.16,0.28,0.0,0.16,0.16,0.07,0.16,0.0,1.16,0.16,0
0.91,0.18,1.91,0.91,0.0,0.37,1.0,9.45,5.73,0.0,0.19,1.91,68.53,1.0,0.09,1.09,1.0,7.62,1.91,0.91,1.0,2.02,0.0,0.0,1.91,0.91,0
0.96,0.0,0.96,0.0,1.92,7.68,1.0,0.0,1.04,0.96,0.66,3.84,0.0,0.96,0.08,6.72,0.96,0.48,0.0,1.92,0.96,0.0,0.0,0.0,1.0,0.0,0
0.0,0.0,1.0,0.0,0.0,0.0,1.53,0.0,2.41,10.22,0.69,0.0,36.6,1.53,0.0,3.06,1.53,1.98,0.53,1.0,1.0,0.45,0.0,0.0,1.0,0.47,0
0.0,0.0,1.0,0.0,0.86,5.29,1.0,0.0,0.0,1.28,0.57,8.58,0.0,1.28,0.0,9.72,1.0,1.19,0.86,9.72,1.0,1.07,0.43,0.0,1.43,1.0,0
0.0,0.0,1.0,0.0,0.0,0.0,1.8,0.8,4.83,11.66,0.57,0.8,56.32,2.0,0.8,9.05,1.8,8.28,0.39,1.2,1.0,0.31,0.8,0.0,2.8,3.22,0
1.0,1.69,2.12,0.44,0.0,5.56,1.0,0.56,1.12,0.88,0.48,3.07,45.78,2.0,0.0,7.38,1.0,4.1,2.12,1.0,1.0,1.75,1.0,0.0,3.25,0.0,0
0.0,0.0,2.63,0.54,0.0,2.46,1.46,0.0,1.46,2.46,1.2,2.17,13.59,2.09,0.0,2.37,1.46,3.88,2.46,3.09,1.54,1.96,0.0,0.0,2.63,0.0,0
0.0,0.0,1.0,0.0,0.67,4.0,1.0,0.0,0.0,1.0,1.15,6.67,0.0,1.33,0.0,7.34,1.0,3.99,3.99,7.67,1.0,0.83,0.33,0.0,1.0,0.67,0
0.39,0.0,1.1,0.48,0.48,1.97,1.0,0.9,0.0,0.1,0.55,2.1,6.96,1.9,0.0,6.1,1.9,3.21,2.9,16.36,14.55,4.72,0.0,0.0,1.19,1.1,0
23.32,0.0,4.46,6.91,1.0,0.0,1.0,0.86,9.5,6.18,0.04,2.04,75.15,1.0,0.0,3.41,1.86,4.49,1.14,2.77,66.24,1.7,1.0,0.0,2.73,2.59,1
0.0,0.0,1.0,0.0,0.0,0.0,1.93,0.93,5.58,13.09,0.34,0.93,65.11,2.0,0.93,10.65,1.93,9.26,0.14,1.28,1.0,0.4,0.93,0.0,2.86,3.72,0
0.0,0.0,1.0,0.0,0.0,0.0,1.07,0.07,0.4,1.87,1.12,0.07,4.7,2.0,0.07,6.34,1.07,2.52,1.87,4.73,1.0,0.49,0.07,0.0,1.13,0.27,0
0.0,0.0,1.0,0.0,0.96,5.81,1.0,0.0,0.0,1.07,0.37,9.63,0.0,1.07,0.0,10.66,1.0,1.05,0.96,10.66,1.0,1.2,0.48,0.0,1.11,1.0,0
0.41,1.73,1.0,0.0,0.0,0.27,1.54,0.0,1.63,2.17,3.31,0.41,9.5,0.41,1.73,3.85,0.27,0.49,0.14,0.27,1.0,0.25,0.14,0.0,1.86,0.0,0
0.0,0.0,1.0,0.0,0.0,1.86,1.43,0.0,1.43,2.43,1.18,0.0,0.0,1.0,0.0,4.57,2.0,3.29,2.43,2.0,1.0,0.61,0.0,0.0,1.0,0.0,0
0.84,0.0,1.69,0.16,0.0,4.21,1.0,1.69,6.74,7.59,0.72,0.0,58.16,1.84,0.84,2.53,1.0,2.95,0.84,0.84,0.84,1.51,0.0,0.0,2.31,0.84,0
0.67,0.0,1.0,0.67,0.33,5.33,1.0,0.0,0.0,1.67,0.32,7.98,44.51,1.67,0.0,12.35,1.0,1.45,1.0,4.26,1.0,1.62,0.84,0.0,1.0,0.33,0
0.0,0.0,1.0,0.0,0.0,2.17,1.0,1.89,1.89,2.06,0.76,0.0,47.19,1.89,0.11,1.89,0.94,1.64,0.11,0.94,1.0,0.63,0.06,0.0,2.0,0.0,0
0.0,0.0,1.0,0.0,0.0,0.0,1.0,0.0,0.0,2.0,2.08,0.0,0.0,2.71,0.86,0.86,1.14,1.0,0.14,1.86,1.0,0.17,0.86,0.0,1.0,1.71,0
0.0,0.0,3.06,1.0,0.94,1.06,1.0,0.0,1.94,3.88,0.59,0.23,56.09,1.12,0.0,1.0,1.94,4.44,2.0,1.17,1.06,1.6,0.0,0.0,3.06,0.0,0
0.74,0.0,1.0,0.0,1.48,5.9,1.0,0.0,0.0,1.0,1.26,2.95,0.0,1.26,0.0,5.17,1.0,2.99,2.62,1.74,1.0,0.0,0.0,0.0,1.0,0.0,0
15.0,0.0,5.0,8.0,1.0,0.0,1.0,1.0,11.0,7.0,0.0,0.0,88.0,1.0,0.0,3.0,2.0,4.35,1.0,1.0,1.0,1.48,0.0,0.0,1.0,0.0,0
3.64,0.73,2.46,0.0,1.46,1.46,1.73,0.0,8.02,6.1,0.65,0.0,55.39,1.27,0.0,4.54,1.73,3.3,2.0,2.08,1.0,1.35,0.0,0.0,1.0,0.73,0
1.72,0.0,1.0,0.0,0.86,0.41,2.72,1.72,4.31,18.79,0.53,0.0,52.58,2.72,0.83,13.93,1.0,5.87,0.14,0.0,1.0,0.53,0.86,0.0,3.14,0.0,1
0.3,0.7,1.3,0.0,0.3,6.11,1.0,0.0,0.0,0.3,3.15,0.0,0.0,0.3,1.41,1.41,0.3,1.3,0.7,1.0,1.0,0.44,0.7,0.0,1.59,0.0,0
0.54,0.0,1.54,0.54,0.0,2.28,1.0,5.44,3.27,0.46,0.85,1.09,38.65,2.37,0.0,1.91,1.0,4.81,1.54,1.91,1.46,1.59,0.0,0.0,2.0,0.54,0
2.24,0.0,1.0,0.25,0.0,2.5,4.24,0.0,9.73,16.25,0.24,3.25,66.21,3.0,0.0,21.75,2.0,3.2,0.75,1.75,1.0,1.38,1.0,0.0,2.01,1.01,1
0.74,1.86,1.0,0.0,0.63,0.37,1.37,1.11,6.32,3.23,0.38,9.43,23.04,1.37,0.37,4.89,1.0,2.92,1.26,9.17,302.01,1.61,0.63,0.0,1.0,0.0,1
0.2,0.0,1.0,0.2,0.0,0.98,1.0,1.61,1.61,1.2,0.15,3.78,12.91,2.8,0.0,12.2,1.0,2.2,1.8,1.8,1.0,0.35,1.0,0.0,1.8,0.8,1
0.47,0.47,1.0,0.0,0.0,3.95,1.0,0.0,1.89,5.47,1.93,0.0,25.07,1.0,3.16,1.95,1.47,16.36,0.53,0.95,1.0,0.64,0.0,0.0,3.05,0.95,0
0.96,0.0,1.0,0.68,0.0,0.68,5.08,0.68,2.0,11.48,0.27,1.32,86.26,3.0,0.0,8.24,1.0,2.06,0.0,1.64,1.0,0.39,1.0,0.0,2.32,1.32,1
0.0,0.0,1.0,0.0,0.0,2.37,1.68,0.32,1.37,2.68,1.1,0.0,0.0,1.95,0.0,4.0,1.68,3.59,2.37,2.0,1.0,1.05,0.0,0.0,1.32,0.0,0
4.27,1.01,1.0,0.25,0.0,2.25,5.0,0.25,12.51,16.25,0.31,2.24,72.53,2.75,0.0,19.47,2.0,3.37,0.75,1.75,1.0,1.55,1.0,0.0,1.76,0.76,1
0.66,0.13,1.27,0.0,0.27,0.27,1.13,0.0,2.33,2.8,0.48,0.0,10.1,1.87,0.0,4.87,1.13,2.67,2.0,1.87,1.0,1.52,0.0,0.0,1.0,0.13,0
0.0,0.0,1.0,0.0,0.0,0.76,1.0,0.76,0.24,0.71,0.65,1.52,0.0,2.0,0.0,4.81,1.76,2.52,2.29,13.96,12.43,3.81,0.0,0.0,1.48,0.76,0
19.78,0.0,3.93,5.86,0.73,0.27,1.0,0.73,8.06,5.93,0.58,0.0,63.74,1.53,0.0,2.73,1.73,4.2,0.73,1.27,1.0,1.21,0.73,0.0,3.27,2.47,0
0.4,0.0,1.0,0.4,0.0,3.79,1.6,0.0,1.21,2.6,0.95,2.77,26.1,1.4,0.0,7.56,1.6,3.28,2.21,1.6,1.0,0.97,0.4,0.0,1.0,0.0,0
0.0,0.0,1.0,0.0,0.0,4.99,1.0,0.0,0.0,3.0,5.87,0.0,0.0,0.0,2.0,0.0,0.0,3.99,2.0,0.0,1.0,0.0,1.0,0.0,2.0,0.0,0
0.0,0.0,1.15,0.05,0.0,2.95,1.95,0.0,1.95,2.95,1.34,0.2,1.26,1.1,0.0,3.85,1.95,4.29,2.95,2.1,1.05,0.57,0.0,0.0,1.15,0.0,0
3.68,2.46,2.64,3.4,2.15,5.28,2.79,1.89,5.58,13.42,0.58,0.0,41.63,2.0,0.0,5.15,1.18,5.5,2.46,0.82,1.0,1.54,0.82,0.0,4.46,0.72,0
1.75,4.37,1.0,0.0,0.0,0.87,1.87,2.62,15.0,6.37,0.47,0.0,54.23,2.0,0.87,3.25,1.0,4.22,0.25,1.13,1.0,1.02,0.0,0.0,1.0,0.0,0
0.0,3.14,1.0,0.0,0.0,1.89,1.0,0.0,0.37,0.74,2.86,0.74,0.0,1.11,4.4,0.74,0.37,13.19,11.18,1.74,1.0,0.28,0.0,0.0,2.26,0.0,0
0.97,0.0,1.0,0.0,1.94,7.91,1.0,0.0,0.0,1.06,0.85,3.87,0.0,0.97,0.06,6.78,0.97,0.61,0.06,1.94,1.0,0.0,0.03,0.0,1.03,0.0,0
0.0,0.0,1.19,0.0,0.0,0.0,1.0,0.09,1.56,2.09,0.7,2.28,5.92,2.91,0.0,2.28,1.0,3.0,2.72,2.91,1.0,0.83,0.09,0.0,1.0,0.19,0
0.0,0.0,1.0,0.0,0.0,0.18,1.53,0.18,1.25,4.31,0.65,1.64,14.23,2.18,0.0,9.02,1.0,3.28,1.64,1.82,1.0,0.13,0.87,0.0,2.64,0.53,0
0.0,0.0,1.0,0.0,0.0,1.14,1.0,1.14,1.14,2.0,1.03,0.0,28.58,2.0,0.0,1.57,1.0,1.71,0.86,1.43,1.0,0.38,0.0,0.0,2.0,0.0,0
7.08,0.0,1.0,1.0,2.08,1.0,2.84,2.3,1.84,20.89,0.2,1.0,92.76,2.46,0.0,20.98,1.46,3.03,0.54,1.0,1.0,1.79,0.12,0.0,3.84,3.84,0
0.5,0.0,1.5,0.0,0.5,2.49,1.0,0.5,0.0,0.5,1.17,1.01,0.0,1.5,0.0,3.02,1.5,2.5,1.51,9.57,8.56,3.26,0.0,0.0,1.99,0.5,0
0.0,0.0,1.0,0.0,0.0,0.0,1.0,0.85,0.0,1.0,1.03,0.85,0.0,2.0,1.69,0.93,1.0,2.85,2.85,1.62,1.0,0.08,0.0,0.0,1.85,0.0,0
0.0,0.0,1.0,0.76,0.0,3.05,2.0,0.24,3.71,16.29,0.29,3.29,58.55,2.76,0.24,18.64,2.0,3.89,0.0,1.0,1.0,0.09,1.0,0.0,4.53,4.0,1
0.0,0.0,1.0,0.0,0.0,1.0,1.0,0.41,1.17,0.59,1.72,0.83,0.0,1.41,0.59,2.48,2.0,4.17,4.17,9.21,7.21,2.07,0.0,0.0,2.17,0.41,0
0.0,0.0,1.0,0.0,0.0,2.72,1.72,0.0,1.45,2.45,1.78,0.0,0.0,1.0,4.71,3.17,2.0,6.46,5.49,1.72,1.0,0.31,0.0,0.0,1.83,0.0,0
2.76,0.0,1.24,0.08,0.0,0.16,1.0,0.0,1.92,3.84,0.24,2.16,54.47,3.0,0.0,12.05,1.0,2.91,0.16,3.08,1.08,0.56,0.92,0.0,3.08,1.84,1
0.59,6.18,1.0,0.0,0.0,1.82,2.18,0.0,4.72,8.26,1.92,0.0,46.04,1.18,2.87,3.54,1.18,8.89,6.56,0.41,1.0,0.36,0.0,0.0,3.0,1.77,0
0.08,0.0,1.0,0.01,0.03,1.0,1.0,0.99,0.0,0.02,0.54,1.99,0.92,2.0,0.0,6.03,1.99,3.01,2.98,17.83,15.85,4.98,0.0,0.0,1.01,1.01,0
0.0,0.0,0.03,0.97,0.0,0.0,1.03,0.0,0.03,0.2,0.53,0.0,0.0,1.03,0.0,0.13,1.03,0.05,0.03,0.03,0.03,0.01,0.0,0.0,3.9,0.0,0
0.0,0.0,1.82,0.0,4.93,4.11,1.0,0.0,0.18,5.47,1.04,0.0,0.0,1.18,0.0,0.18,1.0,2.51,1.64,1.82,1.82,0.82,0.0,0.0,1.36,0.0,0
0.4,0.99,1.0,0.0,0.0,4.21,1.2,0.59,3.36,2.19,1.5,0.0,12.27,3.6,0.2,3.0,1.0,1.69,0.8,2.6,1.8,0.99,0.0,0.0,1.8,0.0,0
0.73,0.0,1.0,0.0,0.0,2.82,1.0,0.0,2.18,3.91,0.69,0.73,11.63,2.55,0.0,3.73,1.0,5.6,2.45,2.27,1.27,2.21,0.73,0.0,2.0,0.0,0
0.0,0.0,2.82,0.91,0.91,1.18,1.0,0.0,1.82,4.09,0.73,0.0,52.84,1.0,0.53,1.0,1.91,6.66,1.91,0.91,1.0,1.44,0.0,0.0,3.09,0.0,0
0.0,0.0,1.05,0.0,0.0,0.0,1.0,0.95,0.05,1.2,0.99,0.95,0.0,1.95,1.9,0.05,1.05,2.92,2.9,1.0,1.0,0.03,0.0,0.0,2.0,0.0,0
10.93,0.0,1.42,13.08,9.04,5.8,6.77,3.46,12.7,43.73,0.58,1.27,85.28,1.58,0.0,11.62,1.58,4.04,0.85,0.42,1.0,1.32,0.0,0.0,2.42,3.15,0
0.71,0.0,1.0,0.65,0.35,0.0,2.35,1.35,3.06,16.48,0.34,0.0,78.42,1.71,1.94,6.97,1.65,2.03,0.0,0.0,1.0,0.35,0.35,0.0,2.35,0.65,0
0.81,0.38,1.81,0.0,0.0,4.81,1.0,2.38,7.06,7.31,0.83,0.19,64.3,1.81,1.0,2.81,1.0,3.56,1.0,0.81,1.0,1.73,0.0,0.0,1.81,0.81,0
1.79,0.0,1.0,0.0,0.0,1.19,3.39,0.0,7.16,10.35,0.85,1.79,41.76,2.6,0.0,13.53,1.6,2.94,1.4,2.0,1.0,1.1,0.6,0.0,1.4,0.0,1
5.69,0.29,1.0,0.71,2.13,2.73,1.0,0.0,0.0,1.42,1.24,0.71,63.99,1.42,0.58,6.98,0.71,2.78,1.0,1.0,1.0,2.07,0.29,0.0,1.71,1.42,1
0.0,0.0,1.0,0.0,0.0,1.63,1.54,0.0,1.09,2.54,1.69,0.0,0.0,1.91,0.46,2.63,1.54,2.81,1.63,2.0,1.0,0.23,0.46,0.0,1.0,0.91,0
1.92,0.0,1.38,0.0,0.77,1.38,1.38,1.23,3.68,4.68,1.42,0.38,44.56,1.62,5.55,7.67,1.38,3.78,0.77,1.0,1.0,0.79,0.41,0.0,3.85,0.62,0
2.99,0.0,2.63,3.55,2.24,0.37,2.87,1.93,9.8,16.46,0.29,4.07,69.8,2.0,0.0,6.87,1.19,3.04,0.0,1.63,1.0,1.49,0.81,0.0,1.19,2.37,0
0.0,0.0,1.43,0.0,0.0,0.0,1.0,0.21,1.49,2.21,1.45,1.07,13.67,2.0,0.0,1.85,1.0,2.21,1.57,2.0,1.0,0.36,0.21,0.0,1.79,0.43,0
0.44,3.09,1.0,0.56,0.0,4.91,3.0,0.0,3.53,9.53,1.74,0.0,90.28,1.44,0.56,4.88,1.44,1.32,0.0,0.56,1.0,0.27,0.56,0.0,1.88,1.33,0
3.45,0.0,1.69,0.62,1.38,1.38,1.69,0.62,6.14,10.55,0.33,0.69,75.69,1.62,0.0,19.38,1.69,4.19,1.69,1.0,1.0,1.47,0.31,0.0,1.69,0.62,0
0.0,0.0,1.0,0.0,0.09,0.51,1.0,0.91,0.0,1.0,0.94,1.77,0.0,1.91,1.83,0.94,1.0,2.83,2.83,1.86,1.0,0.11,0.04,0.0,1.91,0.09,0
0.0,0.0,1.0,0.0,0.0,0.89,1.0,0.0,1.89,1.11,2.36,0.22,0.0,1.22,0.89,0.22,1.89,4.78,4.78,3.0,1.0,0.08,0.0,0.0,2.78,0.0,0
0.0,0.0,1.0,0.0,0.0,0.0,1.0,0.0,2.84,11.22,0.66,0.0,55.32,1.29,0.0,2.0,1.0,1.94,0.0,1.29,1.0,0.42,0.29,0.0,1.0,1.0,0
2.04,0.26,1.52,0.74,0.52,4.22,1.26,0.0,2.87,3.56,0.36,5.18,68.61,1.74,0.0,10.65,1.26,2.22,1.26,1.0,1.0,1.77,0.74,0.0,1.0,0.26,0
2.79,0.0,1.0,0.47,0.47,1.0,2.86,2.86,2.93,20.54,0.7,0.47,44.66,2.47,0.0,17.89,1.47,1.96,0.53,2.6,1.0,0.22,0.12,0.0,3.33,3.33,0
0.0,1.51,1.0,0.0,0.0,3.52,1.0,0.0,0.5,0.99,3.71,0.0,0.0,0.5,1.01,2.48,0.99,1.74,1.5,0.99,1.0,0.37,0.0,0.0,1.5,0.0,0
0.0,0.0,1.0,0.75,0.0,0.0,1.62,0.75,1.38,9.02,0.75,0.0,28.27,2.38,0.0,9.28,1.62,2.14,1.0,1.0,1.0,0.27,0.38,0.0,1.0,0.75,0
15.33,0.0,1.0,18.29,11.5,1.92,10.58,5.83,21.16,72.45,0.55,0.0,94.16,2.04,0.0,15.13,1.96,3.2,0.04,0.04,1.0,0.7,0.04,0.0,1.96,3.92,1
13.68,0.0,2.68,3.37,0.42,0.58,1.0,1.58,4.63,10.48,0.27,0.0,36.6,2.74,0.0,9.95,1.42,4.07,0.42,1.0,1.0,1.0,1.0,0.0,1.84,1.26,1
0.0,0.97,1.0,0.0,0.0,1.11,1.0,0.0,2.92,6.84,0.57,0.0,52.55,1.08,0.97,0.08,1.97,2.46,1.0,1.05,1.03,1.1,0.0,0.0,2.97,0.0,0
0.0,1.33,1.0,0.0,0.0,0.33,1.0,0.33,0.0,0.67,2.71,0.0,0.0,1.33,1.33,2.0,0.33,0.67,0.33,0.67,1.0,0.8,0.0,0.0,2.0,0.0,0
0.0,0.0,1.0,0.0,0.0,0.0,1.0,0.61,1.3,1.7,0.56,2.3,0.0,3.0,0.0,5.03,1.0,2.8,2.7,2.7,1.0,0.52,0.3,0.0,1.3,0.3,0
0.44,0.0,2.0,0.44,0.0,0.0,1.0,4.36,3.18,2.82,0.5,0.87,30.95,1.0,0.0,1.0,1.56,4.28,1.44,1.0,1.0,1.26,0.0,0.0,2.0,0.44,0
0.23,0.0,1.0,0.92,0.0,3.7,1.92,0.0,2.92,16.01,0.28,3.85,55.15,3.0,0.0,20.39,1.92,2.12,0.0,1.15,1.0,0.03,1.0,0.0,4.85,3.85,1
0.0,0.0,0.91,0.09,0.0,4.54,1.0,0.0,0.0,0.91,1.64,0.0,0.0,3.73,0.0,2.73,1.0,0.91,0.91,2.73,1.82,0.91,0.0,0.0,2.18,0.0,0
0.0,2.93,1.0,0.0,0.0,1.96,1.0,0.0,1.56,3.63,2.26,0.0,28.01,0.52,3.89,0.0,1.04,10.54,8.22,1.0,1.0,0.57,0.0,0.0,3.0,0.0,0
1.0,5.77,1.18,0.0,0.0,1.7,2.65,0.35,8.0,13.12,0.46,0.0,76.42,2.0,0.18,5.47,1.82,2.04,0.18,0.18,1.0,0.82,0.0,0.0,2.82,2.65,0
1.0,0.0,1.75,0.0,0.0,0.25,1.0,0.5,0.75,6.99,0.72,0.0,0.0,1.75,0.0,4.48,1.75,1.92,0.75,1.0,1.0,0.6,0.25,0.0,1.75,0.0,0
0.0,0.0,1.0,0.0,0.0,2.33,1.0,0.0,0.0,2.3,2.73,0.0,0.0,1.0,13.42,1.0,1.67,17.47,8.42,0.67,1.0,0.28,0.0,0.0,4.0,0.0,0
13.95,0.0,1.0,16.57,10.46,1.74,9.85,5.23,19.31,66.16,0.63,0.0,82.83,2.0,0.0,13.59,2.0,2.98,0.13,0.13,1.0,0.67,0.0,0.0,1.87,3.49,1
2.81,0.45,2.45,0.0,1.45,3.09,1.45,0.0,4.99,4.18,1.19,0.0,34.48,1.0,0.0,1.81,1.45,2.81,0.91,1.0,1.0,1.58,0.0,0.0,2.09,0.45,0
0.0,0.0,1.0,0.0,0.0,1.18,1.0,0.0,2.43,11.08,1.13,0.0,47.41,1.0,2.35,1.61,1.0,12.84,0.39,0.61,1.0,0.69,0.0,0.0,2.18,0.61,0
5.56,0.44,1.89,0.56,1.44,1.44,3.67,2.79,7.1,27.51,0.28,0.56,87.15,2.11,0.0,21.28,2.0,3.06,0.89,1.0,1.0,1.0,0.14,0.0,3.79,3.79,0
0.0,0.0,1.0,0.0,0.0,0.02,1.0,0.0,0.0,2.0,0.74,1.99,0.0,2.01,0.0,5.99,1.0,3.49,2.0,2.0,1.0,0.0,1.0,0.0,3.0,0.0,1
0.0,0.0,1.96,0.0,5.73,4.82,1.0,0.0,0.04,5.82,1.05,0.0,0.0,1.0,0.0,0.22,1.04,2.82,2.0,2.0,1.96,0.99,0.0,0.0,1.0,0.0,0
7.76,0.0,1.0,1.0,2.76,1.0,1.48,0.6,0.48,6.95,0.23,1.0,90.72,2.12,0.0,12.14,1.12,3.38,0.88,1.0,1.0,2.62,0.03,0.0,2.48,2.48,0
0.88,0.0,1.0,0.0,0.0,0.0,1.0,0.29,0.59,4.05,1.52,0.0,16.68,2.71,0.71,5.39,1.0,1.86,0.29,2.0,1.0,0.0,0.71,0.0,1.29,1.41,0
0.0,0.0,1.0,0.0,0.0,4.82,1.0,0.0,0.04,2.96,5.66,0.0,0.0,0.04,1.91,0.22,0.09,3.93,2.0,0.09,1.0,0.03,0.96,0.0,1.96,0.0,0
0.0,0.56,2.78,0.0,0.0,0.34,1.0,0.89,6.22,2.66,0.66,4.44,56.85,1.78,0.78,4.44,0.89,4.81,1.79,1.89,1.0,1.48,0.89,0.0,1.22,1.78,0
1.0,0.0,1.55,1.0,0.0,2.24,1.0,5.53,3.32,0.89,0.2,4.24,68.76,1.45,0.0,6.37,1.0,5.17,1.55,1.0,1.0,1.95,0.45,0.0,1.55,0.55,0
0.0,0.0,1.0,0.0,0.03,0.0,1.0,0.0,0.1,1.03,1.15,0.0,2.23,2.0,0.0,5.83,1.0,1.98,1.97,4.86,1.0,0.51,0.0,0.0,1.03,0.03,0
2.7,0.0,1.0,0.45,0.45,0.45,2.8,2.8,1.8,19.87,0.62,1.0,43.14,2.45,1.1,15.73,1.45,2.77,1.65,1.0,1.0,0.21,0.11,0.0,3.8,2.7,0
0.61,1.82,2.21,0.0,0.0,3.64,1.0,1.39,2.0,0.39,0.4,1.18,18.2,2.39,0.0,6.54,1.0,4.56,2.61,1.39,1.0,1.04,1.0,0.0,3.82,0.39,0
0.0,0.0,1.31,0.0,0.0,0.85,1.0,0.15,1.92,2.15,0.92,0.77,9.85,1.15,0.0,5.0,1.85,2.58,1.69,2.0,1.0,0.89,0.15,0.0,1.0,0.31,0
0.0,0.0,1.0,0.0,0.82,0.18,1.0,0.36,0.18,1.18,0.64,12.31,4.48,1.18,1.61,4.93,1.0,2.22,1.64,11.67,394.19,1.64,0.94,0.0,1.72,0.18,1
0.24,0.0,1.96,0.04,5.8,4.84,1.16,0.2,0.16,7.49,1.01,0.04,3.87,1.08,0.0,1.41,1.04,2.82,1.92,1.96,1.96,0.98,0.01,0.0,1.2,0.24,0
0.0,0.0,1.88,0.29,0.0,0.59,2.41,0.71,5.24,14.71,0.52,1.18,50.42,2.29,0.0,6.65,1.71,2.51,0.59,1.18,1.29,1.1,0.71,0.0,1.88,1.41,0
2.37,3.2,2.61,0.2,0.0,5.41,1.78,1.0,4.35,3.34,0.58,0.0,39.81,2.0,0.0,4.77,1.2,5.37,2.41,1.0,1.0,1.51,1.0,0.0,4.8,0.59,0
2.15,0.0,1.0,0.42,0.0,3.27,3.3,0.0,6.91,10.06,0.27,4.7,68.3,2.58,0.0,18.18,1.58,2.77,1.0,1.58,1.0,1.82,1.0,0.0,1.0,0.0,1
0.74,0.0,1.74,1.0,0.0,0.0,1.26,7.68,4.97,3.61,0.18,1.48,75.39,1.0,0.77,1.26,1.26,6.43,1.48,0.74,1.0,1.61,0.0,0.0,2.0,1.0,0
0.0,0.0,1.0,0.0,0.0,0.0,2.0,1.0,6.0,14.0,0.28,1.0,70.0,2.0,1.0,11.0,2.0,9.8,0.0,1.0,1.0,0.39,1.0,0.0,3.0,4.0,0
0.92,0.0,1.0,0.92,0.0,4.6,1.08,0.0,0.08,2.32,0.39,6.45,60.78,2.0,0.0,12.29,1.08,1.65,1.0,1.0,1.0,1.68,0.92,0.0,1.0,0.0,0
0.0,0.0,1.0,0.0,0.0,0.35,1.0,0.0,0.88,2.35,0.95,1.76,0.0,2.76,0.71,1.88,1.0,6.04,2.76,2.65,1.0,0.76,0.0,0.0,1.35,0.0,0
0.0,0.0,1.77,0.0,0.0,0.0,1.0,0.0,1.0,4.32,0.74,0.0,0.0,1.23,0.0,1.9,1.77,1.65,1.23,1.23,1.0,0.82,0.0,0.0,1.77,0.0,0
0.0,0.27,1.0,0.0,0.0,0.27,1.0,1.46,2.27,2.62,0.23,2.19,14.61,2.46,0.27,8.75,1.27,2.38,1.73,1.73,1.0,0.3,0.73,0.0,2.27,0.73,0
0.82,0.0,1.0,0.0,0.0,1.65,1.0,0.0,2.47,4.47,0.52,0.82,13.18,2.0,0.0,3.65,1.0,6.13,2.47,2.0,1.0,2.2,1.0,0.0,1.82,0.18,0
1.4,0.0,1.6,0.0,0.7,0.0,2.4,1.7,5.6,15.62,0.22,1.49,61.9,2.7,0.0,12.71,1.0,2.44,0.0,0.6,1.0,0.84,1.0,0.0,2.4,0.6,1
0.0,0.0,1.0,0.0,0.0,0.0,1.0,0.0,0.0,1.6,2.35,0.0,0.0,1.4,0.0,0.0,1.6,4.62,4.62,1.0,1.0,0.72,0.0,0.0,1.0,0.0,0
0.0,0.0,1.0,0.0,0.0,0.25,1.0,0.0,0.75,2.25,1.96,0.0,0.0,3.0,0.0,2.0,1.0,2.84,1.51,3.51,1.0,1.13,0.75,0.0,4.75,0.25,0
0.62,0.62,1.0,0.38,0.0,6.15,1.77,0.0,2.47,6.0,1.89,0.0,70.99,1.0,0.38,3.38,1.62,1.93,0.0,1.62,1.0,0.25,0.38,0.0,1.62,1.23,0
0.0,0.0,2.72,0.57,0.0,1.57,1.0,0.0,1.43,1.57,1.7,2.29,14.3,2.14,0.43,0.57,1.43,4.14,3.28,3.57,1.57,1.86,0.0,0.0,3.57,0.0,0
0.0,0.0,1.0,0.0,0.11,0.89,1.0,0.0,0.89,1.89,0.96,1.71,0.0,1.0,0.0,5.11,1.89,2.44,2.0,3.37,55.63,0.89,0.11,0.0,1.0,0.0,0
0.51,0.0,1.0,0.0,0.25,1.49,1.51,2.0,2.76,6.81,0.4,0.0,52.78,2.25,0.0,5.54,1.0,1.68,0.0,0.75,1.0,0.62,0.25,0.0,2.25,0.0,0
0.24,0.0,1.0,0.24,0.0,1.22,1.0,0.0,0.0,2.0,0.64,3.22,16.13,2.0,0.0,7.71,1.0,3.05,1.76,1.76,1.0,0.44,1.0,0.0,2.51,0.0,1
11.49,0.0,1.0,13.64,8.62,1.44,8.18,4.87,16.36,54.14,0.43,0.85,68.22,2.28,0.0,14.15,1.72,2.95,0.56,0.56,1.0,0.52,0.28,0.0,2.0,3.15,1
0.98,0.0,1.0,0.02,0.0,2.04,1.02,0.0,3.0,5.24,0.29,1.06,16.77,2.02,0.0,4.33,1.02,7.23,2.94,1.98,1.0,2.61,1.0,0.0,2.06,0.08,0
4.3,0.0,1.0,0.15,0.15,1.0,1.61,2.45,0.61,17.55,0.41,0.15,14.56,3.85,0.0,18.03,1.15,3.32,0.0,1.0,1.0,0.52,0.89,0.0,1.76,0.91,0
0.0,0.0,1.58,0.29,0.29,1.0,3.12,0.71,5.54,11.79,0.33,0.0,73.57,2.42,0.0,16.57,1.29,2.91,0.58,1.0,1.0,0.94,0.18,0.0,1.58,2.12,0
1.0,5.54,1.21,0.21,0.0,0.79,2.58,2.08,7.58,11.08,0.34,0.42,76.54,1.79,0.0,4.96,1.79,3.03,0.42,0.21,1.0,0.92,0.0,0.0,2.79,2.58,0
0.0,0.0,1.0,0.0,0.0,0.02,1.0,0.0,0.0,1.0,2.86,0.0,0.0,1.99,0.21,0.01,1.01,10.02,10.02,1.0,1.0,0.0,0.0,0.0,1.04,0.0,0
0.0,0.0,1.0,0.0,0.0,0.0,1.0,0.0,0.87,2.87,1.13,0.0,0.0,1.87,0.0,0.87,1.13,1.0,0.13,1.0,1.0,0.15,0.0,0.0,2.75,0.0,0
0.0,0.13,1.0,0.0,0.0,0.93,1.0,0.0,0.0,1.74,1.13,1.74,0.0,1.74,0.26,5.47,0.87,3.17,1.87,1.87,1.0,0.0,1.0,0.0,2.74,0.0,0
0.0,0.0,1.0,0.0,0.0,0.0,1.0,1.0,0.0,1.0,1.0,1.0,0.0,2.0,2.0,0.0,1.0,3.0,3.0,1.0,1.0,0.0,0.0,0.0,2.0,0.0,0
0.0,0.0,1.31,0.1,0.0,0.21,1.0,0.0,0.1,2.0,1.56,0.41,2.57,2.1,0.0,1.9,1.0,0.81,0.21,2.21,1.1,0.33,0.9,0.0,1.31,0.9,0
0.0,0.0,1.0,0.0,0.0,1.0,1.0,0.5,0.0,1.5,1.36,1.0,0.0,2.5,0.0,4.0,1.5,2.67,1.5,9.99,8.49,2.5,0.0,0.0,2.5,1.0,0
0.0,0.0,1.43,0.0,2.55,5.0,1.0,0.0,0.0,3.13,1.45,0.0,0.0,2.72,0.0,1.72,1.0,1.78,1.43,2.57,2.0,1.0,0.0,0.0,1.57,0.0,0
1.5,3.75,1.5,0.25,0.25,1.0,1.75,2.25,13.24,6.25,0.49,0.0,61.0,1.75,0.75,2.5,1.25,4.48,0.5,1.0,1.0,1.09,0.0,0.0,1.5,0.0,0
9.89,0.0,1.0,10.07,6.36,1.06,6.3,3.18,12.6,41.64,0.38,0.94,77.15,2.47,0.0,14.06,1.53,3.04,0.0,1.41,1.0,0.54,0.47,0.0,2.47,3.06,1
0.0,0.57,1.86,0.0,0.0,0.57,1.0,0.43,5.86,4.71,0.61,2.16,62.86,1.43,0.0,2.16,1.0,3.32,0.57,1.43,1.0,0.72,0.43,0.0,2.14,0.86,0
0.0,0.0,1.0,0.0,0.05,5.05,1.0,0.0,0.0,2.91,5.62,0.47,0.0,0.05,1.91,0.51,0.05,3.86,1.95,0.51,1.0,0.06,0.98,0.0,1.95,0.05,0
6.48,3.24,1.0,0.81,0.0,2.62,4.24,1.0,11.35,14.16,0.55,0.0,64.85,2.38,0.0,10.48,1.81,2.62,0.19,1.19,1.0,1.02,0.81,0.0,3.62,2.43,0
0.0,0.0,1.0,0.0,0.0,0.0,1.0,0.05,0.0,1.95,1.95,0.05,0.0,1.05,0.09,0.0,1.95,1.09,1.09,1.0,1.0,1.15,0.0,0.0,1.05,0.0,0
1.86,0.0,1.0,3.09,1.39,1.12,7.46,1.58,4.32,21.97,0.35,0.88,99.42,2.88,0.0,7.04,1.12,1.86,0.0,0.88,1.0,0.45,0.88,0.0,2.0,1.35,1
1.98,0.0,1.0,0.0,0.0,1.66,3.64,0.34,8.61,10.91,0.54,1.98,46.24,2.66,0.0,15.55,1.66,2.87,1.0,2.68,1.0,1.22,0.66,0.0,1.0,0.34,1
2.5,0.5,2.0,0.0,1.0,3.5,1.5,0.0,5.5,4.5,1.1,0.0,38.0,2.5,0.0,3.5,1.5,2.39,1.5,2.0,1.5,1.33,0.0,0.0,1.5,0.5,0
1.23,1.0,1.49,0.0,0.49,1.25,1.25,0.0,6.48,6.49,0.79,0.0,65.46,1.0,0.0,0.99,1.25,3.62,1.25,1.0,1.0,0.41,0.0,0.0,2.51,0.25,0
1.01,0.0,1.25,2.01,1.26,2.77,1.75,0.75,1.5,10.72,0.46,0.76,83.97,1.0,2.24,3.26,1.75,2.76,0.5,0.25,1.0,0.75,0.0,0.0,2.25,1.25,0
0.0,0.74,1.0,0.0,0.0,5.68,1.0,0.0,0.0,0.26,3.49,0.0,0.0,0.26,5.95,1.74,0.53,3.89,3.89,1.0,1.0,0.0,0.74,0.0,1.79,0.0,0
0.0,1.19,1.0,0.0,0.0,2.04,1.0,0.0,0.0,1.22,4.65,0.0,0.0,0.0,2.0,0.59,0.0,1.63,0.81,0.0,1.0,0.0,0.41,0.0,2.0,0.0,0
0.07,0.98,1.0,0.0,0.0,0.98,1.0,0.0,4.93,5.95,0.88,0.05,61.89,1.05,0.0,0.3,1.0,3.56,0.98,1.05,1.0,0.01,0.02,0.0,3.0,0.05,0
0.0,0.0,2.19,0.59,0.59,1.0,1.0,0.0,1.19,3.59,1.21,0.0,34.43,1.81,0.0,1.41,1.59,3.62,1.19,1.41,1.0,0.89,0.0,0.0,3.41,0.41,0
0.0,0.0,1.0,0.0,0.0,0.0,1.0,0.0,0.26,2.26,1.46,0.0,0.0,2.0,0.0,1.74,1.0,0.63,0.0,1.74,1.0,0.0,0.74,0.0,1.53,0.74,0
0.0,0.02,2.96,0.98,0.98,1.11,1.0,0.0,1.96,3.93,0.62,0.0,56.92,0.98,0.04,1.02,1.96,4.43,1.98,1.0,1.0,1.47,0.02,0.0,2.96,0.0,0
0.0,1.93,1.0,0.0,0.0,3.78,1.0,3.71,3.14,0.43,1.11,0.93,45.3,1.0,0.93,1.86,1.0,3.81,1.0,0.07,1.0,1.39,0.0,0.0,1.14,0.0,0
0.44,0.0,1.11,0.55,0.55,1.21,1.89,0.89,5.34,12.57,0.32,1.22,70.22,1.89,0.89,10.56,1.89,9.29,0.22,1.0,1.0,0.58,0.89,0.0,3.0,3.78,0
4.95,0.95,1.76,4.05,3.82,9.11,1.95,0.24,3.31,4.78,0.6,2.29,73.89,1.24,0.0,8.18,1.24,4.62,1.53,1.0,1.0,1.8,0.24,0.0,3.24,2.24,0
0.0,0.75,1.0,0.0,0.0,0.0,1.0,0.0,0.63,1.25,1.89,1.25,0.0,1.88,0.75,1.63,0.63,1.88,1.88,1.88,1.0,0.47,0.0,0.0,1.37,0.0,0
0.68,2.04,2.36,0.0,0.0,4.4,1.0,0.68,1.68,0.64,0.73,0.0,20.43,1.68,0.0,3.64,1.32,4.88,2.68,1.32,1.0,1.41,0.68,0.0,3.72,0.0,0
2.28,0.0,1.0,0.0,0.0,0.0,1.0,0.0,1.52,3.52,0.63,1.52,43.32,3.0,0.24,10.12,1.0,2.41,0.0,2.76,1.0,0.25,1.0,0.0,2.52,2.0,1
0.0,0.0,1.0,0.27,0.0,1.0,2.64,0.27,1.27,5.56,0.84,0.27,27.38,1.55,0.0,5.27,1.73,2.28,1.45,1.73,1.0,0.66,0.27,0.0,1.27,0.27,0
0.0,0.0,1.54,0.0,0.0,0.0,1.0,0.27,1.89,2.27,1.68,1.35,17.26,1.27,0.0,2.08,1.73,0.81,0.0,0.54,1.0,0.45,0.27,0.0,1.73,0.54,0
0.0,0.0,1.0,0.0,0.0,1.0,1.0,0.65,0.32,2.68,2.13,0.0,8.07,2.68,2.91,1.35,1.0,2.63,0.0,1.68,1.0,0.0,0.22,0.0,4.32,1.0,0
0.0,0.87,1.0,0.0,0.0,6.47,1.13,0.0,0.27,0.4,3.4,0.0,0.0,0.13,1.73,2.27,0.27,1.44,1.27,1.13,1.0,0.06,0.87,0.0,1.0,0.0,0
3.1,0.0,2.61,3.68,2.32,0.39,2.94,1.97,9.9,16.94,0.29,4.03,70.0,2.0,0.0,6.94,1.19,3.04,0.0,1.61,1.0,1.48,0.81,0.0,1.19,2.39,0
0.5,0.0,1.0,0.0,1.0,4.02,1.0,0.0,0.0,1.0,1.77,2.01,0.0,1.5,0.0,3.51,1.0,5.23,4.98,1.5,1.0,0.0,0.0,0.0,1.0,0.0,0
2.09,0.62,1.84,0.16,0.84,3.84,1.62,0.16,2.18,3.49,1.62,0.0,12.47,1.16,0.0,1.87,1.16,2.12,0.0,1.0,1.0,1.37,0.16,0.0,3.16,0.47,0
0.0,0.0,1.0,0.0,0.0,0.23,2.55,1.0,5.42,15.5,0.35,0.45,47.26,2.0,0.0,8.32,2.0,2.3,0.68,4.05,4.38,1.28,0.77,0.0,1.0,1.77,0
5.68,0.0,0.35,7.39,4.26,0.71,4.55,2.13,7.81,26.61,0.53,0.0,33.71,1.35,0.0,5.32,1.35,1.13,0.0,0.0,0.35,0.26,0.0,0.0,3.29,1.42,0
2.53,0.0,1.0,0.0,0.0,0.63,1.37,1.27,0.37,10.44,0.68,0.0,0.0,3.27,0.0,10.97,1.37,2.75,0.37,1.0,1.0,0.45,0.63,0.0,1.0,0.0,0
0.0,0.0,1.0,0.0,0.0,1.07,1.36,0.0,0.71,2.36,1.77,0.0,0.0,1.0,0.0,1.42,2.0,2.19,1.71,1.36,1.0,0.93,0.0,0.0,1.0,0.0,0
3.96,0.0,1.32,0.64,0.08,0.0,1.0,1.0,2.72,8.84,0.12,0.0,59.48,1.92,0.0,14.96,1.08,3.96,1.0,1.92,1.0,0.12,0.0,0.0,1.92,0.0,0
0.0,0.0,1.0,0.0,0.0,0.4,1.0,0.4,2.4,9.01,0.38,0.8,46.86,1.4,0.0,3.6,1.4,2.72,1.2,7.79,6.99,2.35,0.0,0.0,1.0,1.0,0
0.0,0.0,1.0,0.0,0.0,0.86,1.0,0.0,0.14,2.86,1.97,0.29,0.0,3.0,0.0,2.0,1.0,2.43,0.43,2.14,1.0,0.11,0.0,0.0,3.57,0.86,0
0.0,2.97,1.0,0.0,0.0,5.93,1.0,0.0,0.04,0.09,6.25,0.0,0.71,0.01,1.99,0.0,0.03,1.02,1.0,0.01,1.0,0.01,0.0,0.0,2.01,0.0,0
0.0,0.0,1.04,0.02,0.02,0.02,1.0,1.96,2.0,1.06,0.12,2.94,1.14,2.96,0.0,11.78,1.02,2.38,2.0,1.98,1.0,0.03,0.98,0.0,2.02,0.98,1
0.0,0.88,1.0,0.12,0.0,6.64,1.12,0.0,0.36,2.03,3.3,0.48,6.56,0.36,1.76,4.27,0.24,1.13,0.88,1.0,1.0,0.0,1.0,0.0,1.48,0.48,0
3.88,0.0,1.88,4.38,4.38,9.64,1.0,0.12,0.25,1.99,0.55,2.63,70.14,1.12,0.0,8.12,1.0,5.04,1.88,1.12,1.0,1.88,0.0,0.0,2.88,1.75,0
0.0,0.0,1.0,0.0,0.0,0.0,1.0,0.0,0.05,1.11,1.17,0.0,0.0,2.0,0.0,5.73,1.0,1.95,1.89,4.79,1.0,0.47,0.0,0.0,1.11,0.0,0
0.0,0.0,0.98,0.02,0.0,4.92,1.0,0.0,0.0,0.98,1.73,0.0,0.0,3.95,0.0,2.95,1.0,0.98,0.98,2.95,1.97,0.98,0.0,0.0,2.03,0.0,0
0.94,0.0,1.94,0.94,0.0,0.0,1.0,9.39,5.64,0.12,0.2,1.88,66.7,1.06,0.0,1.0,1.0,7.64,2.0,1.06,1.0,1.95,0.0,0.0,2.0,0.94,0
0.0,0.0,0.38,0.0,0.0,0.0,1.0,0.76,16.89,0.38,0.05,1.14,0.0,1.14,1.24,4.55,0.38,0.89,0.76,0.76,0.38,0.0,0.38,0.0,1.38,0.38,0
10.54,0.34,1.0,12.51,7.9,3.71,7.58,3.95,14.49,49.39,1.64,0.0,62.55,1.32,0.68,10.56,1.32,2.45,0.34,0.34,1.0,0.48,0.34,0.0,1.66,2.63,1
0.99,6.94,1.0,0.0,0.0,1.03,2.98,0.0,7.93,13.89,0.41,0.0,77.36,2.02,0.0,5.98,1.99,1.72,0.01,0.02,1.01,0.62,0.0,0.0,2.99,2.98,0
0.22,0.0,1.0,1.0,0.0,1.88,5.67,0.78,1.56,12.13,0.32,2.33,92.48,2.78,0.0,7.55,1.0,1.68,0.22,1.0,1.0,0.72,1.0,0.0,1.78,0.78,1
0.0,0.0,1.0,0.0,0.0,0.0,1.0,0.7,0.3,1.3,1.27,0.7,0.0,2.3,1.4,0.6,1.0,3.0,2.7,1.91,1.0,0.45,0.3,0.0,2.91,0.0,0
0.0,0.0,0.11,0.89,0.0,0.0,1.0,0.0,0.0,0.22,0.63,0.0,0.0,1.11,0.0,0.22,1.0,0.06,0.0,0.22,0.11,0.0,0.11,0.0,3.67,0.11,0
2.48,0.17,1.0,0.0,0.0,2.87,4.31,0.0,9.92,13.23,0.83,2.48,57.86,2.48,0.35,18.53,1.65,3.13,1.0,1.83,1.0,1.52,1.0,0.0,1.0,0.0,1
3.62,0.0,1.87,4.49,4.37,10.24,1.0,0.0,0.0,1.13,0.57,3.51,71.24,1.13,0.0,7.76,1.0,4.75,1.87,1.0,1.0,2.1,0.13,0.0,2.75,1.75,0
1.05,0.0,1.0,1.0,0.39,1.0,6.21,0.87,1.74,13.3,0.31,1.0,98.69,2.87,0.0,6.39,1.0,1.92,0.13,1.0,1.0,0.74,0.87,0.0,2.0,1.13,1
0.72,1.4,1.72,0.72,0.0,0.84,1.0,7.2,4.32,0.0,1.22,1.44,51.15,0.72,1.96,0.72,0.72,11.13,5.91,1.0,1.0,1.5,0.0,0.0,2.28,0.72,0
0.76,0.0,1.0,1.86,0.57,0.1,2.43,1.24,2.95,16.91,0.42,0.0,88.33,1.05,2.86,2.62,2.0,1.99,0.0,0.0,1.0,0.3,0.0,0.0,2.0,1.14,0
2.12,0.0,1.53,2.65,2.65,6.31,1.0,0.47,0.94,1.0,0.87,1.59,38.22,1.47,0.0,5.12,1.0,3.46,1.53,2.41,1.0,1.14,0.0,0.0,2.06,1.53,0
0.0,0.0,1.11,0.0,0.63,2.32,1.0,1.79,1.79,2.42,0.52,0.0,44.74,1.89,0.0,1.79,1.0,1.64,0.21,1.11,1.11,0.7,0.0,0.0,1.89,0.0,0
1.47,0.0,1.0,0.25,0.25,0.25,1.98,1.23,1.74,12.07,0.4,0.25,23.58,2.25,0.0,12.37,1.25,2.5,1.51,1.75,1.0,1.25,0.06,0.0,2.23,1.47,0
0.16,0.41,1.0,0.0,0.0,1.0,1.08,0.25,2.31,2.41,0.99,0.0,5.08,1.08,0.08,4.84,1.92,2.66,1.84,1.92,1.0,0.77,0.0,0.0,1.0,0.0,0
0.0,0.0,1.0,0.52,0.0,1.0,4.12,0.52,1.52,8.76,0.67,0.52,52.01,2.04,0.0,5.52,1.48,2.08,0.96,1.48,1.0,0.58,0.52,0.0,1.52,0.52,0
1.04,0.21,1.41,0.0,0.41,1.21,3.59,0.79,7.83,13.55,0.28,0.0,79.17,2.59,0.0,19.07,1.21,2.57,0.41,1.0,1.0,0.91,0.2,0.0,1.0,2.59,1
0.32,0.0,1.32,0.0,0.32,1.95,1.0,0.0,1.37,1.0,2.32,0.0,0.0,1.0,0.68,0.0,1.68,4.05,3.42,2.37,1.0,0.47,0.0,0.0,3.0,0.0,0
0.74,0.0,1.0,0.0,0.0,1.0,1.0,1.18,0.0,4.02,0.52,0.0,0.0,4.0,0.0,6.02,1.0,2.27,0.82,1.82,1.0,2.05,0.18,0.0,1.82,0.0,0
0.0,0.0,2.34,0.0,0.0,0.0,1.0,0.67,4.68,2.67,0.4,4.01,42.8,2.0,0.0,5.33,1.0,3.17,0.66,2.0,1.0,1.11,1.0,0.0,1.66,1.34,0
0.93,6.52,1.0,0.0,0.0,0.93,3.0,0.07,7.93,14.41,0.39,0.0,76.85,2.0,0.0,6.2,2.0,1.75,0.0,0.0,1.0,0.59,0.07,0.0,2.86,2.93,0
0.0,0.0,0.43,0.57,0.0,0.0,1.43,0.0,0.43,2.59,0.75,0.0,0.0,1.43,0.0,1.72,1.43,0.65,0.43,0.43,0.43,0.14,0.0,0.0,2.71,0.0,0
0.0,0.0,1.0,0.0,0.72,0.0,1.0,0.0,0.0,1.28,0.86,10.79,0.0,1.0,0.0,4.6,1.28,1.44,1.44,10.07,345.66,1.44,0.72,0.0,1.28,0.0,1
0.0,0.0,1.0,0.0,0.0,0.0,1.0,0.0,0.13,2.0,1.64,0.26,0.0,2.13,0.0,1.13,1.0,2.13,2.13,2.13,1.0,0.1,0.0,0.0,1.87,0.0,0
15.08,0.0,1.0,17.91,11.31,1.89,10.43,5.71,20.74,70.75,0.59,0.06,89.54,2.0,0.11,14.14,1.94,3.18,0.17,0.06,1.0,0.68,0.0,0.0,2.0,3.77,1
0.0,0.72,1.0,0.0,0.0,0.72,1.0,0.0,2.15,5.58,0.95,0.0,38.7,1.0,0.72,0.0,2.0,2.08,1.0,1.0,1.0,1.13,0.0,0.0,2.43,0.0,0
1.91,6.58,1.0,1.15,0.72,1.06,3.48,0.36,8.85,17.69,0.41,0.0,79.03,2.0,0.0,6.54,2.0,1.82,0.0,0.0,1.0,0.62,0.0,0.0,2.94,3.06,0
0.0,0.0,1.66,0.0,3.93,3.28,1.0,0.0,0.34,4.62,1.34,0.0,0.0,1.69,0.0,0.69,1.0,2.89,2.0,2.69,1.66,1.17,0.34,0.0,2.38,0.0,0
2.77,0.0,0.92,1.48,0.18,0.0,1.0,0.18,23.23,1.29,0.02,0.0,16.27,0.18,1.63,0.55,0.37,0.8,0.18,0.18,0.18,0.27,0.0,0.0,1.0,0.0,0
0.87,0.17,1.35,0.0,0.35,0.35,1.17,0.0,2.74,3.04,0.47,0.0,13.21,1.83,0.0,4.83,1.17,2.72,2.0,1.83,1.0,1.53,0.0,0.0,1.0,0.17,0
2.68,0.0,1.0,0.0,0.0,0.0,1.0,0.89,1.89,8.36,0.22,0.0,50.94,2.0,0.0,14.41,1.0,3.61,0.89,1.89,1.0,0.0,0.0,0.0,2.11,0.0,0
0.0,0.0,0.84,0.16,0.0,2.52,1.84,0.0,1.68,2.52,1.22,0.0,0.0,1.0,0.0,3.35,1.84,3.63,2.52,1.68,0.84,0.36,0.0,0.0,1.48,0.0,0
0.0,0.0,1.0,0.0,0.62,3.72,1.38,0.0,0.38,2.9,0.59,6.21,0.0,1.38,0.0,8.35,1.38,1.19,1.0,7.21,1.0,0.9,0.31,0.0,1.0,0.62,0
1.74,0.0,0.7,0.0,0.7,0.7,1.35,0.0,19.74,3.13,0.15,0.35,26.41,0.35,1.3,6.95,0.7,1.61,0.7,0.35,0.35,0.71,0.0,0.0,1.35,0.0,0
1.11,0.0,1.95,0.0,0.95,3.89,1.21,0.0,0.64,1.8,1.73,0.16,3.72,1.11,0.0,1.17,1.05,2.08,0.05,1.05,1.0,1.52,0.05,0.0,2.89,0.0,0
0.0,0.0,1.0,0.1,0.0,1.42,1.0,0.9,2.1,1.83,1.16,0.0,6.56,2.0,0.0,3.31,1.0,1.53,1.0,3.69,1.0,0.07,0.0,0.0,1.21,1.0,0
0.22,0.0,1.0,0.22,0.0,1.87,1.0,0.0,1.56,1.22,2.07,1.52,14.36,1.22,0.78,2.83,1.78,4.27,4.13,2.56,1.0,0.39,0.22,0.0,2.56,0.0,0
4.82,0.0,1.0,0.6,1.81,2.59,1.0,0.0,0.0,2.4,2.48,0.6,54.24,1.21,0.79,5.42,0.6,3.7,1.4,0.6,1.0,1.76,0.4,0.0,2.0,1.21,0
0.0,0.0,1.0,0.0,0.0,1.28,1.0,0.0,1.43,1.0,2.65,0.0,0.0,1.0,5.54,0.28,2.0,6.99,6.99,2.43,1.0,0.0,0.0,0.0,3.28,0.0,0
0.0,0.74,1.0,0.0,0.0,2.24,1.0,0.75,1.51,0.75,2.45,0.0,0.0,1.51,0.49,2.26,0.75,1.38,1.0,3.01,1.0,0.0,0.0,0.0,1.25,0.75,0
0.0,0.0,1.0,0.0,0.0,0.0,1.05,0.0,0.05,1.23,1.17,0.0,0.0,2.0,0.0,5.91,1.05,1.98,1.95,4.82,1.0,0.49,0.0,0.0,1.0,0.0,0
0.0,1.76,1.0,0.0,0.0,3.88,1.12,3.51,2.88,0.36,1.16,0.88,38.65,1.0,0.88,2.24,1.12,3.89,1.24,0.24,1.0,1.37,0.0,0.0,1.0,0.0,0
6.24,0.0,1.0,0.0,0.22,1.32,2.56,0.78,10.92,11.92,0.27,2.2,59.29,1.78,0.0,7.88,1.78,3.18,1.0,3.98,1.0,0.92,0.11,0.0,2.56,1.0,0
0.0,0.0,2.0,0.0,0.96,0.8,1.0,0.0,0.84,5.16,0.85,0.0,0.0,1.0,0.0,0.84,1.84,1.63,1.16,1.16,1.16,0.69,0.0,0.0,1.84,0.0,0
0.0,0.0,1.0,0.0,0.0,0.0,1.96,0.48,3.35,10.62,1.23,0.0,29.22,2.52,0.52,4.83,1.48,1.52,0.0,1.04,1.0,0.1,1.0,0.0,1.0,2.0,0
0.0,0.0,2.4,0.7,0.7,1.0,1.0,0.3,1.4,2.81,0.55,0.6,40.7,1.3,0.0,2.49,2.0,4.05,2.3,6.07,5.48,2.54,0.0,0.0,2.4,0.3,0
0.0,0.0,0.73,0.0,0.73,4.38,1.0,0.0,7.02,0.73,0.22,7.3,0.0,0.73,0.54,8.03,0.73,0.73,0.73,8.03,0.73,0.91,0.37,0.0,1.0,0.73,0
5.07,0.0,1.69,1.38,0.17,0.0,1.0,1.0,3.55,8.66,0.11,0.0,62.34,1.83,0.0,13.76,1.17,4.0,1.0,1.83,1.0,0.26,0.0,0.0,1.83,0.0,0
0.85,6.25,1.0,0.0,0.0,0.85,2.7,0.0,6.81,11.91,0.91,0.0,66.37,1.7,0.3,5.25,1.7,1.47,0.0,0.0,1.0,0.52,0.0,0.0,2.85,2.55,0
1.27,0.0,1.0,1.68,0.0,0.0,1.32,1.84,3.9,14.16,0.23,0.0,75.16,2.84,0.0,16.26,1.16,3.28,1.0,1.16,1.0,0.27,0.84,0.0,1.32,1.84,1
2.49,0.5,1.99,0.5,0.99,0.99,2.0,0.5,6.47,11.02,0.43,0.0,82.03,1.0,1.51,2.99,2.0,2.85,0.99,0.5,1.0,0.97,0.0,0.0,1.5,1.0,0
0.76,0.24,1.76,0.0,0.76,3.28,1.0,0.0,0.72,2.44,1.5,0.0,12.98,1.0,0.24,0.0,1.24,2.12,0.24,1.0,1.0,1.4,0.0,0.0,3.0,0.0,0
0.0,0.0,1.0,0.0,0.0,0.65,1.0,0.65,1.31,1.35,1.53,0.0,0.0,1.65,0.0,2.31,1.35,0.98,0.65,2.62,1.0,0.0,0.0,0.0,1.35,0.65,0
2.03,0.85,1.0,0.15,0.44,4.41,1.0,0.0,3.41,5.41,1.17,0.15,58.44,1.15,0.0,3.88,1.85,2.65,0.15,1.85,1.0,0.77,0.0,0.0,2.0,2.0,0
0.0,0.0,1.05,0.0,0.28,0.23,1.0,1.91,1.91,1.23,0.15,2.86,0.0,2.91,0.0,11.44,1.0,2.36,2.0,2.0,1.05,0.05,0.95,0.0,1.95,0.95,1
0.0,0.32,1.0,0.68,0.0,3.72,1.0,0.0,3.64,8.04,1.0,0.0,62.68,1.68,0.0,4.09,1.0,2.35,1.0,1.0,1.0,0.45,0.0,0.0,3.0,0.68,0
2.73,0.55,2.09,0.0,1.09,1.09,2.0,0.45,8.73,10.72,0.37,0.45,73.28,1.45,0.45,7.17,2.0,6.51,1.09,1.0,1.0,1.09,0.45,0.0,1.91,2.36,0
0.0,0.77,1.0,0.0,0.0,1.45,1.0,0.0,2.32,6.55,0.98,0.0,41.77,1.0,2.13,0.23,1.77,8.46,1.0,0.77,1.0,1.04,0.0,0.0,3.23,0.0,0
0.64,0.0,1.64,0.0,0.0,4.28,1.0,1.28,5.1,7.55,1.38,0.0,43.99,1.64,2.81,2.28,1.0,12.67,1.0,0.64,1.0,1.45,0.0,0.0,2.72,0.64,0
5.11,0.0,1.0,0.0,0.0,0.72,1.55,1.72,3.88,13.55,0.4,0.0,21.07,3.45,0.0,12.78,1.28,3.56,0.28,1.28,1.0,0.61,0.72,0.0,1.55,0.28,0
3.45,0.0,1.0,0.0,0.0,1.55,1.0,1.72,0.0,11.34,0.64,0.0,0.0,4.0,0.0,13.34,1.0,3.13,0.14,1.28,1.14,0.59,0.86,0.0,1.14,0.0,0
6.88,0.0,1.0,0.0,0.0,0.45,3.45,0.78,13.55,15.22,0.25,0.67,74.66,2.22,0.0,10.36,2.0,3.74,1.0,2.0,1.0,1.05,0.22,0.0,2.55,0.78,0
0.0,0.0,1.0,0.0,0.0,0.37,1.0,0.37,0.63,2.0,0.67,1.26,0.0,3.37,0.0,2.74,1.0,2.63,2.26,2.63,1.0,1.36,0.0,0.0,1.37,0.0,0
0.0,0.0,1.0,0.79,0.0,0.79,5.75,0.79,1.79,12.3,0.35,0.79,79.21,2.79,0.0,5.79,1.0,1.86,0.42,1.21,1.0,0.64,0.79,0.0,1.79,0.79,1
0.0,0.0,2.18,1.0,0.59,2.24,1.41,0.0,2.41,9.35,0.45,1.65,56.76,1.82,0.0,9.24,2.0,3.49,1.18,1.0,1.0,0.88,0.41,0.0,3.82,1.65,0
0.0,1.94,1.0,0.0,0.0,0.0,1.06,0.03,0.22,0.62,3.69,0.0,1.91,0.06,1.94,1.25,0.06,0.07,0.0,0.0,1.0,0.01,0.03,0.0,1.97,0.06,0
0.3,0.0,1.0,1.8,0.0,0.0,1.0,1.8,2.0,13.0,0.21,0.2,73.19,3.0,0.0,17.5,1.0,3.15,0.9,1.2,1.0,0.18,1.0,0.0,1.2,2.0,1
0.26,0.0,1.0,0.0,0.74,0.52,1.0,0.0,3.0,2.78,0.39,0.26,52.96,2.0,0.0,1.78,1.0,3.02,1.52,1.26,1.0,1.25,0.26,0.0,2.0,0.74,0
0.26,0.0,2.0,0.26,0.0,0.0,1.0,2.58,2.29,3.71,0.63,0.52,18.31,1.0,0.0,1.0,1.74,3.1,1.26,1.0,1.0,1.0,0.0,0.0,2.0,0.26,0
0.62,0.0,1.0,0.0,0.31,0.0,1.62,0.62,1.55,7.19,0.88,0.0,18.88,2.31,0.0,9.09,1.0,2.06,1.38,3.45,1.0,0.49,0.31,0.0,1.62,0.0,0
0.0,0.0,1.0,0.0,0.23,1.36,1.0,0.0,0.0,1.77,0.64,3.81,0.0,1.77,0.0,7.13,1.0,2.94,1.77,4.03,1.0,0.28,0.89,0.0,2.55,0.23,1
0.27,0.81,1.54,0.73,0.0,7.46,2.46,0.27,0.54,4.38,2.2,0.0,81.12,1.27,0.73,3.73,1.0,2.35,0.81,1.0,1.0,0.46,1.0,0.0,2.08,0.0,0
1.41,0.0,1.0,0.0,0.0,0.0,1.0,0.0,0.94,2.41,0.7,0.94,26.81,2.47,0.0,9.29,1.0,2.4,1.06,4.06,1.0,0.42,0.47,0.0,1.94,0.94,1
0.0,0.0,1.0,0.65,0.0,5.17,2.29,0.0,0.0,4.59,2.44,0.0,64.67,1.35,0.65,2.94,1.0,1.35,0.71,1.35,1.0,0.0,0.65,0.0,1.35,0.0,0
0.73,0.0,1.76,0.0,4.53,3.78,1.0,0.0,0.49,5.51,0.83,0.49,13.93,1.49,0.0,3.18,1.0,2.84,1.51,2.24,1.76,0.84,0.24,0.0,1.49,0.49,0
0.98,2.93,2.93,0.0,0.0,5.86,1.0,0.98,2.56,0.0,0.58,0.0,29.31,1.95,0.05,2.93,0.98,5.86,2.93,0.98,0.98,1.67,0.98,0.0,4.91,0.0,0
0.0,2.36,1.0,0.0,0.0,4.94,1.0,0.21,0.0,0.43,5.1,0.0,0.0,0.85,1.57,0.85,0.21,1.21,1.0,0.43,1.0,0.51,0.0,0.0,2.0,0.0,0
0.08,0.0,1.0,0.0,0.0,1.08,1.0,0.92,0.24,2.24,0.51,0.08,1.26,3.84,0.0,4.0,1.0,2.42,1.16,2.0,1.0,2.42,0.08,0.0,2.0,0.0,0
0.0,0.0,0.89,0.11,0.0,0.89,1.0,0.0,1.78,0.89,2.33,0.0,0.0,1.0,0.89,0.0,1.89,4.44,4.44,2.67,0.89,0.0,0.0,0.0,3.11,0.0,0
0.0,0.0,1.0,0.0,0.0,1.22,1.39,0.39,2.35,6.08,1.85,0.39,27.37,1.39,10.74,4.91,2.0,11.14,7.31,1.0,1.0,0.15,0.39,0.0,3.61,1.56,0
0.25,0.75,1.5,0.0,0.0,1.5,1.0,0.25,1.25,1.5,0.51,0.0,7.5,2.0,0.0,4.5,1.0,3.37,2.25,1.75,1.0,1.55,0.25,0.0,2.0,0.0,0
0.42,0.0,1.0,1.0,0.0,4.42,1.58,0.0,1.75,10.74,0.31,5.25,59.59,2.58,0.0,17.66,1.58,1.9,0.42,1.0,1.0,0.75,1.0,0.0,3.33,2.33,1
2.07,0.41,1.83,0.0,0.83,1.41,1.41,1.17,5.14,4.48,1.39,0.0,46.12,1.59,5.27,1.66,1.41,3.47,0.83,1.0,1.0,0.69,0.39,0.0,3.34,1.0,0
1.93,0.39,1.16,0.0,0.77,0.77,1.39,0.0,20.2,3.1,0.19,0.0,29.41,0.39,1.23,1.55,0.77,1.46,0.77,0.39,0.39,0.64,0.0,0.0,1.0,0.39,0
5.45,0.0,1.55,0.45,1.55,1.55,3.34,2.24,6.21,24.23,0.28,1.0,84.96,1.9,0.0,26.72,2.0,3.67,1.1,1.0,1.0,1.34,0.11,0.0,3.79,2.69,0
0.0,0.0,1.0,0.0,0.0,0.67,1.0,0.33,0.67,1.67,1.03,0.33,0.0,1.33,0.66,3.36,1.67,2.66,2.33,1.67,1.0,0.5,0.0,0.0,1.33,0.0,0
2.05,0.41,1.82,0.0,0.82,0.82,1.41,0.0,5.11,4.47,1.3,0.0,31.23,2.18,0.0,2.82,1.41,3.32,2.0,2.77,1.0,1.57,0.59,0.0,3.36,0.41,0
0.0,0.89,1.0,0.0,0.0,1.0,1.0,0.0,4.47,5.68,1.04,0.0,55.37,1.21,0.0,0.21,1.0,3.44,0.89,1.11,1.0,0.0,0.0,0.0,3.11,0.11,0
0.0,0.0,1.21,0.0,0.0,3.94,1.0,0.0,0.21,1.85,1.55,0.0,0.0,3.36,0.0,2.57,1.21,1.09,1.0,2.57,1.79,0.92,0.0,0.0,2.0,0.0,0
0.0,0.0,1.0,0.0,0.0,0.51,1.0,0.0,0.0,2.1,2.2,0.0,0.0,1.8,0.2,0.9,0.9,2.2,2.0,1.8,1.0,0.0,0.1,0.0,2.0,0.0,0
3.04,0.0,1.0,0.24,0.0,1.72,1.24,1.52,0.72,13.96,0.42,0.96,13.21,3.76,0.0,16.44,1.24,3.13,0.0,1.0,1.0,0.4,1.0,0.0,1.96,0.96,1
0.0,0.57,1.0,0.0,0.0,1.15,2.62,0.81,5.66,16.18,1.44,0.0,49.34,1.62,0.38,7.28,1.62,1.89,0.19,0.0,1.0,0.16,0.81,0.0,1.19,1.62,0
2.77,0.0,1.75,0.0,0.75,2.99,1.5,0.25,3.53,4.53,1.42,0.0,19.18,1.25,0.0,1.77,1.25,2.45,0.25,1.25,1.0,1.33,0.0,0.0,3.0,0.25,0
0.8,0.0,1.0,0.0,1.6,6.42,1.2,0.2,1.19,3.57,0.61,3.41,13.83,1.2,0.2,7.79,1.2,2.34,0.0,1.8,1.0,0.08,0.2,0.0,1.4,0.79,0
0.0,0.09,1.0,0.0,0.0,2.81,1.91,0.0,2.28,3.28,1.32,0.0,5.89,1.0,0.0,3.62,1.91,4.26,2.81,1.91,1.0,0.39,0.0,0.0,1.19,0.0,0
0.0,0.0,0.56,0.44,0.56,3.39,1.0,0.0,0.0,0.56,0.39,5.65,0.0,1.0,0.0,6.21,1.0,0.56,0.56,6.21,0.56,0.71,0.28,0.0,2.31,0.56,0
0.92,6.68,1.0,0.0,0.0,1.39,2.84,0.0,7.37,12.9,0.87,0.0,71.85,1.84,0.16,5.53,1.84,1.67,0.08,0.0,1.0,0.57,0.0,0.0,2.92,2.76,0
0.0,1.4,1.0,0.0,0.0,2.8,1.0,2.8,2.1,0.3,1.14,0.7,30.82,1.3,0.7,3.2,1.0,3.28,1.3,1.5,1.0,1.2,0.0,0.0,1.0,0.0,0
0.0,0.0,1.0,0.0,0.13,0.0,1.0,0.0,0.0,1.0,1.07,1.95,0.0,1.87,0.0,6.0,1.0,2.0,2.0,6.17,63.35,0.7,0.13,0.0,1.0,0.0,0
0.14,0.41,1.27,0.0,0.0,0.82,1.0,0.14,1.14,1.73,0.5,0.0,4.12,2.0,0.0,4.73,1.0,2.98,2.14,1.86,1.0,1.53,0.14,0.0,1.55,0.0,0
0.0,0.63,1.0,0.0,0.0,4.75,1.0,0.0,0.0,1.12,3.13,0.0,0.0,1.12,1.25,2.0,0.37,1.5,0.63,1.37,1.0,0.0,0.63,0.0,2.12,0.37,0
0.0,2.07,1.0,0.0,0.0,4.14,1.0,0.0,0.31,0.62,4.6,0.62,0.0,0.93,1.38,0.62,0.31,1.62,1.62,0.93,1.0,0.23,0.0,0.0,1.69,0.0,0
4.56,0.91,2.82,0.0,1.82,1.82,1.91,0.0,10.03,7.47,0.59,0.0,69.29,1.18,0.09,3.74,1.91,3.54,1.82,1.09,1.0,1.52,0.09,0.0,1.0,1.09,0
0.0,0.0,1.0,0.84,0.0,0.84,6.38,1.0,2.78,15.78,0.32,0.84,93.93,2.84,0.0,6.47,1.16,1.75,0.0,0.84,1.0,0.38,1.0,0.0,1.84,1.16,1
0.89,0.0,1.89,0.89,0.0,0.11,1.0,9.16,5.47,0.21,0.31,1.79,66.15,1.11,0.95,0.89,1.0,7.5,1.79,1.0,1.0,1.86,0.07,0.0,2.32,1.0,0
0.0,0.0,1.0,0.0,0.0,0.0,1.0,1.23,1.61,1.39,0.36,2.61,0.0,3.0,0.0,8.13,1.0,2.59,2.39,2.39,1.0,0.29,0.61,0.0,1.61,0.61,1
0.19,0.19,0.19,0.0,0.0,0.96,1.0,0.0,21.8,1.15,0.27,0.0,10.13,0.19,1.62,0.57,0.38,0.48,0.0,0.38,0.19,0.08,0.0,0.0,1.19,0.38,0
3.71,0.0,1.0,0.0,0.0,1.0,1.0,1.93,0.14,12.14,0.51,0.0,0.0,3.86,0.0,14.14,1.0,3.33,0.07,1.21,1.0,0.49,0.93,0.0,1.0,0.07,0
0.57,1.43,1.0,0.0,0.0,3.86,1.29,0.86,4.85,2.71,1.38,0.0,17.7,3.43,0.29,3.0,1.0,1.99,0.71,2.43,1.71,0.99,0.0,0.0,1.71,0.0,0
0.94,0.0,1.0,0.0,1.89,7.6,1.0,0.0,0.0,1.11,0.77,3.77,0.0,1.11,0.0,6.72,1.0,0.6,0.0,2.0,1.0,0.0,0.0,0.0,1.17,0.06,0
0.0,0.0,1.0,0.0,0.0,4.56,1.0,0.29,0.29,2.85,5.09,0.0,7.3,0.29,1.71,0.29,0.15,3.63,1.71,0.15,1.0,0.1,0.85,0.0,2.0,0.0,0
0.0,0.58,1.0,0.0,0.0,0.35,1.0,0.0,0.88,2.65,1.36,0.0,0.0,1.77,0.81,0.88,0.88,3.11,1.86,1.0,1.0,0.0,0.0,0.0,3.0,0.0,0
0.0,0.0,1.0,0.0,0.0,1.13,1.0,0.0,1.74,7.1,1.73,0.0,34.01,1.0,9.59,1.44,1.56,7.87,6.77,1.0,1.0,0.26,0.0,0.0,2.69,0.44,0
0.0,0.0,1.0,0.61,0.0,0.0,1.61,0.61,1.61,9.29,0.99,0.0,53.46,1.78,1.82,2.0,1.61,2.35,0.78,1.57,1.0,0.76,0.39,0.0,3.18,0.61,0
0.0,0.12,1.0,0.0,0.0,1.0,1.0,0.88,2.36,1.61,1.14,0.0,7.51,1.88,0.0,2.64,1.0,1.75,1.0,3.64,1.0,0.0,0.0,0.0,1.24,0.88,0
0.01,0.0,1.01,0.0,0.01,1.03,1.0,0.0,0.0,2.98,2.17,0.0,0.0,2.98,0.0,1.98,1.0,2.33,0.0,1.99,1.0,0.01,0.0,0.0,3.99,0.99,0
0.0,0.0,1.0,0.2,0.9,0.0,1.0,0.2,2.9,3.21,0.4,0.0,66.91,2.1,0.0,2.72,1.0,1.67,1.0,1.0,1.0,0.69,0.1,0.0,1.9,1.1,0
2.78,0.0,1.11,0.11,0.0,1.78,4.56,1.09,11.35,14.26,0.21,2.89,70.11,2.78,0.0,19.71,1.89,4.06,1.11,1.89,1.0,1.87,0.89,0.0,1.11,0.11,1
3.94,0.0,1.0,0.19,0.57,0.19,1.0,0.81,1.62,7.68,0.15,0.19,63.23,2.0,0.0,14.68,1.0,3.84,1.0,1.81,1.0,0.55,0.0,0.0,2.0,0.38,0
0.25,0.0,1.0,0.25,0.0,1.24,1.0,0.0,0.0,2.0,1.65,1.73,16.31,2.75,0.75,3.97,1.0,1.16,0.25,1.75,1.0,0.44,1.0,0.0,1.0,1.51,1
3.92,0.04,1.0,0.0,0.0,0.98,1.0,1.96,0.0,12.74,0.53,0.0,0.0,3.92,0.04,14.72,0.98,3.41,0.0,0.98,1.0,0.51,0.98,0.0,1.02,0.0,0
1.2,0.24,1.48,0.0,0.48,0.48,1.24,0.0,2.63,2.67,1.01,0.0,18.18,1.76,0.0,5.52,1.24,2.43,2.0,4.04,1.0,0.78,0.0,0.0,1.0,0.24,0
0.0,0.93,1.0,0.0,0.0,0.93,1.0,0.0,4.73,5.73,0.97,0.0,57.89,1.13,0.0,0.13,1.0,3.53,1.07,1.2,1.0,0.1,0.07,0.0,3.13,0.0,0
2.41,0.48,1.96,0.0,0.96,0.96,1.48,0.0,5.82,5.41,0.73,0.0,36.64,1.52,0.0,2.45,1.48,2.34,0.96,1.0,1.0,0.8,0.0,0.0,2.04,0.48,0
0.0,0.0,1.0,0.77,0.0,3.84,1.0,0.47,2.77,7.14,0.83,0.7,48.34,2.23,0.0,7.4,1.0,1.91,1.23,1.23,1.0,0.51,0.23,0.0,2.77,1.0,0
0.06,0.0,1.0,0.0,0.12,0.47,1.0,1.88,1.88,1.0,0.14,3.06,0.0,2.88,0.0,11.71,1.0,2.23,1.88,2.0,1.0,0.0,0.94,0.0,1.94,0.94,1
0.0,0.0,1.0,0.57,0.0,0.57,4.45,0.57,2.85,15.0,0.3,0.57,90.65,2.15,0.0,4.3,1.0,2.05,0.0,1.0,1.0,0.49,0.57,0.0,1.57,1.0,1
0.35,0.0,1.0,0.0,0.0,0.7,1.0,0.0,1.05,2.41,1.96,0.35,5.62,2.0,0.0,1.41,1.0,9.06,7.54,1.35,1.0,0.94,0.35,0.0,1.35,0.0,0
0.0,0.0,1.53,0.0,0.0,0.47,1.0,0.94,1.0,3.58,1.4,0.0,11.81,1.47,4.25,0.53,1.53,2.27,0.53,1.0,1.0,0.33,0.31,0.0,3.42,0.47,0
0.84,0.17,1.34,0.0,0.34,0.34,1.17,0.0,1.84,3.01,1.42,0.0,12.73,1.83,0.0,2.34,1.17,1.05,0.34,1.83,1.0,0.28,0.83,0.0,1.0,1.0,0
0.0,0.0,2.69,0.0,0.0,0.0,1.0,0.84,5.91,2.84,0.52,4.22,54.03,2.16,0.16,4.38,1.0,2.69,0.0,2.0,1.0,1.41,1.0,0.0,1.0,2.0,0
0.0,0.0,1.0,0.0,0.0,0.67,1.78,0.0,0.78,5.78,1.38,0.0,0.0,1.78,1.34,3.33,1.78,7.58,1.0,0.78,1.0,0.45,0.0,0.0,1.67,0.0,0
0.0,0.0,0.08,0.0,0.0,0.0,1.0,0.15,24.15,0.08,0.03,0.23,0.0,0.23,1.85,0.93,0.08,0.18,0.15,0.15,0.08,0.0,0.08,0.0,1.08,0.08,0
0.75,0.0,1.0,0.0,0.0,3.76,1.0,0.25,0.5,2.99,1.35,0.0,14.16,3.5,0.0,6.23,1.0,1.73,1.0,2.75,1.75,0.75,0.0,0.0,2.0,0.0,0
0.0,0.1,1.0,0.0,0.0,0.19,1.0,0.19,0.15,0.95,2.78,0.05,2.14,1.95,0.05,0.1,1.0,9.7,9.56,0.95,1.0,0.07,0.0,0.0,1.0,0.0,0
0.68,0.0,1.68,0.0,0.68,2.74,1.0,0.0,0.0,1.32,1.75,0.0,0.0,1.32,0.0,0.63,1.0,1.53,0.0,1.32,1.0,1.03,0.32,0.0,2.37,0.32,0
0.0,0.0,1.0,0.0,0.0,0.0,1.0,0.0,3.41,13.08,0.34,0.3,66.48,1.15,0.0,2.59,1.0,2.68,0.3,1.15,1.0,0.5,0.15,0.0,1.3,0.85,0
0.0,0.0,1.0,1.54,0.0,0.0,1.0,1.54,1.54,11.22,0.58,0.0,57.64,2.77,0.0,14.07,1.0,2.91,1.23,1.23,1.0,0.13,0.77,0.0,1.23,1.54,1
0.0,0.0,1.06,0.0,0.0,0.0,1.0,0.0,1.0,2.17,1.83,0.0,0.0,2.89,0.0,1.94,1.06,2.91,1.94,3.83,1.0,1.45,0.94,0.0,4.83,0.0,0
0.0,0.0,1.0,0.0,0.0,0.0,1.83,0.0,0.83,5.32,1.01,0.34,0.0,2.0,0.0,4.34,1.83,1.84,1.17,1.17,1.0,0.28,0.17,0.0,1.34,0.0,0
0.52,0.0,2.83,0.09,0.09,0.09,1.34,1.34,6.74,6.44,0.22,4.66,66.75,2.09,0.0,7.58,1.09,2.96,0.0,1.91,1.0,1.56,0.94,0.0,1.43,2.34,0
2.11,0.0,1.0,0.0,0.0,0.3,1.0,0.3,1.4,3.4,0.28,1.4,40.03,3.3,0.0,10.32,1.0,2.6,0.3,2.7,1.0,0.95,0.7,0.0,2.7,1.4,1
0.0,0.0,1.0,0.0,0.0,4.52,1.0,0.0,0.0,1.0,1.93,0.0,0.0,3.52,2.75,2.68,1.16,2.78,2.78,2.68,1.84,0.84,0.0,0.0,2.32,0.0,0
0.0,0.0,2.65,0.0,0.0,0.0,1.35,1.0,7.0,5.94,0.24,4.14,63.48,2.0,0.0,5.69,1.17,2.84,0.0,1.65,1.0,1.41,1.0,0.0,1.0,2.0,0
0.0,0.0,1.0,0.0,0.0,0.97,1.0,0.97,1.94,1.0,1.22,0.0,0.0,2.0,0.0,2.91,1.0,1.74,1.26,3.91,1.0,0.0,0.0,0.0,1.0,0.97,0
0.0,0.0,1.0,0.0,0.0,0.96,1.81,0.81,4.85,11.51,0.56,0.81,56.57,2.38,0.81,9.47,1.81,8.11,0.19,1.38,1.19,0.51,0.81,0.0,2.81,3.23,0
1.58,3.96,1.62,0.21,0.0,1.21,1.79,2.38,13.67,5.96,0.59,0.83,54.3,2.21,0.79,2.58,1.0,4.27,0.42,1.62,1.21,1.43,0.0,0.0,1.62,0.0,0
0.0,0.0,1.0,0.0,0.0,2.59,1.0,0.82,0.82,3.77,1.64,0.0,20.58,1.41,3.53,1.41,1.0,17.56,0.59,0.41,1.0,0.78,0.0,0.0,3.18,0.0,0
0.44,0.44,1.0,0.0,0.0,2.19,1.0,0.0,4.0,11.07,0.73,0.0,67.07,1.0,0.0,2.44,1.44,2.52,0.0,1.44,1.0,0.51,0.0,0.0,1.44,1.44,0
7.66,0.0,3.04,4.08,1.0,0.0,1.0,0.51,7.08,4.55,0.21,0.0,77.23,1.49,0.0,2.02,1.51,2.95,1.0,1.0,1.0,1.12,0.0,0.0,1.49,0.49,0
7.48,3.65,1.0,0.91,0.09,2.74,4.83,1.09,13.22,17.35,0.53,0.0,78.36,2.09,0.0,12.35,1.91,2.72,0.0,0.91,1.0,0.68,1.0,0.0,3.91,2.74,0
0.0,0.0,3.91,0.97,0.0,1.97,1.0,0.0,1.03,1.97,1.11,3.88,24.24,2.94,0.03,0.97,1.03,3.55,2.09,3.97,1.97,3.15,0.0,0.0,3.97,0.0,0
0.0,0.0,1.0,0.0,0.0,0.56,1.0,0.0,0.56,2.0,1.29,0.0,0.0,1.44,0.0,3.69,1.56,1.63,1.13,2.0,1.0,0.42,0.44,0.0,1.0,0.44,0
0.13,0.0,1.0,0.0,0.0,0.03,1.0,0.07,0.97,2.36,0.74,1.93,0.0,3.03,0.0,2.43,1.0,3.02,2.9,2.93,1.0,0.74,0.03,0.0,1.0,0.0,0
0.28,1.57,1.0,0.0,0.0,6.15,1.14,0.43,2.41,0.99,3.25,0.0,8.8,0.28,1.86,2.14,0.14,1.49,0.86,1.0,1.0,0.13,0.86,0.0,1.0,0.0,0
0.0,0.0,1.0,0.0,0.0,0.0,1.0,0.0,3.77,14.19,0.42,0.0,73.49,1.06,0.0,1.88,1.0,2.97,0.58,1.0,1.0,0.55,0.0,0.0,1.0,0.94,0
0.0,0.0,0.53,0.0,0.0,0.53,1.0,0.53,12.13,0.0,0.3,1.07,0.0,1.07,0.93,3.2,1.07,1.6,1.6,9.6,8.53,2.67,0.0,0.0,1.0,0.53,0
0.0,0.0,1.0,0.13,0.0,0.13,1.77,0.13,1.13,3.67,0.69,1.87,12.87,3.0,0.0,2.51,1.0,2.83,2.61,2.74,1.0,0.71,0.13,0.0,1.13,0.13,0
23.2,0.0,4.44,6.87,1.0,0.0,1.0,0.86,9.45,6.15,0.05,2.11,74.74,1.0,0.0,3.42,1.86,4.48,1.14,2.83,68.49,1.7,1.0,0.0,2.72,2.58,1
2.71,0.0,1.0,0.0,0.0,0.0,1.0,0.9,1.9,8.32,0.3,0.0,51.48,2.1,0.0,14.64,1.0,3.83,1.1,2.19,1.0,0.15,0.1,0.0,2.29,0.0,0
6.28,0.0,1.65,7.34,4.22,0.7,4.52,8.59,11.63,26.4,0.26,1.3,79.45,1.35,0.0,5.93,1.35,6.31,1.3,0.65,1.0,1.6,0.0,0.0,2.0,2.06,0
0.0,0.0,1.0,0.0,0.0,3.0,1.0,0.0,0.0,5.0,2.47,0.0,0.0,1.0,6.0,1.0,1.0,28.8,1.0,0.0,1.0,0.86,0.0,0.0,4.0,0.0,0
0.0,0.0,1.0,0.75,0.0,3.14,1.0,0.75,0.75,7.1,3.77,0.0,27.96,1.12,1.25,6.71,0.37,3.7,1.63,0.37,1.0,0.06,1.0,0.0,1.63,0.75,0
0.43,0.0,1.0,0.07,0.07,4.71,1.29,0.36,0.29,4.0,1.64,0.07,6.85,3.93,0.0,5.28,1.07,1.11,0.93,2.86,1.93,0.96,0.02,0.0,2.29,0.43,0
0.0,0.42,1.0,0.0,0.0,0.42,1.0,0.0,1.26,4.11,1.44,0.0,22.74,2.16,1.0,0.58,1.42,1.63,0.42,1.58,1.0,0.46,0.58,0.0,1.84,1.16,0
0.0,0.0,1.0,0.0,0.0,1.26,1.0,1.26,1.26,2.0,0.56,0.74,31.53,2.0,0.0,3.48,1.0,2.24,0.74,1.37,1.0,0.42,0.37,0.0,2.37,0.0,0
0.0,0.0,1.0,0.0,0.0,1.0,1.0,1.0,1.11,0.56,0.89,0.89,0.0,2.0,0.0,4.33,1.44,2.17,1.89,10.22,7.67,2.22,0.0,0.0,1.0,1.0,0
1.26,0.0,1.0,0.58,0.0,3.74,2.68,0.0,6.79,11.94,0.7,1.26,65.94,2.42,0.0,12.73,1.42,2.54,1.0,1.42,1.0,1.16,0.42,0.0,2.16,0.58,1
0.0,0.0,1.0,0.0,0.0,0.0,3.0,1.0,7.0,19.99,0.29,0.0,60.96,2.0,0.0,9.0,2.0,2.1,0.0,0.0,1.0,0.2,1.0,0.0,1.0,2.0,0
0.0,0.0,1.1,0.0,0.0,0.95,1.0,0.05,1.3,2.05,1.0,0.25,3.21,1.05,0.0,5.0,1.95,2.53,1.9,2.0,1.0,0.8,0.05,0.0,1.0,0.1,0
0.0,1.0,1.0,0.0,0.0,1.0,1.0,0.0,4.16,6.42,0.75,0.0,58.63,1.0,0.42,0.0,1.42,3.12,1.0,1.0,1.0,0.46,0.0,0.0,3.0,0.0,0
0.0,0.33,1.0,0.0,0.0,2.34,1.0,0.0,0.0,1.33,2.57,0.0,0.0,0.67,0.67,0.67,1.33,1.0,1.0,1.0,1.0,0.8,0.33,0.0,1.0,0.0,0
0.94,0.0,1.0,0.0,1.89,7.54,1.0,0.0,0.06,1.06,0.69,3.89,0.0,1.11,0.0,6.71,1.0,0.64,0.17,2.06,1.0,0.04,0.0,0.0,1.0,0.0,0
4.64,2.32,2.0,0.58,0.0,1.74,3.32,0.58,9.11,13.69,-0.08,0.0,46.37,0.42,-0.58,7.38,2.58,2.42,1.0,0.42,1.0,1.03,0.0,0.0,3.74,0.58,0
-11.54,0.0,1.0,-13.71,-8.66,-1.44,-6.22,-4.33,-14.87,-49.67,2.1,0.0,-68.54,2.72,0.72,-9.1,0.28,-0.58,0.0,2.44,1.0,-0.52,0.72,0.0,2.28,-1.44,0
2.98,0.0,1.74,4.72,3.72,4.47,2.0,1.0,2.0,12.51,-3.52,2.23,141.63,1.74,1.51,7.21,2.74,2.83,0.0,0.74,1.0,1.87,-0.74,0.0,2.74,2.49,0
0.0,0.0,1.0,0.0,0.0,0.0,2.0,-0.92,5.04,14.96,0.64,-1.88,70.0,1.04,1.0,4.28,2.0,9.96,0.0,1.0,1.0,1.83,0.04,0.0,2.04,3.04,0
-5.45,0.0,1.0,0.68,0.0,0.68,3.73,0.0,-7.18,3.0,1.04,0.68,16.36,2.68,0.0,0.32,0.32,-0.43,-0.68,0.32,1.0,-0.28,0.68,0.0,2.32,0.0,1
-0.78,0.0,1.0,1.0,-1.55,-2.21,2.0,0.0,3.78,18.55,0.53,0.9,55.0,3.78,0.0,16.34,2.0,2.45,0.0,0.22,1.0,0.0,1.0,0.0,6.55,4.0,1
3.78,1.0,1.0,0.0,0.0,1.95,0.05,0.95,-0.67,5.05,1.07,-0.95,-4.19,2.89,-0.95,3.78,0.05,-2.41,1.0,1.0,1.0,0.13,0.0,0.0,1.11,-3.78,0
0.0,0.0,2.74,0.87,0.87,-3.48,1.0,0.0,2.74,3.87,-3.63,0.0,50.5,2.87,-1.74,1.87,2.74,1.44,0.0,1.87,1.0,1.31,-0.87,0.0,3.87,0.0,0
25.98,5.0,2.78,7.1,0.89,1.0,2.0,3.0,20.55,10.55,0.27,-4.44,82.43,1.11,1.0,1.22,1.89,6.15,0.89,0.11,1.0,0.93,0.0,0.0,2.78,0.89,0
1.0,1.0,1.0,0.0,0.0,5.76,1.0,0.0,4.0,5.24,0.98,0.76,53.0,1.0,-1.53,7.59,2.76,2.5,0.0,15.0,12.47,4.22,0.0,0.0,1.24,2.76,0
0.0,1.0,1.0,0.54,0.0,6.46,1.54,0.0,1.61,8.58,2.93,2.15,29.51,-0.54,2.0,11.66,0.54,1.57,0.46,-0.07,0.46,-0.54,1.54,0.0,2.61,2.15,0
0.67,0.0,1.0,0.0,0.0,0.67,1.0,0.0,2.0,3.33,0.75,0.67,10.67,0.33,0.0,1.33,2.0,4.34,3.0,1.0,1.0,2.98,0.67,0.0,-0.33,-0.67,0
0.0,3.0,2.8,0.0,0.0,6.0,1.0,0.9,6.31,1.8,3.96,4.51,57.67,0.0,2.0,4.51,0.0,-5.31,-8.01,0.9,1.0,1.5,0.9,0.0,2.0,1.8,0
-0.7,0.0,1.0,-0.7,0.0,-2.11,1.0,1.41,2.41,2.0,0.57,-4.92,-11.25,2.0,0.0,-2.73,1.0,2.38,1.3,2.0,1.0,0.7,-0.7,0.0,1.7,0.0,0
1.66,4.15,1.0,-1.66,0.0,1.83,1.83,0.83,14.46,-4.81,2.77,0.0,-10.8,0.17,1.83,-12.46,2.0,6.07,4.17,3.0,1.0,0.65,-0.83,0.0,3.0,-1.66,0
0.0,0.0,1.0,0.0,0.0,2.07,1.0,0.0,0.0,-1.93,1.38,0.0,0.0,5.95,-4.88,3.0,1.0,-26.13,0.02,4.95,2.0,0.16,0.98,0.0,-0.93,1.95,0
4.81,0.0,1.7,3.52,4.52,5.62,3.0,2.0,5.0,18.19,-1.09,2.11,111.62,3.0,-4.22,20.22,1.0,-14.39,0.7,0.7,1.0,1.39,1.0,0.0,2.3,1.41,1
1.54,3.84,1.0,0.0,0.0,1.77,1.77,2.31,15.07,4.84,1.21,0.0,47.67,1.77,1.77,1.54,1.23,8.44,5.0,3.77,1.0,0.73,0.0,0.0,2.23,0.0,0
-0.84,7.0,1.0,0.0,0.0,1.61,3.0,0.0,6.78,8.49,0.65,1.22,43.11,2.0,0.0,-0.12,2.61,1.16,1.22,9.79,10.18,3.68,0.0,0.0,2.39,3.61,0
0.0,0.0,1.0,0.64,0.0,0.0,4.82,0.0,5.27,24.56,0.13,-0.64,141.73,1.64,0.0,2.0,0.36,1.7,-1.91,-9.83,-8.56,-2.33,0.64,0.0,1.64,1.0,0
1.86,0.0,1.0,0.0,0.93,0.21,2.93,1.86,4.79,19.72,0.3,0.0,56.67,2.86,0.0,15.15,1.07,2.35,0.21,0.14,1.0,0.48,0.93,0.0,2.86,0.0,1
-0.62,0.0,0.38,0.0,1.0,-3.12,1.0,0.0,0.0,-0.25,0.44,10.63,-41.2,0.38,0.0,-2.12,1.0,0.96,1.38,13.38,479.38,0.88,0.38,0.0,2.87,0.0,1
15.43,0.0,1.92,2.6,0.23,3.86,1.0,0.23,4.83,8.54,0.81,0.0,67.72,1.77,0.0,5.31,1.23,2.9,1.0,1.0,1.0,1.02,1.0,0.0,4.54,3.77,0
1.02,-0.51,1.0,0.0,0.0,2.46,1.0,0.51,-1.02,2.52,1.14,0.0,2.03,4.51,0.0,9.6,0.49,1.72,1.51,3.0,2.0,0.8,0.0,0.0,2.0,-1.02,0
-0.61,0.0,1.0,0.61,0.0,-0.61,4.65,0.61,-0.61,8.09,1.64,0.0,51.14,2.61,0.0,3.22,1.0,-2.94,-1.83,1.39,1.0,-1.37,1.0,0.0,1.0,1.61,1
2.74,0.0,1.0,1.0,0.0,3.09,2.0,0.0,3.0,24.31,-0.66,4.0,107.06,3.0,0.0,32.87,2.0,4.27,0.0,-0.83,1.0,0.0,1.0,0.0,5.91,3.09,1
4.21,3.03,1.0,0.0,0.0,0.61,1.61,1.82,12.31,7.64,-1.28,2.0,94.61,3.0,0.61,14.82,1.0,-0.5,-6.07,3.0,1.0,0.91,1.0,0.0,3.0,2.0,1
11.9,0.0,1.0,0.16,1.0,-3.21,6.69,5.84,15.8,53.96,0.09,-4.9,104.43,3.0,0.0,29.94,2.84,4.27,0.0,1.84,1.0,-0.36,-0.59,0.0,7.69,6.84,0
8.0,4.0,1.0,1.75,0.0,6.74,5.75,1.0,12.5,19.24,1.64,0.0,154.83,2.0,0.75,12.0,1.25,0.27,-2.24,0.25,1.0,0.37,1.75,0.0,4.0,3.0,0
9.86,3.43,3.0,0.61,2.0,2.61,4.43,0.61,19.5,17.71,-0.95,0.0,124.56,1.61,-10.32,10.68,2.0,-1.82,-5.28,1.0,1.0,2.09,0.61,0.0,1.0,2.82,0
-12.67,4.27,1.0,-15.23,-10.25,5.85,-7.54,-5.13,-18.79,-62.07,3.36,7.0,-15.15,0.29,5.98,0.19,-0.71,15.34,14.67,1.85,1.0,1.18,1.0,0.0,1.85,-3.42,0
4.21,0.0,1.84,1.16,1.68,0.84,-3.21,1.16,7.05,8.95,0.27,0.0,54.81,1.32,0.0,29.78,1.84,5.67,2.68,1.0,1.0,1.55,0.16,0.0,1.0,1.16,0
2.0,1.55,1.0,0.0,1.0,2.58,3.0,1.48,3.97,20.48,2.89,0.0,61.0,1.97,1.03,14.45,0.48,1.94,0.0,-2.07,1.0,0.48,1.0,0.0,3.52,-0.52,0
-6.34,0.0,2.0,0.08,-2.75,0.0,1.0,11.84,6.92,0.0,1.77,1.08,11.34,1.0,8.26,-7.26,1.0,7.77,1.08,1.0,1.0,-0.6,0.61,0.0,4.75,0.08,0
4.31,0.0,1.0,0.72,0.72,0.0,1.72,2.87,-2.15,21.09,1.12,0.72,11.48,2.0,0.0,14.61,1.72,2.17,2.0,5.0,1.0,0.32,0.0,0.0,4.59,2.15,0
0.0,0.0,1.0,0.96,0.0,6.72,2.92,-0.96,0.0,4.84,5.04,0.0,96.04,-0.88,0.96,0.0,1.0,9.04,9.04,0.04,1.0,-2.3,0.96,0.0,0.04,0.0,0
7.91,0.0,1.0,0.0,2.0,7.14,2.73,0.86,12.1,11.37,-0.96,4.0,65.67,0.14,0.0,11.32,1.86,1.76,0.86,2.0,1.0,0.71,0.0,0.0,0.14,0.0,0
1.47,2.94,1.0,0.0,0.0,0.0,1.74,2.21,8.82,2.74,0.42,2.0,0.0,2.74,0.74,8.21,1.0,4.16,1.26,2.0,1.0,0.7,1.0,0.0,1.53,0.0,1
1.96,11.8,1.0,0.0,0.0,0.04,3.96,2.88,21.45,15.92,0.57,-0.96,122.2,2.0,0.96,5.04,2.0,-1.02,-2.88,-0.96,1.0,-1.03,-0.96,0.0,2.04,3.0,0
-0.76,0.0,1.0,0.0,0.76,-1.51,2.0,0.0,1.0,3.73,1.17,-0.76,37.83,2.0,0.0,1.73,2.0,-2.91,-0.51,0.24,1.0,-1.12,-0.76,0.0,1.0,0.76,0
0.76,0.0,2.76,0.76,6.0,5.0,1.0,7.59,4.55,5.24,-1.04,1.52,53.88,0.24,0.0,0.76,1.0,1.32,-4.07,2.0,2.0,2.58,0.0,0.0,1.76,0.76,0
0.0,0.0,1.0,0.25,0.0,4.39,1.0,0.25,0.25,2.59,1.56,0.0,9.19,3.88,0.0,4.84,1.0,1.27,1.0,2.75,1.88,0.9,0.12,0.0,1.88,0.25,0
5.0,1.0,3.0,0.0,2.0,1.39,2.0,0.0,9.77,8.61,-0.03,0.0,76.0,1.61,-0.61,4.61,1.39,1.94,0.16,0.39,1.0,1.67,0.0,0.0,0.39,1.0,0
8.0,0.0,1.0,-0.22,3.0,1.61,1.0,-1.22,0.0,-5.9,1.66,1.0,44.4,0.78,0.61,-1.94,1.61,4.6,3.43,2.22,1.0,2.82,-0.61,0.0,3.22,0.78,0
0.19,0.0,0.06,0.0,0.0,0.0,1.0,-0.94,24.49,-4.44,0.07,2.0,3.58,1.13,1.87,-2.0,0.06,-0.82,-0.94,1.13,0.06,0.33,1.0,0.0,2.06,2.0,0
3.0,2.03,1.68,-0.68,0.0,6.05,5.0,0.0,12.0,16.0,4.15,3.0,70.0,2.32,1.35,22.0,1.32,4.25,1.68,2.0,1.68,1.84,1.0,0.0,-0.35,0.0,1
-9.14,0.0,1.0,-10.85,-5.85,-1.14,-3.57,-2.86,-5.57,-29.41,0.27,0.0,46.58,2.0,0.0,-2.43,1.0,0.87,1.0,1.0,1.0,0.45,0.57,0.0,1.43,-0.14,0
-0.98,-0.98,1.0,0.0,0.0,-1.96,1.98,0.0,-0.96,-0.94,0.51,0.0,-51.92,2.0,0.0,5.98,1.0,4.3,4.94,2.0,1.0,1.53,0.0,0.0,0.02,-1.96,0
2.68,0.0,1.54,0.0,1.07,1.07,1.54,0.0,4.28,6.28,0.31,2.54,40.67,1.46,0.0,13.49,1.54,4.91,2.0,-0.14,1.0,0.83,1.0,0.0,3.54,0.0,0
0.0,0.0,1.66,-0.66,0.0,-1.63,0.34,2.0,-0.32,-5.89,2.4,-2.63,-11.17,0.68,9.0,-13.15,1.0,2.82,0.66,1.0,1.0,0.41,0.01,0.0,3.03,-1.63,0
0.0,0.0,0.36,0.0,0.0,1.0,1.0,1.0,0.0,-1.93,1.23,2.0,0.0,3.29,0.0,6.64,1.36,4.03,3.64,19.93,16.0,5.56,0.64,0.0,2.93,1.0,1
4.03,0.0,2.0,-0.97,2.0,-2.84,2.0,0.0,8.0,9.0,0.78,-3.84,12.07,1.0,0.0,13.22,2.0,6.42,2.97,1.97,1.0,0.31,0.0,0.0,3.94,0.0,0
4.0,-1.08,2.54,5.0,5.0,8.84,1.0,-2.16,-1.08,3.7,0.44,2.46,48.23,1.0,-0.54,6.46,1.54,3.89,2.0,1.54,1.0,1.67,0.0,0.0,3.54,2.0,0
0.0,0.0,1.0,0.0,-0.59,0.59,4.76,1.59,9.35,27.63,0.18,0.0,69.22,2.59,0.0,21.92,2.0,2.54,-0.59,0.0,1.0,0.18,1.15,0.0,0.41,3.17,1
8.56,0.0,3.28,4.57,1.57,-1.14,1.0,-0.57,8.14,4.85,0.16,0.0,87.69,1.43,0.0,1.57,1.57,3.13,1.57,1.0,1.0,1.21,0.0,0.0,1.43,1.0,0
-4.42,-2.53,1.0,-0.88,0.0,-1.65,-2.53,0.0,-5.6,-1.07,0.52,0.0,41.67,1.0,0.0,3.53,0.12,4.59,1.88,1.88,1.0,-0.61,-0.88,0.0,1.23,-2.65,0
0.0,-0.51,1.0,0.0,0.0,-0.51,1.0,2.0,0.46,-1.57,0.91,3.0,-27.73,4.03,0.0,12.51,0.49,1.56,1.49,2.51,1.0,-0.56,1.51,0.0,0.97,2.03,1
8.15,2.94,1.0,0.74,0.0,2.74,7.94,0.74,20.09,24.82,0.42,2.26,117.06,3.0,0.0,27.88,2.74,0.22,-1.21,1.26,1.0,0.39,1.0,0.0,2.47,2.21,1
0.0,0.0,1.0,-0.97,0.0,-1.83,1.0,0.0,0.97,10.79,1.72,0.0,14.48,0.03,6.0,-2.86,1.0,29.53,0.03,0.0,1.0,0.78,0.0,0.0,2.07,0.0,0
0.0,-0.52,2.0,0.0,6.0,1.39,1.0,1.03,1.03,6.52,-0.81,1.55,0.0,2.55,-1.03,5.16,1.52,3.52,2.52,2.52,2.0,1.0,0.0,0.0,1.52,0.52,0
0.0,-0.68,4.0,1.0,0.0,6.79,1.0,0.0,1.0,2.0,1.0,4.0,25.0,3.0,0.0,1.68,1.0,4.18,2.68,4.68,2.0,3.25,0.68,0.0,3.32,0.0,0
-0.96,-6.75,2.0,0.0,6.0,4.04,-0.93,0.0,-7.71,-5.57,1.38,1.93,-75.18,1.0,0.0,0.0,0.04,4.54,3.93,3.93,2.0,0.41,0.96,0.0,1.0,-2.89,0
-2.48,1.24,1.0,0.0,0.0,1.86,1.0,1.24,1.86,-7.04,1.59,0.62,27.23,0.14,0.62,-2.04,1.0,2.22,2.62,4.38,1.0,1.1,-0.62,0.0,1.0,0.0,0
5.0,1.0,3.0,0.0,2.0,1.47,0.4,-0.53,7.81,1.08,0.58,0.0,33.44,0.47,0.0,-5.58,2.0,3.92,3.06,1.53,1.0,2.08,-0.13,0.0,1.0,-0.6,0
0.15,0.0,1.15,1.0,-0.85,-3.39,1.0,10.0,6.0,0.85,-0.06,2.0,71.0,1.85,0.0,2.69,1.0,6.73,2.0,1.85,1.0,0.81,0.85,0.0,0.31,1.85,0
0.0,0.0,1.0,0.0,0.0,1.02,1.0,3.95,2.98,2.98,-0.32,0.0,74.4,2.98,-7.81,1.02,0.02,-7.04,-11.71,1.0,1.0,0.67,0.65,0.0,2.98,0.98,1
1.77,0.0,1.0,0.0,0.0,1.59,3.36,-0.59,7.08,12.44,1.98,0.59,41.3,3.59,0.0,11.44,1.0,2.67,-1.18,-7.44,-7.85,-1.86,0.59,0.0,4.0,0.41,0
0.0,0.0,0.4,0.0,0.0,-0.6,-0.81,-0.6,12.45,-6.04,0.87,0.0,-48.2,0.19,1.21,-12.86,0.4,-0.36,0.0,0.4,0.4,-0.43,-0.15,0.0,3.0,-1.81,0
0.0,3.0,1.0,-0.96,0.0,6.0,0.04,0.96,0.0,-12.43,6.04,2.87,-84.12,1.91,-0.87,9.56,-0.96,1.38,2.91,1.91,1.0,-0.27,0.96,0.0,2.0,0.0,0
4.0,0.0,2.0,5.0,5.84,16.04,1.0,-1.68,-1.68,1.0,0.77,8.88,72.0,-0.68,0.0,6.16,1.0,4.08,1.16,8.56,1.0,3.19,-0.42,0.0,2.16,2.0,0
0.0,1.0,1.0,-0.93,0.0,-1.78,1.0,0.0,5.78,9.78,0.5,-5.56,7.65,1.0,1.0,-8.34,2.0,7.75,2.85,1.93,1.0,1.9,0.0,0.0,3.93,0.0,0
3.84,5.0,0.08,0.0,-0.92,-2.68,2.0,3.0,18.84,9.76,-1.04,1.84,114.45,3.84,1.0,14.96,1.0,5.26,0.0,2.84,1.0,-0.12,0.92,0.0,1.0,1.84,1
0.0,0.0,1.0,1.0,0.0,5.0,1.0,0.0,3.92,9.0,-0.34,0.0,63.0,2.92,0.0,10.58,0.08,3.15,1.92,1.92,1.0,0.94,0.0,0.0,3.0,1.0,0
0.0,1.01,1.0,0.0,0.0,7.97,1.0,4.0,-1.96,-2.98,6.07,1.0,-17.53,0.01,2.98,2.0,0.01,4.26,1.99,-0.99,1.0,1.5,0.99,0.0,0.01,0.0,0
0.0,0.0,1.0,0.0,0.0,1.92,1.0,2.92,1.92,1.96,0.31,1.0,47.93,2.0,2.0,-3.83,1.0,2.52,1.08,-2.83,1.0,0.16,0.0,0.0,2.96,0.0,0
6.0,0.0,1.0,1.0,1.0,1.0,4.23,5.0,4.0,39.91,-0.1,2.55,96.0,3.77,0.0,33.45,1.23,3.64,1.55,2.55,1.0,0.79,0.25,0.0,6.0,6.0,1
6.06,0.0,1.0,0.0,-0.76,1.0,2.52,1.76,8.33,11.85,0.41,0.0,7.58,4.0,0.0,8.55,1.76,3.74,1.0,2.76,1.0,2.45,0.0,0.0,2.76,0.0,0
0.0,0.0,1.0,0.0,0.0,0.0,1.0,2.0,2.61,1.61,-1.34,3.0,0.0,3.0,0.0,15.04,1.0,-2.23,-2.87,2.61,1.0,0.91,1.0,0.0,2.0,1.0,1
0.0,2.0,1.0,0.0,0.0,0.0,1.0,0.0,0.0,-1.34,3.81,1.34,0.0,-1.34,2.0,2.34,0.67,0.67,1.34,10.71,11.04,1.74,0.0,0.0,1.33,0.67,0
-26.18,1.0,-2.88,-7.76,-0.97,7.0,1.0,-0.97,-10.66,-5.82,6.48,0.0,-84.35,0.97,2.0,-0.91,-0.97,5.96,9.73,1.0,1.0,-1.6,0.03,0.0,-0.94,-2.91,0
3.0,0.0,1.0,-0.64,0.0,5.18,5.0,-1.27,12.64,12.82,0.75,3.0,62.36,2.36,0.0,14.36,2.0,2.68,1.0,2.0,1.0,2.16,0.36,0.0,2.27,-0.64,1
0.0,0.0,1.0,0.0,0.0,0.57,2.0,0.0,1.57,5.43,1.45,0.0,0.0,0.86,0.57,2.86,2.57,2.64,2.71,0.43,1.0,-0.52,-0.57,0.0,-0.14,0.0,0
16.0,0.0,1.0,19.0,12.0,2.51,11.0,6.51,22.0,74.49,-0.62,1.02,95.0,2.0,0.0,18.05,2.51,-0.36,-3.56,8.65,8.63,3.27,0.0,0.0,2.0,4.51,1
22.15,0.0,0.06,18.93,14.32,-1.83,10.44,3.77,13.21,64.27,0.05,1.0,114.53,2.0,-0.94,20.32,1.94,3.21,0.06,0.06,1.0,1.92,0.0,0.0,2.0,4.83,1
0.0,0.0,1.0,0.0,0.0,3.65,2.0,0.0,2.65,3.0,0.74,0.0,0.0,1.0,0.0,7.25,2.0,5.31,3.65,2.65,1.0,0.14,0.0,0.0,1.0,0.0,0
-0.96,3.0,1.0,-0.96,0.0,2.15,1.0,1.93,0.96,0.0,8.0,-6.74,-39.48,0.0,10.67,-12.52,0.0,2.52,0.04,0.0,1.0,-1.73,-0.32,0.0,5.85,0.96,0
0.65,0.0,1.0,0.0,0.65,1.3,1.0,0.0,0.0,2.0,2.25,-3.89,0.0,1.0,0.0,-2.6,2.0,0.68,0.35,-4.84,1.0,0.39,-0.32,0.0,1.0,-0.65,0
0.0,0.0,1.0,0.0,0.0,0.47,1.53,1.0,3.19,6.38,0.41,2.53,37.22,0.94,0.53,9.72,2.53,7.15,2.47,17.47,16.0,3.93,0.53,0.0,1.53,3.13,0
0.0,-1.75,4.0,2.16,0.0,-1.49,1.0,1.16,2.16,10.15,-2.5,4.0,68.65,4.75,-1.16,11.48,1.58,4.77,2.0,4.58,2.0,3.35,0.58,0.0,3.42,1.16,0
1.0,0.0,1.0,0.0,2.0,8.0,2.05,0.0,3.66,10.95,0.32,3.48,31.93,1.0,-1.05,11.71,1.52,0.03,-1.57,1.48,1.0,0.1,0.52,0.0,0.48,1.05,0
0.55,0.0,1.0,1.55,0.0,6.2,2.0,0.0,3.0,16.45,-0.72,7.85,91.33,2.45,0.0,27.05,2.0,1.69,0.55,0.45,1.0,0.99,1.55,0.0,3.35,3.45,1
-2.9,0.0,1.0,0.0,0.0,-0.73,2.45,-0.73,5.08,7.08,1.5,0.0,44.23,0.55,0.0,-2.35,1.73,-0.5,0.0,1.27,1.0,-0.23,1.0,0.0,1.0,2.45,0
-3.91,0.0,1.0,-0.65,-0.65,3.0,-0.61,-2.61,-0.61,-23.74,1.61,-0.65,-62.62,1.65,0.0,-16.22,1.35,4.02,3.65,2.65,1.0,1.69,-0.16,0.0,-1.61,-3.91,0
0.0,2.0,1.0,0.0,-0.64,-3.84,1.0,0.0,0.0,0.0,5.44,-6.4,0.0,0.64,2.0,-6.04,0.0,5.76,5.76,-6.4,1.0,-0.8,-0.32,0.0,2.0,-0.64,0
-23.57,0.0,-2.49,-4.98,-0.87,2.62,1.87,1.13,-5.86,10.51,1.41,0.0,-0.96,3.0,0.0,18.87,1.0,2.71,2.75,1.87,1.0,-0.9,0.13,0.0,-0.75,-0.62,0
8.0,3.25,2.49,1.0,0.0,2.25,5.0,1.75,15.49,14.76,0.06,3.74,81.49,2.75,0.0,15.74,2.0,2.34,-0.75,1.75,1.0,1.94,1.75,0.0,2.51,4.49,1
0.0,0.0,1.0,2.54,0.0,2.69,1.0,2.0,3.61,17.77,-0.09,0.0,108.89,3.0,0.0,20.15,1.0,3.87,1.54,0.46,1.0,0.53,0.46,0.0,2.08,2.0,1
-0.94,0.0,0.06,-4.68,-4.68,-10.29,3.0,1.0,8.87,22.81,-0.12,-0.94,46.97,3.87,0.0,14.61,2.0,-0.1,-1.87,1.87,1.0,-1.49,1.94,0.0,1.0,2.0,0
1.0,0.0,2.0,0.0,0.0,2.91,0.3,2.0,6.61,8.3,0.94,0.0,69.0,2.7,1.0,1.61,0.3,0.83,-1.09,1.0,1.0,1.49,0.7,0.0,2.0,1.7,0
0.0,3.0,1.0,0.0,0.0,7.35,1.0,0.0,0.0,-0.68,7.76,-1.35,0.0,-0.68,13.5,-3.38,0.68,6.75,7.76,-0.68,1.0,0.0,-0.68,0.0,2.68,0.0,0
-1.9,0.0,1.42,0.58,-0.16,7.48,1.58,0.0,-4.64,-0.74,3.21,-0.58,13.92,1.0,0.58,-9.28,0.42,-0.11,-1.16,1.0,1.0,0.31,0.58,0.0,2.42,0.0,0
0.0,-0.62,1.0,0.0,0.0,-2.5,1.62,0.0,1.25,3.87,0.75,0.0,0.0,1.62,-1.25,2.25,3.25,2.08,1.25,0.62,1.0,0.27,-0.62,0.0,2.0,0.0,0
3.0,0.0,1.0,-0.72,0.0,-3.01,3.57,0.0,12.0,13.85,-0.23,3.0,-1.61,4.43,-0.72,20.57,2.0,4.53,1.0,2.72,1.0,1.84,0.28,0.0,3.15,0.72,1
0.0,0.71,3.71,0.0,0.0,0.71,1.0,1.0,-7.91,7.26,0.85,5.0,108.01,2.71,-1.42,5.0,1.71,5.53,0.71,2.71,1.71,1.67,1.0,0.0,2.42,2.0,0
-5.86,-3.35,1.0,0.0,0.0,1.67,-2.35,-0.84,-11.72,-10.56,2.03,5.86,-11.72,1.0,0.0,1.84,1.16,-0.92,0.84,0.0,1.0,0.93,0.0,0.0,-0.51,-2.51,0
0.84,0.0,1.84,0.0,0.0,4.22,1.0,1.69,6.76,6.91,1.74,0.0,58.3,1.16,0.0,1.69,1.0,12.11,10.84,0.16,1.0,1.51,-0.84,0.0,1.84,-0.84,0
4.0,0.0,2.0,5.0,5.0,12.68,1.0,1.68,1.68,1.0,-0.76,3.0,114.12,0.16,-0.84,7.84,1.0,5.62,2.0,0.16,1.0,2.7,-0.84,0.0,3.84,0.32,0
-3.33,0.0,0.17,-2.5,-4.16,-6.16,2.0,1.67,3.67,13.82,1.04,-2.5,2.5,2.67,0.0,13.16,2.0,2.66,2.17,2.0,1.0,-1.22,0.83,0.0,-0.67,0.0,0
-13.95,0.0,-3.72,-7.44,-0.93,0.0,1.0,-0.93,15.77,-4.65,1.88,0.0,-81.82,0.0,2.0,-2.79,0.0,-3.11,0.0,0.0,0.0,-0.26,0.0,0.0,1.0,0.0,0
3.25,0.0,2.0,0.0,1.12,2.0,0.25,-1.75,3.62,-7.63,2.02,1.0,22.62,1.0,0.88,6.87,2.0,3.59,2.0,2.75,1.0,1.63,0.0,0.0,0.25,1.75,0
0.0,0.0,1.0,0.0,0.0,0.68,1.0,1.37,1.68,2.0,1.78,0.0,17.08,3.68,6.15,1.32,0.32,5.22,2.0,4.68,1.0,1.5,1.46,0.0,7.05,0.68,0
0.0,1.0,1.0,0.0,0.53,1.0,1.0,0.0,4.47,5.47,0.68,6.83,62.0,-0.05,0.0,2.1,1.0,3.05,0.47,6.78,252.57,0.66,0.53,0.0,3.0,0.0,1
-0.67,0.0,0.33,0.0,-0.67,1.0,4.0,0.67,6.66,12.33,0.31,0.0,53.3,2.33,0.0,19.32,2.0,4.5,3.0,2.0,1.0,-0.09,0.17,0.0,-0.33,2.0,0
3.26,0.0,1.0,1.0,-0.82,0.82,2.0,2.63,2.0,23.79,0.52,-12.23,88.0,3.45,3.0,9.34,2.0,3.14,-1.63,-10.6,-389.66,-0.93,0.0,0.0,2.0,1.0,0
-6.06,0.0,1.0,-16.87,-11.25,2.81,-6.37,-4.62,-6.62,-53.42,0.04,6.56,48.82,2.0,0.0,5.13,1.06,2.36,1.94,2.94,1.0,1.83,0.94,0.0,2.06,-2.75,0
0.75,1.0,1.0,0.0,0.0,8.5,1.0,-0.75,2.25,3.0,3.18,0.0,12.02,0.0,0.5,5.0,0.0,4.25,1.0,1.75,1.0,2.0,1.75,0.0,1.0,0.0,0
2.89,0.0,1.58,-0.58,1.15,-2.46,0.42,1.0,4.62,3.73,-0.87,0.58,-13.85,4.0,-0.58,13.24,1.58,4.1,2.15,2.0,1.0,3.59,-0.58,0.0,2.58,0.0,0
16.0,0.0,2.8,19.9,12.0,3.8,11.0,6.0,22.0,72.3,0.79,3.6,117.51,3.8,0.0,15.0,1.1,5.09,0.9,2.7,1.9,3.09,0.0,0.0,3.8,4.0,0
-0.65,-1.31,0.69,0.0,6.0,5.65,1.0,-0.65,-1.31,6.0,3.09,0.0,-19.61,-0.31,1.31,-0.65,0.35,-0.43,0.69,2.0,2.0,-0.12,0.0,0.0,-1.61,0.0,0
3.0,1.37,2.37,0.0,0.0,0.68,1.0,0.68,0.63,-0.1,-0.34,2.0,41.29,3.68,0.0,13.0,0.32,5.25,2.05,2.32,1.0,1.23,1.68,0.0,5.05,0.63,1
0.0,0.0,0.0,0.98,0.0,0.0,1.98,0.98,27.95,11.7,-0.3,-1.95,85.82,-0.98,4.93,-3.9,0.98,-1.53,-1.95,-1.95,0.0,0.27,-0.98,0.0,0.02,0.98,0
2.97,0.97,1.0,0.0,1.0,3.89,0.08,1.03,2.08,12.25,1.29,0.0,34.75,1.06,0.0,-3.44,1.97,2.44,0.0,0.97,1.0,0.18,0.76,0.0,3.97,-0.97,0
0.0,0.0,3.0,-0.9,0.0,0.0,0.1,0.1,6.1,-7.86,0.29,5.0,-15.61,2.9,-2.71,7.71,0.1,3.51,1.81,3.81,1.0,2.77,1.0,0.0,0.1,1.1,1
1.0,0.0,2.0,0.0,1.0,0.2,1.0,0.0,0.0,0.24,-1.14,0.0,0.0,1.76,-1.52,0.0,2.52,-0.28,-0.76,1.76,1.0,2.41,-0.76,0.0,2.24,0.0,0
3.25,0.0,0.65,1.0,1.3,1.3,1.0,-0.65,1.3,-3.25,0.58,0.0,3.9,0.35,-0.65,5.85,1.0,-3.35,1.3,0.0,0.0,1.08,-0.65,0.0,3.35,-2.6,0
0.0,0.0,1.0,0.0,1.53,7.6,1.0,0.0,0.0,-1.13,-0.86,15.33,0.0,1.0,-3.2,16.33,1.0,-13.82,1.0,16.86,1.0,1.46,0.77,0.0,-0.6,1.53,0
-2.19,0.0,0.45,-2.74,-2.74,-6.02,1.0,1.09,5.09,15.0,-0.0,0.0,38.61,2.09,0.0,4.74,1.0,0.97,0.0,1.55,1.0,-0.58,0.55,0.0,0.45,0.45,0
-1.27,0.0,1.64,0.0,0.64,6.27,-1.55,0.0,-7.64,-6.54,6.89,-1.91,-44.54,-1.27,2.0,-14.0,-0.64,3.0,1.36,-0.64,1.0,-0.22,0.36,0.0,3.27,0.0,0
0.0,1.71,2.14,0.0,-1.14,1.86,2.0,0.57,3.14,2.43,1.3,-2.28,17.08,1.57,0.0,1.72,2.0,7.46,4.71,1.43,1.0,1.4,0.57,0.0,3.28,0.0,0
0.0,0.0,1.0,0.0,0.0,0.0,1.53,0.0,0.53,4.1,1.95,-1.05,0.0,2.0,0.0,-0.05,1.53,0.95,1.47,1.47,1.0,0.18,-0.53,0.0,0.95,0.0,0
5.11,0.0,1.45,5.0,5.0,9.34,3.21,-1.11,2.21,4.87,0.31,4.66,72.55,1.55,-0.55,17.52,1.55,5.24,2.0,1.55,1.0,2.17,0.55,0.0,2.45,1.45,0
-1.53,-3.82,1.0,0.0,0.0,3.06,1.24,-2.29,-12.0,1.41,2.05,0.0,-47.4,3.53,-0.76,4.0,2.0,-1.15,1.76,2.53,1.76,0.37,0.0,0.0,1.76,0.0,0
0.0,0.66,1.0,0.0,0.0,3.32,1.0,0.0,0.0,1.34,2.65,0.0,0.0,2.34,-8.97,1.66,-0.33,-6.31,-7.31,2.0,1.0,0.0,1.66,0.0,-0.99,2.0,0
5.0,1.0,3.0,0.75,2.0,5.73,1.25,0.0,12.49,10.24,0.44,0.0,123.04,1.0,0.0,5.49,1.25,3.99,2.0,1.0,1.0,1.92,0.0,0.0,2.49,1.75,0
0.0,0.0,0.62,0.0,-0.69,2.76,1.0,0.0,1.69,8.45,1.15,0.0,3.45,1.69,0.0,4.45,1.31,-0.48,0.31,1.0,1.0,0.05,0.0,0.0,2.0,0.69,0
0.0,0.0,1.0,-0.91,-2.72,-0.91,2.82,0.91,13.72,13.81,0.5,-0.91,-12.72,2.0,0.0,3.18,1.91,2.76,2.0,2.91,1.0,-0.4,0.0,0.0,1.91,-0.91,0
0.0,5.0,1.0,-1.96,0.0,3.0,1.0,-0.98,-1.96,-12.74,4.87,0.98,-73.47,-0.98,8.96,-17.63,0.0,19.02,17.96,1.0,1.0,-0.16,-0.98,0.0,3.98,-1.96,0
5.16,-0.64,1.0,0.64,1.93,-3.87,1.0,0.0,0.0,3.29,-1.5,2.64,58.01,3.29,-1.29,10.51,1.64,5.11,2.0,2.0,1.0,1.88,0.36,0.0,3.64,1.29,1
2.57,0.0,1.64,3.21,3.21,7.06,2.0,0.0,1.0,5.36,0.99,0.64,46.19,1.36,0.0,4.64,2.0,2.59,1.0,0.36,1.0,1.71,-0.64,0.0,1.0,1.28,0
0.0,1.0,1.0,-0.87,0.0,0.08,-0.73,0.0,0.0,-3.46,2.83,0.0,-86.54,0.87,1.13,-0.6,0.0,1.87,2.73,1.87,1.0,0.0,0.13,0.0,1.87,0.0,0
0.0,0.0,1.0,0.0,-0.92,0.0,1.92,0.0,0.92,5.62,3.54,-13.87,0.0,2.92,0.0,-1.85,1.92,9.54,9.08,-11.02,-441.93,-1.54,-0.92,0.0,1.0,0.0,0
10.45,0.0,3.82,5.63,1.7,0.0,3.0,2.0,11.34,19.59,0.13,0.0,82.83,2.3,0.0,6.85,1.7,2.5,0.0,-0.7,1.0,1.52,1.0,0.0,2.3,0.0,1
0.0,0.0,1.0,-0.56,0.0,2.26,1.56,-1.13,0.56,2.69,2.9,2.26,-11.29,2.0,0.0,1.69,1.56,9.36,9.44,1.0,1.0,-0.09,0.0,0.0,3.26,1.13,0
0.53,1.58,2.05,0.0,0.0,2.63,1.0,0.0,1.05,2.0,1.65,-1.05,15.75,2.0,0.0,0.42,0.47,2.08,0.0,-6.93,-6.88,-1.73,1.53,0.0,3.1,0.47,0
14.57,0.0,4.89,7.77,0.97,-0.97,1.0,0.0,11.69,6.86,-0.03,0.0,85.49,-0.91,0.0,4.03,1.97,4.78,2.0,1.03,1.0,0.61,0.0,0.0,0.03,0.0,0
1.0,-0.95,4.86,1.95,0.0,0.95,1.0,10.0,4.1,-4.76,0.6,5.81,43.38,2.9,-0.95,1.95,0.05,8.95,2.95,3.86,1.95,4.12,0.0,0.0,2.95,1.0,0
0.0,0.0,1.0,0.0,0.0,1.92,0.08,0.0,2.92,-3.61,3.93,0.0,0.0,0.08,1.92,-3.68,2.0,8.22,8.68,4.84,1.0,-0.31,0.0,0.0,4.84,0.0,0
2.09,-1.05,1.52,2.61,2.61,4.66,4.0,-1.09,5.43,15.52,-0.04,1.05,94.64,3.0,-0.52,25.61,1.0,2.96,0.52,1.52,1.0,1.05,0.25,0.0,2.05,4.05,1
0.0,0.0,3.9,0.0,0.0,-4.5,1.0,1.0,7.9,6.6,-0.62,5.0,64.0,-0.7,0.0,3.2,1.9,3.36,0.0,0.2,0.1,1.33,1.0,0.0,1.0,2.0,0
2.31,0.0,1.33,-3.36,-1.36,-4.73,2.0,0.0,9.35,9.0,1.69,-1.02,27.57,1.0,0.67,15.29,2.67,4.51,4.02,2.35,1.0,0.61,0.0,0.0,2.0,-1.35,0
1.0,3.0,3.0,0.0,0.0,6.0,1.0,1.0,2.0,0.0,0.59,0.0,30.0,2.0,0.0,3.0,1.0,6.0,3.0,1.0,1.0,1.71,1.0,0.0,5.0,0.0,0
1.0,0.0,1.0,0.0,2.0,7.19,1.0,1.62,0.81,1.81,0.04,4.0,20.28,1.81,-6.49,6.19,0.19,-6.6,-9.73,2.0,1.0,0.0,0.54,0.0,1.81,0.81,0
5.68,2.84,0.0,0.71,0.0,2.13,3.84,-0.71,34.52,11.37,0.34,-2.13,56.83,-0.71,2.0,0.0,0.71,0.31,-1.42,-0.71,0.0,0.49,0.0,0.0,2.42,1.42,0
-3.35,0.0,4.0,1.0,-0.56,4.24,-1.24,-2.79,0.44,-17.0,1.56,3.44,6.56,2.44,0.0,-15.2,0.44,3.11,2.56,4.0,2.0,3.36,-0.14,0.0,2.32,-2.79,0
8.55,0.0,1.0,1.0,3.0,3.2,1.0,0.0,-0.55,2.0,0.48,1.0,85.05,2.0,0.0,10.65,1.55,2.91,0.45,1.55,1.0,3.14,0.0,0.0,1.45,3.1,0
1.71,3.0,3.71,0.0,0.71,8.85,1.0,1.0,-0.85,-9.99,1.69,0.0,-25.67,2.0,0.0,1.57,1.0,5.62,3.0,1.0,1.0,2.37,1.0,0.0,6.43,-0.71,0
5.0,1.0,3.0,0.0,2.86,5.43,2.0,-1.72,9.28,7.14,0.31,8.59,33.06,0.14,0.0,11.73,2.0,3.36,2.86,9.59,1.0,2.17,0.43,0.0,0.14,1.86,0
-11.45,0.0,1.0,-13.6,-8.59,0.28,-6.16,-3.3,-15.03,-52.26,0.88,2.0,-68.01,1.28,0.0,-1.16,2.0,2.5,4.43,19.43,16.0,5.02,0.0,0.0,0.28,-1.86,0
0.35,0.0,3.29,0.65,-0.65,0.47,1.0,2.0,9.29,10.94,0.68,-2.59,106.52,2.0,1.0,-0.88,1.65,6.09,2.29,0.35,1.0,2.76,0.0,0.0,3.29,1.0,0
0.0,-0.7,1.0,1.0,0.0,5.7,1.0,0.0,6.51,13.21,-0.99,0.0,106.52,2.7,-1.4,5.3,1.7,4.28,1.7,1.7,1.0,0.67,0.0,0.0,3.7,1.0,0
-0.92,-0.78,-0.57,0.0,-1.57,-1.57,0.22,1.0,-3.48,14.48,-0.01,0.0,58.57,2.0,0.0,14.43,0.22,2.94,-0.57,2.0,1.0,-0.84,0.0,0.0,2.0,0.0,0
0.68,0.0,2.0,0.0,1.36,5.45,1.0,0.0,1.0,4.32,-0.23,2.72,0.0,1.0,0.0,5.09,1.32,1.74,1.0,2.36,1.0,0.62,0.0,0.0,1.32,0.0,0
7.95,-1.47,2.0,0.0,2.0,2.74,2.0,1.47,8.0,18.59,-2.08,1.0,76.0,3.95,-1.47,30.32,2.74,7.2,2.0,1.74,1.0,2.44,0.74,0.0,1.26,0.0,1
0.0,1.0,1.67,-0.67,0.0,1.0,1.0,1.33,4.33,7.67,0.27,2.0,54.0,2.33,1.0,7.99,2.0,4.05,2.33,2.33,1.67,1.1,0.67,0.0,1.67,0.67,0
-12.66,2.53,-2.38,-6.75,-0.84,5.06,1.0,-0.84,-8.28,-2.91,6.34,0.0,-74.27,1.16,1.69,-1.53,-0.69,-1.83,0.0,0.16,1.0,-1.25,0.0,0.0,3.84,0.0,0
-0.51,0.51,1.0,1.0,0.0,-1.56,7.0,1.0,-0.04,11.93,1.58,1.0,72.91,2.49,1.02,4.98,-0.02,0.41,0.0,-0.02,1.0,0.21,1.0,0.0,2.0,-0.02,0
0.0,0.0,1.55,1.0,0.0,8.0,3.0,0.0,-1.64,0.55,3.09,0.0,57.45,1.0,1.0,3.45,1.55,0.38,0.55,1.0,1.0,0.02,1.0,0.0,1.55,-0.55,0
0.0,0.0,2.88,0.63,0.0,2.26,-0.26,0.37,-3.77,-11.3,1.02,4.51,-22.6,2.63,0.0,0.98,1.37,3.88,4.26,20.51,16.63,6.91,-0.63,0.0,2.88,-0.26,0
0.0,2.0,1.0,0.0,0.0,1.42,0.29,-0.71,-4.25,-9.21,5.63,-0.71,-49.58,-0.71,13.33,-6.08,0.0,1.56,8.5,0.0,1.0,-0.28,-0.71,0.0,2.71,-2.83,0
3.0,0.0,1.0,-0.89,0.89,1.78,0.11,1.0,-0.67,-5.26,0.14,5.35,7.98,0.22,0.0,7.09,0.11,2.98,1.89,10.91,1.0,1.11,-0.45,0.0,-1.57,-2.67,0
3.0,0.0,1.0,-0.74,0.0,0.0,1.0,1.0,-0.22,4.55,3.71,0.0,10.32,0.52,1.48,11.55,0.26,5.57,1.74,1.26,1.0,-0.49,0.74,0.0,1.26,-0.74,0
28.08,0.0,5.0,8.0,1.54,-0.54,0.46,1.54,9.92,10.25,-0.01,0.0,76.72,1.0,0.0,-0.79,2.0,4.86,1.0,0.46,1.0,1.52,1.41,0.0,4.08,1.38,1
15.0,0.75,5.0,8.0,1.0,0.75,-0.49,0.25,8.02,-2.69,0.19,0.0,82.78,0.25,0.75,-3.71,2.0,4.65,1.75,1.75,1.0,2.15,-0.75,0.0,2.49,-1.49,0
-0.8,0.0,3.0,1.0,-0.59,-5.37,1.0,0.0,2.0,4.8,1.3,-3.18,58.0,1.8,0.0,-2.98,2.0,4.5,2.0,1.0,1.0,1.5,0.8,0.0,3.0,0.8,0
13.26,1.0,4.54,7.07,0.88,1.0,0.12,0.0,9.42,-0.19,0.65,-0.88,77.91,0.12,-0.88,-7.07,1.0,-1.25,1.88,1.0,1.0,0.96,-0.88,0.0,1.23,-3.54,0
0.0,0.0,1.97,0.97,0.0,3.97,7.82,0.97,-21.3,17.56,1.65,0.97,97.07,3.91,-1.94,9.82,2.97,5.97,3.0,2.97,1.97,0.83,0.97,0.0,1.97,0.97,0
-0.71,0.0,1.0,0.0,0.57,0.86,-1.28,0.0,-2.12,-2.96,0.4,-0.71,13.72,1.43,0.0,-7.95,0.43,6.15,3.0,1.43,1.0,2.05,0.43,0.0,2.57,0.57,0
-0.69,-0.69,-0.39,1.0,-1.39,0.31,6.31,2.39,-5.64,18.47,0.33,1.0,47.24,5.08,0.0,13.64,0.31,1.47,-1.39,1.0,1.0,-0.38,1.69,0.0,2.0,0.31,1
-20.33,0.0,-0.01,-4.27,0.25,4.76,1.0,-0.75,-4.02,5.51,1.35,0.0,39.93,1.75,0.0,3.26,1.25,2.16,2.0,1.0,1.0,0.76,-0.75,0.0,3.0,-1.51,0
0.0,0.0,1.0,-0.61,0.61,-2.9,-0.23,2.0,3.84,-0.45,-1.0,0.0,29.17,2.61,-0.61,0.16,1.0,1.81,0.61,1.0,1.0,1.13,-0.61,0.0,2.61,0.61,0
0.0,0.0,1.0,0.0,1.56,6.0,1.0,0.0,0.0,0.44,-0.64,18.44,0.0,1.0,0.0,14.37,0.44,1.56,1.56,18.31,270.37,1.7,1.06,0.0,1.0,1.0,1
-7.49,0.0,-0.27,-4.43,1.0,0.63,3.0,1.37,-0.7,19.1,0.57,0.0,42.02,3.0,0.0,14.73,1.0,2.3,0.63,0.0,1.0,0.5,1.0,0.0,4.27,0.0,1
0.0,1.39,2.0,0.0,0.0,0.0,1.0,0.0,1.0,3.61,2.0,0.0,0.0,-1.08,0.69,1.0,1.31,0.71,1.0,-0.39,1.0,0.62,-0.69,0.0,2.69,-1.39,0
-0.68,1.0,1.0,0.84,-0.84,5.0,0.16,-0.84,1.49,0.13,1.49,0.0,75.62,-0.68,2.51,-8.73,2.84,2.28,0.0,2.0,1.0,0.23,-0.84,0.0,1.16,2.84,0
0.0,1.0,1.0,0.0,0.0,7.51,1.0,0.0,1.01,-0.51,3.99,0.0,0.0,0.0,2.51,2.0,0.0,3.02,3.02,2.01,1.0,-0.61,1.0,0.0,2.01,0.0,0
2.0,0.0,1.0,0.57,0.43,0.0,3.57,2.57,6.14,28.43,0.27,-8.57,111.28,3.0,1.71,13.71,1.57,2.16,-1.14,-8.0,-272.68,-0.5,0.43,0.0,3.57,0.57,1
0.55,0.0,1.55,0.55,0.0,-2.77,1.0,5.53,4.32,2.45,0.09,1.11,39.28,0.34,0.0,-0.11,1.0,4.87,0.55,-0.11,0.45,0.6,0.0,0.0,3.0,0.55,0
0.0,0.0,-0.53,-0.76,-0.76,-0.76,3.0,1.0,6.24,18.47,0.44,1.53,16.69,3.53,0.0,9.76,1.24,0.95,0.76,1.53,1.0,-0.37,1.0,0.0,-0.53,2.0,0
0.0,3.77,1.0,0.0,0.0,-0.88,1.0,3.54,2.65,-0.88,3.25,0.88,38.89,-2.65,2.88,0.12,0.0,2.5,0.0,-2.65,0.12,0.44,0.0,0.0,1.12,0.0,0
-0.82,-2.47,1.82,1.82,0.0,-2.29,7.0,0.18,1.18,16.65,0.71,4.29,95.88,3.82,0.0,4.35,1.0,-0.37,-0.82,3.47,1.82,1.68,0.18,0.0,1.18,1.0,0
0.0,0.61,1.0,0.0,0.0,3.67,1.0,0.0,1.0,2.0,2.03,0.0,0.0,2.0,0.0,4.39,1.0,3.11,2.61,2.0,1.0,1.5,0.0,0.0,1.0,0.0,0
0.0,2.38,1.0,0.0,0.0,4.75,0.21,0.0,0.21,-2.75,6.06,0.0,0.0,1.42,1.58,-1.17,-0.58,2.6,2.0,3.21,1.0,1.24,1.0,0.0,5.79,0.0,0
0.0,0.56,1.0,0.0,0.0,-1.13,1.0,0.0,2.69,3.13,0.8,0.0,30.5,3.0,-2.82,1.44,1.56,-11.86,2.0,4.56,1.0,1.64,1.0,0.0,4.44,0.0,0
0.0,3.0,1.0,0.0,0.0,6.99,1.0,0.0,0.0,-1.0,6.33,0.0,0.0,-2.0,4.0,-3.0,-1.0,-1.0,-1.0,-4.0,1.0,-0.5,1.0,0.0,2.0,0.0,0
27.0,0.0,5.0,8.52,1.0,2.09,1.52,0.48,12.56,15.34,-0.37,1.56,115.67,1.52,-1.04,13.95,2.52,4.4,-0.56,1.0,1.0,1.65,1.52,0.0,4.56,5.09,1
0.0,0.0,1.0,1.28,0.0,-3.2,1.0,3.28,3.28,8.04,-3.51,3.0,47.97,4.92,-1.28,23.51,1.64,1.81,1.36,2.64,1.0,0.11,1.0,0.0,1.36,2.28,1
0.0,0.0,1.0,0.0,0.0,-2.71,2.1,1.0,5.2,19.1,0.52,0.0,61.0,2.9,0.0,7.2,1.1,-1.36,-2.71,0.0,1.0,-0.19,1.9,0.0,1.0,2.9,0
0.0,-1.67,0.44,0.0,0.56,-1.11,1.0,-0.56,-1.11,1.56,1.86,0.0,-16.66,1.44,0.0,4.33,1.0,-0.22,0.33,5.0,1.0,0.38,-0.56,0.0,-0.11,0.0,0
-0.79,0.0,0.21,0.0,-0.79,-1.58,1.0,1.58,1.58,2.79,0.55,0.0,39.62,2.79,0.0,3.58,1.0,0.1,0.0,2.0,1.0,-0.66,1.0,0.0,0.21,1.0,1
0.0,0.0,2.83,0.92,0.92,1.92,1.0,1.0,1.83,1.83,-0.58,2.0,53.2,1.08,0.0,6.0,2.92,5.29,3.0,17.08,16.0,6.38,0.0,0.0,1.92,1.0,0
4.14,1.0,3.0,0.0,2.0,0.27,2.86,0.86,13.59,15.78,0.44,0.0,122.66,1.0,0.86,10.05,2.86,5.92,-0.59,0.14,1.0,-0.3,0.0,0.0,1.86,4.46,0
0.0,0.0,0.06,0.0,-0.94,-1.88,1.0,0.0,2.82,5.77,0.19,0.94,15.06,2.94,0.0,5.77,1.0,5.52,2.82,2.94,1.0,1.1,1.94,0.0,0.06,1.0,1
0.0,0.0,1.0,0.0,1.0,0.5,1.0,0.5,0.0,1.0,-0.3,15.0,0.0,2.0,0.0,7.51,1.0,2.0,1.5,14.0,480.0,3.21,1.0,0.0,1.0,0.0,1
0.0,0.0,1.0,0.0,1.0,6.0,1.0,0.0,0.0,0.36,0.99,10.0,0.0,1.0,0.0,10.36,1.0,6.14,6.14,10.36,1.0,1.25,0.5,0.0,0.36,1.0,0
2.0,5.0,1.0,0.85,0.0,1.0,7.09,3.0,18.7,19.73,0.28,-0.85,146.83,2.85,1.0,3.0,0.15,3.36,-2.55,-13.42,-11.73,-2.94,0.85,0.0,1.85,0.0,1
-14.48,0.0,1.0,-16.19,-10.86,-1.81,-7.05,-4.43,-17.9,-52.05,1.37,0.0,2.05,1.0,3.0,-9.76,1.1,-0.51,0.0,1.81,1.0,-0.38,0.9,0.0,1.1,-1.71,0
0.0,0.0,1.0,0.0,0.0,1.0,1.0,1.0,0.0,2.0,0.53,0.0,0.0,4.0,0.0,4.0,1.0,2.0,1.0,2.0,1.0,2.4,0.0,0.0,2.0,0.0,0
5.0,1.0,5.63,0.88,2.0,3.76,2.0,0.0,11.88,8.0,-0.18,3.51,97.94,1.88,0.0,4.0,2.0,5.1,2.0,2.76,1.88,4.52,0.0,0.0,2.76,1.0,0
2.4,-1.79,-0.2,0.0,0.0,-1.59,5.6,0.0,14.39,24.37,0.03,3.6,93.92,3.0,0.6,26.78,2.6,5.85,-0.79,2.0,1.0,1.05,1.0,0.0,-0.2,2.39,1
-0.68,0.68,1.0,0.0,-1.37,0.32,1.0,0.0,1.0,1.32,3.11,-2.74,0.0,0.32,1.37,1.58,1.32,2.84,2.68,1.32,1.0,0.75,0.68,0.0,1.0,0.0,0
2.38,0.0,1.0,0.81,-0.81,1.0,0.19,1.19,-2.43,7.32,0.61,0.0,21.91,2.38,2.43,3.64,1.81,3.26,0.0,1.0,1.0,0.36,0.19,0.0,0.19,0.81,0
0.96,6.7,3.0,0.0,0.0,0.0,0.04,0.04,7.96,2.04,0.39,5.0,62.09,1.04,0.0,-11.27,1.96,2.5,0.0,1.04,1.0,1.57,0.76,0.0,2.91,2.0,0
0.0,0.0,1.0,0.0,0.0,0.38,2.23,0.62,3.7,14.1,1.71,0.0,37.63,3.62,0.0,4.47,1.0,2.08,-1.23,0.77,1.0,-0.34,0.62,0.0,4.0,2.23,0
0.0,2.6,1.0,0.0,0.0,2.6,1.0,0.0,0.0,2.0,1.89,0.0,0.0,2.0,4.34,1.13,1.0,17.16,13.89,2.87,1.0,0.0,1.0,0.0,1.87,1.0,0
2.57,0.51,2.03,0.0,1.03,-0.51,1.0,0.0,5.63,4.57,0.28,2.0,39.11,3.0,0.0,2.0,1.0,2.72,2.49,2.49,1.0,1.39,0.0,0.0,1.0,0.51,0
0.0,0.0,1.0,0.0,0.0,1.69,0.31,-0.84,-3.22,-4.13,2.02,0.0,-67.54,0.31,0.0,-12.04,2.84,3.26,3.53,1.84,1.0,0.09,-0.21,0.0,1.0,-2.53,0
1.0,0.0,1.0,0.0,0.0,2.0,1.0,0.0,0.85,-1.99,1.34,1.0,-25.93,2.0,0.0,3.46,1.54,5.97,3.0,1.46,1.0,2.35,1.0,0.0,2.54,-0.54,0
0.0,-2.86,0.43,0.0,0.0,-1.72,1.0,0.0,14.89,1.0,-1.16,0.0,0.0,2.0,-2.86,6.0,1.0,-9.0,-7.17,4.43,0.43,0.5,0.0,0.0,-0.15,0.0,0
0.0,-4.88,1.0,0.0,2.39,10.88,-0.39,0.0,-5.58,-8.07,0.5,12.79,-54.4,0.3,0.0,11.7,0.3,0.14,1.0,12.39,1.0,0.82,0.5,0.0,-0.39,-1.09,0
0.0,0.17,1.0,0.0,0.0,0.1,1.0,1.93,1.93,0.97,0.24,2.9,0.0,2.9,0.23,11.6,0.97,2.9,2.47,1.97,1.0,0.0,0.97,0.0,2.03,0.97,1
2.0,7.31,1.0,0.0,-0.77,1.0,2.0,3.0,17.0,6.23,5.12,-7.72,62.0,1.23,2.54,-5.49,0.23,4.47,0.0,-7.49,1.0,-0.01,-0.39,0.0,1.77,-0.77,0
4.94,0.0,1.0,0.94,0.0,5.72,0.06,1.06,-5.66,1.68,0.51,5.66,-3.77,4.0,-0.94,16.89,0.06,-4.2,0.94,1.0,1.0,1.85,1.0,0.0,-0.89,-3.77,0
5.62,0.0,4.0,0.3,0.0,2.0,1.7,0.0,9.43,2.7,0.95,4.0,16.57,3.7,-2.11,4.51,1.0,4.81,2.7,5.41,2.0,3.63,0.0,0.0,4.7,0.0,0
0.0,0.0,-0.21,0.0,1.0,0.61,1.0,0.0,-0.04,0.79,0.99,-3.04,27.14,2.0,0.0,-0.21,1.0,0.59,1.61,2.21,1.0,-0.26,-0.61,0.0,2.0,0.39,0
4.76,-0.65,-0.29,1.0,1.71,-0.29,1.0,0.0,-6.47,0.71,0.64,1.0,40.79,2.65,0.0,9.0,1.0,2.02,0.35,1.0,1.0,2.05,0.0,0.0,2.0,1.35,0
8.66,-3.3,1.0,0.0,0.0,0.66,4.98,-0.98,10.7,20.93,0.1,1.98,81.27,2.66,-0.66,19.53,2.66,3.2,1.66,2.66,1.0,1.41,0.66,0.0,3.0,1.0,1
12.21,0.0,1.0,14.5,8.4,3.53,8.63,4.58,14.5,56.73,2.97,0.0,22.14,1.0,17.0,11.69,2.76,13.29,11.24,0.24,1.0,-0.02,0.0,0.0,4.0,2.29,1
0.0,0.0,1.0,0.0,0.0,0.0,3.0,1.0,7.52,20.0,-0.31,0.0,61.0,2.0,0.0,10.57,2.0,3.14,1.05,0.0,1.0,0.98,0.48,0.0,1.0,1.48,0
14.53,0.0,4.87,8.75,0.97,-1.94,2.0,1.97,12.66,19.81,-2.36,0.0,173.25,1.0,-13.47,3.94,2.0,-5.48,-10.66,0.0,1.0,1.71,0.0,0.0,-0.91,1.0,0
1.6,0.0,1.0,-0.53,0.0,-0.6,3.13,0.0,4.8,6.73,1.73,1.6,3.73,3.53,0.0,10.53,1.53,3.29,0.0,2.53,1.0,0.63,0.53,0.0,2.93,0.47,1
0.0,-5.61,1.8,0.0,0.0,8.21,-0.6,1.6,0.0,-1.01,6.17,0.0,-7.21,0.0,2.8,-2.4,-0.8,5.42,2.8,0.8,1.0,0.94,1.0,0.0,1.2,-1.6,0
0.0,1.0,0.22,0.0,-4.69,-2.91,1.0,0.0,3.0,3.87,1.35,0.0,54.0,2.56,1.78,0.78,2.0,1.07,-0.56,1.0,0.22,0.32,0.78,0.0,3.0,1.56,0
0.61,1.0,1.61,0.0,0.0,3.45,1.0,0.0,7.28,11.28,-0.25,0.0,80.91,1.0,-3.89,1.83,2.0,2.65,1.61,1.0,1.0,2.19,-0.41,0.0,1.17,0.0,0
5.38,-4.48,1.0,0.9,2.69,1.0,0.1,-2.69,-14.25,-2.48,0.83,0.9,25.11,1.0,-0.9,10.38,2.0,1.63,2.9,2.0,1.0,2.51,0.0,0.0,1.9,1.79,0
1.0,0.0,1.0,1.0,-1.0,6.99,1.0,0.0,0.0,2.0,2.85,-7.95,66.0,2.0,16.94,8.02,2.0,11.63,10.96,-11.95,-476.31,-0.19,0.0,0.0,3.99,0.0,0
1.7,0.0,1.7,1.0,0.0,8.48,1.0,1.39,5.56,7.56,0.04,7.0,113.97,2.0,0.7,10.91,1.0,2.71,0.3,-1.78,1.0,2.69,1.0,0.0,1.7,0.7,1
1.0,-0.57,1.0,0.0,0.0,-1.42,1.0,0.57,4.14,5.57,-1.16,1.0,16.0,3.14,-1.14,4.57,1.57,7.62,3.0,3.71,1.0,2.67,0.43,0.0,2.0,0.57,1
16.0,0.0,1.59,19.0,15.55,4.96,11.0,6.0,22.0,77.37,-0.0,0.0,95.0,2.0,0.0,15.0,1.41,4.28,0.59,0.59,1.59,0.61,0.0,0.0,2.0,4.0,1
4.89,-0.22,1.0,0.61,1.83,1.61,1.0,0.0,3.0,8.22,-1.64,0.61,109.01,2.22,-0.22,4.89,2.61,4.64,1.61,1.61,1.0,2.88,0.0,0.0,3.0,1.22,0
0.0,-0.88,1.0,0.0,0.0,1.88,4.0,1.0,11.4,20.28,-2.32,0.0,134.6,3.88,-1.76,22.12,1.88,5.39,0.88,1.88,1.0,0.71,0.25,0.0,1.88,3.0,1
0.03,3.0,3.0,0.0,0.0,4.05,1.0,1.0,0.05,-1.95,1.28,-0.97,14.44,2.0,0.0,0.08,1.0,-0.16,0.08,0.03,1.0,-0.88,0.03,0.0,5.97,0.0,0
-0.81,0.81,1.0,0.0,0.0,4.03,3.0,1.0,4.58,15.97,3.05,-0.81,48.11,0.39,1.61,7.39,1.19,-3.01,-1.61,-0.81,1.0,-1.95,1.0,0.0,0.19,2.0,0
0.0,0.69,1.0,-0.69,0.0,2.0,-3.16,1.31,4.08,-4.24,0.86,-0.69,23.67,0.61,0.0,-2.16,1.0,2.81,0.69,1.0,1.0,0.38,-0.69,0.0,2.69,-0.69,0
0.0,0.0,-1.8,1.0,0.0,6.6,3.0,0.0,-0.7,4.6,2.42,-2.8,82.51,-0.4,1.0,3.3,1.0,-1.45,-1.4,-1.8,-0.4,-2.27,1.0,0.0,1.0,0.0,0
0.0,0.0,1.0,0.29,0.0,-0.71,-2.27,1.71,2.0,4.05,0.26,1.42,16.9,1.0,3.0,6.27,2.0,2.39,1.42,0.71,1.0,-0.02,0.0,0.0,2.0,1.0,0
27.0,-2.57,5.0,8.0,1.86,-5.14,1.0,1.0,13.57,8.71,-5.06,0.0,143.51,2.71,-1.71,3.86,2.86,5.31,1.0,1.86,1.0,2.29,1.0,0.0,3.0,3.86,1
1.0,1.0,-0.9,0.0,0.0,6.9,1.0,-0.95,-2.66,4.1,3.83,-4.75,-7.86,0.05,16.17,-0.8,2.95,11.06,11.41,1.05,1.0,-1.18,-0.95,0.0,4.85,0.1,0
2.26,0.0,0.26,0.0,0.0,-1.72,5.0,-1.49,6.05,10.79,0.86,3.0,18.66,3.0,-0.74,21.26,2.0,1.35,0.26,2.74,1.0,0.51,1.74,0.0,0.26,0.0,1
18.67,0.0,5.61,8.61,1.61,0.61,3.45,4.06,-2.45,33.29,0.08,0.61,146.69,2.83,-1.22,24.4,3.22,5.86,1.0,1.61,1.61,1.77,0.15,0.0,4.06,3.67,1
-1.58,1.0,1.0,-0.52,-1.55,4.48,1.0,0.52,5.03,9.61,1.27,-0.52,35.99,1.0,0.0,6.61,2.0,2.72,0.0,2.52,1.0,-1.1,0.0,0.0,2.0,0.97,0
0.0,0.0,2.62,0.0,0.0,0.0,-0.62,0.0,1.0,-10.75,0.95,4.04,2.43,2.0,0.0,-2.24,0.19,1.73,0.0,2.62,1.0,1.19,0.0,0.0,3.0,0.0,0
0.0,0.0,0.0,1.0,0.77,0.0,1.0,0.0,-0.77,-0.77,0.4,11.5,0.0,0.23,0.0,0.77,1.0,-0.38,0.0,9.2,367.16,0.38,0.77,0.0,4.0,0.0,1
0.0,0.0,1.0,0.0,0.0,5.0,-0.82,-0.91,-6.37,-15.39,2.96,0.0,-55.55,4.0,0.0,-3.37,0.09,-0.45,1.0,4.82,2.0,0.82,0.0,0.0,2.0,-0.91,0
0.0,0.0,1.0,0.0,0.0,1.0,1.0,0.0,5.23,12.3,1.83,0.0,62.95,0.19,1.0,-3.23,2.0,5.43,3.39,-0.23,1.0,0.07,0.0,0.0,3.0,0.81,0
6.0,0.0,1.0,1.0,1.0,1.0,5.0,5.0,5.81,50.84,0.02,1.0,143.04,2.4,0.0,33.19,2.0,2.5,-1.21,0.4,1.0,-0.08,0.25,0.0,6.0,6.6,1
0.0,0.0,2.11,1.0,1.0,1.89,3.66,0.89,7.33,12.88,0.04,0.0,129.04,2.78,0.0,20.54,1.11,5.25,1.11,1.0,1.0,1.58,0.22,0.0,2.11,2.66,1
0.92,5.53,1.0,0.0,0.0,5.0,2.84,0.0,2.77,10.37,5.42,0.0,14.75,0.92,2.0,5.53,0.92,2.3,1.08,-0.92,1.0,0.57,1.0,0.0,2.0,2.77,0
0.0,1.2,1.0,0.0,0.0,2.4,0.2,-0.6,-2.19,-5.98,3.5,0.0,-47.9,-0.8,1.2,-9.17,1.4,2.99,3.0,1.4,1.0,0.0,-0.15,0.0,1.6,-1.8,0
0.0,0.0,1.0,-1.0,0.0,0.0,1.0,2.0,0.0,-11.98,3.13,-4.0,-29.96,0.0,8.99,-16.97,1.0,5.52,3.0,2.0,1.0,0.43,-0.33,0.0,1.0,-3.0,0
1.96,1.0,1.0,0.65,0.65,7.65,3.62,3.27,1.31,25.52,3.7,-0.65,25.52,0.0,2.0,16.4,0.65,0.75,1.0,-0.31,1.0,0.09,0.51,0.0,2.96,2.62,0
-11.74,0.0,-2.13,-6.26,-0.78,0.0,1.0,-0.78,-7.61,-2.7,2.81,0.0,-68.89,3.78,0.0,4.35,0.22,1.16,2.78,7.13,1.0,0.73,1.0,0.0,5.0,0.0,0
3.0,0.0,0.34,0.0,0.0,0.0,1.0,0.0,19.15,3.34,-1.7,2.0,57.0,1.68,1.32,13.0,0.34,-3.74,-6.6,2.34,0.34,0.33,1.0,0.0,3.0,2.0,0
4.31,0.0,2.0,0.0,2.0,0.62,2.69,0.0,6.62,9.69,0.92,0.31,64.94,1.0,0.0,20.0,2.69,0.61,0.62,0.31,1.0,0.44,-0.69,0.0,1.31,0.0,0
0.54,0.0,1.0,-0.54,1.07,4.29,1.46,-0.54,-0.07,-0.96,1.22,2.14,-47.15,2.0,-1.61,6.68,1.46,0.73,1.0,2.07,1.0,0.18,0.0,0.0,0.46,-0.54,0
3.59,0.0,0.47,0.0,-2.18,-2.65,3.0,2.53,6.06,22.59,-0.27,0.0,91.21,3.53,0.0,24.48,1.0,2.78,-0.53,0.0,0.47,-0.05,1.0,0.0,3.53,0.0,1
1.0,0.0,1.0,0.0,2.81,8.0,1.0,0.0,-0.81,0.19,0.57,16.11,0.0,0.19,0.0,7.81,1.0,0.1,0.0,11.69,387.66,0.4,0.81,0.0,1.0,0.0,1
4.4,0.0,1.4,0.6,1.4,2.6,2.0,0.0,9.79,13.77,-0.07,1.0,113.6,1.6,0.0,23.58,2.0,4.51,2.6,1.0,1.0,1.56,0.0,0.0,2.0,0.6,0
0.0,0.0,2.84,0.0,0.0,0.08,1.0,-0.92,5.53,3.92,0.48,4.61,35.94,3.0,-8.29,6.61,1.0,2.1,0.0,2.92,1.0,1.54,0.31,0.0,0.31,1.92,1
25.0,0.0,6.0,8.0,1.0,5.0,1.0,2.0,17.0,7.0,0.63,0.0,98.99,1.0,1.0,-9.99,2.0,4.46,1.0,0.0,1.0,3.43,1.0,0.0,3.0,4.0,0
0.0,0.0,1.0,0.0,0.0,1.0,1.88,2.0,1.88,5.52,1.05,0.0,25.0,2.88,9.0,2.64,1.0,4.57,0.88,1.88,1.0,0.29,0.67,0.0,4.12,1.0,0
0.0,1.81,1.0,0.0,0.0,0.0,1.0,0.0,0.0,0.1,3.55,0.0,0.0,0.19,1.81,1.49,0.1,0.19,0.19,0.49,1.0,0.05,0.0,0.0,1.9,0.0,0
-5.47,0.0,1.0,0.0,1.0,6.0,-0.37,-0.68,-9.57,-7.88,1.34,10.0,-51.93,1.0,0.0,6.9,0.32,-0.22,1.68,11.0,1.0,0.69,0.5,0.0,0.32,0.32,0
0.0,0.0,1.0,0.0,1.0,0.0,1.0,0.0,0.26,-7.6,1.04,0.0,12.51,2.69,0.0,3.74,1.0,1.13,2.37,3.74,1.0,0.69,0.0,0.0,2.0,0.31,0
0.0,0.0,0.32,0.68,1.0,6.0,0.32,-0.68,-4.06,-8.48,0.46,9.32,-47.42,0.32,-0.68,3.55,0.32,-5.64,1.0,10.32,0.32,0.99,-0.18,0.0,1.68,-1.71,0
3.0,0.0,1.0,0.0,0.0,0.0,1.0,0.0,2.0,4.0,0.17,2.0,57.0,3.0,0.0,13.0,1.0,2.86,0.0,3.0,1.0,0.33,1.0,0.0,3.0,2.0,1
9.95,0.0,3.65,5.31,0.66,0.0,1.0,0.66,7.63,5.32,-0.02,-1.33,58.37,0.67,0.0,5.66,1.66,3.39,0.67,0.67,1.0,1.98,0.0,0.0,1.0,0.0,0
1.9,4.76,1.0,0.0,0.0,-0.95,2.95,2.86,17.18,11.71,-1.2,0.0,59.01,2.95,-15.23,5.9,1.05,-5.67,-10.42,1.0,1.0,1.24,0.0,0.0,-1.86,0.0,0
-2.83,0.0,0.06,0.0,0.0,5.0,1.0,-0.94,22.65,-7.5,1.65,0.0,-53.8,2.11,1.89,-12.1,0.06,-2.7,0.06,1.11,1.06,1.0,0.0,0.0,1.06,0.0,0
4.25,1.0,2.25,-0.75,2.75,2.0,2.0,-7.51,8.75,9.5,0.69,-1.5,72.24,1.75,0.0,4.0,2.0,-1.1,1.25,1.0,1.0,0.67,0.0,0.0,1.0,1.0,0
-3.08,0.0,0.38,0.0,-1.23,1.0,0.38,2.23,-3.7,-2.31,0.58,-0.62,-16.02,4.62,0.0,-7.09,0.38,0.06,-0.23,2.0,1.0,1.54,0.0,0.0,2.0,0.0,0
-1.56,0.0,0.22,0.0,-1.56,0.0,3.34,0.0,3.13,7.47,1.49,1.56,-4.69,3.56,0.0,3.56,1.0,-0.33,-0.78,2.78,1.0,-0.17,1.78,0.0,0.22,1.0,0
1.0,3.0,3.73,0.0,0.0,9.63,1.0,1.0,4.18,6.53,0.98,0.0,75.71,2.73,0.0,7.35,1.0,7.29,3.73,1.73,1.73,2.2,1.0,0.0,4.27,0.73,0
0.0,1.51,1.0,-0.75,1.0,2.26,-3.52,2.26,0.75,-10.3,0.94,15.0,-42.18,-0.51,0.75,2.99,1.0,3.62,2.75,13.25,480.0,2.82,0.25,0.0,0.25,-0.75,0
-2.82,0.0,0.06,0.0,0.0,1.0,1.0,-0.94,23.6,-6.47,0.94,0.0,-53.67,-0.88,1.88,-10.07,1.06,-1.19,1.06,0.12,0.06,0.75,0.0,0.0,0.06,0.0,0
1.54,0.0,1.0,-0.51,0.0,0.49,-2.08,1.0,2.0,-2.08,1.07,-0.51,-22.04,1.49,0.0,8.13,1.0,2.65,1.51,4.51,1.0,-0.21,-0.51,0.0,1.0,0.49,0
12.98,-2.49,1.0,1.83,3.83,-3.15,4.32,4.15,3.32,37.71,-4.89,1.83,169.73,4.49,-1.66,38.07,2.66,4.73,0.17,1.83,1.0,3.3,0.21,0.0,5.32,6.98,1
1.63,4.06,1.81,-0.81,1.0,0.81,1.81,2.44,13.82,6.69,0.3,15.0,50.4,1.81,0.81,8.44,1.0,5.63,2.0,14.81,480.81,2.77,1.0,0.0,-1.44,0.0,1
-0.72,0.0,1.0,0.0,-1.45,-5.07,2.0,1.0,7.45,14.0,1.63,-1.89,70.0,2.0,1.72,5.93,2.72,13.06,3.62,1.72,1.0,0.39,1.0,0.0,4.45,4.0,0
1.0,-2.69,1.0,1.0,0.0,2.31,1.0,0.0,0.0,2.0,0.05,7.0,66.0,2.0,-4.48,13.9,1.0,-15.54,-13.34,0.1,1.0,1.8,1.0,0.0,0.1,0.0,0
0.97,0.0,1.97,0.0,0.97,3.88,1.03,1.0,5.03,9.15,1.0,1.0,70.0,1.03,1.0,7.12,1.03,10.29,-0.97,1.0,1.0,1.52,1.0,0.0,4.94,4.0,0
-2.68,3.58,-0.79,0.0,-1.79,2.11,2.0,2.68,7.37,2.11,1.38,0.0,-12.52,1.89,0.89,3.11,1.11,4.95,1.21,2.0,1.0,-0.21,0.0,0.0,1.0,-0.89,0
6.22,0.0,1.0,0.0,0.0,0.0,2.55,0.78,11.1,11.33,-0.1,0.0,59.07,2.0,0.0,9.66,1.78,4.67,2.78,2.78,1.0,2.14,0.0,0.0,1.0,0.78,0
7.66,0.0,1.0,0.71,3.12,0.0,3.0,2.0,5.0,20.29,-1.15,0.71,124.73,2.29,0.0,20.96,1.0,3.03,0.71,-0.71,1.0,2.55,1.0,0.0,1.58,0.71,1
5.0,-2.41,3.0,0.0,2.0,4.27,0.86,0.0,8.73,3.46,0.98,0.0,61.8,0.43,0.0,2.3,2.0,4.22,2.0,2.14,1.0,1.54,0.0,0.0,0.43,0.43,0
4.97,0.0,1.0,0.0,0.0,3.0,2.24,0.62,8.7,13.08,1.63,0.0,47.21,1.0,6.0,4.11,1.62,30.84,1.62,0.0,1.0,1.37,-0.62,0.0,5.24,0.0,0
0.8,0.0,1.0,0.0,1.6,7.4,1.0,0.0,1.0,1.2,-0.08,3.2,0.0,-0.6,-0.8,9.8,2.0,2.1,2.0,2.0,1.0,0.75,-0.8,0.0,1.0,-1.6,0
0.0,0.0,0.14,0.0,1.0,-0.86,-4.15,-0.86,1.28,-10.87,0.58,-0.86,-19.8,0.28,0.0,-4.15,1.0,0.05,1.0,0.14,0.14,0.39,-0.86,0.0,3.72,0.14,0
0.62,0.0,1.62,0.62,1.0,3.12,1.0,0.0,-13.25,3.25,0.61,4.37,107.24,3.25,-1.25,9.12,1.62,2.54,1.62,1.62,1.62,1.87,0.62,0.0,2.0,1.0,1
1.0,0.83,1.0,0.0,0.0,1.17,1.0,0.0,0.51,-0.8,2.99,1.0,-28.77,1.17,0.83,4.83,-0.66,5.26,2.17,1.17,1.0,1.75,1.0,0.0,1.17,0.0,0
0.0,0.27,1.0,0.0,0.73,4.63,1.0,0.0,2.82,1.64,0.73,7.26,22.8,1.0,-0.73,7.99,0.27,2.48,1.0,8.26,1.0,0.11,0.36,0.0,1.55,0.73,0
3.0,0.0,1.0,0.0,0.0,1.26,5.0,1.47,12.0,16.0,-1.59,5.21,70.0,4.47,-0.74,30.85,1.26,1.61,-1.21,1.26,1.0,1.84,1.74,0.0,0.26,0.74,1
3.86,0.0,0.17,1.0,1.35,-0.65,0.17,0.0,-3.31,6.96,0.15,0.17,91.65,2.0,0.0,-5.89,0.17,1.76,-0.65,1.0,1.0,1.7,0.0,0.0,1.17,2.83,0
0.0,0.0,2.0,0.0,0.0,2.65,1.0,0.0,0.34,5.66,4.02,0.0,0.0,0.34,1.33,-2.32,0.67,2.4,1.0,-0.33,1.0,0.13,0.66,0.0,2.66,0.0,0
5.46,0.0,1.0,0.0,0.0,2.61,5.0,1.23,11.39,22.76,0.04,1.77,70.0,3.61,0.0,29.99,2.0,3.87,-0.84,0.77,1.0,1.7,1.61,0.0,1.0,0.0,1
5.85,0.0,1.38,5.0,5.0,11.0,1.0,0.0,0.62,0.38,0.22,4.23,107.07,2.23,0.0,14.38,0.38,6.1,1.38,2.23,1.0,1.96,0.62,0.0,3.62,3.23,1
0.0,0.0,0.35,0.65,-3.93,-1.62,7.93,1.65,8.31,20.89,-0.25,0.65,145.42,4.31,0.0,26.93,1.0,1.5,-1.31,0.35,0.35,0.33,0.9,0.0,1.65,3.65,1
6.67,0.0,1.67,1.67,1.0,1.0,5.0,11.74,5.35,32.89,0.04,2.35,91.28,3.0,0.0,34.33,2.0,6.17,1.35,1.0,1.0,1.47,0.25,0.0,6.67,6.0,1
0.0,0.0,1.0,0.0,-0.84,-4.02,4.0,1.0,7.84,15.84,1.56,-8.37,80.0,4.67,0.0,15.47,1.0,3.92,0.84,-4.86,1.0,0.92,0.67,0.0,4.35,2.16,0
11.96,0.0,5.0,8.0,3.43,1.82,0.39,1.0,6.14,5.18,0.41,-0.61,41.84,1.0,0.0,-9.15,1.39,3.25,1.0,1.61,1.61,0.84,0.0,0.0,0.39,0.0,0
0.0,0.0,1.0,0.0,0.0,2.2,0.4,0.0,1.4,-1.99,3.63,0.0,0.0,0.4,11.18,-1.8,2.0,11.29,11.59,3.0,1.0,-0.2,0.0,0.0,4.8,0.0,0
8.86,4.0,1.0,1.0,0.0,0.41,5.0,1.0,16.59,20.46,-0.7,0.86,93.83,0.27,0.0,12.86,2.0,8.24,1.73,0.14,0.14,2.13,1.86,0.0,4.0,3.0,1
3.0,0.79,0.21,0.0,-0.79,0.79,1.0,1.0,5.14,12.93,-0.25,0.0,98.67,2.0,0.0,18.36,1.79,4.32,1.0,2.79,1.0,-0.86,0.0,0.0,1.21,1.57,0
-6.83,1.0,1.0,0.0,0.0,6.96,-0.96,-0.98,-9.71,-7.71,3.88,0.0,-21.4,0.02,16.64,-2.87,2.0,10.54,10.77,1.02,1.0,-0.4,0.0,0.0,2.98,1.02,0
10.91,0.0,1.0,19.0,12.0,3.45,9.55,5.27,14.0,67.73,0.58,0.73,51.37,2.0,0.0,12.82,1.27,5.77,1.45,0.0,1.0,2.07,0.73,0.0,1.27,3.27,1
16.0,0.0,1.0,18.31,12.0,3.37,10.31,6.69,22.0,66.77,0.59,0.0,68.94,2.69,-2.06,15.0,1.31,2.9,0.0,0.69,1.0,0.99,0.0,0.0,2.0,3.31,1
0.0,0.0,1.0,0.0,0.0,3.81,1.0,0.81,1.61,6.61,2.41,-1.61,40.34,1.0,6.0,-2.23,0.19,27.59,-1.42,-13.71,-11.1,-2.64,0.0,0.0,4.81,-0.81,0
0.0,0.0,1.0,0.0,0.0,0.67,3.0,1.67,7.67,20.67,1.0,-0.67,77.64,2.0,4.66,9.0,2.0,2.26,-2.0,0.0,1.0,0.2,1.44,0.0,3.0,2.67,0
-15.52,0.0,0.3,-5.4,-0.67,0.67,1.0,1.67,-0.42,7.05,0.54,5.0,5.28,4.02,0.0,13.1,0.33,2.05,-0.67,2.0,1.0,0.91,1.0,0.0,-0.35,-0.02,1
0.0,0.0,1.0,0.0,0.0,2.06,1.31,0.31,1.87,7.81,1.79,0.31,21.86,1.31,4.44,4.12,1.31,22.87,0.69,0.31,1.0,0.71,0.31,0.0,3.69,1.25,0
-11.73,0.0,-2.13,-5.47,-0.78,3.13,1.78,-0.78,-6.25,8.82,3.09,3.13,-25.8,3.56,0.0,14.07,1.0,8.21,9.22,1.0,1.0,-1.16,0.78,0.0,4.13,3.13,1
0.0,0.0,1.0,0.0,0.0,1.38,1.0,0.54,0.0,2.84,1.68,0.54,0.0,1.54,3.84,0.46,1.0,14.86,2.08,0.54,1.0,0.39,0.0,0.0,2.92,0.0,0
-1.81,0.0,1.0,1.0,0.0,5.81,2.0,0.0,3.9,17.9,0.4,3.1,17.92,2.1,0.0,12.86,2.0,6.11,2.71,0.1,1.0,2.11,1.0,0.0,4.1,2.19,0
0.0,0.0,1.0,1.0,0.0,3.17,1.17,0.0,1.35,15.35,1.53,4.0,55.0,3.0,14.06,18.52,2.0,8.4,7.44,0.17,1.0,-0.35,1.0,0.0,7.48,4.0,1
0.0,0.0,1.0,0.0,0.0,-0.62,1.0,0.38,0.0,1.62,1.4,-0.25,0.0,2.0,2.0,0.0,0.38,2.38,2.38,-7.12,-8.37,-2.81,0.0,0.0,2.0,-0.62,0
0.5,0.0,1.5,0.5,0.0,1.51,1.5,4.97,3.99,1.51,0.73,0.99,35.29,1.0,0.0,2.51,1.5,6.16,2.5,1.5,1.0,1.25,0.0,0.0,1.5,0.5,0
2.0,0.0,1.81,-0.81,1.0,0.0,3.81,2.0,5.81,25.86,0.67,0.0,61.0,3.81,0.0,19.24,1.81,3.42,0.81,0.81,1.81,0.75,1.0,0.0,0.57,0.0,0
2.89,0.0,1.0,0.0,0.0,0.72,1.0,2.45,0.0,8.95,0.05,1.0,0.0,3.45,2.0,10.12,1.0,4.06,1.55,0.28,1.0,0.38,0.72,0.0,1.28,0.0,1
0.0,3.0,1.0,0.0,0.0,6.0,1.0,-0.76,0.0,0.76,7.25,-0.76,0.0,-0.76,0.48,0.76,0.76,-1.27,-1.27,-0.76,1.0,0.0,0.0,0.0,2.0,0.0,0
4.83,3.41,1.0,0.6,0.0,2.81,3.41,0.6,11.45,16.05,-0.1,0.0,102.29,1.0,1.0,6.04,2.6,3.87,1.0,0.4,1.0,1.52,0.0,0.0,4.81,1.21,0
1.0,7.0,1.73,-0.73,0.0,-2.65,3.0,0.0,6.54,11.08,0.22,0.0,31.96,1.27,0.0,2.35,2.73,1.45,0.0,0.0,1.0,0.58,0.0,0.0,2.27,2.27,0
0.0,0.0,3.0,0.0,0.0,-0.71,1.0,1.71,8.42,2.29,-0.07,7.13,64.0,1.29,0.0,10.68,1.0,3.24,0.71,2.0,1.0,-0.04,1.71,0.0,1.0,2.71,0
40.65,-1.71,5.0,24.21,11.24,-1.71,9.53,2.71,27.21,70.98,-0.49,-0.85,130.51,1.85,-0.85,14.09,2.85,4.34,0.15,1.0,1.0,0.99,1.0,0.0,3.85,6.41,1
0.0,0.0,1.0,0.0,0.0,3.0,2.0,0.0,3.89,1.11,1.73,0.0,0.0,-0.89,0.95,2.11,2.95,6.86,7.74,2.95,1.0,0.43,0.0,0.0,0.05,-0.95,0
3.0,0.0,1.0,0.0,0.0,2.0,4.08,0.0,11.08,12.32,-0.08,4.84,70.0,3.0,0.0,23.84,1.08,5.42,1.92,2.92,1.0,1.53,1.92,0.0,2.84,0.0,1
0.0,0.0,1.0,0.0,1.0,6.0,1.0,0.0,0.51,1.0,-0.46,11.03,0.0,2.03,0.0,11.51,0.49,2.54,2.54,12.54,1.0,1.64,0.5,0.0,0.49,1.0,0
-4.35,0.0,1.0,0.0,0.27,5.08,-0.45,-3.63,-2.9,-25.84,2.25,14.27,2.9,-0.45,0.73,-16.49,0.27,0.93,2.0,14.0,480.0,1.66,1.54,0.0,-2.63,-4.35,1
0.0,-2.75,1.0,0.0,0.0,-5.51,2.84,0.92,7.43,20.36,-5.07,0.0,56.01,3.84,-1.84,13.26,2.84,3.51,1.08,2.0,1.0,1.68,0.92,0.0,0.08,1.84,0
3.0,0.0,0.41,0.59,0.0,-0.93,5.0,0.0,12.0,15.41,-0.51,3.0,70.0,1.24,0.0,20.24,2.0,2.99,0.41,0.24,-0.17,1.25,1.0,0.0,2.17,0.0,1
3.04,0.0,2.0,0.0,1.0,5.36,3.72,-1.36,6.81,11.21,1.88,0.0,47.64,1.0,0.0,6.81,1.68,2.85,-0.68,1.0,1.0,2.75,0.0,0.0,2.32,-0.68,0
-0.67,0.0,2.0,1.0,1.11,3.89,1.0,8.89,6.0,-6.67,0.23,4.22,71.0,-0.67,0.0,-3.45,1.0,6.35,2.0,1.56,1.0,1.79,-0.56,0.0,2.0,1.0,0
0.0,0.0,-0.58,-0.79,-0.79,-0.79,1.79,0.79,3.15,9.88,1.56,0.79,9.45,2.79,0.79,8.88,1.0,6.18,0.42,2.0,1.0,-0.88,0.79,0.0,2.0,3.15,1
-1.6,0.0,0.2,0.0,-1.6,0.0,3.4,0.0,3.2,7.6,1.96,1.6,-4.8,4.6,1.0,2.6,1.0,0.15,-0.8,2.8,1.0,-0.17,1.8,0.0,0.2,2.0,0
0.0,2.0,1.0,0.0,0.0,0.82,1.0,0.82,0.82,-0.82,4.14,-1.64,0.0,-0.82,2.0,1.82,0.0,-1.23,-1.64,0.82,1.0,-0.61,0.0,0.0,2.0,0.82,0
0.0,-0.7,1.0,0.0,0.0,0.0,3.11,0.7,2.81,7.62,0.52,2.0,18.26,3.4,-0.7,22.16,0.3,3.32,1.3,2.0,1.0,-0.27,1.18,0.0,1.6,2.11,1
0.7,4.92,0.3,2.0,-4.22,-2.81,2.41,2.0,7.63,19.63,-0.24,0.0,129.85,3.7,0.0,22.22,1.7,2.41,-0.41,-0.41,0.3,-0.1,1.0,0.0,2.41,4.11,1
15.0,3.56,5.0,8.0,1.0,1.42,1.0,1.0,11.0,4.87,1.38,0.0,88.0,-1.13,4.98,1.58,1.29,16.35,12.38,0.29,1.0,1.48,0.0,0.0,0.29,-0.71,0
1.0,1.0,1.0,0.0,0.0,5.0,-0.63,-0.54,0.74,-1.06,1.77,0.0,9.57,-0.09,0.0,-6.77,2.54,2.64,1.09,2.54,1.0,0.42,-0.14,0.0,2.0,0.37,0
5.0,0.0,2.51,0.0,2.0,0.48,2.0,0.0,8.51,9.0,-0.46,1.0,76.0,1.0,-3.04,20.0,2.51,-9.26,2.0,1.51,1.0,1.94,0.0,0.0,0.99,0.0,0
0.0,0.0,1.0,0.0,0.0,0.0,1.0,0.94,-1.88,1.94,-0.73,0.0,0.0,4.82,-0.94,9.77,0.06,-0.82,-1.77,4.06,1.0,2.76,0.0,0.0,0.06,0.0,0
-25.42,0.0,-2.77,-7.53,-0.94,5.0,1.0,-0.94,-10.35,-3.71,3.63,0.0,-81.89,4.0,0.0,0.18,1.0,-2.66,1.0,3.0,2.0,0.58,-0.94,0.0,0.12,-2.82,0
0.0,0.0,1.0,0.0,0.15,2.62,1.0,1.69,1.69,1.85,0.44,1.54,42.29,1.85,0.0,3.39,1.0,1.42,0.15,2.54,1.0,0.76,0.08,0.0,1.85,0.15,0
-3.76,-2.38,1.0,-0.59,2.59,6.22,-1.38,-0.59,-6.54,-7.92,0.61,4.0,-8.33,1.0,0.0,0.46,0.41,-0.25,0.59,2.0,1.0,0.03,-0.59,0.0,-0.19,-1.19,0
1.0,5.12,1.0,1.0,0.0,4.27,2.46,0.0,3.66,8.58,0.41,6.27,111.35,2.0,0.0,14.46,1.73,-2.43,-1.19,-0.46,1.0,0.3,0.27,0.0,1.73,2.19,1
0.0,0.0,1.85,-0.85,0.0,0.0,1.0,0.0,1.85,3.69,0.45,0.0,0.0,2.85,0.0,9.23,1.0,4.61,3.69,3.69,1.85,2.77,0.0,0.0,-1.54,0.0,0
5.28,-0.76,-0.52,0.76,0.76,-0.76,0.24,1.0,-6.34,4.45,-0.03,0.76,67.62,2.76,0.0,19.79,0.24,3.71,0.24,2.0,1.0,0.95,0.0,0.0,2.76,0.76,0
3.0,0.0,2.22,0.0,0.61,-2.25,3.78,0.0,13.22,14.78,-1.14,3.0,44.47,3.0,-0.61,20.18,2.61,5.71,2.22,2.0,1.0,2.75,0.39,0.0,2.22,0.0,1
10.84,0.0,1.68,12.19,8.13,1.35,7.77,4.06,15.9,52.81,0.51,0.0,64.36,2.68,0.0,15.16,1.68,4.67,2.0,2.0,1.68,1.99,0.0,0.0,-0.35,2.71,0
0.0,0.0,1.0,0.0,0.0,2.52,1.84,-1.68,1.0,3.68,1.53,-2.52,0.0,0.32,0.0,-1.73,1.84,4.18,2.84,2.0,1.0,1.86,-0.84,0.0,0.16,-0.84,0
0.0,1.0,1.0,0.0,0.0,2.86,1.0,0.0,4.38,7.86,2.14,0.0,62.0,0.38,3.73,-2.49,1.0,19.91,0.38,-0.24,1.0,-0.4,0.0,0.0,4.86,0.0,0
2.52,0.0,1.0,0.0,0.0,0.0,1.0,-1.68,4.0,17.52,0.32,-0.84,125.84,1.0,0.0,2.84,1.0,2.97,-1.68,1.84,1.0,0.87,0.0,0.0,1.84,1.84,0
0.91,0.91,1.0,0.0,1.0,4.55,1.0,0.0,0.0,-7.2,1.3,15.0,-22.77,1.0,0.0,6.91,1.91,1.97,2.0,14.91,480.0,1.83,1.0,0.0,1.91,0.91,1
-1.72,0.0,0.46,0.0,-1.09,0.91,0.46,0.0,-0.81,1.19,0.49,1.54,-25.42,3.09,0.0,-5.81,0.46,6.44,3.54,3.09,1.0,1.96,1.0,0.0,1.46,0.0,1
0.87,2.61,2.74,1.0,0.0,10.22,1.0,0.87,4.74,7.26,-0.18,0.0,89.09,2.87,0.0,8.61,0.13,6.13,2.74,1.0,1.0,1.11,0.87,0.0,6.48,1.0,1
0.0,0.0,1.0,1.91,0.0,6.17,8.48,0.91,1.83,15.14,0.84,0.91,191.38,2.83,-4.48,8.57,1.0,-23.78,-0.91,1.91,1.0,-0.4,1.91,0.0,-0.83,0.91,1
1.0,0.0,2.0,1.0,0.0,0.0,1.0,10.0,6.0,0.0,0.1,2.0,71.0,1.0,0.0,1.0,1.0,8.0,2.0,1.0,1.0,2.08,0.0,0.0,2.0,1.0,0
1.0,0.0,2.0,0.0,1.0,4.0,1.0,0.0,0.61,1.61,0.53,1.21,0.0,1.61,0.0,1.21,1.0,-2.24,-4.24,2.21,1.0,1.95,0.0,0.0,3.0,0.0,0
-0.63,1.26,0.37,-0.63,0.0,0.0,1.0,-6.32,-3.79,2.0,3.08,0.74,-44.84,1.37,1.26,6.0,0.37,-1.55,0.74,1.37,1.0,-1.31,1.0,0.0,3.0,-0.63,0
1.0,3.0,3.0,0.0,0.0,6.78,3.35,1.78,6.71,10.2,-0.71,0.0,92.78,2.0,0.0,19.48,1.0,5.41,1.43,-1.35,1.0,1.1,0.41,0.0,1.86,2.35,1
0.0,0.0,1.0,0.0,0.0,0.0,1.0,0.0,0.0,2.74,1.17,-1.74,0.0,3.74,0.0,4.26,0.13,1.13,0.26,-8.9,-12.03,-1.76,0.0,0.0,1.87,-0.87,0
0.73,0.0,1.0,0.73,0.0,2.94,1.0,0.0,0.27,2.0,-0.04,5.14,48.48,2.73,0.0,10.88,0.27,1.89,1.27,1.27,1.0,2.27,0.73,0.0,1.0,0.0,1
-0.96,0.0,0.04,-0.96,0.0,0.0,1.0,-8.63,-4.82,3.89,1.87,-0.93,-68.38,2.96,2.0,0.0,1.0,-3.74,1.07,1.0,1.0,-2.0,0.0,0.0,2.96,-0.96,0
15.0,-0.92,5.0,8.0,1.0,-6.43,1.92,1.92,16.51,19.85,-3.15,0.92,152.27,2.84,-0.92,11.26,3.84,12.43,0.08,1.0,1.0,1.84,0.0,0.0,2.84,3.67,0
-6.71,-1.84,1.96,-0.96,0.0,1.92,-2.84,0.96,-5.76,-7.67,3.99,0.0,-10.55,0.0,2.96,-7.63,-0.96,0.7,0.96,0.0,1.0,1.05,-0.96,0.0,0.08,-1.92,0
2.0,0.0,2.81,0.6,1.0,1.2,3.0,2.0,5.6,21.6,-0.86,2.41,76.05,3.6,0.0,16.6,1.0,-1.71,-4.82,1.81,1.6,2.44,1.0,0.0,4.81,0.0,1
0.93,0.0,1.93,0.0,0.93,8.72,1.0,0.0,0.0,2.07,5.62,0.0,0.0,-1.86,1.07,-0.93,0.0,4.93,2.0,-0.93,1.0,1.39,0.07,0.0,3.86,-1.86,0
0.0,4.15,0.17,0.0,-4.98,-0.66,1.0,0.0,2.0,-3.98,5.1,0.0,0.0,0.17,6.81,0.0,1.17,18.58,16.62,2.17,0.17,-0.83,0.0,0.0,4.66,0.0,0
0.0,0.0,1.0,-0.77,1.0,0.0,0.23,-0.77,1.45,-7.28,1.82,0.0,-2.05,2.0,-2.32,0.23,1.0,0.0,1.0,1.0,1.0,0.54,0.0,0.0,2.0,0.23,0
1.0,0.0,1.0,0.0,2.0,8.0,1.0,0.0,2.01,7.52,0.01,4.0,39.11,0.5,0.0,7.0,1.0,1.52,0.0,1.5,1.0,0.29,-0.5,0.0,1.0,0.0,0
2.15,-1.08,1.0,1.0,0.0,3.39,1.0,-1.08,1.39,15.99,0.69,-0.54,39.35,3.61,-0.54,12.99,1.0,1.58,0.46,1.54,1.0,0.14,0.54,0.0,3.0,1.0,1
0.0,0.0,1.0,1.06,0.0,1.0,0.47,3.06,1.53,6.26,1.61,0.0,64.92,2.53,9.0,7.45,0.47,4.15,0.0,1.0,1.0,-0.09,1.2,0.0,5.0,2.06,0
0.36,-0.64,0.36,0.64,2.0,4.79,1.0,0.0,-2.57,-2.85,0.16,4.0,-34.02,1.0,0.0,5.07,0.36,-1.1,0.0,0.72,0.36,-0.26,0.0,0.0,2.28,-1.28,0
-10.5,0.0,-2.6,-7.2,-0.9,2.0,5.0,0.9,3.9,10.6,0.32,5.7,-9.21,4.8,0.0,30.1,1.1,1.77,1.9,2.9,1.0,0.51,1.9,0.0,1.9,0.9,1
1.53,1.0,1.53,-0.53,0.53,5.0,0.47,0.0,2.42,-2.44,2.13,-2.11,23.99,-0.05,0.0,-8.07,1.47,2.47,0.0,2.0,1.0,1.19,-0.53,0.0,0.95,-0.11,0
0.0,0.0,1.54,0.0,0.0,0.0,2.0,1.0,6.54,15.61,-0.41,1.0,70.0,0.93,0.46,11.0,2.54,10.01,0.54,0.46,1.0,0.72,0.46,0.0,3.54,2.93,0
1.97,0.0,1.66,-0.66,1.0,0.0,1.0,0.66,1.31,6.91,0.08,15.0,37.42,1.66,0.0,16.51,1.0,4.58,2.66,15.31,480.66,2.0,1.0,0.0,-0.31,0.0,1
0.26,1.0,0.26,-0.74,0.0,5.74,1.0,-7.41,-0.45,8.22,2.86,-1.48,0.38,2.48,0.0,3.74,2.0,-1.7,-1.48,2.74,1.0,-1.14,0.0,0.0,3.48,2.0,0
-0.61,0.0,1.0,0.0,0.0,0.39,1.61,0.0,1.84,12.22,2.15,-1.84,-6.76,3.61,0.0,6.92,1.61,2.57,-0.61,2.0,1.0,-1.11,0.0,0.0,6.46,3.46,0
0.0,0.0,1.0,0.0,0.0,0.47,-0.05,0.47,-3.15,-2.73,0.97,0.0,-42.05,3.47,0.0,-5.99,1.53,1.61,1.53,2.0,1.0,2.2,-0.13,0.0,2.0,-1.58,0
-7.3,-3.65,1.0,-0.91,0.0,-2.74,-1.65,0.09,-6.77,0.32,1.39,1.0,-2.97,2.0,1.0,0.97,1.09,9.1,1.82,1.91,1.0,-0.24,0.09,0.0,1.18,1.26,0
11.01,0.0,4.0,14.07,8.26,3.38,7.88,4.13,16.14,52.92,-0.52,4.0,90.37,3.0,0.0,11.32,1.69,-1.18,-4.88,3.31,2.0,3.75,0.0,0.0,4.69,2.75,0
4.0,0.52,2.0,5.0,5.0,11.52,1.0,0.0,2.6,3.6,-0.41,3.0,104.2,0.48,0.0,7.0,1.0,1.86,-2.67,1.0,1.0,2.14,0.0,0.0,4.04,2.0,0
0.0,0.0,1.39,0.0,2.34,1.95,1.0,0.0,0.61,3.56,0.7,0.0,0.0,1.61,0.0,3.05,1.0,2.63,2.0,2.0,1.39,1.3,0.0,0.0,1.0,0.0,0
0.0,4.38,1.0,0.0,0.0,1.75,3.0,1.0,5.25,19.12,1.65,0.0,61.0,1.12,5.26,9.0,0.25,14.54,9.64,-1.75,1.0,0.2,1.0,0.0,1.0,2.0,0
6.49,4.0,1.0,1.0,1.51,9.05,5.0,1.0,12.49,14.73,0.95,1.51,36.88,0.49,0.0,7.46,2.0,0.98,0.0,0.24,1.0,0.44,0.24,0.0,2.49,1.49,0
-5.61,-3.21,1.8,0.2,0.0,6.6,-2.21,0.8,-1.81,2.59,1.21,0.0,54.18,2.0,0.8,-1.21,0.2,2.37,1.8,1.0,1.0,1.54,-0.8,0.0,1.4,-0.6,0
2.0,-1.02,1.0,0.0,1.0,0.0,3.0,2.0,5.0,21.51,-1.11,0.0,61.0,4.02,-1.02,18.54,1.51,3.22,1.02,2.54,1.0,0.74,1.0,0.0,2.49,0.0,0
0.0,0.0,1.71,0.0,4.25,3.54,1.0,0.0,1.0,5.83,0.33,0.0,0.0,2.0,0.0,1.0,0.29,2.3,0.71,1.71,1.71,-0.14,0.0,0.0,3.0,0.0,0
2.0,5.0,0.12,0.0,0.0,1.88,2.0,4.76,17.0,4.36,1.57,0.0,84.0,2.88,8.92,2.12,0.12,6.1,-0.88,1.0,1.0,0.4,0.59,0.0,3.64,0.88,1
0.0,0.0,1.55,-0.55,0.0,0.55,1.0,0.0,2.11,3.55,2.13,0.0,0.0,2.0,0.55,1.0,1.55,3.77,2.77,2.66,1.55,0.0,0.0,0.0,2.45,0.0,0
3.76,0.0,1.94,3.76,4.7,10.35,0.06,-0.94,-0.88,-10.23,0.67,2.82,-15.05,2.0,-2.82,9.7,0.06,5.57,3.88,2.94,1.0,3.25,0.0,0.0,1.94,0.94,0
1.34,8.35,0.33,0.0,0.0,3.67,1.67,2.01,10.74,1.34,3.88,0.0,41.6,0.67,7.67,1.34,-0.67,21.26,15.33,1.0,1.0,0.22,0.0,0.0,2.33,0.0,0
8.92,0.0,1.0,10.59,6.69,2.11,6.57,3.34,11.7,43.13,1.92,0.0,52.95,3.0,0.0,9.8,1.56,3.56,0.0,1.44,1.0,0.4,0.0,0.0,3.44,3.23,0
-0.81,1.69,2.12,-0.56,0.44,2.81,0.75,-0.25,3.88,-3.17,0.47,-0.56,23.89,2.44,0.0,-1.99,0.44,4.18,1.69,0.0,1.0,1.18,1.42,0.0,2.44,-3.37,0
0.38,4.0,1.0,0.05,-2.86,2.05,5.0,1.0,14.0,17.0,2.24,-0.95,-5.73,1.05,0.0,3.43,2.95,0.39,0.0,1.0,1.0,-0.94,1.0,0.0,3.05,1.09,0
14.33,0.0,1.0,17.01,10.75,2.79,12.95,6.37,26.7,80.37,-1.26,0.0,165.07,3.9,0.0,35.54,1.0,5.11,0.0,1.0,1.0,1.36,0.25,0.0,1.0,6.58,1
0.0,5.0,1.0,0.89,0.0,3.0,1.89,0.89,1.79,10.73,2.88,0.0,78.69,-0.89,9.68,0.89,0.89,19.14,14.21,-0.79,1.0,0.25,0.0,0.0,3.0,0.89,0
-3.45,3.0,3.0,0.0,0.0,6.0,-0.11,0.44,-5.23,-7.23,0.86,1.11,-12.27,2.56,0.0,0.22,0.44,5.56,4.11,1.56,1.0,1.67,1.0,0.0,3.89,-0.56,0
4.0,0.0,1.19,5.0,5.0,11.0,1.0,0.0,21.09,-0.62,-0.69,3.0,72.0,-0.62,1.62,5.38,0.19,4.79,2.0,-0.62,0.19,2.14,-0.81,0.0,3.0,1.19,0
0.0,0.0,1.0,0.0,0.4,9.0,1.0,0.0,0.0,2.2,3.63,1.0,0.0,0.4,1.2,7.4,0.4,2.2,1.0,2.6,-286.37,0.05,0.5,0.0,1.6,1.0,0
15.73,-0.73,5.73,8.0,1.73,-2.19,1.0,1.0,11.0,7.73,-1.39,0.0,88.0,1.73,-1.46,1.54,2.73,5.08,0.27,1.0,1.0,2.58,-0.73,0.0,2.46,0.0,0
0.0,0.0,1.07,0.0,0.0,0.0,2.93,1.0,7.0,19.38,0.29,0.18,61.11,2.0,0.0,8.86,1.96,2.13,0.0,0.07,1.0,0.25,1.0,0.0,1.0,2.0,0
0.52,0.0,1.0,0.0,0.0,2.04,1.0,2.0,2.56,3.56,1.83,-0.52,33.35,2.0,9.0,-1.04,1.0,5.25,0.52,1.0,1.0,1.39,0.67,0.0,4.48,1.0,0
1.0,1.0,1.0,0.0,0.0,3.06,1.0,1.29,5.29,3.42,-0.2,1.94,53.0,2.29,-3.88,10.11,2.0,-14.6,0.65,3.29,1.0,-0.15,0.65,0.0,0.71,2.65,0
0.68,0.0,1.0,0.0,1.0,8.73,-3.09,-0.68,-1.36,-7.87,0.31,14.09,-23.2,0.32,0.0,15.78,1.0,0.99,1.68,11.0,1.0,2.19,0.5,0.0,0.32,0.32,0
0.0,2.97,0.41,0.0,0.0,2.78,1.0,0.0,1.41,-1.97,4.52,0.0,0.0,0.41,5.15,-0.59,0.81,15.56,13.9,3.0,1.0,-0.37,0.0,0.0,3.59,0.0,0
4.0,1.45,1.0,-0.72,0.0,1.0,0.28,1.28,-1.45,2.86,2.92,0.0,-63.77,3.28,-0.72,14.28,-0.45,2.07,0.0,1.0,1.0,0.32,1.0,0.0,1.0,-0.72,0
0.0,0.0,1.0,1.0,0.0,2.64,2.0,0.0,3.0,17.68,-0.3,4.0,55.0,3.0,-11.59,20.32,2.0,-5.44,-7.5,1.0,1.0,0.82,1.0,0.0,2.95,4.0,1
0.0,0.0,-1.37,-0.79,0.0,3.37,1.0,0.0,-0.79,2.21,2.72,-3.16,-19.75,3.79,0.0,3.58,1.0,0.36,-0.79,1.21,1.0,-1.78,0.0,0.0,2.42,1.0,0
0.0,-2.93,1.0,0.0,0.0,-1.17,1.0,1.17,1.59,3.17,0.69,0.0,14.66,4.17,1.17,2.0,1.59,-6.35,-7.38,4.0,1.0,1.5,1.39,0.0,6.17,0.59,0
5.63,0.0,1.0,0.7,1.41,1.7,1.0,0.0,-0.11,1.0,2.43,0.7,16.88,1.0,1.0,5.63,2.0,6.41,5.0,3.0,1.0,1.52,0.0,0.0,3.0,0.7,0
3.0,0.0,1.0,-0.89,0.0,0.0,0.11,0.11,0.21,-1.72,1.63,0.0,-21.59,3.79,-1.79,15.11,0.11,3.09,1.0,3.79,1.0,-0.25,0.89,0.0,1.11,0.89,0
0.0,0.0,1.0,0.0,0.0,1.0,1.0,1.0,0.0,2.0,0.8,1.98,0.0,4.99,0.0,1.02,1.0,2.5,1.99,2.99,1.0,1.66,0.0,0.0,2.0,0.0,0
0.0,-1.05,1.0,0.0,0.0,0.0,1.0,0.0,0.52,3.57,0.53,0.0,0.0,2.05,-1.05,0.0,2.52,1.52,1.0,1.52,1.0,1.2,0.0,0.0,1.52,0.0,0
17.76,0.0,5.53,7.17,-1.76,-0.88,1.0,10.88,15.7,4.41,-0.11,1.12,68.35,0.12,0.0,-4.29,1.88,9.22,2.0,1.0,1.0,0.96,0.88,0.0,2.88,1.88,0
3.49,-3.58,1.0,0.0,0.0,0.49,-0.02,2.51,-4.09,6.36,0.77,0.51,-39.86,4.0,1.02,11.93,0.49,4.12,1.53,1.51,1.0,0.21,1.0,0.0,0.49,-1.53,0
-8.33,0.0,-1.5,-6.66,0.83,1.67,2.83,0.17,3.5,15.67,0.6,1.83,60.01,2.0,1.0,25.15,2.0,10.05,0.83,1.0,1.0,0.87,1.0,0.0,3.83,4.0,1
0.0,0.0,1.0,0.0,0.0,1.57,1.52,-0.52,1.05,2.05,1.37,-0.52,0.0,1.48,-1.05,8.1,1.52,2.7,2.0,5.52,1.0,0.72,0.0,0.0,0.48,0.0,0
8.93,4.0,1.93,1.93,0.0,3.0,5.0,10.3,19.58,15.14,-1.29,1.86,146.01,0.14,-0.93,12.0,2.0,9.27,1.86,0.07,1.0,2.63,0.07,0.0,4.93,2.07,0
-2.16,1.44,1.0,0.0,0.0,1.44,-1.88,2.88,-5.47,-9.5,2.54,-1.44,-18.7,1.56,0.72,-12.38,0.28,3.18,2.0,2.56,1.0,1.26,0.28,0.0,5.0,0.0,0
-0.76,0.0,0.24,0.0,0.0,-2.8,1.0,-1.52,-3.32,-4.32,2.55,1.52,-52.48,1.76,0.24,-0.76,2.0,4.62,6.52,4.52,1.0,-0.79,0.0,0.0,2.24,-0.76,0
-0.86,-2.58,-1.72,1.0,0.0,-3.44,1.0,-0.86,-1.72,0.86,2.46,0.0,-25.83,0.14,14.64,-1.72,1.86,5.17,7.75,0.0,0.0,-1.48,-0.86,0.0,3.14,0.0,0
0.0,0.0,1.0,0.0,0.0,1.0,3.7,1.9,5.41,11.72,-0.19,2.0,72.1,3.8,0.0,22.22,1.1,2.77,1.2,17.1,16.0,4.97,0.23,0.0,1.0,3.7,1
4.17,-0.79,1.79,4.97,3.97,12.93,1.0,0.0,-2.38,-2.76,0.39,9.38,80.28,2.0,-0.79,18.55,0.21,3.81,1.79,1.0,1.0,2.63,1.0,0.0,1.0,1.59,0
-23.83,0.0,-1.87,-7.65,5.78,4.78,3.0,1.04,-5.52,20.04,1.22,0.0,-22.22,3.0,0.0,13.13,0.04,0.24,0.96,0.96,1.96,-0.14,0.04,0.0,1.09,-2.87,0
-0.57,0.0,1.0,2.0,-1.15,-4.6,1.0,2.0,2.0,14.57,0.97,-2.3,75.0,3.0,0.0,13.98,1.57,3.47,1.57,0.43,1.0,0.86,1.0,0.0,1.0,2.0,1
0.0,0.0,1.0,0.0,0.0,2.0,1.0,2.0,2.0,2.0,0.71,0.0,50.0,1.44,0.0,2.0,1.56,0.38,-1.12,-0.12,1.0,0.67,0.0,0.0,2.0,0.0,0
0.0,-0.52,1.0,0.0,0.0,1.52,1.0,1.03,0.45,-1.06,2.33,0.0,-6.18,1.52,1.0,1.03,2.0,3.93,4.48,3.0,1.0,0.34,0.0,0.0,2.48,0.0,0
6.0,-0.85,1.0,1.0,1.0,-4.95,5.0,6.7,5.7,43.85,-2.91,3.55,96.0,5.55,-1.7,43.5,2.85,3.61,0.85,1.85,1.0,0.47,0.25,0.0,6.85,6.85,1
0.0,0.0,1.0,0.0,0.0,3.0,2.0,0.94,0.12,3.94,-0.54,0.0,0.0,3.81,-0.94,7.75,1.06,1.52,-0.75,1.06,1.0,2.68,0.0,0.0,0.06,0.0,0
16.5,3.74,2.76,7.25,1.0,-0.75,1.75,3.24,22.96,10.74,-0.44,-2.99,115.66,0.25,0.75,4.5,2.0,5.07,-0.5,-1.24,0.25,-0.24,0.0,0.0,-1.24,0.0,0
0.89,0.0,2.11,-0.89,-0.89,3.57,1.0,2.78,12.35,7.46,0.41,5.0,73.82,2.89,0.89,6.78,0.11,2.11,-0.89,2.0,1.0,1.92,1.0,0.0,0.11,2.89,1
0.0,-1.53,0.49,0.0,0.0,-3.07,1.0,0.0,13.3,1.0,-0.37,0.0,0.0,2.0,0.0,0.0,1.0,9.49,9.49,1.0,0.49,0.0,0.0,0.0,0.49,0.0,0
1.0,1.0,1.0,0.0,0.0,5.99,1.0,1.98,4.99,6.0,0.76,0.0,102.41,1.99,0.0,0.04,1.01,1.51,-1.98,1.01,1.0,0.32,0.0,0.0,2.99,2.0,0
8.0,4.0,1.0,1.73,-0.73,8.86,6.47,1.0,14.0,20.67,2.37,-11.0,153.31,2.0,0.73,10.53,2.0,2.03,-1.47,-8.53,-350.13,-0.77,1.0,0.0,4.0,3.0,0
0.0,0.0,0.0,1.0,0.0,0.86,3.58,0.86,6.02,11.18,-1.09,0.0,68.8,1.0,-0.86,18.92,1.0,1.08,0.0,-0.86,0.0,0.61,-0.65,0.0,4.0,0.86,0
2.49,0.0,0.31,1.69,3.0,1.0,-0.38,-0.69,-9.64,-8.33,0.41,1.0,37.67,1.31,0.0,4.18,0.31,0.89,0.31,-0.38,0.31,2.35,0.0,0.0,2.69,1.31,0
0.0,0.0,-1.95,0.98,0.0,3.03,1.0,1.97,0.98,12.82,0.92,-3.94,49.24,4.0,0.0,19.74,1.0,0.69,0.02,0.05,1.02,-2.04,0.98,0.0,-0.95,1.97,0
-0.77,0.0,1.0,0.23,0.0,0.14,2.0,0.0,3.0,17.0,1.75,-1.41,4.02,2.23,0.0,11.73,2.77,0.77,-0.77,0.23,1.0,-1.39,0.23,0.0,5.77,4.0,0
0.0,0.0,-0.01,-0.5,0.5,-0.5,1.0,0.0,1.99,0.49,0.73,0.0,36.77,2.5,0.0,3.52,0.5,0.24,1.0,3.02,1.0,0.25,0.0,0.0,0.99,1.0,0
-2.83,2.0,1.0,0.0,0.0,4.0,1.0,4.0,2.06,-1.89,2.75,-0.89,-9.75,1.0,1.0,-8.37,1.0,3.97,2.89,0.94,1.0,2.6,0.0,0.0,2.89,-1.89,0
-1.6,-3.99,1.0,0.0,0.0,1.0,0.2,1.2,-11.78,-1.99,3.33,0.0,-4.55,2.0,15.39,-2.4,1.0,2.28,0.0,1.0,1.0,-0.76,1.2,0.0,8.19,1.8,0
0.0,-1.37,1.0,0.0,0.0,-2.05,1.0,-2.05,-1.05,2.0,0.35,2.68,-30.08,3.68,-0.68,4.73,1.68,2.43,4.37,15.31,11.26,3.14,0.0,0.0,1.0,0.68,0
6.0,0.0,0.41,1.0,-2.55,-1.96,5.0,5.0,4.0,40.63,0.84,1.0,96.0,3.0,0.0,35.59,2.59,0.8,-1.18,-0.18,0.41,-0.13,0.25,0.0,6.59,6.0,1
3.82,0.0,1.76,-0.76,1.53,0.76,-2.82,-0.76,4.58,-2.58,1.67,0.0,-18.32,0.47,0.0,12.69,1.76,2.76,1.53,2.0,1.0,1.25,0.24,0.0,1.0,0.24,0
5.83,0.71,2.41,-0.71,1.41,-2.12,1.71,1.0,9.77,13.24,0.21,-4.95,64.07,1.29,0.0,9.64,1.71,5.42,1.71,2.0,1.0,-0.09,-0.71,0.0,2.0,0.71,0
0.0,2.0,1.84,0.0,0.0,-0.84,-1.52,-0.84,-5.05,-8.41,4.29,0.0,-67.29,-1.68,2.0,-17.5,0.84,-0.71,0.84,0.0,1.0,-0.08,-0.21,0.0,2.84,-2.52,0
0.0,3.0,1.0,0.0,0.0,4.24,0.12,1.76,-0.88,-0.88,6.95,0.0,22.01,0.88,9.92,-3.52,-0.88,0.05,-1.64,-0.88,1.0,-0.38,0.59,0.0,5.52,0.88,0
4.54,2.0,1.0,0.0,0.0,3.43,2.13,4.57,10.94,6.81,0.05,1.0,87.1,0.43,1.0,4.84,1.57,4.66,1.57,0.0,1.0,1.97,0.0,0.0,0.43,0.0,0
3.42,0.0,1.85,4.27,4.27,6.12,1.0,0.0,1.0,2.0,0.07,2.56,61.48,-1.56,0.0,8.42,2.0,6.09,2.85,0.29,0.15,1.73,0.0,0.0,1.85,1.71,0
-0.96,-2.89,-0.93,0.0,0.0,-2.89,1.96,-0.96,4.0,17.89,1.01,0.0,49.1,0.04,0.0,2.96,1.96,0.93,0.0,1.96,1.0,-0.65,-0.96,0.0,-2.85,1.0,0
-0.96,-6.71,1.0,0.0,0.0,0.0,-0.92,0.96,-6.67,-11.42,2.02,1.92,-74.77,3.0,0.0,2.0,1.0,4.22,4.88,21.25,15.38,5.7,1.0,0.0,3.08,-1.92,1
29.53,0.0,5.63,10.53,4.16,6.94,0.37,0.37,9.74,-1.21,0.13,1.89,76.9,1.0,-1.89,6.16,1.37,6.95,2.26,1.63,1.0,2.83,1.0,0.0,3.63,3.63,1
1.0,0.0,2.0,0.0,0.75,2.74,1.0,2.0,8.0,5.99,-0.85,11.29,69.0,2.0,-3.51,6.76,1.0,-16.67,1.75,11.53,361.43,2.65,0.75,0.0,-0.26,1.0,0
0.0,0.68,1.68,-0.68,0.0,5.76,1.0,0.0,0.0,3.0,4.35,0.0,0.0,2.32,1.36,3.36,0.32,3.01,0.68,2.68,1.68,0.0,0.68,0.0,1.96,1.0,0
4.0,0.0,1.0,0.0,0.0,0.26,1.0,1.26,2.94,24.04,0.26,-1.47,57.41,3.26,0.0,12.06,0.26,3.13,-2.21,-11.51,-10.04,-2.72,1.0,0.0,1.0,0.0,1
0.0,0.0,1.0,0.0,0.0,1.98,1.66,2.0,2.66,1.66,0.51,1.68,0.0,1.68,0.0,13.32,1.66,3.21,2.0,1.34,1.0,-0.21,1.0,0.0,2.0,1.0,0
-0.74,-2.21,-0.47,0.0,0.0,-1.42,2.0,-0.74,0.53,3.74,3.03,0.0,-22.09,1.0,0.0,1.79,2.0,7.28,8.15,2.0,1.0,-0.83,-0.74,0.0,-1.95,0.0,0
-1.41,1.0,1.7,0.0,0.7,9.81,1.0,-0.7,-1.41,-5.63,4.89,0.0,-40.11,-0.7,2.0,-9.26,0.0,-0.35,0.3,0.3,1.0,1.06,1.0,0.0,1.7,0.0,0
2.0,5.0,1.0,0.0,0.0,1.0,2.0,3.0,17.0,7.0,0.47,0.0,62.0,2.0,1.0,3.0,1.0,4.47,0.0,1.0,1.0,0.95,0.0,0.0,1.0,0.0,0
0.0,0.0,1.0,0.0,0.0,0.0,1.0,-1.7,0.15,3.7,1.51,-0.55,0.0,2.15,0.0,-7.35,1.0,1.87,1.3,2.15,1.0,0.75,-0.85,0.0,1.85,-0.85,0
0.0,1.75,1.58,-0.58,0.0,3.51,2.0,-4.26,3.66,14.0,0.57,-0.17,46.04,2.58,1.0,12.17,2.0,8.63,0.58,1.0,1.0,0.18,1.58,0.0,4.75,3.42,0
-0.78,-0.78,0.22,0.0,0.0,-2.88,4.0,1.0,24.08,10.34,-0.79,0.0,38.85,2.22,1.55,20.67,-0.55,0.31,0.0,-0.55,0.22,0.4,0.25,0.0,0.22,1.45,1
3.73,0.0,1.0,1.0,0.0,3.18,1.0,-0.91,0.0,8.36,0.03,7.0,72.36,2.0,0.0,25.73,1.0,3.87,1.91,1.91,1.0,1.19,1.0,0.0,1.0,0.0,0
6.74,-0.94,1.94,4.68,4.68,5.74,5.0,0.0,12.0,16.94,-2.68,5.81,137.32,3.94,-1.87,26.68,2.94,7.51,1.94,2.0,1.0,3.84,0.06,0.0,2.87,1.87,0
0.0,0.0,2.67,0.0,0.0,0.0,1.0,0.83,5.84,1.83,-0.48,4.17,53.39,2.83,0.0,9.34,0.17,4.5,2.0,6.67,1.0,1.89,0.83,0.0,0.17,1.67,1
8.8,0.0,1.8,0.0,0.8,2.41,3.0,1.0,12.39,15.0,-0.34,0.0,76.0,2.0,-0.8,7.0,1.2,1.38,-3.02,0.39,1.0,2.03,0.0,0.0,3.0,1.0,0
0.0,0.0,3.0,1.0,1.0,-0.3,1.0,-1.3,0.7,4.0,1.42,0.0,25.51,1.0,0.0,0.35,2.0,4.82,3.3,1.65,1.0,1.07,0.0,0.0,3.0,0.0,0
1.0,0.0,3.95,1.98,0.98,0.0,1.0,9.02,7.95,3.91,0.12,0.05,127.69,0.02,0.0,-3.89,1.0,9.47,1.02,-15.62,-13.66,-1.34,0.0,0.0,3.95,0.02,0
1.0,0.0,2.57,1.0,0.0,5.0,1.0,0.79,5.51,2.79,-1.24,10.93,116.34,2.79,0.0,16.15,0.21,4.03,1.0,2.57,1.0,3.11,1.79,0.0,0.21,1.57,1
0.0,1.68,-0.37,-0.68,-0.68,1.0,1.0,0.0,5.05,8.37,0.77,0.0,56.74,1.0,1.0,-0.68,1.32,1.86,0.32,1.0,1.0,0.07,0.0,0.0,3.0,0.0,0
8.0,0.0,1.0,1.0,3.0,1.0,1.0,0.0,0.0,2.57,0.49,1.0,90.0,2.0,0.0,6.73,1.0,2.65,-0.13,-0.7,1.0,2.63,0.57,0.0,2.0,2.57,1
0.0,5.0,1.0,0.0,0.0,4.0,3.99,1.0,6.98,12.96,2.35,0.0,79.76,1.99,7.0,22.93,-1.0,20.45,15.0,1.0,1.0,-0.48,0.25,0.0,3.0,2.99,1
0.0,0.0,1.0,0.57,0.0,2.84,1.0,-0.57,1.7,6.54,2.25,-0.57,35.73,1.0,-1.13,4.4,2.0,-0.69,-1.13,0.0,1.0,0.38,0.0,0.0,2.57,0.57,0
0.14,0.86,1.0,1.0,0.0,9.28,1.0,0.0,-2.57,-2.28,3.26,6.14,52.3,0.29,1.71,11.29,0.14,-3.76,-0.71,0.14,1.0,-0.48,1.0,0.0,0.14,0.0,0
3.0,0.0,1.0,0.0,0.0,0.0,1.0,0.0,2.0,4.0,0.17,2.0,57.0,3.0,0.0,13.0,1.0,2.86,0.0,3.0,1.0,0.33,1.0,0.0,3.0,2.0,1
-4.94,0.0,0.38,-0.62,-1.85,-0.62,1.0,0.0,16.04,0.77,2.08,-0.62,-55.53,-0.23,1.23,-4.55,1.38,-2.16,-0.62,-0.62,0.38,-1.8,0.0,0.0,1.38,-1.23,0
12.85,5.0,1.0,14.46,9.64,-1.82,7.42,4.82,17.67,55.41,2.31,0.0,-4.02,0.8,6.2,8.83,0.8,20.96,16.0,0.2,1.0,0.58,-0.8,0.0,3.8,3.21,1
-2.86,4.76,2.0,0.0,6.0,7.86,1.0,0.0,-1.91,2.19,4.8,-1.91,-54.3,-1.86,6.67,-12.38,0.05,18.4,17.24,0.09,2.0,0.68,-0.95,0.0,1.0,-1.91,0
2.55,0.0,1.0,-0.85,0.0,0.85,-0.7,-0.85,12.52,15.85,0.18,1.7,52.45,1.0,0.0,15.63,1.85,4.14,0.85,1.85,1.0,1.8,0.0,0.0,0.15,0.15,0
-0.99,0.0,1.0,2.0,0.0,-3.95,6.93,2.99,3.98,26.85,0.21,-5.93,108.6,3.99,0.0,11.08,1.0,3.21,0.01,1.0,1.0,-1.2,1.0,0.0,1.99,2.99,0
0.0,0.0,1.0,-1.87,0.0,1.0,1.0,-0.87,0.13,-10.19,1.66,1.87,-69.97,1.07,0.0,-8.19,1.0,1.79,1.93,4.93,1.0,-0.16,0.0,0.0,2.87,-0.87,0
-3.34,0.0,1.0,-15.05,-9.51,0.42,-1.34,-3.96,5.66,-31.53,-0.02,3.0,54.95,3.0,0.0,15.66,2.0,4.05,1.79,3.58,1.0,1.92,1.0,0.0,1.79,-2.38,1
0.0,0.0,1.0,0.88,-0.88,-2.53,4.0,9.83,12.3,14.12,-1.28,1.77,142.72,3.0,0.0,23.88,1.0,7.55,1.77,1.0,1.0,1.22,0.25,0.0,0.12,3.88,1
0.0,-2.93,1.0,0.0,0.0,-1.76,1.0,0.0,0.0,3.17,-1.24,3.17,0.0,3.17,-4.11,9.52,1.59,-5.71,-6.22,2.59,1.0,0.0,1.59,0.0,3.0,0.0,1
-7.04,0.0,3.0,-0.88,-2.64,-0.88,1.0,1.0,7.88,3.0,1.68,4.12,-15.2,2.88,0.0,-1.16,1.0,2.56,0.88,4.64,1.0,0.42,1.88,0.0,3.64,0.24,0
0.0,3.0,0.45,0.0,0.55,5.45,1.0,0.0,0.55,1.11,6.05,-2.22,18.3,-1.11,2.0,0.0,0.55,1.55,1.0,-1.66,0.45,-0.97,0.0,0.0,1.45,0.0,0
0.6,0.0,1.6,0.0,0.6,2.4,1.0,0.0,-0.6,-0.2,1.67,0.0,0.0,1.4,0.0,5.4,1.0,2.6,2.0,5.0,1.0,1.4,0.0,0.0,1.0,0.0,0
0.0,-0.74,1.0,0.0,0.0,-0.74,1.0,0.0,-0.74,8.64,1.16,0.0,11.81,2.0,0.0,3.48,1.0,-0.27,-0.74,2.0,1.0,0.43,1.0,0.0,-0.48,1.74,0
0.67,2.33,1.0,0.67,0.0,8.69,1.0,0.0,-3.36,-2.69,5.95,4.7,2.69,0.67,2.0,8.74,0.0,-0.28,1.0,0.0,1.0,1.21,0.67,0.0,0.66,0.0,0
0.0,0.0,1.0,0.0,0.0,-1.32,1.0,0.58,0.0,2.42,-0.94,0.0,0.0,5.32,-1.16,4.32,1.58,1.17,-0.58,3.16,1.0,1.39,-0.58,0.0,4.0,1.0,0
0.0,0.0,1.0,0.0,0.0,0.0,1.0,-1.85,0.08,2.92,1.09,-0.77,0.0,2.08,0.0,-4.47,1.0,3.15,3.0,3.0,1.0,2.14,-0.92,0.0,0.08,-0.92,0
13.94,0.0,1.62,11.18,7.45,2.24,7.21,5.73,13.67,59.59,0.49,0.0,59.02,4.62,0.0,24.32,1.62,5.46,0.0,1.0,1.62,0.97,1.0,0.0,-0.24,2.48,1
-2.64,0.0,1.27,0.0,-0.46,3.27,0.27,0.0,-4.37,-4.83,3.4,-0.73,-55.34,1.0,0.73,-14.56,1.0,2.26,2.18,2.46,1.0,0.0,0.0,0.0,3.73,0.0,0
0.0,2.0,0.31,0.69,0.0,0.0,1.0,0.0,-0.69,-1.38,3.82,0.0,0.0,-0.69,2.0,-2.46,0.0,-1.73,-1.38,-1.38,0.31,-1.04,0.0,0.0,4.07,0.0,0
0.0,0.0,1.0,-0.78,0.78,5.0,0.22,-0.78,0.78,-8.41,1.76,0.0,-17.26,4.78,-2.35,2.22,0.22,0.66,1.78,3.78,2.0,1.37,0.0,0.0,2.0,0.0,0
0.0,0.0,1.0,0.0,0.0,6.78,1.0,0.0,-1.89,4.37,2.39,6.31,-41.63,0.37,6.0,7.31,1.0,28.48,1.0,6.31,1.0,1.17,0.32,0.0,3.37,0.0,0
2.74,0.0,1.0,0.0,0.0,2.26,0.37,0.11,-10.7,8.59,2.75,0.0,-39.02,2.74,3.78,13.11,0.37,12.74,10.07,1.0,1.0,-0.07,1.0,0.0,2.26,0.0,0
1.0,4.53,3.0,-0.77,0.0,2.17,1.0,1.0,-0.3,-6.89,2.7,0.0,-18.23,0.47,1.53,-0.83,0.23,4.64,2.23,0.23,1.0,1.2,1.0,0.0,4.23,-0.77,0
0.0,0.0,-0.36,1.0,0.0,1.36,2.0,0.32,-2.78,12.64,2.2,-3.41,44.32,0.32,14.6,-0.73,2.68,8.08,8.19,-0.68,1.0,-0.86,-0.68,0.0,4.05,-0.36,0
7.82,1.0,3.0,0.0,2.0,2.71,2.0,1.41,8.18,6.59,0.58,0.0,21.01,3.12,0.0,13.17,2.0,4.45,2.0,1.0,1.0,1.62,0.71,0.0,1.0,0.29,1
1.0,1.0,1.0,0.0,0.0,4.98,0.0,0.0,2.99,2.0,2.35,0.0,52.83,2.0,1.0,0.0,1.0,2.0,-1.0,3.0,1.0,0.07,1.0,0.0,2.0,3.99,0
5.5,5.0,1.87,4.37,4.37,8.86,2.0,3.0,17.0,7.0,-1.5,2.62,124.91,2.0,-13.85,8.24,0.13,-1.47,-8.74,1.0,1.0,2.82,0.0,0.0,0.13,1.75,0
0.0,0.0,1.0,1.0,0.0,7.33,4.34,0.0,4.68,18.04,2.64,0.0,140.79,-0.34,1.0,7.34,1.67,1.06,-0.67,-0.34,1.0,-1.47,1.67,0.0,0.33,1.34,0
0.0,0.0,1.0,0.0,0.0,2.63,3.0,1.0,7.0,22.63,1.03,0.0,61.0,1.12,5.25,8.12,2.0,26.87,0.88,-1.75,1.0,0.95,0.12,0.0,3.63,1.12,0
-2.61,0.0,1.0,0.0,0.0,4.61,1.0,-0.87,-1.74,-2.48,4.9,0.0,-49.66,0.13,22.23,-12.07,2.0,33.67,12.0,-0.74,1.0,0.75,0.0,0.0,5.74,0.0,0
0.0,0.0,0.0,0.0,0.0,2.78,1.0,-0.93,26.0,3.7,1.38,-0.93,0.0,-0.93,5.7,0.93,0.0,23.89,-1.85,-0.93,0.0,0.79,0.0,0.0,2.85,0.0,0
0.0,0.0,3.0,-0.54,0.0,0.0,0.46,0.46,6.46,-2.96,0.55,5.0,16.31,2.54,-1.63,4.46,0.46,2.49,0.0,2.54,1.0,1.52,1.0,0.0,1.54,1.46,1
0.0,0.0,2.93,0.97,0.97,1.97,1.0,0.0,1.97,3.93,-0.25,0.0,56.07,-0.93,0.0,4.03,2.97,3.95,2.0,-0.9,1.0,0.75,-0.97,0.0,-0.93,0.0,0
15.0,-1.24,5.0,8.0,1.0,0.0,1.0,1.0,11.62,8.24,-2.06,0.0,88.0,2.24,-1.24,5.48,2.62,5.9,2.24,2.24,1.0,2.41,0.0,0.0,0.38,0.0,0
7.93,2.0,1.0,14.28,8.72,4.79,5.76,4.79,17.28,25.38,1.46,0.21,43.21,0.21,1.0,-13.86,1.0,4.4,1.0,-0.79,1.0,1.7,-0.2,0.0,-2.17,-1.59,0
0.0,-1.15,1.0,0.0,0.0,1.72,1.0,1.0,0.0,1.0,2.27,1.0,0.0,2.0,-0.87,0.0,1.0,-7.43,-5.6,0.43,1.0,0.0,0.0,0.0,1.43,0.0,0
1.0,0.0,1.0,0.0,0.0,3.66,0.17,0.83,-0.31,-4.94,0.44,0.17,-0.57,2.0,-0.83,-3.45,0.17,0.46,3.0,2.0,1.0,2.9,0.17,0.0,1.17,-3.31,0
4.32,0.0,1.86,0.0,1.73,2.86,-0.73,-0.86,0.86,-4.18,2.99,0.86,-3.46,-0.73,17.0,-1.59,2.86,14.07,13.73,1.0,1.0,1.16,-0.22,0.0,4.86,-2.59,0
0.0,0.0,1.17,0.0,-4.99,-3.32,1.0,0.83,2.66,0.84,0.91,0.0,0.0,1.83,0.0,3.49,2.0,0.29,0.17,2.66,0.17,-0.21,0.0,0.0,2.0,0.83,0
3.0,-0.68,1.68,0.0,0.0,-4.75,1.0,0.0,2.68,7.4,-1.8,2.0,57.0,3.68,-1.36,12.32,2.36,3.13,0.0,3.0,1.0,0.76,0.32,0.0,3.68,2.0,1
0.54,0.0,1.0,0.0,0.0,1.08,3.0,1.0,8.62,22.16,-0.19,0.54,69.65,2.0,0.0,7.92,2.0,4.98,0.54,-1.62,1.0,1.37,1.54,0.0,1.54,2.0,1
6.79,0.0,0.8,-0.6,1.4,1.4,2.0,0.6,8.0,11.99,0.12,1.0,75.4,1.6,0.0,28.97,1.4,4.3,1.4,1.6,1.0,1.16,0.0,0.0,1.4,0.0,0
-5.52,5.0,1.69,0.0,0.0,3.0,-0.38,-0.69,-8.96,-6.9,4.49,0.0,-52.41,-0.69,7.0,-4.14,0.0,17.55,16.0,0.31,1.0,-0.14,0.0,0.0,2.31,-0.69,0
4.1,0.0,1.0,1.52,0.52,4.48,3.06,1.55,1.03,23.16,0.17,7.52,89.74,2.52,0.0,30.03,1.52,2.17,1.0,1.0,1.0,1.7,1.13,0.0,3.06,3.1,1
17.94,0.0,5.0,8.0,1.0,-1.96,1.0,0.02,11.0,13.86,-0.32,0.0,94.86,1.0,0.0,16.73,2.0,6.72,1.98,1.98,1.0,0.83,0.0,0.0,1.0,0.0,0
0.0,5.0,1.0,0.0,0.0,1.34,1.0,-0.83,-1.66,-0.83,4.56,0.83,-41.62,0.0,8.66,-1.66,0.0,20.45,18.5,1.0,1.0,-0.55,0.0,0.0,3.0,0.0,0
-14.8,0.55,-2.19,-3.38,-0.55,0.55,1.0,-0.55,-4.38,0.0,0.81,0.0,-18.09,1.0,0.55,-1.64,1.0,-1.31,0.0,0.0,0.0,-0.3,-0.55,0.0,4.0,-1.64,0
0.0,-2.37,1.0,0.0,0.0,-4.73,1.0,0.79,1.0,2.79,-3.45,2.79,0.0,4.58,0.0,2.0,1.79,4.58,4.58,3.79,1.0,0.75,0.0,0.0,1.0,0.0,0
0.0,-0.66,1.0,0.0,0.0,-0.95,2.0,0.0,2.0,4.98,0.35,0.0,0.0,2.98,-1.32,4.0,2.66,5.21,2.34,2.66,1.0,0.43,-0.66,0.0,2.98,0.66,0
-2.12,0.0,1.0,1.0,0.0,2.12,2.71,1.0,2.0,13.29,1.25,-1.42,47.64,-0.42,3.0,-4.37,2.71,2.98,2.12,-0.71,1.0,0.35,-0.71,0.0,0.58,-0.42,0
2.34,-2.34,-0.56,0.0,0.0,-3.9,1.0,0.78,-1.56,11.13,2.76,0.0,-23.38,3.56,0.0,9.35,1.0,8.03,7.66,1.0,1.0,-0.93,0.0,0.0,-2.12,0.0,0
13.14,1.0,3.0,9.67,8.11,3.02,7.09,3.05,22.2,45.16,-0.09,0.0,124.35,1.0,0.0,10.62,2.51,5.16,2.0,-0.02,1.0,2.04,-0.51,0.0,1.51,2.53,0
1.42,2.0,0.29,-2.83,-2.83,-3.09,3.83,7.54,5.83,29.76,0.8,-0.42,61.01,2.42,1.0,21.84,1.71,1.91,-0.42,0.0,1.0,0.31,0.18,0.0,3.13,2.83,1
9.77,-0.95,3.91,0.0,3.91,0.09,2.95,-3.81,15.63,16.63,-0.27,0.05,106.52,1.0,-0.95,21.91,2.95,4.6,2.95,1.95,1.0,2.21,0.0,0.0,2.0,0.95,0
0.0,0.0,1.55,0.0,0.0,2.45,2.0,-0.55,2.55,5.73,1.51,-1.09,0.0,0.45,0.0,1.27,2.0,3.46,1.91,-7.3,-7.2,-1.96,0.0,0.0,1.55,-0.55,0
1.87,6.06,1.0,0.0,2.0,8.87,2.73,0.0,6.06,10.52,0.17,4.0,67.48,1.0,0.0,11.33,1.87,1.13,0.0,1.13,1.0,0.53,0.0,0.0,1.0,2.6,0
0.0,0.0,1.0,0.72,0.0,-0.72,1.72,0.0,6.17,25.1,-3.76,2.89,117.69,3.17,-1.44,17.16,2.44,1.13,-1.44,1.72,1.0,0.59,0.0,0.0,3.17,3.89,0
0.0,3.0,1.0,0.0,0.0,5.05,1.0,0.0,0.0,0.95,6.77,-0.95,0.0,0.0,3.9,-5.71,-0.95,1.0,1.0,-16.18,-13.28,-4.76,0.0,0.0,2.95,-0.95,0
0.0,-1.76,2.0,0.0,6.0,1.49,1.0,0.0,0.0,7.17,-1.61,0.0,0.0,2.17,-1.17,0.59,1.59,3.42,2.59,3.17,2.0,1.0,0.0,0.0,1.0,0.0,0
0.0,0.0,1.0,-0.52,1.0,0.0,1.0,-0.52,2.48,-2.14,0.76,0.0,20.42,2.52,-1.55,2.04,1.0,1.28,1.52,1.52,1.0,0.78,0.0,0.0,1.48,0.48,0
5.26,0.0,3.12,1.88,-4.39,-1.51,4.51,4.39,4.51,34.46,0.27,4.88,109.22,4.75,0.0,31.7,1.88,3.19,0.25,3.12,1.12,2.78,0.22,0.0,8.39,5.26,1
0.53,2.0,1.53,0.0,0.0,2.14,1.0,1.07,4.27,3.21,3.05,0.0,36.86,-0.53,2.53,1.53,0.0,0.62,0.53,-0.53,1.0,0.95,0.0,0.0,0.93,0.0,0
0.0,0.0,-0.99,0.01,0.0,-0.99,-4.94,-0.99,23.78,-14.86,0.21,-0.99,-99.08,-1.97,1.98,-5.94,0.01,-1.67,0.0,-0.99,-0.99,-0.41,-0.99,0.0,3.01,-0.99,0
0.0,0.0,1.82,0.0,4.94,4.12,1.0,0.0,1.0,6.3,1.26,-1.65,0.0,1.18,0.0,-3.94,1.0,0.45,0.0,1.0,1.82,0.82,-0.82,0.0,1.35,0.0,0
0.16,0.03,3.97,0.97,0.07,2.0,1.03,0.0,1.33,2.2,1.04,3.87,26.66,2.93,0.0,1.1,1.03,3.51,2.0,3.9,1.97,3.2,0.0,0.0,3.9,0.03,0
-2.29,0.0,1.0,0.0,0.0,0.76,2.0,0.24,6.0,7.9,2.13,1.0,26.56,1.24,1.76,-1.19,2.76,10.62,3.05,1.76,1.0,0.39,1.0,0.0,3.76,4.0,0
0.0,0.0,1.62,0.0,0.0,4.12,4.0,1.0,8.87,20.61,0.57,0.0,119.3,3.62,0.0,26.74,1.0,3.36,0.62,1.62,1.62,1.13,0.25,0.0,0.38,3.62,1
18.06,0.0,3.68,5.35,0.67,0.0,1.0,0.67,8.36,5.34,-0.71,0.0,58.19,1.33,0.0,6.34,1.67,4.43,1.33,1.33,1.0,2.6,0.67,0.0,1.67,2.01,0
2.08,0.0,1.0,0.0,0.0,1.0,1.0,1.0,-1.38,-7.62,0.47,3.38,-14.54,3.38,0.0,13.62,2.0,3.22,3.0,19.38,16.0,4.82,0.69,0.0,2.38,1.69,1
0.0,0.0,1.0,1.0,0.0,4.0,2.0,0.0,3.0,17.64,-0.2,4.0,55.0,3.64,0.64,21.64,2.0,-3.73,-6.43,1.64,1.0,0.0,1.64,0.0,5.0,5.29,1
1.0,0.0,2.0,1.0,0.72,-0.72,1.0,10.0,8.17,-0.72,-1.17,2.0,118.83,0.28,0.0,0.28,1.0,7.4,2.72,0.28,1.0,2.62,0.0,0.0,0.55,1.0,0
8.14,0.0,-0.71,0.86,0.86,0.86,4.43,3.43,-0.57,38.29,0.1,-1.43,84.44,3.86,0.0,38.72,1.86,2.41,0.0,2.14,1.0,-0.7,0.36,0.0,7.29,5.43,1
0.0,2.48,1.0,0.0,0.0,9.13,1.0,0.0,0.0,0.52,9.31,0.0,0.0,-2.48,3.65,-1.65,-0.83,2.9,2.83,-1.65,1.0,0.0,1.0,0.0,0.35,-0.83,0
2.84,0.0,1.0,1.0,0.0,5.0,1.0,0.95,3.95,15.62,0.72,0.0,116.94,2.0,0.0,16.41,1.0,3.12,0.05,1.0,1.0,-0.75,0.0,0.0,3.95,1.0,0
0.0,0.0,1.0,2.0,0.0,-1.17,1.0,0.83,1.42,14.58,0.53,0.0,45.85,3.0,0.0,17.42,1.0,2.9,1.0,1.0,1.0,-0.22,1.0,0.0,1.58,2.0,1
-5.86,2.93,1.0,-0.98,-0.98,5.88,-2.91,-4.88,-3.91,-39.0,8.21,-0.98,-93.77,0.07,1.95,-32.19,-0.95,0.89,0.98,1.02,1.0,-0.46,-0.24,0.0,0.09,-4.86,0
8.0,-4.55,1.0,1.0,3.0,-1.73,1.0,0.0,0.0,3.82,-1.48,1.0,90.0,2.91,-6.37,9.91,2.82,-13.97,-13.56,0.09,1.0,2.92,0.0,0.0,1.09,2.0,0
1.57,0.0,1.19,5.0,5.0,11.0,1.0,-0.81,19.43,-6.29,0.52,3.0,25.85,-0.62,1.62,-5.95,0.19,2.02,1.19,-0.62,0.19,2.14,0.0,0.0,2.19,2.0,0
2.87,0.0,1.0,1.0,0.0,0.0,2.0,1.96,3.91,20.69,-1.38,0.0,142.46,1.96,3.0,17.29,1.04,4.73,0.0,0.96,1.0,-0.87,0.0,0.0,2.96,1.0,0
0.0,0.0,1.0,1.36,0.0,0.32,-1.04,2.68,-2.4,1.32,2.05,0.0,21.6,2.0,9.0,-3.4,1.0,3.89,0.68,1.0,1.0,-0.37,1.18,0.0,5.0,0.32,0
-0.86,0.86,0.14,-0.86,0.0,1.86,1.0,-8.56,-1.57,7.99,1.42,-1.71,-14.56,1.0,0.86,4.14,2.86,-2.21,1.14,2.0,1.0,-0.09,0.0,0.0,1.86,-0.86,0
0.99,0.0,1.99,1.0,0.0,4.95,2.0,1.0,2.0,15.98,0.23,6.93,153.31,1.99,3.0,14.86,2.0,3.58,0.99,0.99,1.99,2.06,0.99,0.0,-0.97,1.0,1
1.94,0.0,1.0,0.0,0.97,-0.97,3.94,1.97,8.92,33.44,-0.64,1.0,129.29,2.97,1.0,23.63,2.0,10.48,-0.97,-2.89,1.0,0.86,1.97,0.0,4.94,3.03,1
0.0,0.0,1.0,0.0,0.0,5.0,1.0,0.0,0.93,3.93,5.23,0.0,0.0,0.0,2.0,-0.93,0.0,4.46,2.0,-2.78,1.0,0.93,1.0,0.0,2.0,0.0,0
0.0,-0.65,1.0,0.0,0.0,-4.52,1.0,0.0,0.0,3.29,1.13,0.0,0.0,3.65,-0.29,0.35,2.29,0.35,-0.65,1.35,1.0,0.0,0.35,0.0,1.65,2.0,0
3.27,0.0,1.0,-0.82,0.0,-2.27,1.0,1.64,-2.45,6.27,1.69,0.0,-51.53,4.64,0.0,9.36,1.0,3.72,-0.82,2.0,1.0,-0.12,0.82,0.0,2.36,0.18,0
0.0,1.0,1.0,0.0,0.0,1.0,1.0,0.0,3.63,7.0,-0.1,1.25,54.0,1.63,1.0,0.63,2.0,3.13,1.63,1.63,1.0,1.57,0.0,0.0,2.37,0.0,0
1.0,0.0,1.0,1.0,0.0,5.0,1.0,0.0,0.92,2.92,-0.31,7.0,66.0,2.0,0.0,12.08,1.0,2.13,1.0,-1.75,1.0,2.72,1.0,0.0,1.0,0.0,0
1.0,2.66,-0.66,0.0,0.0,5.0,1.0,-0.83,-1.81,3.51,4.29,-4.15,-0.11,-0.66,1.66,-0.32,1.17,0.01,0.0,0.34,1.0,-0.98,-0.83,0.0,2.83,0.34,0
0.0,-0.55,1.0,0.0,0.0,1.0,1.0,0.0,-0.64,-0.73,1.94,0.0,-33.8,1.0,0.55,5.0,2.55,3.28,4.18,3.09,1.0,0.75,0.0,0.0,1.0,0.0,0
3.74,7.0,1.0,-0.91,0.0,0.09,-2.48,-0.91,8.0,3.96,0.26,0.91,38.74,2.0,0.0,12.39,2.0,2.8,0.0,1.83,1.0,0.54,0.0,0.0,3.91,3.91,0
17.95,0.0,2.0,21.57,15.46,11.87,7.1,4.36,13.08,53.32,0.9,3.0,85.08,0.13,0.0,0.02,1.87,6.02,2.0,0.13,1.0,2.15,-0.22,0.0,3.87,2.87,0
-0.89,0.0,1.0,-0.89,0.0,-4.43,3.0,1.0,7.0,20.0,1.58,-6.21,2.48,2.0,0.0,-1.64,2.0,2.39,0.89,0.89,1.0,-1.4,0.11,0.0,1.89,2.0,0
-1.18,0.0,1.0,0.0,-0.59,2.18,2.82,1.0,5.23,3.79,0.37,0.0,73.51,2.41,0.0,14.74,1.0,1.84,0.0,1.59,1.0,0.82,-0.34,0.0,0.41,3.0,0
-0.51,-0.51,0.49,2.53,1.52,4.56,0.49,0.0,-5.57,-2.55,2.94,1.52,-2.03,2.0,0.0,1.52,0.49,10.72,10.0,1.0,1.0,0.24,0.0,0.0,2.01,0.51,0
0.0,0.0,1.0,0.0,0.0,0.67,1.0,0.67,0.67,1.33,1.3,0.0,0.0,1.33,0.0,1.67,1.0,1.0,1.33,2.0,1.0,-1.0,-0.67,0.0,-0.68,0.67,0
0.0,-0.59,0.0,1.59,0.0,1.76,1.59,0.0,-1.17,6.44,0.15,2.34,-4.1,2.17,0.0,12.3,1.59,-0.89,-0.59,0.0,0.0,0.0,0.59,0.0,5.17,2.34,0
0.0,5.0,1.0,0.89,0.0,5.66,1.89,0.0,0.89,14.17,2.1,3.54,48.69,1.77,6.11,18.59,0.0,16.6,11.57,-0.77,1.0,0.0,0.89,0.0,4.77,3.54,1
0.0,0.0,0.14,1.0,0.0,4.0,1.14,-0.86,20.16,4.99,0.07,3.14,-5.05,1.28,0.86,11.56,0.28,-6.35,0.0,0.14,0.14,-0.33,0.14,0.0,3.28,0.57,0
20.74,0.0,1.95,17.1,13.9,3.9,11.95,4.1,27.69,70.26,0.71,0.95,95.95,0.1,0.0,16.9,2.95,4.58,0.95,0.0,1.0,2.52,-0.95,0.0,2.95,2.1,1
15.0,0.0,5.0,8.0,1.99,0.0,1.0,1.0,12.97,7.0,-0.33,-1.97,153.07,0.01,0.0,2.01,2.0,2.87,-0.97,-0.97,1.0,1.48,0.0,0.0,1.99,0.99,0
15.9,0.0,1.0,17.89,11.92,-1.99,9.94,5.96,22.88,72.63,0.54,-3.97,117.75,0.01,0.0,-3.96,1.0,3.66,0.0,0.01,1.0,1.31,-0.99,0.0,-1.98,1.0,0
25.82,-1.47,3.94,6.87,1.73,-1.94,5.0,2.8,9.87,48.14,-0.68,0.27,127.56,3.0,-0.73,35.73,2.73,3.25,0.0,1.73,1.0,0.58,0.98,0.0,7.47,8.2,1
-2.95,0.0,1.0,0.74,0.0,5.16,2.48,-1.48,0.0,-3.16,3.82,0.0,73.75,0.79,1.74,-7.11,1.0,-0.82,0.0,2.0,1.0,-0.39,1.0,0.0,1.0,2.0,0
-7.14,0.0,1.0,0.0,0.0,2.68,0.11,-0.89,-9.71,-8.71,1.46,0.0,-67.84,1.11,0.0,2.32,1.0,2.98,3.79,2.0,1.0,1.15,0.0,0.0,-0.79,-0.89,0
0.0,0.0,0.0,1.0,0.0,1.3,1.0,-1.3,-1.3,0.0,2.3,-1.95,0.0,-0.3,11.04,-7.15,1.65,6.28,6.5,-0.65,0.0,0.0,-0.65,0.0,5.3,-0.65,0
1.77,-1.18,1.0,2.0,0.0,-2.36,1.0,-0.36,1.41,16.36,-0.35,0.59,82.68,4.18,-0.59,24.5,1.0,2.61,0.41,2.77,1.0,-0.52,1.59,0.0,2.18,3.18,1
0.0,0.0,2.0,0.0,0.92,0.0,1.0,0.0,0.08,3.16,0.19,13.82,0.0,0.08,0.0,5.61,2.0,2.32,2.84,12.97,442.2,2.47,0.92,0.0,0.16,0.0,1
2.0,0.0,-0.84,-0.92,0.08,-0.92,3.0,2.0,4.08,19.16,1.44,0.0,7.61,4.84,0.0,16.92,0.08,0.82,0.0,2.76,1.0,0.48,1.92,0.0,4.84,0.0,0
-2.79,-1.79,1.0,-0.7,0.0,-0.4,-1.79,0.7,-6.77,4.21,0.47,0.0,-1.81,2.4,1.0,2.09,1.3,2.99,1.0,1.0,1.0,0.98,0.0,0.0,0.91,-2.09,0
0.0,-2.51,1.0,0.0,0.0,-4.01,2.67,0.84,7.85,17.71,-2.49,0.0,50.97,2.67,-0.67,7.52,3.67,5.92,4.16,3.0,1.0,0.17,0.84,0.0,2.16,1.67,0
0.0,1.0,1.0,0.0,0.0,-2.49,1.0,0.0,5.0,6.0,-2.34,0.0,62.0,3.62,-1.75,1.75,1.87,2.12,-0.75,2.75,1.0,0.0,-0.87,0.0,4.75,0.87,0
0.0,0.0,1.0,1.0,-0.83,4.0,2.0,0.83,0.52,16.17,0.77,4.83,0.55,3.0,1.65,20.17,2.0,3.3,1.65,1.0,1.0,-0.62,1.0,0.0,5.0,3.17,1
0.0,0.0,1.0,0.0,0.0,3.33,1.0,-0.83,0.0,2.83,6.68,0.0,0.0,-2.33,1.67,-2.33,1.17,1.67,0.83,-1.67,1.0,-2.0,0.83,0.0,2.0,0.0,0
0.0,0.0,1.0,0.0,0.0,0.0,-0.6,-0.53,-3.2,-5.93,1.61,0.0,-42.66,0.93,0.0,-3.6,1.53,2.13,3.07,5.53,1.0,0.52,-0.13,0.0,1.0,-1.6,0
0.08,-3.41,3.0,0.0,0.0,6.0,-0.83,1.0,-5.32,-10.07,2.21,0.0,-41.4,2.92,0.0,-0.66,0.08,6.55,3.0,2.83,1.0,1.15,1.0,0.0,5.92,-1.83,0
0.0,0.0,1.0,1.03,0.0,-7.79,-0.95,2.0,2.97,10.11,-1.78,1.95,-22.33,4.95,-0.97,16.05,1.0,5.13,3.92,2.95,1.0,0.9,0.03,0.0,1.0,2.0,0
2.34,0.0,1.58,2.92,2.34,2.92,1.0,0.0,0.0,1.0,1.36,-4.09,42.1,2.0,0.0,3.66,1.0,4.46,2.58,-0.85,1.0,1.02,-0.29,0.0,2.17,0.58,0
1.0,2.54,1.0,1.0,0.0,6.52,1.0,0.0,0.0,0.99,1.59,7.0,66.0,0.99,3.55,11.99,0.49,11.15,9.12,0.49,1.0,1.8,0.49,0.0,2.01,-0.51,0
0.0,0.0,1.0,0.0,1.0,0.0,1.0,0.0,2.37,2.63,1.14,0.0,66.0,3.27,0.0,-0.9,0.37,1.39,-0.27,1.0,1.0,0.27,0.0,0.0,3.9,1.63,0
28.5,0.0,4.04,7.07,3.76,0.24,1.0,0.76,6.83,6.56,-1.7,1.0,156.05,2.0,-0.76,11.28,1.0,3.41,-2.04,-0.52,1.0,4.17,0.76,0.0,2.0,4.28,1
23.77,-0.58,5.0,19.1,8.01,-1.75,6.84,4.51,21.52,47.33,-0.45,0.0,112.55,1.58,0.0,10.01,2.0,4.75,1.0,-0.17,1.0,1.67,0.0,0.0,1.0,1.17,0
0.0,0.0,1.0,0.0,0.0,1.0,2.58,1.71,3.46,1.55,0.1,2.12,36.81,3.71,0.0,25.12,0.29,2.42,1.42,2.42,1.0,0.57,0.25,0.0,1.71,2.29,1
0.0,5.93,1.0,0.0,0.0,3.93,1.0,-1.86,0.93,5.58,4.51,-2.79,50.21,-1.86,7.93,-11.16,0.93,19.35,15.07,0.07,1.0,1.02,-0.93,0.0,3.93,-0.93,0
-10.73,0.0,1.0,-12.07,-7.05,4.66,-5.04,-3.35,-13.42,-39.92,0.2,10.0,-4.7,0.33,2.01,2.28,1.0,0.15,1.0,11.0,1.0,0.95,0.5,0.0,1.0,-1.01,0
0.0,0.0,2.0,0.0,0.0,-1.75,1.0,0.87,1.0,2.38,-0.89,0.0,0.0,3.62,-5.24,3.62,2.0,-22.03,1.0,2.75,1.0,1.97,0.0,0.0,0.25,0.0,0
1.0,-0.62,1.0,0.0,2.0,7.38,1.0,0.0,0.62,5.93,0.52,4.0,14.79,1.0,-0.62,8.23,0.38,0.52,-0.62,2.0,1.0,-0.32,0.0,0.0,-0.23,0.62,0
1.0,0.0,2.0,1.58,0.0,2.32,1.58,10.0,7.74,8.69,-0.89,4.32,102.86,2.16,0.0,13.16,1.0,8.61,1.42,1.0,1.0,1.38,0.58,0.0,4.32,3.32,1
-0.99,0.0,0.01,0.0,-0.99,-2.94,1.0,0.0,2.99,1.99,1.25,0.0,0.0,1.99,1.0,4.93,2.0,5.49,6.97,3.99,1.0,0.0,0.0,0.0,1.03,0.0,0
-7.0,-3.5,1.0,0.0,0.0,1.88,-1.63,0.12,-9.63,0.0,0.3,5.5,-21.88,2.88,0.0,13.88,2.0,2.38,3.0,18.0,16.0,4.39,0.0,0.0,1.88,1.88,0
3.26,2.0,1.0,-0.81,0.0,-3.26,1.0,1.63,-2.44,3.26,3.32,0.0,-51.32,1.63,2.0,8.33,0.0,1.38,-0.81,0.0,1.0,-0.12,0.81,0.0,0.37,-0.81,0
8.17,0.0,3.18,4.36,0.54,-0.09,1.0,1.46,5.9,4.72,1.81,0.0,45.69,1.46,9.0,0.54,1.54,4.8,0.54,1.0,1.0,0.44,0.67,0.0,4.46,1.0,0
0.0,0.1,1.0,0.0,0.0,4.59,1.0,0.0,0.51,1.51,1.66,0.0,6.3,3.7,0.0,2.7,1.0,1.26,1.0,2.8,1.9,0.9,0.0,0.0,2.1,0.0,0
8.0,0.0,1.0,0.0,0.0,0.65,3.0,1.65,14.65,15.65,0.95,-0.65,92.25,2.0,4.55,7.0,2.0,3.95,-0.95,2.0,1.0,0.82,0.43,0.0,4.95,1.65,0
-5.04,0.0,1.0,0.0,0.0,1.63,-0.26,-0.63,-6.57,-6.83,2.49,0.0,-47.93,0.37,0.63,0.59,2.0,3.26,4.52,2.63,1.0,0.23,0.0,0.0,1.0,-0.63,0
1.0,1.0,1.0,0.0,-1.0,1.0,1.0,2.0,5.98,6.98,1.49,-9.96,102.76,2.0,0.0,-5.96,2.0,2.99,-1.0,-7.96,1.0,-0.18,-0.5,0.0,3.0,1.0,0
5.56,0.0,1.0,0.0,0.78,1.0,1.78,2.78,-0.78,18.45,0.41,-0.78,-7.0,4.78,-0.78,18.89,0.22,-2.44,0.0,0.22,1.0,0.6,1.0,0.0,1.0,-3.11,0
1.0,-1.0,1.0,1.0,0.0,-2.0,1.0,0.0,0.0,3.0,-2.2,7.0,66.0,4.0,-2.0,17.0,2.0,2.67,2.0,5.0,1.0,2.3,0.0,0.0,1.0,0.0,0
2.2,0.0,1.0,0.0,-0.8,-1.18,5.0,0.0,12.8,19.18,-0.58,3.0,70.0,3.0,0.0,22.8,2.8,3.1,1.8,2.0,1.0,1.14,1.0,0.0,0.2,0.0,1
0.0,-3.76,2.0,0.0,6.0,2.74,1.0,0.0,3.01,17.28,-1.84,0.0,58.64,1.75,-5.26,1.5,1.75,-9.7,-10.03,2.0,2.0,1.44,0.0,0.0,-0.5,0.75,0
0.0,0.0,1.0,-1.08,0.0,0.54,1.0,-1.08,-0.54,-4.5,2.06,0.0,-40.63,0.92,0.0,-5.04,1.54,0.13,0.54,2.54,1.0,0.32,0.46,0.0,1.0,-0.08,0
0.0,-2.41,1.0,0.0,0.0,-4.01,1.0,0.8,0.0,2.6,-3.47,0.0,0.0,5.21,-1.6,9.21,1.8,2.8,2.0,6.6,1.0,2.43,0.0,0.0,1.0,0.0,0
-1.96,0.0,1.0,0.0,0.0,1.96,3.0,0.02,7.98,16.08,0.45,0.98,20.81,2.0,0.0,-2.76,2.0,5.44,1.96,0.0,1.0,2.81,1.98,0.0,1.0,2.0,0
3.36,0.0,1.0,1.56,0.56,3.44,4.24,2.8,5.24,40.52,-1.23,4.56,108.75,4.12,-9.52,40.04,2.0,-3.27,-6.72,1.0,1.0,0.26,1.14,0.0,6.12,7.36,1
0.0,4.46,1.0,1.08,0.0,2.46,1.0,1.08,-1.62,4.31,3.74,0.0,7.01,1.08,7.0,9.7,0.0,18.99,16.0,1.0,1.0,0.09,0.54,0.0,1.92,1.08,0
3.9,0.0,1.97,4.87,4.87,9.74,2.0,1.0,5.03,13.03,-0.14,3.92,140.15,2.0,1.0,12.95,1.03,12.43,0.0,0.03,1.0,1.75,1.0,0.0,4.95,5.95,1
0.0,-1.38,1.0,0.0,0.0,0.0,2.38,0.69,4.83,15.81,-0.33,0.0,42.12,4.38,-0.38,6.52,2.38,2.45,0.0,2.0,1.0,0.14,1.69,0.0,0.31,3.38,0
-0.79,0.0,1.0,0.0,0.0,0.21,1.0,0.79,-2.38,0.62,2.36,-0.79,-12.67,4.58,0.0,2.0,1.0,-1.89,-1.58,2.0,1.0,-0.21,-0.79,0.0,4.0,1.0,0
5.86,-2.86,0.05,4.77,4.77,4.77,1.0,0.05,0.09,9.95,0.15,2.86,97.07,1.05,0.0,19.82,1.0,3.16,0.05,2.0,1.0,0.41,-0.95,0.0,0.09,1.91,0
2.18,0.0,1.0,0.0,0.0,0.0,1.0,0.73,4.73,20.09,-1.01,0.0,119.44,0.27,0.0,12.18,1.0,3.2,-0.73,-0.45,1.0,-0.5,-0.73,0.0,-1.18,1.0,0
0.0,0.0,1.0,-0.71,0.0,-2.55,4.0,1.0,4.87,9.32,1.51,0.0,35.31,3.0,0.0,18.74,1.0,8.08,6.38,1.0,1.0,0.24,0.25,0.0,-0.42,2.29,1
0.0,0.0,1.78,1.0,0.0,3.88,2.0,1.0,-18.15,14.78,1.75,0.0,88.0,4.1,1.45,4.33,2.78,2.71,0.78,2.33,2.55,1.05,0.0,0.0,2.78,1.0,0
0.0,0.0,1.0,0.0,0.0,5.93,1.0,0.93,-0.93,1.13,5.68,0.0,0.0,-0.93,2.0,3.74,0.93,4.0,2.0,14.02,15.02,3.97,1.0,0.0,2.0,0.93,0
2.43,0.0,0.43,-0.57,0.0,0.57,1.0,-4.56,-0.85,5.14,1.29,0.86,30.75,3.57,5.14,12.43,1.0,0.15,-1.14,3.0,1.0,-0.85,1.38,0.0,4.71,2.0,1
0.0,0.0,1.68,0.0,0.0,1.68,8.06,1.68,8.35,25.15,0.1,0.68,147.66,4.35,0.0,27.06,1.0,3.39,0.0,1.68,1.68,1.0,0.93,0.0,-0.35,3.68,1
1.0,-1.79,2.0,2.79,0.0,0.0,1.0,11.79,7.79,12.51,-3.1,2.0,138.0,3.68,-1.79,16.19,1.89,10.85,2.89,1.89,1.0,2.23,0.89,0.0,1.11,2.79,1
-0.96,0.0,2.92,0.96,-0.96,-4.72,1.0,0.0,1.92,3.88,2.74,-3.84,55.68,1.0,17.0,-4.76,2.96,15.84,13.92,0.04,1.0,1.44,0.0,0.0,5.92,0.0,0
15.09,0.0,1.0,19.0,10.18,-4.37,11.0,7.82,22.91,75.91,1.81,-3.64,117.77,2.91,8.2,8.63,2.0,5.7,0.0,-0.91,1.0,0.72,0.61,0.0,5.64,4.91,1
-4.79,0.0,0.68,0.32,-2.05,2.74,1.0,1.37,5.47,4.79,0.87,-0.68,-14.37,1.0,0.68,-4.1,1.0,0.0,0.0,0.0,0.0,-0.77,0.0,0.0,4.0,-0.68,0
3.0,0.0,1.0,0.0,0.0,0.99,-0.98,0.01,-3.95,-8.84,0.87,0.0,-3.45,1.01,0.0,12.04,1.0,4.32,2.98,3.98,1.0,0.55,-0.99,0.0,2.0,-1.98,0
0.0,1.0,1.0,0.0,0.0,6.23,1.0,-0.77,3.06,11.49,3.5,-1.53,59.77,-0.77,2.0,-1.06,-0.77,0.64,-1.3,-12.03,-10.49,-3.38,1.0,0.0,1.0,0.0,0
-4.3,0.0,1.0,0.0,0.54,1.0,-0.08,-0.54,-5.91,-3.99,2.26,0.0,-5.38,3.0,0.0,-1.23,0.46,1.1,0.0,1.46,1.0,-0.04,0.0,0.0,3.46,1.0,0
0.0,0.0,4.0,1.0,0.0,2.0,1.0,0.0,0.4,2.0,0.99,4.0,25.0,2.4,0.0,0.4,1.0,2.9,2.0,2.79,2.0,2.34,-0.6,0.0,2.19,0.0,0
0.0,3.58,1.0,0.0,0.0,2.15,1.0,0.0,-2.86,-8.73,3.49,2.0,-55.79,1.28,5.01,4.57,0.28,15.42,13.44,2.0,1.0,-0.42,1.0,0.0,4.43,-0.72,0
-2.9,7.87,2.03,-4.87,-4.87,-1.79,1.0,1.0,2.0,-0.97,4.0,-2.92,-40.12,1.03,6.82,-3.82,0.03,19.63,16.63,1.0,1.0,-0.37,1.0,0.0,5.0,-1.95,0
0.96,0.0,1.0,0.0,0.0,4.81,1.04,0.04,4.08,2.46,0.2,7.73,48.85,2.96,-1.88,21.57,1.04,9.54,0.96,1.96,1.0,1.85,1.96,0.0,2.04,3.04,1
-0.69,-0.69,1.0,0.0,0.0,-1.76,3.07,0.69,4.07,7.2,1.8,0.0,18.61,2.38,1.0,13.78,1.31,4.83,5.0,2.31,1.0,0.22,0.17,0.0,2.31,0.69,0
1.0,1.0,-1.97,-0.99,0.0,3.02,1.0,0.0,6.97,18.88,0.55,-3.96,105.52,-0.98,0.0,3.99,2.0,1.54,-1.98,-0.97,0.01,-2.24,0.0,0.0,-0.97,2.99,0
5.0,0.06,4.89,0.0,2.0,1.06,2.0,0.94,12.89,5.17,-0.18,4.71,77.89,1.94,0.0,8.71,2.0,3.25,1.06,1.94,1.0,3.24,0.94,0.0,-0.89,2.89,1
1.0,3.0,3.0,-0.55,0.0,7.1,0.45,0.45,0.9,-7.15,1.94,0.0,-18.4,2.0,7.7,2.45,1.0,11.54,9.6,1.55,1.0,1.56,1.0,0.0,6.1,-0.55,0
0.0,-1.93,1.0,1.93,0.0,-3.86,1.0,-1.93,-0.97,15.52,1.21,-0.97,29.95,4.93,0.03,16.46,1.0,0.38,0.0,2.97,1.0,-1.29,1.97,0.0,1.0,3.93,1
1.0,4.76,2.0,1.0,-0.95,0.95,0.05,10.95,17.42,-13.33,0.34,2.0,71.95,0.05,0.95,-11.37,1.0,10.16,2.0,1.95,1.0,2.52,-0.95,0.0,0.1,1.0,0
0.0,0.66,1.0,0.0,0.0,3.94,2.0,-1.31,0.34,4.69,2.15,0.0,-16.4,0.69,-4.59,5.31,1.34,0.02,1.66,1.0,1.0,0.33,0.22,0.0,-1.62,-0.66,0
0.0,0.0,0.02,0.0,-5.88,-3.92,4.94,1.98,12.86,22.81,-0.52,1.0,148.34,3.96,1.0,33.52,2.0,9.23,-1.96,0.02,0.02,0.11,1.24,0.0,3.0,6.94,1
0.7,0.0,1.7,0.0,0.7,7.81,1.0,0.0,0.0,0.3,1.55,0.0,0.0,2.59,-0.7,2.3,1.0,1.7,1.0,2.3,2.0,2.05,-0.7,0.0,3.41,-1.41,0
0.0,0.0,-1.41,-0.8,0.0,-1.61,2.8,0.0,1.0,9.22,1.08,-3.22,-20.12,1.2,0.0,6.41,2.8,-0.11,0.2,-1.41,0.2,-2.01,0.0,0.0,-1.41,0.0,0
4.5,0.0,-0.5,0.75,0.75,0.75,4.0,3.0,-2.25,31.98,1.56,-3.0,23.99,2.75,0.0,24.49,1.75,0.11,0.0,1.25,1.0,-0.9,0.44,0.0,4.75,4.0,1
14.39,2.14,-0.07,19.0,10.93,1.46,11.0,7.61,25.21,74.46,0.57,0.0,87.51,2.54,0.54,14.46,1.46,3.56,-1.07,0.0,1.0,0.34,0.0,0.0,2.0,3.46,1
6.98,-1.0,3.0,1.0,1.0,-3.98,2.99,1.0,11.97,12.97,-0.51,0.0,80.93,2.0,0.0,4.99,2.0,5.79,3.0,1.0,1.0,1.92,0.0,0.0,4.0,-1.0,0
0.0,0.0,1.0,0.0,0.0,2.0,1.56,-0.56,2.22,8.22,2.95,-1.11,38.86,0.44,17.56,0.44,2.56,16.15,10.89,0.44,1.0,0.22,0.0,0.0,4.56,1.67,0
-8.42,0.0,2.0,-10.19,-7.07,-1.18,-4.89,6.47,-4.6,-35.34,-0.07,2.0,60.99,0.41,0.0,-6.66,0.41,7.61,2.0,1.59,1.0,2.0,0.0,0.0,1.41,-0.77,0
11.92,0.0,1.99,-0.99,0.0,1.0,2.98,2.99,13.86,27.85,0.21,0.0,75.26,4.99,0.0,21.93,1.99,7.23,0.99,2.98,1.99,1.34,1.0,0.0,0.01,0.99,1
1.0,-0.59,2.0,0.0,0.0,1.46,1.0,3.18,8.59,10.18,-0.21,0.0,83.77,3.18,5.14,1.82,1.59,4.83,0.41,1.0,1.0,1.79,-0.2,0.0,4.36,1.59,0
0.0,0.0,1.0,0.0,1.0,6.0,1.0,1.67,-0.84,1.84,-0.12,10.0,20.92,1.84,6.69,11.0,0.16,-0.46,-3.18,9.33,1.0,1.25,1.06,0.0,2.67,1.84,0
8.0,4.0,1.0,1.0,0.56,3.0,3.87,0.44,11.74,6.84,0.63,0.0,82.82,2.0,0.0,7.49,1.44,2.43,0.56,1.56,1.0,1.0,0.44,0.0,4.56,2.44,0
0.0,1.0,1.0,0.59,0.0,5.11,2.18,0.0,2.41,9.35,1.57,0.0,112.77,1.0,1.59,-0.59,1.41,1.62,-0.18,0.41,1.0,0.66,0.59,0.0,3.0,0.0,0
-2.35,0.0,1.0,0.0,0.0,-1.57,-2.13,1.0,-8.62,-9.97,2.31,-1.35,-54.86,2.0,2.0,-15.67,0.22,2.55,3.78,2.57,1.0,-0.27,0.0,0.0,5.13,0.0,0
1.96,-4.82,2.0,1.0,0.0,-0.96,0.04,8.07,-8.47,1.93,-0.23,2.0,66.18,1.0,-0.96,13.54,1.0,7.47,2.96,1.96,1.0,1.16,0.0,0.0,2.96,1.0,0
0.0,0.0,1.81,0.0,4.87,4.06,0.19,2.0,1.19,1.0,0.09,3.0,0.0,2.19,0.0,8.76,0.19,3.41,2.81,2.81,1.81,0.54,1.0,0.0,2.0,1.0,0
-0.68,-0.68,0.32,3.41,2.05,6.14,0.32,0.0,-6.5,-2.78,2.0,2.05,-2.73,3.0,0.0,4.05,0.32,3.96,2.0,4.0,1.0,1.82,1.0,0.0,6.36,0.68,0
0.0,0.0,1.0,0.0,0.0,-4.29,2.86,0.86,6.15,17.15,-0.19,0.86,60.05,0.28,0.86,10.86,2.86,9.05,0.14,-0.72,0.14,-0.19,0.86,0.0,1.86,3.43,0
20.95,7.0,3.22,5.91,-3.69,-2.69,3.0,0.74,16.13,14.74,-0.38,0.0,142.28,2.0,0.0,8.22,2.74,3.24,-0.74,-0.74,0.26,1.09,0.74,0.0,4.48,5.22,1
4.0,0.0,1.0,0.0,0.0,2.9,0.05,2.0,-0.95,8.25,2.16,0.0,0.0,3.05,16.16,12.15,1.0,13.45,10.46,1.0,1.0,0.21,1.0,0.0,3.85,0.0,0
-2.82,5.0,1.0,0.0,0.6,1.0,0.79,2.4,10.37,-0.83,0.57,0.0,55.97,2.0,1.0,-0.62,0.4,3.09,0.0,0.4,1.0,0.91,0.0,0.0,0.4,0.0,0
-2.74,0.0,0.32,-2.42,-3.42,-2.16,2.0,1.37,4.37,17.68,0.19,1.95,39.94,3.68,0.0,17.58,2.0,-0.47,-1.37,1.0,1.0,-1.01,1.0,0.0,4.32,2.63,1
-0.69,0.0,1.0,0.69,1.0,-0.69,5.15,0.69,2.31,8.92,0.44,0.0,124.16,2.69,0.0,2.38,1.0,-2.41,-1.08,0.31,1.0,-0.81,0.0,0.0,2.0,1.69,0
2.69,0.0,0.1,0.0,-5.39,-4.49,1.0,0.9,1.8,4.69,1.26,0.0,51.17,3.9,1.0,15.36,1.0,1.98,-0.9,2.0,0.1,-0.9,1.0,0.0,1.9,2.0,0
3.0,-3.09,1.0,0.0,0.0,0.76,5.0,1.24,12.62,17.24,-1.05,3.0,85.44,4.24,1.24,22.0,2.62,-6.27,-8.88,2.0,1.0,1.84,1.41,0.0,2.24,0.62,1
26.89,0.0,5.74,21.38,9.92,1.49,8.43,5.46,27.35,62.76,0.04,0.0,158.62,1.74,0.0,14.15,2.74,6.72,1.0,1.0,1.74,2.02,0.0,0.0,-0.49,2.97,1
2.51,0.0,1.0,0.0,0.0,1.37,1.0,0.0,-1.26,7.91,2.86,0.0,-31.41,2.26,17.0,9.17,2.0,13.24,12.0,1.0,1.0,-0.09,0.63,0.0,3.37,0.0,0
0.0,0.0,1.0,1.0,0.85,13.12,3.0,0.0,-0.85,4.29,2.2,8.53,100.0,0.15,1.0,12.53,1.0,1.0,0.85,9.53,1.0,1.07,1.43,0.0,-0.71,0.85,0
1.01,2.53,3.0,-1.01,0.0,0.51,1.51,1.51,14.58,-0.54,0.36,5.0,57.43,1.49,0.51,-2.58,1.0,3.65,-0.51,2.0,1.0,2.06,0.49,0.0,1.0,0.99,0
3.2,2.0,2.28,0.0,1.28,0.64,1.64,0.0,5.13,0.64,3.74,0.0,14.09,0.0,1.36,3.56,0.0,0.82,0.64,0.0,1.0,0.36,0.0,0.0,0.72,0.64,0
-15.29,0.0,-1.91,-5.1,0.0,3.73,4.91,2.91,-3.1,29.21,1.47,0.73,6.55,2.46,0.0,27.3,2.0,2.58,2.27,2.0,1.0,-0.43,-0.55,0.0,3.18,2.18,0
0.0,0.0,1.0,0.0,1.0,0.0,-0.26,-0.63,-1.4,-9.32,1.26,0.0,27.64,2.0,0.0,-3.4,0.37,0.5,1.0,2.26,1.0,0.62,0.0,0.0,2.0,0.37,0
5.0,0.0,4.84,0.95,2.95,2.95,2.0,0.0,-14.69,12.78,0.89,1.0,130.84,1.95,-1.89,20.95,3.89,8.9,3.89,1.95,1.95,3.47,0.0,0.0,3.89,0.0,0
1.0,0.0,0.94,1.0,-0.53,2.12,1.0,10.0,6.53,2.65,0.36,2.0,73.65,1.53,0.0,3.65,0.47,6.56,1.47,1.0,1.0,1.64,0.0,0.0,2.0,1.53,0
0.0,0.0,1.0,0.0,0.0,-0.54,1.0,-0.54,4.0,16.08,1.11,-1.08,78.0,1.54,0.54,-0.7,0.46,1.45,-1.62,-7.64,-7.1,-2.11,0.54,0.0,1.0,1.54,0
-4.76,-0.95,-0.91,0.0,-1.91,-1.91,1.05,1.0,-3.53,9.24,0.8,1.0,-2.41,2.95,1.0,8.14,1.05,7.15,-1.91,1.0,1.0,-1.2,1.0,0.0,4.91,3.05,0
1.0,0.0,2.0,0.0,1.0,4.0,1.0,0.0,0.63,0.37,1.1,0.0,0.0,-0.26,0.0,1.89,1.63,2.1,1.26,1.0,1.0,1.97,0.0,0.0,1.11,-0.63,0
13.39,2.65,1.0,1.0,0.0,0.31,6.35,-1.02,21.41,27.1,-0.03,-0.67,101.55,2.67,-0.67,15.37,2.67,2.74,0.0,2.35,1.0,0.24,1.0,0.0,5.35,3.67,1
0.0,0.0,0.0,1.0,0.53,0.0,1.0,0.0,1.59,0.0,0.34,-1.06,35.02,1.0,0.0,-2.65,1.0,-1.06,-0.53,-0.53,0.0,0.4,-0.53,0.0,3.47,0.53,0
-0.64,-1.92,-0.28,0.0,0.0,-3.85,1.0,-0.64,-0.28,2.64,1.13,2.0,-19.23,3.0,0.0,3.92,1.0,0.44,2.36,5.56,1.0,-0.03,-0.64,0.0,-1.56,0.0,0
0.0,0.0,1.92,0.0,0.0,0.0,0.08,2.0,2.0,0.08,-0.13,3.0,0.0,2.08,0.0,9.24,1.0,2.24,2.0,2.0,1.0,0.27,1.0,0.0,2.92,1.0,0
30.12,-1.87,5.62,8.0,2.25,-2.5,1.62,1.0,16.0,12.62,-3.72,0.62,134.46,1.62,-1.25,15.49,3.25,7.16,1.62,1.62,1.0,2.93,1.0,0.0,3.0,3.0,1
-8.61,0.0,1.0,-10.22,-6.46,-0.54,-4.38,-2.69,-11.84,-37.27,0.72,2.0,-51.11,3.08,0.0,0.08,0.46,2.86,2.54,3.08,1.0,0.9,1.0,0.0,3.0,-2.15,0
5.48,2.74,1.0,0.69,0.0,4.37,4.74,0.69,11.6,12.6,0.26,0.0,54.85,0.31,0.0,10.86,2.69,4.63,3.0,1.31,1.0,0.9,0.69,0.0,1.0,1.37,0
0.0,0.0,2.0,0.0,0.0,0.0,1.0,0.0,1.0,5.6,0.28,0.0,0.0,0.4,0.0,0.4,2.0,0.21,-0.19,-0.79,1.0,-0.27,-0.6,0.0,0.81,0.0,0
0.0,0.0,4.0,1.57,0.0,6.52,1.57,-0.57,-2.39,-2.52,2.48,3.43,41.95,2.43,0.0,-2.96,0.43,-1.47,2.0,4.0,2.0,3.03,0.0,0.0,2.87,-2.26,0
0.0,0.0,0.01,0.0,0.0,-2.96,0.01,0.0,23.69,-0.96,0.9,0.0,0.0,0.01,1.97,-2.95,0.03,-4.28,-2.96,-1.97,0.01,-0.42,0.0,0.0,2.0,0.0,0
5.58,0.0,1.0,1.7,2.09,0.0,-0.09,0.3,-2.88,4.93,0.42,0.7,94.97,0.3,3.0,-7.76,2.0,2.81,0.7,0.0,1.0,1.81,-0.17,0.0,2.7,0.3,0
-2.73,0.0,0.32,1.0,-1.37,8.0,2.32,0.0,-3.41,3.27,2.74,0.0,59.04,1.68,1.0,-6.92,0.32,2.84,0.68,1.68,1.0,0.42,1.68,0.0,1.0,0.0,0
0.0,0.0,1.0,0.0,0.0,9.9,1.0,0.0,-2.45,2.18,5.78,8.17,-53.9,-0.82,2.0,8.17,0.0,3.59,2.0,8.17,1.0,0.41,1.41,0.0,1.18,0.0,0
0.0,-2.14,1.0,0.0,0.0,1.52,1.0,4.0,6.31,12.41,-2.05,1.0,108.53,1.83,-4.79,3.65,1.83,-9.95,-12.24,0.0,1.0,1.99,0.0,0.0,-0.65,0.83,0
0.0,1.0,1.0,0.0,0.0,9.9,1.0,0.0,-0.58,0.58,6.69,-1.16,0.0,-1.74,3.16,0.84,-0.58,1.58,0.42,-0.74,1.0,-0.44,1.58,0.0,1.58,0.0,0
0.0,2.0,-0.76,-0.88,-0.88,-0.88,1.0,0.0,-1.76,-1.76,3.96,1.76,-51.1,0.88,2.0,5.41,-0.88,-0.88,0.0,0.88,1.0,-1.32,0.88,0.0,2.0,0.0,0
-1.96,0.0,0.02,-4.9,-3.92,-10.78,2.96,1.96,4.9,21.6,1.84,-2.94,-10.78,2.96,0.0,9.82,2.0,-2.94,-1.96,-0.98,1.0,-1.63,0.98,0.0,2.0,-1.96,1
0.0,0.0,3.0,0.0,0.0,0.0,1.0,1.0,7.0,3.0,0.23,5.0,64.0,2.0,0.0,5.0,1.0,3.0,0.0,2.0,1.0,1.67,1.0,0.0,1.0,2.0,0
5.84,1.0,2.16,0.0,-3.06,-0.53,2.0,0.0,13.53,7.16,-0.19,0.84,89.5,1.84,0.0,7.38,2.0,7.58,2.84,1.0,0.16,3.07,0.84,0.0,1.84,1.0,1
-14.42,0.0,-1.14,-4.27,-0.53,0.53,1.0,-0.53,-4.34,0.33,1.56,0.0,-46.46,2.0,0.0,2.07,1.0,-0.27,0.53,1.53,1.0,-0.48,-0.53,0.0,1.93,-1.6,0
1.0,0.0,1.44,0.0,-3.38,2.75,1.0,3.13,8.56,6.75,1.33,0.0,83.07,2.56,6.06,3.0,1.0,3.73,-0.13,0.44,0.44,1.22,0.38,0.0,4.25,1.56,1
0.0,0.62,-0.85,-0.62,0.0,3.08,1.0,0.0,0.38,1.77,2.63,-2.47,-15.41,0.15,1.23,1.62,0.38,-0.54,-0.62,-0.85,0.38,-2.0,0.62,0.0,1.15,0.0,0
0.0,0.0,1.0,0.0,-0.53,-3.21,1.0,0.0,0.53,2.53,2.32,-5.35,0.0,1.53,0.0,-2.21,2.0,0.8,0.53,-4.81,1.0,0.13,-0.27,0.0,2.0,-0.53,0
0.0,0.0,1.0,0.0,-0.55,0.0,2.0,1.0,4.35,14.0,1.15,1.0,33.75,1.45,1.0,10.45,2.55,9.53,0.0,1.0,1.0,0.64,1.0,0.0,2.45,3.45,0
2.45,1.0,4.7,0.0,2.0,0.3,-1.4,0.85,6.75,-3.04,0.46,1.7,70.9,0.15,0.0,-10.44,1.15,3.29,1.15,1.0,1.0,1.52,0.0,0.0,1.0,2.7,0
-0.92,-0.92,0.0,1.0,0.0,-4.58,1.0,0.0,-3.67,-3.67,0.78,0.0,-48.57,1.92,0.0,-0.92,0.08,-1.83,0.0,0.0,0.0,-0.37,0.92,0.0,3.08,-0.92,0
2.18,0.0,3.0,0.0,0.0,0.0,1.0,0.27,8.46,5.18,-0.37,5.73,105.48,2.73,-1.46,14.46,1.0,2.9,-2.18,3.46,1.0,1.91,1.73,0.0,1.73,3.46,1
0.0,0.0,1.0,0.77,0.0,2.0,1.77,2.77,3.54,11.26,-0.47,0.0,117.89,1.23,2.31,2.0,1.77,2.61,0.0,-0.54,1.0,0.88,-0.77,0.0,2.77,0.0,0
-3.68,-0.74,-0.47,0.0,-1.47,-1.47,0.26,0.0,-8.09,-3.41,3.84,0.0,-55.88,2.74,0.0,-2.21,0.26,8.69,10.0,1.74,1.0,-1.23,0.0,0.0,1.74,-0.74,0
3.0,0.0,1.0,0.0,0.0,2.8,1.0,1.0,2.0,9.0,2.72,0.0,57.0,-0.1,1.4,14.6,0.3,5.09,2.4,0.6,1.0,0.0,0.7,0.0,0.6,-0.7,0
1.0,1.29,1.0,0.0,2.0,10.58,1.0,2.58,1.93,-0.29,0.94,3.36,28.33,0.36,0.64,4.42,1.0,0.71,-0.64,0.71,1.0,0.97,-0.64,0.0,-0.29,0.0,0
0.0,0.0,0.05,0.0,0.0,0.0,-0.9,-0.95,18.04,-16.99,1.52,0.0,-57.93,0.1,1.9,-7.55,-0.9,0.01,2.0,2.0,0.05,-0.19,-0.95,0.0,2.0,-1.9,0
3.0,0.0,1.0,0.0,0.0,2.0,5.0,0.0,12.0,16.0,-0.91,4.79,70.0,3.9,0.0,27.37,1.1,5.82,1.9,2.9,1.0,0.77,1.9,0.0,2.79,0.0,1
0.99,0.99,1.0,0.0,0.0,2.96,1.0,-1.97,1.97,5.94,2.95,0.0,2.96,2.01,1.0,1.99,1.99,1.99,0.0,2.99,1.0,-0.26,1.0,0.0,1.0,3.97,0
0.0,0.0,1.0,0.0,0.94,0.0,1.0,0.0,0.0,1.06,0.66,14.04,0.0,1.0,0.0,6.61,1.06,0.94,0.94,12.17,449.25,0.75,0.94,0.0,2.0,0.0,1
0.74,0.0,1.63,0.0,0.37,0.0,1.74,0.74,2.48,10.91,0.59,0.0,22.54,1.74,0.0,6.54,1.63,1.7,0.63,0.63,1.0,0.57,0.37,0.0,2.37,0.0,0
0.0,0.0,1.0,0.0,0.0,3.79,1.0,-1.12,-0.12,3.12,4.26,-1.67,0.0,-0.67,1.12,-1.69,1.44,3.43,2.0,0.88,1.0,0.75,0.0,0.0,1.0,-0.56,0
0.0,0.78,1.0,0.0,-0.78,1.78,1.0,1.0,1.55,5.1,0.9,0.0,-3.1,3.22,0.0,3.22,1.0,3.61,1.0,2.0,1.0,1.82,0.0,0.0,2.78,-0.78,0
0.0,0.0,1.0,-0.75,0.0,0.25,-3.48,1.25,-0.49,-7.72,2.37,0.75,-49.74,1.25,9.0,0.0,1.0,4.6,1.49,1.75,1.0,-0.31,0.67,0.0,5.75,0.25,0
1.64,0.0,1.0,1.0,0.0,2.36,2.0,0.0,2.18,16.18,0.19,4.82,88.56,3.82,0.0,28.37,2.0,-1.61,-2.46,1.82,1.0,-1.91,1.0,0.0,5.82,5.64,1
1.0,0.0,1.84,1.0,0.0,5.0,1.0,0.0,0.0,3.68,0.17,7.0,66.0,1.16,0.0,13.0,1.84,2.0,1.84,1.0,1.0,2.32,1.0,0.0,0.16,0.0,0
0.0,0.0,3.0,-0.96,0.0,-3.84,0.04,1.0,4.12,-11.41,1.51,1.16,11.18,1.04,0.0,-13.25,0.04,1.5,0.0,2.96,1.0,1.67,1.0,0.0,-2.84,-0.88,0
2.0,5.0,1.0,-1.25,0.0,1.62,2.0,1.75,16.38,-0.47,0.98,0.0,15.31,0.75,1.0,-5.09,1.62,4.04,0.62,1.62,1.0,1.31,-0.62,0.0,1.0,-1.25,0
13.19,0.0,1.82,14.84,9.89,2.65,9.24,5.95,18.14,63.84,0.57,0.0,78.33,4.82,0.0,16.37,1.82,4.63,1.0,2.0,1.82,3.0,0.0,0.0,0.35,3.3,1
2.81,0.0,0.3,1.0,0.0,8.7,3.0,1.41,-0.7,11.62,2.55,0.0,100.0,3.11,1.0,13.84,0.3,2.46,-0.7,1.0,1.0,-0.07,1.7,0.0,0.3,0.0,0
0.0,2.0,1.0,0.83,0.0,0.0,0.17,0.83,0.0,0.0,3.64,0.0,-10.74,1.65,-0.48,14.22,-0.83,1.04,0.83,0.83,1.0,-0.09,0.83,0.0,1.17,0.83,0
15.0,0.0,5.0,6.12,1.0,0.0,1.0,-0.88,9.12,-5.23,2.48,0.0,17.44,0.06,0.0,-13.94,2.0,10.76,9.47,1.0,1.0,1.32,-0.94,0.0,1.0,-1.88,0
13.33,4.0,1.0,0.33,0.0,2.33,2.33,1.0,22.0,17.0,0.52,-0.67,64.0,1.33,0.0,12.67,2.67,4.17,0.67,1.67,1.0,0.96,0.33,0.0,4.67,3.0,0
0.0,0.0,1.0,0.0,0.0,4.7,1.57,0.0,1.13,5.57,2.23,0.0,0.0,0.43,6.0,2.7,1.57,30.12,1.57,0.0,1.0,1.1,0.0,0.0,3.43,0.0,0
0.0,0.0,1.0,0.91,0.0,5.43,2.81,1.0,0.0,5.53,0.95,1.0,90.55,2.0,-12.49,2.72,0.09,-6.96,-7.87,1.0,1.0,0.0,0.91,0.0,-0.72,0.0,0
0.65,0.0,1.0,0.0,-0.65,-5.23,2.31,1.31,4.27,15.07,0.44,-0.61,39.86,4.31,0.0,7.88,1.0,4.11,3.0,1.69,1.0,1.07,0.65,0.0,2.31,0.0,0
0.0,0.0,1.0,0.0,0.0,-2.35,4.0,1.0,7.0,15.0,-0.15,0.0,80.0,1.66,0.0,25.01,1.0,2.92,0.67,2.34,0.33,0.38,0.25,0.0,0.33,3.0,0
0.67,2.0,3.0,-0.67,0.0,3.99,1.0,0.67,2.33,2.0,0.53,0.0,19.95,2.67,0.0,7.0,1.0,6.49,4.0,2.67,1.67,2.64,0.67,0.0,1.67,0.0,0
0.0,0.0,0.0,1.27,0.0,0.0,1.0,1.27,26.63,7.61,-0.14,0.0,47.56,0.63,2.0,8.24,0.0,0.44,-0.63,-0.63,0.0,-0.85,0.63,0.0,1.0,1.27,0
-1.78,3.0,1.0,0.59,0.0,7.78,-1.38,0.0,-5.35,-4.16,6.82,-1.78,-4.16,-0.59,2.0,-9.51,-0.59,-0.07,1.0,-0.59,1.0,-0.7,-0.59,0.0,3.19,0.59,0
20.31,3.0,5.86,5.72,0.0,1.71,1.0,1.72,9.87,4.29,0.38,-7.15,92.22,2.0,0.0,-2.72,1.72,8.78,3.0,-6.15,1.0,2.0,1.36,0.0,6.43,1.43,0
0.0,0.0,1.0,0.61,0.0,2.82,1.61,-0.61,2.82,11.12,0.89,2.43,33.43,0.39,0.0,15.33,2.61,2.54,1.39,1.39,1.0,-0.71,0.61,0.0,2.82,2.43,1
14.18,0.0,3.1,4.2,0.53,-2.63,1.0,0.53,5.78,4.1,-1.09,0.0,45.7,1.53,-1.05,1.58,3.05,1.47,0.47,1.53,1.0,2.07,0.0,0.0,1.53,1.58,0
-0.97,-4.85,1.0,0.97,0.0,4.88,0.03,-2.91,-15.51,-2.85,0.9,6.8,3.88,1.0,-0.97,14.71,2.0,-0.22,2.97,2.0,1.0,1.58,0.97,0.0,1.0,0.0,0
2.0,0.0,2.0,0.0,0.0,-0.67,-1.0,0.0,-2.33,1.01,0.74,0.0,-15.31,0.33,0.0,-3.66,2.0,2.51,1.67,1.67,1.0,0.15,-0.17,0.0,2.67,-2.0,0
-0.79,1.58,1.0,-0.79,0.0,2.21,2.0,3.15,4.36,1.42,1.99,-4.73,-17.33,0.21,0.79,-4.67,2.0,6.04,3.0,1.21,1.0,0.19,-0.79,0.0,1.0,0.0,0
2.49,0.0,0.49,-2.57,-2.57,-2.62,7.05,0.0,18.16,23.71,0.02,3.0,68.97,4.03,0.0,29.71,2.51,2.75,0.49,2.51,1.0,1.68,1.51,0.0,-0.03,-1.03,1
16.0,0.0,1.0,20.0,12.0,5.99,12.0,6.0,21.0,76.99,0.58,3.99,72.07,3.99,0.0,33.94,3.0,2.72,0.0,0.0,1.0,0.14,1.0,0.0,5.99,6.99,1
8.0,-0.82,1.0,0.0,0.0,-4.92,3.0,1.0,14.82,16.64,-1.93,0.0,76.0,2.82,-1.64,9.46,3.64,5.02,1.82,2.82,1.0,1.44,-0.82,0.0,3.0,1.0,0
0.52,0.0,1.0,0.52,0.0,3.09,1.0,1.0,0.96,1.52,0.01,3.65,34.42,2.52,-0.52,9.78,0.48,-0.24,-1.09,2.96,1.0,0.94,0.52,0.0,-0.04,1.0,1
-4.97,0.0,1.0,-0.83,-0.83,0.17,-0.66,-2.31,4.48,-18.05,1.29,-0.83,-28.99,1.17,0.0,-18.53,1.0,1.18,1.0,3.17,1.0,-0.22,0.62,0.0,-3.14,-2.31,0
8.0,4.0,1.0,1.0,0.0,3.88,7.65,1.88,20.18,28.47,-0.67,0.0,150.61,2.88,0.0,30.54,2.0,4.31,0.0,0.12,1.0,1.32,0.34,0.0,4.0,4.77,1
0.0,0.0,1.0,0.0,1.0,1.99,1.0,-0.66,0.35,-5.3,1.14,-0.66,19.55,1.34,-0.66,-3.64,1.0,-2.13,2.99,1.66,1.0,0.78,-0.66,0.0,0.67,-1.65,0
5.0,1.0,3.73,0.0,2.0,2.0,2.0,0.73,15.39,6.54,0.03,3.66,122.86,1.73,0.0,6.93,1.27,4.96,1.27,1.73,1.0,2.43,0.73,0.0,0.27,2.46,1
1.0,0.76,2.0,0.0,0.0,-0.33,1.0,2.0,8.0,9.0,0.83,0.0,69.0,2.0,1.0,2.24,1.0,2.74,0.24,0.24,1.0,1.79,-0.76,0.0,2.76,1.0,0
-0.97,0.0,0.03,-0.97,0.0,0.97,3.92,-8.76,0.97,16.6,2.22,-1.95,8.76,4.95,1.0,22.41,1.0,-4.6,-1.95,2.0,1.0,-1.33,1.24,0.0,0.03,3.95,1
1.0,-3.11,1.0,0.0,0.0,0.14,1.0,0.0,3.0,6.24,-0.88,1.0,16.0,2.62,-4.35,4.62,2.24,-4.6,-6.95,1.38,1.0,2.67,1.0,0.0,1.38,0.0,1
0.75,1.0,1.75,0.75,0.0,-2.76,1.0,7.52,9.51,3.74,-3.45,1.5,115.37,1.75,-1.5,0.75,1.75,6.58,1.0,1.75,1.0,1.56,-0.75,0.0,3.0,0.75,0
1.0,-1.66,-0.66,0.0,2.0,7.17,1.0,-0.83,1.66,5.97,1.3,4.0,19.05,0.17,0.0,7.0,1.83,-2.4,-2.49,2.83,1.0,-1.09,-0.83,0.0,-1.49,1.66,0
-0.51,-2.56,1.0,0.51,0.0,8.53,0.49,0.0,-2.54,1.53,3.65,2.04,-11.7,0.51,2.0,9.63,0.0,1.17,1.0,1.51,1.0,-0.31,1.51,0.0,2.02,0.51,0
0.56,-0.56,1.0,0.0,0.0,3.56,1.0,-2.24,0.56,8.37,2.58,-0.56,5.05,1.0,5.44,1.56,1.56,28.05,0.44,1.12,1.0,0.24,0.0,0.0,4.56,1.12,0
0.0,0.0,3.62,0.0,0.0,2.75,3.13,0.13,6.13,4.51,0.8,3.5,24.95,4.75,-2.62,22.13,0.13,3.62,1.75,4.5,1.87,3.31,0.25,0.0,2.75,2.13,1
-2.41,5.41,1.0,0.0,0.0,10.83,1.0,-0.8,-1.61,-7.24,11.32,0.0,-45.86,-1.61,3.61,-12.87,-0.8,-1.35,1.0,-1.61,1.0,0.0,0.0,0.0,2.0,0.0,0
0.0,0.0,-0.54,0.23,0.0,7.85,2.0,0.0,1.46,14.69,0.09,11.7,10.34,3.0,0.0,28.7,1.23,-0.64,-0.77,8.7,1.0,-0.19,1.38,0.0,3.46,4.77,1
0.0,0.0,1.0,0.0,0.88,0.0,2.0,0.0,1.0,5.12,-0.48,13.19,0.0,0.24,-0.88,8.4,2.0,2.38,2.76,11.55,422.25,2.09,0.0,0.0,1.0,-1.76,0
0.0,0.0,1.0,0.0,0.0,1.92,3.08,1.92,6.08,11.32,-0.27,0.0,80.0,4.84,0.0,23.0,0.08,2.71,0.0,1.92,1.0,2.62,0.25,0.0,1.92,3.0,1
0.0,0.0,1.0,1.0,0.0,-1.79,2.0,1.0,2.89,11.32,-0.87,0.0,88.0,1.0,-2.36,5.58,2.89,-21.58,0.89,1.79,1.0,0.18,0.0,0.0,-0.68,1.0,0
3.0,0.0,-1.0,0.0,0.0,5.0,6.0,-1.0,6.99,15.99,1.35,-2.0,5.99,2.0,0.0,20.98,3.0,4.91,4.0,2.0,1.0,0.6,0.0,0.0,1.0,-2.0,0
-1.92,-4.8,1.0,0.0,0.0,1.92,0.04,-2.88,-15.31,0.08,2.4,0.0,-59.48,1.04,4.8,3.08,1.0,25.84,2.96,1.04,1.0,1.41,0.0,0.0,3.88,0.0,0
7.26,3.63,1.0,0.91,0.0,2.72,4.63,0.91,12.71,15.61,0.31,0.0,72.6,2.91,0.0,12.89,1.0,2.1,-0.91,2.0,1.0,-0.46,1.91,0.0,3.72,3.72,1
3.58,0.0,2.49,0.0,0.0,-2.55,2.02,0.49,10.07,6.07,-0.03,5.0,67.58,2.0,-0.51,7.04,1.51,3.15,0.0,2.51,1.0,1.17,1.0,0.0,1.51,2.0,0
-6.09,-3.04,1.0,1.24,0.0,1.52,-2.04,1.24,-8.65,3.35,4.27,0.0,14.14,1.48,1.52,8.87,-0.52,4.13,2.52,0.24,1.0,-0.36,1.0,0.0,-0.52,-0.28,0
0.0,0.0,1.0,0.0,0.0,-4.51,1.0,1.0,0.0,1.9,1.31,1.0,0.0,1.1,2.9,-1.8,1.0,3.0,2.1,0.1,0.1,-0.9,0.9,0.0,1.1,1.8,0
-3.85,0.0,1.0,0.0,-1.82,4.42,1.0,0.0,4.82,9.24,0.78,0.39,-0.37,2.0,0.0,2.18,1.0,6.29,3.0,2.0,1.0,1.3,1.0,0.0,2.61,-0.61,0
-0.86,0.0,0.14,1.14,0.0,0.0,1.0,-6.56,-2.28,15.71,0.55,-1.71,14.2,3.86,0.0,21.43,1.0,-1.52,1.0,1.86,1.0,-0.33,1.0,0.0,0.14,1.14,0
-0.79,0.0,1.0,-0.79,1.0,2.84,1.0,0.0,1.58,0.21,2.06,4.47,-52.12,0.21,0.79,0.73,1.79,3.63,4.16,12.58,1.0,-0.17,-0.29,0.0,2.58,1.0,0
0.0,0.0,1.0,1.0,0.0,1.0,7.0,0.23,2.0,15.77,0.12,1.77,100.0,3.0,-1.55,10.64,1.0,2.07,-0.77,1.77,1.0,0.42,1.77,0.0,2.77,1.0,1
0.0,0.0,1.0,1.0,0.0,2.66,6.17,1.0,0.34,15.0,4.07,1.0,100.0,2.17,1.66,2.68,-0.66,1.41,-0.83,-0.66,1.0,0.06,1.83,0.0,2.83,1.0,0
0.0,1.73,1.0,0.0,0.0,-4.33,1.0,0.0,0.0,0.13,2.96,0.0,0.0,-1.47,1.73,4.27,0.13,1.13,1.13,2.4,0.13,-0.37,0.0,0.0,1.0,0.0,0
-1.78,0.0,1.0,1.0,-0.89,8.0,1.22,-1.78,-4.44,-11.77,3.65,0.0,45.8,0.11,1.0,-4.89,1.0,0.82,1.78,5.44,1.0,0.02,0.11,0.0,-0.78,0.0,0
-2.41,2.41,1.0,0.0,0.0,3.21,-1.21,1.0,-3.64,1.14,5.19,-1.41,13.76,-0.41,2.61,-6.68,0.39,7.73,0.0,-0.61,1.0,-1.09,0.2,0.0,3.8,4.0,0
1.99,0.0,1.0,2.0,0.0,0.0,1.0,2.0,0.67,6.69,0.15,1.33,61.04,4.33,0.0,25.31,1.0,3.4,1.0,2.33,1.0,-0.0,1.66,0.0,2.33,2.66,1
0.0,-0.63,1.0,0.0,0.63,4.14,1.0,0.0,-2.14,-1.14,0.66,6.29,-38.97,1.0,0.0,11.91,2.0,0.88,2.0,8.29,1.0,1.54,0.31,0.0,-0.26,0.63,0
3.0,0.0,2.4,0.7,0.7,0.7,1.0,0.0,3.4,5.4,-0.68,2.0,97.56,2.3,0.0,13.0,1.7,4.61,0.0,2.3,1.0,1.38,1.0,0.0,3.7,2.0,1
0.0,2.32,-0.16,0.0,0.0,-1.89,2.16,-0.58,3.47,11.1,2.06,0.0,27.79,3.0,0.0,3.74,1.58,-0.14,-1.74,1.42,1.0,-0.64,-0.58,0.0,2.84,2.74,0
2.89,0.0,1.72,3.61,3.61,7.22,2.0,0.28,6.0,14.72,0.33,1.72,121.97,1.28,1.0,11.72,1.28,11.39,-0.72,-11.27,-9.83,-1.67,1.0,0.0,4.44,4.72,1
1.71,0.0,2.71,0.71,1.0,4.0,1.0,7.13,4.28,0.29,-0.16,1.43,50.64,0.29,0.0,0.71,1.0,0.57,-5.71,1.0,1.0,2.98,0.0,0.0,3.71,0.71,0
1.0,7.0,1.0,0.0,0.0,1.93,3.0,0.0,8.0,13.07,-0.03,0.93,78.0,2.0,-1.86,11.59,2.93,1.73,0.0,15.83,14.97,5.27,0.0,0.0,2.07,3.93,0
27.0,0.0,5.0,8.0,1.0,0.0,1.74,1.74,12.47,6.26,0.01,0.74,81.11,1.74,0.74,9.63,2.74,10.24,1.0,1.0,1.0,1.5,1.74,0.0,4.47,5.21,1
0.0,0.0,1.0,1.0,0.0,-1.04,2.52,-0.04,1.48,16.07,0.73,0.0,62.12,1.0,3.0,3.04,2.52,1.93,0.52,0.0,1.0,0.11,0.0,0.0,1.48,1.0,0
20.35,0.0,4.87,5.73,1.0,-0.3,1.0,0.72,7.88,5.3,1.6,-7.17,62.34,1.0,0.0,-5.73,1.72,4.78,0.0,-6.17,1.0,1.79,0.36,0.0,4.43,1.43,0
-0.68,0.0,3.03,0.0,0.0,-2.03,1.0,0.0,1.68,3.0,1.49,-2.03,-27.78,2.68,0.0,-7.13,1.0,2.24,0.68,3.03,1.68,0.98,-0.68,0.0,5.03,0.0,0
0.0,1.0,1.0,0.0,0.0,5.11,1.0,0.0,4.18,6.82,4.18,0.0,62.0,-1.47,1.64,-1.64,0.18,4.39,1.0,-2.29,1.0,-1.23,0.0,0.0,0.53,0.0,0
-0.71,-2.12,-0.41,0.71,0.0,0.29,4.0,0.29,7.71,21.36,0.55,0.0,103.3,3.0,0.0,25.12,1.0,-0.73,-1.41,1.0,1.0,-0.03,-0.46,0.0,-0.41,3.71,0
0.0,2.0,1.0,0.0,0.0,0.0,1.0,0.0,-0.61,-0.61,4.55,0.0,0.0,-0.61,2.0,1.0,0.61,-0.61,0.0,-0.61,1.0,0.0,0.0,0.0,1.39,0.0,0
0.0,-0.9,1.0,0.0,0.0,-0.9,3.0,1.0,5.21,16.41,0.7,0.0,12.58,2.9,-0.9,9.9,1.1,0.75,-0.9,0.0,1.0,-0.79,1.0,0.0,1.0,2.0,0
0.0,0.0,4.0,1.0,-0.84,2.0,1.0,0.0,1.0,2.84,2.54,-8.61,25.0,4.68,0.84,-3.2,1.0,2.66,0.32,-6.09,-400.59,1.57,0.0,0.0,4.0,1.68,0
0.0,0.0,1.0,0.0,1.0,0.0,1.0,0.0,3.0,1.13,-0.1,0.0,66.0,2.0,0.0,5.37,1.0,1.5,1.0,3.62,1.0,1.19,0.0,0.0,1.13,1.0,0
-2.11,0.0,1.7,0.0,0.0,-0.41,-1.81,1.0,-5.74,-6.74,1.59,-2.11,-49.25,0.59,0.0,-11.78,1.0,-0.03,1.0,3.3,1.0,-0.85,-0.7,0.0,1.7,1.0,0
8.0,0.0,-1.9,0.03,3.0,0.03,1.0,0.97,-0.97,0.07,-0.26,-0.93,65.87,1.03,0.0,13.83,1.97,3.02,1.97,14.51,14.51,4.61,0.0,0.0,-0.9,2.97,0
0.0,-1.05,1.0,0.0,0.0,-2.09,1.0,-1.09,-1.57,2.05,1.26,0.48,-23.03,2.52,1.48,0.0,1.0,1.26,2.48,2.05,1.0,-0.78,0.52,0.0,2.0,0.52,0
0.0,0.0,1.0,0.0,0.0,0.0,1.0,-0.61,-0.22,2.0,1.29,0.78,0.0,2.39,1.22,-5.31,1.0,3.41,3.61,2.39,1.0,0.75,-0.61,0.0,1.0,-0.61,0
6.83,0.0,2.0,-0.91,2.0,-0.74,5.66,0.0,18.97,21.8,0.28,-2.66,79.66,1.91,0.0,28.23,2.91,6.39,2.0,1.91,1.0,2.09,0.0,0.0,2.0,0.0,0
0.45,2.73,2.0,-0.55,0.0,3.91,1.0,2.0,8.0,7.91,2.82,-3.82,32.98,0.91,4.82,-4.09,0.45,13.07,9.19,1.0,1.0,0.8,-0.55,0.0,3.09,1.0,0
7.13,0.0,0.31,0.69,-3.45,-2.76,3.76,4.45,4.76,34.5,-0.49,0.69,123.15,3.38,0.0,40.12,1.69,3.68,-0.38,1.31,0.31,-0.37,0.17,0.0,5.45,4.13,1
0.0,0.0,1.87,4.36,4.36,9.72,1.0,-1.74,2.0,-9.46,2.69,2.62,62.77,-1.62,1.0,-6.97,2.0,6.51,6.74,3.0,1.0,1.41,-0.87,0.0,4.74,1.74,0
1.0,0.0,1.0,0.0,2.0,8.51,1.0,1.02,0.51,1.0,0.61,4.0,12.76,1.51,4.59,6.49,0.49,2.16,0.0,2.51,1.0,0.0,0.34,0.0,2.53,0.51,1
0.0,2.0,1.0,0.0,0.0,4.65,1.0,0.0,0.0,0.93,7.21,0.0,0.0,-0.93,3.86,0.07,-1.86,3.72,1.86,0.0,1.0,0.0,0.93,0.0,2.0,0.0,0
3.0,0.0,2.41,0.0,0.71,2.0,0.77,-0.71,12.0,8.24,0.39,2.29,40.38,1.59,0.0,18.47,2.71,5.56,2.41,2.0,1.0,2.6,0.29,0.0,1.71,-0.71,0
0.0,0.0,1.51,-0.51,3.08,1.0,1.0,2.0,-0.54,0.46,2.06,0.0,-7.34,1.49,9.0,-3.08,1.0,3.79,0.51,1.51,1.51,0.17,0.67,0.0,3.97,0.49,0
0.0,-0.53,1.0,0.0,0.0,3.93,1.0,0.0,0.0,4.6,7.04,0.0,0.0,0.0,2.0,-1.07,0.0,5.6,2.53,-0.53,1.0,0.0,1.0,0.0,2.53,0.0,0
-0.76,0.0,1.0,1.0,-1.51,-6.06,2.0,1.0,2.0,14.76,1.57,-3.03,88.0,1.0,3.0,-2.54,2.76,1.55,0.0,-1.51,1.0,0.28,0.0,0.0,2.76,1.0,0
1.0,0.0,1.6,0.0,2.0,8.0,1.0,0.6,3.58,-0.19,0.34,6.98,38.19,1.6,0.0,9.39,0.4,1.45,-0.6,2.6,1.0,0.62,0.6,0.0,0.4,1.19,0
1.0,0.0,1.0,1.0,0.0,4.15,1.0,0.0,0.85,1.15,-1.33,9.56,44.7,2.85,-7.67,23.22,1.0,0.89,2.7,1.85,1.0,1.8,1.28,0.0,-1.56,0.0,1
3.94,4.0,1.0,1.0,0.0,4.52,3.98,0.49,6.89,11.92,1.68,0.0,41.41,1.49,3.05,8.95,1.49,15.47,0.0,-0.02,1.0,0.71,1.0,0.0,4.51,2.49,0
1.0,0.0,1.0,3.0,0.0,4.0,1.0,2.0,2.0,13.0,-1.62,6.99,140.94,2.0,0.0,28.99,1.0,2.52,2.0,0.0,1.0,1.97,2.0,0.0,-2.0,1.0,1
1.0,0.0,2.0,0.0,1.0,4.73,1.0,-0.73,-1.46,0.27,2.12,-0.73,0.0,0.27,0.0,-4.38,1.73,2.49,0.73,12.68,11.95,5.15,-0.73,0.0,2.27,0.0,0
0.0,-2.98,1.0,0.0,1.0,-4.97,1.0,0.99,3.0,3.99,-5.34,0.0,66.0,5.97,-1.99,4.97,1.99,2.49,1.0,2.99,1.0,3.13,0.0,0.0,2.0,1.0,0
2.54,0.0,1.0,0.0,0.0,0.63,1.0,3.27,-0.54,-0.27,0.23,3.0,-49.49,4.9,0.0,20.25,1.0,2.93,2.0,2.0,1.0,-0.04,1.63,0.0,2.0,0.37,1
0.0,0.0,1.0,0.0,-0.79,-3.96,1.0,1.0,0.0,2.58,2.48,-6.92,0.0,3.58,2.0,-7.13,1.0,4.06,2.21,-6.13,1.0,-0.99,-0.4,0.0,4.38,0.0,0
-14.8,0.0,-1.19,-4.38,-0.55,2.74,1.0,-0.55,-2.03,12.81,3.49,0.0,30.32,0.45,1.1,0.36,-0.1,2.05,0.55,0.45,1.0,-0.32,0.0,0.0,0.45,-0.64,0
0.0,0.0,1.0,0.0,0.0,3.0,-0.66,-0.83,-4.98,-9.94,3.8,0.0,-50.65,1.83,6.0,-4.81,0.17,29.55,2.66,3.32,1.0,1.94,0.0,0.0,7.32,-1.66,0
3.78,0.0,1.95,4.73,4.73,10.41,1.0,0.0,0.0,2.0,1.68,2.84,68.11,0.05,0.0,1.95,2.0,3.03,0.0,-3.78,1.0,1.55,0.0,0.0,3.89,1.89,0
0.0,0.0,1.0,0.0,0.0,0.0,0.22,-0.78,-3.68,-7.35,2.09,1.22,-54.57,2.22,-0.78,-6.58,1.0,-3.86,3.78,3.0,1.0,1.38,-0.78,0.0,-0.56,-3.12,0
0.0,0.0,-0.91,0.0,0.0,2.86,1.95,-0.95,-4.77,2.0,1.82,-2.77,-61.03,1.05,0.0,5.05,1.95,4.77,4.86,2.0,1.0,-1.18,0.05,0.0,3.0,-1.91,0
8.0,4.0,1.0,1.0,0.0,4.89,5.0,2.89,14.94,17.0,0.54,0.0,127.15,2.0,0.0,9.17,2.0,1.82,-1.89,0.06,1.0,-0.09,1.0,0.0,4.94,3.0,0
-1.64,0.0,1.0,0.0,-0.82,0.82,-0.64,-1.64,-3.29,-13.62,2.67,0.0,-50.16,-0.64,0.0,-9.05,2.82,1.25,2.64,2.64,1.0,1.42,-0.82,0.0,-0.64,0.0,0
-0.55,0.0,2.45,0.0,-0.55,-2.19,1.0,1.0,7.0,3.55,0.21,5.0,64.0,2.55,0.0,5.55,1.0,3.0,1.1,2.55,1.0,0.85,1.0,0.0,0.45,2.0,1
1.0,0.0,1.0,0.0,2.0,8.0,1.0,0.0,0.0,1.0,0.69,4.0,0.0,1.0,0.0,7.0,1.0,0.5,0.0,2.0,1.0,0.0,0.0,0.0,1.0,0.0,0
6.12,7.0,1.0,0.64,1.92,1.0,3.0,-0.64,6.72,14.64,-0.2,0.64,135.62,2.0,0.0,9.84,2.0,3.01,0.0,-1.92,1.0,2.48,0.0,0.0,3.64,3.64,0
0.95,0.95,0.0,1.0,0.0,4.75,1.0,0.0,3.8,3.8,-0.13,0.0,50.34,1.0,0.0,2.85,1.0,1.42,-0.95,0.95,0.0,-0.76,0.0,0.0,4.95,1.9,0
0.57,0.0,1.0,0.0,0.0,6.14,1.0,0.0,1.71,4.71,4.85,0.57,9.12,-0.57,1.43,1.71,0.0,7.61,3.71,0.0,1.0,1.52,1.0,0.0,2.57,-1.14,0
-0.65,-4.56,1.0,0.0,0.0,2.3,-0.3,0.0,-3.21,-4.86,3.91,0.0,-50.81,0.35,4.91,-3.26,1.35,22.64,5.65,3.0,1.0,0.16,0.0,0.0,3.65,-1.95,0
0.79,0.0,1.0,0.0,1.59,6.55,1.0,0.21,2.0,0.21,1.3,3.17,0.0,-0.38,0.0,5.38,1.0,0.31,0.21,4.0,1.0,-1.9,0.0,0.0,0.21,1.0,0
0.81,0.0,1.0,0.0,1.63,2.44,1.0,0.0,4.0,13.37,-3.95,3.25,78.0,1.81,-1.63,7.69,1.81,-0.31,-1.63,2.63,1.0,0.59,-0.81,0.0,0.19,1.0,0
0.0,2.28,1.0,0.0,0.0,3.04,1.0,0.0,1.0,2.24,3.64,0.0,0.0,1.24,-11.4,0.24,-0.52,-7.36,-8.36,0.24,1.0,0.0,0.0,0.0,1.48,0.0,0
1.0,-2.6,1.0,1.0,0.0,3.44,1.0,0.0,0.52,3.56,-1.29,7.0,66.0,3.04,-3.64,13.52,1.52,-7.79,-7.31,1.0,1.0,1.8,1.0,0.0,1.0,0.0,1
-3.44,7.0,1.89,0.0,-0.89,0.11,-0.55,4.44,9.78,-24.2,0.36,0.89,55.79,0.22,0.0,-24.2,1.11,6.63,1.78,0.0,1.0,2.05,-0.22,0.0,-0.55,-1.44,0
0.83,1.83,1.83,0.0,0.0,11.17,1.0,0.0,-18.37,5.01,4.8,0.0,44.25,0.83,0.33,4.5,1.67,3.09,1.0,2.67,1.83,0.33,1.0,0.0,1.83,1.67,0
-3.23,0.0,0.19,0.0,0.0,5.85,0.19,1.0,-6.46,-4.46,0.78,2.42,-61.38,4.0,0.0,-6.5,0.19,-1.35,-0.62,2.81,1.0,0.74,0.0,0.0,1.19,0.0,0
-0.83,0.0,3.17,1.0,-0.83,-0.5,1.0,1.67,1.83,2.83,1.27,4.0,45.87,3.83,7.51,1.0,1.0,4.54,2.0,4.0,2.0,2.0,0.56,0.0,5.67,0.83,0
3.0,0.0,1.0,0.0,0.0,0.0,1.0,1.0,2.0,9.0,0.13,0.0,57.0,2.0,0.0,16.0,1.0,3.92,1.0,2.0,1.0,0.0,0.0,0.0,2.0,0.0,0
2.24,0.0,1.0,0.0,0.0,1.0,1.0,2.12,1.44,7.17,0.84,0.0,0.0,3.68,0.0,8.61,0.44,2.05,-0.12,3.44,1.0,-0.13,0.56,0.0,1.0,1.0,0
-0.56,0.0,1.0,1.0,-1.13,0.49,1.0,0.0,3.0,9.56,1.79,-2.25,63.0,2.0,0.0,2.06,1.56,2.06,1.56,0.44,1.0,1.34,0.0,0.0,3.0,1.0,0
0.0,0.0,1.0,0.0,0.0,1.0,1.0,0.0,0.0,3.0,2.25,0.0,0.0,4.82,0.91,2.91,0.09,2.33,-0.91,2.91,1.0,-1.09,0.91,0.0,4.0,2.82,0
0.0,0.75,1.0,0.0,0.0,5.26,1.0,0.0,0.0,1.25,2.64,2.0,0.0,0.5,1.5,2.99,0.25,2.75,1.25,-1.01,1.0,-0.38,1.75,0.0,3.0,0.0,0
0.83,-1.67,1.0,0.0,1.0,-0.83,1.0,0.0,3.33,6.0,-3.84,15.0,44.16,1.83,-1.67,8.5,2.67,3.25,1.17,15.67,480.0,2.33,1.0,0.0,1.0,1.67,1
0.0,0.0,1.44,1.78,0.22,0.22,1.0,1.56,2.0,11.82,0.29,0.0,71.3,2.56,0.0,14.3,1.22,3.47,1.22,1.0,1.0,0.46,0.78,0.0,1.44,1.56,1
0.0,-1.24,3.86,0.62,0.0,-1.24,1.0,-2.48,-0.24,6.24,0.77,1.86,-11.77,2.24,-0.62,0.38,2.0,1.19,1.62,3.48,1.62,1.71,0.0,0.0,3.86,0.0,0
-20.76,0.8,-1.19,-6.39,5.2,8.99,1.0,-0.8,-5.59,5.2,2.11,0.0,-27.14,1.0,0.0,0.0,1.0,0.93,1.2,2.8,2.0,0.0,-0.8,0.0,0.2,-0.8,0
0.0,1.03,1.0,1.0,0.0,6.55,1.0,1.55,4.55,9.0,1.35,-0.52,85.67,1.48,0.52,3.94,0.48,2.21,-0.03,-8.28,-6.73,-1.14,0.0,0.0,3.0,0.48,0
-0.64,0.0,3.57,-7.08,-7.08,-1.29,-5.44,-3.22,-7.08,-41.77,0.38,2.0,-4.51,1.36,0.0,-1.72,1.0,4.24,2.64,2.64,1.0,0.49,1.0,0.0,2.36,-2.57,0
5.0,0.0,2.0,0.0,2.0,2.0,2.0,0.0,8.0,9.0,0.66,1.0,76.0,1.6,0.6,19.4,2.0,4.94,2.0,1.0,1.0,2.06,0.0,0.0,2.0,0.6,0
-4.74,-0.95,-0.9,2.0,-1.9,2.84,0.05,2.0,-8.43,7.36,1.45,0.0,2.93,5.84,0.0,17.05,0.05,0.55,0.05,2.9,1.95,-0.47,1.0,0.0,1.95,1.05,0
0.0,0.0,-1.01,0.0,-0.67,-0.67,1.0,0.0,-1.34,-0.68,0.71,2.0,-38.86,2.0,0.0,5.33,0.33,0.49,0.66,1.33,0.33,-1.0,1.0,0.0,3.67,0.0,0
1.0,0.0,2.0,0.0,0.0,5.0,1.94,2.0,8.94,13.68,0.66,0.0,69.0,2.0,1.0,1.13,1.94,3.03,0.06,-2.74,1.0,1.63,0.0,0.0,2.0,1.0,0
0.0,0.0,3.0,0.0,0.76,0.0,1.0,-0.53,5.47,3.0,0.4,14.15,64.0,0.47,0.0,0.42,1.0,2.75,0.0,11.15,366.36,3.19,1.0,0.0,0.24,1.24,0
0.0,-3.93,2.57,0.79,0.79,1.43,1.0,0.0,1.57,8.14,-0.32,0.0,45.57,1.79,0.5,1.79,2.57,17.25,-10.0,0.0,1.0,2.04,0.0,0.0,4.0,0.0,0
5.92,0.0,0.0,0.0,0.0,0.0,2.48,0.74,36.36,9.62,-1.1,0.0,56.22,0.0,2.0,4.44,0.74,1.33,-0.74,0.0,0.0,0.61,0.0,0.0,1.74,0.74,0
0.05,0.0,3.93,0.98,0.02,1.95,1.05,0.05,1.1,2.46,1.04,3.9,25.87,3.0,0.0,1.36,1.0,3.47,1.95,3.9,1.98,3.18,0.02,0.0,3.98,0.0,0
4.0,0.0,1.0,0.0,0.0,-1.82,3.12,2.71,4.94,21.46,-3.52,0.0,56.42,6.12,-1.41,31.22,1.71,2.24,-1.41,1.71,1.0,1.03,0.47,0.0,0.29,2.12,1
0.0,0.0,-0.87,-0.93,0.0,-0.93,1.0,1.0,0.93,-0.87,0.87,1.0,7.47,2.93,2.0,0.0,0.07,0.2,2.07,1.0,1.0,-0.7,0.0,0.0,1.07,0.93,0
-5.55,0.0,0.0,-0.92,-0.92,0.0,-2.7,-4.62,22.3,-36.99,1.89,-0.92,-88.77,0.0,2.0,-30.51,-0.92,-0.14,0.0,0.92,0.0,-0.43,-0.23,0.0,-0.85,-4.62,0
0.0,0.17,1.0,0.0,0.0,1.07,1.0,0.97,0.0,0.0,0.66,1.93,0.0,1.93,0.24,5.8,1.93,3.54,3.44,17.43,15.5,4.83,0.0,0.0,1.07,0.97,0
0.0,1.0,1.7,0.0,0.0,1.7,3.11,0.7,-8.35,16.54,1.05,0.0,118.2,3.11,-1.41,16.16,1.7,5.15,1.0,1.7,1.7,0.5,0.18,0.0,3.0,2.11,0
0.0,0.0,1.0,0.1,0.0,-2.59,6.1,1.0,0.2,1.52,0.49,-2.59,50.59,2.1,0.0,-8.38,0.1,2.08,1.8,1.9,1.0,1.76,0.1,0.0,-1.59,-2.59,0
22.63,0.0,5.0,8.0,-0.64,2.19,1.0,1.0,12.64,10.83,0.44,-0.55,72.25,1.0,0.0,1.36,2.0,3.94,1.0,1.0,1.0,0.42,1.0,0.0,3.55,2.45,0
0.0,0.0,1.61,1.0,1.0,1.7,1.0,-0.7,-1.48,2.61,2.18,-3.48,13.48,0.3,0.7,-2.48,2.7,5.89,5.48,1.7,1.0,0.34,-0.7,0.0,4.39,-1.39,0
5.0,1.0,3.0,0.0,2.0,1.48,2.0,-0.52,11.0,8.0,1.21,0.0,76.0,-0.56,0.0,1.92,2.52,3.27,2.0,0.48,1.0,1.04,0.0,0.0,0.48,1.0,0
7.02,4.0,0.02,1.0,-0.98,1.05,5.0,1.0,14.0,17.0,1.59,0.0,80.0,2.0,16.6,12.98,2.98,12.53,11.72,1.0,1.0,-0.77,1.0,0.0,4.98,3.0,0
0.0,0.0,1.0,0.0,0.0,1.0,0.42,0.42,-3.48,-4.97,1.4,-0.58,-40.64,4.0,-0.58,-1.81,0.42,-2.53,2.16,2.58,1.0,2.17,-0.58,0.0,1.42,-2.32,0
20.96,-2.42,2.61,6.45,0.81,0.16,1.0,0.0,7.25,8.64,5.4,0.0,45.95,-0.81,2.0,0.0,0.81,3.1,0.39,0.0,1.0,-0.05,1.0,0.0,0.39,2.42,0
2.17,0.0,2.0,5.0,4.09,11.91,-0.83,-1.83,-4.57,-15.45,2.39,3.0,16.24,1.0,0.0,-5.8,1.0,5.32,2.0,2.83,1.0,1.7,-0.91,0.0,3.91,2.91,0
0.0,0.0,1.0,0.85,0.0,0.85,4.39,0.0,-4.23,-2.23,1.81,0.85,33.03,2.85,0.0,-1.54,0.15,1.65,2.0,2.85,1.0,0.18,0.0,0.0,2.85,-0.85,0
0.0,0.0,1.0,0.0,0.0,3.0,2.0,0.0,2.0,3.0,1.36,0.0,0.0,1.0,0.0,4.0,2.0,4.33,3.0,2.0,1.0,0.43,0.0,0.0,1.0,0.0,0
3.83,0.0,1.96,5.79,4.79,15.53,1.0,0.0,3.0,8.04,-0.37,2.87,131.92,0.09,-0.96,11.74,1.0,5.8,2.91,0.04,1.0,2.72,-0.96,0.0,4.91,1.0,0
10.05,0.0,1.0,0.0,0.0,0.0,3.0,1.51,14.0,21.65,0.22,-1.02,76.0,3.02,0.0,11.61,1.49,4.03,-0.54,-6.7,-6.68,-1.47,0.51,0.0,3.0,0.49,1
0.0,0.0,1.0,-0.76,0.0,0.0,1.0,-0.76,-0.76,-4.07,2.59,0.0,-66.78,3.76,-1.28,2.52,1.0,0.67,0.76,2.76,1.0,0.04,1.0,0.0,0.24,1.24,0
0.0,0.84,0.16,0.0,0.0,2.84,1.0,2.0,3.69,3.69,0.23,0.0,95.62,2.0,0.84,1.16,1.0,2.43,0.0,1.0,1.0,1.07,0.0,0.0,2.84,0.0,0
4.08,-0.51,2.0,1.51,0.0,1.03,2.54,8.97,4.46,5.13,0.15,2.0,80.24,1.0,-0.51,5.62,1.51,7.13,2.0,1.0,1.0,1.95,0.51,0.0,3.54,2.54,0
0.0,0.0,1.0,0.0,1.0,6.0,1.0,0.0,0.0,1.0,0.39,10.0,0.0,1.0,0.0,10.42,1.0,1.88,2.17,11.0,1.0,1.25,-0.08,0.0,1.58,0.42,0
0.0,0.0,1.0,0.0,0.0,1.0,1.0,0.0,-1.18,-9.34,3.94,0.0,-62.03,1.0,1.0,-1.59,2.8,3.78,5.8,3.0,1.0,0.49,0.0,0.0,3.0,-0.8,0
1.53,1.58,2.05,0.0,0.0,5.16,1.0,0.53,4.05,3.95,-0.45,1.0,31.79,2.53,0.0,5.58,0.47,9.97,4.05,2.0,1.0,2.94,1.53,0.0,4.11,0.0,1
1.0,0.0,1.0,0.7,2.0,11.48,1.0,0.0,2.09,5.87,-0.12,4.0,43.8,1.7,0.0,10.48,0.3,1.74,0.7,2.7,1.0,0.46,0.0,0.0,1.7,0.7,0
7.69,0.0,3.05,5.1,0.51,6.46,3.0,0.51,5.64,7.03,1.53,0.0,145.13,1.0,-2.08,5.03,1.51,-11.54,0.0,1.51,1.0,0.32,1.0,0.0,-0.54,0.0,0
-4.37,0.0,1.0,0.45,-1.64,4.0,2.0,0.55,4.09,16.45,0.8,3.45,5.79,3.0,0.0,17.72,2.0,0.97,0.0,2.64,1.0,-1.59,1.0,0.0,4.45,3.45,1
0.0,2.0,1.0,-0.67,0.0,-2.0,1.0,0.0,2.0,2.0,3.77,-4.0,-33.33,0.0,2.0,-5.0,0.0,3.78,1.33,0.67,1.0,0.58,0.0,0.0,2.67,0.0,0
1.0,0.0,2.0,0.0,-0.61,5.0,1.0,2.0,8.61,10.21,1.17,-9.09,69.0,2.61,1.0,-0.03,1.0,2.89,-0.21,-6.88,-289.37,0.57,-0.61,0.0,3.21,1.0,0
5.27,0.0,-0.75,0.75,1.51,-2.26,1.0,0.0,26.0,0.75,-1.16,0.75,67.78,0.75,2.0,6.78,0.0,1.13,0.75,0.0,0.0,1.07,0.0,0.0,0.25,1.51,0
0.0,0.0,1.0,1.54,0.0,4.46,4.22,-0.54,3.0,15.98,0.97,0.54,89.83,2.54,0.0,8.15,1.0,1.88,1.0,1.0,1.0,0.53,0.54,0.0,3.0,1.54,1
24.17,0.0,5.43,7.01,0.86,-4.29,1.0,10.86,12.86,-1.72,-0.8,2.0,91.59,0.14,0.0,-1.57,1.86,10.67,2.0,1.0,1.0,2.92,0.86,0.0,2.0,2.72,1
1.0,0.0,2.0,0.0,1.0,5.03,1.0,0.0,-1.03,3.06,1.76,0.0,0.0,1.0,2.57,0.51,0.49,14.26,-2.06,-0.54,1.0,1.94,0.0,0.0,3.51,0.0,0
1.0,-0.8,4.4,0.8,1.0,0.0,1.0,0.0,0.8,2.6,-0.31,3.2,20.0,3.4,-1.6,-0.8,1.8,4.0,0.8,3.4,1.8,4.1,-0.8,0.0,5.4,0.0,0
-4.17,-0.83,-0.67,1.0,-1.67,8.83,2.17,0.0,-9.18,3.5,4.49,0.0,36.56,1.0,6.01,1.5,0.17,21.88,-0.83,0.17,1.0,-0.68,1.0,0.0,3.5,-0.83,0
0.6,0.0,-0.19,-0.6,0.6,4.17,1.0,0.0,-1.19,0.21,1.7,2.38,-34.55,2.0,0.0,5.57,0.4,-1.88,-1.19,2.6,1.0,-0.89,1.0,0.0,-0.19,1.0,0
0.0,0.0,3.79,1.0,5.72,4.94,1.0,0.0,1.21,7.15,0.8,-1.57,58.0,-0.57,0.0,-0.57,2.0,4.37,1.21,0.21,1.79,1.7,0.0,0.0,3.0,0.0,0
-26.9,0.0,0.0,-6.98,-1.0,3.99,1.0,1.0,-7.96,-2.98,1.52,3.99,-11.78,3.99,0.0,0.01,0.0,0.12,1.0,3.99,2.0,2.26,-1.0,0.0,3.0,-2.99,0
2.57,2.57,0.36,-2.57,-3.21,-4.14,3.57,1.64,8.99,10.28,0.51,0.07,5.14,2.64,0.0,9.21,2.64,1.44,1.72,18.0,16.0,4.07,0.64,0.0,1.64,1.64,1
0.0,0.0,2.28,0.64,0.64,0.64,1.0,0.0,2.28,3.93,0.08,0.0,37.22,1.36,0.0,1.79,1.64,4.1,2.0,-0.57,1.0,2.14,0.0,0.0,2.28,0.0,0
3.0,1.4,0.3,0.0,0.0,2.0,5.0,0.0,11.3,12.5,2.31,3.0,70.0,2.3,1.4,22.0,0.6,2.6,0.3,1.3,1.0,1.4,1.0,0.0,1.0,0.0,1
-0.99,2.97,2.98,0.0,-0.99,5.94,-0.98,-0.99,-1.97,-18.78,1.12,2.0,-30.68,2.01,0.0,-10.86,1.0,6.76,5.97,3.99,1.0,1.97,0.0,0.0,2.98,0.0,0
5.63,2.0,1.0,0.94,0.94,0.0,4.75,4.69,2.81,38.45,2.97,0.94,90.02,1.88,2.0,29.13,0.0,-0.02,-1.88,-0.94,1.0,-0.27,0.23,0.0,6.69,5.63,1
-0.66,-0.66,1.0,2.66,0.0,1.99,2.32,2.0,-0.65,14.0,1.19,0.0,106.12,3.0,0.66,18.66,0.34,2.19,1.0,0.34,1.0,-0.1,1.66,0.0,0.34,0.68,1
0.0,0.0,1.0,0.0,0.0,-2.81,1.96,2.96,7.78,14.51,-0.95,0.96,117.38,0.07,0.96,9.7,1.96,9.97,-0.96,-0.93,0.04,0.08,0.96,0.0,2.96,3.85,0
3.81,0.0,1.0,0.64,0.64,5.64,3.54,2.54,2.54,29.68,5.34,0.0,60.98,0.64,0.73,22.23,0.64,3.67,0.09,0.0,1.0,0.3,1.16,0.0,4.54,3.81,1
0.0,0.0,1.0,0.0,0.0,0.0,2.0,-0.7,1.0,6.7,0.89,0.7,0.0,2.0,-1.4,8.21,2.0,1.85,0.3,1.7,1.0,0.33,0.7,0.0,1.7,0.0,0
-5.53,-2.77,1.0,-0.69,0.0,-1.07,-1.77,0.31,-9.68,-11.06,2.13,2.0,-55.31,2.0,0.0,-2.3,1.31,8.0,9.91,18.0,16.0,4.52,-0.69,0.0,-1.07,-1.07,0
-15.29,0.0,-2.35,-3.7,0.59,4.7,1.0,-0.59,-6.47,-3.53,0.92,2.35,-51.17,1.0,0.0,2.35,0.41,-2.58,-0.59,0.59,0.0,-0.97,-0.59,0.0,2.82,-1.76,0
0.83,-0.83,1.83,0.0,0.83,2.48,1.0,1.0,-4.13,-3.13,1.75,1.0,-51.27,2.0,2.0,0.0,1.0,1.7,2.17,1.0,1.0,1.24,0.0,0.0,2.0,0.0,0
6.82,0.0,1.0,0.0,0.0,3.05,2.95,0.97,10.71,10.74,1.72,-0.97,58.43,4.0,0.0,5.92,1.97,-2.45,-0.95,3.0,2.0,-0.8,-0.97,0.0,2.97,0.97,0
-4.08,0.18,-0.63,0.82,-1.63,5.9,1.82,0.0,-5.98,5.37,2.46,0.0,73.6,1.0,1.82,0.0,1.18,0.23,-0.63,1.0,1.0,-0.26,0.82,0.0,3.0,-0.82,0
-9.03,0.0,-0.81,-3.82,-0.6,4.0,2.0,-0.6,-3.02,15.8,0.78,4.0,2.03,3.0,0.0,19.8,2.0,0.28,0.0,1.0,1.0,-0.51,1.0,0.0,5.6,4.0,1
-0.99,0.0,1.99,-0.99,0.0,0.0,2.0,-7.92,6.99,16.97,0.41,3.97,63.06,2.99,1.0,14.97,2.0,4.84,-1.98,1.99,1.0,-0.02,1.99,0.0,2.01,4.99,1
0.0,0.0,1.38,0.62,6.0,4.38,1.0,-0.62,0.0,4.77,1.04,0.0,0.0,-0.85,0.0,-2.47,1.0,1.6,1.38,0.77,1.38,-0.48,0.0,0.0,2.23,0.0,0
0.0,0.0,4.28,1.82,0.0,9.64,3.0,0.0,-20.47,7.64,3.65,3.28,120.47,3.46,-0.64,4.82,1.82,3.87,1.64,4.28,2.64,2.66,1.0,0.0,3.46,0.0,0
1.0,-0.63,1.0,1.0,0.0,6.27,1.63,0.0,-1.9,0.1,0.62,7.0,26.74,2.0,0.0,15.53,1.63,2.15,2.27,1.63,1.0,2.07,1.0,0.0,-0.27,0.0,1
-2.04,0.0,1.0,0.0,0.0,0.68,1.0,0.68,-1.36,0.64,2.33,-1.36,-38.78,3.68,1.0,-5.12,1.0,0.42,0.68,1.32,1.0,1.41,0.32,0.0,0.32,0.64,0
4.0,-0.99,2.0,5.0,5.0,11.99,1.0,1.98,-0.99,-3.94,0.53,3.0,68.05,1.99,-0.99,8.98,0.01,4.21,1.01,1.0,1.0,1.71,0.0,0.0,2.01,2.0,0
0.0,0.0,1.0,-1.77,0.0,0.0,1.0,-1.77,-0.77,-8.62,3.27,0.0,-66.36,2.12,0.0,-13.04,1.0,1.95,2.88,4.88,1.0,1.35,0.12,0.0,5.88,-1.77,0
0.0,1.06,1.94,1.0,1.0,1.0,1.0,-0.53,-1.72,2.41,2.46,-2.66,24.0,-0.06,1.06,-1.13,1.47,2.91,2.0,-0.06,1.0,0.61,-0.53,0.0,3.53,-1.06,0
-2.87,0.0,0.04,0.0,-0.96,-1.92,1.96,1.92,-2.87,13.5,0.59,1.04,-14.37,3.92,0.0,2.17,0.04,1.16,0.08,1.04,1.0,-1.51,1.96,0.0,3.96,0.0,0
0.0,1.0,1.0,0.95,0.0,11.75,1.0,0.0,2.85,6.65,2.81,0.0,59.81,0.95,2.0,7.7,-0.95,1.74,1.0,1.0,1.0,-0.51,1.0,0.0,2.9,0.95,0
0.0,0.87,1.0,0.0,0.0,0.87,2.0,1.0,7.75,18.37,0.33,1.0,117.18,1.13,1.87,6.63,2.87,9.8,-0.87,0.13,1.0,0.04,1.0,0.0,4.75,4.0,0
4.0,0.0,2.0,5.0,5.0,11.94,1.0,1.87,0.94,1.0,0.87,3.0,95.41,1.0,8.43,6.06,1.0,6.37,0.13,0.06,1.0,2.14,0.62,0.0,5.81,2.94,1
10.0,0.0,0.33,1.0,3.0,1.0,1.0,0.0,0.67,1.33,-0.19,2.33,127.91,3.33,0.0,16.98,0.33,4.47,0.33,2.33,1.0,2.72,0.67,0.0,2.67,3.33,1
0.0,2.0,1.0,0.0,0.0,2.12,1.0,-1.42,-1.42,-0.71,4.71,0.0,-35.4,1.42,2.0,1.71,0.0,-0.35,0.71,1.42,1.71,0.24,0.0,0.0,2.0,0.0,0
0.0,0.0,1.0,0.0,0.0,2.0,0.13,1.13,-2.37,-8.48,0.63,-0.87,-11.15,2.0,-0.87,-3.24,0.13,-4.88,1.75,1.87,1.0,1.64,-0.87,0.0,0.25,-3.49,0
0.6,1.0,1.6,0.0,1.2,5.81,1.0,0.0,-12.65,7.6,0.94,2.41,54.0,1.6,-0.2,4.21,2.6,2.8,1.0,2.2,1.6,1.1,0.0,0.0,3.0,0.0,0
0.0,-0.65,0.35,0.0,0.0,2.35,1.0,0.0,13.63,1.11,1.9,0.0,-40.24,0.35,7.3,1.0,0.35,26.48,0.35,-0.65,0.35,0.86,0.0,0.0,2.7,0.0,0
4.6,0.0,2.6,4.4,5.0,11.6,0.4,1.19,2.98,-3.77,0.89,0.62,80.34,0.4,0.6,-3.72,0.4,6.06,2.6,1.0,1.0,3.21,-0.6,0.0,1.21,0.21,0
0.54,1.0,1.54,0.54,0.0,1.0,1.0,5.42,6.25,5.92,-0.49,1.08,92.51,1.0,1.0,0.54,1.46,6.3,1.54,1.0,1.0,1.58,0.0,0.0,3.54,0.54,0
7.08,0.0,1.0,0.0,0.0,0.11,3.11,1.0,13.2,15.0,0.26,0.0,76.46,2.11,0.0,8.83,1.89,3.62,0.89,1.89,1.0,0.81,0.03,0.0,2.77,1.23,0
0.0,0.0,1.0,0.0,0.0,0.2,1.0,0.2,0.8,0.0,1.63,2.0,0.0,1.2,0.0,4.39,2.0,3.8,3.8,19.61,16.0,4.28,0.8,0.0,3.41,1.0,0
4.54,-0.91,1.91,0.0,1.82,1.91,1.91,0.0,5.54,3.82,0.89,0.91,19.99,1.0,-0.91,23.17,2.0,4.45,2.91,2.0,1.0,1.62,0.0,0.0,0.09,0.0,0
0.0,0.0,1.0,0.53,0.0,3.63,1.0,2.0,2.58,6.21,1.11,0.0,58.12,2.0,9.0,3.15,1.0,-1.07,-4.73,1.0,1.0,0.35,0.67,0.0,6.05,1.53,1
0.0,0.0,0.0,1.0,1.0,3.99,2.0,0.0,5.0,13.98,-0.1,3.99,120.92,4.0,0.0,20.97,1.0,2.16,0.0,1.0,1.0,0.13,1.0,0.0,5.0,4.99,1
0.0,2.0,1.0,0.0,0.88,8.42,1.0,3.12,3.0,0.88,0.92,8.07,44.0,0.12,1.0,6.42,0.12,2.07,-0.77,-6.19,-12.26,-1.82,0.44,0.0,1.0,0.0,0
0.0,2.52,1.0,0.0,-0.5,0.5,0.5,0.5,7.04,-5.04,0.61,0.0,0.5,1.5,0.5,-1.54,1.0,3.64,2.0,2.5,1.0,1.74,-0.5,0.0,-0.01,0.0,0
0.0,3.08,1.0,0.0,0.0,2.85,1.0,1.0,2.0,-0.23,2.33,0.0,0.0,1.38,4.31,2.38,-0.23,13.31,10.85,4.62,1.0,0.0,0.0,0.0,1.62,1.0,0
0.0,0.58,1.0,0.0,0.0,0.42,1.0,-1.17,2.58,3.91,2.61,0.0,2.33,0.42,1.58,-1.17,2.58,5.58,5.58,3.0,1.0,0.25,0.0,0.0,3.58,0.0,0
-1.9,2.28,1.55,0.0,0.0,10.35,0.28,1.0,-5.97,-5.07,0.76,2.9,-25.09,2.0,0.0,5.17,0.28,3.62,1.55,1.72,1.0,0.51,1.0,0.0,5.0,-0.72,0
-4.35,0.0,0.33,0.54,7.78,13.78,1.0,-0.56,-6.13,0.44,1.19,3.0,22.99,1.0,0.0,5.33,0.44,4.36,2.56,1.56,1.56,1.88,0.0,0.0,3.0,2.0,0
0.0,0.0,4.0,1.0,0.0,0.23,1.0,-1.77,2.77,13.47,0.89,4.0,49.71,2.12,0.0,1.0,1.0,4.41,2.0,4.0,2.0,3.18,0.0,0.0,3.12,0.88,0
3.0,0.0,1.0,0.0,0.0,2.0,5.97,0.97,17.82,29.58,-0.54,3.0,129.16,3.0,0.0,26.85,2.0,4.16,0.03,1.03,1.0,1.71,1.97,0.0,1.0,1.94,1
3.75,0.0,1.0,0.63,0.63,1.63,3.5,4.13,1.88,27.63,0.32,0.63,60.01,4.63,0.0,22.75,1.63,1.99,-0.25,1.37,1.0,1.75,0.16,0.0,5.13,3.75,1
0.0,0.0,2.32,0.66,0.66,0.66,1.0,0.0,1.32,3.32,1.39,0.0,38.42,2.34,1.0,0.34,1.66,3.65,1.32,1.34,1.0,0.99,0.34,0.0,2.32,1.34,0
5.0,0.0,2.0,-0.9,2.0,1.1,-3.4,-0.9,7.1,-2.69,1.79,0.1,-13.92,1.0,0.0,16.4,2.0,5.82,3.8,3.7,1.0,3.03,0.0,0.0,4.7,-0.9,0
1.0,1.0,1.0,0.0,0.0,5.88,1.0,0.88,4.0,6.0,0.04,0.0,53.0,3.63,0.0,6.5,1.12,3.38,0.0,2.88,1.0,1.45,0.0,0.0,2.88,2.0,0
-2.3,0.0,1.0,0.0,0.0,-1.53,-0.53,0.77,0.16,18.07,0.32,-2.3,71.1,0.23,0.0,-7.97,1.0,1.4,-0.77,-0.53,1.0,-0.67,0.0,0.0,1.0,2.53,0
0.0,-0.73,1.0,0.0,0.0,0.27,1.0,3.46,0.27,-2.39,1.75,2.2,-14.51,3.46,8.27,8.78,0.27,3.13,0.73,1.73,1.0,-0.8,1.4,0.0,4.27,1.73,1
3.0,0.0,1.0,0.0,0.0,-1.34,1.0,2.34,3.34,9.0,-1.71,2.01,57.0,3.34,-11.4,23.38,0.33,-2.56,-5.71,2.67,1.0,0.0,0.67,0.0,0.66,0.67,1
-16.83,0.0,-1.49,-4.99,0.0,5.0,1.0,-0.62,-6.86,-0.74,6.09,9.35,-54.23,0.0,2.0,1.87,-0.62,2.2,2.62,8.1,299.56,0.22,1.0,0.0,0.75,-1.87,0
5.18,0.0,2.26,0.0,0.0,-3.7,2.48,0.26,11.44,7.44,-0.14,5.0,69.18,2.0,-0.74,7.96,1.74,3.22,0.0,2.74,1.0,0.95,1.0,0.0,1.74,2.0,0
8.0,0.0,1.0,1.0,-0.55,-1.96,1.0,0.0,0.59,1.41,0.1,1.0,90.0,2.0,0.0,9.59,1.59,2.65,0.41,0.41,0.41,2.69,0.0,0.0,2.59,2.0,0
-1.13,0.0,1.0,0.0,-0.56,1.0,3.44,0.44,7.56,11.06,0.26,0.56,85.07,2.44,0.56,20.18,1.56,6.53,0.0,1.56,1.0,0.66,0.25,0.0,1.0,5.25,0
5.94,-0.94,2.94,0.0,2.0,5.78,2.0,1.89,10.83,11.83,0.25,1.0,82.61,1.94,0.94,22.83,2.0,4.58,2.0,1.0,1.0,3.74,0.0,0.0,1.06,0.94,0
0.0,0.0,1.0,0.0,0.0,0.08,1.0,1.0,0.0,1.08,0.02,0.0,0.0,3.08,0.0,4.0,1.0,0.31,1.0,2.0,1.0,2.4,0.92,0.0,-0.76,0.0,1
-1.51,0.0,1.76,0.76,0.0,1.49,-1.03,7.56,-2.54,-9.1,1.27,-0.76,0.76,-0.51,0.0,-11.89,1.24,7.68,3.76,1.24,1.0,0.61,-0.76,0.0,1.76,0.76,0
0.81,0.0,-0.62,0.0,-0.81,6.25,2.0,0.0,0.38,1.38,1.17,5.68,6.49,1.81,0.0,13.74,1.19,2.03,2.19,2.0,1.0,0.67,0.81,0.0,-0.62,0.0,1
8.0,0.0,1.0,-1.47,0.0,0.74,5.21,0.26,17.68,15.74,0.27,0.0,79.68,2.0,0.0,10.68,2.0,3.1,0.26,2.0,1.0,1.22,-0.55,0.0,3.0,1.74,0
0.0,0.0,1.0,1.0,0.0,4.0,1.4,-0.6,-0.59,9.83,1.32,3.4,13.17,2.4,-0.6,14.43,2.0,-3.2,0.6,1.0,1.0,0.48,0.4,0.0,3.8,1.61,1
13.36,-0.89,3.56,8.12,0.89,-6.23,1.0,0.89,9.8,6.23,-2.79,0.0,78.37,1.89,-1.78,0.89,2.78,2.98,0.0,0.0,0.0,1.32,-0.89,0.0,4.0,0.0,0
7.31,0.0,1.0,-0.69,0.0,-3.45,3.0,1.0,14.69,15.69,0.72,-4.84,30.41,2.0,0.0,-1.29,2.0,3.33,0.31,2.0,1.0,-0.42,-0.69,0.0,4.38,1.0,0
0.0,0.0,1.0,0.0,0.0,-3.85,1.0,0.0,3.08,11.25,-2.23,0.0,60.1,3.77,-0.54,2.54,1.77,-0.13,-1.54,2.77,1.0,0.45,0.23,0.0,0.23,2.77,0
1.0,1.84,1.0,1.0,-0.92,5.0,1.0,0.0,0.0,1.08,3.52,-6.8,66.0,1.08,1.84,8.4,0.08,-0.17,-0.84,-11.88,-439.56,-0.04,0.08,0.0,1.92,0.0,0
15.0,0.0,5.0,8.0,1.0,2.5,1.0,0.38,11.0,8.87,3.33,-1.25,88.0,-0.25,1.25,-0.75,0.75,4.97,0.38,-10.24,-8.36,-1.64,0.62,0.0,1.62,-0.62,0
0.0,0.0,2.0,0.0,5.25,5.0,1.0,0.0,0.0,6.75,2.13,-11.19,0.0,1.75,0.0,-3.73,1.0,2.83,2.0,-6.96,-355.48,-0.49,-0.75,0.0,1.75,0.0,0
0.0,0.85,1.0,0.0,0.0,0.85,1.0,1.15,6.25,5.25,0.03,2.15,52.68,2.15,-1.7,12.0,1.0,2.82,0.3,2.0,1.0,0.0,1.0,0.0,2.85,1.0,1
2.13,2.0,1.0,0.0,0.0,1.42,3.84,0.0,8.51,9.93,2.47,2.13,49.65,0.0,1.29,15.89,0.71,1.83,0.71,0.0,1.0,1.31,0.0,0.0,2.0,-1.42,0
0.37,-2.53,2.0,1.0,0.0,3.16,-0.26,10.0,0.94,-8.85,3.85,2.0,21.67,-0.26,1.26,-2.79,-0.26,7.54,2.63,1.0,1.0,1.69,0.0,0.0,1.37,-0.9,0
0.0,0.0,2.2,-0.6,0.0,0.0,1.0,2.0,2.6,3.99,0.29,3.0,0.0,3.0,0.0,12.6,1.6,3.17,2.6,2.6,1.6,0.37,1.0,0.0,0.8,1.0,1
0.0,0.0,1.0,0.0,0.0,0.0,1.0,0.0,0.5,2.0,-0.07,2.0,0.0,1.5,-0.5,8.01,1.0,4.25,3.0,2.0,1.0,0.75,0.5,0.0,3.0,-1.0,0
-1.92,0.0,1.0,0.0,-0.92,0.0,4.85,4.81,6.85,41.44,0.33,0.0,71.77,2.96,0.0,26.01,1.96,0.52,0.04,1.0,1.0,-1.61,0.24,0.0,5.85,4.85,1
-1.28,0.0,1.0,-0.66,-1.32,0.34,1.0,2.0,0.0,12.34,0.52,9.24,-59.4,3.34,0.0,13.02,1.0,2.48,0.66,9.58,317.12,-0.08,1.66,0.0,0.34,-1.32,1
13.94,0.0,1.0,16.56,10.46,1.74,9.71,5.23,18.3,65.61,0.84,0.0,82.78,0.13,0.0,11.33,2.87,1.17,-0.74,-2.49,1.0,0.52,-0.87,0.0,-1.61,3.49,1
-6.68,-0.84,3.0,-0.96,0.0,3.12,-2.84,0.04,-11.45,-14.41,2.18,0.0,-46.85,1.04,0.0,-7.57,1.0,3.34,3.0,0.04,1.0,1.05,0.04,0.0,3.08,-2.88,0
3.79,2.0,1.95,4.73,3.79,4.73,1.0,0.0,0.0,0.0,4.09,-6.62,68.13,0.0,2.0,-2.79,0.0,3.97,0.95,-9.46,1.0,0.84,-0.47,0.0,3.89,0.95,0
-2.78,0.0,1.0,0.0,0.0,0.07,-2.71,1.0,-11.14,-10.07,2.34,-2.78,-64.97,4.0,0.0,-14.56,0.07,0.84,0.07,2.0,1.0,0.69,-0.93,0.0,4.78,0.93,0
0.0,0.0,0.0,0.0,0.91,-2.74,1.0,0.0,26.0,-3.66,-1.94,13.71,0.0,0.0,-3.49,4.57,0.0,-24.5,0.91,12.8,437.93,1.04,0.91,0.0,-1.74,0.0,1
-4.65,-0.93,0.14,0.0,-1.86,-0.93,0.07,0.93,-9.24,-2.45,0.89,1.86,-70.73,1.93,0.0,2.86,2.0,0.67,1.93,16.82,14.96,3.73,0.0,0.0,2.0,0.0,0
0.6,0.0,1.0,0.0,0.0,0.6,1.0,-1.19,1.19,3.79,0.73,0.6,-5.36,2.0,-5.36,3.38,1.0,4.43,3.79,2.6,1.0,1.59,0.2,0.0,0.21,-0.6,0
0.0,0.0,1.0,-0.54,0.0,-0.54,-0.25,0.46,6.46,12.97,0.52,0.54,6.9,2.0,0.0,6.84,2.0,2.81,1.62,1.08,1.0,0.38,0.46,0.0,0.46,1.46,0
27.71,0.0,5.0,8.0,2.43,5.71,1.0,1.0,11.0,6.29,-0.78,2.85,87.0,0.29,0.0,7.28,2.0,3.82,-0.43,1.0,1.0,1.65,1.0,0.0,2.29,3.0,1
0.0,-0.85,1.0,0.0,0.0,-4.98,1.0,0.0,1.85,4.56,-1.27,0.0,0.0,2.71,-1.71,4.15,2.85,2.5,1.15,2.0,1.0,0.75,-0.85,0.0,2.71,0.0,0
0.0,0.0,1.55,0.0,0.0,-1.66,0.45,0.0,-0.55,2.1,2.56,0.0,0.0,2.0,0.0,-1.66,1.0,8.38,8.9,0.45,1.0,0.11,0.0,0.0,1.55,0.0,0
5.0,0.0,2.0,0.69,2.0,7.53,3.38,0.0,8.0,11.77,1.8,-0.38,145.13,0.31,0.69,18.62,2.0,2.91,0.62,0.31,1.0,2.06,0.0,0.0,0.62,0.0,0
0.0,1.0,1.0,0.0,0.0,1.0,1.0,0.0,4.13,6.0,2.42,0.0,62.0,0.13,0.0,-3.49,1.87,1.39,-0.75,-0.75,1.0,-1.31,0.0,0.0,3.87,0.0,0
-20.78,0.0,0.92,-5.16,-0.77,2.0,1.0,-0.77,-7.47,-1.85,2.77,4.0,-41.97,3.0,0.0,-0.54,1.0,-0.26,1.23,3.23,2.0,1.98,-0.77,0.0,3.23,-2.31,0
0.0,0.0,1.73,1.0,0.0,3.18,7.73,1.0,-15.44,17.18,1.29,1.0,100.0,3.73,-1.45,8.91,2.45,4.84,2.18,2.45,1.73,0.73,1.0,0.0,2.0,1.0,0
-0.83,1.17,1.0,0.0,0.0,-0.13,1.0,4.0,0.52,-3.3,0.65,2.65,0.21,2.65,1.0,1.17,0.17,4.25,3.48,0.83,1.0,1.79,0.0,0.0,0.17,-1.65,0
